"f","Tt","method","replica","elapsed_time","ess_theta_01","ess_theta_02","ess_W1","ess_W2","ess_theta1_mean","ess_theta1_min","ess_theta2_mean","ess_theta2_min","ess_sec_theta_01","ess_sec_theta_02","ess_sec_W1","ess_sec_W2","ess_sec_theta1_mean","ess_sec_theta2_mean","W1_mean","W1_median","W1_var","W1_ci_lower","W1_ci_upper","W2_mean","W2_median","W2_var","W2_ci_lower","W2_ci_upper","log_lik","rmse_theta1","mae_theta1","coverage_rate_theta1","theta1_ci_width_mean"
"constant",1600,"montoril",100,79.568,74.3131343370881,287.92280243591,58.3744228023957,603.608993165732,173.895613215704,14.1228105958691,1684.83883807322,189.505201697135,0.933957549983512,3.61857533727013,0.733641951568416,7.58607723162241,2.18549684817645,21.174829555515,0.00213833074373843,0.00207009510299912,4.46422117182913e-07,0.000983611241448171,0.00343851656215404,9.77423713075875e-06,9.39551454084776e-06,6.78790303240924e-12,5.2189537734524e-06,1.49302044620058e-05,-3187.77087994722,0.131163296426374,0.0931837483721226,0.95625,0.462276013183828
"constant",1600,"montoril",101,79.957,22.947788257027,129.900545237956,96.3657294295926,594.631932490827,215.908093820884,22.8409532860406,2835.6932854603,47.2604964615087,0.28700161658175,1.62463005412855,1.20521942330994,7.43689648799764,2.7003025854007,35.4652286286417,0.00255064254894998,0.00246795540011754,5.20515471027832e-07,0.00127797828525132,0.00394962545097424,9.01126530581106e-06,8.67678065247151e-06,5.60317865044876e-12,4.89136033849754e-06,1.37994047430625e-05,-3164.44095964687,0.124797776575032,0.0835298906582102,0.95875,0.477736225141387
"constant",1600,"montoril",102,81.978,103.263829438543,378.573539624948,85.4197896391264,864.842317995623,163.635192310261,26.4349124753636,1643.17216604836,241.257483270662,1.25965294882216,4.61798945601195,1.04198430846235,10.5496879406136,1.99608666118057,20.0440626271482,0.00198661121890792,0.00188397554706355,3.91822589426778e-07,0.000926427730445672,0.00325228535010186,8.98882290641364e-06,8.66757758515633e-06,5.08938820231391e-12,5.19522339675195e-06,1.36080341949946e-05,-3184.07575481855,0.118074408684501,0.077733590128692,0.95875,0.455465962159306
"constant",1600,"montoril",103,79.796,130.538266721488,515.113268381842,135.824406042407,552.33258367616,205.765335625664,4.15654567419705,2442.61206233508,52.5636344234762,1.63589987870931,6.45537706629207,1.70214554667411,6.92180790611259,2.57864223301498,30.6107080848047,0.00256603594733168,0.00250420280908338,5.24615822315937e-07,0.00125630579400921,0.00405059778503305,9.81458789808062e-06,9.39994419977883e-06,7.31419895588027e-12,5.30379702228129e-06,1.51535853427279e-05,-3153.70032396776,0.129532243327551,0.0957508480598346,0.960625,0.484942437961912
"constant",1600,"montoril",104,82.373,112.727854379101,529.507123269407,88.3996838588436,501.539280948821,180.930055704729,11.5551576693484,2032.39223725037,60.1879097496365,1.36850490305199,6.42816363698551,1.0731633406437,6.08863682212401,2.19647282124882,24.6730389478394,0.0022879353816223,0.00218646916663731,4.72406992359799e-07,0.00105359469287266,0.00362844770758985,9.51930976583316e-06,9.11514950588156e-06,6.64543832439902e-12,5.28136671643437e-06,1.46077491666861e-05,-3170.13607367305,0.136874609264919,0.095688359176406,0.95875,0.471240199785017
"constant",1600,"montoril",105,82.234,97.7983564157484,263.798351728534,106.362790642715,493.017163399497,131.397430263731,13.4453380108057,1094.40738327529,40.0941756493732,1.18926911515612,3.20789882200226,1.29341623468048,5.99529590436434,1.59784797363294,13.3084537207881,0.00159373449360609,0.00154776511825546,1.99297878960342e-07,0.000791861153928296,0.00244844392019074,8.9354483118067e-06,8.56168611130004e-06,5.5738898072461e-12,5.04127609702542e-06,1.36728738628449e-05,-3164.56776382984,0.138979660927667,0.0929389253062237,0.94,0.438040264016541
"constant",1600,"montoril",106,80.898,178.225062441795,719.937410265651,84.9558853581633,861.74276390305,202.199833027762,5.76729447497459,2585.41067487246,365.664355867146,2.20308366636746,8.89932273066888,1.05016051519399,10.6522134527807,2.49944167998915,31.9588948413121,0.00249348384968984,0.00240174242600666,5.55865190540337e-07,0.00117998172331013,0.00394100282170954,8.89941271584473e-06,8.53403888096167e-06,5.5159832740919e-12,4.94183144184101e-06,1.36113702423051e-05,-3198.42957405752,0.121050150766523,0.0819662286806753,0.959375,0.477034740588092
"constant",1600,"montoril",107,80.063,55.414435332143,241.579006736303,93.7771530768162,544.035787476503,142.495059120768,13.6821770129272,1296.89169072967,103.492183946387,0.692135385036071,3.01736141209177,1.17129202099367,6.7950962051947,1.7797866570172,16.198389902073,0.0018013570639873,0.00174733067820133,2.54913106226245e-07,0.000911042624578336,0.002808098046729,9.08979749681967e-06,8.74670040252859e-06,5.83028438450924e-12,4.96133398510913e-06,1.38983489956961e-05,-3140.80921778557,0.131195286421066,0.095021589233608,0.943125,0.448818458835943
"constant",1600,"montoril",108,83.156,186.589766829723,744.714258088913,95.0779186036272,548.0764008212,191.358491471666,40.8972171853273,2142.09214087424,273.783114323402,2.24385211926648,8.95562867488712,1.14336811058285,6.59094233514359,2.30119884881026,25.7599228062225,0.00240771363600136,0.00229448005051387,5.54675254701487e-07,0.0010857733674954,0.00383515056034609,9.28743466597259e-06,8.89623497954436e-06,6.25060307317251e-12,5.0005990459082e-06,1.42532377475318e-05,-3137.82551451034,0.120481766120184,0.0836577928582893,0.96875,0.479992359784824
"constant",1600,"montoril",109,80.731,49.8820857473576,266.622153449048,105.64388843488,798.060989779168,158.304357364773,9.45374774520434,1538.136776483,88.197898723058,0.617880191591305,3.30259941594985,1.30859135195749,9.88543421708103,1.96088686334584,19.0526164234681,0.00192509976923228,0.00185976178218875,3.03298137623358e-07,0.000965094651739352,0.00299619590810979,8.7436127380302e-06,8.44354329758551e-06,4.79795028447263e-12,4.94796050678476e-06,1.31770180057392e-05,-3149.61681799849,0.125116657845042,0.0826169990542402,0.940625,0.45562208812772
"constant",1600,"montoril",10,80.011,79.0368873719586,409.272386100019,83.2337405508718,842.6735736033,190.972154691096,38.8352401606138,2118.69435065395,169.394567043325,0.987825266175384,5.11520148604591,1.0402787185621,10.5319715239567,2.38682374537371,26.4800383778974,0.00240124575135447,0.0022668054102519,6.21108836122681e-07,0.00112321604780718,0.00397149455609573,9.23854165698185e-06,8.8884047117692e-06,5.88625919462847e-12,5.0738174022312e-06,1.40766339061976e-05,-3205.69116181331,0.125351535421235,0.0892126759012574,0.955,0.475010307656833
"constant",1600,"montoril",110,81.756,75.7755467006488,252.116373873012,74.6213807660379,569.580929574175,167.169179242912,7.30713838139803,1658.4904543693,50.9720382075906,0.926849976768051,3.08376600950404,0.912732775160696,6.96683949281001,2.0447328543827,20.2858561374003,0.00205245368697108,0.00197789712415067,2.97594972705904e-07,0.00110920958454483,0.00314455525730812,9.17607559514217e-06,8.83696106376155e-06,5.49886535201793e-12,5.18927108277984e-06,1.39939169964348e-05,-3145.15492262403,0.128761831336786,0.0901958491542739,0.95875,0.465140123446572
"constant",1600,"montoril",111,81.939,114.88991660265,463.011008257945,70.1743229700148,422.398449955767,198.520525506636,25.2654339839906,2047.81462129235,262.437824084039,1.4021395990023,5.65067926454979,0.856421520521544,5.15503545266316,2.42278433354857,24.9919406057232,0.00242455474830321,0.0023640049892585,5.2171025081562e-07,0.00101392653193933,0.00382260294378793,1.0581550044869e-05,1.01419350409702e-05,8.87588734141079e-12,5.57386880378667e-06,1.65051218334446e-05,-3145.99164079225,0.125687789518039,0.0934503865483175,0.965,0.480733938920842
"constant",1600,"montoril",112,79.481,62.5213451610459,286.624137554575,83.7501391456725,766.701437002441,191.173688457745,45.5955168249738,2207.2126411985,188.74036781273,0.786620011839885,3.60619692196342,1.05371270046517,9.64634864939345,2.40527532942143,27.7703179526994,0.00244617359828898,0.00235162552017852,5.71734842310065e-07,0.00113264937300797,0.00397878674764262,9.14183107504794e-06,8.75153360395203e-06,6.02677699648065e-12,5.0651642119995e-06,1.41646347650465e-05,-3179.9417416248,0.121737268902468,0.0862925758630504,0.97125,0.479247320686984
"constant",1600,"montoril",113,82.678,90.3513284603127,532.721164669184,67.2476860033085,649.420476996499,153.267896479977,23.6925584645122,1563.75504313638,40.7414379057568,1.09280979777344,6.44332427815361,0.81336856241453,7.85481599695807,1.85379298580005,18.9137986300633,0.00197509518735519,0.00185923856810615,3.95034259576394e-07,0.000947867654038145,0.00324919934451062,8.84469190417485e-06,8.49836472337045e-06,5.28234352796611e-12,5.0191266287186e-06,1.35974461737552e-05,-3133.94675048464,0.12636058227087,0.0839329358357616,0.92875,0.456112110710679
"constant",1600,"montoril",114,80.309,152.223816530525,482.18790101374,95.4916394641431,762.263317292093,188.113375848178,9.37369892356189,2066.23890180904,198.317308882533,1.89547642892485,6.00415770354183,1.18905277695082,9.49163004510195,2.34236979476992,25.7286095183484,0.00228093936837018,0.00221162013267705,4.35727366836567e-07,0.00111135858664138,0.00359050188523015,9.49179101576451e-06,9.11831224412161e-06,6.39513426711289e-12,5.23497073252857e-06,1.4656672635666e-05,-3165.33416241139,0.12932483969153,0.0902825710949428,0.9675,0.465859393167071
"constant",1600,"montoril",115,82.281,68.6878381280447,308.279274528684,110.594581310731,464.292060245841,176.119582267629,34.6392762932864,1989.8850702806,237.514532771074,0.834795859652224,3.74666416947636,1.34410837630474,5.64276151536613,2.14046477640803,24.1840166050558,0.00223477994237135,0.00214199659362653,4.00446448961337e-07,0.0011085702309083,0.00353984825597223,9.17995289283293e-06,8.85270212641009e-06,5.7731689406197e-12,5.00819217703783e-06,1.40024502759918e-05,-3145.27859419196,0.127377635023025,0.0931406752929809,0.946875,0.472256504452604
"constant",1600,"montoril",116,82.16,114.974464756861,654.642168710824,65.9597846704225,615.063016325549,180.138759783416,15.0937781642077,1888.50565678705,235.821978419932,1.39939708808253,7.96789397165074,0.80282113766337,7.48616134768195,2.19253602462775,22.9857066308064,0.00223213851374376,0.00213355771535651,4.73375234074615e-07,0.00106319857190068,0.00360544765614742,9.12285078480798e-06,8.80603166280626e-06,5.57848140409174e-12,5.00432297297097e-06,1.3953686522575e-05,-3140.77264190099,0.1205922692378,0.0880503852568722,0.964375,0.471830056679736
"constant",1600,"montoril",117,79.562,64.4521893265046,199.829074395116,77.3797008012708,803.376143979806,181.580009757841,7.22781664449073,1862.97633172568,35.9393686289583,0.81008759617034,2.51161451943284,0.972571086715653,10.097485533041,2.28224541562355,23.4154034806274,0.00219823246299773,0.00208212182200883,5.15823160925454e-07,0.00103488018193184,0.0036377419704306,9.18395862443994e-06,8.85076057204116e-06,5.63688749278224e-12,5.06105851206577e-06,1.38755685164712e-05,-3144.98711677597,0.122209057573457,0.087496967054006,0.96375,0.468168734818233
"constant",1600,"montoril",118,79.525,120.573664033644,364.724612258315,89.0772939321921,458.06634054257,181.114476203437,40.2524232236631,1874.28905372663,165.670872920617,1.5161730780716,4.58628874263835,1.12011686805649,5.76002943153184,2.27745333169993,23.5685514457923,0.00220332923916462,0.00214100672332442,4.5644342161417e-07,0.000946376841155142,0.00355824263510954,9.28178512741889e-06,8.92899523223484e-06,5.95346018060704e-12,5.090083630834e-06,1.42330031340601e-05,-3164.71191306801,0.122290697278784,0.0866200362478472,0.963125,0.463532730760429
"constant",1600,"montoril",119,79.768,102.934708679452,519.817800554175,71.422910922855,937.750936975709,182.996481269123,16.5995544592548,2076.51969309071,45.5396000244344,1.29042609416624,6.51662070697742,0.895382997227647,11.7559790514456,2.29410893176615,26.0319889315353,0.00220868626209842,0.00208520598548563,4.5504325815822e-07,0.00113787611681484,0.00361021978738227,8.92749116365702e-06,8.57208228450583e-06,5.64251611534322e-12,4.87836634894561e-06,1.37306692993852e-05,-3154.62222755118,0.123528062732556,0.0834724612364388,0.948125,0.461901588646284
"constant",1600,"montoril",11,80.16,93.0384905878784,346.659606850605,106.500418476425,682.931268100911,173.285460803946,29.2956723121385,1806.9342285638,160.941599706461,1.16065981272303,4.32459589384487,1.32859803488554,8.51960164796545,2.16174477050831,22.5415946677121,0.00214827895537814,0.00205320030829002,3.97867060625272e-07,0.00102630956205882,0.0034316626570563,9.43502999125454e-06,9.02533608270288e-06,6.64159428705526e-12,5.19923487123388e-06,1.46838486155592e-05,-3190.60457721493,0.117158354910789,0.0814853273400172,0.968125,0.465120096848919
"constant",1600,"montoril",120,79.784,196.520686989597,925.311868584778,103.155862396775,773.15046366331,205.4854824031,41.7284289308358,2345.69604635539,289.727760886047,2.46315911698582,11.5977121801963,1.29293921584246,9.69054526801502,2.57552244062845,29.4005821512508,0.00245689620557142,0.00236316769434353,5.34577639296809e-07,0.00119074709386024,0.0039172925017454,9.38953319632246e-06,9.02448585292432e-06,6.41647917772078e-12,5.07933765089793e-06,1.44541371724464e-05,-3177.96037061661,0.121391758939344,0.0816518099340091,0.9475,0.477209866905277
"constant",1600,"montoril",121,79.728,93.3256785632108,354.730155584242,106.632786313339,562.633324484358,195.006743406272,20.7979408788081,2202.40755327202,130.383851070361,1.17055085494695,4.44925440979633,1.3374571833401,7.05691005022524,2.44590035378126,27.6240160705401,0.00235620150144968,0.00226543296405866,4.60530221761498e-07,0.00120968652595216,0.0037138194209498,9.36223167292389e-06,9.03935656746128e-06,6.03526278922632e-12,5.12404422578554e-06,1.42431748321701e-05,-3181.17653643845,0.127921577209723,0.0912896819720029,0.9425,0.468080057153008
"constant",1600,"montoril",122,79.65,123.192280293179,515.279646113626,34.8004334542401,594.28762022149,219.678461820648,24.6918537142108,2651.91119489174,384.497652881314,1.54667018572729,6.46929875848871,0.436916929745639,7.46123816976133,2.75804722938667,33.2945536081826,0.00270954556351215,0.00258451939718593,8.3292237306512e-07,0.00110252173246266,0.00450203708440154,9.82379904757772e-06,9.43919589667348e-06,6.95380400012289e-12,5.23691728280407e-06,1.51579706059797e-05,-3195.21582261134,0.121580809283629,0.0892657979014158,0.964375,0.48500568942635
"constant",1600,"montoril",123,82.262,101.77834544934,280.924484982201,69.4449326288158,555.12492503896,173.160743874124,14.3741620134388,1635.74509034594,112.449075248187,1.23724618231188,3.41499702149475,0.844192125511364,6.74825466240743,2.10499068675845,19.8845772087469,0.002151334509459,0.00204475482496423,4.91603870632683e-07,0.000954852791125797,0.00352237599819484,1.01263420199514e-05,9.69941490272498e-06,7.80219795998428e-12,5.41074440674689e-06,1.55484171842067e-05,-3122.87313226277,0.120532650159561,0.0846674492993407,0.955,0.46901612561286
"constant",1600,"montoril",124,79.219,84.6451153167039,327.612758220957,61.2203873716638,780.828570247305,134.835836517514,10.8609649466311,1178.8093293928,133.077540709762,1.06849512511776,4.13553261491508,0.77279929526583,9.85658200996359,1.70206435978129,14.8803863895379,0.00169874582390288,0.00160710157727939,2.8944984785989e-07,0.000799606515490642,0.00275866702882217,8.39672512313177e-06,8.10841062609567e-06,4.11414378729251e-12,4.86889738085333e-06,1.25198387953304e-05,-3140.94423235655,0.127008775939001,0.0874839907092832,0.9225,0.447900415697318
"constant",1600,"montoril",125,79.86,94.0693263300486,317.89758208248,106.555954982103,670.654530021718,150.898773221416,5.0572895963505,1438.56479457754,59.2071594066408,1.17792795304343,3.98068597648985,1.33428443503761,8.3978779116168,1.88954136265234,18.0135837037007,0.00180654560764808,0.00174637430226358,2.52740193809113e-07,0.000929860522446037,0.00278613892408892,8.79134498410497e-06,8.47965615073216e-06,5.04405762989755e-12,4.99175901095974e-06,1.32859675006389e-05,-3153.18604743543,0.122216628268923,0.0825271904245088,0.95125,0.448036632298123
"constant",1600,"montoril",126,79.173,116.189093546343,500.791288142821,106.679622942366,708.23316571148,166.832807198,38.9477386660757,1587.51167861435,141.365202288628,1.46753430520939,6.32527867003677,1.34742428532916,8.94538751482804,2.10719319967666,20.0511750042862,0.00195671226897768,0.00188490645233181,3.42577478995824e-07,0.000942613413162512,0.00309441109898927,9.1305346645585e-06,8.81301463358338e-06,5.49778320487251e-12,5.04695474770592e-06,1.38011162928231e-05,-3146.1902546869,0.119065035806656,0.0818857693070719,0.95875,0.455636330589605
"constant",1600,"montoril",127,82.395,55.0008459490529,265.026280791234,126.940121999257,716.080706661772,154.333574471601,9.79302736367793,1532.6152095007,181.661177106454,0.667526499776114,3.21653353712281,1.54062894592216,8.69082719414737,1.87309393132594,18.6008278354354,0.00189116439840066,0.00183943495783432,2.88515260302352e-07,0.000946301807000227,0.00292967037994939,8.66378858545461e-06,8.32827561947641e-06,4.84040787852053e-12,4.89879368251108e-06,1.30720013791003e-05,-3170.58223857425,0.128160896165109,0.0871794658205098,0.95,0.451471536315535
"constant",1600,"montoril",128,80.742,121.37931294991,392.07437957852,101.918197498195,688.733070835767,233.115879112861,16.3493340941199,3214.13920616172,128.693654669946,1.50329831995628,4.85589135243764,1.26226991526337,8.53004719768852,2.88716998727875,39.807525280049,0.0029276298885828,0.0028274276750389,6.56406995039224e-07,0.00153142882989562,0.0045809052190492,9.96171118119376e-06,9.54058331058739e-06,7.88173972798027e-12,5.26022175878429e-06,1.54422838758286e-05,-3137.71764523158,0.127674294902424,0.0929365817115925,0.976875,0.49407903390321
"constant",1600,"montoril",129,79.688,135.643958751914,493.772511392389,85.9757487295891,624.996512546966,182.963371198878,8.5083818671348,2016.60152900347,82.877456046048,1.70218801766783,6.1963220483936,1.0789045870092,7.84304427952722,2.29599652643908,25.3062133445873,0.00235065151647255,0.00224600277263814,5.1716936370168e-07,0.00115772264909585,0.00383166595948247,9.49274715003398e-06,9.10985894747881e-06,6.65241919887435e-12,5.06090700592774e-06,1.46483521638905e-05,-3192.50154552391,0.120758774545137,0.0839162416687407,0.961875,0.472971697963081
"constant",1600,"montoril",12,82.205,81.5489809113647,383.335485375762,86.1753988014228,576.319886017195,144.772743916839,6.92867536136538,1377.07130887714,44.2722152099461,0.992019717916972,4.66316507968812,1.04829875070157,7.01076438193778,1.76111847110077,16.7516733638725,0.00183435213148794,0.00176108862379572,3.25600164156365e-07,0.000823764180399796,0.00296839079723586,8.75237190016545e-06,8.46002166985569e-06,4.76671217915598e-12,4.96222234025089e-06,1.32392818335898e-05,-3169.5288793893,0.128320716242609,0.0912596624330625,0.95,0.448717604661511
"constant",1600,"montoril",130,80.022,181.987582924775,575.199387868218,72.7835681525379,703.455195881261,208.968308655547,44.7921368090552,2546.84164015469,428.034427129816,2.27421937623123,7.18801564405061,0.9095444771755,8.79077248608209,2.61138572711938,31.826768140695,0.00261555693086867,0.00254202347801827,6.47498132844646e-07,0.00121380550670578,0.00419116122215387,9.99778870281467e-06,9.55719770195269e-06,8.07738474499724e-12,5.24959475936215e-06,1.57779849915914e-05,-3110.09175711329,0.126211704715867,0.0925139883281773,0.958125,0.485822820064777
"constant",1600,"montoril",131,79.303,79.723715000458,293.315019968003,72.7174387311798,527.985935274925,152.689206134699,10.9330384381392,1478.3862898758,192.47147358683,1.00530515870091,3.69866234528332,0.916956971756173,6.65783053951206,1.92539003738445,18.6422492197748,0.0018994160469279,0.00182483514184381,3.42571364579238e-07,0.000837599995493584,0.00304739069314921,8.6853676458177e-06,8.36657135656129e-06,4.86975173419343e-12,4.88847154651565e-06,1.3066935394414e-05,-3187.28863916149,0.121761100544765,0.0836219156511444,0.95625,0.450476953518888
"constant",1600,"montoril",132,82.413,152.638470876328,512.742491847207,53.5017655859707,541.265954161972,212.744462170593,30.5767800137297,2633.94055483155,279.250180092325,1.85211642430597,6.22162148990095,0.649190850787748,6.56772540936469,2.58144300256747,31.9602557221743,0.00250584582270597,0.00240927247647238,5.29469968423749e-07,0.00124491942372112,0.00397976192725557,8.9433276709019e-06,8.6008160375129e-06,5.73523350498372e-12,4.90855244560099e-06,1.38075804219135e-05,-3184.20544252724,0.118225751171453,0.0830922520084807,0.97125,0.477518788482573
"constant",1600,"montoril",133,83.812,102.171930166001,404.012747172418,78.5758145920049,896.073204795726,158.254755451686,9.16724070676971,1566.24397929784,190.308096143055,1.21906087631844,4.82046421959168,0.937524633608611,10.6914666729791,1.88821118040002,18.6875862561189,0.00196138085646447,0.00191018508745677,3.1814011205044e-07,0.000898114408264919,0.00302716540849254,9.07948839455492e-06,8.71400098692881e-06,5.63114602066196e-12,5.09175064004634e-06,1.38282591400794e-05,-3136.53054560082,0.109397185106418,0.0698531225363518,0.965,0.456242916629369
"constant",1600,"montoril",134,81.467,97.4669339384204,593.693801111298,107.002783233666,691.992667385848,206.287176889774,22.9112684402432,2443.4399234029,162.869164695651,1.19639773084096,7.28753729867674,1.31344941183137,8.49414692312039,2.53215629506148,29.993002361728,0.00258103003854632,0.00250259599676924,5.59765450178132e-07,0.00126867666471175,0.00406359524283254,9.57466243107017e-06,9.24403338293659e-06,6.21562285354997e-12,5.30421036931195e-06,1.45150240593475e-05,-3130.86652990232,0.118205960326161,0.0807654303521115,0.97125,0.484073343080376
"constant",1600,"montoril",135,80.112,96.500958852657,300.413259675233,85.9330342127204,616.603532420976,161.663816485682,11.0506188658614,1604.5779438613,148.893021338312,1.20457557984643,3.74991586373119,1.07266120197624,7.69676867911144,2.01797254450871,20.0291834414482,0.00199207721731081,0.00189453155348659,3.84799556070185e-07,0.000944970260773497,0.0032297772122764,8.9406838102074e-06,8.59395628605498e-06,5.43186629759624e-12,4.97570838064269e-06,1.36789501633562e-05,-3183.88251558312,0.120461700029775,0.0836802894696318,0.955,0.460438712963648
"constant",1600,"montoril",136,83.511,132.17801705805,343.965944120502,88.5666496126185,711.907459667509,159.696168585503,7.55496451264512,1503.51491873046,52.5028108479927,1.58276175663146,4.1188100264696,1.06053872678591,8.52471482400533,1.91227704835894,18.0037949339663,0.00199968978254525,0.00190119044659407,3.910362860536e-07,0.000966568318125037,0.00326207865659658,9.36309669525184e-06,9.03462990742497e-06,5.83233454295834e-12,5.25972078231329e-06,1.41750247104882e-05,-3176.33812584796,0.127428637741834,0.0918189910755011,0.95,0.460550622390022
"constant",1600,"montoril",137,82.084,63.9780172397857,452.414095332879,69.1940756769242,869.842930020951,156.950084888368,7.68596174687115,1640.61210235297,164.523743917511,0.779421290870154,5.51159903675356,0.842966664355103,10.5969851617971,1.9120667229712,19.9869901850905,0.00196838739238167,0.00186786468622144,3.92082865419768e-07,0.000909609682748842,0.00318207742199188,8.45375880971235e-06,8.13705463733986e-06,4.84037307491297e-12,4.63261629634691e-06,1.28521406216886e-05,-3165.78268337851,0.134466842891428,0.0891032830636633,0.950625,0.461974740964515
"constant",1600,"montoril",138,80.25,127.119957704034,464.189586869004,78.200357650515,754.717769940967,215.989094497218,14.0332177952469,2725.43698074994,338.33280007906,1.58404931718423,5.78429391737076,0.974459285364673,9.40458280300271,2.69145289093107,33.9618315358248,0.00262423067692619,0.00252003029989673,6.08704435397494e-07,0.00121769605063921,0.00419347110373959,9.12690837589845e-06,8.82989936115501e-06,5.50351180525453e-12,4.99666694121116e-06,1.37475637699683e-05,-3197.38936244803,0.112236225210832,0.0783268726047959,0.974375,0.480555095605433
"constant",1600,"montoril",139,80.18,108.755737219767,504.560278043295,114.93102611778,733.414737483532,167.927747370685,18.5043870990149,1698.34260358174,297.892270740992,1.35639482688659,6.29284457524689,1.43341264801422,9.14710323626257,2.09438447706018,21.181623891017,0.00204254703179832,0.00197925164099797,3.30678029627664e-07,0.00105368244849878,0.0032258215649459,9.04530900619844e-06,8.67352475854167e-06,6.01792255440767e-12,4.86813283536033e-06,1.39908578723702e-05,-3147.95059288041,0.115968002072841,0.0770117041174431,0.9675,0.456286994039315
"constant",1600,"montoril",13,82.463,11.7687245100767,109.748212018127,105.088914632108,706.731711945156,157.238008812863,7.35141078783261,1476.92358438863,68.7017316049292,0.142715211792885,1.33087823651974,1.27437656442414,8.57028863787585,1.90677041597884,17.9101364780403,0.00190464725158585,0.0018023123738775,3.09596179534145e-07,0.000989929807105304,0.00306929457629479,8.68055075308635e-06,8.35145832383118e-06,4.84921663028866e-12,4.90520392930622e-06,1.29306706593673e-05,-3125.33384838063,0.129611298256151,0.0974053375673409,0.95875,0.456267161738379
"constant",1600,"montoril",140,80.008,88.4514289770317,309.445509755628,78.4278563492278,729.676398552729,144.78562786271,10.0498328851751,1254.90235048195,220.306382429081,1.105532308982,3.86768210373498,0.980250179347413,9.12004297761135,1.80963938434545,15.6847109099333,0.00173795020866882,0.00167019803440193,2.64595437447633e-07,0.000869014042738145,0.00275052869576895,9.26755039690608e-06,9.00307521237811e-06,4.91943151952292e-12,5.40413145391637e-06,1.36956025040799e-05,-3120.76247227903,0.133221302871382,0.093650313240337,0.9175,0.442685109682707
"constant",1600,"montoril",141,79.863,81.4430973328318,385.849955134194,42.1151571955534,420.186286206242,175.818865148041,13.7236643172175,1862.34571326343,229.501211514034,1.01978509864182,4.83139820860967,0.527342539042528,5.26133861996472,2.2015058931926,23.3192556410783,0.00211297628579899,0.00200888095926602,4.03319293179215e-07,0.00105977285885305,0.00330681143995179,9.34152869088414e-06,8.96590852461573e-06,6.28391581544225e-12,5.09556182104194e-06,1.42529669859247e-05,-3190.34673472268,0.111267938469072,0.0735583664574832,0.9675,0.46223333960466
"constant",1600,"montoril",142,82.758,91.7057985141882,376.368807710734,113.939469114108,820.195661344785,186.756882662311,5.42073366720152,1971.97772277479,41.7807656420928,1.10812004294676,4.54782386851705,1.37677891097064,9.91077190537211,2.25666259047235,23.8282428620168,0.00220979429247897,0.00208972607981906,4.55345921402248e-07,0.00106973583792435,0.00364872185807566,9.45589895146609e-06,9.10840426808546e-06,5.9914201173325e-12,5.30042626589578e-06,1.43973012509483e-05,-3168.35950035148,0.131120299235904,0.0886181562066739,0.93875,0.460867136662455
"constant",1600,"montoril",143,82.197,92.9339088723913,403.310259304445,77.3379454782926,441.958412819359,164.77071390533,33.4246121599984,1544.67365731749,230.239474643765,1.13062409665062,4.90662991720434,0.940885257105401,5.3768192612791,2.00458306149045,18.7923361840151,0.00206427371975682,0.00196750867600975,4.02062475527219e-07,0.00097883057457172,0.00337086373112242,9.99290735609307e-06,9.62196534103583e-06,7.12045315145471e-12,5.40781649212851e-06,1.5423889238319e-05,-3154.88464926175,0.135092979762423,0.0975097139788249,0.96,0.462213413007676
"constant",1600,"montoril",144,79.864,126.780982977252,365.716738644905,110.001501661085,417.626161625616,174.218743017928,4.06270372249676,1712.54377271218,40.0721950074418,1.58746097086613,4.57924394777252,1.37736028324508,5.22921668869098,2.18144274038275,21.4432506850669,0.00209083408489666,0.00198801863644804,3.84803644134664e-07,0.00105447118463425,0.00335930028777101,9.73355297360758e-06,9.31517022299741e-06,7.1704224446768e-12,5.15123746303046e-06,1.51580516050905e-05,-3173.04198615028,0.11588126541302,0.0822666129347817,0.965625,0.463118220350388
"constant",1600,"montoril",145,81.04,162.646208217068,686.618871985684,86.9658945365897,645.770491234308,177.734437824652,32.2669166302322,1834.71880418079,270.071139849438,2.00698677464299,8.47259220120538,1.07312308164597,7.96854011888337,2.19316927226866,22.6396693507008,0.00221000328499708,0.00211406715515276,4.10950816513465e-07,0.00109318232029367,0.0034862323944664,9.31878402178256e-06,8.95302772460407e-06,6.20257590920931e-12,5.05823945088535e-06,1.43205650995977e-05,-3146.17499748131,0.123691594854159,0.0869116474299715,0.96125,0.467369099953739
"constant",1600,"montoril",146,82.384,119.873704651045,452.421878238394,103.398690518167,760.120939678127,173.709683999704,6.13639196546003,1897.96681916106,329.154939769893,1.45506050508649,5.49162310932212,1.25508218244037,9.22656025051135,2.10853665759983,23.0380513104615,0.00220566334983861,0.00211553359016472,4.70033019332899e-07,0.000934528052326435,0.00356922319623651,9.41345878333023e-06,9.0255101851514e-06,6.38049873809669e-12,4.9772136154419e-06,1.44684491540009e-05,-3179.83631959595,0.114732599679036,0.0770741587085785,0.965625,0.46624125325352
"constant",1600,"montoril",147,81.279,80.0802521297574,338.964317981633,75.0966524150301,865.932292971392,164.85305258971,17.0587241572787,1740.68267780611,217.89063894652,0.985251444158484,4.17038002413457,0.923936716926021,10.6538256249633,2.02823672276615,21.4161428881521,0.002127032399639,0.00204099865355997,3.74534977867098e-07,0.00110398632181611,0.00338738847063698,9.21659825882253e-06,8.87699368665099e-06,5.58353419552712e-12,5.13711936275291e-06,1.40099540087124e-05,-3137.3771339387,0.12496210069263,0.084759728223389,0.9625,0.471393369912865
"constant",1600,"montoril",148,80.021,60.4784739936736,322.709507504605,97.6388365302965,893.233508624924,173.184059039195,6.08712658626675,1964.64653061832,226.739989731655,0.755782532006269,4.03281023112189,1.22016516327335,11.1624887045266,2.16423262692537,24.5516368280616,0.00220626003872616,0.00213090061722084,4.00059173824713e-07,0.00112032042954602,0.00344592111336976,8.80411226047913e-06,8.4654060996529e-06,5.23171756308059e-12,4.84253769622173e-06,1.33045222306309e-05,-3162.47657965807,0.126181477913371,0.0854291343948636,0.958125,0.468531865498484
"constant",1600,"montoril",149,82.515,208.361125570708,955.476896722642,81.9346512576839,430.231632098206,217.092552069756,42.5600532477299,2820.53861229977,211.550476122946,2.52513028625957,11.5794327906761,0.992966748563096,5.21398087739449,2.63094651966014,34.1821318826852,0.00281497286089529,0.00270367450786896,7.50561285452941e-07,0.00129334135202486,0.0045679564079908,9.96934650529725e-06,9.52555303644507e-06,7.81318523098427e-12,5.30160771178398e-06,1.55559505894723e-05,-3207.93931916099,0.126218999485011,0.0900802835540448,0.968125,0.492969801438942
"constant",1600,"montoril",14,82.426,135.212792735753,672.937999522016,93.817076167386,530.31647553594,164.759715271372,11.1993933413189,1724.99079116062,108.813027810235,1.64041434420879,8.16414722929677,1.13819760958176,6.43384945934462,1.99888039297518,20.9277508451292,0.00206445321882813,0.00198507166189632,3.60460786401114e-07,0.000995336253146333,0.00325614196050127,8.92561987171585e-06,8.52527740339454e-06,5.7562762212776e-12,5.00640930990369e-06,1.38624964720632e-05,-3202.85087196917,0.118154997708131,0.0816639690753933,0.95375,0.453900438027797
"constant",1600,"montoril",150,79.721,113.161220582403,380.341615479559,76.5493238963532,641.706066909176,163.495849669083,30.0867392511357,1641.90573318036,31.7610928288718,1.41946564371249,4.77090873771727,0.960215299561636,8.04939811228128,2.05085046184924,20.5956489906092,0.00204929087338384,0.00196662088508793,3.73662963405207e-07,0.000989323592414689,0.00329217322191589,9.60432797938649e-06,9.20507883471497e-06,6.79234279180564e-12,5.32685260492121e-06,1.49175281381374e-05,-3154.60357026505,0.125808974990912,0.0874241464401597,0.955,0.463990180243508
"constant",1600,"montoril",151,81.341,72.4795572313638,442.477039819052,86.9347743371177,829.315122535049,204.922204631594,14.6713649036891,2521.73425712537,165.256053727551,0.891058103925005,5.43977870715939,1.0687694316165,10.1955363535615,2.5192978280522,31.0020070705471,0.00261129588993815,0.00251139836750513,6.70932026383239e-07,0.00117648436686541,0.00425303811285787,9.66685951695636e-06,9.25412490772703e-06,6.86024916514225e-12,5.26650529644861e-06,1.4997876637203e-05,-3169.87399486433,0.125891249531518,0.0845645526018475,0.968125,0.488146780130548
"constant",1600,"montoril",152,83.2,56.4659344052988,357.821923854748,115.813852501563,555.357978063589,231.601728287731,37.2438809145296,2956.88770415085,215.210211898243,0.678677096217533,4.30074427710034,1.39199341948994,6.67497569787967,2.78367461884292,35.53951567489,0.00279383431275291,0.00271050495988601,6.20700616061658e-07,0.00138540398922672,0.00428317025413858,9.84252049776137e-06,9.42760621715444e-06,7.10551460488036e-12,5.33481205290488e-06,1.52138345986842e-05,-3179.30975830211,0.131466043639121,0.0984200629212753,0.959375,0.498340722599102
"constant",1600,"montoril",153,80.094,115.767958526707,329.959319226516,106.564055917483,537.625044542462,161.463473958605,16.083527286003,1705.46464029653,108.300925353675,1.44540113524992,4.11965090052334,1.33048737630139,6.71242595628215,2.01592471294485,21.2932883898486,0.00207904282762236,0.00200492078180944,3.58411689779258e-07,0.00101955998638435,0.00327765342743017,9.15394492145328e-06,8.80929383950779e-06,5.72439885880146e-12,4.93994589808077e-06,1.38937620688681e-05,-3155.39515284291,0.138006467956037,0.0977288703448988,0.9475,0.467027889688658
"constant",1600,"montoril",154,80.113,102.284948393076,484.848933956061,68.8766274378368,772.814432083786,188.368987711905,34.9627626231263,1971.01914321455,207.370028162252,1.27675843362596,6.05206313527219,0.859743455342289,9.64655464261463,2.35129114765276,24.6029875702389,0.00232705802950278,0.00226239077866225,4.0420410020441e-07,0.00114932658517816,0.00359124695777381,9.97062959343489e-06,9.58060028970554e-06,6.62646867650724e-12,5.5698083500188e-06,1.51246045954971e-05,-3155.91271183692,0.125228955471478,0.0907893347438405,0.964375,0.473935044957342
"constant",1600,"montoril",155,81.725,110.627410446186,627.134770333087,106.69743099481,880.762570421446,192.267842983635,10.7651697910337,2279.20011362859,187.909995119396,1.35365445636202,7.67372004078417,1.30556660746174,10.7771498369097,2.35261967554157,27.8886523539748,0.00226127750061093,0.0022029397709249,3.65658102254259e-07,0.00113217915122601,0.00345385305288712,8.86198803532264e-06,8.50556428742581e-06,5.41599745838687e-12,4.96153265776841e-06,1.34823586870556e-05,-3174.19499617553,0.115766151650829,0.0795588755390019,0.96625,0.467543869949142
"constant",1600,"montoril",156,81.455,134.121581609297,340.335186434814,84.2615088468647,671.312171477472,148.913913736247,21.1828077641245,1299.29642382365,129.171869234574,1.64657272861453,4.17819883904995,1.03445471544859,8.24150968605331,1.82817400695166,15.9510947618151,0.00181746677421478,0.00173931329457851,3.25890702782755e-07,0.000864333371078548,0.0029651521797223,9.24944925323709e-06,8.92439859931777e-06,5.44574924829983e-12,5.22389715137967e-06,1.39162763680789e-05,-3188.09007740283,0.119607306851841,0.0824454469653514,0.945,0.444760647751539
"constant",1600,"montoril",157,80.415,185.269919674563,810.054754712987,93.9286441138757,972.326868390434,195.670885173266,22.2688222874286,2150.41422143485,39.064621051526,2.30392239848987,10.0734285234469,1.16804879828236,12.0913619149466,2.43326351020662,26.7414564625362,0.00225620094463886,0.00219241161084838,3.91900080149209e-07,0.00112084320092739,0.00349356218424699,9.6996563591541e-06,9.35591927454841e-06,6.1445682574705e-12,5.43471284933258e-06,1.46451807569396e-05,-3194.30759208027,0.125742924137945,0.0896149063900863,0.965625,0.467485175810118
"constant",1600,"montoril",158,84.46,65.9898476514954,342.306415163611,96.1203956374693,895.885415099482,195.55307827049,46.6642611375045,2357.34246480193,193.523324603398,0.781314795779012,4.05288201709225,1.13805820077515,10.6072154285991,2.31533362858738,27.9107561544155,0.00242615405870936,0.00233782151826485,5.06572570195328e-07,0.00116882063719173,0.00381284951621507,9.25274023387262e-06,8.88208856278547e-06,6.019345145819e-12,5.0984687486973e-06,1.41682862181751e-05,-3154.55912429935,0.119135366236369,0.083962291467345,0.963125,0.47750287431431
"constant",1600,"montoril",159,82.664,130.468469310514,609.286253307087,72.058658832597,891.261866468935,147.201242958249,18.7423646660054,1449.53929353527,171.599309600726,1.57829852548285,7.37063598794018,0.871705444118323,10.7817413441031,1.7807176395801,17.5353151739,0.00185653748260473,0.00176986716091393,3.19316384572789e-07,0.000912836125938143,0.00295561403970337,8.67825219007767e-06,8.40047253569959e-06,4.4700533324942e-12,5.01054645560698e-06,1.29245115707193e-05,-3172.18154382658,0.126748976068908,0.0898243435421923,0.94,0.449242806285665
"constant",1600,"montoril",15,80.045,39.2300717584298,417.412583456935,112.782448405675,820.329773128527,158.085729256698,16.5319149154035,1506.15477414685,82.099646746238,0.490100215609092,5.21472401095552,1.40898804929321,10.2483574630336,1.9749607003148,18.8163504796909,0.00198972573701176,0.00193785316671682,3.28750034933178e-07,0.000955846649305509,0.0031265709832197,9.31605693000642e-06,8.97184223358733e-06,5.69229928009201e-12,5.23106945291102e-06,1.41405729248533e-05,-3169.1581666267,0.134711983145317,0.0923478502345079,0.93875,0.460594577233344
"constant",1600,"montoril",160,80.069,128.744416591392,351.471880090752,136.363529574233,959.931181688526,145.1864092989,14.4263350869098,1310.35619077398,137.466881363005,1.60791837779155,4.38961246038732,1.70307521730299,11.9887994315968,1.81326617416103,16.3653372812697,0.00169752488078962,0.00163676991886947,2.09741673364926e-07,0.000889973120664845,0.00261361304556936,9.06859065883196e-06,8.76714656620901e-06,5.0456350694716e-12,5.13181846432639e-06,1.35964195988224e-05,-3162.14019082481,0.112447511808599,0.0728152031126564,0.955,0.439733263150912
"constant",1600,"montoril",161,83.325,126.544659717772,519.650795898726,82.5158307868812,692.124046339576,190.976988516816,41.0639006261925,2377.06170710693,342.917395366018,1.5186877853918,6.23643319410412,0.990288998342408,8.30631918799371,2.29195305750755,28.5275932446076,0.00252388502596395,0.00244911356565101,5.30001152341096e-07,0.00123596353473798,0.00400037617870864,9.5125569831004e-06,9.14106034444801e-06,6.09152357618465e-12,5.26419133375745e-06,1.44881431911629e-05,-3143.57158411043,0.117722539055528,0.082093636562429,0.9725,0.484415331201395
"constant",1600,"montoril",162,81.21,81.0373146799954,289.0644752432,55.897753412803,367.602475117035,169.309845532642,14.5309170379684,1602.96300043935,44.4301317061239,0.997873595369971,3.55946897233346,0.688311210599717,4.52656661885278,2.08483986618202,19.7384928018637,0.00212200094110308,0.00202897106689632,4.10035226790386e-07,0.0010034185362966,0.00341939892966025,9.91705084341696e-06,9.5937638501544e-06,7.24101628431899e-12,5.27384876103336e-06,1.53263841696371e-05,-3143.78940148303,0.130073907042125,0.0909456753550829,0.954375,0.468823734426034
"constant",1600,"montoril",163,81.811,122.118488011737,630.299347928304,102.614244924135,842.44941379275,194.143702976863,4.64369388935001,2165.29873184734,59.1856428401772,1.49269032296069,7.7043349663041,1.25428420290835,10.2975078387106,2.37307578414715,26.4670855000836,0.00235131407357423,0.00228120569426061,3.86966718612152e-07,0.00127071794253013,0.00359971269957285,9.30864128788628e-06,8.973141917654e-06,5.9388459587676e-12,5.1299835147374e-06,1.41387775431979e-05,-3185.5830961906,0.127514015510232,0.0925743854438002,0.966875,0.471417135249235
"constant",1600,"montoril",164,81.87,108.291383084066,495.157933680667,76.565246804828,553.882672851316,203.928032893456,9.56354024678327,2497.74021625396,89.6411733912394,1.32272362384348,6.04809983731119,0.935205164343813,6.76539236412991,2.49087618045017,30.5086138543295,0.00247435664233043,0.00242534287850655,5.03559460994184e-07,0.0011753903012238,0.00383510354619024,9.32220286919214e-06,8.88678058606024e-06,6.75599822233556e-12,5.00737227511787e-06,1.47390888155546e-05,-3175.21821980931,0.127525801204806,0.0926802432057699,0.955,0.473757165621107
"constant",1600,"montoril",165,81.124,131.317877985436,504.379985336,76.0395353506091,764.83966639795,204.473982052859,33.9708298046868,2435.06528978433,240.161961106298,1.61873031390755,6.21739541117302,0.937324778741298,9.42803198064629,2.52051158785142,30.016583129337,0.00245543431803816,0.00236672840901095,5.47100688141142e-07,0.00117846154977173,0.00396878227036477,8.94241710935629e-06,8.58071019258725e-06,5.40321708090165e-12,4.98596421595616e-06,1.36873325440935e-05,-3194.34243232164,0.130392363331953,0.0903387436809331,0.96125,0.477707453663989
"constant",1600,"montoril",166,81.194,77.8564836246994,387.100724035627,58.3383873047403,675.603535111569,150.770588398596,31.9254868093792,1361.02565517055,196.641783678229,0.95889454423602,4.76760258191032,0.718506137211373,8.32085542172536,1.85691785598191,16.7626383128131,0.00181017056898351,0.00174982980092338,2.98782430828858e-07,0.000877037770222264,0.00287343088201753,8.54747048506273e-06,8.23833335737221e-06,4.79513331670887e-12,4.75568155515125e-06,1.30081820479488e-05,-3174.52194446761,0.126653481409212,0.0863078535548197,0.95125,0.447358273618705
"constant",1600,"montoril",167,81.741,77.1120386242675,390.896251755635,18.0196679297156,640.541223519363,210.02501801697,25.1368146133285,2653.27713864323,245.505965308109,0.943370384804046,4.78213199931045,0.220448342076994,7.83622935270382,2.56939623954895,32.4595629933966,0.00269313558473803,0.00255299934316978,7.17304958839331e-07,0.00122858336878065,0.00440188947467351,9.66481279804818e-06,9.29281764781859e-06,7.12058669565705e-12,5.11065729184101e-06,1.49135493834549e-05,-3190.40643792799,0.119766815442194,0.0798498138043145,0.960625,0.487671746222029
"constant",1600,"montoril",168,81.82,96.7600070099774,318.907168954465,52.1112837297456,796.643121766787,206.22768697988,18.0178916279664,2331.30627004605,49.6950741783235,1.18259602798799,3.89766767238408,0.636901536662743,9.73653289864077,2.52050460742948,28.4931101203379,0.00259852668300571,0.00247889113233194,6.59713301431245e-07,0.00118864592590505,0.0042494794749606,1.02751348247781e-05,9.90074408814228e-06,7.37281082520382e-12,5.63815295761464e-06,1.57210769012194e-05,-3162.70166264525,0.115767514421776,0.0812385555396666,0.96,0.481601581805243
"constant",1600,"montoril",169,80.412,14.7117308061093,215.84996406342,93.2727703818988,677.523863107171,211.096897776382,8.60358467481711,2579.53985608804,156.975115481429,0.182954419814323,2.68430040371363,1.15993595958189,8.42565615961761,2.62519148605161,32.0790411392335,0.00251909098540114,0.00237624218606543,6.02077213413789e-07,0.00118561176328598,0.00412227248746795,9.31594125939389e-06,8.96505081973899e-06,6.16351784604955e-12,5.07842286911445e-06,1.42454778574386e-05,-3183.88447807318,0.126406619380987,0.0873350373323675,0.966875,0.475391629842791
"constant",1600,"montoril",16,80.141,121.587801083325,362.708501499803,72.7263142813297,690.630801028157,183.970785582992,36.2729645565862,2040.78043134493,274.324575665928,1.51717349525617,4.52587940629394,0.907479495905089,8.61769632308252,2.29558884444906,25.4648735521759,0.00232081084017267,0.00222458404929456,5.13299032502263e-07,0.00106438180987026,0.00375128582676927,9.46515352314821e-06,9.15244463566891e-06,5.94385157091019e-12,5.20759889268635e-06,1.433801357093e-05,-3185.85760633482,0.114938427765788,0.0800021493389536,0.960625,0.475068314162934
"constant",1600,"montoril",170,81.275,163.184770574343,659.613365521499,62.8838305456465,642.628476241532,205.148674285716,16.888016163724,2277.65239618237,259.560554525156,2.00781015778952,8.11582116913564,0.773716770786177,7.90684067968664,2.52413010502266,28.0240221000599,0.00245874779855752,0.00233209228637098,5.85482970027855e-07,0.00117573000926396,0.0040620494350964,9.47655302291633e-06,9.10318736015418e-06,6.33932840241732e-12,5.17935739960111e-06,1.44664120807443e-05,-3143.27091822041,0.127295664431201,0.0864178366915163,0.955,0.472439068814014
"constant",1600,"montoril",171,81.819,121.012177728264,390.084352737647,67.7660059870056,694.736526585147,166.912595382068,11.447035502788,1685.36603780002,136.604480794639,1.47902293756051,4.76764996807157,0.828242901856605,8.49113930242543,2.04002243222317,20.5987122526555,0.00210660676625714,0.00202260554329486,4.55166422179812e-07,0.000972354333752972,0.00343770190309083,9.23294477898786e-06,8.8462038522425e-06,5.85279598138903e-12,5.15864639635232e-06,1.39962682239776e-05,-3186.7807883261,0.1174419367478,0.0850605762821433,0.96625,0.462943583280251
"constant",1600,"montoril",172,81.579,114.221454619507,414.045998373286,71.7406624799757,651.857387517462,138.653890447233,13.1266929616238,1213.73982216578,58.3831206774572,1.40013305654038,5.07539928625365,0.87940110175383,7.99050475634001,1.69962723798077,14.8780914471344,0.00178340913233704,0.00172339781110736,2.79228692608552e-07,0.000838312117218749,0.00282908065380592,8.5708199464832e-06,8.26132228126183e-06,4.52625417643973e-12,4.88452212220766e-06,1.29269341829214e-05,-3164.89837382668,0.134509426572539,0.0932087728576257,0.934375,0.44511978655449
"constant",1600,"montoril",173,81.781,68.3792571891206,299.759928876312,96.2028783395048,907.409711721786,177.33116734793,18.8865604692283,1929.8226483282,101.779305898383,0.836126449775873,3.66539818388516,1.17634754208807,11.0956054795342,2.16836633628752,23.5974449851212,0.00223178136547467,0.00215825647732239,4.23866089750071e-07,0.00107079750963442,0.00352321305012432,9.02049349219224e-06,8.70662867961105e-06,5.38755952349512e-12,5.03272116817651e-06,1.37464094799623e-05,-3121.1765160876,0.133927914496212,0.0965600780264815,0.94,0.471967449200823
"constant",1600,"montoril",174,82.154,88.7766860051716,380.143683581076,87.1767180551182,828.816854407141,158.360856450611,17.8048136235239,1697.24282016242,81.6058665224902,1.08061306820327,4.62720845705719,1.0611378393641,10.0885757772858,1.9276098114591,20.659284029535,0.00206336099279161,0.00199061580838708,3.37967664945575e-07,0.00100408114085836,0.00319810867435303,9.11257733144128e-06,8.73546381057896e-06,5.52014989642818e-12,5.09344897503722e-06,1.38551179329121e-05,-3181.27522570838,0.1171493937315,0.0800520807389965,0.9625,0.461814893188184
"constant",1600,"montoril",175,81.504,100.922108641838,402.658595066967,88.7552820863456,595.253580379512,145.279592959418,27.4091217984926,1387.17840703821,269.004664517487,1.2382473086209,4.94035378713887,1.08896841978732,7.30336646519817,1.78248420886604,17.0197586258123,0.00180325907644133,0.00174025961942469,2.54166743134423e-07,0.000922882950551633,0.00279199953370208,9.11293973535839e-06,8.81191878856026e-06,5.2174339936648e-12,5.09533445539277e-06,1.37504761836953e-05,-3199.39785502606,0.135619074752468,0.0966668425630382,0.931875,0.447380319435125
"constant",1600,"montoril",176,81.816,74.8069048397373,270.949534874988,68.1882245542582,596.940720422409,143.904695537671,8.5693788022474,1288.58676374708,61.9688524128689,0.914330996867817,3.31169373808287,0.833433858343822,7.2961367021415,1.75888207120455,15.749813774165,0.00180843405762468,0.00174231433701063,2.70080129741682e-07,0.000902599109401469,0.00285124384855933,8.81451873534505e-06,8.5166409774133e-06,5.04918831682646e-12,4.87446827848574e-06,1.32167565067534e-05,-3164.46331183753,0.12541431614009,0.0902864414873516,0.95375,0.452425130277909
"constant",1600,"montoril",177,81.932,89.037401969158,590.358410258177,131.738187829909,653.656039163935,155.780367037476,14.8467660349856,1505.10621414587,231.125768988655,1.08672316029339,7.20546807423445,1.60789664392312,7.97803103993477,1.90133729235801,18.370187645192,0.00187036200819219,0.00180122526620509,2.6615243193983e-07,0.000966243522456756,0.00291091930162321,8.95490323889947e-06,8.61347436824844e-06,5.23023642078326e-12,5.04005636872451e-06,1.35969880653703e-05,-3160.27527682644,0.121062654353276,0.0799807585235834,0.965625,0.447787746936966
"constant",1600,"montoril",178,81.87,153.452623270719,624.593613008226,58.3226611052501,733.377611855522,227.292270835579,18.5281030235546,3071.56762758772,170.7972175343,1.87434497704555,7.62909017965343,0.712381349764872,8.95783085202787,2.77625834659312,37.5176209550229,0.00292825201935124,0.00279732568100647,9.20798025402307e-07,0.00115675794258568,0.00484053801465823,9.61328321492884e-06,9.22884097683974e-06,6.78611003719938e-12,5.15489992204809e-06,1.47891509549285e-05,-3163.76792599652,0.120519224067253,0.0871899579769992,0.97625,0.499951685310389
"constant",1600,"montoril",179,82.24,121.532215713991,372.390300831628,45.6044622094636,947.600010120537,172.556099679738,38.5002863206473,1789.43896917863,247.388185091228,1.47777499652227,4.5280921793729,0.554528966554762,11.522373663917,2.09820160116413,21.7587423295067,0.00212378929574393,0.002039788942063,4.00188633306851e-07,0.00101810020031503,0.00336495745198499,9.25603683882051e-06,8.98225896890784e-06,5.2195337091299e-12,5.28333900772776e-06,1.38639882219961e-05,-3183.76878044511,0.126040633209424,0.0901046331074238,0.94375,0.464169040252379
"constant",1600,"montoril",17,80.046,98.281641066267,411.914009022844,105.807981534003,481.589788464935,151.53411593517,9.59143013436671,1403.01602130278,160.700635535679,1.22781451997935,5.14596618223077,1.32183971134101,6.01641291838361,1.89308792363353,17.5276218837017,0.0018585248093168,0.00179157694305869,2.76961267721208e-07,0.000965213555624528,0.00290305194637676,9.36385940421222e-06,9.03697475233319e-06,5.61893450937668e-12,5.28416771615199e-06,1.41262644725837e-05,-3192.13867012398,0.112994474628041,0.0763976109336143,0.965625,0.453757827008823
"constant",1600,"montoril",180,80.802,136.979315752877,423.12483419734,85.7932481555584,898.727488023315,151.226337977722,11.0203699186011,1432.73801678398,44.1606394876661,1.69524659974849,5.23656387462365,1.06177134421869,11.1225896391589,1.87156676787359,17.7314672506124,0.00191726294030059,0.00184325455383748,2.9054403411639e-07,0.000945902754352522,0.00298844501726615,9.29074188700687e-06,8.97709487193954e-06,5.3660795128713e-12,5.22747606178872e-06,1.39253048917319e-05,-3161.0526737401,0.119332998180507,0.0761974093781721,0.9525,0.456315525522669
"constant",1600,"montoril",181,80.704,108.809947953683,317.974716912987,51.524312274743,758.220798175714,178.641757670895,12.6746417047749,1975.27691349227,245.046175576694,1.34825966437454,3.94001185707012,0.638435669542315,9.39508324464356,2.21354279429637,24.4755763468015,0.0023019033835813,0.00215418368766216,6.10811778151707e-07,0.00101225650240859,0.00389074757278702,9.50019677059804e-06,9.10557128241136e-06,6.54444001776166e-12,5.10364300500924e-06,1.462513759469e-05,-3164.81113406747,0.119729178724702,0.0831457265597156,0.96875,0.471852306970156
"constant",1600,"montoril",182,80.169,116.571919526901,705.196091747244,114.620123296448,845.217810240452,192.033834251532,32.8066296858155,2143.19357741721,245.249701990966,1.45407725588321,8.79636881771313,1.42973123397383,10.5429506447686,2.39536272438887,26.7334453144882,0.00232480354489932,0.00220257518709186,4.94257401685526e-07,0.00116791239713934,0.00378075897956491,9.29062307327775e-06,8.92698250508823e-06,5.90617647095552e-12,5.14020117408542e-06,1.40947296433286e-05,-3145.65672889924,0.123848559432961,0.0875692015496346,0.965625,0.478707489138111
"constant",1600,"montoril",183,82.014,108.13019062699,492.328260484274,107.906013549896,630.005978086733,198.185800131319,29.5776969374047,2315.78599158746,247.307851948118,1.31843576251604,6.00297827790712,1.31570236240027,7.6816882250193,2.41648743057672,28.2364717193097,0.00246904324276489,0.00236233986754958,5.72978671713775e-07,0.00118721794528718,0.00387673011686952,9.26476918662266e-06,8.92101504351259e-06,5.79037664171904e-12,5.04608822056619e-06,1.402162844552e-05,-3171.03138816257,0.111105768082306,0.0777562807956426,0.973125,0.477386570289327
"constant",1600,"montoril",184,82.101,65.9569063367629,267.684401934553,94.1737449056827,646.99362450456,137.822445097101,12.8360505809687,1393.79109021946,168.817588956909,0.803363008206513,3.26042803296614,1.14704747695744,7.88045973258011,1.67869386605645,16.9765421885173,0.00179839749557754,0.00172890779986869,2.68830939520385e-07,0.000864515335437779,0.00282972656331538,8.12198589804607e-06,7.82233301033497e-06,4.13762150237567e-12,4.67248789890537e-06,1.21982179374327e-05,-3159.06026215375,0.143097965230832,0.101555399436905,0.938125,0.445573180512872
"constant",1600,"montoril",185,82.99,91.3586208202162,329.198503315021,93.8529225176703,591.979766459438,169.016734386854,36.6364248346212,1638.05313388115,164.868034336491,1.10083890613587,3.96672494656008,1.13089435495446,7.13314575803637,2.03659156991028,19.7379579935071,0.00206612856946125,0.00198726545393108,3.74161630290619e-07,0.000999388723317483,0.00327552827632823,9.5123549851789e-06,9.16709735631045e-06,5.95665064116356e-12,5.31620239582657e-06,1.44027941760936e-05,-3158.82251628043,0.133181232294636,0.0899130167426117,0.965,0.459354974333895
"constant",1600,"montoril",186,82.287,68.2169948792698,221.804461835282,52.4817589416938,534.544738731119,167.49609668031,34.3072831220346,1742.93152392371,154.163451699992,0.829013026107038,2.69549821764412,0.637789188349239,6.49610192048706,2.03551103674104,21.181128536995,0.00213497195666209,0.0020204240700639,4.76769579067476e-07,0.000962393715456181,0.00350515945073166,9.23788592945675e-06,8.90222242123273e-06,5.89234173601817e-12,5.02656909541793e-06,1.40252375540599e-05,-3168.45360866461,0.12403217789171,0.08733908898356,0.953125,0.468084012486814
"constant",1600,"montoril",187,81.179,127.681931867282,438.433354051613,81.4234061054575,895.109715000193,221.780232242424,40.2954175131359,3091.59604522179,228.968744834724,1.57284435466417,5.40082230689726,1.00301070603798,11.0263703051305,2.73199019749472,38.0836921521796,0.00281472260589999,0.00267459516890117,9.73809551689207e-07,0.00117470398409051,0.0047536884904243,8.97644791753859e-06,8.60854931235352e-06,5.45688067764187e-12,5.04370320558423e-06,1.3746018615839e-05,-3151.16068233807,0.128998766140168,0.0892310427408769,0.95875,0.490746345718115
"constant",1600,"montoril",188,80.529,178.979126774692,790.260091430937,58.0914201648242,550.753577706783,189.028124213226,14.649966930446,2254.65621308914,163.928347705479,2.22254252225523,9.81336029791674,0.721372675245243,6.83919554082111,2.34732983413709,27.9980654557878,0.00236724476008566,0.00226722178143992,5.80682240863892e-07,0.00103097223863596,0.00400888352284656,9.30749865413192e-06,8.99071196146068e-06,5.48938109250616e-12,5.25493719982156e-06,1.39909798238135e-05,-3169.74269252736,0.126556209153604,0.0908787500059539,0.970625,0.473256672713312
"constant",1600,"montoril",189,79.764,111.32903341487,470.29757249176,89.4815225064115,689.646252606125,187.501382877335,12.8332503811749,2010.99556709304,214.191253143768,1.39573032213617,5.89611319005768,1.12182842518444,8.64608410568834,2.3507018564432,25.2118194560584,0.00220233169883569,0.0021396312873247,4.05935056786795e-07,0.0010763671963196,0.00349999393126051,9.51196781301849e-06,9.15964886247947e-06,6.23767766085696e-12,5.2535608827236e-06,1.4605380330246e-05,-3173.71671031011,0.112487790821467,0.075826934308208,0.964375,0.464542570805957
"constant",1600,"montoril",18,81.877,96.6339862591476,421.362328122889,113.797385813078,805.644668986195,238.420399635865,15.6293424286199,3438.32298451089,126.980304011047,1.18023359745896,5.14628440371397,1.38985778439706,9.83969452943067,2.91193374984263,41.9937587419042,0.00295945398133407,0.00287632203877282,6.744400607125e-07,0.0014987922309603,0.00462469546133237,9.66364407589812e-06,9.26516634329553e-06,6.72384478489401e-12,5.18756108727793e-06,1.49841312965146e-05,-3150.75464801667,0.123629731545557,0.0849827296808898,0.974375,0.49632980718634
"constant",1600,"montoril",190,79.908,73.8324960550377,366.843317946689,110.336569404568,574.5060417096,167.987095139181,26.7368423947743,1685.45414760128,52.8859920702721,0.923968764767454,4.59082091838976,1.38079503184372,7.18959355395705,2.10225628396633,21.0924331431306,0.00207501575972791,0.00199897406941088,3.34224811987851e-07,0.00105575543660985,0.00321650602254502,9.86377703984448e-06,9.45311905051984e-06,6.94607398069153e-12,5.30734482750684e-06,1.51530019622305e-05,-3141.21849766673,0.131508521366718,0.08802160029773,0.954375,0.466943115547645
"constant",1600,"montoril",191,82.443,116.384763326242,523.999275252017,99.6392723036823,476.228172574198,224.750628472431,21.968125725746,2624.11096336103,91.4138785104546,1.41169976015237,6.35589771420275,1.20858377671461,5.77645370224516,2.72613355254455,31.8293968361296,0.00286430458459273,0.00273892800285463,7.83609646464898e-07,0.00144197145487035,0.00469973378815353,1.08608793914306e-05,1.03316839282554e-05,1.02925172237618e-11,5.49438536280995e-06,1.72215759126393e-05,-3162.02066792375,0.11857981900175,0.0839287676714901,0.975,0.498141116207375
"constant",1600,"montoril",192,82.579,111.079865760019,469.919829941292,117.519033325084,533.924607208315,205.866377783259,12.5804531365797,2333.65618513404,314.282052446204,1.34513454704003,5.69054880709735,1.42311039519834,6.46562209772841,2.49296283296309,28.2596808526869,0.00245005375098271,0.00238760250402332,5.38480095063859e-07,0.00111911762842954,0.00390031658112062,9.9416629213528e-06,9.56018868586885e-06,7.05684943475201e-12,5.49535523294828e-06,1.52901426029425e-05,-3199.37513561172,0.136922725020046,0.100349009981622,0.950625,0.472831677606491
"constant",1600,"montoril",193,81.108,98.2285414493739,457.766234591412,163.315938667849,894.430802211092,176.858329280985,23.2474059101934,1931.23871402524,193.04236212371,1.21108326489833,5.64390978191316,2.0135614078494,11.0276520467906,2.18052879223979,23.8107056520348,0.0022120851443523,0.00212814493629275,3.53191582733762e-07,0.0011803617995436,0.00339404563299716,9.42001044831755e-06,9.04734019199269e-06,6.01662010636332e-12,5.26083946511464e-06,1.43975166280268e-05,-3175.53916599943,0.12079126480016,0.0826379660531329,0.95625,0.469992701644832
"constant",1600,"montoril",194,80.446,92.1757276729294,433.27170485342,84.4525669578909,663.725569628211,223.183599796233,25.0749614729049,2633.44860813981,297.197081978259,1.14580871234032,5.38587008494418,1.04980442729149,8.25057267767461,2.77432811819399,32.7356065949806,0.00266905496275467,0.00257055091017196,6.50001855261695e-07,0.00125253103400877,0.00425706283987091,9.96639716818273e-06,9.47709856687399e-06,7.96991303421085e-12,5.34682303220502e-06,1.56336141689183e-05,-3125.31473633367,0.125412056581468,0.0860388158668267,0.956875,0.491943437302799
"constant",1600,"montoril",195,80.135,107.882317588456,403.06775944664,94.3613380168576,575.814552833284,197.171130917105,10.6225974031636,2227.76618897635,296.298845153665,1.34625716089669,5.02985910584189,1.17752964393658,7.18555628418649,2.46048706454239,27.8001645844681,0.00244536547557698,0.00235017334177296,5.49854487233292e-07,0.00115319457461037,0.00389745240339288,9.97345664040839e-06,9.56111507769327e-06,7.30536506341956e-12,5.38036482016252e-06,1.53898591213219e-05,-3137.18631044103,0.130487242852241,0.0957507852783766,0.96,0.481958246234927
"constant",1600,"montoril",196,80.92,136.709881918354,584.252254235996,72.172804306618,722.683388254364,173.72264339816,16.1398988203767,1752.20393370186,166.443775361646,1.68944490754268,7.2201217775086,0.891903167407539,8.93083771940638,2.14684433265151,21.6535335356137,0.00201529610222991,0.00192681600993832,3.62854917579876e-07,0.00099701822374707,0.00321930246445193,8.90704651289524e-06,8.55229823243646e-06,5.32356261718964e-12,4.85144709943531e-06,1.34793871116828e-05,-3214.71034224008,0.128465185490715,0.0919562437068769,0.955625,0.453165279888536
"constant",1600,"montoril",197,82.463,89.2482607458402,465.310155789487,67.6459147126156,632.045420388228,152.701947091407,6.62911721986933,1426.81836668696,108.06932871556,1.08228248724689,5.64265374518859,0.820318381730177,7.66459406507437,1.85176317974615,17.3025280027038,0.00186561264159202,0.001780678477467,3.2163846424065e-07,0.000862187309000132,0.00301557300643409,9.17264628364357e-06,8.81866971004892e-06,5.7740797210379e-12,5.1132360782874e-06,1.40928158730369e-05,-3163.1074876512,0.115063987627124,0.0741420398569839,0.956875,0.448732509394225
"constant",1600,"montoril",198,82.268,138.637692064344,410.215895935386,79.1089743385691,715.168885812127,167.103308142801,26.7779059160995,1686.57837532921,156.943124018916,1.68519584849934,4.9863360715635,0.961600796647166,8.69315998701958,2.03120664344339,20.5010256154181,0.00207782248061354,0.00199048525744496,4.20854656299189e-07,0.000909065471396519,0.00334605451868461,9.05740462177654e-06,8.7023600566014e-06,5.62158125522034e-12,5.12443874526286e-06,1.37855682601023e-05,-3163.43923083592,0.126895704178216,0.081957776676995,0.960625,0.465298045223926
"constant",1600,"montoril",199,80.168,25.095698101915,165.570625376127,103.86924934988,563.242804834925,161.561044396567,18.3969996602719,1507.86874576528,123.32516242664,0.313038844700067,2.06529569623949,1.29564476287147,7.0257809205035,2.01528096493073,18.8088607145655,0.00201188971508085,0.00193053514292633,3.62912082700285e-07,0.000975556557146367,0.00323122061246784,9.63261466735873e-06,9.23914665554396e-06,6.73686552475849e-12,5.29287516822591e-06,1.49396846169053e-05,-3120.58133529877,0.126844838905639,0.0906440726125338,0.96125,0.461217212886198
"constant",1600,"montoril",19,83.079,107.708527172989,367.52616576429,29.4932392546449,463.709941688925,153.313215067452,7.98014847924198,1469.45412419402,52.4867303102088,1.29645911930799,4.42381547399813,0.355002338191901,5.58155420369679,1.84539071326631,17.6874315313619,0.00188736684948542,0.00178931228005353,3.48483083313783e-07,0.000878929409113806,0.00306855613801464,9.3051989357336e-06,8.90962703962542e-06,6.10780617672941e-12,5.16414920992694e-06,1.42551758472227e-05,-3156.72968324884,0.124071643524809,0.0870884462640717,0.953125,0.460601830247671
"constant",1600,"montoril",1,81.088,65.4431538639442,350.490951891368,78.0631803524674,523.177839734318,138.091084578415,4.63000191357399,1404.26879532927,43.1102986775065,0.80706336158179,4.32235289921281,0.962697074196766,6.45197612142756,1.70297805567304,17.3178373536069,0.00170633312124991,0.00163184323839219,2.50470593866898e-07,0.000852026621093584,0.00272926584508377,7.92068571060489e-06,7.62132947755408e-06,4.00753795411646e-12,4.40033550919714e-06,1.19509915914262e-05,-3222.30544680309,0.133926045771653,0.0881468042998845,0.945625,0.438873309676689
"constant",1600,"montoril",200,80.071,108.151081673703,380.75919889149,56.1777360171763,827.602417330841,188.568389277845,57.7967833672279,2047.78150409893,209.695503292734,1.35068978373822,4.75526968429881,0.701599031074625,10.3358571434207,2.35501479034663,25.5745713691465,0.00231090844191017,0.00221737899321242,4.36506491510163e-07,0.00114141258682423,0.00357257937009221,9.5112441118152e-06,9.11072844252093e-06,6.82320788666888e-12,5.12711049335197e-06,1.46883612888684e-05,-3170.23271408886,0.126711201154588,0.0910246730779772,0.956875,0.475000006337282
"constant",1600,"montoril",20,80.952,91.7065288518758,352.923455078468,65.8793446513866,650.248765264632,176.076185351419,31.7895494836123,1789.28855160869,84.8295537783113,1.13285068746758,4.35966319644318,0.813807498905359,8.03252254749274,2.17506899584221,22.1030802402496,0.00206775273483635,0.00196116900774082,4.37960821203295e-07,0.000917818684973604,0.00334771905989475,9.11122603810003e-06,8.75602540721769e-06,5.72445362860779e-12,5.01761850338313e-06,1.3861555530474e-05,-3142.77934230482,0.116359153262833,0.0761200624840796,0.96125,0.45642267058088
"constant",1600,"montoril",21,82.287,118.557865446443,526.837803670046,41.8222725999758,770.254613284257,176.616091716313,40.0092679260117,1803.19675052486,73.1411263451939,1.44078488031455,6.40244271476716,0.508248843680968,9.36058688838161,2.14634257800519,21.9135070001927,0.00218196484544813,0.00206702943319875,4.78748920038217e-07,0.00105625731857744,0.00353610667546799,9.12208528160806e-06,8.75843807855923e-06,5.60424081114682e-12,5.08069902537824e-06,1.37991646725576e-05,-3218.81711872426,0.131320187729532,0.0957981167807587,0.933125,0.462140132750343
"constant",1600,"montoril",22,81.798,158.686993800187,612.850830652819,69.9676783323083,650.856197197844,225.221510138406,9.9054099442235,2809.67176628943,212.66247947404,1.9399862319395,7.49224712893737,0.855371504588234,7.95687177189961,2.75338651480972,34.3489054290988,0.00272209155733695,0.00261752789610278,6.29857864016088e-07,0.00126394890952345,0.00435406430540715,1.0199749280245e-05,9.74639893149525e-06,8.19339484083991e-12,5.42011723333671e-06,1.60168781118672e-05,-3179.49908495062,0.128908674350643,0.0939223836607129,0.96375,0.490872411657861
"constant",1600,"montoril",23,82.393,106.476531599503,335.771716464298,42.6380169270959,814.930637389557,237.224415334241,32.1895269047886,3242.53412030319,263.162245376654,1.29230070029618,4.07524566970857,0.517495623743472,9.89077515552968,2.87918166997489,39.3544854575412,0.00303441145010373,0.0028938978440854,1.05454491111312e-06,0.00125774339106795,0.00520407140765013,9.8313571749941e-06,9.45799281859131e-06,6.96419248362733e-12,5.28076192363253e-06,1.51096026006298e-05,-3146.05218019799,0.123371878540783,0.085435317758773,0.960625,0.503420308147117
"constant",1600,"montoril",24,81.864,168.660106287957,752.324169390126,100.302844072712,728.369049681611,205.021810169537,58.602556232495,2527.06137655796,506.501074867432,2.06024756044118,9.18992682241432,1.2252375167682,8.897305893697,2.50441964929074,30.869019062811,0.00252050202437792,0.00241495286459077,6.17262725050323e-07,0.00116285065429892,0.00413760923051788,8.84173195177686e-06,8.50745101518899e-06,5.10299528850916e-12,4.9582586090107e-06,1.34497580906242e-05,-3183.78404053961,0.12625822214579,0.087143847276694,0.966875,0.479214144680089
"constant",1600,"montoril",25,82.084,176.090115568852,610.25080081584,100.376818303673,749.80831587714,188.537500133832,9.39236882875732,2288.20190482284,155.310015084208,2.1452428679018,7.43446714117051,1.22285485970071,9.13464640949686,2.29688490002719,27.8763450224507,0.00240711640508411,0.00233406578845319,4.70920578225458e-07,0.00121212315038745,0.00378733825133887,9.50934755504327e-06,9.16938840536165e-06,6.5248641122668e-12,5.08290075657538e-06,1.4413529706567e-05,-3165.24725849168,0.122024863204094,0.0809974497175887,0.956875,0.478480789360294
"constant",1600,"montoril",26,81.887,107.024477174934,369.074889296021,113.808656479433,564.000420618858,136.589459062074,4.63026313882682,1260.04288987826,79.9547159716372,1.30697762984275,4.50712432127225,1.38982569247173,6.88754528336437,1.66802372857809,15.3875815438135,0.00173204405578964,0.00166120485518307,2.64518742833015e-07,0.000863737767538929,0.00275332262711458,8.37121939156373e-06,8.01241954270139e-06,4.92499067283508e-12,4.57432979520294e-06,1.27943145090239e-05,-3202.36395381408,0.132086552783422,0.0907677382219,0.95125,0.446385534824554
"constant",1600,"montoril",27,81.856,89.4587464130238,391.774318129652,109.759086498119,704.637728168909,190.782581337875,42.8621753953711,2108.58106254515,288.70766451356,1.09287952517865,4.78614051663472,1.34088016148015,8.60825997078905,2.33070979937787,25.7596396421172,0.00233266600638042,0.00226856047490592,4.63097979399262e-07,0.00110225171407377,0.00374374565189255,9.27420098625952e-06,8.95347697084029e-06,5.76905667037727e-12,5.04647328109098e-06,1.39159483706143e-05,-3217.7540065025,0.12634036419676,0.0877801755030552,0.964375,0.474981128607243
"constant",1600,"montoril",28,81.905,107.369082433001,462.896327317605,50.2216896690072,645.763979802939,213.813891023859,29.5915890618374,2621.51512391828,159.510653026594,1.31089777709542,5.65162477648013,0.613170009999477,7.8843047408942,2.61051084822489,32.006777656044,0.00257848264869479,0.00248520667417908,6.06546044400769e-07,0.00118914122676827,0.00418816449228533,9.65576348755643e-06,9.30316629445138e-06,6.41788058111086e-12,5.3330465901773e-06,1.47247074385433e-05,-3180.85027283301,0.143830090997509,0.105585758532575,0.95,0.485318159895394
"constant",1600,"montoril",29,82.086,62.0297617917765,323.581133950744,113.988878023229,757.093676043511,170.376613465188,25.6430753028433,1699.77158515616,93.0925098408465,0.755667979823313,3.94197712095539,1.3886518775824,9.22317662017289,2.07558674396593,20.7072044582043,0.00193195539459051,0.00186683055357159,3.15425367617806e-07,0.000919473288802622,0.00299619087246885,8.95639052822734e-06,8.63692135853936e-06,5.23020803530572e-12,4.9602566119976e-06,1.35195528797166e-05,-3178.22799752363,0.116974836893299,0.0753175266281284,0.95625,0.450801042260931
"constant",1600,"montoril",2,82.347,83.0970487170548,464.797605317156,89.614168341922,728.331782423443,239.328865231914,16.7953581480059,3301.85493756159,83.9803662077233,1.00910839152677,5.64437812327292,1.08825055365614,8.84466686610858,2.9063458927698,40.0968455142456,0.002865214121949,0.00280130502885853,7.27694048535383e-07,0.0013449991511647,0.00457147623976416,9.54086950737311e-06,9.18739962134779e-06,6.62690025282582e-12,5.08543158790513e-06,1.4654200373882e-05,-3178.24797527416,0.133190904005337,0.101471228028902,0.965625,0.490692104368607
"constant",1600,"montoril",30,81.923,131.975010749119,484.547328595339,94.8350315611745,766.254301482167,223.290851744021,12.3217803400301,2849.17296318776,72.3689851029211,1.61096408516679,5.91466778066402,1.15761180085171,9.35334767381769,2.72561858994447,34.7786697653621,0.00265184556714561,0.00253833748561233,6.45970932265175e-07,0.00124293024324891,0.00419974414771552,9.08814884007875e-06,8.74168964740202e-06,5.5163748242454e-12,5.06029106543512e-06,1.38159360104844e-05,-3175.42781023935,0.13081413721589,0.0938696436586713,0.9625,0.476719050956478
"constant",1600,"montoril",31,81.151,93.6939533117418,520.961845648946,11.8431766829239,926.966836639251,189.471575793946,5.26640837065599,2045.3842836733,60.6411333809164,1.15456313923109,6.41966020934981,0.145939996832126,11.422740775089,2.33480272324366,25.2046713370544,0.0024365393739736,0.00230064237728961,6.38892787379437e-07,0.00113653670806457,0.00410490433967939,9.40588163008753e-06,9.03799711249187e-06,6.0656668154788e-12,5.22320809737176e-06,1.42601158919417e-05,-3176.43090802608,0.128529156441741,0.0949734141720804,0.930625,0.481058777671552
"constant",1600,"montoril",32,82.035,183.787578047659,628.783784215625,101.390117989017,857.896154743782,239.286576207924,20.1012737462236,3414.04379628183,303.198640149114,2.24035567803571,7.66482335851313,1.23593731930295,10.4576845827242,2.91688396669621,41.6169171241766,0.00285180610935647,0.00275903142890626,7.19363735829307e-07,0.00133277818139828,0.004540375504337,9.31943894835783e-06,8.92265486812118e-06,6.24879157808321e-12,5.11154925601244e-06,1.4262660243765e-05,-3176.28328135823,0.131218402039218,0.0995643280868704,0.94625,0.489081644132853
"constant",1600,"montoril",33,80.717,80.1555134799966,357.683766794446,119.449384327539,649.213506070453,144.962616307837,26.7322028697409,1258.62858271531,101.842792140606,0.993043763767194,4.43133127834838,1.47985411161886,8.04308269720695,1.79593662187441,15.5931040885478,0.00175572861223535,0.00169371495791289,2.27368553250386e-07,0.00090416977652558,0.00269512916566442,9.18554122919296e-06,8.8800259675442e-06,5.52528626212187e-12,5.12953776169906e-06,1.39544579376987e-05,-3156.62798048091,0.127922381653038,0.0899016082000858,0.95,0.450735788090277
"constant",1600,"montoril",34,84.019,77.8302590365408,697.354296051364,62.0668555943404,785.640945690021,190.899817070249,29.1798615489228,2111.58835075353,223.898964320406,0.926341173264867,8.29995948596584,0.738724045684195,9.35075334971876,2.27210294183755,25.1322718760463,0.00233876759987431,0.0022195708425512,6.18891187232899e-07,0.00105182862487126,0.00398650711541312,9.22994248408753e-06,8.9033080690499e-06,5.82171021719483e-12,5.04854690215665e-06,1.3999653801151e-05,-3200.66610701689,0.120731050600693,0.0840755186048812,0.95875,0.473779368673022
"constant",1600,"montoril",35,82.662,104.416235419179,447.192701045401,76.1262118349621,677.820477232467,210.712503674987,57.3370844921012,2614.91622650689,324.258442041613,1.26317093004257,5.40989452282065,0.920933582963902,8.19990415465954,2.54908547670014,31.6338369082152,0.0025859268994699,0.00248360709399423,6.29646700658167e-07,0.00119257584952302,0.00419159872696036,9.75236048754424e-06,9.38630017030064e-06,6.87837483227918e-12,5.23898246122206e-06,1.50732394644865e-05,-3184.38886594092,0.124422974053557,0.0855599433231751,0.955625,0.480585419843085
"constant",1600,"montoril",36,80.994,133.329146172465,642.820246422567,66.0997442884558,582.101594650581,188.23692401612,14.5357769432194,1982.96012924263,212.870678305847,1.64616077947088,7.93664032425324,0.816106678129933,7.18697180841274,2.32408479660369,24.4828027908565,0.00229187870145167,0.00215417026801162,5.6907163840194e-07,0.00107586291699513,0.00380672766928761,9.75311134824485e-06,9.41649297902672e-06,6.38772692083764e-12,5.34031042863894e-06,1.4771086603901e-05,-3184.32086887162,0.134023862455661,0.0943609521673989,0.943125,0.466816824739316
"constant",1600,"montoril",37,82.239,136.153128471111,412.010658424971,91.3260507453844,514.921672232897,177.719812995262,9.58666593208288,1741.96351392356,175.799519533855,1.65557859982625,5.00991814619549,1.11049563765834,6.26128323827986,2.16101622095675,21.181720520964,0.00206674841170256,0.0019991363366291,3.46734065013301e-07,0.0010310335003689,0.00325968541339442,1.00643143193271e-05,9.60983156281419e-06,7.95166560329027e-12,5.35098267229407e-06,1.57400107262634e-05,-3117.80594409611,0.128744749718899,0.0917744125338334,0.945,0.460640473609795
"constant",1600,"montoril",38,79.268,87.9210586931466,250.505435685416,83.4892095572657,691.613846750181,158.283711756244,28.3413306966549,1621.48526884897,184.904216288125,1.10916206657348,3.16023408797265,1.05325237873121,8.72500689748929,1.99681727501948,20.4557358435809,0.00199279020173086,0.00188815231519284,4.10195873146583e-07,0.000887222783731871,0.00324913540526257,8.60295182850142e-06,8.2852849847815e-06,4.81308428024864e-12,4.84881574207058e-06,1.30026835929101e-05,-3147.9829794852,0.119700516122208,0.0824258097129952,0.94875,0.45715324957864
"constant",1600,"montoril",39,80.826,119.549915954192,400.239721973097,90.487922728906,563.807857670682,176.02910945214,44.3694618709381,1906.79871824524,243.671962371388,1.47910221901606,4.95186848258106,1.11953978582271,6.97557540482867,2.17787728518225,23.5914027447261,0.00209717014425161,0.00202632295555491,4.11924838199448e-07,0.000992803731364755,0.0033663685898208,8.91066989963636e-06,8.59135789443765e-06,5.34475652637389e-12,4.94638641294188e-06,1.35162975338049e-05,-3210.37104390984,0.116431205484834,0.0760832290198393,0.95625,0.461923969994492
"constant",1600,"montoril",3,82.752,157.288193472579,683.659119045051,83.1156552898742,823.62190175787,209.41708192344,14.3804807353634,2592.44429865574,388.538575321862,1.90071772854528,8.26154194514997,1.00439451964755,9.95289421111115,2.53065885928364,31.3278748387439,0.00258457315653653,0.00243627280143495,6.26487649322562e-07,0.00128703995913206,0.00426079899150605,9.61873054469091e-06,9.22820664655046e-06,6.52892647389088e-12,5.17970868011403e-06,1.46233847950207e-05,-3154.77083678756,0.120090465149076,0.0846580705175671,0.96875,0.482845984306949
"constant",1600,"montoril",40,82.413,32.0579523169452,168.473603368978,79.2542266122842,739.75327785456,197.823227792729,17.2611744201092,2306.93046941377,70.6642692825965,0.388991449370186,2.0442600484023,0.96167141849325,8.97617217980852,2.40038862549269,27.9923127348085,0.00236362913130796,0.00226385935898113,4.91301653912687e-07,0.00115248659571313,0.00375065919142929,9.37905804536403e-06,9.02418668166517e-06,6.48128984806311e-12,4.97056845086528e-06,1.43335444059563e-05,-3169.34163411583,0.114227822366064,0.081149057995349,0.96875,0.47305126786809
"constant",1600,"montoril",41,84.693,169.029090056124,742.715931528586,8.44173108923935,553.393383690941,191.546317367436,10.2835532273539,2030.78039949294,93.7661743270164,1.99578583892558,8.76950788764816,0.0996744841868791,6.53411006447925,2.26165465112153,23.9781375024257,0.00240104894745629,0.00230667845975676,5.25131593852153e-07,0.00111283931957426,0.00384258607253859,9.85842578495256e-06,9.41711330461397e-06,7.74689496047218e-12,5.19083030136352e-06,1.54543302067528e-05,-3110.21076524185,0.139163542939657,0.106604233599263,0.9425,0.478537635720766
"constant",1600,"montoril",42,81.628,172.686026013248,765.432473402108,56.3176560543797,652.001646258006,194.104440554724,37.9956730703543,2076.85820835004,157.438939513794,2.11552440355328,9.37708229286652,0.689930612711076,7.98747545276137,2.37791493794684,25.4429633011962,0.00244965060703538,0.00231543032819776,7.3858319639061e-07,0.000992850444572484,0.0040734545004562,9.22218156237983e-06,8.82022087442295e-06,6.53353729815377e-12,4.90173457599694e-06,1.42383226642016e-05,-3124.17417246625,0.118055209142463,0.0823601463484499,0.96875,0.477963329626494
"constant",1600,"montoril",43,82.85,86.9871588961433,276.591240941042,110.671732375749,789.169807850309,142.204453307684,23.4754659991124,1347.16169914963,170.963929975829,1.04993553284422,3.33845794738735,1.33580847767953,9.5252843433954,1.71640860962805,16.2602498388609,0.0018152038167044,0.00173552960203051,2.54223021908655e-07,0.000991418557242953,0.00285556824008373,8.81697683537857e-06,8.51810715897023e-06,4.70815131767227e-12,5.12619951192855e-06,1.31808992523338e-05,-3131.59822573865,0.130664748920941,0.0867703393179788,0.9475,0.449402105940723
"constant",1600,"montoril",44,79.384,112.31898564773,388.978208341985,81.0952997689575,514.560570775352,163.931052585181,37.8796288231654,1691.12179563677,234.724501226582,1.41488191131375,4.89995727529458,1.02155723784336,6.48191790254147,2.06503895728587,21.3030559764786,0.00209513040949289,0.00198437916223082,4.13557477600261e-07,0.000968852019708164,0.0033878705155969,9.09934125189564e-06,8.74085959787301e-06,5.56737422675064e-12,5.09868474897056e-06,1.37624364832605e-05,-3157.45415299337,0.12599169522857,0.0886509645132679,0.9525,0.464716235429273
"constant",1600,"montoril",45,82.647,66.5064179022339,271.694395833553,103.654137770871,660.845389269782,145.819873753224,12.0656179754137,1399.02576289999,131.990640148287,0.804704561596112,3.28740784098095,1.25417907208817,7.99599972497226,1.76436983499975,16.9277259053564,0.00186978937762806,0.00179781653891935,2.87404627217461e-07,0.000964998018862047,0.0029349262048175,9.1071954530164e-06,8.78086423066497e-06,5.80609918510932e-12,4.91991846690638e-06,1.39735012659299e-05,-3174.42007862316,0.130016941148589,0.093583488872485,0.94625,0.446281210877186
"constant",1600,"montoril",46,82.557,115.378059198444,422.563394274562,71.7374602375799,698.39494509076,178.373913256728,8.08488937997583,1922.87422913204,182.958687670307,1.39755634529409,5.11844415706193,0.868944610845596,8.4595484948673,2.16061525075679,23.2914741225098,0.00212068885095924,0.00202732919543673,4.96907599567086e-07,0.000909857131856926,0.00352636288882434,8.71817685909081e-06,8.31125993478635e-06,5.53670933957811e-12,4.80627508518095e-06,1.34106752573221e-05,-3202.33442588915,0.130675614128927,0.0913722136358519,0.928125,0.461226575574492
"constant",1600,"montoril",47,81.451,119.446299207022,670.009122029903,83.6646530142473,671.234704054344,239.044807340432,47.5305202650126,3371.19574679074,466.387616227713,1.46648045090941,8.22591646548112,1.02717772666078,8.24096332831205,2.93482961953115,41.3892493252476,0.00289927158551459,0.0027818434022313,8.25839344797554e-07,0.00131852259341904,0.00469180495301189,9.45448312938623e-06,9.12246375220602e-06,6.35934755416231e-12,5.1285443584022e-06,1.44842016392652e-05,-3155.3705907889,0.124921639005645,0.0941776957206459,0.973125,0.493413213005719
"constant",1600,"montoril",48,81.67,211.944448989555,1175.08181512025,117.489432701037,700.512917584543,333.264052586091,82.2455343410488,6571.50131648214,953.304719350799,2.59513222712814,14.3881696476093,1.43858739685364,8.57735909862303,4.0806177615537,80.4640788108503,0.00401123886677984,0.00391675123181665,1.15624095430468e-06,0.00205078261446366,0.00611678687189034,9.89747479748262e-06,9.46428571119736e-06,7.60961081931911e-12,5.19185569744534e-06,1.5419678087919e-05,-3177.01006954549,0.122358823660041,0.0869013216059789,0.974375,0.526856447970591
"constant",1600,"montoril",49,83.824,68.0022664131774,338.752976716507,93.8872284599246,450.79530939722,158.453144165361,19.9957097785956,1688.30181287416,185.966211717878,0.811250553697956,4.04124089421296,1.12005187607278,5.37787876261237,1.89030759884234,20.1410313618315,0.00198872537123622,0.00191594652975588,3.54037669470048e-07,0.000944653211938609,0.00318633958953746,8.97178718259916e-06,8.57205102278861e-06,5.87475710524295e-12,4.92031971370095e-06,1.39048720252057e-05,-3149.29508847035,0.127021441301352,0.0898996990861559,0.961875,0.457567499737056
"constant",1600,"montoril",4,82.254,64.0684130815844,198.275092496363,88.8209866956972,510.063905647847,154.847277329092,8.50814863196914,1416.63508280266,134.48853518938,0.778909391416641,2.41052219340535,1.07983790084005,6.20108329865839,1.88255011706534,17.2226892649921,0.00196334921619588,0.00191393631935289,3.01919159145776e-07,0.000972980731738929,0.00301811103088087,9.66793763804163e-06,9.29468556842736e-06,6.57368773117031e-12,5.27701998415416e-06,1.47408753091469e-05,-3177.92555187604,0.125165179749475,0.0885114995976886,0.93875,0.464176936868321
"constant",1600,"montoril",50,81.629,107.890313967648,293.088527830876,97.2639412130174,696.187845517719,174.964508654467,25.449588910206,1744.07080172495,174.793128546387,1.321715492872,3.59049514058578,1.19153660112236,8.52868276614585,2.14341114866612,21.3658234417296,0.00206210340631811,0.00199934893838418,3.46501223601452e-07,0.0010235698796239,0.00320515854283688,9.24803435952207e-06,8.84809162933591e-06,6.22021281857238e-12,5.14320685144241e-06,1.44659788699878e-05,-3156.36073724747,0.131498986379481,0.090650513377123,0.936875,0.450380228066031
"constant",1600,"montoril",51,79.793,101.633022941796,316.026520002872,92.9692517203543,815.392918644805,183.449740423624,29.3120769521873,1949.45921478933,159.804857601353,1.2737085075357,3.96057949949083,1.16513042146998,10.2188527645884,2.29907060047403,24.4314565787642,0.00222367828855762,0.0021345052413469,4.57288718774255e-07,0.00107053604562049,0.00354425213578904,9.2157078620132e-06,8.87991296528509e-06,5.61575480593573e-12,5.04828442622073e-06,1.3938033721662e-05,-3174.06323649567,0.120043419749315,0.0852566619243037,0.965,0.470380270370182
"constant",1600,"montoril",52,80.086,159.319567049732,608.185619402015,94.8960647890816,784.112315994391,177.884691981725,6.59757657653023,1934.78163693433,248.267663007994,1.98935603038898,7.5941565242616,1.1849270133242,9.79087875526798,2.22117089106366,24.1587997519458,0.00217952040392028,0.0020814830470722,4.61774490270139e-07,0.00103714988631097,0.0035164677146954,8.98533927755612e-06,8.65332692014457e-06,5.2987951281154e-12,5.07091014288838e-06,1.36894715074866e-05,-3130.39629900716,0.138468801653703,0.100414598048342,0.9325,0.464916253403188
"constant",1600,"montoril",53,81.893,123.610628483936,795.844474979915,88.1670284742174,666.273198385053,227.116134768167,46.6471605277312,3042.10672822927,442.993570208518,1.50941629301571,9.71810136372969,1.07661251235414,8.13589926349081,2.77332781517549,37.1473352817612,0.00283477415004819,0.00272641639918715,7.2070145814699e-07,0.00135342726414071,0.00459782008657554,9.73294385125634e-06,9.35936875139254e-06,6.81760686621639e-12,5.27531992158944e-06,1.49459551838387e-05,-3180.11124828745,0.123809407719945,0.0865140510649232,0.96375,0.491870172292407
"constant",1600,"montoril",54,81.004,92.2561814542697,299.195244475648,70.5205679826034,842.111255560674,189.928682168064,24.8783696478447,2005.9230110308,211.914849353139,1.13890896072132,3.69358605100548,0.870581304412169,10.3959218749775,2.34468275848186,24.7632587406893,0.00228297974375256,0.0021848250270607,5.04030680230079e-07,0.001071033073138,0.00366529924109652,9.78351297596618e-06,9.43035043826718e-06,6.35749608828408e-12,5.42183055118775e-06,1.4739567173436e-05,-3170.1483265173,0.117654870138785,0.078358170514473,0.969375,0.468070940268337
"constant",1600,"montoril",55,79.335,57.4742629659292,373.679288438136,120.54956832525,591.917538289734,149.170751364065,3.94389071442492,1523.06467889604,41.4505410900658,0.724450280026839,4.71014417896434,1.51950045156929,7.46098869716688,1.88026408727629,19.197890954762,0.00205151617532819,0.00195282004291872,3.83170731358793e-07,0.000993931313708627,0.003295763414639,8.97306368359855e-06,8.60367111569772e-06,5.65817653087172e-12,4.9063956914418e-06,1.37746986421736e-05,-3175.56303559438,0.123179625289763,0.0802175665840452,0.9625,0.468886032786713
"constant",1600,"montoril",56,79.993,128.796156281065,547.664347372598,73.5559784933336,672.941662751778,190.420303474078,30.4396305272151,2148.03135760915,224.522545953354,1.61009283663652,6.84640340245519,0.9195301900583,8.41250687874911,2.38046208385831,26.8527415850031,0.0023854535235121,0.00230288789865154,5.46893852599709e-07,0.0010981224380412,0.00390832353682107,9.61531733770034e-06,9.20489882281377e-06,6.84405270929694e-12,5.0965904647981e-06,1.47526396683262e-05,-3144.67528159498,0.124587687737709,0.0870244455156616,0.96625,0.477343397762787
"constant",1600,"montoril",57,82.558,120.089552044329,548.955729601878,63.7198023871703,442.941080834605,178.33596372108,9.94248259483058,2011.08145371677,294.636362184034,1.4546083001566,6.6493341602495,0.771818629171859,5.36521089215587,2.16012940867124,24.3596193429682,0.00230067060963606,0.00221365733739375,4.46311498810614e-07,0.00112443949093042,0.00362573298831718,9.32816509799164e-06,8.92911229629296e-06,6.25360871268646e-12,5.14031339252097e-06,1.44123672648409e-05,-3181.19133070506,0.115062920434504,0.0831105976379037,0.96875,0.473586248500742
"constant",1600,"montoril",58,82.556,152.904423032737,649.83376294321,120.979675720519,838.356425440268,244.06177672289,10.9347599015062,3643.29748462565,372.092805617108,1.85212974263211,7.87142985298718,1.46542559863025,10.1550029730155,2.95631785361318,44.1312258906155,0.00306816345779955,0.00293981293556634,7.89109319163956e-07,0.00150561914030562,0.00481440877397395,9.27047831345329e-06,8.88542229150075e-06,6.36107804171656e-12,4.94057166496528e-06,1.43089859960603e-05,-3172.39984194772,0.127779286539566,0.0925152149813559,0.968125,0.503666609903665
"constant",1600,"montoril",59,80.293,93.4254450261573,359.361770747125,149.040971628713,885.128106539969,213.35936342342,16.03118216446,2868.16088530177,201.156755438129,1.16355653701017,4.47563013895515,1.85621376245393,11.0237269318617,2.65725982867024,35.7211822363316,0.00266374241528467,0.00256452568681945,5.33543918337399e-07,0.0014203473062647,0.00415389380375394,9.17916665805247e-06,8.7832754895518e-06,6.10067379389385e-12,4.99516115274784e-06,1.42019403802281e-05,-3189.47782512712,0.116089890087944,0.08103035341582,0.97,0.486927869619569
"constant",1600,"montoril",5,82.573,46.7488554281133,294.770553019187,80.4816659639684,554.743959154788,191.475649879486,23.7294546109425,2154.52791664609,176.965363248724,0.566151834475111,3.56981765249158,0.974672907172664,6.71822459102598,2.3188651239447,26.0924020762973,0.00237312044643775,0.0022849101996432,5.05087022366115e-07,0.00111256792402482,0.00379707979967954,9.22776628846875e-06,8.86619882903279e-06,6.23188067978906e-12,4.86578800601965e-06,1.40681767346397e-05,-3170.61648320689,0.141589803948976,0.0983372322002405,0.950625,0.478211177547469
"constant",1600,"montoril",60,83.732,102.257638538764,420.336866942859,134.931430679944,783.395107478722,173.99154278241,25.7892847530237,1668.95696981193,249.916250438215,1.22124920626241,5.02002659607867,1.61146790569847,9.3559822705623,2.07795756440082,19.9321283357847,0.00210873351630939,0.00202066121705125,3.65671346454237e-07,0.00108996731828006,0.00333325034004195,9.524318629627e-06,9.16714496035634e-06,6.21153903244947e-12,5.25750379915158e-06,1.4462107797521e-05,-3172.4755796229,0.119110907309002,0.0843582790441096,0.96125,0.46922376307501
"constant",1600,"montoril",61,82.618,136.208992547901,411.40111470025,83.8422106367598,502.133143994127,176.024143930913,8.27866468539135,1879.98026849893,169.751982794468,1.64866000808421,4.97955790142886,1.01481772297514,6.07776929959726,2.13057861399348,22.7550929397822,0.00223235756483065,0.00213299271042276,4.41529295472319e-07,0.0011230383262316,0.00358991209637598,9.62595419681188e-06,9.27763396293804e-06,6.38547419365529e-12,5.26372454633196e-06,1.4783887783597e-05,-3150.34362266433,0.128411409040763,0.0927423733462016,0.949375,0.471094063742007
"constant",1600,"montoril",62,79.686,176.317565088427,685.549332060118,91.4304620482903,493.846068590311,225.101302063887,56.0164443533149,2925.37556781199,465.747630303112,2.21265423146383,8.60313395151116,1.1473842588195,6.19740065494956,2.82485382706984,36.7112863967571,0.00274942063228964,0.00264066844441948,6.40185016862945e-07,0.00139648509234398,0.00432979193401613,1.00278308426506e-05,9.61581512332549e-06,7.41829135147311e-12,5.3751613990363e-06,1.56627058265607e-05,-3202.10820686063,0.135882054333527,0.0997039607936847,0.968125,0.48716554675941
"constant",1600,"montoril",63,82.198,127.06339310242,436.28987081442,88.5141333881053,610.302481137581,171.754523279654,31.3244793288974,1707.58846039685,179.870465491336,1.54582098229178,5.30779180532884,1.07684047529265,7.42478504510549,2.08952192607671,20.7740876955261,0.00212244871824131,0.00204621948248819,3.8402057208042e-07,0.00103433657790204,0.00337976580387402,1.00446654331359e-05,9.65041022644584e-06,7.15891608545665e-12,5.40083691390884e-06,1.53310576510821e-05,-3144.01995218026,0.128424393360363,0.0922083752122527,0.94875,0.463902307758323
"constant",1600,"montoril",64,82.346,120.944058850144,480.714754882485,109.505999418622,582.853026478073,166.755423048055,36.0521506606381,1616.23683647863,80.5699749269393,1.46873022187045,5.83774263330927,1.32982779271151,7.07809761831872,2.02505796332615,19.6273873227434,0.0019719362696138,0.0019035100777382,3.51842656478811e-07,0.000921071749086378,0.00310669672087801,8.99476042089663e-06,8.63166924034232e-06,5.52996635384448e-12,5.03367014570474e-06,1.36021021126429e-05,-3138.56901652409,0.124682064996254,0.083942505811305,0.955625,0.453554310172439
"constant",1600,"montoril",65,79.74,74.9570123111435,273.340871011252,84.1237598323585,591.523725637359,162.792952583319,19.4200062429391,1615.63407440645,182.403599754795,0.940017711451512,3.42790156773579,1.05497566882817,7.41815557608928,2.04154693482968,20.2612750740713,0.0021131994674683,0.00199061585387074,4.83401252338592e-07,0.000974719313083445,0.00353944629271311,9.7375579525015e-06,9.37459833501496e-06,6.62300004425089e-12,5.33183510861632e-06,1.48833253309106e-05,-3178.46115912873,0.135784243398338,0.0942680600653471,0.96,0.464234122475471
"constant",1600,"montoril",66,82.031,160.05253749463,591.545715289455,88.3617797396177,836.300313028869,167.654471979416,28.1488708605333,1667.42615598691,229.893823892391,1.95112259383197,7.21124593494478,1.07717545488434,10.1949301243295,2.04379407759769,20.32678080222,0.0019547488373651,0.00191187560173289,2.94055199024196e-07,0.000933585186532035,0.00298088612847026,8.76480913275862e-06,8.43492228246588e-06,4.95924230783045e-12,5.06149513779031e-06,1.33098379768434e-05,-3176.71358560745,0.114266106233274,0.076373457033347,0.958125,0.454579477562749
"constant",1600,"montoril",67,79.692,146.970561160534,616.627755581702,70.1991989380569,649.933604306092,236.912171781682,38.6659182878182,3384.79192971699,286.174898754841,1.84423230889593,7.7376368466308,0.88088138003886,8.1555689944548,2.97284761057172,42.4734217953745,0.00300338256862003,0.00289247786679684,8.47780209684394e-07,0.00145572584358877,0.00488276279066752,9.55142614153436e-06,9.14843005932613e-06,6.51327362685615e-12,5.22651786903304e-06,1.46079708033547e-05,-3152.43320884909,0.122818853488709,0.0886129745154444,0.969375,0.496596722187425
"constant",1600,"montoril",68,82.252,175.141476022324,832.079698044881,83.5101026809338,792.353894193175,270.826627741489,16.0199568510674,4419.66977255472,271.998246066713,2.12932787071833,10.1162245057249,1.01529570929502,9.63324775316315,3.29264489302982,53.7332803160376,0.00344110486279888,0.0033489774781259,8.48603902779483e-07,0.00171202139712568,0.00531888683004553,1.00713151012171e-05,9.64846686393645e-06,7.90524399631035e-12,5.29469359570125e-06,1.5545119630569e-05,-3135.99753034354,0.132824546089811,0.098606333754177,0.97,0.516713599871499
"constant",1600,"montoril",69,80.583,84.1659235872132,304.778190952028,101.511172054879,826.979620492076,146.807799947254,11.9634011356464,1356.89431340507,129.337695155542,1.04446252419509,3.78216486047961,1.25970951757665,10.2624575964171,1.82182097895653,16.8384685778027,0.00175848515692951,0.00169235165261028,2.30114432769026e-07,0.000929800621985756,0.00270983127174451,8.45399341103772e-06,8.16598796073237e-06,4.68875635220262e-12,4.65799504532496e-06,1.26672713043834e-05,-3181.79345459464,0.125711522478198,0.086038203767188,0.948125,0.445255763838158
"constant",1600,"montoril",6,80.006,148.816929822516,758.040432719483,73.6968626709898,575.012833186255,219.322725917102,14.0591115025823,2763.95681592868,297.971885761457,1.86007211737264,9.47479479938359,0.921141697760041,7.18712138072464,2.7413284743282,34.5468691839197,0.00272360137053363,0.00261203113020318,7.05202178282909e-07,0.00125069318844836,0.00443236046135008,9.57492247334573e-06,9.13302751688495e-06,7.1595248057152e-12,5.08780149974812e-06,1.49906786565305e-05,-3148.45631406878,0.106425597679838,0.0740665990801766,0.9725,0.48775243713556
"constant",1600,"montoril",70,80.125,65.315570329377,296.291468073493,130.035958552296,739.0488257491,182.446442593321,14.5677775490659,2004.73756882635,77.9158407220484,0.815170924547607,3.69786543617464,1.62291367927982,9.2236982932805,2.27702268447203,25.0201256639794,0.00222819574735166,0.00215704662033305,3.63024589121087e-07,0.00115213992339889,0.00338764949891956,9.42271752544104e-06,9.02155806971165e-06,6.82886851892916e-12,4.96837461213156e-06,1.46015031031889e-05,-3158.5416970295,0.133004235253434,0.100584100867384,0.946875,0.467476823621881
"constant",1600,"montoril",71,79.716,192.312780360317,723.296177704526,109.900060000826,746.459137854529,212.97866687394,39.3103072673403,2718.27867655107,218.092765101493,2.41247403733651,9.07341283687749,1.37864493954572,9.36398135699895,2.67171793459206,34.0995368125729,0.00255261216202288,0.00244725490908399,6.08584042542779e-07,0.0012065213139497,0.0041110633937343,9.43805488670596e-06,9.08272701122779e-06,6.05372624352477e-12,5.13124452943701e-06,1.43949323957678e-05,-3169.41485152917,0.141732309205165,0.101997972372456,0.9575,0.480367118269772
"constant",1600,"montoril",72,81.053,128.972942199661,523.416495201018,125.878805822114,734.912006704608,203.485265433865,14.5597253252991,2457.8472736455,216.573696843509,1.591217378748,6.45770662654088,1.5530431424144,9.06705497272906,2.51052108415315,30.3239519036371,0.00254467428984217,0.00242339239851073,6.25860858680023e-07,0.00123290438514515,0.00411999151382616,9.46996870004205e-06,9.13459184361439e-06,6.2962506188187e-12,5.17004606436507e-06,1.4537114260398e-05,-3146.30270848052,0.133354111942006,0.0996532577937705,0.945,0.48301234116324
"constant",1600,"montoril",73,80.064,73.1370685103077,684.971024715389,94.3594413584418,452.710018308646,146.331486067625,24.0945565737011,1422.42835969507,164.886477883669,0.913482570322588,8.5552935740831,1.17855017683905,5.6543517474601,1.82768143070075,17.766141582922,0.00186284134821724,0.00182664379339561,2.57514784023336e-07,0.000893975468763967,0.00288819442726142,9.14557899372032e-06,8.75478595764103e-06,6.26057558558938e-12,4.976719259801e-06,1.42231774464418e-05,-3124.55328222495,0.119589260255282,0.0794083560044132,0.9625,0.456179909493306
"constant",1600,"montoril",74,79.99,106.012076537251,350.151985356778,77.4479524154212,618.270209205871,171.319886566199,10.3173514113647,1864.20844764424,260.32692176049,1.3253166212933,4.37744699783445,0.968220432746859,7.72934378304627,2.14176630286534,23.3055187854012,0.00213606845644578,0.00205922427569845,4.4095819154384e-07,0.000899873448793506,0.00338556244733002,8.66301141595978e-06,8.31612835586902e-06,5.30659853698532e-12,4.77222033084298e-06,1.3196627978789e-05,-3139.05242739052,0.131854296106159,0.0960311365473818,0.963125,0.462015612395856
"constant",1600,"montoril",75,79.958,94.8692221536685,266.91614206947,93.6170773107654,851.144113454336,166.838634436373,7.18049375032945,1671.85174736902,133.826152003499,1.18648818321704,3.33820433314328,1.17082815116393,10.6448899854215,2.08657838410632,20.9091241322823,0.00208327330540722,0.00200068450356518,4.37508477018047e-07,0.000910188241080379,0.00335023071530115,9.12108663688373e-06,8.78234246828447e-06,5.72258783115735e-12,5.14990949872124e-06,1.39809949522963e-05,-3188.6824231212,0.123090191469097,0.0836358408618149,0.961875,0.464617168775375
"constant",1600,"montoril",76,82.379,124.879169118997,472.193377673012,79.919308283093,710.346662885303,193.691550128623,22.1313709813425,2315.15285458822,322.359199077027,1.5159102334211,5.73196297203185,0.970141762865451,8.62290951438234,2.3512248282769,28.1036775705972,0.0024051235663864,0.00226996069651499,6.28081500660811e-07,0.00104932524639564,0.00394238759203927,8.88221137481408e-06,8.59298124038435e-06,5.0608885054895e-12,5.03374052844571e-06,1.33427325720822e-05,-3196.14120224114,0.120960434346606,0.0788472573572836,0.946875,0.474470115383057
"constant",1600,"montoril",77,80.617,145.995056892798,544.811266502992,72.377466002731,676.459452899638,151.386747095888,30.6483862814411,1404.25539583943,76.6192336362857,1.81097109657762,6.7580196050832,0.897794088129439,8.39102736271056,1.87785140970128,17.418849570679,0.00190165030435456,0.00184835233174018,2.88043979247035e-07,0.000937404663710506,0.00295039526360035,8.73592718775421e-06,8.40677469617396e-06,4.86629379943009e-12,5.01564011670933e-06,1.31482359033014e-05,-3166.79363715902,0.126733221024717,0.0898840325107047,0.93375,0.454636683265964
"constant",1600,"montoril",78,81.497,100.201229689162,370.274153847672,125.414288469474,642.523150442976,180.486623773538,13.2901974825484,1824.88917871847,61.430372109021,1.22950819894182,4.54340839353193,1.5388822713655,7.88400984628852,2.21464132144174,22.3921025156566,0.00216654097030204,0.0020803519639809,4.07114985707409e-07,0.00104948304211743,0.0034470730604715,9.54906781649799e-06,9.21192351303117e-06,6.01229623894505e-12,5.13841593861384e-06,1.44074930793398e-05,-3163.2437559751,0.135323695398763,0.09773845617734,0.931875,0.468660080565031
"constant",1600,"montoril",79,82.58,137.422548609336,621.826920429681,122.040068447264,709.093698319721,193.192909715305,12.3578632746531,2101.45174608224,213.451209008002,1.66411417545817,7.52999419265779,1.47784049948249,8.5867485870637,2.33946366814368,25.4474660460431,0.00238281955864196,0.00228154383752133,4.86405247754783e-07,0.00118364608122165,0.00387078837325142,9.95959336282362e-06,9.5981717432895e-06,7.08147742494683e-12,5.42773468800641e-06,1.52452469051757e-05,-3196.4301695765,0.118890750672245,0.0789689691445061,0.97,0.472377439977348
"constant",1600,"montoril",7,81.896,125.159578142657,490.259027796578,81.8627590826152,698.774696968686,202.336050033478,10.5087915203647,2391.25484980968,85.4628496558421,1.52827461832882,5.98636108963292,0.999594108169082,8.53246430800876,2.47064630792076,29.1986769782368,0.00238216112278515,0.00227923764340263,5.45563315139847e-07,0.00109659937208672,0.00387058425004107,9.05542698053135e-06,8.69189389843885e-06,5.43211444014064e-12,4.95477828502849e-06,1.37411439453512e-05,-3200.51727762288,0.115142744278971,0.0775871887837741,0.968125,0.47145323005974
"constant",1600,"montoril",80,82.232,166.022881846869,778.411525953447,92.8081914439035,892.404710009819,309.922620932087,8.55534394567704,6005.99097617053,504.416430619406,2.01895711945312,9.46604151611839,1.12861406075376,10.8522802559809,3.76888098224641,73.0371506976667,0.00375930129904157,0.00364794164916396,1.20553636696483e-06,0.00174772756323373,0.00589299450622184,9.71176792142572e-06,9.33905225318327e-06,7.00602241828164e-12,5.20994504393798e-06,1.49011192171468e-05,-3166.85314256403,0.131151554656692,0.0944980843137103,0.955625,0.519082470378399
"constant",1600,"montoril",81,79.587,75.88393214491,267.663446669345,88.9574667256434,396.740734107934,197.566068206323,34.6409761992848,2310.04286463828,188.377151873639,0.953471448162514,3.36315537297982,1.11773865990229,4.9849942089529,2.48239119713424,29.0253793287633,0.00238798623167163,0.00233325305362203,4.29322929263057e-07,0.00111224528050874,0.00367077224975492,9.83283183623056e-06,9.39887563749143e-06,7.3701102310778e-12,5.41567463005648e-06,1.53320240341274e-05,-3163.92291366897,0.106767117824721,0.0713574304196608,0.97,0.474095254168127
"constant",1600,"montoril",82,82.056,204.781785543576,1034.78339371394,108.026845170799,664.41742801854,269.540633825602,44.2244589816253,4169.96963139441,482.647548793493,2.49563451232788,12.6106974957827,1.3165014766842,8.09712181947133,3.28483759658772,50.8185828141076,0.00323490348623359,0.00315702762302326,8.58285119024355e-07,0.00152429437969354,0.00508973344728994,9.55556093177461e-06,9.16258398357113e-06,6.85746118891172e-12,5.1599826326274e-06,1.490132512072e-05,-3155.33269237263,0.12859718167067,0.0919929455361228,0.974375,0.504521888122922
"constant",1600,"montoril",83,81.555,106.076679706219,345.687233760803,75.8891729788876,615.746016858067,164.969027075626,31.2767722211936,1713.80673111588,238.603134464024,1.30067659501219,4.23870067758939,0.930527533307431,7.55007071127542,2.02279476519681,21.0141221398551,0.0021415098058126,0.00203080966959406,4.70389561801028e-07,0.000964529434933759,0.00354221217532757,9.38906095852009e-06,9.03169145832522e-06,6.28158538925834e-12,5.18503212329417e-06,1.44127971436468e-05,-3154.96552236406,0.112716331984403,0.0771710376928546,0.966875,0.463878539762645
"constant",1600,"montoril",84,80.598,124.075797236401,621.831299778904,101.885575221106,748.502208807796,243.879386389153,33.9402520103531,3407.28624008055,459.697302695909,1.53944015033128,7.71521997790148,1.26412039034598,9.28685834397623,3.02587392229525,42.2750718390103,0.00301690068559736,0.00287164453812685,9.51680904852514e-07,0.00134533092399573,0.00493999963721362,9.63529253615551e-06,9.28403668430728e-06,6.39762177734561e-12,5.33865785794627e-06,1.47290013612643e-05,-3189.05384667415,0.122516401080368,0.0867912246658649,0.961875,0.504176914118073
"constant",1600,"montoril",85,80.073,79.1754082670243,393.97658496821,37.5773947655824,692.51987640563,190.132033804624,21.1438856950368,2166.8064295729,92.4035859724755,0.988790332159708,4.92021761353027,0.469289208167328,8.64860660154647,2.37448370617591,27.0603877658249,0.00242622507244139,0.00235193229691705,5.64835319559269e-07,0.00103755138958344,0.00389043747848205,9.32197270270015e-06,8.93496292375791e-06,6.09824366626827e-12,5.14178591054207e-06,1.42240385519151e-05,-3145.2977674089,0.120113122981657,0.0824983474218454,0.971875,0.476757343994202
"constant",1600,"montoril",86,80.64,141.998829494064,761.682983676836,104.802786828233,768.029877599245,213.150591989902,42.6296660227085,2725.92457124137,291.940275207063,1.76089818321012,9.44547350789728,1.29963773348503,9.52418002975254,2.64323650781129,33.8036281155923,0.00266370008485805,0.00253820797644249,6.84214042036177e-07,0.00122267324130306,0.00433042354094734,1.01235864771889e-05,9.69879081208375e-06,7.90754325553609e-12,5.31404763106902e-06,1.57222488280621e-05,-3142.67445664472,0.133651959179421,0.0982004474906647,0.966875,0.491302369208333
"constant",1600,"montoril",87,79.782,93.05892454239,459.609766748146,95.521720639811,723.290007238231,217.374581612088,7.77682634670818,2607.88518606851,80.5564350733493,1.16641503775776,5.76082031972307,1.19728410718973,9.06582947579944,2.72460682374581,32.6876386411535,0.00256322166781019,0.00244907086269621,5.985047518318e-07,0.00128829586761226,0.00411636100786135,9.63643601462443e-06,9.22545815843319e-06,6.92044472144534e-12,5.17498583659617e-06,1.49172852078364e-05,-3215.10359959843,0.125511772773574,0.0891914456133735,0.971875,0.478829529020103
"constant",1600,"montoril",88,82.468,73.9636624491133,261.990864605226,70.5296799128906,752.101543353247,151.085863999612,4.80110375105656,1481.37053800727,54.992434401188,0.896877121418165,3.17687908770949,0.855236939332718,9.11991976710054,1.83205442110409,17.9629739778735,0.00196239398422091,0.00184984991210117,3.71571857787967e-07,0.000885691457956783,0.00317553648059978,9.30871667973851e-06,9.0381875785208e-06,5.35571354421413e-12,5.25975268699147e-06,1.39171858679982e-05,-3167.13668663257,0.128641533136116,0.0910743326950122,0.955,0.461393176767352
"constant",1600,"montoril",89,79.337,84.01805487084,489.378767728242,98.4899900177998,554.646561269618,178.517786088569,6.20711306053133,1868.64061810971,124.007271295129,1.05900216633903,6.1683548373173,1.24141308617417,6.99102009490677,2.25012019724175,23.5532049120803,0.00215327990815435,0.0020464636955804,4.29594757567243e-07,0.00106851060144941,0.00351066183786374,9.25605038825959e-06,8.91791549975752e-06,5.99494445891036e-12,4.99500466033885e-06,1.41486317752964e-05,-3170.99792281115,0.115337729231222,0.0802912661946788,0.968125,0.466820696833094
"constant",1600,"montoril",8,81.192,183.165700732783,799.023111965624,121.069890384561,675.855430451856,175.031408042379,38.7081006139722,1927.70190831339,282.978832031809,2.25595749252122,9.8411556799392,1.49115541413638,8.32416285412178,2.15577160363556,23.7425104482386,0.00215067176364436,0.00206347637446066,3.7339034475017e-07,0.00112308386596771,0.00341851848493653,8.72788392068718e-06,8.40134217275778e-06,5.13936160742389e-12,4.89129808878316e-06,1.3271727386761e-05,-3161.62971298938,0.123404978209152,0.0814955384925241,0.956875,0.463794432899352
"constant",1600,"montoril",90,80.064,73.2668284971506,258.779974603636,70.6436165563491,630.200566069046,141.955578122771,9.86450928882958,1239.30645390533,149.511365003581,0.915103273595506,3.23216395138434,0.882339335485976,7.87121010777685,1.77302630549025,15.478947515804,0.00176125081460742,0.00169081168791333,2.63608835652715e-07,0.000872245860799099,0.00281421079366207,8.99779408021405e-06,8.68618093180588e-06,5.25711153158591e-12,5.0422621060056e-06,1.36057984717042e-05,-3131.66019332626,0.137002634272755,0.0973888662457664,0.93875,0.445155075357288
"constant",1600,"montoril",91,82.597,106.853396607435,418.875441154509,95.5747499509736,648.095745600003,179.18193865069,3.29520551641696,1904.06172476851,44.2498000200394,1.29367164191721,5.07131543705594,1.15712132342547,7.84648044844247,2.16935165503215,23.0524319862526,0.00232069062348627,0.00224017235901813,5.47446495611569e-07,0.00101855189863408,0.00389800364950081,9.68897425785728e-06,9.24916219909354e-06,7.07338491373281e-12,5.16726777651571e-06,1.49101730280521e-05,-3139.22810674776,0.123915914694667,0.0886967296512438,0.94875,0.47335526630821
"constant",1600,"montoril",92,80.49,100.609006761986,284.697748752319,171.741455089991,773.548809345768,150.64456828629,29.6628210320136,1400.79809364758,130.864057748169,1.24995660034769,3.53705738293352,2.13369928053163,9.61049582986418,1.87159359282259,17.4033804652451,0.00187883415098906,0.00180358284824163,2.58108547822306e-07,0.00103307789168925,0.00287327281721652,9.41730909458739e-06,9.05039226620975e-06,5.90474100578224e-12,5.20326312905784e-06,1.43009482031865e-05,-3169.11119455352,0.127854471350552,0.0905708960897741,0.9625,0.455070914573345
"constant",1600,"montoril",93,80.024,92.9183531151039,366.560524328769,73.0371915517312,738.157540953685,195.12178583027,40.340696157142,2295.71548985502,229.744833788123,1.16113107461641,4.5806323644003,0.912691087070519,9.22420200132066,2.43829083562769,28.6878372720061,0.00246047236671552,0.00236948004304662,5.43106751801648e-07,0.00115507548523536,0.00395326747466129,9.67941042798127e-06,9.31923755762872e-06,6.69990248880723e-12,5.2335435829066e-06,1.48074126979457e-05,-3163.57218879502,0.124795395755154,0.0894983614073711,0.96125,0.485762974212688
"constant",1600,"montoril",94,79.644,6.49398074912689,261.517921514677,92.7242094600231,805.842538061749,141.448928474462,4.07690455636105,1248.16231632467,27.4285903454316,0.0815376016916138,3.28358597652902,1.16423345713454,10.1180570797769,1.77601487211167,15.6717683230961,0.00170451157881012,0.00164982645388178,2.28403747224139e-07,0.000864658535994813,0.00262601310823241,8.66589398648481e-06,8.41295304766046e-06,4.543986118522e-12,4.85800187326215e-06,1.29150035951995e-05,-3172.54096104895,0.116326096306163,0.0719564469092912,0.9575,0.439674345062807
"constant",1600,"montoril",95,82.467,151.056730697634,723.800690241957,91.3669690322259,906.172827768315,269.870515203409,59.7569766990307,4012.356028764,480.202742286125,1.83172336446862,8.77685244087886,1.10792158114429,10.9883083872132,3.27246674674002,48.6540801625377,0.00314298139027476,0.00304315061017777,8.13898808054824e-07,0.00146101995284764,0.00501677845160318,9.99395607202512e-06,9.63978674242711e-06,7.33496319249358e-12,5.36324173416427e-06,1.53765863012882e-05,-3167.29485843762,0.126206570716154,0.0897997114708149,0.97125,0.499179414843365
"constant",1600,"montoril",96,79.893,99.4906732797466,307.811560442384,77.5197042765682,790.435832226011,179.116523896206,20.6139531508508,1878.78968597668,118.831539822215,1.2452990034139,3.85279762234969,0.970294071778105,9.89368070076241,2.24195516373407,23.5163241582702,0.0021559738891492,0.00204737670441721,4.23973320486532e-07,0.00105374879493231,0.00348318330295684,8.99798775141684e-06,8.6598556233005e-06,5.36448929855535e-12,5.02183858743371e-06,1.36099974420785e-05,-3156.69865638342,0.130133308591398,0.088080701050158,0.95875,0.46398419435893
"constant",1600,"montoril",97,82.108,144.728910537892,587.293879278876,40.1467851835841,563.620389298869,154.835650010718,13.4765982449719,1576.39012274138,209.210348761108,1.76266515489224,7.15269984994003,0.488950957075852,6.86437849294672,1.88575595570124,19.1989833236881,0.00213467984896217,0.00207821432481128,4.33950420853404e-07,0.000951337509880315,0.00341174387033332,9.68263693444994e-06,9.30334701957598e-06,6.62158567013714e-12,5.23003565531843e-06,1.47784490313896e-05,-3151.76446886268,0.121037038806163,0.0857700954094627,0.94875,0.468832555699477
"constant",1600,"montoril",98,82.207,104.124554685042,433.037515142971,73.4587204691848,736.837807042887,207.895773804415,40.3389143958658,2605.25640400235,327.298103892454,1.26661421393606,5.26764770813885,0.893582304051782,8.96320029976628,2.52893030769174,31.6914180544522,0.00255395782818727,0.00244345629980712,7.46799076563206e-07,0.00114181883344151,0.00427283107846061,9.11620395668029e-06,8.720911206851e-06,6.06819024062637e-12,5.05784770790986e-06,1.4037059534498e-05,-3186.83248494127,0.137992265874814,0.098862589220963,0.949375,0.483075038319986
"constant",1600,"montoril",99,79.929,99.384569853569,325.738368979235,93.6513363462788,730.569044394642,163.343919250757,19.6569829770559,1585.61605578108,170.759595075446,1.24341065012159,4.07534648224343,1.17168157172339,9.14022500462463,2.04361269690296,19.8378067507548,0.00196684725840666,0.00186913378702477,3.6791549532076e-07,0.00097048036717462,0.00312105757281658,8.92812256433354e-06,8.59773325770319e-06,5.15083435764223e-12,5.07465236607681e-06,1.35172209246925e-05,-3154.83706069789,0.122904938694512,0.0864480840052766,0.96375,0.454602559564111
"constant",1600,"montoril",9,79.884,65.8730680754744,246.760082455523,120.245022360288,701.482848587798,154.765958353604,26.5002347897118,1407.43720539732,137.395114058597,0.824609034042792,3.0889800517691,1.5052453853123,8.78126844659504,1.9373836857644,17.6185119097356,0.00190175087856797,0.00182311176620031,3.31320590785757e-07,0.000937603402619326,0.00304942028944443,8.77610779392153e-06,8.45822246168376e-06,5.0983605287965e-12,4.83795291693143e-06,1.3265204353982e-05,-3189.12654080584,0.111427915448975,0.0716580070949619,0.963125,0.449980329956696
"constant",200,"montoril",100,10.037,1381.63700351604,8568.62700875021,406.517850441598,1242.88521337199,1603.63806701052,590.515132483467,21182.1736004712,3162.72009388222,137.654379148753,853.70399608949,40.5019279108895,123.83034904573,159.772647903808,2110.40884731207,0.0249078792097412,0.0230808645304983,0.000127519048085651,0.00623935171084761,0.0473357993407753,5.63366508754476e-05,4.38541720005395e-05,1.81812998231864e-09,1.01121471223784e-05,0.000137791090400284,-382.478969384665,0.204119489495685,0.16837100053548,0.96,0.834372169050743
"constant",200,"montoril",101,10.105,714.882635815763,4114.97142310932,311.988715780865,982.075853718664,1273.6066515093,447.841343266772,12177.0034700457,1741.32329155522,70.7454364983437,407.221318467028,30.8746873607982,97.1871206055085,126.03727377628,1205.04734983134,0.0204071172822402,0.0185616660069098,0.000107682833434776,0.00359151459866846,0.040439745078581,6.3677142705042e-05,4.8317128376896e-05,2.83849147746078e-09,9.26713659156697e-06,0.000161572266766032,-390.407344048202,0.221468573669292,0.165192453520424,0.935,0.795523002064641
"constant",200,"montoril",102,9.975,814.814450282511,5542.45818452415,217.111892879238,1055.31613715366,1274.9395123519,336.766893120263,10192.5407488226,1266.42407572696,81.6856591761916,555.634905716707,21.7656032961642,105.796103975304,127.813484947559,1021.8085963732,0.0219839299706749,0.0196882578616686,0.000151764368987438,0.00306453010380234,0.0459603083302947,5.83192949750896e-05,4.61584971341156e-05,1.80292914795371e-09,9.9957562514469e-06,0.00013953336081453,-386.021396637923,0.2227180743093,0.171211567960024,0.925,0.807497031354787
"constant",200,"montoril",103,10.1,883.825848076521,4828.45181774644,404.342151070024,903.761447881688,1211.45609408122,504.852576679787,11671.9258623586,1858.00346971072,87.5075097105467,478.064536410539,40.0338763435667,89.4813314734345,119.946147928834,1155.6362239959,0.0178560811938145,0.0165648413496176,7.15644404500433e-05,0.00355444485326904,0.0342170105773002,6.63946477553908e-05,5.09030373394789e-05,2.7218308352449e-09,1.01787796747749e-05,0.000169019398768042,-392.045715412509,0.194238383225689,0.135840814203676,0.95,0.757491123087705
"constant",200,"montoril",104,10.123,657.920792744626,2274.10230804177,265.517061545314,809.261054155012,799.646288635308,249.001473762206,5110.70027315903,918.801063176932,64.9926694403463,224.647071820781,26.2290883676098,79.942808866444,78.9930147817157,504.860246286578,0.0132141840915747,0.0118455588022048,5.80905616457366e-05,0.00187639965579602,0.0279360459019836,7.0386546634342e-05,5.58895523870773e-05,2.72178623665073e-09,1.08885392605621e-05,0.000167529948844264,-388.230275491344,0.197375186819543,0.146678347316978,0.94,0.717396173001486
"constant",200,"montoril",105,10.062,356.182778964262,1589.54148873259,346.098053113678,1201.43369691563,458.642228125221,114.108454104682,3187.59664484138,1134.33181833937,35.3988053035442,157.974705697932,34.3965467216933,119.403070653511,45.5816167884338,316.795532184594,0.00690720172881602,0.00575268123619294,1.9201642213651e-05,0.00128604711282319,0.015506977816849,6.50104856317981e-05,5.45774070924627e-05,1.71654684664443e-09,1.2530634826806e-05,0.000142991424801268,-405.66523516737,0.203005894419347,0.138699178219333,0.86,0.612058654885347
"constant",200,"montoril",106,10.264,658.0362526753,2804.18734603716,291.089254806046,900.154897015502,901.956521118475,308.888502467983,6742.03703639185,1230.14796751354,64.1110924274455,273.206093729264,28.3602157839094,87.7002043078236,87.8757327668039,656.862532773952,0.0139227720329504,0.012487194959968,5.80435895658662e-05,0.00226505976268132,0.0285030046982533,7.06794696758593e-05,5.39373680471027e-05,3.19647116386207e-09,1.03825692164245e-05,0.000181268591410069,-388.663724731888,0.189916463922365,0.131349637321325,0.935,0.719342826533387
"constant",200,"montoril",107,10.113,631.22121645486,2636.22167194361,202.036808257792,836.575388838856,929.648544709594,347.785236583663,7764.48146651419,1007.06369734056,62.4168116735746,260.676522490221,19.977930214357,82.7227715651989,91.926089657826,767.772319441728,0.0160835621759856,0.014387362966683,8.25568515694776e-05,0.00234923632683028,0.0338852597621908,6.15171262377768e-05,4.75829704841734e-05,2.28063296851956e-09,1.00186096242105e-05,0.000153290226511258,-389.98515395149,0.182629938550076,0.128188387282781,0.925,0.745462981200364
"constant",200,"montoril",108,10.185,359.896553367051,1392.30358034198,230.948403377145,688.917924397491,590.029138885756,229.788955776073,3452.44938261384,823.284419805414,35.3359404385912,136.701382458712,22.675346428782,67.6404442216486,57.9311869303638,338.973920727917,0.00876536276313057,0.00754356331915631,2.78706988290255e-05,0.00141365553188275,0.0192730197382555,7.46922256394198e-05,5.92997943350707e-05,3.0268769905446e-09,1.23995763887528e-05,0.000179303314706996,-396.393315767535,0.229258418669533,0.151015447621818,0.865,0.657085726698241
"constant",200,"montoril",109,10.083,551.342146190762,2192.06670495724,269.293167493868,895.509548779548,991.132232290871,289.104967081153,7139.5875604807,1191.83896647718,54.6803675682597,217.40223197037,26.7076433099145,88.8138003351729,98.2973551810841,708.081678119677,0.0149565574739787,0.0136122242295522,6.4226992289289e-05,0.00218758369180558,0.0302785261469866,7.0679308175096e-05,5.4622447562252e-05,3.24305871649037e-09,1.14050510705462e-05,0.000175221726484642,-385.929631731317,0.203896800330119,0.138945234483995,0.94,0.733985667793635
"constant",200,"montoril",10,10.121,634.418603039915,3393.22983024158,204.668788708785,1278.82254184265,832.939983561183,358.184109005398,7081.8003489114,1309.35085312418,62.683391269629,335.266261262877,20.2221903674326,126.353378306753,82.2981902540443,699.713501522715,0.0148626945976957,0.0128318917713404,8.60781422777078e-05,0.00195294097262408,0.0331649478372455,5.50431580658278e-05,4.40123577494207e-05,1.65761244877158e-09,1.073709038475e-05,0.000127965644099971,-401.508203379278,0.203022801531704,0.150977018502211,0.915,0.728903066595557
"constant",200,"montoril",110,10.084,488.309250885208,1353.98443477926,303.208609826859,624.77365064951,526.501605681531,175.7108763877,2765.10399778811,724.7526398519,48.4241621266569,134.270570684179,30.0682873687881,61.956926879166,52.2115832686961,274.207060470855,0.00817544706969904,0.00665222849425223,3.04794306089251e-05,0.00125652484296463,0.0194182730087743,8.62650029806232e-05,7.15161350921073e-05,3.32040511283941e-09,1.34685854284752e-05,0.000196605091592267,-400.783473430562,0.214930797674863,0.165670385455776,0.9,0.649841398205998
"constant",200,"montoril",111,10.257,684.580270764443,2530.71021031197,284.03138344349,709.304433096712,994.580328755008,244.929114234202,7762.48791617948,1251.09481585465,66.7427386920584,246.730058527051,27.6914676263517,69.1532059175891,96.9660065082391,756.799055881786,0.0144643981895389,0.0133283417158708,5.46753512428785e-05,0.00224589931724629,0.0287670355052575,6.20937476384988e-05,4.75790141072105e-05,2.48545993978845e-09,1.02795823674166e-05,0.000155940599495231,-394.17993484832,0.223290321590186,0.144945096747618,0.885,0.709594834289085
"constant",200,"montoril",112,10.164,634.62655579337,3326.4702426662,345.007211566143,1311.97139200851,1382.76074373972,499.40538584665,19188.2588689836,2638.14283556318,62.438661530241,327.279638200138,33.9440389183533,129.080223534879,136.044937400602,1887.8649024974,0.021955784756942,0.0203721303118596,9.65588636913489e-05,0.00543768803751686,0.0415060995208939,5.68941209416805e-05,4.46623529051063e-05,2.0427990305221e-09,1.09272171142866e-05,0.000135625240823061,-377.142178087841,0.242525624200088,0.192405429766637,0.935,0.803982539463917
"constant",200,"montoril",113,10.227,463.249072902279,2142.87651129857,303.845621624801,825.345587141992,610.74137543786,87.6967248771394,4433.56135788832,1162.19740531912,45.2966728172757,209.53129082806,29.7101419404323,80.7026094790253,59.7185269813103,433.51533762475,0.00978692448748563,0.00852640936464433,3.32185915876713e-05,0.00166943043264097,0.0209409536145318,6.60751997631498e-05,5.35999481539031e-05,2.17860097073456e-09,1.14933499051512e-05,0.000155287115430041,-385.457070547326,0.209257013077617,0.161376978119005,0.91,0.673489753461687
"constant",200,"montoril",114,10.13,648.555819478159,1512.09852858075,226.897961123524,508.106270661974,822.224831450476,262.453442480092,4885.93890212964,674.595183601503,64.0232793166989,149.269351291288,22.3986141286796,50.1585657119421,81.1673081392375,482.323682342512,0.0128931353888203,0.0115139797381705,5.53731243091753e-05,0.00158064712593375,0.027279656023388,8.42468914929315e-05,6.36578475747091e-05,4.67664644968102e-09,1.07435706721818e-05,0.00021796224470397,-383.441744226459,0.22082143651544,0.16371458962742,0.915,0.714423559385577
"constant",200,"montoril",115,10.088,619.398060285539,2327.97226097831,309.346880553735,727.050603066658,898.399436251309,289.664086760008,5816.58220972375,941.642209861262,61.3994905120479,230.766481064464,30.6648374855011,72.0708369415799,89.0562486371242,576.584279314408,0.0139134703953187,0.012752529475487,5.34943283944166e-05,0.00218262868118971,0.0282226984557206,7.98233577331084e-05,5.82898778914338e-05,5.89109983242968e-09,1.04346607827923e-05,0.000209154607714489,-387.170091612435,0.229698579950271,0.173376616236332,0.905,0.725515699032441
"constant",200,"montoril",116,10.079,515.207293719388,1971.15505655747,281.923412292145,708.125741319146,864.902100936509,294.837530861116,6441.59553611724,840.353334187459,51.1169058159924,195.570498715891,27.9713674265448,70.257539569317,85.8122929791159,639.110580029491,0.0135440002015034,0.0122726571441411,5.20502300468102e-05,0.00214690419202852,0.0276743239150237,7.55059220143902e-05,5.58441957158344e-05,4.3812670848211e-09,1.09864780085927e-05,0.000199539478773381,-385.527906512643,0.184731102633455,0.123019622423677,0.92,0.719640885429179
"constant",200,"montoril",117,10.18,399.013485949431,1965.80483610953,204.989786198172,1244.89145086579,770.609945071828,289.389084642469,6870.33120355229,1310.6172278808,39.1958237671347,193.104600796614,20.1365212375415,122.287961774635,75.6984228950715,674.88518698942,0.0118242863682456,0.0103241997871056,4.82611144845007e-05,0.00190727756770321,0.0252682918649902,5.90316133726807e-05,4.75081728165774e-05,1.94511511531859e-09,1.09805124049178e-05,0.000137415240887266,-394.517791121549,0.245738609223803,0.183811439455627,0.885,0.69579022807367
"constant",200,"montoril",118,9.88,419.361974573468,1503.20548701541,270.430826110026,864.933687774897,593.348803494791,215.792245371417,3792.41136887181,1131.48166860651,42.4455439851688,152.146304353786,27.3715411042536,87.543895523775,60.0555469124282,383.847304541681,0.00926626976837856,0.00786278825181565,3.26644727020639e-05,0.00150609319176092,0.0210872944638463,7.28446532147945e-05,5.6945405708274e-05,3.2920838682357e-09,1.1802370364863e-05,0.000175031400730933,-383.722501803653,0.205980555182444,0.156423699711795,0.915,0.663278409557191
"constant",200,"montoril",119,10.175,154.681449489256,611.134166458654,228.722978289922,919.141319305428,538.529642355974,120.141246103868,3094.69072647634,424.511021159481,15.2021080579121,60.0623259418825,22.4789167852503,90.3332991946366,52.9267461774913,304.146508744604,0.00779804735633358,0.00674081245742797,2.17262758525809e-05,0.00135344726767486,0.0171474544035163,6.6433588354652e-05,5.43467126526347e-05,2.05571004998689e-09,1.20167937493878e-05,0.000153340390963448,-397.184269139219,0.215751852708766,0.15623718767319,0.89,0.633474973006386
"constant",200,"montoril",11,10.157,412.096064577912,1438.81002485752,208.410440941357,445.84388757363,765.363302300252,203.102737023161,3838.32371168741,516.137485149236,40.5726163806156,141.656987777643,20.518897404879,43.89523359,75.3532836763071,377.899351352507,0.0129217836889387,0.0111616071854989,6.42951726580139e-05,0.00168737859826831,0.0285444767656151,9.31452292911473e-05,6.9698506902018e-05,5.83094756057747e-09,1.14118711559405e-05,0.000241540057554301,-376.387408349035,0.223235832976329,0.174372224347784,0.91,0.733669599522259
"constant",200,"montoril",120,10.214,828.837465921488,3089.75991699994,237.993006788081,896.282075822917,979.653943017672,323.083636568929,7914.80465258376,956.320341221365,81.147196585225,302.502439494806,23.3006664174742,87.750350090358,95.9128591166704,774.897655432128,0.0167000550248859,0.0145913460428832,0.000103945810753085,0.00195122608582177,0.0367297675592713,5.93408282069091e-05,4.78569943557225e-05,1.83550433241177e-09,1.03986659104788e-05,0.000139448718850354,-389.311969945543,0.199899890515794,0.150713095880721,0.955,0.758010967545333
"constant",200,"montoril",121,10.389,735.194120969528,2886.64861638323,372.294749470379,773.643238156203,1082.65390420188,420.785709460009,7485.03081773206,1270.56559494576,70.7665916805783,277.856253381772,35.8354749706785,74.4675366403121,104.211560708622,720.476544203683,0.0162840871032566,0.0150317220199128,6.2485543631602e-05,0.00263038951968323,0.0314687810732243,7.48083404598204e-05,5.27916526489902e-05,6.04493078391477e-09,9.84969666570061e-06,0.000197926428089305,-389.6715907392,0.171056844353132,0.121400748441026,0.96,0.748744982090549
"constant",200,"montoril",122,10.565,419.967593383063,1668.05924990108,261.281615208078,814.72343965856,816.125151822465,327.839891132312,4976.38171714175,983.908269038068,39.7508370452497,157.885399895985,24.7308675066804,77.1153279373933,77.2480030120649,471.025245351799,0.0121558963133076,0.0109562092824156,4.65686322720196e-05,0.00183043194540435,0.0252017719693929,7.21190984857112e-05,5.56541167510585e-05,3.42226311321421e-09,1.03160348295884e-05,0.000177960306517583,-380.983825435343,0.184074094530671,0.118849996553059,0.93,0.692686501033768
"constant",200,"montoril",123,10.155,331.902619034043,1206.45786141003,254.645393410422,1333.98397285875,651.38624050041,261.616684004543,5193.22479711838,891.657991819765,32.6836650944404,118.804319193503,25.0758634574517,131.362281916174,64.1443860660177,511.395844127856,0.00966350241334686,0.00850684476944013,3.14089811572446e-05,0.00144765910021088,0.0204529967159815,5.64531177358618e-05,4.72770965967449e-05,1.39336196885387e-09,1.05257172558952e-05,0.000124750078667581,-389.28669232417,0.233560343108095,0.149280213267289,0.895,0.653791660489531
"constant",200,"montoril",124,10.166,1089.26415175441,3418.33987813645,362.066905901817,819.786505137255,1344.23310438972,335.513166206816,11080.1467649666,1523.49826016192,107.147762320914,336.252201272521,35.6154737263247,80.6400260807845,132.228320321632,1089.92197176535,0.0201565895482301,0.0186244496230661,9.66798637439574e-05,0.00374251994839863,0.0393147714379194,6.98218493829427e-05,5.16026704751388e-05,3.39658025463634e-09,1.0393501993105e-05,0.000183502819521473,-397.620522880225,0.195800915070797,0.15521091048922,0.965,0.780726830546138
"constant",200,"montoril",125,10.331,966.23407352852,5185.81801770031,286.671339497684,1119.59803839132,1361.83530883026,434.081332913231,15271.9450365207,1959.55479606842,93.5276423897512,501.966703871872,27.7486535183123,108.372668511405,131.820279627361,1478.26396636538,0.0200921240823779,0.0184279196549328,0.000102538427920541,0.00395908987327339,0.0398941393207552,5.94870789721477e-05,4.60618732395505e-05,2.21954944978958e-09,1.04100473955113e-05,0.000146970356837515,-395.00615960799,0.185392893728945,0.132933274033424,0.96,0.773525364476064
"constant",200,"montoril",126,10.396,477.193670014603,1637.40742131304,277.438234456519,869.315616989501,984.474469419851,349.837030260783,7299.70851526901,1031.02074190484,45.9016612172569,157.503599587634,26.6870175506463,83.6202017111871,94.6974287629714,702.165113050116,0.016209558364636,0.0143276771253632,8.83955673536779e-05,0.00217136569723133,0.0347266236175178,6.98367123930893e-05,5.34426717589324e-05,3.45987869600927e-09,1.03516988032161e-05,0.000173262900605075,-388.373972932304,0.215155138783872,0.137441883973449,0.935,0.755028870128311
"constant",200,"montoril",127,9.968,424.042102137528,2121.06805544674,288.596881128274,844.916593091534,763.165712808582,261.277283161063,4544.63796538794,953.487042390795,42.5403392995112,212.787726268734,28.9523355867049,84.7629005910447,76.5615682994164,455.922749336672,0.0122659282318599,0.0104702070709865,5.90386932404538e-05,0.00169211482566502,0.027758137972424,7.53428413672278e-05,6.13373515706777e-05,2.71761528710949e-09,1.2714601672298e-05,0.000179195169278209,-405.769402088335,0.211832288247038,0.155242658124191,0.915,0.704532825758745
"constant",200,"montoril",128,10.25,477.832430327807,2175.83150822216,295.330213003823,722.929528950702,806.859604397461,295.222347193612,5150.89145778416,1132.42358215659,46.6177980807616,212.276244704601,28.81270370769,70.5297101415319,78.7180101851181,502.525995881382,0.0124302598396267,0.0110901517371928,4.6550167132404e-05,0.00213191345582185,0.0258482223845382,7.37949700572953e-05,5.61651636292835e-05,3.94967397156482e-09,1.08091061480518e-05,0.000184309380642529,-394.259114670108,0.182372944030588,0.132675178553569,0.92,0.702949710620137
"constant",200,"montoril",129,10.414,314.57238207628,959.031816242362,221.852310181015,817.894112195017,461.589704022494,114.977169168212,2522.48737854227,721.770240130931,30.2066815898099,92.0906295604342,21.3032754158839,78.5379404834854,44.3239585195405,242.220796864055,0.00745102185542987,0.00634561709378043,2.19482457781547e-05,0.00125478450553862,0.016689897491416,7.42523937422703e-05,6.18143356891269e-05,2.29568999093423e-09,1.28084972313008e-05,0.000166841295862599,-383.465515634136,0.201254092162972,0.151053737029377,0.9,0.63591006361318
"constant",200,"montoril",12,9.958,360.34067301729,1046.699085634,301.831668724169,766.357049979908,509.790345426189,295.220563243112,2839.87032613576,828.66440694212,36.1860487062954,105.111376344045,30.3104708499868,76.9589325145519,51.194049550732,285.18480881058,0.00768873122691239,0.00663570371496832,2.12060856167859e-05,0.0012400688689222,0.0167966799992306,7.5122302805966e-05,6.02219088754614e-05,3.01687747643044e-09,1.23630348751629e-05,0.00017808930806953,-380.390333459279,0.219999720951564,0.161525133197865,0.85,0.63359965636091
"constant",200,"montoril",130,10.106,529.83824662075,1965.07999803139,239.032524945177,707.258106734649,729.900602159825,303.02711975352,4600.85541166425,760.381081509568,52.4280869405057,194.446863054759,23.6525356169778,69.9839804803729,72.2244807203468,455.259787419776,0.0131952919648295,0.0111624812729101,7.56210268420886e-05,0.00150070822198832,0.0297844849591273,6.78159894507164e-05,5.30964763618631e-05,2.65329907522437e-09,1.10534993047071e-05,0.000164129006998743,-391.767063390296,0.227913746140314,0.171029394470117,0.895,0.729511869014906
"constant",200,"montoril",131,10.102,286.511615769422,905.302917594614,224.453277028096,731.185762631435,706.626340727138,265.159610617781,3860.07669004932,737.259394254176,28.361870497864,89.6162064536343,22.2186969934761,72.3802972313834,69.9491527150206,382.110145520622,0.0112255257574319,0.0095421812142779,5.02754246031833e-05,0.00158885167772865,0.0253337444841364,7.47838736741948e-05,5.88565220046618e-05,3.37793376846287e-09,1.22207937505774e-05,0.000181512168570764,-394.303792933089,0.212958536048694,0.158164268787507,0.9,0.69335212038917
"constant",200,"montoril",132,10.113,348.820357417262,1323.29049626278,303.39423385595,1106.66279668098,465.172040996969,164.103155818479,2842.51960187977,1025.78074948234,34.4922730561913,130.850439658141,30.0004186547958,109.429723789279,45.9974331056035,281.075803607216,0.00695658206873544,0.00586000399066002,1.82233614196039e-05,0.00129337051124739,0.0155492361008884,5.83360963147605e-05,4.88113880784972e-05,1.5325183983815e-09,1.16250481478964e-05,0.00012684459500203,-392.200328217937,0.218782436781267,0.168158986319473,0.85,0.624256872421563
"constant",200,"montoril",133,10.115,1093.98272132462,4660.63568906207,255.76260815823,1116.71987714498,1403.14783768701,326.75074357872,16420.6962258453,1511.15351674098,108.15449543496,460.764774005148,25.2854778208828,110.402360567966,138.71950941048,1623.40051664314,0.022264567910091,0.0201182106484814,0.000143504038391154,0.00297262319159322,0.0450814032920804,5.86051669837673e-05,4.5962082520105e-05,2.19806654713915e-09,1.04611405451629e-05,0.000139362260041196,-414.156174517194,0.181440890660722,0.119448203994581,0.945,0.797480803310793
"constant",200,"montoril",134,10.646,367.537093929726,1330.75690507388,202.27922689758,732.459133509805,585.436459649966,201.417921252834,3488.39058156787,728.436481893919,34.5234918213157,125.000648607353,19.0004909729081,68.8013463751461,54.9912135684732,327.671480515487,0.00980962500840308,0.00838071928387882,3.83383821080806e-05,0.00151928673973811,0.0220833640040026,7.36793560753039e-05,5.87242458162546e-05,3.14401995461306e-09,1.11843020018702e-05,0.000174781160545946,-395.997352939809,0.191486208729628,0.128282442659897,0.9,0.6704909366256
"constant",200,"montoril",135,10.261,855.076436923401,3867.543262109,256.78650534175,1086.16530705661,1016.6349324923,343.769562831507,8883.16666589656,1307.61572720609,83.3326612341293,376.916797788617,25.0254853661193,105.85374788584,99.0775687060033,865.721339625433,0.0168162131957706,0.0150120977171066,8.78142794763041e-05,0.00217106461570736,0.0347106067553064,6.37378056643014e-05,5.09314508864146e-05,2.16043321113933e-09,1.13185657148117e-05,0.000152435356535952,-390.343465729163,0.174794313993509,0.127305955873532,0.96,0.759001134976272
"constant",200,"montoril",136,10.349,1355.93382254456,7653.89376145621,285.214131257499,1098.34768113372,1728.85994672975,473.1308145066,22481.0602703083,1984.65736442891,131.020757806992,739.578100440256,27.5595836561503,106.130803085682,167.055749031767,2172.29300128595,0.0265463715354952,0.0246577234465654,0.000154374011874716,0.00452599518852804,0.0512582269071928,5.71104488814611e-05,4.47089762067281e-05,1.98611547008937e-09,1.01961192376993e-05,0.000135500721922088,-397.916079598636,0.176243731385565,0.127419422543821,0.96,0.828430604527988
"constant",200,"montoril",137,11.403,477.70657937353,2307.48295113207,304.721653946125,939.972780030211,905.9038236089,294.538477751344,7063.83486360673,1174.73123229266,41.8930614201114,202.357533204602,26.7229372924779,82.4320599868641,79.4443412793914,619.471618311561,0.012531325631237,0.0112697787378014,4.47975171367784e-05,0.0019489371956408,0.0254804190239407,6.53110030488392e-05,5.01545966207126e-05,2.98563349088587e-09,1.13251109059365e-05,0.00015993550566626,-400.912075874641,0.236057055607544,0.176634702747863,0.915,0.689692764360767
"constant",200,"montoril",138,10.307,207.9549738061,740.335551181475,264.788679628158,1097.82182003126,514.094104032812,180.590564685686,3918.92099980843,572.786601466331,20.1760913753857,71.8284225459858,25.6901794535906,106.512255751553,49.8781511625896,380.219365461184,0.00751205336569207,0.00644348801136001,2.12277842156281e-05,0.00128014330739176,0.0165567974996573,5.79046227445879e-05,4.77409302900132e-05,1.46270171889642e-09,1.08797669689427e-05,0.000130586983550612,-407.318176627912,0.240931340007997,0.183203801970772,0.865,0.614428324271723
"constant",200,"montoril",139,10.375,456.532228919444,1863.16779678996,251.391093029986,741.631588697981,652.981605825401,200.163598148737,3771.37555515938,871.983874688179,44.0031064018741,179.582438244815,24.2304667980709,71.4825627660704,62.9379861036531,363.506077605723,0.00963912123534222,0.00839101124046024,3.17452325364726e-05,0.00153596505372235,0.0207554013964177,8.61300185407248e-05,6.87779746710765e-05,3.99079886375601e-09,1.24877939667676e-05,0.000206609119916387,-401.827897239594,0.217754565080666,0.168718432971313,0.92,0.661253050291496
"constant",200,"montoril",13,9.926,307.728241375187,1344.75039169795,247.187807257989,631.91210217791,484.106041479165,187.460930719799,2845.21360859277,855.249390331169,31.0022407188381,135.477573211561,24.9030633949213,63.6623113215706,48.771513346682,286.642515473783,0.00794377982688544,0.00682803853859777,2.35058365324519e-05,0.00135246998447988,0.0176186935252484,7.31991546991199e-05,5.9528624958735e-05,2.64549639460631e-09,1.1994551934977e-05,0.000168262734994751,-382.960006282612,0.182217596620229,0.121793424736032,0.895,0.647588551448748
"constant",200,"montoril",140,10.501,542.991108278865,1873.76362129054,288.767948298778,667.138576748563,640.522466592746,221.249271475305,3489.58643566524,872.189352993451,51.7085142632954,178.436684248219,27.4990904007979,63.5309567420781,60.9963305011661,332.309916737953,0.0107429655402149,0.0094435958785729,4.17098822011833e-05,0.00138298397554703,0.0233527460764415,8.57960627860474e-05,6.84766463332826e-05,4.07131230709407e-09,1.16108666517744e-05,0.000208519452855166,-383.428302231866,0.213784408620263,0.155790269588171,0.9,0.685248659992034
"constant",200,"montoril",141,10.271,411.112492535546,1712.22603322574,256.736740284009,933.607941146931,877.539631729289,299.093068997941,6930.2083202354,1058.76729337896,40.0265302828884,166.704900518522,24.9962749765368,90.8974726070423,85.4385777168036,674.735499974238,0.0134169625998253,0.0120185847798769,5.5849662237184e-05,0.00195591836244049,0.0279356489166686,5.98406797920473e-05,4.74685542584911e-05,1.93558910149555e-09,1.10280776827486e-05,0.000143509138892626,-397.086593832215,0.21279182755816,0.153890713462472,0.935,0.709641924662435
"constant",200,"montoril",142,10.306,395.264700895716,1324.26102532319,364.721493236547,801.088493427866,444.763392995245,184.737435727197,2627.4622944056,900.300447934895,38.3528722002441,128.494180605782,35.3892386218268,77.7303020985703,43.1557726562435,254.944915040326,0.00686234999285202,0.00578570038350211,1.81914944640366e-05,0.00127656976015086,0.0154254223129554,7.58044764370249e-05,6.35010734889359e-05,2.38736124367656e-09,1.22776587480786e-05,0.000168353137444873,-387.992537040492,0.226164511685904,0.170932982954186,0.87,0.623163584646338
"constant",200,"montoril",143,10.596,1154.42671719666,5709.86323346942,352.768740894895,1212.77246273923,1418.70390325424,452.75781305758,13347.5825830429,2430.92286194339,108.94929380867,538.869689832901,33.2926331535386,114.455687310233,133.890515595907,1259.68125547782,0.0213436022308599,0.0195994354786118,0.000114516314127731,0.00359621450179262,0.0426336003592865,5.63100427588173e-05,4.37114542379125e-05,1.92695460881769e-09,1.04704311422465e-05,0.000139839680089458,-391.156551155723,0.19526296994978,0.159288472772722,0.97,0.791576322955049
"constant",200,"montoril",144,10.12,469.520827103958,1977.43903737329,242.494908012231,1062.77940553744,959.445821286009,260.859078428883,7999.95173782883,1133.60062740572,46.3953386466362,195.399114364949,23.9619474320386,105.017727819905,94.8068993365621,790.509065002849,0.0147805735844863,0.0134073222014119,6.40418109375557e-05,0.00209339338057758,0.0301485834065589,6.49294646534119e-05,5.06474081115338e-05,2.64581019841601e-09,1.05896257518066e-05,0.000155592807262619,-401.216319630231,0.201789426975031,0.155131943197845,0.94,0.730141882645979
"constant",200,"montoril",145,10.069,456.868285555965,2985.72060468552,286.32963312825,1182.4585901903,959.200249038733,322.415183085139,9833.91920346561,1580.37254619229,45.3737496827853,296.526030855648,28.4367497396216,117.43555369851,95.262712189764,976.653014546192,0.0146694842479424,0.0131309747799227,5.93789330816375e-05,0.00274039098403122,0.0299638714384145,5.53382010231319e-05,4.3305786514484e-05,2.12057464395616e-09,1.00613765100264e-05,0.000130591820586256,-404.407942842716,0.206614065909114,0.150497380692975,0.94,0.720490378590271
"constant",200,"montoril",146,10.119,661.710365712112,3063.13028771,244.537804815334,1032.86586903429,1138.29908271981,360.167475204743,11381.2438587467,1517.88431640205,65.3928615191335,302.71077060085,24.1662026697632,102.071930925416,112.491262251191,1124.73998011134,0.0180393828414729,0.016228975009023,9.38627816660819e-05,0.00287684820026826,0.0369524267624026,5.98498765145733e-05,4.67351845439066e-05,2.02757789300821e-09,9.85226022864166e-06,0.000148820519007257,-398.440209792396,0.20108213090896,0.14427787263797,0.945,0.765657186082305
"constant",200,"montoril",147,10.523,638.936957919386,3368.87401085711,288.76426086419,1031.7502006964,1042.93139275359,351.994343205126,9530.01926962718,1300.14192192621,60.7181372155646,320.143876352477,27.4412487754624,98.0471539196427,99.1097018676792,905.637106303068,0.0152618043778382,0.0139999336055051,5.80820475543416e-05,0.00298445511406062,0.0301266363251499,5.9083414920166e-05,4.61023068358772e-05,2.49937281068761e-09,1.02594775803972e-05,0.000137560011952951,-397.623071711813,0.194712799805246,0.134869209953517,0.93,0.724700335749291
"constant",200,"montoril",148,10.118,198.459306886013,844.67081251094,332.338592879705,845.247644295667,399.409041917973,156.528392631861,2574.40212455729,564.956457663032,19.6144798266469,83.4819937251373,32.8462732634617,83.5390041802399,39.4750980349845,254.437845874411,0.00659514489100759,0.00571277525892658,1.41801254776635e-05,0.00143259258205867,0.0138888962074549,6.3908824735487e-05,5.30351719626972e-05,1.69967465419487e-09,1.1987149069156e-05,0.000143173671029393,-389.001265770298,0.214117385496579,0.14329173980285,0.865,0.627251233316839
"constant",200,"montoril",149,10.149,441.078866022514,1478.52455480601,253.066710212004,907.507018536802,614.817192931523,154.12687124527,4142.14891276564,1084.48143914417,43.4603277192348,145.681796709627,24.9351374728548,89.4183681679773,60.5790908396417,408.133699159094,0.00963571991484438,0.00838092233046206,3.21475607109239e-05,0.00162274771879533,0.0206703319943579,6.41776203220004e-05,5.05862576442022e-05,2.36532489714782e-09,1.10861018952562e-05,0.000150513722361396,-393.453295324426,0.236343413624241,0.164192948599413,0.82,0.661942864331839
"constant",200,"montoril",14,10.084,461.115123882735,1085.72322935052,200.255107993537,750.218615535675,776.94162007579,305.382436030173,4859.11040362102,901.923401065425,45.727402209712,107.667912470302,19.8586977383516,74.3969273637124,77.0469674807407,481.863387903711,0.0122886003514395,0.0104259025355903,6.06438827015095e-05,0.00169927037529192,0.027401864059689,7.370541386819e-05,5.86529854087449e-05,2.95888197672981e-09,1.11402611930746e-05,0.000178840379284257,-405.601949622003,0.240600085179509,0.195717935679132,0.855,0.700538546868339
"constant",200,"montoril",150,10.081,837.668800299391,3949.45426043971,258.976220599919,765.402022329572,1238.07261067622,444.101282266268,11462.2550114761,1573.9047565989,83.0938200872326,391.772072258676,25.6895368118162,75.9252080477703,122.812479979786,1137.01567418669,0.0213265813488566,0.0197659335952772,0.000114382127956863,0.00358058247452069,0.042047920511863,6.60129355884735e-05,4.98483240694505e-05,2.87307399643959e-09,9.48584781066993e-06,0.000169293988967851,-370.32239497455,0.208483629685078,0.164483886401813,0.96,0.804847811399432
"constant",200,"montoril",151,10.139,845.849224152127,4317.48339870588,285.076176995942,1052.34390279221,1344.20547044818,391.663445535788,13360.2567020549,1893.29344118744,83.4253105979018,425.829312427841,28.1167942593887,103.791685845962,132.577716781555,1317.70950804368,0.0208644713571244,0.0190246999875462,0.000114489590965636,0.00326597868992178,0.0422932580838719,6.02812443490324e-05,4.63440935530356e-05,2.29731036457301e-09,1.00438681731051e-05,0.000150142079854954,-393.252215839698,0.176737136426498,0.129334160552259,0.95,0.784390734983623
"constant",200,"montoril",152,10.216,169.215019122949,586.151320570574,316.640057709034,659.509082167064,399.722161793647,140.601968318797,2138.30858235196,411.486029798013,16.5637254427319,57.3758144646216,30.9945240513933,64.5564880743015,39.1270714363397,209.30976726233,0.00633346209595125,0.00542835039316182,1.39763065422179e-05,0.00126022054447601,0.0138435307755869,7.21945625259183e-05,6.03217976753907e-05,2.17818140620925e-09,1.36218554436167e-05,0.000163368223162701,-393.925479067222,0.216546332877274,0.166868193200441,0.865,0.630581318723778
"constant",200,"montoril",153,9.896,292.739845492495,1036.47760781004,294.618748765665,860.995941850524,479.571319098104,154.416110841708,2585.71882932096,825.763531943037,29.5816335380452,104.737025849842,29.7714984605563,87.0044403648468,48.4611276372376,261.289291564365,0.00796714324914839,0.0069858105074245,2.15538297197994e-05,0.00135284705784554,0.0171690563378915,7.508318420145e-05,5.98187316693026e-05,3.05535927883636e-09,1.27681098165988e-05,0.000179500170095702,-398.347694601479,0.216407959505639,0.161858227528008,0.89,0.653232100778492
"constant",200,"montoril",154,10.135,436.927117101079,1803.37087206393,236.590835761068,847.1224412903,754.715198389059,275.35994435263,5516.11155080532,1169.52197137956,43.1107170302002,177.93496517651,23.3439403809638,83.5838619921361,74.466225790731,544.263596527412,0.0124277049624904,0.0112733177375315,4.65430424783584e-05,0.00189111837654703,0.0252828347815302,6.88273886714527e-05,5.27786764978653e-05,3.43378150224099e-09,1.05194484179478e-05,0.000169420404667844,-384.493284497151,0.191071766903522,0.144012306559228,0.93,0.717614615486426
"constant",200,"montoril",155,10.198,383.311553792121,1418.58133585647,269.320769802558,688.103847694996,497.81057259517,135.990414630041,2871.88500124673,846.60696170389,37.5869340843421,139.103876824522,26.4091753091349,67.4743918116293,48.8145295739527,281.612571214624,0.00841788252120608,0.00719481704421236,2.58356136766245e-05,0.00141672892569526,0.018418725522203,8.712150735328e-05,6.96905508912218e-05,3.94204808646866e-09,1.36717295166736e-05,0.000208808624010237,-378.602582262457,0.221151227689232,0.162087841624372,0.88,0.663836079155417
"constant",200,"montoril",156,10.176,673.608225546807,2485.32637114724,229.733437863261,764.003759845409,953.377691851065,369.868272089309,7445.70247135846,676.612852121806,66.1957768815652,244.234116661482,22.5760060793299,75.0789858338649,93.688845504232,731.692459842616,0.0150374089853439,0.0132711889380151,7.38937426221026e-05,0.00204187463766095,0.0316516146574756,7.07432717975284e-05,5.41069708082879e-05,3.42726724248974e-09,1.01398797323378e-05,0.000175191431700817,-403.991632174196,0.171456251041347,0.114712186289068,0.95,0.734520476486754
"constant",200,"montoril",157,10.118,422.342822504028,1429.1929499908,222.272530041396,720.676363104664,854.650729572775,291.812743556316,6119.63347565856,711.782011836411,41.7417298383107,141.252515318323,21.9680302472224,71.2271558711864,84.4683464689439,604.82639609197,0.0146180315556772,0.0127529096840834,7.87215983332786e-05,0.00201159067930652,0.0323254331800467,6.5078042016121e-05,5.18436583692377e-05,2.31265914657349e-09,1.09807503511389e-05,0.000154323649853853,-393.33586072632,0.210392602120693,0.151570705566969,0.925,0.739018363508446
"constant",200,"montoril",158,10.183,220.915771151494,1301.34971952822,270.981711365495,967.339097159726,630.101520892024,159.226416844019,4600.14963604595,810.358229071634,21.6945665473332,127.796299668882,26.6111864249725,94.995492208556,61.8777885585803,451.747975650196,0.00951272473564719,0.00837270806125827,2.99891960577908e-05,0.00153685239564147,0.0201800535204047,6.35912147252045e-05,5.20644263881699e-05,1.89143101580421e-09,1.15913928291975e-05,0.00014687902791046,-406.533435470133,0.21941050432036,0.152357263176663,0.915,0.661260476957597
"constant",200,"montoril",159,10.081,485.235588035745,2236.94449753904,248.364909417206,1160.00554006327,976.336361606549,232.072559515216,8749.24069388941,1130.38554432776,48.1336760277498,221.897083378538,24.6369317941876,115.068499163106,96.8491579810088,867.894126960561,0.0153590489905801,0.0136827312957645,7.28475805522112e-05,0.00206291940254264,0.0322388154036351,5.67222929091967e-05,4.56465921505934e-05,1.78526167651678e-09,1.14240733541586e-05,0.000129934134896553,-406.727651276154,0.228364495583081,0.165189257565579,0.93,0.733118747635935
"constant",200,"montoril",15,10.126,273.629017869861,1001.08779550439,260.980409023918,673.50515152601,451.556531945173,119.828125875854,2209.76724515774,615.520305887358,27.0224193037587,98.8631044345632,25.7732973557099,66.5124581795388,44.593771671457,218.227063515479,0.00722747857606052,0.00620200205367637,1.96093843006845e-05,0.00122990614359131,0.0160991227430453,7.67622170093002e-05,6.34568743311482e-05,2.77083771865151e-09,1.37320451391747e-05,0.000176809095923837,-376.16697316974,0.211038731560768,0.146191931149217,0.89,0.638497080840294
"constant",200,"montoril",160,10.077,660.722277884023,3186.24035688299,350.313340386366,729.343210152034,753.816261262682,297.162959859782,4904.95949673737,1078.12518629911,65.567359123154,316.18937748169,34.763653903579,72.3770179767822,74.8056228304735,486.747990149585,0.0118777241525559,0.010849637416905,3.83540483778665e-05,0.00202086882365329,0.0240496999264012,7.31242122918061e-05,5.57661452077698e-05,3.8331269013143e-09,1.09318957908058e-05,0.00018276998917373,-377.619205766098,0.192474938867567,0.133632373927806,0.92,0.695911171405845
"constant",200,"montoril",161,10.315,533.882092246329,2024.75665349469,252.289712338591,905.81977765332,695.228822102266,173.724467421889,4839.85682475525,1057.62919267809,51.7578373481657,196.292453077527,24.4585276140175,87.8157806740979,67.3997888611019,469.205702836185,0.0106778421606135,0.00934018669690665,3.99409793273231e-05,0.00183484135574725,0.0230505726045596,5.94104369838632e-05,4.73845705704996e-05,1.77899830563005e-09,1.09077136900913e-05,0.00014234801559166,-390.22255231165,0.210395840936343,0.165733383696717,0.925,0.672030284648754
"constant",200,"montoril",162,10.251,868.543836563287,3452.35802255182,200.952017088939,818.713382781228,916.828241840406,367.607967000035,7057.86710008882,882.012517541053,84.7277179361318,336.782559999202,19.6031623343029,79.866684497242,89.4379320886164,688.505228766834,0.015176496078301,0.0138572595277833,6.79507789862029e-05,0.00178538264028632,0.0310521221062748,6.34799126830917e-05,4.88090307554505e-05,2.5559639530738e-09,9.92427520489557e-06,0.000156947332092634,-389.408487839294,0.224230523171436,0.148051834571191,0.945,0.730449266750568
"constant",200,"montoril",163,10.18,558.372633454919,2568.78927322548,299.035652906084,972.365926843714,895.519134550625,338.811239231807,6865.39371732236,1230.71984607999,54.849963993607,252.336863774606,29.3748185565897,95.5172816152961,87.9684808006508,674.400168695713,0.014255707501393,0.0126920445698262,6.265738832368e-05,0.00230928189379654,0.0298457883824592,7.38120017571714e-05,5.61541563641233e-05,3.77385451646279e-09,1.13281630048944e-05,0.000186286773962962,-398.080847263812,0.170785237839135,0.125855579497243,0.95,0.730442217802352
"constant",200,"montoril",164,10.11,341.575764968081,1359.58418221137,242.396257390224,691.857312631224,736.728593842089,236.798440343464,4285.00578312678,782.746134145674,33.7859312530249,134.479147597564,23.9758909386967,68.4329686084297,72.8712753553006,423.838356392362,0.0122307810853131,0.0104328419300895,5.81565225999627e-05,0.00164893467558778,0.0270637320093024,8.17905471926189e-05,6.4514614881106e-05,4.12126833950055e-09,9.71184110642937e-06,0.000198298419849677,-396.834713671051,0.238660726606264,0.186920458691405,0.92,0.721273723932799
"constant",200,"montoril",165,10.102,343.476700760612,1075.78639687718,259.347743405248,542.909556340447,770.54193518721,235.159261489126,3547.4626193992,619.097651999997,34.0008612908941,106.492417033972,25.6729106518757,53.7427792853343,76.276176518235,351.16438521077,0.0123869243059925,0.0109555846839591,5.50499923943585e-05,0.00151878435372989,0.0268978264250734,9.11340062068503e-05,7.02423964438401e-05,5.26182917081939e-09,1.11226035846579e-05,0.000227290210694819,-390.686792608213,0.231307810497161,0.175862094518083,0.925,0.70975255290536
"constant",200,"montoril",166,10.076,377.773588274114,1954.25450397503,271.289509453434,899.681430319824,556.785300465196,221.798464568099,4141.57901236102,1299.14758534719,37.4924164622979,193.951419608478,26.9243260672324,89.2895425089146,55.2585649528777,411.034042513003,0.0091814032247956,0.00785377260429925,3.1900253051022e-05,0.00135382674941338,0.0202769492586576,5.94268678004316e-05,4.83496976645658e-05,1.65688681321496e-09,1.13278209118059e-05,0.000136519897881657,-387.914088479867,0.212958225427506,0.149266265060827,0.855,0.655958463673208
"constant",200,"montoril",167,10.37,221.636067721275,1723.28781697899,342.932957849533,1114.84449602995,762.999223250616,164.035824081316,6502.77926487417,1239.23170151611,21.3728127021481,166.180117355736,33.0697162825007,107.506701642232,73.5775528689119,627.076110402523,0.0124336547980508,0.0110163949622272,4.60642810872244e-05,0.00236622687113659,0.0255827481362876,6.08291588114653e-05,4.87112060236804e-05,1.92105902296618e-09,9.99756080553272e-06,0.000144284097164782,-396.900191204567,0.228839890456186,0.167279274938467,0.9,0.703915408395487
"constant",200,"montoril",168,10.166,159.875851892027,874.381822572206,255.625654415201,977.222692530576,443.543418617251,123.665763776738,2927.12488433596,579.545840750575,15.7265248762569,86.0104094601816,25.1451558543381,96.1265682205957,43.6300824923521,287.932803889038,0.00737840823573645,0.00627242051457849,2.03827789218886e-05,0.00143309485169059,0.0163523123565274,6.51544628492625e-05,5.36682811864866e-05,1.89255346511184e-09,1.12869914097622e-05,0.000148968261783166,-396.69081636737,0.238870446736841,0.180667951896346,0.855,0.639712021638387
"constant",200,"montoril",169,10.015,524.554868402411,2394.52217310234,243.784726157779,882.699417835623,1068.03856536197,309.435695868563,7962.0531594616,1010.2248879239,52.376921458054,239.093576944817,24.3419596762635,88.1377351807911,106.643890700146,795.012796751034,0.0176778162144526,0.0160839029273749,8.95159126941535e-05,0.00197649855162994,0.035789596210263,6.80784081425923e-05,5.24409774387114e-05,3.21373107341688e-09,1.09052461819073e-05,0.000167479702296712,-383.581272080153,0.205199561590845,0.15479900653169,0.96,0.766842296028522
"constant",200,"montoril",16,10.074,583.108802269998,2934.81249738341,314.010417203287,890.462559725572,960.241895648064,390.439187723845,9466.53901093563,1358.4213542493,57.8825493617231,291.325441471453,31.1703809016565,88.3921540327151,95.3188302211698,939.700120204054,0.0158598663792116,0.0147062158899148,6.58656968455554e-05,0.00214775943664793,0.0311146332991966,6.04217378549124e-05,4.62229291476483e-05,2.59709664023903e-09,9.22369970334167e-06,0.000148860469959282,-393.314345764735,0.207294218268295,0.149650198269655,0.945,0.738176094108086
"constant",200,"montoril",170,10.053,662.17868877095,3596.51242998078,247.896831320721,774.150060851008,1029.50907361126,292.635260261862,6963.54557326534,732.701443606611,65.8687644256391,357.755140752092,24.6589904825147,77.0068696758189,102.408144196882,692.683335647602,0.0165387221237261,0.0147026769795173,9.34651348552583e-05,0.00153291030270461,0.0348500078705902,6.91595965340816e-05,5.2816614423953e-05,3.08266476409422e-09,1.10137263577529e-05,0.00017501947922399,-389.369593919293,0.173659408867584,0.129173602735447,0.965,0.762317079820527
"constant",200,"montoril",171,10.027,444.580614115259,2215.53579276088,251.336847394363,1281.57395884023,861.518232364045,319.46009650662,7268.59783876541,1656.16247474513,44.3383478722708,220.956995388539,25.0660065218273,127.812302666823,85.9198396692974,724.902546999642,0.0139576055314574,0.0121417146392654,6.71572281994552e-05,0.00206192522719586,0.0298601930254643,5.51074195604665e-05,4.53511819577001e-05,1.33910068390883e-09,1.0644653461339e-05,0.000125138484386732,-408.362198055848,0.219792924715156,0.158687391094251,0.925,0.719342220105396
"constant",200,"montoril",172,10.167,218.424902835756,1159.01945325393,255.740810257589,987.564145864996,474.098450429021,142.472485606214,3185.38623508103,737.896923761224,21.48371228836,113.998175789704,25.1540090742194,97.1342722400901,46.6311055797207,313.306406519231,0.0075033839736837,0.00634885798935684,2.32874985466386e-05,0.00129035572294549,0.0169427731989455,6.11891629762754e-05,5.05034963539149e-05,1.7195628897552e-09,1.07855800893711e-05,0.000136365277947242,-399.371617443676,0.226238463511005,0.153789809479664,0.87,0.615666108059953
"constant",200,"montoril",173,10.197,326.666461687635,1785.44729016823,206.260367641577,898.694086874748,864.674384880339,257.348702305197,6819.27979109757,1417.53927871713,32.0355459142527,175.09535060981,20.2275539513168,88.1331849440765,84.7969387937961,668.753534480492,0.0145528282051099,0.0129054433683718,6.89389091335881e-05,0.00167015132878377,0.0306771800255711,6.01266016541257e-05,4.65394460626577e-05,3.08064022365984e-09,1.05476201102405e-05,0.000142579051755391,-386.837363644931,0.246019386459049,0.18252080129722,0.915,0.735759555772126
"constant",200,"montoril",174,10.033,355.963037429992,1223.27388183634,257.711422211634,454.113714689711,575.881595013601,124.180702600745,2527.15816071505,552.583443647038,35.4792223093783,121.925035566265,25.686377176481,45.262006846378,57.3987436473239,251.884596901729,0.00946955201247762,0.00788665702581704,3.75956338933395e-05,0.0013702213722818,0.0212891478087596,0.000112492895661762,8.96186641836821e-05,7.32364317385094e-09,1.2603562724038e-05,0.00027873285919788,-381.042547040124,0.235400279834569,0.163239130970311,0.88,0.686588870943853
"constant",200,"montoril",175,10.059,717.057894664581,3500.22063928795,151.802823048346,969.282577447361,793.109055254656,341.680236451992,6107.64300391365,1042.28365879064,71.2852067466529,347.969046554125,15.0912439654385,96.3597353064281,78.8457158022324,607.181927021936,0.0142035592836123,0.0118039080140731,8.50824177108314e-05,0.00186464213116889,0.0326419322320298,5.84943419710331e-05,4.73563361401005e-05,1.61384188941022e-09,1.04364900430212e-05,0.000135029916060685,-392.431815708673,0.201489794169794,0.143566962102399,0.895,0.725112158312061
"constant",200,"montoril",176,10.042,572.624112841344,2605.50793179068,331.982160895639,851.126149425031,1055.75725848957,370.879970730229,9775.71951892951,1358.64319956903,57.0229150409624,259.461056740756,33.0593667492172,84.7566370668225,105.134162367016,973.4833219408,0.0166844938112765,0.0152378440535764,7.39979591211523e-05,0.00314241493852354,0.0333999644061613,6.7750317721246e-05,5.15014320570937e-05,3.43020527913044e-09,1.04805510023452e-05,0.000171198949656313,-383.365266174557,0.189142591706052,0.133236896758711,0.95,0.758193782764612
"constant",200,"montoril",177,9.944,571.907840254971,2518.36104911811,235.210441057186,624.861367081357,1376.71473043229,432.479169411785,9542.8324620275,699.168655349372,57.5128560192047,253.254329155079,23.6535037265875,62.8380296743119,138.446774983134,959.657327235267,0.0218449358858211,0.0203186915480863,0.000117399500580938,0.00288022446716665,0.042396365628352,7.22987247715346e-05,5.06258080666005e-05,5.93905220589971e-09,9.96257866359537e-06,0.000190453709767809,-380.930717523244,0.229546232784365,0.182599770373208,0.935,0.810223287172705
"constant",200,"montoril",178,10.111,627.456165545194,3073.98483059498,218.45071809159,982.530521859265,1105.12191700787,296.628245083252,9317.57913350556,1369.81437211229,62.0567862273953,304.023818672236,21.6052534953605,97.1744161664786,109.298973099384,921.52894209332,0.0178094667476809,0.01609304233549,9.0449508213741e-05,0.00261583274350468,0.0364915248897495,6.24830569187688e-05,4.89546518600965e-05,2.29410740037379e-09,9.977470982049e-06,0.000151941532090412,-382.544824929179,0.182583210506832,0.14192454556812,0.96,0.774523127668403
"constant",200,"montoril",179,9.957,401.360056009665,1557.57271593874,271.034414849465,875.155854357681,828.180360414925,309.085815146294,6924.76499396567,1276.90167297585,40.3093357446686,156.429920250953,27.2204895901843,87.8935276044673,83.175691515007,695.467007528941,0.0120255315950662,0.0106795524925167,4.87197611567113e-05,0.00201554252359018,0.0255312609634013,6.16288716250955e-05,4.89515735779155e-05,2.12772697141402e-09,9.7874760355833e-06,0.000146802431153677,-398.682348161517,0.230190552088478,0.166586951040327,0.92,0.690843925088445
"constant",200,"montoril",17,10.028,243.813987071768,882.838672175539,331.004600395209,1013.38131123028,416.71583914948,144.468430928076,2324.85425647378,659.85045501447,24.3133214072366,88.0373626022675,33.0080375344245,101.055176628468,41.5552292729837,231.836284052033,0.006210851490587,0.00539343161607056,1.27901670877618e-05,0.00124655458730785,0.0132559544686823,6.52804725972084e-05,5.4989737022599e-05,1.77634572862289e-09,1.22428556294625e-05,0.000144697719996584,-380.967321754508,0.232739421563609,0.145122034615444,0.835,0.616579940335979
"constant",200,"montoril",180,9.97,545.723170016452,1532.47435367496,280.887375650516,649.603855892761,603.842209081677,206.634159436122,3529.01065890398,883.072882878157,54.7365265813894,153.708561050648,28.1732573370628,65.1558531487223,60.5659186641602,353.962954754662,0.00946530863837284,0.00798201688997906,3.56671540492967e-05,0.00138135367041991,0.0212534636137298,8.23587013656905e-05,6.69835160918922e-05,3.32047358603877e-09,1.20678956470121e-05,0.000194134436409278,-393.031809540402,0.212485762044474,0.145006296738614,0.91,0.666765959847947
"constant",200,"montoril",181,10.644,403.988260074265,1347.04792189083,287.015285016781,756.519948997,478.012783608044,108.928717926508,2318.21196840393,686.996810271008,37.9545528066765,126.554671353892,26.9649835603891,71.0747791241075,44.9091303652804,217.79518680984,0.00754339642723334,0.00620475706901525,2.43165858280078e-05,0.00124721837167765,0.0175217244455394,9.33899089917935e-05,7.77576742070818e-05,3.97601654761358e-09,1.41560054409549e-05,0.000212737058906398,-382.205726626232,0.192724128151475,0.147005603961149,0.895,0.642948442918807
"constant",200,"montoril",182,10.408,372.497440674837,1012.93064431813,262.041990900827,476.035351061129,415.320159657753,128.267527295261,1874.6993879801,589.246568768974,35.7895311947384,97.3223140198051,25.1769783724853,45.737447257987,39.9039354013982,180.121001919687,0.00674826554007536,0.00572198345427482,1.7423752692172e-05,0.00118811074256309,0.0150261539032122,0.000101161539553279,8.25363507270053e-05,4.82556042547245e-09,1.44019033263479e-05,0.00023890797024663,-377.829591188927,0.214882760143189,0.14845139051793,0.89,0.63300915994462
"constant",200,"montoril",183,9.993,447.841775433208,1793.64439563491,124.932897275448,657.140736775446,696.578061372377,222.054082810736,4062.08969952505,572.187201927191,44.8155484272198,179.490082621326,12.5020411563543,65.7601057515707,69.7066007577682,406.493515413294,0.0106365199056872,0.00916881173994379,4.31015836457752e-05,0.00155029821982777,0.0234026530131,6.9286269041585e-05,5.4308575862756e-05,2.79974895374769e-09,1.12924000837262e-05,0.000167435713736489,-396.608799841105,0.201993559653608,0.138404731032358,0.92,0.680176811017082
"constant",200,"montoril",184,10.726,743.006349263228,2182.25674223483,173.500181311906,664.229650428884,838.45028535408,274.511339882792,5312.56050945502,802.108700948373,69.2715224000771,203.45485197043,16.1756648621952,61.9270604539328,78.169894215372,495.297455664276,0.0135564821891017,0.0121401633062179,6.09843369018442e-05,0.00186076318060914,0.0285461602962929,7.52108379463766e-05,5.7406940965512e-05,3.59822470561708e-09,1.17751164816063e-05,0.000190510150881529,-399.989352319735,0.197457201239494,0.140556460491687,0.92,0.720655955659238
"constant",200,"montoril",185,10.045,222.991503768782,788.14584831961,207.087312227741,871.87958262638,431.59350685153,83.812476099,2373.71142838174,565.827408866053,22.1992537350704,78.4615080457551,20.6159594054496,86.7973700972006,42.9660036686441,236.3077579275,0.00668199123951206,0.00572575267333241,1.73278470777307e-05,0.00127709516837838,0.0143973778558856,6.55252213685414e-05,5.4555158883953e-05,1.7837648347014e-09,1.17590422493195e-05,0.000146659305095272,-394.026581571049,0.232003672112207,0.165190142288247,0.855,0.629597522142025
"constant",200,"montoril",186,10.3,386.656481898154,1616.79826643732,283.647451590486,1361.38492694969,495.341991708152,245.111691422974,3314.89633720184,1235.60799732715,37.5394642619567,156.970705479352,27.5385875330569,132.173293878611,48.0914555056458,321.834595844839,0.00737889767983165,0.00613766538068609,2.22715573922414e-05,0.00131092567300341,0.0169718261422241,5.98814601169265e-05,5.05840533405303e-05,1.37102982224466e-09,1.24341497045067e-05,0.000130595565443964,-406.729134607054,0.225548660267082,0.16247252261934,0.845,0.613192766433956
"constant",200,"montoril",187,10.082,376.467621687906,1521.45970688092,246.520700304704,746.745288851898,681.844391750622,195.06072499725,4979.07565612363,929.862156525478,37.3405694988996,150.90852081739,24.4515671795977,74.0671780253816,67.6298742065683,493.857930581594,0.0114291099229905,0.0101747221247695,4.13266738246044e-05,0.00186751706736697,0.0237940553928603,6.7212384852008e-05,5.28169997371977e-05,2.46157664453627e-09,1.07932570259957e-05,0.000163000675381565,-386.485042752424,0.196786469801069,0.139238220467755,0.915,0.693983796239541
"constant",200,"montoril",188,10.238,345.371973773105,1140.38193379408,215.356119113962,759.565602020929,527.527899227776,242.500408207941,2811.34918653714,742.327870475783,33.7343205482619,111.387178530385,21.0349794016372,74.1908187166369,51.5264601707146,274.599451703178,0.00865915147674254,0.00728525294340073,3.13154813481188e-05,0.00126415755318605,0.0196318924784689,7.09209340348332e-05,5.7813578494893e-05,2.32854562751095e-09,1.17885673170096e-05,0.000164984829937525,-387.003658771776,0.204223183052741,0.148924918018905,0.89,0.655005238852133
"constant",200,"montoril",189,10.112,500.845903074666,1654.49524027204,135.266890334084,705.871974797444,635.636585920062,200.792580003659,3673.32320292659,535.361628053059,49.5298559211497,163.61701347627,13.37686811057,69.805377254494,62.8596307278542,363.263766112203,0.0104193303165098,0.00908368575389493,4.07551449170446e-05,0.00151768690044369,0.0229504063672408,7.99754846486429e-05,6.20858180071578e-05,4.24469987611616e-09,1.20577153301002e-05,0.000194819031678561,-382.473020785555,0.194871829075491,0.148168748383377,0.915,0.685383051466578
"constant",200,"montoril",18,10.302,2059.99382804815,13576.5688704399,548.574203109345,1234.64205098194,2285.75673716406,705.760351752524,32501.6509748986,3262.64928783871,199.960573485552,1317.85758788972,53.2492917015478,119.844889437191,221.875047288299,3154.88749513673,0.0333983143026597,0.031391314696235,0.000184052992615171,0.0103057625943086,0.0608284852793912,5.7343604951766e-05,4.43231962915336e-05,2.12938144801415e-09,9.7533505929603e-06,0.000138671649422382,-389.37152388744,0.21695591263082,0.165023393868144,0.97,0.884803617368744
"constant",200,"montoril",190,10.728,323.792971057821,1138.67830031582,274.116143643616,558.891522013435,550.340141662502,206.750606244738,3123.26723920414,584.216043929315,30.1820442820489,106.140781162921,25.5514675283013,52.0965251690375,51.2994166352071,291.132292990691,0.00864107103575996,0.00757987278421149,2.54699224369489e-05,0.00134249332249937,0.018387971705843,9.38423396334934e-05,7.10664225598451e-05,6.22758321071925e-09,1.20613763234943e-05,0.000240864286472177,-378.700498398469,0.217468471748492,0.152749030215324,0.905,0.666749893270244
"constant",200,"montoril",191,10.178,353.106530222085,1205.0360284573,206.946081741188,471.821782161765,691.06098661078,162.480803197638,3829.22931249729,517.956483118081,34.6931155651489,118.39615135167,20.3326863569648,46.3570232031602,67.8975227560208,376.226106553084,0.01226204105675,0.0108917362168098,5.41898083485442e-05,0.00156956505181835,0.0262359160045678,9.80658885308797e-05,7.31844055607136e-05,6.83653735269641e-09,1.07484617536899e-05,0.000254295976360555,-389.655972177346,0.234381465642298,0.180165284991972,0.935,0.727404190434142
"constant",200,"montoril",192,10.964,996.199828483528,4569.55879616934,330.274733107909,1051.00057040635,1153.36841295583,370.046346970862,10906.1636758704,1595.09529161125,90.8609839915658,416.778438176701,30.1235619397947,95.859227508788,105.195951564742,994.724888350088,0.017753315570288,0.0162452525731431,7.93033655683806e-05,0.00309558287080723,0.0352173203156509,6.23655337087519e-05,4.70063564062946e-05,2.64813115737833e-09,1.01504750329959e-05,0.000158763745572346,-380.546623593039,0.190501080372439,0.144250184982218,0.945,0.756245109565133
"constant",200,"montoril",193,10.01,65.3242275867048,458.827112252389,207.126228918047,1110.68410490706,352.830161510686,40.3279216599497,2161.38381263994,264.014702535205,6.52589686180868,45.836874350888,20.6919309608439,110.957453037668,35.2477683826859,215.922458805189,0.00610440946045362,0.00511990442819406,1.40206185075645e-05,0.00119679607462525,0.0137645940107751,6.09892630171972e-05,5.05384632487826e-05,1.59569379115786e-09,1.15614252468993e-05,0.000136569450085311,-382.522882712573,0.244374480661882,0.194138433111348,0.795,0.614270898983596
"constant",200,"montoril",194,10.398,512.362670573546,2046.87056309572,241.69124739366,940.588559170067,591.369685565943,166.34200079652,4584.57862825177,1329.38469461193,49.275117385415,196.852333438711,23.2440130211252,90.4586034977945,56.8734069596021,440.909658420059,0.00958260493157289,0.00814902690889204,3.35424905589041e-05,0.00165997904170915,0.0210277334544201,6.09084130676109e-05,4.97871117313663e-05,1.75530056191586e-09,1.0128494564592e-05,0.000139801177870715,-402.659146058819,0.212116287310349,0.154462742440906,0.91,0.653017792241303
"constant",200,"montoril",195,10.904,488.745725884576,1748.33356501174,209.90301988696,916.515161747354,692.215618386659,252.498226201008,6275.75331722775,1014.14590382711,44.8226087568393,160.338734869015,19.2500935332868,84.0531146136605,63.4827236231345,575.54597553446,0.0110044636584136,0.0096360569724551,4.10679087879373e-05,0.0016319791131076,0.0237348595787652,6.82451863616823e-05,5.3747274526108e-05,2.76416365625372e-09,1.15817785122612e-05,0.000163144511979054,-388.241302061603,0.220552513025245,0.143816379888628,0.91,0.685421452229207
"constant",200,"montoril",196,10.342,464.681419840408,2007.57595578452,207.146452504368,746.89433276835,704.982438657102,187.890162113758,4371.79169041369,824.654207254961,44.9314851905248,194.118734846695,20.0296318414589,72.2195255045784,68.1669346990043,422.722074106912,0.0106285511628258,0.00932657263296716,4.09777666676022e-05,0.00147652613529669,0.0229843407832118,6.86720603613513e-05,5.57572913605012e-05,2.37528471430336e-09,1.19725256903717e-05,0.00016003200347008,-387.881091280409,0.17918758213688,0.12412276542372,0.93,0.672771557824206
"constant",200,"montoril",197,10.058,1542.90800283617,7054.30716648087,359.954271434717,862.541063728349,1850.51648797286,415.489077713967,23720.0973870572,2055.25424172891,153.401074054103,701.362812336535,35.7878575695682,85.7567174118462,183.984538474136,2358.33141649007,0.0275315385881126,0.025914203109213,0.000139745750238456,0.00680182791124108,0.0512300733328406,6.01185065632485e-05,4.50351326321869e-05,2.69840192439373e-09,9.99099847201665e-06,0.000151531617982436,-373.847370634462,0.198534236609827,0.146651721251765,0.96,0.84245156822748
"constant",200,"montoril",198,10.147,272.378159479779,1424.97103024687,269.670637250042,779.099028712074,567.001257935046,160.575883064697,3296.07870618314,524.477992534522,26.8432206050831,140.432741721383,26.5763907805304,76.7812189526041,55.8787087745192,324.832828046037,0.00873652710631757,0.00749503101683519,2.84643552155264e-05,0.00131319961384182,0.0191372790005408,6.74745835149833e-05,5.48001835345553e-05,2.22760522746997e-09,1.14285680787811e-05,0.000158058055138058,-416.328109841665,0.214404854792816,0.167263388939104,0.88,0.646985851200647
"constant",200,"montoril",199,10.203,620.281924179464,2340.98922274577,238.15636936786,640.747888694163,617.988982228978,206.72827569356,3495.97202763254,783.107626092235,60.7940727412981,229.441264603134,23.3417984286837,62.7999498867159,60.5693406085444,342.641578715333,0.0102480737345504,0.00867070385889255,4.48783613519347e-05,0.00134665305124607,0.0233680417878639,7.28310137780196e-05,5.79989084849325e-05,3.08673246325551e-09,1.0246668648035e-05,0.000172657751912704,-401.161291719545,0.196377468805933,0.14424146151487,0.905,0.678361879847648
"constant",200,"montoril",19,10.103,909.377070827466,3349.42889482786,254.169598382391,761.529842612427,1118.48270691196,361.544734516964,7588.50471280208,1077.11081993873,90.0105979241281,331.528149542499,25.1578341465299,75.3766052274005,110.707978512517,751.113997109975,0.0179939656061551,0.0163670573238097,9.23268523131736e-05,0.00226082772136859,0.0361487581663127,7.59992756698277e-05,5.42479898248418e-05,5.62509363722739e-09,1.06628349087556e-05,0.000200137846934904,-389.636842108878,0.195897640891373,0.151940715122214,0.95,0.77117869677486
"constant",200,"montoril",1,10.17,723.249291941122,2632.29118962402,350.710172821261,593.158297939958,1108.3147098279,456.881250581146,5907.78494131254,842.311647274504,71.1159579096482,258.829025528419,34.4847760886196,58.3243164149418,108.9788308582,580.903140738697,0.0172836431174957,0.0163605084202984,6.4889656251285e-05,0.00248987772199521,0.0323876939561924,9.12322418305016e-05,5.90430943963535e-05,9.28482241592592e-09,9.65563443087035e-06,0.000277831336043301,-369.256977126669,0.227352418405533,0.164625880016489,0.935,0.764947946526638
"constant",200,"montoril",200,10.207,386.56965077201,1758.84670155366,204.264839247049,722.226689757579,683.07825646517,232.457364016287,4705.06249087955,874.785116846754,37.8729940993446,172.317693891806,20.0122307482169,70.7579788143019,66.9225292902096,460.964288319737,0.0106409103730549,0.00946568595497371,3.70460574899942e-05,0.00175676457482732,0.0225172299945721,7.36357940174016e-05,5.75726953985508e-05,3.46940330144092e-09,1.06688752521393e-05,0.000179203566289486,-396.210288568568,0.17970487760645,0.114725156189731,0.92,0.67851219836448
"constant",200,"montoril",20,9.889,499.09878501964,2852.49750535408,239.44555143955,896.187129090535,746.762859411474,309.795919366602,6162.02491159933,1338.40299805938,50.4700965739347,288.451562883414,24.2133230295834,90.6246464850374,75.5144968562518,623.11911331776,0.011090073025508,0.00987938024221986,3.78899481973633e-05,0.0020426119146923,0.0228490978401016,6.07690334451909e-05,4.76725431021961e-05,2.0947350056249e-09,1.06311803885356e-05,0.000143954961283302,-394.301027857579,0.201630715480041,0.143894470586364,0.92,0.678912639796043
"constant",200,"montoril",21,10.055,538.055517341829,1491.22291012164,297.276424292176,765.823362449159,795.011222682682,287.594450201599,4902.82419130845,980.013724326683,53.5112399146524,148.306604686388,29.5650347381577,76.1634373395484,79.0662578500927,487.600615744252,0.0119345305798451,0.0105176165830735,4.7652182774256e-05,0.00187856608855812,0.0254761048012412,7.7396875921078e-05,6.04707898722534e-05,3.53565846044151e-09,1.12337323368371e-05,0.00019007845892208,-394.545382757435,0.19442588235978,0.129032217098267,0.925,0.698295115481754
"constant",200,"montoril",22,9.982,289.784585026347,996.813137768415,233.963463586113,878.724009233979,540.078931766885,203.451828736284,3332.85223730583,740.367661024923,29.0307137874521,99.8610636914862,23.4385357229125,88.030856465035,54.1052826855225,333.886218924648,0.00774513190868081,0.00657510034702595,2.27193631478212e-05,0.00139726710689392,0.0172317617378729,7.10064771026032e-05,5.90439329045495e-05,2.2062302180238e-09,1.25165125584384e-05,0.000160517975315479,-401.726088019512,0.229492802485335,0.151727552454705,0.875,0.622426741037709
"constant",200,"montoril",23,10.278,352.60318312462,1587.22091285149,244.790388611258,791.257330026213,629.33991452565,246.297755357465,3822.40118007182,1127.66245684331,34.3065949722339,154.428966029528,23.8169282556196,76.9855351261153,61.2317488349533,371.901262898601,0.0112988331692319,0.00976033066540551,4.66356006784254e-05,0.00170734711452131,0.0246676405706113,7.36298615697664e-05,5.76181141009285e-05,3.27327563981204e-09,1.13466467824963e-05,0.000182884670175079,-399.916436519007,0.21927906331783,0.163685556506889,0.925,0.70731129173835
"constant",200,"montoril",24,10.526,512.146707633832,2054.9436455323,258.400474681139,1029.41961037342,863.479653709164,352.834236715597,7087.90514380199,1193.26099050742,48.6553968871207,195.225503090661,24.5487815581549,97.797796919382,82.0330280932134,673.371189796883,0.013003482262897,0.0114912619037552,5.45481647906156e-05,0.00210789814000792,0.0274591197831049,6.14952311003365e-05,4.81832304750865e-05,2.16361956749895e-09,1.01162471361345e-05,0.00014913512761552,-397.347359126858,0.197126228541944,0.148915476094294,0.935,0.701059454329888
"constant",200,"montoril",25,10.094,471.279198508551,1531.22000308534,236.099088477707,504.662012244138,625.072439948513,199.074931933494,2764.86361565197,540.002517847929,46.6890428480831,151.696057369263,23.3900424487524,49.9962366003703,61.9251476073423,273.911592594806,0.00955054120038162,0.00813578801194479,3.69842123115578e-05,0.00128369829466583,0.021573282372359,0.000109369641833652,8.86527698535252e-05,6.27899586656799e-09,1.30502411105424e-05,0.000262247518957715,-404.469273646933,0.224257466821733,0.177183094016228,0.905,0.6667253501356
"constant",200,"montoril",26,10.095,996.631942050847,5166.57402153747,244.482223398769,1032.80478686704,1189.6355970057,497.684905938614,10920.1221413369,1344.44430956983,98.725303818806,511.795346363296,24.218149915678,102.308547485591,117.844041308142,1081.73572474858,0.018852735285607,0.017304691883112,9.61368600091227e-05,0.00227550453495579,0.0374429948303021,6.03653623802219e-05,4.73160362191825e-05,2.15396436598793e-09,1.12683924026779e-05,0.000145108416045158,-385.605026983067,0.187208288125329,0.140421399521936,0.96,0.770720313059197
"constant",200,"montoril",27,10.149,566.174022854484,2058.02470651777,244.412687924155,621.624353775004,783.63885194625,330.233479932779,4881.08439694148,823.552058156665,55.7861880830116,202.781033256259,24.0824404300083,61.2498131613956,77.2134054533698,480.942397964478,0.0126046276582062,0.0110341923264299,5.65855002746647e-05,0.00180527646051989,0.026998759404857,7.36824846623169e-05,5.7513415751376e-05,3.31012165227981e-09,1.08710609648466e-05,0.000179784625210769,-387.857288201152,0.191141703488329,0.13239863903827,0.935,0.702672364262191
"constant",200,"montoril",28,10.157,807.75833774133,4713.69969691982,383.52447135886,1193.12254795665,1335.47433320443,359.883223006518,16599.3175876467,2175.14664853016,79.5272558571753,464.083853196792,37.7596210848538,117.468007084439,131.483147898438,1634.27366226707,0.02143399388246,0.0200127032047393,9.49830071193139e-05,0.00508106412593048,0.0404755168803755,5.99479038251517e-05,4.62365719050558e-05,2.34850354951542e-09,1.0177392447202e-05,0.000143606381619183,-377.19119330139,0.1829999665189,0.137992196912696,0.945,0.808231945355819
"constant",200,"montoril",29,10.207,635.220523605437,2146.4731254703,295.583525115375,549.737436594869,942.129095782993,324.249015022054,4924.50787982188,767.49397047452,62.2338124429741,210.294222148555,28.9589032149873,53.8588651508641,92.3022529423918,482.463787579296,0.013129342883191,0.0118238908514561,5.44455574486983e-05,0.00185837202425771,0.0272192806253812,7.8843468911091e-05,5.96961425662538e-05,4.87966667234503e-09,1.09710995971207e-05,0.000196672544420126,-398.374273450887,0.172687982176718,0.122662030074632,0.94,0.698017457656054
"constant",200,"montoril",2,10.033,436.057022197028,1550.16691383903,287.373486436277,932.876074175794,601.618392559958,289.843860392441,3713.36490831833,1184.36693027606,43.4622767065711,154.506818881594,28.6428273134932,92.9807708736962,59.9639581939558,370.115110965646,0.00826390817198603,0.007026114102563,2.60654369076714e-05,0.00132028676661231,0.0182768403955323,6.19176382612894e-05,5.11679505271335e-05,1.68320631803138e-09,1.13501630867254e-05,0.000140260031222947,-401.44218456845,0.248481269994708,0.176640128029048,0.875,0.62567108580012
"constant",200,"montoril",30,10.361,531.067421386224,2371.56954173012,346.93623761502,1042.77298724063,800.541726862612,324.815409377686,6490.96264051296,1460.02175255758,51.256386582977,228.893884927143,33.4848216981971,100.644048570662,77.2649094549379,626.480324342531,0.0121945007363718,0.0109777160682512,4.15322654156313e-05,0.0024216213855186,0.0248201148902616,6.25250020790868e-05,4.83179192665232e-05,2.32944254496322e-09,9.79017098992473e-06,0.000153511395006871,-390.960474235831,0.213251131018865,0.137640276548446,0.915,0.697855282138657
"constant",200,"montoril",31,10.156,329.236633038838,1362.01148124839,256.224405696322,751.37560667396,495.07488017366,158.182582544986,2624.24471831697,578.301780216212,32.4179433870459,134.109046991768,25.2288701945964,73.9834193259117,48.7470342825581,258.393532721246,0.00802406184468332,0.00682789459894743,2.49154634920102e-05,0.00122672202332783,0.0178886199208853,8.36633228870101e-05,6.90915058759288e-05,3.42286919297846e-09,1.28250591069505e-05,0.000193256320066601,-382.216641512503,0.217903767830212,0.158454871358702,0.89,0.656096936933135
"constant",200,"montoril",32,10.199,1271.6551786996,5809.90884115245,287.273263086769,815.786296705296,1210.57510037773,306.735965931076,11451.344371253,1395.01646741004,124.684300294108,569.654754500682,28.1668068523158,79.9868905486123,118.695470181168,1122.79089825012,0.018610934787618,0.0168400796542789,9.39024056261007e-05,0.00298703927242164,0.0377843367533104,6.20123639090777e-05,4.69502303692839e-05,2.81361488710701e-09,1.02957302111686e-05,0.00015495029950764,-394.153852619572,0.204595945860267,0.155402632221935,0.96,0.763992003011336
"constant",200,"montoril",33,10.294,1455.07352720101,8519.56130081095,330.349187134854,1242.08606639345,1685.2328218085,502.372525481232,22951.6355808365,3221.67062166903,141.351615232272,827.62398492432,32.0914306523076,120.661168291573,163.710202235137,2229.61293771484,0.025772550707843,0.0238140852650779,0.000149775934708037,0.00524232104099472,0.0492878441360159,5.53711056845671e-05,4.40286707754503e-05,1.6838346540086e-09,9.99546365325584e-06,0.000129935280708945,-395.496098312705,0.163795988783294,0.112761153387546,0.965,0.819804972914001
"constant",200,"montoril",34,10.333,741.666017573295,2332.55123917375,244.402575616267,541.003831774786,872.542846611309,187.393660758677,4507.68953339566,656.788875328943,71.7764461021286,225.738046953813,23.6526251443209,52.3568984588005,84.4423542641352,436.242091686409,0.0145640027488098,0.0128997543261934,7.71630275586275e-05,0.00172125841527568,0.0313380831674981,8.96964530864875e-05,6.8601391805355e-05,4.98164407839737e-09,1.08729586278317e-05,0.000227956332002507,-386.509563407584,0.201373296203362,0.146400749761685,0.945,0.736636062336085
"constant",200,"montoril",35,10.161,541.442432606499,1766.18426200768,286.467155376731,503.539743261769,720.066948985896,269.053529057608,2996.75208569103,638.153272565561,53.2863332946068,173.819925401799,28.1928112761274,49.5561207815933,70.8657562233929,294.926885709185,0.0109635987341352,0.00967313219354298,4.08883076831948e-05,0.00163161726177937,0.0234380619779953,0.000102904812192632,7.86762677484541e-05,6.75874003736555e-09,1.14282102886648e-05,0.00026514088341352,-386.592238565648,0.206783250395924,0.153176583079539,0.91,0.688868668672462
"constant",200,"montoril",36,10.228,451.890425333136,1603.04602383262,245.731528836024,625.366587428462,850.537692385013,315.370928882575,5213.42417621346,806.749611435449,44.1816997783668,156.731132560874,24.0253743484576,61.1426072964863,83.1577720360788,509.720783751805,0.0141937109331605,0.0128528048175759,6.09630663540324e-05,0.00179498101267074,0.0294282895023428,7.34563472592061e-05,5.53072590011025e-05,3.9330018126386e-09,1.08723482958916e-05,0.00019168244097405,-384.264868455055,0.225584319050878,0.166954993823317,0.93,0.731444365465696
"constant",200,"montoril",37,9.955,432.842549135031,1821.73168386689,242.59189934002,773.129813617592,714.583072509407,196.13537958853,4987.31994568547,909.749272913462,43.4799145288831,182.996653326659,24.3688497579126,77.6624624427516,71.7813232053649,500.986433519384,0.0126930719297786,0.0113044264373996,5.21333844348631e-05,0.00170573330651089,0.0265717593640633,7.36281939229421e-05,5.66325249281952e-05,3.96165651063912e-09,1.0744395783961e-05,0.000183013153357218,-376.711702846229,0.223470846471939,0.173280270034222,0.91,0.734039046588597
"constant",200,"montoril",38,10.303,653.894718392646,3114.4239705729,202.224290826652,811.618598845697,1110.91104219839,228.096304933155,10021.7272764178,1189.43260397051,63.4664387452826,302.283215623886,19.6277094852618,78.7749780496648,107.824035931126,972.699920063845,0.0182771102798109,0.0166819439565448,9.04410805891346e-05,0.00304196059853236,0.0367144808364298,6.58981295884118e-05,5.16259109100769e-05,2.53576412742039e-09,1.02411864965491e-05,0.000161433856015111,-392.450397263349,0.203029403403875,0.162236352620355,0.96,0.772331698316928
"constant",200,"montoril",39,10.241,1096.01432729449,6680.63111986215,380.557961406163,1134.14318420918,1554.43891170201,409.045487291427,17193.0167006781,2885.08655562788,107.022197763352,652.34167755709,37.1602344894212,110.745355356819,151.785852133777,1678.84158780179,0.024348310405278,0.022688245018533,0.000133361794563957,0.00460453261645952,0.0471001901805046,5.90527103662693e-05,4.60838211075452e-05,2.32819437774384e-09,1.02535008305746e-05,0.000139441685847468,-387.255741200454,0.186982302666267,0.141511573492428,0.97,0.822953301642868
"constant",200,"montoril",3,9.969,646.119514917989,3777.56755076046,235.931518919372,925.79056066438,1043.53645871273,352.918467167475,10650.1373849106,1251.82606317603,64.8128713931176,378.931442547944,23.6665180980412,92.8669435915719,104.678148130477,1068.3255476889,0.0163792730409545,0.0150001985686379,7.63699082802008e-05,0.00219289227075527,0.0329014707091871,6.19555670663139e-05,4.92263232169403e-05,2.13498869915668e-09,1.06538547002764e-05,0.000146678532810185,-388.20049356658,0.221161439958673,0.169346246526215,0.905,0.741947324348282
"constant",200,"montoril",40,10.279,340.416092246102,1233.36660654499,226.22607960995,1034.66799532711,645.122030916683,283.279922257879,5121.66972695687,985.258036861728,33.1176274196032,119.988968435158,22.0085688889921,100.658429353742,62.7611665450611,498.265368903285,0.0101591808237237,0.00893633032796544,3.34056324338649e-05,0.00186667752776892,0.0215889786962057,5.63391159605981e-05,4.52132164527521e-05,1.64599785733486e-09,1.06505911568486e-05,0.000131044356219393,-388.166800503624,0.254688418604862,0.192212467899203,0.835,0.673257031075732
"constant",200,"montoril",41,11.084,450.373296087768,2176.222866027,257.051359834301,728.059969080953,848.203386561441,305.935778992333,5301.12129595155,963.780635115773,40.6327405348041,196.339125408427,23.1912089348882,65.6856702527024,76.5250258536125,478.267890287942,0.0136383504684899,0.0120879521185708,6.49192358815093e-05,0.00165894806920232,0.0293408506350555,7.36451952112833e-05,5.54757443521857e-05,5.50020391139574e-09,1.06063277844199e-05,0.000182055913435307,-387.196549242186,0.193129515619806,0.147225517925942,0.945,0.718971910009673
"constant",200,"montoril",42,10.355,491.65318142569,1873.78243647269,200.728610951114,790.691054316177,504.810253608406,164.286735564924,2787.56816309417,751.830972085975,47.4797857484973,180.954363734688,19.3847040995764,76.3583828407703,48.7503866352879,269.200208893691,0.00790558131018746,0.00678597316476207,2.279767730534e-05,0.00140160331972588,0.0173338979407083,8.42374686880391e-05,6.74170949263773e-05,3.8204495037809e-09,1.30364235392251e-05,0.000199000166810355,-374.380793475751,0.205658806204203,0.151017854009283,0.885,0.642624049508231
"constant",200,"montoril",43,10.165,415.117893676943,1524.97200628742,321.236874713886,876.093729327886,589.262181068692,186.900134460851,3596.84758714417,1090.49363158291,40.8379629785483,150.021840264379,31.602250340766,86.187282767131,57.969717763767,353.846294849402,0.00865701413082258,0.00738137096294077,2.97336766205322e-05,0.00133180114778492,0.0192547277318393,7.30311322759379e-05,5.87400989370491e-05,3.45903948178597e-09,1.15697691237138e-05,0.00016935216804667,-397.079237698303,0.221117105784186,0.16083536016528,0.9,0.640896059016512
"constant",200,"montoril",44,10.246,608.468812062129,2287.56645067356,231.388675079109,1001.00664250802,898.316701673155,315.483623782338,6424.9324907497,1039.27871660295,59.3859859517986,223.264342248054,22.5833178878693,97.6973104146028,87.6748684045632,627.067391250215,0.0149280736621281,0.0131844030715992,7.54660755257164e-05,0.00203744216092493,0.0318168098401249,6.76854088268924e-05,5.31397620981357e-05,2.79141614146675e-09,1.10248921695887e-05,0.000165420585404223,-389.359858773529,0.197989444480452,0.150897560130499,0.93,0.737359325538062
"constant",200,"montoril",45,10.038,723.047292560006,3477.89602751556,282.411568710521,845.881326090627,1135.13885363545,346.803331299236,8713.53787038617,1601.99488387938,72.0310114126326,346.473005331297,28.1342467334649,84.2679145338341,113.084165534514,868.055177364632,0.0176573718818073,0.015805345982381,9.65231124086719e-05,0.00241286216078159,0.0367610881156263,6.63854067569347e-05,5.15283521539889e-05,2.59316814981862e-09,1.11121692071873e-05,0.000165099292270958,-394.351110982649,0.213874435059079,0.154677256460577,0.955,0.763044283158984
"constant",200,"montoril",46,10.308,734.951415459233,3146.98616641842,362.794980288192,780.808610977433,1416.43937059361,373.077061135603,14636.030081493,1466.85393728882,71.2991283914662,305.29551478642,35.1954773271432,75.7478279954824,137.411657993171,1419.87098190657,0.0198180656397444,0.0184328272377394,8.38635750187739e-05,0.00439244056495828,0.0378592995078166,6.48035835852899e-05,4.77010639478174e-05,3.14603129803648e-09,1.04612888606223e-05,0.000167708648618633,-389.177843949503,0.192814150716997,0.137911498265198,0.96,0.768411493285937
"constant",200,"montoril",47,10.336,454.839101118732,1763.17576867548,312.114791446988,968.149093705275,698.053413646967,282.508864350078,5100.26456430768,1232.13435687368,44.0053309905893,170.585890932225,30.1968644975801,93.6676754745815,67.5361274813242,493.446649023576,0.0103651465899701,0.0086665349268078,4.42326871710867e-05,0.00159770873428834,0.023658121535172,6.50194188468936e-05,5.2081350141725e-05,2.23379629284714e-09,1.14992491153344e-05,0.000153881345113473,-414.958181591063,0.263019331267077,0.190106641904592,0.805,0.666536398043173
"constant",200,"montoril",48,10.139,247.96254557895,942.383774995573,232.463502546319,875.476991686604,492.842539353143,165.607260236359,2959.79572397763,705.545559187186,24.4563118235477,92.9464222305526,22.927655838477,86.3474693447682,48.6085944721514,291.921858563727,0.00713074512847045,0.00609707838627062,1.90197587054518e-05,0.00117985051666961,0.0155188984615105,6.86635303725631e-05,5.76509781836181e-05,1.97304728510514e-09,1.1807094866091e-05,0.000152205746371164,-400.700961886434,0.21165413256372,0.145523301455921,0.885,0.619305475119355
"constant",200,"montoril",49,10.075,1060.97123665244,3285.12817380671,223.470479879846,697.116569973347,999.217060319243,304.320532384499,5752.51414697297,870.6064639853,105.307318774436,326.067312536646,22.1806927920443,69.1927116598856,99.1778719919845,570.969146101535,0.015537244414845,0.0141940611667944,6.95076668650294e-05,0.00260670245948073,0.0316570840056175,8.73372509188381e-05,6.6187474975349e-05,5.49134574408258e-09,1.04818594869778e-05,0.000221563220130995,-383.496473853931,0.229374454528433,0.167417079158952,0.895,0.739051313809881
"constant",200,"montoril",4,10.232,398.698290815647,1313.89978438529,229.414654447403,908.552142355571,598.465886967381,212.53810249614,3456.86868272272,891.71919299394,38.9658220109116,128.410846792933,22.4212914823497,88.7951663756422,58.4896292970466,337.848776653901,0.00881933176477602,0.00767645925433636,2.72804644505758e-05,0.00144364641347356,0.0188754437673355,7.29047776848895e-05,5.84785352526369e-05,2.86216473154626e-09,1.24603019012108e-05,0.000173274491267992,-392.466971418177,0.212670860126144,0.161680429073214,0.885,0.656311627887912
"constant",200,"montoril",50,10.117,671.294791230787,1966.96469141924,311.054503572664,862.564129189505,695.198360243333,301.34748028239,5055.69710211633,1163.22727145916,66.3531472996726,194.421734844246,30.7457253704323,85.2588839764263,68.7158604569865,499.722951677012,0.0101418392805894,0.0088748824470254,3.59158813903574e-05,0.00146556064186116,0.0217523739960771,6.79661824625714e-05,5.37465216797767e-05,2.73177696425231e-09,1.1077230368864e-05,0.000163189106407124,-397.237078212721,0.196033894601304,0.133878648464861,0.92,0.665161091698384
"constant",200,"montoril",51,10.062,465.238537641652,2220.01468887255,228.488710683332,1139.42962354227,777.236579411039,290.400710539546,4878.23235189401,1094.96081564457,46.2371832281506,220.633540933468,22.7080809663419,113.240868966634,77.2447405496958,484.817367510834,0.0143861713398245,0.012344650599161,8.65937795963746e-05,0.00153518001741967,0.0327566430445477,6.58460186282338e-05,5.23129481506699e-05,2.4383378811899e-09,1.03956284421099e-05,0.000156602940171623,-392.11641753933,0.219823651529863,0.180371932745559,0.925,0.749098383774632
"constant",200,"montoril",52,10.332,862.629445055001,7223.22137273447,425.774135232428,900.945840353335,2168.97896865042,596.570131454103,22859.4843936461,2026.44028588635,83.4910419139567,699.111631120255,41.2092658955118,87.1995586869275,209.928278034303,2212.49365017868,0.031885079177098,0.0303461628212696,0.000163336798213805,0.0094285813476642,0.0578068665684703,6.43123547833839e-05,4.84931351518223e-05,3.118825778549e-09,9.76769200514926e-06,0.00016331137995042,-383.266042047262,0.214346036485924,0.166354124301377,0.965,0.87885381154819
"constant",200,"montoril",53,10.215,1000.94912258424,5780.91076028282,347.472922689837,1198.10388629994,1632.85204785415,543.064096225562,20151.564534648,2358.62524537421,97.9881666749137,565.923716131455,34.0159493577912,117.288681967689,159.848462834474,1972.74248993128,0.0244714227446405,0.022713751068338,0.000136921788460543,0.00424126293543232,0.0468769907410845,6.00704298540565e-05,4.64694803779754e-05,2.422143868135e-09,1.00262883311421e-05,0.000145398075096259,-386.802839533426,0.173971752033826,0.117724509959386,0.96,0.821941326517658
"constant",200,"montoril",54,10.165,495.693483185539,2515.30193574978,265.370131036902,903.860722719931,864.854452052224,338.390314967252,6451.95326331885,1144.21148376409,48.7647302691135,247.447312911931,26.1062598167144,88.9189102528216,85.0815988246163,634.722406622612,0.0135433872223204,0.0121595973514805,5.80276479231416e-05,0.00191525221726416,0.0283009869146171,6.53691620982125e-05,5.16807717584217e-05,2.29256876399683e-09,1.06660050873187e-05,0.000158656580849112,-391.179613451141,0.187997272275727,0.125546894371011,0.935,0.710126225291595
"constant",200,"montoril",55,10.18,555.016493025755,2757.23847399259,259.548390640306,724.490148310478,1072.23700376895,310.543405645465,7264.37818139883,859.552437847791,54.5202841872058,270.848573083752,25.4959126365723,71.1679909931707,105.327799977303,713.593141591241,0.0157802857070284,0.0145880390527442,6.66252909173639e-05,0.00238908889283951,0.0315223272914457,7.26647662420234e-05,5.38293228499688e-05,4.53719981994055e-09,9.05395742485702e-06,0.000185022556698066,-386.984171636603,0.185021707617319,0.129281078643462,0.945,0.735027012222394
"constant",200,"montoril",56,10.116,486.591842559708,1805.44867941243,164.016682589409,719.228292286301,664.102412281465,218.413494890467,4610.36676636767,624.681177943254,48.1012102174484,178.474563010323,16.2135906078894,71.0980913687525,65.6487161211413,455.749976904673,0.0111848800946511,0.0092719358646112,5.71415997825534e-05,0.00140203259954261,0.0259547643659327,6.63398864110379e-05,5.29316239979612e-05,2.41139692744018e-09,1.12398865994077e-05,0.000158334336122186,-409.848159432809,0.198922350733447,0.123857068037691,0.92,0.685486034213114
"constant",200,"montoril",57,10.232,482.026777402119,1731.36777640627,188.401701798051,1331.29481718248,897.277698436188,391.707320539608,7691.30159904332,1118.31806574016,47.1097319587685,169.211080571371,18.4129888387461,130.11090863785,87.6932856172975,751.690930320887,0.014251780604557,0.01219075740826,7.77661069613384e-05,0.00216552128917328,0.0317303660379278,5.75778465216626e-05,4.69605477094159e-05,1.55894121623313e-09,1.06168633500928e-05,0.000132350326017183,-397.180767955354,0.20499775176743,0.153594988021951,0.945,0.727163277584483
"constant",200,"montoril",58,10.026,322.18954032762,1308.62092490808,303.821006730426,823.921556322168,630.923361585975,270.689209200976,3867.11230352292,925.633267527339,32.1354019875943,130.522733384009,30.3033120616822,82.1784915541759,62.9287214827423,385.708388542083,0.00911719761774089,0.00805595598176841,2.68947828121248e-05,0.00160820144826293,0.0193868579908933,6.73166823032156e-05,5.44758352366079e-05,2.1102449725582e-09,1.13593436239431e-05,0.000157363553261833,-383.719539528559,0.20468402766626,0.13073945342278,0.89,0.657803562651005
"constant",200,"montoril",59,10.416,1164.86594382909,3628.73446986078,134.883668625953,1083.35949182151,871.582827049849,276.743796291574,6436.95965876329,849.549279764979,111.834288002025,348.380805478185,12.9496609663933,104.009167801604,83.6773067444172,617.987678452697,0.0150563441365199,0.0132639347627011,8.28866998215631e-05,0.00173988964923223,0.0326507472644919,6.04072042139063e-05,4.89079657100991e-05,1.80042193038544e-09,1.10214129064943e-05,0.000140287367042266,-394.736272949595,0.209822237105077,0.156742779716936,0.93,0.724838028278707
"constant",200,"montoril",5,10.198,1089.14530621027,3998.13820228226,317.402113331295,1013.83551855616,1100.42447336511,456.134212611566,9801.53942883582,1348.41077604829,106.799892744682,392.051206342642,31.1239569848299,99.4151322373171,107.905910312327,961.123693747384,0.0166071507896495,0.0150232196682163,7.5550619001263e-05,0.00270278960810232,0.0334915114688739,6.34309351873381e-05,5.0395078644104e-05,2.11710711504275e-09,1.08238842580395e-05,0.000152273529941816,-394.843077796324,0.188364529306427,0.131860455672188,0.95,0.736576414968284
"constant",200,"montoril",60,10.137,522.735014353409,1875.64159711701,239.128143523612,648.355363766643,546.390321712688,199.590359555589,3043.53479562422,931.110837196064,51.5670330821159,185.029258865247,23.5896363345774,63.9592940482039,53.9005940330165,300.240188973485,0.00845356891866753,0.00722431224925222,2.67358776750557e-05,0.00138673077166578,0.0188688257304676,6.81094574627546e-05,5.48811111933258e-05,2.35072897231868e-09,1.15683535109574e-05,0.000159798412218586,-389.023848315071,0.199888091176984,0.141178883110735,0.875,0.653760679495181
"constant",200,"montoril",61,10.14,375.018097553695,1453.54361957368,241.210329119283,996.23925975087,601.938920223166,286.720786386749,4468.18200106907,1099.31235175385,36.9840332893191,143.347496999377,23.7880008993376,98.2484477071864,59.3628126452827,440.649112531467,0.0100731296263215,0.00865674673232331,3.61705897382586e-05,0.00176851566200214,0.0217820548433607,6.48888349295108e-05,5.26313535992508e-05,2.04395521517882e-09,1.08349428196626e-05,0.000152433270052673,-388.293320382492,0.225838815794749,0.157641276432668,0.865,0.682037295366094
"constant",200,"montoril",62,10.084,1037.05920952716,2743.35707483594,29.3639038461544,582.486759482902,1144.87338586043,153.002870681659,7215.88805102936,606.818969995464,102.842047751603,272.050483422842,2.91193017117755,57.763462860264,113.533655876679,715.577950320246,0.018253391740822,0.016444267241029,0.000101867118638246,0.00257737540915082,0.0374163306424979,7.58028385884629e-05,5.85548774288686e-05,3.76831193790036e-09,1.07505561671974e-05,0.000187081551653866,-384.222481463255,0.186312600204775,0.133157368934611,0.955,0.769492873979531
"constant",200,"montoril",63,10.159,264.926672495639,1033.16105637677,179.709150271004,1012.77923166303,486.544314779531,170.486569175009,3008.13827940521,798.641041510969,26.0780266262072,101.699090105007,17.6896495984845,99.6928075266293,47.8929338300553,296.105746570057,0.00833773342608088,0.00700925451112501,2.8312988464103e-05,0.00134753115981315,0.0186122308444389,6.88893836322895e-05,5.59498170105107e-05,2.39938601120197e-09,1.2725550258789e-05,0.000159226847973835,-392.644158218093,0.227086578294919,0.180436975662388,0.88,0.663352526472578
"constant",200,"montoril",64,10.531,841.443228782808,3698.11296213592,361.619929497717,703.836534926599,1165.7937012284,346.939739227126,7788.05925833091,1032.80115241515,79.9015505443745,351.164463216781,34.3386126196674,66.8347293634602,110.701139609572,739.536535783013,0.017420307827302,0.0162169832060286,7.18606763811516e-05,0.00339303664326233,0.0336931394526658,8.72854780731852e-05,6.1783328307268e-05,7.31358359175516e-09,9.75371562673574e-06,0.000233674942341335,-378.307947229004,0.199934889119256,0.143254982162628,0.925,0.763465297688331
"constant",200,"montoril",65,10.126,317.466549157852,1092.76637259025,206.673112461459,701.121440956734,503.826931674524,255.015140556577,2575.45989637785,541.259681910411,31.3516244477436,107.916884514147,20.4101434388168,69.2397235785833,49.7557704596607,254.341289391452,0.00832587411853725,0.00693566354051882,2.9736830962683e-05,0.00141704815363023,0.0190487017111834,6.83809491164304e-05,5.60903284766852e-05,2.45896134984156e-09,1.19109899395638e-05,0.000154853944516497,-395.297354786355,0.20958266092032,0.162043178999418,0.885,0.650955471956435
"constant",200,"montoril",66,10.104,1273.57725040783,7530.68265731745,309.28947521308,1143.98024428298,1472.53255863308,436.072734161885,17355.5463308191,1968.30864128458,126.046837926349,745.316969251529,30.6105973092914,113.220530906867,145.737584979521,1717.69065031859,0.0232038566286758,0.0215054275480628,0.000127346861994979,0.00457586310635223,0.0454414664547564,5.68319465282369e-05,4.46458367173371e-05,1.93454761779602e-09,1.02810436549624e-05,0.000134885739079521,-388.03854170264,0.201721839433812,0.147483336661348,0.95,0.806927520527672
"constant",200,"montoril",67,10.072,1195.34613328489,7751.2934765718,463.967862821246,1175.91956966459,1977.87177411591,530.930681212015,25247.2342445668,3577.26674139092,118.680116489763,769.588311812132,46.0651174365812,116.751347266143,196.373289725567,2506.67536185135,0.0274099642363734,0.0258763450071901,0.000122572046452853,0.00898047417509277,0.0500852565545878,5.62182297888826e-05,4.35605262946084e-05,2.02621757946236e-09,1.05339444648553e-05,0.000136431742124457,-392.418631338023,0.180188365028533,0.136675399451343,0.965,0.83242008224529
"constant",200,"montoril",68,10.28,226.420651081587,960.12005847853,234.230843677421,966.512598918143,526.803966764128,185.383435419932,3520.82490022815,673.431302618185,22.0253551635785,93.396892848106,22.785101525041,94.0187353033213,51.2455220587673,342.492694574723,0.00802388509092378,0.00685578559979691,2.43427759794346e-05,0.00127597032957162,0.0177270359545866,6.55225278484114e-05,5.26447722060578e-05,2.22428719624946e-09,1.12182738762618e-05,0.000155132226920822,-394.957529495473,0.214620457406859,0.144894797350149,0.88,0.643953602694036
"constant",200,"montoril",69,10.1,324.993227237642,1247.58055579039,162.29988632011,1132.30610199664,566.763711879308,189.419880022601,3469.77204782395,892.944739665996,32.1775472512517,123.522827305979,16.0692956752584,112.109515049172,56.1152189979513,343.541786913262,0.00944948620297914,0.00782458195152613,3.87211226433716e-05,0.00141737081161744,0.0219822686570201,6.44742423497767e-05,5.22882761683318e-05,2.08663824386943e-09,1.13301093896113e-05,0.000148935391548831,-392.46283483894,0.232277864499108,0.182060240119869,0.89,0.666730139966691
"constant",200,"montoril",6,10.022,448.250371091284,1952.48501219119,207.138201322901,540.130919604297,811.904154052861,140.261089477775,4502.4108339555,622.169811205319,44.7266385044187,194.819897444741,20.6683497628119,53.8945240076129,81.0121885903873,449.25272739528,0.0127193812544441,0.0110557082441591,6.03386186437641e-05,0.0013655904168456,0.0277016532324181,7.72972207404447e-05,6.01428147776362e-05,3.78676868461322e-09,1.09144344867151e-05,0.000191521155541182,-398.641961523421,0.204861494855854,0.157165654873171,0.905,0.718940975547096
"constant",200,"montoril",70,10.062,353.822580312845,1227.75845804391,273.860317936623,561.028149090984,494.65297700804,64.4350563024649,2524.70970280917,642.225989865379,35.1642397448663,122.019325983295,27.2172846289628,55.757120760384,49.1605025847784,250.915295449133,0.00819431365291199,0.00694683995450754,2.54318130731557e-05,0.0012899421159334,0.0181217421571776,8.92365211541741e-05,7.25159299890165e-05,4.10698897353808e-09,1.31847255470911e-05,0.000208838194106523,-391.826679092408,0.225771749642382,0.168299087066855,0.86,0.661839124602283
"constant",200,"montoril",71,10.031,864.953662009285,5444.83318930629,336.685601109567,1040.99838797739,1338.07901120063,505.740473422835,11924.8897364892,2184.97459346972,86.2280592173547,542.800636956065,33.5645101295551,103.778126605263,133.394378546568,1188.803682234,0.0202768840704245,0.0188086324960463,9.82487629214793e-05,0.00317698704060003,0.0391977574339026,6.36530467783758e-05,4.82428185176453e-05,2.81074943993274e-09,1.05484309458923e-05,0.000159020929377847,-392.891152899749,0.236282220032775,0.188605585558902,0.905,0.780973453168311
"constant",200,"montoril",72,10.073,712.046089753075,3611.13510727138,230.343786784254,732.445606679254,1164.3681004589,357.639363793844,8329.33709278599,892.127217952122,70.6885823243398,358.496486376589,22.8674463202873,72.7137502908025,115.592981282527,826.897358561103,0.0188544187116047,0.0170516271357904,0.000111669806126076,0.00238331857831522,0.0390488412934077,7.03475852414272e-05,5.22021610281247e-05,3.7285817085789e-09,1.04353487395082e-05,0.000180676965928649,-392.758952113575,0.158772489069495,0.109135600816126,0.96,0.778126739092704
"constant",200,"montoril",73,10.169,484.650079677424,2071.94308028708,268.318481310214,1107.87969499985,810.453034676667,328.411509606672,7379.452497053,1425.96073430579,47.6595613804134,203.750917522576,26.3859259819269,108.946769102159,79.6984004992297,725.681236803324,0.0122428830175827,0.0106961635155552,5.08017422935345e-05,0.0019474090170026,0.0259714427224467,6.13933763932967e-05,4.9617411993979e-05,2.03128205212712e-09,1.13040906887778e-05,0.000141275836616541,-395.205584970886,0.221726845350298,0.16138566607522,0.925,0.696146378698736
"constant",200,"montoril",74,10.35,766.219147314592,4671.08078396071,322.282383562356,1124.45506080663,1263.06765607208,402.697410474514,12885.0668951417,1490.85788077056,74.0308354893326,451.312153039682,31.1383945470875,108.643001044119,122.035522325805,1244.9339995306,0.0195321694931429,0.0176496679468429,0.000107614345824906,0.00306814510776299,0.0401509315995194,5.87945284304783e-05,4.53135912203268e-05,2.1600409195471e-09,9.35887505410347e-06,0.000144984116654007,-403.096214974378,0.168372464851189,0.11393890556847,0.955,0.779245716016853
"constant",200,"montoril",75,10.261,860.144754276407,4215.66770766302,269.306515589539,996.968449750485,1058.80840614624,336.079779286847,8548.02388980825,1259.36014087105,83.8266011379404,410.843748919503,26.2456403459252,97.1609443280854,103.187643128958,833.059535114341,0.0163872866958142,0.0151803048698394,7.03387920753789e-05,0.00236988568495613,0.0324062946466692,6.59164683557039e-05,4.87848111415865e-05,3.31841414275303e-09,1.02918116627852e-05,0.000171862836320612,-393.293474593463,0.174370159523519,0.126533956370941,0.945,0.745123409447718
"constant",200,"montoril",76,10.142,983.884327825499,4226.4184457191,198.670010610085,806.789113396553,1168.30410652908,228.167077120348,8610.40773459152,1029.18218330522,97.0108783105402,416.724358678673,19.5888395395469,79.5493111217268,115.194646670191,848.985183848503,0.0189036505523607,0.0165629338764311,0.000125483081287377,0.00236588159937612,0.0406121024790277,6.32845049152449e-05,4.99309900611493e-05,2.19933527969374e-09,1.05149568307649e-05,0.000154389496770678,-397.287369818566,0.160361914019225,0.111185479512599,0.965,0.771049668317903
"constant",200,"montoril",77,10.286,381.924647518276,1363.84644733104,235.1712954092,900.570762532897,575.256185147184,189.813177442637,3634.13182631403,923.223554211948,37.1305315495115,132.592499254427,22.8632408525375,87.5530587723991,55.9261311634439,353.308557876145,0.00884104214025948,0.00768558061757533,2.67013101847572e-05,0.00148868669706748,0.0188751197207644,6.85643547374997e-05,5.5717941090296e-05,2.44674966571291e-09,1.23894043031349e-05,0.000155870966658282,-390.448235468656,0.205687953371941,0.140539894949351,0.9,0.653296474613086
"constant",200,"montoril",78,9.96,499.63261983058,2115.47027381366,261.09661408704,759.065580084345,850.686014913419,247.785643852675,4849.63701323187,837.456644081789,50.1639176536727,212.396613836713,26.2145194866506,76.2114036229262,85.4102424611867,486.911346710027,0.0136120766674053,0.0122013909954803,6.1601139016281e-05,0.00186360689422743,0.0284201639579478,7.35169139501157e-05,5.75045143359015e-05,3.17698416954635e-09,1.18867258739313e-05,0.000181121811389929,-392.134674326912,0.203808179577181,0.153300907373698,0.935,0.72007570656904
"constant",200,"montoril",79,10.113,414.930931504423,1281.51457947232,244.727596114135,704.978411358332,601.579177860585,194.840119236494,3390.08563247786,756.543399548258,41.0294602496216,126.719527288868,24.1993074373712,69.7101168158145,59.4857290478182,335.220570797771,0.00924316992605905,0.00795962741549757,3.14144510798561e-05,0.00156627531243942,0.0202234374898424,7.24887331162445e-05,5.84278162497979e-05,2.68204032266918e-09,1.16333043744459e-05,0.000171255928589531,-396.392473648837,0.193828287222769,0.132451437474272,0.91,0.661727758374829
"constant",200,"montoril",7,10.049,425.226105724949,1918.60031412049,241.303787467021,759.12141075041,652.506026754714,185.888185459683,4078.13563574513,812.084669135309,42.3152657702208,190.924501355408,24.0127164361649,75.5419853468414,64.932433750096,405.825020971751,0.00988098548270008,0.00843698107012005,4.08128690032425e-05,0.00142349170933195,0.0220218080144886,7.42185292250371e-05,5.82374579874826e-05,3.12922814672528e-09,1.11786702834629e-05,0.000178518735608725,-397.125360383226,0.185906206137701,0.135021733728435,0.92,0.667770922081562
"constant",200,"montoril",80,10.159,284.48890569646,864.132973767274,196.495117025502,803.166925440681,541.954899011411,112.441492772284,3262.64526401207,652.22162803168,28.0036328079988,85.0608301769144,19.3419743110052,79.0596442012679,53.3472683346206,321.158112413827,0.00865368204815054,0.00734070263082306,2.94499742393461e-05,0.00135709723197757,0.0194650714295473,7.44988312826566e-05,5.86023399503759e-05,3.20677624383148e-09,1.1686247941483e-05,0.000179994422862192,-393.613711443893,0.221616970566435,0.166138051019559,0.885,0.660650290519422
"constant",200,"montoril",81,10.297,236.492137118323,825.254784549214,324.712911505537,1071.36836912103,415.513906128359,128.914500846814,2838.27085455012,644.265285598348,22.9670911059845,80.145166995165,31.5347102559519,104.046651366517,40.3529092093191,275.640560799273,0.00647233486297726,0.00535863035930672,1.73125185532075e-05,0.00126316590492577,0.0145045648368329,5.74711427186109e-05,4.82710076357602e-05,1.33809576057638e-09,1.2044169259938e-05,0.000125517265094233,-394.008368427974,0.226487788717277,0.170426390873733,0.85,0.614498503747428
"constant",200,"montoril",82,10.077,465.69064021721,1561.43990724441,222.783256481585,540.555614244363,664.040343240744,199.793797552705,3618.59629197754,695.663837021309,46.2132222106986,154.950869032888,22.1080933295212,53.6425140661271,65.8966302709878,359.094600771811,0.0107926732532339,0.00942657609338103,4.19711924702914e-05,0.00145229382453963,0.0235130814278223,9.06139904168067e-05,7.00473466398478e-05,5.2207255275503e-09,1.14881476886965e-05,0.000225200155367926,-384.73083673916,0.215247212359023,0.153422675355826,0.9,0.688882853063881
"constant",200,"montoril",83,10.266,703.825200600466,3859.18080280187,365.527741197003,883.303074162791,1095.7348315348,414.510167494249,9221.31248287637,1467.75286692744,68.5588545295603,375.918644340723,35.6056634713621,86.0416008340923,106.734349457899,898.238114443442,0.0159913524811237,0.0146389106344046,6.23156245388467e-05,0.00354058544053098,0.0315452134067132,6.5103608179133e-05,4.94439431955217e-05,2.78078882394049e-09,1.03413975246095e-05,0.000165813454795725,-384.449313915498,0.156606871697432,0.103319052521465,0.955,0.737872845678872
"constant",200,"montoril",84,9.998,194.902083284365,897.005848862527,235.857632142891,853.842754586297,485.004256228338,129.185536188291,2665.09753856202,586.363720164008,19.4941071498665,89.718528591971,23.5904813105512,85.4013557297757,48.5101276483634,266.563066469496,0.00682260374389825,0.00568468680480299,1.81869992370296e-05,0.00125461210607564,0.0153528836099799,7.34957293540456e-05,6.09900360210779e-05,2.31647616006134e-09,1.24388139988739e-05,0.000166181494310608,-398.217559805326,0.217210138583671,0.159676276475521,0.88,0.608906882735877
"constant",200,"montoril",85,10.321,377.858989723228,1575.01388657923,233.560280725044,891.807599720918,612.53185622984,184.44256847212,3567.35664387159,821.136128874102,36.6106956422079,152.602837571866,22.6296173553962,86.4070923089738,59.3481112518012,345.640601092102,0.00997234377031013,0.00844595962608414,4.04162888188186e-05,0.00164216050590833,0.0223432453452983,6.31424909955194e-05,5.17069694747694e-05,1.84599198148211e-09,1.1113033356414e-05,0.000145882684045818,-386.251723525798,0.198945223851957,0.137080174088309,0.9,0.673835701972223
"constant",200,"montoril",86,10.336,925.861473100176,3504.23262295665,222.756794044392,695.598670411024,1527.63726436721,328.282578005821,11420.880411449,899.830526751336,89.5763809113948,339.031794016703,21.5515474114156,67.2986329732028,147.797722945744,1104.96134011697,0.023045789818631,0.0210715024840823,0.0001408614353965,0.00328761566358167,0.0454410965154122,7.70848175794164e-05,5.54863989547459e-05,4.91472747196018e-09,1.00622022878273e-05,0.000208999435580393,-402.941871228106,0.203713464975035,0.161781007432594,0.96,0.801928021297995
"constant",200,"montoril",87,10.075,586.894603260769,2402.86022398314,187.788242672218,850.388776409245,1116.04137294535,440.153417272789,9080.80474214389,1077.54301867908,58.2525660804734,238.497292703041,18.6390315307412,84.4058338867737,110.773337265047,901.32056993984,0.0173938996435697,0.0158634939339447,8.73581755836569e-05,0.00209227885957736,0.0352374019488952,6.45755140222655e-05,4.98254911470411e-05,2.44964076073056e-09,1.0811489181499e-05,0.000162937392860031,-397.637330446551,0.180323458726349,0.132622459422581,0.955,0.75493507117824
"constant",200,"montoril",88,10.344,572.16011191518,2756.01222896966,277.124141240552,819.522322610162,891.952466924426,201.706039775542,6003.8016183746,951.079316837222,55.3132358773376,266.435830333494,26.7908102514068,79.2268293319955,86.2289701203041,580.413922890043,0.0131612056778133,0.0117147319739193,5.42157513903642e-05,0.00221036180282657,0.0273660029693698,6.86082384085291e-05,5.15202852741161e-05,4.42850185202979e-09,1.07879279510885e-05,0.000165314118355166,-398.453601863363,0.182819778779841,0.130618689691188,0.935,0.709535577274352
"constant",200,"montoril",89,9.873,292.874485421823,1306.74880785746,266.654763728483,876.990684647537,466.092355232933,117.37808112574,2650.73166456702,726.871353353642,29.6641836748529,132.355799438616,27.0084841211874,88.8271735690811,47.2087871197136,268.482899277527,0.00777392315905954,0.00649032035678774,2.56926538830273e-05,0.00125757382122873,0.0175960214749656,7.24407921686289e-05,5.94251219074408e-05,2.50313578653239e-09,1.32387275809467e-05,0.000166900777081477,-392.8848966868,0.223244607294842,0.167582231453564,0.855,0.656845561641187
"constant",200,"montoril",8,10.143,552.956563066232,2539.92116765789,180.417437474327,980.230542117853,784.68363164324,278.499765892856,5538.50533096825,1160.21783705709,54.5160764139043,250.411236089707,17.7873841540301,96.6410866723704,77.3620853439062,546.042130628833,0.0116943583337691,0.0101843103894326,5.23074566227382e-05,0.00164445600683227,0.0259988573324032,6.06752907770993e-05,4.81883705720598e-05,2.06321638749157e-09,1.0461209796252e-05,0.000143216825435569,-405.879276598572,0.208830913243589,0.144874855306246,0.905,0.678106898407599
"constant",200,"montoril",90,9.89,1021.33922839857,3560.8903146906,373.564556648438,572.851643769527,1340.97734615808,429.122945400594,9548.7069624926,767.55850025329,103.269891647985,360.049576814015,37.7719470827541,57.9223097845832,135.589215991717,965.4910983309,0.0215528777947751,0.0204870411201259,0.000101429286404335,0.00285971707044529,0.0404762101233137,8.16960378169374e-05,5.73179257720054e-05,6.6535445286111e-09,1.03252386116373e-05,0.00022060925088173,-383.980800534052,0.22753948669829,0.158919690165848,0.94,0.8076802961556
"constant",200,"montoril",91,10.371,589.953419808781,1979.5157194041,257.757325564128,701.380485316358,910.539048317886,326.610871878211,6079.57377848497,908.520275938137,56.8849117547759,190.870284389557,24.8536617070801,67.6290121797665,87.7966491483835,586.209023091792,0.0139016288373773,0.0125383914358654,5.89734595068703e-05,0.00219718072302915,0.028638949934345,8.09596360010618e-05,5.84402613931586e-05,5.82545292702434e-09,1.04849444008218e-05,0.000216459176747651,-388.340102949339,0.221920584957362,0.170280132396725,0.925,0.723625147181059
"constant",200,"montoril",92,10.193,215.596912398077,867.90889088719,161.275139382638,855.443259735203,517.553751198099,178.353587237774,3128.33088844577,633.749438218875,21.1514679091609,85.1475415370539,15.822146510609,83.9245815496128,50.7754097123613,306.90973103559,0.00886940901804583,0.00752313142032251,3.00307869462165e-05,0.0015103016761352,0.0195912246837825,7.17330567212342e-05,5.74402251814337e-05,2.77106924104644e-09,1.1214148946575e-05,0.00016935715812431,-395.865925789738,0.204404862418268,0.156791622611137,0.905,0.676917544379198
"constant",200,"montoril",93,9.986,1116.05952304896,3013.73470287095,334.462815627891,781.46847654969,1270.64428200878,483.812907823624,10603.3641500106,1679.4229772,111.762419692466,301.795984665627,33.4931720035941,78.256406624243,127.242567795792,1061.82296715508,0.0201849257207808,0.0187194935077674,9.83868873194437e-05,0.00347483342978286,0.0395465387680012,6.82628241395658e-05,5.07570933224229e-05,3.72518506795372e-09,9.67894427660307e-06,0.000174895318985967,-380.939099573918,0.238971056076438,0.180007354553397,0.93,0.787118121944185
"constant",200,"montoril",94,10.014,691.128877672784,2965.18505321904,204.665467380668,718.661372368276,1081.35187320386,379.608034907729,8775.44628400989,782.726110698969,69.0162649962837,296.103959778214,20.4379336309834,71.7656653054,107.984009706796,876.317783504083,0.017539303342736,0.0156615760202178,0.000102115054859659,0.00236124194616372,0.0367810041314378,6.84562181130163e-05,5.26198152274923e-05,2.76734539837436e-09,1.13904851598631e-05,0.000172035066109243,-389.826622400824,0.223162160297295,0.161529729846357,0.935,0.762109450244279
"constant",200,"montoril",95,10.301,400.020207073703,1283.6071599071,253.809199864924,808.552376629159,465.391439049285,120.959457060783,2495.48961714797,846.373732327677,38.8331431000585,124.609956305902,24.6392777269123,78.4926100989379,45.1792485243457,242.257025254632,0.00714508679478828,0.00613176883312984,1.8072391041516e-05,0.00131362684835382,0.0153113736136322,8.55623845233124e-05,7.18281008668985e-05,3.04664994227155e-09,1.3124069253941e-05,0.000192616782936333,-376.686564599574,0.229157714152651,0.182886097464579,0.86,0.638533810934741
"constant",200,"montoril",96,10.312,1372.33654503904,8753.20249481418,591.290409413498,1246.40709257656,2162.11383124214,626.659504060956,25142.3265423427,3372.86570431933,133.08151134979,848.836549148,57.3400319446759,120.869578411226,209.669688832636,2438.16199983929,0.0297033059378069,0.0279032361446194,0.000148737205592025,0.00917993679816347,0.0542740002774705,6.07194553193442e-05,4.53142391613082e-05,3.05459388986615e-09,9.79755458675061e-06,0.000154400237567239,-389.115450642756,0.197101270835634,0.153801387223276,0.96,0.855224877800371
"constant",200,"montoril",97,10.443,1087.0110842606,3657.96817972572,315.321906572941,1001.78142061082,1341.27269035256,407.94053379689,13927.15491046,2048.70355061603,104.089924759226,350.279438832301,30.1945711551222,95.928509107615,128.437488303415,1333.63544100929,0.0200167606272288,0.0182850192255907,0.00010447784473341,0.00330843824048917,0.0399383358686727,5.90638643575622e-05,4.63801090801402e-05,1.99014389794353e-09,1.00887937445174e-05,0.00014122235454798,-391.81956886476,0.194348573024653,0.146382437009261,0.95,0.772754538420541
"constant",200,"montoril",98,10.081,454.430126324647,1832.30243833229,287.89928266833,802.343300077782,639.721007079624,242.476547192924,3723.3213062863,935.321252477126,45.077881789966,181.758004000822,28.5586035778524,79.5896538119018,63.4580901775244,369.340472798959,0.00979124542621893,0.0083892443535496,3.54329278754244e-05,0.00130123651824832,0.0215208930455646,7.94314900041355e-05,6.4399055655385e-05,3.05394342054639e-09,1.20103532113216e-05,0.000187988948197725,-390.610146547026,0.208644352987223,0.1487574063152,0.91,0.661528630757305
"constant",200,"montoril",99,10.084,442.535877321595,1640.73136309223,260.114252272227,965.054275304823,615.006647827439,262.75307204183,4019.58551416923,1112.85663944211,43.8849541175719,162.706402527988,25.794749332827,95.7015346395105,60.9883625374295,398.610225522534,0.00908191354416646,0.00757835372718659,3.52249501013413e-05,0.00124430541806446,0.0208111645404147,6.74822899659792e-05,5.52645831927913e-05,2.14047872907348e-09,1.19938467283763e-05,0.000156328651629022,-406.336265052244,0.215850165996768,0.15532825854154,0.875,0.64523622414658
"constant",200,"montoril",9,10.171,376.185755712582,1177.09638582232,246.013243503375,1023.34541960147,734.070260764607,210.040640622141,5955.51916476375,972.030866933124,36.9861130383032,115.730644560252,24.1877144335242,100.614041844605,72.1728699994698,585.539196220996,0.0105270211166698,0.00919171478602975,3.71622791864984e-05,0.00165588195569606,0.0225513111323787,5.96477836224992e-05,4.75344918021748e-05,1.98692444959808e-09,1.01769145175018e-05,0.000138743913965639,-400.064921557407,0.231459285680357,0.1636692744758,0.88,0.663047057646739
"constant",400,"montoril",100,20.324,267.041920198027,1078.74168444752,205.96840610427,718.555188670746,443.657347908895,153.544036408446,3926.19930994955,846.315972908227,13.1392403167697,53.0772330470144,10.1342455276653,35.355008299092,21.8292338077591,193.180442331704,0.00577445364844846,0.00526665996765005,7.27888806770578e-06,0.00157201222075559,0.0109497050274996,3.54765678577045e-05,3.06774614048256e-05,3.53582304483199e-10,1.00680991376732e-05,7.31050363680759e-05,-786.65769694559,0.157081357249339,0.0965721812093807,0.94,0.581807816727982
"constant",400,"montoril",101,20.266,402.461467209074,2106.99927262385,172.614795924499,1262.62561883018,490.83278124734,151.06935728189,6003.32893210799,1624.37174561405,19.8589493343074,103.967199872883,8.51745761001178,62.3026556217401,24.2195194536337,296.226632394552,0.00697760908428393,0.00614639915842442,1.28826056671449e-05,0.00157924206975501,0.0139001649417775,2.93016899904723e-05,2.6182376969076e-05,1.83238301949224e-10,9.68049671196752e-06,5.60534052172946e-05,-804.81219128994,0.207956898505398,0.165573155407547,0.9025,0.607257110167728
"constant",400,"montoril",102,19.93,263.028774248567,1427.00972283792,144.521182901772,1106.61030450894,678.887917609786,173.032226740846,11066.2158217205,1133.27461851985,13.1976304188945,71.6010899567447,7.25143918222637,55.5248522081757,34.0636185453982,555.254180718541,0.00970225529143981,0.00906739944052198,1.77688160007909e-05,0.00229990181431018,0.0179046658314686,3.16525722494875e-05,2.74243784863763e-05,2.90711963281748e-10,9.17714769673817e-06,6.53547424313661e-05,-773.172357407562,0.179576810833222,0.131412357524878,0.945,0.658961775651792
"constant",400,"montoril",103,19.916,618.620511942254,2868.2752875172,220.304335958638,1110.02024043899,759.358087957806,212.438382031051,13443.6648387111,2181.28092185997,31.0614838291953,144.018642675095,11.061675836445,55.7350994395958,38.1280421750254,675.018318874831,0.0103671584760848,0.00973647010098203,1.80625661351387e-05,0.00304423218001786,0.0187476003125541,3.15744073613944e-05,2.75246999763372e-05,2.8669924962512e-10,9.34649264885914e-06,6.3905512898121e-05,-778.083288958141,0.173596396708258,0.137844446349998,0.9525,0.664622150881811
"constant",400,"montoril",104,20.149,220.310335607403,852.06095346476,190.968011972002,709.51681153642,427.58482693319,80.877458583667,3764.58044138845,604.803530596356,10.9340580479132,42.2880020579066,9.47779105523858,35.2135000018075,21.221143825162,186.837085780359,0.00579298841072271,0.00520472065926831,8.20183603186951e-06,0.00150035865670034,0.0112863582398918,3.72609787563241e-05,3.24029733170137e-05,3.93886011595312e-10,1.03824624189504e-05,7.6375363007267e-05,-775.977570671707,0.16850705372287,0.118606888953242,0.9375,0.595789038093845
"constant",400,"montoril",105,19.879,414.420557763135,2608.49493889597,142.865032840148,871.3372502043,603.862169603173,188.878337918936,8770.78669439198,1607.82931807192,20.8471531648038,131.218619593338,7.18673136677639,43.8320463908798,30.3768886565307,441.208647034156,0.00846155778337017,0.00798184815223283,1.27017405857878e-05,0.00236755717953268,0.0155033073925945,3.29941091466691e-05,2.84009239740899e-05,3.3613274756407e-10,9.1558809256625e-06,6.80054638686703e-05,-775.405120815,0.159975407744649,0.117017993850193,0.9525,0.636924908779118
"constant",400,"montoril",106,19.72,43.6603567050448,482.861861530866,228.589881192393,1064.27211738852,309.536297588749,24.8947786676485,2367.43202241282,234.872912781868,2.21401403169598,24.4858956151555,11.5917789651315,53.9691743097626,15.6965668148453,120.052333793753,0.00397124183562648,0.00364120692193265,2.9454258537511e-06,0.00128504061399164,0.00741456559115814,3.09526300573532e-05,2.78462948317196e-05,2.05715671313192e-10,1.00908300924708e-05,5.91574444491174e-05,-776.199250261718,0.183609034914043,0.123802000456976,0.8975,0.543117742377635
"constant",400,"montoril",107,20.033,172.983354466115,894.838637077616,206.668100458991,1101.90406176867,439.08412629864,99.5512587607081,5275.20099737037,707.964744844418,8.63492010513226,44.6682292755761,10.3163829910144,55.0044457529412,21.9180415463805,263.32556269008,0.00640752570752261,0.00584422003962837,9.59133193246751e-06,0.00166314865438849,0.0124920740324445,3.13531888682655e-05,2.787823032098e-05,2.33199944795741e-10,9.54434351734971e-06,6.05584764205446e-05,-771.692401587127,0.187710945607118,0.133438380948862,0.935,0.609899737290187
"constant",400,"montoril",108,20.105,429.416666358788,1975.15355429649,143.398875166093,1257.36235031523,412.99272924155,144.452347552545,5090.28977652244,1118.27424675639,21.3587001421929,98.2419076994025,7.13249814305361,62.5397836515908,20.5417920537951,253.185266178684,0.00601261895042121,0.00534662590907666,9.71307156381727e-06,0.00137981372003256,0.0120100286661058,2.92641671023121e-05,2.62207716741179e-05,1.91542415547747e-10,9.51019230987212e-06,5.58494039325783e-05,-792.4836387944,0.190793834799369,0.135401888365275,0.9075,0.586256988633291
"constant",400,"montoril",109,19.918,402.65518383124,1500.80069587688,123.12042583035,878.452242002769,476.100572045834,121.885772272486,4769.94904351879,915.077784436841,20.2156433292118,75.34896555261,6.18136488755647,44.1034361885114,23.9030310295127,239.479317377186,0.0067160036617087,0.00607734904859973,1.13647737937863e-05,0.00165969452002997,0.0132556473057231,3.6550671374469e-05,3.15249012037897e-05,4.11584497400528e-10,9.69241971092246e-06,7.63687407840836e-05,-800.332870680618,0.151300913264748,0.104790864309231,0.9475,0.609080536486391
"constant",400,"montoril",10,19.832,111.143322035657,935.177973747693,217.216242015271,841.554444574672,421.792495797547,74.9443410452724,4077.2256401723,536.801418720058,5.60424173233448,47.1550006932076,10.9528157530895,42.4341692504373,21.2682783278311,205.588223082508,0.00586173767962282,0.00539927498058797,7.03247804561939e-06,0.00156820617332727,0.0109512542370563,3.29352443914861e-05,2.85260482390098e-05,3.19951809226603e-10,9.64553393624777e-06,6.79201721845235e-05,-779.626428096835,0.175441699285737,0.117179552968371,0.925,0.595725868105227
"constant",400,"montoril",110,20.309,328.584422319593,1232.2226021694,200.112025058487,910.319730827607,401.12231819208,79.2626792907141,3925.87160305199,897.153675630827,16.1792516775613,60.6737211172093,9.85336673684016,44.8234640222368,19.750963523171,193.306987200354,0.00581310305020087,0.00537211669149941,7.45500544451862e-06,0.00134082486240507,0.0109934400656698,3.45508317184221e-05,3.02022799353109e-05,3.11473323407362e-10,1.04842197409683e-05,6.98338578752691e-05,-794.42337154026,0.197162140676879,0.149312299931401,0.9125,0.587781035495668
"constant",400,"montoril",111,20.022,434.625876615169,2111.20948156293,141.169604021748,864.993059038187,575.695637704069,218.000315496877,6696.53507867985,1047.80455165669,21.7074156735176,105.444485144488,7.05072440424273,43.2021306082403,28.7531534164454,334.458849199873,0.00849457836192683,0.00770487649961908,1.91379685655726e-05,0.0015646971928935,0.0169977143945854,3.32078485599899e-05,2.95503303936006e-05,2.69461232120798e-10,1.01787851994353e-05,6.46844756325151e-05,-788.346552195372,0.160222703586403,0.117992970921159,0.9475,0.641513511233792
"constant",400,"montoril",112,19.879,393.385593149263,1734.30216228975,197.859127803842,1031.10641582549,446.812354305805,181.314235090484,5050.59773882243,1361.61270387825,19.7890031263777,87.2429278278462,9.95317308737067,51.8691290218568,22.4766011522614,254.066992244199,0.00590545155480667,0.00530607195776318,8.40163544016968e-06,0.00171198594521196,0.0116499810195689,3.16043237788565e-05,2.77723814094253e-05,2.54105245587836e-10,9.6451153651845e-06,6.33230630019365e-05,-797.542413085324,0.193428040410514,0.131222280038725,0.895,0.580288201080753
"constant",400,"montoril",113,20.107,215.199666932029,803.221299254436,159.852047464298,816.827768425832,393.473464458612,91.8387426045142,3012.37119045636,627.234642131509,10.7027237744084,39.947346658101,7.95006950138249,40.6240497551018,19.5689791842946,149.817038367552,0.00567668634220467,0.00512795359940941,8.03946274510425e-06,0.00133457740454232,0.0111782406995237,4.0019691935522e-05,3.51271008692418e-05,4.51315147016946e-10,1.12287594094074e-05,8.08356332359321e-05,-764.87626757943,0.210325525043229,0.169191774524799,0.895,0.601210188678502
"constant",400,"montoril",114,20.011,417.79913836755,2227.43868558418,199.96582009563,1172.40371366653,644.35805726375,193.427460539855,9351.37102402497,1426.90356746993,20.8784737578107,111.310713386846,9.99279496754935,58.5879623040595,32.2001927571711,467.311529859826,0.00924392078039931,0.00872290346773649,1.56463797868521e-05,0.00239972436725457,0.0170090337724207,3.31082089156828e-05,2.89692574988775e-05,2.86956753700272e-10,9.82103784540205e-06,6.72012965677907e-05,-767.536891888975,0.176941160437332,0.12521301028684,0.9275,0.655291505261755
"constant",400,"montoril",115,20.435,157.99457091918,483.707931215343,187.299111088674,974.211648966535,341.123169325264,62.1840355759245,3082.9235201744,331.449156912558,7.73156696448151,23.6705618407312,9.16560367451305,47.6736799102782,16.6930838916204,150.86486519082,0.00422996442772364,0.0038307240558906,3.92038424218624e-06,0.00118748146516835,0.00809100789161537,3.02268863836561e-05,2.7123339430049e-05,1.96379423169409e-10,1.01199160298883e-05,5.74264643196843e-05,-808.192502201507,0.179327125895453,0.132037069611021,0.905,0.548029996377973
"constant",400,"montoril",116,19.901,239.589494196754,1052.5500822319,179.598252114249,1121.39919699764,471.084733894901,150.569470641491,4948.43258149745,803.415892940218,12.0390680969174,52.8893061771719,9.02458429798749,56.3488868397386,23.6714101751119,248.652458745663,0.00626614895009403,0.0056924753670072,8.64362145876934e-06,0.00171125393920974,0.0121177183824751,3.12457590692492e-05,2.78362104212658e-05,2.46209345002975e-10,9.74120742445066e-06,6.08013714302941e-05,-796.500540871594,0.185159790330312,0.134657234304985,0.9125,0.593158331548694
"constant",400,"montoril",117,20.623,140.043150808238,837.10722254497,166.527851742366,1067.57799803234,355.656496002326,88.4198012080002,2920.35209596804,441.676451328505,6.79062943355661,40.5909529430718,8.07486067702887,51.7663772502711,17.2456236242218,141.606560440675,0.00494261987480837,0.00452184036878768,5.41090891472004e-06,0.00138085465703284,0.00947898035230553,3.332554302013e-05,2.96415852321996e-05,2.55434925186357e-10,1.0633330462869e-05,6.48300397386574e-05,-768.90850247585,0.181392912539358,0.124446847441605,0.9175,0.573990467619696
"constant",400,"montoril",118,21.281,602.715930238135,3443.57588523819,229.568078385134,1153.86664982989,863.350909365184,280.667107142192,16078.5387142548,2809.39181756986,28.3217861114673,161.81457099,10.7874666784989,54.2205088966632,40.5690949375116,755.534923840742,0.0112538995690453,0.0105864354338864,2.02412032383199e-05,0.00352645958832916,0.0199152010534201,3.20919096134389e-05,2.78587466767684e-05,3.05557212284272e-10,8.98334122588764e-06,6.50523558751615e-05,-787.945090698513,0.178276937676659,0.124649590731283,0.9475,0.666469439306594
"constant",400,"montoril",119,19.89,427.890534901116,2794.46404641898,114.527678863045,881.985790997804,849.798375191952,231.901159877644,12456.6044236078,836.846341854424,21.5128474057876,140.495929935595,5.75805323594998,44.3431770235196,42.7249057411741,626.27473220753,0.0112088653899504,0.0103877066819684,2.56684797026713e-05,0.00286024590657498,0.0212566774943051,3.41569192158707e-05,3.01462961907638e-05,3.04983645934098e-10,9.75180375870575e-06,6.89105497493492e-05,-798.234414234966,0.171310292079638,0.126010857730688,0.96,0.674872848634012
"constant",400,"montoril",11,19.763,416.179038858206,2210.60549716814,145.541686032056,1020.29028323714,614.835584253195,162.147474458924,7433.1915243938,1343.75152845543,21.0584951099633,111.855765681735,7.36435187127745,51.6262856467712,31.110437901796,376.116557425179,0.00817077189485401,0.00763588837703148,1.23058406502759e-05,0.00218060616367959,0.0151844275158263,3.2003338216325e-05,2.77031011496739e-05,3.01154587619108e-10,9.06990672535262e-06,6.58662798228452e-05,-795.201627397373,0.17377413402439,0.130447181841042,0.935,0.620610409212117
"constant",400,"montoril",120,19.762,265.120217051821,845.117980196245,181.984849036252,797.293707816765,475.421778101219,124.86352247568,4419.99945774065,684.511738808214,13.4156571729491,42.7648001313756,9.20882749905129,40.3447883724707,24.0573716274273,223.661545275814,0.00692619825682727,0.0063094277731971,1.11440583751967e-05,0.00154909507284023,0.0135620843086957,3.60169319135578e-05,3.14801715367978e-05,3.54285944915607e-10,1.00449704270623e-05,7.29815989265113e-05,-784.813759633335,0.180629838320619,0.125609564070096,0.9425,0.62093828997455
"constant",400,"montoril",121,20.015,265.255887015083,1095.15034377264,166.04436766014,1181.78794624934,462.303697874596,114.279232507384,5292.70504442722,704.297220410535,13.2528547097219,54.7164798287603,8.29599638571773,59.045113477359,23.0978614976066,264.436924527965,0.00641557287156944,0.00581698688998537,9.37511322304014e-06,0.00166365397200817,0.0125022886897464,3.12389424834047e-05,2.7523687387484e-05,2.32420961432567e-10,1.00438176489764e-05,6.13733050214269e-05,-790.045760584178,0.165768697485123,0.11480592038989,0.9325,0.602335194956908
"constant",400,"montoril",122,19.736,418.039195998499,1463.94780710842,182.470676557959,1019.53970305773,560.894267411226,245.464516488456,7413.31755458994,1165.10206600302,21.1815563436613,74.1765204250314,9.245575423488,51.6588824005742,28.4198554626685,375.624116061509,0.00760306390514736,0.00709181433671184,1.06405248847718e-05,0.0021051409441267,0.013950768432438,3.24185663633326e-05,2.84476568622254e-05,2.82214224506195e-10,9.56350928432633e-06,6.54198520746063e-05,-798.406480210264,0.158187129754427,0.104521501786166,0.945,0.617472976238405
"constant",400,"montoril",123,20.228,357.365026324381,1828.97377853699,201.202518786654,1025.51393240335,683.538129455617,274.69338312726,9815.25087002921,1459.75320759262,17.6668492349407,90.4179245865625,9.94673318106851,50.6977423572944,33.7916813058937,485.230911114752,0.00932071624274373,0.00866136669713503,1.82272897891068e-05,0.00218494418179643,0.0176809309260508,3.06886778399426e-05,2.67063732562458e-05,2.66648631509001e-10,9.07022168077709e-06,6.14065878904748e-05,-794.188140783943,0.163452902220105,0.107520789816532,0.9625,0.64703816481752
"constant",400,"montoril",124,20.421,271.641914185424,1000.93528492832,179.986107518384,687.033737227298,609.656238920778,183.725311670305,6738.23899240988,797.655528266387,13.3020867824996,49.014998527414,8.81377540367189,33.6434913680671,29.854377303794,329.966161912241,0.00842784473538348,0.00773479992753809,1.4969702357417e-05,0.00201556135476644,0.015857173437247,3.66660549416097e-05,3.14832297461375e-05,4.20906957873653e-10,9.80153101733179e-06,7.69017786399578e-05,-783.5111404975,0.177717885999191,0.13182642918948,0.9525,0.641152762919076
"constant",400,"montoril",125,19.922,413.76968601184,1537.2307972065,213.077717364164,1150.89231833289,510.601928297382,157.466253453961,6820.94722078848,1223.8102696559,20.7694852932356,77.1624735070023,10.6955987031505,57.7699185991813,25.6300536240027,342.382653387636,0.00683852760887764,0.00617042428217164,9.81678626980821e-06,0.00208478107753948,0.013117483691856,2.94825547855323e-05,2.59001238405385e-05,2.24126685006584e-10,9.41757167335766e-06,5.87926162010386e-05,-823.514401814281,0.198500803929395,0.145627343832786,0.9025,0.596472422990831
"constant",400,"montoril",126,20.308,315.55165896924,1563.34078762422,162.356021491905,1007.70640104688,631.797728005706,196.37710962767,8353.20780136268,1058.40348126797,15.5382932326787,76.9815239129516,7.99468295705656,49.6211542764863,31.1107803823964,411.32597012816,0.0093204003078708,0.00859462855791762,1.80377183342518e-05,0.00226238326138401,0.0178859482749302,3.48519858558644e-05,3.05708679685527e-05,3.24983408050917e-10,9.80504448896407e-06,7.03415213325377e-05,-755.218987191946,0.195007145930878,0.149182120795135,0.92,0.662193459904076
"constant",400,"montoril",127,20.07,194.55509303786,1147.66013042937,48.070005820658,1137.45966262562,475.038241421976,77.6799160785716,4544.71619347058,395.81528875169,9.69382625998307,57.1828664887579,2.39511738020219,56.6746219544404,23.6690703249614,226.443258269585,0.00753017112293616,0.00677411712994909,1.47822999623197e-05,0.00157539733494162,0.0153430126462974,3.18451571256957e-05,2.81307988031126e-05,2.52707782987659e-10,9.99463068056221e-06,6.36658310204859e-05,-789.435935543552,0.182746609219205,0.138107951549876,0.9325,0.631232893972667
"constant",400,"montoril",128,20.067,140.441362412587,762.638685339181,181.844162083376,1002.57907929146,320.535208398866,86.7810345874863,2876.24685225255,551.449215836944,6.99862273446887,38.0046187939992,9.06185090364158,49.9615826626532,15.973250032335,143.332179810263,0.00460762199564474,0.00411593685228815,5.14027433719361e-06,0.00118514994638554,0.00904948406549829,3.09577645676692e-05,2.76372135050879e-05,2.35094312094427e-10,9.42705866595388e-06,5.99321690681897e-05,-792.528659850831,0.192707087084017,0.125332539057175,0.905,0.564061672118228
"constant",400,"montoril",129,20.125,240.927597014486,1040.60171557567,195.743323693209,949.062166006062,515.348172599542,122.883551139195,5839.4814682428,781.596350804488,11.9715576156266,51.7069175441328,9.72637633258184,47.1583684971956,25.6073626136419,290.160569850574,0.00728560025224023,0.00671710459557745,1.12603688025791e-05,0.00181460118489964,0.0139942897600301,3.36532805952769e-05,2.93627120466724e-05,3.20235162495186e-10,9.79007810887974e-06,6.83351602161139e-05,-775.481928162178,0.148177874537005,0.0994680185866429,0.95,0.619394743544593
"constant",400,"montoril",12,20.057,506.419256033057,2078.23734635731,231.98742815753,904.038939423217,568.477602711065,159.944082188628,6941.02034792315,1644.22911079922,25.2490031426962,103.616560121519,11.5664071475061,45.0734875316955,28.3431022940153,346.064732907372,0.00730503242715214,0.00677979857264821,1.00823017505448e-05,0.00202633547128708,0.0133715105843387,3.13836461798543e-05,2.78356451419264e-05,2.38232670847969e-10,9.81993525950354e-06,6.1828420162907e-05,-790.693684059072,0.19010347387197,0.137228802838229,0.8975,0.601528227883574
"constant",400,"montoril",130,19.827,269.415636849565,996.555656812266,181.639357677555,848.612683274575,503.056984693307,66.4094255427831,5571.17571944203,791.393513034879,13.5883208175501,50.2625539321262,9.16121237088593,42.8008616167133,25.3723198009435,280.989343795936,0.00693306804677698,0.00637942589607002,9.81284898945774e-06,0.00174666463493381,0.0132406123865505,3.51301990634429e-05,3.07311583908532e-05,3.34226311103894e-10,1.01014497042162e-05,7.18235197199254e-05,-778.121243093566,0.173816080140914,0.124129537204642,0.9375,0.618580754411984
"constant",400,"montoril",131,27.964,255.776695435837,1254.38455756438,195.766764788575,1240.97855374988,420.35882403935,137.733334762769,4529.42775577721,926.396040040697,9.14664194807027,44.8571219269197,7.00067103377825,44.3777197021128,15.0321421842136,161.973528671764,0.0060462994831408,0.00542764605236741,9.41152821720054e-06,0.00149445193561429,0.0121902576448497,2.99025128669554e-05,2.68185062864884e-05,1.99350992812457e-10,9.99810742051068e-06,5.68457037654282e-05,-783.573141292523,0.195239877737458,0.153792010217583,0.9275,0.592221460927951
"constant",400,"montoril",132,20.175,309.845208626558,1097.46698059786,191.125950360373,856.262550250757,538.729927382547,95.1403978588282,6359.08532545243,901.853192899611,15.357878990164,54.3973720246769,9.47340522232334,42.4417620942135,26.7028464625798,315.196298659352,0.00745116190486839,0.00688465681592057,9.78596001506901e-06,0.00234307054841412,0.0136667930052883,3.36181629777573e-05,2.91951884977996e-05,3.30228516261449e-10,1.04672881640341e-05,6.84725124416334e-05,-759.246688245921,0.171799230311366,0.124355503282,0.9525,0.631388970474044
"constant",400,"montoril",133,20.136,208.732796013151,896.485515048917,173.685359047691,778.624041969322,373.489723710707,124.410364353096,3341.94483161649,626.864820982424,10.3661499807882,44.5215293528465,8.62561377868946,38.6682579444439,18.5483573555178,165.96865472867,0.00486703835892051,0.00438448292173277,5.36361109632683e-06,0.00129806930764445,0.0095096276176455,2.99045958842925e-05,2.65819866980452e-05,2.00572718972145e-10,9.82256431293715e-06,5.81101961958163e-05,-797.340722317479,0.163126142272798,0.0978422279529838,0.9175,0.563560497170494
"constant",400,"montoril",134,20.092,221.965979254653,1545.38422905633,217.116283246583,765.535443215725,422.454002391578,94.3237858145594,3873.36070435846,1002.21085384595,11.0474805521926,76.9154006100106,10.806106074387,38.1015052366974,21.0259806087785,192.781241506991,0.00581905684763667,0.00533482012437563,7.1035115612513e-06,0.00161475064438314,0.0110175600199355,3.38873812146462e-05,2.95613668302238e-05,3.11207147845943e-10,9.72790925170477e-06,6.84520243651107e-05,-800.582280275967,0.17989711606427,0.127829171482441,0.9225,0.582388286539448
"constant",400,"montoril",135,20.483,158.475016974464,588.550396963745,106.847697826313,1070.15936577269,404.097453524729,136.417037553861,4086.68571577454,449.385678690529,7.73690460257112,28.7336033278204,5.21640862306855,52.2462220266897,19.7284310659927,199.515974992654,0.00580383236165221,0.00536547254150393,8.52646423296029e-06,0.00128476443146188,0.0110661541042737,3.31321658779336e-05,2.92030193496503e-05,2.74477407436892e-10,1.0065174839738e-05,6.63561740624314e-05,-797.997364874182,0.202001855454837,0.133373149566923,0.8975,0.592713444938841
"constant",400,"montoril",136,20.131,589.355109407211,4060.87884055373,270.686762768347,1055.73958253011,933.66016316099,276.976362854728,16459.8813206797,2559.12722092002,29.2759976855204,201.722658613766,13.4462651019993,52.4434743693859,46.3792242392822,817.63853363865,0.0125142319771645,0.0120170926352286,2.31008937415389e-05,0.00371577351022346,0.0217758336364306,3.42792501021436e-05,2.92414062353676e-05,3.85695819750442e-10,9.26108172153112e-06,7.18721763448931e-05,-778.655789144077,0.165120278120495,0.114762614539067,0.97,0.694883785009884
"constant",400,"montoril",137,20.202,373.401166568805,1428.48320173818,177.64394318297,710.101323743496,675.954300697554,178.890197424262,7789.84896729543,1182.61068136477,18.4833762285321,70.7099891960289,8.79338398094099,35.1500506753537,33.4597713443003,385.597909479034,0.00919475437610347,0.00854649185403151,1.55998161871712e-05,0.00262760190046119,0.017003040478351,3.60831086146145e-05,3.05939547540219e-05,4.40038491485616e-10,9.40900341401698e-06,7.75821726486864e-05,-801.828019184667,0.193494292440076,0.132300683043629,0.9475,0.642168736886665
"constant",400,"montoril",138,19.939,343.893688020101,1423.13240161003,166.462227526661,667.944709208672,517.096453424065,147.221704849698,4059.79327315898,761.918336304422,17.2472886313306,71.3743117312819,8.34857452864542,33.499408656837,25.9339211306517,203.610676220422,0.00647183380344329,0.00595522155657438,8.61867482456304e-06,0.00171315966734486,0.0121801072731439,4.04733992274785e-05,3.54855488481145e-05,4.7025655216943e-10,1.04777544978982e-05,8.30285583681891e-05,-784.499268813411,0.183360775416142,0.131340184364764,0.935,0.592587949701071
"constant",400,"montoril",139,20.123,264.303758960828,1347.71313177113,203.174610473015,1110.88086813694,400.244176127337,119.733150654615,3486.2613164869,936.296569738391,13.1344113184331,66.9737679158737,10.0966362109534,55.2045355134393,19.8898860074212,173.247593126617,0.00545467722065522,0.0049969356630523,6.75630251093013e-06,0.00139718154710424,0.0105535019448476,3.22106126803031e-05,2.88097481084509e-05,2.38405493265943e-10,1.02784502927864e-05,6.19246065459972e-05,-790.54466393722,0.173295168972614,0.118861998280855,0.925,0.58134192551787
"constant",400,"montoril",13,20.148,321.590482612369,1755.94133866689,174.596678495756,1043.56941117975,512.275629539662,131.486616887032,6668.17955117469,1453.55166277316,15.961409698847,87.1521410892838,8.66570768789736,51.7951861812465,25.4256318016509,330.959874487527,0.00676567384317121,0.00626681161066542,8.52493907050485e-06,0.00193845109019122,0.0125610871870414,2.94724960426341e-05,2.6095042582249e-05,2.03001417022025e-10,9.25012594405227e-06,5.8035588465188e-05,-793.478515996215,0.190558407428112,0.140070124144188,0.8675,0.604420273577862
"constant",400,"montoril",140,28.004,223.757555033553,900.629292793697,226.477167448618,1080.31972055711,365.671372002092,133.361618871523,3505.16217315596,647.418582498678,7.99019979408488,32.1607374944186,8.08731493531704,38.5773361147374,13.0578264534385,125.166482400941,0.00480850478014969,0.00448146574585886,4.18537888233687e-06,0.00142586468009023,0.0087619847512089,2.90956001735928e-05,2.61258840894858e-05,1.79511253278698e-10,9.84624708620624e-06,5.57298237506116e-05,-774.019069339362,0.179040159918873,0.124026842015023,0.9,0.566088483908811
"constant",400,"montoril",141,20.132,227.893300891236,821.506269436579,156.809131139912,840.727222625811,419.831203894536,160.716414646358,4400.07944669525,509.387629910426,11.3199533524357,40.8059939120097,7.78904883468668,41.7607402456691,20.8539242943839,218.561466654841,0.00606035592713166,0.00560776488332817,7.76929946476257e-06,0.00156112187864602,0.0114720123759139,3.39889775450646e-05,2.99043494275908e-05,2.89828738336725e-10,1.03720502506742e-05,6.84094371430214e-05,-783.607197669917,0.185651539833846,0.137320066204368,0.9025,0.602143049682725
"constant",400,"montoril",142,20.095,290.39779420247,1465.75090874561,158.158669029534,816.168665105395,587.840306262432,138.648756307433,6630.15928364193,1091.7391842078,14.4512462902448,72.9410753294654,7.87054834682924,40.6155095847422,29.2530632626241,329.940745640305,0.00838647241642234,0.00773215995542355,1.44274700237432e-05,0.00204572403685199,0.0158998157855235,3.44324045175922e-05,2.98149785848702e-05,3.49553198498062e-10,9.72554388096324e-06,7.07593880236815e-05,-811.752732220742,0.175822402455429,0.129378104875385,0.9475,0.637318266542248
"constant",400,"montoril",143,20.462,212.151184279255,884.882363185511,178.846875824999,772.833697550906,351.418860131512,37.984530388546,2782.04517552241,570.592815017046,10.3680570950667,43.2451550769969,8.74043963566605,37.7692159882175,17.1742185578884,135.961547039508,0.00515663719400793,0.0046167416079761,6.94764732304299e-06,0.00120993464632967,0.010413388193267,3.43284503763053e-05,3.01847178278146e-05,3.18887607564612e-10,1.03458829280063e-05,6.82668268726794e-05,-763.294046211301,0.186039476770345,0.129357721103888,0.895,0.581839695046003
"constant",400,"montoril",144,20.462,443.801334566592,2015.06024509166,76.664652578613,824.505163539453,496.273858897345,107.237744006619,5883.14657703767,1544.11089202423,21.6890496807053,98.4781666059847,3.74668422337079,40.2944562378777,24.2534385151669,287.515715816522,0.00690381781584176,0.00635114479032547,1.06137955436503e-05,0.0018079518401462,0.0133904757345724,3.32106233476839e-05,2.87567527101887e-05,3.07968445060227e-10,9.36295581598153e-06,6.69885442943497e-05,-803.343218876901,0.167977050873227,0.114110606592839,0.9275,0.602467461999005
"constant",400,"montoril",145,20.249,145.14469825717,788.844462599495,176.701888423239,1377.25835915636,303.635646454605,106.896217679548,2961.03225585133,477.469579681673,7.16799339508962,38.9572059163166,8.72645011720279,68.0161172974644,14.9950934097785,146.231036389517,0.00438263891418953,0.00391968068980987,4.65517211058574e-06,0.00108111371566874,0.00873743946746841,2.71361012259032e-05,2.47050026196328e-05,1.38598447639259e-10,9.4095206982542e-06,4.99444615595785e-05,-784.525432264787,0.183834837302587,0.135530519817029,0.86,0.55931072511933
"constant",400,"montoril",146,20.359,280.169803595849,1294.94034944031,238.731253571828,1106.51685420499,496.398128655879,158.31523364486,5965.02654618552,950.369500435301,13.7614717616705,63.605302295806,11.7260795506571,54.3502556218375,24.3822451326627,292.992118777225,0.00667692771375176,0.00617310415168581,8.54722962971187e-06,0.00197002427438874,0.0124963227386888,3.28108905168412e-05,2.89006683470643e-05,3.03272313163777e-10,9.01106381334665e-06,6.482544339667e-05,-794.868320077375,0.160607881890793,0.0971791501242044,0.94,0.601997155234959
"constant",400,"montoril",147,19.894,431.608902764427,1817.00838250424,154.431627308111,804.453814742063,458.734464603421,140.647761071466,5128.02615596922,1452.04714097474,21.6954309221085,91.3344919324538,7.76272380155378,40.4370068735329,23.0589355887917,257.767475418177,0.00636504187788858,0.00576666358352526,9.66054455669102e-06,0.00146349809560287,0.0124836099644843,3.2018614406145e-05,2.82809557331103e-05,2.45940697890181e-10,1.00313818437085e-05,6.31395350843406e-05,-784.472745961568,0.190262315967221,0.121285626216682,0.915,0.599048888492673
"constant",400,"montoril",148,20.541,281.18269336133,1273.16572832296,177.522337428407,909.582159776443,532.881975610051,185.089687359971,6620.29440665376,1012.89596418324,13.6888512419712,61.9816819202062,8.64234153295394,44.2812988547998,25.942357996692,322.296597373729,0.00717941068016653,0.00645907344805313,1.19646703623164e-05,0.00188672515703308,0.0141014481577027,3.16324056230018e-05,2.76798277611818e-05,2.71723729372483e-10,9.48289206356193e-06,6.34390428904811e-05,-797.938052438544,0.166965797594464,0.122762599963557,0.93,0.610176575054414
"constant",400,"montoril",149,19.901,284.691110709707,1668.79231937579,182.40412432274,920.64765666264,521.306393146732,112.785040994911,6281.38944575474,1326.48085808403,14.3053671026434,83.8546967175413,9.1655758164283,46.2613766475373,26.1949848322563,315.631849944964,0.00772962320370382,0.00716211052355701,1.18924196031358e-05,0.0021254608581339,0.0145268046093876,3.43551356383941e-05,3.00259567431912e-05,3.36690629408762e-10,9.99283823545361e-06,7.00503376459481e-05,-769.215434907702,0.198762211854424,0.156892321743454,0.9325,0.628045943973142
"constant",400,"montoril",14,19.769,209.09824750172,934.474581205033,201.478738659587,1117.76714406619,383.112540213711,139.774187273279,4217.44661308705,715.081688734913,10.5770776216156,47.2696940262549,10.1916504962106,56.5414104945215,19.3794597710411,213.336365677933,0.00528911734269795,0.00485069715042457,5.77939414019894e-06,0.00154435431361874,0.0100330878576933,2.93151672889397e-05,2.62023504553822e-05,1.83078046178313e-10,9.26564776379343e-06,5.66585269940054e-05,-787.379933978124,0.189946493162757,0.133070291453589,0.91,0.575307010012402
"constant",400,"montoril",150,20.079,331.812985143717,2072.82484191834,157.33731447991,1089.38889206483,661.10278044983,197.300895482182,9093.86734789569,1389.15157574434,16.5253740297682,103.233469889852,7.83591386423177,54.2551368128308,32.9250849369904,452.904395034398,0.00957022304593955,0.00883265094263397,1.99029566771945e-05,0.00257597112445458,0.0183842180902362,3.24513694030197e-05,2.80934362066216e-05,3.09432980918893e-10,9.24006840596396e-06,6.68892091284438e-05,-788.666186636991,0.158924955085335,0.111560706665711,0.94,0.65422095331343
"constant",400,"montoril",151,20.663,121.1169434326,512.404722341407,186.939867369513,754.180442536488,406.203798638545,88.5068796402748,3669.10939988835,395.384748998805,5.86153721301845,24.7981765639746,9.04708258091822,36.4990777010351,19.6585103149855,177.569055794819,0.00549899511427909,0.00515056684137152,5.67824048341165e-06,0.00158979607053604,0.0100610968164097,3.45717213529619e-05,3.00778417037921e-05,3.39262806468346e-10,9.42136810773694e-06,7.06552002362735e-05,-788.726061106519,0.187520435335137,0.139949859483244,0.9125,0.578797045875249
"constant",400,"montoril",152,20.281,726.058214937245,2800.9079374738,195.177581337531,961.327284333418,796.008809085948,224.949159985175,13849.872666011,1656.11580638116,35.7999218449408,138.105021324087,9.62366655182342,47.4003887546678,39.2489921150805,682.898903703514,0.011555833529077,0.0107985920233663,2.44174559993831e-05,0.00324128734270362,0.0213455880289519,3.41919758278682e-05,2.94841219717925e-05,3.51883760009223e-10,9.58658160268707e-06,7.1189034652921e-05,-797.970335075628,0.1680841996766,0.127364639556932,0.9675,0.686484001438622
"constant",400,"montoril",153,19.743,342.764303570505,1699.82955154611,96.9562372955245,880.022026128102,514.173259412634,98.2227860905602,5391.88594421723,1288.30272402954,17.3613079861473,86.0978347538928,4.91091715015572,44.5738756079675,26.0433196278496,273.103679492338,0.00722576426781928,0.00670732236800003,1.03014894882912e-05,0.00188807113117293,0.0135298008520966,3.46159958807768e-05,3.01156654425706e-05,3.53144650117769e-10,9.90443907146438e-06,7.15413531452395e-05,-794.664967224047,0.180238604509139,0.129384438669352,0.925,0.605726404709921
"constant",400,"montoril",154,20.95,251.676296552629,998.375106155144,138.542097837339,984.740131225397,591.308891563942,172.772243067762,6866.0544941894,767.027508800303,12.0131883796004,47.6551363319878,6.61298796359613,47.0043022064629,28.2247680937443,327.735298052,0.008606640465376,0.0079243581294705,1.78570182985961e-05,0.00143733745360404,0.0167925783529498,3.60050524937474e-05,3.09594419971845e-05,3.89583186186086e-10,9.64392582007293e-06,7.50802977115591e-05,-780.928173800971,0.185419840953879,0.134217044082728,0.96,0.654600187596496
"constant",400,"montoril",155,20.324,253.334136191229,940.629655169989,131.33898199522,1176.47835665701,425.244434390132,139.17952740995,4232.22565002198,699.225232186496,12.4647774154315,46.281718912123,6.46226047998524,57.8861620083158,20.9232648292724,208.237829660598,0.00601691220763692,0.00549562444885477,7.97884941310151e-06,0.00150220821433027,0.0115004212244833,3.13122079906403e-05,2.78194648076829e-05,2.53039201746537e-10,9.76144894811997e-06,6.11075355469745e-05,-783.620032802682,0.179193704951839,0.124287728212649,0.92,0.592294992698385
"constant",400,"montoril",156,20.434,367.673079377817,1457.07297157047,168.747489741726,842.226696217455,480.479586132689,141.86577458496,4358.41247231138,902.049064293279,17.9932014964186,71.3063018288375,8.2581721514009,41.21692748446,23.5137313366296,213.292183239277,0.00706700054444139,0.00634263617572152,1.30752059774543e-05,0.0016425589644933,0.014161840597312,3.5893360717644e-05,3.14210614003172e-05,3.51019462513762e-10,1.02033816618364e-05,7.21047269908241e-05,-779.567160143774,0.2103586292719,0.15480023933488,0.89,0.618774469639947
"constant",400,"montoril",157,20.253,274.392776403685,1150.60157128149,90.2261027978097,826.39885730723,303.047652366652,80.1754521835938,2626.29744879376,136.418611757047,13.5482534144909,56.8114141747638,4.45495002211078,40.8037751102173,14.9630994107861,129.674490139425,0.00427080688522823,0.00392494499094011,3.72760433870169e-06,0.00130781620505894,0.00809131099717648,2.95640100064018e-05,2.6632087780428e-05,1.84013092089314e-10,1.0428195591139e-05,5.5906915362516e-05,-796.033518709849,0.178312456892042,0.117346788264384,0.9,0.554954216304318
"constant",400,"montoril",158,20.448,204.451973270396,867.663273376498,192.123294320189,1092.58215935782,355.140677888926,93.8995608053939,2930.50738355996,616.795117512774,9.9986293657275,42.4326718200557,9.39570101331129,53.4322261031798,17.3679908983238,143.315110698355,0.00474654255214527,0.00423328961352764,5.25977112589831e-06,0.00133619707858041,0.00947412277527681,3.17315650790502e-05,2.86324608056591e-05,2.10173995256665e-10,1.05376496237979e-05,5.98609290874722e-05,-790.762724044819,0.191180089892157,0.119966816249347,0.9025,0.564608668550664
"constant",400,"montoril",159,20.068,476.676036910472,2135.19342235207,227.441837219731,817.978966520641,538.650107411782,195.379421505661,6121.58244268014,964.772152506111,23.7530415044086,106.397918195738,11.3335577645869,40.7603630915209,26.8412451371229,305.041979404033,0.00788585516513282,0.00734950343248238,1.17415071074794e-05,0.0021887793158579,0.014563918851489,3.65611239650706e-05,3.10060798510617e-05,4.83078632604266e-10,9.89559360274208e-06,7.76601996111539e-05,-774.607607049125,0.161202204558357,0.11867842249516,0.955,0.638277538747382
"constant",400,"montoril",15,19.986,711.628980862704,3591.55923068224,292.280928021996,773.199695967935,974.134293379822,280.25048421967,15282.1466809319,1791.44925443722,35.6063735045884,179.703754162025,14.6242833994794,38.6870657444179,48.7408332522677,764.642583855295,0.0130540859419619,0.0123070422706862,2.83614559712883e-05,0.00398902722401843,0.0237505551404778,3.95891381181158e-05,3.28725615471871e-05,7.37864053175996e-10,9.91554642080662e-06,8.46628766183398e-05,-786.818636059238,0.177267268121949,0.133784512232106,0.965,0.709792055939084
"constant",400,"montoril",160,19.92,247.071974402212,1134.81797591481,153.249728078088,1231.67311838902,378.275572017944,127.727381556106,4160.190760199,849.967926991059,12.4032115663761,56.9687738913056,7.69325944167107,61.8309798388063,18.9897375511016,208.844917680673,0.0055086228210874,0.00495776472874049,7.22411926964134e-06,0.00145493250495311,0.0109061897085205,2.93153796936372e-05,2.6200129419583e-05,1.9112991905514e-10,9.62892714726403e-06,5.61504383040691e-05,-792.177382135595,0.171754038232529,0.124622890003375,0.93,0.588237589313069
"constant",400,"montoril",161,19.912,281.6424849587,934.50116432705,148.888231312456,808.948175752236,340.249396357918,90.6697487326134,3194.30275843633,605.005529150923,14.1443594294245,46.9315570674493,7.47731173726679,40.6261639088106,17.0876555021052,160.420990279044,0.0047984386631352,0.00427464564620984,5.76334756747007e-06,0.00130679394864249,0.0097965860154368,2.97321241346145e-05,2.64246083977607e-05,2.03216736135216e-10,9.61712566723932e-06,5.75299118177843e-05,-803.742220562535,0.185283725592963,0.123031977257591,0.9,0.558905225433103
"constant",400,"montoril",162,19.884,324.343749732759,1506.09622786962,140.084226080202,1063.34007424414,436.291237261213,125.025478266327,4808.05215182118,1013.47826654914,16.3117959028746,75.7441273320065,7.04507272581988,53.4771713057806,21.9418244448408,241.805077037879,0.00641707932642624,0.0056829002229736,1.10729852326929e-05,0.00155508408955746,0.013112971585266,3.19052585733271e-05,2.85369570697796e-05,2.30735706219355e-10,1.01296184822859e-05,6.12736983670372e-05,-816.459055888635,0.175692196487531,0.131737224492778,0.9225,0.599945470788038
"constant",400,"montoril",163,20.045,354.270120891097,1842.57922975011,179.512264051019,1013.80749029259,743.584386402714,178.566489395269,9049.96664514155,1497.43366697254,17.673740129264,91.9221366799756,8.95546340987871,50.5765772158938,37.0957538739194,451.482496639638,0.0102850899913252,0.0096116101310493,1.96751533195873e-05,0.00280077628899837,0.018825873359777,3.66666721194201e-05,3.16723258337511e-05,3.94883698308463e-10,1.02066093595663e-05,7.59948338400517e-05,-770.503266018408,0.176485454199099,0.140533578730039,0.9625,0.671935815996361
"constant",400,"montoril",164,20.017,358.21615938815,1396.07359307144,167.43651409135,995.051162879456,549.476669135377,110.21327003717,6336.95053968671,1037.91307388112,17.8955967122021,69.7443969161931,8.36471569622571,49.7103043852453,27.4505005313172,316.578435314318,0.00717281265839827,0.00657825370912243,1.07354482513843e-05,0.00182605371698211,0.0136925992296339,3.31374954772725e-05,2.91351678311694e-05,2.86833548279337e-10,9.66458730667871e-06,6.61728156768998e-05,-806.703752964597,0.163416691574759,0.109106658744724,0.955,0.614199943966738
"constant",400,"montoril",165,20.108,248.213950338608,1329.59425919389,180.266684331784,843.222776590286,355.414397115326,94.5515475554876,3180.29599533169,975.327538121763,12.3440397025367,66.1226506462051,8.96492362899262,41.9346914954389,17.6752733795169,158.160731814785,0.00492865516482242,0.00441255859798797,5.71042627112404e-06,0.00134994011627579,0.00976374176114144,3.0990529312809e-05,2.74257289988391e-05,2.39749996493251e-10,9.14158606808091e-06,6.08860302997e-05,-801.182489746211,0.178832506784034,0.128186967983384,0.9125,0.566609076229303
"constant",400,"montoril",166,20.048,328.141308293852,1205.43040419176,124.53157915942,1173.38825948072,526.750149705883,145.826716596227,6505.30554875396,901.516414310061,16.3677827361259,60.1272148938426,6.21167094769651,58.528943509613,26.2744488081546,324.486509814144,0.00722599051113932,0.00654343110474427,1.08934444937064e-05,0.0021306142519112,0.0138320829495017,3.16905004990683e-05,2.77961377434407e-05,2.67802718068852e-10,9.34287888144694e-06,6.31654421127493e-05,-782.08326040085,0.185307993248259,0.134870133055666,0.9425,0.608066366753721
"constant",400,"montoril",167,19.947,297.508720974048,1434.81287348404,115.851675470305,1170.16962146256,493.208364804633,93.3751469522053,5745.94911663362,1089.17856460938,14.9149606945429,71.9312615172226,5.80797490701884,58.6639405154939,24.7259419864958,288.060816996722,0.00673376062907577,0.00614711907230219,1.09596961362545e-05,0.00152026535505188,0.013039962158022,3.235685385259e-05,2.86685724673106e-05,2.55692598030212e-10,1.00065135957012e-05,6.30382555910548e-05,-815.89675298745,0.163937316058807,0.112402406440363,0.94,0.603596345605542
"constant",400,"montoril",168,19.939,352.434971460598,1438.77478310222,97.6394737053393,1065.72150054814,500.042668549996,118.730496334821,6657.07496308,1100.29215935324,17.6756593339986,72.1588235669904,4.89690925850541,53.4490947664447,25.0786232283462,333.872057930689,0.00739310680311759,0.00683116743885542,1.29545159887509e-05,0.00177960791388532,0.014309513254026,2.99514432960081e-05,2.64520150142373e-05,2.39745959893508e-10,9.05337899631674e-06,5.9372628733206e-05,-790.622059913922,0.17258551880173,0.123458929578897,0.94,0.621072893634044
"constant",400,"montoril",169,19.93,276.885427718035,897.43301290215,139.183855944226,755.208119441477,396.083128791651,138.495085639416,3732.66738530707,711.755827818238,13.8928965237348,45.029253030715,6.9836355215367,37.893031582613,19.873714440123,187.288880346566,0.00553818098922643,0.00507864557105806,6.3648064808891e-06,0.00160917993415321,0.0106551681506673,3.67043939105342e-05,3.1852928727909e-05,3.93407194854846e-10,1.03311740130385e-05,7.55327305738071e-05,-775.351666757923,0.150638579443673,0.103375082084924,0.94,0.585666948348567
"constant",400,"montoril",16,20.002,320.335953027183,1340.02254593295,182.284920759056,932.679208227318,576.328775370576,148.737080911024,6762.02818388619,1068.51000714064,16.015196131746,66.9944278538622,9.11333470448236,46.6292974816177,28.8135574127875,338.067602434066,0.00789724021240561,0.00740464056179362,1.11511819953488e-05,0.0023179783109148,0.0144945519290519,3.46252017014888e-05,2.96585097875009e-05,3.90309463932135e-10,9.19377745376836e-06,7.36087008009955e-05,-781.20628243793,0.191208634425736,0.137375867326809,0.945,0.624731680001677
"constant",400,"montoril",170,20.102,326.139515238255,1230.63489032193,147.271945833293,959.695640690626,413.944110943344,65.8882349966906,3944.38772661093,790.994522165932,16.2242321778059,61.2195249389079,7.32623350081053,47.7413013974045,20.592185401619,196.218671107896,0.00561767874030688,0.00510753568043297,6.93662649706886e-06,0.00157628193821071,0.0109319252662823,3.36261864642658e-05,2.98710349312268e-05,2.65867997572551e-10,9.92516717421965e-06,6.60276449871467e-05,-809.528512592709,0.186504448150822,0.126525732368151,0.9175,0.586191223199145
"constant",400,"montoril",171,19.988,220.514982871043,843.463208688252,221.749148334075,730.200566379732,323.273015969295,12.4140152054513,2770.77847665567,296.371170010503,11.032368564691,42.1984795221259,11.0941138850348,36.5319474874791,16.1733548113516,138.622097091038,0.00448808759879323,0.00409157962380554,4.29388375701092e-06,0.0012565862563678,0.0085749634937704,3.12798728950305e-05,2.76832870236883e-05,2.31078116866123e-10,9.88402124550135e-06,6.14829396135834e-05,-767.62871450716,0.178327181822811,0.11951689551914,0.9175,0.564726826204404
"constant",400,"montoril",172,19.908,472.384868127566,2176.97098260311,157.194624519072,1115.03456224232,640.958327584401,173.554501031559,10580.8465558014,1728.2358276638,23.7283940188651,109.351566335298,7.89605307007596,56.0093712197269,32.1960180623067,531.487168766396,0.00904324786259787,0.0084304785236205,1.32521041567926e-05,0.00285099829183786,0.0162843716933979,3.3253557221335e-05,2.90090594344057e-05,2.94580059807052e-10,9.76075969825653e-06,6.753779607822e-05,-770.580156303289,0.166311009750063,0.114805271835776,0.95,0.649683371665427
"constant",400,"montoril",173,19.942,341.746786389824,1381.84859066204,223.32496511836,1232.43392949075,495.048652890962,91.4045818946989,5505.64682196968,852.771844721375,17.1370367259966,69.2933803360768,11.1987245571337,61.8009191400435,24.8244234726187,276.082981745546,0.00621014254230129,0.00579705115863131,7.3341171538228e-06,0.00180478982700932,0.01150401905884,3.27071049546725e-05,2.90838188419866e-05,2.6239972741157e-10,9.69462260372907e-06,6.40245072191403e-05,-778.772525830478,0.184371734501502,0.130161337035056,0.9325,0.592831119124053
"constant",400,"montoril",174,20.726,382.421880680513,1404.14083249694,201.385792522164,831.151457780241,399.821917881919,112.229584592974,3816.67695326177,841.630212574508,18.4513114291476,67.7477966079773,9.71657785014784,40.1018748325891,19.2908384580681,184.149230592578,0.00550214335720492,0.0050292766659356,7.09424425762362e-06,0.00131506308624145,0.0106318070513455,3.38400736950233e-05,2.98551089636934e-05,2.93941472687812e-10,9.61421782477823e-06,6.7231719708292e-05,-773.726519733618,0.167287550791523,0.113635350253654,0.9325,0.577147438320621
"constant",400,"montoril",175,19.767,210.573158037786,829.341254771107,289.626535221019,956.434278269248,259.0770139323,96.4754334377556,2046.58892788869,586.707064866532,10.6527625860164,41.9558483720902,14.6520228269853,48.3854038685308,13.1065419098649,103.535636560363,0.00344197433571073,0.00323087409285101,1.82126356182317e-06,0.00115750741431393,0.00604325155537935,2.76169483427403e-05,2.47784395216659e-05,1.59368996953527e-10,9.42193907852231e-06,5.30051817717381e-05,-785.200618002441,0.206166364792573,0.145057337933142,0.8525,0.525635108990476
"constant",400,"montoril",176,20.001,315.747017248686,1236.51226444856,142.693420665688,1102.40147050141,493.999015175982,126.235824188059,4962.64588363701,854.556621058741,15.7865615343576,61.8225220963234,7.13431431756851,55.1173176591874,24.6987158230079,248.119888187441,0.0069592765377303,0.00622082252683191,1.19743442203106e-05,0.00175107443939462,0.0138369628285432,3.21521603561973e-05,2.88183067462191e-05,2.27980375301482e-10,1.00538188286022e-05,6.22050146523324e-05,-800.144925607486,0.20232208254546,0.154076491053427,0.92,0.616327024582634
"constant",400,"montoril",177,20.054,258.300631557335,1057.23360869577,223.314238037435,1137.03940291723,351.858091945712,87.5725228464369,3350.06241260627,830.797661776874,12.8802548896647,52.7193382215904,11.1356456585935,56.6988831613259,17.5455316617987,167.052080014275,0.0049789683796187,0.00456809390744442,5.12710474677619e-06,0.00143031725377831,0.00945704082413296,2.927315861127e-05,2.61909594747188e-05,1.92996397520447e-10,9.51538078772153e-06,5.6435207251639e-05,-777.795419121529,0.176194710429447,0.124517125687786,0.8875,0.572173178185095
"constant",400,"montoril",178,20.179,467.492336262527,2137.30026672061,194.616891614127,904.405776854169,605.309387478652,176.305748245304,8158.01725933384,1324.41448445027,23.1672697488739,105.917055687626,9.64452607235876,44.8191573841206,29.9969962574286,404.282534284843,0.00847759720194787,0.00780248109621301,1.54958444527516e-05,0.00221682963550697,0.0162715267964528,3.238998131257e-05,2.82994171764879e-05,2.95745287035389e-10,9.35432376758028e-06,6.41906889223882e-05,-798.778069481622,0.156276998998457,0.112631020790307,0.9625,0.632512207215515
"constant",400,"montoril",179,19.704,425.317262258788,1876.18435751844,182.145544906333,1045.60020397544,637.536877848012,212.746696158739,8753.79348513364,1435.50776518065,21.5853259368041,95.2184509499816,9.24408977397144,53.0653777900647,32.3557083763709,444.264793195983,0.00862462452121557,0.00801511165044496,1.35887372261104e-05,0.00249634288394787,0.0158071432881643,3.22564124099128e-05,2.86666833544809e-05,2.61734923487196e-10,9.80525384453732e-06,6.28315897457219e-05,-776.443971594756,0.211110035816837,0.144516236150118,0.9075,0.636865647422976
"constant",400,"montoril",17,20.005,223.596775105302,896.931367022462,156.832736699393,744.51058367858,426.281232566865,112.118144591524,4715.74344217379,671.382151880295,11.1770444941416,44.8353595112453,7.83967691574071,37.2162251276471,21.308734444732,235.728240048677,0.00601310709117212,0.0054418814276605,8.49217513735364e-06,0.00159629577567206,0.0118147139375615,3.15541798065126e-05,2.78716945911307e-05,2.6480234852009e-10,9.61778472430733e-06,6.21279120790148e-05,-786.75932754714,0.149081060716372,0.0991285958549067,0.945,0.589356903977877
"constant",400,"montoril",180,21.86,322.082746882718,1191.97435799833,158.940224211661,1100.16341347988,373.98115520202,110.250441025544,3473.56232256978,591.096696866451,14.733885950719,54.5276467519822,7.27082452935322,50.3276950356761,17.1080125892964,158.900380721399,0.0049300943419152,0.00444173767925019,5.36593439984084e-06,0.00141114712902778,0.00971680927037706,3.05265648595413e-05,2.73121770679251e-05,2.08714437051865e-10,9.67637212668094e-06,5.91838159017956e-05,-802.511185695277,0.175187619006266,0.12706328233334,0.9275,0.557288588018912
"constant",400,"montoril",181,19.992,257.663708181681,1614.29420286681,181.253091931168,1068.87717228893,445.173185131616,141.694013906797,4541.12638766533,1053.78654475591,12.8883407453822,80.747008946919,9.06628110900202,53.4652447123317,22.2675662830941,227.147178254568,0.00626880993949055,0.005768210534107,8.36461305515655e-06,0.00154686873010453,0.0118838530189898,3.33407846910081e-05,2.93737400051215e-05,2.76302491080403e-10,1.00549002490201e-05,6.70992064615172e-05,-767.260773518974,0.15089463899018,0.100159636346558,0.93,0.603269154722405
"constant",400,"montoril",182,19.894,270.903418709705,1322.57057925485,143.984386418452,918.804072935186,423.594838891486,126.202901897984,4227.45417724739,890.943648295274,13.617342852604,66.4808776140972,7.23757848690321,46.1849840622895,21.2925926858091,212.498953314939,0.00612004453053369,0.00569648580521847,7.93299662720771e-06,0.00147941229143993,0.0114918889398539,3.12055827041301e-05,2.73276091630479e-05,2.64259843811864e-10,9.23332720057523e-06,6.24428560015601e-05,-790.496414466883,0.175377957921439,0.112013505052876,0.9275,0.593661738884463
"constant",400,"montoril",183,20.3,199.372244160636,1017.47012999835,168.279506085299,874.409994370367,592.392055550109,167.796997574199,7162.87594750982,806.433503048444,9.82129281579487,50.1216812807071,8.28963084164033,43.0743839591314,29.1818746576408,352.851031897035,0.0081531837038966,0.00744218464834814,1.49975191375586e-05,0.00204998288335773,0.0160044133258456,3.21976270448104e-05,2.79901909647128e-05,3.05986199355288e-10,9.94054404424545e-06,6.53954198207329e-05,-801.377511554597,0.15392304792662,0.112175361691936,0.955,0.629999203539626
"constant",400,"montoril",184,20.337,360.604168767246,1906.3958765264,251.123014514299,807.621172508436,573.287073133327,172.340896582139,6533.34361518798,1411.47931779649,17.7314337791831,93.7402702722327,12.3480854852879,39.7119128931719,28.1893628919372,321.254050016619,0.00791121961747798,0.00741970144356786,1.11431426781891e-05,0.00225554962947891,0.0142920381347094,3.53870114635e-05,2.95589710534496e-05,5.14837086493053e-10,9.11567539412529e-06,7.54672896363339e-05,-774.391568345132,0.15837851847478,0.111706432584742,0.9475,0.634397507967543
"constant",400,"montoril",185,20.295,237.852070261647,1119.73670376607,141.418377843751,1045.67957747743,550.013625289274,114.210772400414,5832.30786506496,830.090032950212,11.7197373866296,55.1730329522577,6.96813884423507,51.5239998757049,27.1009423645861,287.376588571814,0.00770513400462662,0.00710144409512126,1.36755059747861e-05,0.00161141313489895,0.01476012597676,3.33917973038382e-05,2.95765806517609e-05,2.89160628932143e-10,1.00588933551482e-05,6.64290983402604e-05,-785.348517767292,0.173032171096001,0.119717963923403,0.945,0.631423958756896
"constant",400,"montoril",186,20.27,532.400720182194,2154.51467049201,111.106491467524,860.964165176925,648.088600814576,119.625322099834,7549.6683308803,1279.17605180964,26.2654524016869,106.290807621708,5.48132666342005,42.4747984793747,31.9727972774828,372.4552703937,0.00871367204959978,0.0080601695831819,1.51546533440933e-05,0.00219014626358753,0.0163535665680199,3.67724810994446e-05,3.18063424839224e-05,4.07174411804488e-10,9.88648120197277e-06,7.60331485162902e-05,-778.889612118287,0.134386228699376,0.0929900230365662,0.9575,0.643381879321122
"constant",400,"montoril",187,20.588,386.587902728737,1873.74787606878,168.426631419323,723.906221706915,631.900483244321,147.29078190423,6277.18155886924,840.001675245665,18.7773413021535,91.0116512564978,8.1808155925453,35.1615611864637,30.6926599594094,304.895160232623,0.00871275288029355,0.00811454831365721,1.47228566604725e-05,0.00224848349714338,0.0163310601994061,3.86933481319217e-05,3.29257611145313e-05,5.10414280228979e-10,9.93997333892384e-06,8.27802761424079e-05,-774.890889725025,0.190572173879977,0.141608205705887,0.9075,0.64682083797477
"constant",400,"montoril",188,20.739,422.026822234752,2450.97620148527,185.940555760538,1115.44013303774,655.664497891872,186.665744134992,10895.1698185499,1835.10852519112,20.3494296848812,118.181985702554,8.96574356336073,53.7846633414213,31.6150488399572,525.346922153906,0.00916902967748413,0.0085156486579385,1.58956692422408e-05,0.00257950713205707,0.0172723371211619,3.07148177638771e-05,2.71884660562326e-05,2.33394581120175e-10,9.65428267888774e-06,6.03640457108835e-05,-797.607186837862,0.15232617263178,0.108361625496187,0.945,0.645083182988952
"constant",400,"montoril",189,19.842,481.165986731713,2807.80563676351,240.772647850081,894.400065852608,694.627867128556,239.733075345792,9886.22530151464,1683.58725176731,24.2498733359396,141.508196591247,12.1344949022317,45.0761045183252,35.0079562104907,498.247419691293,0.00919340024360315,0.008688885986204,1.45243634837565e-05,0.00270204356756199,0.0164820638069282,3.39168719075304e-05,2.91858656291238e-05,3.42094979901626e-10,9.33410595424912e-06,7.04181143456644e-05,-784.238927423709,0.169091303130803,0.120730686866095,0.94,0.646588959530347
"constant",400,"montoril",18,19.929,582.021755297696,3282.31460657936,227.103626185489,1128.08780320088,884.123069592927,297.433913775501,18223.8950100671,2522.20044860074,29.204764679497,164.700416808639,11.3956358164227,56.6053391138982,44.3636444173279,914.441016110548,0.012272055941886,0.0114630053817401,2.96109574936375e-05,0.00292659147591753,0.022854810199554,3.02910325512996e-05,2.69008804892452e-05,2.32411396691556e-10,9.45319302019283e-06,5.95202297556087e-05,-795.344870756557,0.165309904667373,0.130764765633672,0.96,0.687906109872688
"constant",400,"montoril",190,19.969,312.687486703431,1006.14878024023,150.528447412257,851.929971531163,471.745282148287,144.025216018269,5162.17328151332,732.337597364559,15.6586452352862,50.3855365937317,7.53810643558801,42.6626256463099,23.6238811231553,258.509353573705,0.00662306139702936,0.00607416889370666,9.12703316610631e-06,0.00168115708899617,0.0126138355017285,3.78385606930985e-05,3.25460263263206e-05,4.20053718893684e-10,1.0148285886759e-05,7.83908254522004e-05,-765.912034314085,0.164169423195771,0.118538020809532,0.94,0.60807597487776
"constant",400,"montoril",191,20.136,316.230122328004,2248.79347376387,162.695650898448,1367.91600501562,707.450907708961,180.104674908842,13026.3969871772,1813.44488653494,15.7047140607868,111.680248001781,8.07983963540166,67.9338500703031,35.133636656186,646.920788000456,0.0100286411214652,0.00922597786618219,2.20615924591668e-05,0.00261912842433418,0.0191701852874763,2.98003630427798e-05,2.66144266103856e-05,2.03430993906458e-10,9.65331381714527e-06,5.76272152686653e-05,-796.70597970243,0.164038145082749,0.123400476032566,0.96,0.659573073030703
"constant",400,"montoril",192,20.009,630.20117225337,3239.29926115414,242.626677159682,958.543371947408,754.255762077942,241.237110866591,10613.1028842348,1948.22295058709,31.4958854642096,161.892111607483,12.1258772132381,47.9056110723878,37.6958249826549,530.416456806175,0.00990172918735191,0.00935176076502083,1.64655998737554e-05,0.00311672025649952,0.0179337627992946,3.39522306859944e-05,2.94459032294875e-05,3.94729151205105e-10,9.40410451471079e-06,6.86590423257449e-05,-786.279857136345,0.155058079284409,0.104611381626508,0.9625,0.653922352012319
"constant",400,"montoril",193,19.93,286.021342928701,1187.23957143017,186.78234024203,1016.50482457763,462.594051756614,99.3192488224291,4287.70907211618,857.263589802385,14.351296684832,59.5704752348303,9.37191872764829,51.0037543691735,23.2109408809139,215.138438139297,0.00652098944042551,0.00592042112867833,1.0491207007988e-05,0.00148497118857903,0.0128533036530302,3.36305877570186e-05,2.95651727438825e-05,2.95524474918988e-10,9.94314794950079e-06,6.77156122345566e-05,-794.030554390073,0.168249916422256,0.117121652300167,0.935,0.602619833887319
"constant",400,"montoril",194,20.666,374.531764212647,1461.12749332035,144.765088234471,999.159633655442,362.86085746619,162.360375765425,3550.89076281454,1079.65804676198,18.1230893357518,70.7019981283438,7.00498830129056,48.3479934992471,17.5583498241648,171.822837647079,0.00510121593674119,0.00463998378561631,5.60273477532846e-06,0.0014876250406741,0.00967387381610538,3.05693569638861e-05,2.70751791892419e-05,2.38524713655564e-10,9.52326526746681e-06,6.00795032522617e-05,-787.749626905627,0.196741557370141,0.146782639027929,0.9025,0.5704500680149
"constant",400,"montoril",195,20.086,379.476508816529,1864.93301830277,185.940298685008,866.678402805093,597.53942896831,197.788872038534,7732.15867265979,1398.76060463989,18.8925873153703,92.8474070647599,9.25720893582633,43.1483820972365,29.7490505311316,384.952637292631,0.00874187457685003,0.00819211675672098,1.32698221257581e-05,0.00258360737546312,0.0159962077749152,3.4879468706873e-05,3.01537615558268e-05,3.81210514481576e-10,9.74568384752015e-06,7.15668880257068e-05,-771.173207773613,0.18578305243908,0.141261926487943,0.9325,0.641217411650652
"constant",400,"montoril",196,20.145,240.575101344891,858.954726175797,235.608604690863,1127.30171306126,361.333314026511,104.829325878416,3515.38697924473,597.84363180668,11.9421743035439,42.6386064123007,11.6956368672556,55.9593801469975,17.9366251688514,174.504193558934,0.00499343369498417,0.00456548560779513,5.15070453537473e-06,0.0015241220761874,0.00952253364314471,3.00592412894226e-05,2.68698176272361e-05,2.01301957155507e-10,9.55613380146872e-06,5.76319216402276e-05,-798.493984905449,0.180145852038065,0.130882748284485,0.8975,0.571553711010042
"constant",400,"montoril",197,19.833,485.926720513026,3417.76746796807,153.770775527672,1096.16826107381,831.009022497142,257.72819881194,15894.0079007356,1379.87237488337,24.5009186967693,172.327306406901,7.75327865313731,55.269916859467,41.9003187867263,801.392018390342,0.0123902429730571,0.0116194997706812,2.87606241980908e-05,0.00273428402034003,0.0228519121847547,3.07340448369074e-05,2.66300136865712e-05,2.90177463518433e-10,9.36957950343025e-06,6.2430558479668e-05,-788.57536900803,0.165146721551759,0.127616506475809,0.955,0.698924966206027
"constant",400,"montoril",198,19.949,264.92010719798,1000.1106671246,172.220823673168,883.510375197568,561.131533844956,149.273900979787,6231.78032048079,779.975331146256,13.2798690259151,50.1333734585492,8.63305547511995,44.2884543183903,28.1283038671089,312.38559930226,0.00703478491454509,0.00654907890550036,9.36645352082529e-06,0.00188074389967315,0.0130605770431362,3.65553713137743e-05,3.16608610671701e-05,4.24712207458165e-10,9.93357094132808e-06,7.5207527952505e-05,-784.310802704491,0.172316133645582,0.116203108384253,0.9375,0.609366596263771
"constant",400,"montoril",199,20.165,392.651577707452,1746.33289033344,130.261611966697,1125.87311885705,494.69028833237,107.957910017658,6450.09415436162,752.865380762986,19.4719354181727,86.6021765600515,6.45978735267526,55.833033417161,24.5321243903977,319.865814746423,0.00702037509791699,0.00622312495773225,1.21141836503446e-05,0.00180351304490788,0.0139014993497965,2.99360118838726e-05,2.66369047151655e-05,2.03004169091692e-10,9.62060901919509e-06,5.79095254213267e-05,-797.306683628015,0.219731886353133,0.16146685492979,0.86,0.619557358963389
"constant",400,"montoril",19,19.936,760.798964775329,5073.28048650898,183.566413486209,981.679313785445,985.4536292222,274.369396681663,19204.3734658245,1937.83708542585,38.1620668526951,254.478355061646,9.20778558819265,49.2415386128333,49.4308602137942,963.301237250428,0.0134204591662982,0.0129137703121379,2.59581607676782e-05,0.00376133543580461,0.023559075020787,3.41750978982206e-05,2.96809825262663e-05,3.43948146565579e-10,9.31533841326322e-06,6.94064680544027e-05,-772.319659710028,0.155536290061012,0.113274749370128,0.96,0.703756722109499
"constant",400,"montoril",1,20.04,247.908012033629,1301.53062987063,133.814792741758,897.38208785354,648.715242630903,149.894339672642,7985.55780079915,907.925324500164,12.3706592831152,64.9466382170974,6.67738486735317,44.7795453020729,32.3710200913624,398.48092818359,0.0091860930071793,0.00863000744139587,1.71890020708361e-05,0.00221796344153147,0.0170334516223937,3.36685227152259e-05,2.93126789037853e-05,3.27271763075322e-10,9.41710935927712e-06,6.79051692188831e-05,-805.470034493592,0.192500379127397,0.138792382958242,0.9275,0.652320053715342
"constant",400,"montoril",200,20.031,398.492665002766,1604.29883266109,186.019405099153,1162.561840355,485.627301882237,206.442155255223,6046.93491916829,1137.83819874234,19.8937978634499,80.0908008916726,9.28657606206147,58.0381329117368,24.2437872239148,301.878833766077,0.00678237440460204,0.00627047871225126,9.56074202639638e-06,0.0018507491896197,0.0127411027168448,3.108379027535e-05,2.78269090609276e-05,2.18644035698332e-10,9.78770300592926e-06,5.99049755416727e-05,-781.641404204376,0.162592724944851,0.107628110115589,0.9425,0.602524359657164
"constant",400,"montoril",20,20.286,188.016669461522,934.963937541304,164.437283306011,1115.1382910666,412.349286756732,107.581018249858,4093.20180930967,615.882022599064,9.26829682842954,46.0891224263681,8.10594909326685,54.9708316605837,20.3267912233428,201.774712082701,0.00583772645173297,0.00525522743793239,8.06793514127185e-06,0.001437442343004,0.0113593475903815,3.29453863789701e-05,2.91695560797703e-05,2.9039046289035e-10,9.9522139668944e-06,6.44556209452942e-05,-784.706056098767,0.15311824863136,0.0992638533726708,0.9325,0.586899246487695
"constant",400,"montoril",21,19.988,527.507288452475,2339.06340165907,191.411673642626,1012.40756001034,614.435910026769,153.430239343233,7805.47228235949,1906.90108903557,26.391199142109,117.023384113422,9.57632947981921,50.6507684615938,30.7402396451255,390.507918869296,0.00830789170928701,0.00768740138684476,1.33145600938762e-05,0.00239972615896015,0.0156358089067665,3.26560031057809e-05,2.8683498086234e-05,2.74243153620119e-10,9.78099130694505e-06,6.51265940847149e-05,-803.918347457025,0.171870950190166,0.128772581080917,0.9325,0.632840317633405
"constant",400,"montoril",22,20.035,434.351742512193,1754.89978072966,126.540071293432,1077.85896349694,508.072856248418,180.721922205989,6727.91569072412,1446.214552606,21.679647742061,87.5917035552611,6.31595065103229,53.7988002743667,25.3592641002455,335.808120325636,0.00703260977799796,0.00656001262359828,1.02058619315448e-05,0.0016367143968847,0.0131642119529914,3.02930972038064e-05,2.65920342839266e-05,2.32403594109672e-10,1.00465921656052e-05,6.01783886864148e-05,-783.318761233556,0.171432123342221,0.122053228962432,0.9075,0.612027950464827
"constant",400,"montoril",23,20.014,500.983872696897,2573.11396933688,204.603071908462,1081.23166577259,620.87358388035,167.815061055676,8334.1575439159,1604.30671640966,25.0316714648195,128.565702475111,10.2229974971751,54.023766651973,31.0219638193439,416.416385725787,0.00882032195440281,0.00822489816931322,1.44327912669479e-05,0.00254942102702663,0.0162661941171962,3.39972231913669e-05,2.96901509811802e-05,3.52062278304578e-10,9.31167003351152e-06,6.78198255393576e-05,-796.245341173704,0.170624631508549,0.117709222517357,0.9475,0.646825137626981
"constant",400,"montoril",24,19.979,254.762524090724,790.450373179867,205.636545528887,901.444359883123,429.425225401036,156.714930324377,4536.33648643273,621.325710410521,12.7515152955966,39.5640609229625,10.2926345427142,45.1195935674019,21.4938297913327,227.055232315568,0.0057192257395271,0.00524141333111411,7.07186116997816e-06,0.00157231183792456,0.0109117226255735,3.22269882391631e-05,2.84054237088996e-05,2.6775996707299e-10,1.03759160445692e-05,6.38201142351137e-05,-785.053857304162,0.151782384562064,0.0981559939534861,0.935,0.577028389852603
"constant",400,"montoril",25,20.45,230.214333040706,867.455640898113,198.551157132371,878.911000306999,469.827179511225,155.720887201094,4751.3492033973,649.502525659484,11.2574245985675,42.418368748074,9.70910303825775,42.9785330223471,22.9744342059279,232.339814347056,0.00640600032247026,0.00592029282306031,8.65217457358137e-06,0.00155213836784688,0.0121628338349096,3.44271264283719e-05,2.98548943774208e-05,3.32853192784257e-10,9.72575389086493e-06,6.97824251158329e-05,-780.630201511751,0.193938031575749,0.141714981886421,0.935,0.605753345228475
"constant",400,"montoril",26,20.099,222.170039456523,1046.80660463189,190.339773744801,567.452266395315,430.915824493963,98.8254800823737,4363.86787783591,748.686348949691,11.0537857334456,52.0825217489375,9.47011163464854,28.2328606595012,21.4396648835247,217.118656541913,0.00580370248668064,0.00537152966230506,6.94346610505966e-06,0.00153167812893491,0.0109784744792757,3.50070054731554e-05,3.00627013683864e-05,3.76606324537006e-10,9.37111717325638e-06,7.27035760941381e-05,-772.615448694562,0.188478990911231,0.142194300918823,0.925,0.600266815487133
"constant",400,"montoril",27,19.993,238.698077935346,1053.75921621433,174.119900894145,1053.83400207534,353.110914637512,100.118422808631,3473.28416262672,752.65296530829,11.9390825756688,52.7064080535352,8.7090432098307,52.7101486557966,17.6617273364433,173.725011885496,0.00515590280628315,0.00473625554737511,5.27803808939378e-06,0.00148139213875272,0.0098666904195053,3.19633688929974e-05,2.82348282016628e-05,2.43322915187197e-10,1.03632045950908e-05,6.39100027735031e-05,-789.958495722577,0.171874582689312,0.120176855463054,0.925,0.588920369132511
"constant",400,"montoril",28,20.318,496.100350431515,2375.31602765219,105.663955835013,732.503842836381,667.964669292189,164.395957649761,9093.62974022261,980.058401872911,24.4167905518021,116.906980394339,5.20050968771599,36.0519658842593,32.8755128109159,447.565200325948,0.00953299237386066,0.00892137244041659,1.81370391774582e-05,0.00259644245663268,0.0177116535834618,3.53569946744441e-05,3.07288894955395e-05,3.6922484105873e-10,9.76257886011729e-06,7.26891025543737e-05,-782.355731068854,0.155908615473201,0.1110417485973,0.96,0.653792864578252
"constant",400,"montoril",29,19.991,221.034715484803,1478.25626836969,181.550906751253,725.913138502151,499.886573268813,99.3419105647125,4331.92499868532,1142.47268074444,11.0567112943226,73.946089158606,9.08163207199503,36.3119973239033,25.0055811749694,216.693762127223,0.00708845859692655,0.00645706025276857,1.15322433018373e-05,0.00176637991784006,0.0136871098734608,3.77219803242747e-05,3.28445373898186e-05,4.0418685900912e-10,1.02258722980239e-05,7.74662199300057e-05,-779.235479887488,0.170710252886702,0.120828304760324,0.945,0.619158546943808
"constant",400,"montoril",2,20.652,503.98546941418,2122.38305636964,238.106228391377,811.522742910386,553.593394914916,151.109310602865,6427.93636642084,1530.93267117081,24.403712445002,102.768887099053,11.5294513069619,39.2951163524301,26.8058006447277,311.250066164093,0.00702214536808186,0.0065818661538457,9.27189634793299e-06,0.00189934160870379,0.0128148808003761,3.44308532050134e-05,2.99985831051649e-05,3.42553685298879e-10,1.04021238646476e-05,7.04909862198645e-05,-797.007789758832,0.182045000426507,0.133302507162783,0.9325,0.604360975487861
"constant",400,"montoril",30,20.359,409.827354832952,2018.52488147917,125.516760825945,1289.75301252873,456.257436044326,157.613430673459,5396.9279483821,1485.06887117838,20.1300336378482,99.1465632633806,6.16517318266836,63.350508990065,22.410601505198,265.088066623218,0.00621644729947028,0.00569248279001242,8.75212998661737e-06,0.00157571428548934,0.011864337061553,2.88578281960962e-05,2.56742909855849e-05,1.89285729941589e-10,9.331924963436e-06,5.57819880809363e-05,-810.667240970455,0.188014666902969,0.131342770951566,0.915,0.582909483400157
"constant",400,"montoril",31,19.856,356.356299980802,1303.416792934,190.472691914928,1225.96790901607,407.844943076427,61.293656594287,3739.60235923998,949.897247334654,17.9470336412572,65.6434726497786,9.59270205051008,61.7429446523001,20.5401361339861,188.336138156728,0.00543621423794706,0.00501203400472128,6.10831810595842e-06,0.00159013062303921,0.0102341449915528,3.15392526750645e-05,2.837461514856e-05,2.13836187556385e-10,1.03640297379507e-05,6.04692100818083e-05,-792.134643853466,0.180615660520956,0.120668723208923,0.885,0.575568900556319
"constant",400,"montoril",32,19.94,241.387964272337,1642.46928163841,196.298114980108,1153.80751528731,538.856562729572,145.639954395329,6960.78877674319,1103.6741087103,12.1057153596959,82.3705758093484,9.84443906620399,57.8639676673676,27.0238998359865,349.086698933962,0.00726456624742816,0.00657724174764881,1.18912910777135e-05,0.00175254866012765,0.0140245490692403,3.15962350094799e-05,2.81157468865213e-05,2.40521227069031e-10,9.75427869283093e-06,6.16312037031675e-05,-815.945768499721,0.16140592023558,0.108204995127029,0.94,0.614146125636153
"constant",400,"montoril",33,19.967,332.348445651321,1448.04835603513,109.881271212054,1154.04302542038,595.620717418071,138.899130002557,8585.88747634113,1175.76872387524,16.6448863450354,72.5220792324899,5.50314374778657,57.7975171743565,29.8302557929619,430.003880219418,0.00887026545118351,0.00815254498400805,1.99043745986918e-05,0.0016810386360764,0.0177081166690642,3.08940230250211e-05,2.70413155151261e-05,2.49578120721847e-10,9.77336533547722e-06,6.13817560724023e-05,-796.334585759507,0.18827267187155,0.136514149803826,0.9,0.647956917594599
"constant",400,"montoril",34,19.977,160.229285996216,1030.59446077073,249.577863910001,927.718833970502,578.132344764837,125.660892338527,6605.95869513045,764.058323597974,8.02068809111559,51.5890504465502,12.4932604450118,46.4393469475147,28.9398981210811,330.678214703431,0.00775585751769383,0.00708917282889784,1.17133501945161e-05,0.00223022114887573,0.01463882912497,3.39289080617936e-05,2.97953784385736e-05,3.06590971094052e-10,1.02669853487005e-05,6.83041243376618e-05,-795.782498407266,0.170387532225478,0.116244271019136,0.945,0.624996732020969
"constant",400,"montoril",35,19.741,282.045673361446,1017.08951915599,175.112080740319,860.036684978156,286.987762263453,48.2948257203584,2617.243461289,492.81326747977,14.2873042582162,51.5216817362843,8.87047671041584,43.5660141319161,14.537650689603,132.579072047465,0.00418870033370149,0.00376360258486174,4.18997275493688e-06,0.00124790358764176,0.00813892293383999,2.98134972650252e-05,2.65983587607075e-05,2.13738200821217e-10,9.52376145876114e-06,5.66619759959116e-05,-774.223526674733,0.183566749349809,0.130784657536924,0.89,0.552182308990584
"constant",400,"montoril",36,19.836,301.453655097388,1283.68777923021,236.853614926085,1280.94501788638,315.447987201274,56.6635870683176,2983.33145199531,1015.45080779396,15.197300619953,64.7150523911175,11.9405936139386,64.5767804943729,15.9028023392455,150.399851381091,0.00456570193077451,0.00410480892366564,4.82881645520642e-06,0.00130021556864684,0.00895928453080337,2.79057925123846e-05,2.5213234611169e-05,1.64575889366781e-10,9.70990989223423e-06,5.27380531312807e-05,-802.485576496984,0.209544426181689,0.161729794462871,0.89,0.554739271002358
"constant",400,"montoril",37,19.962,313.439130050073,1336.39652433544,140.186168127611,776.769125212432,432.280969847501,69.976568921693,4370.36690463887,831.430286177845,15.70178990332,66.9470255653463,7.02265144412439,38.912389801244,21.6551933597586,218.934320440781,0.00591429961739901,0.005287244379917,8.81764608620418e-06,0.00143567382852596,0.0116541507822786,3.49072654221293e-05,3.08255781749823e-05,3.11380494930754e-10,1.00841801742622e-05,6.83997705270427e-05,-775.280059339096,0.162411769462506,0.115758446380936,0.935,0.595617102250385
"constant",400,"montoril",38,20.134,520.3378999608,2601.61217574313,183.138820152564,1002.90607084163,688.003670212218,159.636563558992,10449.4321671772,2040.86816702669,25.8437419271282,129.214869163759,9.09599782221933,49.8115660495497,34.1712362278841,518.994346239059,0.00952394685681223,0.0090563888153413,1.57514981727747e-05,0.00269914971021446,0.0171165971642171,3.38209716330569e-05,2.90584080454045e-05,3.66893777599753e-10,9.08876162522875e-06,6.94106421875542e-05,-785.929924739318,0.191133062661019,0.146168516495672,0.955,0.655813992583124
"constant",400,"montoril",39,19.745,346.873064240045,1695.78716957802,149.163319013487,971.740340346033,497.916340636456,107.700793887364,5150.70585957811,1265.4991327726,17.5676406300352,85.8843843797429,7.5544856426177,49.2145019167401,25.2173380925022,260.861274225278,0.00710036290956753,0.00648212722273794,1.17125950697229e-05,0.00151604411121988,0.01380796057829,3.41558530683606e-05,2.98811711513166e-05,3.31086069427608e-10,1.00885811480783e-05,6.86120400462868e-05,-782.717281334592,0.177912564349747,0.135191734133076,0.9325,0.616959386701039
"constant",400,"montoril",3,19.759,410.309102751685,1545.61041353969,130.298942171842,831.618214876117,498.096008780919,102.310558130348,4866.45052693656,1073.86267330422,20.7656816008748,78.2231091421472,6.5944097460318,42.088072011545,25.2085636307971,246.290324760188,0.00651981050177239,0.00598357189079764,9.17377492432775e-06,0.00171815875499852,0.0124236770606402,3.41289566837491e-05,2.96786319290636e-05,3.23463851032521e-10,1.0015956863217e-05,6.97805266007654e-05,-812.034317180574,0.169197181498183,0.115929304776648,0.925,0.60383840302901
"constant",400,"montoril",40,20.427,590.962222338514,2973.43086171288,203.506068794015,965.557924040496,755.830602656742,232.797788760541,10578.6296011043,1817.88933028912,28.9304460928435,145.563756876334,9.96260188936285,47.2687092593379,37.001547102205,517.874851965744,0.00965246007206049,0.00899294057523705,1.65389917983043e-05,0.00246915488441059,0.0175961715271049,3.47414094668051e-05,2.99681814286441e-05,3.89009085627681e-10,9.60824292587083e-06,7.064187474281e-05,-781.065886557354,0.152507133629033,0.109786456661919,0.9575,0.649828472552723
"constant",400,"montoril",41,20.987,503.412398886836,2493.96851615413,184.773997968153,981.524429430948,860.793622915195,231.589936715209,16794.837208081,2160.94345019029,23.9868680081401,118.833969416979,8.80421203450484,46.7682102935602,41.0155631064562,800.249545341451,0.0118368244499538,0.011151406422884,2.4332044368325e-05,0.00313240212846848,0.0218206536845812,3.13884981718216e-05,2.75110051893461e-05,2.60795902324728e-10,9.06100409881532e-06,6.31178183977318e-05,-801.317502514591,0.150885398068126,0.106702052611486,0.9675,0.68242514075176
"constant",400,"montoril",42,20.191,348.647294029495,1411.0678968352,155.488874502391,945.549730598821,699.201900903815,229.216665040614,8117.52784175927,1138.98040889226,17.2674604541377,69.8859836974494,7.70090012888865,46.8302575701462,34.6293844239421,402.036939317482,0.0088593943840992,0.00820782476952257,1.4497919964265e-05,0.0025580521462781,0.0164003574520225,3.41345679999212e-05,2.97833296884073e-05,3.16402201036766e-10,9.89517996562886e-06,6.97272211374297e-05,-788.866217738235,0.178590439935509,0.122656548220259,0.9375,0.637097293750072
"constant",400,"montoril",43,20.161,374.522996719326,1812.26703213331,179.904145434847,1065.76584836604,544.652005904392,132.682301415104,6062.16230369025,1304.70905121664,18.5766081404358,89.8897392060565,8.92337411015558,52.8627473025168,27.0151285107084,300.687580164191,0.00710194274355796,0.0065354948216189,1.10563908484443e-05,0.00178180055642587,0.0133042732664888,3.455098764117e-05,3.01196509627578e-05,3.25454653006832e-10,1.01521416314949e-05,7.08510864854158e-05,-790.357667609426,0.159330913815628,0.111497945502779,0.95,0.61116084100093
"constant",400,"montoril",44,19.915,303.696286335558,1315.93310674962,131.206998928866,710.428548886944,523.154512741132,148.552661687139,4777.4344480604,939.950933624515,15.2496252239798,66.0774846472318,6.58835043579545,35.6730378552319,26.2693704615181,239.891260259121,0.00762120779454225,0.00710335598554053,1.27896219160796e-05,0.0016673585661947,0.014516927906698,3.71683283254716e-05,3.18284441661355e-05,4.47219574048181e-10,9.55077859348182e-06,7.80058817010857e-05,-787.223394713592,0.150687577308428,0.106561954710757,0.955,0.630832491020249
"constant",400,"montoril",45,20.367,272.904512055172,1132.54528383618,205.249659780806,851.549211117065,357.674543998338,124.945403790426,2980.11280731364,785.665423880167,13.3993475747617,55.6068779808603,10.0775597673102,41.8102426040686,17.5614741492776,146.32065632217,0.00487444766349161,0.00437955483421865,5.56027600193499e-06,0.00140752633307168,0.00954004065963811,3.31202709645716e-05,2.88055384316148e-05,3.11429194094121e-10,9.37913275961749e-06,6.8086118176322e-05,-787.598824615052,0.202759353826641,0.134318871477943,0.8775,0.556847205451633
"constant",400,"montoril",46,19.993,505.723013803578,2756.48278016531,187.536931049784,956.956286990152,697.630275174359,214.54743083994,9921.61167880118,1091.23720387063,25.2950039415585,137.872394346287,9.38012959784843,47.8645669479394,34.893726563015,496.254272935586,0.00958228329947167,0.00899558226037679,1.76036238779446e-05,0.00255428847025832,0.0177908528686926,3.48284835681632e-05,3.01858187264645e-05,3.53853085964603e-10,9.72814387750158e-06,7.20485375190415e-05,-798.826442983095,0.179866292429252,0.120107689356276,0.93,0.645752687741366
"constant",400,"montoril",47,20.456,238.990705349595,950.188666581708,134.002291499947,951.092494162726,454.556738610607,137.011285469037,5014.8937172791,653.771789502677,11.6831592368789,46.4503650069274,6.55075730836659,46.4945489911384,22.2211937138544,245.155148478642,0.00647226977165269,0.00583313590640258,1.03852067425637e-05,0.00159307461024095,0.0129334304871798,3.32691710195242e-05,2.88416553806731e-05,3.29059303912371e-10,9.63001649397235e-06,6.84334156160232e-05,-794.991018313618,0.156888953603185,0.0986138398780868,0.9325,0.595934518729523
"constant",400,"montoril",48,19.703,292.890852499679,1089.97835705773,242.10867666465,634.993964259063,411.298846670828,73.0198568965117,4197.08327661552,747.067817188389,14.8652922143673,55.3204261816843,12.2879092861315,32.2282882941209,20.8749351200745,213.017473309421,0.00590260309920083,0.00546929542100696,6.78635163695551e-06,0.00172209484207183,0.0110407870550661,3.51312519711717e-05,3.05891835694163e-05,3.66138950083155e-10,9.62804263790101e-06,7.13531587476649e-05,-798.766622595605,0.146470507482893,0.0967516766231994,0.9375,0.58890073308719
"constant",400,"montoril",49,20.112,216.488086627217,876.579773992299,187.833162898759,674.322608101164,569.943447652279,175.670002934043,5899.14430343671,532.858909294406,10.7641252300725,43.5849131857746,9.33935774158506,33.5283715245209,28.3384769119073,293.314653114395,0.00771825844353091,0.00714638836875457,1.23863532159927e-05,0.00195122889513502,0.0146659655233408,3.67665467136322e-05,3.14961630314626e-05,4.40798749900904e-10,9.67170407334774e-06,7.85716963774543e-05,-783.976990164573,0.180190671593055,0.128432046264925,0.9325,0.620138839802765
"constant",400,"montoril",4,20.005,405.771472849438,2091.97286375147,174.189577171841,1125.89677369695,697.770323093373,146.617878771825,11354.1177432767,1650.90342505792,20.2835027667802,104.572500062558,8.70730203308378,56.2807684927243,34.8797962056172,567.563996164796,0.00941893945818488,0.00888197002146953,1.56468612795793e-05,0.00260158640305981,0.0170655745223533,3.118902080459e-05,2.70279148640139e-05,2.74445439348843e-10,9.3467668867774e-06,6.40296608678414e-05,-791.012753033786,0.142940269221939,0.100150967498932,0.96,0.654786744792798
"constant",400,"montoril",50,20.69,224.186597054231,934.225308744633,184.287213427599,806.416718560084,336.44699533218,123.421888700233,3165.18442154177,675.168712125166,10.835504932539,45.1534706981456,8.90706686455287,38.9761584610964,16.2613337521595,152.981364018452,0.00490202047802387,0.00444222855047883,5.29589572095193e-06,0.00126371495046329,0.00948323300934937,2.99956231535231e-05,2.63450937400414e-05,2.37647358416175e-10,9.21326049731353e-06,5.94466720008752e-05,-784.841257508052,0.193794593498372,0.139741219862694,0.8575,0.571883128703602
"constant",400,"montoril",51,20.239,316.081035770747,1254.18664444929,172.568086220821,968.399855297641,646.770985065441,176.393064107919,8180.10533687705,961.586757029141,15.6174235767947,61.9688050026825,8.52651248682352,47.8482066948783,31.9566670816464,404.175371158508,0.00862267235384705,0.00799639652040377,1.52289498785014e-05,0.00219974123760474,0.0164150023383767,3.44522433373184e-05,2.97457368942762e-05,3.5682009165593e-10,9.74083488086821e-06,7.15596314016142e-05,-806.406593464876,0.173420186889044,0.12340296316326,0.9275,0.638154161358952
"constant",400,"montoril",52,20.46,217.565136298666,759.620256522217,167.601162114421,948.532028677875,471.448407225985,141.174975239622,4843.14578027217,592.680624087043,10.6336821260345,37.1270897615942,8.19165015222,46.3603142071298,23.0424441459426,236.712892486421,0.00644267451836826,0.00594662547058187,8.73306657965829e-06,0.00157852158632848,0.0122475321778408,3.48801700732822e-05,3.0626920025406e-05,3.34446923617383e-10,1.03784701396374e-05,6.99969238426814e-05,-781.561550401249,0.200263998616581,0.152341322699453,0.885,0.611008482810858
"constant",400,"montoril",53,20.274,542.066140923687,2518.66408570783,177.909401270994,763.978286562417,747.692272630806,186.614084890997,9341.99694737189,1648.17249618173,26.7370100090602,124.231236347432,8.77524915019206,37.6826618606302,36.8793663130515,460.787064583796,0.0101463391486228,0.00962178482198291,1.60985082403243e-05,0.00291367237356948,0.0177308836689982,3.75951955725103e-05,3.08912606659736e-05,6.45724524414521e-10,9.18148359708723e-06,8.44496086733571e-05,-785.079152028834,0.151906111694884,0.112316415298287,0.965,0.66640219882406
"constant",400,"montoril",54,20.3,290.849414575944,1212.02182504444,172.999139536604,901.179113728714,433.05504736505,114.299695606396,3626.0926093875,932.898257158376,14.3275573682731,59.7055086228788,8.52212510032533,44.3930597895918,21.3327609539433,178.625251693966,0.005792548618094,0.00531783052673915,7.27413362922226e-06,0.00146714077291121,0.0111580088078938,3.6167875654409e-05,3.1869212894728e-05,3.39264796391373e-10,1.02397637846279e-05,7.30368461143075e-05,-783.893754503912,0.175407957747239,0.124469944699636,0.92,0.5892860302373
"constant",400,"montoril",55,19.935,243.857917458292,1349.02897363901,181.91370743902,1118.99303512793,426.213216441819,127.930789034056,5341.06142334131,876.36799753925,12.2326519918882,67.671380669125,9.12534273584249,56.1320810197105,21.380146297558,267.923823593745,0.0058129851714951,0.00534237118163864,6.81907730330564e-06,0.00157059605838346,0.0108577948281926,2.81373726529687e-05,2.50207234340227e-05,1.95168717595884e-10,9.27480776663569e-06,5.40299653827145e-05,-778.985082360508,0.210395722717082,0.150334600014579,0.885,0.580096011466584
"constant",400,"montoril",56,20.399,341.904748823341,1554.23464144178,200.694310932684,1021.90485228522,590.742253305549,183.761292828019,7287.67703330461,1239.57913623859,16.7608583177283,76.1917075073182,9.83843869467542,50.0958307900005,28.9593731705255,357.25658283762,0.00852987030166047,0.00785934274328068,1.58079311164171e-05,0.00189228850844152,0.0161624832468087,3.23602198703607e-05,2.7966150487304e-05,3.27100526369155e-10,9.10573655259281e-06,6.59315589278052e-05,-791.112625547162,0.169242343054138,0.127843003189493,0.9425,0.636393742597735
"constant",400,"montoril",57,20.125,317.334903629095,1374.56972864878,205.938863963418,876.087640492665,548.160797954541,210.946237641651,6371.64029416315,1086.60840685905,15.7681939691476,68.3016014235419,10.2329870292382,43.5323051176479,27.2378036250704,316.603244430467,0.00699591385603181,0.00645568418613047,9.63107094149714e-06,0.00193406020831753,0.013026020303677,3.30814081149753e-05,2.88157234668865e-05,3.32773862542488e-10,9.62312971433911e-06,6.75900691413748e-05,-794.231326083936,0.162469533977235,0.114467163856875,0.935,0.599663164380338
"constant",400,"montoril",58,20.087,316.810678382833,1209.57748681548,209.40055204135,680.099370145998,426.642164360836,135.768058508088,3754.70295748308,873.746862891036,15.7719260408639,60.2169306922625,10.4246802430104,33.8576875663861,21.239715455809,186.922037013147,0.00625746515319251,0.00580560169887272,8.32845164561839e-06,0.00157877716844315,0.0118737329488054,3.82127054581137e-05,3.27986240679878e-05,4.64072370669817e-10,1.01758547166345e-05,8.04366889180324e-05,-770.351482685013,0.178999376181659,0.137812705357057,0.9375,0.606879094657253
"constant",400,"montoril",59,20.641,548.564522266669,3225.31711748461,225.741565820032,1017.48679885548,834.964246112992,244.266054198639,14156.6805818498,1918.7979535248,26.5764508631689,156.257793589681,10.9365614950841,49.2944527326912,40.4517342237775,685.852457819378,0.011858324027288,0.0112049583683474,2.69156279916101e-05,0.00293767532900294,0.022103400098784,3.39527573675309e-05,2.9772009948536e-05,3.18730342647935e-10,9.59355770843352e-06,6.85241101512123e-05,-787.417025201251,0.177375572106656,0.126246860432317,0.945,0.690752069854076
"constant",400,"montoril",5,19.99,455.558066471769,1848.95214276003,229.956876606575,858.259781586003,618.480649480341,206.946798147628,7426.12263684668,1424.89242159137,22.7892979725748,92.4938540650339,11.5035956281428,42.9344563074539,30.9395022251296,371.491877781225,0.00831557195795136,0.00777473654359269,1.2428198598378e-05,0.00230582149483844,0.01532913071137,3.57418765376614e-05,3.05879022281384e-05,4.11098943485504e-10,9.54186773703754e-06,7.45094938623847e-05,-791.484634539614,0.149320777036649,0.104734307134367,0.9575,0.634863295509956
"constant",400,"montoril",60,20.96,377.219399615342,1650.35060141267,185.103969502472,693.703731774259,588.927166274172,201.645817125783,6780.2697968237,1233.15412535015,17.9971087602739,78.7381012124365,8.83129625488894,33.0965520884666,28.0976701466685,323.486154428612,0.00746121205792669,0.00688851745358316,1.04723444411614e-05,0.00217600384730287,0.0141251280264898,3.35758126801336e-05,2.90504628636143e-05,3.38868828485706e-10,9.24077505386182e-06,6.91494176240651e-05,-774.717296237707,0.162572621929473,0.121849223404884,0.9475,0.609455526089799
"constant",400,"montoril",61,20.751,178.461449959923,683.638573201528,192.414529839346,977.543969761881,375.747261469925,68.7551413121898,3361.17231142386,531.168768432341,8.60013734084732,32.944849559131,9.27254252032895,47.1082824809349,18.1074291104007,161.976401687816,0.00542529781301864,0.0049679038619532,6.49328509920417e-06,0.001498076813624,0.0104146324058776,3.30787680515876e-05,2.95248998909832e-05,2.47843561195853e-10,1.09209978123722e-05,6.48480802784158e-05,-793.588706763873,0.181566048779766,0.134647079275403,0.9225,0.58388113978019
"constant",400,"montoril",62,20.303,229.218409819017,974.105373795084,114.928777488749,1063.10892991987,526.036190792737,147.57169184071,6436.45377441823,699.19276939694,11.289878826726,47.9783959904982,5.66067957881835,52.3621597753961,25.9092838887227,317.019838172597,0.00821106514225782,0.00736206400729877,2.16328151575317e-05,0.00149410781041777,0.0172917992955892,3.1156657375769e-05,2.74631868548823e-05,2.48005750966997e-10,9.55911768295968e-06,6.18468352062124e-05,-809.009368866245,0.174295585067722,0.112562938389798,0.9325,0.639866215165008
"constant",400,"montoril",63,20.527,419.788745463866,2102.76819325091,226.313456926215,869.686350446694,742.953017949211,230.06646108878,13066.4474605117,1668.78775389324,20.4505648883844,102.439138366586,11.0251598833836,42.3679227576701,36.1939405636094,636.549298997015,0.0101250243511474,0.00946629538160056,1.78977875762641e-05,0.00300287725359899,0.0183450603157765,3.30780726103655e-05,2.8314692740102e-05,3.35722670658279e-10,9.38501766591041e-06,6.85555443423468e-05,-766.915639638006,0.167167091756064,0.117164750722679,0.955,0.665720323823661
"constant",400,"montoril",64,19.859,264.028878525812,1015.21626147915,115.958200709523,789.832532923646,507.146943894927,120.684361802289,5114.37242934129,535.384750381621,13.2951749094019,51.1212176584497,5.83907551787717,39.7720193828313,25.5373857643853,257.534237843864,0.00659789148967572,0.00597368911868444,1.03301968362457e-05,0.00178718090015495,0.012877470155046,3.40820426944745e-05,2.99263391998225e-05,3.13301242298584e-10,1.04923539196763e-05,6.85014042882623e-05,-784.232059729508,0.16952091035149,0.112310321229096,0.93,0.603499673958379
"constant",400,"montoril",65,20.268,298.203173028624,978.273580645501,235.775758302552,1027.85150155353,356.121926751368,130.231784977919,3110.43225685313,711.785463407435,14.7130043925708,48.2669025382624,11.6329069618389,50.7130206016149,17.570649632493,153.465179438185,0.00451098543764094,0.00409834863671805,4.53896241235011e-06,0.00125654951526436,0.00884360209406283,3.19101198784041e-05,2.83320687316912e-05,2.45398483567444e-10,9.80862791857444e-06,6.31569436391373e-05,-797.134089322535,0.17199423092707,0.121005269099802,0.9175,0.552932153525145
"constant",400,"montoril",66,20.132,432.649514327882,1553.01700945682,223.38996260775,1022.22713874114,513.401301572868,124.520104148017,5696.42000917943,1064.65079801612,21.4906375088358,77.1417151528321,11.0962627959344,50.7762337940162,25.5017535055071,282.953507310721,0.00704648219811423,0.00638276703666379,1.12147350938181e-05,0.00189793551122417,0.0137083909632346,3.28997755400754e-05,2.87368221967002e-05,3.0208956945232e-10,9.85327176982294e-06,6.66492551982232e-05,-792.232847687789,0.177053283676443,0.118017933650582,0.935,0.612380302089674
"constant",400,"montoril",67,19.771,300.363062417638,1417.26261418072,150.448810757794,1195.19705770809,520.053297729053,155.084403362771,7117.07455833328,995.110724429116,15.1921026967598,71.6839114956611,7.60957011571464,60.4520286130237,26.3038438990973,359.975446782322,0.00709420615258336,0.0065179135614313,1.11521424061328e-05,0.00159864829845068,0.0135620763697368,2.94041737911888e-05,2.62596929529495e-05,2.00885133536031e-10,9.66212009552415e-06,5.70785529535723e-05,-813.669289051156,0.166167904359062,0.1174966956193,0.9375,0.601753730458293
"constant",400,"montoril",68,20.198,239.959162839855,936.219761319846,175.961767775214,946.093089185892,402.081059502277,126.131765006383,3217.74787228673,675.95094044964,11.8803427487798,46.3521022536809,8.71184116126417,46.8409292596243,19.9069739331754,159.310222412453,0.0049561145716845,0.0045318202793458,5.3173163178235e-06,0.00136755002807273,0.00949553459379677,3.39054059774878e-05,3.00307967225332e-05,2.89788069615292e-10,1.05856444025424e-05,6.74259517035617e-05,-808.424482190737,0.173377334560743,0.113009959547666,0.93,0.563516568831474
"constant",400,"montoril",69,19.642,770.229662199328,3831.30358295473,176.631396839174,980.015218994017,647.567941965916,206.18213741049,9061.64940344071,1464.87947844013,39.2134030240978,195.056693969796,8.99253624066663,49.8938610627236,32.9685338542875,461.340464486341,0.00837986080001662,0.00775207146099808,1.29452565808316e-05,0.00259966860458785,0.0159883293457654,3.23865947513617e-05,2.8063966674503e-05,3.02814878841539e-10,9.46709902557096e-06,6.53731760792087e-05,-784.791385138172,0.192272444526836,0.147330237835851,0.92,0.629229406870249
"constant",400,"montoril",6,20.288,463.082252289504,2341.65388598317,150.804386771996,1025.21121157788,921.439093863794,186.800937590717,14700.7578547458,1720.42350809282,22.8254264732603,115.420637124565,7.4331815246449,50.5328870060077,45.4179364089015,724.603600884552,0.0136651955429825,0.0128691286139203,3.52492205500118e-05,0.00337646467426037,0.0254563898387207,3.2938239892449e-05,2.84898277143967e-05,3.14621726151918e-10,9.28735279043966e-06,6.81103622116074e-05,-781.424439339139,0.188563039203986,0.147517872444696,0.95,0.722753565098135
"constant",400,"montoril",70,19.927,275.910999992773,1697.29068691739,273.408531036552,894.774598417907,515.593623055918,175.889304662339,5938.35979711546,1303.98890840852,13.8460882216477,85.175424645827,13.7205064001883,44.9026245003215,25.8741216969899,298.005710699827,0.00727487245749048,0.00664184122343892,1.07530362778481e-05,0.00227384859139719,0.0139277016748224,3.41675947471108e-05,2.97699898568958e-05,3.14505767664164e-10,9.7843000957952e-06,6.97278346612584e-05,-788.474562097941,0.164505832884161,0.12033902231502,0.945,0.617792149966176
"constant",400,"montoril",71,19.843,225.710317582679,1050.03694444592,171.866031851955,1087.52861759475,458.923751865933,153.43316499801,5558.88439703188,803.360713980253,11.3748081228987,52.9172476160821,8.66129274061156,54.8066631857455,23.1277403550841,280.143345110713,0.00582491434131196,0.00536199121655782,6.98102288458098e-06,0.00150928727199507,0.011026722240826,3.07422310083438e-05,2.71894010440085e-05,2.3792637906021e-10,9.33527544929591e-06,6.10397822474148e-05,-795.589993165495,0.184540138622093,0.136548736966301,0.925,0.576741340173562
"constant",400,"montoril",72,20.453,293.855828463935,1754.72406146722,152.942643580737,1028.95756465409,367.084466824352,143.996321716284,3841.76101224135,1081.7892937129,14.3673704817843,85.7929918088899,7.47776089477031,50.3083931283476,17.9477077604436,187.833619138579,0.00496318758054329,0.00437257277277824,6.06327434987541e-06,0.00143342515863211,0.010123915066853,2.7298950565152e-05,2.44061770093762e-05,1.53188367643805e-10,9.38404568866285e-06,5.19885068742055e-05,-844.086831936126,0.174833155337461,0.116593883459098,0.905,0.559256002664524
"constant",400,"montoril",73,20.032,171.289335565837,817.497869928653,186.673598493033,562.476240453768,331.579603085836,72.4387557953814,2469.61514367021,300.015783770757,8.55078552145753,40.8095981394096,9.31876989282313,28.0788858053998,16.5524961604351,123.283503577786,0.00497682932400282,0.00446270402220482,5.67478210016624e-06,0.00134218275603236,0.00972937707564457,3.98574521229446e-05,3.44681010155483e-05,4.64970197984487e-10,1.05102651542551e-05,8.20458917879371e-05,-771.706583969153,0.177546902616144,0.124592195801008,0.93,0.577932050021505
"constant",400,"montoril",74,19.692,456.192961203106,2088.26893787368,158.22716602108,916.988905844929,689.470736150353,196.387225250452,9691.66393605835,1364.93059079135,23.1664107862637,106.04656397896,8.03509882292706,46.5665704776015,35.0127328940866,492.162499292015,0.0098110271675317,0.00907307213320594,2.1322426834208e-05,0.00230831902647697,0.0186734396183033,3.22682018507244e-05,2.76543753000606e-05,3.53511124196937e-10,9.1938509802852e-06,6.60434447257558e-05,-796.009973342994,0.177332013622967,0.130057788911492,0.9575,0.655383807811891
"constant",400,"montoril",75,20.044,145.428587443777,626.287013897204,223.172513039652,822.076079820491,330.812872220165,104.574839348079,2887.42411178834,446.993449634947,7.25546734403197,31.2456103520856,11.1341305647402,41.0135741279431,16.5043340760409,144.054286159865,0.00454087327623237,0.00412218416745996,4.3969566929997e-06,0.00133384762880088,0.00876696100569742,3.08703374424485e-05,2.71629246873851e-05,2.55828962307621e-10,9.08919998913315e-06,6.08643712133383e-05,-796.196682275275,0.194352797571919,0.116529760571338,0.9025,0.549297072771706
"constant",400,"montoril",76,19.871,411.091106405371,1705.25550246007,174.758311741118,789.913949851544,609.427908653369,160.414664569461,7281.06431182588,1241.14254895715,20.6879928743078,85.81629019476,8.79464102164552,39.7520985280833,30.6692118490951,366.416602678571,0.00833559741684209,0.00773175093131453,1.43174312286015e-05,0.00221581820857439,0.0156410772881962,3.60629690484843e-05,3.13632578674253e-05,3.91933864544635e-10,9.5389556984139e-06,7.47223930142382e-05,-769.188911975417,0.173835565897011,0.129822853186293,0.9575,0.641846008922355
"constant",400,"montoril",77,20.475,478.320320120534,2162.54919827646,166.092750533619,1080.61822043056,565.277642112959,110.378364909093,6539.69272632024,1462.56250955867,23.3611877958747,105.619008462831,8.11197804804002,52.777446663275,27.6081876489846,319.398912152392,0.00805117880104314,0.00737634831341273,1.61117150331769e-05,0.00173791188254841,0.0158519392188746,3.47325251961086e-05,3.02950196480211e-05,3.37929098923922e-10,9.74101248672998e-06,7.04633078249052e-05,-783.980967093643,0.172191488590533,0.127779704853457,0.9325,0.630658108406231
"constant",400,"montoril",78,20.473,299.717296634164,1097.82770522635,164.329733556942,701.799175602004,457.205412011345,90.4738073128364,3586.95615984882,776.68730779252,14.6396374070319,53.6231966603016,8.02665625736053,34.2792544132274,22.3321160558465,175.204228000236,0.00654556688911355,0.00591351129423476,1.05980424005141e-05,0.00155607922047396,0.0129685075038115,4.14347389161166e-05,3.55059841854836e-05,5.80369738162596e-10,9.85437119824747e-06,8.72319482369197e-05,-780.882210717142,0.185589975552674,0.131924943767009,0.9375,0.612100036580463
"constant",400,"montoril",79,19.98,527.248746838517,2289.65946031818,161.816659646364,840.166864199182,794.348403234021,220.462552399385,12285.2903871532,1237.5084741252,26.388826168094,114.597570586495,8.09893191423245,42.0503936035626,39.7571773390401,614.879398756419,0.0117045462235412,0.0109767210545511,2.55408949146377e-05,0.00307865004387968,0.0214475775069762,3.5264222707786e-05,3.05267029972801e-05,3.83389390045216e-10,9.26732269312121e-06,7.31587220286138e-05,-779.060150125175,0.168811833281562,0.129124288189394,0.96,0.692180590742486
"constant",400,"montoril",7,19.824,289.42206106159,1433.06666987825,185.500309114327,890.040719453563,367.222209205065,68.4008718836265,3255.68381975549,918.32460772178,14.5995793513716,72.2894809260618,9.35736022570255,44.8971307230409,18.5241227403685,164.229409793961,0.00538125666691284,0.00485467451857906,7.0387916900391e-06,0.00127603207443576,0.0106136958788413,3.40763548089127e-05,2.97671353845786e-05,3.1550115066165e-10,9.7995350040436e-06,6.84345695093354e-05,-781.807658261872,0.185317619161533,0.133164188930252,0.9025,0.582259492611748
"constant",400,"montoril",80,20.162,337.83390137458,1891.48807022098,169.891111048034,828.95059487231,800.277356428415,231.463658510851,12724.1356504014,1046.93407349428,16.7559716979754,93.8145060123491,8.42630250213443,41.1145022751865,39.6923597077877,631.094913718946,0.0111374557466985,0.0103521025612361,2.22970843184396e-05,0.00331527081883816,0.0204807648600649,3.39001602376297e-05,2.90670664713148e-05,3.77462432560736e-10,9.3224497404644e-06,7.14471267194199e-05,-792.413000300317,0.168549949036924,0.124504991160031,0.955,0.679292540194692
"constant",400,"montoril",81,20.345,288.467474134887,1119.02804397892,175.224070126496,998.374858143181,422.330970630542,67.151710927574,4396.71803771486,612.093564966069,14.1787895863793,55.0026072243264,8.61263554320454,49.0722466524051,20.7584650101028,216.108038226339,0.00579980030724839,0.00524888881419553,8.10482177554509e-06,0.00140389589198645,0.0114217322277886,3.11183663087252e-05,2.76859314507795e-05,2.17224714441835e-10,1.00250945275354e-05,6.08769224152707e-05,-787.027126223862,0.197679468440325,0.1444991345774,0.91,0.596384984604711
"constant",400,"montoril",82,20.215,317.30209727482,1245.34345669867,176.679489332723,533.672630137309,491.665115109076,181.32922907817,3908.63233679771,744.096144890999,15.6963688980866,61.6049199455192,8.74001925959551,26.3998332989023,24.3217964436842,193.353071323161,0.00706175412650528,0.00652778574819787,1.0225440473611e-05,0.00160217104268774,0.0133383298179507,4.0729807913572e-05,3.46689949603996e-05,5.73496991098577e-10,9.53896045161126e-06,8.56713168247557e-05,-778.386745726032,0.159375303015031,0.113596514390388,0.9425,0.618268504829273
"constant",400,"montoril",83,20.125,379.760338547973,2109.33610660356,164.02656848553,988.372748478271,523.76658357805,102.967509396494,5547.62230683066,1063.35475159648,18.8700789340607,104.811732005146,8.15038849617539,49.1116893653799,26.0256687492199,275.658251271088,0.00725855945281887,0.00670594480821762,1.21062666962688e-05,0.00142025214688273,0.0139762909413495,3.36732433188281e-05,2.93163768122493e-05,3.02278358249327e-10,1.02836306949957e-05,6.77932744451203e-05,-781.036294501252,0.202031204797737,0.154567439861635,0.945,0.614048188403125
"constant",400,"montoril",84,19.979,190.924979060253,820.991106069517,220.879896042182,823.687878510784,437.556976948505,91.4983823001854,4141.83708571126,625.881255630567,9.55628305021538,41.0927026412492,11.0556031854538,41.2276829926815,21.9008447343964,207.309529291319,0.00589161914580069,0.00537271901896524,7.56821207110992e-06,0.00158046291785321,0.011372376530452,3.45421007877079e-05,3.00005986990626e-05,3.52149923615633e-10,9.47378189071743e-06,7.15273234186292e-05,-782.388036102719,0.19341765514002,0.145018857757057,0.9225,0.596555527041758
"constant",400,"montoril",85,20.167,299.048180037062,1355.02614686636,165.978898514632,925.564290889836,443.388452731643,120.064499392768,4224.51957367448,1022.4447201919,14.8285902730729,67.1902686005036,8.2302225672947,45.8949913665809,21.9858408653564,209.476847011181,0.00614929798066088,0.00557810535696325,9.01477900645693e-06,0.00158625613899609,0.0119224637252613,3.14322079711518e-05,2.78985466034451e-05,2.41226721242394e-10,9.66313033720754e-06,6.11876676214467e-05,-799.617143397655,0.194211041546236,0.131494789037481,0.92,0.592022138143915
"constant",400,"montoril",86,20.187,154.896619980056,941.778843039256,196.684653182972,813.386662364064,461.055240081765,110.399336642031,4729.23669011607,677.56576040588,7.67308762966542,46.6527390419208,9.74313435294854,40.2925973331383,22.8392153406531,234.271396944374,0.00686639984914114,0.00629749704213133,1.13539089350403e-05,0.00149755828180617,0.0132557382220483,3.36619282683561e-05,2.94581296927624e-05,3.09317601937672e-10,1.00325901867833e-05,6.85421902699804e-05,-783.667701292445,0.170778020893269,0.118108462762908,0.9425,0.615786922701023
"constant",400,"montoril",87,20.25,241.61362338578,955.666562094174,230.663195055468,1117.55590364077,466.967166905786,136.646306479073,5145.82307132617,753.630086449499,11.9315369573225,47.1934104737864,11.3907750644676,55.1879458588033,23.0601070076931,254.114719571663,0.00592505040184234,0.00543553747983858,6.84861597926344e-06,0.00182060385914447,0.0111085510874513,3.29388296864286e-05,2.90640820475849e-05,2.67944673314338e-10,1.02476460382549e-05,6.55384815088414e-05,-797.837117839532,0.180539197002558,0.128537361900075,0.92,0.581476858347413
"constant",400,"montoril",88,19.966,203.997665803826,1012.70578164701,184.010745370405,889.899343495137,422.894014658383,116.859544920753,4227.68643897944,761.074641766652,10.2172526196447,50.7215156589707,9.21620481670864,44.5707374283851,21.180707936411,211.744287237276,0.0056081670119942,0.00508404306355598,7.57160373271493e-06,0.00146686589327453,0.0111193853131194,2.98929702436451e-05,2.65446772984595e-05,2.00472619165414e-10,9.56752222945855e-06,5.84166662469423e-05,-815.921565001443,0.200923589965316,0.135496547222663,0.875,0.575690539732083
"constant",400,"montoril",89,19.973,740.139027937295,3928.38896777934,224.191490217248,1173.81461006789,902.814198127931,234.920459575565,16621.7989392078,2220.97252259268,37.0569783175935,196.684973102656,11.2247278935186,58.7700700980267,45.2017322449272,832.213435097772,0.0121916891265355,0.0112762997065635,2.77680765111215e-05,0.00336030979238094,0.0230111906638686,3.29156971337542e-05,2.87496985711495e-05,3.28040892619091e-10,9.67895260663245e-06,6.69275503831618e-05,-797.312350320255,0.166277719669153,0.117991562904362,0.9725,0.695752100330548
"constant",400,"montoril",8,20.037,318.207554376424,1351.89468311959,138.955793923792,971.020212268202,433.322410765672,92.258628945972,4559.35832016683,942.120344007824,15.8809978727566,67.4699148135746,6.93496002015232,48.46135710277,21.6261122306569,227.546954143177,0.00614022926575829,0.00561585326305799,8.40328903420793e-06,0.00156917074884519,0.0117859988729236,3.17595821447295e-05,2.83239201354378e-05,2.30408882084683e-10,1.00134578679719e-05,6.25381150277929e-05,-787.17912483032,0.188648151960737,0.138693143386206,0.9175,0.595646026279431
"constant",400,"montoril",90,19.69,460.539365121792,2138.04276034159,124.314325855303,1053.10677543178,615.44414700611,196.67250837234,9136.54733692644,1515.28303110632,23.3895055927776,108.585208752747,6.31357673211291,53.4843461367082,31.2566859830427,464.01967175858,0.00919876914410692,0.00841506275655226,2.14004878414082e-05,0.00198723779588894,0.0180292358823077,3.04384251431572e-05,2.66742478182197e-05,2.53821476789419e-10,9.16327074114496e-06,6.0823241751729e-05,-811.387188977965,0.175348980362513,0.13022808049697,0.9475,0.652024554015836
"constant",400,"montoril",91,19.76,163.225165859982,727.473461029332,89.6315127892449,1003.23116974328,423.532116449512,122.429943488641,4702.9016555496,583.323668858477,8.26038288765089,36.815458554116,4.53600773224924,50.7708081853884,21.4338115612101,238.001095928624,0.00637382547131313,0.00573448696854086,1.14772301994754e-05,0.00134565950783548,0.0128510633250554,3.02435633584663e-05,2.68183915045849e-05,2.1889042632989e-10,9.23961673498341e-06,5.89343977235088e-05,-798.536326447653,0.205531143423871,0.15037579541373,0.8925,0.611109982842243
"constant",400,"montoril",92,20.137,334.530882304126,1649.64471400127,84.3366156954151,747.054495390302,700.12961219377,222.965703675425,9540.92853901616,1233.99145345706,16.6127467996288,81.9210763272219,4.18814201198863,37.0985993638726,34.7683176338963,473.800890848496,0.00962803150366317,0.00908361187522754,1.61846542911217e-05,0.00277541283370808,0.0176507159315118,3.44519123269478e-05,3.00070247675856e-05,3.44262985222412e-10,9.31850554352507e-06,7.04008684096123e-05,-784.840471712528,0.172484577668952,0.125413168952694,0.945,0.647815263431943
"constant",400,"montoril",93,19.848,421.767394471644,2358.29431533823,163.79121888944,1009.19007187227,767.70666692553,226.220694262373,12306.4989942234,1609.12815101789,21.249868725899,118.817730518855,8.25227825924224,50.8459326819967,38.6792959958449,620.037232679533,0.0107626828784462,0.0100751353240499,2.22921761744593e-05,0.0028920047664447,0.0199738864834811,3.30149507363091e-05,2.85857713237982e-05,3.23061694003957e-10,9.9033716600832e-06,6.78518078420257e-05,-794.746041540682,0.151528955182193,0.106284267832083,0.9625,0.673154737330477
"constant",400,"montoril",94,20.052,390.101586112555,1688.13536587178,115.18094745543,945.282060382277,542.685556842535,163.306105916587,6394.66247387017,1304.86930204197,19.454497611837,84.1878798060931,5.744112679804,47.141535028041,27.0639116717801,318.903973362765,0.00781159870759388,0.00712897581365345,1.37137957814973e-05,0.00184541300750739,0.0151960886605017,3.37640248515944e-05,2.95287956106717e-05,2.99020096132827e-10,9.90035949012848e-06,6.80842722253704e-05,-798.564172028766,0.153869783696296,0.106510051283585,0.9475,0.625460352962422
"constant",400,"montoril",95,19.94,374.774222333011,1629.81830803971,222.754734570455,843.501508154027,883.718550459022,317.710155465531,13843.9724019535,1271.74301327761,18.7950964058682,81.7361237733056,11.1712504799626,42.3019813517566,44.3188841754775,694.28146449115,0.0116652794689657,0.0110821310255324,2.26277368153522e-05,0.00271498140719597,0.0206901469486805,3.39519688870081e-05,2.93534217020627e-05,3.43950863590227e-10,9.39360460779759e-06,7.01898002667238e-05,-776.916184333132,0.185270285536468,0.145396760823622,0.935,0.688818629900664
"constant",400,"montoril",96,20.327,386.030457717141,1640.78159888327,179.037402406012,870.352879362373,489.843072552821,161.292487002024,5912.11243349674,1259.43959725141,18.9910197135406,80.7193190772506,8.80786158341181,42.8175765908581,24.0981488932366,290.850220568541,0.00718291237737008,0.00670734267292222,9.92012639476217e-06,0.00178296626038534,0.0133829168650983,3.26241871431129e-05,2.8493068899012e-05,2.82953910589255e-10,9.82680687501234e-06,6.61016164503714e-05,-764.440150644451,0.161841252000537,0.117514725466017,0.945,0.616926103336046
"constant",400,"montoril",97,19.951,423.765146768701,1579.72231613455,147.818129352939,1056.96154297632,506.79527400947,150.395734033839,5622.37230520369,1325.98287344231,21.2402960637914,79.1801070690469,7.40905866136732,52.9778729375127,25.4019985970362,281.809047426379,0.00721306234794011,0.00662743350567671,1.21920627386813e-05,0.00161266223109649,0.0139997888701108,3.19928038573409e-05,2.81276644232719e-05,2.70385227660446e-10,1.01305851562685e-05,6.3933266174836e-05,-788.614168433732,0.185105348384702,0.126298201603593,0.915,0.621685423972732
"constant",400,"montoril",98,19.806,206.592925612126,952.875509525131,177.550528078196,858.55928991831,395.877322034266,87.9185408382152,3195.62581071352,711.080076174902,10.4308252858793,48.1104468103166,8.96448187812765,43.3484444066601,19.9877472500387,161.346350131956,0.00530110128148222,0.00490875272935917,5.64804391526216e-06,0.00149506596281002,0.00988508730369304,3.61397618755077e-05,3.21494214190754e-05,3.266760459003e-10,1.08477063326627e-05,7.15642645600626e-05,-780.885772581456,0.16557332768063,0.11230125442477,0.925,0.576297947283009
"constant",400,"montoril",99,20.077,264.570618737695,1192.19371206158,145.660061025695,1120.33978910401,437.63877355292,95.3246949146877,4807.05655016303,848.592276494844,13.1777964206652,59.3810684893951,7.2550710278276,55.8021511731839,21.7980163148339,239.431018088511,0.00590981089876841,0.00533798465691736,8.25621542674481e-06,0.00160276559881247,0.0117749983420004,3.02405331522695e-05,2.66296558828961e-05,2.33962969281943e-10,9.50572376967429e-06,5.99307227160349e-05,-793.066271641557,0.172895892157785,0.124498836495786,0.93,0.589985614922118
"constant",400,"montoril",9,19.988,409.809517782265,1957.68389314766,183.686112545785,812.436261521758,452.213697847983,148.915107941764,4022.88238053443,852.016968612447,20.5027775556466,97.9429604336432,9.18981951900065,40.6462007965658,22.624259448068,201.264877953494,0.00624721340340925,0.00567457247645922,8.72307067487222e-06,0.00166470650425604,0.0121931968870943,3.54669524367602e-05,3.05745120214263e-05,3.81995095635055e-10,9.97313070155172e-06,7.39683225932713e-05,-783.581501691354,0.176664353127663,0.126405593755206,0.92,0.596545842427677
"constant",800,"montoril",100,40.14,107.794562033788,511.16863671218,142.490859407763,643.103596469746,262.578444774366,27.319931538483,2817.0216707444,130.571122480756,2.68546492361205,12.7346446614893,3.54984702062191,16.0215146106065,6.54156563962047,70.1799120763428,0.00333819502600917,0.00312786873262104,1.50999473813138e-06,0.00136182560308559,0.00585347672252005,1.64308132599518e-05,1.51701183402513e-05,3.9356988614691e-11,7.02562621133706e-06,2.8883263331457e-05,-1584.98141865854,0.152166004839166,0.104411952896307,0.925,0.51681239452066
"constant",800,"montoril",101,40.786,213.239693819318,1071.11120571987,160.16728663001,1117.26624462244,277.634809833811,53.3795260017211,3364.5452525303,177.353165030988,5.22825709359383,26.2617370107357,3.92701629554283,27.3933762718196,6.80711052404775,82.492650726482,0.00350321081748643,0.00330711389992754,1.63839989059125e-06,0.00130598211634138,0.00598394784620747,1.64008985979004e-05,1.52928572907663e-05,3.45945816348297e-11,7.01974192231809e-06,2.81644090596129e-05,-1585.45121405842,0.154936710678319,0.109210053099323,0.93625,0.515843517659646
"constant",800,"montoril",102,40.277,220.774422676297,786.832696207668,128.442650051123,803.405410867076,334.182971295968,41.6640297059487,4004.72881303844,640.781497422923,5.48140185903361,19.5355338333954,3.18898254713913,19.9470022808818,8.29711674891297,99.4296698621655,0.00412760363454507,0.00385877081255272,2.67186433729086e-06,0.00147672837904359,0.00730173327086378,1.68459139436429e-05,1.5663367283496e-05,3.82102594582774e-11,7.16591436750227e-06,2.87982374726772e-05,-1596.39251771927,0.140600029983064,0.0976429914283878,0.95125,0.532656940803252
"constant",800,"montoril",103,40.968,127.260428193401,519.326952927572,103.717020449425,800.749727742667,287.948004211223,10.1029620829228,3128.89267683645,359.35034755338,3.1063373411785,12.6764048263906,2.5316593548483,19.5457363733321,7.02860779660278,76.3740645585933,0.0038919192924802,0.00366115937183135,2.32481687107033e-06,0.00141069183789976,0.00696507350512514,1.8954936491155e-05,1.76089326687713e-05,5.30144416353532e-11,7.49997167452381e-06,3.27011809833888e-05,-1582.33412852796,0.146356835566143,0.103110235086365,0.95375,0.530774097479799
"constant",800,"montoril",104,40.158,166.329362577537,680.411963334012,91.0206687364626,628.760345652178,253.050818206057,55.7667405706909,2401.69513569083,207.963528420712,4.14187366346774,16.9433727609446,2.2665637914354,15.6571628480546,6.30138000413508,59.8061441229849,0.00316124407777433,0.00299520141779771,1.32566069429211e-06,0.00119578553040928,0.00542451701846625,1.78036007182277e-05,1.66498065156666e-05,3.935697830613e-11,7.91055326794324e-06,3.02414258007414e-05,-1594.32903699707,0.149045557440221,0.109067894777659,0.9425,0.504489494024523
"constant",800,"montoril",105,40.268,230.683036378762,1155.1988245133,68.6151665344479,557.195250178252,461.98894936995,88.3242759644791,8169.79198010112,909.31930019319,5.72869366193409,28.6877626033898,1.70396261384841,13.8371722007115,11.4728556017172,202.885466874469,0.0060346361527022,0.00574826891370225,4.96979212546712e-06,0.00193391056464796,0.0104148581645665,1.82845868829711e-05,1.69025902238723e-05,5.03409333801543e-11,7.37440991018524e-06,3.24903109419767e-05,-1583.04499217986,0.143750682069781,0.105277638301834,0.97375,0.581384866780164
"constant",800,"montoril",106,40.081,294.63395720736,1797.02715959328,124.22576245896,860.980351271349,579.633948222743,181.259471520844,13677.4267562769,1345.67338533627,7.35096322964396,44.8348883409416,3.09936784159476,21.4810097370662,14.4615640383908,341.244648493722,0.00727083465331793,0.00706011752339222,5.77993940282445e-06,0.00296036072349665,0.0120609339500695,1.71202028542573e-05,1.57831572968241e-05,4.28341272533201e-11,6.99823742310524e-06,3.01232368932045e-05,-1573.11526894237,0.138226869689687,0.099604050347426,0.97625,0.604564856355065
"constant",800,"montoril",107,41.479,232.335657887762,1080.95789629197,146.036372022172,790.888496838628,269.32940766945,16.9831073267794,2673.2891787492,301.862468566173,5.60128397231761,26.0603653967543,3.52073029779338,19.0672026046585,6.493150935882,64.4492195749465,0.00337879943045184,0.00319865622828417,1.42506621746105e-06,0.00143134894567437,0.00577308108435427,1.86576015129834e-05,1.74002478454581e-05,4.6968428521263e-11,7.9433803859291e-06,3.23758802651101e-05,-1550.00169045857,0.142882588152685,0.100542561283647,0.94875,0.526879705827669
"constant",800,"montoril",108,40.207,300.254408089898,1394.62048340512,137.621734002179,1040.50332224591,394.916330561396,71.052817292166,6347.35327900875,1094.39552476293,7.46771477826989,34.6860119731669,3.42283020375007,25.8786609855475,9.82207900518307,157.866870918217,0.00495443743808878,0.00470453446873522,3.21499700512134e-06,0.00189476114286693,0.00858475340058497,1.75416004537837e-05,1.63592376262987e-05,4.03854100222785e-11,7.70643254877413e-06,3.05471197982789e-05,-1600.50507813163,0.138204666699157,0.0960346543462146,0.9525,0.552816435478476
"constant",800,"montoril",109,40.787,234.734177178941,893.913268398666,89.3019739695726,803.503410327098,309.817177155847,55.9646728714373,3673.06812852808,342.825756543571,5.75512239632583,21.9166221687956,2.1894714975255,19.6999879943879,7.59597855090708,90.0548735756019,0.00388451935157385,0.00363351977156838,2.40657268559406e-06,0.00135476177587787,0.00689781132592528,1.75467337772069e-05,1.64829959743262e-05,3.80017271536256e-11,7.43982987736748e-06,2.96582168353831e-05,-1586.10164434295,0.138624225586495,0.0969068735362125,0.945,0.532231898126261
"constant",800,"montoril",10,40.516,304.379234669419,1494.64870286415,135.427019127517,855.404964645812,433.320476836581,81.6056575658944,6937.29375060704,1186.30842777175,7.51256873011698,36.8903322851256,3.34255649934637,21.1127693910014,10.6950458297112,171.223559843199,0.00540664453539374,0.00513086280746989,3.84336509905509e-06,0.00204269141464969,0.00922782468083781,1.74738668437315e-05,1.61247671140508e-05,4.41458204220453e-11,7.45235839728932e-06,3.06158959890419e-05,-1597.03402536957,0.137663455266302,0.0957508296815816,0.97,0.562597724896557
"constant",800,"montoril",110,41.266,219.55800116132,1174.83551534863,114.130250028489,834.74777454378,313.130919985752,56.1625378008166,3587.85181779975,423.512654515892,5.32055447974894,28.4698181395976,2.76572117550741,20.2284634940091,7.58810933906248,86.9445019580223,0.0040750238349713,0.00379750763920688,2.47224684856491e-06,0.00156766254926277,0.00722365169573297,1.83340030872586e-05,1.70271365790145e-05,4.52526752221033e-11,7.88000957866685e-06,3.16542703336191e-05,-1567.10124995571,0.154505731416751,0.107777187299114,0.95875,0.541310646206938
"constant",800,"montoril",111,40.923,202.272319069549,959.400737825508,154.342986264133,1027.50479450681,295.608654450634,54.3267107331814,3731.23505772212,547.126650790299,4.94275392980839,23.4440470597343,3.77154622740594,25.1082470617211,7.22353332968341,91.1769679085629,0.00378238850169205,0.00354650505380261,1.91046469828772e-06,0.00139915750181234,0.00657149913644626,1.57316989546715e-05,1.45552187991165e-05,3.1389857746205e-11,7.00902623069247e-06,2.69618312793414e-05,-1557.21828027472,0.13736313719441,0.0964540426265087,0.94,0.528943049062849
"constant",800,"montoril",112,40.795,269.279957645409,1041.37517915675,87.2289159046985,649.738775769702,319.38980461751,46.7056769560314,3762.66818648894,580.610531577995,6.60080788443212,25.5270297623913,2.13822566257381,15.9269218230102,7.82914093926976,92.2335626054403,0.00403634707567497,0.00380764387894751,2.24389500620416e-06,0.00155065389982212,0.00704558960673368,1.76472224731673e-05,1.64318294763202e-05,4.22586542390661e-11,7.36640394857753e-06,3.04789175300377e-05,-1594.55527967955,0.150170843641731,0.106230448236268,0.95625,0.533962051976063
"constant",800,"montoril",113,41.136,184.155351663371,916.810129590509,148.21934737509,841.795817079069,342.50432384562,59.8307866505731,4501.51033015323,117.379300462288,4.47674425474939,22.2872940876728,3.60315410771807,20.4637256193862,8.32614556217473,109.42994773807,0.00458113038929873,0.0043487189872543,2.94669443675063e-06,0.00165125482743185,0.00801209535110846,1.80922083426398e-05,1.67380214907155e-05,4.68391054925887e-11,7.56869944972382e-06,3.16186605605475e-05,-1552.94156743532,0.147606849005795,0.103756898398306,0.955,0.551732491139093
"constant",800,"montoril",114,40.581,259.462408328146,1091.31252659704,108.323429756199,726.395043046452,318.017071189746,90.5063723115884,3763.55378837448,707.15701600622,6.39369183431029,26.8922039032315,2.66931395865551,17.8998803145919,7.83660016238501,92.7417704929518,0.00394055005130001,0.00372218481354929,2.1851115917008e-06,0.00144410550322618,0.00680304950623821,1.7664155238761e-05,1.63081308725184e-05,4.49126049503758e-11,7.36789161911312e-06,3.10966848812397e-05,-1604.21215070035,0.147561313872766,0.103367702872135,0.955,0.529335255685899
"constant",800,"montoril",115,40.974,326.6892186285,1353.1188097283,128.401957858179,856.935525402094,357.40579429904,8.18366186202869,4856.21138014378,440.041649143013,7.97308582585299,33.0238397454068,3.1337423209396,20.9141290916702,8.72274599255723,118.519338608478,0.00452177506318794,0.00435466027813988,2.26325088783699e-06,0.00184392010903905,0.00755134738637588,1.76291758945398e-05,1.63528591518279e-05,4.36885494732185e-11,7.15833139681852e-06,3.04692588478594e-05,-1572.17755127749,0.143972637727099,0.098914816561772,0.95875,0.549913097670342
"constant",800,"montoril",116,41.651,125.694048918727,528.471153994931,133.977822274757,769.105143164113,257.780694315638,28.7279806302086,2572.85816054502,370.860871229581,3.01779186379024,12.6880784133618,3.21667720522334,18.4654664513244,6.1890637515459,61.7718220581743,0.00330681354070402,0.00309642326986348,1.69169768518939e-06,0.00127936300499992,0.00581598014822693,1.72891424815776e-05,1.60533182545717e-05,4.09945769062509e-11,7.28960427815993e-06,2.98945829891641e-05,-1605.68372682985,0.138846449430672,0.0916672711723031,0.95,0.514062528399407
"constant",800,"montoril",117,41.309,128.657977503962,705.852174047749,119.591243448833,951.105702792402,205.243470877827,19.0734493345906,1793.37261431775,234.801897128425,3.11452655605223,17.0871280846244,2.89504087363125,23.0241763972113,4.96849284363762,43.4136051300626,0.00260050307841753,0.00243011704462086,9.43032600816877e-07,0.00100979298809156,0.00454057302739406,1.55450783950467e-05,1.46296495355461e-05,2.6348455630103e-11,7.14928844307932e-06,2.57258282108372e-05,-1582.74933784204,0.142454173881403,0.0963878568143604,0.9175,0.488965191794563
"constant",800,"montoril",118,42.077,236.379642893336,987.645461765641,124.956437473941,794.823168214434,318.855287812016,21.9379305536586,3881.56756635035,681.417704053261,5.61778745854828,23.4723355221532,2.96970880704283,18.8897299763394,7.57789975074307,92.2491519440632,0.00397592973803052,0.00370591908971373,2.45521047664377e-06,0.0013611859807933,0.00713758182364555,1.67178869443444e-05,1.56233985784425e-05,3.54673731861396e-11,7.1883963601609e-06,2.83956762245159e-05,-1601.72383157825,0.161673619432032,0.113853194795716,0.9275,0.532620119622105
"constant",800,"montoril",119,42.879,198.194425732534,1067.52290692935,119.964292819154,775.902952719695,319.786783534976,77.373625027241,3738.78821572484,706.177369304572,4.62217928898841,24.896170781253,2.79773998505456,18.0951736915435,7.45788809288874,87.1939227996185,0.00407850703784591,0.00386403958881719,2.30515355217783e-06,0.00143244702422468,0.00710554778352449,1.69510242693818e-05,1.5782900229007e-05,3.85246437656144e-11,7.07057617490264e-06,2.92923092364818e-05,-1567.00650421417,0.148367905011498,0.103329842631594,0.9475,0.539636543728496
"constant",800,"montoril",11,40.365,226.348394745501,1379.05767866421,98.7433543301809,836.337739048591,416.04380165726,94.2910073517055,6490.12425646336,1031.21294651722,5.60754105649698,34.1646891778572,2.44626172005898,20.7193791415481,10.3070432715783,160.785934756927,0.00519994965564826,0.00498089040416208,3.61626183493972e-06,0.00189032362440888,0.00886952152884072,1.73289029887571e-05,1.60854572817715e-05,4.28497287961062e-11,7.225615189874e-06,3.02565815627269e-05,-1611.17041137091,0.127027605916743,0.086955438344945,0.965,0.558408461815274
"constant",800,"montoril",120,41.062,145.45784973183,619.631448329121,131.313626449939,744.215344945773,289.971126301325,53.9849160576902,3186.27209448981,429.230549204816,3.54239563907823,15.0901429138649,3.19793547440306,18.1241864727917,7.06178769425076,77.5966123055333,0.00384615126870052,0.00366045697247551,2.03669910353988e-06,0.00124973660998504,0.00661864635630597,1.82124052106955e-05,1.68348821146227e-05,4.75698219749116e-11,7.44688080092916e-06,3.22864593283622e-05,-1547.6268225548,0.170448571089209,0.124135561798524,0.90375,0.53426385432809
"constant",800,"montoril",121,41.253,212.03688608545,914.748541595317,162.23017450062,730.468062118295,367.718686020604,109.098074171202,4311.99539013258,644.662983269678,5.13991433557438,22.1741095579792,3.93256671031488,17.7070288734951,8.91374411607893,104.52561971572,0.00437160487057403,0.00412492689008144,2.65237292568406e-06,0.00161654248809142,0.00759318845484044,1.89356622507318e-05,1.76363300656609e-05,5.18593002988253e-11,7.26731225348773e-06,3.25096005651171e-05,-1609.82343386701,0.154243993440129,0.111809391835845,0.95875,0.535706576609222
"constant",800,"montoril",122,40.296,169.472313446557,563.80456745682,128.754597657576,1188.69260627568,234.532883148584,44.5563031773522,2350.36817778964,263.041759970994,4.20568576152862,13.9915765201712,3.19522031113698,29.4990223911971,5.82025221234327,58.3275803501499,0.00313188203014445,0.0029315843593944,1.36106466844282e-06,0.00121304433299534,0.00538817933658969,1.70286669505378e-05,1.60047141691918e-05,3.64430723472258e-11,7.45622756578319e-06,2.89098680653771e-05,-1578.10691367751,0.155397123961777,0.104505657478571,0.93375,0.50914034832624
"constant",800,"montoril",123,40.196,215.487379382487,710.472624309472,115.857563867369,502.901879891508,219.17068543519,54.422512716207,2201.48378180988,254.913864230829,5.3609159961809,17.6752070929812,2.88231574951161,12.5112419119193,5.45254964263085,54.7687277791293,0.00296585344086238,0.00274535301899798,1.46958253045163e-06,0.00110597255656161,0.00521200460595887,1.53134626247275e-05,1.43237935704571e-05,2.98989167262722e-11,6.67146594923658e-06,2.59423339654794e-05,-1574.74403719008,0.149282137367692,0.106056570059816,0.91125,0.508610483663874
"constant",800,"montoril",124,40.981,223.420260540451,736.07102366332,131.210927258013,823.087527489715,369.704211880421,71.8135273879806,4924.74591182335,566.658936995386,5.45180109173644,17.961275314495,3.20175025641183,20.0846130521392,9.02135652815746,120.171443152274,0.00473517958813011,0.00450269416187326,2.69559994009026e-06,0.00180401062232857,0.00794783626606658,1.90155724146192e-05,1.7660072881335e-05,5.19288692189706e-11,7.94035014434619e-06,3.33388868687171e-05,-1542.17481083531,0.167581366212588,0.12442741070611,0.9325,0.563028288461916
"constant",800,"montoril",125,40.403,185.204652879843,833.062061268594,85.8697655022552,565.958216569887,314.980736653567,50.5345399697545,3688.26882367126,517.217968622479,4.58393319505589,20.6188169509342,2.12533142346497,14.0078265616387,7.79597397850572,91.2870040262174,0.0040530098617816,0.00377888213330661,2.70601984506955e-06,0.00133885464952758,0.00733054863349343,1.80260294726739e-05,1.6761009680412e-05,4.31040070761563e-11,7.84091988683672e-06,3.10988105529773e-05,-1593.65793876467,0.16800760282684,0.120018933090059,0.925,0.542005733192201
"constant",800,"montoril",126,40.351,206.817101315995,918.406665854963,87.7422871946532,818.589389246863,282.090679524491,20.1060341155514,3195.79787231737,345.388395879592,5.12545169428255,22.7604437524464,2.17447615163573,20.2867187739303,6.99092165062801,79.199967096661,0.00355098897475836,0.00329011701758207,2.22606651165441e-06,0.00114264123845834,0.00654463189172272,1.58965004378423e-05,1.49191372473553e-05,3.01561759545221e-11,6.96142479055648e-06,2.68915466839466e-05,-1606.5025598966,0.144705253364273,0.103151299055043,0.9425,0.516495354059498
"constant",800,"montoril",127,40.393,150.151697394292,571.638939593417,102.177879603558,896.040222899507,224.390693634888,15.3424735646775,2175.58181114404,411.549628910181,3.7172702546058,14.15193077002,2.52959373167524,22.1830570370982,5.55518762248133,53.8603671711446,0.00310890687372854,0.00289700288425423,1.40699112629073e-06,0.00112889704652849,0.0054596588083165,1.75225499408053e-05,1.63649597517032e-05,3.88976377568155e-11,7.33610489587334e-06,3.0038597305643e-05,-1554.04153962138,0.144634573530383,0.102355252756272,0.94375,0.504976617506926
"constant",800,"montoril",128,40.94,128.522099940459,558.181063538634,120.497931617839,801.660253732491,328.389630077306,98.4294409025947,4211.93577967828,436.72867918441,3.1392794318627,13.6341246589798,2.94328118265361,19.5813447418781,8.02124157492198,102.880698086915,0.00413406468457142,0.00390765069778059,2.37920071989674e-06,0.00159393468491622,0.00719712516060858,1.6728583706929e-05,1.56127231925282e-05,3.54124768584647e-11,7.46108198004732e-06,2.88580202923344e-05,-1586.88155045194,0.137139723179622,0.0897007495551333,0.94875,0.538615778293816
"constant",800,"montoril",129,40.654,163.519615235171,737.181533807497,74.8839599729783,894.326106795128,262.567198792852,34.9985274178793,3029.94185699852,128.560266035146,4.02222696992107,18.1330627689156,1.84198258407483,21.9984775617437,6.45858215164195,74.5299812318227,0.00354359878738231,0.00332547742644597,1.94752204528237e-06,0.00121547179994965,0.00632919915882287,1.66032264187447e-05,1.54568517572154e-05,3.57181630073983e-11,7.35997803710148e-06,2.85917517234013e-05,-1590.88592374208,0.14949085314754,0.107673613791421,0.93875,0.525629985053234
"constant",800,"montoril",12,40.323,216.465125107627,969.941898608963,122.216803043615,737.342574098321,343.943556576936,50.1906182236319,4285.29869518789,620.91928820122,5.36827927256471,24.0543089206895,3.03094519365163,18.2859056642195,8.52971149410848,106.274302387915,0.00427431703643967,0.0040626887605285,2.48424401204421e-06,0.00160475451055509,0.00734887560801297,1.7826662700072e-05,1.66478812512632e-05,4.25029303478771e-11,7.5924662200415e-06,3.08275440731344e-05,-1552.05839388872,0.130951437226518,0.089338066801916,0.95875,0.541569669145123
"constant",800,"montoril",130,40.411,92.4081595741253,245.21142910076,144.889483548463,1011.1617808562,238.611559680212,42.3486271947889,2253.94367406663,195.22646701583,2.28670806399558,6.0679376679805,3.58539713316826,25.021944046329,5.90461903145707,55.7754986035145,0.00307200889603013,0.00291093383882105,1.22418714964708e-06,0.00118459923385856,0.00528343306246467,1.6826255264384e-05,1.56578117294922e-05,3.56522873503362e-11,7.44978006415793e-06,2.87496062960164e-05,-1537.48364379816,0.14160464363702,0.0988057971999584,0.945,0.513949569157929
"constant",800,"montoril",131,40.44,226.139320132292,970.010508128081,127.019376018088,860.98661353349,292.613977495271,39.314267801161,3357.54358270484,544.271630860503,5.59197131880049,23.9864121693393,3.14093412507636,21.2904701665057,7.23575612006109,83.0253111450257,0.00375565431622212,0.00354615277309975,1.6912568626597e-06,0.00152366526537293,0.00627513761213862,1.717602294685e-05,1.60697107597486e-05,3.94019508875377e-11,7.32593153214563e-06,2.93886168845976e-05,-1569.70340008799,0.145075016963532,0.107383350995297,0.9525,0.532722116792982
"constant",800,"montoril",132,40.081,240.386208596131,1112.79993467037,122.464271163112,492.768037417565,295.146569027955,76.1727498874591,3137.0361448801,460.193293619491,5.9975102566336,27.7637767189036,3.05541955447997,12.2943049678792,7.36375262662995,78.2674121124747,0.00394645617226221,0.0036998741670769,2.29154053916533e-06,0.00142691606054652,0.0069148111454825,1.90784467044196e-05,1.75806586798974e-05,5.48345147272683e-11,7.74807753308322e-06,3.37631891697646e-05,-1590.5460122302,0.146178877584802,0.104496728556918,0.94,0.539774244940307
"constant",800,"montoril",133,40.242,243.644807538379,1101.1351007045,132.649624960781,759.875024242087,286.670193406813,27.1857637861626,3035.74155546796,299.819922655872,6.05449052080858,27.3628323817031,3.29629802099253,18.8826356603073,7.12365671206236,75.4371441645038,0.00362478857333584,0.003423096501844,1.80360787692037e-06,0.00138738627358998,0.00632275614609483,1.80877841824192e-05,1.67885711994916e-05,4.39029365374744e-11,7.62059794571975e-06,3.1536924865355e-05,-1588.30621319008,0.145480934366922,0.102380670007397,0.9525,0.521259192405865
"constant",800,"montoril",134,40.36,112.718130722482,604.412556792475,97.5289661128678,1061.50162366843,265.792459389312,73.7216349399794,3033.68777528351,379.282659178791,2.79281790689995,14.9755341127967,2.41647586999177,26.300833093866,6.58554161024064,75.1657030545964,0.00348650273509874,0.00325745004903097,1.89163892186571e-06,0.00115923055385636,0.0062017345971547,1.67229858257282e-05,1.56762637929824e-05,3.33813178662763e-11,7.17107328405369e-06,2.81941295403565e-05,-1588.22399262077,0.148855951437224,0.100383908728181,0.9475,0.514718302697035
"constant",800,"montoril",135,40.032,258.593615355233,1132.61058964214,103.68165072635,622.474267829882,419.864702462563,102.670591806899,6432.12088837769,827.232377604231,6.45967264576421,28.2926306365443,2.58996929272456,15.5494171620174,10.4882269799801,160.674482623343,0.00527485956478634,0.00497957328657252,4.02997597739254e-06,0.00171811814305615,0.00909457697504323,1.78812815136833e-05,1.65272761165038e-05,4.59238491441409e-11,7.32811692542035e-06,3.12906550384655e-05,-1589.51197743356,0.120927760418333,0.0860948782993123,0.96625,0.56480903589945
"constant",800,"montoril",136,40.152,176.824167438494,792.383426048085,91.460922990761,645.319747976765,354.701850729123,76.9602709753321,4708.7942484053,597.135319652255,4.403869481931,19.7345941932677,2.27786717948697,16.0719204018919,8.83397715503892,117.274214196187,0.00464510490497242,0.00445944006272208,2.93956458612657e-06,0.00174974339622189,0.00798166838900994,1.81346705167235e-05,1.68492141002746e-05,4.6798435427946e-11,7.35820081130494e-06,3.17879382017593e-05,-1609.62144986937,0.150123286252372,0.10697377700307,0.96,0.559677646392055
"constant",800,"montoril",137,40.276,144.094131426459,730.246053452061,97.0247681278532,886.892774257543,313.204659191918,28.257097635987,3810.79007382808,269.501025516442,3.57766738073441,18.131047111234,2.4089971230473,22.0203787431111,7.77645891329621,94.6168952683504,0.00405506759557244,0.00377301913159883,2.67893349474967e-06,0.00121780229928076,0.00729507707713053,1.71897820291904e-05,1.60278547321833e-05,3.90785766712966e-11,7.18575486313554e-06,2.94857920556964e-05,-1570.8720805323,0.137872250387201,0.0940486108026139,0.94875,0.54101522040639
"constant",800,"montoril",138,41.246,261.738118813824,1131.52204563107,122.462187936479,883.208184869964,384.890493536639,43.5561203055183,5492.83534913375,797.323669981608,6.34578186524327,27.4334976878017,2.96906822325749,21.4131839419571,9.33158351201666,133.17255853013,0.0050605080906816,0.00470865194502502,4.11837722580553e-06,0.00164415083545793,0.00922328715769753,1.72304447589126e-05,1.60990324366342e-05,3.83978061486514e-11,7.36774464657825e-06,2.95884662309633e-05,-1597.83961286022,0.147044391066423,0.10596501177855,0.94375,0.556561625020204
"constant",800,"montoril",139,40.246,286.178716185846,1189.74664333838,153.730938486099,781.856668536239,292.401939241851,37.3538413835981,3519.59188084234,349.335340180716,7.11073687287796,29.5618606405202,3.81978180405751,19.4269410260955,7.26536647721142,87.4519674214168,0.00378553272469612,0.00358966431660387,1.94712186643598e-06,0.00144402750206431,0.00654545069583727,1.64890194739563e-05,1.52545691863377e-05,3.6689560859797e-11,6.98241420159049e-06,2.86004174095854e-05,-1620.34544585273,0.178763816543621,0.128846005328514,0.90625,0.522880276113681
"constant",800,"montoril",13,41.286,267.322203711388,1213.31401764375,130.536817125763,659.473591543916,372.074449468565,93.1865802508926,4988.53294367573,867.626461136481,6.47488746091625,29.388025423721,3.16176953751303,15.9732982498647,9.01212152953943,120.828681482239,0.00469109923733243,0.00445455823675463,2.93583731369195e-06,0.00174774391947552,0.00812897832957148,1.91075101730266e-05,1.7657493633724e-05,5.66334243921039e-11,7.6670658186158e-06,3.43232829970602e-05,-1574.00193112845,0.130954240833665,0.0943136995712048,0.965,0.551513017921271
"constant",800,"montoril",140,39.898,247.992596996448,1035.65657144955,110.027554236309,1003.16103539123,310.825049223055,52.1606539988746,3826.44180970752,493.15270936438,6.21566487033054,25.9576061820029,2.75772104457139,25.1431408940605,7.79049198513848,95.9056045342505,0.00400847443380746,0.00383596917989481,1.97708584460441e-06,0.0015822352004869,0.00686320717460619,1.77087695241565e-05,1.65180783387872e-05,4.03512563085692e-11,7.45161615721654e-06,2.9958085759314e-05,-1582.68295010765,0.144932238165519,0.104212274259743,0.955,0.540036136176666
"constant",800,"montoril",141,40.157,179.866038878128,752.813769562142,120.021830958364,825.34615973636,279.53609811369,70.7518926715462,3298.39777517983,498.981219602136,4.4790706197706,18.746763193519,2.98881467635441,20.5529835330418,6.9610802130062,82.137554478169,0.00350589251470201,0.00328503208625793,1.69447786333015e-06,0.0013315565831773,0.00609023392909865,1.62697004880828e-05,1.51761599648781e-05,3.28869677408437e-11,7.31832753387164e-06,2.76909683790734e-05,-1597.95708416806,0.151037048625187,0.112978521446571,0.9275,0.518286452917687
"constant",800,"montoril",142,40.22,179.799852655592,672.684184033908,98.6806038430093,721.803924100358,255.752138175498,53.8895686541296,2595.18839755034,338.910402603313,4.47040906652391,16.725116460316,2.45352073204896,17.9463929413316,6.35882988999248,64.5248234100034,0.00326508202477299,0.00306017639124731,1.51653491698955e-06,0.00121387075422198,0.00579575264404284,1.6817428089226e-05,1.57932724510265e-05,3.43737385439353e-11,7.51773951227316e-06,2.84218111643459e-05,-1600.40388923433,0.147261802635679,0.104879225490559,0.94,0.511844093688307
"constant",800,"montoril",143,39.991,93.1978560881342,294.691662913285,161.374072036221,808.898990508228,213.077320146046,24.1205680772971,2081.51530329848,232.413984621034,2.33047075812393,7.36894958648909,4.03525973434576,20.2270258435205,5.32813183331364,52.0495937410537,0.00284405976988679,0.00269041066151353,1.08514651743113e-06,0.00108756318383772,0.00492500965959208,1.57644458657054e-05,1.47129941110904e-05,2.8713656185438e-11,7.26942416620058e-06,2.68867112041394e-05,-1582.69699963159,0.16699575266057,0.125432870349448,0.9175,0.500887518705252
"constant",800,"montoril",144,40.396,303.066210347287,1105.86402855422,100.525019381173,692.962823205779,411.433367515091,101.748130373402,5993.13370931572,880.19617121136,7.50238168004968,27.3755824476241,2.48848943908241,17.1542435688132,10.1850026615282,148.359582862554,0.00515193541037516,0.00486605289390845,3.56736053992122e-06,0.00190007987173805,0.00885888226440361,1.92868565698637e-05,1.79017238390571e-05,5.29030059254935e-11,7.87144743020432e-06,3.35651993955233e-05,-1597.99211319684,0.143657803067061,0.0950261417603288,0.965,0.557959778231594
"constant",800,"montoril",145,40.306,132.349672310508,597.422919185395,93.0370227579498,701.729612940511,262.349610899566,44.141875651503,3099.39641798634,448.083028990452,3.28362209870759,14.8221832775615,2.30826732392075,17.4100534148889,6.50894682924542,76.8966510689807,0.0035369622890956,0.00322643223947971,2.37255656673795e-06,0.00135082705775734,0.00672247636797376,1.59911246103549e-05,1.49001956004194e-05,3.29162139840041e-11,7.05744731082342e-06,2.74539983314742e-05,-1586.08365797022,0.152820567779743,0.107704976076319,0.93875,0.52588879333785
"constant",800,"montoril",146,40.14,179.977309302498,620.805089454179,122.948867516383,760.77145316947,331.884414816709,58.7014244893774,3675.2544088771,480.9154131649,4.48373964380911,15.4659962494813,3.06300118376639,18.9529510007342,8.26817176922543,91.5608970821401,0.00424042279948218,0.00405672597534138,2.5162551380704e-06,0.00146166149785126,0.00737686187985658,1.82494226282127e-05,1.69091765887211e-05,4.71895849212045e-11,7.55317233354489e-06,3.16599254074222e-05,-1558.4733625127,0.171672471924907,0.124816621958527,0.90875,0.542748130090284
"constant",800,"montoril",147,40.313,115.464467341065,596.798931382883,123.293218597004,837.575076860942,230.964066842033,11.8641749751818,2114.96427408169,430.38839077525,2.86419932381775,14.8041309598116,3.05839849668852,20.7767984734686,5.72927013226585,52.4635793436779,0.00303330877982264,0.00285036249980718,1.3856109382531e-06,0.00114069103355338,0.00535391455861935,1.7289022011314e-05,1.62555892012472e-05,3.4732489752764e-11,7.75174151099513e-06,2.90503461691455e-05,-1602.31828266297,0.153897716514192,0.112788775861341,0.93875,0.509042526878035
"constant",800,"montoril",148,40.785,193.244377783517,879.928335984593,102.94484242059,783.293712577499,312.084269574439,50.2216086032752,4098.31865856926,639.011847521309,4.73812376568634,21.5748028928428,2.52408587521369,19.2054361303788,7.65193746657935,100.485930086288,0.00440480427634,0.00415642352136869,3.03339805720745e-06,0.00139814277835994,0.00774310085995459,1.84995453945631e-05,1.70507490938379e-05,4.99764757611776e-11,7.578474669565e-06,3.26588641046104e-05,-1577.98228541026,0.136535329110731,0.0906314877520952,0.9625,0.54819968372699
"constant",800,"montoril",149,40.594,301.019478807067,1282.30605939984,114.267237352419,953.071128489796,443.912542112113,105.924088344852,7167.02854411274,965.094839956229,7.41536874432346,31.588561348964,2.81487996631076,23.4781280112774,10.9354225282582,176.553888360663,0.00525597094841146,0.00499554012116572,3.40085150401922e-06,0.00209160048896762,0.00894123352649049,1.76889263645136e-05,1.63384060127593e-05,4.47924671853437e-11,7.46853303618647e-06,3.08731525630519e-05,-1607.91419976821,0.136811366973108,0.0958161230218893,0.95375,0.559058675259781
"constant",800,"montoril",14,41.491,176.701175726705,655.449660920678,133.075348166184,841.861281457078,361.225321007334,64.5268273806315,5092.33118186615,447.532265782511,4.25878324761286,15.7973936738251,3.20733046121289,20.2902142984521,8.70611267521472,122.733392346922,0.00475632125897427,0.0045260755817166,3.39820648215502e-06,0.00160385396203353,0.00829288267162719,1.84613087208078e-05,1.69742814986826e-05,5.2227005769326e-11,7.54796634654854e-06,3.29123502225674e-05,-1596.30380826195,0.18876277301756,0.139008702309109,0.895,0.563818477841103
"constant",800,"montoril",150,40.199,324.840684292718,1721.56693180133,132.198085524264,879.031218858875,576.27491568696,135.34187731976,13648.035582302,1351.70935549638,8.0808150524321,42.826113380963,3.28859139591194,21.8669921853498,14.3355535134446,339.511818261697,0.00745966540336403,0.00719237937429656,6.15332346291288e-06,0.00298719427684038,0.0123545163807855,1.86343360823324e-05,1.7212026381635e-05,5.17920209127991e-11,7.53599801590278e-06,3.31365827091922e-05,-1576.28688705893,0.138830543053235,0.10368409981781,0.975,0.616165790046498
"constant",800,"montoril",151,40.503,188.36206064403,601.444670958193,153.261919651855,1034.9121930936,274.618932373912,78.6572891968335,3090.13465223705,401.520131337615,4.65057059091994,14.8493857481716,3.78396463599869,25.5514947804754,6.78021214166636,76.2939696377318,0.00355535170889004,0.00333328153878298,1.8013179587386e-06,0.00136566537196398,0.00624298428482211,1.65339878483819e-05,1.56105704649218e-05,3.09684371767696e-11,7.52646424904551e-06,2.7494017582624e-05,-1599.30515586462,0.145022157872764,0.0955486834608007,0.94,0.52108638652812
"constant",800,"montoril",152,40.886,28.2358824565842,181.203152470999,63.474380388187,720.35188376117,241.810105215801,19.719509320075,2478.90550267904,122.236274680635,0.690600265533047,4.43191196182064,1.55247224938089,17.6185462936254,5.91425194970897,60.6296899349176,0.00309555834490667,0.00288555794421736,1.30411869429322e-06,0.00128712984277794,0.00536965762761117,1.65602505382975e-05,1.54512816531886e-05,3.66887871745008e-11,7.24185302486567e-06,2.84119174046972e-05,-1583.71530041109,0.14518442871909,0.0947087656433893,0.9425,0.5088172973454
"constant",800,"montoril",153,43.639,153.262831876642,732.66364015089,128.327461825588,748.696735872169,343.605166468063,83.7825199527204,4535.53500917946,552.479515457552,3.512061043485,16.7891940729827,2.94066000196126,17.1565969860026,7.87380935557788,103.933064671039,0.00436130147048253,0.00405821428469206,2.84859665182176e-06,0.00158188212841531,0.00777949101000557,1.6708784794958e-05,1.55588364497e-05,3.61102038294978e-11,7.48793228701594e-06,2.89221996288723e-05,-1593.37056283659,0.141396799901551,0.100333569451415,0.93,0.538952232014127
"constant",800,"montoril",154,40.077,204.641206972604,773.028052929535,109.528965361981,1101.64827908633,326.016692098279,93.4033198284374,4098.41494951293,626.877837045153,5.10620073789464,19.2885708244014,2.73296317992815,27.4882920150294,8.13475789351196,102.263516468621,0.00425926052861905,0.00400357873406639,2.9451626855618e-06,0.00149652682642994,0.00775894302241444,1.69125035811418e-05,1.57725258491764e-05,3.69871701659772e-11,7.49140814079161e-06,2.92693407899054e-05,-1574.93447241385,0.129379699220342,0.0814024229527506,0.95875,0.539469939827773
"constant",800,"montoril",155,41.01,109.22718426842,389.749666740362,113.682333799333,927.118194827029,304.816760621259,11.2779520310773,3393.51408052725,272.077003080184,2.66342804848623,9.50377143965769,2.77206373565795,22.6071249653019,7.43274227313483,82.7484535607718,0.00395649699317765,0.0037282527899589,2.05710262148617e-06,0.00147259623072677,0.00687570926060941,1.77882866410148e-05,1.66671648158272e-05,4.09119473393092e-11,7.56211171124442e-06,3.04419996977717e-05,-1591.31348826042,0.16229285084429,0.122246788631317,0.93375,0.533535697925148
"constant",800,"montoril",156,41.118,218.03463688646,1104.4064003356,116.270864512688,891.335467510948,336.137032898702,89.9106962171286,4669.22829833601,823.763794409876,5.30265666828298,26.8594386968141,2.82773638096911,21.6775005474719,8.17493635144467,113.556795037113,0.00449078276626534,0.00422662749892241,2.67953304844864e-06,0.00171335279717695,0.00770310878040798,1.72988385098324e-05,1.60617947358004e-05,4.08566726942727e-11,7.32085523547373e-06,2.99575296478483e-05,-1584.14254193479,0.128818000647889,0.0836480138739469,0.96125,0.551767853053335
"constant",800,"montoril",157,41.418,168.843093664236,595.545584466689,140.207014330135,1010.88249737982,300.996613186146,60.5716370678807,3475.86072613624,423.925622376706,4.0765631769819,14.3789073462429,3.38517104471811,24.406839957985,7.26728990260626,83.9215009449089,0.00385128684365908,0.00361453461174881,2.33580670293443e-06,0.00131272900407094,0.00700690961174849,1.66364881361124e-05,1.54933951665506e-05,3.63908584744555e-11,7.10943389651522e-06,2.88443351929803e-05,-1595.78656432873,0.157858271054589,0.107521896335328,0.94125,0.52897702225036
"constant",800,"montoril",158,40.789,140.029364454468,574.576792646976,113.64691846666,701.502288923691,253.975200542791,42.4926517611295,2871.19033388685,148.632446381695,3.43301783457472,14.0865623733599,2.78621487329085,17.1983203541075,6.22656109595213,70.3912901489826,0.00317473303337788,0.00301822939263279,1.29089683773306e-06,0.0011794878063176,0.00539886256864508,1.54091288569272e-05,1.43934499310606e-05,3.02836060058686e-11,6.77489892016332e-06,2.62696834007391e-05,-1598.71119742058,0.141203421381656,0.0910310442934885,0.94125,0.507459277236933
"constant",800,"montoril",159,40.562,130.160315020091,572.292517464575,101.51885409217,915.010596661406,263.266477043773,95.067080709063,2869.50993121908,406.571453855042,3.20892251417808,14.1090803575902,2.50280691514645,22.558320513323,6.49047081119701,70.7437979197052,0.0035228757961917,0.00324118882470751,2.19536527435463e-06,0.00118255286795831,0.00654157676163087,1.58985707564722e-05,1.4827898131378e-05,3.2073591225603e-11,6.86351193425238e-06,2.70265299581763e-05,-1602.8492411682,0.144737828090087,0.0981433358528438,0.94375,0.521911975117823
"constant",800,"montoril",15,40.689,227.505202524434,1033.78339029039,105.724848668189,850.931181233068,384.990418656369,105.258328209149,5261.49694480648,744.005966653365,5.59131958328871,25.4069500427729,2.59836439008551,20.9130522065686,9.46178128379585,129.310057873294,0.00481827624996566,0.00454954524977855,3.01218900272599e-06,0.00181264292691486,0.00841249629358084,1.82097197211817e-05,1.68372742053591e-05,4.90613264504447e-11,7.51465603345967e-06,3.22066417099789e-05,-1588.01391939379,0.134728926038023,0.0931181412240021,0.96,0.553361174843001
"constant",800,"montoril",160,40.508,196.187153719897,727.865082841295,170.919168082562,933.456838074757,244.640620233136,59.6306746974331,2665.79813282957,490.732192183313,4.84317057667366,17.968428034988,4.21939291208062,23.0437651346588,6.0393161902127,65.8091767756879,0.00304896284747025,0.00288353335100179,1.13983751096138e-06,0.00126993263583827,0.00514507492516321,1.58729415637827e-05,1.48596408341058e-05,3.0082673268681e-11,7.10698898896013e-06,2.67953236886441e-05,-1627.11870574064,0.147645047904456,0.100675256857255,0.935,0.500898904336913
"constant",800,"montoril",161,40.514,177.896371309767,841.9043309112,81.5612238749657,927.663137325447,308.771275309124,89.2203921407285,4025.88081685207,572.79705343797,4.39098512390204,20.7805778474404,2.01316147195946,22.8973475175358,7.6213475664986,99.3701144506114,0.00402620081509047,0.00370388395580287,2.751858964934e-06,0.00144682261140916,0.00737865057877083,1.65358234447809e-05,1.54280930622667e-05,3.41557625719402e-11,7.27869738427485e-06,2.83506201019875e-05,-1599.4046405448,0.143495898626653,0.0953497358818712,0.93625,0.535782311318871
"constant",800,"montoril",162,40.554,137.475777741414,695.200642900428,109.30276370455,1067.88287913081,294.474854645815,81.1020369018354,3857.28832789548,452.186226849597,3.38994372297219,17.1425911846039,2.69524001835947,26.3323686721608,7.26130232889025,95.1148672854831,0.00382226520314533,0.00364188509316996,1.77537327134329e-06,0.00152838310581219,0.00643679357462639,1.58521708576592e-05,1.48570300639689e-05,3.08602318813938e-11,7.04801242502906e-06,2.66692650947915e-05,-1594.55089393563,0.165941092817573,0.120516974697804,0.90625,0.531966908366808
"constant",800,"montoril",163,40.453,184.202347649309,801.688178355576,153.789792066151,647.529168211059,263.883986398086,21.7524090324111,3089.92542325174,449.91676509996,4.55349041231327,19.8177682336434,3.80169065498607,16.0069504909663,6.52322414649312,76.3830970076814,0.00347900142229007,0.00324491753934078,1.7570192124195e-06,0.00129680798013646,0.00608935400330021,1.62720372435475e-05,1.51333054069263e-05,3.60153421701554e-11,7.06326106520962e-06,2.80408953916396e-05,-1584.36679297251,0.140796385123729,0.100785204733719,0.94125,0.52051027794117
"constant",800,"montoril",164,40.408,258.230353089231,1145.69029476321,151.662913263953,834.207088223484,356.663740320686,89.8470806960931,4736.45425984322,867.930291227856,6.39057496261214,28.3530561958821,3.7532892809333,20.6446022625095,8.82656256980514,117.215755787052,0.0042852085771325,0.00401167810160929,2.61305980321648e-06,0.00166715736733979,0.00765806044931062,1.77194378711523e-05,1.64896749048449e-05,4.29669134529626e-11,7.39400417525476e-06,3.09668237192579e-05,-1593.78622836765,0.154050601384068,0.104995360041132,0.9525,0.537824176776425
"constant",800,"montoril",165,40.245,168.939949085898,649.205737892189,140.576148788669,714.814042058357,235.082839073413,49.5821157470315,2339.6543021004,371.452187416193,4.1977872800571,16.1313389959545,3.49300903935071,17.7615614873489,5.84129305686205,58.1352789688258,0.00300653575241473,0.00284497573006247,1.12777686386449e-06,0.0011683412388551,0.00507830710803371,1.67323896851216e-05,1.55457218384886e-05,3.76521337860606e-11,7.15027247811478e-06,2.90480960800628e-05,-1567.82105582761,0.149902428385481,0.101000775337162,0.94,0.509790673794222
"constant",800,"montoril",166,40.347,316.084686155173,2561.891407385,98.5651365825311,965.778942336323,477.06789668281,96.663250563984,8832.13634424393,1050.04514488638,7.83415585186441,63.4964534509382,2.44293594523833,23.9368216307612,11.8241231487548,218.904412824843,0.0060416556966751,0.00575911096055577,5.65399022577622e-06,0.00177449774300384,0.0106517602681144,1.73585949990992e-05,1.61271639808639e-05,4.17847983571586e-11,7.13150486289733e-06,3.00370225127507e-05,-1603.73133069387,0.155757002294891,0.115730469947246,0.955,0.581505609328988
"constant",800,"montoril",167,40.435,279.026737185913,1123.62445256412,57.9874873513736,714.849069650634,294.371267797757,9.08261048537913,3187.32428672702,443.515668869857,6.90062414210246,27.788412330014,1.43409143938107,17.6789679646503,7.28011049332898,78.8258757691856,0.00395485609932881,0.00368367604364299,2.67389963071061e-06,0.00135571459385227,0.00712767014863972,1.8387550585547e-05,1.71429554343753e-05,4.54738566863441e-11,7.64920333506002e-06,3.19730532839747e-05,-1603.40748612165,0.1378410432051,0.10009600129102,0.96,0.533616587625208
"constant",800,"montoril",168,40.025,323.074994466742,1595.53043083831,124.433239957815,772.158448887394,440.221538560637,129.087644782005,6783.87133087998,1235.50896713919,8.07182996793859,39.8633461795954,3.1088879439804,19.2919037823209,10.9986642988292,169.490851489818,0.00567501279199866,0.00549338819211084,3.58932482273125e-06,0.00220884500196034,0.00943034431874521,1.85145910049283e-05,1.70102514402474e-05,5.55998479722404e-11,7.07891722160896e-06,3.3216506722464e-05,-1604.99656482728,0.134283634362772,0.0911184857739525,0.96625,0.576198829641299
"constant",800,"montoril",169,40.318,216.27474260319,1005.71488004613,89.9225317683805,813.267854398794,445.593026741588,130.931562015958,7219.81700973299,763.764153353372,5.36422299229105,24.9445627274699,2.23033215358848,20.1713342526612,11.0519625661389,179.071804398358,0.00528142870276693,0.0050283948143071,3.55071481428258e-06,0.00201142028246119,0.00898399644274656,1.72453685738519e-05,1.61348171219542e-05,3.88315469680329e-11,7.37246073282061e-06,2.95871677231425e-05,-1627.48401313448,0.1647244175207,0.116881763229648,0.95,0.559917043151323
"constant",800,"montoril",16,43.226,348.837913844607,1651.61678317514,149.361596429683,942.343516131996,458.207436975264,75.9695302466027,8017.12342181711,1014.48021527082,8.07009470792131,38.2088738993925,3.45536474412815,21.8003867147549,10.6002738392464,185.469935266208,0.00585342913368325,0.00555241742365676,3.95609304343407e-06,0.00254385713795554,0.00976061763736956,1.83748061334522e-05,1.70435713596159e-05,4.84772770532496e-11,7.69773163007947e-06,3.23567632965411e-05,-1570.35471441892,0.125116785632878,0.0883379193652377,0.96875,0.585969695249108
"constant",800,"montoril",170,40.201,223.35704039105,807.226598032855,152.51700055997,683.800805183564,294.229055951503,89.815814262793,3191.99472193233,514.923080479043,5.55600707422826,20.0797641360378,3.79386086316186,17.0095471551345,7.31894868166222,79.4008786331765,0.00386226021170412,0.00360230768275988,2.09629610935751e-06,0.00149191845154717,0.00680865621962497,1.87368802754678e-05,1.74983080670769e-05,4.79591045177462e-11,7.55532036059678e-06,3.24623952552033e-05,-1556.62563163812,0.132730672738524,0.0914865679797544,0.955,0.535692144223624
"constant",800,"montoril",171,39.978,182.14581631691,840.274863073594,106.264963937131,825.58383926934,337.282343181094,60.9055271154652,4294.76599453374,649.630178028982,4.55615129113288,21.0184317142827,2.65808604575344,20.650954006437,8.43669876384746,107.42823539281,0.00418399837493163,0.00391831268472362,2.56280865618321e-06,0.00152370330237032,0.00736592002130062,1.67058542947892e-05,1.55568102839203e-05,3.54218338363169e-11,7.24549699752079e-06,2.8561459747856e-05,-1585.86420516426,0.148996287690006,0.105672368109168,0.9275,0.544794220706345
"constant",800,"montoril",172,40.51,108.277153886121,387.977014457116,67.1726084715371,527.620311242908,222.249227848512,55.1023365119629,2067.82487301097,290.794027159491,2.67285000953149,9.57731460027439,1.65817349966767,13.0244460933821,5.48628061832911,51.0448006174024,0.00297247925848068,0.00272203098742508,1.53702003913876e-06,0.000918192231070977,0.00541033118051623,1.7590576878324e-05,1.64958963787122e-05,3.73846822246939e-11,7.70696468316925e-06,2.96162784428598e-05,-1586.73519129973,0.13965374435059,0.090303473276938,0.945,0.509854898851274
"constant",800,"montoril",173,40.78,211.498809529935,806.86168403862,152.80099152878,859.490796907231,316.154251402547,78.0559785267186,4030.34813336352,587.849519448368,5.18633667312248,19.7857205502359,3.74695908604169,21.076282415577,7.75267904371131,98.831489292877,0.00412934076353239,0.00386939800128042,2.31635610263563e-06,0.00167312536796139,0.00720650760014025,1.75271766460693e-05,1.63107701859332e-05,4.13935844403679e-11,7.49061818374543e-06,3.02774241782832e-05,-1585.31726887973,0.129592753199026,0.0844735216123739,0.96125,0.536732956250884
"constant",800,"montoril",174,40.784,252.765777555468,1405.69183915405,148.897973001557,809.752598864228,323.148929940856,103.258959841119,4358.25380152044,782.311889886552,6.197670104832,34.4667477234711,3.65089184487929,19.8546635657176,7.92342413546627,106.861852724609,0.0042559372737404,0.0040811659290483,2.09143009956459e-06,0.00169438232790528,0.00702145603540537,1.70841810498174e-05,1.58972293067118e-05,3.73580768382245e-11,7.28716224511533e-06,2.91675738852608e-05,-1580.9772803243,0.153056365566658,0.107896891474579,0.9325,0.539789962978349
"constant",800,"montoril",175,40.501,271.132589548181,1338.72225974022,138.669769231201,973.024757168398,357.432257217417,115.908062509914,5253.84572322129,891.6247204636,6.69446654522558,33.0540544613768,3.42386037952645,24.024709443431,8.82526992462945,129.721382761445,0.00452764128342851,0.00425296105218172,2.87594654590572e-06,0.00166897191986778,0.00794777014826305,1.68009497528743e-05,1.54041281220144e-05,4.13817578692368e-11,6.99251279614091e-06,2.97457108532413e-05,-1590.62258253343,0.154634002931674,0.110506798725538,0.95125,0.544485447367429
"constant",800,"montoril",176,40.137,163.468363037083,723.855472287802,92.1623463502199,769.371610648707,301.358574825284,68.8055569673673,3064.38699935762,511.979209704383,4.0727598733608,18.034618239724,2.29619419364227,19.1686376821563,7.50824861911163,76.3481824590183,0.00403257015920984,0.00379786707565014,2.80887881961087e-06,0.00135687138737471,0.00738018492743906,1.84075359933549e-05,1.71643772602148e-05,4.33795568692955e-11,7.76353075545727e-06,3.17902124186976e-05,-1569.97825842011,0.148420729572768,0.109119876015621,0.95125,0.5458932266178
"constant",800,"montoril",177,39.868,216.354722194221,785.39820317301,187.675630331643,729.873488985833,262.242330276725,66.7442113504854,2661.25627393792,532.404432965875,5.42677641703174,19.6999649637055,4.70742526165453,18.3072511534522,6.5777648810255,66.751687416924,0.00333262772302067,0.00317862228678867,1.29821827933469e-06,0.00141539620976129,0.00570937913410246,1.75344465267737e-05,1.63657185665746e-05,4.09410333501901e-11,7.47342787966511e-06,3.00357861493127e-05,-1551.79533098315,0.152320122992974,0.104805564554412,0.94375,0.517965193448807
"constant",800,"montoril",178,41.161,200.619026042629,708.466193480965,73.5491728416499,407.584565213594,298.710954081102,28.4810225380403,3550.87172218821,339.228808502427,4.87400758102644,17.212074378197,1.78686554849615,9.90220269705774,7.25713549430533,86.2678681807587,0.00387078729473486,0.00367775105083773,2.12662863186193e-06,0.00134243054811522,0.00680750095320298,1.73150753332427e-05,1.61734285125144e-05,3.85066650899204e-11,7.22220699623155e-06,2.96294034430215e-05,-1549.998185029,0.139470699640045,0.09877770358742,0.9575,0.537614111489651
"constant",800,"montoril",179,40.398,191.983380204328,748.328772557974,92.7465661789049,855.808654802899,363.399786073494,83.1330400529322,4585.91612309044,561.946023208563,4.75229912877688,18.5239064448233,2.29582073812825,21.1844312788479,8.99548953100385,113.518395046548,0.00469597421000516,0.00430673471865394,3.69742438498359e-06,0.0017078594281783,0.00849132226984995,1.77993365173524e-05,1.65087203564333e-05,4.37776389072773e-11,7.46631903426586e-06,3.11202746690161e-05,-1605.26865085484,0.162062265576337,0.112383169396039,0.94,0.552270196082985
"constant",800,"montoril",17,40.244,119.015299362573,514.663157462286,104.691546791249,590.529614480392,217.920743775362,54.272943959102,2021.17211431526,352.853721645109,2.95734269363315,12.7885686676843,2.60142000773404,14.6737306053174,5.41498717263099,50.222942906154,0.00298254821102341,0.00277965350464762,1.39727589795323e-06,0.00106573352017465,0.00527060358831041,1.74366475702492e-05,1.6202468889829e-05,4.09408268411219e-11,7.58686850365129e-06,3.01592542619576e-05,-1577.40335803678,0.134775786864813,0.0912182148638449,0.94875,0.505358914651857
"constant",800,"montoril",180,40.095,156.403786925139,460.94191739131,147.891632086972,544.53227571791,287.268180946338,78.5800003497797,3113.2583711618,357.351842682621,3.90083020140014,11.496244354441,3.68853054213673,13.5810518946978,7.16468838873521,77.6470475411349,0.00358170458602053,0.00334628383519591,1.8407103889003e-06,0.00135477948757929,0.00630462227561871,1.70964470218837e-05,1.59006830293318e-05,3.91003116125719e-11,7.27278993735976e-06,2.97005854418751e-05,-1571.2508940335,0.146235061248604,0.1009138733503,0.935,0.520744558653635
"constant",800,"montoril",181,40.012,133.933572662518,847.286290017943,86.8546154039048,983.470003357346,279.668007449037,76.6196957502294,3379.59958929421,516.915579448746,3.34733511602813,21.1758045090959,2.17071417084637,24.5793762710523,6.98960330523435,84.4646503372542,0.0037816525048672,0.00349451591088986,2.29904399430288e-06,0.00139520921654003,0.00682428915026929,1.6288675730174e-05,1.52031554722731e-05,3.26479551369069e-11,7.28317772884061e-06,2.78602249038096e-05,-1576.13257880225,0.164120484555389,0.123874836976977,0.90125,0.528691198892682
"constant",800,"montoril",182,40.534,133.759470489482,467.47243392011,221.811154874637,948.830549826282,188.74430849254,20.9842002809321,1622.35936062019,218.503205365485,3.2999326612099,11.5328473360663,5.4722246724882,23.4082634288815,4.65644418247742,40.024654872951,0.00244999600934413,0.00233064500988011,6.85228720797552e-07,0.00108430754955538,0.00406839047370526,1.53809204551633e-05,1.45499777306528e-05,2.5157372042672e-11,7.10074932989276e-06,2.52067308187176e-05,-1559.68595775193,0.166501819356026,0.122689268867613,0.92,0.501019526888204
"constant",800,"montoril",183,40.255,99.3753487835372,535.050166794294,107.188260914402,846.36492447326,230.505770084518,18.3823439412647,2308.27873199628,353.175428070288,2.46864610069649,13.291520725234,2.66273160885362,21.0250881747177,5.72614010891859,57.3414167680109,0.00310307266055303,0.00286239447746924,1.42884151040489e-06,0.00120938524915003,0.00559404095673711,1.79038369201953e-05,1.68190335110261e-05,3.77356084236019e-11,8.13756056465422e-06,3.01881386157085e-05,-1586.75027969513,0.14622021880025,0.0987028245534675,0.94875,0.508333265170289
"constant",800,"montoril",184,40.383,244.322102325508,1032.64362452621,117.156383182761,629.605125687125,371.826320328011,58.3602878653959,4605.39937686143,696.891297272231,6.05012263391794,25.5712459333436,2.90113124787065,15.5908457937034,9.20749623178098,114.043022481277,0.00463014336196322,0.00442867651588632,2.66357664292952e-06,0.0017916108332386,0.00786279052513371,1.94153260970029e-05,1.78641505839423e-05,5.56992312318553e-11,7.98979581748284e-06,3.49311818713987e-05,-1584.53040755513,0.148220261274393,0.105020334313503,0.95375,0.55050223240182
"constant",800,"montoril",185,40.35,178.074569271293,787.839565743317,139.489628934044,837.690938440721,241.862970956931,40.4312939663479,2542.88412503299,247.543641793099,4.4132483090779,19.5251441324242,3.45699204297507,20.7606180530538,5.99412567427339,63.0206722436924,0.0032063377710416,0.00305907810611411,1.29746131458564e-06,0.00119923978413078,0.00532528469546017,1.69750836179147e-05,1.59585758138429e-05,3.52316862382785e-11,7.38475370712735e-06,2.86839516126858e-05,-1599.37225608127,0.143054627074213,0.102226535647741,0.945,0.51033701149985
"constant",800,"montoril",186,40.292,140.672324181693,569.485289304569,110.775081919279,533.7610305714,293.40944767534,85.0088835967057,3315.24898850653,414.849780226972,3.49132145789965,14.1339543657443,2.74930710610739,13.2473203259059,7.28207702956766,82.2805765041828,0.0037864210803626,0.00357370693758821,1.96343758910405e-06,0.00146324959041352,0.00655318159626281,1.74399082667403e-05,1.61300995025273e-05,4.27893471630936e-11,7.428245366809e-06,3.03906924536115e-05,-1581.35507597748,0.142958960021482,0.0941757976788229,0.945,0.529217409300944
"constant",800,"montoril",187,40.145,213.826942699604,870.216077014422,119.635446396158,871.621411644358,296.582801422093,77.9064668399792,3225.63589347302,582.997921821247,5.32636549257951,21.6768234403892,2.98008335773216,21.7118299076936,7.38778929934222,80.3496299283354,0.00374985962851617,0.00343659028754729,2.39992364244981e-06,0.00132928863674635,0.00674687571113113,1.678713948857e-05,1.57747503067565e-05,3.53951151637223e-11,7.24415773961758e-06,2.84238065113074e-05,-1620.19735139047,0.144479832030796,0.105474656433026,0.9525,0.528020436124732
"constant",800,"montoril",188,40.668,207.315413592026,1016.414892898,91.2420455906739,622.452834022447,339.312500443001,30.2430044065341,3943.83044391402,547.140058547191,5.09775286692302,24.9929893994788,2.24358329867891,15.3057154033256,8.34347645428841,96.9762575959975,0.00443590398980119,0.00415640349530102,3.06707275685084e-06,0.00162475955931135,0.00783074155940686,1.95748984062065e-05,1.80982486216626e-05,5.66760110419913e-11,7.76168226473911e-06,3.45747348608366e-05,-1565.25206513462,0.151946831507602,0.108033877960464,0.94875,0.557145432387261
"constant",800,"montoril",189,40.753,299.312502512243,1057.95775732596,106.621750234891,882.266940000463,258.917000207741,60.1259803341466,2747.74346346877,451.33283928176,7.3445513830207,25.9602423705239,2.61629205788263,21.6491286531167,6.35332368678971,67.4243236931948,0.00324117270369264,0.00302271099171845,1.41385969121917e-06,0.00129194833379167,0.00562692959178612,1.66131188202473e-05,1.55671248841951e-05,3.3593893363719e-11,7.41361983727675e-06,2.80335126234649e-05,-1596.18018502844,0.138061825475351,0.09480316617956,0.9475,0.51189912452545
"constant",800,"montoril",18,40.052,231.689777152866,1148.26812699401,107.187154241372,869.04277450256,323.133471588499,87.0775873257067,3638.470667021,526.899258908804,5.78472428724824,28.6694329120646,2.67619979629912,21.6978621417797,8.06784858654996,90.8436699046489,0.00371524033701903,0.00349940802330682,2.19472896067928e-06,0.00134687161393057,0.00650653608664136,1.67661333429841e-05,1.54747704629155e-05,3.94728748316121e-11,7.09047749334139e-06,2.92815206072235e-05,-1583.24104385453,0.148151290139746,0.0980420964104337,0.93375,0.516983827253249
"constant",800,"montoril",190,40.328,186.920731537378,790.244976520296,147.862746492216,978.039585144648,293.748026759078,15.5409728417499,3460.38077438003,395.014733422859,4.63501119662215,19.5954417903267,3.66650333495873,24.2521222263601,7.28397209777518,85.8059108902011,0.00346959605559915,0.003240809413425,1.4924687644291e-06,0.00152057769573055,0.00596510552524672,1.61297781630965e-05,1.50916299380501e-05,3.23735159509251e-11,7.25654073257123e-06,2.72975748707897e-05,-1572.86229803056,0.149165538633506,0.0999350655034413,0.94,0.514701344701733
"constant",800,"montoril",191,40.294,240.796725796345,1709.76240409244,149.939008069198,726.991364698859,407.047854381364,100.308045460414,6662.73839454278,1123.27081821329,5.97599458471101,42.4321835531951,3.72112493346894,18.0421741375604,10.101947048726,165.353114472199,0.00513661190564846,0.0048851036531972,3.40888421759577e-06,0.00200593092939987,0.00884258013999079,1.77332005081783e-05,1.63677169206037e-05,4.45914163383489e-11,7.41927485627168e-06,3.12311821099842e-05,-1584.52362720188,0.130948451843212,0.0925952538836224,0.96,0.55858978050918
"constant",800,"montoril",192,39.783,124.101841801911,546.311312719976,80.4079109871975,856.806253495273,249.557398200838,47.608098755,2685.83292974428,319.144674905303,3.11946916526937,13.7322804393831,2.02116258168558,21.5369945327218,6.27296579445586,67.512076257303,0.00327420798977174,0.00306779302533754,1.4877929249196e-06,0.00131473530808984,0.00572819461236885,1.74023324146471e-05,1.60994535838807e-05,4.30540314189657e-11,7.44505142611508e-06,3.02119593108965e-05,-1576.53948134195,0.162119683804752,0.104149730005633,0.92625,0.512779758691339
"constant",800,"montoril",193,40.842,144.183449400201,724.190756389149,107.427745066318,865.692495858072,233.559640434514,39.146169280169,2484.47584574876,345.83834881745,3.53027396797906,17.7315204051993,2.63032527952397,21.1961337803749,5.71861418232492,60.8313952732177,0.00312503352007648,0.0029117070906232,1.46418582103935e-06,0.00118753707865977,0.00556085655755076,1.63446577097363e-05,1.52388455514009e-05,3.34196370299767e-11,7.44516412732806e-06,2.81585387783663e-05,-1543.89776126273,0.149527692774461,0.104877719522976,0.92,0.508607542818286
"constant",800,"montoril",194,40.8,179.170980472682,735.543359272279,121.844103704092,874.466677717856,361.250648122195,72.5347142510871,4888.77688729767,566.397810067918,4.39144559982065,18.0280235115755,2.98637509078658,21.4330068068102,8.85418255201459,119.822962923962,0.00460783842881192,0.00429370922291258,3.19889704258706e-06,0.00173869037417809,0.00833574201545165,1.72164025119829e-05,1.59518227007639e-05,4.04203185218855e-11,7.27005322927074e-06,2.97949728506804e-05,-1560.89673562479,0.144899423324378,0.100353285008096,0.9475,0.555480080625809
"constant",800,"montoril",195,41.389,246.998611103154,1185.32721011693,124.42451935163,771.609180591771,546.985690738789,166.61671058327,10365.8907082241,904.764854509307,5.96773565689324,28.6387013485935,3.00622192736307,18.6428563287775,13.2157261769743,250.450378318492,0.00693398080881436,0.00662531657456373,6.45498668186129e-06,0.00274797289783601,0.0124133728816428,1.91783514651429e-05,1.7677046138544e-05,5.57005309768325e-11,7.46726707924395e-06,3.39763619520783e-05,-1577.05610890972,0.164926041612715,0.122662398097937,0.965,0.599048536061981
"constant",800,"montoril",196,40.123,112.246580031429,438.992172639884,119.817317504614,674.339980562315,243.475788122131,46.9795423755353,2379.59951790151,306.847968947833,2.79756199764297,10.9411602482338,2.98625021819441,16.8068185470258,6.06823488079483,59.3076170251854,0.00314232638545525,0.00297360284535598,1.3811403291521e-06,0.00112370207515691,0.0054066393628227,1.61318330770774e-05,1.49842181101632e-05,3.42479158000401e-11,6.82171678507694e-06,2.76231897990444e-05,-1579.79231441091,0.147082165385671,0.10207093224869,0.93875,0.509415685019169
"constant",800,"montoril",197,40.651,206.904113143378,835.193653193281,135.029924659231,866.332326952248,368.349304530794,82.2389923673715,5190.02854516506,581.762124330288,5.08976687273075,20.5454639047817,3.32168764997739,21.3114640956495,9.06126059705283,127.672838187623,0.00494545686517705,0.00460708666050608,3.83359261911783e-06,0.00176359583512572,0.00904000260288925,1.76136798322758e-05,1.63799796890127e-05,4.18547330131999e-11,7.47714626063743e-06,3.06764452036023e-05,-1583.73889780981,0.157052406391801,0.113769889692697,0.9525,0.560507350628463
"constant",800,"montoril",198,40.694,190.151512809505,732.938832732843,160.838239205474,776.052343014286,316.844922336235,61.999608986024,3668.81887189241,522.354095432802,4.67271619426709,18.0109803099435,3.95238214983717,19.0704365020466,7.78603534516721,90.1562606746058,0.00396850553900329,0.00376162064353465,2.24337394912777e-06,0.00150670045248644,0.00688616551034866,1.69661430559917e-05,1.56955975243979e-05,4.12797513331504e-11,7.16988153657593e-06,2.95648650544618e-05,-1570.7233503999,0.137578254593313,0.0946260653840581,0.95875,0.526897123670793
"constant",800,"montoril",199,40.999,205.410960264987,617.402650403202,119.525417347693,651.875987981815,352.103804674933,75.6176896920811,4289.58464875615,473.313490464199,5.0101456197709,15.0589685212615,2.91532518714342,15.8998021410721,8.58810714102619,104.626567690825,0.00446372381531338,0.00418790270391508,2.89270332076619e-06,0.00158516944247196,0.00793662999931998,1.75627668325375e-05,1.62096367276848e-05,4.64066243896546e-11,7.31951971298703e-06,3.13338218002518e-05,-1590.17586257363,0.155231724898274,0.111203231798135,0.93375,0.54713974762372
"constant",800,"montoril",19,40.471,301.797019844014,1198.88235903772,125.839362461068,952.62448412154,396.264572705283,87.8820523786857,5711.75633584395,923.893886525383,7.45711793244581,29.6232452629715,3.1093712154646,23.5384468908982,9.79132150688846,141.132078175581,0.00496587375482145,0.00470464511649714,3.68179471080073e-06,0.00159470652104279,0.00859891022840418,1.78825187526944e-05,1.66559664108978e-05,4.44620960981532e-11,7.3080478708948e-06,3.09256328351265e-05,-1572.22886664026,0.143672237958681,0.0978044217633868,0.96375,0.56247802417492
"constant",800,"montoril",1,40.055,277.188350832046,1354.44104421133,138.0899042271,1109.57294840132,379.415794366187,84.5606495615229,5390.95416109851,875.467155366398,6.92019350473214,33.8145311249863,3.44750728316315,27.7012345125782,9.47237034992354,134.588794435114,0.00477093876430344,0.00448604778204469,3.19794806537269e-06,0.00178565598957633,0.00831585170132502,1.64957708664594e-05,1.54706051695149e-05,3.49989163432325e-11,7.17079888948128e-06,2.79916044726465e-05,-1598.27031944337,0.149034370224478,0.101197461623187,0.95625,0.549940211477776
"constant",800,"montoril",200,40.254,281.311342991709,1181.06998143576,94.5713440024994,679.662260285119,301.505982360374,69.3511323022486,3370.07268082629,803.84255790829,6.98840718914168,29.3404377561426,2.3493651314776,16.8843409421453,7.49008750336299,83.7201937900903,0.00407001214291927,0.00375627287783996,3.2647777486462e-06,0.00126761045466463,0.00762738662632051,1.72402958185627e-05,1.60129355341621e-05,4.02977556579701e-11,7.32001724560484e-06,2.99492600724613e-05,-1590.9443017981,0.150920931320748,0.107563290762494,0.94,0.53683324218579
"constant",800,"montoril",20,39.877,147.678223426759,678.965465032854,117.523211814984,957.092960988464,330.417992719605,75.357220490664,4699.64800816129,525.153922186231,3.70334336652102,17.0264930920795,2.94714275935964,24.0011274917487,8.28592904981832,117.853600024106,0.00413852556839015,0.00388187643188225,2.3310761329212e-06,0.00157926957805339,0.0073624981634392,1.61359116066262e-05,1.50259638895208e-05,3.3202573240992e-11,6.97637227193388e-06,2.7776553573302e-05,-1604.29648983488,0.145629238329125,0.0973063422207722,0.95375,0.534793209481268
"constant",800,"montoril",21,40.564,163.150239327905,584.057639979556,106.466513393375,783.152824118684,242.597295333228,16.678164085478,2278.54278935855,124.492024064564,4.02204514663014,14.3984232319189,2.62465519656285,19.3065975771296,5.98060584097299,56.1715508667426,0.00313471226896718,0.00294156077263,1.47615529042162e-06,0.0012018371400071,0.00541933415784862,1.77957481900825e-05,1.65558485774799e-05,4.18710713228233e-11,7.64481569658631e-06,3.02597423946912e-05,-1563.37341175126,0.139668216005165,0.0997962319563359,0.95,0.507488770813777
"constant",800,"montoril",22,41.175,221.911452117837,1179.35963695803,103.863027721581,1016.9995476014,347.480367758029,93.9166301716687,4494.98354954704,839.69915569878,5.38947060395475,28.6426141337711,2.52247790459213,24.699442564697,8.43911032806384,109.167785052751,0.00441639309322056,0.00414448469691955,2.81253297570568e-06,0.00152514248662204,0.0077805986750227,1.74530926408588e-05,1.62739152153761e-05,3.99095391121344e-11,7.66394396879768e-06,2.99021303383364e-05,-1633.74537817313,0.158404673453591,0.104225080930102,0.93,0.542027699511202
"constant",800,"montoril",23,40.49,130.744698108684,823.828896418076,122.945888488712,887.146168318449,293.288670107184,28.3580400280164,3316.6793520542,114.818522327364,3.22906144995516,20.3464780542869,3.03645069125,21.9102536013447,7.24348407278795,81.91354290082,0.00352015691460844,0.00329244721136821,1.77644507221075e-06,0.00136786669395736,0.00624234393487751,1.60828746661791e-05,1.50416280567055e-05,3.06165472307975e-11,7.16752426822139e-06,2.71588473667718e-05,-1592.50621784539,0.14569002823019,0.0979789561486635,0.945,0.518290013966552
"constant",800,"montoril",24,40.827,135.274226198404,658.604573267406,165.247088067028,813.238350881096,279.838338964678,67.0782163057593,3028.64660662484,458.052974832072,3.31335210028668,16.1315936333163,4.04749523763755,19.9191307438973,6.85424691906527,74.182443153424,0.00368654818077001,0.00344183321467055,1.90951115042032e-06,0.00148893700970135,0.00639431103181052,1.8158961872687e-05,1.68799189677546e-05,4.55774278849535e-11,7.73824889693456e-06,3.12688553600866e-05,-1556.66450570382,0.128250535108472,0.0866658850577841,0.96,0.525605767581194
"constant",800,"montoril",25,40.838,162.341051902129,749.859029480986,25.8914192630893,742.778014995999,293.312419958272,85.1648166994604,3389.52987952776,446.500721009996,3.97524491655148,18.3617961085505,0.634003116290937,18.1884033252363,7.18234046619012,82.9994093620589,0.00394149878343525,0.00371038424346564,1.99713753347329e-06,0.00157052231466092,0.00673595119309591,1.87584539588578e-05,1.72476183329495e-05,5.48814885615572e-11,7.46666269734112e-06,3.36009649481177e-05,-1552.68469077056,0.149172575740876,0.112464514924448,0.95125,0.535692752038091
"constant",800,"montoril",26,40.54,152.448895918303,563.403314670862,215.309455011442,1039.30444445869,219.277090013738,58.089953126484,1973.29797321541,316.815366046281,3.76045623873466,13.8974670614421,5.31103737078051,25.6365181168892,5.40890700576563,48.6753323437446,0.0027952046263252,0.00261156194866445,1.00254613055143e-06,0.00116580507316496,0.00477926001206038,1.6546818679128e-05,1.56046078798482e-05,3.00827314436308e-11,7.59647592303623e-06,2.76311093602944e-05,-1590.11842281524,0.151932165232726,0.100292067700416,0.9325,0.497325091280467
"constant",800,"montoril",27,40.52,128.165008107575,757.482878903976,82.1183956433586,635.90729344283,247.71739175784,48.2831691733036,2559.32674210378,396.359218886252,3.16300612308922,18.6940493312926,2.02661391025071,15.6936646950353,6.11345981633365,63.1620617498466,0.0032687349027262,0.0031105495960135,1.41673252988512e-06,0.00115824606559501,0.00561625685523308,1.67964658872541e-05,1.56180556889457e-05,3.72741406925162e-11,7.11303819259709e-06,2.86374233654806e-05,-1579.13519246133,0.157825227986585,0.105545147013721,0.9225,0.520491992852926
"constant",800,"montoril",28,40.633,56.0454725198585,232.73810198544,125.732074441076,906.922095690711,199.575130344012,30.8331307035182,1955.40917776173,150.848890812935,1.37930924420689,5.72780995706545,3.09433402508,22.3198409098691,4.91165137558173,48.12367232943,0.00270229912389108,0.00253684845673941,1.00086481452677e-06,0.0010730907174456,0.00464462437682068,1.62561581999847e-05,1.52929878856303e-05,3.04147162311325e-11,7.23379042138514e-06,2.72752643498643e-05,-1581.72715548878,0.145942869605825,0.0953329000511622,0.93,0.497624280185297
"constant",800,"montoril",29,40.996,147.527111697432,870.452961972911,74.3497724371552,762.000163795712,432.228455790084,96.3566917072314,6980.10687871197,534.34874163726,3.59857331684633,21.232631524366,1.81358601905442,18.5871832324059,10.543186061813,170.263120273001,0.00575731209750353,0.00533993985162521,5.1859196414359e-06,0.00204823861343165,0.0102077929347199,1.75304680287595e-05,1.60791451992256e-05,4.79763264322069e-11,6.82572350075425e-06,3.1015965025065e-05,-1583.48372775501,0.133720943305832,0.0928840282049113,0.95375,0.580203382882371
"constant",800,"montoril",2,41.043,167.589439538384,786.983560558811,33.4568582116994,794.041505121416,321.711763795734,77.5596960500996,3539.22595876174,516.702581382993,4.08326485730537,19.1746110313284,0.815166001795663,19.3465756675052,7.83840761629836,86.2321457681392,0.00421873434358518,0.00397931409354799,2.44637615017568e-06,0.00155099054865607,0.0073806228080979,1.82702662343669e-05,1.70559216640878e-05,4.3551951205645e-11,7.74139838992936e-06,3.13403259553521e-05,-1560.53854793117,0.145177209463329,0.107203360219412,0.9425,0.538784579733601
"constant",800,"montoril",30,41.034,247.915093334719,935.660660896856,152.083670364122,489.191259358567,253.515608878597,37.1259693901506,2451.91699290604,344.68126963021,6.04169940378025,22.8020826850138,3.70628430969738,11.9216079192515,6.17818416139291,59.7533019668089,0.00332309139072029,0.00316244607825023,1.32118363609782e-06,0.00126977064447313,0.00553650813498201,1.82955233067966e-05,1.70186488875511e-05,4.5423836960324e-11,7.71676620178591e-06,3.14945956184258e-05,-1574.21321864712,0.160582001912712,0.114755547844483,0.89625,0.518281402432963
"constant",800,"montoril",31,40.267,275.968210109996,1441.25877969221,164.1676439126,852.682232304128,560.576533326759,123.694733343365,11128.7324813214,1114.92990398095,6.85345841781102,35.7925541930667,4.07697727450766,21.1757079569903,13.9214874047423,276.373518795079,0.00701030341598965,0.0067525078819631,5.83392603307213e-06,0.00267884404991403,0.0117466741940196,1.82455418618369e-05,1.68454376547722e-05,5.21145911631997e-11,7.30584736463336e-06,3.24707113074294e-05,-1561.87896860841,0.134767413568958,0.09696103964126,0.97375,0.600108813431231
"constant",800,"montoril",32,40.456,114.563398080822,397.316783785142,112.179438157927,802.324296187662,204.125684591659,42.8859799705171,1753.51133290654,296.853688694679,2.83180240460802,9.820960643295,2.77287517693116,19.8320223499026,5.04562202372106,43.3436655355582,0.00260263641113592,0.00242362240720174,1.00560029622826e-06,0.000993827617099807,0.00461752986947413,1.65159300096227e-05,1.55700809678938e-05,3.12938873448293e-11,7.60766785745723e-06,2.75930141771162e-05,-1629.42441239197,0.152494117285597,0.109518527904207,0.89875,0.492084060114557
"constant",800,"montoril",33,40.667,186.357347307579,704.968937607747,135.94124373923,552.051858977496,260.438675373267,24.7999198581125,2841.77813540715,398.747445627114,4.58252015903751,17.3351596529802,3.34279006907885,13.5749344426069,6.40417722903747,69.8792174344592,0.00331533417009982,0.00305545617053121,1.78041856900691e-06,0.00120966344108671,0.00601337683600708,1.67355494132419e-05,1.56936075306022e-05,3.34145013857022e-11,7.52323231706163e-06,2.84873204255474e-05,-1604.36358714092,0.157836961670229,0.110387213979672,0.915,0.512959465365109
"constant",800,"montoril",34,40.321,211.571576792237,919.112039036014,95.2734969282891,1004.87231374821,354.460609221861,87.0772598128321,4982.16404186215,723.959451588763,5.2471807939346,22.7948721270805,2.36287534853523,24.9218103159199,8.79096771463656,123.562511888647,0.00460782330201692,0.00433991920243599,3.0826622663534e-06,0.00168155196100166,0.00811677298214882,1.75146317634609e-05,1.63334833326443e-05,3.93603397180572e-11,7.47778916782543e-06,3.0315135712874e-05,-1598.42556591867,0.155905687627377,0.109062261802832,0.93875,0.55640401393143
"constant",800,"montoril",35,40.086,137.939464784917,353.585338400137,195.055476862105,723.777573006689,293.098676937081,39.0215412438633,2870.47536833806,244.195576186235,3.44108827982131,8.82066902160696,4.86592518241045,18.0556197427204,7.31174666809062,71.6079271650466,0.00355719298723425,0.00337732156314594,1.51089239961112e-06,0.00141091178266349,0.00595287306839739,1.84812645257197e-05,1.72012730730746e-05,4.6648996607885e-11,7.87265555209776e-06,3.23952303068458e-05,-1546.74608121157,0.13365086151695,0.0965969694165059,0.95375,0.520939850307478
"constant",800,"montoril",36,40.69,202.293345211406,936.07201897466,164.60098203824,1108.0392129047,309.397165005946,74.7885774163579,3472.94650166812,427.018631168448,4.9715739791449,23.0049648310312,4.04524409039665,27.2312414083239,7.60376419282247,85.351351724456,0.00365070596513246,0.00347333720610735,1.53405112122587e-06,0.00152614875716118,0.00615293736375898,1.71057020391708e-05,1.59656536994344e-05,3.87249767118852e-11,7.41979831662605e-06,2.93690924538852e-05,-1565.14181727386,0.146901680957411,0.10539830736659,0.9475,0.524504065704472
"constant",800,"montoril",37,40.734,72.7160687630551,375.366918297804,110.234280028947,802.092859507034,289.907827781117,64.3861716422323,3215.29134175571,223.816602835039,1.78514432078988,9.21507630720783,2.70619826260488,19.6909917883595,7.11709696521622,78.9338474433082,0.00364084857490711,0.0034308075322203,1.92602692280594e-06,0.00132434318171343,0.00637991525527437,1.67422091806765e-05,1.54521971363548e-05,3.95309110930584e-11,7.06150823468539e-06,2.90611987807459e-05,-1588.88791046797,0.145038006107472,0.0920377276860608,0.94625,0.526308212824194
"constant",800,"montoril",38,40.269,192.651094252169,811.53762318432,85.9421474590877,828.881791352964,286.345533321772,49.3772843908347,3501.54028914319,596.11416935708,4.78410425518807,20.152912244762,2.13420118351803,20.5836199397294,7.11081808144656,86.9537433048545,0.00395099146191437,0.00373483799902362,2.22637211078888e-06,0.00147499198636504,0.00685365573004962,1.75366952102765e-05,1.62998131105562e-05,3.95016054871795e-11,7.6227822565342e-06,3.02930679240352e-05,-1559.40189400166,0.146545863245663,0.101411834213382,0.94875,0.535245880994385
"constant",800,"montoril",39,40.727,215.770871286796,855.373740987994,185.746022959928,627.495129305217,298.470866641152,63.8641200648494,3466.0111984411,420.423253769396,5.29798097789662,21.0026208900237,4.56075878311509,15.4073496526927,7.32857481869894,85.1035234228178,0.00374576121933042,0.00355885582884108,1.61223283452158e-06,0.00164952338150532,0.00628762953519217,1.76335366420051e-05,1.6379353973429e-05,4.36120799817826e-11,7.37533335123029e-06,3.05310271580253e-05,-1574.8966800151,0.135022184993709,0.0845027980495682,0.95375,0.530253326249454
"constant",800,"montoril",3,41.108,208.797607616128,922.562497318851,98.773882598498,1004.58592616366,304.029504045202,77.6526864234839,3725.48373638261,371.158038738356,5.07924510110266,22.4424077386117,2.4027897878393,24.4377232208733,7.39587194816585,90.6267329080133,0.00397032626067877,0.0037666738519815,2.17567814047052e-06,0.0014218813955895,0.00682913693804112,1.68652786617704e-05,1.58173064426781e-05,3.39808457633213e-11,7.42871477768477e-06,2.85526150088169e-05,-1564.45252542927,0.15951820672586,0.110158508783589,0.91625,0.537890327799656
"constant",800,"montoril",40,40.416,97.47184342457,458.339568134405,89.7787156306564,999.535521651634,237.010552643126,48.2379649545729,2366.330556404,309.89708814882,2.41171425733794,11.3405475092638,2.22136568761521,24.7311837304937,5.86427535241306,58.5493506632027,0.0030765486194106,0.00290451131569023,1.35277246805666e-06,0.00111497712261264,0.00531608128973047,1.60021882206781e-05,1.49958673755042e-05,3.17870511100596e-11,7.13027666790655e-06,2.7054238881381e-05,-1574.0027500954,0.141637179160928,0.0929651369387739,0.92375,0.506451589485742
"constant",800,"montoril",41,40.518,123.778490991405,914.022637023804,77.4859872122484,835.364432847699,325.937642946584,79.2855064251696,3928.1193438633,619.730701203032,3.05490130291242,22.5584342026705,1.91238430357491,20.6171191284787,8.0442678055823,96.9475132993558,0.00448783537221553,0.00422782332537191,3.25352970866668e-06,0.00140986182295469,0.00792927579656003,1.83496663241998e-05,1.70442816409042e-05,4.74035018093242e-11,7.85603271216805e-06,3.17148891976669e-05,-1583.48647248221,0.173738693034369,0.130573580948677,0.915,0.555045948961607
"constant",800,"montoril",42,40.593,210.601560507402,883.404949679379,142.21509894517,766.583685200107,311.536361044795,96.4163287937061,3918.3813690707,621.839857851055,5.18812505868998,21.7624947572088,3.5034389905937,18.8846275269161,7.67463259785666,96.5284992257459,0.00399340644567163,0.00371641086156141,2.27291608537714e-06,0.0015514781588282,0.00710826612509335,1.75875798426889e-05,1.64045995971447e-05,4.17528067604951e-11,7.43554565761782e-06,2.99977698687821e-05,-1595.5197748835,0.170048434434148,0.11076116883317,0.90125,0.535824480275386
"constant",800,"montoril",43,40.614,240.365973827446,1205.82412493931,168.16729007399,846.259320677816,361.121508660459,61.2511799090497,5386.18730017747,874.098409430336,5.91830338867007,29.6898637154505,4.14062367838652,20.8366405839813,8.89155238736542,132.618981143878,0.00467315689345866,0.00436747943594061,3.03089040204303e-06,0.00189257883273157,0.00822528461031933,1.84527929180868e-05,1.70395380532768e-05,5.05717400792041e-11,7.45036444017296e-06,3.26888167735733e-05,-1552.06808381424,0.147758073315197,0.106730897851899,0.95875,0.555578678467047
"constant",800,"montoril",44,41.053,211.735676257128,785.294042813097,143.039229827679,732.029449139413,297.353017863863,79.219899400912,3251.68802110674,581.868823554198,5.15761762251549,19.1287857845492,3.48425766272084,17.8313265568756,7.24314953508544,79.207074296805,0.00385259391742306,0.00364004058266357,2.20332953380816e-06,0.00137713048291952,0.00672279931687699,1.83443668385601e-05,1.7112455959105e-05,4.83358687139582e-11,7.44448124827093e-06,3.18619034088975e-05,-1575.99158524421,0.155117293688817,0.116987413247365,0.95375,0.534522683645098
"constant",800,"montoril",45,41.274,92.2419505117055,430.890084556766,183.849163988839,992.307162520263,295.073880425939,47.3962458588025,3436.4700421905,276.743384107247,2.23486821029475,10.4397461975279,4.45435780367396,24.0419431729482,7.14914668861606,83.2599225224232,0.00382797272919624,0.00361422056548344,1.81703989042978e-06,0.00142324334825941,0.00642111052143279,1.72088304808627e-05,1.60246241578591e-05,3.97549339347799e-11,7.19996880261149e-06,2.93733969875673e-05,-1580.56311853111,0.158763551183696,0.113916864874816,0.94,0.5334748181791
"constant",800,"montoril",46,40.997,228.092566951006,1082.94052837772,120.738914464571,710.557250924913,294.750176022102,89.7311447867164,3227.61756124782,612.752630826616,5.5636404359101,26.4151164323662,2.94506706501868,17.3319328469135,7.18955474844749,78.7281401382497,0.0037471931996204,0.00353872588265672,2.00142786279893e-06,0.00130574062537167,0.00651795017804943,1.74620724214675e-05,1.63129561731971e-05,3.85247024990359e-11,7.3549987592519e-06,3.01263090826323e-05,-1589.9508009688,0.135159979860985,0.089569112230423,0.95125,0.526105443937741
"constant",800,"montoril",47,40.4,217.265733341505,850.578586702537,114.837895315109,765.711333041483,372.901984945868,89.0251668997716,4408.09151185914,674.814722843454,5.3778646866709,21.0539254134291,2.84252216126508,18.9532508178585,9.23024715212544,109.111176036117,0.00469276352625634,0.00441643941007074,3.37205933175934e-06,0.00144413355849092,0.00830860194821842,1.89027840767356e-05,1.76086089889389e-05,4.7629837063336e-11,7.87439309073983e-06,3.27295256383129e-05,-1607.70624806751,0.151763048371585,0.101174927853944,0.96,0.553125752911993
"constant",800,"montoril",48,40.668,297.412393399307,1135.93807162629,126.828348934794,1122.99490519696,330.318754831852,84.8475748664382,4177.80410609282,890.832356517223,7.31317973343432,27.9319875977744,3.11862764175257,27.6137234483368,8.12232602615944,102.729519673769,0.00414209726275002,0.00394337353533159,2.28852541661161e-06,0.00144439639549034,0.0071560609742957,1.65020942622267e-05,1.55173488229668e-05,3.12661218965807e-11,7.26856665970611e-06,2.77328635877246e-05,-1559.97580122138,0.139039533958276,0.0895131917488373,0.95625,0.538196534495183
"constant",800,"montoril",49,40.208,103.762531842063,360.399047323188,65.5812907814345,1012.17044627272,248.362296360445,12.3726853468072,2536.22672359147,276.927637761914,2.58064394752445,8.96336667636261,1.63105080534805,25.1733596864484,6.17693733486981,63.0776642357609,0.00340815381350022,0.0032040287869618,1.61651357937206e-06,0.00125398915166672,0.0058763158541551,1.68991344688648e-05,1.58210379408724e-05,3.6580653101641e-11,7.39196565031451e-06,2.83906796755286e-05,-1607.40095076796,0.151108939696195,0.102359231680393,0.94,0.522153167226082
"constant",800,"montoril",4,40.26,273.354038860102,949.400453059364,114.126960148358,865.227314638241,348.603548634169,18.6141558631636,4577.86185256283,745.878269768566,6.78971780576507,23.5817300809579,2.83474814079379,21.4909914217149,8.6588064737747,113.707447902703,0.00440096500573195,0.0041697519701008,2.46222028210708e-06,0.00180306530246583,0.00745000430450273,1.74492945899803e-05,1.62864793700508e-05,4.13832554076692e-11,6.89479870773787e-06,2.97888670743142e-05,-1600.06280896452,0.142829677779905,0.0985032139943764,0.95,0.54272323569128
"constant",800,"montoril",50,40.131,144.761697261779,563.676394159867,98.3721518665044,840.418855122796,254.966980728504,42.2534168155422,2691.17318270183,407.506433671655,3.6072287573641,14.0459095003829,2.45127586819427,20.9418866991302,6.35336724049997,67.0597090205037,0.00333666679880926,0.0031841129361674,1.58125886899424e-06,0.001174869881019,0.00578123647988826,1.75220348303229e-05,1.63878706889046e-05,3.93919380863183e-11,7.4819797559344e-06,2.99605034922008e-05,-1569.27906312178,0.12598116878601,0.0847286468982636,0.95625,0.514601777759043
"constant",800,"montoril",51,40.421,150.262327982011,798.215168692708,101.129839518155,693.599706339111,316.357897933858,50.4629109262568,4160.38717171061,430.738541711456,3.71743222537816,19.747536396742,2.5019133499457,17.1593900779078,7.8265727699428,102.926379152189,0.00422227327154833,0.00399809693431221,2.32086533131285e-06,0.001740671330112,0.00738998581696238,1.7096854691432e-05,1.58420626525406e-05,4.1734882344442e-11,7.1840899663087e-06,2.98908007317115e-05,-1549.16459510103,0.152919422172553,0.108871454181416,0.9475,0.544805130329887
"constant",800,"montoril",52,40.006,126.240609177604,449.073157309401,145.39066004228,649.656330912983,261.761232692217,55.6751473973799,2727.55972597179,351.280507994217,3.15554189815539,11.2251451609609,3.63422136785183,16.2389724269605,6.54304935990143,68.1787663343445,0.00351975908216081,0.00326153570811089,1.96129341418012e-06,0.00137626094599665,0.00632187663248771,1.77782711350461e-05,1.65556597577222e-05,4.35282461293149e-11,7.40096438644458e-06,3.11489718804686e-05,-1571.46991307424,0.175057081492254,0.131346908881834,0.93,0.530539950465993
"constant",800,"montoril",53,40.135,303.257369694814,1264.31216847043,110.494510330581,651.187190992732,378.340098495822,83.770213526116,4712.41163209371,780.019811747067,7.55593296860131,31.501486694168,2.75307114315638,16.2249206675653,9.42668739244605,117.414018489939,0.00488205308019585,0.00465115170408863,3.34025290288979e-06,0.00166791834794417,0.00837804866226464,1.99180644160677e-05,1.84476196222305e-05,5.92227601966375e-11,7.79452058853005e-06,3.56096520582038e-05,-1615.01084137301,0.150310123621554,0.108622176262166,0.95375,0.560193598259395
"constant",800,"montoril",54,40.261,335.034418347823,1730.6214843429,170.338091787381,891.172906374091,612.518839572438,124.49113035094,16480.7513310027,1506.60600706224,8.321562264917,42.9850595947169,4.23084602437547,22.1348924858819,15.2137015864593,409.347788952155,0.00810939024410611,0.00772857027376682,8.08616048521797e-06,0.00326157130816572,0.0137779832893302,1.80973592628893e-05,1.67477000399013e-05,4.63583674027929e-11,7.25469992638574e-06,3.16181780859888e-05,-1572.61726247987,0.144732594481238,0.110196710158861,0.9775,0.630518803145055
"constant",800,"montoril",55,40.558,160.016206472988,878.324091236085,121.510766429173,722.440950445574,299.148731484654,36.2291407525316,3634.61905605818,603.895868153743,3.94536728815494,21.656001066031,2.9959753052215,17.8125388442619,7.37582552109704,89.6153423753189,0.00404696896458672,0.00384029009935101,2.57928808810212e-06,0.00140730872554831,0.00722142927067202,1.79034628270926e-05,1.6638947477865e-05,4.42556019181642e-11,7.53851502251233e-06,3.15122264871241e-05,-1610.97316685572,0.122587013363216,0.0798946545465143,0.9575,0.540513613185843
"constant",800,"montoril",56,40.355,182.38059887201,660.363246237281,113.046111832068,981.104070283325,277.503441869944,76.1007528479269,3016.17836776987,476.048654956891,4.51940525020467,16.3638519697009,2.80129133520179,24.3118342283069,6.87655660686269,74.7411316508456,0.00343613699960146,0.00319722871237143,1.64143644213056e-06,0.00134939004579661,0.00599545391888242,1.66014170202947e-05,1.55601287987316e-05,3.30563097040338e-11,7.26074882310024e-06,2.8058738965693e-05,-1606.11458326622,0.152778047553889,0.0986323063403372,0.94125,0.511327476355605
"constant",800,"montoril",57,40.368,133.116833848525,577.416480587259,194.791608866496,820.372031370495,194.499954344908,30.5526719965388,1856.25667737534,145.261622572721,3.29758308186001,14.3038168992087,4.82539657318906,20.3223352995069,4.81817167917431,45.9833699310182,0.00263639844849212,0.00246136857729866,8.72368577220972e-07,0.00117300058108969,0.00458948681974558,1.6095376120595e-05,1.5140067562543e-05,3.02429715253193e-11,7.29493111920127e-06,2.70853934496516e-05,-1591.46692014546,0.156366338829735,0.108049862750614,0.935,0.496419380189927
"constant",800,"montoril",58,40.901,110.281363778336,389.503341857915,173.55943481764,683.358474623754,239.783057977174,65.2807317838543,2768.17463986295,295.655616229847,2.69629993834712,9.52307625383036,4.24340321306667,16.7076226650633,5.86252311623613,67.6798767722783,0.00329989847961241,0.00307340083306419,1.47548836016942e-06,0.00127574118869615,0.00569412630526591,1.63077187772178e-05,1.52817362226412e-05,3.25672351172157e-11,7.00279229341862e-06,2.75305548749209e-05,-1575.86879592121,0.15535205874489,0.112582923226699,0.9275,0.517500215623156
"constant",800,"montoril",59,40.374,101.362313547526,491.893759639955,202.730360371658,775.764547918309,246.759998130017,52.6058748654941,2441.42108755072,320.453462901682,2.51058387941562,12.1834289304987,5.02130976300734,19.214458510881,6.11185411725411,60.4701314596205,0.00294982037009111,0.00280158821567488,1.05093143378638e-06,0.0012352449719173,0.00499509552860363,1.63928669939e-05,1.53392689901846e-05,3.44261250046862e-11,7.11273163403091e-06,2.76980342841943e-05,-1584.04669343772,0.153597291105967,0.100015829930478,0.91875,0.502419690359865
"constant",800,"montoril",5,40.473,162.347183876441,722.283608140085,98.5670020153909,1064.08809857609,402.341229767645,74.295273573428,6516.31087343053,542.472207026612,4.01124660579747,17.8460605376445,2.43537672066293,26.2913077502555,9.94097867140179,161.003900709869,0.00511040388646848,0.00487234998960423,3.18300076661195e-06,0.00203662249071125,0.00864940662339457,1.71493376269132e-05,1.58647483201591e-05,4.05518708435927e-11,7.23503340532732e-06,2.99573591432542e-05,-1543.09958886072,0.154512741433971,0.112595209484794,0.93375,0.567437369079603
"constant",800,"montoril",60,40.375,140.674548014698,398.998942357237,100.61712664068,1132.57122528562,232.643674124755,13.8098931473309,2378.40430406762,293.21721715904,3.48419933163339,9.88232674569008,2.4920650561159,28.0512996974767,5.76207242414254,58.9078465403746,0.00304788368379902,0.00287747640179352,1.33819428460563e-06,0.00111693662966749,0.00517336372792458,1.54972605367159e-05,1.4512719147557e-05,2.90834084891562e-11,6.87769433458379e-06,2.61985537601244e-05,-1558.77641973498,0.147725208831058,0.109497037178396,0.94125,0.5092557747261
"constant",800,"montoril",61,40.426,111.620654084552,574.720638311665,61.238886363923,947.645455189954,255.998071194335,19.8066821687036,3029.05985643498,355.302880239069,2.7611105250223,14.2166090711835,1.51483912244405,23.4414845690881,6.3325105425799,74.9285078027749,0.00328191434463464,0.00305577785079166,1.64684606867991e-06,0.0012103945959474,0.0057218200367871,1.57003525965507e-05,1.47810357441304e-05,2.80821419753943e-11,7.17702694655927e-06,2.60668547993023e-05,-1606.68766694069,0.16773854598808,0.114292563594617,0.92875,0.514757726525136
"constant",800,"montoril",62,41.183,143.162693310003,487.092132214727,173.487807699249,640.218039492588,219.253188034488,26.2905012847235,2177.54223843814,297.976087627094,3.47625703105659,11.8275048494458,4.21260733067646,15.5456872858361,5.32387606620422,52.8747842177145,0.00294498874190313,0.00274526198383277,1.25850309418331e-06,0.00110810023289531,0.005236448898473,1.62911757359705e-05,1.5270676608539e-05,3.34009402636425e-11,7.09212720019969e-06,2.7679850196472e-05,-1599.9679669645,0.150259427001268,0.100924131445327,0.92375,0.503394365356982
"constant",800,"montoril",63,40.818,248.878634256872,1013.79359351895,158.509476369869,805.201815474295,453.145011456514,139.939865099764,6782.86674422252,819.681351082208,6.09727655095478,24.8369247273004,3.88332295482064,19.726635687057,11.1015976151824,166.173422123145,0.00573467406915322,0.00541645644821797,4.11265826627642e-06,0.00230209569684312,0.00974485380134693,1.88378246542956e-05,1.73368941004375e-05,5.65617512675863e-11,7.51438450544499e-06,3.30525670305782e-05,-1569.02011321941,0.155307843532456,0.116615040782566,0.96375,0.582896415019573
"constant",800,"montoril",64,41.169,277.283071948295,1073.64231785726,161.828818081214,1017.44378727891,377.836116994796,93.5965696664598,5013.09106786527,809.746843188118,6.73523942646883,26.078902034474,3.9308416060923,24.7138329150309,9.17768507845213,121.76858966371,0.00452511457054867,0.00429511523510549,2.64096605082946e-06,0.00174593000846169,0.00786239521232044,1.8087884497312e-05,1.69039369924316e-05,4.30295717208237e-11,7.81783467705403e-06,3.09059520206386e-05,-1583.12918496897,0.136242410964547,0.0939257385248701,0.94875,0.546876404746152
"constant",800,"montoril",65,41.655,140.58511187007,504.521159194949,126.5219492754,625.872547535288,247.706812405808,22.547541796394,2361.81318081739,362.427209641165,3.37498768143247,12.1118991524415,3.0373772482391,15.025148182338,5.94662855373445,56.6993921694248,0.00308203039009957,0.00290447763193484,1.24875630096038e-06,0.00120845306914279,0.00530285043659418,1.74639240791666e-05,1.63390328752258e-05,3.93033633892146e-11,7.35319691739252e-06,2.99998501401916e-05,-1580.10481551224,0.139783615273802,0.0920738455272162,0.93875,0.503072070339961
"constant",800,"montoril",66,40.802,162.871186055459,793.970705380666,110.821047802256,778.826891382982,295.223067116654,52.7044706828978,3498.62731916736,427.029638063499,3.99174516091022,19.4591124302894,2.71606901137827,19.0879587123911,7.23550480654512,85.7464663292819,0.00373270659277032,0.00352116152675834,1.83724787019186e-06,0.00146551268472401,0.00641402070065232,1.66163737867982e-05,1.54214948588234e-05,3.71413714785639e-11,7.20938414298373e-06,2.87141683253143e-05,-1597.14033870711,0.141089639696063,0.102338345177491,0.955,0.52411564697261
"constant",800,"montoril",67,40.575,151.640636181698,652.378194728849,138.059024613741,866.385218599224,256.759739972463,9.03483395585729,3000.22338215514,137.721840056033,3.73729232733698,16.0783288904214,3.4025637612752,21.3526856093463,6.32802809543962,73.9426588331519,0.00355120874019173,0.00331307455889894,1.78927602744157e-06,0.00133564922990402,0.00629620089730785,1.62362586882886e-05,1.5034653439443e-05,3.69526419728269e-11,6.99153276056956e-06,2.80817157939875e-05,-1581.3045657234,0.141710822215735,0.0923136383759423,0.945,0.5230767882882
"constant",800,"montoril",68,41.615,401.46342693764,1679.70478076292,129.645878943578,847.98915013324,460.457836329382,74.1230881136829,7920.15103104354,929.654825012627,9.64708463144636,40.3629648146804,3.11536414618715,20.3770070919918,11.0647083102098,190.319621075178,0.00618679989347597,0.0059505945484318,4.56844061582029e-06,0.00236276202272954,0.0104240516676302,1.81507879183472e-05,1.68519295443301e-05,4.51105526036849e-11,7.50071884111638e-06,3.1710862585817e-05,-1551.98653664833,0.144917620104378,0.109270827710282,0.95875,0.592559158057931
"constant",800,"montoril",69,40.374,128.073767362055,373.667293463778,117.929118498929,726.880643396564,217.715496323473,27.4799218204004,2045.68307190589,205.67916037014,3.17218426120906,9.25514671481096,2.92091738492419,18.0036816613802,5.39246783384042,50.6683279314879,0.0028533807317794,0.00270226135320506,1.0933749549672e-06,0.00105977138814194,0.0048700907099106,1.65502547179815e-05,1.54691386422161e-05,3.42762097744901e-11,7.32652593972162e-06,2.85369007791714e-05,-1603.69796939305,0.144483844140929,0.101651092093809,0.93875,0.499589235531208
"constant",800,"montoril",6,40.657,179.344935946214,696.561141764294,115.445585904016,854.448773089332,327.151270113858,86.8591471849396,4082.36028190674,480.605126906003,4.4111699325138,17.1326251755981,2.83950084620155,21.0160310177665,8.04661608367213,100.409776469163,0.00421029800650458,0.00405590976808477,2.1222983127457e-06,0.00165393412571573,0.00703040874773134,1.84842583492466e-05,1.72178887734984e-05,4.82168831436388e-11,7.50509115071421e-06,3.19562431250949e-05,-1557.07838794634,0.150839967865889,0.11107222332431,0.9425,0.546816832597061
"constant",800,"montoril",70,40.92,108.206314710499,519.136178427637,170.110327115747,1032.83041229214,263.880425602372,67.9717074446783,2706.94878040708,341.899289472407,2.64433809165443,12.6866123760419,4.15714386890878,25.2402349044999,6.44869075274615,66.1522184850215,0.00331434903314653,0.00312166475136067,1.44700199833168e-06,0.00132723395632102,0.00567330654456993,1.72304566295522e-05,1.60731390847545e-05,3.79541024888838e-11,7.58506005373241e-06,2.92355937266836e-05,-1574.61978329808,0.144584121241821,0.0937918657883512,0.94375,0.517377805664302
"constant",800,"montoril",71,40.376,346.775983714296,1482.60888832652,155.098472166531,700.043881050352,333.703952337817,7.41675903390392,4517.14253170861,155.941939338046,8.58866613122389,36.7200537033516,3.84135308516274,17.3381187103812,8.26490866697585,111.876920242436,0.00443325892488465,0.0042368479509354,2.53538068151162e-06,0.00154488117117129,0.00759890780039923,1.89048241465814e-05,1.73116593026235e-05,5.68448558726833e-11,7.63244394125335e-06,3.38953683288957e-05,-1550.73457217286,0.143736645873459,0.0948185733731654,0.95,0.547744966591012
"constant",800,"montoril",72,39.934,236.436855970922,1156.4074492005,157.050571864839,851.714323214102,343.001248241947,124.565478285536,4474.56673370499,847.73653682249,5.92069053866183,28.9579668753569,3.93275333963136,21.3280493617995,8.58920339164489,112.049049273927,0.00415820241383604,0.00393728804003113,2.31321957171457e-06,0.00153808681018577,0.00718532760745838,1.64367918623838e-05,1.53412690512416e-05,3.37599524985733e-11,7.06053434681602e-06,2.8220592200634e-05,-1589.0206719509,0.161295062884197,0.112440417920358,0.92375,0.530609419430309
"constant",800,"montoril",73,40.177,296.49125564875,1649.41855439061,108.015631082837,721.20384043128,400.437665139476,40.405837161301,5594.55316206727,878.548908351746,7.3796265437626,41.053800791264,2.68849419027895,17.9506643211609,9.96683836870537,139.247658164305,0.00527472095052035,0.00503615856361002,3.56102648417782e-06,0.00200553974814422,0.00899712938919699,1.93778231425415e-05,1.79029331721584e-05,6.09541398135952e-11,7.4462974178643e-06,3.45857734610781e-05,-1595.3458509722,0.143832347893463,0.107077738622093,0.97125,0.574523468208181
"constant",800,"montoril",74,40.131,167.926595923656,731.264652557032,112.985574788933,902.285263218935,338.583780426187,64.4399832007216,4480.92592670026,565.133770289922,4.18446078900741,18.2219394621871,2.81541887291454,22.4834981241169,8.43696345533844,111.657469953409,0.00425370697639633,0.00394779690343197,2.54583809689973e-06,0.00163398398458651,0.00740654363151346,1.78207264692511e-05,1.65812887010048e-05,4.28127551502858e-11,7.45760730127813e-06,3.09015607881195e-05,-1567.911003151,0.14260204927975,0.0999362640748331,0.9575,0.54263737719086
"constant",800,"montoril",75,40.711,170.610000056415,1084.96783845522,169.955473385361,1061.26908489906,327.040664695578,33.5440589510711,4335.7251998498,495.147508181533,4.19075925564136,26.6504836151217,4.17468186449268,26.0683619881374,8.03322602479867,106.500090880838,0.00402235496510787,0.00379464208589487,2.05124861852227e-06,0.00161741992172594,0.00691006561171865,1.67447959013697e-05,1.56675442683525e-05,3.64026322905841e-11,7.24535095176142e-06,2.87016849893138e-05,-1590.96167972348,0.141908123791306,0.102181784408628,0.95,0.533709523275218
"constant",800,"montoril",76,40.241,164.506364489856,724.192696018083,128.127263475329,540.590070587267,293.106275585825,21.072932300648,3373.31865940762,482.945580718652,4.08802873909335,17.9963891557884,3.18399799893961,13.433813041109,7.28377216236737,83.8279033674018,0.00380270233426508,0.00363677412593275,1.68799867875941e-06,0.00153726812926961,0.00636258284237959,1.94539788240238e-05,1.79923043048222e-05,5.56621816116479e-11,7.82739832610842e-06,3.44193376610703e-05,-1591.39904810996,0.14305156968517,0.103895623092851,0.95125,0.53047378149269
"constant",800,"montoril",77,40.115,127.414100941331,712.035263448857,139.743024140214,1079.08909027411,318.981923740839,33.4637686046024,3924.82568729144,486.54286897672,3.17622088847889,17.7498507652713,3.48356036744894,26.8998900728931,7.95168699341491,97.8393540394226,0.00421565844220693,0.0039360016926898,2.75491530834095e-06,0.00144693957110886,0.00747416801082421,1.70747746012728e-05,1.60463102397784e-05,3.36927481813928e-11,7.64893601012469e-06,2.88755412970353e-05,-1555.58191789999,0.130216671544147,0.0929332580557901,0.95625,0.544767698490735
"constant",800,"montoril",78,41.017,369.685973552975,1646.54747851065,126.08873308565,987.910281609556,449.486925321279,131.254209975205,8285.58190981255,1227.85231015617,9.01299396720811,40.1430499185861,3.07406034292245,24.08538609868,10.9585519497106,202.003606061208,0.00562889160733142,0.00535659488347814,3.88456025253011e-06,0.0019304457030139,0.00952234490670429,1.76099258971536e-05,1.62269387710966e-05,4.53815978562323e-11,7.28706911211381e-06,3.10035359051787e-05,-1588.07631799467,0.14004597261248,0.0933070128989083,0.96875,0.571407471079085
"constant",800,"montoril",79,40.361,159.403072470445,648.013315516922,75.4282512614881,770.477680388884,288.909236060707,96.6935286021354,3058.51967621153,460.537110023654,3.94943317733568,16.0554326086302,1.8688400005324,19.0896578476471,7.1581287891952,75.7790856572316,0.00361037881898491,0.00342329182044801,1.67939605831726e-06,0.00148570981961084,0.00620111115779604,1.72077130051767e-05,1.60783375488622e-05,3.84665127763882e-11,7.34756197427516e-06,2.95929658484446e-05,-1595.41219646506,0.146985984549387,0.107347163371889,0.9375,0.522944633775864
"constant",800,"montoril",7,40.996,175.092172966103,563.989119900381,121.822888964233,707.701006261854,277.143561312344,67.1012788921592,2570.15462510122,268.987555065456,4.27095748283011,13.757174356044,2.97157988497007,17.2626843170518,6.76025859382241,62.6928145453511,0.00379176341446978,0.00356818208740678,2.15141517568617e-06,0.00132547953471442,0.00668813253692381,1.91261723302756e-05,1.77014386819417e-05,5.58541416883677e-11,7.68532591699149e-06,3.34850671586871e-05,-1563.35458489577,0.136062104514179,0.0972619083774866,0.96125,0.546937062828201
"constant",800,"montoril",80,39.897,107.080857566351,679.111506429296,157.336437872747,818.004964323575,313.949164596512,86.6655080721459,3628.32802273507,477.236467960283,2.68393256551498,17.0216183279268,3.94356562831158,20.5029191248358,7.86899176871725,90.9423771896401,0.00415204469550486,0.00387309947004862,2.38135267793636e-06,0.00158431539843606,0.00734095989610978,1.88351898941063e-05,1.74081789088901e-05,4.84588322983716e-11,7.88226368046949e-06,3.29906970854226e-05,-1561.30723433302,0.151596649237344,0.105223481761862,0.94875,0.544434536470018
"constant",800,"montoril",81,41.777,207.543139619416,874.040864949799,117.797979731705,542.216443829924,300.25865949069,74.054908631974,3241.04300213584,656.244726000697,4.96788040355736,20.9215804138593,2.81968498771345,12.9788267187669,7.18717618523805,77.5796012671048,0.00404555836794621,0.00380359285296551,2.40172806914478e-06,0.0014007292910284,0.00710786751158286,1.96769493684574e-05,1.79972166306922e-05,5.97578357283283e-11,8.00097173039074e-06,3.52891355793208e-05,-1587.52765359392,0.157358168966041,0.11366617619029,0.9425,0.545482960445897
"constant",800,"montoril",82,40.323,122.551133870348,1020.27688455216,131.841111030639,664.682827004912,470.051772111918,97.6821042662665,8105.21202543604,700.564552469907,3.0392365119249,25.3026035898162,3.26962554945413,16.48396267651,11.6571627138833,201.007167756269,0.00590480685325148,0.00555518890266076,4.42067271575906e-06,0.00238577314987788,0.010316236126375,1.80899250357316e-05,1.66351197270953e-05,5.06122000219137e-11,7.21069545877568e-06,3.2330136581895e-05,-1581.33126205904,0.16005923371195,0.113909669074927,0.94625,0.580547718019611
"constant",800,"montoril",83,40.807,136.952843249601,458.245686721835,103.222223739255,673.058877173093,238.374715576133,27.0541949802895,2321.03816011229,272.41690672107,3.35611153110007,11.2295852849226,2.52952247749786,16.4937113037737,5.8415153178654,56.878431644382,0.00296165773118157,0.00280938433133904,1.06977214225e-06,0.00121536156890064,0.00503201330372178,1.7105763967438e-05,1.60059180095345e-05,3.6110806145904e-11,7.73583353541062e-06,2.91126404658059e-05,-1589.45113545317,0.138213293395399,0.0893919794208193,0.9325,0.502816980139054
"constant",800,"montoril",84,40.528,158.307658153497,672.98644610715,145.778812943641,1020.64019667685,290.066047962206,89.225216167254,3447.12730779976,470.084256576153,3.90613053083046,16.6054689623754,3.59699005486678,25.1835816392827,7.15717646965569,85.055450745158,0.00372096919135919,0.0034515383394849,1.98233378670841e-06,0.00151110978151315,0.0065898807308288,1.69755723895882e-05,1.58159622637273e-05,3.8417408238443e-11,7.35247649257936e-06,2.95361179429646e-05,-1594.6931959729,0.164332944414395,0.11805460314244,0.92125,0.525197006787619
"constant",800,"montoril",85,39.962,149.645323436124,609.808053997201,104.410409803101,973.00370288845,265.190985204037,61.4500683662099,2962.27453605237,445.701363059762,3.74469054191792,15.25969806309,2.61274235031031,24.3482233844265,6.63607890506074,74.1272843214145,0.00344779483547769,0.00325375684604485,1.6593817125533e-06,0.0013237574210783,0.00601381667059038,1.59056779804713e-05,1.49057213762535e-05,3.10587850042718e-11,6.83089026483372e-06,2.68587399062628e-05,-1597.51011751676,0.143719948988822,0.0899980873904307,0.9425,0.515107061035771
"constant",800,"montoril",86,40.2,179.38883315312,605.15346522658,79.8379450835616,874.563794753369,241.080355026435,50.8655112191726,2605.34168314238,424.184385199804,4.46240878490347,15.0535687867308,1.98601853441695,21.755318277447,5.9970237568765,64.809494605532,0.00335339632487105,0.00305977262215506,2.08795472618458e-06,0.00117001386997302,0.00626745723034252,1.63350832134703e-05,1.51357479411619e-05,3.63714356476612e-11,7.2169905894013e-06,2.80005554866358e-05,-1597.1975950956,0.141191299505243,0.0871007763966552,0.9425,0.509045121228676
"constant",800,"montoril",87,40.398,155.526063244975,654.954292604497,111.351071784099,767.512759022917,285.340316912716,12.6566436190004,3099.06278000972,367.424245925393,3.8498456172329,16.2125425170676,2.75635110114607,18.9987811035922,7.06322879629477,76.7132724394703,0.00382234630028409,0.00349556600328463,2.45956748173835e-06,0.00142207803756544,0.00714234900904554,1.78845657279628e-05,1.65297637712765e-05,4.62793078989276e-11,7.45655340783352e-06,3.11078776123709e-05,-1574.85034545836,0.132297778906424,0.0870349203579438,0.945,0.531330769879209
"constant",800,"montoril",88,40.773,162.031641207539,553.530128651077,135.177234813128,697.963194615947,284.083360441208,34.2478792518188,2827.04478956791,386.311079093286,3.97399360379514,13.5758989687067,3.31536150916362,17.1182693109643,6.96743826652952,69.3361977182918,0.00359990761590653,0.0034293508578253,1.77548640598406e-06,0.00126787364326441,0.00620739013782665,1.91459198752166e-05,1.76610838888474e-05,5.83210038546509e-11,7.48094691940501e-06,3.40938604350736e-05,-1585.94738660583,0.153780429918126,0.107573513260026,0.93125,0.528244135095286
"constant",800,"montoril",89,40.296,239.684011118511,1008.51817675355,173.528463050869,775.801802181456,376.393993799354,42.0918817008392,4973.31259198125,94.7701884542157,5.94808445301049,25.0277490756787,4.30634462603905,19.2525759921942,9.34072845442114,123.419510422405,0.00457543046691878,0.00437086587612591,2.52708436192606e-06,0.00179341904393811,0.00767003569793991,1.76943512656569e-05,1.63587576324048e-05,4.5290098444338e-11,7.44473654561579e-06,3.12301179647734e-05,-1605.54877501126,0.159282303036377,0.108094422080066,0.925,0.543711231582299
"constant",800,"montoril",8,40.39,250.560929555733,1469.25441252495,166.765010349271,605.641793671176,419.520208924304,97.5346478801534,6295.78060578504,860.143589543203,6.20353873621522,36.3766876089366,4.12886878804829,14.9948451020346,10.3867345611365,155.874736464101,0.00520886114961095,0.00496921392989126,3.39438180492491e-06,0.00201552378032531,0.00864430348569593,1.81322490870489e-05,1.67588386959985e-05,4.89734906804417e-11,7.46776954023752e-06,3.200944856509e-05,-1551.75897759161,0.154660913609714,0.113784349976281,0.9475,0.568179162732889
"constant",800,"montoril",90,40.492,125.15984611038,575.827238362277,104.649970899459,775.409660382109,205.380696943368,28.4180033960012,1770.48913439691,245.752383797068,3.09097713401115,14.2207655428795,2.58446040945024,19.149700197128,5.07213022185537,43.7244180182978,0.00249747942630645,0.00233447575649331,8.26499409409613e-07,0.00105099784448951,0.00430347646366639,1.51007733647639e-05,1.41368224255132e-05,2.6022246621393e-11,7.01660968681888e-06,2.51112187288787e-05,-1588.0974837652,0.143480942768517,0.0882759194334666,0.93,0.485634319142649
"constant",800,"montoril",91,40.58,164.556205083851,938.205629075732,103.588891388553,857.212572890085,281.450645089759,62.1046815200009,2962.75839145055,555.050415723232,4.05510608880856,23.1199021457795,2.55270801844635,21.1240160889622,6.93569849900836,73.0103102871008,0.00363542775430732,0.00347147407470129,1.76677304544281e-06,0.00137377128046119,0.00627880351763384,1.74327972308641e-05,1.62346099207733e-05,4.07811813820057e-11,7.40276123560071e-06,3.01207799372364e-05,-1572.59524239011,0.146226565713336,0.095995352333647,0.955,0.523341055145969
"constant",800,"montoril",92,40.396,178.161212415429,871.693334459343,127.263673878871,1057.36771035783,263.3437962091,24.5321841937673,3002.67599467373,106.659868264458,4.41036767044828,21.5787041900025,3.15040285867094,26.1750596682303,6.51905624836864,74.3310227417005,0.00337347405754085,0.00318649291379712,1.59452215448889e-06,0.00128291174649753,0.00588414354414183,1.58370585063093e-05,1.48966213966149e-05,3.09935600908529e-11,6.81912124985168e-06,2.6672267409739e-05,-1589.92204441545,0.157533998065557,0.10644874212479,0.9275,0.510443076270804
"constant",800,"montoril",93,40.696,111.479300874878,609.143587953347,67.9127014063117,652.551289749599,279.822692723505,52.8479524538401,2891.57864413194,359.900846063192,2.73931838202472,14.9681439933494,1.66878075010595,16.0347771218203,6.87592620216987,71.0531414422041,0.00354802556870548,0.00335211770888676,1.8548359304283e-06,0.00120163326221338,0.0062121095468617,1.6941202061863e-05,1.57709731782513e-05,3.69984557194896e-11,7.25629423571119e-06,2.91771458157826e-05,-1570.54944592727,0.142536196910019,0.100272480217043,0.95,0.521423303089661
"constant",800,"montoril",94,41.134,183.092694794678,646.09646972415,99.4341452737052,990.906530278967,311.320709133646,85.5467193003428,3522.95153023711,470.623158833525,4.45112789407005,15.707115031948,2.41732253789335,24.0897197033833,7.56845211099446,85.6457317605172,0.00396992424241758,0.00364169309458386,2.87922509057175e-06,0.00119226517833719,0.00737451188459404,1.81644001359737e-05,1.69481727936521e-05,4.28229577503998e-11,7.45766836534645e-06,3.10151067652148e-05,-1622.95809593351,0.139222674569751,0.0960638164539303,0.95625,0.531867519984366
"constant",800,"montoril",95,40.386,181.44634870951,728.730773125686,97.4031312781758,696.880450027559,300.770174152518,59.2742182772147,3253.24721961947,536.311727647666,4.49280316717451,18.0441433448642,2.41180436978596,17.2554957170197,7.44738706860095,80.5538359733439,0.00409442858769821,0.00381841603456848,2.67459915896673e-06,0.00135263802883927,0.00726940606481149,1.91033184914011e-05,1.76284359068366e-05,5.38850463588411e-11,7.96032375403314e-06,3.38586816113339e-05,-1562.12282230187,0.133492807328217,0.094705096586385,0.9625,0.542600951468801
"constant",800,"montoril",96,40.226,133.444018677493,683.410989531424,148.199305029098,837.000642631982,262.381600016129,82.1295170651199,2534.6996722089,495.8326191316,3.31735739764065,16.9892852764735,3.68416708171575,20.8074539509765,6.52268681987095,63.0114769603962,0.00316027807558529,0.00294970657482585,1.43096539294975e-06,0.00124460528225545,0.00554611694095407,1.66511770992526e-05,1.55083872833428e-05,3.54171548872455e-11,7.17643356481677e-06,2.85060536564299e-05,-1580.53934147132,0.154469606327828,0.105994627584652,0.94125,0.506468862240103
"constant",800,"montoril",97,40.434,232.838952755689,785.738668691129,94.6737763289313,678.098549098273,266.666554138431,43.5098025468818,3071.07677311571,356.747565940415,5.75849415728567,19.4326227603287,2.34143978653933,16.770503761643,6.59510694312784,75.9528311103454,0.00356822092980926,0.00334473404347395,1.92016777798442e-06,0.00122866539545041,0.00630755251189595,1.67652506022596e-05,1.55615672731873e-05,3.94645137756575e-11,7.08518439860856e-06,2.91231908390321e-05,-1577.04328835003,0.150741876872607,0.105646795168137,0.94,0.526185328444584
"constant",800,"montoril",98,40.423,135.041042364651,554.677735855644,158.008979057566,645.928707123762,248.360329943391,37.4392006322331,2209.78048812228,227.945582675466,3.34069817590606,13.7218349913575,3.90888798598734,15.9792372442362,6.14403507763874,54.6664148658507,0.00321437588864773,0.00300385551642984,1.59715481245465e-06,0.00107180802352809,0.00569110364404523,1.78404427176574e-05,1.65176241045427e-05,4.41164687713816e-11,7.54999580076149e-06,3.11155824120727e-05,-1577.72817059734,0.157340686189468,0.114383967090449,0.9275,0.514566075899217
"constant",800,"montoril",99,40.33,95.6356309190669,563.657632078709,120.731855330685,1004.77624392172,315.939757359272,76.4453680418887,3939.37403816351,423.307315057348,2.37132732256551,13.9761376662214,2.99359918995004,24.9138666977863,7.83386455143249,97.6785033018474,0.00431596110555444,0.00408647112428147,2.98785806923025e-06,0.0014196474929415,0.0075437809702639,1.79764532045726e-05,1.6939910456467e-05,3.98407837910289e-11,7.41057522084608e-06,3.074667904004e-05,-1587.60955876361,0.160602211893789,0.113332827264513,0.93625,0.552470273434244
"constant",800,"montoril",9,40.479,123.302907384681,668.471022974264,116.248919436032,865.488048888483,260.252824033838,45.9628635324945,2685.78000615531,359.412414116195,3.04609568874432,16.5140201826691,2.87183278826138,21.3811618095428,6.42932938150246,66.3499593901852,0.00351616741808153,0.00330251483965922,1.73719214759213e-06,0.00132293118927732,0.006185365728383,1.71667544880382e-05,1.60375970942841e-05,3.82445167458822e-11,7.28369905165564e-06,2.92479835935663e-05,-1583.14861023271,0.150324045557481,0.10132131759374,0.93625,0.523110087103756
"linear",1600,"montoril",100,82.63,48.0098648068315,189.630490787802,109.137664931129,496.145742320125,115.059805346669,38.1540879668837,899.143234886719,130.400319920024,0.581022205092963,2.29493514205255,1.32079952718298,6.0044262655225,1.3924701119045,10.8815591781038,0.00142902061339329,0.00136582724933785,1.84553619996735e-07,0.000735511477374395,0.0022836322496323,7.01895368321414e-06,6.80184409424947e-06,2.93738899407398e-12,3.98912067282273e-06,1.04097727903106e-05,-3214.65810606795,0.0836606278734604,0.0665554174906302,0.99125,0.417246247997563
"linear",1600,"montoril",101,82.617,86.0539273248296,243.680038337154,115.18827460825,620.171151554369,111.988269354691,16.457880997075,929.589154287661,175.663843811365,1.04160072775373,2.94951448657243,1.39424421860211,7.50658038363012,1.35551120658812,11.251790240358,0.00139701794797196,0.00135201667239356,1.48500254411218e-07,0.00069120444683152,0.00213603815518759,6.88618878449221e-06,6.63620836134387e-06,2.76810488489082e-12,4.0170946939915e-06,1.03017168402208e-05,-3185.26739775379,0.0789137271916574,0.0634935502453455,0.996875,0.413613247095991
"linear",1600,"montoril",102,79.945,56.3264874437865,293.511072649747,141.253234248314,742.244777120348,97.8806910492647,5.66030699767729,751.427539863202,47.608960429675,0.704565481816079,3.67141250421848,1.7668801582127,9.28444276840763,1.22435037900137,9.39930627135158,0.00131459938528974,0.00127000390574285,1.22134478444885e-07,0.00068934435589221,0.00197769891142053,6.79164503612254e-06,6.54082267500511e-06,2.68685251285566e-12,4.01407067370592e-06,1.0097308386389e-05,-3216.23067981257,0.0759616961021095,0.0606236938792904,1,0.415245196701356
"linear",1600,"montoril",103,82.528,83.9358268026318,304.093449370306,97.852608333331,765.101967618108,124.046233210421,33.2529092364895,1093.67547723057,115.725016401116,1.01705877765888,3.68473062924469,1.18568980628794,9.27081678482585,1.50308056914527,13.2521747434879,0.00162594956177917,0.00156433242818655,2.23772376911421e-07,0.000780782312132664,0.00257982900193291,7.26684288511072e-06,7.04630043693746e-06,2.9960685974875e-12,4.28747093333974e-06,1.07654261837747e-05,-3179.01972719903,0.0925580448883744,0.0749038495968188,0.988125,0.432246608525288
"linear",1600,"montoril",104,79.549,34.1992083771988,155.407259624709,109.094347463734,608.137672191242,111.792066921848,29.2339376357966,902.52603882981,89.368747802916,0.429913743443649,1.95360418892392,1.37141067095418,7.64481856706234,1.4053233468912,11.3455359442584,0.00150745609470613,0.00140678429811981,2.21567854520231e-07,0.000761004310073047,0.0025308852538257,7.10058198974657e-06,6.85531219274835e-06,3.07105636829616e-12,4.10383467304068e-06,1.05716666821006e-05,-3205.8153989534,0.0942119071916777,0.0777384130080339,0.995625,0.431397747439848
"linear",1600,"montoril",105,82.052,81.8471483248167,371.719328932642,93.8252088582405,774.846314784062,102.065848212247,9.30273910337256,758.296624761267,39.7459899283573,0.997503392054023,4.53028968133187,1.14348472746844,9.44335683205848,1.24391664081615,9.24165924975951,0.00132921411026618,0.00127376581563563,1.42149750682386e-07,0.000681609582251253,0.00210449268077218,7.03285617636007e-06,6.80073353177959e-06,2.76276500203818e-12,4.17329911273362e-06,1.03986525791244e-05,-3192.10351250431,0.0909489775126259,0.0743790219787313,0.99,0.41409113834017
"linear",1600,"montoril",106,79.746,103.476769940887,316.636959147654,96.0673232377565,811.296849612578,125.194391078478,17.2291286997838,1176.97669610082,202.360223280499,1.29757943897984,3.97056854447438,1.20466635615274,10.1735115192308,1.56991436659491,14.7590687445241,0.00168361998196804,0.00161586398849088,2.38664572981319e-07,0.00085488975615681,0.0026608645123879,7.13214331230652e-06,6.89728852568013e-06,2.92162205386018e-12,4.17175453750037e-06,1.06048123470532e-05,-3228.73538309903,0.0766851234866991,0.060907388344324,0.996875,0.435743154108768
"linear",1600,"montoril",107,79.79,49.8202416298326,206.472969849033,133.515639874014,720.610717647881,104.849132281554,19.1977907986118,834.804539998623,73.3345016472714,0.624392049502852,2.58770484833981,1.67333801070327,9.03134124135708,1.3140635703917,10.4625208672593,0.00133237755635126,0.0012884809667396,1.25887113398181e-07,0.000702406392158217,0.00199414604386614,7.03781841075686e-06,6.79801922843603e-06,2.87863830388788e-12,4.1508268102896e-06,1.05334557796599e-05,-3186.98039013873,0.0936192886030685,0.0754327111590931,0.996875,0.413325518089873
"linear",1600,"montoril",108,79.927,96.6100111313487,432.324994345762,110.593223005491,539.074849622802,119.402822125112,6.11159721310192,996.45380991752,71.3904892767349,1.20872810353634,5.40899814012488,1.3836778936466,6.7445900587136,1.49389845890765,12.4670488060045,0.00153723081754673,0.00145427914510961,2.19886020646376e-07,0.000765128734256491,0.00254662112505431,7.11369864221709e-06,6.8979478893909e-06,2.93203666088916e-12,4.11283675512867e-06,1.05677452597918e-05,-3167.17759489868,0.0737075405984267,0.0598802347769928,0.998125,0.427728380160153
"linear",1600,"montoril",109,80.134,56.3742943907432,153.963882772051,87.6661289190615,848.970014780717,98.5675438270969,5.44290951827251,775.792067531153,20.1751671762885,0.703500316853561,1.92133030638744,1.09399417125142,10.5943795989308,1.23003399090395,9.68118485949975,0.00137155893971632,0.00130978211471078,1.69951936199712e-07,0.000649082659145066,0.00218477158691186,7.12360096308046e-06,6.9075413507631e-06,2.72878600425812e-12,4.31833971475243e-06,1.04758506987691e-05,-3172.12098250219,0.083894705339975,0.0624717358079445,0.9925,0.420008188942127
"linear",1600,"montoril",10,82.612,43.29433501055,149.001490855375,105.717614367256,872.120053931403,100.355180680649,15.8716178044998,869.443397256343,103.949966263483,0.524068355814531,1.80363011251846,1.27968835480628,10.5568204852976,1.21477728030612,10.5244201478761,0.0014693897363431,0.00140032691026601,1.92616948018081e-07,0.000744563887852814,0.0023210311774222,7.18739546043291e-06,6.94341219496019e-06,3.03470780562469e-12,4.21574283524923e-06,1.06992431748191e-05,-3237.15386595533,0.0975278372639232,0.080724711604347,0.993125,0.426494899499055
"linear",1600,"montoril",110,82.793,41.850780037169,180.646815053412,71.0494646588062,466.176437564163,102.70322605899,3.60927544664583,841.819346050698,116.399831804026,0.505486937750402,2.18190928041516,0.85815787154477,5.6306262312534,1.2404819979828,10.1677599078509,0.00138285302513488,0.00130121787449422,1.99878233537252e-07,0.000640402737535127,0.00228837724938101,6.81506001872252e-06,6.60444146638549e-06,2.65404501310562e-12,4.01128756990144e-06,1.00305361332177e-05,-3193.72299882349,0.0918168984177153,0.0709968342198293,1,0.421743772429977
"linear",1600,"montoril",111,79.89,104.194120249582,497.919172596733,94.1470373538762,595.665576239502,126.969572028338,35.846904328229,1081.68343665892,218.125164650033,1.30421980535213,6.23255942667084,1.17845834715078,7.45607180172114,1.58930494465312,13.5396599907237,0.00163860277119931,0.00158562567364513,2.37515062728491e-07,0.000793065997051238,0.00259216463183117,7.48872739487979e-06,7.23006652005659e-06,3.315619667462e-12,4.29558876845131e-06,1.11061317807053e-05,-3182.77937015018,0.0935464719714936,0.0774117718911864,0.9925,0.433009055417244
"linear",1600,"montoril",112,79.85,77.126227148541,345.14096163638,111.613043519875,630.17191556658,110.793545722836,10.7628959170008,895.838876405453,74.8680939751647,0.965888881008654,4.32236645756268,1.39778388878991,7.89194634397721,1.38752092326657,11.2190216206068,0.00148800284727303,0.00142382369960163,1.92007615765818e-07,0.000730387067070242,0.00235585240978458,7.0920831977164e-06,6.83272630307419e-06,3.04118845551565e-12,4.13012791717652e-06,1.06215772326536e-05,-3210.73738068641,0.0808390690321776,0.0652383799198066,0.99125,0.428443872366947
"linear",1600,"montoril",113,79.864,63.3420395564974,277.783758413317,111.721944756491,807.23779695225,106.479598863703,11.853556847648,799.007820420708,121.515901060937,0.79312380492459,3.47820993705947,1.39890244361027,10.1076554762127,1.33326153039796,10.0046055847529,0.00136901695963322,0.00132946813258558,1.19550071946048e-07,0.00077968248504288,0.00204506894835903,6.97647362495962e-06,6.74326436876653e-06,2.86651257783447e-12,4.0928738367971e-06,1.03492480279757e-05,-3150.94189767265,0.0800406659693928,0.0613959642518719,0.966875,0.420880775363512
"linear",1600,"montoril",114,82.24,98.1729014128203,300.146094635806,159.325011982382,895.19020954706,109.442711882124,6.64379220330647,830.250336499053,19.8377887191487,1.19373664169285,3.64963636473499,1.93731775270406,10.8850949604458,1.33077227483128,10.0954564263017,0.0013355412094805,0.00130353374375361,1.25955238654954e-07,0.000684201322876528,0.00205175422392474,6.97661226255079e-06,6.7526793698599e-06,2.55518383375511e-12,4.2052244269638e-06,1.01911334505652e-05,-3183.58326987871,0.0824095720706227,0.0697563782486008,0.991875,0.412946589198253
"linear",1600,"montoril",115,79.756,18.5094086835243,189.527277431847,96.4396213592278,819.42307657257,103.873045472269,6.46111688337961,924.598475373716,70.9731560761955,0.232075438631881,2.37633880124187,1.20918327598209,10.274124536995,1.30238534370165,11.5928391014308,0.00149789193018144,0.00145397998818884,1.8818889230132e-07,0.000742521037807353,0.00235647104458066,7.10059602809739e-06,6.88280427073721e-06,2.74840611201896e-12,4.26032946385251e-06,1.04508034912878e-05,-3174.19187479262,0.0874801403603509,0.069577568532865,0.9775,0.424344048784994
"linear",1600,"montoril",116,82.813,55.7279014756095,260.281877718715,120.005763636324,693.749945185602,107.368476535042,8.73029682736195,845.689293025818,23.7336144666139,0.672936634050325,3.14300747127522,1.4491174530125,8.37730724868804,1.29651717164023,10.212035465758,0.0014782202510042,0.00142645649956983,1.79272407834918e-07,0.000741759588388175,0.00231318594882167,7.50319072316705e-06,7.23648471733073e-06,3.35872890525126e-12,4.34532596025689e-06,1.11749928283635e-05,-3152.84354142439,0.0923188872653849,0.0739147496348772,0.984375,0.426444388353771
"linear",1600,"montoril",117,82.297,45.3622467623897,126.511451621889,115.209590306593,676.896100494119,94.0716511225588,5.92679137133777,728.875044075184,33.0688280555075,0.551201705559009,1.53725471915002,1.39992454532478,8.22503980089333,1.14307509535656,8.85664172539928,0.0013138850171551,0.00126557943489754,1.30002722989287e-07,0.000666465814925415,0.0020604105897217,6.773658075478e-06,6.56696712310486e-06,2.4558252797821e-12,4.08219032760226e-06,9.93515645556359e-06,-3186.1259736272,0.0819576663567172,0.0633314775191661,0.99875,0.420410354437249
"linear",1600,"montoril",118,79.858,40.9190045240818,150.870930706482,76.1137213243309,1045.32010448052,110.639383533836,19.8938585908395,859.371065494998,44.2328099233964,0.512397061334891,1.88924003489297,0.953113292648588,13.0897355866728,1.38545147053315,10.7612395188334,0.00135530257418227,0.00130857680172118,1.31003064355215e-07,0.000740764254240185,0.002085643944252,6.93695605724797e-06,6.73397919993059e-06,2.62897107509347e-12,4.11983054045409e-06,1.01790436511275e-05,-3183.41319949932,0.0788670890376688,0.0620690733861155,1,0.412219781246145
"linear",1600,"montoril",119,80.39,35.9925633415447,174.260862922572,110.864923447202,608.609020409014,103.517331935701,12.7886768074103,815.076304879634,73.591617840425,0.44772438539053,2.16769328178346,1.37908848671728,7.57070556548095,1.28768916451923,10.139026058958,0.00138719325334072,0.00133702259764085,1.52439237214682e-07,0.00070824912684634,0.0021711780850794,7.00985017197996e-06,6.77844207188881e-06,2.82476448133307e-12,4.00719452300487e-06,1.02632824159178e-05,-3182.84296051029,0.0754719425502773,0.0579423628184876,0.970625,0.421425167645971
"linear",1600,"montoril",11,79.425,43.8730964148941,213.610035175257,85.1441305272903,807.235991327378,107.957183987612,32.9929648400414,848.698167155436,109.301486877905,0.552383964934141,2.68945590400071,1.07200667960076,10.1635000481886,1.35923429635016,10.6855293315132,0.00137467434611159,0.00132352955298367,1.52107812091046e-07,0.000702403827000059,0.00215777311214913,6.90785479885055e-06,6.66837708251558e-06,2.6610590690215e-12,4.10704565585332e-06,1.01529757035561e-05,-3224.39060136885,0.0843001258438727,0.0652317026510212,0.9875,0.419027904841346
"linear",1600,"montoril",120,80.131,122.233147477175,424.853259617552,132.891811545455,734.325078916465,104.514383059031,9.36695153501531,807.416614537782,175.604522592207,1.52541647398853,5.30198374683396,1.65843196198045,9.16405734255738,1.30429400680175,10.0762078913003,0.00134096843664338,0.00129238824715933,1.27287058653376e-07,0.000716842172324316,0.0020474691884096,6.86955071261161e-06,6.64677088159038e-06,2.61844587187733e-12,4.08310707098261e-06,1.01767605995372e-05,-3202.46880022852,0.0864211436682269,0.0630402359224836,0.974375,0.415954668208746
"linear",1600,"montoril",121,80.137,82.4113710116076,327.040548125133,111.229586890973,603.299465970703,101.914964250237,12.0349692943546,802.876230628949,140.894517631395,1.02838103512245,4.08101810805412,1.38799289829883,7.52835102350603,1.27175916555694,10.0187956952338,0.00134753637838042,0.00128194990538132,1.53689213369711e-07,0.000705136935265774,0.00211376523991617,6.93888658508406e-06,6.72335403408733e-06,2.62465444417832e-12,4.06135751441061e-06,1.01925603644419e-05,-3209.39690277698,0.082755443955119,0.0671552154584031,0.99,0.416266930097209
"linear",1600,"montoril",122,80.294,89.0278590714609,346.406904054429,93.9167269399221,853.144280011075,109.685925325769,12.1396097821156,949.074334479147,78.0866022987653,1.10877349579621,4.31423149991816,1.16966058410245,10.6252556854942,1.36605381878807,11.8199907151113,0.00144977583510746,0.00140575491707966,1.5812658673675e-07,0.000753501181165094,0.00222616034593426,7.0213605455331e-06,6.78978288396313e-06,2.85829568366714e-12,4.03617836898877e-06,1.03855852983109e-05,-3222.18537405573,0.0866973993332071,0.0708109824557017,0.988125,0.4237572782099
"linear",1600,"montoril",123,80.326,48.7074902443402,166.425225142895,162.925560339214,772.437130465824,98.589273682604,8.79791138667233,767.135230887279,19.5243879408872,0.606372659466925,2.07187243411716,2.02830416476874,9.61627779879272,1.22736441105749,9.55027302352014,0.00129881338520843,0.00125233497705297,1.13227460693449e-07,0.00069907650818289,0.00198861343917272,6.92195311056652e-06,6.68866666662066e-06,2.74112760784549e-12,4.07817601538053e-06,1.02510641774846e-05,-3157.29852070255,0.0902826242553905,0.0692638440671822,0.981875,0.415651258855495
"linear",1600,"montoril",124,82.65,74.3816634014167,272.707880584193,93.2567431779691,778.01654090136,101.339650951743,3.50533421948861,785.39559838517,16.9528711990779,0.899959629781206,3.29955088426126,1.12833325079212,9.41338827466861,1.22613007806102,9.5026690669712,0.00134122009368393,0.00129580067907684,1.42232626450383e-07,0.000676396574092712,0.00206105480595891,6.82822377617782e-06,6.60411350306365e-06,2.49777419385862e-12,4.02323313889328e-06,9.96808386816768e-06,-3168.4493325899,0.0824775189304115,0.0646218936244757,0.98,0.411479412404159
"linear",1600,"montoril",125,83.579,39.1874710024807,154.77972564141,127.254927307441,473.467788463114,101.550738322159,17.9765792991884,788.125346616477,63.4955936956584,0.468867430843642,1.85189731441403,1.52257058959118,5.66491329715735,1.21502696038668,9.42970538791415,0.00126507451743192,0.00123221331390111,1.20950787726686e-07,0.000651009035367214,0.00195617067337656,6.85686165159417e-06,6.62418392396927e-06,2.59230339185957e-12,3.99845561494924e-06,1.00713895220109e-05,-3182.00152930968,0.0802662704656516,0.0618085873891328,0.988125,0.409204779016394
"linear",1600,"montoril",126,88.246,96.3139619031896,291.278830934557,137.62677279073,727.22272064381,103.254715045568,9.06838349804228,730.674355174121,40.5418900847856,1.09142580857138,3.30075959176118,1.55958086248363,8.24085760990651,1.17007813436946,8.2799713887782,0.00128495301302332,0.00125542192896577,9.87505745889197e-08,0.000701290245130881,0.00189956328952881,6.86974114985175e-06,6.6797120360699e-06,2.50032676844743e-12,4.12183427005711e-06,1.00008362677557e-05,-3181.27813396442,0.0792928669285461,0.0643032951153592,0.993125,0.411664602678987
"linear",1600,"montoril",127,81.836,90.8306853888203,287.240708219509,116.618887071516,893.651114121804,112.688010620161,28.790700514216,929.509544028026,71.2976383551436,1.1099111074444,3.50995537684526,1.42503161287839,10.9200243672932,1.37699802800921,11.3581986415273,0.00138260598365995,0.00133695908137282,1.45242606019224e-07,0.000709422446156064,0.00212332212332063,6.9731512229124e-06,6.74645600681032e-06,2.80831331581741e-12,4.12126135074641e-06,1.03970373024752e-05,-3206.13531437842,0.0809936844379679,0.0632998118775722,0.98875,0.414051514069552
"linear",1600,"montoril",128,80.151,51.7513438917112,160.244491646606,102.532432806272,595.003875922359,109.036228599582,9.46829526645795,870.364025794914,98.8609418967477,0.645673090687717,1.99928249986408,1.27924084298726,7.42353652384073,1.36038513056084,10.8590538582789,0.00142694139273396,0.00136926661870351,1.55120690042899e-07,0.000755252777932161,0.00222386998588281,7.06891237493054e-06,6.83099012503338e-06,2.91163973157605e-12,4.10399550594006e-06,1.0464012496563e-05,-3184.40064256331,0.0891642624456464,0.0739199428192506,0.994375,0.424631030962202
"linear",1600,"montoril",129,82.378,102.27499565397,398.165756096394,66.0964587104484,562.2522836321,114.323051536005,12.5777419764977,939.894378758024,64.1871995606318,1.24153288079305,4.83339916114004,0.802355710389283,6.82527232552502,1.38778619942223,11.4095314132174,0.00149029245232404,0.00141315434565018,1.99814391378309e-07,0.000737908382269059,0.00240929724809919,7.08981710448259e-06,6.83394033199021e-06,3.02456208260322e-12,4.13861678595275e-06,1.06611903415049e-05,-3220.77131378675,0.0831533938884316,0.0631789926354616,0.9775,0.425240257486935
"linear",1600,"montoril",12,79.564,61.7510865405593,215.854269606616,142.663054119711,601.805043567181,97.7443100924513,8.53466184658654,751.167492027745,45.7654493396446,0.776118427185151,2.71296402401357,1.7930603554335,7.56378567652683,1.22849919677808,9.44104735845037,0.00130662682742566,0.00126506901456881,1.24160799521336e-07,0.000670298658750911,0.00205063385243958,6.78751625647406e-06,6.54753269799237e-06,2.66995090176071e-12,3.98071935644637e-06,9.99302482333328e-06,-3172.91417898424,0.0868044680245651,0.0715780159381452,0.98625,0.417541689478104
"linear",1600,"montoril",130,82.726,92.2569789758701,336.068065851961,105.31317758665,743.402444644044,96.7837133506145,9.47960778779584,722.878200409784,25.8132330581022,1.11521140845526,4.06242373439983,1.2730360175356,8.98632164789842,1.16993101746264,8.73822257101496,0.00129936598256265,0.00125186491629199,1.24717086067318e-07,0.000697805346331428,0.00200335483933765,6.90663728353702e-06,6.67095681732514e-06,2.78113624033771e-12,4.01770643063609e-06,1.02123346777852e-05,-3129.49555284536,0.0856258087656797,0.0700406985398363,0.985625,0.414612079672664
"linear",1600,"montoril",131,82.291,83.1534474721798,426.244088967023,122.437467428784,1093.49762098567,93.7186259020864,9.49656633587047,727.776089948185,98.103757212933,1.01048045925046,5.17971696743292,1.48785975901112,13.2881800073601,1.13886847774467,8.84393299325789,0.00124952193251215,0.00120197005537412,1.0091793075583e-07,0.000692452309710151,0.00188884446771747,6.64575428256471e-06,6.44461970423575e-06,2.36627674785779e-12,3.89594634769169e-06,9.72051748261924e-06,-3211.37254317413,0.0767864510822589,0.0640161776675263,0.991875,0.4100780410069
"linear",1600,"montoril",132,82.259,50.6329978830759,282.67906830281,122.102695071468,949.795120041276,111.976715776262,20.7222800061916,943.297568725695,120.631836667822,0.615531405476311,3.43645155305571,1.48436882373318,11.546397598333,1.36127008322812,11.4674086571159,0.00139030280446733,0.00131749566103877,1.80370993320133e-07,0.000681482276709064,0.00225456969679029,6.63402969827087e-06,6.43543512819967e-06,2.33685571147289e-12,3.94952184505263e-06,9.66966304091507e-06,-3205.91465780452,0.0733498998763945,0.0593231571107351,1,0.410065087012541
"linear",1600,"montoril",133,80.813,117.82480647622,377.895855547346,8.36484684027707,557.322339384922,111.870743246855,10.8641690791886,855.238416786378,159.549035042848,1.45799322480566,4.67617655015092,0.103508678557622,6.89644412885207,1.38431617743253,10.5829311717963,0.00139129012495226,0.00132419321339566,1.65575406784135e-07,0.000714044802850694,0.00221011851897182,6.87584423270727e-06,6.63932130092164e-06,2.57595324408698e-12,4.069661146084e-06,1.0105067594729e-05,-3170.47263507241,0.0723996802600879,0.0540065441246096,0.9875,0.417077288934539
"linear",1600,"montoril",134,80.922,79.6050370742619,250.0008330417,112.52308905504,798.963604633977,105.63128499672,6.26537434091762,865.973591189675,20.2835286704168,0.98372552673268,3.08940502016387,1.39051295142285,9.87325578500255,1.30534693898717,10.701336981163,0.00143900974815895,0.00136163722197411,1.75882104537022e-07,0.000738230508156938,0.0023037883149828,6.99805385805214e-06,6.77291728834184e-06,2.87864768206973e-12,4.06923260807307e-06,1.03939309370633e-05,-3167.21383487654,0.0760147852019506,0.0605862838851466,0.990625,0.423002041706514
"linear",1600,"montoril",135,83.664,62.4121868371743,384.270509107768,58.2360687056162,651.197410582337,108.304569317885,12.2758687506813,894.297700977369,170.620996383653,0.745986168927786,4.59302100195745,0.696070815471603,7.78348406222911,1.29451818366185,10.6891578334453,0.0014025183807431,0.00135310829532503,1.58338381289373e-07,0.000721034129662125,0.00218087361694545,6.92645807585292e-06,6.71473886311715e-06,2.67740386409646e-12,4.04241412266003e-06,1.0099905053769e-05,-3221.45971661977,0.0821069683937516,0.0666096719596735,0.989375,0.417272733429676
"linear",1600,"montoril",136,80.324,73.3905065303571,369.130296239729,23.9789934907315,629.130757629104,104.871391605148,13.414459106576,874.130771048261,86.4203598198589,0.913680923887718,4.59551685971477,0.298528378700407,7.83241319691628,1.30560469604537,10.8825602690138,0.00142756672403645,0.00137710072341382,1.48723883708637e-07,0.000766451676861064,0.00220565229872012,7.2284191770157e-06,6.98537130694549e-06,3.02890176966644e-12,4.22082408611258e-06,1.06809059990714e-05,-3197.88427975258,0.104277616796177,0.0825898475685307,0.978125,0.428503750734111
"linear",1600,"montoril",137,82.5,71.9468899460669,317.026336816541,136.578312779911,819.201556765776,103.654656235525,9.63456228369423,827.804871163101,129.625884850367,0.87208351449778,3.84274347656413,1.65549470036256,9.92971583958517,1.25642007558213,10.0339984383406,0.0013584485683076,0.00132032648823396,1.35655505459521e-07,0.000724325487700878,0.00207430590574018,6.8905946668867e-06,6.68404069087214e-06,2.54454492242961e-12,4.09300437089369e-06,1.00464987394888e-05,-3183.62550313327,0.0953609428007866,0.0712157406765273,0.981875,0.421027310457863
"linear",1600,"montoril",138,80.611,65.4714352698064,327.174617355431,111.719580775127,749.151075040245,108.072107938853,25.8454051459456,823.990008001736,206.67399413218,0.812189840962231,4.05868451396745,1.3859098730338,9.29341001898308,1.34066204288315,10.221806056267,0.00131289295723464,0.00127335128389283,1.18597438537842e-07,0.00068895412175709,0.00199644241219661,6.70634652167932e-06,6.47784781904597e-06,2.4996415872928e-12,3.97793279745405e-06,9.88772490333262e-06,-3214.79993511445,0.0730874033259757,0.0573549635641001,0.993125,0.409510765287812
"linear",1600,"montoril",139,81.969,83.3340524687219,285.671073509695,142.642730890842,945.04587323061,107.357714909359,14.102667768506,810.888080734706,175.774554869406,1.01665327707697,3.48511112139583,1.74020338043458,11.5293083144922,1.30973556965876,9.89261892587082,0.00137575828938062,0.00134635355904918,1.12994161535882e-07,0.000770564370166588,0.00203549881722098,7.15033276158595e-06,6.9074235334917e-06,2.82929755578952e-12,4.20221740963965e-06,1.04951883355191e-05,-3177.19610337267,0.0721541147833623,0.0585133401129861,1,0.422142665338888
"linear",1600,"montoril",13,79.657,37.7794753192077,211.421397234904,103.910863518544,688.72238325522,93.4806235133259,5.44730314484344,706.123530169536,30.456674902208,0.474276903714774,2.65414712121852,1.30447874660788,8.64609994420101,1.17353934385334,8.86455088905603,0.00127095558382956,0.00122478943729626,1.38736500085837e-07,0.00062930597697026,0.00199126044531942,6.70849835952875e-06,6.49393864869763e-06,2.4493012178983e-12,3.9838457306843e-06,9.8327675898158e-06,-3132.77317617451,0.107206632843208,0.0846048244425843,0.953125,0.418911646184148
"linear",1600,"montoril",140,82.612,58.7866246764,235.280706857936,120.525800641607,650.787662437305,110.578515253175,11.8881301025694,829.189605026998,96.7726442888053,0.711599097908294,2.84802095165274,1.45893817655555,7.87764080808243,1.33852848560954,10.037156890367,0.00133680996003716,0.00128687419372457,1.35713382508545e-07,0.000691624277144079,0.00205606867415369,7.26861907888344e-06,7.04119250913158e-06,3.13062201568344e-12,4.16208244486077e-06,1.07556596304824e-05,-3131.73547941071,0.0997314525769211,0.0750035399917731,0.9375,0.412060816254423
"linear",1600,"montoril",141,79.718,59.9170671074407,208.108949548582,85.7254403517301,737.171187204391,107.749994754417,33.1735786889656,828.373047555322,146.316167055505,0.751612773870904,2.61056410783741,1.07535864361537,9.24723634818223,1.35163946353919,10.3912924001521,0.0013905670169636,0.00132701813469256,1.61101852099686e-07,0.000704544762841293,0.00220350834488743,6.85249955122404e-06,6.64062660057147e-06,2.66565242656237e-12,3.99845471383684e-06,1.01015374534954e-05,-3215.74880639771,0.0684199162660584,0.0547461447238394,1,0.412953315441364
"linear",1600,"montoril",142,80.583,97.1068792692068,296.562918062216,93.7240123286443,707.333822810724,102.875781184762,7.50417949649942,805.452607322791,74.8804577470556,1.20505415868368,3.68021689515426,1.16307425050748,8.7777052580659,1.27664372367325,9.9953167209311,0.00134041000249983,0.00129317777241149,1.41897576801267e-07,0.000673988474651045,0.00210533123447178,6.88176276894326e-06,6.65787831189119e-06,2.64608707917017e-12,4.09104136256119e-06,1.01328163319462e-05,-3188.14333963744,0.0839678965285679,0.0619272779107648,0.9725,0.414507375591538
"linear",1600,"montoril",143,82.353,68.366100132604,289.453350773692,122.398903430135,581.490741483871,115.007994248227,14.3534499616195,908.509950876586,143.56097941721,0.830159194353624,3.51478817740327,1.48627133717212,7.06095396019417,1.39652464692515,11.0318986664309,0.00142685016027039,0.00137493937930359,1.53178913620291e-07,0.000751537861693202,0.00222235512873974,7.15397013157383e-06,6.93665422968295e-06,2.93252544452989e-12,4.18785281780932e-06,1.05266347562266e-05,-3185.04916783677,0.0861867120021933,0.0698386083657565,0.981875,0.418194275132168
"linear",1600,"montoril",144,79.828,18.377273314529,232.856650682458,121.366217089299,696.15094455006,106.432916792182,11.4425262449097,884.850382274342,98.3955660925261,0.230210869801686,2.9169796397562,1.52034645850201,8.72063617465125,1.33327800761866,11.0844613703756,0.00142354687036399,0.00137418291123297,1.40383483662028e-07,0.000770888968732348,0.00217092813464153,7.0264211529419e-06,6.80621397644857e-06,2.78561039434085e-12,4.12015799505919e-06,1.03463584303645e-05,-3196.44175999173,0.0776759164023604,0.0616086761178774,0.99875,0.420077491427204
"linear",1600,"montoril",145,80.241,102.518985509553,316.61869038231,69.8769611207482,521.136254229115,114.398095970197,16.124857348258,956.751016849576,119.931841509557,1.27763843308973,3.94584676639511,0.870838612688628,6.49463808064599,1.42568133460696,11.923468262479,0.00149260984492417,0.00144133500537256,2.01142025955778e-07,0.000693732849624699,0.00234512769515219,6.7814846842812e-06,6.5590320087085e-06,2.66214804452257e-12,3.90349933243009e-06,9.96047416797675e-06,-3179.92170750543,0.078421149312559,0.0648173010096052,0.999375,0.427331743710981
"linear",1600,"montoril",146,80.143,99.628663429083,399.527332982449,87.7611404328349,953.335511978754,126.805049278904,16.3466141557986,1102.16576678478,159.223753205831,1.2431361869294,4.9851806518654,1.0950568413066,11.8954308171488,1.58223487115411,13.752489509811,0.00156475354060071,0.00150658239086982,1.95442558093397e-07,0.000810371960124616,0.00246054707986692,7.11230875292861e-06,6.90317926091422e-06,2.85797449618376e-12,4.17740474550186e-06,1.04544533157022e-05,-3215.41588971812,0.0788688977851262,0.0644474291122681,0.99875,0.425021339765446
"linear",1600,"montoril",147,79.737,36.4595758196196,225.327736244945,108.401712263534,857.114999566301,107.570183931171,4.46088937722279,880.129021672342,102.6461263075,0.457247900217209,2.82588680593633,1.35949072906598,10.7492757385693,1.3490623415876,11.0378998667161,0.00141258309699951,0.00135340755306617,1.57691835821128e-07,0.000748044922554107,0.00222165486947808,6.97125368290615e-06,6.74765278444471e-06,2.71202001968666e-12,4.02549557699076e-06,1.02517717298367e-05,-3169.57772617258,0.0843470079723767,0.0667063730590065,0.9925,0.42250322499588
"linear",1600,"montoril",148,82.505,111.207031870446,371.844169310176,106.457707683453,915.101039947531,120.052712120909,11.4504430982222,1066.22566433026,66.8553153425266,1.34788233283372,4.50692890503819,1.29031825566272,11.0914616077514,1.45509620169576,12.9231642243532,0.00160315083943738,0.00155116459814416,1.92867202020636e-07,0.000814199574593317,0.00245727926923676,7.0619264317532e-06,6.82456233150098e-06,2.7423080047478e-12,4.21799326256216e-06,1.03692958285383e-05,-3197.26355912185,0.0860078606274948,0.0712067326364178,0.989375,0.429935477065217
"linear",1600,"montoril",149,82.785,90.2605500588308,276.743466341849,82.5234633720458,561.61498593746,122.446241145192,9.24314807398262,1044.87074430912,63.2219264806259,1.0903007798373,3.34291799651929,0.99684077274924,6.78401867412526,1.47908728809799,12.621498391123,0.00159498346741809,0.00153429613497458,2.05104656493609e-07,0.000815195561944413,0.00252884711620643,7.14103740845218e-06,6.89451560778288e-06,3.05532038866431e-12,4.13987259934846e-06,1.07382552196068e-05,-3239.15556889033,0.085806404203772,0.0715118918757222,1,0.429093484244977
"linear",1600,"montoril",14,83.362,75.5722415788876,254.829837802292,123.738919608403,811.065122999503,109.246910608867,31.3880343488641,895.093333466995,136.798544679829,0.906555044011511,3.05690647779914,1.4843564166935,9.72943455050866,1.31051211114017,10.7374263269475,0.00140228030977703,0.00134165492180093,1.469465508084e-07,0.000761701677548823,0.00218129236254569,6.86271244548286e-06,6.62518623788438e-06,2.70283173341016e-12,4.04159206291916e-06,1.01237470717726e-05,-3213.7499020078,0.0778872074108675,0.0634625975220789,0.995625,0.423902636288658
"linear",1600,"montoril",150,79.83,48.2893484617937,237.494000966778,115.236216794439,699.280011705881,102.543476900289,10.7507339063879,854.216247864216,46.3231514754818,0.604902273102765,2.9749968804557,1.44352019033495,8.7596143267679,1.28452307278327,10.7004415365679,0.00141395468460266,0.0013631277313684,1.51680453816477e-07,0.000701896798988665,0.00219566109892769,7.07213945367453e-06,6.82335825454913e-06,2.87622474274056e-12,4.08584101520318e-06,1.04003262373939e-05,-3171.74206692517,0.0804413914763249,0.0647152502215202,0.98625,0.420077708456256
"linear",1600,"montoril",151,80.201,109.678342299015,367.038623765149,81.2532164595419,600.998210379323,115.990752254546,5.94301534258735,1030.28475249161,82.8723581040174,1.36754332613078,4.57648438005946,1.01311974239151,7.49364983453227,1.44625069830234,12.8462831198066,0.00152765293568952,0.00146263019125369,2.17311814229201e-07,0.000745507163792669,0.00245174002038605,7.05770983838074e-06,6.83773333499996e-06,2.84341573370384e-12,4.21199246425034e-06,1.04605180334132e-05,-3208.98231224477,0.0743172659906902,0.0593793182943655,0.99125,0.423958705863615
"linear",1600,"montoril",152,80.055,52.5939743183194,253.527107296714,74.1568347439985,569.818232414267,124.571700557685,28.7906470544833,1078.91894968539,64.6132872302557,0.656973010034594,3.16691158949115,0.926323586834033,7.11783439403243,1.55607645440865,13.4772212814364,0.00163118828269435,0.00155222865416384,2.36703114934351e-07,0.000843631527014219,0.0026469130134761,7.44404816765159e-06,7.19114848305017e-06,3.34038232608009e-12,4.22424642987823e-06,1.11011543733278e-05,-3210.36029406302,0.0962441590501367,0.0790839403595938,0.985625,0.429509403123132
"linear",1600,"montoril",153,81.764,82.9181584927096,313.627239490027,70.3595466795338,859.016568299929,112.705229551202,7.02808090761343,911.728491635414,83.0249509767081,1.01411572932721,3.83576194278689,0.860519870352892,10.5060487292687,1.37842118231988,11.1507324939511,0.00145659593215602,0.00139818851550199,1.69316608243598e-07,0.000748445267840681,0.00228664256984138,7.17776171662625e-06,6.95971674446413e-06,2.88953086491946e-12,4.22917978820672e-06,1.05537284340751e-05,-3197.72743432855,0.0951760836855355,0.073265550963882,0.986875,0.422783895443291
"linear",1600,"montoril",154,80.412,79.3019875736632,470.186067641801,107.001800165436,636.576651044217,116.112878565215,13.1161908276433,910.899018469805,158.731755135981,0.986195935602437,5.84721270011691,1.33066955386555,7.91643847988132,1.44397451332158,11.3278990507611,0.00145244332612589,0.00140397945506255,1.61988404471832e-07,0.000745545727346569,0.00224893426358006,7.28487612403161e-06,7.04986384722204e-06,3.08509120068535e-12,4.37526283061454e-06,1.08491549127922e-05,-3194.78607292996,0.088137586172234,0.0715316043517255,0.994375,0.424259776876339
"linear",1600,"montoril",155,82.364,73.3031812614546,343.844503448035,168.617363689577,692.816180619421,109.404184724727,37.8846440722752,889.561573316068,226.962731301561,0.889990545158742,4.17469408294928,2.04722164646663,8.41163834465811,1.32830101409266,10.8003687693175,0.00139275318918034,0.00135476971957223,1.26453638399349e-07,0.000762074527952248,0.00210703759008086,6.84171151870256e-06,6.59767063335826e-06,2.74039455495882e-12,4.00104792736327e-06,1.01603708176624e-05,-3204.57736828018,0.0692696658497719,0.0569610253245125,0.9975,0.415521745722433
"linear",1600,"montoril",156,82.296,83.4679990702532,261.212659492401,72.8945986679132,594.603822302183,101.218526934085,4.26829731577424,769.126592452763,20.2434130324267,1.01424126409854,3.17406264572277,0.885761138669112,7.22518497013442,1.22993252325855,9.34585632901676,0.00134674674319884,0.00126586065579088,1.747104477663e-07,0.000666266843943962,0.00220044743021425,6.99803179121856e-06,6.74300839759539e-06,3.02903769488933e-12,4.04869327643442e-06,1.04994701111631e-05,-3224.81292598191,0.0775853268436488,0.0628677113739265,1,0.417954410466806
"linear",1600,"montoril",157,79.953,134.990461069565,453.991382726084,119.977282022919,740.918410204295,109.352314060976,12.9181817953474,850.084296446153,142.581351224483,1.68837268232042,5.67822824316891,1.50059762639199,9.26692444566552,1.36770745389136,10.6323001819338,0.00142416549191022,0.0013667336825454,1.64676437330142e-07,0.000715825206855294,0.00219616332001927,7.16933270098904e-06,6.90673046620553e-06,3.1877359751046e-12,4.1223226331555e-06,1.07335480929507e-05,-3213.84508811361,0.0835200888160952,0.067071510587317,1,0.417963415187643
"linear",1600,"montoril",158,80.023,108.809853071871,454.491560003214,118.709304124889,713.61550183116,120.666589354038,18.705547818072,975.700265518975,255.675813068452,1.35973224037928,5.67951164044355,1.48343981261499,8.91762995427765,1.50789884600725,12.1927479039648,0.00149010037782986,0.0014339709509781,1.73443731158027e-07,0.000778064246017339,0.0023377647000402,6.93137146728581e-06,6.63898732183798e-06,3.12934231921265e-12,3.97327834457156e-06,1.0429414910669e-05,-3183.45102776898,0.0707840630184852,0.0551272018429429,0.994375,0.422671259982694
"linear",1600,"montoril",159,80.551,76.0514855313528,303.742592326332,111.345716216664,825.904935176555,102.202859341647,7.63024682583914,783.792206293205,76.370922932757,0.944140799386137,3.77081094370439,1.3823008555656,10.2531928241307,1.26879690310048,9.7303845550422,0.00137397413837949,0.00133041542469497,1.4133599168925e-07,0.000706749649678976,0.00211639047302287,7.03290033701852e-06,6.80842305048193e-06,2.72154193944801e-12,4.18111350096543e-06,1.03116292445022e-05,-3203.10478423406,0.0912971274238316,0.0755384127820082,0.985625,0.419740216780081
"linear",1600,"montoril",15,79.379,70.9066218582925,225.238917962992,85.4074344409911,711.082845269251,98.0455583847256,26.3292189875425,751.060597136816,155.586475345057,0.893266756425409,2.83751266661198,1.07594495321169,8.95807260445774,1.23515738904151,9.46170394105262,0.00132539121035898,0.00125412903630054,1.56015500796404e-07,0.000691558737134306,0.00212076449962333,6.78163755638257e-06,6.55911673129507e-06,2.65457822166987e-12,3.88099005444814e-06,9.99669534098761e-06,-3198.04576716666,0.0796978965515526,0.0633411414032529,0.990625,0.412103547731049
"linear",1600,"montoril",160,82.928,70.658911210957,245.068666217672,158.545033660995,778.712153411242,94.8681789294006,11.0315243196744,755.994871238424,50.0478075050721,0.852051312113605,2.95519807806377,1.911839591706,9.39021987038445,1.14398247792544,9.11628004098041,0.00128996133311557,0.00124984035628915,1.15917755401111e-07,0.000706310911388639,0.00194835847644504,6.83621498554348e-06,6.6130267715532e-06,2.69896697104469e-12,4.03726319185531e-06,1.01730806973654e-05,-3175.33619723878,0.0790722777855642,0.0639447264701654,0.98125,0.409365421177858
"linear",1600,"montoril",161,84.024,78.254684936928,347.465395287962,113.824268277687,780.887094048818,113.22245030741,12.190091900836,935.939665631643,88.1227209772472,0.931337295736075,4.13531128353759,1.35466376603931,9.29361960926423,1.34750131280837,11.1389563176193,0.0014074727239557,0.00133463171034543,1.6632996762966e-07,0.000740690444429116,0.00225344349037559,7.04733196400905e-06,6.83478450775922e-06,2.70787889033758e-12,4.1867120761781e-06,1.0425637638046e-05,-3175.75232321556,0.08113282076517,0.0647639844109317,0.99625,0.419527414624019
"linear",1600,"montoril",162,80.53,61.5157147861539,224.528172803652,101.019289068658,584.188895032336,98.2838018260106,9.51130139400358,714.594419386607,20.6671232774118,0.763885692116651,2.78813079353846,1.25443051122139,7.25430144085851,1.22046196232473,8.87364236168641,0.00125924122354697,0.00122453104977746,1.05487056078709e-07,0.000650560394129068,0.00189776495616611,6.73040508937845e-06,6.53063435261756e-06,2.49746111055706e-12,3.99791370705768e-06,9.84311725943352e-06,-3188.33753810653,0.0813751342784315,0.0647155312055783,1,0.41302809492597
"linear",1600,"montoril",163,82.186,86.3640243792593,251.199426882531,129.172696771603,798.14184874992,124.434630005049,10.9563582831995,1103.68102591462,41.9306987928084,1.05083620542744,3.05647466578896,1.57171168777655,9.71140886221401,1.51406115402926,13.4290636594385,0.00158128244057124,0.00153928177189503,1.72738356706091e-07,0.000842169177219988,0.00240378690866539,7.02127996857393e-06,6.79612372682963e-06,2.70827373424072e-12,4.10706508303876e-06,1.02871459775109e-05,-3206.42613744133,0.0891483965164789,0.0729375775529115,1,0.429129299440242
"linear",1600,"montoril",164,80.13,62.0683148585169,365.761943016354,70.0196537455375,610.109677977952,123.449649498135,24.5104599311698,1031.54264447676,152.907910854248,0.774595218501396,4.56460680165174,0.873825705048515,7.61399822760454,1.54061711591332,12.8733638397199,0.00150821587414287,0.00145487604737417,1.81047877679129e-07,0.000771984790063577,0.00237646444116639,7.29329334831493e-06,7.00824812123192e-06,3.45994829065937e-12,4.15236473746727e-06,1.10826814716367e-05,-3194.6307695744,0.0844500775055132,0.0683118649406019,0.984375,0.421176965453988
"linear",1600,"montoril",165,80.576,99.6700708127656,327.045694934847,62.3299402245727,826.321965468933,121.622478003518,5.12175193288644,1075.39675606812,20.1710008359559,1.23696970329584,4.05884748479506,0.773554659260483,10.255187220375,1.50941320000395,13.346365618399,0.00162629643815027,0.00157021564492017,2.23622025609315e-07,0.000811994794886344,0.00255533624077148,7.17993386431093e-06,6.95934824233208e-06,3.04296670123372e-12,4.12069116086619e-06,1.06392324177493e-05,-3231.10644216482,0.0833766810946391,0.0673034273580487,0.998125,0.430639564072374
"linear",1600,"montoril",166,80.53,49.9550828923127,183.695184311353,109.796068300218,683.801573099169,105.370227634763,10.2127339794955,869.221029947359,96.230056881465,0.62032885747315,2.28107766436549,1.3634182081239,8.49126503289667,1.30845930255512,10.7937542524197,0.00141030017327635,0.00136599816490082,1.43562052506709e-07,0.000738260216998971,0.00216805921294965,7.02414801074166e-06,6.77592336601594e-06,2.73426038180725e-12,4.15824836813815e-06,1.0327124771643e-05,-3191.476933759,0.0773868091842651,0.0635032632425851,0.991875,0.421816880777713
"linear",1600,"montoril",167,81.932,40.273860360169,163.811179512414,100.867668135463,665.015778406867,125.654608660816,23.6430350519943,1106.19317755307,51.4005971654118,0.491552267248071,1.99935531309395,1.23111443801522,8.11667942204348,1.53364507958815,13.5013569490927,0.00162809828530694,0.00158340199689977,1.96192025893508e-07,0.000811771991446649,0.00247862251952894,7.39834244305115e-06,7.14752198194081e-06,3.21587375781396e-12,4.18442543122513e-06,1.09320363136999e-05,-3238.64238556428,0.0794672047757731,0.0623032450764568,0.990625,0.430995641922127
"linear",1600,"montoril",168,80.528,75.7571091512179,319.233398539163,126.403924771395,860.193610129628,103.887455389248,8.98322339547465,772.858533805283,134.691350713955,0.940754882167916,3.96425340923856,1.56968911150649,10.6819194581963,1.29007867312299,9.59738890578784,0.00134607825182821,0.00128656235432448,1.35899877195519e-07,0.000720504749436869,0.00209353442411851,6.87298600264804e-06,6.64255861330347e-06,2.65705119016706e-12,4.02226548996119e-06,1.01423055380877e-05,-3183.86705595003,0.0885646782978482,0.0692823114394243,0.9825,0.413793529210042
"linear",1600,"montoril",169,80.762,81.9178088087556,270.733015378752,72.3149524214315,818.254215036369,133.898619228905,31.8710025854204,1257.5641922416,92.0533705703192,1.01431129502434,3.35223267599554,0.895408142708595,10.1316734978872,1.65794085372954,15.5712363765335,0.00176472501169888,0.00170168823081213,2.66734619653935e-07,0.000836533662108923,0.00274063602530975,7.39057021283456e-06,7.11493942585375e-06,3.46018328871521e-12,4.19694523246987e-06,1.11054153125861e-05,-3226.2147657272,0.0850520195072373,0.0670885772259023,1,0.43868192949135
"linear",1600,"montoril",16,82.029,48.6981444893824,204.37185264426,92.4080823008323,842.647573796387,100.036350047017,16.6476842102392,800.905179360354,73.4208720309412,0.593669854434193,2.4914585408119,1.12652942618869,10.2725569468894,1.21952419323675,9.76368332370691,0.00134772098019131,0.0012982938339226,1.25939641051444e-07,0.000741584647048189,0.00204134518714701,6.94545698531286e-06,6.70993649992342e-06,2.67058953468648e-12,4.07759703368403e-06,1.02361905780605e-05,-3197.54298458057,0.084534596649489,0.0658862398046143,0.986875,0.419019461455098
"linear",1600,"montoril",170,80.618,101.358503695474,440.978104963807,113.883640265255,804.398266457537,138.340897706992,48.4420609066525,1288.35105054441,282.495836238878,1.25726889398737,5.46997078771251,1.41263291405462,9.97789906047702,1.71600508207834,15.9809354057953,0.00178397228561473,0.00171020700990567,2.97474015971674e-07,0.00084009939278633,0.00283704651740698,7.38727808404456e-06,7.12984466505252e-06,3.21838130709697e-12,4.30546338714205e-06,1.10689473931894e-05,-3165.28397221191,0.0843247336078469,0.066862608329265,0.989375,0.439515035385319
"linear",1600,"montoril",171,80.598,59.781651134535,154.210585629241,73.9107937811437,546.734744086361,89.9836388820397,7.00937753697104,694.500871120202,22.3290060947528,0.741726235570796,1.91333017729027,0.917030122101587,6.78347780449094,1.11645002211022,8.61684993573292,0.00129743152839481,0.00123787300231946,1.33660989327449e-07,0.000689645232768705,0.00199665274080905,6.81862461245784e-06,6.57533480781053e-06,2.66168902321637e-12,4.01004012537805e-06,1.01609193121118e-05,-3209.92194820559,0.0829018049937803,0.0688073362619312,1,0.420785661791382
"linear",1600,"montoril",172,82.658,34.8094259824537,274.79898055022,113.864202551995,658.74906511557,125.332094235489,24.3431487564605,1033.67157670048,150.958118783392,0.421125916214446,3.32452975574319,1.37753396588346,7.9695742107911,1.51627300727684,12.5054027039183,0.00155670556635496,0.00151861701019273,1.57976710661866e-07,0.000840195169855521,0.00233861989362905,7.24971491506663e-06,6.99688250185887e-06,3.12269041616201e-12,4.20605958200656e-06,1.07784723976457e-05,-3175.49492026158,0.0811935161402717,0.0640318308839958,0.9975,0.429507114170001
"linear",1600,"montoril",173,81.368,34.6264777640016,204.169401312675,53.6980522063067,625.465330463914,128.366225721338,24.1068637558967,1102.7242444482,112.35163844016,0.425553998672716,2.50921002498126,0.659940667170223,7.68687113440067,1.57760084703247,13.5523085789033,0.00159750132694982,0.00153495865728671,1.9828446105888e-07,0.000839625058653571,0.00250562028713918,7.49098629032556e-06,7.23219521394813e-06,3.30292385370684e-12,4.36297582656598e-06,1.11735801805172e-05,-3154.48667969254,0.0993530841011336,0.0779321803212961,0.980625,0.429798803742514
"linear",1600,"montoril",174,82.264,105.719808754356,334.285495519978,105.233047769338,1144.09185498465,118.890233051657,12.2555155682153,1031.64128130847,137.308948802449,1.28512847362584,4.06356967227437,1.27921141409775,13.9075641226375,1.44522796182604,12.5406165674957,0.00152769561410417,0.00146273593355369,2.03307408082055e-07,0.000756585864971412,0.00242194052337719,7.10668195115048e-06,6.87535444468962e-06,2.90487632290449e-12,4.16959535227411e-06,1.04989413044996e-05,-3185.24625484569,0.0647720117916568,0.0524925254623688,1,0.425102450641977
"linear",1600,"montoril",175,81.864,93.4244175470769,323.935246401518,129.01335127441,753.427861838273,103.919873807627,15.8201114395487,766.280392918271,221.148191995164,1.14121491189139,3.95699265124496,1.57594731841115,9.20340884684687,1.26942091526956,9.36040741862444,0.00135414268427817,0.00130863417612079,1.28917874858085e-07,0.000700173970849931,0.00207565636653702,6.97784189587762e-06,6.73763825646068e-06,2.76849926231072e-12,4.11462632189796e-06,1.02927618001697e-05,-3214.22829338169,0.091853231714301,0.0768586192743459,0.98875,0.415235789566068
"linear",1600,"montoril",176,81.016,64.3802572606015,179.610445901103,136.038171625743,369.628653988028,107.093569150345,24.7002313516513,862.624414327953,107.401808997158,0.794661020793442,2.21697499137334,1.67915191598873,4.56241549802543,1.32188171657877,10.6475809016485,0.00140240034937796,0.00135741705814523,1.38037340801054e-07,0.000749327464641168,0.00216558130569859,7.42415724990514e-06,7.15542346911556e-06,3.32677014429726e-12,4.35328697667003e-06,1.10882674348027e-05,-3177.08898542143,0.0872698583857777,0.0716049787926378,1,0.421112056186581
"linear",1600,"montoril",177,81.261,106.89613447922,343.007036798816,111.648364384696,719.792525418545,88.9084040681676,8.29947825353785,672.509309680615,92.1947713467341,1.31546663810709,4.22105360257461,1.37394770412248,8.85778572031534,1.09410915529181,8.27591722573701,0.00124113415686185,0.00119672806236717,1.2350806458523e-07,0.000648487571241011,0.00192937121428338,6.76639463443756e-06,6.55417673747375e-06,2.56681217212549e-12,4.05288544440301e-06,9.99924904082308e-06,-3189.57753689033,0.0793828564291136,0.0607387624075354,1,0.414034870639895
"linear",1600,"montoril",178,81.207,58.730563261698,254.234020028671,76.4822818078794,670.075051976155,117.92866841518,8.03806788226141,1034.86006174801,76.4405444280064,0.723220452198677,3.1306909506406,0.941818830985992,8.25144448109344,1.45219831314024,12.7434834650708,0.00156994476036085,0.00151046528224409,1.94374558589299e-07,0.000814628690050566,0.00244731964355112,7.12736776897189e-06,6.87714153518663e-06,3.03708244712234e-12,4.11034372489329e-06,1.05987798307102e-05,-3189.15079125305,0.0791972027215691,0.0648052646798994,1,0.430088048350361
"linear",1600,"montoril",179,80.783,66.9629045725958,264.796731282039,58.7242117475926,792.805778442658,113.117401834933,4.04507927409497,870.649117891439,42.4136922977148,0.828923221130631,3.27787692066449,0.726937743678652,9.81401753391998,1.40026245416651,10.7776279401785,0.00141161272601821,0.00135201630056998,1.48736186453558e-07,0.000746293201297789,0.00219545890733777,7.34936348496125e-06,7.10945018817529e-06,3.13010512036116e-12,4.20340779576628e-06,1.08162016500997e-05,-3218.88143906407,0.0958100070097666,0.075057501617889,0.968125,0.423540069881282
"linear",1600,"montoril",17,79.859,45.0731262134275,194.638847324687,99.0614570614363,678.511619481924,102.66684930477,5.70800858927181,774.19684234997,62.0390019188627,0.564408848262907,2.43728129984958,1.24045451434949,8.49637009581793,1.28560148893387,9.69454716875957,0.00130468045525527,0.00126713047920154,1.28354645228299e-07,0.00066314341200483,0.00200863591186771,6.96425994287287e-06,6.72228492585056e-06,2.82236014356386e-12,4.08443395899588e-06,1.03889537571032e-05,-3215.28475296326,0.0760367663578499,0.0604245066206915,0.995,0.413360319844914
"linear",1600,"montoril",180,82.14,65.3589081458659,271.081177691417,50.4768095775801,648.359960708459,104.989364171071,34.8124478205065,836.129458724631,107.706326429141,0.795701340952835,3.30023347566858,0.614521665176286,7.89335233392328,1.27817584819907,10.1793213869568,0.00130402192937685,0.00126984888974273,1.2353398939856e-07,0.000683083038771979,0.0019855930128625,6.737963989198e-06,6.49627955323145e-06,2.55132331675481e-12,3.93357344973047e-06,9.95211116638686e-06,-3191.39897596954,0.0755521367286739,0.058686162545384,0.979375,0.407083505950727
"linear",1600,"montoril",181,82.14,104.954443664624,466.568767867084,87.8504049928967,807.946174910939,107.686740096689,7.56265897646286,892.923365411193,95.5797097921857,1.27775071420287,5.68016517977945,1.06952039192716,9.83620860617164,1.31101461038093,10.8707495180325,0.00142143835128491,0.00136913597587947,1.48642799283122e-07,0.00073024757739441,0.0022071288092267,6.93906058167879e-06,6.70777537325288e-06,2.7038669627363e-12,4.07864689632443e-06,1.0228898550231e-05,-3207.99848377255,0.0776301763028008,0.0617589135906723,1,0.418488935014579
"linear",1600,"montoril",182,83.461,59.7589946408306,268.839259134274,121.358084232868,716.577580707288,112.744906293156,6.67794151665563,900.028177822327,22.1565774955282,0.716011006827508,3.22113632875563,1.4540693765096,8.58577755726972,1.35086934368335,10.7838173257249,0.00139947347426108,0.00134402641806369,1.52544420281079e-07,0.00074716131845281,0.00217253957786404,6.96291572096552e-06,6.73143736444974e-06,2.79855611543328e-12,4.09039370608405e-06,1.03323145295012e-05,-3175.55224653772,0.0802428573525936,0.0644238752587367,0.989375,0.414323484017018
"linear",1600,"montoril",183,79.935,55.006401288993,236.05056711137,33.6357523752424,812.389152257518,102.081766223893,8.15714410830594,780.274209588709,72.8000812161027,0.688139129154851,2.9530314269265,0.420788795586944,10.1631219397951,1.27705968879581,9.76135872382196,0.00135883905963635,0.00130144742032182,1.58709859111224e-07,0.000687684222293004,0.00215261305441315,6.85639554417453e-06,6.65549768418036e-06,2.49705772239086e-12,4.0953190573883e-06,1.00447804827221e-05,-3189.82121304063,0.0742652667226162,0.0588880536444834,1,0.417586157233416
"linear",1600,"montoril",184,82.551,93.5364906721565,323.73730715243,93.864665640546,848.97342426336,106.596126132474,9.10035354178607,829.103363805041,48.6264267651341,1.13307519802494,3.92166426999588,1.13705061889675,10.284229437116,1.29127601279783,10.0435290160633,0.00137473930876964,0.00130615537132309,1.48982997181733e-07,0.000756604257402294,0.00213672701962234,6.97496760717606e-06,6.76060470704083e-06,2.63264480804233e-12,4.1807785143077e-06,1.02586338848817e-05,-3188.44925159673,0.0999510873574728,0.0832203920591151,0.98375,0.416896523725837
"linear",1600,"montoril",185,84.29,43.5033402097946,168.876696095293,62.2060294237565,711.094622589187,120.786889226704,13.356139490627,1044.57864216202,94.5676780468766,0.516115081383255,2.00351994418428,0.738000111801596,8.4362868974871,1.43299192343936,12.3926757878992,0.00159855452417706,0.0014960809581103,2.79079491545399e-07,0.000793650265602042,0.00268308752351249,7.24913321582991e-06,6.98786927243611e-06,3.2449049570673e-12,4.21499380444641e-06,1.07965485248102e-05,-3197.6274910927,0.094413949565001,0.0755287920812304,0.98375,0.427241374088876
"linear",1600,"montoril",186,83.04,55.7355242041996,249.818942033532,100.508559840535,498.247657583362,113.597112406262,20.4321860998332,944.496210374095,147.254779261405,0.671188875291421,3.00841693200304,1.21036319653824,6.00009221559925,1.36798064073052,11.3739909727131,0.0015020248639461,0.00142514123772377,1.76669323374254e-07,0.00080405115011172,0.00236816330131752,7.1516186027241e-06,6.89316141536924e-06,3.00752728836954e-12,4.11544966161977e-06,1.06692177044969e-05,-3188.23930591218,0.0891615517172209,0.066968780927763,0.971875,0.431480204049732
"linear",1600,"montoril",187,79.872,83.813271989418,241.342900093911,82.0260075874089,384.157095443492,120.993586910966,11.6618797349837,1080.9432998846,25.8711233031014,1.04934485163033,3.02162084452513,1.02696824403306,4.80965914767993,1.51484358612487,13.5334447601738,0.00155983037500884,0.0015035083554313,2.16660306706914e-07,0.000765807738141753,0.00245813953988611,7.0359719952862e-06,6.80515694712429e-06,2.77830607859584e-12,4.17101140709511e-06,1.03591654158489e-05,-3180.10210853909,0.0744015198051119,0.0607511927138244,0.999375,0.429164714349638
"linear",1600,"montoril",188,80.108,104.358647546726,299.288982434928,128.15274695023,965.81522778502,117.127345865844,4.8476305382445,966.351895107282,67.9243747821974,1.30272441637197,3.73606858784302,1.59974967481687,12.0564141881587,1.46211796407156,12.0631134856354,0.00141466166753351,0.00135862704942696,1.54603007830542e-07,0.000742361646228144,0.00215669199414958,6.85906538022397e-06,6.64686608848684e-06,2.53554818814748e-12,4.07232527174098e-06,1.00593190343919e-05,-3194.21735223447,0.0841631971347073,0.0700838104967052,1,0.413222076620839
"linear",1600,"montoril",189,80.203,37.8549376949164,197.817407424537,113.1263568461,764.35266872581,111.997226580851,7.4440555958826,937.289227345374,133.339462086464,0.471989048974681,2.46645895321294,1.41050031602434,9.53022541208944,1.39642191165981,11.6864609471637,0.00147088938278769,0.0014234414962161,1.37979699203689e-07,0.000818541710660544,0.00220379548426673,7.23236630514787e-06,6.99657085843045e-06,2.98485641636352e-12,4.2369968602744e-06,1.07038119301456e-05,-3204.74115581685,0.0761423559360291,0.0595212846051222,0.99875,0.425279003996932
"linear",1600,"montoril",18,79.693,74.6717556838038,184.151907853657,92.0369752047984,910.377109144987,122.498730974075,16.2309056510684,1037.34572757709,80.3991760017495,0.936992655362501,2.31076641428554,1.15489409615397,11.4235517441304,1.53713288462068,13.0167734628774,0.00157903645029973,0.00152550780318129,1.95135265617365e-07,0.000785934692817138,0.00242765163689549,7.02760931321143e-06,6.80093853938021e-06,2.82853683263953e-12,4.17119776376294e-06,1.05250197623199e-05,-3183.03836425045,0.0815196095142982,0.0662301887974398,0.993125,0.427367270415623
"linear",1600,"montoril",190,80.826,52.0668587270345,289.34825651498,121.350541827482,774.824170230676,109.554369428968,10.2260612070393,861.202925352023,150.83170221965,0.644184528827785,3.57989083358054,1.50138002409475,9.58632333940411,1.35543475402677,10.6550234497813,0.00140833293293938,0.00135011515276768,1.4665815573851e-07,0.000744133945805379,0.00217102842299733,7.12791857465733e-06,6.90927764435881e-06,2.83348712912303e-12,4.22954624531797e-06,1.04953665431732e-05,-3169.09438085132,0.0875438814432467,0.065973111518501,0.989375,0.423754193949383
"linear",1600,"montoril",191,80.347,62.0383347080263,310.834060411531,75.6392980521539,572.124793723487,128.290445283201,21.0142601964363,1139.01626520689,91.9277797361789,0.772130069673122,3.86864550526506,0.94140786902005,7.12067399807693,1.59670485871533,14.1762139869178,0.00168491838697123,0.00161393680749374,2.26112641938526e-07,0.000845153782888974,0.00266276510132727,7.79252748247921e-06,7.5135438528655e-06,3.93822045902932e-12,4.41204192512749e-06,1.172020882565e-05,-3186.1536449055,0.0925546987923129,0.0690549352220608,0.983125,0.441353432051772
"linear",1600,"montoril",192,80.899,62.4675324370651,204.807562910071,121.49675746946,707.584944174682,104.828394092826,11.3172254463469,854.259525047623,114.803541545763,0.772166929592023,2.53164517373603,1.5018326242532,8.74652275274951,1.29579344729633,10.5595807741458,0.00141632230095158,0.00135001771782289,1.60218895034978e-07,0.000721500555994781,0.00222741972156911,7.0519836409581e-06,6.86486727392993e-06,2.64151707026019e-12,4.19189686756545e-06,1.02995977042461e-05,-3231.91129893689,0.0944304384501679,0.0763016773088903,0.973125,0.420360806191606
"linear",1600,"montoril",193,81.256,61.34921310739,165.504760221182,123.204597723244,954.972330133447,112.920126611046,20.0838834017551,904.305855089567,116.31937247399,0.75501148355063,2.0368312521067,1.51625231026933,11.7526377145497,1.38968355088912,11.1290963755239,0.00136071036923573,0.00129331796412743,1.57701728759942e-07,0.000669622600508565,0.00215346581857207,6.79457641331561e-06,6.58297646847688e-06,2.42248228436617e-12,4.04612554797608e-06,9.88669557280392e-06,-3194.41941119471,0.0797594702240411,0.067280491226765,0.998125,0.408798901621624
"linear",1600,"montoril",194,79.527,64.6500869569039,281.625604799331,113.673157570132,918.74230897006,119.447278080606,19.5222375185385,1062.41578414287,130.465232640814,0.812932550667118,3.54125774641733,1.42936559369939,11.5525835121413,1.50197138180248,13.3591834740763,0.00159139402778581,0.00153684076898697,1.79204965078448e-07,0.000853610642858139,0.00242020237565359,7.23929016629352e-06,7.00447581197846e-06,3.02364916793713e-12,4.19339817930191e-06,1.07050987326115e-05,-3164.11789974131,0.0768528634512572,0.0591332899522765,0.993125,0.430942853176738
"linear",1600,"montoril",195,84.461,73.5617775986082,238.12097245018,115.072110091695,937.152051438916,132.266993665119,30.7629859981569,1157.42989731375,167.796712874115,0.870955560538097,2.8193008897619,1.36242893278194,11.0956779038718,1.56601264092444,13.7037200283415,0.00161685576123494,0.0015693067977043,1.77515234197194e-07,0.000863892994165915,0.00246078411281596,7.28013122477867e-06,7.05806952563139e-06,2.95770097069768e-12,4.26501354956383e-06,1.06965740793847e-05,-3163.2185934628,0.0916947266790429,0.0738436165229647,0.978125,0.426903521374039
"linear",1600,"montoril",196,83.765,43.7000404788781,241.063338199402,65.8253969396567,565.804552409416,104.023972550349,17.259115195985,749.774821166777,87.5074531658825,0.521698089642191,2.87785278098731,0.785834142418155,6.75466546182077,1.24185486241687,8.95093202610609,0.00130997974198441,0.00125284879603187,1.30119218513239e-07,0.00069545177201975,0.00206649514545881,6.9067572921204e-06,6.68285434535987e-06,2.62688678039231e-12,4.09810631147094e-06,1.01551224916114e-05,-3227.58416968166,0.0888647456673905,0.0729826621944781,0.99125,0.413614229188061
"linear",1600,"montoril",197,80.638,42.6094982318337,172.204396857978,44.5445948343167,707.985916309222,91.1751761260869,6.00705607582097,677.869051687802,36.3468803715302,0.528404700412134,2.13552415558394,0.552402029245724,8.77980500891915,1.13067258768926,8.40632272238649,0.00121619932172132,0.00117902282337484,1.01216424267092e-07,0.000642372484297857,0.00184720320916343,6.68935419815658e-06,6.48822005622429e-06,2.46074114201189e-12,3.91858350500981e-06,9.77164433450597e-06,-3188.48145968998,0.0739744864873142,0.0590810286308491,1,0.408950442394466
"linear",1600,"montoril",198,79.888,93.2893050326715,357.774736461888,114.423929534808,648.212294619306,96.6708164591958,16.9451455400469,700.747734430485,85.8005816665253,1.16775116453875,4.4784540414316,1.43230434526847,8.11401330136323,1.21007931678344,8.77162695812244,0.00126169231153908,0.00121720227801106,1.19444366184023e-07,0.000653490209175362,0.00194951255911217,6.83174960237084e-06,6.59774326544792e-06,2.53633608975045e-12,4.07757526805677e-06,1.00835400897379e-05,-3188.40583450438,0.0848791983666121,0.0677238980989732,0.98875,0.411906778712246
"linear",1600,"montoril",199,83.285,27.4230651326908,86.2901624243737,142.869263786312,1071.07103509833,99.1089841307928,7.31452878609645,778.876016557782,45.1069028764683,0.329267756891287,1.03608287716124,1.71542611258104,12.860311401793,1.18999800841439,9.35193632176001,0.00129376922395908,0.00126590088838559,1.04145510621039e-07,0.000684115177188998,0.00192447455156337,6.80016309466823e-06,6.59174919522107e-06,2.49961134890659e-12,4.05251764241088e-06,1.00242712800846e-05,-3163.42472974502,0.089860411587879,0.0725191296786181,0.98625,0.408391465051975
"linear",1600,"montoril",19,79.957,58.198417701368,209.628679545057,94.4654256425943,960.718408468399,115.397283844015,20.3949778243198,929.541703803712,107.678183652549,0.727871452172642,2.62176769444897,1.18145285144008,12.0154384039971,1.44324179051259,11.6255200145542,0.00143786836608535,0.00138292497324855,1.59193491111244e-07,0.000752899776607641,0.00225237571506654,7.21955612946167e-06,7.01751442322063e-06,2.88018121551985e-12,4.24951055702579e-06,1.05887925024699e-05,-3188.61380833158,0.0912774258391158,0.0713276867781854,0.99125,0.421861573279502
"linear",1600,"montoril",1,79.947,87.0295851655295,364.415845321023,99.1433798793164,412.060238790039,109.41861002354,10.9770140839471,925.959366529419,145.308382734144,1.08859100611067,4.55821788586217,1.24011382389979,5.15416762092435,1.36863934886287,11.5821652661065,0.00138550131501574,0.00133234186586946,1.52818357119875e-07,0.00071735922213603,0.00213741303714724,6.9026424275567e-06,6.6853311216128e-06,2.78236611006534e-12,3.89636042718743e-06,1.02111819986276e-05,-3242.9219027039,0.0788198670438501,0.0603356431304802,0.978125,0.417972367442208
"linear",1600,"montoril",200,82.572,49.0474044220866,385.957163838729,89.6073244733659,1154.7329058951,107.479905467878,14.233391265165,880.192457006189,165.92157880121,0.593995596837748,4.67418936005823,1.08520230191065,13.9845577907172,1.30165074683765,10.6596964710336,0.00141809470591909,0.00137394860246636,1.46593561705235e-07,0.00072764687748132,0.00214418517644825,7.20754504193353e-06,6.97827448290333e-06,2.90307774075406e-12,4.20058838796542e-06,1.06095167492135e-05,-3191.2217990574,0.0923744873639806,0.0731194700131886,0.994375,0.423794921665197
"linear",1600,"montoril",20,82.13,94.1810945452709,245.492767853588,119.107951020826,695.817794682251,95.7234276927035,5.45176017470273,711.40008244746,50.1385967463198,1.14673194381189,2.98907546394239,1.45023683210552,8.47215140243822,1.165511112781,8.66187851512796,0.00130100406240484,0.00125137529421056,1.36050230893812e-07,0.000665431016327104,0.00201716759743567,6.97907500140282e-06,6.73152580581043e-06,2.92099621747887e-12,4.02227225441742e-06,1.04300458630371e-05,-3166.47803804913,0.0761911277942271,0.0587314605843422,0.98875,0.416734836832156
"linear",1600,"montoril",21,83.227,96.3109653513873,428.649828357837,81.2382558064783,546.76576324394,115.677868863022,11.1461700088879,920.678047183608,35.0151739213287,1.1572081818567,5.15036981217438,0.976104579120697,6.56957193271343,1.38990794889906,11.062251999755,0.00146294618744213,0.001403894510415,1.7106904828446e-07,0.000726381713048844,0.00226987465850856,7.19353955978704e-06,6.95256814959347e-06,2.92760187900227e-12,4.18543525554577e-06,1.05485262387033e-05,-3228.78928212525,0.0931445968810564,0.0771411936082026,0.99125,0.422204175133797
"linear",1600,"montoril",22,82.22,52.5546409156592,205.486675212577,61.5958733960096,664.55131738726,116.924458168674,8.47638981078198,1022.39288010565,108.474692077442,0.6391953407402,2.49922981285061,0.74915924830953,8.08259933577305,1.42209265590701,12.434844078152,0.00152087034572845,0.0014589257946656,1.91041607065038e-07,0.000779536576915408,0.00241272182580703,7.21242506216181e-06,6.97442111727482e-06,3.0362950262334e-12,4.30015972543679e-06,1.08228324782968e-05,-3223.48374309047,0.0930524824408345,0.0748045275337385,0.96875,0.425787914381118
"linear",1600,"montoril",23,80.375,85.1799377851083,295.597105005886,49.9248735003013,824.025279806842,127.267811304779,21.4947107458951,1081.16890045923,177.75854391696,1.05978149654878,3.6777244790779,0.621149281496751,10.2522585356994,1.58342533505168,13.4515570819189,0.00162384052506806,0.00154326660303916,2.46743541658222e-07,0.000780888063813255,0.0026788232066564,7.14781225087692e-06,6.91629450187989e-06,2.82021863611792e-12,4.27074049428007e-06,1.06005732010373e-05,-3193.28016939814,0.0877423651503359,0.070327709801352,0.9825,0.430618867815623
"linear",1600,"montoril",24,80.291,89.270406378158,417.468312495014,79.916663897562,423.9437350563,104.012220260895,19.0178944331275,788.712711695577,43.8884815244516,1.11183577708782,5.19944093976926,0.995337757626161,5.28009035952099,1.2954405881219,9.82317708953154,0.00138419138035696,0.00133145930647525,1.46925316171499e-07,0.000729394704502749,0.00211719906245855,7.08590696920248e-06,6.85148497316677e-06,2.8492151527945e-12,4.17554499438228e-06,1.05019542100706e-05,-3191.30503297879,0.0819911198226226,0.0663293665044661,1,0.422658651872565
"linear",1600,"montoril",25,82.378,95.7531453215966,332.711657928553,59.848628675202,1117.2594488853,106.76015760833,7.14901015490122,855.474054077287,40.8743963495883,1.16236307414111,4.03884117031918,0.726512280890553,13.5625949754218,1.29597899449282,10.3847393002657,0.00151072430804374,0.00144327320601071,1.8074417536421e-07,0.000791721593121094,0.00237468561313882,6.80697600450538e-06,6.60206211767308e-06,2.42810021772688e-12,4.06584145894038e-06,9.88703556579664e-06,-3217.04111526206,0.0772653474901853,0.0595635404645531,0.991875,0.428334641431848
"linear",1600,"montoril",26,80.451,91.7107385267903,463.40111152399,100.635964889743,1014.95478961032,106.543210336484,10.8010358035291,884.660979521871,182.326576804478,1.13995771993872,5.76004165919616,1.25089762575659,12.6158132230839,1.32432425123968,10.9962707675712,0.00140596606271673,0.00135370165328634,1.40535177481485e-07,0.000733075373071277,0.00213049164340244,6.88204275006459e-06,6.66538265132694e-06,2.62316683546235e-12,4.06202887520233e-06,1.01740394108446e-05,-3241.02704181262,0.0865352652242441,0.0680034709570096,0.985,0.418543332378633
"linear",1600,"montoril",27,82.026,88.9030776446329,331.316683581789,64.784003291308,737.476452322605,113.467312996995,10.9594362858443,961.919974991768,215.829159041073,1.08384021706085,4.0391666493769,0.789798396743813,8.99076454200626,1.38330910927017,11.7270130811178,0.00152085523086369,0.001440152713,2.18451261044526e-07,0.00074106708959963,0.00242894973259294,7.08157508704151e-06,6.83838244191091e-06,2.88422710440427e-12,4.09261113709444e-06,1.04234505481916e-05,-3250.64331835975,0.0822945617019984,0.0660693515181595,0.990625,0.426504819200183
"linear",1600,"montoril",28,80.32,80.355485274856,280.661789617923,59.4086749668955,826.116418939706,108.396671846275,17.1995973852227,926.84258900701,66.1625466222904,1.00044179874074,3.49429518946617,0.739649837735253,10.285313980823,1.34956015744865,11.5393748631351,0.00148603322690574,0.00139244879376298,2.45792191269042e-07,0.000672473170005818,0.00246817054222844,7.12228705570401e-06,6.87254886578957e-06,2.89665222641111e-12,4.21616080421855e-06,1.05878792396379e-05,-3224.3725813569,0.0978130044658606,0.078352328324055,0.968125,0.424303030601203
"linear",1600,"montoril",29,82.567,55.4251881765902,267.391649753384,128.375641942313,971.818334922253,106.246057876251,26.5043437678526,743.544809556323,101.601377727092,0.671275305831509,3.23848086709441,1.5548056964927,11.7700574675385,1.28678597837213,9.00535092175231,0.00128895971880875,0.0012356397659604,1.23177911359723e-07,0.00065062054727885,0.00198941494866049,6.83376323905146e-06,6.57625942133765e-06,2.77885954265805e-12,3.97127615183973e-06,1.01265436452691e-05,-3195.52883876088,0.0728708920055452,0.0573867735545542,0.993125,0.406662385090186
"linear",1600,"montoril",2,82.055,42.245072434949,137.899193206763,135.715727387882,567.687432443203,116.07504843176,20.7356387008056,925.924600512791,46.1583126375642,0.514838491681786,1.68057026636722,1.65396048245546,6.91837709393947,1.41460055367449,11.2841947536749,0.00146912126653303,0.0014152971303664,1.50768551433581e-07,0.000796130454210859,0.00225000695083314,7.19617716026677e-06,6.97596095747356e-06,2.94063107611623e-12,4.27185527019858e-06,1.06433411786647e-05,-3208.83541415163,0.0977337674311668,0.0811795961554031,0.994375,0.425708918943432
"linear",1600,"montoril",30,80.194,81.6101634768736,273.357280985736,82.5612643807034,917.066919668624,117.020448379902,11.1453779588278,957.067742085802,36.3399888480962,1.01765921985278,3.40869991502776,1.02951922064872,11.4356051533609,1.45921700351525,11.9344058419059,0.00152154315150291,0.00147607581713223,1.87696671079121e-07,0.000735484192381968,0.00235978780319853,7.14303266207444e-06,6.89991337251341e-06,2.95872283750694e-12,4.15228655891918e-06,1.05632642039713e-05,-3209.04341979599,0.0905923374798439,0.0735799005805206,0.991875,0.423826151325103
"linear",1600,"montoril",31,81.021,118.713116094721,378.088114835263,121.643632091175,610.618837098547,111.867550392728,15.8672999704412,916.984537484893,67.4928950284651,1.46521415552413,4.66654465922739,1.50138398799293,7.53655024127754,1.38072290384873,11.317862498425,0.00150294932747884,0.00144691315063032,1.69649619513606e-07,0.000804514307323089,0.00234756036421883,7.29844705963243e-06,7.0391164347437e-06,3.23183368376841e-12,4.28386404230019e-06,1.09339479432268e-05,-3192.90578712912,0.0945984300986362,0.0736421050809331,0.9575,0.427691618983227
"linear",1600,"montoril",32,81.417,106.38872543086,465.754485451212,81.2922526976125,505.423124041278,146.990127195575,16.0350290870033,1446.94942685966,178.906397484717,1.306713897968,5.72060485465213,0.998467797850725,6.20783281183633,1.80539846955273,17.7720798710301,0.00180293624294588,0.00174507431673667,2.72033261279203e-07,0.000870023300806005,0.0028278579671825,7.34126778522408e-06,7.08940649372911e-06,3.27353095141692e-12,4.20813898850415e-06,1.09831095954316e-05,-3198.73134336087,0.0955397641635714,0.080626877944003,0.9825,0.43546524735024
"linear",1600,"montoril",33,80.624,37.4166939973674,219.483307081351,89.0847855800306,736.823091398605,95.8439314166793,7.07171167032743,697.574435817748,61.0982752698295,0.464088782463874,2.7223073412551,1.10494127778367,9.13900440809939,1.18877668456885,8.6521933396724,0.00124121986107662,0.00119833458986881,1.30283747215003e-07,0.000620297778948174,0.00196728215152345,6.64781023988996e-06,6.46971968160408e-06,2.26504729053935e-12,4.01284988388274e-06,9.68119957679745e-06,-3207.01627718841,0.0955006694593684,0.073666287579238,0.964375,0.410989654477285
"linear",1600,"montoril",34,82.755,83.1941634693934,276.375346293005,93.4183704994608,721.291871075574,94.1410311582056,12.4441555703279,749.600287005241,153.097340333744,1.0053067907606,3.33968154544142,1.12885469759484,8.71599143345507,1.1375872292696,9.05806642505275,0.00126919006595768,0.00120328332324211,1.30276007867334e-07,0.000670227113936769,0.00199687239483798,6.77583958324877e-06,6.55678958969189e-06,2.47953164318345e-12,4.0893911034471e-06,9.94901548960253e-06,-3214.36464688973,0.0862335955272468,0.0648463882460717,0.975625,0.411574840816859
"linear",1600,"montoril",35,80.721,66.6097671145959,218.56199841052,102.554172245361,729.780002907395,118.108039349924,14.8338843293498,946.34387398708,130.505677153621,0.82518510814529,2.70762253206129,1.27047697929115,9.04077009585355,1.46316372876852,11.7236391272046,0.00152465262010469,0.00143898790039357,2.42671953956312e-07,0.000729733163843351,0.00252861222038267,7.14750345274897e-06,6.91821171530202e-06,2.92367423649134e-12,4.15988251196067e-06,1.05921108658898e-05,-3217.35027515741,0.0832604439852317,0.0644558029343936,0.98375,0.426071159033245
"linear",1600,"montoril",36,82.864,131.205964914621,429.379164545709,87.636436342162,884.427487383273,103.534688236287,17.3303781221815,814.049490485823,127.040372023422,1.58338922710249,5.18173349760703,1.05759360327962,10.6732415449806,1.24945317914037,9.82392221574898,0.00134276889791267,0.00129564134835554,1.42258586154473e-07,0.000703376889957737,0.00207221461154441,6.89689054875063e-06,6.66112214073208e-06,2.73103647701034e-12,4.10608619751747e-06,1.02243658421686e-05,-3216.05948422251,0.0951383380896578,0.0748120149469308,0.984375,0.416674697880994
"linear",1600,"montoril",37,82.161,37.4990195994112,250.834703021723,112.330714188753,594.723744972064,98.0291949022622,17.081620933254,798.906140886199,126.274192674645,0.456408996962198,3.05296555569824,1.36720237325194,7.23851638821416,1.19313536717253,9.72366622711747,0.00128078881002695,0.00123956179121077,1.36329640712658e-07,0.000622356298421048,0.0019992236813693,6.84394961219425e-06,6.59833733726308e-06,2.60824943420765e-12,4.06103213207877e-06,1.01175098025943e-05,-3157.92378993274,0.0934175806514854,0.0743542765659487,0.97,0.413457098019763
"linear",1600,"montoril",38,82.274,54.1692762177444,223.439689008341,90.8378305950936,764.16969943015,109.113244722392,36.1583020498028,837.666083511592,137.617044475709,0.658400906941979,2.71579951149015,1.10408914839553,9.288106806891,1.3262178175656,10.1814192030482,0.00139568239362217,0.00135056886117829,1.48136243323646e-07,0.000719181903713593,0.00215490948041558,6.84316416414426e-06,6.64020325818028e-06,2.47058006217895e-12,4.12472703650988e-06,9.9416875072525e-06,-3190.82944036191,0.0831065110530954,0.0640676447803798,0.98875,0.417902393705495
"linear",1600,"montoril",39,80.411,13.1221888451195,110.754835243984,63.4985995246578,508.695218300821,97.3730280522384,9.47285255238689,741.767585177,52.2925364788541,0.163188977193661,1.37735925736508,0.789675535992063,6.32618943056076,1.21094163798782,9.22470290354553,0.00127105405366474,0.00122216320393149,1.35860402470801e-07,0.000632148892880307,0.00201152849629335,6.72647654577291e-06,6.51525998503011e-06,2.51673101800443e-12,4.02214548767203e-06,9.88344848142509e-06,-3225.92824389983,0.0682303401181579,0.0539177974284401,0.989375,0.412226861703093
"linear",1600,"montoril",3,79.697,153.851278684433,671.01109369037,105.251177599579,694.160152268669,116.049850226626,19.1806826899404,976.971292263996,179.31914000552,1.93045257267442,8.41952763203596,1.32064165024504,8.70999099424908,1.45613825146023,12.2585704890271,0.00151608621023223,0.00146339046865135,1.79459515793877e-07,0.000791270085683599,0.00239744862830744,7.16508232704532e-06,6.90630127001867e-06,3.0718981936838e-12,4.2706088252733e-06,1.07320612323155e-05,-3177.43768878109,0.0840475833478132,0.0690352804451216,0.99125,0.427155172840744
"linear",1600,"montoril",40,81.082,13.0054931399267,131.167582748874,111.430934491169,950.901960152293,106.005355880907,11.2140413739218,884.706106079861,31.4634730768026,0.160399264200768,1.61771518646399,1.37429928333254,11.7276579284218,1.3073845721727,10.9112516474663,0.0014300518396195,0.00137946108347031,1.43664857641711e-07,0.00079123682150293,0.00219232765482902,6.91574355858573e-06,6.70029611218543e-06,2.67144370628145e-12,4.14165877078382e-06,1.02484219939793e-05,-3185.29560995876,0.090668414210612,0.0709617635172092,0.98875,0.422205650810863
"linear",1600,"montoril",41,80.133,109.05948974278,395.25454819581,97.7681890962392,715.43599911304,132.781230634148,27.1330965873718,1089.88207741338,98.1750029114013,1.3609809908874,4.93248160178466,1.22007399069346,8.9281070110072,1.6570106027997,13.6009144473984,0.00170036699636536,0.00163575614583085,2.4465314389775e-07,0.000840320400625187,0.00269794394996132,8.03780440163143e-06,7.73106008873622e-06,4.41715579854065e-12,4.51335385070312e-06,1.21264767844367e-05,-3120.46452186697,0.106762788103029,0.0864247567845634,0.963125,0.43965134855408
"linear",1600,"montoril",42,82.481,81.6862683517743,300.335219489609,117.052054205966,740.0307805964,114.538845999824,10.880434185352,998.064559789066,68.2584449662977,0.990364670066734,3.64126549738254,1.41913961040684,8.97213637803131,1.3886694632682,12.1005390306745,0.00152634829318609,0.0014477774401607,2.128163750313e-07,0.000722701545871241,0.00245171519005225,7.02849107563654e-06,6.79759368536711e-06,2.9351655780918e-12,4.01269606184707e-06,1.04417234787327e-05,-3170.9203554086,0.0917943021704155,0.0708264680072564,0.983125,0.430054423122174
"linear",1600,"montoril",43,79.237,102.403342105348,386.885411399314,69.4042328598197,713.195542501306,106.868840235859,6.38967653612338,865.032141381665,21.912938684146,1.29236773357583,4.88263578125515,0.87590687254464,9.00078930930382,1.34872395769475,10.9170228729213,0.0013882112173233,0.00133192966668798,1.46750985706002e-07,0.000701202867020257,0.00214718352416336,6.81834232121609e-06,6.59637399290996e-06,2.62326013127023e-12,4.02016748229931e-06,1.01279132660972e-05,-3173.77433222935,0.0873471063351176,0.0683464203110479,0.97875,0.419452920991486
"linear",1600,"montoril",44,79.833,80.2446224794581,309.930499676355,92.0898395400648,651.004428245388,121.240050094988,22.6271212566836,1020.68807182397,152.45829707164,1.00515604423557,3.88223541237778,1.15353099019284,8.15457803471482,1.51867085159004,12.7852901910735,0.00154580525951618,0.00148947222996029,1.86399280836449e-07,0.000787528411053534,0.00238947791898071,7.08868791696296e-06,6.84132543708112e-06,2.86108548234844e-12,4.15828683231174e-06,1.05348416235979e-05,-3187.78855395219,0.0808413849114456,0.0654539274144303,0.990625,0.42558457327049
"linear",1600,"montoril",45,83.359,56.8426753579489,213.178939207736,98.8625628844274,374.011101152019,99.9851002074791,12.3050134690768,746.388223730842,78.0274582017545,0.681902078455223,2.55735960373488,1.18598547108803,4.48675129442555,1.19945177134418,8.95390088329805,0.00134721169651791,0.00128695564075762,1.58301123071774e-07,0.000696829170599223,0.002102960462485,7.18812284707638e-06,6.92364345095473e-06,3.10678289636716e-12,4.22653603445609e-06,1.06903434402917e-05,-3198.17382346218,0.0985740721254621,0.0760254532540599,0.9725,0.422664862865321
"linear",1600,"montoril",46,82.113,98.763410173282,242.626199990562,142.792973322205,711.225966223783,107.007281596259,19.3889518499442,878.884538399953,168.840142503613,1.20277434965574,2.95478426059895,1.73898132235097,8.66155135269425,1.30317101550618,10.7033543823749,0.00139790496844401,0.00134046737875352,1.45407514520146e-07,0.000730959926531492,0.00219657708897187,7.15422934469715e-06,6.94440892570443e-06,2.87992215022803e-12,4.17411372340808e-06,1.05123342542045e-05,-3213.5705577754,0.0860394947275635,0.0678541134698229,0.98625,0.418262224098018
"linear",1600,"montoril",47,79.654,96.3572412519633,408.519777842307,129.875653176243,539.512589101965,119.039646472363,22.6602263475275,1061.57301331264,163.684984604511,1.20969745715172,5.12867875866004,1.63049756667892,6.77320146008945,1.49445911658376,13.3273032529772,0.00150856180940119,0.00146078886825749,1.71975746013594e-07,0.000789490950641197,0.00231424660041384,6.95465963562333e-06,6.69352628024815e-06,2.894020874887e-12,4.03874623134392e-06,1.03139989415183e-05,-3191.89981040652,0.0871800734019869,0.0710617030556769,0.995,0.422309263691648
"linear",1600,"montoril",48,80.16,98.1211533271698,317.282567903526,90.2112901840311,736.396449374885,139.165596693145,8.0302711894333,1337.48105735405,137.985054741101,1.22406628402158,3.95811586705995,1.12539034660717,9.1865824522815,1.73609776313803,16.6851429310635,0.00181460449750045,0.00175129375535842,2.53108086933263e-07,0.000882173070125148,0.00279574343882764,7.32112960620463e-06,7.04374581194532e-06,3.37783398910364e-12,4.25138120238635e-06,1.10092898663544e-05,-3227.18443606775,0.0968786005935578,0.0761355253026991,0.9775,0.439321402478527
"linear",1600,"montoril",49,80.485,12.0667857718636,123.601874488268,118.646166286674,854.616754683752,95.896351710589,5.37101767583012,755.941449865564,31.2470751959334,0.149925896401362,1.53571317001016,1.47414010420171,10.6183357729236,1.19148104256183,9.3923271400331,0.00133496343938841,0.00128580526053553,1.40923269768866e-07,0.000688135978550456,0.00207677838347269,6.73734118632207e-06,6.51518109680917e-06,2.55576746354383e-12,3.93061343705575e-06,1.00235996470291e-05,-3185.43966640514,0.0764089561036766,0.0627783880582453,0.996875,0.418025211246716
"linear",1600,"montoril",4,80.186,84.46318972175,295.713708380515,82.2036527542168,528.545702814593,105.442695859114,25.7651779745918,817.459783486296,69.8347034306068,1.05334085403624,3.68784711022516,1.02516215741173,6.59149605685023,1.3149763781597,10.1945449765083,0.00132163218794488,0.00125438153848511,1.56640220532812e-07,0.000669936717655599,0.0020963184493995,6.87961315634035e-06,6.67454321726092e-06,2.52219706271651e-12,4.13766047409308e-06,1.00809243856194e-05,-3198.28026836434,0.0898544643063098,0.0698843296582591,0.96875,0.412098446272767
"linear",1600,"montoril",50,82.698,40.5657775099977,141.596888459802,97.7355281681862,742.905751777899,101.661711186463,26.3993516661479,793.948644542721,94.1222681158462,0.490529124162588,1.71221660088275,1.18183666071956,8.9833581438233,1.22931281514018,9.60057854534235,0.00135137403279576,0.00130807050938224,1.34242045691809e-07,0.000706790568841891,0.0021065733102128,6.99458092499965e-06,6.77245488817258e-06,2.74910314918618e-12,4.15754261988695e-06,1.03701581633981e-05,-3169.50679951987,0.0829085465726968,0.0661599649047594,0.97125,0.415819523124497
"linear",1600,"montoril",51,80.714,56.3324719746354,188.190813195981,97.2269928112956,868.106278187864,97.3253862759389,8.11807817986029,782.369289584416,24.3546600351852,0.697926902081862,2.33157585048419,1.20458647584428,10.7553370937863,1.20580551423469,9.69310515628536,0.00141118056518339,0.00134718047121139,1.61404374176501e-07,0.000745858742070828,0.00220707383046311,6.94741572711838e-06,6.73706611941465e-06,2.65938657460223e-12,4.07469575594239e-06,1.02060829026844e-05,-3172.19135141045,0.0865272034513249,0.0688724811339969,0.98375,0.427198631164793
"linear",1600,"montoril",52,79.954,67.8843634575994,241.000219082981,108.379428286692,756.324375587448,118.571398759423,9.5302704903012,990.56276438651,59.2339518932459,0.849042742797101,3.01423592419368,1.35552227889401,9.4594939038378,1.48299520673666,12.3891583208659,0.00155248552960509,0.00146817677498728,2.19331672196802e-07,0.000801830513098183,0.00249909065564923,7.33631373431311e-06,7.10116552688624e-06,3.125934341026e-12,4.32549184220003e-06,1.08960219143393e-05,-3143.62815047178,0.0960436462859672,0.0783623627147001,0.98875,0.43153271098167
"linear",1600,"montoril",53,79.877,92.2761523543698,267.414365457091,75.6434988880329,603.749721994515,129.878063854532,13.358802682045,1184.94985725286,137.220715015582,1.15522806758353,3.34782685199858,0.94699974821329,7.55849270746917,1.62597573587556,14.8346815385262,0.00162024433699992,0.00156666895578423,2.03932197343319e-07,0.000826239180245166,0.00257333082908195,7.20895900989786e-06,6.97034800883716e-06,3.12840038345982e-12,4.04208755975931e-06,1.06790348350732e-05,-3206.37249109314,0.0894611562770131,0.0703325463544958,0.986875,0.427945790106766
"linear",1600,"montoril",54,83.907,62.2096426849054,132.955117419171,136.748392846305,785.029164399263,94.8694351115311,8.87729329817648,728.47632543175,43.2717570271298,0.741411833159396,1.58455334381125,1.6297614364273,9.35594365665872,1.13064982792295,8.6819493657472,0.00130026781459858,0.00125775209304321,1.25645416128911e-07,0.000639320088396248,0.00199249435863235,7.05424663848745e-06,6.7876615772284e-06,2.97933582151659e-12,4.10981851645857e-06,1.05133664449319e-05,-3185.40333204033,0.0764174630019636,0.0607954476511744,0.99875,0.420326872315074
"linear",1600,"montoril",55,79.93,37.5796703153974,245.346970426752,96.2118272398539,821.429408098579,111.623433597227,20.5886471229273,874.964293281886,79.5948940817792,0.470157266550699,3.06952296292696,1.20370107894225,10.2768598536041,1.396514870477,10.9466319689964,0.0014284297835183,0.001375684652345,1.73994235571045e-07,0.000710148958992745,0.00223146338135655,6.90791155640955e-06,6.6832213964129e-06,2.6898003554413e-12,4.05543045198073e-06,1.01368662478669e-05,-3210.40775353523,0.082154734907086,0.0636909367839027,0.993125,0.422301033334274
"linear",1600,"montoril",56,80.069,57.3509492108823,403.976056591173,91.373637458252,1095.78137240666,118.358938851451,10.031354057541,1030.01530776666,48.3564568577189,0.716269083051896,5.04534909379626,1.14118619513485,13.6854634428638,1.47821177798463,12.8640960642278,0.00151933811433206,0.00145380284587327,1.84220480858449e-07,0.000807764434784198,0.00234828381491188,7.01750487021627e-06,6.79979294512739e-06,2.65418539279589e-12,4.1683807797717e-06,1.02801627649131e-05,-3187.64223822852,0.0857270340229634,0.0699956441316038,1,0.428268843184244
"linear",1600,"montoril",57,80.084,87.035969191065,296.187138693949,108.901893266426,1047.13804543382,107.257610895966,6.52177511571163,866.759961001176,29.1538555364663,1.08680846599901,3.69845585502659,1.35984582771123,13.0754962968111,1.3393138566501,10.8231352205331,0.00135051908902281,0.00129700199664326,1.60201881116448e-07,0.000696189984991863,0.00209541138204789,6.72682417086286e-06,6.5105587608286e-06,2.45340891969095e-12,4.02835517907645e-06,9.89162801675053e-06,-3199.51652261289,0.0871971218518281,0.0704062125938208,0.996875,0.418163939460646
"linear",1600,"montoril",58,79.965,125.36943685794,539.849852411383,99.2988622921008,915.314290806208,144.305570506567,23.5354528778867,1466.21550577109,260.801280922749,1.56780387491953,6.75107675122095,1.24177905698869,11.4464364510249,1.80460914783427,18.3357156977564,0.00190324242227791,0.00186510663405946,2.99774451429844e-07,0.00089869716071046,0.00291030749999464,7.20382149571018e-06,6.97134468265715e-06,3.0857673889518e-12,4.24786215146648e-06,1.07294507183285e-05,-3212.37148813658,0.0807237758306013,0.0656609338215716,0.995625,0.447337256873838
"linear",1600,"montoril",59,82.842,69.9906455095777,282.122529655922,75.081943864803,592.706317095493,110.364590778478,15.3651068066078,846.165705593426,115.70359541727,0.844869094294896,3.40554947557908,0.906327030549757,7.15465967861101,1.33222991693196,10.2142114578768,0.00137479992496827,0.00130631706238153,1.74648048368281e-07,0.000650325306935301,0.00220197066698339,6.89267506304785e-06,6.67701951457005e-06,2.69051867990507e-12,4.0172126044911e-06,1.01620896962907e-05,-3223.46513976342,0.0759546772323989,0.0612850695796685,1,0.418691254619542
"linear",1600,"montoril",5,80.108,107.435543750344,278.158614060977,124.613989403632,908.703716279855,115.579305869959,12.4536488549444,1034.88711851701,78.898838395175,1.3411337662948,3.47229507740772,1.55557484150936,11.3434827517833,1.44279355207918,12.9186488055751,0.00151101953997676,0.00143996235380602,1.93992214538265e-07,0.000785929619059877,0.00239646369405865,7.13352914900608e-06,6.88761140107063e-06,3.03306625739523e-12,4.16445956001505e-06,1.07011743777864e-05,-3198.57194478278,0.102689790789642,0.0806315761523107,0.96125,0.422215184511
"linear",1600,"montoril",60,83.275,78.7751506375887,255.145596094048,127.630412916158,542.119933600853,108.621205631637,13.7673303829706,875.583126572898,165.14093303677,0.945963982438772,3.06389187744279,1.53263780145492,6.50999620055062,1.30436752484704,10.5143575691732,0.00144992824934039,0.00139392240776951,1.64687425306764e-07,0.000730972213470415,0.0022460220409234,7.1107607111295e-06,6.87761412408806e-06,2.90019753427432e-12,4.13199254749084e-06,1.04376201196508e-05,-3186.33376752911,0.0750842451612132,0.0613375960505917,1,0.427880802106257
"linear",1600,"montoril",61,79.486,33.5032842608055,119.048748870701,55.0413361099135,855.857028701443,103.535820845079,27.6082396208673,782.586652128208,80.8245416234155,0.42149918552708,1.49773229085249,0.692465794101018,10.7673933611132,1.30256675194473,9.84559107425469,0.0013506387548655,0.00130676289309685,1.3540846081917e-07,0.000684782840521046,0.00206871248435476,6.9672214299769e-06,6.72837359761532e-06,2.75026978631879e-12,4.04885821285516e-06,1.02960464817307e-05,-3184.2058229885,0.0934899452282733,0.0747262480640916,0.963125,0.411771595418504
"linear",1600,"montoril",62,82.06,99.8946078997875,398.816893094083,68.4435963987011,896.898208345665,124.883545469783,23.9378423641135,1137.27141058771,251.109747855989,1.21733619180828,4.86006450273072,0.834067711414831,10.9297856244902,1.52185651315845,13.8590227953657,0.00163131307261771,0.00156253696344598,2.32494254385081e-07,0.000788745200137761,0.00259681906287292,7.27329848697889e-06,7.01787874050696e-06,3.09438401463891e-12,4.18670930036953e-06,1.07165667583166e-05,-3229.41725569911,0.0980568108529119,0.0795134429362779,0.974375,0.426620463921401
"linear",1600,"montoril",63,80.275,59.1204487944466,238.628844121382,104.340669691768,712.873539974314,112.243497436094,10.7067118263767,865.518349473298,165.483371099399,0.736473980622193,2.97264209431806,1.299790341847,8.88039289908831,1.39823727731042,10.7819165303432,0.00142455785406646,0.00136573080851924,1.53288431301134e-07,0.000772524024322574,0.0022424615013313,7.36785239826646e-06,7.11207411543134e-06,3.18973128591141e-12,4.35163621312167e-06,1.10726795690007e-05,-3175.8352733908,0.0893807168659801,0.069791943209209,0.971875,0.416773442240125
"linear",1600,"montoril",64,79.876,66.7477960364123,404.22775210006,121.530424528594,798.414346288973,121.399763426343,15.3132815163007,1025.04545918642,83.1138403096674,0.835642696634937,5.06069097225775,1.52148861395907,9.99567262117498,1.51985281469206,12.8329593267868,0.0015748559515814,0.00151221075369074,1.95748472437763e-07,0.000829127624447289,0.00245011178253932,7.39612209621308e-06,7.11506756033485e-06,3.49189303437473e-12,4.14287461390829e-06,1.11198521599927e-05,-3182.94398313572,0.0868934376088733,0.0690896279044354,0.98375,0.428607830241119
"linear",1600,"montoril",65,79.601,98.2511795212527,435.710002577114,131.229091804999,771.924995314463,102.53050934149,7.6430410882184,755.213316359409,160.364746828495,1.23429579428968,5.47367498620764,1.64858597008831,9.69742836540323,1.2880555437933,9.48748528736334,0.0013656968237619,0.0013077902976928,1.53845683863525e-07,0.000714289221353067,0.00211735861288261,7.1966004427236e-06,6.95729624662007e-06,3.07223831510977e-12,4.17990109203754e-06,1.06309789064818e-05,-3202.26824799074,0.0910077358151096,0.0714689783619845,0.994375,0.418181614919662
"linear",1600,"montoril",66,81.144,60.8441877396344,209.492440278156,129.244098563808,485.908735779544,103.309668001119,20.3059817221357,792.298864340804,128.667258729166,0.749829780878862,2.58173666910869,1.59277455589826,5.98822754337405,1.27316459628708,9.76410904491772,0.0013591904883335,0.00130237235826087,1.30910387934231e-07,0.000729562015391595,0.00207903138369831,6.80376834997766e-06,6.60081488101696e-06,2.50630035359772e-12,4.04187170653315e-06,9.98372530580333e-06,-3212.67575391491,0.0735020422536042,0.0605655324679916,0.994375,0.416708281226458
"linear",1600,"montoril",67,80.513,79.8001727061128,326.513520141522,69.7620238595719,728.136869605924,111.168954777242,13.746322516012,927.933203358021,134.965797384484,0.9911464323291,4.05541366166361,0.866469065363008,9.0437180282181,1.38075782516168,11.5252593166075,0.00147409062933162,0.00141571228836264,1.70125692306461e-07,0.000731270501458643,0.00230992888856329,7.10573039093627e-06,6.86901525915244e-06,2.9862978209349e-12,4.12871931227173e-06,1.05184577617388e-05,-3173.34982251645,0.0893021568818408,0.0725140837034024,0.994375,0.421315426209877
"linear",1600,"montoril",68,82.747,84.5868227631184,327.04078912439,94.9967832173034,999.051725371224,147.708961452174,32.2223404187634,1524.80957263027,210.938917846138,1.02223431378924,3.95229783707433,1.14803900101881,12.073570345405,1.78506727074303,18.4273698457983,0.0019492285023621,0.00187801628030493,3.4564565696796e-07,0.000923419945551317,0.00310600499549802,7.48552425794081e-06,7.26243859956198e-06,3.11271625317901e-12,4.35966590321686e-06,1.10268421647076e-05,-3164.84713614171,0.107693420874972,0.0840681144233872,0.98125,0.452873546613203
"linear",1600,"montoril",69,80.574,81.6408266661365,250.958234787673,115.739458440745,905.629056773348,103.440846734659,11.490573532501,799.546148941873,121.388255275806,1.01324033393075,3.11463046128618,1.43643679649446,11.2397182313569,1.28379932403329,9.92312841539297,0.0013278815425697,0.00127139233761648,1.3862270705854e-07,0.000700313666203739,0.00207106375763746,6.85961420252846e-06,6.67302590391779e-06,2.377161325674e-12,4.11674368404164e-06,9.94215853183561e-06,-3211.06665191734,0.0855335361911427,0.0686716303288332,0.985625,0.413920013131278
"linear",1600,"montoril",6,79.689,72.1006963326984,270.141029674668,74.750383944447,908.648095248377,119.022022900986,24.935389154837,1086.99781724188,200.965693927127,0.904776020940135,3.38994126761118,0.938026376845575,11.4024281299599,1.49358158467273,13.6405001598951,0.00155997709414234,0.00151130482347967,1.78007304452466e-07,0.000820604592977716,0.00241402382977692,6.88463240718384e-06,6.65247961031224e-06,2.7716688475928e-12,4.01033147838585e-06,1.0147460377686e-05,-3188.4352330261,0.0692456806386617,0.0548689075210661,0.996875,0.428230641617157
"linear",1600,"montoril",70,80.535,73.4240539039211,323.992980631874,82.6641617467837,985.251900006834,115.706404513728,27.9243403394374,928.789320185043,147.396325939725,0.911703655602175,4.02300838929501,1.02643771958507,12.2338349786656,1.43672197819244,11.5327412949034,0.00144490027666248,0.00136646006722899,1.85228414049683e-07,0.00072580413070871,0.00230814278768113,7.06842370182792e-06,6.82352712968261e-06,2.88493104596283e-12,4.10432070116514e-06,1.04004310360646e-05,-3199.34815014283,0.104621922116045,0.0847025834771565,0.9625,0.421983259930289
"linear",1600,"montoril",71,81.72,45.327980510434,235.2167157423,98.5400995253174,563.747095243275,131.63963531127,33.3881913903526,1162.54132316212,142.470822846946,0.554674259794835,2.87832496013583,1.20582598538078,6.89852049979533,1.61086191031902,14.2259094855864,0.00166576053672466,0.00159906850275957,2.33282345806054e-07,0.000829080454697042,0.00266757634794761,7.2831085059621e-06,7.02002411934713e-06,3.29178515279635e-12,4.22157848057517e-06,1.09107472625439e-05,-3200.05054836363,0.101858887945185,0.0820314468240456,0.974375,0.434729335584998
"linear",1600,"montoril",72,80.995,76.7606154744194,274.694496594496,93.667596637433,710.161369184645,129.898195748319,25.4889558533987,1188.19210044957,181.230594008145,0.947720420697813,3.3914994332304,1.15646146845402,8.76796554336249,1.60378042778343,14.6699438292433,0.00172645963201073,0.00167017964811778,2.26121576601781e-07,0.000863333008194855,0.00267609840462361,7.65961500091819e-06,7.36913315787654e-06,3.84490511264898e-12,4.27055561033493e-06,1.15766424693194e-05,-3189.76198084406,0.103637962721905,0.0863308346116177,0.978125,0.441923552453049
"linear",1600,"montoril",73,83.5,71.8887716318847,324.440885052588,54.0361784198991,590.413227876148,103.131212933138,9.97074118520998,773.260677895365,183.842250302196,0.860943372836942,3.88551958146812,0.647139861316157,7.07081710031315,1.23510434650465,9.26060692090258,0.00129728768766688,0.00125202411591395,1.29618828821648e-07,0.00067823751080925,0.00198716824051182,6.81884130773896e-06,6.58257842559816e-06,2.64750477748943e-12,4.03994056245099e-06,1.00944792053438e-05,-3160.17655155408,0.0648927666481893,0.0499491482446971,1,0.409659421345775
"linear",1600,"montoril",74,82.675,55.9332602440008,248.736209297789,114.042891038936,834.841018253985,108.072179449386,9.83164516385303,869.160366566155,128.895844037958,0.676543819098891,3.00860247109512,1.37941204764362,10.0978653553551,1.30719297791819,10.5129769164337,0.00142399419801058,0.00136378865245318,1.79593466374855e-07,0.000716348772122257,0.00230195288166272,7.03076944106315e-06,6.78666979911892e-06,2.7683362137417e-12,4.10460934631237e-06,1.0317974344567e-05,-3174.01930869284,0.0788463827116251,0.062962613261507,0.99625,0.42073784764482
"linear",1600,"montoril",75,81.455,54.3701164904649,277.300866028307,108.540330787009,704.439172178853,110.680964793674,17.9614106123342,909.549790244479,64.898168777597,0.667486544600883,3.40434431315828,1.33251894649818,8.64820050554114,1.35879890483917,11.1662855594436,0.00147360051004806,0.00141915817751557,1.72585217104563e-07,0.000756047119785002,0.00229259907916957,7.0870061140626e-06,6.83157567968313e-06,2.93945064551703e-12,4.10128762804454e-06,1.05068334969749e-05,-3209.9219836687,0.0714041426931637,0.0582102250575425,0.994375,0.422582400863274
"linear",1600,"montoril",76,82.208,77.0924846286118,334.438412753625,129.455104422932,982.638491191293,110.963069396838,24.4269452840077,857.836553681442,195.550808969428,0.937773509008999,4.06819789745067,1.57472635781107,11.9530762357835,1.34978432022234,10.4349522392157,0.00141930347346706,0.00139146609405317,1.50758314754251e-07,0.000704411712357051,0.00213930412968335,6.9295719517462e-06,6.68258797254299e-06,2.6607407591885e-12,4.16756800311151e-06,1.02687273958713e-05,-3244.39674180945,0.0870546315681996,0.066957189483216,0.97375,0.423705862965671
"linear",1600,"montoril",77,83.624,61.6932087725537,216.746700215042,107.796781613343,1048.23454755068,102.94339815446,14.3853638125256,783.518787394385,43.1124734362159,0.737745249839205,2.59191978636566,1.28906512022078,12.5350921691222,1.23102695583157,9.36954447759477,0.00137655879735917,0.00131224047913128,1.62719748972212e-07,0.000709157433128236,0.00218575502165781,7.1080320696465e-06,6.87786822990047e-06,2.79141821095301e-12,4.21351900567143e-06,1.05241012397621e-05,-3190.11862834329,0.0861497264428609,0.0683534529367807,0.97125,0.419357515239691
"linear",1600,"montoril",78,82.11,71.0592373914086,294.855125876764,103.968480724412,621.407136165313,119.616280124734,10.1938647870368,1003.8968515717,38.5902161248645,0.865415142996086,3.59097705366903,1.26620972749253,7.56798363372687,1.45678090518492,12.2262434730447,0.00157740713565923,0.00153560347460504,1.93251620590216e-07,0.000767410557587214,0.00239848271429925,7.25320073888853e-06,7.00592418309521e-06,3.13662190832526e-12,4.22905033724945e-06,1.08984794644007e-05,-3182.1003632561,0.104441825076224,0.0803233457733345,0.95125,0.427376214910685
"linear",1600,"montoril",79,81.388,94.1256022497745,370.114325991398,49.0553274167852,850.277334195229,107.990325966059,4.09041785050483,853.172417029011,12.8233605252764,1.15650467206191,4.54752943912368,0.602734155118508,10.4472076251441,1.32685808677027,10.4827789972602,0.00139006382679299,0.00134040556075754,1.48196152098303e-07,0.000731001836985498,0.00213827843640992,7.07373902521071e-06,6.8476111566926e-06,2.73468956481812e-12,4.14853522579827e-06,1.03915998899645e-05,-3222.59321094348,0.0931517230973058,0.0667988707919442,0.975,0.421447339267427
"linear",1600,"montoril",7,79.902,65.2880746187781,215.841690668101,101.501703116905,910.532221679342,109.79545812859,7.65935399830097,910.978020139335,152.899630194703,0.817101882540838,2.70133026292334,1.27032744007541,11.3956123961771,1.3741265316086,11.4011917115884,0.00150814839545924,0.00145183154828591,1.76025813393693e-07,0.000778707328901126,0.00236588451097859,7.06554887923899e-06,6.85571580411441e-06,2.78059855442479e-12,4.12221440069579e-06,1.03848884301645e-05,-3219.84561685595,0.0749947076995176,0.0606073158657231,1,0.429837137122912
"linear",1600,"montoril",80,81.365,92.0079998287441,402.701389354011,81.0198670955627,1074.32132110479,149.891836977146,34.2006154323663,1479.17780848417,207.9080367975,1.13080562685115,4.94931960122916,0.995758214165338,13.2037279064068,1.84221516594539,18.1795343020238,0.00187890051508502,0.00177756732006086,3.19075464203156e-07,0.000936746269085733,0.00303966367940266,7.38862262653426e-06,7.14186656646791e-06,3.18694302680294e-12,4.36623237143233e-06,1.10486989000111e-05,-3225.44018830666,0.0881578603478506,0.0678852829293657,0.974375,0.444998844708231
"linear",1600,"montoril",81,82.025,60.9554407989702,211.92152019914,157.931312996463,822.468927412611,96.5628828121077,13.7202213843437,729.587996886404,90.402218689462,0.74313246935654,2.58362109355854,1.92540460830799,10.0270518428846,1.17723721806898,8.89470279654256,0.00121444699409504,0.00118215767504333,9.09307611602602e-08,0.000695346133405614,0.00181573327827183,6.70809940832312e-06,6.52872782187748e-06,2.35960052648354e-12,4.06134273534826e-06,9.76611779648165e-06,-3183.96135897721,0.0773474765750407,0.0596589216182917,0.999375,0.406373112025258
"linear",1600,"montoril",82,80.104,109.021167606656,335.571366623983,103.199338205032,842.982787600975,113.065949038775,15.8960861099875,961.10899595354,61.6907131425324,1.36099530119166,4.18919612783361,1.28831691557265,10.5236041596047,1.41148942672994,11.9982647053024,0.00153059156911412,0.00144952761528213,2.16898314470367e-07,0.000756698488787599,0.00248786379294737,7.07092568086004e-06,6.86932365852499e-06,2.71666882858498e-12,4.19122278116795e-06,1.03658679980682e-05,-3188.79076505777,0.0764929826908682,0.062726014783112,1,0.425953144713748
"linear",1600,"montoril",83,83.166,67.8401603503244,250.903791917044,90.0494342969683,733.597192460475,100.466304904308,15.8809743633365,781.901561119351,165.488190397188,0.815719889742496,3.01690344512233,1.08276740851993,8.82087863382242,1.20802136575413,9.40169734169433,0.00139036537380985,0.00132869393633387,1.55348934341488e-07,0.000726140587985073,0.0021492413469819,6.8933908736422e-06,6.6709643779669e-06,2.62288699132409e-12,4.05482763831877e-06,1.00775533447911e-05,-3186.84812686381,0.0736095354023376,0.0596131376262802,1,0.425211721374468
"linear",1600,"montoril",84,79.806,75.4256920112946,297.703145592849,71.6089563333656,675.545387765828,115.352587031651,5.81929798216288,940.661047623944,165.188174265022,0.945113049285701,3.73033538321491,0.897287877269448,8.46484459521625,1.4454124631187,11.7868461973278,0.00146552428694352,0.00139156795235555,1.93180850407901e-07,0.000717442944205129,0.00230559958704332,6.87510010395584e-06,6.66572492641899e-06,2.64704441554402e-12,4.05604923013544e-06,1.01539481479575e-05,-3213.24124738767,0.0745714630224468,0.0601980122388142,1,0.423287531566959
"linear",1600,"montoril",85,82.085,22.6052337735462,76.7558080997744,101.604276756282,662.675952433245,101.216610710717,9.02904115263458,809.937436102236,45.7652262912677,0.275388119309815,0.93507715294846,1.23779346721426,8.07304565308211,1.23307072803456,9.86705775844839,0.00139848657389214,0.0013433682416388,1.64186447269695e-07,0.000718329585100293,0.00220552094835517,6.77571553269364e-06,6.53676307693439e-06,2.58023656511241e-12,3.99187423480797e-06,9.99443861217956e-06,-3176.89834196259,0.0699069194709708,0.0568262321175508,0.99875,0.420806875822807
"linear",1600,"montoril",86,79.925,74.1370532319081,206.988539273051,115.538264844276,429.16688917598,109.177805022598,10.7863089848882,908.164615748422,131.518781572683,0.927582774249711,2.58978466403567,1.44558354512701,5.36962013357497,1.36600319077382,11.3627102377031,0.00146113434392258,0.00140650925624083,1.77786733311739e-07,0.000742903323540328,0.00229704841569793,7.26773557074982e-06,6.99744053599647e-06,3.19881743052406e-12,4.25723575108181e-06,1.09528163355183e-05,-3194.18208139819,0.0986073925614693,0.0781756815772151,0.978125,0.4262587333996
"linear",1600,"montoril",87,80.588,114.399804603414,378.220603281123,92.2496474223502,677.361881458089,115.485126910935,18.3152618589058,903.718913761202,45.3834380835879,1.41956376387817,4.69326206483749,1.14470699635616,8.40524496771342,1.4330313062855,11.2140630585348,0.00136367986566733,0.00130899685483218,1.46139299237082e-07,0.000696193483271217,0.00212290771382006,7.08574285444634e-06,6.84249867180398e-06,2.85336974849845e-12,4.1656670121419e-06,1.04825928030276e-05,-3241.72064368317,0.0911072308967246,0.071141385506876,0.974375,0.413751770287097
"linear",1600,"montoril",88,80.095,47.2673823606748,185.887375606558,121.724401630891,643.895488647755,102.973133338986,6.00061355504972,793.459269611984,41.9894297694083,0.590141486493224,2.320836202092,1.51975031688484,8.03914712089088,1.28563747223905,9.90647692879686,0.00139448531868417,0.00134555515769564,1.38931968711358e-07,0.000718532153788246,0.00214566793099642,6.92001595248832e-06,6.71309659103543e-06,2.58866901276704e-12,4.08726053692043e-06,1.01246856906435e-05,-3178.98315546777,0.086273241459589,0.0697855417678721,0.99375,0.423117697049953
"linear",1600,"montoril",89,79.956,72.0281507218073,234.177057002045,91.1243141305973,599.650105687792,107.570935153753,14.8208092485302,850.024546531009,48.0263881477883,0.900847350065127,2.92882406576173,1.13968075104554,7.49975118424874,1.34537664657753,10.6311539663191,0.00140338544538875,0.00134085564804586,1.6854100765104e-07,0.000716536044251694,0.00224462290055929,6.94395098725867e-06,6.71496888072184e-06,2.63817763757828e-12,4.05920224646627e-06,1.01933522086453e-05,-3190.13157915896,0.0931522842561126,0.0752498319868394,1,0.423193038466283
"linear",1600,"montoril",8,82.647,41.566895032446,201.666914432325,140.000832871891,910.343869755827,106.561162709462,6.40506002508626,832.200149560445,27.2007656647338,0.502944995371229,2.44009963377165,1.69396146105594,11.0148446980027,1.28935306435154,10.0693328198295,0.00141210650545129,0.00136944406668406,1.47218275613434e-07,0.000717931809844267,0.002177872447488,7.1379033398508e-06,6.8879674817674e-06,2.9591559975434e-12,4.13214290164911e-06,1.05452809948465e-05,-3174.98841276081,0.0788502086824829,0.0599409474637558,0.985,0.425904251308312
"linear",1600,"montoril",90,82.903,76.7379710873537,310.749796519463,64.7801866162998,615.60034613845,105.289879404073,6.7195465953133,808.079487199523,93.3152588685437,0.92563563546981,3.74835405859212,0.781397375442382,7.42554969227229,1.27003702404102,9.74728884599499,0.0014053735143025,0.00134617964122881,1.51769890332167e-07,0.000736762745449422,0.00217722216569733,7.21205448543475e-06,6.92572207001914e-06,3.40105899114615e-12,4.1468078421303e-06,1.09510691516579e-05,-3167.70789056806,0.0868386254802698,0.0653400090177623,0.97625,0.423400115381271
"linear",1600,"montoril",91,79.849,61.7279006756812,273.459407149682,70.3664714040763,569.964727879538,116.449602105857,11.8392400143569,977.525371329153,132.38001061703,0.77305790524216,3.42470672331127,0.881244241055947,7.13803213414743,1.45837270480353,12.2421742455028,0.00147709746855748,0.00141874641929382,1.85881379209899e-07,0.000762671265240135,0.00234410321672217,7.15931122525365e-06,6.88262718119304e-06,3.2704633498345e-12,4.11563962894795e-06,1.07791638308732e-05,-3170.85864496839,0.0988210534726418,0.0779120945290139,0.976875,0.421625305062623
"linear",1600,"montoril",92,82.042,42.5415246464002,216.684204887665,128.711573991839,730.205979714591,102.077004314789,11.0302998157222,829.870165103286,130.037735379042,0.518533490729141,2.64113752575102,1.56884978415737,8.90039223464312,1.24420424069122,10.1151869177164,0.00138774056610723,0.00131457418463933,1.58700565914121e-07,0.000741464943732457,0.00224090084355719,6.93293821955895e-06,6.72038194935436e-06,2.55553611012776e-12,4.14494762048485e-06,1.00848451656523e-05,-3208.53436701446,0.0903299111831438,0.0736136421467197,0.980625,0.416517396478913
"linear",1600,"montoril",93,80.134,48.9443633742965,190.370706107178,97.2715801730471,879.881700256579,102.641152445549,10.5757847427884,821.050544576403,124.690423198194,0.610781483194356,2.37565460487655,1.21386153409348,10.980129536234,1.28086895007798,10.245969807777,0.00138089875738935,0.00132172369847181,1.48428562073877e-07,0.000727632848674457,0.00215567143375258,7.04154685006754e-06,6.81011794049155e-06,2.83018767497988e-12,4.16960283481702e-06,1.03976420223062e-05,-3200.31164777261,0.0812064292374084,0.0666672838027999,0.999375,0.419279635693025
"linear",1600,"montoril",94,82.637,42.3095093670929,252.432118557025,82.6660345168664,525.511396642981,107.916585298488,17.5056544212879,816.552318873467,57.7603274191536,0.511992320232981,3.05471058432694,1.0003513500837,6.35927486044969,1.30591121771709,9.881195092676,0.00133689711126263,0.00126789179387352,1.49205766315159e-07,0.000695489214494486,0.00212237912609968,6.79345367966772e-06,6.59524993347463e-06,2.49519564363054e-12,4.00545234263568e-06,9.90078928753928e-06,-3195.78058395118,0.0671700795652732,0.0520949254376702,0.9875,0.412304236989023
"linear",1600,"montoril",95,80.071,58.688211475572,282.891557355514,93.5300065486811,807.234899069595,125.67398861723,18.9196133124611,1100.41465136571,97.8314611809404,0.732952148412934,3.53300892152607,1.1680884034005,10.0814889169561,1.56953189815576,13.7429862417819,0.00160805815836909,0.00154598398157039,2.38179942211751e-07,0.000771338368845792,0.00257181657771988,7.39307307588792e-06,7.15085886795239e-06,3.4104540739311e-12,4.15306458191673e-06,1.10121112287119e-05,-3189.14859118346,0.0821701257560993,0.0647707120770479,0.99125,0.42689927298059
"linear",1600,"montoril",96,82.075,75.8309224290813,282.128418972644,83.6913159469871,641.693339813198,116.806754490962,16.9559147880941,980.748186718224,99.5907997063236,0.923922295815794,3.43744646935905,1.01969315805041,7.81837757920436,1.4231709350102,11.9494143980289,0.00158381744432863,0.00149780914464779,2.38072838801122e-07,0.000789411097488626,0.00261044387135437,7.2690756348715e-06,7.02220448926659e-06,3.17008946546057e-12,4.19932826471619e-06,1.08618928345712e-05,-3194.22590395417,0.0815254709527419,0.0645805629023654,0.988125,0.429911063987424
"linear",1600,"montoril",97,79.783,88.9477295597432,301.794616732126,121.279495795596,906.164787418128,110.576748340921,16.3422268889224,946.112398944154,222.085008205964,1.11487070628759,3.78269326463189,1.52011701484772,11.3578680598389,1.38596879461691,11.8585713616203,0.00150174097491039,0.00145031898629219,1.73098569987741e-07,0.000780187230724071,0.00233167016645559,7.15498828119976e-06,6.9321243147431e-06,2.96989072977093e-12,4.20068166294048e-06,1.06145498675114e-05,-3173.20339543313,0.0929204304388323,0.0725852857613329,0.98,0.425443100808216
"linear",1600,"montoril",98,79.91,43.5328663146112,382.093815754119,91.9448332354833,666.993671177058,127.139703972681,8.73628750231233,1200.66966654259,168.133719530624,0.544773699344402,4.7815519428622,1.15060484589517,8.34681105214689,1.59103621540084,15.0252742653308,0.00165928905247415,0.00158747510337078,2.33727771961178e-07,0.000834233583815392,0.00260842574697759,7.13558622214886e-06,6.87346188404474e-06,3.14108663963755e-12,4.16470802931721e-06,1.06987655771269e-05,-3220.34955374798,0.0894754251391488,0.0703017647937037,0.99625,0.435940560611155
"linear",1600,"montoril",99,80.281,81.4062793921291,263.112947782522,100.514214536848,901.002095345099,90.579530035149,5.46281666919872,691.999503181152,30.8048166944096,1.01401675853725,3.27739997985229,1.25202992659344,11.223105035377,1.12828103829236,8.61971703368359,0.00121593241413299,0.00117590841847945,1.01742391504058e-07,0.000644259436259594,0.00184008476806413,6.65157417851621e-06,6.45741314717601e-06,2.31122265148118e-12,4.05416118205545e-06,9.78628092997159e-06,-3190.58834542589,0.0804511180021908,0.0672365003624347,1,0.405311947739451
"linear",1600,"montoril",9,82.925,28.4974810785589,155.603444033715,151.226746986232,1158.30399531283,95.190747012797,14.3293089919818,667.634613319941,27.0655456510693,0.343653675954886,1.87643586413886,1.82365688255932,13.9680915925575,1.14791374148685,8.05106558118711,0.0011945588097872,0.00115017243831237,9.94713302736179e-08,0.000654795198471304,0.00183429060161976,6.52632909860893e-06,6.34557941313652e-06,2.23308599436489e-12,3.97260914366464e-06,9.53530855583714e-06,-3200.19893208773,0.0618842865498476,0.0511378415611883,1,0.411510714917451
"linear",200,"montoril",100,10.362,328.969889238801,1339.34817396932,214.939718443961,1265.78028902615,422.185875227211,152.213341197798,3082.20154766549,982.078353519203,31.7477214088787,129.255758923887,20.7430726157075,122.15598234184,40.7436667851004,297.45237865909,0.00748558663619904,0.00642702418345687,1.96602238760646e-05,0.00142066154719108,0.0161236174236547,5.18298602714074e-05,4.31019244326549e-05,1.17386755347176e-09,1.07394635040217e-05,0.000115320248398145,-391.265425460502,0.130967877977312,0.115791065619152,1,0.639887249795806
"linear",200,"montoril",101,10.285,58.6677666195425,746.793417267426,301.028885443533,969.61256042896,334.71755064191,23.0420652130953,1989.19138585108,463.104719159924,5.70420676903671,72.6099579258557,29.2687297465759,94.2744346552222,32.5442441071376,193.40703800205,0.0059465100471329,0.00513303702994443,1.22730883534806e-05,0.00121407127556961,0.0129020106376185,5.5243892762308e-05,4.61594434345542e-05,1.21117534277413e-09,1.17893492155975e-05,0.000121803263503414,-393.078539740105,0.150241310088493,0.113620169986009,0.97,0.611113394997623
"linear",200,"montoril",102,10.231,249.435916408281,840.698441472159,284.205209467849,946.766237233994,346.602190427823,97.0381509776829,2394.21681486266,571.320434584194,24.3804043014643,82.1716783767138,27.7788299743768,92.5389734370045,33.8776454332737,234.015913875736,0.00567105530748043,0.00465646432095224,1.32347731538589e-05,0.00121779800340459,0.0128677829149465,5.1048665321137e-05,4.30106712246701e-05,9.98148405264878e-10,1.19224291767842e-05,0.000109679944236669,-390.80566247588,0.139847201150854,0.106863194915138,1,0.600313636825327
"linear",200,"montoril",103,10.055,309.296333811686,1022.70195121424,284.995816350652,1129.92467406834,337.042965763445,95.5238357584131,2214.52449424331,758.162963102192,30.7604509012119,101.710785799527,28.3436913327352,112.374408161943,33.5199369232666,220.241123246475,0.00472589668649741,0.00400274476694327,7.91756956484431e-06,0.0010183714896538,0.0101457468182135,4.57464272175042e-05,3.87761337634598e-05,7.22835754292269e-10,1.09741266710754e-05,9.90213630985253e-05,-394.469573215961,0.1103972416156,0.0822255193441346,1,0.568308518391877
"linear",200,"montoril",104,10.092,221.764428186239,810.729819917509,459.997274134381,964.321671711409,261.063137744251,88.968506796605,1584.54789269138,558.844759543042,21.974279447705,80.3339100195708,45.5803878452616,95.5530788457599,25.8683251827439,157.010294559194,0.00414643090170138,0.00364882687238653,4.56791666213651e-06,0.00116426931411924,0.00840345312515287,5.00690979856785e-05,4.21259733731683e-05,1.05244447766604e-09,1.13590338270635e-05,0.00010792097169957,-384.624944937843,0.105232242470229,0.0811151275059951,0.995,0.562863867923638
"linear",200,"montoril",105,10.344,216.514901886281,1035.68209840294,374.24470315311,1614.76394686716,279.394945039411,78.9350249316331,1819.29323177706,524.005404416182,20.9314483648763,100.123946094639,36.1798823620562,156.106336704095,27.0103388475842,175.879082731734,0.00421135335014901,0.00366064045811928,5.3089744709538e-06,0.00103075725383912,0.00876572899693436,4.01708077660184e-05,3.48475815593855e-05,4.88940163648985e-10,1.11033135232036e-05,8.20695841522194e-05,-404.328896559431,0.079671899485096,0.0629150053795243,1,0.548092367230113
"linear",200,"montoril",106,10.667,199.725721042296,824.265331950216,417.357735564871,1293.14620675174,322.420309057613,95.1378271860853,2400.99572746103,609.572066267862,18.7237012320517,77.2724601059545,39.1260650196748,121.228668487085,30.2259594129196,225.086315502112,0.00490599014608129,0.00427017528856905,7.33704122091253e-06,0.00119029589876164,0.0103237262902961,4.25388257982007e-05,3.61120348764498e-05,6.52628770761549e-10,1.10093328671397e-05,9.03771999985763e-05,-396.947272680996,0.105235800674643,0.0885470011252452,1,0.568484438359354
"linear",200,"montoril",107,10.1,275.672240994655,1344.87539758833,376.818913326509,1198.30206817745,400.028468721254,197.18320598273,2773.8275411988,905.848080612102,27.2942812865995,133.15597995924,37.3088032996543,118.64376912648,39.6067790813123,274.636390217703,0.00593979733471366,0.00520746757167981,1.09706017171088e-05,0.0012863534462074,0.0125449331870033,4.76919734325115e-05,3.99364629052533e-05,9.33124153083013e-10,1.11763677313811e-05,0.000103467933258888,-388.358653352658,0.102060202320857,0.0838400532712958,1,0.5952502756487
"linear",200,"montoril",108,9.982,170.071213402189,607.854016423267,391.483920422679,1662.61070025563,257.848156453596,148.386861220142,1688.93594539215,458.36792666673,17.0377893610689,60.8950126651239,39.2189862174593,166.560879608859,25.8313120069722,169.198151211396,0.00391482888233325,0.00346755971373627,3.79287769374404e-06,0.00108841467129623,0.00782287130084262,3.78527487560257e-05,3.24071200924995e-05,4.63418024345796e-10,1.02021870178501e-05,7.8792625915217e-05,-399.61523060786,0.132213521801249,0.09605744057355,0.945,0.54665259246338
"linear",200,"montoril",109,9.97,229.917379482189,683.368659848877,326.502523738846,1302.92997998812,297.026199307253,120.363838241605,1793.93713215546,526.322488670424,23.06092071035,68.5424934652836,32.7484978674871,130.685053158287,29.7919959184808,179.933513756817,0.00442084038408234,0.00386261614667002,5.7671452901522e-06,0.00111197036746527,0.00914992332864637,4.96725960390719e-05,4.25578701955284e-05,8.18054588432917e-10,1.27480760853559e-05,0.000105211471551359,-384.658358286198,0.135233835172797,0.0998290202965545,0.975,0.568807386898253
"linear",200,"montoril",10,10.052,236.359519111035,979.737453390559,375.91230558194,1433.3780044462,328.766634456777,150.143149364685,2049.96026655813,689.699071191988,23.5136807710938,97.4669173687384,37.3967673678811,142.596299686251,32.7065891819317,203.935561734792,0.00435563293202657,0.00381052485654382,6.05236643044663e-06,0.00108228730651737,0.00882433349791039,3.90394115280225e-05,3.38787802553328e-05,4.96507875479494e-10,1.01905538721919e-05,8.06475244336714e-05,-403.591996596711,0.115613711306087,0.101052453989789,0.995,0.547818046391314
"linear",200,"montoril",110,10.318,328.288676700535,1233.52854037992,341.51680955494,1131.92948086045,273.900254433112,112.077885987301,1811.10083214036,837.859915494981,31.8170843865609,119.551128162427,33.0991286639794,109.704349763564,26.5458668766342,175.528283789529,0.00444736676567409,0.00385748309053244,5.80632667601376e-06,0.0011652138898489,0.00923215445677146,4.52090110161399e-05,3.84843069232172e-05,7.41695704313331e-10,1.06170341245705e-05,9.67677335082038e-05,-397.887763786314,0.119294821600535,0.102086430732048,1,0.564827865941345
"linear",200,"montoril",111,10.22,288.914562877242,1180.58601580156,271.091000166394,1425.27088744971,372.743556256019,192.137018195815,2822.90005410011,865.046939113725,28.2695267003172,115.517222681171,26.5255381767509,139.458990944199,36.4719722364011,276.213312534257,0.00520576840083127,0.00449322428969541,8.62992377955006e-06,0.0011780675622943,0.0110314126817962,4.6058043893499e-05,3.92877437174781e-05,7.1910423644594e-10,1.1753326511242e-05,9.7849491409722e-05,-395.731078678784,0.11742701801191,0.0979557689172056,1,0.56007514946555
"linear",200,"montoril",112,10.294,157.041834876369,472.030860139633,296.109610452695,1130.63001992306,395.614002244432,152.389122851427,2564.75872285633,389.536400317427,15.2556668813259,45.8549504701412,28.7652623326884,109.833885751221,38.4315137210445,249.150837658474,0.00648012192100574,0.00556727309841277,1.53343193402765e-05,0.00126622875627848,0.0139375676502603,5.47421325285792e-05,4.63007111051565e-05,1.08070180094882e-09,1.1617258565475e-05,0.000118761021791068,-386.171835748874,0.158550649828453,0.129836428543795,0.985,0.606681818883194
"linear",200,"montoril",113,10.19,154.49171959266,818.712781005506,364.008374403914,1509.90903884745,331.612851054711,129.233160532006,2257.20539013207,589.945984772103,15.1611108530579,80.3447282635433,35.7221172133379,148.175568091016,32.5429687001679,221.511814537004,0.00502427953083955,0.00441083744858266,7.05099912823953e-06,0.00121855632568814,0.0104269814913037,4.53779397197038e-05,3.86194529952472e-05,7.07450342552438e-10,1.15393762530149e-05,9.67584584300106e-05,-385.607964788794,0.115438476001981,0.0937810250352987,1,0.580298515122548
"linear",200,"montoril",114,10.07,319.157885192953,1290.27476771755,347.786972026001,1252.93268594828,353.949804208279,143.935525392305,2270.78881325083,969.924228660345,31.6939310022794,128.130562831931,34.5369386321749,124.422312407972,35.148937855837,225.500378674363,0.00576754212243863,0.00504126613593583,1.00093087188921e-05,0.00129582476892757,0.0121206382858611,5.42271869283819e-05,4.57455936234245e-05,1.12938728543234e-09,1.11370812731267e-05,0.000118656294275267,-381.707690560975,0.152580958954651,0.118353563829789,0.97,0.6099634448018
"linear",200,"montoril",115,10.257,301.692283626175,976.370201687552,294.764612336358,842.762958522557,405.315253042025,76.1664168649327,2182.00444473076,581.133767707118,29.4133063884347,95.1906212038171,28.7378972737017,82.16466398777,39.5159650036097,212.73320120218,0.00635545418284645,0.00531454979156297,1.63633858336502e-05,0.00102299543501667,0.0144098250759853,6.46076669933421e-05,5.4106591019742e-05,1.68277734464306e-09,1.31212930646167e-05,0.000142422282424499,-393.181578539645,0.162398576974698,0.127412799831262,0.965,0.620228712519881
"linear",200,"montoril",116,10.14,202.389745156662,860.143568853011,299.833089981799,1376.82832257221,328.654410284729,86.2647662235711,2012.38693678476,630.449019755323,19.9595409424716,84.8267819381667,29.5693382625048,135.781885855248,32.4116775428727,198.460250176012,0.00488588070802127,0.00421036096159905,8.04460753062009e-06,0.0011229298535188,0.0103043577381345,5.31723872095025e-05,4.48974223000109e-05,1.10996796591744e-09,1.17645419628064e-05,0.000115030904440271,-384.269770852187,0.0909497961640685,0.0716445947306387,0.985,0.57159268663071
"linear",200,"montoril",117,10.019,160.817844316597,624.344865297234,336.833539963372,1306.72361624407,319.895351278566,126.152893572169,2325.63630792856,441.465376407656,16.0512869863856,62.3160859663873,33.6194769900561,130.424554969964,31.9288702743354,232.122597856928,0.00508791290961929,0.0043396450096833,8.83304619473917e-06,0.00109417075786126,0.0108233334139556,4.48393942449642e-05,3.84685894259492e-05,6.84563681577761e-10,1.08008085915717e-05,9.42414519129219e-05,-396.938253532688,0.166410817620463,0.141192825617007,0.95,0.573780591216595
"linear",200,"montoril",118,10.152,223.471273392651,834.75920560704,286.518795406981,1431.19822229246,358.60868831744,187.960798260231,2505.06254716435,623.874988229681,22.012536780206,82.2260840826478,28.2228915885521,140.97697225103,35.3239448697242,246.75557005165,0.00517231873246262,0.00446340614701593,8.65550340330873e-06,0.0011603939628015,0.0111068334668609,4.43386570882462e-05,3.73361373974833e-05,7.44423980294961e-10,1.07864361853628e-05,9.51490958247115e-05,-397.169891915704,0.106171924069022,0.0851799640984535,1,0.580563118145026
"linear",200,"montoril",119,10.013,144.360369713455,596.258774692224,360.261845270146,990.438801418055,277.710044962499,64.197736929409,2037.29026900511,414.016922392202,14.4172944885104,59.5484644654174,35.9794112923345,98.9152902644617,27.7349490624687,203.464523020584,0.00412614529374588,0.00360242161533388,5.19266566302199e-06,0.00106419997752694,0.00845900188258305,4.59827278081675e-05,3.88400916345799e-05,7.50764735784162e-10,1.12392174379908e-05,9.90392311972781e-05,-395.534340397405,0.106644294971197,0.0763300332051284,1,0.551713167553516
"linear",200,"montoril",11,10.291,194.847621696888,729.009523914225,330.185507687333,1273.74837535305,295.663539930463,82.1481124769214,1663.59621046859,393.593320965294,18.9337889123397,70.8395222927048,32.0848807392219,123.773042012735,28.7303021990539,161.655447523913,0.00465959543091522,0.0039987740677851,6.89584790102581e-06,0.0012011104817617,0.00995487702829451,5.04024913224373e-05,4.30495736431803e-05,8.64148431288376e-10,1.26305896647931e-05,0.000106062905824706,-375.092551996507,0.172435587853444,0.142883177123423,0.935,0.597449376930176
"linear",200,"montoril",120,9.974,329.363683799549,1122.76698376205,321.89305204901,1413.32303281506,270.907323003217,167.121359951938,2003.44016317933,820.527546606929,33.0222261679917,112.569378760983,32.273215565371,141.70072516694,27.1613518150408,200.866268616335,0.00449525692645059,0.00392472732206332,6.07926148114354e-06,0.0010715019074076,0.00927210272620312,4.11751333946662e-05,3.49245043298784e-05,6.89873580146703e-10,1.01189940352284e-05,8.70406829926095e-05,-392.300414798788,0.10792243202483,0.0869549097922159,1,0.567094083874888
"linear",200,"montoril",121,10.138,221.255641951843,978.264048349136,332.163471614056,1395.13534267904,332.853662279927,176.406370459518,2072.96051706107,718.925241628655,21.824387645674,96.4947769135072,32.7642011850519,137.614454791778,32.8322807535931,204.474306279451,0.00488752771058166,0.00429144277734643,6.4254999718785e-06,0.00127516229218364,0.00990719501855988,4.74875726781598e-05,4.01587862134202e-05,7.93263636311053e-10,1.14636823510454e-05,0.000102376993715194,-387.937446357281,0.0872562674473787,0.0679383883001854,1,0.579290275382952
"linear",200,"montoril",122,10.213,225.901390131772,1212.44534235638,308.684143457731,1182.75421312636,316.891880738581,98.4498994906979,2153.42809734872,816.69083850454,22.1190042232226,118.715885866678,30.2246297324715,115.808696086004,31.0282855907746,210.85166918131,0.00470145157975291,0.00406935860498154,6.8942007266961e-06,0.00111336255835837,0.00977798089665922,4.40205929627733e-05,3.74048173235424e-05,6.93171346643019e-10,1.09520980642533e-05,9.38809000225745e-05,-384.726179038857,0.076985750868378,0.0645487422732373,1,0.559249097986522
"linear",200,"montoril",123,10.11,205.007196436446,915.831060607608,416.902817032565,1709.82299732569,275.273688237571,105.261551553082,1802.11773337838,591.528745642709,20.2776653250689,90.5866528790908,41.2366782425881,169.121958192452,27.2278623380387,178.251012203599,0.00425215943748317,0.00367990449357358,5.22749794427689e-06,0.00109011962447061,0.00890978279378432,3.97347917426155e-05,3.42261056171221e-05,4.90239207298077e-10,1.01252458788881e-05,8.34200392613454e-05,-390.788553466662,0.119840436917329,0.085873719622973,0.955,0.555480012914103
"linear",200,"montoril",124,10.19,412.737553939765,1368.28095849311,318.675960651545,1400.33623755208,415.97537886174,192.121679294905,2953.41316742193,1105.08299383043,40.5041760490447,134.276835965958,31.2734014378356,137.422594460459,40.8219213799548,289.834461964861,0.00613667073088082,0.00531182102085642,1.29488202514014e-05,0.00128058401557074,0.0130766568181764,4.86023733638397e-05,4.09791570271313e-05,9.16314499537626e-10,1.0995760841262e-05,0.000105965472845696,-400.910317474026,0.0990089783879618,0.0820036138863946,1,0.595922088008238
"linear",200,"montoril",125,10.109,218.92170979628,815.89165186571,400.841109546662,1743.78516563207,308.02934166024,158.3219117967,2197.64512447164,515.477486604931,21.6561192794816,80.7094323736977,39.6519051881157,172.498285253939,30.4708024196498,217.394907950503,0.00427004948708551,0.00371270152580101,5.42140549830229e-06,0.0011163102419183,0.0088138653737243,3.88971969420182e-05,3.32120955692445e-05,4.93483617541947e-10,1.03153993333893e-05,8.21849166690176e-05,-405.4002422944,0.135467802537229,0.107471611735143,0.94,0.544885947912701
"linear",200,"montoril",126,10.057,118.66873359898,452.536961092403,311.133335336071,1354.52742289739,283.61733744126,104.719200768684,1721.12009958292,335.097912817577,11.7996155512558,44.9972120008355,30.9369926753575,134.685037575558,28.2009881118882,171.136531727446,0.00466132731095223,0.00394735712131192,8.27257559265839e-06,0.00108968942047821,0.010084022925098,4.44326490560946e-05,3.84084212435248e-05,6.09990936417806e-10,1.16778294065148e-05,9.19074275834395e-05,-395.659804817943,0.121131606994691,0.0841391234790009,0.955,0.577627914115889
"linear",200,"montoril",127,10.389,295.784200232182,1366.71603290252,337.578911451757,1151.59888738548,424.369839129866,228.911967199812,2618.5678346381,797.548555703548,28.4709019378364,131.554146973003,32.4938792426371,110.847905225284,40.8479968360637,252.051962136692,0.00595239995232077,0.00502546761140185,1.34229197513993e-05,0.00118404738992755,0.0131493711720106,4.61621795310116e-05,3.93864433664698e-05,7.62709738821865e-10,1.09322359624244e-05,9.90987250089813e-05,-413.10003093332,0.128338358467283,0.109441671360658,1,0.59161877207592
"linear",200,"montoril",128,10.059,189.053597492677,756.224801338274,363.609282574437,1289.82321149218,311.479616600862,133.779134624944,2038.10222904848,526.941241871739,18.79447236233,75.178924479399,36.1476570806677,128.225788994153,30.9652665872216,202.614795610745,0.00469711687558995,0.00397911491868717,7.54886594881515e-06,0.00105831698191015,0.0102899733856629,4.62260589755275e-05,3.95669743352375e-05,6.9697133125905e-10,1.23476386839753e-05,9.88759751531439e-05,-400.520009186889,0.0701505287814655,0.0584859327253279,1,0.568903068572896
"linear",200,"montoril",129,10.11,117.517017871091,489.674929001985,380.908128160281,1074.77843828797,219.63146713358,80.7363867317895,1235.38078573414,307.640315024575,11.6238395520367,48.4347110783368,37.6763727161505,106.308450869235,21.7241807253788,122.193945176473,0.00363071385215631,0.00319676509188656,3.66620818680417e-06,0.00103792380801299,0.0072807691872375,4.47923833427279e-05,3.84121151702136e-05,6.74206267274799e-10,1.16158798202416e-05,9.31321561501506e-05,-377.978297667638,0.0900876811323646,0.0757713938517535,1,0.552203038054596
"linear",200,"montoril",12,10.163,281.3308626605,1226.33349175909,399.151789646868,963.596414582079,337.927021605228,184.079774467536,2346.59439551925,671.485706262021,27.6818717564203,120.666485462865,39.2749965213882,94.8141704793938,33.2507154979069,230.895837402268,0.00504254851402897,0.00436247762100712,7.71170273783194e-06,0.00119956104515786,0.0105037487807972,4.9911912454102e-05,4.19623984606444e-05,9.64539118106626e-10,1.14425612107928e-05,0.000108686270135487,-382.316543278805,0.11416935321255,0.0928782176391265,1,0.583122469844281
"linear",200,"montoril",130,10.018,302.061627171652,1177.96373966208,244.613755081605,968.034829511451,354.968344408553,177.865151377842,2185.95716180619,691.230244955783,30.1518893163957,117.584721467566,24.4174241447,96.6295497615743,35.4330549419598,218.202950869054,0.00536500075365807,0.00460636365796245,9.85111155382925e-06,0.00115359481472901,0.0114331709396246,4.8170944032302e-05,4.01347561017284e-05,1.00815368716613e-09,1.06741534203269e-05,0.000106357388071315,-392.632226228095,0.130875355148903,0.100349476804211,0.985,0.586056227057189
"linear",200,"montoril",131,10.263,134.650057731318,589.919915887771,345.423543744439,1525.64223123228,309.177012534008,88.1391821420448,2141.44835486724,436.527641437702,13.1199510602473,57.4802607315376,33.6571707828548,148.654606960175,30.1254031505415,208.657152379153,0.00519284650922025,0.00443990976078796,9.41738207620644e-06,0.00112149727722429,0.0111293342446317,4.81101084246713e-05,4.1380720506059e-05,7.60500776888111e-10,1.19584254456569e-05,0.000100309051629681,-395.500285442384,0.120502012636654,0.0899217653712146,1,0.580884516476082
"linear",200,"montoril",132,9.908,170.191659802761,585.950596079761,363.584805414066,1408.86070416625,254.655935765857,115.135670507382,1646.4844950277,443.826199186322,17.1771961851797,59.1391396931531,36.6960845189813,142.19425758642,25.7020524592104,166.177280483216,0.00399276711646788,0.00343362128453834,4.87646786510296e-06,0.000961629913847387,0.00844616913767303,4.31568055344709e-05,3.73128890291794e-05,5.87894815735618e-10,1.11966994465416e-05,8.95646527198693e-05,-384.727876822791,0.110270888805485,0.0885110886842631,0.995,0.557274687792544
"linear",200,"montoril",133,10.213,201.147656588031,838.528273075856,279.125744838488,1344.50090315612,321.202035539645,146.171548813086,2175.24069680257,593.310789458446,19.6952566912789,82.1040118550726,27.3304361929392,131.646029879185,31.4503119102756,212.987437266481,0.00459121532900542,0.00382394497402233,8.60869941464673e-06,0.000989604577094448,0.0104559497330772,4.39257004290315e-05,3.76405382012565e-05,6.44117357344738e-10,1.13128176584916e-05,9.21888063588987e-05,-418.919840122835,0.112104688161986,0.0790406323245956,0.96,0.563655087530413
"linear",200,"montoril",134,10.03,188.435602419498,1042.72459059539,334.312227117685,1598.04151385648,278.432423082637,132.728137126198,2039.73997440892,727.400472144004,18.7871986460118,103.960577327556,33.3312290246945,159.326172867047,27.7599624210007,203.36390572372,0.0043176789922732,0.00374604744036992,5.88570168230045e-06,0.00102993098731624,0.00892570493419571,3.98193893284127e-05,3.40023003979596e-05,5.60746229055388e-10,1.07573009149081e-05,8.34497921226489e-05,-399.868502191657,0.0768175974586058,0.0655859022392085,1,0.557755242021303
"linear",200,"montoril",135,10.051,213.457856396562,960.772298214768,327.525739081745,1085.60997770099,299.577175034555,107.654357208547,2023.15963210557,635.067434109418,21.2374745196062,95.5897222380627,32.5863833530738,108.01014602537,29.8057083906632,201.289387335148,0.00452748951197802,0.00389954754065877,6.45587181536244e-06,0.00103319210879087,0.00960701555060429,4.18036126320497e-05,3.53431939548397e-05,6.28620648820187e-10,1.01507496548405e-05,8.9884690432897e-05,-397.861175776249,0.113450087226483,0.0951387882579653,1,0.565604034133634
"linear",200,"montoril",136,9.951,230.383945573523,881.832123479206,265.820719900888,1411.27253480997,407.798830391728,196.601778351225,2768.41428249916,651.979503132707,23.1518385663273,88.6174377931068,26.7129655211424,141.822182173648,40.9806884123935,278.20463094153,0.0058716126279205,0.00495782291930793,1.1865329301293e-05,0.00136668379629647,0.0126680631696223,4.96365131226006e-05,4.13256866663887e-05,1.01521750133601e-09,1.07553030268713e-05,0.000109627956243543,-403.334109328516,0.085170049816822,0.0697496363902102,1,0.584295221218156
"linear",200,"montoril",137,10.585,164.234362469788,618.204601504395,425.936526905705,1561.08747776779,272.49831975966,71.8018366048127,1632.30871242733,418.015608093345,15.5157640500509,58.4038357585635,40.239634095957,147.481103237392,25.7438185885366,154.209609109809,0.00380767761451913,0.00329783938798804,4.06487792006641e-06,0.00110712536335602,0.00779740480826402,3.76890145006002e-05,3.27801952211428e-05,4.27331417567223e-10,1.06731314585117e-05,7.66406197352706e-05,-404.266335580525,0.179177730126213,0.141733259653845,0.905,0.543470915133851
"linear",200,"montoril",138,10.207,132.096698060681,629.946401215505,479.038756448672,1818.65676114531,276.282624098988,106.396388715932,1868.96745910952,367.186879590775,12.9417750622789,61.7170962295978,46.9323754725847,178.177403854738,27.0679557263631,183.106442550164,0.00400466507106777,0.00354944710017037,4.09021317954691e-06,0.00107236510494007,0.00792070396374199,4.19058786156374e-05,3.66312015302498e-05,5.21597928809941e-10,1.10938043382615e-05,8.49505487266368e-05,-402.128753608194,0.131254884390351,0.10433328310022,0.98,0.544214791414063
"linear",200,"montoril",139,10.278,192.032075546788,632.211863231152,373.927960550255,1572.23437991059,284.016972736884,123.976851794759,1779.65888137982,488.763224670216,18.6837979710827,61.5111756403145,36.3813933207098,152.970848405389,27.633486353073,173.152255436837,0.00381582261399559,0.00326803474185794,4.52445587930543e-06,0.00100732007284669,0.00806063042488741,4.38828929287986e-05,3.86108730913187e-05,5.16724140029482e-10,1.23222737698693e-05,8.82636831999826e-05,-404.439452301034,0.130140878242198,0.103466201832257,0.98,0.539622377150023
"linear",200,"montoril",13,10.021,235.326621827646,1066.27797128393,273.064059846811,1534.20534080772,263.111716923397,128.718478499824,1616.28446280601,740.621672886933,23.4833471537417,106.404347997598,27.249182701009,153.099026125907,26.2560340208958,161.289737831156,0.00413507650661953,0.00363941578508723,4.6770850611785e-06,0.00113945068167448,0.00839486731525286,4.12497217382107e-05,3.52641877263558e-05,5.40232737639331e-10,1.08304152659478e-05,8.62653523927847e-05,-378.647022893386,0.0696581336049165,0.0553897965085323,1,0.563524800904148
"linear",200,"montoril",140,9.949,202.316043891348,937.8336347148,361.261564272817,954.12826865861,278.372160948215,96.4175751985489,1750.51582148511,645.78160228604,20.3353144930494,94.264110434697,36.3113442831257,95.9019266919901,27.9799136544593,175.94892164892,0.0042201196423431,0.00371499227502502,4.84907587159757e-06,0.00111284263321803,0.00852897570229592,4.88280498836055e-05,4.2369445383213e-05,7.53111448956196e-10,1.14669943959843e-05,0.000100950029868117,-381.757635645971,0.134044802408914,0.106369118393407,0.945,0.558227604433119
"linear",200,"montoril",141,10.534,150.76094867083,539.153931830514,293.150914624598,1364.0399288071,303.500906534406,124.18659161459,2031.56304687384,410.310112593946,14.3118424787194,51.182260473753,27.8290217034933,129.489266072442,28.8115536865773,192.857703329584,0.00430332193925175,0.00369799724650965,5.82208295381232e-06,0.00103737241022464,0.00903691552820289,4.18191914395011e-05,3.63310742775139e-05,5.16518373780873e-10,1.0934876429617e-05,8.60795538329177e-05,-400.220167907634,0.105380994714834,0.0810266352740057,1,0.553640422325153
"linear",200,"montoril",142,10.275,74.0763325097084,568.989412406689,295.279124855457,1555.98224229821,288.110111579676,35.1740928275935,1852.14041544987,411.261361784871,7.20937542673561,55.3760985310646,28.7376277231588,151.433794870872,28.0399135357349,180.256974739647,0.00432770169999361,0.00376759674603604,5.5212422921915e-06,0.0011109947639459,0.00889553965786013,4.82192255905963e-05,4.10760335966635e-05,8.38383336146873e-10,1.1887292434282e-05,0.000102510425986365,-387.292482248732,0.111948515032983,0.0941386610228426,1,0.568012738535659
"linear",200,"montoril",143,10.187,334.013315806771,1277.06288914036,320.163165289693,1213.86538622943,351.42109425738,126.040856367304,2338.4773762888,897.458164181128,32.7881923831129,125.362019155823,31.4286016775982,119.158278809211,34.4970152407362,229.555058043467,0.00533771052800002,0.00458739072007326,9.49141583386945e-06,0.00121354428372194,0.0115459401148256,5.03323541067482e-05,4.23229718254739e-05,9.49328306574469e-10,1.13585009176902e-05,0.000109745746009427,-394.224224336517,0.122203614896801,0.0996410595687209,1,0.58357125072453
"linear",200,"montoril",144,10.087,251.843955273776,935.778268025873,387.43891541028,1492.97371701969,316.236760739885,174.631846514248,2028.47026860413,693.265987415598,24.9671810522233,92.7707215253171,38.4097269168514,148.009687421403,31.35092304351,201.097478794897,0.0045010701881697,0.00385840232862372,6.40714692906214e-06,0.00105011305934462,0.00947644373917532,4.47263955846975e-05,3.89707597222688e-05,6.10673273438159e-10,1.10695545189393e-05,9.14446845943972e-05,-404.8011444021,0.107119876884232,0.0918275651218556,1,0.563453869069833
"linear",200,"montoril",145,10.369,160.094043064158,1149.52571532833,436.429284683301,1127.80274638539,271.926815100257,97.8556588190757,1717.50794111829,571.388756236137,15.4396801103441,110.861772140836,42.0898143199248,108.766780440292,26.2249797569926,165.638725153659,0.00411173295769054,0.00354556703955744,5.11666101395121e-06,0.00107478017857666,0.0085237805717053,4.24215696736796e-05,3.59874022236174e-05,6.38316464547753e-10,1.04176858852821e-05,9.05819763297939e-05,-398.82764195128,0.0940824531618898,0.0798591920622156,1,0.547275588976791
"linear",200,"montoril",146,10.26,174.39871422746,722.847652260264,250.142402996263,1702.61321358291,356.971102785307,154.601050498766,2760.67681158857,533.796623706561,16.9979253633002,70.4529875497333,24.3803511692265,165.946706976891,34.7925051447667,269.071813994987,0.00568975335138575,0.00467799732882301,1.43713429374501e-05,0.00105911401431366,0.0129286915805739,4.09117753704707e-05,3.48894685328233e-05,5.79044197779588e-10,1.0212929487838e-05,8.73516489298293e-05,-408.203151579371,0.110091478090503,0.0842278722917682,1,0.582185776301398
"linear",200,"montoril",147,10.298,112.363699200515,480.297745389388,389.236677887373,1673.08252370733,352.451228987363,91.3042965846707,2258.54443139302,344.997919164948,10.9112156924175,46.6399053592336,37.7973080100382,162.466743416909,34.2252115932572,219.318744551663,0.00468355658111442,0.0040766972951609,6.75968639361155e-06,0.00110862197343327,0.00981226378460365,4.37322691896324e-05,3.79482774694008e-05,5.81680444640804e-10,1.13514272684985e-05,9.04447821176703e-05,-405.599622074887,0.0965768711005359,0.0818390143064797,1,0.554067701482263
"linear",200,"montoril",148,10.264,181.039629047019,755.936739767717,417.182256073527,1182.25054929812,253.094302947472,100.089147176697,1474.90938011035,483.018533362674,17.638311481588,73.6493316219521,40.6451925247006,115.184192254298,24.6584472863866,143.697328537641,0.00397926049940035,0.00348774578536467,4.27383747909118e-06,0.0010756437526337,0.00806507584959951,4.07634372352125e-05,3.49288402858242e-05,5.26428737964672e-10,1.08697610353613e-05,8.56846490957976e-05,-385.825613592854,0.0870103450162851,0.0701590350108661,1,0.552805294764614
"linear",200,"montoril",149,10.186,186.592762664672,731.574276095612,501.030840131134,1329.64525150103,283.044806727082,139.445081420609,1942.19655310561,561.964813951343,18.3185512138889,71.8215468383676,49.188183794535,130.53654540556,27.787630740927,190.673134999569,0.00435190008058982,0.00383360250524493,5.26688845647317e-06,0.0010587876863887,0.00882290805762169,4.09909897052067e-05,3.46293730882718e-05,5.81639789986387e-10,1.05039204925715e-05,8.80883198540097e-05,-392.999369655801,0.151185020943017,0.115236209217321,0.905,0.560445302350515
"linear",200,"montoril",14,10.049,415.218231926951,1731.29372704426,276.60857597816,700.869719411883,428.799276372433,142.641018282031,3073.28240498542,938.647999670577,41.3193583368445,172.285175345234,27.5259802943736,69.7452203614174,42.6708405187016,305.829675090599,0.00688567947062222,0.00583772977660295,1.72319067390731e-05,0.00135369532700556,0.0150620309422338,5.63296796363179e-05,4.67155773645074e-05,1.38761070564636e-09,1.04655677304364e-05,0.000126926480814118,-402.799986601362,0.149204858450217,0.124865947327076,1,0.618216717884569
"linear",200,"montoril",150,10.498,261.056583645664,985.632329093857,267.933745059055,1233.61621476145,377.828093925419,157.093681968541,2326.70879588522,732.020364750405,24.8672683983296,93.8876289858884,25.522360931516,117.509641337536,35.9904833230538,221.633529804269,0.00612255862560904,0.0051207960324265,1.52746353034005e-05,0.00117300321499693,0.0135811012214381,4.63945567555653e-05,3.92468589657774e-05,8.10638460716175e-10,1.11896229628509e-05,0.0001002218685863,-381.741702435832,0.121056395668315,0.100374248583299,1,0.60921902421045
"linear",200,"montoril",151,10.389,280.202959465741,1050.41469985555,306.71503996115,1530.25019579895,395.020789511099,152.587323715486,2785.18996640152,784.623625529828,26.9711194018424,101.108354976952,29.5230570758639,147.295234940702,38.0229848408027,268.090284570365,0.00582275957463367,0.00488885460300874,1.30697232599772e-05,0.00111668808422092,0.0128238964955733,4.61524518983198e-05,3.88478168624798e-05,8.03404659436843e-10,1.11025215146904e-05,0.000100043987940612,-403.090832043813,0.0783811579108391,0.064023365681815,1,0.5831057395026
"linear",200,"montoril",152,10.044,218.953111477244,902.110600652623,396.337187930236,1413.7708171678,282.904079385255,157.724297732019,1736.80979799074,700.3135199573,21.7993938149386,89.8158702362229,39.4600943777614,140.757747627221,28.1664754465606,172.920131221699,0.00447561788683413,0.00387954248267937,6.48887054221517e-06,0.0010488321531166,0.00945285895737022,4.39948015897877e-05,3.73345773544527e-05,6.74906666139154e-10,1.1017591757443e-05,9.412751750417e-05,-395.910266330151,0.104894006688793,0.0875899272319545,1,0.571791340969082
"linear",200,"montoril",153,10.218,173.291189650287,672.259445442684,284.590006856323,1176.85600278925,317.420238246266,112.072146184178,1813.26665508551,459.502867649007,16.9594039587284,65.7916857939601,27.8518307747429,115.174789859977,31.0648109460037,177.458079378109,0.00456418636411265,0.00391937482305283,6.64383272514512e-06,0.00110814870769204,0.00968681815591048,5.8004384630405e-05,4.9527597156296e-05,1.18894683529048e-09,1.50287246115816e-05,0.000123929802788058,-392.976235965316,0.167187463016982,0.127763468643821,0.965,0.578324334857489
"linear",200,"montoril",154,10.035,173.418941139845,640.315442948555,504.945801162527,1232.21002019936,242.037032775311,133.023641193308,1319.99370313772,459.789760435495,17.281409181848,63.8082155404638,50.318465487048,122.791232705467,24.1192857773105,131.538983870227,0.00391055405692835,0.0034260221130831,4.14986522729444e-06,0.00112150268061098,0.00791491237430623,4.2898641902279e-05,3.7166832356105e-05,5.72813228847906e-10,1.14850045327195e-05,8.91228971336952e-05,-389.230871235004,0.107643549181452,0.0889857680889884,1,0.559324460852712
"linear",200,"montoril",155,10.086,369.169873437116,1517.78605285692,336.553051764232,1078.48900164853,354.850852655177,173.665584140991,2371.26102665189,992.472443247519,36.6022083518853,150.484439109352,33.3683374741455,106.929308115063,35.1825156310903,235.10420648938,0.00548686442233158,0.00476427291323688,9.49100051678026e-06,0.00137314132101898,0.0113525746315463,5.11929315699754e-05,4.25003017068199e-05,1.2376246871808e-09,1.08065641759298e-05,0.000113393552990155,-379.736967394264,0.133328841519334,0.110982113976253,1,0.601667945159108
"linear",200,"montoril",156,10.075,212.908725153396,667.585289991153,450.477313734067,1296.73581208728,277.415610521219,100.271771350662,1579.72221533741,501.566369792115,21.1323796678309,66.2615672447795,44.712388459957,128.708269189805,27.5350481906917,156.796249661282,0.00419912531735438,0.00362579561344445,5.4715398660816e-06,0.00102511721386398,0.0088347356286445,4.18522622994542e-05,3.59874854947304e-05,5.54579460447285e-10,1.14631545083337e-05,8.71316944028208e-05,-406.114055427328,0.0644208137353602,0.0498498948379664,1,0.553069269044232
"linear",200,"montoril",157,9.98,164.185617079548,608.081758271405,369.154516583189,1842.07675489291,263.946524161965,103.532051774205,1877.15187703267,459.244105828903,16.4514646372293,60.9300358989384,36.9894305193577,184.576829147586,26.4475475112189,188.091370444155,0.00417464960660551,0.00363759471897618,5.23287475207723e-06,0.000983127758224179,0.00875933766150121,3.81363885616618e-05,3.30399907023581e-05,4.43407941104381e-10,1.08312066765077e-05,7.81961264498718e-05,-395.330484933638,0.137200967818751,0.11391193071664,0.945,0.54551549703938
"linear",200,"montoril",158,10.655,119.793922576363,599.256135325522,438.912922510201,1756.39148754069,265.981133983546,98.3749972725788,1670.59376338772,413.143556655368,11.242977247899,56.2417771305041,41.1931414838293,164.841997892134,24.9630346300841,156.789654001663,0.00375351912655249,0.00327565673070224,3.76396116365412e-06,0.00107362448780088,0.00769338151293049,4.00695910051076e-05,3.4923343773936e-05,4.66013457545572e-10,1.07128952739478e-05,8.19749166047252e-05,-402.269991300697,0.109355336652764,0.0838124691401838,0.99,0.535398605158049
"linear",200,"montoril",159,10.246,162.285053591175,608.332477428383,189.993799613902,1120.37824427521,318.222265392817,135.011290346744,1938.06048917216,407.481095822596,15.8388691773546,59.3726798192839,18.5432168274353,109.347866901738,31.0581949436674,189.152887875479,0.00457183353557526,0.00388483337228363,7.20278375495507e-06,0.00103656586897242,0.00989562803249215,4.95370215787594e-05,4.33303428624574e-05,7.21024790097645e-10,1.25122305570558e-05,0.000101389167227921,-409.453455835135,0.125181918427147,0.100951957470204,1,0.559371929513176
"linear",200,"montoril",15,9.971,243.924499868117,1002.05198937866,349.936870487736,1477.9915519656,285.205096528484,149.013988605259,2040.47146664624,714.924381663685,24.4633938289156,100.496639191521,35.0954638940664,148.229019352682,28.6034596859376,204.640604417435,0.00460440082586715,0.00406198656092256,5.85148215408436e-06,0.00127762239353919,0.00932926179418146,4.48018550023447e-05,3.81002050223603e-05,6.83956857942857e-10,1.11876211243036e-05,9.54788043385085e-05,-375.297135949779,0.0868049717300574,0.0703962646075193,1,0.570483689028255
"linear",200,"montoril",160,9.985,318.701477432155,1174.04872968217,273.25167860356,1463.0026393728,286.805920063777,13.3612476755043,1942.22869389017,805.015618575114,31.918024780386,117.581244835471,27.3662171861352,146.520044003285,28.7236775226617,194.514641351043,0.00471167300074077,0.00409395664277143,6.52372194536112e-06,0.00112884221892803,0.00989828431988547,4.55933810186917e-05,3.89745327886599e-05,6.78621503898423e-10,1.18345913027518e-05,9.70795981745094e-05,-381.737936033794,0.0924322034892564,0.0638446729118962,1,0.572942512557708
"linear",200,"montoril",161,10.017,223.684774040089,835.284497323807,475.623131024846,1535.53834296999,315.72926439992,126.222990076689,2195.34022504274,601.409320406586,22.330515527612,83.3866923553765,47.4815943920181,153.293235796146,31.5193435559469,219.161448042602,0.00397466594630739,0.00350860546161062,4.10541915066891e-06,0.00107438728946162,0.00789746399708208,3.88100716345261e-05,3.33940278448781e-05,4.82792065058355e-10,1.03570999285735e-05,8.17653352033633e-05,-386.490295234107,0.140221600168565,0.127024492195523,0.97,0.530026029252972
"linear",200,"montoril",162,10.094,162.563467768985,649.445809325756,347.030952512817,1618.17045639107,309.743122215278,127.048890553409,2062.49086869442,469.361374616208,16.1049601514746,64.339786935383,34.3799239660013,160.310130413223,30.6858650896847,204.328399910286,0.00458942165430747,0.00394029546428744,6.76369787726565e-06,0.0011511696309493,0.00969612292108511,4.11731737488236e-05,3.50305767118138e-05,5.78544922635127e-10,1.07136407648111e-05,8.84091620739212e-05,-395.502840483454,0.14248399537696,0.0992341678666952,0.935,0.561126847695394
"linear",200,"montoril",163,10.575,150.545344550993,817.703762754575,496.918237209714,1205.77601143656,261.876375319917,96.3406600948692,1646.69143779996,532.919612857907,14.2359663878007,77.3242328845934,46.9899042278689,114.021372239864,24.7637234345075,155.715502392431,0.00405055635616833,0.00350708450224512,4.94869822139823e-06,0.00104230157794016,0.00836142737116595,4.46906825414706e-05,3.8320864900793e-05,6.45488497847104e-10,1.18755427365439e-05,9.39493950713581e-05,-393.908711823483,0.0969324030583492,0.0841028034494763,1,0.555872920777043
"linear",200,"montoril",164,9.973,139.576618235813,707.508428407627,270.517767485533,1097.55834433375,298.656883300643,110.759181918678,1748.27765132766,473.658118069535,13.9954495373321,70.9423872864361,27.1250142871286,110.052977472551,29.9465439988612,175.301078043483,0.00513351774239374,0.00431093698279354,1.01846989256827e-05,0.00106185945902758,0.0114024312725233,4.6881283267179e-05,4.00811855503754e-05,7.39861706785358e-10,1.06976998473218e-05,9.84322734865611e-05,-406.112722105864,0.140476677494252,0.114847200402532,1,0.595028401089989
"linear",200,"montoril",165,10.126,101.708176501699,403.047708078515,391.902628233354,1427.58713500666,284.111694616581,89.4836669074504,1926.16280067245,266.243782308889,10.0442599744913,39.8032498596203,38.7026099381152,140.982336066232,28.057643157869,190.21951418847,0.0042816922541923,0.00369653068734215,5.8689213227391e-06,0.00106409318592375,0.00903179896398017,4.44384521860091e-05,3.84294321037981e-05,6.32726099632085e-10,1.1593408690746e-05,9.1168747390371e-05,-391.3969490463,0.130846649155074,0.105520424498794,0.985,0.562165233024903
"linear",200,"montoril",166,10.328,249.160233285295,1019.42917408341,326.420956894508,1960.12589239948,350.553968455474,196.019380049207,2529.77921358723,732.730367542911,24.1247321151525,98.7053809143504,31.6054373445496,189.787557358586,33.9420960936749,244.943765839198,0.0052554703050599,0.00440988173740604,1.1153455675506e-05,0.00110685961809931,0.0115388485246023,4.20001283991207e-05,3.62763599698273e-05,5.52302112499726e-10,1.05003041369616e-05,8.70382713181999e-05,-393.760813233247,0.0999434510391951,0.0778013677826286,1,0.572899037525322
"linear",200,"montoril",167,10.341,207.49793244187,809.83603127071,234.666497958949,1222.03855239271,325.205816393495,77.6564258827123,1855.76786206954,589.297423824549,20.0655577257393,78.313125545954,22.6928244810898,118.174117821556,31.4481980846625,179.457292531626,0.00506627254554574,0.0042406233744359,9.52647721252607e-06,0.00107164181722473,0.0111623479789846,5.8929831466432e-05,5.03100855763059e-05,1.19584555480032e-09,1.30876893136669e-05,0.000126088860698229,-394.982369467458,0.143643932577233,0.122907367471934,1,0.59552432227044
"linear",200,"montoril",168,10.634,200.777894367976,806.479775730104,523.154025076103,1377.5852040226,250.821118564281,110.416427033286,1417.76097562899,481.048451660705,18.8807498935467,75.8397381728516,49.1963536840421,129.545345497705,23.5867141775702,133.323394360447,0.00394736938846938,0.00340791602921787,4.42259051114274e-06,0.00106240400461338,0.00817539214178008,4.80252143147475e-05,4.16320032441634e-05,6.96405007583609e-10,1.18711337930234e-05,9.99708795190659e-05,-387.696380359554,0.122276440110337,0.0959870467530956,0.995,0.558043632907861
"linear",200,"montoril",169,11.315,238.94510427039,847.27393195108,285.327487974973,984.327832881378,362.54831861116,173.95276303273,2089.07627538334,633.886732891281,21.1175522996367,74.8805949581158,25.2167466173198,86.9931801044081,32.0413891834874,184.628924028576,0.00583193200467483,0.00489442104193643,1.34468515079889e-05,0.00100230233349536,0.0131172758837508,5.24071744247623e-05,4.46811978868996e-05,9.96803242038484e-10,1.20943460803349e-05,0.000110405701391444,-391.472057315809,0.133241105171861,0.104002760581944,1,0.601611461807311
"linear",200,"montoril",16,10.064,233.542923858825,878.196824783192,427.417658827887,1313.80865288988,333.031986164617,179.101991058911,1993.51749259899,642.187583986028,23.2057754231742,87.2612107296494,42.4699581506247,130.545374889694,33.0914135696162,198.08401158575,0.00456031747948591,0.00398407449040521,6.18719947742283e-06,0.00115101031188794,0.00957905523789119,4.45215101851741e-05,3.80457183717037e-05,6.87062970294751e-10,1.11059859156899e-05,9.3015299870081e-05,-395.180269014938,0.106988523780534,0.0864204401971735,1,0.561139749696995
"linear",200,"montoril",170,10.063,292.487226255519,1085.85621562309,383.253236549533,1786.44099938566,283.89401121118,214.363653722871,1922.43509663448,801.344902391671,29.0656092870435,107.905814928261,38.0853857248865,177.525688103514,28.2116676151426,191.039957928499,0.00423483288265507,0.00366335915846783,5.32842666032543e-06,0.00116526569720695,0.00874671577396807,3.97028020879729e-05,3.44671430899101e-05,4.71759986930081e-10,1.10729101111708e-05,8.18686588453259e-05,-393.86201519415,0.0795309769053637,0.0684851213670197,1,0.55536742551982
"linear",200,"montoril",171,10.023,211.996327755699,869.451017871595,325.109472688323,1155.99774583826,371.478194287026,184.145997295988,2551.15240979337,601.743529410777,21.1509855088994,86.745586937204,32.4363436783721,115.334505221816,37.062575505041,254.529822387845,0.00555495363637767,0.00472489384176609,1.05728488407411e-05,0.00124881373838099,0.011913353138248,4.46077263792435e-05,3.76566167313819e-05,7.22264715147659e-10,1.08502001324627e-05,9.67401028060393e-05,-407.689312198761,0.113956937331438,0.0888195132352771,1,0.586613004585012
"linear",200,"montoril",172,11.437,289.923594260283,1152.55265433066,285.020031317847,1798.01071636865,374.173957107445,138.278961163357,2461.5127434045,855.008816617737,25.3496191536489,100.774036402086,24.9208735960345,157.209995310715,32.7160931282194,215.223637615152,0.00526151131337377,0.00443950499021116,9.96381250835001e-06,0.00120205681817368,0.011490590450354,4.04554900175331e-05,3.44076317501823e-05,5.71681846738319e-10,1.03561375125205e-05,8.63957395686301e-05,-409.118466997026,0.105673852202547,0.0815591591371799,1,0.572854182814392
"linear",200,"montoril",173,10.391,246.706190885269,1145.38111409508,224.31908624369,1863.14813800246,469.112355396519,196.926623799361,4122.83739038146,822.712180846033,23.7422953407053,110.228189211345,21.5878246794043,179.30402636921,45.1460259259474,396.770030832592,0.00754247286239827,0.00654171014383705,1.87788814547071e-05,0.00148515776552911,0.0162313387476035,4.20596842796472e-05,3.57364022171902e-05,6.47957271255969e-10,1.00464227596488e-05,9.01768719317862e-05,-395.701422775593,0.145285803630161,0.114697125611788,0.98,0.626936990944771
"linear",200,"montoril",174,9.984,237.004511425287,691.640141982233,408.224710448101,1392.12425042309,257.154660855148,107.32865481096,1605.12186289128,493.97503959672,23.7384326347443,69.2748539645666,40.8878916714845,139.435521877313,25.7566767683441,160.769417356899,0.00381433565298204,0.00340904949372566,3.57449355898968e-06,0.00109957076892665,0.00755940083232068,4.02041308140206e-05,3.47234448395637e-05,4.98660789075056e-10,1.09355093415415e-05,8.29951021627717e-05,-386.506372749053,0.145176532719999,0.11055559387501,0.955,0.55018843785097
"linear",200,"montoril",175,10.189,310.634638624497,1196.63468468074,231.734916243455,1443.70824185616,397.444153120448,203.645643129062,2877.86228837914,868.340608493692,30.4872547477178,117.443781007041,22.7436368871779,141.692829704207,39.0071796172782,282.447962349509,0.00654862848534225,0.00521247474725789,2.3498519756721e-05,0.00106667600881061,0.0155468060975337,4.62618288911562e-05,3.91752035094597e-05,8.30421987037177e-10,1.09038834583805e-05,9.90815886574722e-05,-395.278110689432,0.0948385520989697,0.0658036055936835,1,0.60677649179801
"linear",200,"montoril",176,10.222,181.477036517648,783.002239166356,364.403021429916,1334.94355233255,248.60690429521,95.1161355902058,1577.01437050564,404.699413978887,17.7535743022547,76.5997103469337,35.6488966376361,130.595143057381,24.3207693499521,154.276498777699,0.00424513844541207,0.00366808089217759,5.68897805225031e-06,0.00105464256683252,0.00884020971325934,4.61834039004274e-05,3.9633491841193e-05,7.09218345611869e-10,1.16619870688511e-05,9.74412156035543e-05,-386.46675875423,0.132285766860136,0.0936188858489096,0.96,0.569623336924891
"linear",200,"montoril",177,10.21,192.292789024938,828.392902937794,343.458308026126,887.070553428042,353.19266637698,118.513941848853,2038.25957122202,581.156318842727,18.8337697379959,81.1354459292649,33.6394033326274,86.8825223729717,34.592817470811,199.63365046249,0.0053882282593597,0.00457564460417565,1.02290531503039e-05,0.00121929744557857,0.0117277402564418,5.57703081207258e-05,4.67734776869154e-05,1.20792129660916e-09,1.18314599641537e-05,0.000122831266567231,-390.774657429129,0.156875436330848,0.125244389633682,0.975,0.594460615221926
"linear",200,"montoril",178,10.08,147.452380886485,875.854391012347,411.507631068276,1171.10384796531,299.826178330108,119.905710093492,1806.58913810902,610.933275949836,14.6282123895323,86.8903165686853,40.8241697488369,116.180937298146,29.7446605486218,179.225112907641,0.00479434062484042,0.00408007539303989,7.30331631392561e-06,0.00110172869477067,0.010238575806932,4.66665677484351e-05,3.91847008522702e-05,9.09080233959154e-10,1.06758873819553e-05,0.00010068897118954,-391.162564262418,0.0970680544137701,0.0802263026955695,1,0.588938157254058
"linear",200,"montoril",179,10.184,90.2505225640383,299.129091341997,491.485084727002,1698.12912663248,318.613790135394,80.8613057595264,1962.13146599772,212.933738890234,8.86199161076574,29.3724559448151,48.2605149967598,166.744808192506,31.2857217336404,192.668054398834,0.00428065992052774,0.00371236831175979,5.44986193496684e-06,0.00114408205364851,0.00900623041080137,4.58052607332889e-05,3.98442149764444e-05,6.86131853239125e-10,1.17162223414186e-05,9.38052280772392e-05,-399.625454289557,0.126074951089406,0.0983415346701932,1,0.556533128825115
"linear",200,"montoril",17,9.952,160.062055692123,704.664704911207,424.502510358676,1524.94778424103,216.018432786447,90.7958164116409,1342.65132820766,430.723318100485,16.0834059176169,70.806340927573,42.6549950119249,153.230283786278,21.7060322333649,134.912713847232,0.00348000282450313,0.0030943210068441,2.99226708406846e-06,0.00106645993848716,0.00682190796678592,3.62648739154799e-05,3.15722699327337e-05,3.70495010387008e-10,1.04408113492641e-05,7.40571789168019e-05,-376.577372362109,0.134857434086743,0.102922866576621,0.95,0.537583050314948
"linear",200,"montoril",180,10.213,300.640822479465,1113.80022775969,464.849463752157,1324.23773024038,290.570265682993,63.9118490177806,1848.55630600992,636.661455989603,29.4370726015338,109.057106409448,45.5154669296149,129.661972999156,28.4510198455883,181.000323706053,0.0042448927415066,0.00375717841322787,4.75124610147106e-06,0.00111091847268023,0.00860481200935902,4.60883121003037e-05,3.97311549634126e-05,6.85453605494072e-10,1.13696616101407e-05,9.65183458600857e-05,-392.160940135373,0.10140198798814,0.0785349886960063,1,0.552564132545255
"linear",200,"montoril",181,10.127,227.249199117669,1317.52183392161,373.006341340391,1035.45629470985,291.625778020536,75.2609733069953,1935.35428998744,868.48873968864,22.4399327656432,130.099914478286,36.8328568520184,102.247091410077,28.7968577091474,191.108352916702,0.0044619174131522,0.00388221643103023,5.94289485804378e-06,0.00103690319526106,0.00929170324370797,4.82198893794345e-05,4.08729855176854e-05,8.19266175351909e-10,1.15696426177684e-05,0.000103810540302244,-377.628922422069,0.11170703502896,0.0995730357925492,1,0.572311225113337
"linear",200,"montoril",182,10.059,203.060192511182,823.336640891773,464.849342702406,964.355234078959,302.65886852778,130.273825654176,1929.12130312505,579.65269671446,20.186916444098,81.850744695474,46.2122818075759,95.8698910506968,30.0883654963495,191.780624627204,0.00442495557341492,0.00385364246320371,5.73293288468337e-06,0.00122623971356092,0.00913417078356354,5.14182813992378e-05,4.4063231782343e-05,8.75184248518375e-10,1.30534849719983e-05,0.000110292285127453,-381.342820351822,0.14036358955731,0.101083536729703,0.935,0.566806846346901
"linear",200,"montoril",183,10.293,183.594998651928,807.457763409979,446.143562829614,1371.55070009169,284.213433336949,116.53957895593,1860.77214283792,580.397711485089,17.8368793016543,78.4472712921383,43.3443663489375,133.250820955182,27.6123028598999,180.780350027973,0.00417523487578266,0.00364135505093897,5.05139455970373e-06,0.0010608056436977,0.00852266686292745,4.09257885077091e-05,3.52206848685287e-05,5.24032295548114e-10,1.07276473890276e-05,8.47842460776426e-05,-400.050669881091,0.0997555276353201,0.079789308216274,1,0.559906289885684
"linear",200,"montoril",184,10.254,350.388496040348,1330.78789516351,327.729242263371,1276.88769670614,330.680910631788,131.869441081883,2117.78306141986,730.535481719506,34.1709085274379,129.782318623318,31.9611119819944,124.525813995137,32.2489672939134,206.532383598582,0.00468070577146342,0.00409828566710465,6.63473698404749e-06,0.00106498106353067,0.00954416069253505,4.64811438606286e-05,3.99023188192684e-05,7.19580081752316e-10,1.08459451749918e-05,9.91188575648723e-05,-398.6682390433,0.104175414136927,0.0759423737133576,0.99,0.560855962896113
"linear",200,"montoril",185,10.212,182.826814800322,943.939936533517,246.80153216012,1899.34658240091,331.675590281022,139.475403650985,2413.01365659366,607.085999483628,17.9031350176578,92.4343846977592,24.1677959420407,185.99163556609,32.4790041403273,236.291975772979,0.00519529510158294,0.00439521058851958,9.80430778550703e-06,0.00111529414506633,0.0115515495650202,4.11263363315263e-05,3.49677500294863e-05,5.87611475929429e-10,1.07580482649467e-05,8.68267278809263e-05,-400.756974157274,0.113648984579891,0.09185830588376,1,0.579770479783701
"linear",200,"montoril",186,10.037,134.167629153842,606.193426839019,370.479297562209,1044.79722543287,325.959854878478,114.841550006969,1884.54919005755,393.248467274279,13.3673038909875,60.3958779355404,36.9113577326103,104.094572624577,32.4758249355861,187.760206242657,0.00462038923238507,0.00397573660912196,6.51791950141979e-06,0.00122347412196844,0.0098728781268698,4.83617624865335e-05,4.12782653428545e-05,8.18190125889757e-10,1.16468942024348e-05,0.000102634716285337,-405.303287757823,0.099978701718989,0.0816993107990568,1,0.562201773293684
"linear",200,"montoril",187,10.058,167.112714574815,644.86151264116,436.507621138526,1336.57702187184,295.574805280365,146.856610468897,1869.28391933504,422.141688661187,16.6149050084326,64.1142883914456,43.3990476375548,132.88695783176,29.3870357208555,185.850459269739,0.00433233473205505,0.00374776607086091,5.59070507533929e-06,0.00111302071875905,0.00910544936949098,4.44200353819298e-05,3.85978953072279e-05,6.05050373313281e-10,1.18547592334219e-05,9.24821022007124e-05,-384.500461192775,0.103840979877227,0.0870169378131995,0.995,0.55476202717766
"linear",200,"montoril",188,10.174,238.637510458822,988.924617310471,249.958200460078,1421.31318716022,295.767220604595,141.950983148436,2018.93455633047,688.028386501516,23.4556232021645,97.2011615205888,24.5683310851266,139.700529502675,29.0708885988397,198.440589377872,0.00461994395672121,0.00397115825302351,6.52545040599226e-06,0.00117985764047108,0.0097761305089018,4.14505892843249e-05,3.51520512128491e-05,6.1795543635438e-10,1.03600403691359e-05,8.83717468448113e-05,-384.235366922763,0.114397829670584,0.0919954771212909,0.995,0.569565592170942
"linear",200,"montoril",189,10.167,269.028138353943,1428.75385226657,392.036202515711,1006.2004155978,310.046318662331,140.922625670448,1899.17988212649,915.381833832945,26.4609165293541,140.528558302997,38.5596737007683,98.9672878526407,30.4953593648403,186.798454030342,0.00486870197958175,0.00423770427837124,7.25134841230835e-06,0.00118874477300947,0.00984373146731971,5.14886439508155e-05,4.35110800002651e-05,9.89492422411627e-10,1.2075805697086e-05,0.000112497413308401,-386.648345722134,0.101721514381149,0.0780168296746311,1,0.578703893782482
"linear",200,"montoril",18,10.282,288.960528188661,1199.85708886179,165.855185532739,1380.34603958531,325.589265570492,121.167304070402,2333.82025283972,915.577784765597,28.1035331831026,116.694912357692,16.1306346559754,134.248788133175,31.665946855718,226.981156665991,0.00525311675905941,0.0043427284652579,1.12478138705793e-05,0.00113391769544915,0.0118051462866786,4.58749476847623e-05,3.90469294446721e-05,7.33363230371314e-10,1.15231483142306e-05,9.78899839468897e-05,-403.272044797602,0.14363337219344,0.110844446075034,1,0.592444143187273
"linear",200,"montoril",190,9.987,193.122881173594,651.343247193639,377.391620679775,1378.03950656716,277.29051025386,144.201241047731,1803.8578873477,490.607063707933,19.3374267721632,65.2191095617942,37.7882868408707,137.983328984395,27.7651457148153,180.620595508932,0.00415083222580442,0.00362558162122039,4.5921022139893e-06,0.00109057564784468,0.00848529889348969,4.61528474604708e-05,3.97381580236272e-05,6.92464224106365e-10,1.14880628392997e-05,9.72103014424969e-05,-383.368839654205,0.104224185899693,0.0819931576794139,1,0.556578092067725
"linear",200,"montoril",191,9.911,156.029297805368,718.189257268165,312.866626563488,1493.45343560748,231.521521619056,80.3894421752443,1666.32404021791,457.22988115805,15.7430428620087,72.4638540276627,31.5676144247288,150.68645299238,23.3600566662351,168.128749895864,0.0040536774556182,0.00353511463880385,4.66543911152975e-06,0.00108746356480902,0.00823551184853582,4.33767819192769e-05,3.75546205956721e-05,5.59811361853279e-10,1.19456829890795e-05,8.98949043575307e-05,-393.86148314743,0.145952011904455,0.115167597853796,0.93,0.557581208201331
"linear",200,"montoril",192,10.061,361.868165773211,1490.99384853755,336.343573214158,1198.03347235258,410.166035054123,155.853406033419,2617.17010001398,1002.82116453589,35.9674153437244,148.195392956719,33.4304316881183,119.076977671462,40.7679191983026,260.130215685716,0.00612402332641178,0.00535009682018661,1.12759101460741e-05,0.00136261384454095,0.0127709993499414,5.58125753745732e-05,4.7165036822905e-05,1.15695523195528e-09,1.20950292676628e-05,0.000122721808318547,-377.237639013172,0.162508743330324,0.125878154115489,0.98,0.608246153950388
"linear",200,"montoril",193,10.129,191.202692538893,667.660551276618,316.248395398793,1416.83701976112,276.524163537019,110.220966932088,1742.79682612692,484.743303687779,18.8767590619897,65.9157420551504,31.2220747752782,139.879259528198,27.3002432162128,172.060107229432,0.00425312670512779,0.00369773934070549,5.69508044044642e-06,0.00104672545040946,0.00880790688189153,4.29673329542741e-05,3.67395730024068e-05,6.20750623675518e-10,1.10622737733748e-05,9.04391785090067e-05,-380.554285231129,0.141463392602096,0.123144654884408,0.92,0.563343683521531
"linear",200,"montoril",194,10.227,291.554615605267,1104.86293390879,584.097597961273,1377.8254355896,255.45469985666,101.972088057806,1658.44909789211,784.580876318105,28.5083226366742,108.033923331259,57.1132881550086,134.724301905701,24.9784589671126,162.16379171723,0.00364175503572368,0.00326731933563747,3.07768135811641e-06,0.00104002699121512,0.00713266519061984,4.08327339008033e-05,3.56857538348916e-05,4.61624294885165e-10,1.15990880416462e-05,8.34140447920271e-05,-400.437207839437,0.0982245725128739,0.0825591372881284,1,0.536991133489352
"linear",200,"montoril",195,10.146,365.822688059215,1444.11894673385,313.602158355939,1647.56573056426,395.019181984607,188.355472288941,2866.47932500493,1011.48748754542,36.0558533470545,142.333820888415,30.9089452351605,162.385741234404,38.9334892553328,282.523095308982,0.00567764572565604,0.00490187392917241,9.99133872447114e-06,0.0013345658243175,0.0121032918190684,4.52988844695602e-05,3.8366333934636e-05,7.6983761897616e-10,1.09975180271498e-05,9.66070974467318e-05,-389.14971120616,0.106764147075284,0.0780211334309888,1,0.578913104808157
"linear",200,"montoril",196,10.177,220.580845675543,786.746177939504,533.532684525464,1392.83115101133,277.304038872675,20.6666899091239,1785.99046940224,568.98630815117,21.6744468581648,77.3062963485805,52.4253399356848,136.860681046608,27.2481122995652,175.4928239562,0.00406497328371558,0.00360590572067139,4.50327779038164e-06,0.00109701286254832,0.00806065397914831,4.36341282495052e-05,3.76755263422123e-05,6.1844196659221e-10,1.12015489934497e-05,9.08217401604642e-05,-379.557969236032,0.0822356347140266,0.0659220622670753,1,0.557601039698436
"linear",200,"montoril",197,10.15,353.192065696031,1363.69294748005,170.228342594573,1118.11009815372,372.801540353469,148.773113366559,2563.40029493903,1010.28856974255,34.7972478518258,134.353984973404,16.7712652802535,110.158630359973,36.7292157983714,252.551753195964,0.00647283119499786,0.00564000985872443,1.35174456580174e-05,0.00132944229355902,0.0135753034500038,5.43941188291383e-05,4.4505800408928e-05,1.45454705081351e-09,1.07065434842735e-05,0.000122697279422532,-383.379567320418,0.124193892151733,0.0934634979108964,0.965,0.615528387769247
"linear",200,"montoril",198,10.113,256.80074209601,1038.95320871177,312.574853097562,964.139782907138,285.55448504559,99.5004360269507,2117.31147150741,770.013924960221,25.3931318200346,102.734421903665,30.9082223966738,95.3366738759159,28.2363774394928,209.365319045526,0.0042136989081918,0.00367101614824172,5.39057029281966e-06,0.00101823668731818,0.00869538792611426,4.42706251685599e-05,3.7623814100599e-05,7.28070275764018e-10,1.1031876591145e-05,9.42579661670303e-05,-411.098952797621,0.100561108312271,0.0797200808074485,0.965,0.549011794229682
"linear",200,"montoril",199,10.01,388.731033314885,1323.48666433059,259.12851486751,1043.32762564257,331.968833657927,112.66239648937,2073.99513210605,531.216989565623,38.8342690624261,132.216449983076,25.8869645222287,104.228534030227,33.1637196461466,207.192320889715,0.00478077500880078,0.00413170716594604,6.90244003382265e-06,0.0011573921802919,0.0101472710931922,4.75303326842548e-05,4.086428094507e-05,8.05015466497585e-10,1.1524287327125e-05,9.98467924917758e-05,-400.426469097361,0.117662968093397,0.100188138638391,1,0.572757174475526
"linear",200,"montoril",19,10.267,376.563645926511,1403.71960103928,338.009726899371,1427.43639149488,331.3829247684,160.327290742715,2510.20796356748,866.239144205539,36.6770863861411,136.721496156548,32.9219564526514,139.031498148912,32.2765096686861,244.492837593014,0.00520834025457989,0.00432167367321348,1.0673130840382e-05,0.0011461548723175,0.0116610019377555,4.51348202537523e-05,3.85412277309732e-05,6.85739859081741e-10,1.05810194648287e-05,9.54455844637926e-05,-397.64307362018,0.121255916833329,0.104463125011146,0.995,0.581168380292165
"linear",200,"montoril",1,10.214,233.900107061906,1080.70939155851,294.946304727232,1297.27935050489,313.097381777485,178.824418207058,2447.34372603948,866.205030902292,22.8999517389765,105.806676283387,28.8766697402812,127.00992270461,30.6537479711656,239.60678735456,0.00507559616980712,0.00436633814498555,7.86345017988591e-06,0.00120537456099747,0.0107427353514749,4.07809902745427e-05,3.43806494257864e-05,6.28660018685287e-10,1.01402134175558e-05,8.71682789249196e-05,-376.374893382581,0.150651147160225,0.118326601057541,0.905,0.574376511104624
"linear",200,"montoril",200,10.015,167.058552157979,481.646034379535,326.774698747905,953.933952042386,279.341141264771,96.4936475177929,1724.06778877239,373.21255039202,16.6808339648506,48.0924647408422,32.6285270841643,95.250519425101,27.8922757129078,172.148556043174,0.00419702734668079,0.00357602636716708,5.50144896749527e-06,0.00106400245407206,0.00881642940541995,4.69457381603973e-05,4.04415479582415e-05,7.05835103235686e-10,1.20820930511918e-05,9.75479948342389e-05,-394.33133829924,0.0670499907782602,0.0537814754683918,1,0.56290344281787
"linear",200,"montoril",20,10.126,244.41607992658,847.077159985231,245.381832221855,1393.34662673558,302.532740422207,176.778305310998,2060.53501524484,647.46852501693,24.1374757976081,83.6536796351206,24.2328493207441,137.600891441397,29.8768260341899,203.489533403599,0.00434236163680131,0.00374471610914561,5.97400342088829e-06,0.00101831870594518,0.00915496700144692,4.09764578154397e-05,3.51500757573329e-05,5.73674206439545e-10,1.08026621217934e-05,8.55186849466843e-05,-401.000194613476,0.106447585501109,0.0923198797595779,1,0.551052345326481
"linear",200,"montoril",21,10.144,232.755112640871,800.627303007999,489.87609290364,1491.92909167371,303.165154620834,144.424402642123,2023.64820404278,574.233267683806,22.9451017981931,78.9261931198738,48.292201587504,147.075028753323,29.8861548324955,199.492133679296,0.00419101670366301,0.00371640206921928,4.82279938448314e-06,0.00110786844231653,0.00839831455811643,4.53837827683523e-05,3.86898470419159e-05,7.17347342797161e-10,1.13310686428609e-05,9.59248327141432e-05,-394.430549643131,0.0831734130771683,0.0725443246790547,1,0.547963077479365
"linear",200,"montoril",22,10.257,204.688984713361,818.989182747368,562.735950793947,1790.76897707964,246.909606312238,64.8817197088968,1636.60625496953,505.289291853265,19.9560285379118,79.8468541237563,54.8636005453785,174.589936343925,24.0723024580519,159.559935163257,0.00367092927258931,0.00322293987927872,3.53845635514051e-06,0.00108526644929137,0.00739252519109428,4.16072153582092e-05,3.62229773262852e-05,4.95050382677313e-10,1.11273849588274e-05,8.44878938684012e-05,-395.754365046032,0.109431841035174,0.084514520154103,0.985,0.535011051600234
"linear",200,"montoril",23,10.181,169.273266360027,711.258008175609,249.986812739989,1445.49031645443,299.680483206124,125.086917820992,1893.64905867048,536.520134252309,16.6263889951898,69.8613110868882,24.5542493605725,141.979207980987,29.4352699347926,185.998335985707,0.00465433523995993,0.00399368177503683,6.8733813499926e-06,0.00115699273174849,0.00983329909125943,4.49829515029589e-05,3.81612777897661e-05,7.01127826948635e-10,1.15023555035044e-05,9.70057603238671e-05,-394.99665845502,0.13215701700759,0.102286737990185,1,0.579755440409929
"linear",200,"montoril",24,10.415,155.03246206465,826.746434880221,469.242880713004,1505.19945217602,258.843230610354,108.014487081342,1488.71697824934,467.349099234206,14.8854980378924,79.3803586058781,45.054525272492,144.522270972254,24.8529266068511,142.939700263979,0.00386371883358486,0.00334170148303586,4.46602706124796e-06,0.00108051791160334,0.00801790961503656,4.2446628695617e-05,3.73354034334104e-05,5.01204957737515e-10,1.16514619894175e-05,8.50094676480128e-05,-387.930708763162,0.103060732462892,0.0825604731057172,1,0.551120230019049
"linear",200,"montoril",25,10.176,307.979360161263,1136.5025619775,375.655850699609,1358.0230645003,306.730524581707,65.6943162161855,1975.57777190817,669.954388935275,30.2652673114449,111.684607112569,36.9158658313295,133.453524420234,30.14254368924,194.140897396636,0.004418520329126,0.00386409643815757,5.59683185626158e-06,0.00106103270997045,0.00919527501636257,4.57339330749668e-05,3.94772674628211e-05,6.80655543720393e-10,1.13668263175648e-05,9.57026681125711e-05,-411.054001815519,0.158268608004813,0.132210191812888,0.975,0.555499134122676
"linear",200,"montoril",26,11.036,313.584332264764,1253.15152399091,292.937014392219,1390.75103153942,389.73786282202,171.288663544952,3079.46784456557,964.341064457775,28.4146730939438,113.551243565686,26.5437671613102,126.019484554133,35.3151379867724,279.03840563298,0.00575538159582003,0.00473543173120424,1.38679575099776e-05,0.00114548259026344,0.0132733365503192,3.99773184482971e-05,3.34918000230742e-05,6.00097195527169e-10,1.05240756400138e-05,8.7401928193706e-05,-388.832094299075,0.0913688652628607,0.0772197818937888,1,0.584787902162958
"linear",200,"montoril",27,10.347,238.97191503715,913.516819820887,454.326983840581,1723.51819685013,295.950765296585,134.564624163494,2021.32513491732,610.982045303149,23.0957683422392,88.2880854180813,43.9090542032068,166.571778955265,28.6025674395075,195.353738756869,0.00416263231449486,0.00357322200092839,5.1920429574929e-06,0.00106853225146423,0.00880094877215351,4.22991974235353e-05,3.6689323130146e-05,5.57044786285803e-10,1.09484691031694e-05,8.65677915210882e-05,-393.16363070315,0.101870579350164,0.0722632118561826,1,0.550276735734789
"linear",200,"montoril",28,10.561,180.609054072984,678.501976716764,297.222669616964,1138.86306008439,337.621936298703,113.328762057905,1929.74344945915,477.761440326129,17.101510659311,64.2459972272288,28.1434210412806,107.836668884044,31.9687469272515,182.723553589542,0.00524877489145293,0.00441985971580247,9.7317748733962e-06,0.0011588621358585,0.0115150373017715,4.53580313945737e-05,3.94020791283241e-05,6.19735843038344e-10,1.10538236894493e-05,9.27056061493519e-05,-388.590250014093,0.1059748475272,0.0824261646631853,1,0.592484118285015
"linear",200,"montoril",29,10.401,352.731168793185,1321.53096226428,433.786086140136,1702.32636047609,321.42032889838,69.3500279783234,2103.69011322143,318.848012204569,33.9131976534165,127.058067711208,41.7061903797842,163.669489517939,30.9028294297068,202.258447574409,0.0043982576078,0.00390092794101912,5.28708237818418e-06,0.00110549027477208,0.00892037502719071,4.39157279617792e-05,3.77774956764855e-05,6.2542076189511e-10,1.05396667001964e-05,9.18242937089799e-05,-396.246286490373,0.0810934718693476,0.0689910003366587,1,0.555373607569959
"linear",200,"montoril",2,10.11,447.517592394123,1694.95989460564,311.8731230558,1091.37047891811,306.770100629904,115.912634918748,2412.78249087899,1059.69528701456,44.2648459341368,167.651819446651,30.8479844763403,107.949602266875,30.34323448367,238.653065368842,0.00459463506926128,0.00397861167695372,6.68926728713158e-06,0.00110690682257917,0.00963908797519282,3.9838918625894e-05,3.43118581679728e-05,5.03529325811614e-10,1.04503091700657e-05,8.30380996511483e-05,-399.868901495428,0.14074071285545,0.111344100857707,0.995,0.553916823883265
"linear",200,"montoril",30,10.118,197.4702678704,712.479047495851,428.515910163351,1578.37474405051,259.710283191182,152.911663265439,1783.03266209522,530.492171612846,19.5167293803518,70.4169843344387,42.3518393124482,155.996713189416,25.6681442173534,176.223825073652,0.0040059895013676,0.00353440957504004,4.04852201700713e-06,0.00116725264487787,0.00796997221652759,3.76623393822028e-05,3.25441174525157e-05,4.43393239934418e-10,1.01335253832392e-05,7.76606978908893e-05,-397.632870239685,0.11995148317402,0.08871613318837,0.935,0.55083522226204
"linear",200,"montoril",31,10.244,159.012043357488,625.132121774235,222.903663798349,1254.24339174392,302.759182603492,121.831488940998,1821.06557942513,458.211658715734,15.5224563995986,61.0242211806164,21.7594361380661,122.436879319008,29.5547815895638,177.768994477267,0.00447265832385203,0.00384260587923431,6.61725124791549e-06,0.00112447473919617,0.00952805483423728,4.3209076657975e-05,3.71145139540049e-05,6.39953483860509e-10,1.12117418422034e-05,9.03595826390643e-05,-387.256462562614,0.135047188867279,0.102564625260307,0.975,0.575789221812977
"linear",200,"montoril",32,10.496,323.050452693859,1333.28662145101,285.147437012028,1446.96665745376,295.825123895667,124.813967901602,2076.75196970673,718.471965697455,30.7784348984241,127.028069879098,27.1672481909326,137.858865992165,28.1845582979866,197.861277601632,0.00435716797872637,0.00377739677263775,5.79998212617981e-06,0.0010983342576719,0.00905964393551261,4.26344674089822e-05,3.64232975497563e-05,6.16349357359064e-10,1.06350813354035e-05,9.02826790331785e-05,-396.258061770884,0.111325162943156,0.0794415093077034,1,0.553450036597221
"linear",200,"montoril",33,10.767,314.769667001033,1101.89907572028,335.919341270463,1332.64264816214,325.744388930249,130.148781196647,2168.61910101872,868.497776500198,29.2346676884028,102.340398970956,31.1989729052163,123.771027042086,30.2539601495541,201.413495032852,0.00453130126242035,0.00390500493762433,6.82519383335972e-06,0.00113357315076664,0.00936176480254792,4.50210643075461e-05,3.78778318836396e-05,7.58793489557384e-10,1.13358506555854e-05,9.75374379508881e-05,-400.445789917907,0.0839142321777786,0.0652159158698947,1,0.551151365795581
"linear",200,"montoril",34,10.139,245.367735218895,910.846188807364,334.816188075035,1300.66163039093,256.733541976019,86.4930876920682,1708.83073412284,646.843545818185,24.2003881269253,89.8358998725085,33.0226046035146,128.283028936871,25.3213869194219,168.540362375267,0.00422938190539619,0.00361526014028193,5.78178410046949e-06,0.00104375152040874,0.00903416968747025,4.4923574046835e-05,3.87141944896496e-05,6.29497091045159e-10,1.17875615971056e-05,9.49318278166978e-05,-388.766565383004,0.0963819583845112,0.0716308406594242,1,0.560590647384349
"linear",200,"montoril",35,10.244,210.946470201281,797.736461179664,401.444755912194,1170.29768965071,292.848876481686,133.165543446508,1892.43991346076,537.895679961853,20.5921974034831,77.873531938663,39.1882815220807,114.242257872971,28.5873561579154,184.736422633811,0.00466044794794349,0.00401723513960101,6.69564910587357e-06,0.00118251278498446,0.00982230734220932,4.97116517234976e-05,4.18310266945269e-05,9.25084934306627e-10,1.19979192991749e-05,0.0001098359985452,-395.554189323792,0.10740879073652,0.0894607204993583,1,0.563679697418549
"linear",200,"montoril",36,10.388,170.399117990213,605.002092818759,351.407344183881,930.953676440186,371.843344363909,137.475244371626,2048.18261433659,442.836190779496,16.4034576424926,58.2404787080053,33.8282002487371,89.6181821756051,35.7954701929062,197.168137691239,0.0055676905186916,0.00478339640245409,1.01092284897879e-05,0.0012005396451266,0.0118797763635396,6.22533324595226e-05,5.34184930401203e-05,1.36178249822149e-09,1.2975446016802e-05,0.000133065433003542,-389.648263381813,0.140074061305726,0.111848481279168,1,0.601817912787844
"linear",200,"montoril",37,10.016,187.69196410606,613.61769714278,367.589029623377,1433.35581320028,237.994060593481,29.1052654622949,1701.71644793358,485.980634534417,18.739213668736,61.2637477179293,36.7001826700656,143.10661074284,23.761387838806,169.899805105189,0.00407879615316971,0.00350605662313381,5.15975796623398e-06,0.0010957003287215,0.00848879795367834,4.12183518527601e-05,3.53464706088767e-05,5.48208139999124e-10,1.06495634745088e-05,8.60044954243179e-05,-377.867945509598,0.13512464700321,0.116449258410176,0.995,0.565205601854136
"linear",200,"montoril",38,10.212,266.699606958173,1318.88887036477,294.587800704238,1296.12328284048,339.693266529515,150.30064158166,2343.95211251344,700.525135263292,26.1162952367972,129.150888206499,28.8472190270503,126.92159056409,33.2641271572185,229.529192373036,0.00507202594962955,0.00421665226865819,9.80650495156047e-06,0.00105901058901855,0.0115800705338203,4.36711712397417e-05,3.72872813593864e-05,6.9596797187003e-10,1.05615867745459e-05,9.2120160523355e-05,-400.926386590147,0.111238216248553,0.0920707326755138,1,0.570327304404161
"linear",200,"montoril",39,10.12,244.389521637662,1149.36943190721,234.804495103841,1464.72245663074,364.526741844689,197.003312198125,2678.92649461129,854.141694388636,24.1491622171603,113.574054536286,23.2020252078894,144.735420615686,36.0204290360365,264.716056779771,0.00555562676586868,0.00466519406513797,1.11585137009589e-05,0.00125394309176306,0.0124174460490464,4.67890551297007e-05,3.99649853335496e-05,7.19309356982691e-10,1.22989043942982e-05,9.90564622969724e-05,-398.88287084808,0.0984360110166486,0.0791984364304606,1,0.588518041060631
"linear",200,"montoril",3,10.151,125.140103346366,573.338126771907,436.668219845483,1232.31470215123,281.89703740974,27.0530976760189,1715.58190431668,365.162468219896,12.3278596538633,56.4809503272493,43.0172613383394,121.39835505381,27.7703711368082,169.006196859096,0.00476244031731504,0.00403273790121275,7.68439745956845e-06,0.00111682092674783,0.0103620992546513,5.80206755058623e-05,5.03370945511019e-05,1.03424970820269e-09,1.41082739194768e-05,0.000121508251134555,-390.05106405509,0.180635542228147,0.150108806272864,0.985,0.585423467159049
"linear",200,"montoril",40,10.118,131.225988228416,522.294776717515,484.967745653349,1288.32381463581,278.478616890318,102.91117953913,1919.6538899811,347.365689489378,12.9695580379933,51.6203574537967,47.9311865638811,127.329888776023,27.5230892360464,189.726614941796,0.00447622820636735,0.00392403986164955,5.62135620077613e-06,0.00112060866730324,0.00917362412843206,4.20920094254823e-05,3.57438518386175e-05,6.10999795926365e-10,1.07696743119663e-05,9.02072475533678e-05,-392.964096105531,0.170618987506953,0.133910095322499,0.875,0.563198898585276
"linear",200,"montoril",41,10.37,172.82248007866,739.301022699147,311.260578268575,1299.24306498599,276.514561078279,110.468400479101,1820.02790120804,450.55503290111,16.6656200654446,71.2922876276902,30.0154848860728,125.28862728891,26.6648564202777,175.508958650727,0.00460089551408721,0.00399662285088164,6.53713785049839e-06,0.00105911294551786,0.00970525574805831,4.50795457642376e-05,3.86272433938769e-05,7.04586332735684e-10,1.04008117499022e-05,9.50592418773951e-05,-386.278905277214,0.0976351479450917,0.0812753470165579,1,0.567348619490659
"linear",200,"montoril",42,10.063,292.952063633556,921.11937644886,376.461374047088,1064.16646885723,299.670574958144,50.5580970387274,1855.21047035793,710.594698953673,29.1118020106883,91.5352654724099,37.4104515598816,105.750419244483,29.7794469798414,184.359581671264,0.0043668384848873,0.0038173110838831,5.39965727885779e-06,0.00112399417990931,0.00900338799996475,4.49905320852395e-05,3.86487420991089e-05,6.83335889241134e-10,1.17462502161733e-05,9.43214181462801e-05,-379.541503654244,0.0914197540060292,0.073098894256087,1,0.559847337369042
"linear",200,"montoril",43,10.116,292.090457416858,1238.80396735991,349.456595754937,1650.88311558184,339.206340047676,182.996248847001,2287.53597850736,876.053056155022,28.8741061108006,122.459862332929,34.5449382913145,163.195246696505,33.5316666713796,226.130484233626,0.00494898860418245,0.00427645055185289,7.99561660876948e-06,0.00110323077312569,0.0104168874746145,4.3549980155534e-05,3.73967459106834e-05,6.30476752693887e-10,1.09067918027964e-05,9.1302854116357e-05,-391.388652945494,0.101629121812378,0.0823138331038771,1,0.572488001501491
"linear",200,"montoril",44,10.488,300.906911029446,1284.19363422668,303.086167969476,1351.13076865561,358.484517331521,189.878927691368,2151.35949184325,995.095633478398,28.6905902964765,122.444091745488,28.8983760459073,128.826350939704,34.1804459698246,205.125809672316,0.00559694244857677,0.00472120323063664,1.27670762939857e-05,0.00109871575613449,0.012257586672873,4.76007518032446e-05,4.05652902820176e-05,7.77653145074015e-10,1.11781684406364e-05,0.000101447710907895,-398.137427468819,0.0949678259175639,0.0754516036638101,1,0.592423078838041
"linear",200,"montoril",45,10.717,181.924154633181,981.164758928141,187.616332677881,1573.62938986446,380.581740834902,132.624836464049,2682.8816840331,653.966503602979,16.9752873596325,91.5521842799423,17.5064227561706,146.834878218201,35.5119661131755,250.338871329019,0.0059601206377677,0.00513035915444794,1.35457995924425e-05,0.00120758501661731,0.0128508302375191,4.37048073785026e-05,3.67270196690646e-05,7.63463307379602e-10,1.03725694365617e-05,9.41574619799297e-05,-398.675598666077,0.117765845916582,0.0911468596363575,1,0.595741268138411
"linear",200,"montoril",46,10.322,242.766737157825,725.098014516774,313.891380370611,1503.25668426469,339.28140297012,158.57583312189,2340.07508067749,551.298963185091,23.519350625637,70.2478215962773,30.4099380324173,145.636183323453,32.8697348353149,226.707525738955,0.00482171181934969,0.00411502572293208,7.60056008034932e-06,0.00110046242704887,0.0102025012019536,4.35998982501282e-05,3.68981542401844e-05,7.15464708502803e-10,1.04044832869565e-05,9.34918978125622e-05,-399.597970952585,0.111144395578202,0.0852190108198359,1,0.554885307011618
"linear",200,"montoril",47,10.002,220.327082881552,859.173703364143,323.018559431405,1234.54440660804,395.509428262329,187.454464898274,2434.30726627448,567.52877757607,22.0283026276296,85.9001902983546,32.2953968637678,123.429754709862,39.543034219389,243.382050217404,0.00544278424258333,0.00467062083882558,1.00605433546999e-05,0.00119710787255355,0.0115417470001923,5.35558684004743e-05,4.51077422386334e-05,1.06310277111912e-09,1.22931440532491e-05,0.00011733359892004,-415.690002628882,0.145140698071182,0.117167193888632,0.93,0.578497770057274
"linear",200,"montoril",48,10.014,386.245588680984,1304.28236281539,425.751061455642,1249.30525629797,273.512927788493,107.141233087543,1788.53355929033,725.990841936778,38.5705600839808,130.245892032693,42.5155843275057,124.755867415415,27.3130545025457,178.603311293222,0.00422021552239921,0.00368981746451926,4.94282846390181e-06,0.00113470462751815,0.008639649791054,4.73562376423183e-05,4.01281222334665e-05,7.71607370448312e-10,1.1098835400764e-05,0.000100850165629644,-401.95570598547,0.0937574672465809,0.0789667994437317,1,0.559426004322731
"linear",200,"montoril",49,9.942,321.985699559347,1179.69372546417,406.141947832133,1370.51528540713,252.895442405763,146.44167014648,1676.42110553118,704.21117571027,32.3864111405499,118.657586548398,40.8511313450144,137.851064716066,25.4370793005193,168.620107174731,0.00363423130128124,0.00322680436347399,3.37074855406e-06,0.00101507851675524,0.00731601450334618,3.89699992435011e-05,3.36133429850948e-05,4.87051362067886e-10,1.09189045430487e-05,8.03711552711316e-05,-393.172608758599,0.185330789377563,0.150407892567236,0.885,0.526712416579795
"linear",200,"montoril",4,10.056,337.696854041656,994.684712872119,339.905792437929,1304.58289270923,363.013750072547,142.380356896741,2329.63427172428,771.861377303494,33.5816282857653,98.9145498082855,33.8012920085451,129.731791239979,36.0992193787338,231.666097029065,0.00524066726895145,0.00449465716326133,9.30861568754807e-06,0.00117865514145952,0.011353307286999,4.77299073779288e-05,4.0000174505381e-05,9.13106617754413e-10,1.08880258877037e-05,0.000102836905196954,-393.57412902378,0.119384083884436,0.100318862560834,1,0.572993662252342
"linear",200,"montoril",50,10.254,202.46235744484,882.256231318493,461.410160849483,1578.42549140359,290.888886480493,129.016716621462,1984.7657220068,542.523889194181,19.744719860039,86.0402020010233,44.9980652281532,153.932659586853,28.3683329901008,193.560144529627,0.00435885872726188,0.00384726706419597,5.02851255946456e-06,0.00110181723557199,0.00876370778661565,4.34548237108033e-05,3.74953572973489e-05,5.94590673342091e-10,1.1259521446637e-05,9.02299083519924e-05,-402.33567767558,0.0862245141210791,0.0685074799930551,1,0.555484705343121
"linear",200,"montoril",51,10.218,218.52676462473,810.044299366079,313.214522949968,839.586442193511,343.725705573976,91.9278734686486,2157.39938574045,634.547139151401,21.3864518129506,79.2762085893598,30.6532122675639,82.1673950081729,33.6392352293967,211.137148731694,0.00585285464097595,0.00502974774482884,1.12851225626033e-05,0.0012168456818579,0.0124009142021667,5.39898931349982e-05,4.51158440108354e-05,1.2189726584695e-09,1.10873273670684e-05,0.000118499965705343,-395.369078778315,0.118930110359345,0.103106017483231,1,0.611425175954823
"linear",200,"montoril",52,10.225,339.658951597431,1531.54734803647,263.010342679867,1274.42242916523,429.369545150383,154.24106550875,2508.7470904564,1214.18812735673,33.2184793738319,149.784581715058,25.7222829026765,124.637890382907,41.9921315550497,245.354238675442,0.00662752740672599,0.0057059550841738,1.48142423804583e-05,0.00118258853708988,0.0141063240379011,5.46532414411395e-05,4.53939542208441e-05,1.28899843567639e-09,1.20768120174373e-05,0.000121838869498456,-392.943807049454,0.118270453091456,0.0984835485521862,1,0.611119993784212
"linear",200,"montoril",53,10.352,228.702418686944,740.728602269255,250.759683621713,1115.77052272424,336.030110001141,138.900276817069,2382.00663804083,564.266106627357,22.0925829488933,71.5541540059172,24.2233079232721,107.783087589281,32.460404752815,230.101104911208,0.00540003244169761,0.00460036018762315,9.90369836099372e-06,0.00122539465126275,0.0116147505843558,4.80534363715954e-05,4.04169639147548e-05,8.86437889144778e-10,1.15079364749774e-05,0.000103947773420078,-400.475605477865,0.073053203672019,0.0544260957374385,1,0.585384699708838
"linear",200,"montoril",54,10.573,226.903011974134,825.126242323953,272.888880007406,1508.29428734889,356.266048059941,126.471110274497,2546.84063377936,579.158620961845,21.4606083395568,78.04088171039,25.8099763555666,142.655281126349,33.6958335439271,240.881550532428,0.00496030116337251,0.00432656060024936,7.4845665045105e-06,0.00113868723556208,0.0103202488148651,4.31086931873545e-05,3.67740325899005e-05,6.32747229024953e-10,1.09878062640377e-05,9.18534155369305e-05,-393.718550506656,0.0923775201693839,0.0810242560757222,1,0.560241038389081
"linear",200,"montoril",55,10.114,243.696690890598,915.587891362374,391.60579026957,1707.92126154002,314.69716375424,130.821385072421,2261.47922237642,711.48661097545,24.094986245857,90.526783800907,38.7191803707307,168.867041876609,31.1150053148349,223.598894836506,0.00465119747637573,0.0040626754476994,6.4627957776171e-06,0.00114755827170102,0.00978239783868919,4.53479301042849e-05,3.8922634550399e-05,7.16407789246832e-10,1.06465185333561e-05,9.41640237753954e-05,-388.238108398531,0.0996892459854524,0.0781057064712887,1,0.566376511702504
"linear",200,"montoril",56,10.092,242.043667225412,1017.95193356645,422.749190536243,1383.37559579786,291.486450618429,145.47126074748,1839.7812796288,619.379089679147,23.983716530461,100.86721497884,41.8895353286011,137.076456182904,28.8829221778071,182.300959138803,0.00412734415129004,0.0035347723225052,5.47790514639143e-06,0.000976908141797128,0.00877297488953657,3.9774852805511e-05,3.38489688508224e-05,5.45451373824982e-10,1.06436900650453e-05,8.40958362341708e-05,-408.237454000563,0.0818229510226467,0.0627337760374116,1,0.553738565741075
"linear",200,"montoril",57,10.657,185.142796444086,604.756960946307,499.143334958082,1512.92199370745,311.369279507795,154.118203564315,1964.63424606777,433.855641103536,17.3728813403478,56.7473924130906,46.8371338048308,141.965092775401,29.2173481756399,184.351529142139,0.00427849779380813,0.00370584971048108,5.40975353564291e-06,0.00107542300843737,0.00894176529052257,4.70250172015089e-05,4.01870855381477e-05,7.3955764665194e-10,1.16933501968808e-05,9.95387271202109e-05,-389.25389100498,0.123951592744302,0.0891531408502904,0.985,0.562625432574795
"linear",200,"montoril",58,10.419,161.970742507473,742.761965107376,436.342848366601,1291.78183485342,230.716001168011,82.5386674459898,1455.21270634776,495.720412275358,15.545709041892,71.2891798740163,41.8795324279299,123.983283890337,22.1437759063261,139.669133923387,0.00358353583699431,0.00316774679905494,3.19752780368096e-06,0.00103373866153802,0.00718215704154851,3.97317162780892e-05,3.44282326772169e-05,4.6172725107301e-10,1.06723894181279e-05,8.16202096191631e-05,-380.590736474109,0.0934478230182108,0.0742796497118055,0.985,0.542362963478971
"linear",200,"montoril",59,10.599,314.25390348487,1374.21150572821,387.394360792276,1504.66277957504,343.423232931022,209.069415759397,2488.89709762643,927.561903902964,29.6493917808161,129.654826467423,36.5500859319064,141.962711536469,32.4014749439591,234.823766169113,0.00490861401357942,0.00430059554374198,6.70611178859256e-06,0.00126375086344276,0.0100213853528867,4.15221097748914e-05,3.5769803240334e-05,5.51157376747147e-10,1.0897544412193e-05,8.7319979496979e-05,-402.087025443639,0.111481468482709,0.0883552495809632,1,0.559112397330268
"linear",200,"montoril",5,10.407,431.832430768511,1801.21138608996,357.774040823313,1425.80691390848,365.526476959709,126.783262638732,2687.85532474004,853.555879571076,41.4944201757001,173.076908435665,34.3782108987521,137.004604007733,35.1231360583943,258.273789251469,0.00509352910986636,0.00451927242321909,6.59614516734371e-06,0.00126511114983704,0.0101369887545557,4.30522209023317e-05,3.65818352967227e-05,6.39367934694145e-10,1.0098224587939e-05,9.17670841358384e-05,-396.402786705706,0.106011469169617,0.0754664227074208,0.97,0.56590000617746
"linear",200,"montoril",60,9.972,151.856861579719,783.947904710181,328.269345899345,1514.81789880742,278.554954679076,110.448219279036,2186.42798130744,523.254285085244,15.2283254692859,78.6149122252488,32.9191080925938,151.907129844306,27.933709855503,219.256716938171,0.00446152077517187,0.00387424453185013,5.81893762035781e-06,0.00109690478649976,0.00926440724690921,4.03126024567042e-05,3.39418934377312e-05,5.91642315735299e-10,1.00663899962449e-05,8.61257892876937e-05,-386.815847433344,0.103978439737825,0.0807605850776064,0.985,0.56464271127517
"linear",200,"montoril",61,10.124,125.000907920333,431.824783713199,376.640367096519,717.546470961865,274.849085421305,80.8070844561695,1682.85052477368,307.162247337743,12.3469881391083,42.653574053062,37.2027229451323,70.8757873332542,27.1482699942024,166.223876409886,0.00445226695180012,0.00380930963187388,6.44600864492006e-06,0.00114886782605862,0.00956370071189389,5.24272153218209e-05,4.51265574130366e-05,8.73613737479172e-10,1.31995231450794e-05,0.000110908393793235,-383.845991942744,0.161393439158448,0.124382281113457,0.955,0.581672995376401
"linear",200,"montoril",62,10.033,181.371112306985,1011.00497860108,377.299480986079,1343.21941217322,315.287071835533,152.554666954223,2027.67324242422,736.555290253504,18.077455627129,100.767963580293,37.6058487975759,133.880136765994,31.4250046681484,202.100392945701,0.00480005024828458,0.00410662182668764,6.83735307024793e-06,0.00119749771100552,0.0100636363736766,4.68548382800248e-05,4.00872527772737e-05,7.27874486297882e-10,1.12142164460687e-05,9.88992208735306e-05,-390.678788589444,0.0821191406270047,0.0680185556343294,1,0.567389868197325
"linear",200,"montoril",63,10.363,232.20197312529,912.673425959477,284.795268488571,1349.96382081962,330.783633797593,151.654419392421,2180.37643437145,667.327517626731,22.406829405123,88.0703875286575,27.4819326921327,130.267665812951,31.9196790309363,210.400119113331,0.00561164801123851,0.00480992436221602,1.09144917540424e-05,0.00113863583253434,0.0121977304171342,4.95233577332184e-05,4.19766084524144e-05,8.4579646821177e-10,1.13678981246383e-05,0.000107514061031865,-389.127580676543,0.129120935373778,0.10959439303945,1,0.604289751752117
"linear",200,"montoril",64,10.006,244.130705265919,925.722271587107,352.967622894927,1381.55068491348,369.534370850715,183.804489813545,2486.76266883744,700.948270051414,24.3984314677113,92.5167171284337,35.2755969313339,138.072225156254,36.9312783180807,248.527150593388,0.00552306558152108,0.00483070518795923,9.04490809641073e-06,0.00122950964566751,0.0115222031200889,4.86608195454505e-05,4.10014944714848e-05,9.00810934940749e-10,1.13034206705516e-05,0.000105600837950632,-384.190640324957,0.097108961732459,0.0729903877758408,0.99,0.583245435536129
"linear",200,"montoril",65,9.94,169.085423124126,785.609082097151,339.409121230294,1047.71721369558,300.543541121982,131.603960296795,1916.00128048238,527.324789662256,17.0106059481012,79.0351189232546,34.145786844094,105.40414624704,30.2357687245454,192.756668056578,0.00443487974873141,0.00381229543425519,5.98277015339279e-06,0.0010812310184305,0.00932834118161341,4.74609393474783e-05,4.03538681621305e-05,8.19558157123361e-10,1.13198520867033e-05,0.000101449440928915,-392.487511483103,0.092081080154208,0.0750838668370313,1,0.562003156191878
"linear",200,"montoril",66,10.038,237.635465363471,1081.93480229779,302.068289532634,1532.31122352262,361.664169991512,164.356412703325,2795.94559023895,826.173235491621,23.6735869061039,107.783901404442,30.0924775386167,152.651048368462,36.0295048806049,278.536121761202,0.00550263582884681,0.00470839605991371,9.98869202846202e-06,0.00130248029817441,0.0118358568156314,4.04495954659124e-05,3.45472656003909e-05,5.63905441631474e-10,1.05353635540241e-05,8.56642262501697e-05,-406.939960435673,0.11900079931811,0.0979635995346742,0.95,0.57860794813828
"linear",200,"montoril",67,10.07,221.748869847154,792.30334534005,369.207547250789,1611.56131559537,325.398926364506,101.342146665614,2193.45698766602,586.064832195119,22.0207417921702,78.679577491564,36.6641059831966,160.03588039676,32.3136967591366,217.820952101889,0.00453869447358543,0.003953204306853,6.12565106205851e-06,0.00111868179418382,0.00939212917894257,4.16800535213466e-05,3.57068707493543e-05,5.68878422477118e-10,1.08104402934862e-05,8.7270486688833e-05,-407.063133845999,0.0972716522937777,0.0797990585638019,1,0.553228192906408
"linear",200,"montoril",68,10.213,127.685617378842,516.076922710372,571.411124432816,1270.56399066895,226.329728953277,14.8798198758446,1413.91648995623,346.729863222251,12.5022635248059,50.5313740047363,55.9493904271826,124.406539769798,22.1609447716907,138.442816993658,0.00386174844092448,0.00340930785540303,3.94958850327688e-06,0.00110072486221187,0.00773363576327654,4.59599551948632e-05,3.93914080526734e-05,6.81534891339083e-10,1.24278917022644e-05,9.69084426225017e-05,-387.236256148737,0.0947450326123772,0.0631998779197466,1,0.560177200919576
"linear",200,"montoril",69,10.089,208.267313633881,621.749432318626,358.846782846485,1443.03788294559,285.126464814588,140.392807470098,1944.12254964747,494.012744631005,20.6430085869641,61.6264676696031,35.5681219988587,143.030814049518,28.2611224912863,192.697249444689,0.00454447452101241,0.00391236303339805,6.41843532205937e-06,0.00111276938367872,0.00970038551449399,4.3093827307875e-05,3.68120070418076e-05,6.11054491757929e-10,1.01130907884346e-05,9.12272689393645e-05,-388.197074663269,0.142886965330736,0.115464890965083,1,0.577520335317248
"linear",200,"montoril",6,10.13,172.321229213381,907.429344409057,352.981774407129,978.166330164264,333.44428079391,68.088964283726,2071.26335857076,636.271834150427,17.010980179011,89.5784150453166,34.8451899710887,96.5613356529382,32.9165134051244,204.468248624951,0.00484547955617641,0.00424243128790497,7.02367154705285e-06,0.00114738602449959,0.0100264657457386,5.60925776297884e-05,4.77096677373804e-05,1.20663760041458e-09,1.29062691480599e-05,0.000121328643306015,-391.391898409267,0.143842316059093,0.104092645915933,0.965,0.575787633433573
"linear",200,"montoril",70,9.997,185.257088792268,964.4481885349,437.877590491164,1614.9703365625,269.305722158777,114.923713992578,1757.05622363059,224.218666337606,18.5312682597047,96.4737609817845,43.800899318912,161.545497305442,26.9386538120213,175.75834986802,0.00444087728382361,0.0038424984919407,6.2087107424538e-06,0.00106872545893271,0.0092996726082919,4.67154785429007e-05,4.04987336629615e-05,6.81626448462886e-10,1.22911915246769e-05,9.64288539843792e-05,-396.937389685304,0.120359805662141,0.0971682067715342,1,0.574588969767211
"linear",200,"montoril",71,10.564,223.997830293685,890.793998499212,268.183833257603,1218.38529753786,296.731432631114,128.699741520073,2004.95369332226,636.486871356114,21.2038839732758,84.3235515429015,25.3865802023479,115.333708589347,28.0889277386514,189.791148553792,0.00432427694720525,0.00366071696241191,6.64749387555929e-06,0.00103779967965277,0.0093583881519113,4.13207862362424e-05,3.48987025004699e-05,6.13765942928294e-10,1.06362919665302e-05,8.82821722872228e-05,-400.633556782089,0.134947391056409,0.105732159025012,0.905,0.555361191928966
"linear",200,"montoril",72,10.07,150.641456625739,856.101569249646,409.597012984014,1342.96709295319,310.031667701515,113.12371105313,1965.09440685159,494.025091148086,14.959429654989,85.0150515640165,40.6749764631592,133.363167125441,30.7876531977671,195.143436628758,0.00467327792785822,0.00403235957491838,6.89255248645564e-06,0.00120876784460247,0.00963370419135901,4.41142350031713e-05,3.76381415914031e-05,7.14848260004497e-10,1.10188187166109e-05,9.3494592623504e-05,-397.883982108819,0.0789163828872634,0.063554566300994,1,0.570664336605982
"linear",200,"montoril",73,10.157,226.659359969365,912.049997191424,423.604630852036,1219.98588881085,321.672188746563,162.214409985454,1811.46945926904,643.361637782017,22.3155813694363,89.7952148460593,41.7056838487778,120.112817644073,31.6699998765938,178.346899603135,0.00421279010308199,0.00364137534160052,5.32996138680548e-06,0.00109497958875234,0.00882745254700429,4.4320588712169e-05,3.81304046243048e-05,6.50335732402785e-10,1.12210781629926e-05,9.29427445735121e-05,-386.025849605282,0.131589993860436,0.105700193320314,0.96,0.552556969898756
"linear",200,"montoril",74,10.158,94.4966710674017,572.117210959338,415.141976146467,1298.1767366518,265.534958603194,46.7680098158972,1668.95202641571,351.23249069283,9.30268468865935,56.3218360857785,40.8684756986087,127.798458028332,26.1404763342384,164.299274110623,0.0043024986606648,0.00376801001776392,5.38967969103719e-06,0.00104686471393075,0.00889172244362498,4.51104524172246e-05,3.91645117175264e-05,6.2714234807742e-10,1.23175288136761e-05,9.39978371771207e-05,-409.431790808942,0.08418273730413,0.0649177328569924,1,0.565788767714488
"linear",200,"montoril",75,10.061,287.284728790541,1259.03478111672,233.697329860413,1403.9461369299,331.819704114236,169.095319672485,2443.52768166798,880.621151424795,28.554291699686,125.140123359181,23.2280419302666,139.543398959338,32.9807876070207,242.871253520324,0.00532098700180229,0.00454463533889698,1.02190254183152e-05,0.00110432657740678,0.011507752921916,4.53484931568345e-05,3.85531755625414e-05,7.75242176886157e-10,1.08390291864345e-05,9.68033959644538e-05,-399.061190653237,0.0919240525795022,0.074461671919048,1,0.581169930543015
"linear",200,"montoril",76,10.649,275.449507939251,1165.92869900227,389.002422226293,1054.80798030806,290.892625576824,37.1399279173486,1899.11880125749,784.774306970525,25.8662323165791,109.487153629661,36.529479033364,99.0523035316052,27.3164264791834,178.337759532115,0.00437486103145339,0.00380383878890058,5.77778487545752e-06,0.00110277013751264,0.00912330943116148,4.34829680196126e-05,3.72677052167915e-05,6.13681113034688e-10,1.0603365774739e-05,9.15309093846248e-05,-396.993637570556,0.107538197180144,0.0864199211563956,0.995,0.559726021120706
"linear",200,"montoril",77,10.015,247.407612422969,908.219710102883,376.442801358389,1383.77691840785,262.93322516515,150.555735784801,1737.35378029058,536.969890647219,24.7037056837712,90.6859420971426,37.5878982884062,138.170436186505,26.2539416041088,173.475165281137,0.00423178336656813,0.00369806892354299,5.14647381137873e-06,0.00112858366572491,0.00873375072324825,3.9983449383609e-05,3.44263111054585e-05,5.01028224474039e-10,1.02286013999482e-05,8.34940614127455e-05,-388.05848444591,0.0927575365127575,0.0732005656870572,1,0.556745926104823
"linear",200,"montoril",78,10.162,228.879994763385,910.987666300596,305.724411551142,1216.56960037424,364.111577702289,122.969208369112,2671.71271073341,671.6778267071,22.5231248537084,89.6464934363901,30.0850631323698,119.717535954953,35.8307004233703,262.9120951322,0.00578002764542368,0.00491948714705533,1.16296208199893e-05,0.00123745149535917,0.0123962438481713,5.088899962911e-05,4.30481130184053e-05,9.83101041026355e-10,1.13207733509514e-05,0.000109472475352693,-388.908272607683,0.108027353930332,0.083129700462025,1,0.594721843820849
"linear",200,"montoril",79,10.36,199.525014846848,757.269094532384,521.61455603503,1065.89394397234,247.132149784739,74.8849286808672,1495.9122892365,220.408334463932,19.2591713172633,73.0954724452108,50.3488953701766,102.885515827446,23.8544546124265,144.393078111632,0.00374249608000505,0.00334515880459552,3.36171729444586e-06,0.00107263378042693,0.0073467143419044,4.45259505990267e-05,3.8773158954876e-05,5.88225774082706e-10,1.14630574999483e-05,9.10767439419148e-05,-394.206934700954,0.116568246606255,0.0865942177093885,0.98,0.547529575438356
"linear",200,"montoril",7,10.219,167.260755035237,807.445962771541,387.235742825892,1452.07791010882,256.950387361119,57.4424261900358,1799.5631371835,581.689732383713,16.3676245263957,79.0141856122459,37.8937022043147,142.095890998025,25.1443768823876,176.099729639251,0.0039869301706402,0.00354035388257205,4.14884386725081e-06,0.00102583034348293,0.00792670544888805,4.21466865553291e-05,3.6169676729829e-05,5.68698583691372e-10,1.06425715562899e-05,8.88250455363636e-05,-395.461407771925,0.109076020555256,0.088453731897128,1,0.546719092767639
"linear",200,"montoril",80,10.061,158.912047314397,499.36560280893,259.533861297993,1525.08725919324,291.218286754964,68.1081542921594,1877.77801753034,376.972136866846,15.7948561091737,49.6337941366594,25.7960303446966,151.584063134205,28.9452625737962,186.639302010769,0.00427875139277578,0.00369946126553631,5.52908062669832e-06,0.00112492094587543,0.00897988052813832,4.30642827166578e-05,3.65790663606876e-05,6.90568608112395e-10,1.06047955816532e-05,9.21439511447906e-05,-389.884401941386,0.107223115080998,0.088086356523367,1,0.560847540566762
"linear",200,"montoril",81,10.789,220.094805617443,789.145688963898,399.609782315294,1298.57051128589,350.31080819774,173.256404754635,2308.31955054363,607.970152085472,20.3999263710671,73.1435433278245,37.0386303007965,120.36059980405,32.4692564832459,213.951204981335,0.00509858979006687,0.00431562441905415,9.17022685830252e-06,0.00111548315360099,0.01116724697441,4.85157711243411e-05,4.08727170153747e-05,9.55202516279059e-10,1.13481499919986e-05,0.000104557777476922,-392.611603783107,0.0900536527307234,0.0725656330584436,1,0.573819121320501
"linear",200,"montoril",82,10.176,299.207430344857,1182.69925214215,446.079245983996,1150.16570938437,341.431175764976,62.4471213974499,2098.89133738975,511.58504655729,29.4032459065308,116.224376193214,43.8364038899368,113.027290623464,33.5525919580362,206.258975765502,0.00475467023495628,0.00414877063572296,6.47886164743005e-06,0.0012078139858249,0.0098451441430959,5.25826700561638e-05,4.41248779709361e-05,1.11645049111665e-09,1.10737950098751e-05,0.000113963230960119,-379.295727491125,0.114514688183521,0.09385372447898,1,0.570679182645952
"linear",200,"montoril",83,9.93,255.628341440507,766.942156377146,431.421452161687,1165.00607994908,277.302879318366,93.5046299973793,1708.13450544575,589.284385499533,25.7430353917932,77.2348596553017,43.4462690998678,117.321861022063,27.9257683100067,172.017573559491,0.00435507209694947,0.00375675994018754,5.79508689475732e-06,0.00118736739193843,0.00907158411169666,4.70361495637218e-05,4.04053194772196e-05,7.59586858267471e-10,1.18402812435819e-05,9.84681772509442e-05,-387.971913300448,0.0667659309213857,0.0562377608662667,1,0.567415236064444
"linear",200,"montoril",84,10.194,160.584111507571,659.991168782824,395.909191383483,1408.92360145849,276.066069019951,120.816035217709,1810.47196009805,459.439183778888,15.7528067007623,64.7431007242323,38.8374721780933,138.211065475622,27.0812310202032,177.601722591529,0.00386837046529138,0.0034044809684526,4.04156469205697e-06,0.00107438990288877,0.00787244904478136,4.26470914369728e-05,3.68623348384549e-05,5.71529320540774e-10,1.11232287449412e-05,8.82033397548906e-05,-395.450114088767,0.0946040979471603,0.0826674315247957,1,0.540675069236004
"linear",200,"montoril",85,10.394,236.038427176937,927.601097405394,376.240646986949,1243.56515511865,274.246660040426,118.59761788957,1707.77262469581,669.646862814155,22.7091040193321,89.2439000774864,36.1978686729795,119.64259718286,26.3850933269604,164.303696815067,0.00418602892254089,0.00365001191574132,5.0537198930752e-06,0.00111647059445148,0.00869279168310726,4.18491288697534e-05,3.60326563201775e-05,5.58504260072133e-10,1.04498964461551e-05,8.80584163195397e-05,-384.507586038276,0.0954942148548745,0.0761931171346501,0.985,0.563086816886113
"linear",200,"montoril",86,10.151,172.926897203955,566.833574226113,283.423412203898,1362.18631219739,360.117307130292,145.630898751801,2577.38547400786,457.132810947051,17.035454359566,55.8401708428838,27.9207380754505,134.192327080819,35.4760424717064,253.904588120171,0.00518194894218899,0.0044055001179821,1.01797532027401e-05,0.0010312967501838,0.0112195134669566,4.51055003837064e-05,3.84925221796871e-05,6.86699797428798e-10,1.17177670253985e-05,9.62199008430819e-05,-411.569364138342,0.134943385813712,0.109564121172904,0.94,0.570245073419245
"linear",200,"montoril",87,10.733,221.721646969211,820.041334936588,274.802353361463,1593.22366488134,302.264195505453,93.0445841207643,2112.30209009292,634.131581272846,20.6579378523443,76.4037393959366,25.6034988690453,148.441597398802,28.1621350512861,196.80444331435,0.00485399779959634,0.00411545305725449,8.19762805395438e-06,0.00114375148505987,0.010537634518453,4.72705071210106e-05,4.05691636346899e-05,8.31690702374532e-10,1.21411664929909e-05,9.92369793209042e-05,-400.231206783401,0.0849058525520909,0.0707118457184068,1,0.570243408787694
"linear",200,"montoril",88,10.132,189.218227985415,866.91369669509,283.407731800976,1522.69115185154,293.622495899559,133.353268809179,1988.86206408818,607.969059531308,18.6753087233927,85.5619519043713,27.9715487367722,150.285348583847,28.9797173213146,196.295110944353,0.00436569106110443,0.00372028899024185,6.51874385581687e-06,0.00101378394834857,0.00935077350329385,4.22609665340445e-05,3.63541044809045e-05,5.8520101380362e-10,1.10133473695721e-05,8.84844330274681e-05,-401.982852450247,0.0823361085582519,0.0645423007769559,1,0.555553340708918
"linear",200,"montoril",89,10.457,261.54864092421,1056.44235607751,354.751297534799,1623.65956012037,321.659423954776,140.167194946802,2216.61350443766,803.192347489701,25.0118237471751,101.027288522282,33.9247678621784,155.270111898285,30.7602012006097,211.974132584648,0.00496821682325359,0.00426428383859068,8.54199062297603e-06,0.00116793455975439,0.0106578276098854,4.46277761247125e-05,3.82253502515774e-05,7.17414277293716e-10,1.15211322468947e-05,9.42586075208988e-05,-397.414001124782,0.115449969797156,0.0975262147606922,1,0.583239991008245
"linear",200,"montoril",8,10.119,256.890756653039,1056.42669447558,426.710627528794,1594.54445085507,329.507750096842,113.820190105626,2360.26941984632,807.943950285771,25.3869707138095,104.400305808437,42.1692486934277,157.579251986863,32.5632720720271,233.251252084823,0.00484345013811235,0.00410253071401961,8.39173178612028e-06,0.00102995374593338,0.0104456942239111,5.05370338318244e-05,4.31863564761561e-05,8.93258523889897e-10,1.26486427579689e-05,0.000106587461104726,-403.554980565474,0.0966771948114546,0.0801240952213443,1,0.561025195640133
"linear",200,"montoril",90,10.331,202.494432599084,891.738164385219,374.804084505661,1358.86393722719,303.089818190606,96.6387814629399,1991.46724027147,621.016506996786,19.6006613686075,86.3167325897995,36.2795551742968,131.532662590958,29.3378974146361,192.766163998787,0.0050896279074611,0.00431725987652732,9.05062404706499e-06,0.00117813433811882,0.0109399372718406,4.76065113988742e-05,4.05202007548992e-05,8.00945463415988e-10,1.15121162231694e-05,0.000101060980292141,-397.551252791881,0.146610644817155,0.111828245513209,0.94,0.585513803474824
"linear",200,"montoril",91,10.312,286.653485056468,1056.58373031777,374.691408634921,1372.33967553072,301.607894849035,129.613736913652,1843.05218553813,568.419578336642,27.798049365445,102.46157198582,36.3354740724323,133.081814927339,29.2482442638707,178.728877573519,0.00466875745826441,0.00399038143657151,7.47250549514871e-06,0.00111381813830703,0.0102508074913381,5.13319220035884e-05,4.37126991604115e-05,9.29528765180544e-10,1.29014343623636e-05,0.000109487566015916,-394.589215135612,0.103697058505204,0.0827743076808248,1,0.569475001120111
"linear",200,"montoril",92,10.118,181.894501569544,836.230377673826,325.09988782459,1588.35331546758,288.126809483956,139.496290378706,1665.63769977299,554.181170648465,17.9773178068338,82.6477938005363,32.1308448136578,156.982932938088,28.476656402842,164.621239352935,0.00463697682131257,0.00396329723824574,7.2406659646637e-06,0.00115531657025172,0.00973759466148033,4.87508486112675e-05,4.17715713479134e-05,7.97216605782169e-10,1.2604097842655e-05,0.000105315845854787,-396.669827260626,0.12762878098824,0.105257374893824,1,0.58549732713521
"linear",200,"montoril",93,10.274,575.148862788166,2232.31407299839,218.173165398824,1596.80685420954,466.322582899415,137.189645494132,3885.25121451277,1784.79960037099,55.9810066953637,217.277990363869,21.2354648042461,155.422119350744,45.3886103659154,378.163443110062,0.00728681765800344,0.00618454075702028,2.00771752346263e-05,0.00120091557377512,0.0161036136131956,4.50834370793886e-05,3.76900696552298e-05,8.09420583644357e-10,1.0313637877023e-05,9.8453137283357e-05,-390.022738207831,0.151364259128505,0.11205158843297,0.935,0.622391393702155
"linear",200,"montoril",94,10.247,340.747591259838,1168.49622491673,340.477625890937,1325.83057300328,361.60876792115,121.471481716837,2335.50163738574,898.73117258295,33.253400142465,114.0330072135,33.2270543467295,129.387193617964,35.2892327433541,227.920526728383,0.00579276374122811,0.00504473627814685,1.08199662270068e-05,0.00116737094347726,0.0122687390582353,5.05766124759713e-05,4.22561491973218e-05,1.02795991034855e-09,1.14366312755536e-05,0.000111024662383599,-392.336003978707,0.113568093584798,0.0956220745456374,1,0.596307437883067
"linear",200,"montoril",95,10.097,142.527509952933,604.089410254512,446.021752606125,1027.53321742817,272.605819065294,112.348498215323,1592.73785426508,407.520364685876,14.1158274688455,59.8286035708143,44.1736904631203,101.7661897027,26.9986945692081,157.743671809951,0.00410205374049452,0.00355447457016404,4.92203988583925e-06,0.0010705888340918,0.0085465096550727,5.93111384609202e-05,5.13049239292998e-05,1.12174106962746e-09,1.34656211094322e-05,0.000124180346282382,-374.955911076455,0.143280629459576,0.121532485285193,0.97,0.562643494480972
"linear",200,"montoril",96,10.535,272.96980098688,1148.1153163278,221.043893076543,1370.15552438082,452.82495757576,167.127046441358,3107.35437326188,792.584475175011,25.9107547211087,108.981045688448,20.98185980793,130.057477397325,42.9829100688904,294.955327314843,0.00657764597338447,0.00542014192938594,1.83741858873374e-05,0.0011775833158223,0.0151202215395974,4.98374218134256e-05,4.18267934169006e-05,9.57045341040528e-10,1.12237172332133e-05,0.000107825660487928,-402.188902039946,0.107162196266405,0.086871993850094,1,0.603769437825812
"linear",200,"montoril",97,10.436,302.557008634791,1073.6901193178,373.465807754139,1523.37006338002,354.687756082391,162.337663188438,2752.43260704929,857.97017334721,28.9916642999991,102.883300049616,35.7862981749846,145.972600937142,33.9869448143342,263.744021373063,0.00538536539499967,0.00466081039938665,9.27363803203879e-06,0.0012252129466095,0.0115210153085749,4.62076361557524e-05,3.94401871298279e-05,7.20331382159087e-10,1.08919495940542e-05,9.79995678228678e-05,-397.493640181395,0.0938132880839991,0.0799913585348417,1,0.576692415810607
"linear",200,"montoril",98,10.138,193.914362337018,697.127542384085,409.617891962449,1472.33143299139,287.396790884226,103.017934169438,1879.76239028694,491.018578148945,19.1274770504062,68.7638136105824,40.4042110832955,145.228983329196,28.3484701996672,185.417477834577,0.00442172649385105,0.00385842551151177,5.61707820728583e-06,0.00112974903871766,0.00919940758332157,4.45283835642365e-05,3.82989704447813e-05,6.37463086135244e-10,1.12706543885379e-05,9.28998440674384e-05,-390.836176591178,0.10265531760832,0.0793763084325571,0.975,0.560814913973381
"linear",200,"montoril",99,10.348,264.745797093071,1137.36970219148,314.985844947021,1597.20181834041,348.480510386128,219.757899013509,2578.4875745663,803.371043456479,25.5842478829794,109.912031522176,30.4392969604775,154.348842127987,33.6761219932478,249.177384476836,0.00471002355050147,0.00399701774804832,7.38099225526462e-06,0.00116837669641238,0.0101025491932837,3.87760826522925e-05,3.31708122561769e-05,4.99940327675834e-10,1.08122124059078e-05,8.19865307519541e-05,-409.803209189868,0.120981025096644,0.0935725604857363,0.965,0.550166502280287
"linear",200,"montoril",9,10.112,192.141762273203,638.789510136293,306.443435271055,1265.70831679842,302.460736000531,121.775218189424,2018.06205833214,472.632143458635,19.0013609842962,63.1714309865796,30.3049283298116,125.168939556806,29.9110696203057,199.571010515441,0.00461397498227687,0.00395614864301386,6.94704705615702e-06,0.00108199751509622,0.00989743980418936,4.43602628251248e-05,3.80569365195118e-05,6.59349342381956e-10,1.08804379600794e-05,9.34835888332472e-05,-400.946059996796,0.134849254000986,0.10735065384165,0.98,0.553064524016775
"linear",400,"montoril",100,20.083,81.2942467345127,284.009854564034,285.271356013112,1293.20267102299,182.519068055031,64.8447233048018,1455.22955475287,204.959972816214,4.0479134957184,14.1418042406032,14.2046186333273,64.3929030036842,9.08823721829562,72.4607655605669,0.00250696679360745,0.00230016880049135,1.03882863172755e-06,0.00091569027478258,0.00456797316694503,2.01725187864081e-05,1.84694521394339e-05,6.85461542522526e-11,7.94312735613946e-06,3.62845312089061e-05,-787.612385339865,0.0847883828679194,0.0664283952079725,1,0.48555308224748
"linear",400,"montoril",101,19.719,205.106026793499,806.776424879966,278.006647610366,1482.7966480355,223.434300813675,111.784907689273,1716.08196361174,429.301172044964,10.4014415940717,40.9136581408776,14.0984151128539,75.196340992723,11.3309143878328,87.0268250728607,0.00306663785901356,0.00277657486020263,1.8500278654164e-06,0.0010271683612186,0.00576167054171381,2.13989788111962e-05,1.94794328201013e-05,8.31810091476173e-11,7.69068430058174e-06,3.87343665245764e-05,-795.180278332361,0.131080942568169,0.111906893486891,0.98,0.510133940057065
"linear",400,"montoril",102,20.453,156.088834602738,747.280918111952,208.11698622403,1146.35098649535,255.780290653872,92.1130461004834,2290.80144947649,463.385112340229,7.63158630043213,36.5364943094877,10.1753770216609,56.0480607488071,12.5057590893205,112.003199993961,0.00377547114358313,0.00345067041389731,2.77467903753927e-06,0.00123752773329268,0.00693925633321093,2.44830116284291e-05,2.19622819195282e-05,1.28965111261544e-10,8.34782946376671e-06,4.5997628095132e-05,-786.6158973117,0.10418955731881,0.0818250232190467,1,0.536755538508703
"linear",400,"montoril",103,19.794,174.204693947443,848.915569868432,199.824550823313,1136.92175480047,205.076353652163,53.4375753978354,1674.32726381411,491.948547754503,8.8008838005175,42.8875199488952,10.095208185476,57.4376960089153,10.3605311534891,84.587615631712,0.00292904950580536,0.00270262330868785,1.49019151588496e-06,0.00102777618805847,0.00533418245538448,2.13346638160631e-05,1.95621078341317e-05,7.50765699161345e-11,8.42178802077208e-06,3.8694067611371e-05,-786.340997443503,0.106243551696342,0.0870291306673799,0.985,0.512871411101051
"linear",400,"montoril",104,19.966,138.166378698891,558.970125480383,192.141785457912,875.421377556835,206.885258201987,95.1196527758838,1600.0124065118,372.623792294283,6.92008307617403,27.9960996434129,9.62344913642755,43.8456064087366,10.3618781028742,80.1368529756486,0.00305388950460635,0.00277728968564239,1.80385378190635e-06,0.00100853114647381,0.00576434687886155,2.32596655413436e-05,2.1015779877642e-05,1.09353001166816e-10,8.38896315830707e-06,4.38515602871829e-05,-779.890607979337,0.102754988986498,0.0797621243108881,1,0.514039348498709
"linear",400,"montoril",105,20.149,180.078530650907,750.996876483705,185.834912261364,1047.38344350123,221.562205688925,22.1802519630841,1842.01938691305,378.747551950625,8.93734332477576,37.2721661860988,9.22303400969598,51.9819069681489,10.9961886787893,91.4198911565362,0.00315431456158317,0.00289505511008213,1.69615716481043e-06,0.00106758298204685,0.00576139384371803,2.24921719560891e-05,2.03757578668974e-05,9.19912519291422e-11,8.40824525556787e-06,4.1785775004696e-05,-772.897699063079,0.103290329492438,0.0802289019396237,0.995,0.513454414419734
"linear",400,"montoril",106,20.003,116.749887732581,588.325001791637,311.582888407561,1173.23010422874,187.628076588764,78.584616586201,1390.42188707884,252.281438394914,5.83661889379501,29.4118383138347,15.5768078991931,58.6527073053412,9.37999682991371,69.5106677537787,0.00265887032449253,0.00247383498036807,1.0660444090195e-06,0.00102784003422133,0.00463422433529232,2.08118504050685e-05,1.89064983232323e-05,7.7600329137403e-11,7.97512871316842e-06,3.75369704871513e-05,-780.5998559799,0.0767151251478103,0.0627392813004761,1,0.491631619747975
"linear",400,"montoril",107,20.062,90.2517868766868,345.953808250202,257.587164756611,1460.26684407851,210.894500260721,29.670526428729,1615.52937500941,234.339749580681,4.49864354883296,17.2442332893132,12.8395556154227,72.7877003328938,10.5121373871359,80.5268355602337,0.00301801900983144,0.00278906178694111,1.59413461303888e-06,0.00100393095977369,0.00548313988772261,2.1630277966883e-05,1.98391953467647e-05,8.12449424603733e-11,8.19569520241198e-06,3.93512642693747e-05,-777.50220562974,0.0920977490192701,0.0776422056140974,1,0.515006147906144
"linear",400,"montoril",108,19.977,190.099044169149,660.384447013582,191.595614679844,1259.10286529995,233.499481042397,48.3333956971159,1962.75768161541,369.26985904283,9.51589548826897,33.0572381745799,9.59081016568275,63.0276250337866,11.6884157302096,98.2508725842424,0.00311571076447412,0.00284692498665925,1.7397585714265e-06,0.00111027662362392,0.00590028424036342,2.22515689008409e-05,2.01179578764567e-05,9.0761312752532e-11,8.35435559266796e-06,4.13966892854234e-05,-796.745521446961,0.0983704605728878,0.0718553957045577,0.9975,0.508530688603809
"linear",400,"montoril",109,20.261,123.090497260978,506.442989723706,257.991837993772,1483.09330269102,192.405478961944,63.10231021924,1505.30197015205,339.772879309381,6.07524294264736,24.9959523085586,12.7334207587864,73.1994127975429,9.49634662464558,74.2955416885666,0.00276016882941482,0.00249322876553507,1.56885738134235e-06,0.000897072157793381,0.0051987028406664,2.18839512826399e-05,1.98105583154286e-05,8.4937298650274e-11,8.50986800906435e-06,4.0771523084262e-05,-802.829981452516,0.0957742264400649,0.0789284765590492,1,0.499621621509312
"linear",400,"montoril",10,19.802,103.441107864944,379.97742874185,195.414506012558,1144.45061895259,221.334225567452,77.8692525497378,1821.79928287329,251.024141722569,5.22377072340894,19.1888409626225,9.86842268521151,57.7946984624073,11.1773672137891,92.0007717843292,0.00304209536956978,0.00277963819018865,2.04104801316196e-06,0.000989762222176005,0.00562113915684059,2.13651279460606e-05,1.95185178028128e-05,7.74780709560823e-11,8.25484737599496e-06,3.89603795581578e-05,-792.902500831095,0.0841833883026412,0.0682522007067134,1,0.510455118204996
"linear",400,"montoril",110,20.103,252.591898475478,966.930970077749,205.114327545703,1192.24881186495,194.552251682467,18.9209612648616,1695.01777150652,451.324897485813,12.5648857620991,48.0988394805626,10.2031700515198,59.3070094943514,9.6777720580245,84.3166577877191,0.00294429622316523,0.00267303979003967,1.71751183853356e-06,0.000956669514537084,0.00560164113815093,2.28593916749816e-05,2.09450072080465e-05,9.03672018328578e-11,8.23113527305543e-06,4.1157207648294e-05,-789.813063867308,0.132486774373657,0.106186795369267,0.975,0.501083044665642
"linear",400,"montoril",111,20.097,138.47368057392,556.72278731618,238.099984480183,1050.20801684084,219.96485128875,81.1456221923743,1616.96573244112,391.435281933779,6.89026623744442,27.7017857051391,11.8475386615009,52.2569546121728,10.9451585454919,80.4580650067732,0.00280662149224716,0.00255525831297334,1.51973127539451e-06,0.00092860883015032,0.00532748889928198,2.11154029681666e-05,1.94300871642771e-05,7.07344991868771e-11,8.37624890665965e-06,3.76103634066495e-05,-803.657075089856,0.0833673514035332,0.0695899788782351,1,0.499803344044141
"linear",400,"montoril",112,20.654,216.050470363715,827.688564125753,184.436549728072,837.14327176241,219.637465351562,67.5189313189166,1708.27838858657,508.963735204936,10.4604662711201,40.0740081401062,8.92982229728246,40.5317745600082,10.6341369880683,82.7093245176031,0.00307803234638187,0.00280030531934384,1.7942332819754e-06,0.00102490968510986,0.0056918485368931,2.29248005087749e-05,2.08211169243733e-05,9.79050568230845e-11,8.12939397711746e-06,4.24020480572404e-05,-787.917268191662,0.123367146071515,0.088622664470541,0.9675,0.505895096281917
"linear",400,"montoril",113,20.246,87.9774644717766,535.846800053963,233.980437074778,1265.12906050493,194.951624281686,77.5148668309341,1396.42430207951,373.797577356235,4.34542450221163,26.4667983825923,11.5568723241518,62.4878524402318,9.62914275815894,68.9728490605309,0.00283055080142966,0.00258319935705839,1.4438387605665e-06,0.00100602944666644,0.00522475320424986,2.34175973079119e-05,2.147925425242e-05,9.44810774265955e-11,8.67803624144603e-06,4.21509120380782e-05,-761.90140653629,0.155258422373233,0.131557111370186,0.9425,0.511627725603064
"linear",400,"montoril",114,20.148,137.443900118041,798.886877840517,211.007480742901,1231.7058068223,217.218045345526,37.1746785330803,1804.62777331655,352.730720511073,6.82171431993451,39.6509270319891,10.4728747638922,61.1329068305687,10.7811219647373,89.5685811652051,0.00325279491680147,0.00292811589464973,2.42242496877948e-06,0.000985183917575355,0.00627704454348855,2.22620322004174e-05,2.02013288174185e-05,9.32247538035513e-11,8.23121673249596e-06,4.11939931776998e-05,-781.384753924167,0.121057294003033,0.0877757738889022,0.9475,0.519464474441447
"linear",400,"montoril",115,20.189,151.044892442478,663.311673486407,244.470322232811,1505.81854947803,199.333906588491,52.9907791161682,1587.1664818051,407.972386536973,7.48154403103066,32.8551029514294,12.1090852559716,74.58608893348,9.87339177713069,78.6154084801179,0.00270832447502548,0.00246337363370192,1.25640764505839e-06,0.00100704402067348,0.00497008285611504,2.18732433129464e-05,1.99694978449512e-05,8.27856668761402e-11,8.45483507658061e-06,3.95298824587178e-05,-810.018759442642,0.102941799613878,0.085942723984294,0.9875,0.492730164568224
"linear",400,"montoril",116,20.13,213.064169337402,832.334670965348,170.969939549694,1185.07445671684,288.368590927422,93.0137012214833,2879.71460307615,559.45939102342,10.5844098031496,41.3479717320093,8.49329058865842,58.8710609397337,14.3253149988784,143.055867018189,0.00427277728486858,0.00382761259641216,4.09781120445803e-06,0.00124651967083422,0.00841046728419313,2.38073411673337e-05,2.14484830882993e-05,1.14220946035217e-10,8.60134652198686e-06,4.47326857536124e-05,-798.176004967178,0.117173338288664,0.0902800260050479,0.985,0.549147718576489
"linear",400,"montoril",117,20.214,103.18493489259,335.002419568412,321.958944559786,1226.10653443322,191.866093531322,51.1403968081025,1413.61455416298,208.736406451046,5.10462723323391,16.5727921029194,15.9275227347277,60.6563042660147,9.49174302618593,69.9324504879283,0.00269441887662541,0.00246797239254849,1.26672795967752e-06,0.000939366821753865,0.00498415421214795,2.12417643924582e-05,1.9301944608005e-05,7.95699655180659e-11,7.97861155131969e-06,3.91370473643768e-05,-781.367750864536,0.112080434943704,0.093938508400819,0.995,0.497704142610389
"linear",400,"montoril",118,20.076,166.888289895558,583.456356441483,173.921370171022,1027.9305373758,289.455065305528,120.192819550922,2809.14391404637,415.872426712109,8.31282575690168,29.0623807751286,8.66314854408359,51.2019594229827,14.4179649982829,139.925478882565,0.00376735873496697,0.00345354245402117,2.80905831927448e-06,0.00119495466253187,0.00698729488379153,2.23980071088096e-05,2.02580072725384e-05,1.03062028449141e-10,8.06645902888389e-06,4.10229732678769e-05,-804.380887333189,0.101807552192353,0.079408796401204,0.995,0.517395364461145
"linear",400,"montoril",119,20.045,93.0722660274212,568.911746283873,275.706262915687,1269.73942382754,200.944726777901,63.0724045086893,1669.66824865921,337.733320915113,4.64316617747175,28.3817284252369,13.7543658226833,63.3444461874554,10.0246808070791,83.2959964409682,0.00291387907534682,0.00265772986980794,1.59785231274882e-06,0.00103660804805511,0.00538670490344864,2.08139194618212e-05,1.90282329329713e-05,7.46307923007088e-11,7.87495839875867e-06,3.7516551129923e-05,-813.700475641555,0.112409060206068,0.0909392700126345,0.9775,0.503189463830227
"linear",400,"montoril",11,20.417,213.232659651488,801.917537057028,238.995250582951,1267.41948799462,269.399936875969,118.251802051127,2215.97148515336,608.447914249199,10.4438781236953,39.2769523954072,11.7056987110227,62.0766757111534,13.1948835223573,108.535606854747,0.00352364396187269,0.00317121393775857,2.65532441669666e-06,0.00116098278143121,0.00682040408746266,2.40421903774929e-05,2.17930615169312e-05,1.06814027096429e-10,8.7224979728963e-06,4.47171488004461e-05,-807.630314794477,0.119376435863908,0.0961064994877047,0.965,0.511109847881456
"linear",400,"montoril",120,20.396,99.5821730839453,384.33831957949,173.341803456293,1021.19576634145,197.770679643839,83.2978362560247,1615.96848731658,280.376268293019,4.8824364132156,18.8438085693023,8.49881366230107,50.0684333369998,9.69654244184345,79.229676765865,0.00283755926500309,0.00257879781259218,1.56402972571831e-06,0.000957345397207527,0.00526156273763341,2.21279920641571e-05,2.02827570377248e-05,8.3425580880143e-11,8.48811194634173e-06,4.05244839331455e-05,-788.464172261304,0.108348635889068,0.0822777757296512,1,0.502315332735464
"linear",400,"montoril",121,19.921,118.959928208618,371.145696563183,232.186174566637,1262.59982254248,218.312190044965,86.8920815520303,1803.77757297219,219.667734232608,5.9715841678941,18.6308767914855,11.6553473503658,63.3803434838854,10.9588971459749,90.5465374716225,0.00298233072408603,0.00268592925740808,1.85640058660172e-06,0.000999791901109365,0.00574978635008908,2.13865399967544e-05,1.94234089528485e-05,7.85213008177492e-11,8.14777769991294e-06,3.86090589734697e-05,-794.196222798848,0.0787458510550614,0.064148875197471,1,0.501816557930127
"linear",400,"montoril",122,20.537,132.366751987119,484.716648691048,298.217929708533,1240.69457008138,190.564547995338,69.9774264305867,1412.54261856525,321.352386407398,6.44528178346978,23.6021156298899,14.5210074357761,60.4126488815982,9.2790839945142,68.7803777847419,0.00266872295762567,0.00242157355855104,1.40107050592046e-06,0.000932001122650721,0.00491895754307753,2.04223641771994e-05,1.85698822770183e-05,7.30133195215725e-11,7.91129981337663e-06,3.73566315681951e-05,-797.987369091046,0.0813236240305153,0.0663386835070002,1,0.501801467132414
"linear",400,"montoril",123,20.344,89.9061046722757,355.078761116262,252.697078245657,1136.40811788795,180.859300211102,78.4492920555637,1370.90145023516,217.441875380909,4.41929338735134,17.4537338338705,12.4212091154963,55.8596204231196,8.89005604655435,67.3860327484842,0.00265521080231729,0.00240759499758048,1.31938758689622e-06,0.000953536401984793,0.00498316396388192,2.07022979045752e-05,1.87382859156705e-05,7.68059999773854e-11,8.08701445318178e-06,3.80078991062059e-05,-801.867902288966,0.114060557289844,0.0956956862165912,0.9875,0.499714552718981
"linear",400,"montoril",124,20.309,59.7934122062435,289.030223254554,241.173094465534,877.233615123858,225.906334176722,49.4665296508834,1856.64200960747,162.789730947009,2.94418298322141,14.2316324415064,11.8751831437065,43.1943283826805,11.1234592632194,91.4196666309259,0.00306519278707799,0.00283419450979738,1.65165661084574e-06,0.00106231020698676,0.00563570362512604,2.26711498910949e-05,2.0791852582508e-05,8.89200215675967e-11,8.70599366205084e-06,4.13224350449527e-05,-795.225048345473,0.0965973263210516,0.0757962806336513,0.9825,0.503210419920573
"linear",400,"montoril",125,20.256,214.463155118805,904.493117855108,238.479959298992,1580.43527817697,289.995687865142,126.879029840515,2756.73378562669,701.740779843381,10.5876360149489,44.6530962606195,11.7732997284257,78.0230686303796,14.3165327737531,136.09467741048,0.00367726912411972,0.00338509334611238,2.54491758209398e-06,0.00115985177878858,0.0068896812110544,2.26193571112437e-05,2.05100089885534e-05,9.52571276731903e-11,8.40507091459028e-06,4.11624588743137e-05,-827.158638735364,0.117739961035887,0.091349488625506,0.99,0.511671741935639
"linear",400,"montoril",126,20.332,112.839522242107,491.983329197436,227.937151383471,1079.03772568424,214.645399555652,91.9542089335393,1574.39741816696,357.98415561105,5.54984862493148,24.1974881564743,11.2107589702671,53.0709091916311,10.5570233895166,77.4344588907615,0.00311924218360801,0.00275784048964781,2.12484656155637e-06,0.00107334019320133,0.00605728125093481,2.24036106220453e-05,2.03005562823129e-05,9.49698711532735e-11,8.35847842258787e-06,4.15858333084467e-05,-762.266039967304,0.132949465515194,0.113203027622502,0.9525,0.51693761007794
"linear",400,"montoril",127,20.192,133.481590018903,414.240239005687,160.7352137973,1219.36587299658,211.408686339762,82.1697350149457,1680.72739969702,310.991885063654,6.61061757225151,20.5150673041644,7.96034141230686,60.3885634407971,10.4699230556538,83.2372919818253,0.00289780707121886,0.00261222541673554,1.64231233951196e-06,0.0010330028874203,0.00552597645124293,2.15210649122789e-05,1.97792907195199e-05,7.68210366778389e-11,8.13158447443954e-06,3.85707508579442e-05,-788.935287998952,0.115323489613693,0.0880957035922971,0.975,0.511247428943475
"linear",400,"montoril",128,20.237,72.8991451169896,340.851334739463,305.868574839532,1453.4637244304,190.001949756774,62.7070164177054,1416.09509963937,228.781124862939,3.60227035217619,16.8429774541416,15.1143240025464,71.8220944028463,9.3888397369558,69.9755447763685,0.00259517189027451,0.00238421149788853,1.22814926697969e-06,0.000938182268322695,0.00465586925809462,1.94665901132656e-05,1.77166394824689e-05,6.62718753885023e-11,7.61175006798101e-06,3.5413665313024e-05,-797.238114650989,0.115841026864679,0.0945119599945308,0.9725,0.484674539963176
"linear",400,"montoril",129,19.929,158.310937721046,559.969189395314,261.216024373793,1587.53263400319,184.039494206783,68.916611599338,1463.46547750404,388.365663415765,7.94374718857172,28.0982081085511,13.1073322481707,79.6594226505688,9.2347581015998,73.4339644489957,0.00272350037878238,0.00245426930406988,1.3890602009049e-06,0.00101058801886914,0.00510027278802394,2.03857009804674e-05,1.86769327436064e-05,6.81991521533467e-11,7.99746739141928e-06,3.66221253745637e-05,-788.903711770674,0.0745599687224449,0.0609320794489665,1,0.495648889138518
"linear",400,"montoril",12,20.04,267.882209399891,1142.4164402369,266.611443410488,1172.54956330853,255.193439418757,98.3764578319333,2265.83308816572,566.978045268789,13.3673757185574,57.0068083950547,13.3039642420403,58.5104572509244,12.7342035638103,113.065523361563,0.00329871814281992,0.00296924864505935,2.15755054965443e-06,0.0011263607419321,0.00626976845243514,2.31470968836257e-05,2.08625278312161e-05,1.04665767253975e-10,8.45258038975533e-06,4.32930040041961e-05,-799.319908242528,0.110281689705621,0.0858032006251336,0.94,0.50319820475962
"linear",400,"montoril",130,20.088,112.932325753222,438.796918867695,277.682162880819,1173.73910645433,187.702876943392,77.0749248041058,1383.55437636887,299.220760946098,5.62188001559247,21.8437335159147,13.823285687018,58.4298639214619,9.34403011466506,68.874670269259,0.00274404369868715,0.00250330050544033,1.29280247142378e-06,0.00101214552978441,0.00500796745080649,2.14896030973413e-05,1.95999008006895e-05,8.14810253624344e-11,8.12688586217599e-06,3.92071283749343e-05,-798.019426176745,0.106938531347591,0.0851898552852444,0.97,0.503430334285098
"linear",400,"montoril",131,20.696,136.234981352654,593.771559972834,253.438835850607,1284.23028670902,240.141434095363,104.493201002006,1862.40132265991,424.669559180096,6.58267207927395,28.6901604161593,12.245788357683,62.0521012132306,11.6032776427988,89.9884674652065,0.00328397686316193,0.00305763370203645,1.87953570278539e-06,0.00106139845574963,0.00599720575842647,2.45135121118335e-05,2.21309110227436e-05,1.18992401722268e-10,8.50328727370942e-06,4.57558126928802e-05,-791.995861671696,0.119871145278826,0.0990255201939624,0.995,0.518979247688439
"linear",400,"montoril",132,20.007,110.4453155988,326.045723208483,245.847259616003,1066.3637444489,200.184564061068,82.8661710356731,1430.34906707415,240.078846501838,5.52033366315789,16.2965823565993,12.2880621590445,53.2995323861097,10.0057261988838,71.4924310028567,0.00274217877886471,0.00253617813069202,1.23705311194352e-06,0.00101605334424526,0.00490935370115996,2.27629130657052e-05,2.07782194354007e-05,9.20132039681394e-11,8.5403301220247e-06,4.1657722719009e-05,-762.841323256478,0.109526238133769,0.0793344159960201,0.9825,0.504402983049091
"linear",400,"montoril",133,20.032,127.439141211602,435.588525100677,263.339332663267,1484.76396236923,191.342708779184,87.0095135939337,1471.66774718232,307.343600187431,6.36177821543542,21.744634839291,13.1459331401391,74.1196067476651,9.55185247499922,73.4658420118971,0.00261793383773855,0.00238796550677323,1.20565103945578e-06,0.000946203594521671,0.0047865654131039,2.03002373186123e-05,1.85489909471842e-05,6.99905612098184e-11,7.95409702741561e-06,3.72932167046032e-05,-797.703142727234,0.0618565652152954,0.049560960760162,1,0.488301895075134
"linear",400,"montoril",134,20.04,168.805723746178,506.484030074226,233.333091794682,1426.06059497516,186.622084022822,59.8854219404305,1428.08912531877,356.578810004196,8.42343930869153,25.2736541953207,11.6433678540261,71.1607083320941,9.31247924265577,71.2619324011362,0.00268404907662305,0.00247256714339571,1.26722122071183e-06,0.000968923053890296,0.0048437420882774,2.16916840125385e-05,1.99820327680068e-05,7.66424626424035e-11,8.26915900478661e-06,3.91681189553071e-05,-802.341769952754,0.10652160663592,0.0850370273479842,1,0.495713933243548
"linear",400,"montoril",135,20.194,83.0007789155216,230.973928235062,265.721067832724,1188.14636180775,181.945091821542,31.6386315129381,1351.90971074821,167.728673237762,4.110170293925,11.4377502344787,13.1584167491693,58.8366030408907,9.00985895917312,66.9461082870265,0.00277697664466559,0.00256703923017006,1.30846552274557e-06,0.000970351088233184,0.00503376582968404,2.30875802351289e-05,2.09854116089191e-05,8.83787371571228e-11,8.90590288529357e-06,4.1992604092756e-05,-799.243894604459,0.109025352962648,0.0777138463076078,0.98,0.509165147918052
"linear",400,"montoril",136,20.1,127.10552113729,781.847229083739,213.496144664151,1086.6646586324,235.909931096861,19.4077395799643,1927.84551333878,458.42865623095,6.3236577680244,38.8978720937184,10.62169873951,54.0629183399205,11.7368124923812,95.9127121064068,0.00312601449316726,0.00283269231252728,1.9422396011807e-06,0.00105329194826426,0.00593926518349719,2.21574847838183e-05,1.99939371228131e-05,9.77351709993724e-11,8.1867815817025e-06,4.11408477801309e-05,-792.266363447464,0.0915877962644551,0.0721941896931502,0.99,0.509504114967974
"linear",400,"montoril",137,20.405,273.636721806884,1128.71112175067,149.979226731115,1191.42628831953,266.804321995405,117.011689873572,2476.91417991151,538.263909348358,13.4102779616214,55.3154188557054,7.3501213786383,58.3889384131108,13.0754384707378,121.387609895198,0.00371343348885274,0.00338561681843696,2.76543753470572e-06,0.00117241447805843,0.00698701902706956,2.41655160710642e-05,2.16625941030406e-05,1.26405147617278e-10,8.37651135903322e-06,4.58627740378495e-05,-813.257615801035,0.127338041127047,0.104726795491807,0.9875,0.523414888247252
"linear",400,"montoril",138,19.676,128.958912202478,717.158378194645,371.333632092896,1130.19068452557,166.07252699986,51.4943800722992,1302.60903545626,430.608136268603,6.55412239288869,36.4483827096283,18.87241472316,57.4400632509437,8.44036018498982,66.2029393909464,0.0024934647842079,0.00231582656410562,9.13762984008792e-07,0.000955357802025501,0.00442507801969341,2.23546046595876e-05,2.03777831033772e-05,8.89429705303914e-11,8.39556620293974e-06,4.09700306427691e-05,-795.87703286537,0.107841196944417,0.0889265353794514,1,0.486591930221028
"linear",400,"montoril",139,20.085,108.873352532287,490.770185376172,219.912034482211,1479.06348345326,189.416346032001,35.2542872395735,1482.81026162309,298.223283750115,5.42062994932971,24.4346619554977,10.9490681843271,73.6402033086016,9.43073667074937,73.8267493962206,0.00258315678275446,0.00237489835065573,1.14276467217864e-06,0.000911974753459352,0.00469460799120631,2.02396210463724e-05,1.86297917232243e-05,6.45485156365468e-11,8.06600144346009e-06,3.60204019370448e-05,-798.391452513078,0.099681569386457,0.080963804954286,1,0.487005218626856
"linear",400,"montoril",13,20.079,185.175828408129,857.244122921133,214.025497289943,876.491639215844,259.143500155387,118.011072390515,2208.13343976092,482.113201440972,9.22236308621588,42.6935665581519,10.6591711385001,43.6521559448102,12.9061955354045,109.972281476215,0.00366241086674683,0.00333401678458841,2.77870701546053e-06,0.00115081122417282,0.00691758537676341,2.35859857217874e-05,2.12072272045948e-05,1.12745208094389e-10,8.08344166212707e-06,4.43234602537075e-05,-795.039021578903,0.116418361971452,0.0917673634564635,0.95,0.525138866292066
"linear",400,"montoril",140,19.738,103.567801481834,450.247868988867,305.450480216624,1485.45255717103,206.350752343515,75.8515421192108,1633.73712563602,290.254503955422,5.24712744360288,22.8112204371703,15.4752497829884,75.2585143971541,10.4544914552394,82.7711584575957,0.00277383385188332,0.00257414296928255,1.27197800468876e-06,0.000994241455469272,0.00500687875108273,2.09659296051196e-05,1.9208804929993e-05,7.10314302866012e-11,8.42415037516641e-06,3.78201373688863e-05,-774.417233553827,0.0736352124854427,0.0601810076579311,1,0.496230120962828
"linear",400,"montoril",141,19.931,18.5494755869673,270.611677857989,285.875696398579,1254.07020074281,191.269396397096,14.1790801109794,1568.08768188363,121.03431134503,0.930684641361058,13.5774260126431,14.3432690983181,62.9205860590444,9.59657801400312,78.675815658202,0.00292587509828028,0.00268339392797437,1.49457830716265e-06,0.00103534143034852,0.00534400787522705,2.11819987321183e-05,1.92167913583503e-05,7.91816705900315e-11,8.10809753292209e-06,3.89369464264361e-05,-789.305412619571,0.116625378095879,0.092051564018996,0.9525,0.505342788695041
"linear",400,"montoril",142,19.845,194.313683971378,763.313176599758,165.713436855565,1409.18793824135,220.819161039613,52.8410553799312,1644.94305492394,373.82406472149,9.7915688572123,38.4637529150797,8.35038734469969,71.009722259579,11.1271938039613,82.8895467333806,0.00282550933209084,0.00258839091646983,1.37250041632299e-06,0.00106091728290035,0.00523474486620533,2.16434057370268e-05,1.989985049845e-05,7.68014498607002e-11,8.03207450754768e-06,3.89899783603006e-05,-819.420326328148,0.105309688230463,0.0866518449549367,0.9975,0.490759717012159
"linear",400,"montoril",143,20.125,152.777487772715,742.548814253823,192.609278533269,1214.27759551966,236.409225983522,78.4267511644706,2100.21624606664,518.825440165476,7.59142796386161,36.8968354908732,9.57064738053512,60.336774932654,11.7470422848955,104.358571233125,0.00374578896852169,0.00334167200645214,3.27518567659897e-06,0.00112840302083061,0.00730223139020897,2.28523281879281e-05,2.0641596134094e-05,1.00935497725471e-10,8.49766974300611e-06,4.20198369606945e-05,-771.713450445232,0.0977848723374896,0.0776416281999323,1,0.535574526251242
"linear",400,"montoril",144,19.734,194.423854247764,737.147819587788,233.193488669747,1401.86389718297,242.60906640544,56.8659348498552,2125.8218950423,535.432883865781,9.85222733595644,37.354201864183,11.8168383839945,71.0380002626414,12.2939630285517,107.723821579117,0.0034940571041552,0.00314757616838005,2.61882886432747e-06,0.00105508170028083,0.00681155268881592,2.34394785461223e-05,2.13257804766097e-05,1.0851703112675e-10,8.2655668861941e-06,4.28673697885111e-05,-807.545598158744,0.084789574136505,0.0633215195809194,0.99,0.520946537916582
"linear",400,"montoril",145,20.346,170.472943206287,758.879211818609,296.545291906901,1494.48434659779,214.519544494718,55.7751748054585,1635.4515214667,428.148444611702,8.37869572428423,37.2986931985948,14.5751151040451,73.4534722597952,10.5435734048323,80.3819680264771,0.00295386524085666,0.00272494415321007,1.51168552605042e-06,0.00101602843741491,0.00538255895957413,2.0826344783657e-05,1.89817079127435e-05,7.34829393684127e-11,8.07179572762754e-06,3.74435374010728e-05,-791.647566317016,0.0934551905438834,0.0772550594783841,1,0.505281655321055
"linear",400,"montoril",146,20.706,114.44696825832,484.152510824943,318.52736784633,1280.49315976604,190.508952822031,91.1551813602983,1430.40947534813,310.96121986818,5.52723694862939,23.3822327260187,15.3833366099841,61.8416478202472,9.20066419501745,69.0818832873627,0.00260478003228725,0.00239903594943047,1.10594250653888e-06,0.000937335278901479,0.00471053860657919,2.0544789951732e-05,1.8706791512696e-05,7.24167183295062e-11,8.03975983659971e-06,3.74823517444702e-05,-798.812840576159,0.0598614021265077,0.0470563842267253,1,0.486730472312687
"linear",400,"montoril",147,20.227,231.914563208374,831.036265788121,205.519993263124,1318.70392732643,219.472550368802,107.956701404056,1863.01154734426,554.521140369596,11.4655936722388,41.0854929444861,10.1606759906622,65.1952305001448,10.850474631374,92.1051835341008,0.00319024560592865,0.00288978707865563,2.06060857636997e-06,0.00101144908604042,0.00598425546051998,2.25362258817547e-05,2.04210122970325e-05,9.22976943382359e-11,8.58646611292383e-06,4.1537278807785e-05,-789.294143283011,0.126676793273303,0.0943779937761131,0.935,0.508798908567573
"linear",400,"montoril",148,20.16,95.8165225411917,305.067385457469,310.139652987323,978.42275427604,214.604670777152,38.3382120445056,1699.55070397353,223.368662664323,4.75280369747975,15.1323107865808,15.3839113584982,48.5328747160734,10.6450729552159,84.3031103161475,0.00294126248053007,0.00268502500327381,1.55863762951832e-06,0.00104439663005109,0.00544899955112362,2.32845067419396e-05,2.10398874501951e-05,1.04460239233009e-10,8.62203093201199e-06,4.34670174409017e-05,-797.049577680448,0.106422179812668,0.0859798588337639,0.9725,0.503390233249108
"linear",400,"montoril",149,20.981,189.764033380506,860.5571978156,286.905413543168,1199.23323538789,227.542573291024,76.4888796179197,1871.88015632135,414.075513220807,9.04456572043783,41.0160239176207,13.6745347477798,57.1580589765928,10.8451729322255,89.2178712321315,0.00329741264605782,0.00300060718925418,2.18696779828107e-06,0.00109851662552928,0.00611382921405175,2.50345590439023e-05,2.25555452945475e-05,1.29421367637951e-10,8.22237488854972e-06,4.67001105964462e-05,-776.436972202176,0.141786472240736,0.114142490417427,0.9225,0.517487457644348
"linear",400,"montoril",14,20.215,204.705617264085,922.420125478396,240.924445830101,1030.66969614633,272.895099112905,120.099177670691,2214.59468258405,605.820662155122,10.1264218285473,45.6304786286617,11.9181026876132,50.9853918449829,13.4996338913136,109.552049596045,0.0034904570979945,0.00317837416821246,2.30278975181168e-06,0.00113423837186029,0.00654738933500883,2.21884557948006e-05,2.00157243921483e-05,9.69003511171092e-11,7.99637709301291e-06,4.13090150172626e-05,-796.394885501465,0.0942366968089604,0.0816833682714016,0.9925,0.518421840383663
"linear",400,"montoril",150,20.017,141.980998126381,592.534804186642,210.489840263073,964.33400563426,205.257991353967,97.6711794327199,1665.53390219115,415.249922370211,7.09302083860626,29.6015788672949,10.5155537924301,48.1757508934536,10.2541835117134,83.2059700350278,0.00292927996382416,0.00263908516688696,1.72552311151829e-06,0.00103347421080994,0.00549351628837386,2.09455895116681e-05,1.91034257114513e-05,7.50033559380143e-11,7.89152727968526e-06,3.84494846454213e-05,-803.52649138218,0.113490083516181,0.0886976294021606,0.98,0.500236079104803
"linear",400,"montoril",151,19.748,120.387504788917,433.928399378806,335.779573230181,948.683913518663,222.42980210802,99.3004565287704,1656.11125307304,287.051337930159,6.09618719814243,21.9732833390119,17.003219223728,48.0394932914048,11.2634090595513,83.8622267102003,0.00290627707664502,0.0026520364657528,1.42825824121107e-06,0.00104001980566573,0.00532480010897641,2.34356274831219e-05,2.14441979119613e-05,9.76261563971243e-11,8.29379229169633e-06,4.26961293531178e-05,-795.97221172413,0.101611800098188,0.0807718812973884,0.9975,0.499434336850954
"linear",400,"montoril",152,20.027,223.859482171475,872.777271788325,150.043406913029,954.13285446769,257.15476497478,33.8786462208092,2262.55392080129,237.910161952267,11.1778839652207,43.5800305481762,7.49205606995703,47.6423255838463,12.8404037037389,112.975179547675,0.00353014052122787,0.00322443749042357,2.43970231194819e-06,0.00112015211376203,0.00656361786666147,2.34797532423419e-05,2.09684905436426e-05,1.14919578986959e-10,8.10307648687001e-06,4.40577893017266e-05,-814.407598384359,0.102764425433084,0.0848110395550799,1,0.525682731013098
"linear",400,"montoril",153,20.368,131.333100629827,404.520733879514,204.817641227566,1093.00634614933,208.082537796853,51.6719530263923,1740.50074669523,289.208979412324,6.44801161772521,19.8606016240924,10.0558543414948,53.6629195870644,10.2161497347237,85.4527075164584,0.00287481410256679,0.00262901854336407,1.53823620697864e-06,0.00099668460052648,0.00532997824656726,2.10836637477815e-05,1.9197879173769e-05,7.98379236021042e-11,7.7657725935139e-06,3.86925772794405e-05,-800.653596669665,0.104849032495576,0.078620856264709,0.9825,0.496683225527818
"linear",400,"montoril",154,20.93,107.260554897961,501.906311330599,294.81394498739,1194.40368646671,182.478148291534,59.6508833740681,1412.98408873419,108.131088151243,5.12472789765702,23.9802346550692,14.0857116573048,57.0665879821649,8.71849729056542,67.5099899060771,0.00282729492974346,0.00260309708987162,1.32247328331778e-06,0.00101650281210635,0.00516567054968837,2.14220528835921e-05,1.95795333344139e-05,8.03292034101102e-11,8.08570580477467e-06,3.90887994959609e-05,-793.754658363684,0.0962110614317677,0.0750726516630998,1,0.508745240256915
"linear",400,"montoril",155,20.07,193.74301918364,689.031313556734,178.500589964678,923.805029720492,225.884060356831,80.5784912531881,2023.16273628222,507.921565679255,9.6533641845361,34.3314057576848,8.89390084527542,46.0291494629044,11.254811178716,100.805318200409,0.0033726006323922,0.00308787671231302,2.10115447958394e-06,0.0011272982875705,0.0062655394352441,2.27946033475934e-05,2.06068022095613e-05,1.08825013314102e-10,8.02244383886339e-06,4.2380638807576e-05,-784.419058173767,0.0915869473761179,0.0702122974113711,1,0.515500760313308
"linear",400,"montoril",156,20.171,129.235489508392,700.137079629271,230.290876875638,971.223951164758,211.484048146325,69.05376162238,1616.23831338936,300.644418252067,6.40699467098272,34.710082773748,11.4169290999771,48.14951916934,10.484559424239,80.1268312621766,0.00308608652995998,0.002790696787338,2.01497570832409e-06,0.00101785451897685,0.00589998968250818,2.2059949630095e-05,1.99276919902293e-05,9.23780711226757e-11,8.15864991831553e-06,4.12137828822919e-05,-795.818268378023,0.129743106880562,0.0962406148794015,0.9525,0.519112797404812
"linear",400,"montoril",157,20.034,218.551427393399,968.170042481255,137.043111285735,1399.48591759772,231.754041255646,72.9958592574234,1850.0277486701,493.559744597341,10.9090260254267,48.3263473335956,6.84052666894953,69.8555414594051,11.5680364009008,92.3444019501896,0.00329214330620251,0.00294697281163163,2.50732277824712e-06,0.0010216494412444,0.00646749980146619,2.150241053531e-05,1.95341974505957e-05,8.26989489950464e-11,8.19254084891766e-06,3.96524049666313e-05,-803.96351310499,0.0814631526824501,0.0642759671859541,1,0.512971955424183
"linear",400,"montoril",158,20.2,78.1631886893848,515.340017398323,245.728554322155,1475.76345010379,196.995017349934,52.9722354235266,1486.12465280166,371.662291540216,3.86946478660321,25.5118820494219,12.1647799169384,73.0575965397914,9.75222858167991,73.570527366419,0.00271647170044835,0.00248368934605105,1.35369892913484e-06,0.000966042806774366,0.00504323717303834,2.04493681486761e-05,1.86911680475988e-05,7.01765161421009e-11,7.86516247535435e-06,3.67147141417384e-05,-789.488492591775,0.0881132432520926,0.0695237273465478,0.9925,0.489956049542747
"linear",400,"montoril",159,19.695,118.713804470129,453.497639274401,331.038246146925,1231.44622636513,159.773117466466,44.4387209781027,1208.75188824612,321.990343392601,6.02761129576687,23.0260289045139,16.8082379358682,62.5258302292528,8.11236950832524,61.3735409112019,0.00254109345342015,0.00236189788538473,9.68828279131116e-07,0.000976575805691154,0.00445604635087108,2.09102710462419e-05,1.90665055402468e-05,7.68119644296176e-11,7.85673470264009e-06,3.78266648197199e-05,-774.027083452223,0.118961096729123,0.0959427605687421,0.9825,0.510396099257138
"linear",400,"montoril",15,20.33,197.149241614415,784.17596319154,229.003835570948,1257.94273027727,254.902206017229,105.483425380361,2449.05124303083,593.019704520532,9.69745408826441,38.5723543134058,11.2643303281332,61.8761795512677,12.5382295138824,120.464891442736,0.00352753401526173,0.00322112478905271,2.50045697586448e-06,0.00105073155706402,0.00667959582465918,2.27459867328693e-05,2.05615621256998e-05,9.53188855781236e-11,8.14818263396654e-06,4.19279939407671e-05,-798.8224185916,0.0976201466477096,0.0785284139294254,0.99,0.522180851337414
"linear",400,"montoril",160,20.153,102.929677690953,434.265414995773,306.638860171269,1116.96137700703,166.008957919544,43.7808525489036,1221.39665093569,271.026012399851,5.10741218136027,21.5484252962722,15.2155440962273,55.4240746790565,8.23743154466056,60.6061951538573,0.00252798005346541,0.00229285786486,1.15260329025237e-06,0.000921111608601302,0.0046841411400118,2.02837744882286e-05,1.85418883438689e-05,6.53865937322604e-11,8.23772917320655e-06,3.64281840139648e-05,-794.075560380247,0.091684742767654,0.0716405521477167,0.9975,0.499889680294632
"linear",400,"montoril",161,20.039,149.60813297156,513.370838708312,227.133938794903,947.301507668839,214.665950027785,66.2892245551673,1777.69493525632,400.801254724394,7.46584824450122,25.6185856933136,11.3345944805081,47.2728932416208,10.7124083051941,88.7117588330917,0.00301461605318187,0.00272172165138373,1.91104922988314e-06,0.00096821500948209,0.00575096468220139,2.13480984516799e-05,1.92782610940045e-05,8.56141178656197e-11,7.95519146649061e-06,3.99734806067429e-05,-816.291264290901,0.0917190973555067,0.0754377631592433,1,0.505648887195436
"linear",400,"montoril",162,20.58,212.66782397008,743.643775483353,163.242125040905,1076.48825122574,234.975530076922,53.4455720058681,2057.73026302551,571.601755381848,10.3337135068066,36.1342942411736,7.9320760466912,52.3074952004731,11.4176642408611,99.9868932471095,0.00353274194461082,0.00309469474359584,3.38589768727357e-06,0.000973103606956431,0.00707798355570387,2.20682723019342e-05,1.98010679393332e-05,1.00948634431101e-10,7.95604322359149e-06,4.17391555903369e-05,-816.593239805293,0.104695785783821,0.0840705383245812,0.9875,0.525924201596956
"linear",400,"montoril",163,20.25,140.960802355053,545.120954644852,324.938429404552,1127.28870904603,213.141488876665,81.4979148566162,1488.2545485341,365.788903018395,6.96102727679272,26.9195533157952,16.0463421928174,55.6685782244952,10.525505623539,73.4940517794616,0.00283024911415917,0.00261448070229669,1.29558664478525e-06,0.00101803457440677,0.00508775612700078,2.27105651927539e-05,2.0620774745469e-05,9.21722571548413e-11,8.43295409268149e-06,4.16466857725683e-05,-783.826890243042,0.110326580132915,0.0963800172626227,1,0.510630882754255
"linear",400,"montoril",164,20.669,86.4159488400744,401.301930297994,312.108794923966,1025.00209501439,189.828411129591,60.0474608346997,1368.23647150423,279.577075990577,4.1809448371994,19.4156432482459,15.1003335876901,49.5912765501178,9.18420877302196,66.1975166434868,0.00255090089762917,0.00234145488234406,1.0494518367128e-06,0.00097276010198944,0.00466969415079313,2.01379753110582e-05,1.83970531139391e-05,7.05696040357450e-11,7.53157131649427e-06,3.62275363766345e-05,-808.203361616998,0.0824660437764883,0.0650933631813918,0.9975,0.485703157528236
"linear",400,"montoril",165,19.979,155.122681353029,583.792183572481,296.719807032934,976.270818235068,202.019091188904,85.6628847871487,1670.61393984864,337.424206193247,7.76428656854845,29.2202904836318,14.8515845153879,48.8648490032068,10.1115717097404,83.6184964136663,0.00285391527909111,0.00260421841107355,1.45350111842435e-06,0.000985955051327176,0.00531751709551506,2.21997035450612e-05,2.00729057618366e-05,9.37034688671648e-11,8.21996187222362e-06,4.08878755607115e-05,-803.482287141014,0.0904528445310595,0.0733774358496273,1,0.496909009750511
"linear",400,"montoril",166,20.05,141.280225107647,661.474884214602,26.8450554972991,1290.79935786187,198.976711600572,106.60022859038,1496.45593606234,454.704238684715,7.04639526721429,32.9912660456161,1.33890551108724,64.3790203422379,9.92402551623802,74.6362062873987,0.00281184643593283,0.00257500854057124,1.38745162674571e-06,0.000995047636102192,0.00526146205554702,2.24524587314909e-05,2.0399624770212e-05,9.11548610625628e-11,8.26996684267729e-06,4.11964099064459e-05,-788.206443290699,0.10723957346273,0.0919702668322219,1,0.496625921169164
"linear",400,"montoril",167,20.037,128.555243254701,656.18615447551,177.53839964172,1139.37695183423,211.374125740622,26.62982088032,1748.66654074309,419.061027523455,6.41589276112698,32.7487225869896,8.86052800527624,56.8636498395085,10.5491902850038,87.2718740701247,0.00305290283379928,0.0027436132951142,2.04006499403437e-06,0.000941989089722885,0.00592198036679902,2.20440967577771e-05,2.00190072807524e-05,8.69036007386557e-11,8.1681524214284e-06,4.05623697312134e-05,-827.083043997025,0.0912334909651536,0.0702629926135844,1,0.512623896297825
"linear",400,"montoril",168,19.628,123.554478421679,633.521450493433,235.765512821768,1359.82075720984,217.045558182689,57.5314890313396,1761.26003177597,408.869012304555,6.29480733756263,32.2764138217563,12.0116931333691,69.2796391486569,11.0579558886636,89.7320171069883,0.00324744009339254,0.002901170189236,2.28074299166218e-06,0.00103509305495398,0.00625985172649267,2.19966894538132e-05,1.99941499382094e-05,8.90649380104587e-11,8.37129908359391e-06,4.06744223445171e-05,-789.494996203496,0.0924662321276075,0.0731742577504702,0.99,0.517987918518759
"linear",400,"montoril",169,19.93,119.335596016479,363.546901070388,210.771119070508,1295.22376348607,195.768920230389,88.5296376756912,1430.21530868574,241.616553261647,5.98773687990363,18.2411892157746,10.5755704501007,64.9886484438571,9.82282590217705,71.7619321969764,0.00267399572239304,0.00241500316410763,1.31531804810734e-06,0.000940264768101446,0.00491981583931791,2.09052408052408e-05,1.91300653338824e-05,7.28148422614602e-11,8.12817672548667e-06,3.80587622724904e-05,-776.697187718235,0.0692466042837234,0.055898578323394,1,0.499678138465856
"linear",400,"montoril",16,20.27,194.775165998849,777.049227956653,122.845857263602,892.731960176623,252.57482216939,112.007664246198,2124.07793103583,575.02861099209,9.60903630976068,38.3349397117244,6.06047643135679,44.042030595788,12.4605240340104,104.789241787658,0.00348207805869279,0.00312065792514866,2.84697260206871e-06,0.0010647801572366,0.00684568137246684,2.27115315743214e-05,2.0514544627978e-05,9.77375840990606e-11,8.10085845525875e-06,4.23806243656366e-05,-793.371071778245,0.108474372139457,0.0847877064116661,0.985,0.519997097966815
"linear",400,"montoril",170,19.881,187.614625124018,784.470116076114,219.170694979771,1173.8932315667,234.407061124773,60.883082095796,1748.99374687913,467.131686830722,9.43688069634414,39.4582825851876,11.0241283124476,59.0459851902167,11.7905065703321,87.9731274522976,0.00296978472329197,0.00270012223382771,1.65496183330644e-06,0.0010230301113242,0.00556476194719403,2.15940449425237e-05,1.95153999860438e-05,8.45204288643184e-11,8.07241142481927e-06,3.99530425211682e-05,-810.580239709694,0.095685551597194,0.0712708201270987,0.9825,0.500142317406928
"linear",400,"montoril",171,19.914,67.3250392257523,234.793363923673,351.751777946394,1204.99737132835,149.908307957266,57.797678837161,1047.13197697126,169.508944850933,3.38078935551634,11.7903667733089,17.6635421284721,60.5100618322964,7.5277848728164,52.5827044778176,0.00235977620355649,0.00216821012104848,9.06826121651436e-07,0.000927731386225968,0.00425044495647853,1.9779956951121e-05,1.81232401080881e-05,6.42385942052359e-11,7.76512742467048e-06,3.54875458462787e-05,-777.488347269998,0.0959159605853698,0.0725510182725227,0.9975,0.486587346222224
"linear",400,"montoril",172,19.837,168.225448620209,811.553217783018,270.15406509192,1557.75294231078,215.554869381458,61.4823577533503,1792.81427795802,215.122149322538,8.48038758986789,40.9110862420234,13.618695623931,78.5276474421929,10.866303845413,90.3772888016343,0.00296901005618231,0.00273898103793294,1.50026659770056e-06,0.00108602445423403,0.00540628645151112,2.13696948866898e-05,1.9614428391082e-05,7.59025235146043e-11,8.28042898864682e-06,3.85410220862013e-05,-777.317316575779,0.0984867585678243,0.0803108690132013,0.9975,0.503464755304645
"linear",400,"montoril",173,20.025,152.831939940548,551.575437398673,206.339963300425,1072.39339282721,204.411804295054,84.7220176605525,1531.3966150861,405.778521473672,7.63205692587004,27.5443414431298,10.3041180174994,53.5527287304475,10.2078304267193,76.4742379568588,0.00272148123976838,0.00247250688758462,1.45961845792785e-06,0.000952449906766587,0.00507452424723022,2.10677740698118e-05,1.91664522229024e-05,8.27859458315358e-11,7.72027516883473e-06,3.88947205381406e-05,-782.257644523512,0.105315989177723,0.0873874433071503,0.9975,0.491959148071974
"linear",400,"montoril",174,19.717,127.304533747662,617.830869766481,307.696657047856,1114.85470260061,187.095069628564,85.3672424920296,1265.01372131405,361.058093847814,6.45658739908007,31.3349327872638,15.6056528400799,56.5428159760924,9.48902315912988,64.1585292546559,0.00244609644559549,0.00226654406992496,8.92039104927665e-07,0.000967063234433563,0.00436844615909504,2.12294196606614e-05,1.92816625329063e-05,7.98077813032516e-11,8.06349030871585e-06,3.89827390275681e-05,-770.565515885456,0.0799938048727649,0.0663335537640042,1,0.480336109543498
"linear",400,"montoril",175,20.304,109.097580902772,501.282440900691,252.017295058091,1252.02339677778,190.420730213447,24.6948163492252,1513.49176838424,345.701054546489,5.37320630923819,24.6888515022011,12.412199323192,61.6638788799142,9.37848356055196,74.5415567565132,0.00283329998297502,0.00256186287886911,1.67769830546516e-06,0.000903587608657423,0.00527962590887944,2.0331391394274e-05,1.86124687307076e-05,6.8470728979783e-11,7.72996961694106e-06,3.69438802368551e-05,-794.300546284841,0.130042346312104,0.106977177416191,0.95,0.496987900946455
"linear",400,"montoril",176,20.064,69.2366760989715,376.731385479482,204.944353980654,967.731457426812,253.735318574809,27.2278223188524,2151.55457271265,291.746982730917,3.45079127287537,18.7764845234989,10.2145311991953,48.2322297361848,12.6462977758577,107.234577986077,0.00362530960087377,0.00328280381419586,2.72776354769257e-06,0.00114572600817499,0.00686287897654365,2.31891515652179e-05,2.07895550662287e-05,1.11734954523517e-10,8.13148078031731e-06,4.34885442666138e-05,-801.237085485435,0.129647035452557,0.0968257986232959,0.9575,0.534652270323254
"linear",400,"montoril",177,19.971,138.288700417474,578.659259003283,71.2391186921482,1163.99850550686,239.517980731564,101.568937121971,2007.6316256007,437.243502991514,6.92447551036373,28.9749766663303,3.56712827059978,58.2844377100227,11.993289306072,100.527345931636,0.00335451260581301,0.00304680881949319,2.22021545953462e-06,0.00105790319533769,0.00638914771492778,2.2284738445084e-05,2.02681857852877e-05,8.86575345866687e-11,8.26299371116475e-06,4.06593515673796e-05,-773.898865654521,0.107669332612522,0.0880863612096212,1,0.523133528942148
"linear",400,"montoril",178,19.792,226.629602024128,579.040023515568,281.920656440449,1292.52761469022,189.720326830407,60.6705367387618,1554.18018145168,423.81398779324,11.4505659874761,29.2562663457744,14.2441722130381,65.3055585433621,9.58570770161717,78.5256761040665,0.00287305476023355,0.00260926921029415,1.59175513577152e-06,0.000975309507203239,0.00542380990264093,2.21463277786552e-05,2.00865370741601e-05,9.17678474405265e-11,8.29356890575335e-06,4.04334153946719e-05,-795.036365912226,0.0930591645009842,0.0787770784318368,1,0.510542159405709
"linear",400,"montoril",179,20.453,148.012811585394,739.978573144287,254.907530132029,762.425529034732,196.708553157702,72.77391736327,1383.78498844051,446.507597825034,7.2367286747858,36.1794638020969,12.4630875730714,37.2769534559591,9.6175892611207,67.6568223947838,0.00270927444924392,0.00248140406381547,1.31740717292529e-06,0.000962146926784448,0.00494477611282929,2.2426518247288e-05,2.04854737199538e-05,9.09265860360416e-11,8.36945983675977e-06,4.15541086858545e-05,-774.941470800361,0.15139226104454,0.116525571397952,0.9,0.487926398152133
"linear",400,"montoril",17,20.094,110.287251368446,537.037489786842,372.108126552863,1118.25901181399,175.298306255896,75.6763840127386,1320.33760334218,404.321156859305,5.48856630678043,26.7262610623491,18.5183699886963,55.6513890621076,8.72391292206112,65.7080523211992,0.00246866423507292,0.00227226186378549,9.64994095573058e-07,0.000963729774493866,0.00440644525234995,2.00912956201496e-05,1.84275934067115e-05,6.66265245024787e-11,7.77902203748494e-06,3.59483513776898e-05,-781.556337401774,0.0639356929975897,0.0506380718922763,1,0.486436933033482
"linear",400,"montoril",180,19.829,131.535358280145,677.860321619507,247.62987892754,1281.77607159817,181.55009602166,45.5208962655421,1469.24998821566,439.926659843794,6.63348420395102,34.1853003993902,12.488268643277,64.6414883049157,9.15578677803521,74.0960203850755,0.00260368497146742,0.00239568972025316,1.19939279980644e-06,0.000900507791310898,0.00468701351510733,1.99967519112839e-05,1.83610682546516e-05,6.21884670734599e-11,8.10510452941101e-06,3.55266079358052e-05,-801.090256080935,0.0912243630950962,0.0740130797037784,1,0.492409332387535
"linear",400,"montoril",181,19.933,169.497869612617,650.196596372212,280.484254344602,1121.70600390758,181.621652572565,70.7486052901055,1312.84066983388,399.117490703899,8.50337980297081,32.6191038163955,14.0713517455778,56.27381748395,9.11160651043824,65.8626734477438,0.00246874763510146,0.0022534701840807,1.03278864080905e-06,0.000934732422194866,0.00451620345163977,2.0467293020848e-05,1.87268129993317e-05,7.10972129472196e-11,7.8736573777247e-06,3.7240970306836e-05,-762.214614886186,0.0791323858251764,0.0633963544106344,1,0.485188645055653
"linear",400,"montoril",182,20.092,78.8847667727442,250.005697442548,358.791424378374,1645.44157575461,188.765400791618,71.6391189886777,1414.85276144254,180.400107927335,3.92617792020427,12.4430468565871,17.8574270544681,81.8953601311271,9.39505279671603,70.4187119969412,0.00251161592109258,0.00230097545269546,1.05273011608658e-06,0.000917715699305662,0.00451545805794037,1.97720637319223e-05,1.82826147507092e-05,6.05853682220467e-11,7.70672096519237e-06,3.53829055308295e-05,-793.082137229037,0.111842630524455,0.0824047039120934,0.97,0.485350404770529
"linear",400,"montoril",183,20.309,166.121109972161,554.779271785611,223.836049392306,899.495732823112,205.648946421327,71.9144068329287,1621.33506431825,372.260875138926,8.17967945108874,27.3169172182584,11.0215199858341,44.2904984402537,10.1260006116169,79.8333282937736,0.00298682611434177,0.00271457191209264,1.76045815952527e-06,0.000996104197270205,0.00568737864169996,2.21358104386241e-05,1.98552723131903e-05,9.94580809533603e-11,8.46318766922529e-06,4.12280952909079e-05,-800.607250153159,0.0774328418197621,0.0630458553851023,1,0.508928278606702
"linear",400,"montoril",184,20.086,114.947152825556,597.472720897037,222.571943136746,920.81696163321,219.14529445397,34.1242887253056,1765.74133277273,338.543374393925,5.72274981706444,29.7457294083958,11.0809490758113,45.8437200852937,10.9103502167664,87.9090576905672,0.00331014899607536,0.00299332850809864,2.28738789807308e-06,0.00117823151384768,0.00617908019725087,2.30060154809338e-05,2.09630913629895e-05,9.60229743931386e-11,8.20144001111623e-06,4.22063598967047e-05,-781.417348624473,0.104271096146389,0.0819972642152267,1,0.526658332346865
"linear",400,"montoril",185,20.105,185.514394347524,605.009919207346,206.116964793167,1581.57662167625,197.19393114183,26.3744518153877,1446.77594521001,83.3752175478193,9.22727651566896,30.09251028139,10.2520251078422,78.6658354477119,9.80820348877542,71.9610020000005,0.00272786180457655,0.00252053799959324,1.22804718265254e-06,0.0010069354676948,0.00496767302708145,2.08995560735369e-05,1.91050282273214e-05,7.39216724262173e-11,7.9548754969805e-06,3.78031458819447e-05,-791.919847488923,0.0890022654274455,0.0668744552105844,1,0.502324799766112
"linear",400,"montoril",186,19.742,138.32767118185,414.906923374823,172.162245316906,799.31408075635,248.297890271802,99.3384092835792,2162.11450683511,327.421877507486,7.00677090375089,21.0164584831741,8.72060811047038,40.4879992278569,12.5771396146187,109.518514174608,0.00351659850713661,0.00311054246589747,3.06845382637381e-06,0.00102773044231332,0.00700314779984463,2.38848314701252e-05,2.16320897833645e-05,1.09729003973341e-10,8.5435431382959e-06,4.47199726699737e-05,-786.827149593361,0.109146010704161,0.0860153307946565,0.985,0.526706671548143
"linear",400,"montoril",187,20.002,171.497507027503,764.761497938945,266.01813090094,992.41764915814,209.529026397577,60.2372482421604,1709.46364193962,379.58900398779,8.57401794958018,38.2342514718001,13.2995765873883,49.6159208658204,10.4754037795009,85.4646356334178,0.00297223392849794,0.00275325782461979,1.47258331952916e-06,0.00108015623824873,0.00533814089961524,2.22683226495423e-05,2.03071369623531e-05,8.89788204878932e-11,8.4627380750543e-06,4.07613030932438e-05,-787.247859065433,0.131310455540241,0.102614271465389,0.93,0.513847691430572
"linear",400,"montoril",188,20.233,98.7163024387088,369.151741156611,120.583302036022,1123.40630200338,211.255126252346,63.8355222223004,1806.01112979493,221.778659008086,4.8789750624578,18.2450324300208,5.95973419838984,55.5234667129629,10.4411172961175,89.2606696878827,0.00309227995137832,0.00271725675240707,2.60094622218834e-06,0.000960764909206643,0.00606031414816169,2.09257091097939e-05,1.92400753145752e-05,6.94144481284473e-11,8.21658447420596e-06,3.76377270067391e-05,-807.543624806241,0.0779972270132486,0.0645623697266877,1,0.512663929846474
"linear",400,"montoril",189,19.814,233.991378087202,953.43525167572,115.178993606185,1132.80701478119,303.111840407362,141.762285353299,2953.04720931604,693.24821892675,11.8093962898558,48.1192718116342,5.81301067962983,57.1720508116073,15.2978621382539,149.038417750885,0.00412726516157421,0.00380659367368478,3.45199081359135e-06,0.00113806115854777,0.00772047662845692,2.37764311580631e-05,2.12005338474731e-05,1.24392030532949e-10,8.15883332381559e-06,4.56334647204716e-05,-804.058274225421,0.0937363620708111,0.0777178264501134,1,0.535946582590608
"linear",400,"montoril",18,19.982,174.159457671577,599.343486888688,198.601552450303,1346.03143745429,259.155176370673,137.910220925716,2073.48895661918,455.641094286486,8.71581711898594,29.9941690966214,9.93902274298383,67.3621978507801,12.9694313067097,103.767838885956,0.00333149932324091,0.00305066233767484,2.09747594905032e-06,0.0010560989333478,0.00616787891960275,2.16165943285532e-05,1.96247909219886e-05,8.80341381472391e-11,8.06898721997091e-06,3.98198990980892e-05,-804.132408045417,0.106407454916066,0.0933646035387793,1,0.506969377551688
"linear",400,"montoril",190,19.893,166.606674699464,870.561739036113,228.573376072009,1180.24196745383,214.838261661264,102.162544913845,1590.60060485475,353.577354473717,8.37514073792107,43.7622148009909,11.4901410582622,59.3295112579214,10.7996914322256,79.9578044967955,0.00284905186640939,0.00254472965333949,1.64041904960784e-06,0.00101443096328309,0.00537281921701196,2.26411815649288e-05,2.05904633962937e-05,9.11310881852483e-11,8.21719280589185e-06,4.14573415240451e-05,-777.872330653705,0.0945250493529322,0.0730402424715092,1,0.498138251307202
"linear",400,"montoril",191,20.579,238.850541603878,1034.11538812468,186.915297839783,1197.45437636894,284.644983990371,75.6746042729088,2709.5863441914,707.590220962894,11.6065183732872,50.2510028730587,9.08281733027763,58.1881712604568,13.8318180664935,131.667541872365,0.00387750098684374,0.00348029876462848,3.45171977154204e-06,0.00103226774790729,0.00758730551465561,2.31411391930562e-05,2.09209566954991e-05,9.94545582193202e-11,8.36219654755375e-06,4.29524485333031e-05,-807.373480338133,0.0961309761590456,0.0769713979507418,1,0.522386571838591
"linear",400,"montoril",192,20.391,192.386751223164,925.616609142279,167.748357177223,1200.15605473893,210.221669535303,52.2588820030418,1826.54507147429,466.297232228646,9.43488554868148,45.3933896886999,8.22658806224427,58.8571455416081,10.3095321237459,89.5760419535233,0.00298073205329168,0.00276554812095685,1.52811820162693e-06,0.00098743725050606,0.00542654492394616,2.11595785798265e-05,1.91883883865805e-05,8.31477166486024e-11,7.72457594375559e-06,3.84132623236718e-05,-802.061714854684,0.09411119382657,0.0703891148659274,0.9825,0.500606288432809
"linear",400,"montoril",193,19.725,162.948723915957,627.780264307147,255.996128900029,1320.23902853591,226.15936491333,52.2925040238598,1821.97880250146,430.320240944376,8.26102529358463,31.8266293691836,12.9782574854261,66.9322701412377,11.4656205279255,92.3690140685149,0.00301007547002678,0.0027657393308584,1.65042495763674e-06,0.000982355089994467,0.00554053094715546,2.21405266261608e-05,2.0185549956961e-05,8.89672708955061e-11,8.11659518304967e-06,4.0633138040623e-05,-792.559082376807,0.0838393134146469,0.0664157989995949,1,0.504891821823099
"linear",400,"montoril",194,20.493,144.566382767075,670.075844317108,233.546119683451,1212.03684448455,195.901329639074,68.2835497004134,1368.45527476616,366.909149135052,7.05442750046725,32.6977916516424,11.396385091663,59.1439440045161,9.55942661587243,66.776717648278,0.00265157781359271,0.00244340805785542,1.21144442961035e-06,0.000969161143637741,0.00486291810814501,2.19869183256001e-05,1.99471601154433e-05,8.58987766853256e-11,8.27052612608583e-06,4.02280024624527e-05,-784.067691242031,0.129678498548961,0.105104152458596,0.9925,0.498279927978189
"linear",400,"montoril",195,20.17,283.04635145257,1304.35912336374,227.219564898468,1010.21247535842,283.194671782223,148.728207023195,2896.22353171867,737.881772902906,14.0330367601671,64.6682758236855,11.2652238422641,50.0849021000706,14.0403902718008,143.59065600985,0.00428757561558043,0.00389252162380258,3.77433478796666e-06,0.00139017836871171,0.00816846997034076,2.3336820137438e-05,2.09867331934175e-05,1.16179112788153e-10,8.01576802321702e-06,4.3957450151319e-05,-793.208655585281,0.112068188453288,0.0901449579337804,0.9975,0.545227775133539
"linear",400,"montoril",196,19.876,141.515661058382,694.8436422527,192.241012889011,1033.17876978911,224.395182541621,84.4610543491986,1811.77055781657,381.505536994167,7.11992659782562,34.958927462905,9.67201715078542,51.9812220662662,11.2897556118747,91.1536807112382,0.00297675737344917,0.00268319560186921,1.75566918644047e-06,0.00100183444209629,0.00568183924858794,2.15400750125275e-05,1.9609670043081e-05,8.1255374472113e-11,7.99660613738355e-06,3.9372544318393e-05,-798.9888605409,0.0833409441568815,0.0673847001260504,0.9975,0.504522016700026
"linear",400,"montoril",197,20.523,178.769409923171,611.552515507778,212.747558751941,1463.60592837012,245.683356616234,97.4661128200117,2302.54969183771,487.710070162276,8.71068605579941,29.7983976761574,10.3662992131726,71.315398741418,11.9711229652699,112.193621392472,0.00346143982581022,0.00312040187462668,2.63143751877732e-06,0.00103548210103432,0.00669449357611256,2.28745272985006e-05,2.09296047859593e-05,9.18957176751866e-11,8.57855540824665e-06,4.18716600059762e-05,-796.127782622951,0.118425156571213,0.0969507756827802,0.9825,0.525737231794411
"linear",400,"montoril",198,20.152,132.057515117319,589.545605015843,349.20412077638,1535.9262763933,215.840516790097,67.9250760477621,1664.97386430329,350.688677941507,6.5530724055835,29.2549426863757,17.328509367625,76.2170641322597,10.7106250888297,82.6207753227121,0.00272316176617664,0.00250990891055536,1.15308709392484e-06,0.0010095289411923,0.00489402684970116,2.22304336907135e-05,2.0174991844932e-05,8.95111460622209e-11,8.24484108804304e-06,4.12144872610589e-05,-788.563295679449,0.105426384794148,0.0853737451145016,1,0.490431064364597
"linear",400,"montoril",199,20.105,154.53698497629,485.489627347008,180.257379562762,1297.50556395167,231.340347394219,79.9058615637691,2014.2431728053,372.099747077732,7.68649514928079,24.147705911316,8.96579853582501,64.536461773274,11.5066076793941,100.186181189023,0.00326601107281899,0.00292717691332135,2.29543651555903e-06,0.00100897045109045,0.00640302908052285,2.20507924325342e-05,2.00566682717715e-05,8.48894310633171e-11,8.040661376219e-06,4.02557915137884e-05,-812.404278551883,0.125832700915992,0.0911000664124195,0.9325,0.515181127416224
"linear",400,"montoril",19,19.89,184.234843168559,797.563223050081,200.59936720468,1231.33236700725,269.247613172186,70.5142772410559,2377.79802089878,607.586366501332,9.26268693657913,40.0987040246396,10.085438270723,61.9071074412896,13.5368332414372,119.547411809894,0.00361176623465039,0.00329891832791385,2.57844733678119e-06,0.00115552173196379,0.0067890361889906,2.38793533433202e-05,2.1484515907665e-05,1.14317605174062e-10,8.18260918682355e-06,4.48986585426662e-05,-789.035187916332,0.0996471581576632,0.083272291091509,1,0.520845881339333
"linear",400,"montoril",1,20.68,158.190732768235,716.663693547441,255.644928450239,1194.13638757138,295.655020804291,98.159690823529,2904.65116177846,429.872465347279,7.64945516287402,34.6549174829517,12.3619404473036,57.7435390508406,14.2966644489502,140.457019428359,0.00406484464901885,0.00367043825360696,3.61714414351466e-06,0.00122837486053758,0.00787816248175846,2.36745643567043e-05,2.12338542371236e-05,1.15215895245303e-10,8.41438034625843e-06,4.47475997773792e-05,-803.65882268305,0.0980676097549994,0.0799352346754928,1,0.538060459976274
"linear",400,"montoril",200,20.117,173.248676820892,560.644794144176,337.797844240392,1211.01731726762,178.187037732822,78.8756347094146,1379.72968851868,411.558377265028,8.61205332906954,27.8692048587849,16.7916609951977,60.198703448209,8.85753530510623,68.5852606511249,0.00243555652715013,0.00226288298982163,8.46667879698047e-07,0.000996426930762106,0.0043212567864364,2.02289952329582e-05,1.85286435848063e-05,6.77249891725872e-11,7.91066360734886e-06,3.64072336063286e-05,-789.920659874377,0.070882794467164,0.057732100898672,1,0.48226428707174
"linear",400,"montoril",20,20.542,115.336316018614,690.538525452631,241.47276569639,1442.26235706149,180.519384772726,33.5947624151618,1358.09999596707,348.415923280212,5.6146585541142,33.615934449062,11.7550757324696,70.2104155905699,8.78781933466683,66.1133285934704,0.00247564984065393,0.00221273675979367,1.29708130923786e-06,0.000868432974176273,0.00468723811944802,1.98205961747601e-05,1.81720775514132e-05,6.36126345542833e-11,7.81150748807578e-06,3.55021554809873e-05,-788.674114490996,0.0670401196169066,0.0548234665261183,1,0.479786797989125
"linear",400,"montoril",21,19.997,240.293265060213,947.698856255257,136.476619339449,1236.29625660124,253.263901861433,65.4015184980743,2465.73478579445,643.597729782542,12.0164657228691,47.3920516205059,6.82485469517674,61.8240864430287,12.6650948573002,123.305235074984,0.00400778828828347,0.00347142180183476,4.20155089125548e-06,0.00118589489263301,0.00825711861129965,2.26216661681296e-05,2.02738442402033e-05,1.06073409999764e-10,7.84941661914009e-06,4.22629820848321e-05,-814.896764659469,0.0914240768340357,0.0753965189515753,1,0.543881636555204
"linear",400,"montoril",22,20.433,155.591399945604,515.123111156099,180.901481428943,1291.03117700884,240.180428805203,87.8578993464403,2012.61181685674,393.527310064378,7.61471149344707,25.2103514489355,8.85339800464653,63.1836331918387,11.7545357414576,98.4981068299683,0.00339045215844108,0.00310756195160074,2.26294357729238e-06,0.00104610490484083,0.0064684670022381,2.24912241536794e-05,2.03116599083073e-05,1.00051818885993e-10,7.88963137046783e-06,4.20276051227643e-05,-789.34967852351,0.101455889232251,0.0716978995183199,0.995,0.527549783685151
"linear",400,"montoril",23,19.916,171.868006912923,1096.0813035559,120.889792453796,1267.00986740951,256.080814030074,85.9537648302397,2331.70760367805,667.819170884297,8.62964485403309,55.0352130727005,6.069983553615,63.6176876586417,12.8580444883548,117.07710402079,0.0037551101060013,0.00333381720416001,3.43759613326176e-06,0.00119884833576002,0.00751932342780605,2.18468369103089e-05,1.99634547051807e-05,8.36313286669013e-11,7.93644761301163e-06,3.98265933515686e-05,-797.453712442235,0.0940081113309889,0.0771380032893739,0.9875,0.530365390905309
"linear",400,"montoril",24,20.007,131.46326401051,501.153277254509,288.751801446842,1525.38030045875,190.481726224814,31.8891062006548,1530.53584809047,347.040324624768,6.57086339833607,25.0488967488633,14.4325386838027,76.242330207365,9.52075404732415,76.5000173984338,0.00265922814327355,0.00247544275154037,1.07765775107825e-06,0.001016785205548,0.00469026624378243,2.1789056942935e-05,1.97803481600785e-05,8.47582075585479e-11,8.32802905493113e-06,4.00827207969613e-05,-782.75160513808,0.0796933036461656,0.060504803428436,1,0.495655026485144
"linear",400,"montoril",25,20.102,89.8721293390713,413.963697117509,252.107927757923,1667.64907391453,215.797434605236,36.6955002170562,1811.80012818117,260.838487360894,4.47080535961951,20.5931597411953,12.541435069044,82.9593609548569,10.7351226049764,90.1303416665591,0.00309825422502371,0.00282479471511307,1.86003598213641e-06,0.000996693864978403,0.00579360243147452,2.10518525156989e-05,1.9142363653327e-05,7.85272314914072e-11,8.07199343755328e-06,3.83367902411036e-05,-787.349275323397,0.129240103576931,0.102684472058019,0.9775,0.514781715619507
"linear",400,"montoril",26,20.537,60.1186926308518,439.65005727666,191.947723864045,1094.80351793705,217.556163912791,35.8470104171602,1676.86724141648,126.9046020458,2.92733566883439,21.4077059588382,9.34643442878927,53.3088337116937,10.5933760487311,81.6510318652422,0.00284537403822717,0.00260637719256681,1.40753127139401e-06,0.00102200122953957,0.00526012019431137,2.16563306901037e-05,1.97909373331694e-05,7.82799331706504e-11,8.36360641019238e-06,3.91572390721635e-05,-779.755220705727,0.125238943640658,0.0994448770096353,1,0.502428038628443
"linear",400,"montoril",27,20.068,78.2910943412414,409.080262056687,246.051294637454,1339.91881106113,208.230713226141,67.9428808160255,1612.35163408697,257.740164484843,3.90129032994027,20.3847051054757,12.2608777475311,66.7689262039628,10.3762563895825,80.3444107079414,0.00296091566899568,0.00270404723571159,1.6310743719999e-06,0.00105597821911196,0.00554575024910733,2.15899145353517e-05,1.96931395186307e-05,8.02563905489233e-11,8.13713150603359e-06,3.9364168410821e-05,-794.670508162076,0.0983569763756098,0.0781117809258926,1,0.509620666916716
"linear",400,"montoril",28,20.65,236.015105025318,939.540795748681,232.363878277955,1148.8517027643,219.511780484179,53.4662163676909,1758.55381216984,407.580877434231,11.4293029067951,45.4983436197909,11.2524880522012,55.6344650249054,10.6301104350692,85.1599909041083,0.00317358608843702,0.00291947194740546,1.81592892482558e-06,0.00105241597912878,0.00577148339031052,2.34186034053516e-05,2.12078112659556e-05,1.01850666392981e-10,8.46847594442929e-06,4.35413553053782e-05,-789.896864263894,0.111132032832428,0.0839053710052005,0.98,0.519977727334669
"linear",400,"montoril",29,20.246,77.5842338398355,232.570449889909,250.965240711231,1160.15699664402,201.594633704525,54.9291760645103,1452.2896852132,164.117789557697,3.83207714313126,11.4872295707749,12.3957937721639,57.3030226535623,9.95725741897286,71.7321784655337,0.00277322906882164,0.00253310226343915,1.37681126854038e-06,0.000985052062976901,0.00505389955164871,2.20998709460692e-05,2.0033089126807e-05,9.36605200887355e-11,8.30915574712e-06,4.04257695317743e-05,-788.474459004526,0.0898163663884349,0.0715371683712692,1,0.499254983275825
"linear",400,"montoril",2,20.038,207.984820745977,744.372447170396,273.555573431608,1085.30665314292,232.623737904046,91.3578961611254,1948.33369861326,539.43799576737,10.379519949395,37.1480410804669,13.6518401752474,54.1624240514485,11.6091295490591,97.2319442366135,0.00317419430842748,0.00287351895184163,1.92107476557555e-06,0.00103839463688568,0.00590385935562058,2.28390639474028e-05,2.06669882350291e-05,9.71928497172041e-11,8.52762743095137e-06,4.21712370603817e-05,-804.308502835864,0.103745788124036,0.0795488419078176,1,0.505475704059236
"linear",400,"montoril",30,20.187,159.473887692747,728.596370881447,307.219436091893,1357.00388808442,199.737615328997,64.0008886511993,1570.0166219972,457.657453811156,7.89983096511355,36.0923550245924,15.2186771730269,67.2216717731423,9.89436842170688,77.7736474957747,0.00280373382374435,0.00256038801054061,1.46787159021851e-06,0.00095638546010446,0.00519082455116315,2.14283490539505e-05,1.95625094971763e-05,7.87294155345441e-11,7.93388341330508e-06,3.918758104512e-05,-809.934470896046,0.0914344010888966,0.0732654024730175,1,0.498404794533685
"linear",400,"montoril",31,20.225,169.532715859616,620.197902316509,238.176748849789,1452.62688946147,228.073854334129,122.018293249062,2020.86509026086,450.047928743912,8.38233452952366,30.6649148240548,11.776353465997,71.8233319882063,11.2768283972375,99.9191639189546,0.00309460732088871,0.00283928318825537,1.82535037651697e-06,0.00101511803017174,0.00562599000536418,2.14683503734367e-05,1.94143845461703e-05,8.77608131055798e-11,7.77883596593322e-06,3.97244960774586e-05,-808.940200218799,0.0982599830630097,0.0774917477570607,0.965,0.504349109847933
"linear",400,"montoril",32,19.838,182.378646701636,625.818984047948,178.757187213478,1706.14118575906,224.793394509453,94.986274496804,1934.56194073222,462.882205911951,9.19339886589555,31.5464756552046,9.01084722318165,86.0036891702319,11.3314545069792,97.5179927781139,0.00299354192337465,0.00269515054711524,1.90735482153659e-06,0.000966881978665781,0.00564657694434319,2.06374660409207e-05,1.88352406942836e-05,7.1930115141786e-11,8.0405740130631e-06,3.73325026379147e-05,-824.887185237095,0.0817300854492368,0.0652364036649426,1,0.503333656950478
"linear",400,"montoril",33,19.966,165.932590683631,637.781696474477,179.4387677172,1228.41341499139,253.276529830834,59.9200698982618,2430.07593666684,437.011457157193,8.31075782247978,31.9433885843172,8.98721665417209,61.525263697856,12.6853916573592,121.710705031896,0.00371181562386389,0.00336374344776851,3.09786027549985e-06,0.00113009208957792,0.00722969412405772,2.32244019440527e-05,2.09037942036269e-05,1.08730248256999e-10,8.11474400764114e-06,4.38417171162521e-05,-801.289054621482,0.115364304066368,0.0871264373082884,0.965,0.532920257452759
"linear",400,"montoril",34,20.082,144.088757261017,534.716720856384,380.215179983322,1281.74430904467,195.398234618652,39.4224579300056,1539.6480652421,349.829846043638,7.17502027990323,26.626666709311,18.9331331532378,63.8255307760515,9.73001865444934,76.6680641988898,0.00270227994778814,0.00249720941759624,1.14549109078795e-06,0.00102017507590721,0.00482152906626093,2.1425739454676e-05,1.94565024002669e-05,8.18567341856088e-11,7.90160546035177e-06,3.9217633433425e-05,-807.371168681455,0.103993129372299,0.0773105965778273,0.95,0.491073078116354
"linear",400,"montoril",35,20.068,179.841913908038,597.38545851584,252.335801151798,1000.18835799313,181.769344677723,43.299913720223,1411.87321115402,166.545415263943,8.96162616643602,29.7680615166354,12.5740383272771,49.8399620287587,9.05767115196945,70.3544554093092,0.00285398664091771,0.00258989072485171,1.64094413668087e-06,0.000931221637299586,0.0053820112890151,2.10623470408775e-05,1.92416782163271e-05,7.74718189990655e-11,8.31007369371618e-06,3.843868999495e-05,-779.000068735134,0.106732438519056,0.0855493993691655,1,0.51066362634628
"linear",400,"montoril",36,19.885,235.188964120023,905.047224462778,256.508255637348,1164.24092643066,203.524034139792,42.3663437907482,1662.80931041141,501.775463473757,11.8274560784523,45.5140671090157,12.8995853979053,58.5487013543201,10.2350532632533,83.6212879261457,0.00308792582934622,0.00279622165667439,1.83777458319514e-06,0.00108142039854309,0.00583637176822734,2.24856288844593e-05,2.04208137543547e-05,9.29207896596626e-11,8.29652813079569e-06,4.18178786910098e-05,-801.363921832491,0.130107744221664,0.110050969892523,1,0.504933318554898
"linear",400,"montoril",37,20.259,152.143789488806,682.862217744973,268.202955841212,1083.6638617875,203.310142689919,71.7707496136332,1539.71857928985,427.625959597081,7.50993580575577,33.70661028407,13.2387065423373,53.4904912279727,10.035546803392,76.0017068606471,0.00301546630449441,0.00275386019411134,1.66931128288292e-06,0.00104253794757397,0.0055802303724567,2.23270756398261e-05,2.02100693918296e-05,9.6871339728051e-11,8.06942289407715e-06,4.15527167619592e-05,-783.378330079459,0.104266871822933,0.0798550433856905,0.9875,0.514041152808501
"linear",400,"montoril",38,20.208,153.127062477638,635.0053167594,195.1020355038,910.47269502186,226.188175246795,61.4235393021357,1791.03942958842,421.745586253983,7.57754663883799,31.4234618348872,9.65469296831947,45.0550621051989,11.1930015462586,88.6302172203298,0.00310010593002306,0.00281826381860193,1.76377250554573e-06,0.00107795643365095,0.00579162876537427,2.14049681299032e-05,1.93118655187669e-05,8.87252186462401e-11,8.01012036348052e-06,3.96303232946562e-05,-799.713587413599,0.126443158542246,0.108426503109993,1,0.50833218076293
"linear",400,"montoril",39,19.943,251.722986333537,1043.68446618006,236.137328599216,1222.28369444812,247.028033612924,80.9343475857621,2308.05149808377,699.272708496745,12.6221223654183,52.3333734232592,11.8406121746586,61.2888579676138,12.3867037864375,115.732412279184,0.00351841531352372,0.00322722132117263,2.32912821236785e-06,0.00120248994621811,0.00649881147493056,2.29531448037802e-05,2.05567117469928e-05,1.05802875276672e-10,8.47931637040479e-06,4.30568423777104e-05,-783.297662997834,0.0958176469520255,0.0766779257280368,1,0.52374746539158
"linear",400,"montoril",3,20.442,138.46829925001,843.599212501119,243.059513982676,1520.45447348999,256.465494216189,114.987515621832,2321.38796576409,550.789475505288,6.77371584238381,41.267939169412,11.890202229854,74.378948903727,12.5460079354363,113.559728292931,0.00344691393691263,0.00314674769744903,2.2138186443121e-06,0.00117612980632316,0.0064605350808789,2.25575732283997e-05,2.04754484654122e-05,9.57809630217824e-11,8.32503946924691e-06,4.17459152683377e-05,-834.391546447343,0.0899732493420213,0.071537481076577,1,0.512642905492266
"linear",400,"montoril",40,19.856,178.544527840517,635.238221982639,250.802571710179,1067.05585921867,217.876320230727,46.2704597467447,1723.20712093769,274.164899262927,8.99196856569889,31.9922553375624,12.631072306113,53.7397189372819,10.9728203178247,86.7852095556855,0.00299024539908941,0.00270644455165221,1.74176900943003e-06,0.000961661441378045,0.00566536947674178,2.15960478356385e-05,1.96281313380909e-05,8.27654761289093e-11,8.18410617007845e-06,3.97014172328917e-05,-793.658983860536,0.0810029175934384,0.0641221467762133,0.9925,0.50959810692396
"linear",400,"montoril",41,20.76,122.486694151971,464.082721891085,242.789020664395,1458.18000076699,214.368327091448,45.936126890876,1670.31231629114,316.892127484966,5.90012977610649,22.3546590506303,11.6950395310402,70.2398844300093,10.3260273165437,80.4582040602669,0.00291319785152976,0.00260801905912604,1.85138976492185e-06,0.000966744900938294,0.00567083986865664,2.08138095423582e-05,1.89548511757019e-05,7.79587525963215e-11,7.9688402767455e-06,3.81941307705059e-05,-812.795478737337,0.0787377965277897,0.0629352891532299,1,0.49437456208586
"linear",400,"montoril",42,20.163,125.404859157234,613.291955459949,253.86613892119,1312.98087580778,216.334107784905,23.3021632321918,1690.10794635631,377.320642340037,6.21955359605385,30.4167016545132,12.5906927997416,65.1183294057325,10.7292619047218,83.8222460128109,0.00274264388800071,0.00255406129277856,1.17076138982006e-06,0.000960016248663983,0.0048759648053345,2.16443429914764e-05,1.97684744828185e-05,8.26073032630419e-11,8.04168990762087e-06,3.95547825868718e-05,-799.4786816164,0.120193284216212,0.0936672325845002,0.9525,0.487848070079735
"linear",400,"montoril",43,20.086,215.499264417933,864.827621126295,201.521443610828,1053.79438645009,192.652545499477,13.7554735471137,1446.59109364697,62.0802461988883,10.7288292550997,43.0562392276359,10.0329305790515,52.4641235910627,9.5913843223876,72.0198692445965,0.00263085546671336,0.00237983810513453,1.39323057521674e-06,0.000860936532021442,0.00494888456656279,2.06892848310183e-05,1.88910757775446e-05,7.25173871222666e-11,7.89506310374805e-06,3.76060898210862e-05,-793.720958752552,0.105359714796559,0.0857558946857364,0.995,0.488695770791758
"linear",400,"montoril",44,20.424,180.206784601309,821.671168990236,230.6045213797,1410.16103114364,191.500403421481,71.4116449475771,1577.69538951126,303.293269844563,8.82328557585729,40.2306682819348,11.2908598403691,69.0443121398176,9.37624380246185,77.2471303129289,0.0029138683387499,0.00264891629452261,1.55455173014456e-06,0.0010607623847589,0.00552388958530714,2.25821625082355e-05,2.0590732989756e-05,9.05987231093506e-11,8.33553563125649e-06,4.12108331311779e-05,-785.257121511116,0.101368523700299,0.0756282597522628,0.9575,0.507131497066964
"linear",400,"montoril",45,20.392,173.168818705816,562.601844664112,253.538846297187,1227.39859411827,207.577550093907,106.753573623941,1594.32652227592,404.448567346478,8.49199777882581,27.5893411467297,12.4332506030397,60.1902017515823,10.1793620093128,78.1839212571559,0.0028947949726599,0.00268336354360178,1.40893284480711e-06,0.00103191453237806,0.00521882975841073,2.1979115073422e-05,1.99438847099036e-05,9.26369417518657e-11,8.14517342827807e-06,4.0699609215978e-05,-781.520846058119,0.101496514003336,0.0773780698667816,0.975,0.501193376942205
"linear",400,"montoril",46,20.503,129.698589690843,352.337079883226,212.261847426149,1311.47433989651,208.119679049355,72.4043439456819,1636.01641606599,265.673206935356,6.32583474081075,17.1846598001866,10.3527214274082,63.964997312418,10.1506939984078,79.7940016615124,0.00303888246662785,0.00275409053525734,1.8371951751843e-06,0.0010088307519807,0.00568349315387221,2.22094806693682e-05,2.01112084351424e-05,9.04810859562776e-11,8.48986580088515e-06,4.10026218536925e-05,-813.395413898509,0.0855477867279969,0.0626220494128605,1,0.516450673976875
"linear",400,"montoril",47,20.495,175.773436714983,585.360128783467,279.064686659388,1220.97541416576,194.391076472429,53.8159866789849,1503.97338090267,444.189132908332,8.57640579238755,28.5611187501082,13.6162325766962,59.5743066194566,9.48480490228976,73.3824533253315,0.00270667997789421,0.00247779246573776,1.27033568082137e-06,0.00099579648030862,0.00494723436532259,2.05327153577701e-05,1.87706916234621e-05,7.0048455107801e-11,7.79226750913387e-06,3.71889345240766e-05,-807.045404173171,0.0706365906800053,0.0538475379983534,1,0.49978694490194
"linear",400,"montoril",48,20.302,142.567177965244,613.243473657509,199.040503461196,1229.65019844512,185.421779336205,23.9210658489696,1412.90038662224,448.252524892029,7.02232183850085,30.2060621444936,9.80398499956633,60.5679341170878,9.1331779793225,69.5941477008297,0.00257914695117974,0.00235693125790788,1.15513439370935e-06,0.000950495157469006,0.00469815776112063,1.99620668686749e-05,1.83188225734769e-05,6.33011349313313e-11,7.75856602351045e-06,3.55678437943569e-05,-807.529480066104,0.0818255370368036,0.0665879289124575,1,0.492125436968932
"linear",400,"montoril",49,20.573,129.858406714039,555.850796489044,281.859623783875,994.593155428023,234.164175823359,54.9115095524663,1847.9182765453,400.121938089443,6.31207926476639,27.0184609191194,13.7004629263537,48.3445853996997,11.3821113023555,89.8224992244838,0.00328087327826357,0.00301337743721542,2.02568504540409e-06,0.0010824960541147,0.00607813950471825,2.49418313423375e-05,2.26562683039705e-05,1.10229906426175e-10,9.21540237315115e-06,4.59400148006666e-05,-787.293282689586,0.126511880379415,0.0974728005508192,0.985,0.52226471477172
"linear",400,"montoril",4,20.194,133.706153199309,466.895382557397,262.280015319499,1229.21683078547,220.400567869387,12.7317225818007,1708.26127163328,320.664821387936,6.62108315337767,23.1205002752004,12.9880170010646,60.8703986721536,10.9141610314641,84.5925161747686,0.00286133154633741,0.00265484195493274,1.3819496136254e-06,0.000982617166638081,0.00514331173737977,2.15680215637802e-05,1.9676195564056e-05,8.35574401494221e-11,8.11787375095513e-06,3.88470876640431e-05,-799.962703941577,0.0878040053044573,0.068806961855485,1,0.497097870966632
"linear",400,"montoril",50,21.984,170.358792317202,661.602640801821,247.342726967133,779.192674793685,188.740494041134,15.1939550748656,1512.36189658047,425.288335774388,7.74921726333705,30.0947343887291,11.2510337958121,35.4436260368306,8.58535726169639,68.7937543932163,0.00279133319648412,0.00256872037446031,1.27124229042533e-06,0.00107835831932679,0.00511287935229707,2.2088449034593e-05,2.00739573188298e-05,8.7895193087211e-11,8.12845353584514e-06,4.04909420746175e-05,-780.290954077514,0.108250230970327,0.0814685367512712,0.965,0.505928726377465
"linear",400,"montoril",51,20.296,168.416730340608,658.731494078705,191.906757149428,1235.43290320681,276.118242318752,85.8487554507924,2274.43368152438,508.569527277774,8.29802573613558,32.4562226093174,9.45539796755161,60.8707579427872,13.6045645604431,112.06314946415,0.00355886285448197,0.00318242222983016,3.08650358277862e-06,0.00110799665102828,0.00685017940488972,2.29657179486052e-05,2.06821130461759e-05,1.06564321954957e-10,8.44042560860815e-06,4.31928247312874e-05,-809.387002100058,0.103325567744491,0.0813045803578339,0.975,0.520507511674829
"linear",400,"montoril",52,20.102,72.2146650825812,391.312730135797,282.11106103067,1030.83330960452,183.245766273864,18.2281815890864,1347.03737046697,125.049693509377,3.59241195316791,19.4663580805789,14.0339797547841,51.2801367826347,9.11579774519272,67.0101169270206,0.00284504250341524,0.00260956710492237,1.42328657392438e-06,0.000993262591296977,0.00525376196554048,2.30870644037629e-05,2.11362349365823e-05,8.93908744138407e-11,8.59684273344383e-06,4.16386495046452e-05,-783.569665781112,0.136431225790263,0.110526123003769,0.9325,0.513275612560847
"linear",400,"montoril",53,20.67,214.754375337291,804.409374633952,198.33847218427,1184.82966554769,270.558228088148,97.4059420309566,2278.12649119387,543.64562909905,10.3896649897093,38.9167573601331,9.59547519033718,57.321222329351,13.0894159694315,110.214150517362,0.00381109590399055,0.00343910260426056,3.13849055791296e-06,0.00108507198174005,0.00729816181739997,2.44962346928996e-05,2.18847986220369e-05,1.28630172834053e-10,8.59291521857317e-06,4.65721876004914e-05,-797.171434468833,0.110691940066584,0.0915002732264507,1,0.543037832725481
"linear",400,"montoril",54,19.807,85.126974283243,516.887136119291,301.956227710515,1339.2594801681,185.627417482327,53.8074521517851,1468.31336266542,309.395658517559,4.2978227032485,26.0961849911289,15.2449249109161,67.6154632285605,9.3718088293193,74.1310325978403,0.00280228147897985,0.00257336106070026,1.39038733644108e-06,0.000964387217771149,0.00510312024415673,2.21120923058781e-05,1.98992451651581e-05,9.83805651733445e-11,8.21231685594408e-06,4.14554392162464e-05,-783.678482000968,0.0848709678304148,0.07122179763183,1,0.504563166196524
"linear",400,"montoril",55,20.135,124.11992459098,672.784120586646,162.30393253617,1079.65832866473,195.25864674288,94.6597184049567,1617.57231385887,390.0554273061,6.1643866198649,33.4136637986911,8.06078631915421,53.6209748529788,9.69747438504495,80.3363453617514,0.00291516904994768,0.00263993006418614,1.78591810311584e-06,0.000896616423480451,0.00555789114813139,2.1743031148476e-05,1.96909710938786e-05,8.92351999059711e-11,8.40830528357253e-06,4.01792880346642e-05,-781.141242658878,0.11700716523023,0.0967670298149658,0.99,0.500868904818788
"linear",400,"montoril",56,20.298,154.457272933676,843.034880547026,189.711209116417,1397.93695647216,247.561719599349,98.2300442899928,2165.63585422662,567.473490222044,7.60948235952683,41.5329037613078,9.34630057722027,68.8706747695419,12.1963602127968,106.69208070877,0.00338240660946624,0.00297145949450982,2.88707315309081e-06,0.000959719108204577,0.00677791488140924,2.21282580846433e-05,1.9936031979191e-05,9.75453865822809e-11,8.00462908810201e-06,4.09156126117738e-05,-799.963136424163,0.0921353314531487,0.0747351155923036,1,0.514306606285393
"linear",400,"montoril",57,20.001,175.529534866136,673.237928065975,182.257933845029,1235.31736840455,235.775574004512,97.7520815384979,2004.62395252218,468.800679317545,8.77603794140975,33.6602133926291,9.11244107019792,61.7627802812136,11.7881892907611,100.226186316793,0.00304732758920416,0.00277098048236025,1.88596312522012e-06,0.00101615142562398,0.00575666882190637,2.11092646535831e-05,1.92411612208934e-05,7.72082448488315e-11,7.83262754831639e-06,3.85801408486464e-05,-804.44722730793,0.0823858704127691,0.0647871026226418,1,0.498621767698482
"linear",400,"montoril",58,20.696,170.288493299452,791.537610746557,269.095119271068,1003.09394562824,216.379332765529,43.2748300476132,1652.86489012606,396.304903872854,8.22808722938982,38.2459224365364,13.0022767332368,48.4680105154736,10.4551281776927,79.8639780694851,0.00306430084841629,0.00280766089353192,1.73367670278134e-06,0.00101030412894349,0.00565309123098244,2.29349691634419e-05,2.07468061519782e-05,1.04406007957921e-10,8.34702504372412e-06,4.20944062705415e-05,-781.481396023701,0.119983312307073,0.10182254221465,0.9975,0.518468625494778
"linear",400,"montoril",59,20.114,199.760123486298,1270.20615081059,212.326699329409,1011.13126066192,272.532610901874,114.841582055721,2660.39810689635,583.603529625952,9.93139721021668,63.1503505424374,10.5561648269568,50.270023896884,13.5493989709592,132.265989206341,0.00406538199301546,0.00360075295139064,3.53669776618469e-06,0.0013540519399747,0.00791090704644911,2.33227944951472e-05,2.11856374383727e-05,1.02943230859694e-10,8.33626133490817e-06,4.28174691070069e-05,-804.815992990024,0.106409908616552,0.0831992841393567,1,0.54039059184981
"linear",400,"montoril",5,20.202,116.47401068845,600.781687074824,235.584326269913,1252.02454774657,205.931312491868,50.2082135200387,1641.63351000109,388.95508104207,5.76546929454757,29.7387232489271,11.6614358117965,61.9752770887323,10.1936101619576,81.2609400059942,0.00287611027613429,0.00259856622512978,1.54560599070678e-06,0.00102399246075758,0.0054152983153795,2.05841405450417e-05,1.87887043196939e-05,7.36181140641777e-11,7.9449971201846e-06,3.72392589685988e-05,-804.159722105835,0.0791283028952851,0.0685217588926782,1,0.502384808460512
"linear",400,"montoril",60,20.052,162.145390686184,625.219701392,239.537533227841,1133.70423272962,211.310171167478,48.4203673907535,1614.73538756147,397.720548492295,8.08624529653819,31.1799172846599,11.945817535799,56.5382122845413,10.5381094737422,80.527398142902,0.00292757408172618,0.00265417445478324,1.66782263315287e-06,0.00102037662641054,0.00544245976401366,2.09721527508751e-05,1.9140630309706e-05,7.71696778161558e-11,8.0894123756017e-06,3.83627950419336e-05,-780.315480748757,0.0971133975856531,0.0812533783585129,1,0.500652525672702
"linear",400,"montoril",61,20.72,121.478642479406,318.924240235779,209.227758119156,1472.67587015296,204.385700491165,74.1575516323159,1650.83483184829,234.520305904452,5.86286884553116,15.3920965364758,10.0978647740906,71.0750902583473,9.86417473412957,79.6734957455741,0.00286482511127746,0.00258907580672762,1.59976769680659e-06,0.00102544650760162,0.00540088348121942,2.23878703830089e-05,2.05583052383374e-05,8.10612305302319e-11,8.56079243547687e-06,4.01671153848262e-05,-792.315263193191,0.12469969763971,0.106504741066724,0.9975,0.508572568133187
"linear",400,"montoril",62,20.425,107.791514790303,266.672604446966,197.97717312174,1298.04369370922,218.134506238271,96.2624788070537,1857.55018979656,179.152665941954,5.27743034469045,13.0561862642333,9.69288485296154,63.5517108303169,10.6797799871858,90.9449297330017,0.00309366721026322,0.00283409558020842,1.89520690303562e-06,0.0010539253083276,0.00566072837387682,2.05449868545102e-05,1.87229633807131e-05,7.07548878010305e-11,7.87742203369883e-06,3.69139008055458e-05,-808.897087169765,0.0862501744534417,0.0646620821456935,0.99,0.50722211104896
"linear",400,"montoril",63,20.201,62.5185076354988,313.600920161662,228.595793256632,1234.0396618996,212.523324822588,25.6653068704449,1715.91284131147,170.7819405606,3.09482241648922,15.5240295114926,11.3160632273963,61.0880482104649,10.5204358607291,84.9419752146659,0.00320401692232911,0.00295147372607659,1.7617800458619e-06,0.00106791174659811,0.00586470698579265,2.14758729465795e-05,1.95134599097624e-05,8.33591147666013e-11,7.74098698938684e-06,3.9212838635063e-05,-776.413814330123,0.10316923719071,0.0820571706969032,0.9875,0.521574155244062
"linear",400,"montoril",64,19.852,130.36478312382,564.437362560481,174.875232805375,1402.09346190013,207.077569095008,89.5854087112,1596.06979476225,388.016581089594,6.56683372576164,28.4322669031071,8.80894785439123,70.6273152276913,10.431068360619,80.3984381806494,0.00264436987340153,0.00241700810621102,1.27006295302503e-06,0.000997800940737483,0.00486889344250147,2.02187928776892e-05,1.86055622956677e-05,6.51535767468807e-11,8.01403021178641e-06,3.58489706967525e-05,-785.589734894748,0.0818115742925582,0.0689033791899266,1,0.480450066808619
"linear",400,"montoril",65,20.024,151.620919637226,696.306640559921,268.498169744833,1287.54259390768,199.89761341673,64.5292353402343,1580.54085233701,415.88996046612,7.57195963030495,34.7736037035518,13.4088179057547,64.2999697317059,9.98290118940921,78.9323238282568,0.00263114486685376,0.00237587803902314,1.29926009450623e-06,0.000929713583082266,0.00495418324146467,2.03457725503811e-05,1.86325868383333e-05,6.83120123463008e-11,7.97641021014167e-06,3.68057739795507e-05,-796.350096745368,0.10194689454711,0.0790129039696784,0.9925,0.488655079995625
"linear",400,"montoril",66,20.492,208.678402652106,1060.33486065505,151.528720925481,1381.09666173527,203.443348058399,22.5568123394427,1688.08337917056,387.515505911507,10.1834082887032,51.7438444590595,7.39453059366977,67.3968700827281,9.92794007702514,82.377678077814,0.00296551360188791,0.00270155506988708,1.62060638418474e-06,0.000976185904297157,0.00550307763615417,2.16659155768448e-05,1.96030369989319e-05,8.52772427057017e-11,8.2075909583817e-06,3.99645956380449e-05,-798.547478867711,0.0933276286452329,0.0730641201980889,1,0.502577634733054
"linear",400,"montoril",67,19.909,232.588630313727,871.531425171092,183.556024896257,1528.54839581743,237.384340504078,102.870001659024,2015.09667974909,669.670820112431,11.682587287846,43.7757509252646,9.21975111237414,76.7767540216699,11.9234688082816,101.215363893169,0.00314687982101888,0.00289585896505673,1.76818425938741e-06,0.00103023692467102,0.00580005250875928,2.15305598043413e-05,1.97855869688256e-05,7.83324271417899e-11,8.27333592936419e-06,3.87375987135561e-05,-811.790797205093,0.0903010739404717,0.0716298992541377,1,0.505853590413569
"linear",400,"montoril",68,20.046,98.7648860031316,395.168737357059,275.115768147832,944.762692197098,190.411763669078,77.9122639864677,1430.77726596393,251.153834129636,4.92691240163283,19.7130967453387,13.7242226951926,47.1297362165568,9.49874107897227,71.3747014847817,0.00257836685011759,0.00234740084910157,1.24384856795002e-06,0.00091596009170277,0.0047448234985303,2.0356380773414e-05,1.8679989500875e-05,6.74659598472965e-11,7.95775107677388e-06,3.60827483660726e-05,-812.030059569477,0.0972541179586628,0.0745038884649632,1,0.485742647166721
"linear",400,"montoril",69,20.272,194.746525095932,597.1087770446,242.965992741034,1196.17478790022,195.645268022969,36.2541228191103,1572.06745307753,245.963067873147,9.606675468426,29.4548528534235,11.985299562995,59.006254336041,9.65100966964132,77.5487101952215,0.00298346896846931,0.00272552372540946,1.66246314619198e-06,0.00104503515904517,0.00552214397944077,2.25615305989176e-05,2.06367757915074e-05,8.7793551703205e-11,8.53673251223375e-06,4.1221013131123e-05,-785.168054825442,0.119814769954012,0.0906220494322347,0.9575,0.512124458692215
"linear",400,"montoril",6,20.094,83.9241531327307,308.822105731777,83.1187173170107,761.954424183485,255.73492253541,64.657849860948,2202.29986806407,215.816866901235,4.17657774125265,15.3688715901153,4.13649434244106,37.9194995612364,12.7269295578486,109.599873995425,0.00402838677445767,0.0035521883483493,4.56193941730827e-06,0.00104575901564848,0.00814599653776917,2.49863281381309e-05,2.21920694125259e-05,1.52468456967115e-10,8.48324180578639e-06,4.85164446207774e-05,-788.330269347133,0.136738163282042,0.108865101520535,0.985,0.552455357406172
"linear",400,"montoril",70,20.434,191.31540164351,712.069368974214,211.494939693044,1064.37642731303,191.297587592617,13.2391496501256,1551.634892849,250.286288179058,9.36260162687238,34.8472824201925,10.3501487566332,52.0885008962037,9.36172984205818,75.9339773342959,0.00280950442951207,0.00256996725114043,1.36962033914072e-06,0.00101263269568127,0.00522079839320133,2.20321154081252e-05,2.00759449573967e-05,8.69550797380557e-11,8.31406970019396e-06,4.03763587225776e-05,-792.052472244505,0.090999156347422,0.0720979285937314,1,0.501671963067027
"linear",400,"montoril",71,20.304,169.213621673954,764.750452797127,227.423126319474,1143.87489498266,240.123029076662,64.4748179490834,1944.26417535367,437.478171141537,8.33400421956038,37.6650144206623,11.2009025965068,56.3374160255446,11.8263903209546,95.7576918515401,0.00306680528045371,0.00279821957031413,1.77868221980214e-06,0.00104302032921762,0.00567347465414418,2.25885610885279e-05,2.05223835260103e-05,9.36132445379857e-11,8.44770570239783e-06,4.16780712099286e-05,-804.34779011857,0.10802952425182,0.089625966631406,1,0.499492903047675
"linear",400,"montoril",72,19.65,176.956444398825,611.216521370886,213.795765178759,1266.44746676396,196.13961679954,100.500909949444,1586.32148630824,438.773704501086,9.00541701775189,31.1051664819789,10.8801916121506,64.4502527615246,9.98165988801732,80.7288288197577,0.00283999517979678,0.00257436525369895,1.53860048904706e-06,0.000990618729804882,0.00528956789364632,2.08883297159289e-05,1.91786862104353e-05,7.11655234834487e-11,8.06631615081874e-06,3.72941510876459e-05,-840.998626882096,0.0792751298007148,0.0653434298307902,1,0.497741492237904
"linear",400,"montoril",73,22.83,113.060266459112,578.716331293681,245.038211331381,895.090703713365,198.359675034537,61.2626652166086,1494.21108835513,370.087268047402,4.95226747521299,25.3489413619659,10.7331673820141,39.2067763343568,8.68855343997094,65.4494563449465,0.0027546741025159,0.00250012903926089,1.39237892583988e-06,0.000992949996276974,0.00509895947503682,2.16952548697507e-05,1.9728042173724e-05,8.3394464664964e-11,8.01720612207572e-06,3.98524427773174e-05,-777.106659423215,0.099769631121963,0.082000928466123,1,0.501988975896236
"linear",400,"montoril",74,23.141,158.480737800854,817.128741191586,260.210681287115,1078.2079116838,244.607203762418,114.434149414963,2226.92086990715,488.32220540462,6.84848268444983,35.3108656147784,11.2445737559792,46.5929696937816,10.5702953097281,96.2326982372043,0.00329524947615184,0.0029832946660905,2.11318059751218e-06,0.00111331546816737,0.00620145823301274,2.12618128709973e-05,1.93643565809878e-05,7.89057959122712e-11,8.25579752838713e-06,3.90573488549712e-05,-801.250639480006,0.104528855715327,0.082382095300712,0.9975,0.509410745921029
"linear",400,"montoril",75,19.969,114.91665188172,444.247394903117,223.615644588429,1112.31881756444,220.029366443135,100.675712642755,1673.26331863676,338.017529740433,5.75475246039962,22.2468523663236,11.1981393454068,55.7022794113098,11.0185470701154,83.7930451518231,0.00279309604204633,0.00253245864285013,1.46552330025048e-06,0.000999657533877874,0.0052333291758955,2.12106712763675e-05,1.91323368997593e-05,8.33875280495402e-11,7.88201329628992e-06,3.98056800467491e-05,-800.168830142124,0.0827697324534077,0.0610538486503828,1,0.488975588449223
"linear",400,"montoril",76,19.83,128.402801903051,445.016321669515,186.516709242757,1128.28837934405,221.238623178526,41.4781376840135,1667.19040928018,318.019425198982,6.47517911765259,22.4415694235761,9.40578463150564,56.8980524127107,11.1567636499509,84.0741507453442,0.00314529898250878,0.00287510003858308,1.86976295212223e-06,0.000988408670142191,0.00587279692953807,2.36084174902601e-05,2.13938579597717e-05,1.06400457365973e-10,8.50444477319653e-06,4.36461008344732e-05,-770.681515315216,0.114554125455486,0.0924306842212926,1,0.515592109265904
"linear",400,"montoril",77,20.097,161.718593398311,730.850268853085,213.663720970739,1038.58777602771,246.476686364573,54.9432868895152,2123.20411455533,529.062088989576,8.0469021942733,36.3661376749309,10.631622678546,51.6787468790221,12.2643522100101,105.647813830688,0.00330897584277414,0.00294117385485288,2.50098691982684e-06,0.00103976735722763,0.00651022442234959,2.33631309938011e-05,2.11429972623761e-05,1.01322893796129e-10,8.62572135771846e-06,4.36315786892665e-05,-780.192358107491,0.113723271375618,0.0940022647922101,0.9775,0.509360935652174
"linear",400,"montoril",78,19.635,130.879750665016,581.878811497763,287.050156454803,1289.52230800933,216.333927679208,93.7476041806289,1885.4877618433,421.041085672095,6.66563537891601,29.6347752227025,14.6193102345201,65.6746782790593,11.0177706992212,96.0268786271096,0.00311684574728422,0.00284970830844159,1.83894925235896e-06,0.00100938431230681,0.00574984063086044,2.24371929275948e-05,2.0382219393478e-05,9.38815220849022e-11,7.97957667193826e-06,4.13661830734328e-05,-785.113543153287,0.102257401803242,0.0796560882430435,0.9975,0.513248502357402
"linear",400,"montoril",79,19.902,139.522986129782,374.778040912588,197.48896757706,989.856019058838,212.917186054259,80.2874457749167,1707.82161014508,298.854647142352,7.01050076021412,18.83117480216,9.92307142885438,49.7365098512129,10.6982808790202,85.8115571372264,0.00297523977872227,0.00270024403764491,1.82755658002518e-06,0.000970169051724984,0.0055495144352598,2.17402784331938e-05,1.97543981040587e-05,7.98242165463804e-11,8.39889519122639e-06,3.95805720742542e-05,-798.205215147816,0.119108343810505,0.0929780501467101,0.9925,0.508061044351409
"linear",400,"montoril",7,19.975,139.458817151178,547.390852913309,235.333907046981,1204.43711449927,196.126189557299,47.7544581624145,1567.40947731394,383.509040108424,6.98166794248702,27.4037973924059,11.7814221300116,60.2972272590373,9.81858270624777,78.4685595651532,0.0029263364826592,0.00265962900214298,1.76555535720822e-06,0.000941945906284376,0.00559159743598548,2.28732036933986e-05,2.07207287475354e-05,9.73425798825228e-11,8.4567501657869e-06,4.21205832063516e-05,-786.884219373853,0.117154602306422,0.0923475925444553,0.9875,0.503517830877585
"linear",400,"montoril",80,20.5,101.319572730906,548.407375277068,308.881513507366,866.971169201014,206.864786743451,74.7337127971926,1657.87032520222,322.014939071908,4.94241818199543,26.7515792818082,15.0673909027983,42.2912765463909,10.0909652069976,80.8717231805961,0.00284374890008688,0.00258750782344384,1.48100431068005e-06,0.000992549579564716,0.00527592805602281,2.12310522588741e-05,1.93483538712847e-05,8.05148561010295e-11,8.02314259852955e-06,3.89816540287703e-05,-794.052574661772,0.10069789213822,0.0810787664749659,1,0.49746002453784
"linear",400,"montoril",81,20.004,95.2431127918589,525.956316962693,181.061610182217,1654.39807825466,217.721907026634,62.6724500700728,1699.02755925966,128.66571598546,4.76120339891316,26.2925573366673,9.05127025505982,82.703363240085,10.8839185676182,84.9343910847662,0.00307894432655285,0.00274715491437808,2.05210935121298e-06,0.00102539259268202,0.00597325935360796,2.260566847567e-05,2.07346173236093e-05,8.42926215552179e-11,8.3659590190007e-06,4.07606276652056e-05,-782.242608463324,0.166392415136921,0.126011398413885,0.8775,0.520326443107522
"linear",400,"montoril",82,21.042,118.83514751611,535.939583987659,218.298973028829,1087.37232748094,200.975984794882,78.012051933072,1606.33982267089,345.337438431798,5.64752150537546,25.4699925856696,10.3744403112265,51.676282077794,9.55118262498249,76.3396931218938,0.00299237482618754,0.0027690373467954,1.48509927951786e-06,0.00104358112472792,0.00545734331390667,2.1999950539225e-05,1.99875186698948e-05,8.83719225369962e-11,8.07625869282286e-06,4.03341994846591e-05,-784.111257915113,0.103903680612761,0.0811145390090854,0.985,0.517248415084119
"linear",400,"montoril",83,20.263,185.806905488138,876.572959422428,218.263103672363,1225.50728656173,246.835135610557,100.548284938634,1979.40581665472,569.140178641173,9.16976289237218,43.2597818399264,10.7715098293621,60.4800516489033,12.1815691462546,97.6857235678193,0.00329574026409434,0.0030014805696655,2.27010967914944e-06,0.000989265628703085,0.00625567743777746,2.29275093103642e-05,2.07445548006707e-05,9.90671027647964e-11,8.55314082452254e-06,4.2679740939179e-05,-785.452824104592,0.111682979440853,0.0919999278263785,1,0.508077843310657
"linear",400,"montoril",84,20.07,152.458211897026,577.421856767147,275.218583941077,1315.36359309053,237.669023501998,75.4656938750847,1946.44146805828,411.33224266814,7.59632346273173,28.7703964507796,13.7129339283048,65.5387938759605,11.842004160538,96.9826341832727,0.00320059474696501,0.00297115203003313,1.8655482588161e-06,0.00105060240808095,0.00587601389720223,2.25798336116569e-05,2.06451180844398e-05,9.04481507888379e-11,8.40528258890978e-06,4.06938390892447e-05,-785.156537554822,0.117543802156291,0.0955978507191387,0.9825,0.50969443409188
"linear",400,"montoril",85,20.129,66.0152961902948,254.608837295555,246.394381410899,1067.41208408354,200.749808701654,57.6925685582648,1428.43608946105,169.548247428713,3.27961131652317,12.6488567388124,12.2407661290128,53.0285699281407,9.97316353031221,70.964086117594,0.00285489270760336,0.00254661436508087,1.85459951509054e-06,0.000916964690792037,0.00549691367180956,2.12906095086887e-05,1.94485350555529e-05,8.42193284603826e-11,8.13666508164752e-06,3.85688431996476e-05,-793.06166798464,0.11709368951675,0.0945834114707511,0.965,0.495252352146433
"linear",400,"montoril",86,20.267,50.3392829908485,222.610774620772,325.658565840264,1428.42014337826,190.587577393,45.9407079070678,1573.34299119288,130.252948824695,2.48380534814469,10.9839036177418,16.0684149523987,70.4800978624494,9.40383763719348,77.6307786644731,0.00286650047758651,0.00263825467452665,1.28197724775713e-06,0.00109304787703088,0.00509587358645883,2.1296332535016e-05,1.94247500667318e-05,7.94162047510633e-11,8.07945910570078e-06,3.87088537345454e-05,-793.174649012121,0.118210319054854,0.0901965284207605,0.9425,0.504884617433595
"linear",400,"montoril",87,19.986,127.908012261843,557.367690063503,256.838091218843,1169.05890650758,236.207567148442,70.2302065089413,2172.3627081191,324.796303305054,6.39988052946276,27.8879060374013,12.8509001910759,58.4938910491132,11.8186514134115,108.694221360907,0.00316171642990767,0.00283731865265722,2.09475154192098e-06,0.00102892052743315,0.0060585151459982,2.14961766173442e-05,1.94977278646369e-05,8.5054514080157e-11,7.96380245624099e-06,3.98965352906078e-05,-806.585344389739,0.0972817354423571,0.0809136630958992,1,0.503866859583204
"linear",400,"montoril",88,20.352,188.028587154592,713.325689496726,199.30522065555,959.893606792241,242.552675760252,33.9764807279822,2116.19789157707,548.207665236568,9.23882601978144,35.0494147747998,9.79290588912884,47.1645836670716,11.9178791155784,103.979849232364,0.00321188686109656,0.00289697121368505,2.05076417928646e-06,0.00108929231737334,0.00607844984547495,2.20148228432037e-05,1.98479966365971e-05,9.27462418255193e-11,7.98238199239306e-06,4.10684074711422e-05,-823.880907431576,0.1105306440794,0.0845275001529864,1,0.500065323947791
"linear",400,"montoril",89,20.051,111.981309603769,571.916735538648,209.262500808515,1425.12399070157,210.077372893684,58.2795607067098,1645.10794640674,389.148885663484,5.58482417853318,28.5231028646276,10.4365119349915,71.0749583911812,10.4771519073205,82.0461795624529,0.00278451813612918,0.00252878612900757,1.41007062625018e-06,0.00100447849375906,0.00516515573763326,1.97075431243661e-05,1.80738722350795e-05,6.15691896363464e-11,7.9210646291018e-06,3.53269708251601e-05,-809.456881648939,0.101483694450409,0.0800050306346228,0.985,0.496974388424382
"linear",400,"montoril",8,20.161,198.919899097787,1000.26391764921,197.290028141517,1304.21167977058,212.033408161859,54.1038883133083,1648.04756671289,450.903921883371,9.86656907384489,49.6138047541893,9.78572631027811,64.6898308501849,10.5170084897505,81.7443364274037,0.00287870243978031,0.00263096901321599,1.53308528310267e-06,0.000959732443648069,0.00532601726849431,2.11996305820663e-05,1.94652001116199e-05,7.13288005640496e-11,8.51329838973074e-06,3.81768373957089e-05,-785.139854106009,0.108297332009011,0.0816645068910104,0.9775,0.502456004937804
"linear",400,"montoril",90,20.161,248.597412824843,953.902135639305,206.149942870344,1469.04762264402,256.530998409852,96.5741219194137,2304.04642060108,672.963469492014,12.3306092368852,47.314227252582,10.2251844090245,72.8658113508266,12.7241207484674,114.282348127627,0.00373572948081006,0.00325817457852889,3.63655636426043e-06,0.00111699942409517,0.00747326675208001,2.11503386962956e-05,1.90924336136731e-05,8.63680586994052e-11,8.20431311032539e-06,3.91241246826591e-05,-829.96852247165,0.0959953312016374,0.0803212853905715,1,0.526874910014211
"linear",400,"montoril",91,20.354,115.31923369192,430.824343969156,285.880854137595,1517.01318362154,210.250695825306,55.0645880815637,1733.55881484084,254.322071267376,5.66567916340378,21.1665689284247,14.0454384463789,74.5314524723171,10.3296991168962,85.1704242331159,0.00291421269777906,0.00266622475648719,1.49884701093425e-06,0.00106351349283554,0.005366500396722,2.09281263646368e-05,1.90764203014569e-05,7.56520628614658e-11,8.05671621405713e-06,3.78380378068294e-05,-807.097685860993,0.139438830417626,0.106088963383032,0.95,0.501376048362495
"linear",400,"montoril",92,20.729,139.432122995018,528.374633435068,181.385065124426,1487.86237762971,236.549226065734,104.776071080406,2016.1150911123,399.029035397799,6.72642785445598,25.4896344944314,8.75030465166801,71.7768526040672,11.4115117017576,97.2606054856627,0.00317118018912959,0.00286937825755683,1.90997984232991e-06,0.00109493995934834,0.00595228430344836,2.19860312228647e-05,1.97662439398583e-05,9.6468836547608e-11,8.0007510214922e-06,4.11398158002713e-05,-792.368723276984,0.105077280079281,0.0866114903699073,0.97,0.499646772544388
"linear",400,"montoril",93,20.041,238.039336632919,863.041265327494,148.062739821584,1231.78696608298,233.006123478567,92.2561110459131,2149.09542844653,630.143700001612,11.8776177153295,43.0637825122246,7.38799160828222,61.4633484398472,11.62647190652,107.234939795745,0.00361903048947801,0.00310688109432745,4.20883904300427e-06,0.000937935815462184,0.00748957995437777,2.1587248925294e-05,1.97038325657507e-05,8.08960270289323e-11,8.05974603670003e-06,3.98039563544747e-05,-817.540374891928,0.0826218248891406,0.0662352917186895,1,0.52558193619141
"linear",400,"montoril",94,20.246,172.148180853767,849.003423291528,153.460321049532,1178.22673956772,243.220330079835,109.937851793395,2168.84703875584,601.371408848681,8.50282430375221,41.9343783113468,7.57978470065848,58.1955319355783,12.0132534861126,107.124717907529,0.00331281722554855,0.00292105640022519,2.81476654120438e-06,0.000964087794513763,0.00651746048941346,2.13689312777437e-05,1.94834083598049e-05,8.5214972749871e-11,8.06245342857558e-06,3.88972694713829e-05,-810.937873957064,0.075769901872318,0.057722128364863,1,0.508262696670843
"linear",400,"montoril",95,20.253,93.5427037876096,558.889136649617,218.45971986027,1206.78627944255,238.400058405653,68.5244125057942,1955.13122879161,375.046537853617,4.61870852652,27.5953753344994,10.7865363087083,59.5855566801239,11.7710985239546,96.5353887716197,0.00354909625424676,0.00323655832959823,2.4040258805299e-06,0.00115682905680797,0.00663746496303266,2.44175759680857e-05,2.20225986656173e-05,1.16629310435634e-10,8.6962977264865e-06,4.57710039000965e-05,-779.830300864775,0.135684217824993,0.103692637681188,0.91,0.53291010027713
"linear",400,"montoril",96,20.03,130.469532202651,423.660583692598,224.43125957508,1361.13238928593,201.836918738361,83.1522397851924,1520.65367147572,320.143607619838,6.51370605105596,21.151302231283,11.2047558449865,67.954687433147,10.0767308406571,75.9188053657373,0.00284068579189798,0.002568651974535,1.61339684665045e-06,0.000926652872842706,0.00535999924763549,2.13697290952729e-05,1.94216652114357e-05,8.57453434889803e-11,8.31760768556156e-06,3.90405789474623e-05,-765.845514274031,0.119063630411404,0.0928889460963361,1,0.511121105673663
"linear",400,"montoril",97,19.932,139.450232980755,603.392063850822,309.463839166195,1451.95675538755,204.048159568129,95.7311852604113,1666.53781593262,357.829787972121,6.99629906586169,30.2725297938402,15.5259802913002,72.8455125119179,10.2372145077327,83.6111687704506,0.00285264546352226,0.00260532569781255,1.50448078389113e-06,0.000995117637934683,0.00532244726325416,2.08299492277514e-05,1.8910713159408e-05,7.63348947202059e-11,7.86370111758707e-06,3.81907928691516e-05,-791.046217099691,0.10464319421499,0.090022521096393,0.9825,0.501951733468381
"linear",400,"montoril",98,20.867,164.792860185647,543.38448123716,261.407804479231,1825.10145825937,204.085690724707,102.890446891762,1642.80715072328,391.240075680225,7.89729525977128,26.0403738552336,12.5273304489975,87.4635289336931,9.78030817677228,78.7275195631035,0.00289656518546198,0.00262967088157161,1.58151019974044e-06,0.00104370337494051,0.00539816582743838,2.09692042773476e-05,1.91675226597848e-05,7.37529185821717e-11,8.24828324577233e-06,3.79921329614599e-05,-785.2564000571,0.0738821967126673,0.0551995395584626,1,0.501180232695017
"linear",400,"montoril",99,19.897,76.8913032176147,528.851789681102,198.50818428995,1826.09152740572,192.496044826402,40.1634382445376,1456.82363386681,294.143865666159,3.8644671667897,26.5794737739912,9.9767896813565,91.7772291001516,9.67462656814604,73.2182557102484,0.00260794822485858,0.00237341479790304,1.18175490312332e-06,0.000984321097877469,0.0047990449404535,2.06606040416085e-05,1.89337276432625e-05,6.81921888723724e-11,8.08481001873754e-06,3.74446938855023e-05,-791.784063815619,0.0831318354642891,0.0686984912378363,1,0.494729272685771
"linear",400,"montoril",9,19.941,163.974731423279,659.062415301321,233.870143922582,1121.65342295571,208.859535820099,78.2085873725097,1532.94345632788,443.337439267482,8.22299440465767,33.0506200943444,11.7281051061924,56.2486045311526,10.4738747214332,76.8739509717608,0.00281876517899207,0.00255748264194385,1.54439046251257e-06,0.000998855241029126,0.00535449164420701,2.13647485365621e-05,1.95076704528553e-05,8.12903783111487e-11,7.8902914842878e-06,3.89733580873966e-05,-793.274607360486,0.107052380914815,0.0818989967628849,0.985,0.501124747077672
"linear",800,"montoril",100,40.393,41.9973550480081,308.657516622252,139.746036221144,843.188434410023,150.407337227247,30.0106225613666,1192.87634020996,238.826316831458,1.03971864055673,7.64136153844112,3.45965974849958,20.8746177409458,3.7235990698202,29.5317589733359,0.00197398742641367,0.00184367264072373,4.89440196225913e-07,0.000844246058445852,0.00335720156162228,1.21083447071331e-05,1.14362596309478e-05,1.47274246890139e-11,5.83188667292608e-06,1.97192289921816e-05,-1590.45877987216,0.0962519673806872,0.0807095681582338,1,0.454794537719564
"linear",800,"montoril",101,40.894,130.371917276999,419.420713040422,143.000023009104,944.806151584512,142.801832909403,31.0769134530211,1227.37901523165,313.742656898683,3.18804512341661,10.2562897500959,3.4968460656601,23.1037842124642,3.49199963098261,30.013669859433,0.00215000539144683,0.0020394239130244,5.40930711350708e-07,0.000949383013921813,0.0036213266011716,1.29339203956285e-05,1.21344341173081e-05,1.81997779151132e-11,6.14787525460583e-06,2.15767566114863e-05,-1596.29601196279,0.0919371518275703,0.0755348161153656,0.995,0.467385470686405
"linear",800,"montoril",102,41.109,58.6076047995783,238.380081565066,200.673478878201,942.036304792722,144.264852893224,29.1202783811497,1234.73336683809,134.222983970961,1.42566359676904,5.7987321891816,4.88149745501475,22.9155733487247,3.50932527897113,30.0355972375414,0.00192298367779862,0.00180436962947558,4.1476602103479e-07,0.000897861048564658,0.00324690306711025,1.1813923366606e-05,1.12178004824027e-05,1.31554619877725e-11,5.80373889901684e-06,1.90549225419262e-05,-1605.35803774918,0.0710667049224546,0.0579325090638871,1,0.451492068571051
"linear",800,"montoril",103,40.825,117.562242172366,346.508633126553,151.410748164569,618.285594700522,144.765860333712,39.2013090508073,1181.6690889999,168.23404437145,2.87966300483443,8.48765788430013,3.70877521529868,15.1447788046668,3.54601005104009,28.944741922839,0.00206987672641131,0.00195580119219822,5.05529732524311e-07,0.000890711760754876,0.0034986567950502,1.28663653233793e-05,1.21189699473052e-05,1.82857631808837e-11,5.95967967827748e-06,2.1398867023789e-05,-1589.35092242925,0.0965691298774348,0.0796516946445039,0.9925,0.460845297123835
"linear",800,"montoril",104,40.254,90.4535775121279,307.814541006396,182.357685491468,990.283348266509,144.119099185487,29.6265636727299,1180.38750166928,165.178877253217,2.24707053987499,7.64680630512237,4.53017552271745,24.6008681936332,3.58024293698732,29.3234834220024,0.00196385894231691,0.00185917769757871,4.07908091968396e-07,0.000873875868076451,0.00332620087140822,1.18458048246951e-05,1.11700595843215e-05,1.41713570238818e-11,5.83651832935908e-06,1.93388482733485e-05,-1598.24373222085,0.0873875877901143,0.0731032395952772,1,0.45672341219895
"linear",800,"montoril",105,39.947,110.418536092257,403.252003304647,128.651407533569,666.680708358281,170.125490786272,52.5444309511564,1517.92149964478,194.412238443509,2.76412586908295,10.0946755276904,3.22055242029612,16.6891308072767,4.25878015336,37.9983853517105,0.00216612175937613,0.0020469023107442,5.79181081159941e-07,0.000909141503795558,0.00368679486289113,1.24905183898583e-05,1.17354690978655e-05,1.79963681538552e-11,5.89231835293078e-06,2.08079323498446e-05,-1603.18031406284,0.0894119238755633,0.0727338801330853,1,0.459552606788037
"linear",800,"montoril",106,40.945,128.197365326524,474.075329372667,132.195208037748,1090.97805430889,177.853932474252,63.1967481518477,1582.7552549593,325.073427821744,3.13096508307545,11.57834483753,3.22860442148609,26.6449640813015,4.34372774390652,38.6556418356161,0.0023824703948528,0.00222064038753203,7.43340644461612e-07,0.000998846252133186,0.00407149491579949,1.26633139846315e-05,1.18454213341932e-05,1.74204014420151e-11,6.16905231051615e-06,2.11272903480082e-05,-1595.45096181421,0.0837540970111135,0.0684878854657375,1,0.474035629865406
"linear",800,"montoril",107,40.118,112.410691177246,420.495713328885,212.750980075228,819.888801691705,147.932078526254,6.66171585456486,1152.54545664708,73.0388758896244,2.80200137537381,10.4814724893785,5.30313026759132,20.4369310955607,3.68742406217293,28.7288862018814,0.00197314170835531,0.00188532710465245,4.16223902739452e-07,0.000863978198654348,0.0032461312916348,1.22961877917567e-05,1.15754483476966e-05,1.55221717674859e-11,5.7839560676793e-06,2.03056497876743e-05,-1562.85894221891,0.104455576108599,0.0841983086502187,0.99125,0.458782445574693
"linear",800,"montoril",108,40.494,70.9706757072122,218.492772324538,167.460249057431,607.037993492227,167.46017046185,36.5011675828018,1419.50818263449,130.681944002673,1.75262201084635,5.39568262766184,4.13543362121377,14.9908132931355,4.13543168029462,35.05477805686,0.00223897712197946,0.00211555830541298,6.27608778306187e-07,0.000923850492288952,0.00374737589895625,1.28120456621985e-05,1.20576659433103e-05,1.74498751511999e-11,6.13640451167657e-06,2.11593404625467e-05,-1611.07202741081,0.0913242572196051,0.0716677668777111,0.9975,0.463100922191906
"linear",800,"montoril",109,40.527,126.602784334987,349.765407724353,142.213462943214,809.156701078113,158.653109543316,58.4044494322318,1319.7297131096,268.514812149492,3.12391206689336,8.63042928724932,3.50910412671092,19.965867226247,3.91475089553423,32.5642093692995,0.00209913900562334,0.0019702252905486,5.82592785998828e-07,0.000900537995628466,0.00359284096816736,1.22002512811725e-05,1.14805825569453e-05,1.57073797761918e-11,5.94216487578198e-06,2.02870207584203e-05,-1602.59258815557,0.0768902514809652,0.0648337067670806,1,0.458667861651758
"linear",800,"montoril",10,40.558,150.351371235299,545.676856481373,164.605944075354,944.412480199106,177.299397924908,45.3829447983638,1546.47587719421,342.057640624718,3.70707064537943,13.4542348360711,4.05853207937654,23.2854795650453,4.3715024884094,38.1299836578284,0.00223050858644835,0.00209721735631073,6.17677342588487e-07,0.000908589130048911,0.00380939466482932,1.22730474048483e-05,1.15474802203623e-05,1.58969501117126e-11,5.87358843491599e-06,2.02275363972763e-05,-1605.44900830436,0.0870969791919974,0.065663144082364,0.98,0.460806649046634
"linear",800,"montoril",110,40.104,101.128042817676,411.450469053381,177.42453805769,974.478715899237,171.141452377183,39.5676975367368,1476.47926724059,266.946358992229,2.52164479397755,10.2595868006528,4.42411076345727,24.2987910407749,4.26744096292596,36.8162594065577,0.00230291202513493,0.00217492896723025,6.40215216779305e-07,0.00099765047645888,0.00389459438123321,1.23468239070694e-05,1.16868504245579e-05,1.48327347471282e-11,5.96267325548404e-06,2.00853749186766e-05,-1581.71307153613,0.0959929239365848,0.0753847864981108,0.9925,0.473957988174117
"linear",800,"montoril",111,40.473,68.5976955591395,306.697376850781,144.410569962439,1085.9343235443,180.021390959742,31.6668131326265,1468.70829546604,171.12129424252,1.69490019418228,7.57782662147065,3.56807180002567,26.8310805609741,4.44793790822875,36.2885947536887,0.00220566601574884,0.00204557719835265,6.79706808822769e-07,0.000936729447618461,0.00382416631343344,1.1958913833938e-05,1.12932360759046e-05,1.35679768160673e-11,5.9935643646425e-06,1.9427101666739e-05,-1566.04501788888,0.0711437480197179,0.056468801831161,1,0.465585679379004
"linear",800,"montoril",112,40.235,119.654646678506,326.382123119351,162.633816205257,1088.23461836881,154.198367920109,13.8503009306252,1206.60308925829,226.808953417495,2.97389453656037,8.11189569080032,4.04209807891779,27.0469645425328,3.83244359190031,29.9888924880896,0.00191292285794685,0.00181643099857592,3.98795738043338e-07,0.000885152787266121,0.00315601775835017,1.21953467237722e-05,1.15666831244016e-05,1.40285463336433e-11,6.16850288688897e-06,1.96956701068267e-05,-1609.50881132763,0.0860916946035212,0.06893463264695,0.99875,0.444146536268126
"linear",800,"montoril",113,40.604,121.318712346652,466.651785394299,107.724542661775,873.951670907032,208.484693725158,45.6763415792457,2064.97722076569,315.350127629202,2.98785125472003,11.4927540487218,2.65305247418418,21.5237826545915,5.13458510799819,50.8564974082774,0.00274493872504858,0.00255297660784087,1.06550129697294e-06,0.00110356075197201,0.0047799150027151,1.31582310240083e-05,1.23662625609798e-05,1.97812488531138e-11,6.09821710972587e-06,2.20972096688604e-05,-1568.28725263333,0.0958990271309571,0.0776801598316434,1,0.484353733017623
"linear",800,"montoril",114,40.202,109.028935624816,401.747597303044,135.168136242176,1043.8896631204,150.985902705028,15.3486536355482,1190.31375287486,203.674502875266,2.71202765098294,9.99322415061549,3.36222417397582,25.9661127088305,3.7556813766735,29.6083217967978,0.00204919243011073,0.00192355841590508,5.08345572936799e-07,0.000861000414039342,0.00345580249192423,1.20896804168155e-05,1.14155315263247e-05,1.47811424866525e-11,5.66391525290103e-06,1.97118110517349e-05,-1609.65052177586,0.0921686198562852,0.0707532797323067,0.98,0.458149442588018
"linear",800,"montoril",115,40.455,162.940191146353,648.064973673771,176.697212740574,935.583543033474,147.719569134953,15.5426084028546,1183.43868321989,308.769513523211,4.02768980710304,16.019403625603,4.36774719418055,23.1265243612279,3.65145393980849,29.2532117963142,0.00199781277114852,0.00188789743468748,4.35191942521414e-07,0.000895467076847432,0.00330001008192413,1.20171774268863e-05,1.13453316982474e-05,1.42445094899537e-11,5.94105323669821e-06,1.94867134597038e-05,-1591.55043426518,0.0841793381254566,0.0677126649490775,0.99875,0.463771073794171
"linear",800,"montoril",116,40.236,80.8716109094077,323.740815112529,138.695588905958,731.572879680604,152.756471332555,14.595992631403,1370.05588249183,123.862348397963,2.00993167584769,8.04604869053905,3.44705211516946,18.1820479093499,3.79651236038758,34.0504991175024,0.00219566297970657,0.00206608615100906,5.9621369648395e-07,0.000954007797987675,0.00374182617210106,1.23132159446423e-05,1.16339945525845e-05,1.58276405209405e-11,5.67212296346954e-06,2.01860710456075e-05,-1621.37107369071,0.0809114461455063,0.0617356715099874,1,0.465818448790526
"linear",800,"montoril",117,40.241,66.012729769125,259.654742514774,81.9467672035432,881.839862907521,150.438679435976,41.6086127545707,1156.85833340143,144.710555751231,1.64043462560883,6.45249229678124,2.03639987086661,21.9139649339609,3.73844286762197,28.7482501280143,0.0019014536679968,0.0017688230116152,4.43516527191031e-07,0.000862454346003502,0.00326737088488529,1.16053684819788e-05,1.09681148914061e-05,1.30300359268167e-11,5.67941965840489e-06,1.8924240011333e-05,-1593.81557963899,0.0856244201406087,0.0679429058918897,1,0.45116887802891
"linear",800,"montoril",118,40.421,133.733973590348,735.830719260354,149.282298891457,1159.80605625644,154.847275628534,48.2447225006763,1373.75575602646,270.615589334836,3.3085270921142,18.2041691017133,3.69318668245361,28.6931559401411,3.83086206745341,33.9861892587136,0.00221581254897151,0.00205668423989514,6.88893878141617e-07,0.000846059278010372,0.00386342276996515,1.25832440517388e-05,1.18530326886561e-05,1.6850443178761e-11,6.00076192013965e-06,2.08116897818118e-05,-1624.86665778726,0.096770041631913,0.0755494009164515,0.97,0.463779028676505
"linear",800,"montoril",119,40.443,104.148638066931,460.380932094403,163.424571620848,941.438364428581,145.359719847435,17.8192997210638,1144.64439200233,108.373162588652,2.57519565974164,11.3834515761542,4.04086174667676,23.2781535600371,3.59418737105148,28.3026578642121,0.0019522700829059,0.00182738949747165,4.82629511926904e-07,0.000820115197841521,0.00335704782159287,1.18745700907484e-05,1.12467074291877e-05,1.40495658694578e-11,5.66901236797871e-06,1.92948238216858e-05,-1575.76807621755,0.0910012712769867,0.0754200102696976,0.99,0.457656239878155
"linear",800,"montoril",11,40.859,134.509694827859,479.9302829239,155.381860291425,1091.5671872708,178.428839931456,28.3044362906066,1664.00418914987,294.681620882653,3.29204568951415,11.7460114766367,3.80287966644865,26.7154650694046,4.36694094156626,40.7255240987266,0.00237975945942083,0.00224717584296185,6.74246279947234e-07,0.000999789446010419,0.00397290570437024,1.23208430294336e-05,1.15829875914006e-05,1.61936007089128e-11,5.85433694276041e-06,2.03970990999539e-05,-1631.21184959954,0.0731093698021889,0.0605751549503032,1,0.470747066351846
"linear",800,"montoril",120,40.422,127.075691825163,381.862983531565,183.777181296985,1171.31895467751,146.295031228486,14.9490327750102,1272.73302220755,138.613845379516,3.1437259864718,9.44690969104856,4.54646433370405,28.9772637345383,3.61919329148696,31.4861467074253,0.00207493548685004,0.00195654290507879,4.70617311996061e-07,0.000972740042034301,0.00346530727691444,1.25281932677278e-05,1.1827940576153e-05,1.58270058182011e-11,6.0154103115808e-06,2.02923009220251e-05,-1565.52032868617,0.129269931158295,0.0970704178283496,0.93875,0.466119163403153
"linear",800,"montoril",121,40.337,173.438773863553,650.812678802028,166.652942965534,1125.10821766773,186.117673528198,50.1408452355736,1708.0086759874,375.292349465305,4.29974400336051,16.1343847782936,4.13151555558257,27.8927093652906,4.61406831267069,42.3434731384931,0.00249129176158527,0.00233133761730136,8.77838312533566e-07,0.000943979230167129,0.00433317707749159,1.24234480973301e-05,1.17738947662058e-05,1.48070965346932e-11,6.1591926183794e-06,2.02263150300989e-05,-1636.74167171563,0.0965598597564491,0.0781664242966204,0.9975,0.472190761609684
"linear",800,"montoril",122,40.62,167.464945488784,579.271272903737,138.83518397693,1025.82594952981,176.964187809761,10.3249321240166,1732.14699316254,413.227143681219,4.12272145467218,14.2607403472116,3.4179021166157,25.254208506396,4.35657774026983,42.6427127809587,0.00245693108600827,0.00227191022768266,8.15164566157333e-07,0.0010378120229957,0.00429022251564321,1.24600983739089e-05,1.17941318669349e-05,1.48437407853675e-11,6.08349803518556e-06,2.02629651297717e-05,-1588.77411406846,0.0893115776478334,0.0733081253843327,1,0.47535727221186
"linear",800,"montoril",123,40.248,135.21516686806,518.614849681566,174.360760183504,866.726834221814,140.230867738215,36.1304414490901,1149.40534464191,253.976871978575,3.35954996193748,12.8854812582381,4.33215961497475,21.5346559884172,3.48416984044462,28.5580735599759,0.00190653907576164,0.0018023837236187,4.68450458669452e-07,0.000774989108070468,0.00328249033506972,1.19301516767276e-05,1.12421119112651e-05,1.42914835597516e-11,5.86992010122484e-06,1.963918120917e-05,-1571.03758471815,0.0995061671505063,0.0785593556331416,0.98,0.455598714367171
"linear",800,"montoril",124,40.52,135.098424414297,612.732841333537,167.598372988872,825.873289152525,166.556423625719,45.0941768792032,1372.88359439097,446.887890077428,3.33411708821069,15.1217384337003,4.13618886941934,20.3818679455214,4.11047442314213,33.8816286868452,0.00221130738019854,0.00209597288721023,5.91935108815269e-07,0.000937316355780129,0.00367370957510063,1.23398287440686e-05,1.16504713593259e-05,1.50007528257631e-11,6.06245470838987e-06,2.02745240854507e-05,-1554.79063772376,0.107988138718108,0.0855910198899368,0.97625,0.467214734699552
"linear",800,"montoril",125,40.948,70.7894235213833,281.668083215954,114.52959486034,732.210751596902,138.014206509047,46.7921536161153,1113.30599792574,210.02285990638,1.72876388398416,6.87867742541648,2.7969521065825,17.8814777668483,3.37047490742031,27.1882875335971,0.00189228665269887,0.00177644152320797,4.30352860361355e-07,0.00081479662819496,0.00318967682912629,1.21894152365725e-05,1.15179601373341e-05,1.51017956487717e-11,5.92970117033691e-06,1.98993657848257e-05,-1607.09024599845,0.116350230434114,0.0917169476117765,0.9675,0.461476034859376
"linear",800,"montoril",126,41.149,114.991417516611,384.832836976108,175.560243879843,1101.04790361097,174.878356410641,27.0303297582612,1454.92762802247,249.094669536436,2.79451305053855,9.35217956635903,4.26645225594408,26.7575859343112,4.24988107634793,35.3575452142815,0.00225801178109422,0.00214360514918278,6.09599848956327e-07,0.000947369855918563,0.00383086694033681,1.28422587768044e-05,1.2122007205083e-05,1.67268279699037e-11,6.18802976033136e-06,2.10477338100828e-05,-1600.1288074116,0.0931938437890602,0.0773619080352392,1,0.470360924879704
"linear",800,"montoril",127,40.427,78.2517304651177,265.259243136179,150.621740407788,1074.9231000087,137.828170934208,16.7612956416165,1088.01452879715,187.212441787233,1.93563040703287,6.56143773062999,3.72577090577555,26.5892373910678,3.40930989027651,26.9130662378397,0.00181406454894795,0.00173102410300921,3.62674640929107e-07,0.000789399356823859,0.00300149857291021,1.14017646487173e-05,1.07960535372431e-05,1.19493881826567e-11,5.62501462219233e-06,1.82428663136985e-05,-1559.7288337108,0.0922284232816516,0.0735831854035314,1,0.452251609842221
"linear",800,"montoril",128,40.7,109.017273129544,375.44202409567,143.102733859961,1058.98780163985,150.553044475854,48.2007933314546,1207.76921686861,268.188605477668,2.67855707934997,9.22461975665037,3.51603768697694,26.0193563056474,3.69909200186375,29.6749193333811,0.00193254331328901,0.0017948273693783,4.61103916566916e-07,0.000867795418774953,0.00336419202478051,1.23513681173345e-05,1.16998068898018e-05,1.55420335900987e-11,5.89983364137147e-06,2.01405857193173e-05,-1578.43072525034,0.0811817590852734,0.0652851712434883,1,0.450584665512475
"linear",800,"montoril",129,40.483,155.131282832404,606.912311061342,113.743238764707,714.449469971515,193.235815271722,50.1181713802118,1900.7760299907,284.194288494696,3.83201054349738,14.9917820087775,2.80965439233028,17.6481355129688,4.77325828796586,46.9524499170194,0.00239312454241955,0.00224649945739427,8.13867201645352e-07,0.000944722992710577,0.00422680008162373,1.21825957686188e-05,1.14849849842979e-05,1.52124611048615e-11,5.9286009556981e-06,2.0028920232279e-05,-1608.84173637255,0.0806225445628432,0.0645050953935483,1,0.470516531162314
"linear",800,"montoril",12,40.482,58.9876491903528,236.057773412665,168.515354601757,1039.67613391395,146.41066001806,42.4503875110904,1132.96429178223,148.152516897299,1.45713277976268,5.8311786327915,4.16272305226415,25.6824300655587,3.61668544088878,27.9868655645034,0.00197237667186098,0.00187101293971255,4.08279544290211e-07,0.000892710254884355,0.00325983716936763,1.18873064429203e-05,1.1259993735499e-05,1.3306106737398e-11,6.03639965103189e-06,1.92421821967214e-05,-1565.62626316597,0.0910676687347467,0.0676934614548244,0.97875,0.461088031583831
"linear",800,"montoril",130,40.372,70.4482487894909,273.839584787929,141.133311177939,1019.01592672933,138.526074135263,11.8750990724656,1061.17417503646,165.327580495181,1.74497792503445,6.78290856999726,3.4958216382131,25.2406600299547,3.43124130920597,26.2849047616285,0.00183448210053025,0.00172414388994722,3.67148788758098e-07,0.000850091055967614,0.00305691535406837,1.1657847709314e-05,1.10717781809397e-05,1.27984222792815e-11,5.77292806357818e-06,1.86625521186647e-05,-1546.93348183463,0.0805934804182281,0.0637568644393053,1,0.446191672318329
"linear",800,"montoril",131,40.882,103.381178442506,569.17219491797,156.807553837352,1037.33777407874,151.946835954579,19.5498177318348,1275.21864191365,242.03460605309,2.52877008078141,13.9223177662044,3.83561356678617,25.37394878134,3.71671728277919,31.1926677245156,0.00207608923181444,0.00193795153079453,5.84475992444783e-07,0.000853373051213851,0.00362181569612802,1.20786516936655e-05,1.1353957289054e-05,1.5485244917269e-11,5.94200355860481e-06,1.99928586448718e-05,-1574.71481085919,0.097992391915525,0.078811427000083,1,0.468406921085987
"linear",800,"montoril",132,40.255,114.863414074127,356.609688318937,142.084710662852,1203.79042477533,137.902921118504,21.7856502465457,1063.54439614375,142.741253417501,2.85339495898962,8.85876756474814,3.52961646162842,29.9041218426364,3.42573397387913,26.4201812481368,0.00194494226974034,0.00182552767978188,4.83267545574548e-07,0.000822211792772184,0.00329459812888638,1.19431195653387e-05,1.13163752683879e-05,1.3970364259607e-11,5.72427965263431e-06,1.94146880742983e-05,-1613.83218444489,0.100961859364958,0.0801037314803847,0.98125,0.456538134527216
"linear",800,"montoril",133,40.213,130.008988317824,525.064409800509,131.218491538672,898.02763479728,184.820970637648,86.5423701807381,1710.38460132675,386.523967875762,3.23300893536477,13.0570812871586,3.26308635363369,22.3317741724636,4.59605029810379,42.533126136492,0.00229622830752289,0.00216120990096776,7.28045397460697e-07,0.000911905556258027,0.0040237889255405,1.22514463192784e-05,1.15429012399764e-05,1.55583628653176e-11,5.94564822740903e-06,2.00872771117449e-05,-1610.60909050149,0.0941605880155783,0.0760406961087805,0.9975,0.462852447891872
"linear",800,"montoril",134,40.416,91.0419206358188,279.711736232075,122.746493448412,740.515886636623,170.181779086259,31.7463985282327,1463.33699739243,205.930548879325,2.25262075999156,6.92081690993852,3.03707673813371,18.3223447802015,4.21075264960063,36.2068734509212,0.0021356572413067,0.00202530740507489,5.2800151522211e-07,0.000942002395148569,0.00356154536993565,1.2143669477743e-05,1.14242217847997e-05,1.5496215972432e-11,5.8549396258296e-06,1.99312891327972e-05,-1592.2213501391,0.0802375286657464,0.0617814809810087,1,0.462013404689289
"linear",800,"montoril",135,40.582,94.7729611150079,461.469884979452,175.439578873527,967.269392472942,152.741208214841,13.1099780365503,1282.69433400011,207.396935759185,2.335344761594,11.3712947853593,4.32308853367324,23.8349364859529,3.76376738984872,31.6074696663573,0.00203237261762935,0.00189134182773033,4.96194405422755e-07,0.000902750523080926,0.00343337238906021,1.18317205507623e-05,1.11784221692411e-05,1.37391414330487e-11,5.90073216790061e-06,1.90878890466432e-05,-1598.41651901629,0.0773988004235668,0.0617595521912781,1,0.459491969275074
"linear",800,"montoril",136,40.702,119.517009488472,442.898372311139,158.724722053842,894.143499934092,155.547173156208,19.6145847003341,1240.36228761647,302.677281162821,2.93639156524181,10.8814891727959,3.89967869033074,21.9680482515378,3.82161007213915,30.4742343770937,0.0020741162770082,0.00195919020885475,4.78986451010835e-07,0.000926631750875234,0.00347327953499215,1.2094795371574e-05,1.13947673185162e-05,1.47040438617525e-11,5.79613771843838e-06,1.97822155965209e-05,-1610.74771770374,0.0949876200087058,0.0742969772328579,0.99125,0.467243144787672
"linear",800,"montoril",137,40.5,76.0097606952216,282.262228278095,160.910458992817,990.659366284652,140.022045657032,43.366285826861,1124.46585784169,201.54683587994,1.87678421469683,6.9694377352616,3.97309775290906,24.4607250934482,3.45733446066746,27.7645890825109,0.00193981156311033,0.00182530646765912,4.17267291391236e-07,0.000895606000174953,0.00328417103059615,1.1901179947817e-05,1.12564061745581e-05,1.4280249111353e-11,5.81188619243722e-06,1.94432673303712e-05,-1572.09501531093,0.0708575024679657,0.0562592737910421,1,0.458011882983534
"linear",800,"montoril",138,40.879,145.712398952041,444.281506549764,155.169043708575,760.47465269189,192.117117993873,70.2369818138112,1919.85453428513,305.229967539583,3.564480514495,10.8682087758938,3.79581309984527,18.6030639862005,4.69965307355544,46.9643223729819,0.0024912985709929,0.00234787006723113,8.13271914171021e-07,0.000981539932002156,0.00432148608225823,1.28165077892634e-05,1.20903878165681e-05,1.72230714718987e-11,6.26061514461096e-06,2.10006918682164e-05,-1607.50023754417,0.097908472192566,0.0797428211960112,1,0.477580259122183
"linear",800,"montoril",139,40.542,132.194254507115,481.048812985464,176.968398272148,1039.69157622243,164.163624926349,60.0006182889938,1419.98679795614,312.989214625024,3.26067422690334,11.8654435643398,4.36506334843243,25.644802333936,4.04922364279881,35.0250801133673,0.00215792012719659,0.00205885808345499,5.53926085503992e-07,0.00093184760570952,0.00360901521466819,1.21064036621245e-05,1.1477212021245e-05,1.41793269231871e-11,6.05727110911213e-06,1.97059465211299e-05,-1636.92347830206,0.124288221705723,0.0975772091381353,0.965,0.465845342118436
"linear",800,"montoril",13,40.55,116.83090246617,493.214732188991,184.290570605298,995.209886709156,163.304861027873,7.71856101602422,1388.76274649621,97.2813486457505,2.88115665761208,12.1631253314178,4.54477362775088,24.5427838892517,4.02724688108195,34.2481565103873,0.00219355775586581,0.00202598633219099,6.6591617699602e-07,0.000897891078271273,0.00376252046120317,1.2668942843833e-05,1.19426915377046e-05,1.70776254095862e-11,5.90200829487938e-06,2.08860595581639e-05,-1575.87150506352,0.0957103915109369,0.0788530457540304,1,0.464442383146264
"linear",800,"montoril",140,39.982,107.684538351152,434.456850146662,123.776565302336,760.382815504382,153.491249003583,27.6724997333673,1196.41289662314,309.838976224293,2.69332545523364,10.8663110936587,3.09580724581903,19.018128545455,3.83900877904015,29.9237881202325,0.00206280211677311,0.00194148387833554,5.26716678238419e-07,0.000856283096098836,0.00352668392600951,1.23959061871395e-05,1.16997741947428e-05,1.61409638244545e-11,5.84096075607975e-06,2.03134112629147e-05,-1587.08567094618,0.0900785981570022,0.0745901110524087,1,0.462446167147435
"linear",800,"montoril",141,40.6,119.345886373909,475.264814588973,150.945868187749,1037.97726444348,136.505799443505,31.3350483428247,1062.32999666567,151.453040842186,2.93955385157411,11.7060299159846,3.71787852679184,25.5659424739773,3.36221180895333,26.1657634646717,0.00175856272600517,0.00165549577329407,3.3573384379008e-07,0.000829082370971831,0.00293001653147862,1.14834256966861e-05,1.09558421192134e-05,1.129502608447e-11,5.78489271807417e-06,1.80908451301835e-05,-1595.21168773302,0.119524137514449,0.0911318333357214,0.93125,0.442155000709016
"linear",800,"montoril",142,40.448,83.8391890006762,231.696361709221,133.739572703542,652.674333211476,139.696335940521,36.346665434356,1041.27699809547,164.759520418765,2.07276475970817,5.72825261345979,3.30645699919754,16.1361336335907,3.45372665992189,25.7435966696862,0.0017920488907941,0.00167292106949053,3.89595928177701e-07,0.000778957784697051,0.0030302100024582,1.18428496550633e-05,1.11506519295889e-05,1.47138849904889e-11,5.71545582983511e-06,1.95215576647255e-05,-1606.40357707765,0.0989627810075747,0.0817185892371689,1,0.439131686842167
"linear",800,"montoril",143,41.012,71.1934060852658,262.023233656835,109.249970207121,671.678023247671,147.565660064929,26.6525685539742,1159.67267081422,147.351088125437,1.73591646555315,6.38894064314919,2.66385375517217,16.3775973677868,3.59810933543667,28.2764232618312,0.0019873843038492,0.00187336567158098,4.8248400769311e-07,0.000858197208011171,0.00333732227424949,1.27377023193522e-05,1.19354947970076e-05,1.83609494012024e-11,6.00969572106188e-06,2.12265767521218e-05,-1592.665656038,0.108964493634208,0.0931454507704294,0.995,0.462892740589834
"linear",800,"montoril",144,40.561,110.112989571477,411.037490565306,191.042200258611,1096.83713297125,148.238632703593,62.1043148166821,1145.67545974013,299.553150806005,2.71475036541201,10.1338105708761,4.70999729441115,27.0416689177105,3.65470853045026,28.2457399901416,0.00188679429552665,0.00179751192310399,3.868256088731e-07,0.000831622544989759,0.00312185985837035,1.16251360005768e-05,1.10732208816901e-05,1.23677149997351e-11,5.79350450425201e-06,1.87369505354382e-05,-1610.29044811006,0.0899011754002051,0.0707135739268051,0.975,0.447887165583613
"linear",800,"montoril",145,40.344,64.2117483680497,267.034281890064,146.848173219892,943.571524151778,135.377757471534,10.843523660894,1204.6902280476,164.954076181586,1.59160589847436,6.61893421301964,3.63990118034632,23.3881500136768,3.35558589806499,29.8604557814694,0.0018918920895193,0.00176415765381004,4.45130260306726e-07,0.00082292454587653,0.00326037348675641,1.1708429499965e-05,1.10681177557713e-05,1.31937499898224e-11,5.7969350511367e-06,1.89279175410656e-05,-1603.38792549603,0.0938420627362975,0.0732433632892935,0.995,0.451199573095163
"linear",800,"montoril",146,40.101,44.189986872212,278.096990554094,175.147429203785,584.378604140595,159.240780666199,13.265100939393,1282.27899115467,202.32877114599,1.10196720461365,6.93491410573537,4.36765739517181,14.572669114002,3.97099275993614,31.976234786032,0.00218771641836841,0.0020673799274131,6.40969472560923e-07,0.000882454017428307,0.00377354388594894,1.24708394562733e-05,1.16814896028167e-05,1.68796662897653e-11,5.91311545634549e-06,2.05752292391275e-05,-1576.30690745624,0.108306226362839,0.0846402124552951,0.9725,0.472165628150742
"linear",800,"montoril",147,40.568,55.4104635640609,316.663030099359,122.910985949364,961.503187303119,149.840554147677,44.4070830014414,1167.60289945692,193.878614169068,1.36586628781455,7.80573432506801,3.02975216794923,23.7010251257917,3.69356522746196,28.7813769339608,0.00197554300933194,0.00188007418745838,4.4600617825197e-07,0.000858382487047825,0.00332784280660946,1.24433256457295e-05,1.171160208521e-05,1.65148293914992e-11,5.87649955764483e-06,2.05265465143903e-05,-1596.15823150787,0.104738404558094,0.0804825563989539,0.9625,0.454688133557903
"linear",800,"montoril",148,40.361,83.0416064157046,278.012456575114,163.873751431815,765.047970414908,131.887705288567,33.2584178894292,981.095845777926,83.47227081008,2.05747148028306,6.88814589765154,4.06020047649501,18.9551292191697,3.26770162504813,24.3080162973644,0.00178124577603622,0.00167382492833421,4.00057850063135e-07,0.000752051724594052,0.00302752526071773,1.16054529520121e-05,1.10328583258114e-05,1.26470026507382e-11,5.64981678020064e-06,1.86349365550778e-05,-1583.31142252959,0.0896764556756056,0.0689775596156641,1,0.449731383221957
"linear",800,"montoril",149,40.298,97.8362274899913,315.506291906253,113.737503040847,1131.77743003875,188.527984744398,63.7465901222032,1789.69583441146,237.157162128091,2.42781843987273,7.82932879811041,2.82241061692508,28.0852010034928,4.67834594134691,44.4115299620691,0.00239782160999521,0.00224336417051873,7.48348270012309e-07,0.000972565148265136,0.00414359695266671,1.24318923611622e-05,1.17213497557949e-05,1.59388998614963e-11,5.99283774266378e-06,2.03397587603932e-05,-1626.85514393253,0.0948829329308515,0.0747348753029503,0.98375,0.467861592373229
"linear",800,"montoril",14,40.797,99.5699281908676,389.113411800942,157.271596322686,1031.37024365129,160.877675417878,23.2362097946394,1356.37123296119,256.37660121026,2.44061887371296,9.53779473493007,3.85497944267191,25.280541305765,3.94337023354358,33.2468375851457,0.00227297743523504,0.00212011990070828,6.50825176830766e-07,0.000985010119308054,0.00387895905157323,1.29987535143099e-05,1.22891056377294e-05,1.7713489479739e-11,6.23694664634816e-06,2.11327710924159e-05,-1606.68292037126,0.113392392128178,0.0913572313673971,0.97625,0.469959943929894
"linear",800,"montoril",150,40.436,125.245875055825,467.683269930623,157.063429261595,1001.85758446495,205.208510607314,71.5544937077946,2031.89660167355,375.795277487432,3.0973853757994,11.5660122151208,3.88424743450378,24.7763771012206,5.074896394483,50.2496933839537,0.00272102360338106,0.00258539300978238,8.84493135567385e-07,0.00110616384892389,0.00454412459039179,1.29339362903005e-05,1.21536314803817e-05,1.85781993794228e-11,5.94778164588529e-06,2.1348980271107e-05,-1605.16985516679,0.087494527200186,0.0716410414352784,1,0.486310657110922
"linear",800,"montoril",151,40.191,91.484843605232,333.700454494232,137.307344914985,1115.81502519377,155.531528689566,34.7241572702323,1301.89036286239,178.185221456527,2.27625198689338,8.30286518111597,3.41637045395697,27.7628082205908,3.86980987508563,32.3925844806646,0.00197675864747048,0.00186527056284786,5.2256743371636e-07,0.00084768289449789,0.0033515325984793,1.16554417098329e-05,1.1044419326365e-05,1.30226229065009e-11,5.77442103266852e-06,1.89246306047166e-05,-1615.14894931774,0.0887648510417378,0.0652437599903988,0.99125,0.450266416967788
"linear",800,"montoril",152,41.258,58.3565951153413,336.237976591487,156.295716439378,1109.20990450115,124.341517753498,11.1054405987114,993.788185629553,201.280092934161,1.41443102223427,8.14964313809411,3.78825237382757,26.8847230719169,3.01375533844339,24.0871633532782,0.00176970624731606,0.00167546711001727,3.10078477082307e-07,0.000817695538578809,0.0028644802365927,1.15324500632501e-05,1.08998160302403e-05,1.25391636276625e-11,5.67989645206079e-06,1.84815408650636e-05,-1578.67792848154,0.110980549311123,0.0809031824270343,0.95,0.451586844899122
"linear",800,"montoril",153,40.2,83.500071700143,419.989383628576,145.010809179303,852.793749695501,160.293114861407,10.1190596440154,1325.06570966835,41.6177325052473,2.07711621144634,10.4474971051885,3.60723405918665,21.2137748680473,3.98739091695042,32.9618335738396,0.00210906792585345,0.00198287460727387,5.93773403963221e-07,0.000855560742115074,0.00362104453422898,1.18137025288978e-05,1.12294095009642e-05,1.30412844965899e-11,5.83509902114978e-06,1.90013526470386e-05,-1621.89685372414,0.0905128714550635,0.0683282889058781,0.97125,0.459823544966062
"linear",800,"montoril",154,40.293,32.1601232380359,345.907230514583,151.752331880311,755.562616114761,128.26205658321,21.8927015622118,1082.84278809947,58.3228653422855,0.798156583973293,8.58479712393176,3.76622073015935,18.7517091334664,3.18323422389024,26.8742160697756,0.00178699953716495,0.00167012761953894,3.65791659337834e-07,0.00081865622820744,0.0030022038674308,1.10740235815896e-05,1.04672464572488e-05,1.16101449053146e-11,5.55140569113847e-06,1.78562599454946e-05,-1600.18773566402,0.067229009790802,0.0536163252955747,1,0.447089133407833
"linear",800,"montoril",155,40.532,91.6837511130273,278.30301914509,173.833633727812,832.083450110283,150.445530641765,56.0465950644394,1163.16188818289,206.577625293076,2.26200905736276,6.86625429648402,4.28879980577845,20.5290498892303,3.71177170240217,28.697372154912,0.0019507053767071,0.00185067318428347,3.99931455917359e-07,0.000867004779223701,0.00320529068234769,1.2555895729235e-05,1.1905027015437e-05,1.52819657702999e-11,6.14403489582047e-06,2.0318466445628e-05,-1598.67243377737,0.105436892816304,0.0825014344642987,0.98625,0.455288820480882
"linear",800,"montoril",156,39.897,82.5234339465942,452.281914917999,193.795540566698,1286.01994700828,132.956391405007,28.2322647023248,1093.52652270196,272.871079643828,2.06841200958955,11.3362386875705,4.85739630966484,32.2334999375462,3.33249094931968,27.4087405745284,0.00192480594723788,0.0018295909182849,3.58103893353907e-07,0.000926998973683055,0.00310404901410896,1.16173770356723e-05,1.09526420277554e-05,1.36032261262048e-11,5.65621447960132e-06,1.87187206575049e-05,-1598.50403909357,0.0669285054795715,0.053758382346043,1,0.455201601770316
"linear",800,"montoril",157,40.334,61.2749450716717,291.770002818567,206.242040409205,1001.100233108,150.667537026532,48.5050084875202,1223.20274542863,153.796425267633,1.51918840362155,7.23384744430424,5.11335450015385,24.8202566843854,3.73549702550038,30.3268395256764,0.0019179444275424,0.00184255223664406,3.67883265564137e-07,0.000883024345567676,0.00313212868171665,1.14657045492206e-05,1.08419743088495e-05,1.30482047063229e-11,5.64850588023686e-06,1.85847064939788e-05,-1599.33761557357,0.108588883093006,0.0868100108697939,0.96625,0.454558842691194
"linear",800,"montoril",158,39.917,108.435246273928,390.327971671798,192.8241614986,1140.98496275166,153.448147171937,57.0102608531372,1264.90852066977,272.912020737711,2.71651793155619,9.77848965783494,4.83062758971366,28.5839357354424,3.844180353532,31.6884665849079,0.00200967083235976,0.00192060790224513,4.65891921051857e-07,0.000890630480570816,0.00329278086729486,1.19997536521083e-05,1.13190440943445e-05,1.45531195062728e-11,5.81097312442217e-06,1.96598134544427e-05,-1599.70304971854,0.0676823416844578,0.053984959776047,1,0.460399656940964
"linear",800,"montoril",159,40.278,101.312563911489,461.983848618055,121.995325023933,993.683607820272,147.559947198511,25.8440874522633,1314.17388742837,312.747831876248,2.51533253665745,11.469880545659,3.02883273806874,24.6706293217208,3.66353709713768,32.6275854667156,0.00199002186244806,0.00186469327908439,4.82505071802859e-07,0.000866193722342023,0.00335722870264208,1.16669761498358e-05,1.10284661531605e-05,1.28586947320875e-11,5.82173570278365e-06,1.90981060366465e-05,-1613.54785338837,0.0760240053693768,0.0655606268002186,1,0.454599970139202
"linear",800,"montoril",15,40.7,84.6913287034048,370.882994701674,133.757387438321,723.78630063445,158.92570103472,60.4658584115841,1306.5222269426,251.759937065074,2.08086802711068,9.11260429242442,3.28642229578185,17.7834471900356,3.90480837923145,32.1012832172629,0.00219195305323326,0.00209674546856102,5.60352779933435e-07,0.000905826470355894,0.00364746615409183,1.2450645526132e-05,1.17502987693378e-05,1.58081636501929e-11,5.98899602017773e-06,2.05454020194647e-05,-1592.20344114313,0.0822441909314244,0.0639329815429403,1,0.469901393273453
"linear",800,"montoril",160,40.734,135.228212743895,518.782599893637,169.488623165578,1366.75649837352,160.498363445588,9.1054549646371,1275.02523986947,91.5849289135909,3.31978722305432,12.7358619309088,4.16086372969947,33.5532110368124,3.94015720149232,31.3012530041114,0.00195021409958033,0.00184955447620494,4.30130435799169e-07,0.000852093780003378,0.00322089152880541,1.17434763900091e-05,1.11375294494812e-05,1.33709836119301e-11,5.68710817834001e-06,1.89101952756377e-05,-1633.67870718464,0.0759526948068658,0.0626026027640485,1,0.450070043531153
"linear",800,"montoril",161,40.477,86.587427663509,362.869751461432,120.162264036533,738.635027759619,153.97278156327,28.3751256174132,1346.18064400577,243.294389593758,2.13917601757811,8.96483809228529,2.96865538544194,18.2482651322879,3.8039573477103,33.257915458304,0.00214390052678472,0.00200850878119575,6.03046342995726e-07,0.00090160982957705,0.00363009240394936,1.22372766803935e-05,1.15661164598213e-05,1.49706360254137e-11,5.82036087259879e-06,1.98585715040594e-05,-1612.61526017336,0.0840838715108817,0.0622955829794246,0.99875,0.467944568994093
"linear",800,"montoril",162,40.998,95.105198028305,292.058987864216,179.518998639417,881.96556241357,155.273180806564,66.7665145107088,1307.86748087869,192.974872358712,2.31975213494085,7.12373744729537,4.37872575831546,21.5124045664074,3.78733549945274,31.9007629854796,0.00208779603589716,0.001995843047644,4.44693550417787e-07,0.000970534120104595,0.00342791663544074,1.27171632869765e-05,1.19817751893651e-05,1.72175204592216e-11,6.1389218540507e-06,2.08792932124363e-05,-1604.62836736036,0.127632971147609,0.106139217822626,0.96375,0.46035550641224
"linear",800,"montoril",163,40.573,88.492088391538,523.208932196876,92.4428646369389,996.805561208079,166.871347893964,34.6168639732543,1376.48129674857,152.606375170598,2.18105854611535,12.8954953342587,2.27843306230594,24.5681995713425,4.11286687930308,33.9260418689417,0.00209354276976382,0.00195016112686237,6.00202721023695e-07,0.000904077577998123,0.00365451895787305,1.19597695265737e-05,1.13060485663132e-05,1.41452734746519e-11,5.76572316457505e-06,1.92545082889851e-05,-1588.9459587693,0.0868266921395766,0.073558129665754,1,0.457500748435586
"linear",800,"montoril",164,40.603,66.4393400164588,206.13695246268,154.934243644074,992.716996152117,157.229306933429,56.7866148246423,1294.41236038761,144.740106549981,1.63631603616626,5.07688969934932,3.8158324174094,24.4493509384064,3.87235689317117,31.879722197562,0.00190276472133695,0.00180373424270132,4.30353622745874e-07,0.000831616286582135,0.00317181626352995,1.17593291320897e-05,1.11359185080046e-05,1.2696137714393e-11,5.90295617218688e-06,1.88976917751891e-05,-1608.04394768094,0.08800536656528,0.0690779187540356,0.9925,0.439152489691801
"linear",800,"montoril",165,39.905,137.168029895692,593.423849359868,221.127354456134,971.803933706711,137.936779537544,10.8992213349001,1095.59932204053,209.751404998747,3.43736448805143,14.8709146563054,5.54134455472081,24.3529365670144,3.4566289822715,27.4551891251855,0.00188133288107388,0.00179105416554448,3.83888064052343e-07,0.000815154749974377,0.0031062474137997,1.18024415791173e-05,1.11805264192136e-05,1.34393988888229e-11,5.83511953658889e-06,1.91384450978463e-05,-1580.28154986962,0.0793354734871468,0.0628350126607982,0.99125,0.457883282808207
"linear",800,"montoril",166,40.288,152.355749081149,536.478012606112,118.320001788257,997.975302577235,175.335383100589,56.0219199226671,1529.32294290608,108.149677795555,3.78166573374575,13.3160745781898,2.9368546909317,24.7710311402213,4.35204981881923,37.9597632770573,0.00228355535980232,0.00211377388942924,7.60383642550094e-07,0.000908948365388539,0.00405174101654061,1.23577316381005e-05,1.16324361583393e-05,1.54576355668862e-11,6.13452420052988e-06,2.04515323675383e-05,-1633.11705357733,0.0975680539551505,0.0802456367771653,0.99625,0.467027138594629
"linear",800,"montoril",167,40.551,120.597700977347,470.034796349515,171.996267225488,1140.00622048352,143.92276855145,9.76451769063344,1206.4943038209,300.219041066284,2.97397600496527,11.5912011134008,4.24148028964731,28.1129003103134,3.54917926935094,29.7525166782792,0.00198443887754575,0.00187392964861877,4.39219540284568e-07,0.000854732240579963,0.00329712747935065,1.15292361956971e-05,1.09683648947153e-05,1.19205442386436e-11,5.83569233608224e-06,1.84311129270301e-05,-1607.25705043326,0.0869742735710287,0.0692788682094573,1,0.455947483748117
"linear",800,"montoril",168,40.363,115.654361422089,622.928819263737,144.854345558299,843.741710989334,167.672900443767,11.1015850921241,1375.56840437801,187.381924706196,2.86535593048309,15.4331645136322,3.58879036638256,20.9038404228956,4.15412383727093,34.0799347020294,0.00214077687479154,0.00202181073894194,5.29670697862342e-07,0.000892594549763868,0.00360601464913158,1.22292073633055e-05,1.15182950773781e-05,1.60309810690218e-11,5.80774536998449e-06,1.98679019600682e-05,-1627.56949633298,0.079996751107652,0.0593957971085584,0.97875,0.45723449744292
"linear",800,"montoril",169,40.401,123.026169770438,475.522408248059,164.188927713403,1256.92608693862,162.02418070452,54.331273487934,1308.65403903127,276.723307179298,3.04512684761362,11.7700653015534,4.06398177553533,31.1112617741793,4.01040025505605,32.3916249358003,0.00200408003885514,0.0019150061932474,4.53344294103381e-07,0.000871525846974329,0.00331860827486645,1.1641983730036e-05,1.10416233954743e-05,1.28356863780399e-11,5.83926098275622e-06,1.87357867392024e-05,-1638.76623742773,0.107829769036444,0.0884550212127716,0.96,0.453656763757085
"linear",800,"montoril",16,40.792,146.271245598291,665.949413013353,193.305545634041,1032.13176369609,186.580447658764,50.8378773022591,1769.64942355106,436.938919647833,3.58578264361371,16.3254906112314,4.73881019891256,25.3023083863526,4.5739470400756,43.382266707959,0.00238777390907834,0.00226010472228271,6.3094890260534e-07,0.00105176704647396,0.0040244549320514,1.22570207899607e-05,1.15549441491651e-05,1.5488674117965e-11,6.00122425190005e-06,2.00397636177135e-05,-1585.259876498,0.0806903454747347,0.0626573679403127,1,0.476120091922124
"linear",800,"montoril",170,40.605,103.750139271436,365.444734668101,164.063813303496,753.171551704868,147.915570360588,40.7688832808865,1226.95939595643,173.226213637714,2.55510748113375,8.99999346553628,4.04048302680695,18.5487391135296,3.6427920295675,30.2169534775626,0.0020630271479113,0.00194142568818281,5.28836623564072e-07,0.000856881842823779,0.00343175850868101,1.27253368050119e-05,1.20386933630918e-05,1.7245205402801e-11,6.1074975676994e-06,2.10096424295784e-05,-1564.53878204023,0.0973053142652439,0.0773097241004127,0.99875,0.466139949267997
"linear",800,"montoril",171,40.256,54.4223567298337,218.120341038809,165.668149473672,1053.12043778701,128.87877248404,8.38011865889459,1019.02440260761,87.8095184558292,1.35190671526813,5.41833120625023,4.11536539829273,26.1605832121177,3.20147984111784,25.3136030059523,0.00189353582629436,0.00180089068657361,4.17509284782118e-07,0.000818334460903033,0.0031030452090567,1.16455259073304e-05,1.10577415541187e-05,1.30408385519791e-11,5.83729246676983e-06,1.88656357407674e-05,-1601.88856048572,0.105356591850595,0.0797649025271032,0.96875,0.46323013258095
"linear",800,"montoril",172,41.635,60.2526504476452,241.035430887751,170.763055975952,1070.76604075579,145.831137023686,22.1907795636086,1095.27701362091,75.2448919014574,1.44716345496926,5.78925017143631,4.10143043055007,25.7179306053992,3.5026092716149,26.3066413743464,0.00179094072675261,0.00169281512133717,3.4891273631243e-07,0.0007884637524851,0.00298768610545485,1.1635560982394e-05,1.10279577933001e-05,1.25435443452933e-11,5.78462482147839e-06,1.8866330878956e-05,-1587.44277925235,0.0786166512208134,0.0613012047400529,1,0.450284141577828
"linear",800,"montoril",173,40.583,92.0823346821752,346.315839076855,133.338803482459,890.215033072466,157.105568365645,29.1185758969582,1282.43113757793,236.504119096425,2.26898786886566,8.53351992402865,3.28558271893303,21.9356635308495,3.87121623255169,31.600205445086,0.0019500580298465,0.00182227594441564,4.50948304099847e-07,0.000853065576839724,0.00334937286073948,1.1651378904957e-05,1.10039827751643e-05,1.32203182341487e-11,5.73366771628424e-06,1.90336608096491e-05,-1594.4861804444,0.0612972139959016,0.049938139021309,1,0.454822925257428
"linear",800,"montoril",174,41.136,87.4129959594967,414.543286276994,172.341876011498,693.420920949855,160.266432563535,39.6008163639285,1396.59161632139,311.675102192267,2.1249755921698,10.0773844388612,4.18956330249654,16.8567901825616,3.89601401603303,33.9505935511811,0.00210072661970088,0.00199116044783999,5.2782984519504e-07,0.000906498733200896,0.00352127787340219,1.23620424924967e-05,1.16383917677427e-05,1.58301506630028e-11,6.02773348622099e-06,2.03236853545557e-05,-1595.88724777375,0.0907407938931801,0.0682567060493321,0.975,0.458592453278885
"linear",800,"montoril",175,40.897,93.3398685525532,287.095914405293,129.928963251173,742.26631644545,155.013843690585,21.6938253009873,1285.62940363054,219.853342150008,2.28231578239365,7.01997492249536,3.17698029809456,18.1496519658031,3.79034754848974,31.4357875548461,0.00214799967817747,0.00199929941394785,6.11180879979908e-07,0.00093034213426342,0.0037420768765173,1.21828292567554e-05,1.15355725641554e-05,1.52872678845431e-11,6.03549170029438e-06,2.00229569967892e-05,-1600.1226958319,0.0846988976183712,0.0706345657129029,1,0.465365506993946
"linear",800,"montoril",176,40.419,114.477466776907,478.515332818453,131.477688965384,1090.76633338496,183.080136828141,39.124791512186,1731.47878607048,300.713252072553,2.83226865525884,11.8388711452152,3.25286842735801,26.9864750089058,4.52955631826966,42.8382390972186,0.00241324840927139,0.00225691113844695,8.11605287159236e-07,0.000963439982867141,0.00417042528424359,1.22740648891689e-05,1.15710682114171e-05,1.60210777426416e-11,5.80817856828259e-06,2.01322969662739e-05,-1585.01912296351,0.0918203241747905,0.0778891041080989,1,0.478147603356671
"linear",800,"montoril",177,41.029,151.382208139621,673.89352600623,216.571946841109,929.06819494413,150.399275702617,25.486571197503,1229.78478732784,66.8463152696495,3.68963923419096,16.4248099150901,5.2785090263255,22.6441832592588,3.66568221751973,29.9735501067012,0.00190201842404848,0.00179437790711174,3.71525764505687e-07,0.000900239017291813,0.00313624569428477,1.17050599503882e-05,1.10427835365451e-05,1.37701019813864e-11,5.69406012573783e-06,1.9017647703091e-05,-1560.74635749339,0.0882019509936118,0.0705321396838465,0.9975,0.447811084372689
"linear",800,"montoril",178,40.291,76.3702082143996,236.071707062387,248.260839525418,974.484201528719,133.710777322608,10.9727138608778,1048.86048135483,163.211128870432,1.89546569244743,5.85916723492558,6.16169465948767,24.1861507912119,3.31862642581737,26.0321283004848,0.00179977653595033,0.00171614760332954,3.18001528782534e-07,0.000868795876123093,0.00290212617280063,1.14000940190381e-05,1.08537435531319e-05,1.14203031117482e-11,5.73722862791695e-06,1.80716245679168e-05,-1563.22042296762,0.0837553663346962,0.0671492974507892,1,0.44965494903125
"linear",800,"montoril",179,40.478,90.7055397558446,523.814206594018,182.689698128314,982.005543970083,188.97958204378,47.3055957477878,1734.06136051716,295.286331283322,2.24086021433481,12.9407136368896,4.51330841761732,24.2602288643234,4.66869860279114,42.8396007835653,0.00235073903042308,0.00224979550298435,6.16062424077782e-07,0.000989657917561379,0.00386201819706776,1.27300092905591e-05,1.20097664393078e-05,1.65385624827209e-11,6.0458816490797e-06,2.0754521675825e-05,-1609.85476503379,0.121656026947096,0.0928546156177707,0.945,0.468367689231226
"linear",800,"montoril",17,40.966,99.7793593701779,342.271654109993,150.122993256091,858.397672845824,160.990876958165,60.6383006048888,1304.67728567066,189.01887161449,2.43566272934087,8.35501767587738,3.6645753370134,20.9539050150326,3.92986566807023,31.8478075885041,0.00200977805973276,0.00189465047828387,5.08762167964558e-07,0.000883638728291109,0.00337641990925509,1.1820381832947e-05,1.12057995594056e-05,1.3076281212154e-11,6.03870880057167e-06,1.90007450273324e-05,-1579.88968785979,0.0825837422398217,0.0661239178509074,1,0.459013867754457
"linear",800,"montoril",180,40.644,134.91433389603,488.472626064263,126.474116363144,743.896310703384,160.631327590993,13.8128854429619,1330.94824823438,340.432079706853,3.31941575376513,12.0183206885214,3.1117536749125,18.3027337541429,3.95215351813288,32.7464877530357,0.00203157156102654,0.00192068685652768,4.77665948004237e-07,0.000845351055759805,0.00340475795676176,1.23358811906642e-05,1.15837972153128e-05,1.63332464609168e-11,5.85728504531859e-06,2.03366845393519e-05,-1577.42177511877,0.0874249129729817,0.0702148986708818,0.9875,0.456949596927806
"linear",800,"montoril",181,40.778,180.750804244846,672.603707632787,161.42564423219,846.910954564515,188.718066839116,49.7834493384618,1971.96581319723,461.591144269674,4.43255687490425,16.4942789649514,3.95864545176786,20.7688203091009,4.62793827159537,48.3585711216154,0.00272023024179832,0.00253470151780627,9.62562737169906e-07,0.00120559826414601,0.00477572163312701,1.34043455039797e-05,1.25977491152682e-05,2.02708525976079e-11,6.10270170617314e-06,2.22364356737171e-05,-1591.27870028575,0.118686025148541,0.0975137725646721,0.98875,0.495042542372602
"linear",800,"montoril",182,40.879,93.999946995849,410.08760333184,179.592099389883,1065.8495002593,151.328128739613,18.7140171470331,1224.20283311596,219.812815825454,2.29946786848624,10.0317425409584,4.39326058342629,26.0732772391522,3.70185495583583,29.9469858146226,0.00204848296205764,0.00195147731075381,4.68716729249793e-07,0.000866147536659438,0.00335605137861973,1.25133915892186e-05,1.18018194511476e-05,1.64128403943132e-11,6.05452845488367e-06,2.042067042929e-05,-1577.76271312495,0.103716070739223,0.0830317875568618,0.97875,0.466199034898623
"linear",800,"montoril",183,41.457,56.8730171479648,237.141366490348,158.687096276356,1016.92178870455,137.183885940663,42.5125216160291,1026.07056923141,149.512898137054,1.37185558887437,5.7201767250488,3.82775155646467,24.5295556529549,3.30906447501418,24.7502368534003,0.00182934220770486,0.00171841989339897,4.15787677476528e-07,0.000751776591435212,0.00309236773510538,1.13801483566312e-05,1.0741335948438e-05,1.28635648364011e-11,5.57559071986097e-06,1.86595135700396e-05,-1594.05806699691,0.0843350698625809,0.0698645466765689,1,0.449495227095253
"linear",800,"montoril",184,41.168,127.69283155815,475.585653904778,106.622296225903,776.114305409326,178.886814848909,64.350131784962,1674.50516103229,358.197891709479,3.10174969777862,11.5523137850947,2.58993140851882,18.8523684757415,4.34528796271155,40.6749213231707,0.00232461614310301,0.00222325376986133,6.59379018509675e-07,0.000952903407023873,0.0038750757343289,1.27930355798683e-05,1.20342240894087e-05,1.75526810471388e-11,5.93058658185783e-06,2.09577607482743e-05,-1609.96881148566,0.100542102327407,0.081189681266308,0.98875,0.464213030412536
"linear",800,"montoril",185,39.887,78.2359564880217,330.042192400914,225.412993006496,680.880347068451,135.736228608354,45.598966588028,1078.3776055974,220.659027287179,1.96143998014445,8.27443007498468,5.65128971861749,17.0702320823439,3.40301924457478,27.0358163210419,0.00187866778403991,0.00178916968311489,3.32771562016683e-07,0.000913041745142492,0.00304298372781589,1.16886084342423e-05,1.10392739160742e-05,1.35677067914961e-11,5.6460057364418e-06,1.90488771072682e-05,-1601.30008840218,0.0900626580451735,0.0769102231217456,1,0.456989552310783
"linear",800,"montoril",186,41.434,95.5832950697247,618.735146121564,134.397650844161,1134.58704155933,163.312342990317,23.3431890362742,1566.80619749134,217.669018949107,2.30688070352186,14.9330295438906,3.24365619646089,27.3829956451063,3.9415055990326,37.8145049353512,0.00230120769536128,0.00217331687137181,6.57609160769926e-07,0.000928255243674701,0.00386082885675825,1.26278499478486e-05,1.18941235473184e-05,1.7441460884598e-11,5.80692060760745e-06,2.07104646810867e-05,-1580.44519759632,0.097888903514825,0.0767121034724802,1,0.473208985898049
"linear",800,"montoril",187,40.767,124.389375742923,483.153379687165,165.973105928291,1136.40739755656,143.189518283258,12.9647700268811,1222.79671780761,341.151936973935,3.05122711366847,11.851580437294,4.07126121442076,27.8756689861054,3.51238791873963,29.9947682637332,0.00194944491932237,0.00182507945081664,4.5429419495838e-07,0.000848551818746989,0.00330815626578554,1.15059159992883e-05,1.092669785578e-05,1.2282510175637e-11,5.73998321693533e-06,1.86046546674302e-05,-1631.4344913337,0.0909014954025824,0.0774361675056959,1,0.4550095650894
"linear",800,"montoril",188,40.499,81.2172237509492,360.730516914259,205.102488634126,813.916504951886,166.290242959368,62.1358618014541,1398.20792060821,214.006299723221,2.00541306577815,8.90714627309957,5.06438402513953,20.0972000531343,4.10603330846114,34.5245048176057,0.00221198600601423,0.00210052782089318,5.47099211441704e-07,0.000974186534856319,0.00367094052201394,1.25316018219003e-05,1.18572872994242e-05,1.59232618780565e-11,6.0882021100422e-06,2.04711074703811e-05,-1573.99160473264,0.108755970248595,0.0842826467107398,0.9825,0.470168344693034
"linear",800,"montoril",189,40.379,42.0179813106298,156.327099806816,149.95897548581,753.498537765569,146.371626031265,28.9201271251845,1105.74556527624,116.510354021225,1.0405899430553,3.8714950792941,3.71378626230986,18.6606537498593,3.6249443035059,27.3841740824745,0.00188950461006982,0.00180268571515008,3.52079382938427e-07,0.000857110589123068,0.00304949065958012,1.18311684592178e-05,1.11896585649263e-05,1.39207893035524e-11,5.67969513986925e-06,1.90612559927769e-05,-1613.2704021958,0.0895162110327998,0.0722333496710135,1,0.453323127305143
"linear",800,"montoril",18,40.817,48.1840647475552,324.935947738788,207.576025546574,1195.89239464084,164.204699843094,39.5717258279485,1376.53850522493,95.9025888143345,1.18049010822832,7.96079936641076,5.08552871466728,29.2988802371766,4.02294876750114,33.7246369215016,0.00202666359704223,0.00192809659105664,4.41519001965512e-07,0.000888396806067639,0.0033672831642608,1.17992479440197e-05,1.11137833509864e-05,1.35397952362711e-11,5.89244908395653e-06,1.92118715853116e-05,-1601.51109501185,0.0832683581605081,0.0650288387295119,0.99375,0.45448058499908
"linear",800,"montoril",190,40.534,175.426862164305,579.817468685298,191.692495695552,1041.97554535656,142.657735423539,7.56907272693277,1262.15708019266,77.0372086165308,4.32789416697845,14.3044720157226,4.72917786785296,25.7062107207915,3.51945861310354,31.1382316127859,0.00203385034112967,0.0019554149162761,4.00551451938589e-07,0.000931720135544386,0.00330848494324094,1.20404741704134e-05,1.13094567200976e-05,1.49948201552021e-11,5.73479564683327e-06,1.97704437947961e-05,-1583.0240180155,0.0974439168662393,0.0771503285584398,0.9975,0.461095773460481
"linear",800,"montoril",191,40.804,79.750798328739,400.009014393637,178.612316580288,665.772963780634,169.409976356587,9.31312080963758,1560.05914158726,210.073323616719,1.95448481346777,9.80318141343097,4.37732370797687,16.3163651549023,4.15179826381204,38.2329953334785,0.00240655295365843,0.00225503214389011,7.70640235853812e-07,0.00102566598818332,0.00414520004351412,1.2631296451194e-05,1.18379529556964e-05,1.82327204175987e-11,5.99002149193091e-06,2.10857641218297e-05,-1606.89333931112,0.0768069745473855,0.062949322153816,1,0.483696220970258
"linear",800,"montoril",192,40.274,97.80523566653,415.881998655789,184.846899777975,1278.29876836163,146.795039809576,41.0334968943197,1223.71905812084,258.191153892127,2.42849569614466,10.3263147106269,4.58973282460086,31.7400498674487,3.64490837288515,30.3848402969866,0.00191273051618265,0.00182378526395437,4.01239792288108e-07,0.000845360782288987,0.00312834298980952,1.18983489386636e-05,1.13118287118051e-05,1.27334684183222e-11,5.96108330870942e-06,1.90304083030504e-05,-1596.06618620757,0.0919085875539535,0.0740090606973462,0.98625,0.444672399568998
"linear",800,"montoril",193,40.205,65.1218629538659,408.622089139531,145.597464079645,1070.3802501643,132.596609419483,29.3851715347286,1033.42484469241,137.531109402103,1.6197453787804,10.1634644730638,3.62137704463737,26.6230630559457,3.29801291927579,25.7038886877852,0.00184060939737772,0.00173640206069754,3.81730346928823e-07,0.000816540094362182,0.00304368583614973,1.15936980492252e-05,1.10329678204887e-05,1.2392136030515e-11,5.75206274053162e-06,1.85590042915355e-05,-1573.61988545975,0.0929130816732549,0.073305772532506,0.965,0.454292071878193
"linear",800,"montoril",194,40.231,77.4403103422184,307.146658806259,85.0322625096244,914.162752352049,171.670796770529,15.8944829157394,1447.61784760717,206.488692468778,1.92489151008472,7.63457678919885,2.11360051973912,22.7228443824923,4.26712725934054,35.9826464071777,0.00215296496844884,0.00202892071313929,5.91981353846147e-07,0.000911757008260691,0.00368675941299805,1.20078669927666e-05,1.13449890274145e-05,1.44934865409773e-11,5.95554754899287e-06,1.96263416747566e-05,-1586.68380160016,0.0768885346401137,0.0596678303806321,0.99625,0.462821274918906
"linear",800,"montoril",195,40.423,70.777491263235,627.496637623852,122.208625564439,986.607929915682,195.089468758454,40.4088472543156,1938.74974539321,318.654758546177,1.75092128895023,15.5232574926119,3.02324482508569,24.4070932369117,4.82619965758241,47.9615502410314,0.00269107021463048,0.00249289853905034,1.17276772114977e-06,0.00094188367425116,0.00492261133112084,1.32776748100866e-05,1.24586235720098e-05,2.01555123485326e-11,6.12101217180455e-06,2.23592599369875e-05,-1600.31329472472,0.117120437678542,0.0967858211379748,0.99125,0.483717776511986
"linear",800,"montoril",196,42.021,70.4448344739537,245.63520484634,175.628863824054,791.295120539554,141.860935273721,28.3683300867723,1201.31662062099,154.64408829846,1.67641975378867,5.8455344910007,4.17954983993846,18.8309445405762,3.37595333937129,28.5884824402321,0.00198611502615045,0.00187227662592025,4.59789173367117e-07,0.000863714617197738,0.00336205838802753,1.20546746899911e-05,1.13916896656937e-05,1.51039720266232e-11,5.9063404213139e-06,1.97060936824994e-05,-1582.98225341522,0.0856137474080682,0.0668956965370304,1,0.465838726115214
"linear",800,"montoril",197,40.891,126.783831594914,452.13609823829,142.66869176487,1088.4109185092,187.086110858134,14.6936453932458,1812.68039215033,302.818320494085,3.10053145178436,11.0571054324494,3.48899982306301,26.6173710231885,4.57523931569621,44.3295686618163,0.0025213865601222,0.00233861956738831,9.9176795769451e-07,0.000939289116210597,0.00456365125827211,1.2819993609401e-05,1.20725800503918e-05,1.73405246088707e-11,6.10086631043323e-06,2.11576851501264e-05,-1614.52715304439,0.108346993025861,0.089984544324553,0.99875,0.487635324512317
"linear",800,"montoril",198,39.968,96.4112705374007,456.651652938406,197.602646503186,1203.76553778058,123.671664884802,24.7282860476936,977.023955468302,228.227734431812,2.41221153266115,11.4254316687952,4.94402137968339,30.1182330309392,3.09426703574866,24.4451550107161,0.00174594727809743,0.00164928154785452,3.26455280897974e-07,0.000786572476312605,0.00289290661691181,1.14112299206056e-05,1.08311328580532e-05,1.19750801916371e-11,5.63417246235485e-06,1.81971391711311e-05,-1562.18966273391,0.0907555326745139,0.0753426452810213,0.9925,0.444321884538984
"linear",800,"montoril",199,39.859,56.9272699129299,149.050865360696,55.1220537219295,985.411586654245,194.013476760345,39.6336974388566,1957.02658815834,108.839755227729,1.42821620996337,3.73945320657057,1.38292615775432,24.722436254152,4.86749483831367,49.0987377545433,0.00268239730657666,0.00243780844315896,1.28727034006386e-06,0.000986362723041022,0.00500552674258103,1.31565230493195e-05,1.24320942089205e-05,1.84944630962736e-11,6.14621634901254e-06,2.173232349818e-05,-1600.86069552003,0.102241587167389,0.0805424472341012,0.9925,0.48503310747783
"linear",800,"montoril",19,40.623,159.468995223811,612.800036746273,141.477760043657,1083.02030609534,171.425129589938,5.40882507253294,1662.84982254734,129.028505157701,3.92558391117868,15.085051245508,3.48270093404371,26.6602738865998,4.21990324668138,40.9337031373198,0.00240828053739197,0.00224166614452981,7.79678169900258e-07,0.00100429978751042,0.00418735763140277,1.24561086422259e-05,1.16897661721865e-05,1.6824108964061e-11,5.97981561465928e-06,2.06226168011764e-05,-1595.28665306036,0.0798046802308302,0.0637618736820353,1,0.475472990174067
"linear",800,"montoril",1,40.559,40.5373613107798,248.146010224084,106.747407233682,934.034548112498,138.886182286587,32.3552139597025,1018.01731431356,130.251802837771,0.999466488591429,6.11814912162735,2.63190431799803,23.0290329670973,3.42429996515168,25.0996650389202,0.00182933606091688,0.00171034982322181,4.25179034010185e-07,0.000809281410557167,0.00306638948713864,1.18200657261842e-05,1.12069415785383e-05,1.31044461229215e-11,5.96813457323914e-06,1.91997174059986e-05,-1601.11020429856,0.0880311182560296,0.0687071580856335,1,0.448051438770336
"linear",800,"montoril",200,40.391,155.094615551215,333.105447187524,113.306522534315,739.963556478928,174.31317190166,40.3770430799901,1548.22840578887,239.380554718795,3.83983104036084,8.24702154409459,2.80524182452315,18.3200108063412,4.31564387862791,38.3310243813937,0.00235034880246566,0.00222518564928614,6.67083047932523e-07,0.000928911434130244,0.00392768852609186,1.30329597453588e-05,1.22614658757576e-05,1.83438393363207e-11,6.07718222840018e-06,2.14779104378148e-05,-1605.71886927111,0.0963590471529613,0.0751226465962742,0.97625,0.473911353614435
"linear",800,"montoril",20,40.382,107.850023325229,420.946018648903,134.287686906224,845.286983535662,200.081691699643,63.8912222063654,1999.47203817624,292.418477726029,2.67074496867983,10.4241003082785,3.32543427532623,20.9322713965544,4.95472467187468,49.5139428006597,0.00244369484750397,0.0022896920094058,7.79775753021183e-07,0.00100104081499831,0.00421515590144455,1.22690304487475e-05,1.15755484271474e-05,1.55303174676758e-11,5.75995434279413e-06,2.00124418805306e-05,-1622.39825964892,0.0832540401042253,0.0602688513847451,1,0.470076625372055
"linear",800,"montoril",21,40.081,137.255572210102,389.123005852716,184.35835039414,1062.09746545713,141.103956596961,20.3575693068818,1089.81011412977,69.0156324259377,3.4244547843143,9.70841560471833,4.59964447978195,26.4987766137854,3.52046996324845,27.1901927130005,0.00192702686076815,0.00182061274368902,4.22345715734858e-07,0.000888734728486432,0.00319641993024457,1.2009868678846e-05,1.13525680255227e-05,1.46811047217735e-11,5.72980699980189e-06,1.96605265788513e-05,-1577.54182323828,0.0786362940677197,0.0627916893903915,1,0.459863582236232
"linear",800,"montoril",22,40.932,87.1030601441629,387.350268254977,135.799745764804,1022.3844238773,165.589709254044,15.5701464961802,1532.83978002196,250.26494165309,2.12799423786189,9.4632626857954,3.31769143371455,24.977631776539,4.04548297796453,37.4484457153807,0.0021740510068722,0.00203293068604508,6.19562460653086e-07,0.000913384856171304,0.00373570804775618,1.22416975672595e-05,1.15732569625181e-05,1.44919033109331e-11,6.11238841239964e-06,1.99445687995195e-05,-1649.99843876242,0.0919751561384605,0.0729975093594181,0.97375,0.461657507987392
"linear",800,"montoril",23,40.363,100.820851798512,355.049877704943,228.605963212028,997.447075338089,138.734806224374,42.5193912396331,1081.24937670319,260.223153124181,2.49785327647876,8.79641943623971,5.66375054411287,24.7119162435421,3.43717776737047,26.7881321186034,0.00190953277707381,0.00180063726383789,4.0387948091669e-07,0.000851596608976209,0.00316331055856248,1.15633499559561e-05,1.0971475547723e-05,1.28941564253351e-11,5.65670569725469e-06,1.86952637177018e-05,-1603.70009810637,0.0808040245359929,0.0665178726265167,1,0.454921370109971
"linear",800,"montoril",24,40.159,95.675423735903,434.896222515709,196.417438095783,1506.47770553305,145.951487259668,31.8671115320362,1180.15720029332,255.546092820279,2.3824154918176,10.8293588614186,4.89099425024982,37.5128291424849,3.63434067729943,29.387116220357,0.00185191725010727,0.00174770598122109,3.78935582718083e-07,0.000863199131430353,0.00305377630835089,1.13984864613163e-05,1.08351316281521e-05,1.17246488227813e-11,5.77814146305872e-06,1.82607283875389e-05,-1565.31032714652,0.0704526771392979,0.0584998211561686,1,0.444767917623295
"linear",800,"montoril",25,40.694,160.828970489624,467.840217221688,160.238994687896,880.018544255956,162.19542375999,33.2496802719125,1361.60853558138,135.096047220899,3.95215438368369,11.496540453671,3.93765652646327,21.6252652542379,3.98573312429326,33.4596878060987,0.00217339910980065,0.00201818982800592,5.92008968017922e-07,0.000956525500481743,0.00374666414976235,1.26811513984512e-05,1.19306821503263e-05,1.72809921823519e-11,5.95255371224969e-06,2.10378722503415e-05,-1565.68853754784,0.122828000482877,0.096723075128081,0.97,0.475511064661982
"linear",800,"montoril",26,40.326,73.0199951364117,283.211204151731,197.369350525967,902.528487770169,122.51082449271,6.82742759393154,1066.36724559213,153.575836506897,1.81074232843356,7.02304230897513,4.89434485260049,22.3808086041306,3.03801082410133,26.44366526787,0.00190416199597435,0.00180811406454937,4.1288739033055e-07,0.000813352785338363,0.00318818823756662,1.22274106533436e-05,1.16047055236331e-05,1.44341711400689e-11,5.95435807708609e-06,1.98229668833821e-05,-1599.19851632764,0.0904663704704851,0.0690167096035884,0.99125,0.458465300472114
"linear",800,"montoril",27,40.272,50.693410298762,216.032826471635,111.279144669735,837.758919938135,141.041516881338,39.3460003128587,1286.10731122476,124.792605488653,1.25877558350124,5.36434312851696,2.76318893200575,20.8025158903987,3.50222280694621,31.9355212362126,0.00206863613720294,0.00195141814534578,5.19469820049068e-07,0.000878418181596885,0.00348690819435844,1.23772971402006e-05,1.16927678122955e-05,1.64867675013035e-11,5.77422662072388e-06,2.01378511044118e-05,-1588.00721831906,0.0953088207817624,0.0721145302852012,0.97,0.463043186581647
"linear",800,"montoril",28,42.142,93.1579249518546,271.668603945784,168.944627662427,619.56558166997,158.020514773628,47.9585363604912,1302.88271501897,195.691834464491,2.21057199354218,6.44650476830202,4.00893710935472,14.7018551960033,3.74971559901352,30.9164898443115,0.00200399459836401,0.00186832064030684,4.95220959249209e-07,0.000873859421774938,0.00346164605782118,1.16979934993993e-05,1.10589251199939e-05,1.3473176023905e-11,5.70287880187424e-06,1.90873578250028e-05,-1585.36414017156,0.0741298333932311,0.0582436488983393,1,0.45422317970015
"linear",800,"montoril",29,40.288,106.074768326744,398.719179939628,67.334370822695,926.651003871607,178.311881678948,18.6643379631022,1539.63301796084,257.947699186317,2.63291224004031,9.89672309222667,1.67132572534489,23.0006702708401,4.42593034350049,38.215672606256,0.00234004657370113,0.00220256416015997,7.10549112346161e-07,0.000929821620998698,0.00405229995895116,1.26833672078957e-05,1.19993746772131e-05,1.56952544597025e-11,6.23959185247215e-06,2.06156855958468e-05,-1592.34379384095,0.101829292144407,0.0731838021742612,0.97875,0.476679901392031
"linear",800,"montoril",2,40.97,96.5849760726655,372.067960095639,30.470227185729,968.082368230357,134.571417013356,12.7918558926385,1099.54590313746,272.924617667889,2.35745609159545,9.08147327546103,0.743720458524017,23.6290546309582,3.28463307330623,26.8378301961792,0.00197753735073719,0.00185129548434895,4.92894644637264e-07,0.000816449922039862,0.00340352701864572,1.19513271743672e-05,1.13013879291321e-05,1.4543045584074e-11,5.74762859989944e-06,1.94124547840736e-05,-1581.0848782009,0.101193051886437,0.0851312388349559,0.9875,0.458015822011686
"linear",800,"montoril",30,41.005,86.2121087608306,524.801679263237,158.164157872843,1023.74642151967,154.441907074538,44.4884077908167,1087.09221536141,293.667085021522,2.10247796026901,12.7984801673756,3.85719199787447,24.9663802345975,3.76641646322493,26.5112112025707,0.00183573270030183,0.00171893454450441,3.91474143372854e-07,0.000870497724352433,0.00309598357316116,1.24392947473686e-05,1.17929022485068e-05,1.52117799984712e-11,6.06434767687457e-06,2.00312180197821e-05,-1574.78995682837,0.114991273336741,0.0902435959567747,0.94,0.448219401134408
"linear",800,"montoril",31,42.015,106.152767283192,639.504097575122,141.564649021808,857.064942968979,241.098357710198,74.8895804303429,2692.2852839421,499.309844603384,2.52654450275359,15.2208520189247,3.36938353021084,20.3990228006421,5.73838766417227,64.079145161064,0.00304009122080107,0.00289377841232196,1.15747508550095e-06,0.00119909534518725,0.00518962050244445,1.33202524997512e-05,1.25245782640741e-05,2.01231209957902e-11,6.29668703173506e-06,2.20209250003098e-05,-1582.13217073587,0.0906026079759176,0.0734100116357812,0.995,0.496730598945288
"linear",800,"montoril",32,40.405,72.1024350587724,242.764175770594,181.537797613674,1083.35607448813,148.842887241737,10.8889511858769,1129.72635961034,49.0383849282317,1.78449288599857,6.00827065389418,4.49295378328607,26.8124260484626,3.6837739696012,27.9600633488514,0.00185141250117828,0.00178219850853674,3.30230719731274e-07,0.000864861691920124,0.00296676718936207,1.24117505465879e-05,1.1763075452363e-05,1.50828380429106e-11,5.99185399026996e-06,2.01512434670131e-05,-1632.51744510026,0.0940862492037587,0.0789319010027626,0.99125,0.458068446985593
"linear",800,"montoril",33,40.196,101.00029227551,363.86381865703,159.070653849162,1180.96616279967,153.358079895444,39.8891807104419,1156.01479267828,224.465691431571,2.51269510089338,9.05223949291049,3.95737520771128,29.3801911334379,3.81525723692518,28.7594485192129,0.00196187323176185,0.00180458809569066,4.93411942355872e-07,0.000865791488760804,0.00335429930051247,1.1942764955536e-05,1.13620115025961e-05,1.27416587422413e-11,6.01627852090918e-06,1.90965986392649e-05,-1608.80393334995,0.102423691598761,0.0815759170359811,0.9775,0.453493330569448
"linear",800,"montoril",34,39.864,120.853582574041,453.636774683957,72.4673027322752,1025.26005269661,151.415990886366,45.7667093724804,1326.54850336135,292.141950707763,3.03164716471104,11.3796100412391,1.81786330353891,25.7189457329071,3.79831403989479,33.2768538872505,0.00201520748919871,0.00187651858067172,5.69844866108372e-07,0.000855372171846821,0.00348731940150867,1.17445000417217e-05,1.11181045741787e-05,1.3528531278229e-11,5.81865246112779e-06,1.90358723949837e-05,-1616.66865364822,0.0885612206091512,0.0678481834544374,0.98375,0.457049231135048
"linear",800,"montoril",35,40.32,83.1522169828142,352.580697528353,221.692357043706,1016.57533462213,153.366524313437,34.1588358203609,1227.21896481638,126.071832201187,2.0623069688198,8.744560950604,5.49832234731415,25.2126819102711,3.80373324190071,30.436978294057,0.00196275966735877,0.00186507379673199,4.13536420417402e-07,0.000908234379521282,0.00325693065362563,1.2210048651041e-05,1.15974303166301e-05,1.41848573634308e-11,5.87835540577913e-06,1.96486056871412e-05,-1559.34665192546,0.0967640111719574,0.074103543387551,0.98625,0.456949227196186
"linear",800,"montoril",36,40.601,91.3927024635334,404.259441251927,163.397906414289,1011.22259567096,160.208685718618,19.9724201510304,1553.60933890996,263.911248498103,2.25099634155645,9.95688385143043,4.02447985060193,24.906347027683,3.94592955145484,38.2652973796202,0.00223811259694328,0.00207543206687011,6.75099939070822e-07,0.000961633100784501,0.00390079241939759,1.2191482564603e-05,1.14695509941487e-05,1.55858839510286e-11,5.64557095619811e-06,2.00035035490698e-05,-1587.769879835,0.102248854927389,0.080713382669541,0.98875,0.46590821965151
"linear",800,"montoril",37,41.489,88.7818384729593,255.121228420748,152.150067177187,959.082787161605,155.596129117586,51.2888563084192,1353.10388754969,181.472961810778,2.13988860837714,6.14912936973048,3.66723871814667,23.1165558861772,3.75029837107633,32.613557510417,0.00207173561833801,0.0019457424134549,4.93185080695393e-07,0.000952555909541026,0.00343284208265463,1.20934731689898e-05,1.14221421936585e-05,1.50053268332597e-11,5.80692088389243e-06,1.97070686119086e-05,-1596.30448672094,0.0761272367205974,0.0602720000591209,0.99125,0.458815889406387
"linear",800,"montoril",38,39.967,149.208349238921,598.849611175301,145.728138569651,910.248387679475,175.350568421474,32.3353311564842,1547.84401749704,418.346192068562,3.73328869414568,14.983601750827,3.64621158880203,22.7749990662165,4.38738380217365,38.7280510795667,0.00219353256649144,0.00205201403931372,6.84504473778047e-07,0.000828328601372467,0.00386846813071327,1.25121828581076e-05,1.1863094973434e-05,1.54679148216453e-11,5.9987449916041e-06,2.03477656958482e-05,-1577.35932476937,0.0874358470547136,0.0703800051960852,0.97875,0.459660649057848
"linear",800,"montoril",39,40.035,78.1885914884686,376.075708087591,173.771657978162,1112.339537768,140.472838793178,23.3862780720212,1139.70438860658,213.153744091655,1.95300590704305,9.39367323810643,4.34049351762612,27.7841772890721,3.50875081286819,28.4677004772469,0.00185316035548229,0.00175229762545757,3.87834228442381e-07,0.000838526015374979,0.00307735289668957,1.16302939694499e-05,1.10496553500051e-05,1.24628194195022e-11,5.70463781968377e-06,1.85635442128419e-05,-1584.10035638894,0.0725850177325807,0.0536964317599488,1,0.448575331471552
"linear",800,"montoril",3,40.484,120.261318038212,413.074047559994,146.165784656143,1179.48334622481,152.753928816947,39.4071490319031,1195.84915984684,192.397065876109,2.97058882615878,10.2033901679674,3.61045807371165,29.1345555336629,3.77319259008366,29.5388094024019,0.0019678978423558,0.00185408999319474,4.49961254178995e-07,0.000889322588536149,0.00334260986459746,1.1739359359018e-05,1.11468933809753e-05,1.30128302851862e-11,5.86146845650537e-06,1.88774062141924e-05,-1577.99771473475,0.0970737220574455,0.0716893288025175,0.96,0.453993511417154
"linear",800,"montoril",40,40.651,43.8929133643473,299.60166938518,133.737073043192,930.478843393933,171.107797094611,43.2759777248435,1481.72730425229,143.128329245148,1.07974990441434,7.37009346351086,3.28988396455665,22.8894453615885,4.20919035434826,36.4499595151975,0.00216998669657323,0.00205022599363395,5.84996932500082e-07,0.000950320511610561,0.00372589751713819,1.19747143374306e-05,1.13552283879473e-05,1.39924324351586e-11,5.87742143803429e-06,1.94432498397501e-05,-1581.70474660336,0.0818161126855224,0.0598711472464846,0.97875,0.457758447784873
"linear",800,"montoril",41,40.379,180.495129626022,754.450594432341,178.33575053297,1157.76865635784,154.557572816324,21.3576815415907,1365.68680287553,157.993170915009,4.47002475608663,18.6842317648367,4.41654698068229,28.6725440540341,3.82767212700473,33.8217093755549,0.00211869442586666,0.00202418529578274,4.77903924881242e-07,0.000921896206203741,0.00346642462423512,1.21415994590606e-05,1.15179656732748e-05,1.37256909661864e-11,5.78468571274659e-06,1.94095449833719e-05,-1602.94363274201,0.124141449041495,0.101407812616713,0.9725,0.47367087538766
"linear",800,"montoril",42,40.56,126.733445923113,412.216031596957,147.451267064171,975.663813446675,151.69202305364,31.8780454915673,1242.07236809735,243.557243961461,3.12459186200969,10.1631171498264,3.63538626884051,24.0548277476991,3.73994139678599,30.6230859984554,0.00202625141987071,0.00189136734802821,5.09826123955192e-07,0.000884879838966011,0.00345561774243091,1.24019688404236e-05,1.17725542087375e-05,1.49330642753192e-11,5.98482226630829e-06,2.00762812925875e-05,-1611.14438945226,0.0934336670582958,0.0710242347492554,0.98625,0.456820264220129
"linear",800,"montoril",43,40.271,141.294427608069,701.852608192964,173.722594971782,775.537485833371,159.534307349269,26.9318719273966,1335.32497395516,312.766163466158,3.50858999299915,17.428238886369,4.3138386176599,19.2579644367751,3.96151839659478,33.1584756761729,0.00211108657470779,0.00196093370647751,5.8194111539128e-07,0.000909511285107063,0.00359264291789025,1.25824102138559e-05,1.17720789858588e-05,1.74309587980878e-11,5.93909393020846e-06,2.08606942369478e-05,-1582.59397490586,0.100812280814386,0.0808237621871921,0.96625,0.459729350795205
"linear",800,"montoril",44,40.663,47.4551143852473,271.005403162108,203.012078838136,747.530213111908,151.32534180057,31.2947678627343,1230.6409337663,161.181276096062,1.16703426666127,6.66466820357838,4.99255044728957,18.3835480193765,3.72145050292822,30.2643910622999,0.00198158152139589,0.00186910462806741,4.80494655471508e-07,0.000834143505487888,0.00340655669007317,1.20518235347568e-05,1.13902046575322e-05,1.48540241965261e-11,5.74721318612659e-06,1.96738858125726e-05,-1590.21583088065,0.1031572332966,0.0828338712516786,0.99625,0.457691583633761
"linear",800,"montoril",45,40.655,67.8942382690323,261.136075364635,101.744372071144,1172.01491980127,164.223547016951,35.8583119411066,1388.00009599846,196.755062906742,1.67000955033901,6.42322162992583,2.50262875590072,28.8283094281459,4.03944279958064,34.1409444348409,0.00223101064202847,0.0020971432385162,6.34851624957439e-07,0.000926652305312143,0.00382662132753017,1.24006008390648e-05,1.17102384907434e-05,1.57558660901255e-11,5.93687900549168e-06,2.0393382970562e-05,-1596.16310544032,0.0924463924710149,0.0754157478106049,1,0.466632633963568
"linear",800,"montoril",46,40.202,112.208650271341,345.974452243357,235.725840161849,963.946063029398,132.902388636632,15.9110481985797,1135.08233386015,105.835450963393,2.79112109525251,8.60590150349131,5.86353515153099,23.9775648731257,3.30586509717507,28.2344742515336,0.00201084015842754,0.00191290315469966,4.06510172999399e-07,0.000931415346346671,0.00327664272865558,1.21327427192293e-05,1.14440885883853e-05,1.48606972529153e-11,5.84483441718589e-06,1.98268023426996e-05,-1607.45891267764,0.0733004706221216,0.0564184499987855,1,0.461541288357418
"linear",800,"montoril",47,40.787,77.0867919109672,282.915524818264,182.182387051723,1123.64309442173,161.920655539148,34.6960873044234,1425.95196795012,213.412433405021,1.88998435557818,6.93641417162979,4.46667779075987,27.5490498056176,3.96990843992322,34.9609426520735,0.00216186423885814,0.00200370706517995,6.27281454268132e-07,0.000945233759675652,0.00383797368318791,1.22679137580045e-05,1.16115346603347e-05,1.55097175774913e-11,5.99539102249572e-06,2.00299209053295e-05,-1625.6015724508,0.0962664901246764,0.0740946599412495,1,0.467982666067858
"linear",800,"montoril",48,40.29,52.3344451794992,506.800649350226,150.823340233738,910.93068692111,151.191204643276,23.0560339711112,1222.81650893578,260.034580988213,1.2989437870315,12.5788197902761,3.74344354017716,22.6093493899506,3.75257395490881,30.3503725226056,0.00202618354957866,0.00189524536611168,5.59646438345227e-07,0.000818101503441178,0.00347891654317426,1.16592598030378e-05,1.09767594311773e-05,1.37494031912905e-11,5.8004227095653e-06,1.91828003455877e-05,-1570.59875961219,0.0736123251908425,0.0575220339311146,1,0.455337777881165
"linear",800,"montoril",49,39.97,125.173310855763,450.438205406038,122.765287963158,1129.7917491035,166.230143438369,51.4800300136677,1407.73603885863,182.420251101455,3.13168153254348,11.2694071905439,3.07143577591088,28.2659932225043,4.15887274051462,35.2198158333409,0.00212033463902118,0.00199840617989315,5.11267845713366e-07,0.000947009285918532,0.00360915633399244,1.20651857777635e-05,1.14520429568534e-05,1.39616349697258e-11,5.94942200817072e-06,1.95931052910795e-05,-1616.32470389934,0.0950970959662301,0.0757678016542444,0.98625,0.463889904733569
"linear",800,"montoril",4,40.967,65.3083067518184,332.049981726811,165.977715980586,705.151145413007,163.757936393357,14.1926416080199,1393.90807305113,45.5878963974827,1.59416864187806,8.10530382324338,4.05149793689032,17.21266251893,3.99731335937112,34.0251439707846,0.00211933465801094,0.00200205841709486,5.41471419694155e-07,0.000883793469401658,0.00357942297362194,1.20027304736964e-05,1.13500613297209e-05,1.45802081272900e-11,5.87089194097558e-06,1.97114416200227e-05,-1623.43068000784,0.083193222324762,0.0648915528993755,0.98375,0.456095635463462
"linear",800,"montoril",50,40.28,85.6441421419565,352.128733367018,125.866745607587,993.037426901625,138.718105587223,54.48333298764,1091.58815878247,213.495914071339,2.12622001345473,8.74202416502031,3.124795074667,24.6533621375776,3.44384571964306,27.1000039419679,0.00188105756970307,0.00177573498323434,4.02944556810641e-07,0.000827952797228935,0.00311876229546149,1.18139425056105e-05,1.1114757027703e-05,1.43758390712753e-11,5.74544937514308e-06,1.92360163662234e-05,-1580.37140473167,0.0636599981513506,0.0523146011008115,1,0.451340856962374
"linear",800,"montoril",51,40.167,109.061341484823,433.661665308008,114.563829354682,904.429239898793,148.844886191146,6.72581639292203,1282.46312396957,27.8766119530837,2.71519758719404,10.7964663855406,2.852187849595,22.516723676122,3.70565106159647,31.9282775405076,0.00224679547777649,0.00208515213278928,7.57829585756244e-07,0.000886607982864428,0.00403466026055921,1.29778102558501e-05,1.22875338421945e-05,1.73640332194326e-11,6.15050257511338e-06,2.12346789817303e-05,-1573.51266916165,0.0936566335587487,0.0736073240302484,0.98875,0.472803444382168
"linear",800,"montoril",52,40.218,76.7927320963294,244.284415390874,30.4424485288243,747.717421762059,162.285171429818,49.8059493830416,1306.26624578152,184.414949016,1.90941200697025,6.07400704636915,0.756935912497496,18.5916112626699,4.0351377848182,32.4796420951196,0.00197213039351345,0.00184858290130879,4.62560926689523e-07,0.000844441966101106,0.00336255339313147,1.21395273180008e-05,1.14702678973607e-05,1.48128199327223e-11,5.83109250761401e-06,1.97074518887384e-05,-1567.07829793194,0.116293671985833,0.0903277321179295,0.97625,0.455722285932428
"linear",800,"montoril",53,40.48,101.195632868601,398.762130442861,118.607502863833,810.050248599593,192.338706360588,63.7202123027431,1867.8209940413,277.904964288967,2.4998921163192,9.85084314335132,2.93002724465992,20.0111227420848,4.75145025594339,46.1418229753285,0.00248244384833696,0.00234842303698911,7.81178768819535e-07,0.000987951385872856,0.00420538040004761,1.27672496725004e-05,1.20036430619252e-05,1.81266925271885e-11,5.74059283026845e-06,2.10962554358112e-05,-1630.75568729643,0.0927170782022873,0.0750812366803917,0.98875,0.474135127801722
"linear",800,"montoril",54,40.933,165.568974476152,559.455072278032,139.142416564869,1103.29566145519,182.74615150677,30.4276838755936,1752.71722625777,259.658037489805,4.0448775920688,13.6675804919755,3.39927238572469,26.953696564024,4.46451888468399,42.8191734360485,0.00251251503405745,0.002366962524916,8.78107315037838e-07,0.00100757930791678,0.00441521361595147,1.25601656380945e-05,1.18393916494064e-05,1.6668032120532e-11,6.12578260524645e-06,2.086444371344e-05,-1597.51420605096,0.0875193806678028,0.0727222851864424,1,0.483016594966902
"linear",800,"montoril",55,40.316,99.4951564503882,515.428075013856,264.760074780524,1311.77074253588,139.93123286474,32.7311602738692,1118.59470314894,213.504409043611,2.46788263841622,12.7847027238281,6.56712160880355,32.5372244899265,3.47086101956395,27.7456767325364,0.00180887191691454,0.00172502283223255,3.06270973849174e-07,0.000883241858288436,0.0029434158454754,1.11406076899837e-05,1.05632667372065e-05,1.15310168377958e-11,5.5723572705929e-06,1.78532568390228e-05,-1613.92527236769,0.0665408661814968,0.0539083310523742,1,0.449411853928352
"linear",800,"montoril",56,40.094,50.5790233704197,276.867122111055,131.894393756163,1104.53287606884,145.458634177939,36.7116123075232,1121.16490349852,168.455909663043,1.26151103333216,6.90545024470133,3.28962921524823,27.5485827323,3.62794019499024,27.9634085773063,0.00187982655607001,0.00178259117477852,4.08332531685076e-07,0.000811663596737903,0.00314603159017583,1.16127671042687e-05,1.09890477103993e-05,1.28652539131634e-11,5.78765036485196e-06,1.87165035743916e-05,-1607.37474957538,0.0924490807379501,0.0750059213302886,0.99125,0.450583089105215
"linear",800,"montoril",57,40.087,151.459147503633,602.701732656506,144.680998212605,963.691238777159,142.857599316854,39.1196320029728,1189.1981783449,146.726426484168,3.77826096998113,15.0348425339014,3.60917499969079,24.039993982517,3.56368895943459,29.66543214371,0.00185697578454585,0.00173613443361271,4.50846572033229e-07,0.000796353689426843,0.00325079971046417,1.13560859340229e-05,1.07761207505713e-05,1.20973376376823e-11,5.71686059795061e-06,1.84108618099076e-05,-1603.01952938028,0.0907376942706942,0.0744112597128039,0.99875,0.448892621307601
"linear",800,"montoril",58,40.417,86.705377228282,354.09800967045,124.289622569434,878.933042107317,142.561321359411,26.5189987238178,1109.18326629569,184.334223139689,2.14526999105035,8.76111561151125,3.07518179403305,21.7466175645722,3.52726133457236,27.4434833435359,0.00193592335202622,0.00183262728834072,4.19268093718057e-07,0.000823122157917311,0.0031996304944336,1.18276533641127e-05,1.12328724930888e-05,1.30466851841194e-11,5.86822515782813e-06,1.91607988382485e-05,-1578.09445084695,0.0923911978124674,0.0732670065405843,1,0.458842257655689
"linear",800,"montoril",59,40.337,105.306959299379,367.335433631438,115.377095118507,1053.66681216683,170.951038929839,45.1196188306142,1502.71646200387,223.242881018936,2.61067901180998,9.10666221165278,2.86032910525093,26.1215958590581,4.23807023154522,37.2540462107709,0.00214415064271728,0.00202361283020708,5.24898608677502e-07,0.00097514911096777,0.00357863594079637,1.19755946689369e-05,1.13280638349755e-05,1.42091864300079e-11,5.93655322520391e-06,1.94840677058858e-05,-1593.11149935199,0.08241190764627,0.0645098982182161,1,0.462121606721731
"linear",800,"montoril",5,40.605,135.089400982301,536.386290951522,96.3688973572595,1060.55502012518,195.359294309225,58.5138068745122,1827.06057545656,405.573320384261,3.32691542869847,13.2098581689822,2.37332587999654,26.118828226208,4.81121276466506,44.9959506330884,0.00250426714745412,0.00237152199858992,8.51731273815033e-07,0.000991564390255516,0.00431454602351725,1.28053518317209e-05,1.19962775749165e-05,1.89105804599229e-11,6.09084710186873e-06,2.13595647592305e-05,-1572.65007171735,0.0898391505627383,0.0694078164819591,0.9775,0.478920789457811
"linear",800,"montoril",60,40.357,25.2571960804149,234.598987815854,137.91412546224,819.182056182998,131.199822439267,17.0201133986002,1067.8090327399,151.735029114636,0.62584424214919,5.81309284178344,3.41735325872191,20.2983882890948,3.25098055948825,26.4590785425056,0.00181185778348713,0.00172279409667802,3.48567940373785e-07,0.000798249264919772,0.00298931212610178,1.18579665480233e-05,1.12077979161801e-05,1.41933012633213e-11,5.58764913410165e-06,1.92406244353506e-05,-1564.31502522546,0.0834823684707756,0.0681570034409815,1,0.455528287702803
"linear",800,"montoril",61,40.537,73.4633922173149,259.149067860008,205.806438635492,1265.53804286068,155.713728265739,62.0261985856626,1281.02320603351,165.447113081532,1.81225527832141,6.39290198732043,5.07700221120192,31.2193315455185,3.84127410182646,31.6013322651778,0.00202954218022344,0.00193581928955619,4.43376096506524e-07,0.000891272987988499,0.0033368663214233,1.22063445902099e-05,1.1521742189597e-05,1.46035812303862e-11,6.05465720387597e-06,1.98680514299182e-05,-1632.05099159818,0.108124361614265,0.0848705104108486,0.97125,0.455689420258776
"linear",800,"montoril",62,40.553,104.614336002775,517.262574947202,198.815131251387,972.80376059329,149.255854532652,58.0318432365098,1208.46894862581,118.311930955465,2.57969412873955,12.7552234100363,4.90259983851719,23.9884536432148,3.68051326739458,29.799742278643,0.00202568310430112,0.00191434157249456,4.69631015110363e-07,0.000894313015240296,0.00338419186723268,1.20264038089314e-05,1.13800543029047e-05,1.34927432345757e-11,5.9829748510673e-06,1.96375621075064e-05,-1607.26130807171,0.0959919684873432,0.078341104925534,0.99625,0.457290989899783
"linear",800,"montoril",63,39.914,183.020919667421,674.288726013525,74.4661403972757,967.773216088336,213.087419586907,11.9670699877923,2313.78589055172,190.501851067356,4.58538156204393,16.8935392597466,1.86566468901327,24.2464602918358,5.33866361644805,57.9692812184126,0.00301012330702632,0.00277216039574257,1.5001402417453e-06,0.00119795293917798,0.00544423588219432,1.32309359156515e-05,1.24293748376464e-05,1.92191490535523e-11,6.33096618991219e-06,2.21235003548431e-05,-1594.26657493931,0.104265751022201,0.088436025786564,1,0.498824218094083
"linear",800,"montoril",64,40.981,73.1086134826892,652.553943669227,172.130279496001,660.853761487935,173.112210712123,39.5413709199068,1438.21864415207,201.853181263601,1.78396362906443,15.9233289492503,4.20024595534519,16.1258573848353,4.22420660091562,35.0947669444882,0.00220466707954152,0.00207399601886882,5.78216212678284e-07,0.000992649323002535,0.00371096634652645,1.28124529131555e-05,1.20495580924259e-05,1.79062527238408e-11,6.0122968889463e-06,2.13422338092263e-05,-1595.40469085355,0.0908454788936755,0.070142609532119,0.9875,0.467096711242846
"linear",800,"montoril",65,40.34,105.730884748489,343.131977993841,179.840241645794,828.82077952554,125.719409957634,7.47285305652695,961.792355262997,60.379414890134,2.62099367249601,8.50599846291128,4.45811208839352,20.5458795122841,3.11649504109158,23.8421506014625,0.00173324783883397,0.00165713273335377,2.87313832570747e-07,0.000851572813231906,0.00276625032539479,1.16951059481394e-05,1.10830079543907e-05,1.33359423486027e-11,5.76464869015331e-06,1.89781363218428e-05,-1585.89921912609,0.0826146671839717,0.0659784755984647,0.98125,0.442101286210256
"linear",800,"montoril",66,40.751,126.819190290015,441.869386555205,149.767035140845,663.218086032517,145.942325994869,33.592748117803,1139.05993464503,173.910413663697,3.11205099973043,10.8431544392826,3.67517447770227,16.2748910709557,3.58131888775414,27.9517051028202,0.00196429099728643,0.00186223318088434,4.47706728903765e-07,0.000863120093747641,0.00328828034925191,1.23403388248791e-05,1.16681764320704e-05,1.53838852799083e-11,5.93048751162363e-06,2.01793438884962e-05,-1606.27992309805,0.0918603808257765,0.0714443284070961,1,0.45978827022205
"linear",800,"montoril",67,40.143,114.58134415909,507.480132197051,192.94454465704,967.422731642712,135.620026922045,12.9943401616248,1025.6318170136,238.078602159633,2.85432937645642,12.6418088383292,4.80643062693472,24.0994128899861,3.37842281150001,25.5494561197121,0.00183675172543265,0.00174236932534987,3.47794978394035e-07,0.000865054759772332,0.00300028871616388,1.17390487756967e-05,1.11232666727548e-05,1.31573529111747e-11,5.7624363963161e-06,1.90418586118986e-05,-1589.94192131044,0.0932122506628029,0.0709175765322718,1,0.452447844796278
"linear",800,"montoril",68,40.047,163.21552537947,528.521483297504,184.112559924624,804.023087401141,167.029350095842,58.5258631678721,1523.55248061379,371.311390381962,4.07559930530302,13.1975299847056,4.59741203896981,20.0769867256259,4.17083302359332,38.0441101858763,0.00239612008415548,0.00223270813841534,7.597314041235e-07,0.0010103692847496,0.00423370517143678,1.30680702403518e-05,1.22618390694319e-05,1.90584257268703e-11,5.96233090938047e-06,2.1783745391246e-05,-1581.77014205787,0.0948969631103241,0.0723638078124867,0.98375,0.481332523348407
"linear",800,"montoril",69,40.385,149.264550518837,602.14587780415,181.698739786242,854.918425301025,143.15600549178,52.7102422819354,1095.73168386794,276.932571212673,3.69603938390087,14.9101368776563,4.4991640407637,21.1692070150062,3.54478161425728,27.1321451991567,0.00198016664020662,0.00186150400962093,4.8587685352795e-07,0.000830100619059193,0.00335417813709269,1.20851862564435e-05,1.14634892805155e-05,1.36972330453947e-11,6.03545563733822e-06,1.96233300061336e-05,-1612.47569950257,0.0870685767969114,0.067224689752865,0.98875,0.45822020306062
"linear",800,"montoril",6,40.429,124.511070674228,420.730940121822,84.766854564228,662.495831166989,158.383880075169,47.3708913077025,1372.22260976154,297.7178279746,3.07974648579554,10.4066620525321,2.09668442366193,16.3866489689824,3.91758094623091,33.9415422039016,0.00210576589305491,0.00197440728942065,5.98186463401151e-07,0.000841607743698421,0.00366947755212198,1.203882056869e-05,1.12703273147093e-05,1.61091116885237e-11,5.62537604718934e-06,1.99891692543632e-05,-1574.8924141967,0.0994917788703722,0.0793336791708349,0.97375,0.461354255636264
"linear",800,"montoril",70,40.353,89.5309358005276,320.701542324157,153.118659356831,977.789547881012,142.853115756501,46.0668444663577,1152.41936051176,237.514374897707,2.21869342553286,7.94740272902032,3.79448019618941,24.2309009957379,3.54008662940801,28.5584556417555,0.00194639032601159,0.00182686492007711,4.50960538900396e-07,0.000832366502124788,0.0032917780775961,1.23001175747161e-05,1.15628623858291e-05,1.58984050620223e-11,5.88128142684348e-06,2.01200053011866e-05,-1581.63063110403,0.0805157650862965,0.0633332200835298,1,0.45376579671806
"linear",800,"montoril",71,40.162,154.365737731154,648.690328718194,136.394926410041,674.204737531612,168.892790722663,48.0467349006104,1439.46054712289,383.142131649793,3.84357695660461,16.1518432527811,3.39611887879193,16.7871305595242,4.20528835024807,35.841356185521,0.00216110452484553,0.00205989478938871,5.38546104843806e-07,0.000919131845076133,0.0036144048064618,1.27534323259177e-05,1.19664405389544e-05,1.76953893987117e-11,6.07843339157717e-06,2.11567835586107e-05,-1559.06659596081,0.0870629042883029,0.0686200874521364,0.98875,0.464649455583777
"linear",800,"montoril",72,40.415,141.221766693377,504.778876219571,144.74623237291,773.942954106091,169.313716082147,66.1473837401937,1484.67800608663,361.735044886712,3.49429089925467,12.4898893039607,3.58149776995943,19.1498937054581,4.18937810422237,36.7358160605378,0.00214252537203828,0.00201837487760246,5.469877478654e-07,0.000892844494110591,0.00367495644430548,1.18986458157925e-05,1.12819087349981e-05,1.34353239681559e-11,5.97453152353713e-06,1.94187585849903e-05,-1606.16532718781,0.100866563576733,0.0745332717866676,0.96375,0.45606039033322
"linear",800,"montoril",73,40.746,72.7018108430682,304.610649738171,189.177094385967,927.88345935717,148.334032681918,37.4484824448636,1313.05464454636,201.975638505365,1.78426866055731,7.47584179399624,4.64283842305913,22.7723815676918,3.64045630692382,32.2253630919934,0.00210812017995452,0.00200528827130768,4.87160851499465e-07,0.000943619709152657,0.00348760426532817,1.24990124581047e-05,1.17919058763652e-05,1.62151555918418e-11,6.09186254367398e-06,2.06375484969708e-05,-1614.73614333947,0.0876032460308648,0.0743005570760841,1,0.467049454571413
"linear",800,"montoril",74,40.247,61.522389476134,660.870939341617,81.8122195739838,896.035909525407,159.117020323708,25.4239894694673,1361.71071978489,184.548077971927,1.52862050528322,16.4203776515422,2.0327532381043,22.2634211127639,3.9535125679854,33.8338440078735,0.00208592256845086,0.00195048748969872,5.44845936769244e-07,0.000883474851238663,0.00355198452284804,1.19439410358313e-05,1.136686973791e-05,1.39027566938536e-11,5.66424695900594e-06,1.9267784111598e-05,-1570.1425828367,0.098621974458717,0.0823088180487715,0.995,0.45795030691008
"linear",800,"montoril",75,41.471,105.686032873437,486.359072612839,126.019653268529,867.718248145983,172.171385042531,28.1013152967819,1491.10398154245,336.925765024298,2.54843222669908,11.7276909795481,3.03874160904074,20.9234946865516,4.15160919781368,35.9553418423102,0.00225549147971486,0.00213932546654131,5.92937424131075e-07,0.000961396959045579,0.00380241719504581,1.23783886239312e-05,1.16623385862812e-05,1.63821525276241e-11,5.9333472018893e-06,2.02338594684406e-05,-1615.65083878001,0.0863716086245649,0.0723669060879717,1,0.463620191779181
"linear",800,"montoril",76,41.039,141.253083717497,468.847799839405,143.645554604634,850.135429264953,153.522292896615,22.0212135813588,1344.39683429614,302.577882078982,3.44192313939172,11.4244450361706,3.50022063414396,20.7153056669254,3.74088776277724,32.7590056847423,0.00213307011528303,0.00199804125381306,6.08711096500602e-07,0.000867537369175876,0.00370261364209572,1.23798974525617e-05,1.16483761387134e-05,1.62636786418833e-11,5.80766832461181e-06,2.02586597596764e-05,-1598.06592335311,0.0872962689939776,0.0727846458161684,1,0.457735137326208
"linear",800,"montoril",77,40.508,50.2951831206541,233.524276994646,148.91537770157,894.268218022547,142.093242176246,26.621125503427,1087.34061294251,146.458500204699,1.24161111683258,5.76489278647789,3.67619674389182,22.0763359835723,3.50778222020949,26.8426141241857,0.00197272467459362,0.00185564656416339,4.89082027782794e-07,0.000826578386912828,0.00336182502664477,1.19681612413981e-05,1.12662734061609e-05,1.49034114024137e-11,5.69173061423407e-06,1.97405078891949e-05,-1576.56966250175,0.0830415337594963,0.065218003426444,1,0.462981627617652
"linear",800,"montoril",78,40.666,110.116948670361,416.314728843777,132.339429738325,901.431113174284,162.243860603295,49.6077424243526,1346.93452879582,271.549609164613,2.70783821055332,10.2374152570643,3.25430162146079,22.1667022371092,3.98966853399142,33.1218838537308,0.00213622475848657,0.00199683332155856,5.7970747540051e-07,0.000934000279914978,0.00366383856108063,1.26513466105012e-05,1.19261418865862e-05,1.74842906252137e-11,5.77682584126081e-06,2.07248118092639e-05,-1615.41636221083,0.0822391991562703,0.0616665645160771,1,0.465428588892783
"linear",800,"montoril",79,40.45,84.668692426182,290.554335276932,178.331140601065,1088.53977344487,141.206128714082,54.5062267586376,1083.76571190161,171.010996832014,2.0931691576312,7.18304907977581,4.40868085540333,26.9107484164369,3.49088080875358,26.7927246452808,0.00188920345748819,0.00179866794276608,3.59380403280503e-07,0.000860689272051042,0.00309351958574217,1.20258899844257e-05,1.14324135972059e-05,1.37628222162809e-11,5.8086138295847e-06,1.93632519964798e-05,-1589.26245875642,0.102863844513505,0.0841033299056514,0.95875,0.458142044902218
"linear",800,"montoril",7,40.488,109.584309191899,347.993322244207,166.889887184392,1190.62334139601,125.445620493011,31.4216956181791,942.545743377042,230.202186427753,2.70658736395721,8.59497436880575,4.12195927643727,29.4068203269118,3.0983407551129,23.2796320731338,0.00174807277804354,0.0016538490162725,3.47929172896562e-07,0.000802879044760786,0.00293687624669183,1.14434573569987e-05,1.08334010122792e-05,1.22675995915172e-11,5.62958086924783e-06,1.83787587388488e-05,-1573.10827994217,0.0902497670578562,0.0726553817998461,1,0.452354567330591
"linear",800,"montoril",80,41.347,77.5986048907551,399.534742732625,122.539948824012,841.928826013641,174.30949378959,55.5339689684607,1626.25497686754,294.59019250836,1.87676505891008,9.66296811697644,2.96369624940169,20.3625130242494,4.21577124796455,39.3318735789185,0.00243384291910476,0.00227857216388627,8.36576856671385e-07,0.000934811755768804,0.00425496678344406,1.28601066616375e-05,1.214002707049e-05,1.75157480307286e-11,6.030654935727e-06,2.10464854969904e-05,-1576.54284518724,0.107083138344903,0.0849593621717063,0.975,0.481918943361311
"linear",800,"montoril",81,39.913,62.272776073235,339.214133124425,181.339568049177,1110.0986698319,137.995680452373,12.6081509587907,1173.34173522156,66.8876950275001,1.56021286481184,8.4988383014162,4.54337103322669,27.8129599336532,3.457411882153,29.3974829058591,0.00205796257569181,0.00194843457903472,4.92845653638693e-07,0.000876400434755317,0.0034601846451599,1.2382169261371e-05,1.17017301278055e-05,1.51007654102601e-11,6.06051817788883e-06,2.02584378295109e-05,-1595.56391347281,0.102108892733606,0.0797750040169736,0.97375,0.465052290690904
"linear",800,"montoril",82,40.222,82.9865782608507,271.824578373753,135.296339292365,1055.21273983287,169.077405605131,40.7528286815059,1526.18930001993,203.017770890637,2.06321362092513,6.75810696568428,3.36373972682525,26.234715823004,4.20360513164762,37.9441425095701,0.00225980877016962,0.00210374629648021,7.0147502356069e-07,0.000896015847319699,0.0039027488822822,1.26307517235875e-05,1.18998164669728e-05,1.66790012157284e-11,5.96565606688258e-06,2.0877539894798e-05,-1599.8462624785,0.113883227471867,0.0863938845905516,0.975,0.472359920434961
"linear",800,"montoril",83,40.966,146.590355106447,544.041203302075,260.704529390659,828.060151827555,130.976129179654,38.9518240909126,1003.12090540753,150.478723242854,3.57834192028625,13.2803105819967,6.3639244590797,20.2133513603368,3.1971910652652,24.4866695651888,0.00169216672705437,0.00160601218264323,2.6645395080237e-07,0.000825528598626656,0.00270720249402712,1.12768847976081e-05,1.07598217760015e-05,1.10239777368248e-11,5.6224707251458e-06,1.79220710579863e-05,-1589.70881224249,0.0745550228774708,0.0576290432186312,1,0.439549536673399
"linear",800,"montoril",84,40.199,117.028519608654,380.833996073509,120.157344614278,959.342872433042,144.762027321883,60.5842233423571,1143.66641931939,169.44531866316,2.91122962284271,9.47371815402146,2.98906302679864,23.8648442108769,3.60113503624176,28.4501211303613,0.00197601917630798,0.00187038855715802,4.20794240019571e-07,0.000904599555617338,0.00331010076357538,1.19635156371019e-05,1.12307389575883e-05,1.54802484743919e-11,5.81343628457188e-06,1.9745275211779e-05,-1611.16538270902,0.117291066360181,0.0882418607072615,0.96375,0.458528689435028
"linear",800,"montoril",85,40.593,52.2149094711952,220.6844555796,132.04758080773,1113.31599838607,152.804094553739,42.3739733438755,1188.85330500232,141.089394240758,1.28630329049824,5.43651505381716,3.25296432408864,27.4263049882016,3.76429666577338,29.2871506171585,0.00186479220386497,0.00176696244456582,3.92728269639709e-07,0.00083616470264825,0.00308718117389725,1.13575460650252e-05,1.08055126261115e-05,1.1441963204147e-11,5.74273504995345e-06,1.81454112587585e-05,-1610.39239781469,0.0699456357052888,0.0568477228411173,1,0.451499326946093
"linear",800,"montoril",86,41.118,130.80480973178,464.592528190756,159.618534876339,989.774527441836,147.324379742644,21.724822494982,1164.39729405296,150.78083864855,3.18120554822171,11.2990059874205,3.88196251948876,24.0715630001906,3.5829656049089,28.3184321721135,0.0018471382320241,0.00174745737637276,3.90918944469448e-07,0.000830758657895812,0.00312485348154657,1.15058448577257e-05,1.09002007941153e-05,1.22450337412254e-11,5.58421604057503e-06,1.84587943575643e-05,-1604.75109504825,0.0817025165881258,0.0553736647089139,0.98625,0.451054994142184
"linear",800,"montoril",87,40.627,92.4666681857841,299.883763507198,159.387541806914,893.275543819066,146.226017667058,43.835869237421,1265.57269998858,241.456726264569,2.27599055273055,7.38139078709228,3.92319250269313,21.9872386299521,3.5992324726674,31.1510251800178,0.00199937646906007,0.00188391627243432,4.70101391535898e-07,0.000882523336249591,0.00338672616198407,1.19568677429327e-05,1.12797093223733e-05,1.40010061096412e-11,5.83724065090862e-06,1.93318241676446e-05,-1585.59672374942,0.0853010718073612,0.0663154215609712,0.9825,0.452315080322945
"linear",800,"montoril",88,41.2,67.422240358437,457.625465585579,130.608548409508,872.67318991207,158.867823119004,21.8539905859553,1407.12433517729,229.205186568959,1.63646214462226,11.1074142132422,3.17011039828902,21.1813881046619,3.85601512424766,34.1535032810022,0.00218850131662821,0.00206585192333307,5.99220775595484e-07,0.000901533665054067,0.00373895466855331,1.26435198920608e-05,1.18382638897967e-05,1.78039262077851e-11,6.14392768220057e-06,2.1066481426008e-05,-1609.41638396945,0.102439855971711,0.0834813412031473,0.99625,0.46673530010022
"linear",800,"montoril",89,40.372,128.275428026981,613.326899685711,212.643768858414,962.978337143985,149.939249889642,58.3271411353572,1243.46004061565,229.619725154984,3.17733647148967,15.1918879343533,5.26711009755311,23.852628979094,3.71394159044986,30.8000604531767,0.00190380362168464,0.00179834888853581,4.09400276112914e-07,0.000844200594484178,0.00319293011572936,1.22298719498556e-05,1.15390134484886e-05,1.51023958154737e-11,5.85478934692782e-06,1.97548388047019e-05,-1624.4315164259,0.104291261198448,0.0738652945370611,0.95,0.449213036435201
"linear",800,"montoril",8,41.064,166.955328832031,632.698219038604,108.068340812613,623.727567925621,189.962777407832,32.9114555903706,1691.32393405253,445.026523500086,4.06573467835649,15.4076129709381,2.63170516298005,15.1891576058256,4.62601737307209,41.1875105701473,0.0025663693640219,0.00237203097701108,1.01260845524352e-06,0.00091910775311218,0.00454229127112309,1.3410489887883e-05,1.25248806547293e-05,2.23197550277019e-11,5.93849428277209e-06,2.24244181377165e-05,-1574.0068388122,0.10606538502873,0.0870272801317767,0.98125,0.479734905464449
"linear",800,"montoril",90,40.639,80.3704340055314,299.426769993433,193.749314114723,1039.29577924743,146.42988215178,42.3089112079534,1146.49462060301,98.0243758890889,1.97766761006746,7.3679659930961,4.76757090761885,25.573852192412,3.60318615496886,28.2116838653266,0.00178363842081453,0.00170656910393804,3.26997301132094e-07,0.000827520858009631,0.0028797654502485,1.11879117033174e-05,1.06561176556932e-05,1.10906119155596e-11,5.62389753359027e-06,1.77848575129002e-05,-1597.94442167826,0.0667014507950264,0.0512735627574509,1,0.441224320507665
"linear",800,"montoril",91,40.749,62.0491248137458,399.873909149726,189.564691289505,777.035382187409,132.943509665169,29.8601613176525,1054.88751800507,207.930192247894,1.52271527678583,9.81309747845899,4.65200842448906,19.0688208836391,3.26249747638395,25.8874455325302,0.00176961028640852,0.00167757682739958,3.25261614037488e-07,0.000829020218262806,0.00290884054448235,1.13996428064867e-05,1.07178296182723e-05,1.37978002732791e-11,5.64909583099207e-06,1.87564753691144e-05,-1577.88263589336,0.0885166198517736,0.0706373404994207,0.98625,0.436946574092682
"linear",800,"montoril",92,40.252,94.4709691047231,524.649617479534,111.185974471362,817.921180443401,171.237068156782,29.9778879263147,1588.49824801431,322.166675837872,2.34698820194582,13.0341254466743,2.76224720439634,20.3200134264981,4.25412571193437,39.4638340458688,0.00230850013016947,0.00216317739569553,7.71153996391627e-07,0.000897541847479953,0.00404074754014684,1.19900364863377e-05,1.13229911036837e-05,1.49293603345032e-11,5.73153817210878e-06,1.94302178091639e-05,-1588.94254696351,0.0929715051206652,0.0733765893140765,1,0.471142281549825
"linear",800,"montoril",93,40.329,114.268192287899,458.029504771471,131.60828011543,881.875556175871,154.047335207803,32.9604576447347,1276.71084665041,309.880252198594,2.83340009144534,11.3573236324102,3.26336581902428,21.8670325615778,3.81976580643714,31.657389140579,0.00206390144979363,0.00193867528455741,5.03808297694896e-07,0.000920475345521398,0.00349208498423769,1.2279292839153e-05,1.16131770498517e-05,1.53074257488119e-11,6.02208274612166e-06,2.0099845608634e-05,-1576.72655518047,0.102243549159165,0.0800921652577039,0.9975,0.466536735239792
"linear",800,"montoril",94,40.496,131.126341812294,467.034026832121,124.081914512983,1025.34063609095,169.222702173829,11.0090506867374,1500.67760438934,321.697609227917,3.23800725534113,11.5328434124882,3.0640535982068,25.3195534396225,4.17875104143197,37.0574280025025,0.00222771588386993,0.00207702744375205,6.70102333839755e-07,0.000922188840590986,0.00388509595186412,1.20974857695492e-05,1.1403843228944e-05,1.53845652045654e-11,5.79488018391814e-06,1.9758753151892e-05,-1660.1858625675,0.0779156959622173,0.0626660487488625,1,0.461040534874546
"linear",800,"montoril",95,40.243,53.9106254758281,173.704786461671,207.299506114008,710.79441841241,130.281489117649,18.721069639493,983.183547010656,47.4767854209198,1.33962740043804,4.31639754644712,5.15119414839868,17.6625604058448,3.23737020395222,24.4311693216375,0.00186572770141558,0.00178363633067766,3.59020698054234e-07,0.00082806825584729,0.0030264577482127,1.16062433982127e-05,1.09950707268097e-05,1.27071185292206e-11,5.68263788988309e-06,1.87546496718701e-05,-1574.67156190111,0.0877074438561319,0.0661143343259349,0.98,0.450998196268305
"linear",800,"montoril",96,40.427,108.618826155931,569.145346566753,157.141745212681,686.652797799204,158.551286547149,35.1026218212101,1257.90341996198,368.530685767676,2.68678917940811,14.0783473066701,3.88704937820468,16.9850050164297,3.92191571343777,31.1154283019264,0.00211087569892988,0.00198322860312004,5.81140542563657e-07,0.000872530373453091,0.00363329181119133,1.23248957330817e-05,1.1625099323883e-05,1.53835985072927e-11,6.00666055365897e-06,2.02355789706672e-05,-1582.61151269388,0.0972724072682062,0.0767556603810687,0.9775,0.464957570137808
"linear",800,"montoril",97,40.54,89.1938326790437,344.68396788358,181.475775664211,1046.19091463816,147.530493573548,25.7745235670642,1180.33339363609,70.6499909549988,2.20014387466807,8.50231790536706,4.47646215254589,25.80638664623,3.6391340299346,29.1152785800712,0.00193323550330801,0.00182974935391547,4.36807983356546e-07,0.000810271077848907,0.00320185997350435,1.17081041326966e-05,1.10307399351584e-05,1.38523912533481e-11,5.80845790761676e-06,1.90285635092524e-05,-1593.54356907092,0.0852582804447015,0.0698315357072542,0.98875,0.45761908921681
"linear",800,"montoril",98,40.451,95.0023958645403,362.607051803156,174.957028121149,1098.85915714099,138.399741258379,17.9791468790957,1131.11742368367,182.378726068312,2.34857966093645,8.96410599992969,4.32515952933546,27.1651913955401,3.42141705417366,27.9626566384927,0.00197776406526965,0.00183647885189461,4.88348058436497e-07,0.000876655282893382,0.00340925199793525,1.20114154866169e-05,1.13582896995841e-05,1.43443410421855e-11,5.80073694860992e-06,1.94685889387142e-05,-1597.28856089913,0.0971582508982001,0.0785089511645499,0.98125,0.455183368348844
"linear",800,"montoril",99,40.313,102.461207190402,468.820691324964,166.340558539831,961.668231007673,188.475973681356,72.695789090578,1798.97646926795,315.9320866185,2.54164183242135,11.6295163179363,4.12622624314318,23.8550400865148,4.67531500214214,44.6252193899722,0.00270573004215395,0.002550539975598,1.04712548946965e-06,0.00100172749456336,0.00472872477107367,1.309300447073e-05,1.23325519030163e-05,1.91768343339668e-11,6.14518656706407e-06,2.13729346269329e-05,-1607.39059569131,0.114475751481742,0.0905937992748553,0.975,0.49243229186904
"linear",800,"montoril",9,40.756,65.5388762635085,205.193203416979,194.511639123036,1014.56555166458,128.999646607239,5.8160927343758,972.56683619035,44.6813280045202,1.60807920952764,5.03467473297132,4.77258904512308,24.8936488287511,3.1651694623427,23.863157233054,0.00190796957077755,0.00180599977226548,3.88883981788435e-07,0.000899790623208364,0.00316315118258192,1.24206075141855e-05,1.16979863294394e-05,1.58245432383671e-11,6.00253463827708e-06,2.05575651652327e-05,-1591.15573225864,0.0949721247884127,0.0742908794131847,0.96875,0.457121017749765
"quadratic",1600,"montoril",100,81.772,74.2935284806627,184.582025940754,116.70935245274,802.108280778447,113.64543638189,13.5361416928059,912.298563329338,132.837402631313,0.908544837849908,2.25727664653859,1.42725324625471,9.80908233598844,1.38978423399073,11.1566130622871,0.00141820585879148,0.00137739186011705,1.36342016815473e-07,0.00072983654372123,0.00214537491739367,7.04180633100596e-06,6.82617467625458e-06,2.76961829167518e-12,4.18552142880509e-06,1.03842605246528e-05,-3178.88404214772,0.0905096360144973,0.074119488369549,0.99125,0.422786721194852
"quadratic",1600,"montoril",101,76.745,54.3685041562541,262.991823076444,72.683060015074,1087.36651997707,129.383132549739,22.5492198415913,1122.36371804016,123.938115718403,0.708430570802712,3.42682680404513,0.947072252460407,14.1685649876484,1.68588354354993,14.624584247054,0.00158994347131568,0.00150279097254551,2.6338778141995e-07,0.000773169238115986,0.0025846313169989,7.09683895571396e-06,6.85879378728989e-06,2.77457005705827e-12,4.22296233699289e-06,1.05448463811144e-05,-3152.11391608606,0.0809979007756501,0.0652979702735808,0.99625,0.434099062498162
"quadratic",1600,"montoril",102,76.661,59.1046859825107,281.314058800214,127.35778801144,768.913477502035,99.4390195889599,9.13148159322156,799.481596978923,23.9942311520382,0.770987672773779,3.66958504063623,1.66131133185636,10.0300475796303,1.29712656486297,10.4287916538908,0.00132346864603937,0.00126467815468066,1.37121116368141e-07,0.000715724808697925,0.00208686238107913,6.77481649314877e-06,6.52751012078824e-06,2.74914810474173e-12,3.96489253437069e-06,1.00777587565182e-05,-3176.92898306393,0.0750847660731633,0.0598804164357075,1,0.415614342054952
"quadratic",1600,"montoril",103,76.589,130.509393489226,485.661259268031,101.881971127188,716.151922674949,110.106624770824,19.9493533455499,948.756313165543,151.024513218588,1.70402268588474,6.34113592380147,1.3302428694354,9.350584583621,1.43762974801634,12.3876315549954,0.00150532452431773,0.00144791299781734,1.90527688734204e-07,0.000753743583674396,0.00232803530729942,7.24954925513394e-06,7.00282441840681e-06,3.1194724889195e-12,4.25677801222327e-06,1.07438749492475e-05,-3152.89051364996,0.0948184904389414,0.0753399677510607,0.986875,0.431494686295632
"quadratic",1600,"montoril",104,76.728,57.1301559076768,264.075104179898,105.922085279582,831.659676741842,98.1656504779864,7.41837174179841,802.320981416053,29.4021808731109,0.744580282395954,3.44170451699377,1.38048802626919,10.8390636630935,1.27939800956608,10.4566909265985,0.00140025984094735,0.00133615603131251,1.76887548466563e-07,0.000708823047022213,0.0022855703542764,6.93376661988139e-06,6.71835225740045e-06,2.60196117867176e-12,4.1221723213695e-06,1.01703009017125e-05,-3167.13226041895,0.0989727058214847,0.0829278974247621,0.97625,0.425466299549373
"quadratic",1600,"montoril",105,76.135,17.5894599562783,308.14046436595,93.2090246677751,938.855137588496,96.9056174048955,12.0653290518479,774.142084457614,79.4080269023691,0.231029880557934,4.04729052821895,1.22425986297728,12.3314525197149,1.27281299540153,10.1680184469379,0.00132545429442757,0.00127833074302508,1.22384545817315e-07,0.000741243027970558,0.00202835048243884,7.10221146000721e-06,6.87030759299493e-06,2.80020769060626e-12,4.1844464006949e-06,1.04105442123294e-05,-3156.77409012885,0.10048199856625,0.0823256399586923,0.969375,0.420805668147085
"quadratic",1600,"montoril",106,76.288,106.647960976697,375.122408925185,93.1840321938261,918.580115971186,115.975031706769,18.1098782597243,1045.20457199294,82.1719482010256,1.39796509250075,4.9171876169933,1.22147693207092,12.0409516040686,1.5202264013576,13.7007730179444,0.00162867753511723,0.00156905268555961,2.25919175841454e-07,0.000770749649118091,0.00258805347984269,7.11751015000431e-06,6.84767954614556e-06,2.85809833767142e-12,4.24190779947365e-06,1.0550847476522e-05,-3180.65037152686,0.0745599079163094,0.0587929555085242,0.995625,0.437904475209839
"quadratic",1600,"montoril",107,76.177,51.6244554607908,181.92400269409,109.874044524593,958.302274377507,95.2129994498042,8.18349451571287,725.689344626289,81.9172682279075,0.677690844490999,2.38817494380312,1.4423519503865,12.5799424285218,1.24989169237177,9.52635762272457,0.00131305007891207,0.00126776311235569,1.32373610184287e-07,0.000653844832109795,0.00202069823817523,6.98842641325332e-06,6.75036481321066e-06,2.75693482961906e-12,4.09633943020248e-06,1.02459210295468e-05,-3154.80720588492,0.0919600923134958,0.0744010051505031,0.999375,0.420135295894662
"quadratic",1600,"montoril",108,76.575,101.252007751712,439.943381586646,133.367337213969,740.795659936541,111.715916459013,16.5644015855684,941.488948406099,190.862668866954,1.32225932421432,5.74526126786347,1.74165637889611,9.67411896750299,1.45890847481572,12.2949911642977,0.00147987270717378,0.00141457221768314,1.77985085436477e-07,0.000756644940674206,0.00233843940509089,7.24477796826123e-06,7.01359601802506e-06,3.10766184861131e-12,4.17566741828774e-06,1.07160235578027e-05,-3135.1755699888,0.0826486766389347,0.0674825667185024,0.998125,0.430344127574728
"quadratic",1600,"montoril",109,76.273,99.2959698026889,341.50500140338,111.799630992474,876.277231079675,110.720719866843,17.4091425062447,924.912007100785,203.573864437419,1.30184953787958,4.4774035556931,1.46578253107226,11.4886949651866,1.45163714377097,12.1263357557823,0.00145974904726268,0.00140875332922523,1.72945458286258e-07,0.000745046750997269,0.00226813070022171,7.11992926093169e-06,6.89268713391045e-06,2.76774886790307e-12,4.26369244796179e-06,1.04580508676485e-05,-3140.8549462895,0.0862079746155782,0.0670145466797895,1,0.430355097351295
"quadratic",1600,"montoril",10,79.623,56.180969595219,222.207657545252,134.462051055166,721.943646909285,105.591088797511,22.9890147108415,860.11160323462,121.140821133309,0.705587199618439,2.79074711509553,1.68873379620418,9.06702393666761,1.326138035461,10.8023008833455,0.00140589399366666,0.00134757671285651,1.56718565061752e-07,0.00070975448720649,0.00220363573150789,7.29703384327707e-06,7.07812912008691e-06,3.07661230076463e-12,4.26819151183718e-06,1.08290402295558e-05,-3191.09627276075,0.107123550200827,0.0880332442150386,0.988125,0.431075643825063
"quadratic",1600,"montoril",110,76.795,79.5698160764649,314.152365585576,112.578315244505,841.096049426469,109.651001575346,11.6062669494764,937.986132760105,162.682716186233,1.03613277005619,4.09079192116122,1.46595891977999,10.9524845292854,1.42784037470338,12.2141562961144,0.00150043564236523,0.00145466279504334,1.65483127939396e-07,0.000789604105130792,0.00229080381059333,7.15274445008537e-06,6.90930797753128e-06,3.00480804958894e-12,4.02854869992196e-06,1.05485392643708e-05,-3160.65301300244,0.0934004823368439,0.0743523623596957,0.98875,0.440339209241572
"quadratic",1600,"montoril",111,82.75,69.3722603071327,288.029827646011,122.99723516665,590.546884659522,111.925087005932,15.9797381632736,974.638602191415,154.42199820216,0.838335471989519,3.48072299270104,1.48637142195348,7.1365182436196,1.35256902726202,11.7781099962709,0.0015544381181216,0.00151690167812566,1.66389255857887e-07,0.000805835067388752,0.00237023348528082,7.37307778797462e-06,7.10977795434483e-06,3.3821981753778e-12,4.26978792480487e-06,1.10621414499023e-05,-3143.940482502,0.0946623638595617,0.0785991457673519,0.989375,0.437379128353525
"quadratic",1600,"montoril",112,82.605,59.7807363395192,154.953627993249,77.9185552015949,810.197241998074,111.612346711211,6.25222368078906,927.275705271734,117.683773459416,0.723693920943275,1.87583836321347,0.943266814376792,9.80808960714332,1.35115727511907,11.2254186220172,0.00141860988259852,0.00136359180788127,1.65320935348345e-07,0.000711487330197483,0.00222784965977872,6.9740665175568e-06,6.7373911956031e-06,2.78306064957329e-12,4.07026000375236e-06,1.02787216444565e-05,-3170.96208786099,0.0841549099031499,0.0678733524157038,0.98875,0.428154165870307
"quadratic",1600,"montoril",113,82.16,99.2799410592943,311.177250963903,143.31408392879,931.731399170458,100.694654355255,17.6150445617151,799.984791504073,133.12285205311,1.20837318718713,3.78745436908353,1.74432916174282,11.3404503307018,1.22559219030252,9.73691323641764,0.00136686730075763,0.00131493203910888,1.42030476819383e-07,0.000687713331540694,0.00210066993076521,7.00115593655058e-06,6.78625944529222e-06,2.71638882108518e-12,4.07522630986053e-06,1.02972490499696e-05,-3115.37142047342,0.0814312733155652,0.0636036214398128,0.978125,0.422665233157441
"quadratic",1600,"montoril",114,80.191,44.708341439113,185.022703136972,92.1344051527291,818.68629712261,99.2481031375895,13.3678807545585,802.385776040986,89.7161436250167,0.557523181393335,2.30727516974439,1.14893697737563,10.2092042389122,1.23764640841977,10.0059330353903,0.00139931658841417,0.00133828929393453,1.51943006594626e-07,0.000734665280296684,0.00217812525280207,7.12857240527601e-06,6.89487012078508e-06,2.91132873770734e-12,4.05980420918836e-06,1.04901831893341e-05,-3149.10971597687,0.0810320465903087,0.0681587753712849,0.995,0.428794679873178
"quadratic",1600,"montoril",115,82.195,80.595270037813,365.887889245338,66.1252683537009,435.578263328113,104.1884496261,15.0742304989724,900.940054540357,64.730540167893,0.980537381079299,4.45146163690417,0.804492589010291,5.29932798014615,1.26757649037168,10.9610080240934,0.00147802015145054,0.00140230225318488,2.0051230613888e-07,0.000730565221640934,0.00237246552100943,7.30129987404961e-06,7.04339680996127e-06,3.21603914005469e-12,4.19371995827091e-06,1.09180352662977e-05,-3161.48999360978,0.0910950127930845,0.0720160208652607,0.97625,0.432958467814908
"quadratic",1600,"montoril",116,80.124,86.2360649256284,270.158208335256,112.588767856199,798.524377077144,119.446866622435,12.0712543543214,927.763402785192,85.6803133781284,1.0762825735813,3.37175138953692,1.40518156677399,9.9661072472311,1.49077513132688,11.5790949376615,0.00149305211944219,0.00144769516824816,1.44407378896628e-07,0.000825820411030543,0.00224719177933418,7.49675200510161e-06,7.24062590720591e-06,3.39121280328918e-12,4.29909888281105e-06,1.11751973591244e-05,-3119.87959985498,0.0896619187102238,0.0718861334451668,0.983125,0.429738290785837
"quadratic",1600,"montoril",117,79.895,74.7887120951786,321.008431313796,104.635023067511,464.210721009735,97.5675473237813,8.206902120006,756.365800995325,150.312255823438,0.936087516054554,4.01787885742282,1.30965671277942,5.81025997884393,1.22119716282347,9.46699794724732,0.00134252530485168,0.00127325913285205,1.64722809126379e-07,0.000672844125364138,0.00212957067357037,7.01874160384338e-06,6.79376031103679e-06,2.72393350077052e-12,4.14445393640597e-06,1.03391153643911e-05,-3153.49291561715,0.0898163282746587,0.0719391589433905,1,0.425605839012596
"quadratic",1600,"montoril",118,79.879,49.2522707845276,342.77355597659,92.0558571055596,717.13846677926,107.905100214165,32.4351042035814,877.611375640784,128.619655848523,0.616585971087865,4.29115982894866,1.1524412812574,8.97780977202093,1.35085692377427,10.9867596695099,0.00141848897685641,0.00136559737678204,1.65933446615298e-07,0.000693607122347733,0.00221398357606892,7.07486050403488e-06,6.84278612506914e-06,2.89571241596832e-12,4.0364538739487e-06,1.0337073106271e-05,-3156.51806669952,0.0782433323946122,0.0615793328470744,1,0.424902291952684
"quadratic",1600,"montoril",119,82.523,50.0712812463892,188.28969616312,57.5746492501787,900.251954976958,107.702625390549,4.59067446609797,832.604073562036,24.3121466198071,0.606755465099296,2.28166324737491,0.697680031629712,10.9091035829642,1.30512251603248,10.0893577979719,0.00141145265022618,0.00135125261552789,1.56369109874297e-07,0.000753760406490852,0.00221772672739782,7.01831014049946e-06,6.81165793351105e-06,2.63120301997164e-12,4.11413773857607e-06,1.02130814375675e-05,-3144.33072087447,0.0764720568277233,0.0598958776556704,0.985,0.42291213417731
"quadratic",1600,"montoril",11,79.934,85.9716252239563,261.159796894188,164.983312703812,925.06153498044,104.06697641973,11.703907815621,837.978702268996,30.4283637724404,1.07553262971897,3.26719289531598,2.06399420401597,11.5728167610834,1.30191128205432,10.4833825689819,0.0013888486364375,0.00134537896462408,1.26171354700554e-07,0.000743948611243895,0.00206193589669567,7.0329757501676e-06,6.83701436494702e-06,2.66348589153374e-12,4.16568726895399e-06,1.0302146874034e-05,-3202.68788699185,0.0735647132362144,0.0602234297304935,1,0.421975136751949
"quadratic",1600,"montoril",120,80.04,112.272879166427,362.692865384719,102.699321386276,1025.26258939877,101.981169455899,5.49299240642255,786.682266521124,67.8916949451719,1.40270963476295,4.53139511974912,1.28309996734478,12.8093776786452,1.27412755442152,9.8286140245018,0.00139601132503998,0.00134058258069306,1.47138663673261e-07,0.000732312863432704,0.00215561932223862,7.07498495232593e-06,6.84496585121747e-06,2.77659334301364e-12,4.22638553463271e-06,1.04170705711889e-05,-3160.79354493964,0.0934387482240795,0.068994273229109,0.958125,0.419154902714111
"quadratic",1600,"montoril",121,79.908,68.9933782663291,226.538507699294,65.1378642931185,711.746251354959,112.344985087389,11.5206380508887,936.58864800322,159.122433124249,0.863410150001615,2.83499158656573,0.815160738513272,8.90707127390198,1.40592913209427,11.7208370626623,0.00143150623498316,0.00137850265150779,1.56002751112214e-07,0.000730444766981544,0.00222343751976401,7.10135241252075e-06,6.88421383876739e-06,2.81259027180561e-12,4.076316484539e-06,1.03923793618732e-05,-3174.52088779951,0.0847764517367707,0.0667186767003782,0.99,0.422492675244256
"quadratic",1600,"montoril",122,81.19,79.6691498880683,245.637040254374,121.186800104845,715.009517635601,104.151120995418,31.0140215236169,830.974419033261,54.9345156060749,0.981268011923492,3.02545929614945,1.49263209884031,8.80662049064664,1.28280725453157,10.2349355712928,0.00143185998438699,0.00136575588969636,1.64279081734597e-07,0.000752115732252598,0.00225399027022419,7.1843089959446e-06,6.95465264549936e-06,2.98075877452911e-12,4.18536758491031e-06,1.06523882495122e-05,-3170.63653479588,0.0878650543149841,0.0712266139305797,0.996875,0.429507730589018
"quadratic",1600,"montoril",123,82.202,93.1238698493244,373.026236015209,115.504503914599,873.569783600064,104.51423455387,12.2462931779601,805.172770776977,54.9198721779448,1.13286623013217,4.53792165659241,1.40513009311938,10.6271110629919,1.27143177238839,9.79505085979632,0.00137288904188352,0.00132422590456157,1.31134161066262e-07,0.000734282721367128,0.00208982462329097,7.05859110540969e-06,6.84401708495111e-06,2.78794359592955e-12,4.15108223831849e-06,1.03704221079921e-05,-3110.09556683237,0.0944753810195581,0.0753403611017384,0.99375,0.42460667416438
"quadratic",1600,"montoril",124,78.886,43.8805805632177,228.419150161124,108.773830490855,739.544270689617,101.97140372592,6.79538803288317,820.625447885076,74.8233153691506,0.556253081195874,2.89556005072034,1.37887369737158,9.37484814402577,1.29264259470527,10.4026753528519,0.00141892471794127,0.00136981710751012,1.59685086925932e-07,0.000708427546471352,0.00219729104447231,7.06679726025064e-06,6.84228782563157e-06,2.77644503660766e-12,4.10524897779187e-06,1.03687898801107e-05,-3131.76024289639,0.0934361356640791,0.0731934222124162,0.9725,0.429318723785089
"quadratic",1600,"montoril",125,82.4,85.1884738343694,287.627241976168,118.509552477997,688.512624425953,96.9834637929517,7.37251548223785,716.283435288812,38.5477570393381,1.03384070187342,3.49062186864281,1.43822272424754,8.35573573332468,1.17698378389504,8.69276013700014,0.0012922462826702,0.00124216461840163,1.15240259557559e-07,0.000711545403511595,0.00196899949754245,6.925176294449e-06,6.68638967736388e-06,2.74685030406116e-12,4.03521962143848e-06,1.02104377733156e-05,-3145.01103740046,0.0719954502354007,0.0539334539999477,0.9875,0.42365541607564
"quadratic",1600,"montoril",126,79.555,102.429426549401,360.209515935772,132.019040784608,832.628492885033,105.228898177862,29.3161401665148,781.326192952089,148.068941140578,1.28752971591227,4.52780486375177,1.65946880503561,10.4660736959969,1.32271885083102,9.82120788073772,0.00131994376868458,0.00128271990558063,1.16707275915303e-07,0.000705737914371999,0.00199705189233005,7.1157818480573e-06,6.902071886312e-06,2.81822832044115e-12,4.13705177926078e-06,1.04177805082437e-05,-3137.32300706778,0.0858845796957622,0.0694135977739535,0.995625,0.417110824540916
"quadratic",1600,"montoril",127,81.042,33.7466917124019,141.903996049008,166.494927112675,881.004818945044,106.6639871563,10.7510642986948,794.13783438807,71.5517571609281,0.416409907361638,1.75099326335738,2.05442766852588,10.8709659058889,1.31615689588485,9.79908978539609,0.00135454662303347,0.00128787012710729,1.52402045995852e-07,0.000715568952746299,0.00214288181969166,7.02377569424387e-06,6.81932354947379e-06,2.62285793204911e-12,4.13742531685135e-06,1.02065864013451e-05,-3178.11726420008,0.079768089013347,0.062812491555189,0.988125,0.421110824721468
"quadratic",1600,"montoril",128,79.973,47.7393892896602,124.923942675929,141.549293382253,723.170755325493,98.7541557151269,27.3195593751712,812.774841848843,70.3023054805492,0.596943834664952,1.56207648426255,1.76996352996953,9.04268634821119,1.23484370618993,10.163115574617,0.00133123614723473,0.00128531230597288,1.19146299193273e-07,0.00071882040534985,0.00201008789658968,6.99614651922264e-06,6.79802158411299e-06,2.77112844444519e-12,4.09905767580654e-06,1.03117144160642e-05,-3132.66833139109,0.0882620233159183,0.0721922896355822,0.994375,0.421286698839751
"quadratic",1600,"montoril",129,79.843,102.188881214575,328.46825292016,99.6982668884496,651.255493627076,114.45645897848,33.5287914904922,946.695928807173,185.121862643532,1.27987276548445,4.11392674273462,1.24867886838483,8.15670119643646,1.43351901830442,11.8569684105955,0.00144159947813611,0.00139379190905834,1.5560478721089e-07,0.000765814800131774,0.00223245970003792,6.98125151228446e-06,6.75358750212596e-06,2.82610343321162e-12,4.15412432235132e-06,1.04044277708814e-05,-3175.59945206869,0.081412627662189,0.0605396247117051,0.98875,0.429967205345914
"quadratic",1600,"montoril",12,79.799,69.9311055125945,258.300250631507,135.50910212653,1034.67054118683,101.192308858136,14.0343399378007,756.819805005652,155.661917873148,0.876340624727058,3.23688580848766,1.69813032903333,12.96595873616,1.26808993669264,9.48407630428517,0.00128781703551671,0.00123997321124851,1.12696916086095e-07,0.00068045266340305,0.00196197687535464,6.89741109363793e-06,6.6923630025555e-06,2.51824617292336e-12,4.08051486600032e-06,1.00315365770259e-05,-3152.52563714011,0.0893106020910222,0.0726239115190407,0.99125,0.420771566264204
"quadratic",1600,"montoril",130,79.832,89.2286679334459,303.537949851572,133.740751286683,721.606703139085,98.7260227952425,8.18119176280022,763.366739280179,25.1746178328598,1.11770553078272,3.80220901207,1.67527747377847,9.03906582747626,1.23667229676374,9.56216478705505,0.00138350367829117,0.00133992103812608,1.38383958912593e-07,0.000716057654851971,0.00213776731207628,7.16449744650243e-06,6.95475325214349e-06,2.79344883279178e-12,4.24365861230274e-06,1.05885283481954e-05,-3089.6892735922,0.0922365584885488,0.0739596157124483,0.98875,0.426044541812215
"quadratic",1600,"montoril",131,82.202,90.1845998091413,334.700751547916,173.33649689847,629.021533230664,90.2438712198197,11.3369917114304,692.936306435316,157.952162369676,1.09710955705629,4.07168623084494,2.10866520155799,7.6521439044143,1.09783060290285,8.42967697179285,0.00124505085917249,0.0012191695261757,8.80953281262467e-08,0.00070565562332534,0.00184173894517216,6.77562007712678e-06,6.53405259246578e-06,2.68216906117036e-12,4.01129642100415e-06,1.00105642006161e-05,-3178.36840051092,0.0752023669910309,0.0623032231681936,0.996875,0.414396957004327
"quadratic",1600,"montoril",132,79.161,59.503865717448,261.061485700212,113.41440927973,722.87268483949,107.164693215979,25.5267118008717,896.813273802508,165.702627044588,0.751681582059954,3.29785482371638,1.43270561614595,9.13167702327522,1.35375618317074,11.3289785854462,0.00146104988198897,0.00141131486971045,1.72665784233756e-07,0.000739714739359227,0.00229025752935317,6.77101960606879e-06,6.56645619577231e-06,2.45982491979816e-12,4.0281743599127e-06,9.93942507183997e-06,-3179.17820149569,0.0749705292535412,0.0613472009384736,1,0.428348668509108
"quadratic",1600,"montoril",133,79.653,96.1823232844783,342.254235310751,122.463276300342,561.085612248337,103.257340693912,8.74146312953314,770.457556975048,51.2298630842006,1.2075166445015,4.29681537808684,1.53745968513857,7.04412404113263,1.29633963182694,9.67267468865012,0.00129633491196605,0.00124542595159757,1.2368289930173e-07,0.000715353751715437,0.00198371077155162,6.88650019067453e-06,6.66918712798987e-06,2.57419039128899e-12,4.12832709104598e-06,1.01243650901201e-05,-3122.1917235897,0.0745529669224214,0.0554901516091177,0.9825,0.41492492200572
"quadratic",1600,"montoril",134,80.552,111.663055713081,348.732320796397,78.5000838476971,611.638965390576,110.523764202981,11.9022646866888,915.109113715485,87.0712112829704,1.38622325594747,4.3292819644006,0.974526813085921,7.5930947138566,1.3720797025894,11.3604766326781,0.00141585125850658,0.00134425073707447,1.61577342586253e-07,0.00072013212483829,0.00223536884658306,7.0608040468676e-06,6.8143849243325e-06,3.04367778956787e-12,4.04960052523455e-06,1.05244834060178e-05,-3128.3735470145,0.0747092713917988,0.0592754617652287,1,0.424177172055264
"quadratic",1600,"montoril",135,79.841,99.7318087959054,314.793167585192,76.5997784193254,657.04546354422,111.580394342406,4.26138253674586,949.226692326321,72.1150246827904,1.24913025633328,3.94275081205385,0.95940404578256,8.22942427504941,1.39753252517386,11.8889629679779,0.00151339691878132,0.00144277966279252,2.02439864479755e-07,0.000775923577538031,0.00242066067956444,7.27648353755781e-06,7.04601011310975e-06,3.12277335508888e-12,4.24798975001555e-06,1.07988616183759e-05,-3199.72818569001,0.0871270454070574,0.0687309191445451,0.98375,0.434421156002157
"quadratic",1600,"montoril",136,80.844,56.8721252588536,183.985922382828,80.8602105280275,628.788972593322,113.263273541832,32.7935574751664,892.525680086344,138.44038340905,0.703479853283528,2.27581419008001,1.00020051615491,7.77780630094159,1.40101026101915,11.0400979675219,0.001491388251397,0.00139236964926675,2.23768563222362e-07,0.000715212332122829,0.00250448970752728,7.37296336510425e-06,7.14220178694718e-06,3.07059284774542e-12,4.35690525017181e-06,1.0899797568665e-05,-3162.95744308191,0.105871985281216,0.0847668170444355,0.969375,0.42870785646097
"quadratic",1600,"montoril",137,82.338,83.9814664083112,306.879731143379,122.785881212134,878.195655519493,107.065431653317,15.3590902408235,821.70010113256,159.770658184169,1.01995999912933,3.72707293283027,1.49124196861879,10.6657394583241,1.30031615600715,9.9795975264466,0.00140593915215718,0.00135236231343851,1.53890917195738e-07,0.000704808890850067,0.00219967326900983,6.99947688609868e-06,6.7973981156055e-06,2.72684182870544e-12,4.08772673138091e-06,1.01871552567962e-05,-3145.52017150324,0.0828950155062849,0.0640974800128664,0.991875,0.425797985927508
"quadratic",1600,"montoril",138,82.256,47.4805855523599,280.126204670303,150.669724238781,731.00685841524,103.456473789946,26.5233945982697,833.494142653841,49.9316773795793,0.57722944894427,3.40554129389107,1.83171712992099,8.88697308907848,1.25773771870679,10.1329282077154,0.0013775397070439,0.0013351126675562,1.23689340848686e-07,0.000757041997783412,0.0020700618580748,6.89242733011818e-06,6.65950143539315e-06,2.7254705155659e-12,4.02322879880804e-06,1.01635964775482e-05,-3195.11512507106,0.0757121188302834,0.0583152452709824,0.99625,0.423320273215096
"quadratic",1600,"montoril",139,82.1,74.8626854090848,230.28856850177,126.297999726545,799.30825196546,103.285729360547,10.6407832427192,834.500409397567,93.1972443306836,0.91184756892917,2.80497647383398,1.53834348022589,9.73578869629063,1.25804786066439,10.1644386041117,0.00138747322418845,0.00134610508083619,1.3255503599343e-07,0.000742190541838158,0.00210521303090956,7.00216329809153e-06,6.81080656115129e-06,2.62107684353444e-12,4.18767497353882e-06,1.02617750164246e-05,-3143.63012969462,0.0687279998483399,0.0550089543991845,1,0.425009101582938
"quadratic",1600,"montoril",13,82.053,43.91533865523,295.237850952456,183.652079132886,730.815324804404,96.5735931986864,5.53455199424954,715.569795338521,125.521206128321,0.535206983964389,3.59813597251114,2.23821285185047,8.9066252885867,1.17696602438286,8.72082428842969,0.00128049345892667,0.00124532675124125,1.06105233775425e-07,0.000717030397210108,0.00190802246506351,6.89377710841255e-06,6.68954410295501e-06,2.53787664484903e-12,4.16044069296718e-06,1.01433767456708e-05,-3089.23404860815,0.107096315414485,0.0847876153795182,0.97,0.421353045060256
"quadratic",1600,"montoril",140,80.281,72.3618314771605,239.238590992952,71.5944526883337,826.125731773324,110.127669830933,16.691403017054,830.362038158135,134.576130083379,0.901356877432525,2.98001508442785,0.891798217365674,10.290426524001,1.37177750440245,10.3431950045233,0.00144899100462152,0.00138591180009573,1.70090799002775e-07,0.000717905326812783,0.00228417002179007,7.51321497206811e-06,7.27319483661554e-06,3.23949820223713e-12,4.40725802107909e-06,1.11993644651057e-05,-3085.57084473375,0.107749135157721,0.0828847447100721,0.955,0.430778609153351
"quadratic",1600,"montoril",141,82.513,68.6181474710279,252.657942169054,104.926800754443,602.71349485567,108.816621166679,4.37587610558382,918.137888464791,167.376013405858,0.831604080218001,3.06203800818118,1.27163962956678,7.30446711252372,1.31878153947474,11.127190727095,0.00144928792404315,0.00136934098203275,1.82322747654539e-07,0.000744524269695476,0.00233792385702393,6.9080112190004e-06,6.65630072484006e-06,2.92044083542161e-12,4.08442781632087e-06,1.0399744693163e-05,-3185.41002758457,0.0686406636886184,0.0545542052148578,1,0.428832469100209
"quadratic",1600,"montoril",142,83.796,67.492005655802,274.869459951024,61.8297911812991,693.683048376917,115.250657263639,9.26880061602277,983.200713182418,162.089721077287,0.805432307697288,3.28022172837634,0.73786089051147,8.27823581527659,1.37537182280346,11.733265468309,0.00150842254079091,0.00144142227856761,2.0299248353147e-07,0.000716833394498444,0.00239640723675877,7.02380039802775e-06,6.80585255833493e-06,2.82812192791283e-12,4.0711685009141e-06,1.04057740104994e-05,-3156.04061232161,0.0821809965871096,0.0621897918217439,0.975,0.424143522143784
"quadratic",1600,"montoril",143,79.799,36.9057035729355,262.947561526612,158.496856838209,735.365472124278,101.783373630739,13.9766781416184,844.304675555088,47.804749271723,0.462483283912524,3.29512351691891,1.98620104059211,9.2152216459389,1.27549685623553,10.5803916785309,0.00143595494102882,0.00139307770905343,1.43533081311734e-07,0.000770056483559569,0.00217781373704841,7.2085244014786e-06,6.96342434246398e-06,2.93072261461711e-12,4.19957509266191e-06,1.06643913504561e-05,-3155.95254846652,0.0944656315028758,0.0750870875344292,0.98375,0.428419727281414
"quadratic",1600,"montoril",144,82.329,13.5188127685104,104.200731502309,125.973032792978,736.79186534294,114.529197232726,8.79958779415185,997.746891859467,29.7354639208784,0.164204748855329,1.2656625429959,1.5301173680353,8.9493600716994,1.39111609800588,12.119021145155,0.00155677299606686,0.00151142201206946,1.58242593674631e-07,0.000843671515802789,0.00234351773464645,7.23055222774065e-06,6.97609550349814e-06,3.14730723662143e-12,4.19357896652263e-06,1.08325776679447e-05,-3167.6455395084,0.0778639495348969,0.0625139946273338,0.9975,0.434278660266844
"quadratic",1600,"montoril",145,79.694,141.938315013973,455.568630430584,115.184085380084,755.862422628534,109.391113070113,7.77516916909338,937.825607442366,76.1493776618728,1.78104142111041,5.71647339110327,1.4453294524065,9.48455871996052,1.37263925854033,11.7678320506232,0.00145880425288345,0.00141315293759367,1.42450643161496e-07,0.000798922773007924,0.00224036201952994,6.78255761418889e-06,6.53653320236725e-06,2.62623170728406e-12,4.04327741474993e-06,1.00423961676922e-05,-3142.40367471178,0.0748424986285655,0.063233490231132,0.995625,0.430318048576347
"quadratic",1600,"montoril",146,80.274,32.6537310431387,149.437119798819,90.7529582590843,881.551401057849,111.748948224342,14.2403910268195,956.2054521204,110.683251538908,0.406778421944076,1.86158805838526,1.13053987915246,10.9817799170074,1.39209393109029,11.911770338097,0.00147434720756517,0.00140844280491,1.87358237986981e-07,0.000752867159998232,0.00230364063009203,6.88027117820229e-06,6.6430925609944e-06,2.6500768797089e-12,4.13759184175816e-06,1.01802763078406e-05,-3177.12916324343,0.0751487836856673,0.0618852078384159,0.994375,0.425693317823306
"quadratic",1600,"montoril",147,82.297,83.1656043370531,276.118617898882,95.4165715209263,499.226652194301,104.34059573925,28.8348535156853,781.564924079341,87.7197199491098,1.01055450790494,3.35514803575928,1.15941737269799,6.06615857436238,1.26785418349697,9.49688231745192,0.00140501442228649,0.00134199853838833,1.61395640334753e-07,0.000727788322187879,0.00221734433292389,7.08588070071652e-06,6.83259369221509e-06,2.96102670801837e-12,4.1229465148707e-06,1.05388283333099e-05,-3136.78645242377,0.0865827934200035,0.0683926457307788,0.99,0.429196898782934
"quadratic",1600,"montoril",148,81.617,103.651725171135,410.08413268597,66.2749687121278,977.6694852061,129.787255482245,6.76537254256047,1293.71946009934,129.595270773162,1.2699771514652,5.02449407214146,0.812024072339436,11.9787481187265,1.59019880027745,15.8511028351855,0.00173157820926835,0.00165514850529204,2.61412263101973e-07,0.000865860200545956,0.00276000079196379,7.13443402325881e-06,6.91288489692533e-06,2.77906920832237e-12,4.19600148298876e-06,1.04667385506035e-05,-3150.71074998794,0.0836433580718711,0.0682202946556191,0.993125,0.440084840528678
"quadratic",1600,"montoril",149,80.852,69.4225709932378,474.891983319197,134.465909310471,623.211954179995,120.923659651032,12.2257735845363,1013.67642708013,40.9148251372969,0.858637646480455,5.87359599415224,1.66311172649373,7.70805860312663,1.49561742011369,12.5374316909926,0.00153042345617104,0.00147608598403028,1.884505741211e-07,0.000781741552891992,0.00240906125792599,7.12796914837994e-06,6.87996776917937e-06,3.00927075499529e-12,4.10506289323712e-06,1.0654238152979e-05,-3206.20281636767,0.0847891145324915,0.0690818578520413,0.999375,0.430847417625184
"quadratic",1600,"montoril",14,82.563,51.282774147558,255.010625147875,155.068527025722,575.903523525709,105.187493061046,13.1112610768722,811.336625397471,156.136842281756,0.621135062286472,3.08867925278727,1.87818425960445,6.97532216035886,1.27402702252881,9.82687917587141,0.00137495652353337,0.0013315304976431,1.24419162353349e-07,0.000796023180955893,0.00209454305246301,6.86680495504829e-06,6.6545023772562e-06,2.61735050013199e-12,4.06080510009507e-06,1.01056734253246e-05,-3170.98315395938,0.0731935290326765,0.0619647001947437,1,0.427782190481105
"quadratic",1600,"montoril",150,81.182,59.3135357361028,305.403612643817,86.2886374546775,601.71751886294,104.857926774914,28.0452650436589,871.11825163031,138.740533765914,0.730624223794718,3.76196216702985,1.06290356796676,7.4119573164364,1.29164010217676,10.7304359541562,0.00140350055052958,0.00135100722394434,1.56315123985452e-07,0.000707371324612225,0.00219371239039305,7.09221065957513e-06,6.88168076800863e-06,2.95740043415184e-12,4.12470119022493e-06,1.05534949200895e-05,-3137.75830933647,0.0838343293575508,0.0673369460776187,0.988125,0.424955367224945
"quadratic",1600,"montoril",151,80.037,95.7495176890129,385.15686777835,76.32573988452,617.304104589751,118.342153438643,29.3502439382826,1085.62373029608,155.715585310349,1.19631567511292,4.81223518845472,0.953630694360359,7.71273416781927,1.47859306868877,13.5640232679395,0.0016398341265465,0.00154439447760541,2.73077024946368e-07,0.000766958801753855,0.00269186669631017,7.00024891416126e-06,6.7697625036704e-06,2.68383012939973e-12,4.13876042760533e-06,1.02709145560018e-05,-3169.14858457008,0.0765826974230947,0.0626160934473026,0.994375,0.435922124187859
"quadratic",1600,"montoril",152,80.432,86.0902139324081,427.286811850866,86.3628072606689,606.473582942238,136.476781381943,9.0352069805448,1385.26810600651,53.1589193611874,1.0703477960564,5.31239819786734,1.0737369114366,7.54020269223988,1.69679706313337,17.222847946172,0.00186718638551278,0.00179731047453517,3.28717584531012e-07,0.000805436116821587,0.00301139224909192,7.58075760874566e-06,7.29726221030206e-06,3.55336238205694e-12,4.32382965363089e-06,1.13122798685375e-05,-3173.95645896739,0.0933032046099454,0.0753790563866745,0.98625,0.449332825424563
"quadratic",1600,"montoril",153,79.969,117.765484491283,458.333789317135,75.4012066473279,635.794656527848,108.966446699037,15.4245119515945,865.66728430533,148.91734099687,1.47263920383252,5.73139328136071,0.942880449265689,7.95051403078502,1.36260859456835,10.8250357551717,0.0014131072795766,0.0013521490120773,1.53633876517822e-07,0.000756490749143145,0.00223594961734366,7.15364676981175e-06,6.92796737444898e-06,3.0097831405016e-12,4.13423395256379e-06,1.06144254311982e-05,-3164.44025224697,0.0880713739153641,0.0683748021684149,0.985625,0.422805750100672
"quadratic",1600,"montoril",154,81.99,102.853564267169,543.922787940088,59.8979197214763,614.906447380769,115.25271624125,16.535884428815,956.068852156939,177.075089675875,1.25446474286095,6.63401375704462,0.730551527277428,7.49977372095096,1.40569235566838,11.6607982943888,0.00148842766692047,0.00142790203753401,1.91531379607853e-07,0.000754626029708726,0.00241609514527084,7.31836514660303e-06,7.07276507369176e-06,3.06381403407755e-12,4.2433162460782e-06,1.07946699826331e-05,-3154.89095230065,0.0941345088917638,0.0749312143862382,0.98625,0.428924778475387
"quadratic",1600,"montoril",155,82.124,45.5903002055929,193.37494936727,136.214425428968,557.195869286348,106.174509164539,11.4163113801695,873.502607976255,48.7600357553065,0.555139791115786,2.35467036879926,1.65864333725791,6.78481161763124,1.29285603678022,10.6363865371421,0.00135390802023226,0.00132648454353161,1.27209824684646e-07,0.000693988475487892,0.0020323721496435,6.8151580763494e-06,6.6141581934653e-06,2.54787137706804e-12,3.98868271540884e-06,9.99602934629397e-06,-3162.99490158665,0.0751239097940994,0.0604923328914507,1,0.419982574761316
"quadratic",1600,"montoril",156,82.18,84.320553317676,352.33121316819,118.160433588103,599.127502710675,98.455791933998,7.35501941199458,784.093440873092,60.2915198679397,1.02604713212066,4.28731094144792,1.4378246968618,7.29042957788605,1.19805052243853,9.54117109848007,0.00138355349583778,0.00131619578495539,1.74395926321683e-07,0.000653973308939276,0.00222076672544103,7.07616921044414e-06,6.85685180959612e-06,2.71612292708772e-12,4.25180796882959e-06,1.04204196938266e-05,-3169.0586090278,0.0844953532583378,0.0664678823424832,0.989375,0.429181986749249
"quadratic",1600,"montoril",157,83.076,56.9478148291318,268.552901603047,132.509697823779,578.124602382002,104.036406867574,3.79015086893287,885.755074777793,19.51393161577,0.685490572838507,3.23261714096788,1.59504186315878,6.95898457294528,1.2523039971541,10.661985107345,0.00146275818785483,0.00142422974997432,1.30579855266046e-07,0.000818575845832706,0.00219810351728749,7.1207202685236e-06,6.87001131002455e-06,3.0078883198614e-12,4.1669397978702e-06,1.06460949445529e-05,-3176.48963079072,0.0835192564598125,0.0681925262770498,0.99375,0.429004085310275
"quadratic",1600,"montoril",158,79.902,77.1721349041102,243.0866498488,108.556008132265,641.492558891392,123.825563913662,15.6150448526193,1030.33911095517,176.45200198943,0.965834833972995,3.04230995280218,1.35861440429858,8.02849188870606,1.54971795341371,12.8950353051885,0.0015280056726714,0.00143433344113785,2.23500804788528e-07,0.000779440353810002,0.0024983297421378,7.04371478619875e-06,6.78993151438821e-06,2.99399829714906e-12,4.06941806236699e-06,1.04955519895726e-05,-3138.31903765269,0.0706961128634023,0.0551516546356915,0.9975,0.426637532242967
"quadratic",1600,"montoril",159,80.197,38.2548654310451,156.672182854281,122.778005522531,903.362520462759,108.321248337197,20.9717458585923,936.021419382856,98.9209142247332,0.477011177862578,1.95359156644614,1.5309550921173,11.2642931838193,1.35068953124428,11.6715266080135,0.00141020307319709,0.00136308481711072,1.60311744198443e-07,0.000688242940037506,0.00221221580836966,6.95600396984231e-06,6.72175449621141e-06,2.97465062050018e-12,4.00865875342225e-06,1.03334971763058e-05,-3171.82249162862,0.0957393635210481,0.0786817658405916,0.97625,0.422441404108139
"quadratic",1600,"montoril",15,79.737,83.2016747534953,396.511274371862,151.508500615663,761.278173826263,100.508163222993,2.98597151869325,819.822270916136,23.2209017774839,1.04345128050335,4.97273880848115,1.90010284580136,9.5473641324136,1.26049592062647,10.2815790776695,0.0014081199505488,0.00134570116095145,1.38714783628411e-07,0.000761993957610017,0.00213536679589964,7.06063130218606e-06,6.84265305231407e-06,2.73797653132391e-12,4.20943612250213e-06,1.04671428646848e-05,-3156.05336491097,0.0891391648248564,0.0693755309841619,0.989375,0.429454405122231
"quadratic",1600,"montoril",160,82.83,98.7655432008176,298.486661797992,61.5774985773509,319.708739043146,104.984372157736,7.85743669204237,816.025026130503,29.8113367251944,1.19238854522296,3.60360572012547,0.743420241184968,3.85981817026616,1.2674679724464,9.85180521707719,0.00137485402098251,0.00133036964466644,1.42777232527665e-07,0.000700766583809117,0.00217349340541541,6.87278220753388e-06,6.65818704723554e-06,2.73454098887906e-12,3.98469901317181e-06,1.0151631570006e-05,-3147.33809289716,0.0745799014161136,0.0616539880772591,1,0.420766243633847
"quadratic",1600,"montoril",161,83.161,59.1495069813568,306.655024493556,105.891380310106,523.132401239026,104.666194016268,24.9976482715133,872.780341094471,118.364620875598,0.711264979754414,3.68748601500169,1.27332980976787,6.29059777105886,1.25859710701252,10.4950678935375,0.0014222392628081,0.00136974431341822,1.4515474198426e-07,0.000762026249464454,0.00217922632120581,7.04067330070971e-06,6.77765158873905e-06,3.05329225316606e-12,4.06154746297389e-06,1.06014268961594e-05,-3138.2423542762,0.0821050031498234,0.0674071940366387,0.999375,0.43238468611947
"quadratic",1600,"montoril",162,79.891,66.7614511493369,323.792660094047,152.298236729621,813.226731217385,94.2812805821709,16.7385369320991,711.702979347367,84.3484444723675,0.835656721649959,4.05293036880308,1.90632532737882,10.17920330472,1.18012392612648,8.90842497086489,0.00133012331689576,0.00127302103591728,1.29098963226304e-07,0.000700624879627804,0.00204931279583351,6.98475415937166e-06,6.76656315502621e-06,2.65001951213527e-12,4.13368879425689e-06,1.0273392843355e-05,-3142.5700195582,0.0896291296860965,0.0721718916722342,1,0.430210616241328
"quadratic",1600,"montoril",163,81.07,107.772704673746,438.864281355538,43.4227556739347,1129.75747445662,112.927640508628,14.5596862167146,993.459710452831,142.727981900723,1.32937837268714,5.41339930128947,0.535620521449792,13.9355800475714,1.39296460476907,12.2543445226697,0.00152706442550646,0.00145226947489248,1.91045740545967e-07,0.000823819680109919,0.0024132652388514,7.00470378732555e-06,6.7873108562927e-06,2.67787743024738e-12,4.16772049031171e-06,1.03113197602776e-05,-3162.91556407593,0.0973856976392438,0.0806236375589315,0.9875,0.435240990579802
"quadratic",1600,"montoril",164,80.341,74.8997128352379,330.795329315546,90.7123308905485,521.407406507354,126.265134397746,37.6936234951162,1118.55754394931,230.509371939796,0.932272598489413,4.1173912362996,1.1290913841071,6.48992925788022,1.57161517030839,13.9226241140801,0.00157717423877954,0.00150523388493994,2.16422240982117e-07,0.000730791741593982,0.00252421713495577,7.24543945628062e-06,6.99049607614972e-06,3.07154350430886e-12,4.23631883048074e-06,1.07724635869095e-05,-3157.63076922786,0.0880635871563779,0.0693294718672401,0.984375,0.427801896671691
"quadratic",1600,"montoril",165,83.692,80.0525010816854,391.906479702579,112.569618054041,601.84819730568,124.040306791356,13.0334837440105,1148.34581205565,63.1286077888157,0.956513180252419,4.68272331528198,1.34504633721313,7.19122732526024,1.48210470285519,13.7210941554229,0.00163001144304815,0.00158394629666647,2.29475927393609e-07,0.000754050854155263,0.00256112865471814,7.00459250701588e-06,6.75551596505894e-06,2.70450010751043e-12,4.20078406957239e-06,1.03663098429071e-05,-3187.16699170957,0.082708678570265,0.0664390715842624,0.998125,0.432997032200258
"quadratic",1600,"montoril",166,80.023,63.575851834388,283.815787978564,96.6171144222207,630.741192101737,106.152947012607,6.91531455050931,800.24728768924,23.5885195563533,0.794469737880209,3.54667767989908,1.20736681231922,7.88199882660907,1.3265304601503,10.0002160340057,0.00137388547228298,0.00133201586341489,1.25206900035538e-07,0.000736089494444961,0.0020890961008321,7.06316614419146e-06,6.82684640867242e-06,2.7190499065876e-12,4.1776711026654e-06,1.03910157241472e-05,-3151.74979936636,0.0821893375258543,0.0688310450637657,0.99875,0.419157572017205
"quadratic",1600,"montoril",167,80.165,59.2816217491554,229.400128577851,35.3792952508405,626.477950271475,113.730124395419,6.55929855868763,905.83207784741,56.6982781573079,0.739495063296394,2.86159955813449,0.441330945560288,7.8148562374038,1.41870048519203,11.2995955572558,0.00144463831016766,0.00138096478819354,1.80823557326672e-07,0.000705787872649871,0.00231151745390451,7.05753250465268e-06,6.82431975657234e-06,2.78935479458184e-12,4.16604009276905e-06,1.03274698257879e-05,-3188.17959917368,0.0741027746398805,0.0592012993810119,0.991875,0.423906356144742
"quadratic",1600,"montoril",168,79.851,65.8551293783707,221.919956293253,105.334896495554,745.616177421976,97.0091275662577,6.06252181239821,786.839528089187,49.26365526782,0.824725167854764,2.77917566834797,1.31914311023724,9.33759348564171,1.21487680262311,9.85384689094923,0.00138155873224817,0.00132971575518174,1.23999784620111e-07,0.000776150190316795,0.00213757773729232,6.99037091528484e-06,6.74046896884156e-06,2.79626235856961e-12,4.11870200048714e-06,1.04405073375403e-05,-3145.38244402642,0.0884882168331299,0.0691926269065703,0.98375,0.430722792550756
"quadratic",1600,"montoril",169,82.725,67.5308167935162,209.776065498131,102.807818106292,855.562168351223,138.768666865506,11.194204827641,1344.21909629481,72.370723043905,0.816329003245889,2.53582430339234,1.24276600914224,10.3422444043666,1.67746952995474,16.2492486708348,0.00182458006184918,0.0017631810594194,2.8471434724569e-07,0.000866974159032071,0.00288061875777224,7.36438494481421e-06,7.07370882164505e-06,3.23255187130983e-12,4.28005165099248e-06,1.09816156817338e-05,-3200.39825138995,0.0855322552629492,0.0664780461144725,0.99,0.447826804826224
"quadratic",1600,"montoril",16,82.259,79.8924941469229,232.507366488696,86.9171207219715,603.531963793394,109.660956855216,6.64344957682483,900.57554365422,74.3150731802659,0.971231040335074,2.82652799679909,1.0566274902682,7.33697180604425,1.33311804003471,10.9480487685751,0.00142807188473662,0.00136764768586195,1.82774315811725e-07,0.000703766871849979,0.00228005812011535,7.03318672728468e-06,6.80580576796006e-06,2.79625613778225e-12,4.16155891804032e-06,1.04347974343361e-05,-3158.89684031669,0.0814137220984163,0.0641179701274517,0.9925,0.425781928382842
"quadratic",1600,"montoril",170,80.152,116.063536487426,399.96418555767,78.0567763783975,655.498990448342,123.804956591629,22.640886260992,1133.83342811578,94.821378542379,1.44804292453621,4.99007118422085,0.973859371923314,8.17819880287881,1.54462716578037,14.1460403747353,0.00167545416241236,0.00156666877855609,3.07663975256286e-07,0.000775274383868234,0.00281242191075485,7.39462727620171e-06,7.12512922335206e-06,3.43573407708627e-12,4.25105516381557e-06,1.11253251098465e-05,-3128.34913270781,0.0908164956927888,0.0707671888171929,0.984375,0.443178212194065
"quadratic",1600,"montoril",171,83.369,117.829547492341,369.543659127339,82.4400305178094,370.023618545949,94.7494020673636,10.2389971873071,771.97985916425,42.551617452129,1.41334965625522,4.43262674528109,0.988857135359779,4.43838379428743,1.13650640006913,9.25979511766064,0.00135284247128171,0.00128646187248329,1.62127210850279e-07,0.000668222403819599,0.00215126331982715,6.86015854898936e-06,6.60232000793494e-06,2.87462358577091e-12,3.9985850402772e-06,1.02270608220205e-05,-3157.92282363211,0.0940729296775529,0.0766112353813976,0.989375,0.426408880211687
"quadratic",1600,"montoril",172,82.705,37.2352402634451,201.151697259938,123.315597737515,917.588831053995,116.551646208149,13.7156008244616,1070.96211987428,96.0368925078694,0.450217523286925,2.43215884480912,1.49102953554821,11.0947201626745,1.4092454653062,12.9491822728285,0.00155978241104727,0.00150617482433752,1.99347054911877e-07,0.000803497771838251,0.0024759473398325,7.31970774592239e-06,7.09239327254843e-06,3.06811321699098e-12,4.27676965233677e-06,1.07386202181672e-05,-3143.41224166097,0.0867584734114042,0.0696115995889952,0.98625,0.434953907263454
"quadratic",1600,"montoril",173,80.829,53.8797573102558,315.714658748975,81.0671530675577,554.948798205699,119.726389779471,5.89425262173188,1052.13835419799,49.422000341517,0.66658943337485,3.90595774720676,1.00294638146652,6.86571401607961,1.48123061994421,13.0168423981243,0.00166346619981634,0.00160780387823002,2.07067527941494e-07,0.000847437901723716,0.00255024376561272,7.60136158790472e-06,7.35533175517425e-06,3.37902977905571e-12,4.36634549535026e-06,1.12106367067826e-05,-3092.71193304589,0.102515196334374,0.079427078991412,0.988125,0.44741291130737
"quadratic",1600,"montoril",174,82.121,72.1947793757074,363.9653019523,93.74240628011,822.204553008058,114.262852548328,17.2051769976464,932.670877166047,175.209941078212,0.879126890511653,4.43206125049987,1.14151564496426,10.0121108243696,1.39139626342018,11.3572761798571,0.00145661022059266,0.00140266363557334,1.60419073330467e-07,0.000776577361606857,0.00227564015765074,7.08260277318543e-06,6.84159254951205e-06,2.91007792308368e-12,4.15039917399806e-06,1.04672791077218e-05,-3152.76036236398,0.0692324688095055,0.0546625478609547,1,0.427407015833513
"quadratic",1600,"montoril",175,80.532,70.574464490381,289.059050366643,122.19129730118,907.011163097759,105.425766950551,9.7582439744197,811.717130592334,72.6772102616609,0.876353058292121,3.58936882688425,1.51730116352729,11.262742302411,1.30911646240688,10.0794358837771,0.00135430272160461,0.00131296852319396,1.12776879614627e-07,0.000772652708026956,0.0020176695033473,7.04418482746889e-06,6.81879636647643e-06,2.9318933208914e-12,4.08960906114827e-06,1.0498666061108e-05,-3182.18793800967,0.090595841215212,0.0744777671996248,0.9725,0.417796073440862
"quadratic",1600,"montoril",176,79.885,48.4576034763654,159.229881997408,92.4969532834626,482.596857490736,110.655336147861,9.64309202314497,928.292655892942,54.7530584528195,0.606592019482574,1.99323880575087,1.15787636331555,6.04114486437674,1.38518290227028,11.620362469712,0.00148898605993459,0.00144049411002234,1.62291348676372e-07,0.000748438495953853,0.00227969062075235,7.45746466792679e-06,7.2014606437772e-06,3.43520162736614e-12,4.24913375869665e-06,1.11008559726899e-05,-3149.82458763726,0.0877599339866928,0.0715864897103328,0.998125,0.436246390486248
"quadratic",1600,"montoril",177,79.846,54.7647632591641,193.243032933856,92.5894813686008,514.191444667914,101.709524726978,11.2522711731836,772.674311285997,129.371834874175,0.685879859469029,2.42019679049491,1.15960074854847,6.43978965343178,1.27382116482953,9.67705722623546,0.00134914783368535,0.00131641054485275,1.36039144667156e-07,0.000708870492111313,0.00208626193957809,6.94489588733286e-06,6.71884505518198e-06,2.6967694071296e-12,4.07395580657114e-06,1.02650425946398e-05,-3158.33800634271,0.0771997443141316,0.0591525409142572,0.995,0.422625329153681
"quadratic",1600,"montoril",178,82.142,58.7060091547134,230.771605067176,103.790232730345,971.263654169397,113.697377525041,8.35245184654585,944.767997464264,76.2366254264947,0.714689308206683,2.80942276870755,1.26354645285415,11.8242026511334,1.38415643063282,11.5016434645402,0.00153414263056219,0.00146913423468243,1.96701925905333e-07,0.000744381289519876,0.00242530443818447,7.13067003916667e-06,6.92023479650052e-06,2.77718093660457e-12,4.19879809801801e-06,1.04461317361138e-05,-3148.91148940364,0.0798270148517162,0.0659994757186428,1,0.43455116653055
"quadratic",1600,"montoril",179,82.413,7.05209137291565,69.3396447318821,86.8250810294575,448.563219037557,106.909724163655,4.6250579935961,812.824100248952,16.0118896459326,0.0855701330241061,0.841367802796671,1.05353622643827,5.44286968120997,1.29724344658797,9.86281412215248,0.00143713651005525,0.00136846400672104,1.8489710538845e-07,0.000715825123533755,0.00231602668181623,7.31946670232758e-06,7.04397855808175e-06,3.33683193973739e-12,4.24798944811199e-06,1.09950064749699e-05,-3174.85750728957,0.0971957837160041,0.0771095288253833,0.985625,0.432312620598739
"quadratic",1600,"montoril",17,81.888,41.1033935784145,378.820177167584,118.009287550718,591.712305308815,109.807728527726,15.6088412147738,794.423012043202,169.260678925165,0.501946482737575,4.62607680206605,1.44110599295035,7.22587320863637,1.34095018229442,9.70133611815164,0.00132239680470104,0.00127801773944091,1.48966809518211e-07,0.00063515364130849,0.00209828354324034,6.96385487455914e-06,6.75447763540292e-06,2.66455200065764e-12,4.10133138555389e-06,1.02417972244574e-05,-3181.81028003882,0.0750739596544573,0.0596429068590799,0.99875,0.418373330520758
"quadratic",1600,"montoril",180,81.66,64.0402743302884,325.987025622741,116.319731915493,773.999860973713,100.846771432682,10.8333935293587,811.665786680428,53.6483893571246,0.784230643280534,3.9920037426248,1.42443952872267,9.47832305870332,1.23495923870539,9.93957612883208,0.00132582022091026,0.00127441310441683,1.42147153596788e-07,0.000653695869561746,0.00206668861524485,6.78766747852374e-06,6.57160284647357e-06,2.48509555872143e-12,4.03940385912967e-06,9.98690675815316e-06,-3156.64284104887,0.073854206269446,0.0561458139265605,0.9875,0.41841672040264
"quadratic",1600,"montoril",181,82.613,59.4369472064471,266.626883011836,112.20368618401,543.552507338615,100.31476402981,9.86775375760901,819.857810343861,124.306871197689,0.719462399458282,3.22742041823728,1.35818437998874,6.57950331471579,1.21427334717067,9.92407744960068,0.00140978803850778,0.0013535364022128,1.57164052222778e-07,0.000735513266775882,0.002192532766817,7.19468074743587e-06,6.93084765303464e-06,3.27009421176133e-12,4.10923133176858e-06,1.07297931132207e-05,-3163.34009059657,0.0815062711379494,0.0655132891925028,0.993125,0.431674120259938
"quadratic",1600,"montoril",182,81.014,64.6744176237293,283.283815668644,101.655303824789,940.647335136616,103.306297895568,19.2621192020016,814.518850846792,71.6939579405453,0.798311620506694,3.49672668512411,1.25478687417963,11.6109232371765,1.27516599471162,10.0540505449279,0.00135828125599551,0.00131429738445282,1.35487300606365e-07,0.000694169707239063,0.00205782457125104,7.10790329594027e-06,6.87963262380449e-06,2.87279079315145e-12,4.13229923455161e-06,1.04703303924352e-05,-3143.43445883225,0.0835049645863878,0.0646717762715557,1,0.422504429333039
"quadratic",1600,"montoril",183,82.335,38.1480031215997,117.809628102088,127.466761293739,927.922205614161,104.260825555433,22.3263328238694,843.171148930536,62.3558385170789,0.463326691220012,1.43085720655965,1.54814794794121,11.2700820503329,1.26630018285581,10.2407378263258,0.00135147419293208,0.0012918092413883,1.41866273774799e-07,0.000704816862070966,0.0021055089064514,6.83314061729186e-06,6.62245670964063e-06,2.54103369276923e-12,4.0764275858668e-06,1.00496069133047e-05,-3151.18569649954,0.0737694434069151,0.0594280648833815,1,0.422444687336232
"quadratic",1600,"montoril",184,83.011,56.5391754790427,264.56523576798,84.5906996656424,563.11354661084,100.274208544503,8.07470651398021,754.951657038063,29.535860232014,0.681104618412532,3.18711057291178,1.01903000404335,6.78360153004831,1.20796290304301,9.09459778870346,0.00136680213587309,0.00129454092162111,1.62401565096372e-07,0.000713532730066597,0.00218996798327494,7.02724177473063e-06,6.77991206303139e-06,2.85936121785696e-12,4.08308577200318e-06,1.03673763403754e-05,-3142.93251688283,0.106636747046115,0.0870178349518631,0.96625,0.426976147274085
"quadratic",1600,"montoril",185,82.024,62.1090309022887,231.278358083342,84.9444285434154,557.119274140709,107.759691837318,7.94134499742542,876.911569200293,23.6066136600358,0.757205584978648,2.81964252027872,1.03560456138954,6.79214954331304,1.3137580688252,10.6909144786927,0.0014618128759693,0.00140516263171919,1.65494073744089e-07,0.00075373735683342,0.00226114109956887,7.34339750671246e-06,7.07816878150441e-06,3.29479967488943e-12,4.26232665010412e-06,1.10244775106409e-05,-3145.23473259077,0.095300079577838,0.0748454470975379,0.99,0.427509171694248
"quadratic",1600,"montoril",186,80.786,14.6098187879933,255.236523129735,63.222010243305,848.448918185724,104.98517241583,7.253453118428,869.923149985079,43.0162631121975,0.180845923650054,3.15941528395682,0.782586218445089,10.5024251502206,1.29954660975701,10.7682414030287,0.00150956385559187,0.00142315326284624,2.19493994310407e-07,0.000758784681808804,0.00248115584459641,7.03625974343138e-06,6.83667473900446e-06,2.72588760149196e-12,4.12509487003268e-06,1.03889350147225e-05,-3146.50524141287,0.0821093458358502,0.0629742940681294,0.98125,0.435054244105202
"quadratic",1600,"montoril",187,81.113,60.6919051298364,269.662816871717,59.7971315410366,594.438225621833,111.532827447257,6.59425820930799,990.633741315706,47.6376806160703,0.748238939871986,3.3245326503978,0.737207741558525,7.32851978871245,1.37503023494701,12.2130082886308,0.00161529473099256,0.00156443677159028,2.13390353846674e-07,0.000806127511056958,0.00253166417654686,7.22655815304515e-06,6.92707622616115e-06,3.42905235734402e-12,4.18867424322279e-06,1.09946978182714e-05,-3152.7863840113,0.0800908739225558,0.0642830220270962,1,0.441403338926662
"quadratic",1600,"montoril",188,82.543,100.954300603694,334.732963580973,99.5743734309634,812.014467473282,106.956841892426,9.92525153924499,857.496555915559,26.7080962116329,1.22305102314787,4.05525560714989,1.20633334663101,9.83747219598612,1.29577119673898,10.3884830441777,0.00138921134018983,0.00133387099809844,1.27519290615761e-07,0.000773307498157783,0.00211119138694335,6.88125297127399e-06,6.64832393581886e-06,2.65190318620617e-12,4.1253814427996e-06,1.02088076623514e-05,-3154.31628785245,0.0895748260083774,0.0737909139384085,0.9975,0.429938874707243
"quadratic",1600,"montoril",189,83.185,74.2795135032411,254.747043064299,67.5371831574846,730.202356701744,99.6813462137576,12.1491765485347,842.643931853553,94.9849653211943,0.89294360164983,3.06241561656908,0.811891364518659,8.77805321514389,1.19830914484291,10.1297581517528,0.00146268460994849,0.00140466031638533,1.90663401774622e-07,0.000719626418481525,0.00231832522483959,7.06369344089774e-06,6.82922885084213e-06,2.81000022500217e-12,4.18188570480249e-06,1.04841379290354e-05,-3172.31479035544,0.072032186370305,0.0562721296365829,0.998125,0.432154876979382
"quadratic",1600,"montoril",18,79.782,75.6878029099421,256.636473763521,117.971838900917,947.320676149517,111.559313493924,11.1148050375968,963.901242920864,85.2094384299034,0.948682696722846,3.21672148809909,1.47867738212776,11.8738647332671,1.39830179105467,12.0816881366833,0.00155387704405539,0.00149577650276529,1.64780218564753e-07,0.000844303754122793,0.00238743305924371,7.22013034888262e-06,6.98172547779453e-06,3.11519853416111e-12,4.12477675529326e-06,1.06950083244049e-05,-3154.8471854759,0.0802989507591649,0.0636147850399381,0.996875,0.43941425728325
"quadratic",1600,"montoril",190,81.063,56.2587725586214,234.80460380856,98.1664975143816,707.184571847722,97.0877385535117,11.9698157809439,730.411249321962,151.287236395888,0.694012959779694,2.89656938194441,1.21099018682237,8.7238884799196,1.19768252536313,9.01041473078916,0.00130380880339385,0.00126019612087958,1.20273804632822e-07,0.000694586620417764,0.00198544975118232,7.00621101018248e-06,6.7646826714509e-06,2.90405453509286e-12,4.11610812189837e-06,1.04732501597719e-05,-3129.6660446369,0.0818297604058532,0.0633478276694239,0.998125,0.417693274464481
"quadratic",1600,"montoril",191,82.247,97.6687324948706,238.286978425484,103.283715872709,508.841606874669,132.391435000776,12.4488430294242,1161.43500285588,135.035651680656,1.18750510650687,2.89721179405309,1.25577487169999,6.18674975226657,1.60968102180962,14.1213053710881,0.00177899729683732,0.00170530148981066,3.28298238646952e-07,0.000784293593627275,0.00286890253418164,7.92620071227246e-06,7.66447074982598e-06,4.07309377266748e-12,4.44655146412557e-06,1.19393124210466e-05,-3150.8078975396,0.0988049922126948,0.0743781571285295,0.99375,0.454032572361479
"quadratic",1600,"montoril",192,80.052,78.3348844409481,249.674148462448,77.773586159291,499.180751833438,105.648004071272,10.6857470409224,801.660778572332,84.470000245692,0.978549998013143,3.11889957105941,0.971538327078536,6.23570618889519,1.31974221844891,10.0142504693491,0.00139644462610132,0.00132004114929058,1.91227558799193e-07,0.000705913641967499,0.00232436895263885,7.11436328670068e-06,6.87071175427107e-06,3.07165952583558e-12,4.00503737614751e-06,1.05764781106643e-05,-3187.51846884734,0.0945996188338848,0.076433061523907,0.97875,0.427598746756062
"quadratic",1600,"montoril",193,79.849,59.91969293969,256.6971542552,133.6709290104,763.691983384052,107.016005134879,15.8866068556018,817.045911473308,68.6208025201808,0.750412565463437,3.21478232983757,1.67404637516312,9.56420222399844,1.34022974783503,10.2323875248695,0.00140047155823744,0.00135019163882179,1.51747370135183e-07,0.000724705242518801,0.00216619548648387,6.99014693718955e-06,6.77818529715312e-06,2.55922961673149e-12,4.22001287646908e-06,1.02126963809474e-05,-3169.61448038469,0.0835798611313139,0.0686422075723922,0.993125,0.424890568344379
"quadratic",1600,"montoril",194,79.936,72.0590910610814,341.00601633614,123.312196304966,591.782450650823,117.557259289437,23.6159703480949,986.954425361105,143.864471373779,0.901459806108404,4.26598799459742,1.54263656306253,7.40320319569185,1.4706422549219,12.3468077632244,0.00152709138908466,0.00146178842474083,1.8053300484494e-07,0.000803175634185836,0.00238044101911749,7.28607487141749e-06,7.00360110097557e-06,3.53637425176109e-12,4.20440452276612e-06,1.10162994515344e-05,-3127.65318037278,0.0788482939642298,0.0620963358719659,0.9925,0.435398207292816
"quadratic",1600,"montoril",195,82.975,111.032088617951,364.752155395788,109.892656715466,880.584149733704,126.716907623519,11.1737155990811,1169.83509652271,28.8185180676189,1.33813906137934,4.3959283566832,1.32440682995439,10.6126441667214,1.52716972128374,14.0986453332053,0.00169110209127433,0.00161818021876406,2.25396400613323e-07,0.000896439015984245,0.00263218390316783,7.35759649015816e-06,7.11285910601996e-06,3.26167037416218e-12,4.28090132040786e-06,1.1000941141429e-05,-3135.08820075661,0.0924701736425228,0.0740908401184476,0.98375,0.438957933507314
"quadratic",1600,"montoril",196,79.767,45.3448419036885,227.824022704008,67.4880909806053,686.989979018463,101.009161594618,8.45981482375711,770.415129032203,68.2387800254371,0.56846618154987,2.85611872960006,0.846065302450954,8.61245852317954,1.26630262633191,9.65831896689361,0.00134930473159352,0.0013001702768243,1.422820276876e-07,0.000698941013706394,0.00209583108028583,7.0100172139657e-06,6.77201114021465e-06,2.77816843558351e-12,4.19990629256846e-06,1.03893756381669e-05,-3188.34040792332,0.0857449022736336,0.0703702968957495,0.993125,0.424050102484133
"quadratic",1600,"montoril",197,81.34,70.2673300409391,208.027601235487,119.112163182495,627.911493563398,91.5869674016382,5.48530974222711,655.774589098528,20.8541784347167,0.863871773308816,2.55750677693002,1.46437377898322,7.71959052819521,1.12597697813669,8.06214149371193,0.00126506068955544,0.00121482522977455,1.13812387838297e-07,0.00070888300415522,0.00195350252372854,6.88642792962548e-06,6.65752015539637e-06,2.66664716604064e-12,4.06340498149143e-06,1.01965134419917e-05,-3149.01648084938,0.0786446390105458,0.061523710661939,0.9925,0.422983892663084
"quadratic",1600,"montoril",198,79.868,87.1716715705525,259.011390518128,136.10607879694,673.226433432558,97.1172720168458,5.26372905995596,706.033666165572,44.0807088875857,1.09144678182191,3.24299332045535,1.70413781235213,8.42923866169877,1.21597225443038,8.84000683835293,0.00124961566116131,0.00121532976943586,1.00298291851806e-07,0.000664113324979283,0.00185244141797745,6.97496560941882e-06,6.75559317190027e-06,2.83893101650219e-12,4.06397898218821e-06,1.02929038405205e-05,-3145.65524005437,0.0840354950704375,0.0665412454789038,0.99,0.414140145904063
"quadratic",1600,"montoril",199,82.165,63.068104930164,275.001946478414,73.6138602843519,852.347610382759,99.1175880709292,20.4311305173775,768.022061064636,40.1353333423284,0.767578712714222,3.34694756256817,0.895927223079801,10.3736093273627,1.20632371534022,9.34731407612288,0.00138258764715918,0.00132782602232883,1.58622686179859e-07,0.000699805685753224,0.00219128338071542,7.12559653060556e-06,6.87506366937921e-06,2.95600365821453e-12,4.21948390261979e-06,1.06074980283675e-05,-3108.32810386186,0.0924934962406436,0.0744432206747469,0.993125,0.42951287624512
"quadratic",1600,"montoril",19,79.523,100.452854019453,322.263577360017,88.7598014547803,709.173137104608,113.401840283222,9.97444680686416,935.850792678596,85.0664447070769,1.26319246028763,4.05245749481303,1.11615257793067,8.91783681582194,1.42602568166722,11.7683034176099,0.00146247450223531,0.00141849100769108,1.60649282874632e-07,0.000775359619055309,0.0022435948831721,7.29216088213407e-06,7.08635192941417e-06,3.04972046027512e-12,4.22265506942084e-06,1.08015547532373e-05,-3151.06473090561,0.0888735260054684,0.0689543559183413,0.9875,0.426148284243752
"quadratic",1600,"montoril",1,79.636,85.8251909457443,349.076353306289,85.114205324173,741.061776549776,103.489267640556,33.9739914680225,788.432398218601,103.456282016038,1.07771850602421,4.38339888123824,1.06879056361662,9.30561274486132,1.29952870109694,9.90045203448944,0.00140391907649509,0.00136306422932225,1.59503500665013e-07,0.000688493027393409,0.00221382137488816,6.8953588739139e-06,6.68623089864144e-06,2.66346325936883e-12,4.03693245716909e-06,1.01185735852076e-05,-3215.99368783294,0.0772551417118999,0.059713168441921,0.984375,0.429875776713299
"quadratic",1600,"montoril",200,80.014,95.1409711459754,301.745203261738,139.490701370507,614.517398485854,109.519853417926,8.70381312746957,907.065874643953,58.5917266521441,1.18905405486509,3.77115508863121,1.74332868461153,7.68012345946776,1.36875863496295,11.336339573624,0.00146104823771407,0.0014158371359781,1.53458792644277e-07,0.000783257680242575,0.00223596790963393,7.09842976455617e-06,6.85022302923648e-06,3.01774512959933e-12,4.16453574426741e-06,1.06631237051724e-05,-3146.46714407874,0.0915456586556625,0.0702565513547445,0.981875,0.431591689598496
"quadratic",1600,"montoril",20,79.881,65.2981220392282,217.069627041175,139.957645401994,764.944908603232,96.1284803877174,22.2227940127703,753.424250086675,64.3663015353653,0.817442471166213,2.71741248909221,1.75207678173776,9.57605574045432,1.20339605648048,9.43183297763768,0.00134466084681438,0.00128200555555005,1.40118732605181e-07,0.000741446111349656,0.00210046088060365,7.10686703102909e-06,6.88611088873148e-06,2.75493794568707e-12,4.19796034440273e-06,1.04671980095683e-05,-3137.36789655671,0.0760558966274846,0.0573200270433616,0.99625,0.422885449183867
"quadratic",1600,"montoril",21,80.119,57.5131737063652,104.573437369693,62.6919058118565,763.225403914387,113.406155501861,18.8902889713513,850.77424928285,32.3004679732426,0.717846874104335,1.30522644278752,0.782484876394569,9.5261474046654,1.41547143002111,10.6188825282748,0.00144920422290376,0.00137330178198652,1.89665696531385e-07,0.000742796533617746,0.00231939412916919,7.32229051171707e-06,7.0693759030489e-06,3.24581538638092e-12,4.25181952959617e-06,1.09436157780443e-05,-3183.50861873816,0.0938863327583647,0.0764800058113782,0.991875,0.432305724699432
"quadratic",1600,"montoril",22,80.114,76.6221815001278,318.838678995508,54.1820930660527,769.502153688177,112.689913309006,8.83770642763901,954.735813736797,86.7898364645662,0.956414378262573,3.97981225498051,0.676312418129823,9.60508966832485,1.40661948359845,11.9172156394238,0.00144847083102943,0.00139982766713496,1.49288235035837e-07,0.000761477705634347,0.00219984416022748,7.04868054178526e-06,6.80602621133874e-06,2.82641152977418e-12,4.13157127185341e-06,1.03832481376149e-05,-3184.67985875396,0.087181513378821,0.0698015387330431,0.970625,0.423156762290228
"quadratic",1600,"montoril",23,82.579,86.3097699716896,430.734489218068,70.0372117928041,1175.77566111448,121.538937059933,6.37358658438218,1165.24413470433,50.7133464282283,1.04517819266024,5.21602936846011,0.848123757768974,14.2381920477904,1.47178988677428,14.1106593044761,0.00175052905040085,0.00166250864073162,3.40153564991138e-07,0.000777833295698493,0.00289112309996832,7.34612626022409e-06,7.09055382615106e-06,3.18603305623156e-12,4.2725110144461e-06,1.09200014620088e-05,-3152.70601992417,0.0895683430236399,0.0700076704889969,0.97375,0.442839909956756
"quadratic",1600,"montoril",24,82.558,93.299311824803,285.3266202171,142.041768585856,562.58411704829,101.586673400526,16.2371393667173,828.712525898942,66.2536789336278,1.13010625045184,3.45607476219264,1.72050883725206,6.81441068156072,1.23048854624053,10.0379433355816,0.00138143699482537,0.00134202883612839,1.41275290477438e-07,0.000680069112278578,0.0020847471034284,6.98983559422568e-06,6.75928178619977e-06,2.77380627649322e-12,4.15403237347433e-06,1.04318385525126e-05,-3162.33028138177,0.0790438075205244,0.0637497018566916,0.99625,0.422967039564304
"quadratic",1600,"montoril",25,82.621,64.7066986155815,405.291000455924,101.470184627881,733.808446519261,115.90379585851,14.8173191774626,991.612182049524,139.409031677135,0.783174962970449,4.90542356611423,1.22814035932609,8.88162145845803,1.40283700098656,12.0019387570899,0.00157147580285781,0.0015158359066742,2.02765016048272e-07,0.000777743257837278,0.00248138130125795,7.00906488117837e-06,6.77482554257909e-06,2.79370690833538e-12,4.11110457235113e-06,1.03193724046755e-05,-3186.58304676827,0.0782526228464626,0.0590494373622142,0.986875,0.434734267328648
"quadratic",1600,"montoril",26,80.351,95.3074775527459,480.912457674334,123.621177236353,636.116493659634,115.915156987155,7.75093855642261,937.222957918113,53.0436370097806,1.18613928330383,5.98514589332222,1.53851448315955,7.9167215549232,1.44261001091654,11.6641106883314,0.00142289222727544,0.00137450488251842,1.48979933044289e-07,0.000733699620124968,0.00218406126516148,7.08123854930263e-06,6.85370859445872e-06,2.85003252167083e-12,4.17221564876319e-06,1.0465768311198e-05,-3205.22868340286,0.0895807515237079,0.0702328497529977,0.984375,0.420845787043152
"quadratic",1600,"montoril",27,82.67,73.4861383386896,264.276151453556,70.5193145729274,941.411180586062,117.433534536806,13.4786768050985,1051.14911868201,87.0463890589697,0.888909378718878,3.19676002725966,0.853021828631032,11.3875792982468,1.42050967142622,12.7150008307973,0.00158867878385248,0.00151785017162265,2.42809267845703e-07,0.000763704676537821,0.00257762552885277,7.13535836495884e-06,6.92581592429043e-06,2.77351897304284e-12,4.16976827255433e-06,1.04965777973016e-05,-3207.33225255558,0.0811662736495741,0.0661726033871479,1,0.433200362664356
"quadratic",1600,"montoril",28,81.069,78.0872779382291,320.796470032637,72.7491408147471,854.99708859074,111.711215333132,7.71328895345598,970.715806566668,94.8458744197816,0.963219947677029,3.95707940190007,0.897373111975565,10.5465355264126,1.37797697434447,11.9739457322363,0.00153800149415528,0.00147373515871692,2.13552142494172e-07,0.000740795109932559,0.00243880760580304,7.09069846005643e-06,6.85736881791428e-06,2.89412753534395e-12,4.06025279980853e-06,1.03613804034671e-05,-3178.17214826735,0.0959235874718717,0.078644027881093,0.984375,0.430772264264004
"quadratic",1600,"montoril",29,79.646,59.159013789964,258.055730038587,120.117850484142,810.605750430469,109.637392701329,7.62632056597066,825.300620480136,101.650492916263,0.742774449312758,3.24003377493644,1.50814668011127,10.1776077948732,1.37655868092972,10.362110093164,0.00132205606556915,0.00127969483410794,1.18193730839854e-07,0.000704145217534912,0.00201428250432915,6.87913980330114e-06,6.66374906884366e-06,2.62958025373279e-12,4.10560591044707e-06,1.01246388812498e-05,-3161.00423776505,0.073553331219706,0.0565717842023201,0.9875,0.421171391772619
"quadratic",1600,"montoril",2,82.02,70.8825095439887,254.766048494157,77.5633863581023,719.951452641372,107.936589567493,21.2436543512367,914.053512971886,145.937878143662,0.864210065154703,3.10614543396924,0.945664305755941,8.77775484810256,1.31597890231033,11.1442759445487,0.0014807196147635,0.00143584277748387,1.61585232208386e-07,0.000745238644046953,0.00223893032086071,7.36933096755942e-06,7.12344986330953e-06,3.17081881837409e-12,4.31058302093318e-06,1.09012530149267e-05,-3170.84820133757,0.100658545455111,0.0845337681690569,0.986875,0.433405547678744
"quadratic",1600,"montoril",30,80.694,81.8805343973021,429.863648606483,85.9624627101039,858.450736764742,113.294711343828,14.3763925325816,912.653356704708,107.426177872488,1.01470412171044,5.327083161158,1.06528939834565,10.6383465532102,1.40400415574675,11.3100522554924,0.00145928227825169,0.00139467077272351,1.87749525646871e-07,0.000717054307977932,0.0023207179829525,7.2472396489274e-06,6.9971216996617e-06,3.09607215050266e-12,4.21200542346634e-06,1.07430272136433e-05,-3157.14958024217,0.092574251739258,0.0751753551515481,0.981875,0.428000000403204
"quadratic",1600,"montoril",31,79.981,31.8139878515943,159.674433953903,125.230946030161,711.988967956367,112.671698426065,5.88655065672197,970.250302954537,22.911489636172,0.397769318358039,1.99640457050928,1.56575869306661,8.90197631883031,1.40873080389174,12.1310099017834,0.00159934274088859,0.00155584694599553,1.80812932210617e-07,0.000840353571197331,0.00241951045224256,7.45053623699665e-06,7.15342426807627e-06,3.59374205843212e-12,4.28318161564194e-06,1.1347478221304e-05,-3156.66207548261,0.0990296658512513,0.0766521450340907,0.9575,0.444440733447176
"quadratic",1600,"montoril",32,80.304,91.2075532849777,254.409697525487,66.9869810363893,780.819419638194,138.31199596131,16.4425199152777,1360.8116336886,137.045488599233,1.13577845792212,3.16808250554751,0.834167426733279,9.72329422741325,1.72235500051442,16.9457515651599,0.0018284271006253,0.00176943228116278,2.88430038132865e-07,0.000885983140140808,0.00289241543288832,7.47272429070974e-06,7.1879532628213e-06,3.55603662090716e-12,4.21596223648128e-06,1.12128050569021e-05,-3165.85372629498,0.0954142960903908,0.0805875197529749,0.985625,0.443767927682243
"quadratic",1600,"montoril",33,80.929,142.929643076825,333.934044148066,101.693964892671,694.001132125021,98.5860138973964,14.9022812414884,745.822233098644,46.6917850419822,1.76611156787832,4.12625936497505,1.25658249691299,8.57543194806584,1.21817906927549,9.21575990187255,0.00134281141143981,0.00129296038050064,1.28265242873336e-07,0.000727558496704199,0.00203877642140652,6.87513761050312e-06,6.66499232102899e-06,2.62525353412619e-12,4.05247480873999e-06,1.00751973115135e-05,-3164.37381402593,0.0981384920474952,0.080020299087776,0.975,0.429092703798039
"quadratic",1600,"montoril",34,82.265,110.748349796759,373.740017919356,135.720686907796,748.952074572689,94.9249291897064,8.8179005996612,755.624743366056,65.8485170931318,1.34623898130139,4.54312305256617,1.64979866173703,9.10413996927841,1.15389204631017,9.18525184909811,0.00133016651791629,0.00128823011201787,1.14204712880502e-07,0.000730589575630531,0.00200050401631186,6.8519462142704e-06,6.62635856403418e-06,2.47403216764637e-12,4.01721076461434e-06,9.96305510026182e-06,-3194.37202815113,0.0785337000552821,0.0621784098874786,0.98375,0.425748390024983
"quadratic",1600,"montoril",35,83.145,66.5538146566207,240.517227345857,101.930645041095,763.060274298978,118.226750774622,11.7492731046718,971.345893115303,56.0594316596473,0.800454803735891,2.89274433033684,1.22593836118942,9.1774643610437,1.42193458144954,11.6825532878141,0.00154819790375822,0.00147542649715116,1.96177353575408e-07,0.000831630321731458,0.00245018508055545,7.33972370592089e-06,7.05752538179746e-06,3.29654522979212e-12,4.29790604252525e-06,1.09647812634873e-05,-3170.51128184561,0.0854184159059989,0.065969517924761,0.984375,0.43131976126202
"quadratic",1600,"montoril",36,82.48,82.5248838750638,394.753105604689,65.7923983021792,817.237109947618,106.521346746552,4.23581808159515,866.863672049723,26.3501700847203,1.00054417889263,4.7860463822101,0.797676992024481,9.9083063766685,1.29148092563715,10.5099863245602,0.00138484260085327,0.00132334912046054,1.55893484484105e-07,0.00070551525169651,0.00219101571421978,6.96294525116664e-06,6.73156567094649e-06,2.73330853927119e-12,4.09183739253018e-06,1.02500477826524e-05,-3181.92262294874,0.0936684027112311,0.0764209487670932,0.99375,0.419596679339652
"quadratic",1600,"montoril",37,82.224,77.7641389981592,231.371222417611,96.2112507324011,506.227983914939,101.282803415927,4.86315781241172,767.154433029979,36.3746773128369,0.945759620039881,2.81391348532802,1.17011153352307,6.15669371369598,1.23179124605865,9.3300548870157,0.00132079073570973,0.00127224099861488,1.34937724820342e-07,0.000697903396962219,0.00208149289277522,7.0340108985953e-06,6.77725506369268e-06,2.82291198822222e-12,4.16753442059064e-06,1.04607586018394e-05,-3128.00563635469,0.0977236137570364,0.077866094633654,0.985625,0.419786254147675
"quadratic",1600,"montoril",38,81.842,43.6807641607772,190.179156284896,114.38550640753,994.491469742301,108.494061786099,12.6750115355119,907.116563190373,111.470262428038,0.533720634402595,2.32373544494143,1.39763821030192,12.1513583458652,1.32565262073384,11.0837536129417,0.00148535125296952,0.00140511180584433,2.02172591066838e-07,0.000717606166579406,0.00239658144844602,7.13783253155652e-06,6.90903235621696e-06,2.79660515986147e-12,4.20988784937891e-06,1.05076877714687e-05,-3142.1165422679,0.0913142150971648,0.0679343636190294,0.98625,0.436653526891815
"quadratic",1600,"montoril",39,80.266,71.854215410064,224.100467308518,127.477990235323,625.011309883733,86.1466445650906,6.33037029444094,655.485903596496,52.8121519587751,0.89520114880602,2.7919725326853,1.58819413245114,7.78675042837232,1.07326445275821,8.16642044697002,0.0012111192311473,0.0011686169930069,1.063094564765e-07,0.000658288889167886,0.00184962449736119,6.59772304611473e-06,6.37166946162119e-06,2.42193253708839e-12,3.96328725796382e-06,9.78780110852309e-06,-3191.6206785471,0.0735482980802678,0.0562894640984126,0.975625,0.414033848539145
"quadratic",1600,"montoril",3,81.379,115.183104502651,385.458865268875,75.6152327779,546.721980852237,113.183412670681,12.6644727626186,965.123360047825,31.7379947464349,1.4153910038542,4.73658886529541,0.929173776747072,6.71821945283473,1.39081842576931,11.8596119397858,0.00150162598524158,0.00143814746718644,1.82526847605869e-07,0.000743189788392385,0.00237809243344935,7.24336293199309e-06,6.9875409719984e-06,3.29122791873286e-12,4.06615511162838e-06,1.08308035793736e-05,-3149.27101494912,0.0878362414440017,0.0702374075327589,0.991875,0.431581384384311
"quadratic",1600,"montoril",40,80.103,58.439888519702,267.026011617938,68.6371125875341,870.070395661801,119.605570244254,10.251048510004,990.648434022881,167.677234673935,0.729559298898943,3.33353322120193,0.856860699193964,10.8618952556309,1.49314720103185,12.3671826775886,0.00147129336416366,0.00141732688425674,1.63577924754658e-07,0.000796175705866461,0.00227521457258494,7.13723985858401e-06,6.91826089482052e-06,2.75602069153411e-12,4.22521727334879e-06,1.04981871663674e-05,-3157.11372188259,0.0952791821840398,0.0718333981431068,0.970625,0.426333363994061
"quadratic",1600,"montoril",41,80.299,123.837315506681,331.276203823565,117.040416349684,690.817795309323,112.249202366584,10.869845714728,952.110709853682,151.116534070191,1.54220246213129,4.12553336683601,1.45755758290494,8.60306847294889,1.39789041415938,11.8570680812175,0.00150148849375378,0.00143295436491951,1.86704335934489e-07,0.000764211314876635,0.00236629087235245,7.73632983409686e-06,7.49600428877554e-06,3.51852900181042e-12,4.42925457238512e-06,1.14483417284945e-05,-3094.10811154643,0.106886531234163,0.0858514463097713,0.970625,0.433176063224837
"quadratic",1600,"montoril",42,82.323,76.6189530526555,272.225923958976,92.3787108998592,736.406563136915,112.324373280465,9.25827865233707,902.540174763261,113.709815146059,0.930711381420205,3.30680276422112,1.12214947098453,8.94533196235457,1.36443488794705,10.9634023877077,0.00150795563482392,0.0014230970500753,2.03673298008135e-07,0.000779628267444123,0.00244845329556206,7.14407781245318e-06,6.89634664695974e-06,3.04339074905592e-12,4.05248001771529e-06,1.05520241829266e-05,-3130.69595038607,0.094872007043817,0.0734525535949222,0.984375,0.433926470994894
"quadratic",1600,"montoril",43,83.761,43.2339369463789,127.951668077228,91.0486233044898,715.747539430892,108.845330971181,22.6033747057521,875.952279846194,69.7479808291417,0.516158318864136,1.5275804739345,1.08700497014708,8.54511693307019,1.29947506561742,10.4577581433626,0.00136938583830623,0.00130527908094812,1.53066247281978e-07,0.000729017989885755,0.00213618728108279,6.81755632606511e-06,6.58472404641765e-06,2.63896756491348e-12,4.00486283897922e-06,1.00433057951477e-05,-3122.99251081048,0.0942163769033629,0.0735697019163098,0.97375,0.423061496972758
"quadratic",1600,"montoril",44,80.348,88.6170882153307,377.600308036693,137.855720816982,983.024599975363,113.174998634695,9.82322296951477,992.995342163024,112.461411820992,1.10291591844639,4.69956076114768,1.71573307135189,12.2345870460418,1.40856024586418,12.3586815124586,0.00147046816440979,0.00140783365663426,1.8802491404258e-07,0.000718682952522294,0.00231880993302927,7.04331951391437e-06,6.78384771078896e-06,3.05300328880275e-12,4.09377086417695e-06,1.05536471247606e-05,-3140.25310720456,0.0868040635292219,0.0684908155874216,0.988125,0.425660211320656
"quadratic",1600,"montoril",45,82.336,84.6104996514843,333.295414059118,87.3908068101469,429.269129657236,103.06228011712,6.96794444151255,816.066694850637,38.3123132105616,1.02762460711577,4.0479913289341,1.06139242627948,5.21362623466328,1.25172804261952,9.91142021534489,0.0013455557204233,0.00128430520348954,1.37029481095792e-07,0.000693741422011686,0.00207660359817431,7.18541582428698e-06,6.93336702691702e-06,3.05012901673643e-12,4.19190951949743e-06,1.06715122704574e-05,-3161.92869133207,0.102817212065057,0.0780043007699181,0.97375,0.423062670330976
"quadratic",1600,"montoril",46,82.313,78.9354408609753,457.468413743498,92.3855900978595,498.165249533707,111.917669417066,12.5050352338188,964.253259386427,146.869955845332,0.958966880820469,5.55766906495327,1.12236937176217,6.05208471971265,1.35965970645058,11.7144710967457,0.00144252841899623,0.00139185527307039,1.5425356554306e-07,0.00077097715698297,0.00223752721778844,7.20491607670006e-06,6.96893702265004e-06,2.89731411253313e-12,4.27906860525017e-06,1.07162437411146e-05,-3181.45965648845,0.0837243998045882,0.0658491065279146,0.98375,0.426828845912428
"quadratic",1600,"montoril",47,79.933,77.8686430660883,239.967971311892,73.5876230163326,735.290766918548,109.664128630473,7.83211504650665,865.400908470808,47.7008184077158,0.97417390897487,3.00211391179978,0.920616303858639,9.19883861382093,1.37195061652225,10.8265786154756,0.00147649495493445,0.00141371926279094,1.96327808101874e-07,0.000723547595926564,0.00236745684012298,7.08883512816726e-06,6.83615131379085e-06,2.89340169001388e-12,4.12311440999015e-06,1.04505300573979e-05,-3161.19976793619,0.0912504631518185,0.0729974021974374,0.9975,0.429060489947425
"quadratic",1600,"montoril",48,81.077,125.668361064607,425.172873989293,158.98094303027,993.624165166841,124.498358263174,13.1014476041083,1163.0215747526,188.890864498747,1.54998780251622,5.24406273035871,1.96086366084426,12.2553148879071,1.53555704161691,14.3446547695721,0.00169317711481112,0.00165918925464597,1.85605817450926e-07,0.000891314952118998,0.00252745355538877,7.30254023452149e-06,7.05755124981685e-06,3.06058737582761e-12,4.34548535861655e-06,1.08552908811288e-05,-3184.04776523627,0.0947227528929732,0.0780566896674829,0.976875,0.439846453075089
"quadratic",1600,"montoril",49,82.654,7.3353905684958,55.254188793931,100.049815615235,485.249986984978,96.9502055298583,5.13938027555456,757.863270532535,20.8832510713155,0.0887481618372468,0.668499876520568,1.2104655021564,5.87085908709776,1.17296447274008,9.16910579684631,0.0013260889053304,0.00125917652695397,1.49266830116524e-07,0.000698952478940259,0.0020751012855114,6.71841741785289e-06,6.51729317831117e-06,2.41726495617797e-12,3.96655461967806e-06,9.85295121882599e-06,-3164.70299245309,0.0805951594855227,0.0641264006645665,0.9975,0.426418780841353
"quadratic",1600,"montoril",4,79.793,59.9877234044367,129.337912332497,77.3006336520303,679.293976037171,113.48561468214,9.33964979539927,907.714402940054,54.8260547175476,0.751791803847916,1.62091802955769,0.968764599050421,8.51320261222376,1.42225025606432,11.375865087665,0.00144955635130834,0.00139503780214069,1.77859370061742e-07,0.000743515171862271,0.00229791053358098,7.12540670538068e-06,6.90569286240729e-06,2.8995248265766e-12,4.1267940543731e-06,1.05593601282624e-05,-3171.36272607999,0.102309742308493,0.0792986660277518,0.968125,0.430156714358487
"quadratic",1600,"montoril",50,80.651,37.6757613053758,228.863266827386,97.5399002228903,809.675692342155,101.914449375977,5.84282656066753,816.114295220263,42.8835772366944,0.467145618843856,2.8376990592477,1.20940720168244,10.0392517432165,1.26364768416979,10.1190846390034,0.00142495404413949,0.0013716564407655,1.64203996400589e-07,0.000734124330081365,0.00227181282984728,7.03310709953821e-06,6.79276997709777e-06,2.8471966525839e-12,4.00087594812056e-06,1.03393014895025e-05,-3132.57222648758,0.0853993101379606,0.0681289622956294,0.970625,0.427230208760674
"quadratic",1600,"montoril",51,82.839,32.4827709290797,394.463236454416,14.1113061844911,790.374912476262,110.072532521433,6.94321317061444,858.335532341569,210.301987037356,0.392119302853483,4.76180586987308,0.170346167680574,9.54109673555043,1.32875255038609,10.3614907512352,0.00138710927752353,0.00132946270876195,1.64421002098413e-07,0.000702847520167472,0.00224345305531754,6.8548564995415e-06,6.6164998582647e-06,2.72719627101174e-12,4.03433604645457e-06,1.00845558645494e-05,-3135.83121945194,0.0755601967695984,0.0603759183519057,1,0.421290317204757
"quadratic",1600,"montoril",52,80.32,49.3320701268233,182.843579541053,68.6610980811806,969.731096956182,103.537152309518,6.89925761178293,873.854697399175,125.730344971578,0.614194100184554,2.27643898830992,0.854844348620277,12.0733453306298,1.28905817118424,10.8796650572606,0.0014700316135349,0.00138713028263618,2.21689853546745e-07,0.000704789252800523,0.00245462175045637,7.20824347902711e-06,6.98857863988057e-06,2.93836507089094e-12,4.22294467258977e-06,1.05793488351517e-05,-3107.4322815494,0.102434535525039,0.0844464108194933,0.988125,0.432912014633084
"quadratic",1600,"montoril",53,82.715,49.6278229625789,183.69638059046,92.9866591608385,875.483291461094,115.748853853703,23.6901913845965,1027.08288198121,112.152921678455,0.59998576996408,2.22083516400242,1.12418133543902,10.5843352652009,1.39936956844228,12.417129686045,0.00160937892840276,0.00153832306860753,2.40515245454764e-07,0.000799198741404928,0.00260559378114213,7.3599916233945e-06,7.0892690340776e-06,3.28013515220295e-12,4.30602598055471e-06,1.08730943692997e-05,-3148.28251910875,0.101332039867157,0.0802495325231238,0.968125,0.44252910408013
"quadratic",1600,"montoril",54,79.99,30.836125885801,231.573329982121,102.194672714062,856.441822471512,93.1600174574009,6.66437746427049,667.454653057439,32.5897640155194,0.385499761042643,2.89502850333942,1.27759310806428,10.7068611385362,1.16464579894238,8.34422619149193,0.00125718767217418,0.0012153923006457,1.07788179254736e-07,0.000683980300717913,0.00190322448287316,7.01541380518526e-06,6.79505827257558e-06,2.68470921618393e-12,4.11930412580858e-06,1.03040265434332e-05,-3150.75657849196,0.0757076920584923,0.0630671671620949,1,0.418305141326612
"quadratic",1600,"montoril",55,79.978,35.40628600701,302.912711102648,125.579265912212,563.641815299292,103.603444932691,11.3366973394415,816.011947461092,75.2431988135216,0.442700317674986,3.78745043765345,1.57017262137352,7.04746074294547,1.29539929646517,10.2029551559315,0.00132970823433745,0.00127496676494493,1.33357138166509e-07,0.000712031806700145,0.00205836826522768,6.7713550743047e-06,6.54721632387987e-06,2.63324795583593e-12,3.9992225836393e-06,1.00947889717644e-05,-3177.97998433844,0.0797905386585589,0.0626919296925223,1,0.421630158446353
"quadratic",1600,"montoril",56,82.408,92.9561866030187,405.339118082017,106.742667409665,757.213096561404,120.724518524474,18.7271438491902,1066.68537311036,120.947917957677,1.1279995461972,4.9186865120136,1.29529496419844,9.1885872313538,1.46496115091343,12.9439541441409,0.00162031021741657,0.00156544640031122,2.01171870277472e-07,0.000856653153752181,0.00253023191460437,7.24280199062978e-06,6.98072039451997e-06,3.12316727397761e-12,4.21368601705798e-06,1.08446077775516e-05,-3154.58052136836,0.08462169065264,0.0699208604127691,0.99125,0.44172015815581
"quadratic",1600,"montoril",57,83.397,38.6799502564116,166.154796427723,104.279780887995,615.923256688562,94.2272696827418,9.77256870526651,774.136406537623,95.1374238196505,0.463805056014144,1.99233541287724,1.25040206347944,7.38543660669522,1.12986402008156,9.28254501406073,0.00127127078862541,0.00121422787269595,1.39025113573098e-07,0.000663212302076727,0.00203382303378145,6.64876012950742e-06,6.45312667433976e-06,2.38311405246829e-12,3.98471596867782e-06,9.69843794945463e-06,-3155.53395411453,0.0868113686169493,0.0701773683114583,0.989375,0.418824656414074
"quadratic",1600,"montoril",58,79.269,116.436739843886,488.354933420714,76.2226452884704,749.177801400071,130.682643227214,3.40161640261967,1188.79675399871,49.6821530443538,1.46888114955261,6.16073034125211,0.961569406558306,9.45108177724042,1.64859709630769,14.9969944618793,0.00173691654182048,0.00165987067745722,2.93139291085499e-07,0.000826149204276119,0.00280864182020039,7.35025117483588e-06,7.06859828266022e-06,3.49848908987854e-12,4.20310334604427e-06,1.11272372670714e-05,-3183.36500554706,0.0815301221931437,0.0659978205606893,0.99875,0.439594288756012
"quadratic",1600,"montoril",59,80.991,30.5715929063064,89.3893620173468,77.1961592221618,717.471483478386,108.523714425179,9.3768974284704,839.962113523172,51.6396058614219,0.37746901391891,1.10369500336268,0.953144907732486,8.85865693075016,1.33994782661257,10.3710549755303,0.00133062977651761,0.00128551186399794,1.32835252811908e-07,0.000674197497016143,0.00202831651855922,6.79084214049829e-06,6.55310263463118e-06,2.6594005856865e-12,3.94010441091682e-06,1.00068487290428e-05,-3171.62389422322,0.0687234251824635,0.0553456392599484,1,0.417700832333988
"quadratic",1600,"montoril",5,83.223,28.4170600577472,159.091424833455,107.514869524659,736.195683535089,107.351341144356,2.48814199821773,889.66293468358,11.1619495539411,0.341456809508756,1.91162809359738,1.29188889519314,8.84606038637262,1.28992395304611,10.6901089204136,0.00144174528910041,0.00137711580241473,1.88609523122232e-07,0.00068749979643614,0.00234594428056353,7.16000569963609e-06,6.94986643384277e-06,2.8984711844697e-12,4.18327559135732e-06,1.04898591347016e-05,-3166.91830684755,0.0989682353528248,0.0784579834615263,0.98375,0.430645552775726
"quadratic",1600,"montoril",60,80.449,44.3133763684746,236.590127931367,125.747834911995,639.025307489712,105.45066756188,8.41472056201148,837.08174825327,102.167178783734,0.550825695390553,2.94087096087418,1.5630751769692,7.94323493753448,1.31077661079542,10.4051230997684,0.00137946535240973,0.00134209797799311,1.36053905565913e-07,0.000696006959974902,0.00210317106049634,7.01863894256155e-06,6.79443995844948e-06,2.75981191230839e-12,4.11657217200731e-06,1.02733968937682e-05,-3153.17057944635,0.0787988425183956,0.0648215232654281,1,0.426744136568652
"quadratic",1600,"montoril",61,79.494,71.5080970881611,450.986933901988,109.964462299744,765.605707492766,103.289239846551,8.10957407905661,823.759068516511,154.59885917489,0.899540809220332,5.67321978893989,1.38330518403583,9.63098733857606,1.29933378426738,10.3625313673549,0.00133985089413889,0.00129479321629445,1.15469284563659e-07,0.000741804709772162,0.00202772188812402,6.94327362244619e-06,6.69826769616701e-06,2.76257828183429e-12,4.09017989788497e-06,1.02569068644609e-05,-3142.27376568664,0.0981748779372891,0.0780019337395956,0.95375,0.421624117019512
"quadratic",1600,"montoril",62,80.562,89.3083148076758,309.41299994677,102.467575939418,757.018054717667,136.118692292053,28.8302356077199,1251.70443237273,95.1173410732601,1.10856625713954,3.84068171031963,1.27190953476103,9.39671376973843,1.68961411449632,15.537156877594,0.00170333805016484,0.00163143357296526,2.37745449026083e-07,0.000836361047719275,0.0027116332311502,7.50673157350734e-06,7.23378733838051e-06,3.47662162029221e-12,4.33822606009733e-06,1.12912015126417e-05,-3197.35548194025,0.0980923028567563,0.0795031039083754,0.985,0.438491228601676
"quadratic",1600,"montoril",63,82.325,55.4742302397898,189.721978915989,94.2407693311903,815.820418943313,116.252224747611,10.5988138217927,977.658473538829,108.17746610663,0.673844278649132,2.30454878731842,1.14474059315142,9.90975303909278,1.41211326750818,11.8755963988925,0.00147342348152011,0.00142242499601976,1.72381510288214e-07,0.000710870667447749,0.00226777010823892,7.34157018914639e-06,7.12567406698203e-06,2.95844584716185e-12,4.34025777940164e-06,1.08681776006513e-05,-3136.41935061603,0.0925946906438049,0.0748091208650666,0.976875,0.423221346323621
"quadratic",1600,"montoril",64,80.78,92.9058757947997,280.270697019645,77.4929276731278,736.744076006091,117.487404153201,6.44336579790929,971.407093396565,46.6974838395154,1.15010987614261,3.4695555461704,0.959308339602968,9.12037727167728,1.45441203457788,12.025341586984,0.00147097359534961,0.00140798523899301,1.83546436399176e-07,0.000753629347359759,0.0023092550642804,7.30455794240961e-06,7.08796949872524e-06,3.07986493493983e-12,4.21632339084573e-06,1.08211868104156e-05,-3133.77167686823,0.0916590674781555,0.0728998840325221,0.978125,0.425301457381975
"quadratic",1600,"montoril",65,80.652,34.4711226015678,99.647272195055,70.3971629858258,590.992669339927,109.212368352429,16.2028406437479,831.56934985779,79.1310534268355,0.427405676258094,1.23552140300371,0.872850803276123,7.32768771189713,1.35411853831807,10.3105856005777,0.00136499621777901,0.00132503314323401,1.28241440169179e-07,0.000749909139119156,0.00204992024824993,7.17974836249808e-06,6.94261630839953e-06,3.0333179864018e-12,4.13866898973376e-06,1.06118652444729e-05,-3174.21059873084,0.0871826642361785,0.0701116239359117,0.99625,0.422397443185108
"quadratic",1600,"montoril",66,81.984,95.9090844176944,345.256534040854,83.1743378038178,554.31211559504,100.716162126022,7.46565340936179,830.914385797554,12.9990958977292,1.16985124436103,4.21126724776607,1.01451914768513,6.7612231117662,1.22848558408985,10.1350798423784,0.0013973079145874,0.00131713910768059,1.92165738353384e-07,0.000704291256092918,0.00227626543036542,6.97629235239645e-06,6.73287999398798e-06,2.92509188928919e-12,4.06246219307665e-06,1.04357359338779e-05,-3178.1712959789,0.0833802027320688,0.0689216461209416,0.986875,0.431137092053673
"quadratic",1600,"montoril",67,82.132,77.0554619293751,233.25695540918,78.6071273077823,761.410843656721,116.377222933527,5.8807329704141,933.302163750219,44.4528703519899,0.938190497362479,2.84002526919081,0.95708283382582,9.27057472917646,1.41695347651984,11.3634413352922,0.00154171359739482,0.00145109813252316,2.22523214773884e-07,0.000797064002760456,0.00256080021943938,7.20968556960414e-06,6.97034913318294e-06,3.01449561130364e-12,4.18175729832891e-06,1.07627812264294e-05,-3140.51249203192,0.0919983049016478,0.0743126426606046,0.998125,0.433805408554179
"quadratic",1600,"montoril",68,80.424,66.9935428121514,388.564191202157,141.540480740002,703.727847444683,155.666493941901,14.7473380240366,1588.66563953606,162.719508662667,0.833004362033117,4.83144572767031,1.75992838878944,8.75022191689897,1.93557263928555,19.7536262749435,0.00203137988571913,0.00196953043008672,3.26890039427718e-07,0.00101550885026727,0.00317628590094134,7.88168512805385e-06,7.60948972869919e-06,3.89582020461577e-12,4.48878491582765e-06,1.19086667699865e-05,-3122.44008003166,0.113718053257051,0.0881027724016834,0.970625,0.456500846937184
"quadratic",1600,"montoril",69,80.321,77.8866323351103,247.415824390398,129.53483429343,594.163542557475,113.610890243847,14.7109217321153,933.997902926387,21.1712424294475,0.969692014978776,3.08033794886017,1.61271441208937,7.39736236547696,1.41446060487105,11.6283151719524,0.00144265753895122,0.00138554207885154,1.50814859975142e-07,0.000749038296229538,0.00221859979893445,7.01917162964814e-06,6.77709369088667e-06,2.85310187100795e-12,4.06482102452883e-06,1.03535912960383e-05,-3183.68603603688,0.087538097106715,0.0700283427632259,0.984375,0.423571485166724
"quadratic",1600,"montoril",6,79.873,70.7572877160425,387.260329768159,67.3533654587388,660.077626700671,124.497265830399,3.93997299602425,1175.97032996051,32.9729519562881,0.885872418915559,4.84845103812501,0.843255736716272,8.26408957596022,1.55869024364177,14.7230018900067,0.00169129993766302,0.00161416860725353,2.70258878951723e-07,0.000813193098589206,0.00273780610733861,7.06805616903323e-06,6.85215134563733e-06,2.85353132692628e-12,4.12168220803776e-06,1.0431027449251e-05,-3156.45838246215,0.0748589999674801,0.0603456519863443,1,0.44066585239062
"quadratic",1600,"montoril",70,81.221,56.0577018932005,254.149258462742,109.805267248027,818.071546659714,110.494512690846,8.06571310029576,918.024613123579,51.9382685125404,0.690187290149106,3.12910772414452,1.3519319787743,10.0721678711136,1.36041802847596,11.3027986989027,0.00148756627607848,0.00145157128740398,1.57688712288079e-07,0.000748167277483119,0.00225820052248869,7.1736502908077e-06,6.94870541700491e-06,2.99711679635232e-12,4.17870216068518e-06,1.06279088605019e-05,-3157.09905451304,0.113079311515149,0.0919027004332613,0.979375,0.434764531791552
"quadratic",1600,"montoril",71,81.74,85.2278703448271,382.728341029909,115.978016738854,640.067926423385,119.452823575469,40.2805852034388,985.696902850683,216.452953836169,1.04267030027926,4.68226499914252,1.41886489771047,7.83053494523348,1.46137538017457,12.0589295675396,0.00152062779668515,0.00147498036620309,1.71173995348143e-07,0.000757521882344151,0.00233987368329012,7.22554058285003e-06,6.99290306806066e-06,3.09125877544209e-12,4.11790469769948e-06,1.07180008197256e-05,-3154.92448592922,0.0953153039660998,0.0764187687720955,0.986875,0.430754128436196
"quadratic",1600,"montoril",72,82.265,48.4660131938567,303.70430930114,88.9510710226879,1010.58277496838,118.865562236187,9.10915279583659,1119.20577003492,63.8418587407337,0.589144997190259,3.69178033551498,1.08127479514603,12.2844803375479,1.44491049943702,13.6048838513939,0.00168040795246632,0.00161612752431345,2.19073160486798e-07,0.000888897828205535,0.00261742287396709,7.59632055756828e-06,7.3195406247073e-06,3.62397614418329e-12,4.38269302585075e-06,1.15645671970331e-05,-3152.65867134889,0.100095103071307,0.0829446500762069,0.976875,0.445258403609309
"quadratic",1600,"montoril",73,82.038,40.6693735218597,244.74682969155,72.9156396771252,730.715350713037,96.5996750270949,10.8855292444447,742.254424113834,41.5586299607747,0.495738237424848,2.983334914205,0.888803233588401,8.90703516313217,1.17749914706715,9.04769038876903,0.001290141462499,0.00124637222767441,1.06264322310047e-07,0.000719646211759268,0.0019577205423223,6.8486266229017e-06,6.63078412333334e-06,2.48342741931015e-12,4.15671389446757e-06,1.00222451734429e-05,-3130.04497086085,0.0712145730771536,0.0534559527412375,1,0.420792422398998
"quadratic",1600,"montoril",74,81.881,72.8686925770326,314.727258871272,92.3236372834519,869.612036449174,115.337923396598,31.1833910676753,929.441958067663,205.714235819021,0.889934082107358,3.84371537806416,1.1275343154511,10.6204374207591,1.40860423537327,11.3511310080197,0.00143530755737923,0.00139803277266625,1.36353074481493e-07,0.000762877224616237,0.00216116838517297,7.07568628689137e-06,6.89357146896283e-06,2.48559544048606e-12,4.29409524712162e-06,1.02112126819076e-05,-3123.85215298101,0.0819871227285513,0.0655288703300444,0.996875,0.425013960092942
"quadratic",1600,"montoril",75,81.991,27.4953820055866,154.257722466241,94.1495732946999,533.582499804238,108.085642622882,13.2675168151159,882.759645610111,57.721518424064,0.33534634295943,1.88139823232112,1.14829155998463,6.50781792884874,1.31826228028543,10.7665432255993,0.0014701843376061,0.00140084556620457,1.79342745310254e-07,0.000739764362429147,0.0023087902775271,7.09605954512269e-06,6.84119071385055e-06,3.02653275556118e-12,4.10297804951038e-06,1.05738347475964e-05,-3178.98551824277,0.0687709647925047,0.0561737005672751,0.995,0.435288389242242
"quadratic",1600,"montoril",76,81.993,105.548134985942,334.511035871212,126.938720126491,875.035442463233,112.747116466979,31.1913188145433,955.73902549836,74.0686742769963,1.28728226782704,4.07975114791765,1.54816533272951,10.672074963268,1.37508222003073,11.6563490236771,0.00149305466911361,0.00143294659109513,1.7589655559735e-07,0.000757600008721804,0.00231649542399112,6.95211301242437e-06,6.71057235666067e-06,2.84549658227804e-12,4.05709088369873e-06,1.02688724443502e-05,-3192.9064759304,0.0922278952247315,0.070113192503907,0.984375,0.432634208332588
"quadratic",1600,"montoril",77,81.941,66.9902792332192,170.666876718229,110.978288797233,453.344661130411,107.045206957792,7.3453721133668,828.819418191799,106.59177755111,0.817542856850895,2.08280197603433,1.35436825029269,5.53257418301475,1.30636930178777,10.1148316250937,0.00136621825604616,0.00131140500503775,1.30224519799787e-07,0.000753612526664604,0.00209644797006656,7.25813716646183e-06,7.01344933798593e-06,3.25775390584534e-12,4.08442575657936e-06,1.0838687816627e-05,-3140.45914283954,0.0878963901329064,0.0687455659180184,0.97,0.423145262976446
"quadratic",1600,"montoril",78,82.057,53.4026556653902,198.001554982727,112.369806781761,716.600501282184,118.741468380206,24.4969210756024,1009.78885832661,54.4559644542341,0.650799513330858,2.41297579710113,1.36941158928259,8.73296003122444,1.447060803834,12.3059441403733,0.0015394651861953,0.00146911062433099,2.18445922915147e-07,0.000779610110944761,0.00247190264720928,7.06146614174033e-06,6.81786705662779e-06,2.78105474778689e-12,4.24289209205798e-06,1.03710574912111e-05,-3167.4988816239,0.094872230749346,0.0721966467848098,0.9775,0.432131141097501
"quadratic",1600,"montoril",79,82.036,107.857874416124,340.727066697632,84.1840047329056,610.423708543046,109.336839904695,6.71402271112552,857.707954846885,152.553035988644,1.31476271900292,4.15338469327651,1.02618368439351,7.44092482011612,1.33279096865639,10.4552629924288,0.00140069312647488,0.0013299859259056,1.56242964877289e-07,0.000743546028124586,0.00220369093432903,7.01102511455873e-06,6.78430922202306e-06,2.71405912475671e-12,4.17624807886077e-06,1.0276813088806e-05,-3178.25098988884,0.0877029128088654,0.0653635158301926,0.98375,0.422862300682789
"quadratic",1600,"montoril",7,79.063,87.3386442859729,267.464887027208,67.4651702234837,933.539413708191,112.554813517647,16.5246367698667,1003.63387936084,42.1251809969328,1.10467151873788,3.38293369878715,0.853309009568113,11.8075384656311,1.42360919162752,12.694103175453,0.00152967699799049,0.00146605332499621,1.96151761507996e-07,0.000755223641926508,0.00240415283556105,7.02418054161958e-06,6.8071950523503e-06,2.78335275846491e-12,4.06017353065207e-06,1.03224318522682e-05,-3186.84804176743,0.0752395668319647,0.0605699531603485,1,0.432550682733412
"quadratic",1600,"montoril",80,82.252,126.221578286633,465.982880669434,89.9475611106997,680.946917774784,133.747172145644,9.43529585240517,1344.71045716518,146.176407613383,1.53457153973925,5.66530759944359,1.09356077798351,8.27878857383145,1.62606589682493,16.3486657730533,0.00179187248289225,0.0017184970534916,2.92452317848578e-07,0.000849460936680958,0.00288880840326928,7.31960208643522e-06,7.07892690801895e-06,3.1579071670254e-12,4.25945341536724e-06,1.08786360665907e-05,-3183.68499683089,0.0817574612942133,0.064276104989493,0.975625,0.442212706469955
"quadratic",1600,"montoril",81,81.058,82.496948034077,294.640797064195,132.289961789492,1046.96503542606,105.391392528028,12.4797270567273,821.178736775581,81.0227156840521,1.01775207917882,3.63493790944996,1.6320407830133,12.9162455948341,1.30019729734299,10.1307549751484,0.00137021978953617,0.0013185053434502,1.31667560137249e-07,0.000735297619443937,0.002107822346393,7.0464873948038e-06,6.82249173948259e-06,2.8278922626897e-12,4.14358744317031e-06,1.03278272921284e-05,-3146.99209683663,0.0869717700735326,0.0683367689733647,0.985,0.423353654045246
"quadratic",1600,"montoril",82,82.459,79.3873244575494,277.022288898533,96.2730383237228,807.557075030917,124.78247920575,9.07471020992333,1189.44749038895,76.1120333199043,0.96274905659236,3.35951550344453,1.16752614418951,9.79343764817567,1.51326694727986,14.4247139837852,0.00165218393022777,0.00159323462707896,2.2789473176786e-07,0.000813427306976539,0.00257675397837467,7.31413775027465e-06,7.05405325971747e-06,3.23043163393745e-12,4.24344412715539e-06,1.09730430067995e-05,-3158.82555275339,0.078225433393333,0.0644031062671943,0.99625,0.436751676982766
"quadratic",1600,"montoril",83,79.705,71.5517635506795,216.759321839153,153.883748331091,741.715696651218,106.388872509915,12.3231645267189,819.214100746233,147.149807875554,0.897707340200483,2.71951975207519,1.9306661856984,9.30576120257472,1.33478291838548,10.2780766670376,0.00137504352363018,0.00132218292928494,1.2875387249477e-07,0.000761690216192822,0.0021158811348714,6.91286857172567e-06,6.71000683185199e-06,2.47487646612666e-12,4.05741908455859e-06,9.98135603720968e-06,-3145.14516915618,0.0712089180525591,0.057207876004867,1,0.422976803421788
"quadratic",1600,"montoril",84,79.742,115.081858542928,530.957547572795,109.930623190793,800.796820687677,114.758229475013,19.9723883595039,969.550436923325,97.201608819594,1.44317747915688,6.65844282276335,1.37857870621245,10.0423468271134,1.43911902730071,12.1585919204851,0.00148439837635076,0.00138997188345389,2.01477971849659e-07,0.000778479823114263,0.00240793009969883,6.90330634265008e-06,6.67103667688083e-06,2.65179220231642e-12,4.12553920268334e-06,1.02765859216401e-05,-3179.32473112916,0.0821197370791917,0.0648184647144228,0.980625,0.42661408467928
"quadratic",1600,"montoril",85,82.256,81.1551719528211,221.03466968356,121.837779913836,650.775680188313,105.605768059648,8.44470979620209,871.745671526181,39.5570317658111,0.986617048638654,2.68715558358734,1.48120234285445,7.91158918727282,1.28386704993737,10.5979584653543,0.00141595222298648,0.00135230925041495,1.84507509656403e-07,0.00068997613985634,0.00226832408731707,6.84556794741696e-06,6.63925009616404e-06,2.53022653401036e-12,4.12551373127765e-06,1.00898811011565e-05,-3145.61968993306,0.0699084999906608,0.0585882670207193,1,0.426891084815333
"quadratic",1600,"montoril",86,79.494,41.9606189553474,164.774406552237,106.996215684591,637.683302102339,100.979892754773,4.63762294828531,744.405721132822,74.6065839822905,0.527846365201744,2.07279048169971,1.34596593056823,8.02177902863536,1.27028320067896,9.36430071619018,0.00141694442883371,0.00136750612953767,1.61277087903629e-07,0.000731951347945591,0.0022104857009647,7.16982223887539e-06,6.96048903836872e-06,2.84120134092996e-12,4.19614179406871e-06,1.05543345177899e-05,-3149.42443779386,0.0957417012867844,0.0768314821452622,0.981875,0.432245735718034
"quadratic",1600,"montoril",87,82.33,51.609005846144,194.560449987436,81.0167219623157,666.046292668672,105.217200583889,20.5538900101502,789.32727816663,55.8350528318641,0.626855409281477,2.36317806373662,0.984048608797712,8.08995861373342,1.27799344812205,9.58735914207008,0.00133653335334601,0.00127370206026166,1.47491719686748e-07,0.000693084305002001,0.00210077000941193,6.95041223577097e-06,6.72368523605051e-06,2.69586859773893e-12,4.10690361270945e-06,1.02412409259121e-05,-3204.03354079125,0.0961031339428986,0.0763417151920399,0.97375,0.417736588200955
"quadratic",1600,"montoril",88,79.811,77.9668771107235,355.655043833634,136.783446920786,961.955934153929,111.765133939525,16.3273812817108,942.477250473053,95.5135571195884,0.976893875665303,4.45621585788467,1.71384203832537,12.0529242103711,1.40037255440385,11.8088640722839,0.00147851510358773,0.0014357564647156,1.60834794501378e-07,0.000786515495488851,0.00226260924502517,7.21735634439729e-06,6.98230495188593e-06,2.93935153808875e-12,4.19757959145677e-06,1.06897658102369e-05,-3150.05563708286,0.0902911901548376,0.0695261164591128,0.998125,0.431365568809188
"quadratic",1600,"montoril",89,82.713,60.3579508264095,148.985110187219,93.3598929569393,554.39954740457,98.7062127980683,29.1715703074203,764.109622534385,111.235428163089,0.729727501437616,1.80122967595444,1.12872091396684,6.70268938866406,1.1933579098578,9.23808376596648,0.00133199632141063,0.00126445891288721,1.60359827949675e-07,0.00066450517790466,0.00216317310662507,6.88064939053866e-06,6.70028877734449e-06,2.44370075796514e-12,4.07756681007796e-06,9.97975991881714e-06,-3149.05311495745,0.0855766375184896,0.0673883956305657,0.996875,0.42205379800846
"quadratic",1600,"montoril",8,82.664,125.473622133893,395.024400570822,130.475197459304,593.563862750354,100.273289814248,3.38968472783634,791.855398515497,65.6363404723446,1.51787503791122,4.77867512545753,1.57837991700503,7.18043964422667,1.21302247428443,9.57920495639574,0.00135837834818136,0.00129491274461161,1.61948649477749e-07,0.000675249025634247,0.00215875332392258,6.93117123933481e-06,6.73511075447487e-06,2.65469618411718e-12,4.09137924206737e-06,1.02043530353257e-05,-3148.403116643,0.0840872824980551,0.0629308826246244,0.98625,0.418957007928446
"quadratic",1600,"montoril",90,79.855,89.2575055736336,318.377368333004,115.290583528144,853.113434156395,109.834022828857,8.54219796834327,909.081051507017,143.143654126941,1.11774473199716,3.98694343914601,1.4437490893262,10.6832813744461,1.37541823090423,11.3841469101123,0.00145467824624109,0.00139520048756991,1.73911105824063e-07,0.000738615528158794,0.00231432395101928,7.15034061548803e-06,6.91584868466289e-06,2.89952853234668e-12,4.217098496611e-06,1.0543078155826e-05,-3140.77573200454,0.0881842640262122,0.0682141159012144,0.98375,0.425559022988113
"quadratic",1600,"montoril",91,81.119,49.8726505026377,244.750227179624,87.9934648407296,604.40082454099,110.925722210147,7.89597889679549,922.606873517288,45.6169916641387,0.614808497425236,3.01717510299219,1.08474543375448,7.45079234878376,1.3674443990945,11.3734991003006,0.00147455344938907,0.00141843451053565,1.68428233204044e-07,0.000740984305428817,0.00226425057398098,7.2445576954216e-06,7.01924850330676e-06,3.03074435007471e-12,4.1983671673743e-06,1.06926875553328e-05,-3139.8567996165,0.105524730142812,0.0830051991554974,0.98625,0.430889508876932
"quadratic",1600,"montoril",92,80.672,83.2320651189815,334.945875237774,113.781442979503,707.535565772708,110.97105463917,6.88310690120109,906.188724613535,32.4071428121437,1.0317342463182,4.15194708495852,1.41042050500178,8.77052218579814,1.37558328340899,11.2330018421948,0.00147104673691932,0.00142180231864521,1.76702431992698e-07,0.000768071127121032,0.00229999387957843,7.02319825564685e-06,6.79803130192994e-06,2.8450484630047e-12,4.17529994894735e-06,1.04413774179381e-05,-3173.82065395777,0.0942949580237822,0.077444550625222,0.998125,0.42853993342603
"quadratic",1600,"montoril",93,80.805,50.8408078613656,170.756343147602,40.1327107066693,769.619931738794,102.915400331401,24.1037280518684,851.274775903857,90.8888864176721,0.629178984733192,2.11319031183222,0.496661230204435,9.52440977339019,1.27362663611659,10.534926995902,0.00143610366723033,0.00136943679420496,2.10491585472589e-07,0.000691282044972618,0.00233097467723429,7.14523809991153e-06,6.92105415489799e-06,2.94681780650825e-12,4.22619804864619e-06,1.06169452499971e-05,-3170.02059025203,0.0821507544882356,0.0661902475570169,0.99,0.429974770650358
"quadratic",1600,"montoril",94,80.949,71.7850741880524,369.087891645013,95.9980896723636,755.953858473285,96.6840221335426,9.65372689252691,747.954358148859,84.697379083677,0.886793835477306,4.5595114410927,1.18590828388694,9.33864357154857,1.19438192112988,9.23982208734956,0.0013681196007817,0.00131959262517742,1.37702945713138e-07,0.000722819735818186,0.0021215862316555,6.90151011686952e-06,6.7025762115688e-06,2.60745968654167e-12,4.14681131696974e-06,1.00867889543822e-05,-3157.08598808828,0.0728791237724924,0.0563854991774479,0.9875,0.428590715904043
"quadratic",1600,"montoril",95,79.412,9.82523796092998,317.267693845123,82.9603977300804,812.38888004989,122.050241859985,5.75679999686004,1109.96032211008,49.7400242266019,0.123724852175112,3.99521097372088,1.04468339457614,10.230051881956,1.53692441772005,13.9772367162404,0.00166654360421112,0.00159089587039438,2.72391782733936e-07,0.000797381536417839,0.00270290291091098,7.42131553327795e-06,7.17422455614812e-06,3.28949419720765e-12,4.27087154964848e-06,1.10415139852009e-05,-3170.03689459765,0.0809428879388797,0.0655076279917461,0.99125,0.437586763858423
"quadratic",1600,"montoril",96,82.199,87.6625496440143,391.28693742937,73.5263734408651,950.018721078634,119.737977923369,8.37149661644504,1040.98515281496,190.564280003083,1.06646734928666,4.76023963100974,0.894492310622576,11.5575459686691,1.45668411931251,12.6642070197321,0.00157777969370985,0.00152589384727703,2.18801427071058e-07,0.000741529032560596,0.00251395394344095,7.23103838620914e-06,6.987317894875e-06,3.09632073215934e-12,4.24623042754826e-06,1.07442016749087e-05,-3147.92301199577,0.0788534473603741,0.0644112419522831,0.99625,0.437460902983709
"quadratic",1600,"montoril",97,81.649,82.9377759725166,354.57908608625,111.476522427337,851.542326223931,121.183122405527,8.52837004600314,1090.87623298918,53.4832458967142,1.01578434484827,4.34272417404071,1.36531399560726,10.4293050279113,1.48419603921085,13.3605584022974,0.00167688205607466,0.001616435994031,2.19592628016308e-07,0.000859699997632894,0.00264648853732368,7.42688439319704e-06,7.19413026259681e-06,3.22537456437817e-12,4.26637523252453e-06,1.09708794397137e-05,-3133.6021632854,0.100677621689482,0.0772721145429998,0.97,0.446029385810554
"quadratic",1600,"montoril",98,81.856,58.9386549130865,228.871937713337,115.838295437152,807.549506587327,133.501509545476,16.1603898040923,1296.66827705052,133.265541241125,0.720028524641889,2.79603129536426,1.41514727615755,9.86548947648708,1.63093126399379,15.8408458396516,0.00175500102408682,0.00171237300859613,2.23827780295966e-07,0.000901410474556299,0.00268745381555429,7.344263002294e-06,7.09624490243808e-06,3.24946884735315e-12,4.14237235926299e-06,1.08187521631377e-05,-3185.02466805841,0.0936757858015935,0.0742988962008379,0.981875,0.448437441524117
"quadratic",1600,"montoril",99,82.02,106.27600658939,314.58464373274,94.7242647552171,721.85840653271,95.6535584200766,26.0568754790552,737.081715743922,180.882510205167,1.29573282844903,3.83546261561498,1.15489227938572,8.80100471266411,1.16622236552154,8.98660955552209,0.00126668092139269,0.00124116673490322,1.14014976235507e-07,0.0006222348023352,0.00192103338202752,6.70904859034744e-06,6.46985872751611e-06,2.5822917584527e-12,3.93887147460406e-06,9.92826351351131e-06,-3154.05890926925,0.0770084226368921,0.0636861212755533,0.994375,0.416684167980858
"quadratic",1600,"montoril",9,80.041,79.3779011183838,294.717330245982,111.842254674789,677.806616860379,96.5815939398122,7.98340235795313,736.692418729152,44.1370102410628,0.991715509781035,3.6820795622991,1.3973120610036,8.46824273635235,1.20665151534604,9.20393821577881,0.00130674437910147,0.00125009826913438,1.3360945504016e-07,0.00067731769349837,0.00205169786629281,6.7183698332099e-06,6.49921935384725e-06,2.55803151257062e-12,3.96234573334732e-06,9.95907763179019e-06,-3160.37295310052,0.0660679645676776,0.055002929286904,1,0.41913386222901
"quadratic",200,"montoril",100,9.914,324.207722811919,1008.89645463828,196.889294479823,1074.56451175199,478.797555324096,183.582763388749,2732.15657505396,799.526599880657,32.7020095634374,101.764822941122,19.8597230663529,108.38859307565,48.2950933350913,275.585694477906,0.00780442038401276,0.00640970980323168,2.66074355655294e-05,0.00136372903578039,0.0181614772767855,6.26029458754458e-05,5.12491137513807e-05,1.91132373126772e-09,1.26377061821516e-05,0.000143958593760735,-383.934882063179,0.127357660589353,0.113519744265833,1,0.64929501467731
"quadratic",200,"montoril",101,10.174,303.217010895923,1522.33176980152,220.358756808597,973.396788205076,380.253247019022,110.300451087864,2209.22134201632,518.895577385224,29.8031266852686,149.629621564923,21.6590089255551,95.6749349523369,37.3749997070004,217.143831532959,0.00688354025428204,0.00592947346927028,1.69648089485521e-05,0.00117955676405979,0.0149311537416375,6.12208136426751e-05,5.09153651787228e-05,1.59419510546708e-09,1.22131127509097e-05,0.00013619706807154,-387.902590201529,0.182640323687712,0.12628823793128,0.94,0.638895591296195
"quadratic",200,"montoril",102,10.117,196.031711647589,717.288889240661,336.973618220553,1099.5781619154,339.684555160641,114.141274703928,1987.28011934615,529.626348842323,19.3764665066314,70.8993663379125,33.3076621746123,108.686187794346,33.5756207532511,196.429783468039,0.00575645285579101,0.00479410483223406,1.26553678834484e-05,0.00121095029103579,0.0130839275199494,6.02757164203732e-05,5.14245920521674e-05,1.29679478204683e-09,1.26389482585699e-05,0.000129443315934334,-379.30488758254,0.15380336283283,0.114276824535586,0.975,0.608763329086679
"quadratic",200,"montoril",103,10.165,363.97506922026,1174.05501123185,137.117300842306,1085.63141801052,350.707826964446,105.832571617335,2322.53097942815,522.36263033583,35.8066964309159,115.499755162996,13.489158961368,106.800926513578,34.5015078174566,228.483126357909,0.00523569557384234,0.00444844049712531,1.00992853157123e-05,0.00106485386642497,0.0114530341522063,5.21090858181109e-05,4.42079819230578e-05,1.02150945467431e-09,1.24489028588976e-05,0.00011139493341513,-394.248421712119,0.118987931686364,0.0907221170063663,1,0.590748281172281
"quadratic",200,"montoril",104,10.286,303.634192933484,1300.09743655249,410.444031168687,813.688430841618,298.47443852634,142.213003988567,1797.10917227492,729.355395536708,29.519171002672,126.394850918967,39.9031723866116,79.1064000429339,29.0175421472235,174.714094135224,0.00447295829548872,0.00385758694837463,6.46866774930169e-06,0.0011049386930893,0.00936789707043091,6.29927371565993e-05,5.41448016536577e-05,1.32980024320156e-09,1.25080356703168e-05,0.00013499976197015,-381.056512246605,0.108000060572734,0.0842684928274382,1,0.57097711024527
"quadratic",200,"montoril",105,10.061,327.519459910663,1355.56277609738,354.836911596604,1294.54109498172,331.565967228942,193.281657382429,1946.81446653996,998.43906285261,32.5533704314345,134.73439778326,35.2685529864431,128.669227212178,32.9555677595609,193.501090004966,0.00483226336009929,0.00414316837464187,7.8904971440402e-06,0.00105797142535079,0.0105102976003715,4.57651525366574e-05,3.93856942718098e-05,6.69921043783926e-10,1.13361199984768e-05,9.61951203140023e-05,-401.153022797025,0.0891867629885987,0.0667675797657088,1,0.566760116414856
"quadratic",200,"montoril",106,9.947,278.321976531367,1005.15319634784,289.567199374603,1046.68548436395,337.809228460929,141.235650252541,2064.59594808572,656.213708961075,27.9804942727824,101.05088934833,29.1110082813514,105.226247548402,33.9609156992992,207.559661011935,0.00568471442696206,0.00486622098744261,1.14602502044354e-05,0.00114372126362608,0.0123249781030981,5.15882171501967e-05,4.33503481246822e-05,1.04644281065587e-09,1.12676494700451e-05,0.000113406034200006,-393.30877218756,0.109312793573596,0.0894139208158994,1,0.602964921187101
"quadratic",200,"montoril",107,10.001,332.617029560367,1496.51742363226,284.984270843943,1101.73937782197,426.105265183641,168.857319216464,2390.05937411649,1044.48820190682,33.2583771183249,149.636778685357,28.4955775266416,110.162921490048,42.6062658917749,238.982039207728,0.00712494175248312,0.00589510070897012,2.17354228541048e-05,0.00105416036975348,0.0165915147996633,5.89167907193852e-05,4.93358825098806e-05,1.39777326679028e-09,1.16211705291552e-05,0.000131318408806477,-388.469070039536,0.100352978794405,0.0864932573248945,1,0.629497024137856
"quadratic",200,"montoril",108,10.094,165.136292038944,709.408775901431,366.30390123926,1342.34205385067,273.134906630096,139.576061746656,1966.85710018939,511.391795706263,16.3598466454274,70.280243303094,36.2892709767446,132.984154334325,27.0591347959279,194.854081651416,0.00444559765136721,0.00390861668907916,5.4969817322807e-06,0.00116308153260387,0.00916174481848071,4.51793190836682e-05,3.87370946731126e-05,7.21473027543893e-10,1.1126832034271e-05,9.50545635122633e-05,-394.867528492162,0.141338389147716,0.104924139001614,0.955,0.564149536823521
"quadratic",200,"montoril",109,10.132,343.023993136634,1342.57161114074,373.86268945362,1118.77303184098,320.32053744868,144.444038065336,2049.35276286422,522.936640517241,33.8555066261976,132.508054790835,36.8991995118062,110.419762321454,31.6147391875918,202.265373358095,0.00466545323110341,0.00402377352391143,6.79260004668133e-06,0.0011848006385005,0.00968998631032951,5.08955462103478e-05,4.3844147327934e-05,8.58850949926738e-10,1.31296074729438e-05,0.000106112583089158,-381.376352338877,0.137206840437801,0.0945338165054497,0.97,0.578817923077479
"quadratic",200,"montoril",10,10.257,328.08757135459,1207.59109460229,329.23690162066,1251.74848355583,328.477226858787,155.448406709907,2389.86735187238,752.852067367454,31.9866989718817,117.733362055405,32.0987522297611,122.038459935247,32.0246881991603,232.998669384068,0.00545222777178285,0.00468525038076751,1.02879732538235e-05,0.00118163401362873,0.0116315269413278,4.87507280105589e-05,4.17253223399589e-05,8.30557106634255e-10,1.09086055165905e-05,0.000103642103841991,-396.45685238889,0.0987533900847631,0.0842522772447207,1,0.58792068579289
"quadratic",200,"montoril",110,10.064,215.142309369739,695.964458323578,365.544732707089,879.978457302514,280.583474659596,91.1651815702058,1779.94836943461,506.353393024081,21.3774154779152,69.1538611211822,36.322012391404,87.4382409879287,27.879916003537,176.862914291992,0.00482130567180192,0.00417100058496577,7.40604322162092e-06,0.00112606205019457,0.0101703021244346,5.35218649443929e-05,4.43706198098951e-05,1.14502236643621e-09,1.16546397730722e-05,0.00012043174002675,-392.678613493367,0.125602955753884,0.106162711273555,1,0.585737623073196
"quadratic",200,"montoril",111,10.196,322.364259527459,1305.30454439498,315.810757359033,1309.48524619364,388.784869429322,133.854089543942,2640.01902939794,807.625292326893,31.6167378900999,128.02123817134,30.9739856177946,128.431271694158,38.1311170487762,258.926935013529,0.00583989898627816,0.00498965606827324,1.27314803015664e-05,0.00117801274823732,0.0129061423819931,5.48802438843691e-05,4.58374299615025e-05,1.2287372914587e-09,1.16232238145515e-05,0.000118691979102211,-391.013991237758,0.129330515581223,0.112018662731449,0.995,0.586049470483063
"quadratic",200,"montoril",112,10.03,291.796617626372,815.858728757804,122.669063108642,579.428902717855,441.511786877849,138.10450180434,2251.78041516149,598.405178339506,29.0923846088107,81.341847333779,12.2302156638726,57.7695815272039,44.0191213238135,224.504527932352,0.0082889123448737,0.00678598054099498,3.16748485457643e-05,0.0012515993257488,0.0197734700650049,9.2589014496066e-05,7.53486628986628e-05,4.36323555993611e-09,1.22337295381088e-05,0.000217368914809441,-383.569668426986,0.181870131058343,0.144739276558778,0.985,0.661804566055735
"quadratic",200,"montoril",113,10.349,283.724579400789,985.540690460289,401.27448495073,957.583310080267,314.778107951821,123.87504547814,1706.36720247578,651.494536032363,27.4156516958923,95.2305237665754,38.7742279399681,92.5290665842368,30.4162825347204,164.882327034088,0.00525014645784821,0.00458031028326223,8.35335670239297e-06,0.00121203298689901,0.0109091681109187,5.71483895316736e-05,4.81700248976939e-05,1.24865105885278e-09,1.23070607761624e-05,0.000126935520239392,-375.895712176677,0.123880070198234,0.0991277274004503,1,0.61150544720245
"quadratic",200,"montoril",114,10.031,412.614286657589,1531.94577117251,377.883044256904,783.742179558996,391.311543730717,121.43448784443,2097.90404412485,662.860930440177,41.1339135338041,152.721141578358,37.6715227053039,78.1320087288402,39.0102226827552,209.142064014041,0.00643244641920821,0.00546715421512797,1.5628136175715e-05,0.00112212806705293,0.0139343882061021,6.47358887790155e-05,5.33522277579616e-05,1.94164023477817e-09,1.10303846827026e-05,0.000147783041522145,-379.19955190641,0.122674640892428,0.0998959632495026,1,0.624438860702613
"quadratic",200,"montoril",115,10.263,352.989232411674,1155.34783162844,331.469328123568,754.243722042095,371.053085370808,123.946053888346,1883.88508143474,768.565675410911,34.3943517891137,112.574084734331,32.2975083429376,73.4915445817105,36.1544465917186,183.560857588886,0.00601340256550551,0.00497830565400299,1.52134555307535e-05,0.00116724477421043,0.013585249070848,8.12309720558899e-05,6.88417070066908e-05,2.48852587463365e-09,1.54546522395405e-05,0.000181333489643017,-387.359486253415,0.180261671213712,0.136078224187889,0.915,0.620810220257619
"quadratic",200,"montoril",116,9.995,249.931944285386,981.092836259296,249.274725209925,1259.09328809672,358.183442971699,175.602873138191,2123.44243819727,734.253240360889,25.0056972771772,98.1583628073332,24.9399424922386,125.972314967155,35.8362624283841,212.450469054254,0.00571518536837165,0.00475375367372691,1.32530000216276e-05,0.00117065439623504,0.0129049089541212,5.89419841529703e-05,4.9547845488289e-05,1.40517939870869e-09,1.2035867475296e-05,0.00012799944095912,-386.69828311423,0.100509062096168,0.0829602519496911,0.99,0.597860592911534
"quadratic",200,"montoril",117,10.2,280.264928499521,1015.2347682423,263.439317896573,999.839517494828,362.094133521459,140.11983493917,2261.5592893833,529.968359942448,27.4769537744628,99.5328204159121,25.8273841075071,98.0234821073361,35.499424855045,221.721498959147,0.00577681557738215,0.00482066133488128,1.28742256949915e-05,0.00111088419904135,0.013002445431254,6.24778344823423e-05,5.30754420211562e-05,1.49472909670825e-09,1.31254461569368e-05,0.000134372010906813,-387.274571379408,0.154674884545872,0.134736933157678,1,0.600670727702395
"quadratic",200,"montoril",118,9.989,187.224895854391,635.115816729752,296.016535038988,1078.05338776372,323.412757855251,143.089077507326,2235.2103285454,468.839430945774,18.7431070031425,63.5815213464563,29.634251180197,107.924055237133,32.3768903649265,223.767176748964,0.00536320664852968,0.00461744241533705,9.58605582398288e-06,0.00122168755444032,0.0115341015315895,5.30314590863744e-05,4.51106275063071e-05,1.02554313280088e-09,1.1179645165615e-05,0.000114179518289921,-395.8366157878,0.108550670333605,0.087847347510858,1,0.594797388458749
"quadratic",200,"montoril",119,10.152,222.918956150939,808.060650113222,335.670117292472,904.987642220422,291.652042531499,83.099232772851,1778.0932395179,397.491263409934,21.9581320085637,79.5962027298288,33.0644323574145,89.1437787845175,28.7285305882091,175.147088210983,0.00464183431529225,0.00400861406113493,6.90595992061194e-06,0.00117093329321236,0.00972121662408516,5.26547193500236e-05,4.44367899251589e-05,1.05165730908121e-09,1.21937449343151e-05,0.000116330810611333,-393.13847743846,0.0951294739848885,0.0773798471302905,1,0.580692466257414
"quadratic",200,"montoril",11,10.037,182.9817355088,654.850107159285,422.51762674093,1563.87070155599,298.94927278708,116.179393498383,1896.51276253827,454.348341451168,18.230719887297,65.2436093612917,42.0960074465408,155.810571042741,29.7847238006456,188.952153286666,0.00461137564572685,0.00407021434579228,5.97096962462928e-06,0.00116033516446941,0.00936045874205589,5.13229993043648e-05,4.4506202543537e-05,8.22705199272969e-10,1.28015110638059e-05,0.000105782745892509,-374.112312752907,0.175445827275988,0.147306323539553,0.925,0.585305304430695
"quadratic",200,"montoril",120,9.985,384.937285612681,1513.48967451655,223.682433949323,996.816629189182,300.80469104994,97.6865476440355,1715.92657666005,550.468856512946,38.5515558951108,151.57633194958,22.4018461641786,99.8314100339692,30.1256575913811,171.850433315979,0.00505060016601253,0.00426098816952759,9.42355474406672e-06,0.00108793442819413,0.0110107839389789,5.23035746647565e-05,4.46993568578463e-05,9.18893229371256e-10,1.20095931352255e-05,0.000111178887874755,-388.229483867118,0.111050534549773,0.0827288757737884,1,0.598545076419908
"quadratic",200,"montoril",121,10.207,271.112053355206,1006.68642096936,340.191572308995,1313.65660334667,369.076354512939,176.714961631923,2260.85135519171,592.631267858349,26.5613846727938,98.6270619152898,33.3292419230915,128.701538487966,36.1591412278769,221.500083784825,0.00556208625975408,0.00469492001645993,1.10461356851181e-05,0.0012354088268144,0.0121472208336882,5.39511195470846e-05,4.53814325972776e-05,1.06748596927209e-09,1.22052676873822e-05,0.00011764892900111,-387.233714189269,0.0988108923707596,0.0710299266464215,1,0.5977061062594
"quadratic",200,"montoril",122,10.166,346.508151867216,1473.45187326545,356.232022247921,943.788518994636,365.099193704645,173.571069639372,2221.48376757101,791.564234427728,34.0850041183569,144.939196661956,35.0415131072124,92.8377453270348,35.9137511021685,218.52092933022,0.00543262976334233,0.00462531711759431,9.9346419215979e-06,0.00122675845242309,0.0118189196359291,5.46176886345551e-05,4.57692582872733e-05,1.16507819337768e-09,1.14602004450589e-05,0.000119562293328486,-382.797465573928,0.0780794621967335,0.0635183088437987,1,0.585435580977213
"quadratic",200,"montoril",123,10.03,254.818915979257,1042.25948634865,358.948830291181,1515.03033348794,326.848231721124,121.133532247642,2031.86745319305,808.071856672833,25.4056745742031,103.914206016815,35.787520467715,151.049883697701,32.5870619861539,202.579008294421,0.00494484613771505,0.00427236691763135,7.73977036032231e-06,0.00118560365961562,0.0105533964420801,4.88312739404635e-05,4.22656317904269e-05,7.62913702299246e-10,1.17237060976466e-05,0.000103229813471315,-382.902943416111,0.123872674487442,0.0911794708972049,0.96,0.577592608383801
"quadratic",200,"montoril",124,10.056,313.088408792584,1362.7484509478,310.155803569899,945.740853275223,371.48476164321,132.421774729027,2472.03052329526,921.0496151624,31.1344877478704,135.515955742621,30.842860339091,94.0474197767723,36.9416031864767,245.826424353148,0.00628703042331053,0.00530479047033176,1.4547879429928e-05,0.00123982019073392,0.0138696609005071,5.31633792221154e-05,4.43052543031486e-05,1.19530874748305e-09,1.07365712222783e-05,0.000118421884620911,-396.481870484564,0.110270998980829,0.0892265401643191,1,0.609826195679816
"quadratic",200,"montoril",125,10.102,260.771472785359,986.208857504818,309.327168759476,1074.90530681764,312.011469638254,125.064742792674,2084.86494567172,612.051242863196,25.8138460488378,97.625109632233,30.6203889090751,106.405197665575,30.8861086555389,206.381404243885,0.00488546517810244,0.00421320513214049,7.3769724908348e-06,0.00109445094923631,0.0103968565283893,4.88223626378101e-05,4.14539327554218e-05,8.4999887107342e-10,1.10519033611159e-05,0.000104324220826138,-402.958312537592,0.133555177385881,0.101671885607865,0.945,0.58113830082407
"quadratic",200,"montoril",126,9.936,171.208989577761,662.799633147527,292.134591038713,925.765938484265,301.674646387178,105.297967273642,1933.68819158061,487.162236978218,17.2311785001772,66.7068873940747,29.4016295328818,93.1729004110572,30.3617800309156,194.61435100449,0.00547329850388799,0.00460085868678639,1.18604456952001e-05,0.00115056389927969,0.0121663738476032,5.10169844081278e-05,4.2843933117264e-05,1.01629997351322e-09,1.18973625816491e-05,0.000111670862484271,-392.06825694521,0.121379056832997,0.0951734784551042,0.975,0.603541534936311
"quadratic",200,"montoril",127,10.628,215.272891069906,936.878177395438,257.893503017473,1449.45999042952,372.950273646364,118.314139314014,2577.40661441177,637.55985258284,20.255258851139,88.1518796947157,24.2654782666045,136.381256156334,35.0912940954426,242.510972375967,0.00622795142771485,0.00523936617051556,1.50478729911675e-05,0.00124230965067472,0.013836692518382,4.68477875053203e-05,4.0091581128961e-05,7.92785961977857e-10,1.11302131133504e-05,9.94212002900317e-05,-408.743601536919,0.151547390952576,0.129762567165205,0.965,0.612078563389099
"quadratic",200,"montoril",128,10.09,219.603243442404,880.624725644558,260.25332437052,1111.68299628904,371.944767808865,163.755837186919,2083.88769468088,620.070528781741,21.7644443451342,87.2769797467352,25.7931936938077,110.176709245693,36.8627123695604,206.529999472832,0.00557134546086985,0.00466377249143565,1.19747596827359e-05,0.00116804634653149,0.012358238030609,5.45041757400491e-05,4.61710784483696e-05,1.09943280880798e-09,1.22567576705095e-05,0.0001184609069565,-392.712710575527,0.0832684700326718,0.0612240710655419,1,0.595300723166563
"quadratic",200,"montoril",129,10.083,189.988499905736,691.741902787493,400.12282261301,661.936091948367,272.974875220038,88.158978922788,1443.02531589598,452.75752645704,18.8424575925554,68.6047706820879,39.6829140744828,65.6487247791696,27.0727834196209,143.114679747692,0.00407036165541381,0.00356567845172247,4.46920646957235e-06,0.00106280234939722,0.00830675225029927,5.73895608584451e-05,4.88984617472636e-05,1.17245633144106e-09,1.26589229294395e-05,0.000123631433049679,-373.79959694109,0.108848907307325,0.0911045619755243,1,0.572527361021823
"quadratic",200,"montoril",12,10.466,305.882225272935,1074.00771789953,297.10396291104,949.158401244843,392.82454466301,158.360346803843,2469.38217443807,842.827344492483,29.2262779737182,102.618738572476,28.387537063925,90.6897000998321,37.5333981141802,235.943261459781,0.00604465915241431,0.00509979819775336,1.30826774168108e-05,0.0012308246570491,0.013219745549391,6.24313161264359e-05,5.20541629097403e-05,1.59389165203717e-09,1.17304175738286e-05,0.000139538802454328,-378.485087065226,0.117755487702692,0.097690705006201,1,0.615195231548658
"quadratic",200,"montoril",130,10.705,270.949690286867,690.218454304864,330.214837457728,1176.51609715914,329.893213450116,130.92037399818,2224.66705763494,479.62365434057,25.3105735905527,64.4762685011549,30.8467853767144,109.903418697724,30.8167410976288,207.815698985048,0.00555831487429951,0.0048335403243831,1.01921070532314e-05,0.00117216031997178,0.0118511657014619,5.17277380059248e-05,4.34617340373168e-05,1.02827571452025e-09,1.10692730325852e-05,0.0001139399035489,-387.496547558616,0.130230072329251,0.0990615229636137,0.98,0.607457272037389
"quadratic",200,"montoril",131,10.569,215.050988443328,667.646835795022,312.184223768804,1050.13570040721,349.361103253386,169.245320951353,2194.14015298067,531.836750859621,20.3473354568386,63.1702938589292,29.5377257799985,99.3599867922428,33.0552657066313,207.601490489229,0.00563751775095672,0.004715534847567,1.21164769955321e-05,0.0011438097262433,0.012501127684272,5.1682916942763e-05,4.33346535162006e-05,1.15060400214703e-09,1.17172896193664e-05,0.000111875850042929,-396.460315313898,0.129453116517452,0.102335205774234,0.99,0.593333314568955
"quadratic",200,"montoril",132,10.606,245.639674105955,882.54183928512,370.442462584601,1066.82988459669,309.773257374856,138.863342540017,1847.80322191919,507.697868053154,23.1604444753871,83.2115631986724,34.9276317730154,100.587392475645,29.2073597373992,174.222442194907,0.00492706996655447,0.0042387168041479,8.10717732907904e-06,0.00120246951929795,0.0105678304813187,5.8478441606118e-05,5.00796306133511e-05,1.17349779003942e-09,1.33632531106735e-05,0.000125617350275797,-381.987103232441,0.111283253857712,0.0827177821074505,1,0.590667362501284
"quadratic",200,"montoril",133,10.398,293.561386472151,1224.57590194273,388.311447395184,1131.76246263371,367.885483986221,200.004331992588,2332.55774413509,861.883390771869,28.2324857157291,117.77033101969,37.3448208689348,108.844245300414,35.3804081540893,224.327538385756,0.00487055826981604,0.00420535433704574,7.37720588242996e-06,0.0011980694927373,0.0103641546155726,5.40060795887679e-05,4.70448211107912e-05,9.19190970187834e-10,1.29020797443379e-05,0.00011381481079032,-408.153092318042,0.125976271521771,0.0910154138554318,0.95,0.562218451256253
"quadratic",200,"montoril",134,9.892,251.927945686948,1184.01419024636,329.005544447755,1256.5859188509,340.616009094747,123.072969090778,2398.8909833194,937.63971546969,25.4678473197481,119.69411547173,33.2597598511681,127.030521517479,34.4334825206982,242.508186748828,0.00525064959145203,0.00445711675480081,1.01961806726986e-05,0.00111882471656501,0.0112371709225067,4.52452013436052e-05,3.82649535254716e-05,7.42185206119416e-10,1.09433527473518e-05,9.79496306043991e-05,-396.160336876472,0.0809858612903304,0.0701084752601622,1,0.582115926542941
"quadratic",200,"montoril",135,10.291,303.68202692825,1132.36663527313,362.135492154467,1227.92314486071,310.653398327124,99.2343393272388,1761.01587014736,306.348166081194,29.5094769146098,110.034655064923,35.1895337823795,119.320099588059,30.1869010132275,171.121938601435,0.00474465152193844,0.00400024282833522,7.93438121790903e-06,0.00105615392252563,0.0103525476030325,4.94641870763948e-05,4.20625416777428e-05,8.46218650857254e-10,1.1078723917837e-05,0.000106547745465259,-387.143848752346,0.0987894396757323,0.0823689807737443,1,0.579183311127221
"quadratic",200,"montoril",136,10.981,357.531990865347,1189.27861135459,264.276680907046,751.783428208123,464.356379664541,165.753634358483,2818.47697817814,904.781101500014,32.5591467867541,108.303306743884,24.066722603319,68.4622009114036,42.2872579605264,256.668516362639,0.00864219038986869,0.00733067625271779,3.00330497282045e-05,0.00136418980672192,0.0194439699554424,6.6768197944518e-05,5.37574418464766e-05,2.26652857542944e-09,1.08290199181516e-05,0.000155886913190931,-400.266397804366,0.0953680842769675,0.0797255221050652,1,0.656643561045203
"quadratic",200,"montoril",137,10.258,183.075016972565,591.77503347218,422.192464412498,1639.17193036428,300.195896411189,161.42272762537,1999.8693257857,437.26823331934,17.8470478624064,57.6891239493254,41.1573858854063,159.794495063783,29.2645638926876,194.957040922762,0.00418554064268536,0.00361202608382224,5.25322110955104e-06,0.00109775185392665,0.00870443301174615,4.29565674717747e-05,3.71926273646746e-05,5.79879908491214e-10,1.12997607870409e-05,8.92675581683193e-05,-400.532776828727,0.181950852872337,0.141740513853759,0.91,0.548401011299532
"quadratic",200,"montoril",138,10.093,284.488432247888,860.536249990258,410.092540987793,1026.067892555,357.560491845153,156.600894689098,1932.10361933679,679.552682959252,28.1867068510738,85.2607004845197,40.631382243911,101.661338804617,35.426581972174,191.430062353789,0.00489516880986631,0.00421123933339007,7.83441693070498e-06,0.00118582234325366,0.0103140161918807,6.11177497878138e-05,5.2558672248407e-05,1.27416934955887e-09,1.32605457890859e-05,0.00012965918648981,-398.533393420424,0.13024894578664,0.113711355521172,1,0.568879448784134
"quadratic",200,"montoril",139,10.446,164.212596393607,504.206830985909,510.601668198526,1007.06311013258,274.550348978228,134.449389733781,1552.78639762607,350.313791183693,15.7201413357847,48.2679332745461,48.8801137467476,96.4065776500648,26.282821077755,148.648898872877,0.00395916444492352,0.00345635894549546,4.49658861211419e-06,0.00107161419305137,0.00804985291957801,4.58674383790055e-05,4.00517068558195e-05,6.11741627360192e-10,1.19238557917093e-05,9.41203550377484e-05,-398.989698200645,0.13661210137775,0.113377705643041,0.97,0.548836272490576
"quadratic",200,"montoril",13,10.454,313.824290420713,1228.57737716191,451.217924744242,779.59962345619,277.543659807235,120.855243562179,1635.61522107787,480.159295117499,30.0195418424252,117.522228540454,43.1622273526154,74.5742895978754,26.5490395836268,156.458314623864,0.00439654789134463,0.00383960382233255,5.51229257597478e-06,0.00107667196121019,0.009125501326548,5.08637983554643e-05,4.34536755098453e-05,9.28482102725406e-10,1.14748894776768e-05,0.000109222962904185,-367.040204387511,0.076715019269762,0.0590981384177715,1,0.578881326491212
"quadratic",200,"montoril",140,10.507,283.641549977958,1031.42143103261,353.062354063959,915.896976378697,310.725415160453,172.117178148785,1680.91564075425,647.989509507947,26.9954839609744,98.1651690332742,33.6025843784105,87.1701700179592,29.5731812277961,159.980550181237,0.00481618369176437,0.00414486794290751,7.32977754912237e-06,0.00117088365253315,0.0101640926720961,6.60255876842798e-05,5.65780249015283e-05,1.55801537387763e-09,1.27722290354903e-05,0.000142533175715848,-375.969637355031,0.137509419005928,0.117521863346169,0.975,0.58440824930896
"quadratic",200,"montoril",141,10.138,214.047311168371,946.309939545278,231.714126249555,1328.19010871276,320.492468463606,117.88241565788,1929.50895425772,407.372978837831,21.1133666569709,93.3428624526808,22.8559998273382,131.011058267189,31.6129876172427,190.324418451146,0.00497583229569467,0.0041435553550642,1.00783781299063e-05,0.00100915092276164,0.0111621535200675,4.98620301895499e-05,4.30252045441904e-05,7.85077424293049e-10,1.23318065996283e-05,0.000105147439098751,-395.859463916192,0.113594248889567,0.0878488155212528,1,0.580053080554438
"quadratic",200,"montoril",142,10.104,299.177251490353,1058.38867401324,486.64113559402,1011.62800159209,344.305031380848,163.985405232749,1931.85904887787,704.580874484471,29.6097834016581,104.749472883338,48.1632161118389,100.121536182907,34.076111577677,191.197451393296,0.00497202792955923,0.00428779704871931,8.21862410124388e-06,0.00118034365277528,0.0102857502451813,5.29739084604552e-05,4.43915482512102e-05,1.12273234587035e-09,1.14446625523559e-05,0.00011640707356366,-382.180147485949,0.128202995918809,0.103081314088697,1,0.582380355870064
"quadratic",200,"montoril",143,10.186,309.405759814321,1223.31348298507,372.381015266536,847.987759452115,355.016371504443,122.851070470067,2142.36347045955,544.656960934394,30.3755900072964,120.097534163074,36.5581204856211,83.2503199933355,34.8533645694525,210.324314790846,0.00536518834647108,0.00459040339267888,9.30723294329402e-06,0.00123127148608648,0.0114740272982871,6.12160311677312e-05,5.17402352959225e-05,1.4521162282135e-09,1.29714331918371e-05,0.00013483984434384,-387.488182468924,0.140921913574801,0.110949309358148,1,0.599778028640025
"quadratic",200,"montoril",144,10.313,264.819578368547,799.711738103786,238.600357019489,1078.17478429026,388.023089547061,174.173368827957,2161.85034900484,555.544616865985,25.6782292609858,77.5440451957516,23.13588257728,104.545213254171,37.6246571848212,209.623809658183,0.00566337026901886,0.00466701382331459,1.32433768267908e-05,0.00111455557001472,0.0129008050946062,6.06173351088393e-05,5.14030712073877e-05,1.37948988167609e-09,1.27109820465038e-05,0.000132384614199391,-401.409477087605,0.0953055371848935,0.0810017855762857,1,0.600433069158392
"quadratic",200,"montoril",145,10.345,229.125292985977,875.491499926304,363.850626091985,1392.31584998041,313.073601436346,178.654460262941,2052.17143963991,656.680909848725,22.1484091818247,84.629434502301,35.1716409948753,134.588289026623,30.2632770842287,198.37326627742,0.00504084677364751,0.00438661549443406,7.79755400988148e-06,0.00109915739409669,0.0105556780877263,5.64247811633333e-05,4.78701381314535e-05,1.16326231207856e-09,1.23662191951369e-05,0.000120486312785591,-397.026442411409,0.107035906797157,0.0908518929862449,1,0.581443581214096
"quadratic",200,"montoril",146,10.229,268.776531627583,1115.02252600515,292.374540427231,1037.34136868474,391.614601796803,168.087573532223,2491.18210484065,863.991509337836,26.2759342680206,109.006014860216,28.5829055066215,101.411806499633,38.2847396418812,243.541118862122,0.00631909850450946,0.00523141901604541,1.71305125541025e-05,0.0012021723233094,0.0142590912570495,5.13351280317077e-05,4.33937385854886e-05,1.04411792781632e-09,1.10321883829362e-05,0.000110798191115572,-401.156179012798,0.097416667293476,0.0764643097316692,1,0.608329167892442
"quadratic",200,"montoril",147,10.114,290.301451434562,1213.24448573961,293.056108197895,1297.84463395377,381.557458464568,199.814024799135,2558.69423582403,507.87122391709,28.7029317218274,119.95693946407,28.9752924854553,128.32159718744,37.7256731722927,252.985390134865,0.00517828103872129,0.00437186734477455,9.15574831907688e-06,0.00117402214431894,0.0114646789454021,5.05635416211769e-05,4.37130479779112e-05,8.21834184121363e-10,1.24087170498922e-05,0.000105334402454268,-398.832007062907,0.102158185669382,0.0890693836914706,1,0.566987700344796
"quadratic",200,"montoril",148,10.285,240.793516007787,983.290739330253,431.085955770311,1244.31764384679,279.926342622118,87.6488308930047,1813.47871316734,662.426328049144,23.4121065637129,95.6043499591884,41.9140452863695,120.983728132892,27.2169511543138,176.322675077038,0.00454450736321312,0.00395915420279805,5.86780578647958e-06,0.00113702761453944,0.00941253174663811,4.69488696211149e-05,3.98437657267937e-05,8.40618285439122e-10,1.07153575177645e-05,9.93114887720601e-05,-385.936125349064,0.0988570495811793,0.073942965925377,1,0.583081445736286
"quadratic",200,"montoril",149,10.09,180.260612407964,830.151773154254,203.955548148214,658.604536193695,340.11068352946,127.194739870869,1890.03081928368,538.674840716354,17.8652737768052,82.2747049706892,20.2136321256902,65.2729966495238,33.7076990613935,187.31722688639,0.00521209092374607,0.0044347933729453,9.11518640028278e-06,0.0011581250870249,0.0111866015694213,5.61395280131786e-05,4.59700979669759e-05,1.51832187438277e-09,1.13461536775877e-05,0.000125682122513145,-387.629669422887,0.159695914592318,0.118766198730937,0.96,0.587371560511362
"quadratic",200,"montoril",14,10.026,507.072599356889,1828.22639081159,281.360871867692,1136.89376724747,410.962966736549,143.041987833952,2541.34241700712,1015.67425229961,50.5757629520136,182.348532895631,28.0631230667955,113.394550892426,40.9897233928335,253.475206164683,0.00719534976321534,0.0059776874499014,2.08768510160927e-05,0.001228847464151,0.016219931722514,5.95074223399414e-05,4.85636788999431e-05,1.66879808897588e-09,1.0492045022482e-05,0.000136801264995294,-397.768082894699,0.161648084460494,0.131856904985842,0.945,0.626244654766959
"quadratic",200,"montoril",150,10.057,307.051700491015,1068.24463626113,339.98618053032,984.704988665188,323.560051600212,152.693819370513,2109.34322917116,634.050395440198,30.5311425366426,106.21901523925,33.8059242846097,97.912398196797,32.1726212190725,209.73881169048,0.00554040568971637,0.0047007319910835,1.08114608055315e-05,0.00117003305204497,0.012053182064864,4.94978199240419e-05,4.18564275844936e-05,9.33157955176158e-10,1.07174192527031e-05,0.000106930198947326,-380.367929913104,0.136789262045168,0.109722919118294,1,0.603386683801232
"quadratic",200,"montoril",151,10.081,453.523453770168,1785.15409632464,284.506348827482,1169.93825875906,432.479902515847,197.360147663525,2883.14005623702,928.441738925526,44.9879430384057,177.081053102335,28.2220363880053,116.053790175484,42.9004962321047,285.997426469301,0.00674549362022949,0.00573189407862962,1.65486242145061e-05,0.00133707528353033,0.0147667166965045,5.43194530728652e-05,4.53476216663832e-05,1.22355512844966e-09,1.18185418205601e-05,0.000121336211891718,-394.230153872926,0.0896506381189013,0.0739110843148726,0.995,0.614932893015347
"quadratic",200,"montoril",152,10.155,252.553255204417,875.72035775223,397.251745539799,1350.93547056691,296.664271785818,164.602317877328,1785.7004486366,604.74799692242,24.8698429546447,86.2353872724993,39.1188326479369,133.0315579091,29.2136161285887,175.844455798779,0.00487436090067529,0.00427139416679115,6.79815712071666e-06,0.00115182803938187,0.0100625828344584,5.02975990922904e-05,4.28324517149988e-05,9.06659490966866e-10,1.13523639703466e-05,0.000106359087142463,-386.887758236175,0.110635810503049,0.094979746528314,1,0.592888663135703
"quadratic",200,"montoril",153,10.319,209.749545787117,999.874225228517,373.247024637111,790.327474298732,281.371789329775,100.57436892087,1525.53055850494,401.067935259086,20.3265380160012,96.8964265169607,36.1708522761034,76.5895410697482,27.2673504535105,147.837053833215,0.00458056134581479,0.00394891657090584,6.5865346460844e-06,0.00108399810532485,0.00971848786282487,6.91431376725479e-05,6.00350232502699e-05,1.5244537038985e-09,1.56068983974707e-05,0.000144181169224842,-392.476036393395,0.190585637735827,0.146193704641273,0.87,0.589368043015907
"quadratic",200,"montoril",154,10.192,271.744207596806,1350.88783157389,347.99360093905,1236.94116237793,280.103005318762,139.632601207448,1834.77874639137,728.980419673136,26.6625007453695,132.543939518631,34.1437991502207,121.363928804742,27.4826339598472,180.021462558023,0.00450768986569885,0.00391534341217388,6.46736240521581e-06,0.00109867346656836,0.00942343897628763,5.42760257850648e-05,4.70961538799241e-05,9.38111982216458e-10,1.27366459092163e-05,0.000112684436879617,-385.567348105591,0.0990089888027942,0.0834751855369394,1,0.575324897602362
"quadratic",200,"montoril",155,10.105,408.667557310424,1391.40419491147,266.997572479074,857.748579651734,306.752972913181,157.086621377509,1737.04411293729,758.426497466009,40.4421135388842,137.694625918998,26.4223228578994,84.8835803712751,30.3565534797804,171.89946689137,0.00586756815365181,0.00494311218803686,1.26472742701e-05,0.00121124740669892,0.0129811556799211,6.20458031927007e-05,5.24318790973503e-05,1.5416466480469e-09,1.25544244959363e-05,0.000136541593235162,-372.303990884426,0.14148536337046,0.117809700503607,1,0.61624072531271
"quadratic",200,"montoril",156,10.028,218.233402392416,850.720483325797,400.822077293059,1493.78667625884,296.965539816697,131.869090034558,1839.28844288363,635.081792840673,21.7624055038309,84.8345116998202,39.9702909147447,148.961575215281,29.6136358014257,183.415281500163,0.00460624500811742,0.00401205029013216,6.15516775258864e-06,0.00120555716233543,0.00959512689021449,4.89790049812329e-05,4.18127753335982e-05,8.07408621058568e-10,1.19996108322088e-05,0.000103055104233635,-395.643943423039,0.0775212371934471,0.0618993140944318,1,0.573332376100309
"quadratic",200,"montoril",157,10.17,237.968920990155,857.268661058759,449.35630324867,1415.14950958592,265.13204244189,169.302366037086,1746.78123217189,636.875801328707,23.3991072753348,84.2938703105958,44.1844939280895,139.149410972067,26.0700140060856,171.758233251907,0.00438612814156785,0.00376701688876671,6.10754598710942e-06,0.0011064975032399,0.00912730937528356,4.32981777851901e-05,3.73981983301868e-05,6.10844775638525e-10,1.03514722556045e-05,8.90353893500824e-05,-390.171519990934,0.152545492081737,0.122510434620967,0.915,0.561155384060724
"quadratic",200,"montoril",158,10.195,136.593999622238,737.332412152358,338.312273350887,1377.75477984985,278.481349668067,98.0925385816293,1609.27443773352,398.386611935182,13.3981363042901,72.3229438109228,33.1841366700232,135.140243241771,27.3154830473828,157.849380846838,0.00420762274085742,0.00357423099539223,5.95889172017761e-06,0.00111775807368548,0.00882527987054313,4.82766108589219e-05,4.19401532417333e-05,7.06342288667583e-10,1.25079619016966e-05,0.000100289704879575,-396.347647737101,0.114900047677219,0.0867656488822769,1,0.563667731742905
"quadratic",200,"montoril",159,10.167,158.289572187646,928.71031069136,398.118181077828,967.177149278703,379.9901548343,123.08996851346,2095.56475710551,535.526780764678,15.568955659255,91.3455602135694,39.1578814869507,95.1290596320156,37.3748553982788,206.114365801663,0.00544671003963963,0.00461697888852813,1.11682170393655e-05,0.00121071227066038,0.0118878340390389,6.219853506983e-05,5.35765271405441e-05,1.32029936693033e-09,1.37429988993121e-05,0.000133391707366869,-409.115317576931,0.128837394732389,0.103380015391119,1,0.589255078885173
"quadratic",200,"montoril",15,10.146,301.115407848385,1110.15061333452,331.342419376891,1435.09768926629,331.815634849309,56.3574922673606,2417.23540442072,849.707942536707,29.6782385026991,109.417564886115,32.6574432660054,141.444676647575,32.7040838605666,238.245161090156,0.00535991307116107,0.00462088195171147,9.39751745481777e-06,0.0011776468936261,0.0113870634934856,5.08134176496324e-05,4.22601651876021e-05,1.00731308407545e-09,1.14201699786467e-05,0.00011323043960029,-373.329002194012,0.105674827022811,0.0836772143633335,1,0.590901872126602
"quadratic",200,"montoril",160,10.161,404.311298444947,1435.57241577541,283.164423107151,1126.8482921977,338.980585122055,133.871889128057,1986.51838759306,645.336800039354,39.7905027502163,141.282591848776,27.867771194484,110.899349689765,33.3609472612986,195.504220804356,0.00500626252475184,0.00424470720891178,8.85148775518193e-06,0.00109478538192554,0.0110631343917305,5.23218464191281e-05,4.44519357886567e-05,9.76966862764523e-10,1.19638064722516e-05,0.000113311596998528,-375.056068299515,0.102579248195208,0.0732811450272613,1,0.578920934470727
"quadratic",200,"montoril",161,9.98,265.966351090957,1089.24878238762,422.556234234886,1208.97963889556,312.950621536994,126.247998236214,1854.68508044309,626.001912851472,26.6499349790538,109.143164567898,42.3403040315517,121.140244378313,31.3577777091176,185.840188421152,0.00442466225439305,0.00379977681574112,6.08923328996339e-06,0.00109967250396076,0.00930252171074637,5.00086618119687e-05,4.26878184300797e-05,8.5485890885678e-10,1.24126771119824e-05,0.000106273861224644,-380.374256440337,0.14129354984887,0.125186460683451,0.99,0.559119324035583
"quadratic",200,"montoril",162,10.157,294.721300342793,1134.21917522339,292.371545373965,1010.61859912888,360.933099387598,130.053859099813,2144.57354870869,727.228447482496,29.0165698870526,111.668718639696,28.7852264816349,99.4997143968573,35.5354040944766,211.142418894229,0.00581285773642575,0.00504624669099439,1.09029793652273e-05,0.00130630141988024,0.0122185037591218,5.29475619595746e-05,4.46398958923017e-05,1.03881801133044e-09,1.17095923252099e-05,0.000116686825136609,-395.20006477856,0.153296309641979,0.115024456744555,0.95,0.605971936525951
"quadratic",200,"montoril",163,10.119,190.914732181929,663.578591457511,261.773357882319,1264.67831232167,278.641977603256,131.616859126512,1604.41332844271,464.934446691988,18.8669564365974,65.5774870498578,25.8694888706709,124.980562537965,27.5365132526194,158.554533890968,0.00427946444659155,0.00372227786936129,5.48417547750167e-06,0.00107232782755046,0.00886344876668848,5.21027151783119e-05,4.44131295569996e-05,9.44833487544944e-10,1.24732359118877e-05,0.000110199859135703,-392.409923607545,0.0786949307610064,0.0661847194024461,1,0.567505947158443
"quadratic",200,"montoril",164,10.121,238.746188838964,748.163154775594,379.616717343114,1167.16584494647,311.892272734116,132.34938364771,1848.11307057128,568.034440397348,23.5891896886635,73.9218609599441,37.5078270272813,115.321197998861,30.8163494451256,182.601824974932,0.00497300296395529,0.00426903451765749,8.0714095721557e-06,0.00117401657561264,0.0105969271062196,5.20983951381709e-05,4.47446761029654e-05,9.21498721109876e-10,1.21192024251289e-05,0.000108741380922768,-399.700910181445,0.142459994524421,0.117098894935626,1,0.595738319630359
"quadratic",200,"montoril",165,10.071,217.765726543684,769.632807317742,316.430579017548,1118.18291096608,282.832404201928,132.958901161891,1663.61509175614,554.318310770038,21.6230490064228,76.4206938057534,31.4199760716461,111.029978251026,28.0838451198419,165.188669621302,0.00444670197973122,0.00388983135836787,5.63047086750806e-06,0.00113823135086432,0.00915132696461224,5.32003920543231e-05,4.49064139424578e-05,1.06786809294164e-09,1.24123788823425e-05,0.000114323286325458,-392.235277203927,0.147959464348034,0.128234494478024,0.985,0.572626250525304
"quadratic",200,"montoril",166,9.952,281.892301283995,1059.48714132915,252.224522092151,1084.55168139465,407.395381196994,179.127860262427,2669.84438329555,835.313572333376,28.3251910454175,106.45972079272,25.3441039079734,108.978263805733,40.9360310688298,268.272144623749,0.00680116751009905,0.00577524594999692,1.68217472083763e-05,0.00129230461524232,0.0149975333584901,5.92391460009707e-05,4.98915307352118e-05,1.38372180351875e-09,1.14567757914254e-05,0.000128939339263678,-388.208726800951,0.106074642616369,0.0805299511902959,1,0.620666356417021
"quadratic",200,"montoril",167,10.079,276.761143095049,1107.30646354782,297.724548831951,1094.35621264134,342.61563520755,124.002488082145,1868.82787953064,435.862496817149,27.4591867343039,109.862730781607,29.5390960246007,108.577856200152,33.9930186732364,185.417985864732,0.00551134593428448,0.00461922918545009,1.14884556543392e-05,0.00109605793528595,0.0120928467363313,7.03928179110693e-05,5.9562348720841e-05,1.88596767660247e-09,1.41092580877588e-05,0.000153256558670976,-388.783075528151,0.154729917605167,0.117475165702934,0.96,0.612965757675876
"quadratic",200,"montoril",168,10.122,237.251207190077,899.61979222515,352.324441879715,750.576836584384,292.531929908606,99.7455797255702,1486.90709124765,474.684708631042,23.4391629312464,88.8776716286456,34.8077891602169,74.1530168528338,28.90060560251,146.898546853157,0.00443359085339556,0.00382288102354017,5.99638003515176e-06,0.00115673703723601,0.00924489342827759,6.22636430773128e-05,5.4205008565901e-05,1.18322111034454e-09,1.43615219263974e-05,0.00012934316914361,-388.094626522287,0.136795257270793,0.111140624222952,0.995,0.586920932433632
"quadratic",200,"montoril",169,10.239,206.658175335336,759.883526113126,309.469898151453,967.141568443331,390.72373833144,128.957941115481,2252.63885036571,538.405510218318,20.1834334735165,74.2146231187739,30.224621364533,94.4566430748443,38.1603416672956,220.005747667323,0.00668003297990087,0.00560310001502397,1.73669707288789e-05,0.00125247537185901,0.0150514710410052,6.60802787015913e-05,5.59485725647464e-05,1.59290967115179e-09,1.29768071364328e-05,0.000144009327991838,-384.219286025384,0.141234550988865,0.112681940854746,1,0.629496878779828
"quadratic",200,"montoril",16,10.24,241.103241019659,933.511202542937,270.405976213041,1023.09413146031,362.649946170773,177.597554800751,2039.04189043093,696.827524227806,23.5452383808261,91.1632033733337,26.4068336145547,99.9115362754211,35.4150338057396,199.125184612396,0.00549810437931981,0.004647690188654,1.09395881599105e-05,0.00117062773326515,0.0117602549084261,6.26948611717513e-05,5.30068797275872e-05,1.52994609825632e-09,1.15934707624436e-05,0.00013567808783756,-389.744716855538,0.101600118452654,0.0829500741577976,1,0.597728023884102
"quadratic",200,"montoril",170,10.209,169.406927131348,820.367036844182,341.505367536155,966.850027340234,274.461597521569,108.02422373798,1594.00888623264,566.196861206656,16.5938806084189,80.3572374222923,33.4514024425658,94.705654553848,26.8842783349563,156.137612521563,0.00490592573622101,0.00415531743140233,8.64759483043696e-06,0.00122544454570055,0.0105796443470549,4.90249513314886e-05,4.14224238480398e-05,9.14399538743954e-10,1.18251053132381e-05,0.00010671910463903,-391.704593723414,0.0817271537470192,0.0719748649142405,1,0.589365822203813
"quadratic",200,"montoril",171,10.091,243.536485468329,868.089462135631,205.032228902558,1071.17534580592,389.19154933452,128.535733352495,2333.83898103704,672.138324347891,24.1340288839886,86.0261086250749,20.3183261225407,106.151555426214,38.5681844549123,231.279256866222,0.00586468509821547,0.00488478844733854,1.36742591173254e-05,0.00114806343803543,0.0132732169230605,5.35117174467069e-05,4.55580132282205e-05,1.05825695726692e-09,1.23161784949024e-05,0.000116537323872031,-405.992172738988,0.110657700496546,0.0881462708435051,1,0.599638010251393
"quadratic",200,"montoril",172,10.178,329.030594190718,1280.00678463845,278.030996204824,1392.38646260449,396.545711209222,131.406958087325,2506.32489166989,956.088882639565,32.327627646956,125.762112855025,27.3168595210085,136.803543191638,38.9610641785441,246.249252472971,0.00612460517167651,0.00514554823654536,1.44131500722067e-05,0.00115468078000558,0.0135641174839986,5.18321877733748e-05,4.36674134030236e-05,1.04385747928595e-09,1.12983598822539e-05,0.00011312584888998,-401.851394758666,0.110155435961882,0.0874239196724404,1,0.607784883952944
"quadratic",200,"montoril",173,10.43,392.895098042737,1914.23490288241,237.382576310113,1349.8970142719,517.520811926158,125.149394806666,4352.82581785392,1517.39962301079,37.6697121805117,183.531630190068,22.7595950441143,129.424450074007,49.6184862824696,417.337087042562,0.0102449771013324,0.00865240178777309,4.57776418987271e-05,0.00134952477613506,0.0231785247288643,5.2495500557204e-05,4.37022081745073e-05,1.10448424423666e-09,1.1034584303316e-05,0.000115581694941278,-388.353499406789,0.13203037785478,0.109748626827297,1,0.689299937371987
"quadratic",200,"montoril",174,10.002,240.77763766182,944.231914425669,499.632066063098,1564.44315706335,248.782118194656,119.304792383158,1560.22502467816,496.511925143743,24.0729491763468,94.4043105804508,49.9532159631171,156.413033099715,24.8732371720312,155.991304206975,0.00370457980223729,0.00328528490183308,3.33152586011818e-06,0.00111022158880748,0.00730879320684063,4.18199762455452e-05,3.63029601362892e-05,5.32155491890501e-10,1.13500927709737e-05,8.55971115453259e-05,-385.096840938447,0.148655243852547,0.119057166265179,0.955,0.543833873985661
"quadratic",200,"montoril",175,10.097,425.840337815046,1468.45554089594,280.398332960024,1063.40117836294,482.299626407121,223.162901235262,3223.97617007977,874.975156059176,42.1749368936363,145.434836178661,27.7704598355971,105.318528113592,47.7666263649719,319.300403097927,0.00799035757136163,0.00657423520574862,2.8658450246639e-05,0.00127648886196988,0.0184434207382394,5.14966019616731e-05,4.30094015178238e-05,1.15115695678402e-09,1.07360850487782e-05,0.000113603415769038,-390.839096181514,0.0956255515101906,0.067765576717706,1,0.648054012986052
"quadratic",200,"montoril",176,10.103,208.88387034111,829.825129141097,286.973665472777,1339.01143174005,312.229386182301,113.143105336628,1898.19604827296,393.817084139492,20.6754301040393,82.1365068931107,28.404797136769,132.536022145902,30.9046210217065,187.884395553099,0.00514033808651566,0.00438808525133191,8.90642843552593e-06,0.00131211844400797,0.0109723817823824,5.01434246001557e-05,4.19069290594675e-05,1.13225465212872e-09,1.17886335913643e-05,0.000108657570826361,-380.791550124074,0.141562739344107,0.103628014299694,0.97,0.592787663518346
"quadratic",200,"montoril",177,10.005,253.268506217712,783.185917964055,273.993746753914,738.455250180724,366.601549315474,143.272702284202,1904.97959936622,546.021709803158,25.3141935250087,78.2794520703703,27.3856818344741,73.8086207077185,36.6418340145401,190.402758557343,0.00625202159594813,0.00520824334839186,1.50498341853772e-05,0.00122449040810061,0.0140654810398133,7.5443400761474e-05,6.38322668727696e-05,2.16252545360126e-09,1.35586846581156e-05,0.000168584215607625,-385.171171737177,0.172674282380391,0.136446638940923,0.935,0.621390047536093
"quadratic",200,"montoril",178,10.035,206.123476578773,675.532036819038,265.732619097237,914.502700360027,324.935190797103,117.930767287418,1803.57629413689,465.047263437885,20.5404560616614,67.3175921095205,26.4805798801432,91.1313104494297,32.3801884202395,179.728579385838,0.00535286460667899,0.00448587098620286,1.06499408690218e-05,0.00108983849167498,0.0118319865187646,5.45790739719769e-05,4.63501053466065e-05,1.08799857805493e-09,1.17668570033022e-05,0.000117108158229727,-385.811363398901,0.0998447510019223,0.0819618109176453,1,0.614329100809879
"quadratic",200,"montoril",179,10.377,178.489746350998,656.934528167823,368.918033468551,1103.70468707326,313.899113287879,123.475531124217,1924.11292233095,456.633413553401,17.2005152116217,63.3067869488121,35.5515113682712,106.360671395708,30.2495049906408,185.420923420155,0.00469391653515716,0.00410095911098931,6.96171874070842e-06,0.00104489870442586,0.00973680194422059,5.67237260143292e-05,4.89834987578982e-05,1.01305445720264e-09,1.32045588061979e-05,0.000119650040170497,-394.357528535818,0.131417444087104,0.104531594495354,1,0.574720263685439
"quadratic",200,"montoril",17,10.118,220.651408441359,765.633600396735,403.159788621203,1192.82470360455,276.508768296322,115.86519058144,1773.67418107786,535.314127875145,21.8078087014587,75.6704487444885,39.8457984405221,117.89135240211,27.3284016896938,175.298891191723,0.00412494957560181,0.0036475144099226,4.53070123656337e-06,0.00114033481040957,0.00839025017783263,4.77832232240406e-05,4.12638209626068e-05,7.20939628045832e-10,1.19063992832889e-05,9.92984915095633e-05,-372.416154851345,0.14266924450762,0.104456194300595,0.93,0.561510230690822
"quadratic",200,"montoril",180,10.182,424.095240671176,1368.64872916308,358.291401450452,1141.49496560159,286.822975193105,77.9242740466194,1787.5609853445,300.964497754069,41.6514673611448,134.418456998928,35.1887057012818,112.109110744607,28.1696106062763,175.560890330436,0.00448911710698725,0.00389467093145726,6.14788241262932e-06,0.00111297767795658,0.00934931554138743,4.59687649261268e-05,3.92764131188306e-05,7.17653752504897e-10,1.10710917935996e-05,9.68858837850959e-05,-389.233922332787,0.1348880339227,0.104648274630944,0.97,0.574777821364627
"quadratic",200,"montoril",181,10.338,240.437816139576,848.490418248826,420.091898746908,812.075436325089,274.525247501301,88.3095994681834,1731.03859799566,372.076860112227,23.2576722905374,82.0749098712349,40.6357031095868,78.5524701417188,26.5549668699266,167.444244340845,0.00443756616186463,0.00391540604945723,5.17703374793081e-06,0.00118457334531514,0.00891248626968639,4.90664302220225e-05,4.17580217585037e-05,8.30063948880853e-10,1.1205168790802e-05,0.000104722673732785,-373.706482454097,0.131643360828614,0.113050468246452,1,0.587696057813651
"quadratic",200,"montoril",182,10.068,259.327863855766,898.996116233356,398.11878109269,1079.11581551237,313.27008180087,77.5603463548559,1687.53381450157,415.577930315849,25.7576344711726,89.2924231459432,39.5429858057896,107.182738926537,31.1154233016359,167.613608909571,0.00473953838514418,0.00409392693448229,6.99176726804934e-06,0.00119856292586633,0.00998993049032281,5.31433653372302e-05,4.51789180273494e-05,1.01846931112304e-09,1.21670228487507e-05,0.000114525747885395,-377.364126209964,0.13269180532586,0.0975011348647959,0.935,0.589354937337443
"quadratic",200,"montoril",183,10.2,286.083562768063,1255.76925909835,440.59180665039,1312.53404817586,302.835091759587,147.351268649784,1856.47784327742,691.705523658613,28.047408114516,123.114633244936,43.195275161803,128.679808644692,29.6897148783909,182.007631693865,0.00476757109592636,0.00409897020807816,7.45856885157791e-06,0.00110118433329894,0.0103262418167762,4.54210641597061e-05,3.88299817511797e-05,7.34094529652638e-10,1.08366500472563e-05,9.58616298515635e-05,-398.88834122185,0.116790132683107,0.0901067026639303,1,0.578768895549299
"quadratic",200,"montoril",184,10.288,433.560337400071,1469.80345996765,321.557857856797,902.32726753293,371.549487355647,97.0419309062808,2176.07157816523,386.485948910158,42.1423345062278,142.865810650044,31.2556238196731,87.7067717275399,36.1148413059532,211.515511096931,0.00553187726831959,0.00480234570613279,9.71742033195844e-06,0.00130166053810921,0.0116732268426321,5.65568267242723e-05,4.79045338650213e-05,1.28100394852431e-09,1.2017060129655e-05,0.000122178970507513,-394.774726936398,0.107461179701798,0.0848748336910107,1,0.599473422103371
"quadratic",200,"montoril",185,10.422,247.360870687741,957.708794156688,275.194624208511,1283.57705626456,344.779384237468,130.154112187418,2219.01248759786,693.037429156045,23.7344915263617,91.8929950255889,26.4051644798034,123.160339307672,33.0818829627201,212.916185722305,0.00560929623884258,0.0047921584025355,1.09149276040636e-05,0.00123643065378798,0.0122412025470047,4.90294354750804e-05,4.18571663973433e-05,8.45560847068526e-10,1.12362370910812e-05,0.000104038261647153,-394.362623234035,0.116032051577525,0.093784254661343,1,0.591023407679102
"quadratic",200,"montoril",186,10.277,330.071458362465,1646.64935794244,292.402768936412,817.771518621505,406.151815170049,153.222880913087,2115.39955396966,1043.19893869827,32.1174913265024,160.226657384688,28.4521522756069,79.5729803076292,39.5204646463023,205.838236252764,0.0056012122528506,0.00466607493670941,1.19911298425527e-05,0.00115679978781194,0.0126357620799219,6.13702373425374e-05,5.23442526413319e-05,1.50758422656921e-09,1.31337948809529e-05,0.000131118889773158,-397.939230810361,0.106082231254459,0.0885742759972616,0.99,0.583754213978383
"quadratic",200,"montoril",187,10.08,247.988419652056,937.048173832995,296.270887234008,876.53102938427,362.347905911786,179.156057067047,2025.52520523549,658.682002874661,24.6020257591325,92.9611283564479,29.3919530986119,86.9574433912966,35.947212888074,200.944960836854,0.00581314403314074,0.0048671207774216,1.32458163963637e-05,0.00119293676369097,0.0128470441302074,6.45728458577799e-05,5.38392963722525e-05,1.86645544600696e-09,1.29936194136088e-05,0.000143828935723099,-382.266502615735,0.111771013987217,0.0916889137673101,0.995,0.610540508627124
"quadratic",200,"montoril",188,10.421,346.568483507772,1230.13098348912,305.648803777006,1134.27339311845,366.674170877177,144.291323281534,2294.35660718246,930.081546355804,33.2567396130671,118.043468332129,29.330083847712,108.844966233419,35.1860829936836,220.166644965211,0.00586506076935615,0.00492319343478953,1.29069831626492e-05,0.0013006439527806,0.013090683316514,5.73240648528344e-05,4.89188568478591e-05,1.25729155216022e-09,1.14975934140117e-05,0.000123368371908062,-386.142048814544,0.123311243173158,0.100128761192081,0.995,0.598648715656555
"quadratic",200,"montoril",189,10.121,263.883892778187,861.68023659107,428.426479457026,1113.99795592973,309.830313425199,134.35588521335,1737.60750667688,507.034918125515,26.0729071018859,85.1378556062712,42.3304495066719,110.067973118242,30.612618656773,171.683381748531,0.0052166172662361,0.00449301133166459,8.79622063712958e-06,0.00120300301963799,0.0109763437266785,6.16191014306654e-05,5.24144607884664e-05,1.39485646471575e-09,1.32776869081982e-05,0.000135242098772573,-377.602067769371,0.122828289373459,0.0924079574209738,1,0.602811346847005
"quadratic",200,"montoril",18,10.221,288.285253243058,1196.06332189757,275.779820448071,1050.8560356276,355.573595677439,105.477610449308,2150.51836243566,937.035676773321,28.2051906117853,117.020186077445,26.9816867672509,102.813426829821,34.7885329886938,210.401953080487,0.00561130396646399,0.00473726616648245,1.22807227800555e-05,0.00112388306902293,0.0123299415499686,5.62946432460298e-05,4.75655973060998e-05,1.18930439576777e-09,1.20474778033003e-05,0.000122379771260837,-398.737568356654,0.151014991106123,0.116940824760347,0.975,0.607390433594299
"quadratic",200,"montoril",190,10.153,214.601742722676,831.779018283,442.644204790753,1131.29706918689,264.119012860352,54.1197790680177,1576.63658181991,617.136466480796,21.1367815150868,81.9244576266128,43.5973805565599,111.424905859046,26.0138887875852,155.287755522496,0.00456022200647757,0.0039887333025261,6.1194166356739e-06,0.00117418731721391,0.00934293171466188,5.78016953431785e-05,4.87913183587063e-05,1.36295220990976e-09,1.30751614784653e-05,0.000126240281779982,-375.146565250551,0.110909732856398,0.086405915692135,0.995,0.573273928644318
"quadratic",200,"montoril",191,10.112,211.792007584169,763.770948225914,399.270441377631,1359.65390677303,269.198370667948,154.909236667397,1654.06882111512,559.525072740482,20.9446210031813,75.531145987531,39.4848142185158,134.459444894484,26.6216743144727,163.574843860277,0.00447356091113692,0.00385575920517924,6.36109769239278e-06,0.00107191889322767,0.00942863256340801,4.72019268085536e-05,4.03213727889821e-05,7.63708240263902e-10,1.16557666128331e-05,0.000101159539945883,-386.368367999595,0.15470806450485,0.122933760307231,0.9,0.584639820053442
"quadratic",200,"montoril",192,11.119,373.091010640411,1311.38252908727,293.734476889849,705.543931241951,375.059746941993,110.515386961411,1868.8866886896,880.886378384831,33.5543673568137,117.940689728147,26.4173466039976,63.453901541681,33.7314279109626,168.080464852019,0.00609031215062694,0.00519688119232803,1.3009848717414e-05,0.00119267017193704,0.0132601170537496,6.75269247535709e-05,5.65367367226308e-05,1.92143954704153e-09,1.2624589983905e-05,0.000150756293931235,-372.896836952055,0.159758262056182,0.127561138811648,0.995,0.617159932291738
"quadratic",200,"montoril",193,10.408,148.335478280217,698.259725922481,369.480136772106,1241.98262283196,300.950355001914,21.537865350214,1903.62730653666,337.047927969391,14.2520636318426,67.088751529831,35.4996288213015,119.329614030742,28.9152916027973,182.90039455579,0.00519960882390875,0.00447810482339153,8.91364175592e-06,0.00119260040387234,0.0112273567235549,5.86330795087002e-05,5.06147351484406e-05,1.10984419659755e-09,1.30165475375284e-05,0.000123193092657063,-378.838710996038,0.14865298486957,0.127787455786566,0.995,0.603442697606153
"quadratic",200,"montoril",194,10.144,257.085777580351,1138.19554178443,442.127886526425,1390.2070434991,278.405797374601,98.8402732279968,1658.1093658458,460.006964154831,25.3436294933312,112.203819182219,43.5851623153022,137.047224319706,27.4453664604299,163.457153573127,0.00391481935832792,0.00342102040999507,4.29667053752513e-06,0.00106423541663121,0.00790665877372927,5.17871656809225e-05,4.52223089493023e-05,7.96067546071916e-10,1.32414570028762e-05,0.000106253975419026,-394.486682951417,0.0966225942532245,0.0837485213286926,1,0.556249376695736
"quadratic",200,"montoril",195,10.112,499.268077988012,1775.28330357788,295.607879244772,1155.86997534411,415.236691132542,160.717006392891,2808.80642401764,1194.73385445932,49.3738210035613,175.562035559521,29.2333741341744,114.306761802226,41.0637550566201,277.769622628327,0.00641231127284385,0.0055536851094156,1.36579621020092e-05,0.00141990645488171,0.013713529424228,5.16958153264456e-05,4.36146493808071e-05,1.00131266506062e-09,1.04072749496795e-05,0.000112819273211538,-385.892198513687,0.109205798762448,0.0827670851810631,1,0.606079239942483
"quadratic",200,"montoril",196,10.427,176.023318506983,850.425232840311,389.248166173564,1141.31342592539,266.641290103275,111.051372820711,1441.22710200559,391.879718291216,16.881492136471,81.5599149170721,37.3307918071894,109.457507041851,25.572196231253,138.220686871161,0.00407547742433197,0.00357140352967919,4.44078378689781e-06,0.00116686276809477,0.00841165279403381,4.83823833372266e-05,4.14260110017654e-05,7.78586755629828e-10,1.2035386953131e-05,0.000102561329063771,-377.505499483597,0.108483424602931,0.081620505238814,1,0.559160695891955
"quadratic",200,"montoril",197,10.259,386.623356834457,1686.52790649139,169.141135697499,758.441625396336,398.166990092993,148.356254095882,2200.9020473934,874.351152695422,37.6862615103282,164.394961155219,16.4870977383273,73.9293913048382,38.811481634954,214.533779841446,0.00659029880186046,0.00553557559472998,1.70285970555855e-05,0.00127490142053418,0.0144957993538047,6.50474056881438e-05,5.314380067958e-05,2.08883986410041e-09,1.20883159538245e-05,0.00014996363182107,-377.9497340213,0.128021946283615,0.0926280299472174,0.97,0.616430633014845
"quadratic",200,"montoril",198,10.154,223.496694025773,726.39409313684,318.527860532188,900.000980633447,345.926017690546,84.0631217781856,1933.84781036415,555.837888544372,22.0107045524693,71.5377282978964,31.3696927843399,88.635117257578,34.0679552580802,190.451822962788,0.00517758569285266,0.00431586736249744,1.10697509683819e-05,0.00111656205170982,0.0114135525868028,5.68008674286517e-05,4.86289983078065e-05,1.18722746353031e-09,1.25672105036502e-05,0.000120788556514066,-405.362807794605,0.101936966499664,0.0817123587346633,0.995,0.588169534534875
"quadratic",200,"montoril",199,11.042,340.563614058473,1169.3733887661,402.288323016479,1024.19916543973,311.80047711049,99.1402496178629,1977.88006880296,694.08341714324,30.8425660259439,105.902317403197,36.4325595921462,92.7548601195195,28.2376813177404,179.12335345073,0.00540791943627477,0.00469973010075403,9.05008094905356e-06,0.00120356718543025,0.0112856474454603,5.33796345974654e-05,4.47611053755082e-05,1.09688754140356e-09,1.21822013765929e-05,0.000117943813252039,-396.262053061546,0.109386074472399,0.082252355027614,1,0.608732351880895
"quadratic",200,"montoril",19,10.681,404.411320740728,1826.85161026469,306.676960616359,1136.43470535797,342.09736225589,100.862964983608,2203.40178698845,594.257574244743,37.8626833387068,171.037506812536,28.712382793405,106.397781608274,32.0285892946251,206.291713040769,0.005262200643598,0.00446001709952769,1.0102512262326e-05,0.0011283203329186,0.0115794876445426,5.03313637162895e-05,4.26953582775124e-05,8.99424598225194e-10,1.23631863313506e-05,0.000109006739326138,-387.814792066421,0.15345203791102,0.13738101943404,1,0.601579892396779
"quadratic",200,"montoril",1,10.128,217.023012892706,855.434260894261,278.38735131049,1405.56167131429,318.898689912686,155.101070377973,2150.70626565272,656.318320620435,21.4280225999907,84.4623085401126,27.4869027755223,138.779785872264,31.4868374716317,212.352514381192,0.00505689632442254,0.00433522545869513,8.34393376003513e-06,0.00119098484955346,0.0108950659377267,4.65152126934976e-05,3.96777507520461e-05,7.79788244544928e-10,1.08080592710324e-05,9.97518301612198e-05,-369.603635899358,0.146097692752025,0.110087424492387,0.9,0.586055085531829
"quadratic",200,"montoril",200,10.625,288.856183104843,1143.86899894149,303.892948176969,1049.02625198982,320.048969684167,110.324456778838,1980.50847605789,685.703879647669,27.1864642922205,107.658258723905,28.6016892401853,98.7318825402185,30.1222559702745,186.400797746625,0.00451191739626127,0.00394980167588315,5.52260752237417e-06,0.00115612192584996,0.00928478293136562,5.62882916976104e-05,4.78587133163573e-05,1.12616945065251e-09,1.30245907003426e-05,0.000122310018829627,-383.722092072714,0.0707030017467628,0.0492887419582803,1,0.570891274660994
"quadratic",200,"montoril",20,10.163,241.556764752041,885.436712011409,281.240801224502,990.217305989083,311.889678821408,117.284824194201,1755.13743439749,651.977495643902,23.7682539360465,87.1235572184797,27.6730100584967,97.433563513636,30.6887413973638,172.698753753566,0.00504824427672183,0.00436538023016594,7.94233639863219e-06,0.00110790286681253,0.0107254550777327,5.3576938380069e-05,4.53918355107401e-05,1.06817158050704e-09,1.19794338447479e-05,0.000116651258172453,-392.53522292429,0.101785066885076,0.085264786880628,1,0.591308128988424
"quadratic",200,"montoril",21,10.358,296.872876562951,899.033974560975,455.380510517524,1193.4886149062,334.327642698258,123.748904439005,1888.47681265965,635.014276937062,28.6612161192267,86.7960971771554,43.9641350181043,115.223847741475,32.2772391096986,182.320603655112,0.00475241100704034,0.00410124215307261,7.02044169736096e-06,0.00110545566965728,0.00992767309494387,5.20445682065808e-05,4.46383100922148e-05,9.67819723423813e-10,1.20104442480586e-05,0.00010950331964869,-389.892992934064,0.10012712118943,0.0853055915307889,1,0.572587406326854
"quadratic",200,"montoril",22,9.879,213.90517789122,837.184118704537,483.845420951812,1051.57703639938,278.483385824795,90.1113351846366,1605.42853249299,441.776507529311,21.6525131988279,84.7438119956005,48.9771658013779,106.445696568416,28.1894306938754,162.509214747746,0.00379092525176415,0.00331417991188486,3.86264127819993e-06,0.00104066812808383,0.00770524332092567,4.71543888893468e-05,4.07785811139549e-05,7.00165451413366e-10,1.20260875153692e-05,9.8136255321021e-05,-391.504360444133,0.128229645845909,0.0954576206381291,0.97,0.553873337540357
"quadratic",200,"montoril",23,10.107,175.839329273079,675.107423635621,375.161028748747,760.889167648706,295.193480224978,103.761830008745,1725.74914977198,430.583413751376,17.397776716442,66.7960248971625,37.118930320446,75.2833845501836,29.2068348891835,170.747912315423,0.00476234337024816,0.00400069155580012,8.71834698314546e-06,0.0011343213616339,0.0104426159328699,5.54668006611691e-05,4.61548409378017e-05,1.23848229905755e-09,1.23014127738619e-05,0.000125084555294563,-389.912660380993,0.123830186801965,0.0975747505957552,1,0.591055735269472
"quadratic",200,"montoril",24,10.28,195.923972441673,603.848507208224,468.704856719007,791.848475189295,290.370379533876,86.1685158885291,1433.03967270963,410.56197494456,19.0587521830421,58.7401271603331,45.593857657491,77.028061788842,28.2461458690541,139.400746372532,0.00424068910644516,0.00365527620872448,5.35154528210543e-06,0.00115052889911533,0.00895814089091287,6.27883976694981e-05,5.42382612500037e-05,1.35682293208384e-09,1.41741788835207e-05,0.000131441325958646,-384.226480513111,0.114808064994332,0.0970971905141358,1,0.57395912168379
"quadratic",200,"montoril",25,10.02,234.0632953655,943.105513489445,424.195343406365,936.986519246548,332.644604263204,142.307368973261,1948.06454554831,725.903475617791,23.3596103159182,94.1223067354736,42.3348646114136,93.5116286673202,33.198064297725,194.417619316199,0.0045662084054763,0.0039590854577889,6.67093567099301e-06,0.00105471722576327,0.00976209857155385,4.90360006977982e-05,4.15326127301041e-05,8.68122137735728e-10,1.0757864777639e-05,0.00010490577839427,-403.939135029776,0.174109611830627,0.150765931975086,0.89,0.557704204238626
"quadratic",200,"montoril",26,10.111,380.638439310582,1618.96774700578,325.108844954683,1611.9232681712,397.870830340942,211.312697613883,3182.98349277881,1058.40088291852,37.6459736238336,160.119448818691,32.1539753688738,159.422734464563,39.3502947622334,314.804024604768,0.00602787741736039,0.00523827435003746,1.1685946743017e-05,0.00124535267919697,0.0128092003331432,4.46702811540582e-05,3.80695511971052e-05,7.10650128095847e-10,1.08453085744632e-05,9.56029620251779e-05,-386.055823727855,0.100113059925174,0.0869283380330412,1,0.59825232651348
"quadratic",200,"montoril",27,10.086,250.854989206334,1107.20762920527,273.199745555229,1305.95917927267,314.055450176802,95.1182005765835,1963.73647138265,465.400486670895,24.8716031336837,109.776683442918,27.087026130798,129.482369549145,31.1377602792784,194.699233728203,0.00468633889225961,0.00397995196757239,7.51899046074934e-06,0.00105499268803762,0.0100974053907074,4.80705140015027e-05,4.14944847724913e-05,7.65100397889357e-10,1.24847570574782e-05,0.000100625101546662,-387.632408859938,0.112905463235527,0.081279418675876,1,0.583928004249658
"quadratic",200,"montoril",28,10.281,202.321428924838,732.871267695366,256.918103820328,1267.63916472345,357.662448303663,174.550196842543,2186.98936477461,563.534330115704,19.6791585375779,71.2840451021657,24.9896025503675,123.29920870766,34.7886828424923,212.721463357126,0.00595347108193537,0.00499222499473297,1.47638773992672e-05,0.00119261495868982,0.0130955452246543,5.68011330893401e-05,4.80916148143307e-05,1.16706754991182e-09,1.24754347078283e-05,0.000123037283534829,-382.830283457306,0.0955387836225387,0.0792529147421225,1,0.616775954042216
"quadratic",200,"montoril",29,10.668,285.355341036429,1478.15397864323,306.908470787016,951.279240459844,392.690740664694,190.288594308897,2405.9420447793,789.25570959694,26.7487196322112,138.55961554586,28.7690730021575,89.1712823828125,36.8101556678566,225.528875588611,0.00529342077411778,0.004434535541107,1.01510144707746e-05,0.00118636004504376,0.0118351833961708,5.20190595815094e-05,4.3495356421684e-05,1.07881510210822e-09,1.11181538428096e-05,0.000113934741465123,-394.555875067526,0.105945393406186,0.0852214377005749,1,0.58312706408292
"quadratic",200,"montoril",2,9.913,259.51632227079,1024.4595540773,384.010129363385,1280.76346234349,301.439823168905,162.908253452062,2152.02494695535,708.998407900584,26.1793929457066,103.345057407172,38.7380338306652,129.200389624078,30.4085365851816,217.091188031408,0.00475932360698569,0.00409138706507486,7.43609385137058e-06,0.0011312030724734,0.00993448453001097,4.52755584777189e-05,3.8590998055021e-05,7.40513192901082e-10,1.06104993638114e-05,9.73183380294219e-05,-394.546883034036,0.143670876696956,0.111983699510203,0.99,0.569328691228334
"quadratic",200,"montoril",30,10.449,210.325915836671,749.997650561157,310.636365531423,930.548151016873,293.218362851784,98.0216397072062,1660.42766785564,532.793705934698,20.1288080999781,71.7769787119492,29.7288128559118,89.0561920774115,28.0618588239816,158.907806283438,0.00455571224825608,0.00394969561270879,6.07050471186642e-06,0.00117036914447476,0.00958547368267704,4.58794812160202e-05,3.90180370322737e-05,7.3075008387929e-10,1.14999207368628e-05,9.79924070410271e-05,-392.232925471655,0.117248240816468,0.0899452047927629,0.96,0.581031076786839
"quadratic",200,"montoril",31,9.938,142.477002070347,520.155294307437,229.013972193448,1324.43923551004,248.552129665101,120.132111191288,1531.44144344275,407.57255070071,14.3365870467244,52.3400376642622,23.0442717039091,133.270198783462,25.0102766819381,154.099561626358,0.0044590422718872,0.00384061051153078,6.33342930163849e-06,0.00106021926715377,0.0094690069592917,4.50388509817115e-05,3.8413424182669e-05,6.74736528023556e-10,1.12099838791551e-05,9.49370854450849e-05,-381.338670768088,0.146796283551424,0.115005171090486,0.975,0.584627281130395
"quadratic",200,"montoril",32,10.278,317.262558348262,1358.87954601224,342.483713617519,804.54557623799,315.708575724469,119.066854394961,1858.63357055999,652.714678913396,30.868122042057,132.212448532033,33.3220192272348,78.2784176141263,30.7169270017969,180.836113111499,0.00496740586257491,0.00431101074335455,8.13305163721631e-06,0.000994440757810108,0.0104909726781732,5.57700826284089e-05,4.73697601450623e-05,1.11150474966108e-09,1.22424435385124e-05,0.000121378475045311,-390.389105457138,0.112025268836006,0.0827558238839048,1,0.587268842713377
"quadratic",200,"montoril",33,10.175,386.018470545741,1205.89340481898,355.533271865011,973.592940919993,316.906299165765,158.27110254185,2006.21144110063,768.423353178933,37.9379332231686,118.515322340932,34.9418449007382,95.6848099184269,31.1455822275936,197.170657602027,0.00481184170291685,0.0041091877752518,7.44882432050123e-06,0.00113670688378589,0.010184681806647,5.05106878250059e-05,4.25566340057737e-05,9.86764510372153e-10,1.10782588750193e-05,0.000108467403149654,-395.395855784232,0.0849286024801393,0.0660850784366153,1,0.574537952984581
"quadratic",200,"montoril",34,10.12,359.769196288452,1352.09512068395,342.323143950349,1205.72280977392,260.431913283647,103.502803504967,1623.17996950541,475.914343632557,35.5503158387798,133.606237221734,33.8263976235523,119.142570135762,25.7343787829691,160.393277619112,0.00404221868823936,0.00352766573831603,4.59963734793661e-06,0.00110965556828809,0.00826887089813181,4.7188031328089e-05,4.00763701946513e-05,7.95452427378676e-10,1.14742093682855e-05,0.000101884058075332,-381.378333567863,0.11940473407366,0.0874696078938197,0.97,0.567708001785342
"quadratic",200,"montoril",35,10.012,368.901864605405,1265.70904870215,359.406554763829,944.777398623817,365.466581638468,169.635436897092,2063.99988103037,760.806982911882,36.8459712949865,126.419201828021,35.8975783823241,94.3645024594304,36.502854738161,206.152604977065,0.00569450402937497,0.00487229310156633,1.13504673861348e-05,0.00119836315948699,0.012408351219623,5.85341255564158e-05,4.88839240719591e-05,1.36467057150891e-09,1.24166912416902e-05,0.000129877017558079,-388.738629487471,0.115940467215798,0.0986414467978797,1,0.59697916645212
"quadratic",200,"montoril",36,10.494,231.695745158672,747.098142183807,385.008730863621,707.652082660716,381.649457353924,176.268975737239,2015.98366719306,553.600938796295,22.0788779453661,71.1928856664576,36.6884630134954,67.4339701411012,36.3683492809152,192.108220620646,0.00587159758690326,0.00500586396378087,1.19775585434263e-05,0.00119973589781074,0.0125425655025718,8.05398977124183e-05,6.86376360007482e-05,2.43840214340081e-09,1.46253370377474e-05,0.000177389582501073,-384.894907021198,0.129287556100838,0.107945845296443,1,0.61770033614979
"quadratic",200,"montoril",37,10.206,245.304526324096,897.35033478729,293.508445024603,845.322244509,288.323922169231,124.491280071383,1618.26846040597,503.784030553679,24.0353249386729,87.9238031341651,28.7584210292576,82.8260086722516,28.2504332911259,158.560499745833,0.00519548662503513,0.00439671622744965,9.48481659907525e-06,0.00111707540939968,0.0113494696470674,5.37702550271544e-05,4.5775407889742e-05,1.04453083358416e-09,1.19651187769778e-05,0.000114495949729248,-368.192948955081,0.155791321211213,0.127805131531542,0.955,0.610757307675482
"quadratic",200,"montoril",38,9.993,374.191939419605,1517.93001465886,406.947318094966,1423.86921010381,346.235762035043,132.617487926815,2333.28643362009,513.03407768627,37.4454057259687,151.899330997584,40.7232380761499,142.486661673553,34.6478296842833,233.492087823485,0.00511036140915082,0.00442344836182196,8.80255796251656e-06,0.00120078756243598,0.0107698870980277,4.61914747665325e-05,3.87902356490055e-05,8.34890149434444e-10,1.06402335309366e-05,0.000100786731438926,-395.712943667504,0.141591693141606,0.110844445029723,0.97,0.58405614817896
"quadratic",200,"montoril",39,10.128,237.955539237713,857.118016871989,283.24784374912,1067.29894944084,383.071825049632,180.846219437576,2592.48524478435,634.967286572647,23.4948202248926,84.6285561682453,27.9668092169352,105.381017914775,37.8230474970015,255.972081830998,0.00627288178836501,0.00522731013987673,1.60223207064782e-05,0.00113878168536729,0.0142145383304138,5.20207679514996e-05,4.43546780541218e-05,9.93159118691485e-10,1.16228860933542e-05,0.00011132515942177,-394.854066069947,0.103860956785953,0.0808759286299718,1,0.617897563426379
"quadratic",200,"montoril",3,10.332,232.84815436935,718.605481300687,277.016891567744,846.585267928215,363.313441624213,146.665260118498,1698.36673113742,528.212923122173,22.5366003067509,69.5514403117196,26.8115458350507,81.9381792419875,35.1639025962266,164.379280985038,0.00563737348730054,0.00470984899573037,1.28626447745945e-05,0.00111864558921796,0.0127966320124181,7.41098392590229e-05,6.39983394894666e-05,1.82331341249806e-09,1.52796770015548e-05,0.000158009390523401,-386.143026670379,0.177771309496455,0.152978517542616,0.97,0.606912306730483
"quadratic",200,"montoril",40,10.706,220.443372548278,812.653678476936,343.149682850183,631.920048109371,308.861575415658,90.5933022883102,1886.11145040869,409.138339697973,20.5906381980457,75.9063775898502,32.0520906828118,59.0248503744976,28.8493905675003,176.173309397411,0.00489291748813762,0.00419458748374733,7.72079381596927e-06,0.00109159042275,0.0102785518341374,5.92998897218355e-05,5.01392125935175e-05,1.31087180490833e-09,1.25441591033969e-05,0.000129057640550012,-388.475851701745,0.169963807223078,0.134833138347972,0.925,0.585604935346945
"quadratic",200,"montoril",41,10.449,220.606649047071,768.467126485555,375.287419035621,892.530005644481,308.744629423316,112.977009343003,1898.61602633506,278.225135486717,21.1127044738321,73.5445618227155,35.9161086262437,85.4177438649135,29.5477681522936,181.703132006418,0.0044084866016215,0.00386260206438735,5.8406473513993e-06,0.00109503896493339,0.00899685420548727,4.68537146374047e-05,3.95101295768392e-05,8.21454619063735e-10,1.15309859824802e-05,0.000102525296297119,-379.484899758029,0.129909955158467,0.107517830240056,0.985,0.565077030851307
"quadratic",200,"montoril",42,10.106,322.969769755997,1500.64826150179,442.064208907519,1236.44352542434,343.271832993011,170.881365527618,1967.86210867447,1064.57854561572,31.9582198452402,148.490823421907,43.7427477644487,122.347469367143,33.9671317032466,194.722156013702,0.00493692729029865,0.00432661093737242,7.20063016346293e-06,0.0010967796481554,0.0101787684376443,5.10025109323275e-05,4.36054340835699e-05,9.91177517854447e-10,1.25619510368034e-05,0.000109131412148683,-373.315722956231,0.112881563783081,0.0915548129342809,1,0.585765694699239
"quadratic",200,"montoril",43,10.303,249.928940081545,1216.74303472228,383.678361334661,1490.21556069287,338.553811816344,188.445712938019,2049.12462594393,591.615515910796,24.2578802369742,118.095994828912,37.2394798927168,144.63899453488,32.8597313225608,198.886210418706,0.0047509636043466,0.00411527658840592,6.89851582519547e-06,0.00117288167384598,0.0100451251466013,4.7317189485647e-05,4.05265739197598e-05,7.29282683756083e-10,1.16707328951879e-05,9.97023412893584e-05,-390.600566697225,0.116769729561601,0.0905262820172302,1,0.574266399783693
"quadratic",200,"montoril",44,10.227,379.86956146746,1652.73595963307,268.941076849861,1161.80402273235,389.304058571094,154.775863667979,2225.63385164135,905.891871843232,37.143792066829,161.605158857247,26.2971621051981,113.60164493325,38.0663008283069,217.623335449433,0.00656542447708297,0.00539483935685486,1.91469476601882e-05,0.0012453797799763,0.0152247324717735,5.43177384165651e-05,4.54622393523892e-05,1.2001714991999e-09,1.16204833746835e-05,0.00011858388964035,-390.181359505312,0.111227890371342,0.0852048723985314,1,0.629515398231782
"quadratic",200,"montoril",45,10.137,389.694556849735,1488.92475535708,263.142141786836,1212.58783470525,394.494258343122,174.840134455241,3028.37416951012,902.655980224215,38.4427894692448,146.880216568717,25.9585816106182,119.61998961283,38.916272895642,298.744615715707,0.00633509505603057,0.00530715307637706,1.61098466311576e-05,0.00117528069952063,0.0141241748265628,4.67505941776927e-05,3.94469038218989e-05,8.41486770578972e-10,1.08742336088558e-05,0.000101853494433114,-392.660614893697,0.123640775218322,0.0948002039375068,0.995,0.606412220877261
"quadratic",200,"montoril",46,10.184,329.480260950228,1121.82582200768,297.831954127205,1054.5176555051,349.728815839681,146.554219287039,2047.55019098816,772.811741002832,32.3527357570923,110.155717007824,29.2450858333862,103.546509770729,34.3410070541714,201.055596130024,0.00539408738926854,0.0046205847496837,9.89229222595825e-06,0.0011592500370591,0.0115619942537708,6.25898721398626e-05,5.35333775739033e-05,1.43492215816304e-09,1.36234599687107e-05,0.000135373450011056,-394.375046768232,0.0910392353816437,0.0722722929833318,1,0.59250827507651
"quadratic",200,"montoril",47,10.395,354.659006953487,1269.17818517019,326.121384446257,837.396609202027,408.340288997422,168.264618261677,2327.86023954034,968.415960522974,34.118230587156,122.095063508435,31.3729085566384,80.5576343628694,39.2823750839271,223.94037898416,0.00596326979976907,0.00517597962104134,1.1914546738967e-05,0.00122751006656727,0.0125342414607846,5.51413165914697e-05,4.63746516799117e-05,1.18484811911866e-09,1.25433357147592e-05,0.000120851298027631,-412.27544313408,0.148653699204974,0.118486660129004,0.945,0.594448721017324
"quadratic",200,"montoril",48,10.37,282.103600414309,1058.11984530728,476.837765051344,1025.20653008263,319.206856233421,123.223589375981,1715.62099866604,595.685364604255,27.2038187477636,102.036629248533,45.9824267166194,98.8627319269653,30.781760485383,165.44079061389,0.00466978481295019,0.0040545830593406,6.506561500561e-06,0.00113371690325676,0.00982708979690861,5.62694582700791e-05,4.79461834075408e-05,1.12165913125655e-09,1.28568474198809e-05,0.000121508709449534,-394.148718113328,0.11482502303454,0.0938492422647346,1,0.585849874756982
"quadratic",200,"montoril",49,10.553,267.870276453683,1310.92948681365,487.321208821422,1915.54052685937,233.237145990138,83.7067934744952,1636.56046470035,272.958273189682,25.3833295227597,124.223394941121,46.1784524610463,181.516206468243,22.1015015626019,155.08011605234,0.00354256340627814,0.00312881043483397,3.36335449516329e-06,0.00102345875736042,0.00701266209593166,3.54306032018969e-05,3.08418864281e-05,3.79958509047138e-10,9.56373142691333e-06,7.23125149308471e-05,-384.806358678101,0.204726666617177,0.169624970576006,0.855,0.532451329098712
"quadratic",200,"montoril",4,10.105,312.364377491017,1274.44314504034,392.570380704997,930.593834047446,385.864495554212,79.8290178284932,2482.3284527058,654.836954099859,30.9118631856524,126.120053937688,38.8491222864916,92.0924130675355,38.1855017866612,245.653483691816,0.00589679551923155,0.00506967937415237,1.13625002041502e-05,0.00127670953133407,0.0125382914049029,6.04387832893788e-05,5.00887583600648e-05,1.49753128279567e-09,1.13356254422111e-05,0.000135195772673569,-387.859878803914,0.130071328302881,0.107406115517286,1,0.602747689855907
"quadratic",200,"montoril",50,10.035,253.739475580567,930.842237764255,402.736271716502,1192.78478021498,333.368195979853,173.137007489213,1766.89972197732,715.852649648744,25.2854484883475,92.7595652978829,40.133161107773,118.86245941355,33.2205476811015,176.073714198039,0.00468292487283823,0.00404031005528423,6.73956984505566e-06,0.0011102354927013,0.00993029306745197,5.18455200371657e-05,4.38580950443817e-05,1.00547896235757e-09,1.15543423329175e-05,0.000111041601353954,-395.507273379695,0.0868651762687222,0.0656660334214108,0.995,0.568619532866639
"quadratic",200,"montoril",51,10.295,489.518710676595,1946.87781140887,280.989038224249,721.880884220121,414.067478044858,155.202161562932,2427.91547115733,809.718232473264,47.5491705368232,189.109063759968,27.293738535624,70.1195613618379,40.220250417179,235.834431389736,0.00747862104111449,0.00633323213401746,2.04160120540272e-05,0.00133096635138276,0.0165483555873217,6.08076206094048e-05,5.00919547811011e-05,1.62375328264974e-09,1.20225853482542e-05,0.00013882539982303,-389.105323869849,0.122121466682682,0.105399284570547,1,0.649312109738575
"quadratic",200,"montoril",52,10.115,221.528981111605,907.259624301849,249.907741817872,969.42003460456,421.876375155736,171.290551276959,2394.83005726905,645.705463535229,21.901036194919,89.6944759566831,24.7066477328593,95.8398452401938,41.7079955665581,236.760262705788,0.00680307879155984,0.005822133472426,1.7787703160138e-05,0.00130226536679391,0.0149948049095145,6.34841686424621e-05,5.23313268992692e-05,1.8027413270582e-09,1.28008303022477e-05,0.000144951025202069,-389.753363919241,0.11388418281866,0.0969249745068661,1,0.629421112404751
"quadratic",200,"montoril",53,10.419,325.754313683691,951.962952600345,325.591096474947,1229.80653782371,411.940359390998,218.744635257792,2729.03569319064,783.315443673396,31.2654106616461,91.36797702278,31.2497453186435,118.03498779381,39.5374181198769,261.928754505292,0.0064503742992331,0.00561259815791547,1.42921302485546e-05,0.00122432253278885,0.0137355858090402,5.6257015119502e-05,4.76342765033767e-05,1.1795353411369e-09,1.16424558308608e-05,0.000122958717544135,-397.48108348146,0.0850316016809389,0.0659781671580536,1,0.617030258109549
"quadratic",200,"montoril",54,10.276,335.315285203277,1406.88198656119,336.833517731095,1369.91220856811,393.964617773881,214.127523337445,2841.06265750487,875.379890121406,32.6309152591745,136.909496551303,32.7786607367745,133.311814769182,38.3383240340483,276.475540823751,0.00551354817952872,0.00477435371467484,9.821524943423e-06,0.00127523677742992,0.0114201584709419,4.49406556226725e-05,3.84422296533104e-05,7.06925066900238e-10,1.04616211848645e-05,9.477103029255e-05,-389.869535279438,0.105644248999496,0.0927372434668031,1,0.576642729067728
"quadratic",200,"montoril",55,10.043,116.461209222435,572.167755348123,401.877954361795,1138.49982403196,347.345156271008,97.620760255844,2305.35074583329,375.369502520916,11.5962570170701,56.9717968085356,40.0157278066111,113.362523551923,34.5857967012852,229.548018105476,0.00528503844740343,0.00454315326999507,9.11176602117097e-06,0.00115849736183176,0.0114146034847087,5.03708845308447e-05,4.27943222855739e-05,9.71935695717336e-10,1.10625206278347e-05,0.000107523735784768,-381.634692946184,0.104799411078963,0.0827974927938213,1,0.582920736049218
"quadratic",200,"montoril",56,10.149,227.858368168197,908.157992953234,247.56433459208,1471.98719302845,316.363622983661,154.604516164368,1939.13785403076,419.726953027263,22.4513122640848,89.4825098978455,24.3929780857306,145.037658195729,31.1719009738556,191.066888760544,0.00474089687962902,0.00406000708240347,7.31851433409403e-06,0.00108918829458093,0.010091665546617,4.64250951681956e-05,4.00201793736033e-05,7.17520309704376e-10,1.10377945761959e-05,9.76037180515456e-05,-400.083054172867,0.0921503979084125,0.0668799763263846,1,0.56743866681541
"quadratic",200,"montoril",57,10.495,204.093175679689,592.487409459873,498.24069573224,1114.05663011453,246.862191906654,73.8330020448401,1386.11242885826,417.998179239875,19.446705638846,56.4542553082299,47.4741015466641,106.15117962025,23.5218858415106,132.073599700644,0.00428319136176122,0.00368244683884828,5.73818971192429e-06,0.00111892455055618,0.00904315094474965,5.90288260105757e-05,5.10018588259238e-05,1.15697714570712e-09,1.35272418191184e-05,0.000125055076151088,-387.813494481925,0.110600216115398,0.0793255157643148,1,0.575475779564766
"quadratic",200,"montoril",58,10.137,176.722679744334,1081.18310169533,432.636025012561,1386.03802749417,245.137217083005,116.312585537,1559.00504709657,509.951948787881,17.4334299836573,106.657107792772,42.6789015500208,136.730593616865,24.1824225197795,153.7935333034,0.00402201977862364,0.00350938459021108,4.60821361671025e-06,0.00106949862144403,0.0082651315480041,4.7710520666389e-05,4.13629509099249e-05,7.01195757399366e-10,1.22489670702699e-05,9.8504924059246e-05,-377.941104537867,0.100123913995698,0.0763283584119474,1,0.563580424571171
"quadratic",200,"montoril",59,10.219,370.45668684551,1482.75936171766,340.442271667831,1176.33011464458,402.785748616002,234.621824610777,2472.24416062576,954.586189515253,36.2517552446922,145.098283757477,33.3146366247022,115.112057407239,39.4153780816129,241.926231590739,0.00602197669488589,0.00512796549980004,1.34562784015027e-05,0.00116420633937544,0.01314668530763,4.85861528381662e-05,4.04193469790043e-05,1.04042418819968e-09,1.04006457269982e-05,0.000107509958288152,-394.513551799455,0.118327617624102,0.091415190174662,0.975,0.596981045416092
"quadratic",200,"montoril",5,10.198,306.75179589021,1544.08505313243,397.129312265135,1062.91317235014,329.383940920679,134.41730640022,2116.61439277778,925.856974842878,30.0796034408914,151.410575910221,38.9418819636335,104.227610546199,32.2988763405255,207.551911431436,0.00477906698608695,0.00417342270830583,7.18667450749739e-06,0.00107769983605686,0.00989276673928568,4.74494420238011e-05,3.98641554860426e-05,8.81016013510896e-10,1.13714385326152e-05,0.000102426058091456,-395.294054664708,0.112473473086583,0.0815439691616379,0.98,0.572659623244032
"quadratic",200,"montoril",60,10.165,278.249495731356,974.591095110084,369.156479246967,1142.26375259873,330.731040841161,124.494827870724,1926.51068370676,742.346459605545,27.3732902834586,95.8771367545582,36.3164268811576,112.37223340863,32.5362558623867,189.523923630769,0.0050708414954563,0.00440112933153485,8.14487910836029e-06,0.00117083113965299,0.010721437493347,5.32506440722713e-05,4.50487582730019e-05,1.01637363388994e-09,1.25408534622313e-05,0.00011690927242111,-384.207298156364,0.0973794234218031,0.0718196267831495,0.98,0.589891575365027
"quadratic",200,"montoril",61,10.415,145.880839563657,473.540312601911,413.430933503454,1146.04523609599,301.540312547392,133.53940778048,1720.03489734046,348.178639686012,14.0068016863809,45.4671447529439,39.6957209316807,110.037948737012,28.9525024049344,165.149774108541,0.00504007093459164,0.00425009943351733,9.06444778160835e-06,0.0010959517353313,0.0110026744949242,6.58210231726993e-05,5.62305545665732e-05,1.62415468578171e-09,1.45543178724772e-05,0.000141656630181088,-384.10674582446,0.151683778432201,0.114373851116155,0.955,0.60068727563456
"quadratic",200,"montoril",62,10.316,247.964845687398,948.737694332767,413.396987098546,932.544585618965,324.30603741848,162.553222584011,1922.51448087515,723.22145709008,24.036917961167,91.9675934793299,40.073379904861,90.3978853837694,31.4371885826366,186.362396362461,0.00479634942397799,0.00421040911400962,6.79776000262312e-06,0.00114070302220245,0.00975251223239993,4.96587365019637e-05,4.10396735930083e-05,1.24959937977112e-09,1.03545871796057e-05,0.000107149532281942,-386.695745465987,0.0972328037033475,0.0814498729674649,1,0.57484979874954
"quadratic",200,"montoril",63,10.129,269.933865946675,1025.26446147917,317.013691346078,855.648410480308,313.860896514141,143.740065874866,1699.19601274733,754.976524361814,26.649606668642,101.220699129151,31.2976297113316,84.4751121019161,30.9863655359997,167.755554620133,0.00577947951008129,0.00498402749161941,1.14252697847065e-05,0.00119826659643251,0.0122719158299685,5.77391659241137e-05,4.8514240312069e-05,1.32077560822824e-09,1.20826901419282e-05,0.000128387128365893,-384.815638753201,0.116349725095552,0.0973974193865193,1,0.623130614779018
"quadratic",200,"montoril",64,10.137,290.914588426366,1112.54716045509,351.737242725011,1249.5793345018,346.627687274524,192.192645461021,2583.73225184785,744.20572638211,28.6982922389628,109.751125624454,34.6983567845528,123.269146147953,34.1943067253156,254.881350680462,0.00547149996818999,0.00472718107316773,9.50932523568766e-06,0.0012421774269064,0.0116695763820174,4.74493099687154e-05,4.01853108892065e-05,8.4529981552639e-10,1.12231055829533e-05,0.000103044484769399,-378.974975373403,0.121357526491062,0.0900034874636966,0.965,0.5851077646616
"quadratic",200,"montoril",65,9.953,266.372874110104,956.225958338562,317.938595449118,1052.74616788779,289.705601590672,107.170791925639,1660.55547685753,334.724707333045,26.7630738581436,96.0741443121232,31.9439963276518,105.771743985511,29.1073647735026,166.839694248722,0.0049152814489011,0.00427431897806547,7.24687422355589e-06,0.00117762612001711,0.0102788269204132,5.44741811429199e-05,4.65083117189978e-05,1.10483935828837e-09,1.25217415729493e-05,0.00011630261607171,-387.271785715778,0.117063167977394,0.0956519219093142,1,0.595745977289141
"quadratic",200,"montoril",66,10.115,402.372957754874,1331.81480818686,271.847119855268,1130.87825304845,399.60511483529,175.616125899855,2600.95878458749,660.469370098738,39.77982775629,131.667306790594,26.8756421013612,111.802101141716,39.5061902951349,257.138782460453,0.00628976281101822,0.00527786463847503,1.52788927497523e-05,0.00119961755819015,0.0140947360206915,5.07252644362783e-05,4.24754486983253e-05,1.04085125707976e-09,1.14248103853068e-05,0.000112015187576729,-395.658938388474,0.115540064471329,0.0908723444580795,0.955,0.601300231365076
"quadratic",200,"montoril",67,10.262,240.992480069214,924.601068695534,393.63016195839,1208.08144430433,296.140525162822,166.470896521073,1858.45451851788,636.240914784613,23.4839680441643,90.0994999703307,38.3580356615075,117.723781358832,28.8579736077589,181.100615719926,0.00456186058563196,0.00398963545598261,6.05039865554346e-06,0.00118115055527701,0.00942542797521098,5.01019612489839e-05,4.2722156782835e-05,8.59819148929038e-10,1.16517700322724e-05,0.000106484223425746,-399.706560007418,0.109200703717956,0.0897995038312449,1,0.570708916303925
"quadratic",200,"montoril",68,10.148,169.458760032596,602.257452848694,448.103717761629,888.081867776258,282.393493667644,129.730272472825,1499.15371126133,417.333335867525,16.6987347292664,59.3474037099619,44.1568503903852,87.5129944596234,27.8275023322472,147.728982189725,0.00430488709578667,0.00371934496176459,5.55490812930978e-06,0.00108544258455505,0.00910088092502039,5.84992709354775e-05,5.04373770164303e-05,1.12718843062598e-09,1.39871232578707e-05,0.000122733786421047,-381.465396799123,0.0939606274041424,0.0653167170192175,1,0.574297696668577
"quadratic",200,"montoril",69,10.684,191.520157887579,637.091002656761,305.332367706562,1109.7839815026,302.69637391415,121.439821336007,1765.83457297425,500.187976579805,17.925885238448,59.6303821281132,28.5784694596183,103.873453903275,28.3317459672548,165.278413793921,0.00496296378424244,0.00424996918606653,7.90573429511115e-06,0.00111158546437908,0.0106010193970277,4.86981287665123e-05,4.13630582462909e-05,8.65388284593617e-10,1.16187157059482e-05,0.000104125481948857,-382.081209019151,0.156849802860133,0.124095083968716,0.975,0.599381230183015
"quadratic",200,"montoril",6,10.609,231.497177771864,1062.71302376114,403.733903552615,655.40618253399,320.502770396094,100.581211126344,1865.62683705118,522.501194295336,21.8208292743768,100.170894878041,38.0557925867297,61.778318647751,30.2104600241393,175.853222457459,0.00526408417673332,0.00454374838686195,9.07804234265899e-06,0.00107135617073964,0.0111795341327063,6.84820192176693e-05,5.7215316038603e-05,1.90437350673418e-09,1.36727958504406e-05,0.000152501782483046,-392.268955558854,0.155725420454874,0.107325459075374,0.935,0.601357987097484
"quadratic",200,"montoril",70,10.119,223.551454164118,1075.6105528796,309.202380872204,1214.0582882366,265.363473000435,89.9360166655094,1517.74823329951,438.677865188782,22.092247669149,106.296131325191,30.5566143761443,119.978089557921,26.2242783872354,149.989943008154,0.00471656698992451,0.0040589732427315,7.18125591080441e-06,0.00122312388942289,0.0100612116964801,5.50153806512459e-05,4.76044288299862e-05,9.78563598832814e-10,1.27862059122388e-05,0.000117568290002635,-392.199461505598,0.148385373098239,0.117921944230887,1,0.607643772946437
"quadratic",200,"montoril",71,10.301,262.52240021576,969.610268385318,259.283326295143,1310.04615592343,313.674932610909,143.51744553941,2203.15492590797,690.649452929167,25.4851373862499,94.1277806412308,25.1706947184878,127.17659993432,30.4509205524618,213.877771663719,0.00467822666819254,0.00404757154457679,6.89690871698253e-06,0.00114841035027616,0.0099015003750428,5.18710361347167e-05,4.42152995946435e-05,9.92107032880307e-10,1.1549332600535e-05,0.000109438604551774,-392.081163683493,0.131603167270048,0.104327980488121,0.925,0.568195861560353
"quadratic",200,"montoril",72,10.206,167.215246095485,629.967781243611,353.520084846113,1294.52819512446,303.652547131546,141.833843396518,2140.54860943002,486.333270411695,16.38401392274,61.725238217089,34.6384562851375,126.83991721776,29.7523561759304,209.734333669412,0.00490434009103159,0.00413474997501976,8.56971976203266e-06,0.00109741598791683,0.010851989159553,4.64835640398584e-05,4.01354995467385e-05,6.97684959088844e-10,1.14731245788745e-05,9.81700474297193e-05,-394.339994265937,0.0929988051894522,0.075294613479022,1,0.583314504729642
"quadratic",200,"montoril",73,10.305,223.21158836515,888.910675300252,405.924841213639,875.441189202685,315.396761207548,144.782360476049,1854.69504488602,625.83636838501,21.6605131843911,86.2601334595101,39.3910568863308,84.9530508687709,30.6061874049052,179.98011110005,0.00503438685981246,0.00436691817372076,7.79553477908444e-06,0.00116761603705542,0.0106493154226514,5.77977389954733e-05,4.90990053323373e-05,1.19683831938369e-09,1.2451574474603e-05,0.00012425225103652,-389.322866492006,0.122459923452168,0.0972051979015539,1,0.592881466477829
"quadratic",200,"montoril",74,10.185,170.021706923959,734.150940903748,361.321119512567,1043.54635722658,290.998043621174,123.049045092365,1784.43505023719,506.020411416633,16.6933438315129,72.0815847720911,35.4758094759516,102.459141603003,28.571236487106,175.202263155345,0.00479371513832277,0.00399767445405829,9.01602768058054e-06,0.00115448351522287,0.0106641078716528,5.57014838382549e-05,4.76152502545544e-05,1.06333836118435e-09,1.26272735507128e-05,0.000118870482686041,-400.137492375359,0.0833911131224375,0.0667267635018484,1,0.585095634566232
"quadratic",200,"montoril",75,11.029,474.804282108838,1713.54184617586,185.993962662218,1058.78702531659,412.698427477476,174.363683693509,2446.23046755375,1075.77011508942,43.0505287976097,155.366927751914,16.8640822071101,96.0002743056115,37.4193877484337,221.799842919009,0.00677273720084492,0.00567132400544083,1.8399246270394e-05,0.00134427145860512,0.0152696524043002,5.92596958116513e-05,4.91366018225898e-05,1.55160457947272e-09,1.17728095150852e-05,0.000132886478613523,-396.492680974889,0.103682872758095,0.0874671762796993,1,0.629849833061835
"quadratic",200,"montoril",76,10.437,264.969144837268,826.45811243445,406.15565286815,1281.97497733232,299.69556185909,69.2879254220096,1965.6081298976,577.361569524251,25.3874815404108,79.185408875582,38.9149806331465,122.829833987958,28.7147227995679,188.330758828935,0.00422740527203299,0.0036745739883755,5.13819044218957e-06,0.0011183011744859,0.00875476979506279,4.25449620645771e-05,3.62840321562359e-05,6.24103907652975e-10,1.07588761426644e-05,9.08025844223223e-05,-397.975308392328,0.1322534186421,0.110419343409258,0.99,0.551761242435886
"quadratic",200,"montoril",77,10.44,211.562108034633,923.832660773991,423.17137727797,1165.1310988645,314.789569349711,155.878966412124,1926.39199307449,644.719369410331,20.2645697351181,88.4897184649417,40.5336568273917,111.602595676676,30.152257600547,184.520305850047,0.00457928286284899,0.00391420933068791,6.88521919461539e-06,0.00116531406066045,0.00970242227946728,5.14910201886556e-05,4.42219634451048e-05,8.8858176689286e-10,1.21999740104327e-05,0.000107970722425816,-386.031285317345,0.0788764620967062,0.0594621052135601,1,0.567091172610286
"quadratic",200,"montoril",78,10.378,354.462326024276,1178.54094574286,326.509669087636,903.756304549273,420.24666837429,187.238172353317,2574.86280159439,751.279139709822,34.1551672792711,113.561470971561,31.4617141152087,87.0838605270065,40.4939938691743,248.107805125688,0.00616000767005744,0.0052875249788994,1.21704886026302e-05,0.0013573650867697,0.0133017332832174,5.71842342571108e-05,4.77196938170522e-05,1.32941244642266e-09,1.25053954887669e-05,0.000128407638946067,-386.669893884999,0.105167788018756,0.0801061921487507,1,0.610626356250087
"quadratic",200,"montoril",79,10.159,225.514255805723,797.662771516263,444.246157659595,1403.70435515747,250.028005653958,120.572374724124,1402.01893027422,476.72239032041,22.1984699090189,78.5178434409158,43.7293195845649,138.173477227825,24.6114780641754,138.007572622721,0.0038547132210723,0.00335837018783913,4.3208534757982e-06,0.00103752343789486,0.00805401566395758,4.95357389014066e-05,4.28133013875308e-05,7.72777981111597e-10,1.20034340463867e-05,0.000102542303569175,-383.899609982135,0.130751193120364,0.0935909279612155,0.965,0.56299798105756
"quadratic",200,"montoril",7,10.128,228.610215532358,732.472084214545,434.398872597674,1031.82730070375,281.989151944629,146.603810091722,1625.88843314873,536.240632606929,22.5720986900037,72.3214933071234,42.890883945268,101.878682928885,27.8425308002201,160.534008012315,0.00435872856409734,0.0037966410816172,5.52342475288649e-06,0.00110646804789909,0.00906535602283439,5.07726364641236e-05,4.39432596389618e-05,8.09215623124378e-10,1.16403176036025e-05,0.000106327043414528,-390.777181510908,0.119140382563557,0.085808081570679,0.945,0.566481363945495
"quadratic",200,"montoril",80,10.359,228.409885466983,935.248500189109,360.005524448473,1028.9419746479,329.80441188403,177.909163694956,2308.76776876826,642.848357509108,22.0494145638558,90.2836663953189,34.7529225261582,99.3283110964282,31.8374758069341,222.875544817864,0.00551121633755711,0.0047599615626379,9.84008299061568e-06,0.00133484932108885,0.0117725269725849,5.57506857289378e-05,4.6210185524216e-05,1.3020625316935e-09,1.12165752603119e-05,0.000125650972720399,-389.325871899675,0.118463893433477,0.100081368012365,1,0.599750370499309
"quadratic",200,"montoril",81,10.327,204.319313686442,836.306849595359,306.615554423268,1250.61093182426,390.79710190079,162.221102053008,2328.10277853078,627.113107599388,19.7849630760572,80.9825553980207,29.6906705164392,121.101087617339,37.8422680256405,225.438440837685,0.00608590013444226,0.00507485654586293,1.40313091775363e-05,0.00118311037343107,0.013525062007348,5.97232113349798e-05,5.06287291802774e-05,1.39539416755849e-09,1.23966811549367e-05,0.000127857561009079,-384.340644894546,0.0874403433778869,0.0701792803303091,1,0.609787200006836
"quadratic",200,"montoril",82,10.356,316.869084272248,1166.75829904674,349.378722342844,1073.30757182749,288.425342882314,161.142852993027,1571.46610187821,575.271585007327,30.5976327029981,112.664957420504,33.73684070518,103.641132853176,27.8510373582767,151.744505781982,0.00468221723695738,0.0040393828119152,6.52848436758211e-06,0.00117620001079039,0.00979773266686815,5.56590358590154e-05,4.65515398133436e-05,1.29968664394531e-09,1.18228197688512e-05,0.000123300026205222,-374.739562723388,0.130871982862717,0.107711629006508,0.98,0.579943683065047
"quadratic",200,"montoril",83,10.132,249.06663499114,949.706387387783,373.446927398154,1152.37383118298,308.632166822381,108.977721765126,1779.8583087962,615.540043203239,24.5821787397493,93.7333584077954,36.8581649623128,113.736067033456,30.4611297692836,175.667026134643,0.004678247557823,0.00411773597016456,6.19014765296425e-06,0.00121783458036856,0.00948744975855984,5.52993616423272e-05,4.70614203153088e-05,1.25586711217181e-09,1.2976358478426e-05,0.000117965007935168,-382.012469192405,0.0762113995659566,0.0608737036132502,1,0.580404280234066
"quadratic",200,"montoril",84,10.546,117.065626297331,508.206225133093,458.313540739839,1417.78637868587,320.852620345316,96.3494784593887,2067.42988031151,368.362066603656,11.1004766069914,48.1894770655313,43.4585189398671,134.438306342298,30.4241058548565,196.039245240993,0.00445088267557143,0.0038545095880793,5.88069853994462e-06,0.00111619747682859,0.00930544061380686,4.87013653714736e-05,4.17403617207238e-05,8.0747201379678e-10,1.24397073237624e-05,0.000104185863401806,-391.993530808321,0.107900908207024,0.0862504227729456,1,0.556779510811666
"quadratic",200,"montoril",85,10.169,243.533226423051,930.976554514839,409.091551149585,1479.3765108044,306.816570981178,154.667078523319,1898.49764499239,721.986435025137,23.9485914468533,91.5504527991777,40.229280278256,145.479055050093,30.1717544479474,186.694625331143,0.00483935521514598,0.00417485795075315,7.69639501604707e-06,0.00115688224903676,0.0102666429626807,4.89205896375634e-05,4.1957202266987e-05,8.62530754242563e-10,1.16504278995164e-05,0.000101892669583304,-382.155877975286,0.0994625725512984,0.0813366988444275,0.99,0.578938407584047
"quadratic",200,"montoril",86,10.374,244.548915197183,855.269776650304,202.059064872242,992.590716988354,412.104064211328,145.003360184956,2775.45625961893,676.038243889016,23.5732518987067,82.4435874927997,19.4774498623715,95.6806166366256,39.7247025459155,267.539643302384,0.00593309086832186,0.00485479062939218,1.68119851954578e-05,0.001082460938964,0.0136888588679843,4.9582213420192e-05,4.19874707138822e-05,9.11166687192011e-10,1.15768237418847e-05,0.000107960463854271,-410.996902719925,0.150561167271005,0.12886933468191,0.955,0.58732742639718
"quadratic",200,"montoril",87,9.924,195.865613451326,847.247154732052,330.537372868884,1121.68764675349,376.802515860357,135.612708139394,2387.83855930813,566.836006239388,19.7365591950147,85.3735544873088,33.3068694950508,113.02777577121,37.9688145768195,240.612511014524,0.00573217068374077,0.00473727371233337,1.25458478872485e-05,0.00120035521540921,0.0130312419983137,5.21823268829003e-05,4.40205360278719e-05,1.03930091854694e-09,1.15772067883835e-05,0.000111565940870091,-397.631571346175,0.103198221329823,0.0774589107490176,1,0.59070526048288
"quadratic",200,"montoril",88,10.335,214.796263309932,796.686533425441,423.814682050434,1126.7187878693,322.926997863239,154.379035498618,1979.26775974319,605.646092230005,20.7833830004772,77.0862635147984,41.0077099226351,109.019718226348,31.2459601222292,191.511152369927,0.00463302203679246,0.00385350539782159,7.95529901405649e-06,0.00110233140105796,0.0103429144151759,4.96350518360882e-05,4.27434765563394e-05,8.07844404890454e-10,1.25844613489076e-05,0.000103928738723,-396.706080662788,0.0872391854062412,0.0676569244059382,1,0.567636646760906
"quadratic",200,"montoril",89,10.155,319.932245062029,1031.8674761852,286.127987435672,1315.16120717246,379.828249104324,127.592161713075,2457.14475559262,768.282342364476,31.5048985782401,101.611765257036,28.1760696637787,129.50873531979,37.4030772136213,241.964033047033,0.00645091491142197,0.0054354456019815,1.56739818627265e-05,0.00120314072281082,0.0144584588237851,5.67018217176044e-05,4.69619919860537e-05,1.42395158604861e-09,1.14052963939372e-05,0.00012672450191049,-391.533436932323,0.109901532990004,0.0898703059759887,1,0.623818814318293
"quadratic",200,"montoril",8,10.213,426.082130255958,1277.36883810846,443.666340996135,1085.9642294393,352.510583537786,119.031731900195,2258.04345663599,782.028558807716,41.7195858470536,125.072832479043,43.4413336919744,106.331560700999,34.5158703160468,221.09502170136,0.00506028087853638,0.00433159141423944,8.47674044378858e-06,0.00122046770772478,0.0109670117354135,5.73277835203904e-05,4.93226297998398e-05,1.12485306042721e-09,1.39531067202833e-05,0.000121581217708832,-402.196629412829,0.0985838575858146,0.085351462196478,1,0.573658586802323
"quadratic",200,"montoril",90,9.935,249.578495478827,995.243108379356,264.189300208823,1194.81959659344,337.961156556612,99.9778660497915,2158.98510739474,686.353428387559,25.1211369379795,100.175451271198,26.5917765685781,120.263673537337,34.0172276352906,217.311032450401,0.00546892731807296,0.0046006394389984,1.12546512255069e-05,0.00121100131747131,0.0120426744255355,5.34709601625975e-05,4.48427483259528e-05,1.10968746457045e-09,1.18830654001194e-05,0.000117627785341831,-394.213950945277,0.154216218782954,0.122421567149117,0.95,0.595489766323096
"quadratic",200,"montoril",91,10.181,271.275319094352,1246.70325851392,239.126782547758,762.710468344924,337.481193273697,115.330973349037,1779.94565888962,735.170117044134,26.6452528331551,122.453910078963,23.4875535357783,74.9150838173975,33.148138029044,174.830140348652,0.00537358896480804,0.0045728699475662,9.55057568197772e-06,0.00122465739847848,0.0114486864440923,6.40508342711343e-05,5.32213841231375e-05,1.75348028388602e-09,1.19863849748125e-05,0.000142064391798547,-389.00156733439,0.107096577418024,0.0855863545315436,0.995,0.588116948620982
"quadratic",200,"montoril",92,10.055,139.776582943881,696.134785407241,329.744412601517,820.238959243069,318.071243183937,102.880467798083,1523.18984488989,417.859407301604,13.9012016851199,69.2326986978857,32.7940738539549,81.5752321474956,31.6331420371892,151.485812520128,0.00600319319894295,0.00492554542938922,1.56051292038883e-05,0.00112611067085739,0.0140931573904733,6.59706974112841e-05,5.66273428764123e-05,1.59281157838268e-09,1.24971170540561e-05,0.000140187028626438,-389.113414265951,0.16928372918987,0.133203652744302,0.99,0.634597813222227
"quadratic",200,"montoril",93,10.228,555.53511605993,2053.85941040213,280.276219142112,1139.32921960531,388.293937780496,153.349255632941,2703.27248210176,1123.24894028323,54.3151267168489,200.807529370564,27.4028372254704,111.393157959064,37.963818711429,264.301181277059,0.00626600352778843,0.00539929307781884,1.35374021411605e-05,0.00125335265443272,0.0134864798789821,5.42298576461477e-05,4.48516870687912e-05,1.28625496562802e-09,1.16292651725557e-05,0.000120397932789383,-387.431441917621,0.155501091661028,0.11025091354554,0.91,0.615081136511254
"quadratic",200,"montoril",94,10.14,172.651533104337,867.565310649571,259.901658199235,1059.96010987941,378.893616406931,131.891753652172,2240.79102478024,597.124193997626,17.0267784126565,85.5587091370385,25.6313272385833,104.532555214932,37.3662343596579,220.985308163732,0.00626368256867451,0.00532389173837833,1.39033146592343e-05,0.00122167547912956,0.0136440148897166,5.75288578562524e-05,4.77742562012075e-05,1.40717248532258e-09,1.07451926488367e-05,0.00012888916801806,-388.275929811088,0.124842663118392,0.108679456097707,1,0.622989885076722
"quadratic",200,"montoril",95,10.042,191.363610567479,650.835135747695,472.407477333271,729.068977715301,281.319274978598,123.257579048092,1321.4377816387,348.68659371852,19.0563244938736,64.8113060891949,47.043166434303,72.6019694996317,28.0142675740488,131.591095562508,0.00408086153447431,0.00353490233097223,4.98307009025698e-06,0.00103472565610571,0.00850898337590995,7.19313209526728e-05,6.27884771966527e-05,1.55755121462323e-09,1.68739152462587e-05,0.000149573525807716,-371.569491462727,0.157923512521592,0.129845683923152,0.915,0.587093979079602
"quadratic",200,"montoril",96,10.128,223.196459825627,869.70827392321,183.976107724827,1355.51395235288,414.227027574819,157.614470027845,2692.44743840466,678.164124518717,22.0375651486598,85.8716700161147,18.1650975241733,133.838265437686,40.8991930859814,265.841966667127,0.00661226806297711,0.00551213783588132,1.6426584738428e-05,0.00128620801478967,0.0148453540200711,5.63687528636488e-05,4.73932619970471e-05,1.21993886143927e-09,1.17992303621363e-05,0.000123176129618002,-396.858816862566,0.123319421296782,0.0994644113989004,0.98,0.616536556269573
"quadratic",200,"montoril",97,10.103,246.573455145586,1208.04751847222,354.200655857656,1137.2660724752,404.819309208823,121.681376106395,2379.98257889469,925.7681442266,24.4059640844884,119.573148418511,35.0589583151199,112.567165443452,40.0692179757323,235.571867652646,0.00640831128273471,0.0053575280167252,1.56783183822736e-05,0.00120149059367971,0.0143144676086655,5.6631620512002e-05,4.72568801655968e-05,1.3156013388707e-09,1.11346232318144e-05,0.000127869278499964,-390.527066980808,0.096898121842305,0.0809347417647206,1,0.606195872709117
"quadratic",200,"montoril",98,10.053,251.425155954969,993.787167684326,358.19579208731,1127.7397576401,301.4134628639,38.5690272009088,1963.59493461047,743.871653905032,25.0099627926956,98.8547864005099,35.6307363063076,112.179424812504,29.9824393577937,195.324274804583,0.00485771438164478,0.00416833776256215,7.46248326034763e-06,0.0011333030112555,0.0104468885251246,4.7969158239587e-05,4.03454449443707e-05,8.73155054813475e-10,1.04285505565311e-05,0.000104488217655296,-389.433532480589,0.11307484790327,0.0873835279660792,0.975,0.577921698469387
"quadratic",200,"montoril",99,10.072,419.98511139805,1633.17741826162,320.446925342891,1153.03397139336,359.660586512222,94.1013489336847,2301.15053421287,990.248867879744,41.698283498615,162.150259954489,31.8156200697867,114.479147278928,35.7089541811181,228.470068925027,0.00569631376577237,0.00488093684901781,1.12919971619666e-05,0.00113813445440537,0.0125356625466724,5.01540850391352e-05,4.25616622175518e-05,9.56040027808718e-10,1.15108382591234e-05,0.000108298708068545,-403.86947796304,0.112853196661983,0.0911213713212245,1,0.587774793299022
"quadratic",200,"montoril",9,10.376,267.005896403959,1046.9646692952,298.77739818878,1349.24271257062,362.33710490048,194.268790993698,2208.578084302,719.259585665545,25.7330277952929,100.902531736237,28.7950460860428,130.034956878432,34.9206924537857,212.854479982845,0.00535779430092836,0.00458636745190391,9.17504940506542e-06,0.00124973981974036,0.0115231700479578,4.89987998688072e-05,4.16301570013158e-05,8.2630179892506e-10,1.27283911613763e-05,0.000105493830253291,-398.181404069707,0.133418511175012,0.113715260873908,1,0.578600863064335
"quadratic",400,"montoril",100,20.106,134.732449184969,517.792303411706,306.59252079258,1247.34772680392,216.593613180984,109.466747439917,1495.83538320591,373.056305234163,6.70110659429865,25.7531236154235,15.2488073606177,62.0385818563574,10.7725859534957,74.3974626084706,0.00275783886239362,0.00252657421696504,1.30591374110365e-06,0.00104859079739027,0.00511084267812941,2.18586102435547e-05,1.9988028706815e-05,8.21482250283426e-11,8.31772864796506e-06,3.97934837798056e-05,-781.387440851127,0.0919586803232997,0.0717420397025266,1,0.499357748439412
"quadratic",400,"montoril",101,20.463,226.602915562576,911.552775334368,203.10181516923,1335.56108609306,247.28262163697,77.459704555664,2083.88576281411,329.545981128279,11.0737875952977,44.5463898418789,9.92531960950152,65.267120465868,12.0843777372316,101.836766985003,0.00330168250760434,0.00298668134139123,2.20354653866105e-06,0.00106976273901795,0.00634618596438004,2.27244401634283e-05,2.07853844590234e-05,8.92107989124223e-11,8.5707249404661e-06,4.14483885397151e-05,-789.946756556507,0.135881787122115,0.114542760527743,0.9825,0.524614627001541
"quadratic",400,"montoril",102,20.123,181.799101337052,721.646452983326,279.555380219396,927.038976991992,240.646741647643,69.7445946847439,2021.87601563465,514.6976100082,9.03439354654139,35.8617727467736,13.8923311742482,46.0686267948115,11.9587905206799,100.475874155675,0.00357098767992104,0.00323244876507426,2.62617360528148e-06,0.00113339603571849,0.00684806058985771,2.58514870060995e-05,2.33011164121095e-05,1.33763794747604e-10,9.1137110161396e-06,4.89011868983395e-05,-772.446340325458,0.101251418878826,0.0803885046147069,1,0.538845393992913
"quadratic",400,"montoril",103,20.222,174.232319994843,755.703498605446,251.245550213738,1163.65370615638,218.651547784259,66.1050291116076,1763.21228196349,310.832440362954,8.61597863687285,37.3703638910813,12.4243670365808,57.5439474906725,10.8125579954633,87.1927743034065,0.00303709202306903,0.00279733694249051,1.71786868063183e-06,0.000976690137584228,0.0055897148941357,2.38736096711638e-05,2.15667876163986e-05,1.05956042658009e-10,8.71359337664775e-06,4.41063253078199e-05,-780.015952303003,0.107024856946663,0.0839361691588396,0.99,0.513125294877064
"quadratic",400,"montoril",104,20.08,104.84838208315,393.318279903062,166.681522066276,1319.59129899516,183.813030781474,21.673858609582,1397.2247953174,156.40150389691,5.22153297226841,19.5875637401923,8.30087261286236,65.7166981571296,9.15403539748377,69.5829081333367,0.00297121406694736,0.00268516006871782,1.71709645799279e-06,0.0010253069343164,0.00550768172410855,2.36872590858453e-05,2.16098786816101e-05,9.74212555412106e-11,8.63366869104752e-06,4.31884390181368e-05,-766.890806327797,0.0837064643650848,0.0668210298185899,1,0.517908939889236
"quadratic",400,"montoril",105,19.884,172.180882150392,843.992985493949,205.599959084716,1058.85908408068,250.503457047191,66.1913815473697,2036.44741867368,585.43556603895,8.65926786111404,42.4458351183841,10.3399697789537,53.251814729465,12.5982426597863,102.416385972324,0.00346069658850315,0.00311867764872059,2.47249949970072e-06,0.00112354223578859,0.00660740515888935,2.45225533638379e-05,2.21524001161658e-05,1.22432891977871e-10,8.77215914958445e-06,4.62627788724876e-05,-767.471790523565,0.107376238544777,0.081251225179682,0.995,0.53296561618578
"quadratic",400,"montoril",106,20.011,117.786701054005,406.71275144868,196.674091495834,1296.49812214962,204.519012673763,100.977283808146,1467.52203664422,299.425136383769,5.88609769896583,20.324459119918,9.828299010336,64.7892720078769,10.2203294524893,73.3357671602728,0.00276672337173221,0.00256029602254254,1.29909703265159e-06,0.00100511639769512,0.00491977579187488,2.3695504021169e-05,2.15501570797282e-05,9.72960344425307e-11,9.1329554497778e-06,4.38171637267803e-05,-771.802250631486,0.0885669795423241,0.075237633328963,1,0.504634058076702
"quadratic",400,"montoril",107,20.187,244.742124341359,946.962849033612,229.580629497433,1622.80781327584,213.141938067886,66.771515881988,1780.57680671494,522.416487900347,12.1237491623995,46.9095382688667,11.3726967601641,80.3887557970894,10.558376086981,88.2041317043117,0.00323139874860595,0.00291373134568675,2.13152928991995e-06,0.00100441358639511,0.00613515648130991,2.24419495484211e-05,2.03560987679833e-05,9.37050434038714e-11,8.37765155322802e-06,4.12200149032648e-05,-766.868742611432,0.0973110970227128,0.0805431537502211,1,0.52490695374266
"quadratic",400,"montoril",108,20.515,264.695379630949,1217.49850662389,142.35003094025,981.89367317498,260.698724596831,93.2214402835062,2200.69751411907,327.441004946854,12.902528863317,59.3467466060879,6.93882675799414,47.8622312052147,12.7077126296286,107.272606098907,0.00348087586398029,0.00316595443279595,2.60923444203448e-06,0.00111686341171006,0.00665718541301052,2.44508378311111e-05,2.19028261426497e-05,1.20912974142677e-10,9.03018065630736e-06,4.60240553621347e-05,-783.304625899335,0.106587538342117,0.0740651782740389,1,0.530490074085547
"quadratic",400,"montoril",109,20.152,110.983775447059,562.097591273276,245.868828503185,1347.3621709006,181.135910861612,57.3693680109451,1354.86228427385,249.607639888846,5.50733304123951,27.8928935725127,12.2007159836833,66.8599727521141,8.98848307173539,67.2321498746451,0.00265864845175927,0.00244902979267169,1.10319751939624e-06,0.000991624489948201,0.00478747200555253,2.15189763402304e-05,1.97433495323147e-05,7.53793585091141e-11,8.40238562977357e-06,3.87551568729131e-05,-800.472839629523,0.11799853852333,0.0976593709209527,1,0.498529656793639
"quadratic",400,"montoril",10,19.866,167.777069415666,625.041837933609,270.704673657611,1363.279741072,201.848960202163,65.5645971291633,1602.89524849659,394.836103759456,8.44543790474508,31.4628932816676,13.6265314435523,68.6237662877279,10.1605235176766,80.6853542986303,0.00284376149607403,0.00259578289150317,1.47979976722606e-06,0.00100182426967636,0.0053150027548825,2.23356228145369e-05,2.03802713596588e-05,8.55057060178161e-11,8.52030016910297e-06,4.098417033811e-05,-784.533732520588,0.0875417026707673,0.0701880995078427,1,0.506949066140256
"quadratic",400,"montoril",110,20.38,222.348473287177,934.963208832446,236.264805826876,862.46851547337,245.86075359645,93.0287327603476,1857.18418875011,335.323193512809,10.9101311720892,45.8765068121907,11.5929737893462,42.3193579721967,12.0638250047326,91.127781587346,0.00335899455669375,0.00305026592864436,2.32821026491784e-06,0.00101739048230518,0.00636450818021286,2.61105262949178e-05,2.34665357907508e-05,1.31219237118773e-10,8.95604078066702e-06,4.91675795338307e-05,-776.231195577381,0.146286792009919,0.116862583443383,0.98,0.526683910363523
"quadratic",400,"montoril",111,20.024,190.257656501325,764.092417615226,273.787843574278,1811.13212554955,214.184967986781,90.2083348518725,1680.33545367012,405.598130623758,9.50148104780886,38.15883028442,13.6729845971972,90.4480685951635,10.6964127040941,83.9160733954317,0.00302190480008741,0.00277037519573582,1.60206822613908e-06,0.00105841322382151,0.0055615142736202,2.27086604306516e-05,2.06990189920851e-05,9.00401938583924e-11,8.80148499047938e-06,4.11380408255321e-05,-786.369908527865,0.0866385271270709,0.0731221940859767,1,0.515251768570447
"quadratic",400,"montoril",112,19.952,224.360022226947,1013.53050662299,260.923119412416,1315.74560458586,228.756836388637,83.1342537079247,1910.00476964776,580.571538646801,11.2449890851517,50.7984415909678,13.0775420715926,65.9455495482089,11.4653586802645,95.729990459491,0.00331245681833067,0.00300441470574685,2.28570164780736e-06,0.00109725138744924,0.00627002564473458,2.50236441571678e-05,2.25414588569584e-05,1.26297169420111e-10,8.96991384945658e-06,4.72415157667769e-05,-788.856438066202,0.131479557551335,0.0953533673448869,0.95,0.517392858346994
"quadratic",400,"montoril",113,20.613,68.4167642536711,437.064459076365,314.377751959246,920.828640092234,159.263745539171,30.5429972200574,1136.38772352796,300.94693480295,3.31910756579203,21.2033405654861,15.2514312307401,44.672228209976,7.72637391642029,55.1296620350243,0.00278221860289418,0.00253854220436822,1.32118114897213e-06,0.00101644321307188,0.0050602003923057,2.41310552256797e-05,2.20230986456368e-05,1.02094693490327e-10,8.88618171956792e-06,4.39099604003745e-05,-760.245011473387,0.145628956220279,0.12188290660618,0.9425,0.516113863183863
"quadratic",400,"montoril",114,20.07,209.617203659042,901.201224723593,249.464545360833,1017.29123427214,228.804277189352,20.2783441338184,1740.63515856281,281.583969564385,10.4443051150494,44.9029010823913,12.4297232367131,50.6871566652786,11.4003127647908,86.7282091959549,0.00320248261322296,0.00288107517245487,2.17987039497277e-06,0.000982517537310508,0.00619429047321378,2.3951020615608e-05,2.1674665563201e-05,1.05811448794496e-10,8.84580415717867e-06,4.45787059291296e-05,-771.38221933504,0.132939361962973,0.0986004466919229,0.94,0.525126092055592
"quadratic",400,"montoril",115,21.047,135.475891253687,443.403640023407,294.046047105691,1235.84345786191,207.278685231663,83.7965101273463,1582.80652287196,318.876601387925,6.43682668568854,21.0673084061105,13.9709244598133,58.7182713860367,9.84837198801079,75.2034267530744,0.00277740043189384,0.00255192642986386,1.31797047909981e-06,0.00101734147679297,0.00509093611337056,2.28524519164707e-05,2.0920836154325e-05,9.07116301754654e-11,8.68559780575205e-06,4.11920672385227e-05,-799.334806213797,0.109180539173983,0.095231784294644,0.985,0.504651809771551
"quadratic",400,"montoril",116,20.873,259.69523188898,1014.57205465494,199.023970153202,1310.62720821831,301.189265980766,101.388586395916,2958.89301082666,690.410579134641,12.4416821678235,48.6069110647697,9.53499593509326,62.7905527819822,14.4296107881361,141.756959269231,0.00405148200549428,0.00362428698554835,3.87578111597696e-06,0.00117234918176437,0.0081122214983198,2.38592718947911e-05,2.17025957830602e-05,1.05028099817727e-10,8.94223548737136e-06,4.36770849379355e-05,-791.255601154832,0.103301063090681,0.0765550383791231,0.9975,0.540140249680811
"quadratic",400,"montoril",117,20.53,193.385297115794,579.74762362569,202.641197965567,1173.42550587976,224.810514559301,88.2524968948107,1739.10939451776,380.063788132159,9.41964428230854,28.2390464503502,9.8704918638854,57.15662473842,10.9503416736143,84.7106378235637,0.00285394201947013,0.00260385665359434,1.52923199853449e-06,0.000988806535504619,0.00534301548673225,2.20434503593775e-05,2.01186563490533e-05,8.30586263059709e-11,8.29289170282146e-06,3.99702747078278e-05,-774.480187336635,0.116810702825168,0.0964137782591463,0.9875,0.500756211334511
"quadratic",400,"montoril",118,19.989,184.214199766772,748.214824097802,241.863208895495,1196.31174640834,235.62992382181,109.273645221427,1879.10429338183,453.825314473548,9.21577866660522,37.4313284355296,12.0998153432135,59.8485039976155,11.7879795798594,94.0069184742526,0.00316914335823575,0.0028652806468331,2.1307857345645e-06,0.0010042133583234,0.00601105517930847,2.26636295483531e-05,2.0689883823427e-05,8.76080954771071e-11,8.71096238032695e-06,4.1015446561498e-05,-795.112284142368,0.0872937253095458,0.0672829766066473,0.9975,0.507290644006991
"quadratic",400,"montoril",119,20.475,182.448337000955,725.258871160867,217.397352974041,1101.25923740737,232.364097148324,90.8373322471334,1819.15946002592,371.359639069521,8.91078568991234,35.4216786891754,10.6176973369495,53.7855549405307,11.348673853398,88.8478368755029,0.00304533009162694,0.00277029710460101,1.79046520115684e-06,0.0010321669678199,0.00574183544479138,2.23881095864976e-05,2.0356871655983e-05,8.97774827110757e-11,8.13245379566108e-06,4.06686010227104e-05,-806.712819538527,0.127957411616856,0.103585716369755,0.9525,0.505111691656523
"quadratic",400,"montoril",11,20.074,177.933354204241,561.104577830808,189.985460496716,919.843433654322,231.515629120834,95.8001043998134,1843.9270114563,405.647018669761,8.86387138608353,27.9518072048823,9.4642552802987,45.8226279592668,11.5331089529159,91.8564815909285,0.00329437379358451,0.00299228624039879,2.13313721738731e-06,0.0011036617786178,0.00619999039640274,2.47879005899088e-05,2.23071283937046e-05,1.23129501414972e-10,9.02217627251868e-06,4.66481159021878e-05,-794.271329700694,0.117386484693434,0.0940563815231557,0.9825,0.519677332818198
"quadratic",400,"montoril",120,19.974,102.121017242573,332.282024204024,216.15511483121,1196.72147192149,229.044178112717,40.3894967734156,1839.59089874892,181.471934495557,5.11269736870799,16.6357276561542,10.8218241129073,59.9139617463448,11.4671161566395,92.0992739936377,0.00322994043860396,0.00291563995862138,2.23789930119032e-06,0.00112692249712262,0.0059766660517999,2.49884036946134e-05,2.27342052204753e-05,1.1423099077122e-10,8.90305138306159e-06,4.59665858799451e-05,-776.324477153102,0.102846676589721,0.0786813533253215,1,0.523996283337291
"quadratic",400,"montoril",121,20,198.67251696676,933.841843929751,256.096781330083,1364.77413959161,227.395756594179,80.6173942533594,2026.59637295273,648.222136993703,9.933625848338,46.6920921964876,12.8048390665041,68.2387069795803,11.369787829709,101.329818647637,0.00334406718661779,0.00305211369585415,2.14620479279057e-06,0.00107965724373598,0.00624978284402873,2.34941187135593e-05,2.12245195686465e-05,1.04423266860256e-10,8.7335722667949e-06,4.37781590450226e-05,-784.94494390337,0.0720355621419219,0.0566726787895702,1,0.523755181889516
"quadratic",400,"montoril",122,20.335,112.901067170944,536.543482268403,227.445441876319,959.197692555068,181.54146603982,47.4609825368436,1354.86859612212,250.096083328803,5.55205641361907,26.3852216507698,11.1849246066545,47.1697906346235,8.92753705629799,66.6274205125212,0.00278088389337592,0.00255849267822492,1.39016859407875e-06,0.000986725695652529,0.00515646415978052,2.31681817353599e-05,2.11430835468239e-05,8.91572493160964e-11,9.12032165328186e-06,4.23153896910782e-05,-794.417686646393,0.0865456454171255,0.0706440130497414,1,0.513533924549951
"quadratic",400,"montoril",123,19.995,110.380024879246,348.928680344225,229.323122005275,1318.29597982874,198.161512338341,75.5113707575108,1473.94735948687,256.705001314008,5.52038133929713,17.4507967163903,11.4690233561028,65.9312818118897,9.91055325523086,73.7157969235744,0.00287085623710927,0.00263244971757073,1.50644054439513e-06,0.000963767334834559,0.00531001035393148,2.36390445644002e-05,2.17917929029964e-05,9.34604882903172e-11,9.13518698084042e-06,4.20818798553022e-05,-788.558492198059,0.102072561602942,0.0825494343073773,0.99,0.511238397739904
"quadratic",400,"montoril",124,21.034,100.612047909278,364.27217206325,201.895269579292,1108.22687922017,202.543287742469,79.9215015949508,1536.81434345306,237.48782743625,4.78330550105913,17.3182548285276,9.59851999521216,52.6874051164859,9.62932812315627,73.0633423720194,0.00303981950798827,0.00274635497981157,1.89833515453681e-06,0.000966727745529443,0.0057549128154018,2.41481691411813e-05,2.18448257793229e-05,1.15711867558707e-10,8.50084173756473e-06,4.41682441370258e-05,-781.545726668053,0.097211734823615,0.0741675421508015,0.9875,0.522975867232776
"quadratic",400,"montoril",125,20.152,280.117386714172,1020.32894865371,221.290516471417,1122.82285366019,267.955280208654,64.894665826573,2494.91131836896,481.687993466361,13.9002276059037,50.6316469161231,10.9810696938972,55.7176882522922,13.2967090218665,123.804650574085,0.00365369774566239,0.00333092480294265,2.60610000346524e-06,0.00118434775141331,0.00688877382148343,2.44460373702972e-05,2.19898869747985e-05,1.24467971666597e-10,8.58580236411568e-06,4.59830376919311e-05,-823.513405432661,0.112410658384336,0.0866415818600661,1,0.520870651297077
"quadratic",400,"montoril",126,20.159,200.30089033213,852.581571122628,189.044812223461,1215.56775770031,204.123000891647,79.2705180612267,1571.26901535887,397.63894677289,9.93605289608263,42.2928503954873,9.37768799163954,60.2990107495567,10.1256511181927,77.9437975772049,0.00309303728869277,0.00279178498466284,1.99401500123176e-06,0.00102430815885879,0.00581857296826165,2.39968390729456e-05,2.19902359157322e-05,9.74293873799495e-11,8.9095939824582e-06,4.31539915716923e-05,-756.904063539187,0.131533089695483,0.111264313990893,0.985,0.522776434682568
"quadratic",400,"montoril",127,19.938,116.139185902458,415.466148088389,211.387164002832,907.878623860373,214.948705248279,74.0584185150993,1600.44589447619,304.645000384818,5.8250168473497,20.8379049096393,10.6022250979452,45.5350899719317,10.7808559157528,80.2711352430631,0.00306805220021612,0.00282008030575519,1.83222554650283e-06,0.00099587123465199,0.00569159776469205,2.39205848667144e-05,2.16848596768302e-05,1.08649720839427e-10,8.84134817386884e-06,4.39689009394449e-05,-778.789101229434,0.126563147996813,0.0970814435720253,0.95,0.52594677236278
"quadratic",400,"montoril",128,20.005,174.431634208656,617.824821193135,267.017572115651,1128.53137990231,205.848387896978,107.183143993956,1479.95889075726,466.733404075656,8.71940185996782,30.8835201796118,13.3475417203525,56.4124658786457,10.2898469331156,73.9794496754441,0.00279402689099117,0.0025700612146924,1.33920595422435e-06,0.000987317086449041,0.00513465182545547,2.31756026097857e-05,2.09191214411165e-05,1.05384206958323e-10,8.37007075912087e-06,4.29993386607716e-05,-788.074424529123,0.123069243159904,0.10040127002741,0.9675,0.505326600161044
"quadratic",400,"montoril",129,20.085,121.903159803453,509.871089472326,220.648541717416,1632.20885078147,183.076080468584,24.9568476658923,1465.35591857115,293.877585385579,6.06936319658717,25.3856653956846,10.9857377006431,81.2650660085371,9.11506499719115,72.9577255947799,0.00271182958824523,0.00252020647451684,1.16245899827762e-06,0.000982240090334365,0.00483860850392181,2.18606367613588e-05,2.00090744631798e-05,7.73636472828308e-11,8.63793086475202e-06,3.91168142526004e-05,-775.330859777463,0.079904169839605,0.0650593204916001,1,0.503641425310423
"quadratic",400,"montoril",12,19.918,223.379686790592,937.674733978675,230.468947743545,1350.43276871938,236.478449102924,107.467370306532,1855.06134075838,623.266766225886,11.2149656988951,47.0767513795901,11.5708880280924,67.7996168651158,11.8726001156202,93.1349202107833,0.00321367180889257,0.0029042998106827,2.01984604498697e-06,0.00105779827379617,0.00611745698218615,2.3717821191864e-05,2.16653690520734e-05,9.99643515609684e-11,8.83156464691787e-06,4.31193799843986e-05,-788.74740524906,0.0972126826985254,0.0744905013685646,0.975,0.510096696405993
"quadratic",400,"montoril",130,20.202,133.191448726341,538.076020563957,271.154916673585,1263.48725546086,183.305955377726,78.1905977700878,1375.78105747742,374.395150518557,6.59298330493718,26.6347896527055,13.4221817975242,62.5426816879944,9.07365386485132,68.1012304463629,0.00273199068946574,0.00246491510818549,1.42072174607356e-06,0.000945759414307768,0.00512322170088484,2.24489101230131e-05,2.03230807699011e-05,9.74118380652485e-11,8.00609788877711e-06,4.11918791707209e-05,-781.291626152947,0.105024642660742,0.0839950338918573,1,0.511325337182469
"quadratic",400,"montoril",131,20.021,208.250245004814,991.886077433154,253.143055927937,744.049861297464,224.808942893417,85.6240289154946,1813.59907199435,535.929084662819,10.4015905801316,49.5422844729611,12.6438767258347,37.1634714198823,11.2286570547633,90.5848395182232,0.00311971477179825,0.00282942964820704,1.81855057806415e-06,0.00111359968569766,0.0058721223012531,2.61441179468761e-05,2.35155258341619e-05,1.398426760735e-10,9.45539762434753e-06,4.94010403234865e-05,-782.31190296013,0.105743210667344,0.086581935931744,1,0.518606880494658
"quadratic",400,"montoril",132,20.767,76.7557915020104,360.609872630076,242.842147663498,921.887027957222,171.268106193504,56.9758634560573,1176.81621063714,192.913185803116,3.69604620320751,17.3645626537332,11.6936556875571,44.3919212191083,8.24712795268956,56.6676077737344,0.00261842596663968,0.00241745176692397,1.10903818010373e-06,0.000982777832158532,0.00471707394872825,2.38340968452017e-05,2.1675980101977e-05,1.0538353400601e-10,8.81992201972487e-06,4.43351647884509e-05,-756.153842004365,0.101146047886036,0.0723754478270599,1,0.513345441175163
"quadratic",400,"montoril",133,21.075,88.1081240944939,421.651840523244,263.047681325264,1497.90280906343,197.143076885066,67.7024480127479,1403.97440429161,280.707263311348,4.18069390721205,20.0072047697862,12.4815032657302,71.0748663849789,9.35435714757136,66.6180025761142,0.00272156621470432,0.00244524756660719,1.45046659873086e-06,0.000909362985005526,0.00515015792980171,2.12214391447465e-05,1.94934262167188e-05,7.48893971329443e-11,8.2247215547281e-06,3.85120760520506e-05,-791.310721129654,0.0625763029585956,0.0499066990102297,1,0.499402303509822
"quadratic",400,"montoril",134,20.561,134.707371757947,620.257304040724,215.934227897575,1191.49735144241,191.33744601743,58.2037651487341,1537.45345657621,243.021283495647,6.55159631136362,30.1666895598815,10.5021267398266,57.949387259492,9.30584339367882,74.7752276920484,0.00280461858493916,0.00255636802210675,1.43144141090152e-06,0.000984019172976722,0.00518633893466111,2.2936382906565e-05,2.08814633406325e-05,9.33025840729573e-11,8.62806532644146e-06,4.21345035666765e-05,-792.266414210671,0.106301196247298,0.0875271395476857,1,0.501786956501536
"quadratic",400,"montoril",135,20.257,84.4857845239451,258.495111889835,302.405632357931,604.663194537977,196.002696888431,53.7686565813267,1368.66454412436,193.766658015721,4.17069578535544,12.7607795769282,14.9284510222605,29.8495924637398,9.67580080408903,67.5650167410948,0.00274751551058613,0.00250736908595112,1.39132884071061e-06,0.000940493465928347,0.00506802695131794,2.55604810144826e-05,2.32658969417806e-05,1.18309855615411e-10,9.60342692557925e-06,4.71101179653828e-05,-787.205948548513,0.129055057896461,0.0881095130424371,0.9625,0.522440886900741
"quadratic",400,"montoril",136,19.93,146.125069835364,866.105220507043,251.289224413703,1370.71744646628,219.922885865669,75.7944988868757,1850.35052597692,493.025052340182,7.33191519495053,43.4573617916228,12.6085912902008,68.7765903896778,11.0347659741931,92.8424749612104,0.00326289617746745,0.00295156879188338,2.17081827021963e-06,0.00104500450440139,0.00619511305279434,2.34793795008552e-05,2.12473533837615e-05,1.04201700298612e-10,8.4376563414298e-06,4.31758550008888e-05,-781.071562449077,0.10154160087892,0.0775227475364424,0.9675,0.524138151619811
"quadratic",400,"montoril",137,20.252,170.115421924307,709.69200118459,164.030350755963,1078.08157265484,276.806096579877,70.014242770862,2356.06094840829,523.817836593593,8.39993195359999,35.0430575342973,8.09946428777221,53.2333385668001,13.6680869336301,116.337198716586,0.00420915226475128,0.00368882216812304,4.94417442866338e-06,0.00111140605292296,0.00869874142411761,2.67652676987517e-05,2.40003006621104e-05,1.51267062229935e-10,9.23701469558553e-06,5.107617464239e-05,-801.289778371159,0.129683585898106,0.10421128022964,0.97,0.554902374854795
"quadratic",400,"montoril",138,20.702,158.371854857096,727.864617204084,221.359984043185,1088.31722018267,205.038548037981,18.1775503358352,1552.95074694927,492.193539707148,7.65007510661271,35.1591448750886,10.6926859261514,52.5706318318361,9.90428693063378,75.0145274345119,0.00289619474931163,0.0026099648437747,1.82127767063703e-06,0.000943517239167745,0.0056284465549931,2.50357841623875e-05,2.28525519445525e-05,1.09322518631721e-10,9.25377646184605e-06,4.57980590365267e-05,-786.803996998502,0.122449547199336,0.100189809870578,0.98,0.505445250259878
"quadratic",400,"montoril",139,20.841,168.353420161626,626.342384447579,323.910290748313,1399.90375303378,185.235713213131,78.1974577805617,1327.95292786925,254.118137339316,8.07799146689823,30.0533748115532,15.5419745092996,67.1706613422475,8.8880434342465,63.7182922061923,0.00256304680128227,0.00235959876949919,1.03246224287953e-06,0.000956062975731904,0.00459056939715457,2.06547794304172e-05,1.90319783120421e-05,6.50639590209065e-11,8.1253246419942e-06,3.6299647137833e-05,-795.034353389511,0.105548405444297,0.0839218062342203,0.9775,0.499017569807044
"quadratic",400,"montoril",13,20.006,127.052127956764,521.9077878286,208.118708112241,1133.31516045322,237.267910957506,77.5750726383396,1871.29703739442,356.382199853699,6.35070118748197,26.0875631224933,10.4028145612437,56.6487633936429,11.8598375965963,93.5367908324713,0.00342679752405935,0.00310849495318501,2.23943282952505e-06,0.00112243612331788,0.00642614515795518,2.56901127924384e-05,2.32579141744371e-05,1.27764366994662e-10,8.98694754325255e-06,4.79980986163286e-05,-788.237849287429,0.120174654403235,0.093405051212429,0.95,0.527307530680156
"quadratic",400,"montoril",140,20.135,138.382696964041,527.493847206948,291.651033229408,1513.94556468786,197.520348610035,47.1422189645873,1429.92310430298,355.724831398875,6.87274382736731,26.1978568267667,14.4847794005169,75.1897474391787,9.80980127191633,71.0167918700264,0.00282714563414397,0.0025927706973278,1.36325312790003e-06,0.00100536394985523,0.0051170139468163,2.38362772043767e-05,2.18403804469901e-05,9.66846968903042e-11,8.86426358761193e-06,4.34742916220053e-05,-758.932863373181,0.0866115882938844,0.0692552562521941,1,0.508591995394196
"quadratic",400,"montoril",141,20,136.097039402213,687.562583541836,219.420349134633,965.577131122553,227.668494834496,88.1951484527888,1951.61787782097,439.21734563262,6.80485197011065,34.3781291770918,10.9710174567316,48.2788565561276,11.3834247417248,97.5808938910485,0.00333334878230453,0.00300141096385311,2.33276012871468e-06,0.0010542927119664,0.0063738631765852,2.29940554596042e-05,2.09415190910501e-05,9.36583879787725e-11,8.24929478639884e-06,4.19858706274458e-05,-779.853729160785,0.107311536199808,0.0855267371093826,0.99,0.522763197950581
"quadratic",400,"montoril",142,20.063,204.556980998954,610.156230208086,207.683266516707,626.40698236193,234.178682046133,90.4151461036105,1741.65462480543,195.955131421614,10.195732492596,30.4120136673521,10.3515559246726,31.2219998186677,11.6721667769593,86.8092820019655,0.0030680856566897,0.00280048067358394,1.76626003589323e-06,0.00102266710007572,0.00570727277226299,2.36370379908905e-05,2.13555387158691e-05,1.11878757595142e-10,8.66253159769677e-06,4.39758427968543e-05,-810.480257838945,0.106300388708078,0.0882006319464223,0.9875,0.508191262664785
"quadratic",400,"montoril",143,20.045,228.727098079605,902.372936538482,179.368199803677,1192.08235330116,255.413316804324,73.3360203843596,2359.9603435436,388.373752532973,11.4106808720182,45.0173577719372,8.94827636835504,59.4703094687531,12.7419963484322,117.73311766244,0.00387094876779132,0.00350414978316144,3.55302105871084e-06,0.00112447182182185,0.00754150413963313,2.29569027079643e-05,2.07954663778519e-05,1.0131693449224e-10,8.52106492007917e-06,4.23867145483203e-05,-756.102271456113,0.112173958892582,0.0838074135584098,0.975,0.543435517439747
"quadratic",400,"montoril",144,20.055,186.046853850058,683.985690826932,211.925333377774,984.638097605777,242.19467554288,74.2286326479154,1801.26416975013,513.298958489656,9.27683140613602,34.1054944316595,10.5672068500511,49.0968884370869,12.0765233379646,89.8162138992836,0.00321773609185703,0.00295227847522932,1.9804488057431e-06,0.000964460814910438,0.00602122197767,2.43374077464822e-05,2.20102360797214e-05,1.1468549614141e-10,8.96695342398294e-06,4.50762130082726e-05,-802.858308721517,0.0868196103992001,0.064873198172712,0.9825,0.516352080347946
"quadratic",400,"montoril",145,20.353,201.258220423726,875.786004422308,240.04958950912,1162.39555786208,193.937424811053,5.60887911037308,1496.71348730305,213.941198016554,9.88838109486198,43.029823830507,11.7943099056218,57.1117554101154,9.52868986444518,73.5377333711516,0.00302897265509227,0.00277708186448546,1.62873928365798e-06,0.00104207483749249,0.00561052974449714,2.24546511156544e-05,2.03699767900856e-05,9.6354611126348e-11,8.39077641026291e-06,4.14181340211675e-05,-780.355433178543,0.10359402914712,0.0853366311118557,1,0.52080747017178
"quadratic",400,"montoril",146,20.609,107.907072563712,297.279850369623,299.698211628386,1484.09500632009,206.772490641562,79.7721535870647,1581.71137268429,226.223618519696,5.23591986819892,14.4247586185464,14.5421035289624,72.0119853617397,10.0331161454492,76.7485745394871,0.00296806531360924,0.00272261772943139,1.60536801437562e-06,0.00100156858818208,0.00550491612999819,2.31589851294483e-05,2.10988070133891e-05,9.68582599208059e-11,8.58839856213648e-06,4.219593910532e-05,-790.340442584943,0.0658772099036256,0.0550352782415907,1,0.518566141592221
"quadratic",400,"montoril",147,19.72,228.888531305393,734.947272877533,275.384176893003,739.668245406102,220.812805267731,68.042474719593,1829.55816801488,469.54140017911,11.6069234941883,37.2691314846619,13.9647148525864,37.5085317143054,11.1974039182419,92.7767833678945,0.00297544106227523,0.00272017601323306,1.7548528796303e-06,0.000952246617538603,0.00560399968366352,2.34363070938077e-05,2.12269419405311e-05,1.01289551082508e-10,8.97383233196094e-06,4.36817088871198e-05,-780.291704265028,0.114376448030698,0.0857313770296956,0.9725,0.503590995631697
"quadratic",400,"montoril",148,21.425,140.273605590214,602.472240857855,207.674862407326,905.784652217292,217.029009215625,76.4556373338234,1612.9579011467,382.383973482417,6.54719279300884,28.1200579163526,9.69310909719142,42.2769966029075,10.1297087148483,75.2839160395192,0.00321859923367197,0.00292319728100095,2.13806041930989e-06,0.00094821246891899,0.00614550570076406,2.57150544816168e-05,2.33332064886815e-05,1.25970889249557e-10,9.21149602594953e-06,4.77986018262833e-05,-786.173152509376,0.118028191446994,0.0921741084817923,0.9625,0.524629279631449
"quadratic",400,"montoril",149,20.034,109.385011567525,444.180994536059,315.113618532097,560.027830203512,216.951257421136,91.1411451734811,1646.31437490374,325.545904544033,5.45996863170236,22.1713584174932,15.7289417256712,27.9538699312924,10.8291533104291,82.1760195120168,0.00316165754980931,0.00287378304725651,1.86850999586288e-06,0.00112253204001835,0.00594638360875823,2.7274666186502e-05,2.42726886494567e-05,1.6432101606753e-10,9.56746256585717e-06,5.27362336104023e-05,-765.480425422263,0.139708136074741,0.108678925216985,0.9375,0.526119732091131
"quadratic",400,"montoril",14,19.757,55.6772995640668,455.294128094845,211.428021997973,1526.87268054632,250.243517373244,47.26692659766,2151.48816049438,272.206224151129,2.81810495338699,23.0446995037124,10.7014233941374,77.2826178339991,12.6660686021787,108.897512805304,0.00354916140081228,0.00323067260494154,2.40020983067504e-06,0.00121006196211494,0.00664430498002877,2.41216346663587e-05,2.19803949897498e-05,1.06132235680128e-10,8.93239236237143e-06,4.4388670006901e-05,-787.302468584628,0.10212670153284,0.0894252473644977,0.9875,0.533308794607823
"quadratic",400,"montoril",150,20.029,172.099292100781,843.903318757364,286.150282364223,1592.37838455497,206.757468858128,18.6180233448239,1651.93047759832,226.998395376419,8.59250547210451,42.1340715341437,14.2867982607331,79.5036389512691,10.3229052303224,82.4769323280405,0.00308021240297815,0.00279127433580349,1.80632014719223e-06,0.00103539089742598,0.00569225485849221,2.35159232467397e-05,2.15125207569552e-05,9.46156003631816e-11,8.96135995449168e-06,4.24012064442883e-05,-790.11887631491,0.120604027656585,0.0889683607967246,0.945,0.522027640634767
"quadratic",400,"montoril",151,19.94,123.198423999082,341.951265678899,239.041408701586,1048.72200464412,236.261128769686,103.730811859754,1730.06898268856,269.515312715962,6.17845656966311,17.1490103148896,11.9880345386954,52.5938818778394,11.84860224522,86.7637403554943,0.00317443468880009,0.00289526428907754,1.8417554489962e-06,0.0010698332567738,0.00587349005194866,2.6121504211728e-05,2.37088601842328e-05,1.28358977383148e-10,9.57730049445234e-06,4.90179753574599e-05,-788.694912607101,0.107568738415057,0.0903536312661984,1,0.514069995086668
"quadratic",400,"montoril",152,19.692,187.034527952306,789.09627965606,142.696561475059,1072.27665405313,247.765771560883,7.76110245257067,2244.6910395793,322.323754463278,9.4979955287582,40.0719215750589,7.24642298776454,54.4523996573803,12.5820521816414,113.989997947354,0.00360592945207972,0.003266473035994,2.7955659233445e-06,0.00108377749916232,0.00699775505229254,2.31048147359449e-05,2.10394949495583e-05,9.59433080945219e-11,8.45587657322593e-06,4.27790725538686e-05,-800.220500876545,0.114930506587486,0.0906266177105629,1,0.535378016481818
"quadratic",400,"montoril",153,20.025,168.561327524455,774.877317706282,197.512785047379,1240.29140860407,234.95299391698,93.0081620630215,1954.0540654728,515.11620532357,8.41754444566568,38.6954965146708,9.86331011472556,61.9371489939612,11.7329834665159,97.5807273644344,0.0032123287152217,0.00290426704072117,1.99945370295697e-06,0.00111756625278217,0.00610703503606211,2.3308406824718e-05,2.11822292492979e-05,9.72314038532254e-11,8.64206423105238e-06,4.29096341694649e-05,-785.011739864515,0.10228901521347,0.0790548896298206,0.9775,0.513357849793217
"quadratic",400,"montoril",154,20.1,116.044188718797,563.888770528214,262.69854328858,1185.92969937562,229.18917848168,80.1800039963133,1806.56726881121,414.22013433096,5.77334272232823,28.0541676879709,13.0695792680886,59.0014775808766,11.4024466906308,89.8789685975726,0.00317718657916597,0.00289220660398652,1.96268626403361e-06,0.00102453828034187,0.00604437494882819,2.30856693452465e-05,2.09903231294191e-05,9.96828694361002e-11,8.4635226441693e-06,4.22020528762313e-05,-785.665082787807,0.107956150564869,0.0871928393482364,1,0.523318217126996
"quadratic",400,"montoril",155,20.244,215.157150045508,806.429543046564,249.700030576914,1120.53049999887,239.120612084165,75.9024228989486,2053.6157866442,538.957391779261,10.6281935410743,39.8354842445448,12.3345203802072,55.3512398734872,11.8119251177714,101.443182505641,0.00349294152698225,0.00316057692720854,2.49897305300013e-06,0.00107866477643526,0.00664568356418898,2.46047454083698e-05,2.22204393112205e-05,1.20022666066513e-10,8.52596583888945e-06,4.61497840143593e-05,-786.736783055964,0.0956195239772006,0.0764766846969733,1,0.532229483614292
"quadratic",400,"montoril",156,20.159,191.890838463508,738.336376681733,220.884485504807,1190.84831104745,204.439460178549,69.6562069098147,1695.72198501273,541.135047863219,9.51886693107336,36.6256449566811,10.9571152093262,59.0727868965451,10.1413492821345,84.1173661894306,0.00319686016492535,0.00290964074313464,2.11181772719859e-06,0.00105402957969645,0.00597618242093744,2.33646234196857e-05,2.10310066561631e-05,1.06102251661811e-10,8.42865595973948e-06,4.33200492776633e-05,-779.340739991038,0.125012492342227,0.0953780924650953,0.9475,0.528665880745728
"quadratic",400,"montoril",157,19.802,211.764556835894,825.201456999308,175.884462497739,1243.10671284805,213.47927808458,29.5741442728601,1835.2395443262,581.124891035229,10.6940994261132,41.6726319058331,8.88215647397936,62.7768262220005,10.7806927625785,92.6795043089689,0.00320624309245089,0.00292902597515105,1.89886859137789e-06,0.00109995525568096,0.00597485417819168,2.33093502776718e-05,2.12147533744702e-05,9.7578246266886e-11,8.52398589615223e-06,4.29998456802374e-05,-791.704593504169,0.0758699193550963,0.0564260685581472,1,0.52265500453034
"quadratic",400,"montoril",158,20.036,120.305222950826,499.134663978805,243.435795830325,1551.40074901383,207.755016996465,75.1479352040912,1720.2988305945,316.835817060149,6.00445313190385,24.9118917937116,12.1499199356321,77.4306622586258,10.3690864941338,85.860392822644,0.00295007221026863,0.00271279212425349,1.64257290347119e-06,0.000939439314349912,0.00546594972326188,2.193759222315e-05,2.00673857243651e-05,8.07428019595724e-11,8.38037039005829e-06,3.91219792180645e-05,-780.749939118371,0.0934199896844223,0.0750034399818371,0.9825,0.511504130028226
"quadratic",400,"montoril",159,19.92,209.912730216499,872.357464070723,285.223648943446,1242.60683672933,188.127994036547,58.5757723089995,1428.03849552463,416.529278979977,10.5377876614708,43.7930453850765,14.3184562722613,62.3798612815931,9.4441764074572,71.6886794942081,0.00273484805926433,0.00249134842059141,1.3604669607362e-06,0.00100520104213227,0.00507625590664045,2.19535692382486e-05,2.01457810429428e-05,7.79994005051111e-11,8.60785774354175e-06,3.93688826839698e-05,-766.013793181598,0.124604555633957,0.10328258222285,0.985,0.514923930737836
"quadratic",400,"montoril",15,19.994,207.10012221792,930.816530310976,220.209149291297,1040.98114692983,246.866777997339,59.5696569072188,2123.70777591523,551.336682887687,10.3581135449595,46.5547929534348,11.0137615930428,52.0646767495165,12.3470430127708,106.217253971953,0.00364736833609108,0.00328930140292011,2.85331280669255e-06,0.0011451822058096,0.00707081707729381,2.44869907203345e-05,2.21211096810594e-05,1.13676514808058e-10,9.12667955467607e-06,4.62755481583547e-05,-791.322048059725,0.104662197293041,0.0875228438643845,0.98,0.533354001203224
"quadratic",400,"montoril",160,19.701,170.336199945002,1028.26941237741,215.733253856623,909.22383916088,184.603943819283,62.7079820683817,1316.56589532165,399.735465724906,8.64606872468413,52.1937674421301,10.9503707353242,46.1511516755941,9.37028292062754,66.8273638557257,0.00281186898474421,0.00257581532716524,1.44471907821323e-06,0.00093137428786125,0.00518456546457196,2.2759827141284e-05,2.06655228173007e-05,9.63198999829001e-11,8.37081006864456e-06,4.17685350046817e-05,-785.818805219273,0.0970176816681713,0.0754738476162256,0.995,0.511314342640842
"quadratic",400,"montoril",161,20.216,147.444102191585,579.830095604775,312.626923264056,1058.76527712763,231.381406072848,74.6370375050968,1944.05544912449,344.359356242768,7.29343600077094,28.6817419669952,15.4643313842529,52.3726393513867,11.4454593427408,96.1641991058812,0.00312159785743109,0.00282206098181211,1.86632004763626e-06,0.0010536390928267,0.00593880678540186,2.24321910063026e-05,2.03847946769348e-05,9.11792863244064e-11,7.94768580241872e-06,4.09617077239609e-05,-803.287675535856,0.0885136534780052,0.0738837062950626,1,0.514784663520168
"quadratic",400,"montoril",162,20.148,191.512817295214,615.049747069878,192.825991145477,1214.014919935,223.485412630484,34.5010242465997,1894.34334994061,482.576097548128,9.50530163267886,30.5265905831784,9.57047801992639,60.2548600325095,11.0921884370897,94.0214090699131,0.00348952097354274,0.0031387196782285,2.72718176844937e-06,0.00114639302885377,0.00680090209160506,2.23049686038545e-05,2.02678605279294e-05,9.11792767089816e-11,8.12401822629021e-06,4.12948249937851e-05,-811.490514382558,0.102254780883221,0.0795741558913394,0.98,0.525060668521496
"quadratic",400,"montoril",163,20.03,163.459220961559,709.53717119234,301.533753132108,1207.59368932595,192.377974174619,14.7250752641362,1427.08980724696,472.663188589689,8.16071996812578,35.4237229751543,15.0541064968601,60.2892505904118,9.60449197077477,71.247618933947,0.00287214488500101,0.00265411435724872,1.35014878562296e-06,0.0010429886605224,0.00520298681604706,2.4158096859582e-05,2.20306290274918e-05,1.00126063561672e-10,9.10896912005658e-06,4.41412527094429e-05,-774.238876672826,0.1190564506575,0.100421334590304,1,0.514866035565615
"quadratic",400,"montoril",164,20.487,119.33135386899,473.637404741886,270.093406019436,1296.30409842107,178.358027138642,71.1254116062933,1353.22969649739,358.050478662613,5.82473538678137,23.1189244272898,13.1836484609477,63.2744715390769,8.70591239023,66.0530920338454,0.00267290675565743,0.00243951927988831,1.24259917062397e-06,0.00101456450966004,0.00489201619547315,2.16417930442547e-05,1.97709029199712e-05,7.96925517700581e-11,8.6247526858749e-06,3.94251515637332e-05,-795.387991496573,0.0899987176946331,0.0718200497106387,1,0.50812366597016
"quadratic",400,"montoril",165,19.887,191.231831666525,687.641441530018,237.049630168395,869.799486459353,223.386082703745,79.2181178597303,1792.39626728327,431.592170427415,9.61592154002739,34.5774345818886,11.9198285396689,43.737088875112,11.2327692816284,90.1290424540287,0.00313155788389971,0.00285542360030594,1.90899394057402e-06,0.00102454902932625,0.00592810932714738,2.32006048800242e-05,2.10954711220641e-05,9.81172183487459e-11,8.48704027880827e-06,4.27555198870987e-05,-793.940879656489,0.101874113881652,0.0786088713202436,0.9975,0.51826176031604
"quadratic",400,"montoril",166,20.061,166.222351635151,673.935127870218,236.568756624236,1256.10928374648,216.013713175621,94.8727635026141,1642.95920860012,337.966182973239,8.28584575221332,33.5942937974287,11.7924707952862,62.614489992846,10.7678437353881,81.8981710084302,0.00291707002466445,0.00266904182054357,1.51523727771173e-06,0.00101508348137575,0.00537258235689312,2.37317577893748e-05,2.16794018346168e-05,9.85424514425220e-11,8.70559408065696e-06,4.32504982171357e-05,-777.626619008956,0.104571797484985,0.0844467296159435,1,0.514129991580913
"quadratic",400,"montoril",167,20.039,116.073214356782,574.493304201725,294.069873587969,1073.60555602874,218.022699357065,72.4408714311257,1795.43117817447,390.359107283344,5.79236560490952,28.6687611258907,14.6748776679459,53.5758049817226,10.8799191255584,89.5968450608546,0.0030390350176079,0.00273438818041158,1.94696013402619e-06,0.0010073930046688,0.00577304661959578,2.32915336847903e-05,2.11920238288724e-05,9.49532883455582e-11,9.05328621496524e-06,4.30024669609899e-05,-820.471975904071,0.0897991218482251,0.0695354380380833,1,0.505487293704529
"quadratic",400,"montoril",168,19.983,170.971572164193,761.383600334278,205.40542599093,1110.12278843703,238.436869993682,70.8152629505167,2007.18508832315,499.307981957363,8.55585108162905,38.1015663481098,10.2790084567347,55.5533597776624,11.9319856875185,100.444632353658,0.00350144811673259,0.00308734571851631,2.86607410114796e-06,0.00108626377832533,0.00696986258478344,2.40725032208001e-05,2.15667390997377e-05,1.25743349388167e-10,8.78635615442497e-06,4.56431196659416e-05,-784.326360367886,0.0836800890786238,0.0675543461942269,1,0.529200733206662
"quadratic",400,"montoril",169,20.371,145.85579078276,590.385122308956,277.723831673116,845.496836806116,194.299572774953,48.4273222733849,1334.6593527775,261.197488570712,7.1599720574719,28.9816465715456,13.6332939803208,41.5049254727856,9.53804785110958,65.5176158645867,0.00256126479672595,0.0023336467123802,1.12038971359439e-06,0.000979112235375523,0.00470740137616989,2.19259396632847e-05,1.98448811437856e-05,9.03423108332322e-11,8.29576590013562e-06,4.07304210376023e-05,-769.665859866276,0.0646578603575821,0.0540938205903887,1,0.495979299640164
"quadratic",400,"montoril",16,20.139,173.178080335549,715.279643640937,231.304349660784,1142.89943656458,264.330828650221,82.1806777850254,2195.05930075878,491.824811061346,8.59913999382041,35.5171380724434,11.4853939947755,56.7505554677282,13.1253204553464,108.995446683489,0.00377199100275827,0.00343041028226775,2.78612871448834e-06,0.00122693685108564,0.00712631902657038,2.47089248935626e-05,2.25480261637333e-05,1.14326825307913e-10,9.03984134874038e-06,4.53675022090087e-05,-778.349910249087,0.103171888278096,0.0841351711218837,0.995,0.537422675406481
"quadratic",400,"montoril",170,20.159,226.103110164167,975.956668026617,262.731356580911,1366.3988375607,249.837677606798,103.733845382892,2121.66863482256,456.639524304878,11.215988400425,48.4129504452908,13.0329558301955,67.781082273957,12.3933566946177,105.246720314627,0.00341037080131276,0.00308837964660673,2.2915563763178e-06,0.00111300617016541,0.00645962701707008,2.29416518598057e-05,2.07912896371075e-05,9.46976109342434e-11,8.64069129703079e-06,4.22161750102391e-05,-804.085934773892,0.0902985033803169,0.071229828483119,1,0.516227778979531
"quadratic",400,"montoril",171,20.028,68.647564558069,324.731646825974,298.911541422397,1238.78568804162,178.334915389562,24.703389566514,1264.89782482948,202.809191813341,3.42757961644043,16.2138829052314,14.924682515598,61.8526906351919,8.90427977778918,63.1564721804214,0.002558017507471,0.00234767052155981,1.01804365664173e-06,0.00101920659303123,0.00457811026080104,2.17290228777406e-05,1.98871564259137e-05,7.68244707516954e-11,8.55533490665953e-06,3.90838952089278e-05,-774.584595281871,0.0945617431351647,0.0720766925595841,0.995,0.501077737639478
"quadratic",400,"montoril",172,19.894,162.428122779827,655.15827173458,240.501971443651,1083.24081514029,207.344237755312,70.1549300450469,1637.61497336208,467.866676258607,8.16467893735935,32.9324556014165,12.0891711794336,54.4506290911977,10.4224508774159,82.3170289213872,0.00314284342970601,0.00282916452528136,2.11525905783548e-06,0.00105465628687632,0.00611583643497297,2.29067067468626e-05,2.07639592068434e-05,9.66920270325743e-11,8.53556637472046e-06,4.21227144396186e-05,-776.837253811913,0.0912466965589216,0.0716284155609273,1,0.519528065849092
"quadratic",400,"montoril",173,20.185,76.1570864977225,542.234506612383,255.486541125212,1462.76130734379,199.289963653146,50.3649907836754,1675.99771086402,278.538789091255,3.77295449579998,26.863240357314,12.6572475167308,72.4677387834424,9.87317134769116,83.0318410138234,0.00299219332050419,0.00269271162918982,1.73370562939852e-06,0.000989807575824923,0.00566949985951139,2.31063047107099e-05,2.11638652226939e-05,9.20065652400454e-11,8.53053353048897e-06,4.19005172213044e-05,-779.917274628886,0.109058781400214,0.0879289717383502,0.9925,0.512270532824573
"quadratic",400,"montoril",174,20.035,41.890996752366,325.833426855793,242.818656965169,1102.62405838882,211.314170792112,35.326108699267,1626.40540862366,150.295646398208,2.09089077875548,16.2632107240226,12.1197233324267,55.0348918586882,10.547250850617,81.178208566192,0.00287663769791022,0.00264587749160787,1.49212469543601e-06,0.000951780088688825,0.00527407610940154,2.26790427345949e-05,2.05608010330643e-05,9.46242849545434e-11,8.42239371784719e-06,4.19312986300694e-05,-769.204665843733,0.0846783333433101,0.0689024097299993,1,0.504628229871164
"quadratic",400,"montoril",175,20.249,175.432139267032,773.929507108482,239.280540027281,1508.09307269526,184.27507041429,10.09544356153,1342.29307603699,36.0802507551359,8.66374335853782,38.2206285302228,11.8169065152492,74.4774098817353,9.1004528823295,66.2893513772034,0.0027633796978171,0.0025508281754652,1.33539183587344e-06,0.000946927314466974,0.00500111550356118,2.29365220445698e-05,2.09367612195722e-05,9.09900701416606e-11,8.73452359511017e-06,4.18914454794618e-05,-781.76627663217,0.12864041591534,0.106247053502803,0.96,0.507434429066661
"quadratic",400,"montoril",176,20.494,102.046274763292,350.298404777782,156.420318784554,939.471023873119,240.325425324979,67.5626058913337,2117.79408930598,232.858286974241,4.97932442487029,17.0927298125199,7.63249335339877,45.8412717806733,11.7266236618024,103.33727380238,0.00369632930844692,0.00330448233065043,3.13425425252405e-06,0.00107735126933802,0.00726412058110463,2.60355785177845e-05,2.34700254825744e-05,1.42354021630253e-10,9.17091024514642e-06,4.92856351736886e-05,-788.638321120947,0.14562437416589,0.110921453821562,0.945,0.54504553906176
"quadratic",400,"montoril",177,21.452,137.752117618677,521.912051207455,250.860705785007,1310.56429485575,214.673843456722,100.903672484071,1659.36057144905,377.904007312527,6.42141141239406,24.3292956930568,11.6940474447607,61.0928722196415,10.0071715204513,77.3522548689655,0.00315878086316865,0.00285392220412483,2.00153197944277e-06,0.00104865706696068,0.0058969594448617,2.38486151974591e-05,2.17486054847102e-05,1.03660052740778e-10,9.09298840647416e-06,4.41373282800042e-05,-762.940323654665,0.114544257610605,0.0924911987059263,1,0.521031823613774
"quadratic",400,"montoril",178,20.059,178.422432315139,597.908640541263,252.501051739223,993.652500207342,215.132286438101,74.8505885519511,1558.71918950401,315.651687571356,8.89488171469861,29.8074999023512,12.587918228188,49.5364923579113,10.724975643756,77.70672463752,0.00288355123250087,0.00258726226343115,1.7600824468981e-06,0.000955932823680615,0.00544148847329656,2.30767187068516e-05,2.1197057414027e-05,8.67869483387565e-11,8.71475728829899e-06,4.15643736999922e-05,-791.53362077267,0.0881499572590532,0.0729629476769291,1,0.507783779840176
"quadratic",400,"montoril",179,19.823,103.549009645315,366.489248378897,233.890233909459,1034.65676305174,195.542101925492,85.8407542137171,1376.28205953881,270.737789592457,5.22368005071455,18.4880819441506,11.7989322458487,52.1947617944681,9.86440508124359,69.4285456055496,0.00292225899366158,0.00271237006259158,1.36903727657058e-06,0.00105232315613604,0.00523573384755123,2.47709208295841e-05,2.26677448529339e-05,1.05897193776082e-10,8.90716457172857e-06,4.55765258027327e-05,-762.911226624923,0.139897044292586,0.114030134603714,0.92,0.516848414833316
"quadratic",400,"montoril",17,20.409,73.1219707002162,463.473872953597,324.539635809039,1523.96666594179,189.397159022173,38.6202207306038,1354.78311966127,273.283773938499,3.58282966829419,22.7092886938898,15.9017901812455,74.6713051076384,9.28008030879382,66.3816512157024,0.00252606891751125,0.0023409160204838,1.0020548727398e-06,0.000957076079330677,0.0044339179956754,2.19143636862002e-05,2.01953109520232e-05,7.6187786308032e-11,8.35921829812043e-06,3.88392800688905e-05,-768.918103393285,0.0639834454018749,0.0510488727026528,1,0.490275190377806
"quadratic",400,"montoril",180,20.225,189.272338550399,686.933443530958,286.164271583619,1007.73610974951,189.784635107024,32.4526106558315,1397.13334048472,317.918726994016,9.35833565144126,33.964570755548,14.1490369138996,49.8262600617807,9.38366551827063,69.0795223972666,0.00260837273796673,0.00241317460718037,1.09534664426625e-06,0.000945441324379066,0.00472474618367527,2.11780547284306e-05,1.92853405481924e-05,7.58166139595181e-11,7.93658124914078e-06,3.85682054549793e-05,-795.995518326676,0.0969082788782391,0.0803145542105135,0.99,0.495164261967625
"quadratic",400,"montoril",181,19.919,166.959987074443,640.734820819762,256.38251015618,1160.71954726125,209.694287805014,50.4563532581958,1477.97596023254,343.266376821033,8.38194623597787,32.167017461708,12.8712540868608,58.2719788775163,10.5273501583922,74.1993051976777,0.00273286093547031,0.00251301471283063,1.29282730033736e-06,0.00100973692566742,0.00500330240440405,2.29704555732677e-05,2.09305524689344e-05,9.37302909874791e-11,8.80279670291692e-06,4.20032416119467e-05,-757.343309299593,0.0843268073358563,0.0675204514358612,1,0.503053664831306
"quadratic",400,"montoril",182,19.938,173.384968093483,701.344453404153,362.576228684004,1478.5483268723,184.169249183432,62.3571634966778,1348.24713975507,376.583159474841,8.69620664527448,35.1762691044314,18.1851855092789,74.1573039859714,9.23709746130163,67.6219851416927,0.00263264583301435,0.00243124999583564,1.11172005254907e-06,0.00100750886163403,0.00472165679359064,2.21606593070776e-05,2.04640777761589e-05,7.69436503694203e-11,8.64289749810571e-06,3.92904860367506e-05,-783.846065915301,0.109768444725843,0.0811884932881506,0.975,0.498296943960845
"quadratic",400,"montoril",183,20.128,207.771502643125,651.633210656909,297.358024283926,1384.84617689975,223.193098676991,81.2856510033584,1833.32718610496,462.56128856984,10.3225110613635,32.3744639634792,14.7733517629137,68.8019761973244,11.0886873349062,91.0834253827982,0.00310408969155626,0.00281153599295359,1.79010745521814e-06,0.00108968325254623,0.00577927554090385,2.36862814906135e-05,2.15414679518738e-05,1.00837287244851e-10,8.98045762107439e-06,4.34783185864616e-05,-791.41601127467,0.0819855839754577,0.0694791704541107,1,0.513146663463177
"quadratic",400,"montoril",184,20.958,145.204137755028,582.214601123286,240.006193003281,860.443480019244,227.296467173055,60.5798780987782,1857.60825420541,404.111426428399,6.92833942909763,27.7800649452851,11.451769873236,41.0556102690736,10.8453319578707,88.6348055255945,0.00312484029202968,0.00283099961650006,1.96940831423762e-06,0.00102547821877318,0.00591992631951401,2.37774648175432e-05,2.14302389450784e-05,1.10408302237642e-10,8.61346686408175e-06,4.4550918378778e-05,-778.631828715227,0.090720576800711,0.0707567008342659,1,0.521769108794231
"quadratic",400,"montoril",185,20.028,180.441229757403,731.012035469094,266.880750451593,1241.33946734018,190.048969899817,17.4854265982407,1502.00983257862,406.598716360736,9.00944826030572,36.4995024699967,13.3253819877967,61.9802010854892,9.48916366585866,74.9954979318267,0.00294202795647613,0.00265357881833188,1.74305302064834e-06,0.00101955145792427,0.00556956650321609,2.18640841133186e-05,2.00826978652886e-05,7.85755456692228e-11,8.51612114255624e-06,3.9144302652942e-05,-787.510015189089,0.080597317076499,0.0629977212837528,1,0.517082810633688
"quadratic",400,"montoril",186,20.154,147.648262339549,749.750593358114,253.693757973588,1197.78153833392,213.850866014083,83.7150728895887,1819.22748295715,547.19980670673,7.32600289468836,37.2010813415756,12.5877621302763,59.4314547153873,10.6108398339825,90.2663234572368,0.0030627152510441,0.00280652347525163,1.67700245852455e-06,0.00106709298641466,0.00563510697991691,2.35818546473492e-05,2.15090882872326e-05,1.00614155311989e-10,9.07049172032893e-06,4.3288385106843e-05,-779.926181986647,0.0913504841043609,0.0757243724558429,1,0.515117331107209
"quadratic",400,"montoril",187,19.975,151.875688706856,587.841415608144,243.853314354601,1199.84323868895,233.428993071212,85.140689340807,1871.65081005839,391.97659682678,7.60328854602535,29.4288568514715,12.207925624761,60.0672459919373,11.686057225092,93.6996650842749,0.00325803606607404,0.00295162302706928,1.97742555319669e-06,0.00119335591173792,0.00617166628169734,2.54683920697531e-05,2.2885576853712e-05,1.32988677749825e-10,9.01974936749852e-06,4.81761991406297e-05,-772.255119070315,0.130584821630967,0.0961483648809559,0.955,0.534379104743031
"quadratic",400,"montoril",188,20.757,125.655337555233,521.68996329882,242.82366318339,1029.32806773598,213.039973961981,80.6634181397092,1603.27727459369,345.305228815111,6.05363672762118,25.1332063062494,11.6983987658809,49.5894429703704,10.2635243032221,77.2403177045664,0.00307207234967919,0.00275214114380774,2.07085023097937e-06,0.000966125426058417,0.0058556942434349,2.27488623179074e-05,2.0714917475499e-05,9.0968999897146e-11,8.44286963153833e-06,4.12501730752834e-05,-802.882786756165,0.0710239322919485,0.0576335784560529,1,0.514833282626077
"quadratic",400,"montoril",189,20.174,193.470136842564,1055.74960233673,179.765798429782,988.585592836784,292.669379146164,103.734555078593,2721.79910277822,491.627948924211,9.59007320524257,52.332190063286,8.91076625506999,49.0029539425391,14.5072558315735,134.916184335195,0.00410710541136828,0.00371312563851312,3.51257693432628e-06,0.00122710551890096,0.00800103018642854,2.49789000614292e-05,2.22510955793682e-05,1.43263069506829e-10,8.31740338201308e-06,4.72831840308916e-05,-794.083614744894,0.0904745872143542,0.0743759990976056,1,0.541759813919597
"quadratic",400,"montoril",18,19.995,156.318096729062,553.238914322376,238.689505833384,1113.52122411403,227.579580015211,102.96358692275,1911.43384331892,386.353464424687,7.81785930127841,27.6688629318518,11.9374596565833,55.6899837016268,11.3818244568748,95.5955910637118,0.00316662426961464,0.00287714150509293,1.99449854304334e-06,0.00104347294011825,0.00598373175347498,2.3177010163429e-05,2.11744340164758e-05,9.14425833711794e-11,8.55759664776631e-06,4.24594175591426e-05,-795.669328710165,0.111233973346925,0.0978739693889602,0.995,0.516124337269577
"quadratic",400,"montoril",190,20.428,177.809887375623,789.643997540897,44.7476940651848,968.98908376808,208.515147010242,11.9399705232276,1598.92193781957,603.227632219844,8.70422397570114,38.6549832357987,2.19050783557787,47.4343589077776,10.2073206877933,78.271095448383,0.00272928487757097,0.00248186860043106,1.28230362363646e-06,0.00102008034080373,0.00503208656403504,2.25568628107834e-05,2.05289902287713e-05,9.22522721770906e-11,8.6111610816637e-06,4.16526184208893e-05,-764.681750700031,0.103026200322339,0.0779897662884205,0.9925,0.494896214526725
"quadratic",400,"montoril",191,20.249,149.607700866165,745.922490011206,211.022460039926,871.48700071418,269.203782695848,15.0911843154314,2204.82378867951,443.594199523405,7.38839946990789,36.8374976547585,10.4213768600882,43.0385204560314,13.2946704872264,108.885564160181,0.00353598449970047,0.00324222657094724,2.49807174901238e-06,0.00104785345656137,0.00655386075785737,2.44239943738226e-05,2.21519307924625e-05,1.1536361798502e-10,8.80974137273409e-06,4.47505807950467e-05,-802.314005210972,0.0970075369627519,0.0785727153244377,1,0.528356167486839
"quadratic",400,"montoril",192,20.273,149.06466152003,921.039307976721,214.769961320449,1270.88597894852,207.529672773348,105.681091538551,1685.6061854013,461.697973330572,7.35286644897302,45.431821041618,10.5938914477605,62.6885995633855,10.2367519742193,83.145374902644,0.00288443118722089,0.00264370151947192,1.38857097030321e-06,0.00105629199597668,0.00525920539825078,2.15321760358186e-05,1.97711224176936e-05,7.7345648819321e-11,8.29634222068666e-06,3.86608813424199e-05,-789.900885246252,0.0907628590945635,0.0698970611049236,0.985,0.501733581874041
"quadratic",400,"montoril",193,20.371,163.744767305959,598.279804897489,232.80561584443,1349.04302415963,241.470516517681,85.4305756018642,1937.73448590402,393.240120264258,8.038131034606,29.3691917381321,11.4282860853385,66.2237015443342,11.8536407892436,95.1222073488792,0.00317837757909567,0.00287591406795821,1.97189271761066e-06,0.00103906342783202,0.00600554347320835,2.47855987573445e-05,2.23774893337358e-05,1.18036725326977e-10,8.8658393678429e-06,4.59583917285669e-05,-782.06402416653,0.0858808382445583,0.0711836501848205,1,0.516039630117667
"quadratic",400,"montoril",194,20.079,174.313402934754,672.689446422062,243.641243020243,1069.83923286506,218.17648713909,12.927719056628,1730.0723601832,141.734646817716,8.68137870086928,33.5021388725565,12.1341323283153,53.2814997193615,10.8659040360123,86.1632730804923,0.00317458854958168,0.00284850660613525,2.13297593355258e-06,0.000990825413326989,0.00607459773009784,2.32134092281438e-05,2.12269496309059e-05,9.19357583313641e-11,8.77288072705514e-06,4.2062729598712e-05,-776.713590989577,0.142502639286626,0.114215483403267,0.9925,0.525808283673898
"quadratic",400,"montoril",195,20.037,272.135791748859,1225.26174931411,129.426122373892,1245.59758953852,342.417346191005,58.9967879834347,3597.1022551111,664.877845862408,13.5816635099495,61.1499600396323,6.45935630952198,62.1648744591768,17.0892521929932,179.522995214409,0.00518772103449169,0.00461990538119919,6.4992300483312e-06,0.0014618802714054,0.0103008482946274,2.62723641473615e-05,2.36725745133523e-05,1.38669184784571e-10,8.78616453936834e-06,4.95963519163834e-05,-777.254987700498,0.127237283048887,0.099301382631167,1,0.579871189704854
"quadratic",400,"montoril",196,20.089,144.257333578353,589.321195798152,204.888477493436,1247.69820362456,213.008401237553,32.7390446019585,1700.11481240239,65.6826883067763,7.18091162219885,29.3355167404127,10.1990381548826,62.1085272350324,10.6032356631765,84.6291409429235,0.00306945095831973,0.00281609344674628,1.75585816800227e-06,0.00100284871545071,0.00565729853409505,2.32453924840437e-05,2.10350062945958e-05,1.0275439443076e-10,8.55246832595793e-06,4.29212206385621e-05,-784.036772659495,0.0893204241474049,0.0725265461673012,1,0.512834718529418
"quadratic",400,"montoril",197,20.217,160.451471451781,799.423537536405,170.972232266098,1349.39513776031,246.132094236084,25.308669422468,2204.73532950759,386.544877064693,7.93646294958603,39.5421446078253,8.45685473938259,66.7455674808482,12.1745112645835,109.053535613968,0.00371658783228427,0.00334721849237599,3.08394763580669e-06,0.0011257336206503,0.00726167671429105,2.53482664732241e-05,2.29728930666288e-05,1.21675706287991e-10,9.22207910296072e-06,4.67071501377688e-05,-793.781521546044,0.103262756174548,0.0848683288856298,1,0.548493360564924
"quadratic",400,"montoril",198,20.606,179.386974516821,804.003688290104,246.080153913329,939.731938377914,212.565341660775,86.0316792048924,1654.02901368277,332.14860614806,8.70556995616915,39.0179408080222,11.9421602403828,45.6047723176703,10.3157013326592,80.2692911619319,0.00287491968414978,0.00261817240751462,1.51887510518875e-06,0.00102459899369663,0.00536422825257681,2.3690206778081e-05,2.15729107070085e-05,9.88919355005918e-11,8.86679752743992e-06,4.30741986434329e-05,-785.899133716844,0.11100411608707,0.0901858706600346,1,0.498554804618738
"quadratic",400,"montoril",199,20.005,147.601997019127,593.544530566643,167.953838449951,1019.66893993899,230.848378176059,29.0697750469028,1788.22938745136,362.71926458889,7.37825528713457,29.6698090760631,8.39559302424151,50.9707043208694,11.5395340252966,89.3891220920451,0.00348791517454827,0.00316884644292641,2.64749414837086e-06,0.00108238244497912,0.00666981042830662,2.40643465892054e-05,2.19273021528866e-05,1.05520009132181e-10,8.69186673277009e-06,4.42174895987204e-05,-793.611017333308,0.122613893448998,0.092608539653244,0.93,0.534399849584657
"quadratic",400,"montoril",19,20.082,169.019361187399,683.849540411546,275.339195480636,1054.96218298869,259.05085519203,113.772771467546,2348.24598415326,482.151810034944,8.41646057102873,34.0528602933745,13.7107457165938,52.5327249770287,12.8996541774738,116.932874422531,0.0035593676475237,0.00325103748004002,2.35127323281291e-06,0.00124698588056568,0.00662215781886689,2.440201643696e-05,2.20598719562499e-05,1.12518524460091e-10,8.98307416115124e-06,4.54490956900202e-05,-782.605211031514,0.108437280953077,0.0881001868295546,0.9925,0.524350894744201
"quadratic",400,"montoril",1,20.954,168.154713611042,667.572963075017,213.015590095208,1008.79976812346,290.21397185931,139.342296592906,2466.95279153283,462.92740151942,8.02494576744496,31.8589750441451,10.1658676193189,48.1435414776871,13.8500511529689,117.731831227109,0.00403979612233503,0.00368665774747901,3.33098026233729e-06,0.00120289341706946,0.00770246082542835,2.65605097661448e-05,2.38244444504549e-05,1.44034744712923e-10,9.0801504517835e-06,5.02101120003649e-05,-795.936381778789,0.0973128931723233,0.0813402366015402,1,0.546752409665153
"quadratic",400,"montoril",200,21.065,211.682585215773,647.560556575082,228.853117962182,1419.21427686046,200.252378685159,65.9354097175506,1495.63938972651,483.275230059778,10.0490189990873,30.7410660610056,10.8641404207065,67.3730964567035,9.50640297579675,71.0011578317832,0.00275219198977797,0.00252394655026834,1.3661739279162e-06,0.000972678201186249,0.00506886060685616,2.3056866124491e-05,2.10307569417832e-05,8.93968574105755e-11,9.14729446023515e-06,4.21353491501818e-05,-780.082263143141,0.0750567714168696,0.0583021593144714,1,0.505922758676915
"quadratic",400,"montoril",20,20.118,20.487504728087,212.113204308361,312.236811332195,1059.98307876716,171.529729394149,12.8593096237129,1191.5134573699,81.1135081619117,1.01836687186038,10.5434538377752,15.5202709678992,52.6882930096015,8.52618199593144,59.2262380639181,0.00254359735268243,0.00233548058716339,1.15667906471023e-06,0.000890396348598603,0.00463779081230595,2.2146550172192e-05,2.03107376762809e-05,8.18981037392716e-11,8.60794407118116e-06,3.99544089068506e-05,-781.354850259158,0.0709774799077876,0.0573398332956174,1,0.501002918120298
"quadratic",400,"montoril",21,20.261,126.209414627107,566.049731454791,177.815096258729,1459.62805301174,248.376596247733,99.9103434625295,2038.29513370234,377.5442117321,6.22917993322673,27.937897016672,8.77622507569859,72.0412641533855,12.2588517964431,100.601901865769,0.00342404009399536,0.00305764112772269,2.87430415744192e-06,0.000941274783633369,0.00689698790505215,2.24325553861052e-05,2.0541017576415e-05,8.45676032636105e-11,8.4943240303761e-06,4.05719080212134e-05,-803.377650155732,0.0820056923087679,0.0675543252514971,1,0.530701562572902
"quadratic",400,"montoril",22,21.137,162.909172343284,755.801994615417,156.895673933895,1244.64357729632,231.567249220181,85.6253763780935,1964.04325557322,558.770871291114,7.70729868681856,35.757297375002,7.42279765027651,58.8845899274409,10.9555400113631,92.9196790260312,0.00340269647390893,0.00302465078837952,2.60475703031541e-06,0.00107948051900622,0.00668669016832455,2.39189521515768e-05,2.17405031801419e-05,1.0472760305457e-10,8.49141253526463e-06,4.39909549223176e-05,-784.919902762042,0.118693505338368,0.0823648491297466,0.9375,0.52311121926602
"quadratic",400,"montoril",23,20.444,235.577419057059,867.586342038647,180.474193868682,819.312580370163,218.527163801287,90.5563507110205,1961.1676749676,456.744438300382,11.5230590421179,42.4372110173472,8.82773399866376,40.0759430820859,10.6890610350855,95.9287651617884,0.00340108128118367,0.00306163022418204,2.45334254916068e-06,0.00117445861334886,0.00654046979735135,2.28928525367035e-05,2.05881300672576e-05,1.04485550130829e-10,8.17374998594786e-06,4.32810769510358e-05,-793.939545795622,0.0890163931818285,0.0703756285540227,0.985,0.530550119965416
"quadratic",400,"montoril",24,20.497,205.375720779014,797.169754959466,202.261475601366,1201.6985320758,204.99755027467,16.4333677463309,1422.76908886126,272.811811197685,10.0197941542184,38.8920210254899,9.86785752067942,58.6280202993511,10.001344112537,69.4135282656614,0.00271554701831178,0.00242456168200639,1.56660769132084e-06,0.000883429040009081,0.00522660485538722,2.22509152592191e-05,2.03592272260572e-05,8.23049429796786e-11,8.44609658433789e-06,4.01919421924843e-05,-778.78415682717,0.0737124906215667,0.0558598351100414,1,0.500154730212915
"quadratic",400,"montoril",25,20.642,145.413547711055,532.967267423595,266.160419477176,1325.5406532343,213.377960577261,67.7930495146686,1804.62196066341,243.936588765131,7.04454741357695,25.819555635287,12.8941197305094,64.2157084213883,10.3370778305039,87.4247631364891,0.00298383504502485,0.00271191041312508,1.7723317683573e-06,0.000999400053041025,0.00564278681860241,2.13805408726067e-05,1.94721148277686e-05,7.61188692044492e-11,8.24704440376817e-06,3.86003203756286e-05,-779.888680612801,0.139402102651099,0.110282792662722,0.955,0.520776115295436
"quadratic",400,"montoril",26,20.026,217.155208408802,793.519425263212,254.672512568412,1105.81967626107,205.481795636282,47.414535313641,1668.68263895507,231.408860334225,10.8436636576851,39.624459465855,12.7170934069915,55.2191988545428,10.2607508057666,83.3258083968376,0.00298979442849536,0.00268963554145646,1.74851367040261e-06,0.00102951629705074,0.00567568281713534,2.34455725179227e-05,2.13530776356693e-05,9.66019201995447e-11,8.86793102406352e-06,4.26149249595939e-05,-764.850098987127,0.137071050951599,0.11008219575851,0.9975,0.521937578879858
"quadratic",400,"montoril",27,19.977,125.214046453192,515.802037897897,272.508978744634,1156.48381030908,201.866176520161,65.9826717779513,1515.61658939409,373.11851126588,6.26791041964219,25.8197946587524,13.6411362439122,57.8907648950834,10.1049294949272,75.8680777591273,0.00294405380077861,0.00273306687213022,1.41489752865427e-06,0.00104940658535476,0.00528939533860212,2.28534249560963e-05,2.07377055997293e-05,9.64931202030961e-11,8.36428724023591e-06,4.20881655544814e-05,-792.660757870644,0.0985495458446626,0.0792710778570489,1,0.519867971280944
"quadratic",400,"montoril",28,20.115,174.705595161279,688.800250542611,222.511472359234,1520.30390427498,200.521530886298,103.048141025801,1669.58198655337,297.907431859907,8.6853390584777,34.2431146180766,11.0619673059525,75.58060672508,9.96875619618683,83.0018387548283,0.00321295043263727,0.00291445241885015,2.27722553995783e-06,0.00101748811113997,0.00612078963619119,2.36862584333815e-05,2.16616022534164e-05,9.52009242114803e-11,8.91288435920487e-06,4.28722131325286e-05,-781.9150335407,0.105124492920859,0.0765242717350432,0.9975,0.527318672345121
"quadratic",400,"montoril",29,20.393,159.409258271204,528.007966389285,221.785945696514,1059.10497880074,195.821797719372,31.7431890632245,1437.90068203954,347.398654327453,7.81686158344549,25.8916278325546,10.8755919039138,51.934731466716,9.60240267343559,70.5095219947796,0.002922271506666,0.0026150851126578,1.72527746723125e-06,0.000992938048574593,0.00554976042416517,2.34996035496823e-05,2.13618855205844e-05,1.05045405263972e-10,8.45086102053116e-06,4.32944529222185e-05,-777.103277716369,0.095101433298762,0.0739624683708863,1,0.513650514524885
"quadratic",400,"montoril",2,20.756,194.751254621482,787.864162373757,284.304235735733,1391.40955032983,223.7298582934,123.25486369681,1789.66785991157,457.157927935172,9.38288950768364,37.9583813053458,13.6974482431939,67.0364978960217,10.7790450131721,86.2241212137006,0.00312677925614737,0.00284645716595971,1.8521054858385e-06,0.00108548341700491,0.00577545965696078,2.3643234501952e-05,2.14406996558671e-05,1.02019311111026e-10,8.42518759121315e-06,4.37657026043453e-05,-798.326299562029,0.101303659624048,0.0770625859609154,0.985,0.511200717429369
"quadratic",400,"montoril",30,20.386,113.929153853571,533.876248591645,259.044162523916,1310.55208803042,194.207491688531,66.8327951691818,1463.56480662778,345.316884900337,5.58859775598797,26.18837675815,12.7069637262786,64.2868678519778,9.52651288573192,71.7926423343361,0.00278983278550133,0.00256418912320419,1.30055958781829e-06,0.00104298104648684,0.00509653008201256,2.34214309417304e-05,2.13972554907552e-05,9.83354347383825e-11,8.79131454664691e-06,4.22810702287612e-05,-792.655430396327,0.0852305806996213,0.0675780264400913,1,0.503576103856391
"quadratic",400,"montoril",31,20.006,151.036632225307,580.331402425971,206.636212019376,1219.83382806686,242.286967677973,59.4197145343665,2038.50181107167,453.487267880058,7.54956674124298,29.0078677609702,10.3287119873726,60.9733993835282,12.1107151693479,101.894522196925,0.00334366912896155,0.00301189539149057,2.53699548839113e-06,0.00111214725904093,0.00628711102425987,2.27572226914449e-05,2.06268641898135e-05,9.30326293547111e-11,8.63769114313657e-06,4.22316469614088e-05,-805.381541627374,0.0965886320439286,0.0723698187462176,0.965,0.521097492408587
"quadratic",400,"montoril",32,21.196,169.583702944918,618.445474084125,251.631950746368,1417.11203649197,226.299475367064,85.0461245420059,1807.66828897554,415.999783582432,8.00074084473097,29.1774615061391,11.871671577013,66.8575220084905,10.6765179924072,85.283463340986,0.00313143800605513,0.00276883763223968,2.194881458252e-06,0.00100488582980415,0.00612428771764918,2.19736468659895e-05,2.01194635025806e-05,8.10327948566464e-11,8.4886456285249e-06,3.99884478875291e-05,-815.802030592925,0.0742453865369323,0.0589345316536504,1,0.517282056996061
"quadratic",400,"montoril",33,20.205,175.317095002738,1049.77765966945,189.37628098279,1274.99858132719,288.58181557112,119.268068539908,2795.6077314061,789.278447662848,8.67691635747281,51.9563305948751,9.37274342899235,63.1031220651913,14.2826931735273,138.362174283895,0.00407710744990268,0.00363680831886818,3.75389574306616e-06,0.00129044468578231,0.00803759297652108,2.5833395550003e-05,2.31971061267195e-05,1.37597173877134e-10,8.95927574871291e-06,4.86407856402327e-05,-798.253855320274,0.140321843726541,0.102122114262124,0.94,0.544610997783546
"quadratic",400,"montoril",34,20.1,207.883255503812,791.477960798567,247.719956496563,1004.05802868402,210.868733312469,95.4053218357931,1630.33055332363,344.198383412276,10.3424505225777,39.3770129750531,12.3243759451026,49.9531357554237,10.4909817568393,81.1109728021708,0.00286101984526344,0.00264299355876331,1.30768665994454e-06,0.00107000051886114,0.00513467523526491,2.2599233992046e-05,2.06530041757906e-05,8.89512997779938e-11,8.81838557402752e-06,4.11720856227006e-05,-795.063706152723,0.103827047498166,0.0778605024952263,0.9575,0.5010921702964
"quadratic",400,"montoril",35,20.002,205.922445153671,639.676900947276,314.002227904916,1012.52322970439,192.759089355919,91.3838653018008,1479.27727166216,427.896733689292,10.2950927484087,31.9806469826655,15.6985415410917,50.621099375282,9.63699076871908,73.9564679363143,0.00288726346225037,0.00264761505440843,1.41475827901264e-06,0.00103585553425487,0.00526138282741526,2.31140210864394e-05,2.09084108835724e-05,1.00906228666811e-10,8.68562156377201e-06,4.26006241625526e-05,-769.270371655269,0.109472114642608,0.0877673015440162,0.99,0.523623711743117
"quadratic",400,"montoril",36,20.146,283.305718830478,929.353248593677,158.526023243751,1191.75713712972,237.196943872732,98.0930840615441,1888.76714395407,358.770582313495,14.062628751637,46.1309068099711,7.8688584951728,59.1560179256289,11.7738977401336,93.7539533383336,0.00324571536782463,0.00296435422984669,2.0473183174545e-06,0.00109002724778471,0.00616217510968958,2.35844120320822e-05,2.14863590985967e-05,1.04822294629105e-10,8.43475986239096e-06,4.34801599341333e-05,-793.724635099025,0.126297694528594,0.108543583034534,1,0.513116897269522
"quadratic",400,"montoril",37,20.148,113.455361259252,433.895818275736,222.432688509746,1416.75085817511,207.028933457633,92.7628358826039,1541.14658407702,314.285036488294,5.63109793821977,21.5354287411026,11.0399388777916,70.3171956608651,10.27540864888,76.4912936309816,0.00309659352008501,0.00278793407591724,1.97314555072683e-06,0.00108748061135977,0.00579156405188605,2.27989081257494e-05,2.07508785632339e-05,9.18242398986929e-11,8.77090801930264e-06,4.2028770743417e-05,-774.640987364111,0.111334226105187,0.0832905961858355,0.96,0.518384451760644
"quadratic",400,"montoril",38,20.181,106.823784588792,486.905123366628,191.063551003156,1363.49519454154,237.713856994835,79.954073423912,1932.6246237796,310.723987653326,5.29328500018792,24.1269076540621,9.46749670497776,67.563311755688,11.7790920665396,95.7645619037508,0.00336327843123791,0.00301113095617592,2.39549716811291e-06,0.0010991864805097,0.00648671747995413,2.29085293204488e-05,2.06321878521145e-05,1.0555378871607e-10,8.32172759091393e-06,4.28383218191366e-05,-787.258218062705,0.138360218823893,0.118911182672127,0.9875,0.521130470402886
"quadratic",400,"montoril",39,21.225,236.646520771027,1005.77915338421,193.321834086423,914.955297084079,249.586526613014,89.5344390964478,2314.99090809176,484.730546150906,11.1494238290236,47.3865325504929,9.10821362009059,43.1074344915938,11.759082525937,109.069065163334,0.00359781476615674,0.00331725115859873,2.38838550278834e-06,0.00115839415047458,0.00668214922435804,2.46837643766335e-05,2.20840517619551e-05,1.36421262381834e-10,8.50465637681749e-06,4.67824960441075e-05,-776.814182943055,0.107817648851583,0.0897504232200079,1,0.538301329304611
"quadratic",400,"montoril",3,19.904,212.353712173632,812.582716332707,197.394017254667,1074.10577109893,244.853992579451,86.4746198171334,2295.96687041644,531.328174597344,10.6688963109743,40.8250962787735,9.91730392155683,53.9643172778804,12.301748019466,115.352033280569,0.00390748979132943,0.00346109562051727,3.88112508009147e-06,0.0011175900667849,0.00775887907238747,2.46353848917744e-05,2.2171332515145e-05,1.20805963617903e-10,8.52378609744718e-06,4.63006597392733e-05,-815.125890696459,0.102362210608181,0.0832376699010853,1,0.549706973513154
"quadratic",400,"montoril",40,19.701,148.773530500135,840.803842755044,301.488927579039,1184.46041503264,188.232587042635,23.0198515288902,1443.65494607065,75.1811435922612,7.55157253439595,42.6782317016925,15.3032296624049,60.1218422939263,9.55446865857748,73.2782572494114,0.00293243292579859,0.00265958920052167,1.63794446613101e-06,0.00100244422321703,0.00548458411290722,2.26536920822445e-05,2.08022478902098e-05,8.75889907536014e-11,8.54814026129179e-06,4.1228568751815e-05,-784.69494595742,0.0939451767021007,0.0708749171042308,1,0.515888930497082
"quadratic",400,"montoril",41,20.144,184.775967860022,872.001656657193,253.603385239219,1130.88372819117,217.484733219,76.6115925073189,1924.0908411896,564.650694257686,9.17275456016787,43.2884063074461,12.5895246842345,56.1399785638983,10.796501847647,95.5168209486498,0.00318517136081171,0.00288921724956796,1.91525334491786e-06,0.00108366290883359,0.00589300129735809,2.27381016159658e-05,2.07741585624444e-05,8.84513766889195e-11,8.52939297137731e-06,4.11268968099111e-05,-801.200120158641,0.0918814336896998,0.0760721049370669,1,0.511979027266114
"quadratic",400,"montoril",42,20.099,105.803342972629,418.523330775998,344.581002320195,1225.14730704261,219.170204695534,32.4022344169865,1557.99943375573,307.496446283708,5.26410980509625,20.8230922322503,17.1441863933626,60.9556349590833,10.9045327974294,77.5162661702436,0.00292154688201487,0.00270935512954911,1.37573279894111e-06,0.00105216199640118,0.00529913338876377,2.49692756191171e-05,2.26453000785231e-05,1.1442236560717e-10,9.00262641354748e-06,4.58193628313746e-05,-786.183484806556,0.11970857580566,0.0969766409399851,0.9625,0.502442016730544
"quadratic",400,"montoril",43,20.01,160.951187755908,561.033001234505,332.35354464867,1604.26971694752,208.337626814623,69.7558318331819,1561.23356804998,256.174032245049,8.04353761898592,28.0376312461022,16.6093725461604,80.1733991478021,10.4116755029797,78.0226670689646,0.00269330159174384,0.00247219995804208,1.25073617172199e-06,0.000987799317111776,0.00495544694681146,2.21145249651933e-05,2.02507665400877e-05,7.82461787265529e-11,8.72362163495467e-06,3.94832203254033e-05,-785.967253851785,0.101982266104978,0.0808520869497457,1,0.504599941758533
"quadratic",400,"montoril",44,19.874,97.9762372028587,465.32964502032,254.158661383113,1095.66674510889,213.619739439256,85.4705552155062,1561.44189293913,267.5250689548,4.92987004140378,23.413990390476,12.7885006230811,55.1306604160658,10.7487038059402,78.5670671701281,0.00304426367988184,0.00279076594520389,1.70225049329047e-06,0.000990392132901319,0.00564164669673275,2.45800504391014e-05,2.23381259250551e-05,1.0910973710533e-10,8.95788462224939e-06,4.54152399632278e-05,-775.154977900626,0.10473515797598,0.0783924504170758,0.9625,0.52168139633148
"quadratic",400,"montoril",45,20.12,163.390067029519,723.302873134079,219.053603842881,915.746146610586,205.372628425591,50.218830517144,1657.94283644401,482.818980139282,8.12077867939954,35.9494469748548,10.8873560558092,45.5142219985381,10.2073870986874,82.4027254693843,0.00319537095004799,0.00286596949976449,2.15835783420234e-06,0.00101952246884353,0.00630957400193048,2.48806403958822e-05,2.23983434444801e-05,1.19779848087133e-10,9.00631600086375e-06,4.66200438365891e-05,-774.629651574118,0.0989036177901827,0.0727735381051976,0.965,0.524987623162889
"quadratic",400,"montoril",46,20.048,177.541035530012,675.428247928873,213.55989184926,1337.60667112785,219.08735211257,23.2450656137594,1657.47150633891,221.282992039959,8.85579786163269,33.6905550642893,10.6524287634308,66.7202050642382,10.9281400694618,82.6751549450775,0.00313722178297109,0.00289071202025947,1.70145684012597e-06,0.00106501815255115,0.00576904732421553,2.43680521047156e-05,2.22240702489523e-05,1.06262785523183e-10,8.7304415673419e-06,4.40028216439754e-05,-804.454987087442,0.0849228367561889,0.0617834653304444,1,0.523375972819373
"quadratic",400,"montoril",47,20.301,184.60821305841,779.959620615914,327.04387016165,1084.85421448119,203.039587666159,60.2975115101897,1495.5250469658,418.788324291977,9.09355268501108,38.4197635887845,16.1097418925989,53.4384618728729,10.0014574487049,73.6675556359689,0.00273342015457279,0.00250186501959396,1.35989514704222e-06,0.000974687908341408,0.00501128937517048,2.22301423200022e-05,2.03335858689259e-05,8.54068706341006e-11,8.42491081229444e-06,4.01508595557672e-05,-793.658572055641,0.0775941079867256,0.0577846416283587,1,0.500950432619668
"quadratic",400,"montoril",48,20.093,206.042731533228,802.036423569096,292.590126353028,1590.9923807005,197.299967815548,58.7527125606482,1449.73780589887,359.817829687809,10.2544533684979,39.916210798243,14.5617939756646,79.1814254068832,9.81933846690628,72.1513863484233,0.00279251250795066,0.00251884980458312,1.50571234770171e-06,0.00096893347236337,0.00533955335762639,2.17301395499723e-05,1.99209526279139e-05,7.74524544895498e-11,8.54882190912969e-06,3.91567260848007e-05,-798.880214464829,0.0746744031549715,0.0617186724483405,1,0.505489316500016
"quadratic",400,"montoril",49,20.211,146.073275101077,485.157810656135,264.543596619021,1065.35082430447,233.66880654318,43.1987273849376,1750.3057298357,180.183521105092,7.22741453174395,24.0046415643034,13.0890899321667,52.7114355699603,11.5614668518717,86.6016391982434,0.00329851739091477,0.00298026677034212,2.12767307943448e-06,0.00109992872195153,0.00631688787875368,2.68411699700341e-05,2.44630976639289e-05,1.31097036902508e-10,9.45794413309365e-06,4.91375823062818e-05,-778.904226318877,0.133617808751191,0.108928026951569,0.9825,0.527841077671276
"quadratic",400,"montoril",4,20.199,140.826179843717,492.182353512924,198.128206049039,1235.73071092274,215.516974697925,83.0602218803096,1724.66024241349,316.31548143235,6.97193820702594,24.3666693159525,9.80881261691368,61.1778162742087,10.6696853655094,85.383446824768,0.00315948280682923,0.00287379846724616,2.03866987291551e-06,0.00101792105067934,0.0060165233484689,2.45204267860187e-05,2.22878013951207e-05,1.07993716802191e-10,9.25782803226113e-06,4.517569359541e-05,-788.567662658427,0.0954042037411145,0.0714924697770171,1,0.526382122714118
"quadratic",400,"montoril",50,19.766,80.9776204157662,393.220686373016,223.052632258171,1199.79838717132,217.824929725068,61.7985911386971,1606.96091117741,233.234463860891,4.09681374156462,19.8937916813223,11.2846621601827,60.7001106532088,11.0201826229418,81.2992467457962,0.00300701078102429,0.00279136351857887,1.48985434746721e-06,0.00104163515322743,0.00540404660156189,2.46536752221534e-05,2.23383356477234e-05,1.1534581176615e-10,9.00568994243779e-06,4.54935453415178e-05,-771.959430801407,0.127351790496822,0.0930668230991451,0.9425,0.519243118096091
"quadratic",400,"montoril",51,20.142,192.930552814043,652.368236870222,273.95758722723,1226.80763852607,258.065012209341,104.169109029441,2059.50302866025,450.614225087956,9.57852014765383,32.3884538213793,13.6013100599359,60.9079355836595,12.8122833983388,102.249182239115,0.0033213324455086,0.00303123241651509,2.03644349793278e-06,0.00110846233418447,0.00615014463933729,2.42338916675457e-05,2.18579197791374e-05,1.12792229949636e-10,8.64579648827957e-06,4.51575352273158e-05,-798.401885949366,0.110789466526764,0.0866061927697195,0.985,0.519283032561635
"quadratic",400,"montoril",52,20.127,147.168640482693,597.999120201691,284.915702967998,1011.01375639711,189.232262706665,49.9732366251838,1525.32826196804,298.086552321205,7.31200081893441,29.7112893228842,14.1558952137923,50.231716420585,9.40191100048022,75.7851772230359,0.00296374414936615,0.00269480739404248,1.58367854915265e-06,0.00109157469848634,0.00547382560673563,2.45545865129253e-05,2.23669358202119e-05,1.04375949734027e-10,9.3329638791737e-06,4.50877618669638e-05,-784.033535118953,0.146179668051038,0.118648635361283,0.915,0.518538716615895
"quadratic",400,"montoril",53,20.185,223.716415275461,946.134740372361,274.123908517476,1091.31889654429,282.770801707137,108.773060728963,2536.43675619851,727.105846234962,11.0833002365846,46.8731602859728,13.580575106142,54.0658358456423,14.0089572309704,125.659487550087,0.00400060910652396,0.00366430949834451,3.2979709265765e-06,0.00119848581590675,0.00747228993811648,2.51106219712703e-05,2.24410197780792e-05,1.31526709517413e-10,8.69628274858734e-06,4.80169374902359e-05,-784.922766538322,0.107837759701616,0.0854916226093442,0.98,0.551972197070587
"quadratic",400,"montoril",54,19.982,191.216168509407,547.44799694365,217.843443755624,1267.6886239938,222.412940337993,88.8282217172023,1736.31459450865,432.208206679106,9.56942090428418,27.3970571986613,10.9019839733572,63.4415285754081,11.1306646150532,86.8939342662721,0.00315902157310614,0.00284990026179981,1.88961552957125e-06,0.00112752386533301,0.00589877662205433,2.41129782355969e-05,2.18170684844523e-05,1.12573872871776e-10,8.73289115803174e-06,4.5190906980949e-05,-784.15482425132,0.0906735574028634,0.0753791660737995,0.9925,0.520315234197864
"quadratic",400,"montoril",55,20.037,147.961379760299,508.712455081645,142.97309846443,1120.47941825534,207.288206670261,90.2478559970898,1514.18531667865,334.695995707797,7.38440783352291,25.3886537446546,7.13545433270599,55.9205179545511,10.345271581088,75.5694623286247,0.00288293014516684,0.00259630325844044,1.75177825647131e-06,0.000958105798596308,0.00555295976176294,2.44833815242971e-05,2.23749189184987e-05,1.0879621409486e-10,8.6520252136857e-06,4.45920488251431e-05,-772.682846804473,0.114916650415817,0.096973678659151,0.985,0.503682062964293
"quadratic",400,"montoril",56,19.982,191.276383901002,718.224044073988,278.988478272776,1352.31687255362,232.756808932107,75.0410899360229,1783.43457728532,377.487191572217,9.57243438599748,35.9435513999594,13.9619897043728,67.6767527051156,11.6483239381497,89.252055714409,0.00326341129828702,0.00298175272196152,2.21212833501543e-06,0.00106747443228075,0.00610077847918012,2.40090303353883e-05,2.19275486945237e-05,1.05776302845704e-10,8.62701940898769e-06,4.36905043161627e-05,-791.192052180692,0.100172990960225,0.0842089795706974,1,0.527503775278927
"quadratic",400,"montoril",57,20.326,158.459366231404,549.474244282454,212.834232305102,1020.58324924128,198.450328019342,67.8507817120394,1494.16115956211,375.570344531924,7.79589521949246,27.0330731222304,10.4710337648874,50.2107276021489,9.7633734143138,73.5098474644354,0.00297196434350543,0.00272423118724877,1.73641730893158e-06,0.0010086379749209,0.00545632552841206,2.30000540150003e-05,2.07609081343329e-05,9.75499635160864e-11,8.46682391878147e-06,4.25541167011335e-05,-790.647062505952,0.0872102319822121,0.0717968702690486,1,0.511112531939223
"quadratic",400,"montoril",58,20.227,177.263571414178,653.695928748806,225.412618574594,1526.32547960625,237.411383212583,100.876810719024,1941.5778482169,485.97237956992,8.76371045702171,32.317987281792,11.144144884293,75.4598051913902,11.7373502354567,95.9894125780839,0.00349020678663659,0.00309492958488097,2.78829945090433e-06,0.00109924310145497,0.00691853492483749,2.47803245661357e-05,2.24050643062147e-05,1.12933007158655e-10,9.06156671504968e-06,4.60727275328372e-05,-774.559550378744,0.125778395151544,0.108208662936241,0.9975,0.534465247742261
"quadratic",400,"montoril",59,20.089,117.872008586616,606.269065754102,167.200431585621,1063.3520998932,248.097483165388,91.9967913138917,2283.15960214489,212.456539341763,5.86749009839294,30.1791560433124,8.32298429914981,52.9320573394991,12.349917027497,113.652227694006,0.00399101511249853,0.00357939293289249,3.71128459139915e-06,0.00111219740694722,0.00796279740352043,2.57908647259044e-05,2.31549892241595e-05,1.36694026221113e-10,8.86797130657833e-06,4.90766272873099e-05,-795.143969818525,0.105148167180615,0.0774376839184962,0.985,0.552569538303049
"quadratic",400,"montoril",5,21.129,146.256242817826,512.765907446849,233.018133400915,1480.10452852408,213.981614749034,77.097315401424,1738.80153305527,336.396090669526,6.9220617548311,24.2683471743504,11.0283559752433,70.0508556261099,10.1273895948239,82.2945493423859,0.00297508120782623,0.00269370338737447,1.71349139556863e-06,0.00100010542675102,0.00556387446226633,2.26769347156072e-05,2.07129225413171e-05,9.05484129413516e-11,8.40151292680209e-06,4.10351695905477e-05,-786.649648239413,0.0929399272567665,0.0735761982385893,1,0.508696160446541
"quadratic",400,"montoril",60,19.953,177.335868582125,734.679337368721,212.6088698278,1211.33449205404,217.601688073945,68.7940758737616,1591.58494132872,476.895204218833,8.88767947587458,36.8204950317607,10.6554838785045,60.7093916731339,10.905712828845,79.7666988086364,0.00297428312853425,0.00268343544160203,1.84932709034743e-06,0.000978430417060723,0.00560553859269423,2.27667144034892e-05,2.06897617330434e-05,9.40297706781659e-11,8.5065792423857e-06,4.19650177988429e-05,-770.034789822531,0.0889561945996294,0.0735182552715763,1,0.50780501143508
"quadratic",400,"montoril",61,19.751,191.97359539008,703.535806948438,190.10250669814,1076.29531326881,221.406867056116,63.9456068135524,1648.99098076908,345.407951060048,9.7196899088694,35.6202626170036,9.62495603757481,54.4932060791258,11.2099066911101,83.4889869256789,0.00305537044711672,0.00275306783246023,1.91819743573182e-06,0.000976477288153909,0.00586697445361405,2.32030217177199e-05,2.11837365398918e-05,9.37450320623396e-11,9.03791240183288e-06,4.24525165482675e-05,-784.709837225963,0.130917437609321,0.109558361624608,1,0.525099195028922
"quadratic",400,"montoril",62,20.122,123.407808154022,466.591495132337,200.897338676577,1335.9969205082,214.171236019071,23.7295054834628,1729.34104441838,326.690303292143,6.13297923437144,23.1881271808139,9.98396474886081,66.3948375165588,10.6436356236493,85.9428011340014,0.00313934239970916,0.00285448578145414,1.89806952542921e-06,0.00108480765157544,0.00585202446380499,2.22095645366892e-05,2.02770140258602e-05,8.5086560972662e-11,8.21911972731639e-06,4.03757620967267e-05,-803.674015021364,0.0887450737663143,0.0681036909272368,0.9925,0.52068017047024
"quadratic",400,"montoril",63,20.062,201.098306750625,956.158965809919,215.809390903911,1138.46675087406,219.824209582272,74.8407559317271,1783.5505515993,528.712758534062,10.023841429101,47.6602016653334,10.7571224655523,56.7474205400287,10.9572430257338,88.9019315920299,0.00326294807818461,0.00298047373988266,2.01863978716419e-06,0.00108628144227497,0.00607831042112135,2.24823682987405e-05,2.04532837827175e-05,8.9995671150844e-11,8.46372807306471e-06,4.0847702474912e-05,-766.777667821737,0.0999476891560003,0.0795158869071975,0.9875,0.519732768568259
"quadratic",400,"montoril",64,19.916,87.2237621620153,329.072554791373,315.772297994794,1074.78994387009,197.435580661688,64.4857814832226,1504.43552381408,243.568156270905,4.37958235398751,16.523024442226,15.855206768166,53.9661550446921,9.91341537767062,75.5390401593735,0.00268126094648048,0.00243880765964015,1.30629430864523e-06,0.000972695703679128,0.0049364054205125,2.14542282242389e-05,1.96498046942628e-05,7.88218942004414e-11,8.39524356034097e-06,3.8683607415178e-05,-783.008409452809,0.0836724403161995,0.0721034587789007,1,0.499482845110348
"quadratic",400,"montoril",65,19.957,236.752506416051,717.362136942945,262.333888922835,1281.31352493413,192.228969816311,58.0786021813547,1448.13486264058,358.766420372725,11.8631310525655,35.9453894344313,13.1449561017605,64.2037142323058,9.63215762971942,72.5627530510887,0.00256238366882639,0.00237532687831212,1.0514962812961e-06,0.000991141989787606,0.00459453270105503,2.12030945357598e-05,1.94240656113818e-05,7.53734603192495e-11,8.29402155184706e-06,3.86389007010735e-05,-782.15712050566,0.0993966054928722,0.0788116521643248,0.9925,0.489064956387325
"quadratic",400,"montoril",66,20.434,160.410511499869,546.443905515009,316.158522493513,1422.42802508771,201.638563830225,34.287465504366,1487.84361242957,99.0314206462222,7.85017673974109,26.7418961297352,15.4721798225268,69.6108458983903,9.86779699668322,72.8121568185167,0.00306868975119547,0.00279541059827492,1.74803482326029e-06,0.00106058982500594,0.00566488042472747,2.29946902447292e-05,2.099744813194e-05,9.0121856023691e-11,8.78611577092308e-06,4.18566448379042e-05,-789.452694069181,0.0922222249070036,0.0759763507079115,1,0.51670082886212
"quadratic",400,"montoril",67,19.951,229.970242435548,1036.97105760593,261.046019645504,999.412549233659,232.923476828897,88.3474802008836,1882.01263670865,481.458385532281,11.5267526658086,51.9758938201557,13.0843576585386,50.0933561843346,11.6747770452056,94.3317446097263,0.00304585475190409,0.00274886769292179,1.91941834888936e-06,0.00103335871744064,0.00568498958291352,2.3167234956513e-05,2.11763672764711e-05,9.15390829597047e-11,8.44176113687852e-06,4.19335701825158e-05,-801.424135172467,0.0949260496290859,0.0760399365737486,1,0.506449856422666
"quadratic",400,"montoril",68,20.043,139.044346127749,497.095957088525,307.137740040206,1510.49264372165,194.914551419249,10.7051399135463,1494.74856663657,68.6885340725976,6.93730210685769,24.801474683856,15.3239405298711,75.3626025905127,9.72481920966165,74.5770875935027,0.00257359171934722,0.00235589785462745,1.13637215909062e-06,0.000961150884068089,0.00464791427718276,2.04097805978674e-05,1.88309021757146e-05,6.24147920478973e-11,8.25900331472561e-06,3.59242996644658e-05,-805.217477189247,0.101025787658036,0.076065519258058,1,0.496605624219523
"quadratic",400,"montoril",69,20.131,186.12778392977,595.290524002797,282.19913462533,947.714701850363,209.036503562311,61.9475987188159,1673.0333075327,238.997850904832,9.24582901643088,29.5708372163726,14.0181379278391,47.0773782648832,10.3838112146595,83.1073124798916,0.00309526859539049,0.00283201103937946,1.8226053711684e-06,0.000959612941738666,0.00579228107975022,2.42311764091779e-05,2.2054507821393e-05,1.06636640651955e-10,8.52059610440092e-06,4.47033810285591e-05,-780.516793602198,0.123997812155415,0.0897648807720759,0.9675,0.522885960853614
"quadratic",400,"montoril",6,20.224,138.053334745608,429.689657148265,136.474743602783,963.042000417914,286.065801084331,109.612393316547,2689.37686815,319.280124656035,6.82621315000038,21.2465218131065,6.74815781263761,47.6187697991453,14.1448675377933,132.979473306467,0.00453134777158233,0.0039829689154452,5.7813438791998e-06,0.00116482225647328,0.00930654371722977,2.67826295208851e-05,2.3855691291464e-05,1.55365233516258e-10,8.94025183558271e-06,5.10109331937921e-05,-779.882236427572,0.138709792233723,0.110869325350372,0.9975,0.564103728427128
"quadratic",400,"montoril",70,20.111,148.601971652821,702.327025549387,241.048908443672,1042.46573336294,229.452430772999,88.2011117981347,1850.81137081649,478.183975382071,7.38908913792558,34.9225312291476,11.9859235465005,51.8355990931799,11.4092999240714,92.0298031334341,0.00309104208800007,0.00284487164899001,1.72624361026298e-06,0.00101389164883014,0.00572860052444984,2.39325636608523e-05,2.17082493362069e-05,1.07145306127342e-10,8.65210448094686e-06,4.4201282085599e-05,-788.564148398742,0.0964440958703978,0.0782183787839802,1,0.511627915255218
"quadratic",400,"montoril",71,20.093,143.967751515483,442.493349501305,227.3733484735,1027.16731094642,244.978168979855,92.9277980104241,2101.59137812598,316.544763400794,7.16507000027287,22.0222639477084,11.3160478013985,51.1206545038779,12.1922146508662,104.593210477578,0.00340709924184185,0.003064484281529,2.44417147740039e-06,0.00106873225053452,0.00648268138846828,2.50487375897521e-05,2.24198883674034e-05,1.34598510720346e-10,8.75675397893519e-06,4.78742965418951e-05,-793.518507202468,0.104628294079398,0.0867922855523914,1,0.522474373900541
"quadratic",400,"montoril",72,19.958,162.352720445016,597.705717554291,268.951099815437,1450.17898668732,197.39257172304,22.8578449031216,1463.36391579791,333.533451023255,8.13471893200804,29.9481770495185,13.4758542847699,72.6615385653534,9.89039842283997,73.3221723518343,0.00277737942349108,0.00256183681358831,1.28860056816802e-06,0.00101883538145277,0.00502342392515869,2.17142921170279e-05,1.98613121139152e-05,7.99362234770107e-11,8.15751329497727e-06,3.93049928428715e-05,-830.074188092602,0.0764463094436501,0.059464150497802,1,0.506831434401136
"quadratic",400,"montoril",73,20.371,136.757958133974,429.472690513768,288.111558750902,1212.83347063037,199.981123194325,86.3273655813522,1520.88955189815,304.380388140676,6.7133649862046,21.0825531644872,14.1432211845713,59.5372574066258,9.81695170557776,74.6595430709415,0.00280898711837173,0.00258014275436508,1.31137357979343e-06,0.00101775691521137,0.00516827871394356,2.36209001906727e-05,2.15930834801674e-05,9.5738092238217e-11,8.60204099950753e-06,4.28380616605366e-05,-769.981118704435,0.102412583068501,0.0832163389392716,1,0.512361961967983
"quadratic",400,"montoril",74,19.931,159.249155692019,710.616239237849,231.388690583391,1366.41736240113,242.153881644023,107.497086099741,1964.51344236713,487.059422095685,7.99002336521091,35.6538176327254,11.6094872602173,68.5573911194186,12.1496102375206,98.5657238656931,0.00342366774598441,0.00314669111982091,2.25578402365647e-06,0.00107439451197584,0.00639381719515997,2.37805845186129e-05,2.17149506223878e-05,9.97694991759308e-11,8.95118384685304e-06,4.37305917813662e-05,-789.813406317216,0.103410848804758,0.0818230507461266,0.9925,0.518970618532615
"quadratic",400,"montoril",75,20.177,123.953579561489,416.207797778427,197.91051608735,1226.30276060106,226.320416837398,88.4023609869683,1793.41027799982,327.293345585494,6.14331067856914,20.6278335618985,9.80871864436489,60.7772592853772,11.2167525815234,88.8838914605649,0.00317931530958071,0.00289635105610261,1.91032303787456e-06,0.00111370569709305,0.00597345362092515,2.35544779955053e-05,2.13658508500431e-05,1.03989090880032e-10,8.89978591777385e-06,4.34690834483532e-05,-787.705952802852,0.0718056221800706,0.0545509757802616,1,0.514436449091171
"quadratic",400,"montoril",76,19.883,160.070464022364,635.002288085392,196.625804040478,1011.59288755207,228.790488003651,69.6009288426774,1741.71451691467,380.937678546502,8.05061932416458,31.9369455356532,9.88914168085692,50.8772764448054,11.5068394107354,87.598175170481,0.00329539648145183,0.00299076395516882,2.23958371372623e-06,0.00101775267967236,0.00621841225045375,2.66266463367825e-05,2.42998299930713e-05,1.27098687979821e-10,9.60897080227848e-06,4.89726168718838e-05,-761.129887505013,0.114808344472092,0.0960589758384523,1,0.526608226360286
"quadratic",400,"montoril",77,19.903,163.462641181168,767.223569567676,171.761203143596,919.915321260292,233.712442453012,87.4500166966898,1920.6565965766,514.227274031985,8.21296493901262,38.5481369425552,8.62991524612348,46.219932736788,11.7425736046331,96.5008589949557,0.00346961172867914,0.00312704245921531,2.73939574856599e-06,0.000969699067687379,0.00670233494388073,2.38247147825724e-05,2.13733605191072e-05,1.17201721966123e-10,8.60513553619752e-06,4.49338703029589e-05,-778.169957557189,0.113081225651068,0.0950487482142635,0.98,0.530855689254563
"quadratic",400,"montoril",78,20.096,115.890101119658,517.424567874479,230.112647451215,1281.47318986838,205.709732117299,90.0004952306715,1442.19844610291,353.052580853813,5.76682429934602,25.7476397230533,11.4506691605899,63.7675751327817,10.2363521157095,71.7654481540061,0.0030079042616299,0.00271948217486826,1.81212900845349e-06,0.000978126086923107,0.0057165713308875,2.28395382828535e-05,2.06205799705052e-05,1.0024329191637e-10,8.42818045789696e-06,4.29866336724302e-05,-774.14839911686,0.108385388745103,0.0819977357299526,0.96,0.521251128191743
"quadratic",400,"montoril",79,20.145,115.525561176191,522.77740814736,264.803032615516,1370.87403549298,227.827835757821,96.7143375037085,1766.26561597426,321.178871026763,5.73470147312938,25.9507276320358,13.1448514577074,68.0503368326125,11.3093986476953,87.6776180677219,0.00311051246485885,0.00282782252362384,2.01923970037393e-06,0.000933737914772485,0.00582108340477395,2.32912024777048e-05,2.11395287568377e-05,9.92405694385951e-11,8.75236668268195e-06,4.32468965253412e-05,-790.740544667578,0.132691973891211,0.103873579674738,0.9875,0.523663599603958
"quadratic",400,"montoril",7,20.021,97.60308074856,578.470408530013,219.787035093722,626.574118005579,188.188437164532,64.2181226373249,1385.73882588757,328.773552029867,4.87503525041506,28.8931825847866,10.9778250383958,31.2958452627531,9.39955232828189,69.2142663147479,0.00287296421451716,0.00260011532253059,1.66657707258787e-06,0.00095105021595804,0.005420214774209,2.41135856435269e-05,2.18742417007182e-05,1.06729520447982e-10,8.75389284705339e-06,4.41080035456354e-05,-782.62200804698,0.12103131734541,0.0933157469960707,0.9775,0.520631821258632
"quadratic",400,"montoril",80,20.49,146.865409020605,700.584079137124,200.021271560343,1148.76453837443,223.782776962782,68.4434519281063,1674.56753787685,256.105106973387,7.1676627145244,34.1915119149402,9.76189709908945,56.0646431612703,10.9215606131177,81.726087744112,0.00311366840138129,0.0028072005265784,2.05546395616578e-06,0.00103342288146261,0.00596754627453732,2.36368184839578e-05,2.14022565614104e-05,1.08466345464947e-10,8.57973744403889e-06,4.34904612358399e-05,-787.064891375973,0.117627807574071,0.0916887951775473,0.9675,0.518743286077805
"quadratic",400,"montoril",81,20.124,124.913373499374,542.314165620268,166.60912137239,1289.08205468162,207.791309670953,55.5263210784368,1596.73193542028,388.841485798573,6.20718413334199,26.9486267948851,8.27912549057791,64.0569496462743,10.3255470915799,79.3446598797594,0.00310251346249286,0.00278308682126603,2.09569061286215e-06,0.00097302411999898,0.00610524795145485,2.39850292038922e-05,2.18261870353733e-05,1.00547080326573e-10,8.88336853979892e-06,4.36220185221193e-05,-774.08495535785,0.144442227479023,0.110440379369903,0.9575,0.528902760377546
"quadratic",400,"montoril",82,20.593,154.006579321057,529.417256002683,253.670634925333,1143.94692526491,217.993247663218,57.2390227069234,1724.09294485322,365.967089028993,7.47858880789865,25.708602729213,12.3182943196879,55.5502804479632,10.5857936028368,83.7222815934163,0.00336883171443559,0.00302665897973427,2.35855235926765e-06,0.0011022663239092,0.00639246946690058,2.45776520956513e-05,2.20860020481172e-05,1.25701716067648e-10,9.07820734922528e-06,4.64443681689585e-05,-784.689350050956,0.101125423296334,0.0796386501547074,0.9775,0.53094811497283
"quadratic",400,"montoril",83,19.821,205.110438250183,910.333432212155,182.676726833542,1220.71073084233,239.482531631225,75.1363432227988,1983.53161351895,383.911005217782,10.3481377453298,45.9277247470943,9.21632242740236,61.5867378458368,12.0822628339249,100.072227108569,0.00363004374241347,0.00328932819997692,2.84149762835797e-06,0.00113399609751254,0.00709785869806382,2.40538911217606e-05,2.17557805844748e-05,1.14659516907531e-10,8.41102182484038e-06,4.52180160122399e-05,-778.334360651101,0.118626230918049,0.098510182289896,0.9975,0.533780742514944
"quadratic",400,"montoril",84,20.14,142.382454509168,528.441587934127,251.020290197365,1276.02968045555,228.452979663033,81.1936473585164,1775.74655953409,377.101082787085,7.06963527850884,26.2384105230451,12.4637681329377,63.3579781755487,11.3432462593363,88.1701370175815,0.00310813632285839,0.00284574628477973,1.81815895048246e-06,0.00101704595739019,0.00575857745128544,2.50425778671014e-05,2.27039872649542e-05,1.16355926069009e-10,9.41041573804367e-06,4.59231236484014e-05,-772.409933540632,0.1163915132306,0.0953967760145691,1,0.512048155943787
"quadratic",400,"montoril",85,20.26,142.970636102595,536.866551837839,170.83610195372,1225.09991299064,203.223811582165,29.9212565437906,1570.26280558354,375.267525644957,7.05679348976281,26.4988426376031,8.43218667096346,60.4688999501797,10.0307903051414,77.5055678965222,0.00314518901371173,0.00278376702074425,2.54528907317224e-06,0.00097985816828866,0.0062501496227749,2.35949500891093e-05,2.15133291118178e-05,9.89818412550346e-11,8.74565542134591e-06,4.30002573875137e-05,-787.480874972006,0.109593793039654,0.0871303568236729,1,0.518689362216616
"quadratic",400,"montoril",86,20.597,116.405819657305,608.26541514472,231.588162140894,981.785138327818,197.925450884194,49.9714454759159,1478.03003987642,272.387419786713,5.6515909917612,29.5317480771336,11.2437812371167,47.6664144452016,9.60943102802321,71.7594814718852,0.00286272931475384,0.00262049152408678,1.52845427352634e-06,0.000988989718683769,0.0052164438629225,2.25907755453053e-05,2.04229551312766e-05,9.65272275140257e-11,8.4525257052755e-06,4.18008972169375e-05,-783.391048301174,0.105360614412905,0.0816262655402013,0.9825,0.510106381429381
"quadratic",400,"montoril",87,20.056,161.794198365461,583.839243299491,281.096464488858,1345.28733365586,217.46044163655,26.8364416324808,1834.48157054266,421.515848673123,8.06712197673819,29.1104528968634,14.0155796015586,67.0765523362517,10.8426626264734,91.4679682161276,0.00292074601466801,0.00267405349391442,1.44477220382114e-06,0.00105590439861653,0.00538485569072502,2.29673806170016e-05,2.08047281197307e-05,9.82612087081847e-11,8.37417588628671e-06,4.20994077051876e-05,-799.416772366971,0.0999537092713236,0.0848021642233802,1,0.498674852969003
"quadratic",400,"montoril",88,20.152,140.316362050716,664.83331501664,194.607914027651,1479.20836088229,231.67851367637,85.5389335618918,1712.00204431598,423.560847368502,6.96290006206412,32.9909346475109,9.65700248251544,73.4025585987637,11.4965518894586,84.9544484078987,0.0032544699048432,0.00290542989245199,2.3944927759368e-06,0.0010168186476911,0.00624259474995212,2.39755385238078e-05,2.18771857790222e-05,1.0029427100281e-10,9.08045643114785e-06,4.4099595509358e-05,-809.944147571264,0.113195954889443,0.0887831673707306,0.9725,0.519315745900334
"quadratic",400,"montoril",89,20.321,137.646357987733,679.756251717857,222.363446030563,1244.78357160044,201.512431609617,75.6703492611296,1630.41673817898,298.550100452996,6.77360159380605,33.4509252358573,10.9425444628986,61.2560194675674,9.9164623596091,80.2330957226013,0.00272856388497706,0.00249364712964398,1.34572712050136e-06,0.000999735135455632,0.0051168375157803,2.07707209411956e-05,1.89060100793572e-05,7.34869434340691e-11,7.92730992894258e-06,3.7963039058107e-05,-798.771111071618,0.103741267304333,0.0851075466472405,0.9875,0.497211525353432
"quadratic",400,"montoril",8,19.764,192.837606372748,953.014258173814,161.10326530283,1524.96614030873,228.097958769216,100.178955012248,1820.68291206079,530.849282645429,9.75701307289759,48.2197054327977,8.15134918553076,77.1587806268333,11.5410827144918,92.1211754736284,0.00334828955624045,0.00303943904764078,2.32522188074998e-06,0.0010104582747667,0.00642333047566266,2.48777652004165e-05,2.26255480444221e-05,1.1452391696095e-10,9.3715204633407e-06,4.58379327857154e-05,-777.814622584046,0.116485107155273,0.0927181161615247,0.98,0.522968576575948
"quadratic",400,"montoril",90,20.266,254.332456676741,881.056123741301,168.894967073016,1153.71224886311,249.558791279593,107.853537962759,2385.83431872747,509.860262424538,12.5497116686441,43.4745940857249,8.33390738542466,56.928463873636,12.3141612197569,117.725960659601,0.0037651425387666,0.00336917214461201,3.26684201076305e-06,0.00113563869352285,0.00739560149229162,2.21465118677848e-05,2.00493408918848e-05,9.3402245342752e-11,7.88850483169909e-06,4.09615408390469e-05,-818.324298803238,0.104834505436871,0.0891085015609346,1,0.537065334897447
"quadratic",400,"montoril",91,19.913,82.7602318679203,341.779848095608,233.944612180249,1042.46346961961,201.825141699389,69.2239606592566,1620.83414132579,228.605384409602,4.15609058745143,17.1636543009897,11.7483358700471,52.3508998955259,10.1353458393707,81.3957787036502,0.00299504500627195,0.00273855677449992,1.74568142332826e-06,0.000985040190428788,0.00558697176188238,2.25608140405611e-05,2.04537062056577e-05,9.6641911332971e-11,8.47384005464398e-06,4.1403208744353e-05,-798.96798584056,0.157371929812517,0.121045350852691,0.925,0.516337410479641
"quadratic",400,"montoril",92,20.072,127.522622531394,604.596091258098,236.633044905552,1398.35332402185,231.566754071324,14.8578279255334,1842.3896584397,222.924133472442,6.35325939275579,30.121367639403,11.7892110853703,69.6668654853453,11.5368052048288,91.789042369455,0.00316925733629504,0.00286131430298393,2.20194987295194e-06,0.000961415509327077,0.00597633466581362,2.3432781639489e-05,2.12528365406719e-05,1.0283444903698e-10,8.8043962952882e-06,4.33917191332997e-05,-781.062997446959,0.10157743829364,0.0847943616465552,0.985,0.516460624351713
"quadratic",400,"montoril",93,20.068,161.984940889378,956.179819454085,229.483388698196,1088.84979633138,247.698964885694,95.0520712160598,2153.48436278513,381.321938933776,8.07180291455941,47.6469912026154,11.4352894507771,54.258012573818,12.3429821051273,107.309366293857,0.0035244760479902,0.00315109831104851,2.73030191148548e-06,0.0011594636011151,0.00687351298821435,2.28382979328455e-05,2.06839965462697e-05,9.8227331028894e-11,8.46881769183248e-06,4.20900016605687e-05,-804.867462012359,0.0854869595049782,0.0695586255776834,1,0.530779269770308
"quadratic",400,"montoril",94,20.186,185.689616758434,904.844541185558,191.27661284125,1351.74516010332,224.724959733515,83.7313992180006,1776.67875197128,566.984133461508,9.19893078165235,44.8253512922599,9.47570657095262,66.964488264308,11.1327137488118,88.0153944303615,0.00316302103990344,0.00288983340577641,1.96896052988522e-06,0.00102333563811321,0.00595734007064657,2.34158116551666e-05,2.14294311771874e-05,8.99618795870644e-11,9.17063511613754e-06,4.26560836523974e-05,-795.190239699119,0.0827887367733807,0.0617214240104185,0.9975,0.516731143607909
"quadratic",400,"montoril",95,20.05,129.043363143701,544.577363132311,144.973064998323,1210.9392022606,242.265971076733,79.5617576239612,2060.02946202312,350.132853546903,6.43607796227936,27.1609657422599,7.23057680789641,60.3959701875611,12.0830908267697,102.744611572225,0.00368305107167561,0.00336626053132957,2.66936066939052e-06,0.00106203491884816,0.00703009358418816,2.76521988597028e-05,2.49284319506723e-05,1.55904455660502e-10,9.8941604717574e-06,5.19910516894302e-05,-772.351980635665,0.153769433960905,0.114908266583868,0.895,0.539513739073484
"quadratic",400,"montoril",96,19.963,142.093322591026,519.771024575541,205.807100797001,1080.12349526336,182.050063946952,56.9746616178591,1455.32593282674,286.184751492777,7.11783412267823,26.0367191592216,10.3094274806893,54.1062713651934,9.11937403932036,72.9011637943565,0.00270225894016991,0.00244317063369763,1.42976420223505e-06,0.0010091557531556,0.00504212940758346,2.27102570188761e-05,2.07022926645174e-05,8.85550972627004e-11,8.65801638267577e-06,4.10902974908094e-05,-762.595376859213,0.128563160410602,0.101222695878081,1,0.514756923510334
"quadratic",400,"montoril",97,20.502,216.310934673263,843.934401473421,311.647031743401,992.260374590176,195.283736218799,88.2485947445648,1450.94725733219,364.786676475225,10.5507235720058,41.1635158264277,15.2008112254122,48.3982233240745,9.5251066344161,70.7710105029848,0.00286487993284065,0.00262881355105616,1.37915503344005e-06,0.00108005735516293,0.00523173552303322,2.21541757280547e-05,2.01924306963937e-05,8.64014793375031e-11,8.19957148024803e-06,3.9944393765102e-05,-781.378400804533,0.112943123695468,0.0966389341208365,0.98,0.509088121209781
"quadratic",400,"montoril",98,20.213,134.145831527575,396.907111008723,263.576399468761,1062.57836400976,189.707683942815,75.5017867624283,1418.34107790366,307.762163430535,6.63661166217656,19.6362297040876,13.0399445638332,52.5690577356037,9.38542937430442,70.1697460992265,0.00288104769090675,0.00261646488260592,1.59521262799758e-06,0.00096514551115867,0.00543958785739038,2.31067869082696e-05,2.11547498113942e-05,8.97273957257131e-11,8.88050492945421e-06,4.15665683497239e-05,-776.180447082097,0.0816619297860078,0.0645274372937805,1,0.515703516821191
"quadratic",400,"montoril",99,20.122,199.440519351573,701.164557014902,266.883079919442,991.223470269441,189.176741309224,60.0499725652883,1451.18553937331,346.747987120074,9.91156541852564,34.845669268209,13.2632481820615,49.2606833450672,9.40148798872996,72.1193489401306,0.00279855439006215,0.00252622666464323,1.57316468752266e-06,0.000898311754947969,0.00529242057883104,2.24903508935183e-05,2.05256081196297e-05,8.57765430995864e-11,8.69731059982152e-06,4.07139721829874e-05,-785.396225187405,0.0833742834638653,0.0697131055307903,1,0.506507827962188
"quadratic",400,"montoril",9,20.445,217.370890754987,813.985733128976,245.908689925615,1448.81787242167,194.398361782122,31.5972570878157,1559.39457134295,101.718081640616,10.6319829178277,39.8134376683285,12.0278155991986,70.8641659291599,9.50835714268146,76.2726618411811,0.00287351296347676,0.00260708745846661,1.6263536081488e-06,0.000969153305883517,0.00539689599866479,2.30212763630085e-05,2.1025411209968e-05,9.38529280946682e-11,8.45702984544344e-06,4.1917215529676e-05,-782.575791740705,0.113054895270503,0.0898799065983984,1,0.513005196331249
"quadratic",800,"montoril",100,40.826,102.708769307709,398.134813149352,114.93335176495,983.170503584104,155.781262850313,47.853912402648,1246.23709294879,297.530297683664,2.5157686108781,9.7519917001262,2.81519991586122,24.0819699109417,3.81573661025605,30.5255742161562,0.00207831555715257,0.00195002027495387,5.72349889833051e-07,0.000839084038469968,0.00355644053034008,1.25670885678413e-05,1.18554932570514e-05,1.59351246009033e-11,6.19864087815255e-06,2.05302087410251e-05,-1570.2973966305,0.0946040723531795,0.0765300019325086,0.99625,0.469127464349061
"quadratic",800,"montoril",101,40.514,168.188592307398,640.50482694784,187.275294298488,927.65135424399,162.287289430535,20.7179209775441,1378.36338356303,277.766889270915,4.15136970695062,15.8094689970835,4.62248344519149,22.8970566777901,4.0057088766978,34.0219031338063,0.00218410099886353,0.00205401627293159,5.82810172771215e-07,0.000915606476055701,0.00369027852481233,1.3027050926293e-05,1.22527235992613e-05,1.83183353953016e-11,6.09507623252395e-06,2.15154196820358e-05,-1571.32898364242,0.0917151611291179,0.0732734349587225,1,0.47160715516364
"quadratic",800,"montoril",102,40.232,62.3038556776641,311.207746697495,150.8847065935,1007.58689349551,143.324268692817,44.7330352225214,1169.82626578759,177.437905230116,1.54861442825771,7.73532876062575,3.75036554467836,25.0444147319424,3.56244453899425,29.0770099867666,0.00203518730261771,0.00193341474954646,5.02468017494653e-07,0.000855032237015887,0.00345372903546195,1.20474101279953e-05,1.14670067150108e-05,1.35447204764703e-11,5.94373730432198e-06,1.92755510392112e-05,-1587.03543683337,0.0794428686192448,0.0646844818799362,1,0.464256923344811
"quadratic",800,"montoril",103,40.278,121.816679595716,432.643180155521,175.177541877296,881.228037194492,163.335300745288,24.0406973713489,1448.97392430334,355.824210705568,3.02439742776991,10.7414265890938,4.349211526821,21.8786443516186,4.05519888637191,35.9743265381433,0.00225669257975806,0.00213997118218444,5.69140577399914e-07,0.0009726201613742,0.00369652628691602,1.33290144885327e-05,1.25095330765979e-05,1.97375708629902e-11,6.21638959888332e-06,2.22401487307299e-05,-1564.93473203876,0.112512427689829,0.0897483991114075,0.98,0.478584906306413
"quadratic",800,"montoril",104,40.582,77.54549516293,301.775996565893,159.585450451909,979.127527536992,137.361393354974,38.1316205227903,1070.72411709892,147.915397077179,1.91083473369794,7.43620315819557,3.93241955674704,24.1271383257846,3.38478619474088,26.3842126336534,0.00184080336720256,0.00176562308713521,3.0450247052569e-07,0.000885624234368375,0.00292831361737709,1.20618317609075e-05,1.13757740681616e-05,1.4470331727845e-11,5.87629828045979e-06,1.9444709151889e-05,-1581.60476854615,0.0894902992246667,0.0747049951006791,1,0.452177180123362
"quadratic",800,"montoril",105,40.52,31.2259962299345,214.90121866699,108.043341412723,1061.93422612325,151.356400347574,19.7191619825533,1273.10332790675,148.648957814594,0.770631693729875,5.30358387628307,2.66642007435151,26.2076561234762,3.73535045280292,31.4191344498211,0.00235011492998336,0.00217577733355816,8.05582423059241e-07,0.000939392173972528,0.00415139752024438,1.2874239001668e-05,1.21543344038984e-05,1.70604888773514e-11,6.27404500742566e-06,2.1284265001038e-05,-1590.0895154419,0.0980047586280176,0.0785724260626151,1,0.484235195515066
"quadratic",800,"montoril",106,40.301,141.2519915599,588.900038502485,106.303346812374,944.380351114729,180.665207621265,40.1294465073207,1648.39185257578,328.58667937291,3.50492522666682,14.6125415871191,2.63773471656718,23.4331741424463,4.48289639515807,40.902008698935,0.00228959417579877,0.00214319220321981,6.73987610819374e-07,0.000939036681542804,0.00395020617279007,1.26171888399855e-05,1.19042889278215e-05,1.63041700209145e-11,5.98916068619764e-06,2.06076145270912e-05,-1585.03830197203,0.0815158402376583,0.0668330897987869,1,0.473992020811826
"quadratic",800,"montoril",107,40.269,136.342540661687,393.686246172197,165.068728327733,944.010159531613,141.310098896154,50.5511662442719,1154.7409520249,303.074444616245,3.38579405154553,9.77640979841061,4.09915141492794,23.4426024865682,3.50915341568338,28.6756798536069,0.00200337749235728,0.00191088538922643,4.44056966464037e-07,0.00086044485164161,0.00329528536551449,1.22605851501822e-05,1.1541234636959e-05,1.58945849329962e-11,5.83237451813683e-06,2.04363858797028e-05,-1552.80602329629,0.105455277490014,0.0851676631538219,0.9875,0.460287930376767
"quadratic",800,"montoril",108,40.082,86.971475578577,578.652716164144,122.000157234703,943.50211840433,165.897781179744,44.8113031481336,1476.06816645846,208.164882289044,2.16983872008824,14.436722622727,3.0437642142284,23.5392974004374,4.13895966218613,36.8262104300797,0.00228643436108251,0.00216362058324745,6.13517298606119e-07,0.000956774729348203,0.00384401212074186,1.2752421468983e-05,1.20031736985459e-05,1.68948029876425e-11,6.30330446795504e-06,2.11449861636778e-05,-1599.64977724084,0.0973857441310715,0.0741986134030035,0.98,0.47772253042153
"quadratic",800,"montoril",109,40.068,127.117690459888,446.260317155809,169.249515999997,1014.71271615816,151.574126422725,28.214936455362,1241.93386806249,154.774276305304,3.17254892831905,11.1375740530051,4.22405700309465,25.3247658020904,3.78292219284029,30.9956540896098,0.00206916613317637,0.00195315686349962,5.19845833506376e-07,0.000865587401970119,0.00350111381674571,1.22480600768935e-05,1.1598613017545e-05,1.47077310213743e-11,6.08005847885262e-06,1.99579653515634e-05,-1577.28397635479,0.0830685886224516,0.0694900352555442,1,0.466021017145371
"quadratic",800,"montoril",10,40.283,180.413532191721,674.731808330281,177.700571465021,779.161733675178,164.341402486614,12.0496599260957,1398.2084646987,60.4773984385559,4.47865184300378,16.7497904408877,4.41130430864189,19.3421972960102,4.07967138710161,34.7096409080431,0.00223753679761646,0.00211418742820286,6.05527093814996e-07,0.000937196980284845,0.00373049403089231,1.31135750721157e-05,1.23872138989931e-05,1.82104550433079e-11,6.15501636860771e-06,2.1566996354736e-05,-1589.47217549619,0.0926122139010137,0.0696670274926664,0.99375,0.4701328457549
"quadratic",800,"montoril",110,40.338,53.9578527757855,257.963198366926,154.575611532654,854.553126331139,159.9034731789,50.8168996712449,1282.60785217888,140.907747356944,1.33764323406677,6.39504185549422,3.83200980546021,21.1848164591983,3.96409026671874,31.7965157464147,0.00211102364629287,0.00199686163688733,5.27281918233567e-07,0.000927298007933023,0.00359841414339931,1.24572232793343e-05,1.17772053266555e-05,1.49126863540614e-11,6.23432779658741e-06,2.0301908178882e-05,-1556.26441358511,0.0973048252146402,0.0770691025213329,0.995,0.47255218195053
"quadratic",800,"montoril",111,40.461,79.3305316199332,417.236578704279,107.627946727155,827.085569740934,153.312674650526,29.8458923573389,1304.57438078696,183.383985389644,1.96066660784294,10.3120678852297,2.66004168772782,20.4415503754463,3.789146947691,32.2427616911832,0.00215184524421514,0.00203867171409155,5.73971800577284e-07,0.000881165953750344,0.00362659611118872,1.20339370242849e-05,1.13635188741103e-05,1.40620853445797e-11,5.89570273816251e-06,1.95053546921269e-05,-1546.57651364856,0.0851691130771639,0.0625698297311166,1,0.477408127124576
"quadratic",800,"montoril",112,40.961,168.331867122349,693.890726154234,153.380653333739,1237.26775835252,155.205868375236,43.8876262996516,1250.51943262286,397.494140594843,4.10956439350478,16.9402779754946,3.74455343701908,30.2059949306051,3.78911326323176,30.5295142360504,0.00210175213416549,0.00198604824635768,4.67815727318843e-07,0.000974660845142408,0.00347971828611603,1.27277374843449e-05,1.20762768512621e-05,1.53516765154295e-11,6.28497130730413e-06,2.04728525656952e-05,-1592.23660610582,0.089798493393385,0.0705656171354541,1,0.46611768058971
"quadratic",800,"montoril",113,40.353,100.679770246476,503.270421999893,136.28142996648,1087.60877146665,201.063119916801,34.8434526790224,1992.48134962313,237.824075542642,2.49497609214868,12.4716978167644,3.37723167958962,26.952364668467,4.98260649559639,49.3762879989871,0.00270408491373107,0.00256840340604505,9.57779282419942e-07,0.00109118138992922,0.00466230548079502,1.36388342883641e-05,1.27798260570481e-05,2.15047481731726e-11,6.34117297549551e-06,2.26548402755705e-05,-1552.4761984252,0.0950590948063915,0.0758266691691236,1,0.492549485147888
"quadratic",800,"montoril",114,40.933,148.64578604323,631.021210749343,169.727522508052,1095.74798824194,165.701484581024,57.0288783131139,1284.76637095607,279.574654802455,3.63144128315125,15.4159531612475,4.14647161234339,26.7693056517222,4.04811483597645,31.3870561883093,0.0020803111500429,0.0019606644572594,4.97679331468752e-07,0.000933703303775338,0.00350244828120248,1.27244780203158e-05,1.20194368906633e-05,1.59713865274434e-11,6.35030974103759e-06,2.09582364785026e-05,-1590.56267289803,0.0968268251248501,0.0722495165369713,0.9575,0.467186952108927
"quadratic",800,"montoril",115,40.538,140.648890849176,572.636929503824,130.520035599341,845.863127708133,156.259365640604,38.0955933326694,1338.9709989639,31.110736204396,3.46955673316829,14.1259294860088,3.21969597906509,20.8659314151693,3.85463924319414,33.030021189104,0.00219705112531501,0.00204294741679197,6.60822761055265e-07,0.000890878209323905,0.00379516498037072,1.22748579572214e-05,1.16238942721398e-05,1.45178028650818e-11,5.98578618277255e-06,1.98618276328597e-05,-1568.12029550724,0.0855411618569182,0.069183656295928,1,0.474688235044421
"quadratic",800,"montoril",116,41.126,30.9040466618805,123.685163363753,139.920792824089,712.660355724094,170.863519318338,13.2452109247593,1526.52292827746,73.2577353229167,0.751447907938543,3.00746883635056,3.40224657939233,17.3287058241525,4.15463500749741,37.1181959898229,0.00234197039120698,0.00220291776615906,6.98019519279002e-07,0.000962046981668026,0.00405028429360405,1.25413940908539e-05,1.17867559421502e-05,1.70259771453208e-11,5.94781360525877e-06,2.07332195952963e-05,-1597.17463820928,0.0871063020926425,0.0653595615328642,1,0.476731974384023
"quadratic",800,"montoril",117,40.184,96.5958422096978,472.766995202774,89.2271784774487,1156.61838414724,153.512403094425,49.968652321289,1315.41921798028,275.066218327624,2.40383839860884,11.765055624198,2.22046532145751,28.7830575390015,3.82023698721941,32.7348999099214,0.00205808268630898,0.00192896558313342,5.2811411371935e-07,0.000875396339845769,0.00351390952530874,1.19289007818938e-05,1.12797839085826e-05,1.37164918142244e-11,5.83277339421245e-06,1.92975093948445e-05,-1574.58339611765,0.0771983881495358,0.0614490428668437,1,0.467595564356657
"quadratic",800,"montoril",118,40.598,127.115022099379,440.896578835742,175.061474432464,1053.23776750124,161.292420298923,12.4622268149513,1338.90025024043,196.378032272284,3.13106611407899,10.8600566243594,4.31207139347908,25.9430949184994,3.97291542191544,32.9794632799752,0.00215008073398079,0.00201636656333888,5.98014420346336e-07,0.000897237052598491,0.00364338518781802,1.27171179303108e-05,1.19974043885965e-05,1.69781681451453e-11,5.86987627639313e-06,2.07462715243217e-05,-1603.67658470349,0.107369569612528,0.0822851907375941,0.97625,0.46901106266797
"quadratic",800,"montoril",119,40.277,49.9034975751934,197.140477016682,135.707273684594,1146.35054171524,135.150502221559,38.8446397364246,1036.20591391054,128.961957867424,1.23900731373224,4.89461670473674,3.36934909960011,28.4616665023522,3.3555255411664,25.7269884527282,0.00184793580581622,0.00175245258711307,3.96193556705377e-07,0.000780969224699457,0.00311926883716325,1.1913481300049e-05,1.1241127098573e-05,1.37930586167479e-11,5.89395775311822e-06,1.92779265784979e-05,-1556.04792694135,0.0969641640014047,0.0793068998677715,0.9975,0.453463249574689
"quadratic",800,"montoril",11,40.394,174.000916633883,633.152579052897,139.315747318432,837.59767548082,175.226464070486,19.26899642331,1756.35387523116,160.411883222332,4.30759312357981,15.6744214252834,3.44892180319928,20.7356952884295,4.33793296208561,43.4805633319592,0.00240793849505425,0.00226068751903053,8.25183016742812e-07,0.000932082482689391,0.0042402064002938,1.2262490776818e-05,1.16008507089051e-05,1.50791684462733e-11,5.8397531041946e-06,2.01439371616132e-05,-1608.25790803387,0.0708638979123656,0.0593694459630715,1,0.478140755870144
"quadratic",800,"montoril",120,40.44,90.1455688928477,461.977826742546,146.927771225371,1009.76567168289,146.036592089244,56.6649696783117,1166.46784997999,95.9907683868072,2.22911891426429,11.4237840440788,3.63322876422778,24.9694775391417,3.61119169360147,28.8444077640947,0.00208203863482211,0.00196587607653799,5.05426257329308e-07,0.000907382858087879,0.00347949106682573,1.26544950271217e-05,1.19902679649216e-05,1.61633987596725e-11,5.97671534734376e-06,2.05080546228314e-05,-1556.6473273734,0.124567746774725,0.0961519662295793,0.93875,0.471678815032324
"quadratic",800,"montoril",121,40.497,93.0354248735657,549.67160536758,118.056973869,747.716643360276,176.743879215014,52.4096077138565,1616.99549394033,133.84605266744,2.29734115795159,13.5731438221987,2.91520295007037,18.4635070094149,4.36436968701421,39.9287723520342,0.00234424426062083,0.00216415877999945,8.81349866305564e-07,0.000956662179130603,0.00418796657269969,1.22916510191961e-05,1.16295444884985e-05,1.6075719544743e-11,5.96403720328508e-06,1.99588153756887e-05,-1614.21720090798,0.0876938922238161,0.0707910378873641,0.995,0.474071630122657
"quadratic",800,"montoril",122,40.519,85.6871510499573,353.301584033938,135.324830918959,1114.91568348746,173.862457934679,21.6190245616718,1697.93820228101,204.405724407397,2.11474002443193,8.71940531686217,3.33978703617954,27.5158736268777,4.29088718711417,41.9047410420053,0.00241537797774948,0.00226877208322139,7.51993437628296e-07,0.00100501206146459,0.00415195070478959,1.28669913769632e-05,1.21451829034689e-05,1.67657891435129e-11,6.15794501809949e-06,2.11803817554952e-05,-1559.46025559305,0.0833033034548205,0.0679660498711973,0.99875,0.478762488642875
"quadratic",800,"montoril",123,40.219,112.87724299274,580.634322607148,172.083294777767,915.306973469681,133.045483502847,17.9125307321588,1036.95179790234,206.803059021237,2.80656513072775,14.4368164948693,4.27865672388092,22.7580738822368,3.30802564715301,25.7826350208196,0.00189839111690329,0.00180260998794435,4.20461177403917e-07,0.000814574175393049,0.00312754531855321,1.218359917455e-05,1.15780604468696e-05,1.43970883564224e-11,5.87791623758651e-06,1.96138909145837e-05,-1551.67574343152,0.105585633613376,0.0847187311867703,0.98375,0.466215194899088
"quadratic",800,"montoril",124,40.26,183.722826204817,706.854584047845,157.9136925664,1161.77807042682,163.456202869908,14.5637872293628,1495.07728371996,324.426799577901,4.56340849987126,17.557242524785,3.92234705828117,28.8568820274917,4.06001497441401,37.1355510114248,0.00226925864795721,0.002136053898148,6.33108846136168e-07,0.000954234024843432,0.00386652307613619,1.25806520213466e-05,1.19180562785357e-05,1.54932494371994e-11,6.15590168965799e-06,2.03742874636701e-05,-1544.71703624114,0.110503201638015,0.0885089847873056,0.97,0.47460262114342
"quadratic",800,"montoril",125,40.665,99.6372762840543,438.21021079167,152.771751874141,1254.72330709258,136.02950197763,37.8659024223523,1033.56437314869,254.203110922303,2.45019737572985,10.7761025646544,3.75683639183919,30.8551163677014,3.34512484882896,25.4165590347644,0.00188062237177586,0.00177092320799509,4.2106562173829e-07,0.000795529363943097,0.00313936941995994,1.22732150424626e-05,1.15915453427561e-05,1.50393410745067e-11,6.03011336529873e-06,1.98951746034427e-05,-1588.92165183885,0.113103199924421,0.0921140052466937,0.9725,0.457834440233451
"quadratic",800,"montoril",126,39.886,110.276896301985,336.149638524429,123.50503650635,638.424159767164,169.829816889691,38.2154891152529,1468.79331815132,235.224158328608,2.76480209351615,8.42776007933684,3.09645079743142,16.0062217260985,4.25788038132905,36.8247835870059,0.00237050666064738,0.00219804414912596,8.47377920142233e-07,0.000935978193559931,0.00415856008341071,1.28620856333672e-05,1.20959843393734e-05,1.72779904752131e-11,5.95231833918511e-06,2.120175734182e-05,-1580.06622615435,0.10232593499255,0.0829065526626142,0.97875,0.484108656172007
"quadratic",800,"montoril",127,41.134,115.560537510878,458.26076201356,212.075401602051,1166.35482782827,129.964202458577,17.0469679037059,901.471346489613,151.02757971565,2.80936785897014,11.1406807510468,5.155720367629,28.3550062680088,3.15953232018711,21.9154798096371,0.00170974775122832,0.00161599310088699,3.03326983035695e-07,0.000782368043227554,0.00283816649742404,1.15617164391141e-05,1.09856177164439e-05,1.16184042631833e-11,5.78781895504194e-06,1.84086508154088e-05,-1533.67101692827,0.0988354988784346,0.07725680942468,0.975,0.454303921699233
"quadratic",800,"montoril",128,40.493,90.7709337020116,365.020443565095,188.629816025478,929.585947261283,163.042834814836,11.3871397362458,1373.98785024905,134.811364818724,2.2416450670983,9.01440850431174,4.65833146532679,22.9567072644971,4.02644493652819,33.9314906341602,0.00213378743811052,0.00202106855821597,5.34233143037203e-07,0.000924732516457176,0.00360937802718106,1.29622285612278e-05,1.22698057450653e-05,1.69896259310794e-11,5.98031307871482e-06,2.10528814213253e-05,-1557.22134855094,0.0822021737049911,0.0637224579307175,0.9925,0.468591611792125
"quadratic",800,"montoril",129,40.816,162.111000548453,584.563359581082,160.76834310141,987.62045689441,184.591940856602,37.4325474915439,1802.4411614722,278.39599957174,3.97175128744739,14.3219168850716,3.93885591683187,24.1968947690712,4.52253873129659,44.1601617373629,0.00252877315267322,0.00238659203692086,8.31715897357505e-07,0.000982194272676686,0.00435566178594386,1.28249339801738e-05,1.20825060006128e-05,1.70815698811713e-11,6.1159421926909e-06,2.11281758381493e-05,-1587.56343492439,0.0852385447594054,0.0694643295298312,1,0.483929344374264
"quadratic",800,"montoril",12,40.222,103.151521026574,395.225215701846,101.861988392557,687.825744349561,155.019730197666,6.55741754725226,1284.13910382427,46.2603454004412,2.56455474681951,9.82609556217606,2.53249436608217,17.100734532086,3.85410298338387,31.9262867043973,0.00214244357930234,0.00198628224900432,6.4974524354338e-07,0.000847109146754171,0.00375918404243553,1.25723608570297e-05,1.18339989442478e-05,1.79255273974901e-11,5.85159554634487e-06,2.05316291264929e-05,-1543.75635336675,0.093121315095542,0.0659225870324798,0.9775,0.472407162156685
"quadratic",800,"montoril",130,40.047,39.1289008243851,349.367395692559,141.402509284011,836.097549933479,126.445029764679,31.0491402077235,915.753639079942,55.1599407313569,0.977074458121336,8.72393426954725,3.53091390825808,20.8779072073683,3.15741578057479,22.8669722845642,0.00180030452174363,0.00170863075528853,3.56023207823739e-07,0.0008160054689507,0.00296168715185732,1.1836163264782e-05,1.11897564953811e-05,1.2996988320186e-11,5.89257043918292e-06,1.90142368646297e-05,-1531.87623236879,0.080204378051466,0.0616364190173589,1,0.461001298761419
"quadratic",800,"montoril",131,40.396,68.7689086314417,398.296656855662,172.051593719487,1173.66567207988,141.204530502064,44.8481853958905,1097.30862482004,131.164906423744,1.70236926011095,9.85980435824493,4.25912451033485,29.0540071313961,3.49550773596554,27.1637940593137,0.00202182965843403,0.00188612535564085,4.9209993709919e-07,0.00085151792013039,0.00341241889942749,1.20224212642837e-05,1.1393933877861e-05,1.43339330323479e-11,5.75506924670604e-06,1.94094799492317e-05,-1556.64355184353,0.106471099641776,0.082392144171751,0.99,0.47079185753612
"quadratic",800,"montoril",132,40.205,172.629454226667,613.86067119927,206.377926471356,715.415056743137,139.821179130112,31.4535302296811,1239.88885223123,330.047445030558,4.29373098437177,15.2682669120575,5.13314081510647,17.7941812397248,3.47770623380456,30.8391705566777,0.00207698225985791,0.00198192246553302,4.58617655577793e-07,0.000962458327678743,0.00344991066061084,1.24355894444196e-05,1.17635843874025e-05,1.52944367634559e-11,6.01604675860032e-06,2.03686692804294e-05,-1598.7656862753,0.10632971584924,0.0866996480670389,0.97375,0.472799284246296
"quadratic",800,"montoril",133,40.53,121.980244815112,448.797422075041,185.186781734425,1000.41446871121,173.705382606132,56.9453384961417,1529.67091499752,292.702718100035,3.00962854219373,11.0732154472006,4.56912858954911,24.6833078882608,4.28584709119497,37.7416954107456,0.00224279733893947,0.00211022258918799,6.00758065927487e-07,0.000962593117108606,0.00382214410525363,1.22778448574652e-05,1.15553858993297e-05,1.59449532186483e-11,6.00619453122072e-06,2.00875699605932e-05,-1590.97961711591,0.0864194286557928,0.070343957823617,0.995,0.467671335999121
"quadratic",800,"montoril",134,41.691,91.4287553792243,269.152554798209,155.682062364416,997.761430342827,154.570310367653,9.21757181370484,1346.37558959427,190.466412575468,2.193009411605,6.45589107476936,3.73418873052734,23.9322978662739,3.70752225582627,32.2941543641139,0.00211404258462249,0.0019684447913365,5.45225908312794e-07,0.000905523522717791,0.00360346282923771,1.21241172363907e-05,1.15020940188502e-05,1.43121997821223e-11,5.91822992843345e-06,1.94629959271987e-05,-1570.41186316104,0.0851109477604591,0.0644789036458951,0.9875,0.469037532959117
"quadratic",800,"montoril",135,40.48,86.7571428705398,357.857446284998,120.961482445662,918.985667951635,158.242138306277,52.582098318876,1339.57460161505,248.347093175382,2.1432100511497,8.84035193391792,2.98817891417149,22.7022151173823,3.90914373286256,33.0922579450357,0.00209957211705412,0.00197218866456368,5.81062843416747e-07,0.000850579061198238,0.00360577914797418,1.21265768463479e-05,1.14736537977699e-05,1.42502600595154e-11,5.90548259302293e-06,1.97136293568057e-05,-1587.39670177902,0.0845994062920265,0.0664997057193873,1,0.466678304058417
"quadratic",800,"montoril",136,41.088,133.293608553488,734.101115217933,138.285493413142,872.645344265499,161.346367352091,39.9440092378131,1358.91511228533,259.718025203322,3.24410067546457,17.8665575160128,3.3655932002809,21.2384478257764,3.92684889388851,33.0732844695612,0.00215449327573492,0.0019974413488044,6.24624669180973e-07,0.000924851589002046,0.00373066303570499,1.22749869189904e-05,1.16001356309595e-05,1.54880448884353e-11,5.83799945514032e-06,1.99596154406525e-05,-1591.38981032209,0.087288064797948,0.0704100974951095,0.99125,0.472895891067743
"quadratic",800,"montoril",137,40.432,142.284713977212,522.539483786747,156.681064805179,849.236407060596,146.368446270868,42.0257042433978,1136.13802309007,314.284787958452,3.51911144581549,12.9239088787779,3.87517473301295,21.0040662608972,3.62011392636695,28.0999708916223,0.00193396546943798,0.00182892567846786,4.33747349781675e-07,0.000897264285324121,0.0032866780791215,1.20220541021022e-05,1.13645196992162e-05,1.49923226082659e-11,5.71195605299427e-06,1.96487830243334e-05,-1559.31046976501,0.0684559446776384,0.0561550953636063,1,0.463763010618825
"quadratic",800,"montoril",138,40.343,175.544557305009,748.30724487474,103.237715799173,1001.53209728801,198.566862704961,62.0382778112294,2002.7582782176,436.404095966944,4.35130152207345,18.5486266483588,2.55899947448561,24.8254244178174,4.92196571164666,49.6432659499194,0.00253788454638229,0.00232540810052422,1.06225726461486e-06,0.000921342265321828,0.0046686918048119,1.27810031298004e-05,1.21124503107058e-05,1.64890270285636e-11,6.11176850380649e-06,2.08691821826784e-05,-1587.45420772249,0.0949724529126156,0.0773225918580918,0.9925,0.477885540356609
"quadratic",800,"montoril",139,40.308,160.238651557411,631.882953169625,187.893435909004,1156.58250217166,166.263674776244,23.3225376785299,1374.39312340413,222.506525458312,3.97535604737052,15.6763658124845,4.66144278825552,28.6936216674522,4.12483067322229,34.097279036522,0.00214357491295271,0.00204885152451064,5.07557427445395e-07,0.000969776211831335,0.00357452668449167,1.2667675409912e-05,1.19716253963319e-05,1.55228858483557e-11,6.14166462063233e-06,2.06175245594844e-05,-1615.44105809002,0.125321329271021,0.101518902784196,0.9625,0.465956155071096
"quadratic",800,"montoril",13,40.325,122.606856593373,500.195900113717,228.847003997409,903.886717386478,169.022201645571,57.8718784786544,1451.90905220752,298.663691598209,3.04046761545872,12.4041140759756,5.67506519522403,22.4150456884434,4.19149911086351,36.0051841836954,0.00216236755122616,0.00205297059880741,5.34200501689425e-07,0.000958179703088587,0.00361370063865168,1.26235937051586e-05,1.18869814233379e-05,1.6229211736893e-11,6.16960466014274e-06,2.07362780003148e-05,-1559.06464038897,0.0865794118675515,0.0696841405418756,0.99625,0.466018991475914
"quadratic",800,"montoril",140,39.966,89.0438064982295,289.596551871622,188.109933151401,1127.17799085803,135.036609865505,18.7320530288691,1127.11795640171,27.1994880440222,2.22798895306584,7.24607295880552,4.7067490654907,28.2034226807293,3.37878721577102,28.201920542504,0.00197579324227732,0.00185970020222215,4.33823986640502e-07,0.000909460618952999,0.00331391097240246,1.23538779983406e-05,1.16130124863973e-05,1.59728238414438e-11,6.04881208627538e-06,2.02854644223699e-05,-1574.94981826549,0.0887933668125193,0.072643077036882,1,0.474669025453357
"quadratic",800,"montoril",141,41.356,89.7313627965563,431.866814162398,196.682031772872,641.242043772424,139.469796376129,32.8989723854771,1095.82003561716,36.0407722744846,2.1697302156049,10.4426640430022,4.75582821774041,15.5054174429931,3.37241987561972,26.4972443083751,0.00185457558542368,0.00173584241814745,4.13822934660358e-07,0.000834634667042712,0.00309563719885698,1.18412634598054e-05,1.11555635288096e-05,1.40417590901438e-11,5.63824078112635e-06,1.93152573129044e-05,-1574.41544664359,0.115145565043041,0.0928183916394279,0.985,0.456219255415211
"quadratic",800,"montoril",142,40.432,89.6925294039089,406.834958669824,182.803919775448,999.922534814364,145.799404890277,17.4819546358989,1165.44730064537,238.927507516931,2.21835500108599,10.0622021831674,4.52126829678098,24.7309689061724,3.60603989142949,28.8248738782492,0.00185998302705592,0.00173307946156429,4.20120142163338e-07,0.000806038882399958,0.00314294006420901,1.21046710914148e-05,1.14366808240519e-05,1.47807721852511e-11,5.87147099456108e-06,1.97188679569972e-05,-1587.10821651901,0.0937765270647817,0.0772817683369178,1,0.452254567760006
"quadratic",800,"montoril",143,58.229,81.2141605771462,281.416420046758,121.885754828,733.503527955597,161.9609599268,37.4558389864171,1253.93205918503,190.945969931395,1.39473734010796,4.83292551901558,2.09321394542238,12.5968766071132,2.78144841791547,21.5344941384024,0.00211462383026751,0.00200062852508549,5.26994297836014e-07,0.000905203950984493,0.00352448652269877,1.31430383512819e-05,1.23947994490452e-05,1.818943047948e-11,6.12520404695289e-06,2.15775658132081e-05,-1569.24050935084,0.120832653609081,0.102650000277711,0.98,0.470695958169518
"quadratic",800,"montoril",144,58.631,60.4808363922959,354.583390341207,120.370708518393,1103.83009601393,137.229736899217,21.5872230951347,1075.98143197837,129.163377962649,1.0315504834012,6.04771179651051,2.05302158445861,18.8267315245166,2.34056620046079,18.351749620139,0.00188967648003774,0.00177988540793474,3.99836378571054e-07,0.000873422609496632,0.00314871711354999,1.17415965999925e-05,1.11362222734125e-05,1.30180594155825e-11,5.72126101042285e-06,1.89929903950152e-05,-1588.89596006384,0.0921809607896502,0.0757904897714328,0.9875,0.457682771267708
"quadratic",800,"montoril",145,40.219,70.4195206335785,234.549069472267,189.104315675731,1033.79096074248,144.2013585942,34.0152048036032,1141.5807184812,169.677463301287,1.75090182832936,5.83179764470194,4.70186518003259,25.7040443756056,3.58540387861955,28.384114932773,0.00202424467325848,0.00193257232438652,4.01180551684013e-07,0.00093960004847837,0.00328355225449102,1.23388381595037e-05,1.16499540938979e-05,1.53832330800743e-11,5.99299501166618e-06,2.0034887538169e-05,-1583.12556555882,0.102845327472386,0.082466502506847,0.9975,0.471156631354253
"quadratic",800,"montoril",146,40.136,91.937764731804,278.525869252574,195.47104905636,818.014965357524,156.240984072157,11.8857047263068,1304.57287738514,198.791796827659,2.29065588827497,6.93955225365192,4.87021748695336,20.3810784671498,3.8927891188,32.5038089840825,0.00224518301612227,0.00210292591434315,6.09173369620088e-07,0.000981491660858367,0.00384255186137428,1.29462684410438e-05,1.21890567815261e-05,1.77529585704835e-11,6.13937123147707e-06,2.13831514128626e-05,-1554.35051713219,0.110891004795048,0.0855745994464097,0.95625,0.478358816623441
"quadratic",800,"montoril",147,40.077,114.934567568417,431.733975638055,109.719739987941,1133.6789728613,165.402898955988,48.1434434792087,1261.81304009347,107.254919275366,2.86784359029909,10.7726121126346,2.73772338218782,28.2875208439081,4.12712775297522,31.4847179203402,0.00209580639693397,0.00198046714515171,4.94987243935338e-07,0.000916990744847542,0.00346455049760327,1.27596066280254e-05,1.20190365874771e-05,1.75523640479545e-11,6.06858824867369e-06,2.10847195160264e-05,-1575.39661584757,0.104605370592193,0.0812743933953085,0.97875,0.46869997325416
"quadratic",800,"montoril",148,40.171,98.841356084847,359.795826342029,187.081900496956,1268.94984452516,144.440622072515,30.3918033350103,1158.74778079705,233.711258566089,2.4605151996427,8.95660616718602,4.65713824642045,31.5887044018112,3.59564417297341,28.8453805182109,0.00190017076400811,0.00180803414239167,3.79309481046705e-07,0.000891715535177112,0.00312429178198964,1.18742560540345e-05,1.12669277936464e-05,1.36015358813169e-11,5.76081029502785e-06,1.90709599537186e-05,-1568.06202110488,0.0824223321735242,0.063960518972133,1,0.459525415825255
"quadratic",800,"montoril",149,40.326,150.895516900754,505.129052693972,144.761869788337,1106.69458280018,168.640433707084,35.932236756266,1467.92888365745,240.999479966144,3.74189150673893,12.5261382902835,3.58978995656244,27.4436984278179,4.1819281284304,36.4015494633104,0.00218166604968178,0.0020325171935222,6.18486104029613e-07,0.000930736491952661,0.00371623764311894,1.22360772264261e-05,1.16054660971563e-05,1.43899712538373e-11,6.01610944806519e-06,1.99042721371149e-05,-1605.3444253165,0.0906985388606629,0.0720843213395383,0.98375,0.461977646253797
"quadratic",800,"montoril",14,41.185,68.8565268404237,258.738750677653,91.460323167353,996.162725213625,168.616438714926,44.8475107763102,1471.10522636273,190.545476528907,1.67188361880354,6.28235402883702,2.22071927078677,24.187513056055,4.09412258625532,35.7194421843567,0.00232492612970049,0.00216738732835287,7.32070751616215e-07,0.000954863574861149,0.00407015182808805,1.29972091256597e-05,1.22946214909467e-05,1.67665489903476e-11,6.40477829708542e-06,2.11838943509371e-05,-1596.41543402658,0.111668437645215,0.0891482830615235,0.97,0.479296823388341
"quadratic",800,"montoril",150,40.132,162.700348350178,562.208865175949,127.56626418965,974.113906444658,191.793147477391,22.3280669665183,1913.92763024812,43.1627795531326,4.05413007949212,14.0089919559441,3.17866700362927,24.2727475940561,4.77905779620729,47.6908110796403,0.00266936462403824,0.00246712716687441,1.11226027849895e-06,0.000954724964525033,0.00470131066235085,1.31132503656865e-05,1.23470155820799e-05,1.86968452229296e-11,6.24362140976116e-06,2.17184169094019e-05,-1589.77270124091,0.0904640723171059,0.074946636926065,1,0.481555565394168
"quadratic",800,"montoril",151,40.145,94.6372004467888,323.425171450233,216.983295150974,1295.28627964338,153.340609833368,50.4207027057164,1287.70576261685,234.525499199717,2.35738449238482,8.05642474654959,5.40498929258871,32.2651956568286,3.81966894590529,32.0763672341972,0.00197817066325438,0.00188875165868645,3.78580250592533e-07,0.000944788994363883,0.00319218279300105,1.18217715090468e-05,1.11941267006089e-05,1.2894320089612e-11,6.05688679234059e-06,1.92240466171415e-05,-1586.87487677313,0.0937042869354152,0.069705866241978,0.98875,0.453998642859561
"quadratic",800,"montoril",152,40.979,55.2001932723758,345.388559385249,154.269556952538,1313.58978566908,136.98060349882,11.3172235582577,1037.57194208324,146.32639372514,1.34703612270616,8.42842820433024,3.76460033071909,32.0551937741057,3.34270244512605,25.3196013100184,0.00182029258078589,0.00171269522806294,3.69044231855262e-07,0.000814398422468142,0.00303388640044672,1.18950165552095e-05,1.1252636233092e-05,1.32911823208825e-11,6.0884886818444e-06,1.93569644609085e-05,-1567.97502007163,0.111130932520476,0.081407323765918,0.9525,0.456283609196242
"quadratic",800,"montoril",153,40.227,163.014951217114,717.227017610245,49.7147116932691,829.894188591486,159.45803278103,54.9608739979946,1404.73535955732,341.515684423728,4.05237654354323,17.8294930671003,1.235854319071,20.630277887774,3.96395537278519,34.9202117870415,0.00225796801123022,0.00209130118076407,7.32226007384139e-07,0.000914429577476495,0.0040131415694487,1.2380740134141e-05,1.16668632487555e-05,1.49207023499694e-11,6.18446168833016e-06,2.02009801312925e-05,-1610.60572629547,0.0989135994977912,0.0759516194311785,0.985,0.482745271530451
"quadratic",800,"montoril",154,40.099,70.7550115647527,307.020798308954,171.913171561543,862.266458053008,131.781160974216,24.1646374368964,1078.56702434487,46.4912006430223,1.76450813149337,7.65656994710478,4.28721842344057,21.5034404362455,3.2863951962447,26.8976040386261,0.00179325479904959,0.00169215138679695,3.64367038484075e-07,0.000799863651660516,0.00300113958024677,1.13785414212512e-05,1.07223105573467e-05,1.26056235267128e-11,5.74818342959967e-06,1.85191430004123e-05,-1582.46337755608,0.0681553913491675,0.0520177836957832,0.99625,0.452184420970015
"quadratic",800,"montoril",155,40.242,70.0054855310532,280.283043884692,163.187617721566,723.28358877978,153.197842065103,41.5137971012898,1267.85436930486,213.689306118582,1.73961248275566,6.96493822088097,4.05515674473351,17.9733509462696,3.80691422059298,31.5057494484583,0.002010420114327,0.0019050624842959,4.49257658602754e-07,0.000879957070014528,0.00333741786411124,1.26589711036951e-05,1.19858031656932e-05,1.5627688019513e-11,6.18332898334891e-06,2.0623836430317e-05,-1580.33984307992,0.104175486445974,0.0832272428448688,0.99125,0.46527300733375
"quadratic",800,"montoril",156,40.277,180.895597344198,703.524950565004,94.0714533882422,856.050256031584,151.826091009631,16.995491109049,1250.73714196113,94.1525931742159,4.4912877658266,17.4671636558086,2.33561222008199,21.2540719525184,3.76954815427244,31.0533838657578,0.00208658252475843,0.00193333591348283,6.33917821658396e-07,0.000848871657309221,0.00367683974133792,1.20787907867583e-05,1.13577547318299e-05,1.48826461280235e-11,5.85133693370363e-06,1.97998593939243e-05,-1585.04463185846,0.0745955857217455,0.0594509150540673,1,0.466283717271239
"quadratic",800,"montoril",157,40.667,89.5087238251886,296.44492490034,153.867837857358,1028.66621510492,135.24154998882,16.8106290553558,1120.30419214547,219.795521631324,2.20101615130668,7.28956955025796,3.78360434399778,25.2948635282888,3.32558462608062,27.548237936053,0.0019617757804423,0.00185092312755798,4.7489523613691e-07,0.000799780318160285,0.00334236618983928,1.16698147504947e-05,1.10753090005142e-05,1.29856494075316e-11,5.66852026674971e-06,1.87132795834078e-05,-1576.5618388072,0.11231201640507,0.0945748057611771,0.99125,0.463538108108102
"quadratic",800,"montoril",158,40.148,141.061801813012,461.346932385343,169.206174301865,1157.49096476608,147.855750172614,40.86599148757,1282.1706184789,183.612035922831,3.51354492908768,11.491156032314,4.21456048375673,28.8306008958373,3.68276751451166,31.9361018849981,0.00202670780001057,0.00190501325191446,4.66990635520028e-07,0.000915814655247197,0.00336635418198244,1.2256196480342e-05,1.1513805073996e-05,1.56797182670789e-11,5.85949358822862e-06,2.02594394912784e-05,-1584.14075904049,0.0746155019691482,0.0606584955002726,1,0.46409719052269
"quadratic",800,"montoril",159,40.104,83.7633701474885,294.240908075213,156.826773757637,1151.14406380525,161.861765651014,40.3836717067637,1369.70330745076,220.798295105754,2.088653753927,7.33694664061474,3.91050203864045,28.7039712698298,4.03605041020881,34.1537828508568,0.00217703495565956,0.00206996439840268,5.39059661980533e-07,0.000910568455237726,0.00367525493835682,1.20376804088035e-05,1.14366039391718e-05,1.39145964750134e-11,5.88048760292848e-06,1.95311323334825e-05,-1582.07119437762,0.0741385464005525,0.0619489451434423,1,0.472011906086843
"quadratic",800,"montoril",15,40.256,113.510896005326,413.583349233247,85.44447967696,604.187625768232,152.569025781417,34.5656494573272,1344.49343185357,263.80597403994,2.81972615275552,10.2738312110803,2.12252781391495,15.008635377788,3.78996983757496,33.3985848532782,0.00227749909626475,0.00213341116566489,6.86954451534188e-07,0.000947532148589646,0.00389529516474578,1.28864878362227e-05,1.20522281377192e-05,1.8480576021771e-11,5.999990774083e-06,2.13302453294864e-05,-1570.71760128519,0.0881964087530381,0.065598713816341,0.985,0.485446762847527
"quadratic",800,"montoril",160,40.234,107.562708097368,404.575784164062,172.343588351612,843.299135600938,138.084277087405,38.1729790866252,1054.55511499979,215.307725535185,2.67342814776974,10.0555695223955,4.28353105213531,20.9598631903598,3.43202955429252,26.2105461798427,0.00190327855357644,0.00178510696240221,4.40028966301493e-07,0.000828402917502269,0.00326197400691184,1.19614184323426e-05,1.12809693790362e-05,1.40175180277058e-11,6.03967767828838e-06,1.95057137518633e-05,-1608.93000284892,0.0767640218570852,0.0653398824672078,1,0.455999280910389
"quadratic",800,"montoril",161,40.386,82.1400388658887,353.224664513599,119.881210489474,637.565658239674,153.381455796631,28.5644558340458,1261.7990597851,203.774514478399,2.03387408671046,8.74621563199126,2.96838534367043,15.7867988471172,3.7978867874172,31.2434769421359,0.00213582913941849,0.00200965519221628,5.82050315254974e-07,0.000894638059774256,0.00370173292515193,1.26735828687827e-05,1.18110167934635e-05,1.861821145657e-11,5.88350354484596e-06,2.12616198703689e-05,-1590.12132581125,0.0870974804179225,0.0641380430943278,0.995,0.475513352921762
"quadratic",800,"montoril",162,40.479,132.393961764218,423.681233524287,116.440844341624,705.479902605567,139.265430990074,43.9718770004949,1120.7283487966,213.562904080822,3.27068261973414,10.4666921990239,2.8765741332944,17.4282937475127,3.44043654710032,27.6866609549791,0.00203333200193079,0.00191088425153222,5.1412001922351e-07,0.000872137511170851,0.00346819182974569,1.30029445107364e-05,1.23080017801972e-05,1.6995304762347e-11,6.19942038698476e-06,2.13105811908631e-05,-1593.92795218936,0.126487148332035,0.103196695506577,0.96375,0.472834952720653
"quadratic",800,"montoril",163,40.02,118.819781971305,511.260651454079,149.654632648432,969.001703252361,153.158079109416,50.9178523819843,1279.524187926,241.492279757991,2.9690100442605,12.775128721991,3.73949606817671,24.2129361132524,3.82703845850615,31.9721186388307,0.00208291506222132,0.00192025868226277,5.70994971116843e-07,0.000886065881469504,0.00362425538741299,1.2086209320395e-05,1.13797657041427e-05,1.50291074858056e-11,5.8101145640099e-06,1.97017563140188e-05,-1571.56409597838,0.0971103353465397,0.0787860597888808,1,0.470455050834767
"quadratic",800,"montoril",164,41.304,103.780823979869,418.085318440902,130.874250462726,686.828979194806,162.3082744986,52.7758095500968,1336.37215137865,289.325731859153,2.51260952885602,10.1221508435237,3.16856116750741,16.6286311058204,3.92960184240268,32.3545455979723,0.00206434703975106,0.00194039739696129,5.06202290318541e-07,0.000906495059561088,0.00352841996410795,1.25895364041028e-05,1.17814221267727e-05,1.79837817002615e-11,5.85877968949849e-06,2.11998137291935e-05,-1584.50299238467,0.0894040752186865,0.0721605064156906,0.99375,0.465742695851359
"quadratic",800,"montoril",165,40.421,123.680317422656,385.400754367239,160.832182680669,1022.34375028611,152.958224478176,60.7446947630647,1215.38405669593,269.085725917874,3.05980350369005,9.53466649432818,3.97892636700402,25.292391338317,3.78412766824612,30.0681343038501,0.00197355894795626,0.00186846456932489,4.51964999840514e-07,0.000859893873330615,0.0032933855538762,1.23751528483505e-05,1.16686665660718e-05,1.62070479112799e-11,5.82480802198901e-06,2.01908944154943e-05,-1557.85537261863,0.0838808830128329,0.0660204623815849,0.9925,0.460266923003598
"quadratic",800,"montoril",166,40.623,163.066918669108,635.929246017924,179.531540783316,903.361054285831,162.674065901661,71.3379460146323,1457.03418634,322.51552579278,4.01415254090313,15.654413657729,4.4194555001678,22.2376745756303,4.0044818428393,35.8672226654851,0.00218257177920334,0.00208529312418509,5.20232819410829e-07,0.000955981078137654,0.00359536378808196,1.23430747905717e-05,1.16659238921558e-05,1.51822371652329e-11,5.95773556924801e-06,2.01140969845874e-05,-1615.41712099871,0.0968736204075639,0.078543962364731,0.98625,0.467995284043559
"quadratic",800,"montoril",167,39.854,135.420608759735,880.565114100094,121.666432818458,962.231275524799,147.645704143967,55.4332174391382,1147.83674363932,297.100761042072,3.39791761830018,22.0947737767876,3.05280355343147,24.1439071492146,3.70466462949683,28.8010423957275,0.00193623152858543,0.00182262257357202,4.52375561060648e-07,0.00081492263394391,0.00329088401624218,1.17129288543326e-05,1.11233368143442e-05,1.29025646134968e-11,5.8801055105863e-06,1.86792418766491e-05,-1590.92236307483,0.0855952284167493,0.0700943188470599,1,0.459498602421592
"quadratic",800,"montoril",168,40.721,82.3882758585587,270.299667938391,73.3802235755021,826.065784414211,130.414285023817,4.13240577791316,1077.43533352539,21.2011260733419,2.02323803095599,6.63784455043812,1.80202410489679,20.2859896469687,3.2026297248058,26.4589605737921,0.00194781900479002,0.00178518701764155,6.01311214708928e-07,0.000799431680967017,0.00349626745385593,1.20089858636821e-05,1.13878146116933e-05,1.38277663237578e-11,5.93887244172407e-06,1.95025109892492e-05,-1605.51696542917,0.0779342418314806,0.0607679606823138,0.9825,0.457295757467019
"quadratic",800,"montoril",169,40.613,147.990913932894,578.445985425442,210.759466584986,735.580447281942,159.918309672784,32.7610622501533,1280.20292885086,97.0681803046135,3.64392962679176,14.2428775373758,5.18945821744235,18.1119456154912,3.9376138101786,31.5219985928364,0.00207210819467459,0.00197957310155386,5.20424319881631e-07,0.000876277448956533,0.00342779728456169,1.22115876636107e-05,1.15248309927502e-05,1.4645880270409e-11,5.93508597692453e-06,1.99666979542003e-05,-1616.48616268386,0.106632326899318,0.0862658090124617,0.965,0.462198444186033
"quadratic",800,"montoril",16,40.217,99.9744661655101,420.342837453023,176.909291264192,935.901362170193,160.233754288821,21.6358514256972,1382.9085542827,73.9228850469571,2.48587577804187,10.4518695440491,4.398868420424,23.2712873205409,3.98422941265687,34.3861688908348,0.00215460034870838,0.00203932561086333,5.34760015718742e-07,0.000985173886853562,0.0035856772243929,1.22672903177386e-05,1.15664203420494e-05,1.54790189849701e-11,5.82322675542467e-06,1.98681926394201e-05,-1569.53957011499,0.0800658485240272,0.062976896004625,1,0.467223396844531
"quadratic",800,"montoril",170,40.481,63.676809615818,199.433228152972,130.700205212576,1004.6567751539,137.108837579242,10.3982818671225,1126.80665107076,145.402889762064,1.57300485699014,4.92658847738375,3.2286802503045,24.817983131689,3.38699235639538,27.8354450500423,0.00196712733246656,0.00185195405680449,4.64703127425781e-07,0.000853291929865046,0.0033412389359497,1.22990373721923e-05,1.16017226071975e-05,1.53101273621408e-11,5.93720074795451e-06,2.00606942145604e-05,-1548.38297911288,0.0806081052155637,0.0625406346629361,0.9975,0.466572875305381
"quadratic",800,"montoril",171,40.285,53.5526690223541,228.248841190176,215.132172400463,845.487417149738,136.607110101882,24.3599604906924,1102.87565462732,134.886086384853,1.32934514142619,5.66585183542698,5.34025499318513,20.9876484336537,3.39101675814527,27.3768314416612,0.00200052090529001,0.0018746965295304,4.47141173011473e-07,0.000894858055136503,0.00334944947767634,1.17880047468648e-05,1.11725591066592e-05,1.34305878929866e-11,5.72393305839926e-06,1.90057538004788e-05,-1591.86108789768,0.0903630051367872,0.0708127905329734,0.98875,0.471252547046493
"quadratic",800,"montoril",172,40.355,74.3757423191815,312.10975514643,119.26554251862,1121.15361433036,129.777903682775,30.8464984326791,1056.04696783326,229.771231828797,1.8430366080828,7.73410370825003,2.95540930538025,27.7822726881516,3.21590642256908,26.1689249865756,0.00187040998890945,0.0017492778247249,4.2695290026426e-07,0.000817043581816684,0.00322396952896929,1.17896859596403e-05,1.12340431991056e-05,1.2686121392313e-11,5.68706757470449e-06,1.86279680727616e-05,-1573.95831086733,0.0810192303773655,0.0621772059825848,0.98875,0.458949411401772
"quadratic",800,"montoril",173,40.371,106.231992841248,390.791765820723,84.7480603559944,659.14265589882,157.308208228024,56.6287624109506,1404.06911781887,268.244213525662,2.63139364497407,9.68001203390363,2.09923114007566,16.3271322458899,3.89656456932016,34.7791513170065,0.00203573243511486,0.00192064617757171,5.26112632481762e-07,0.0008812797141967,0.00346144468437704,1.15385209027548e-05,1.09452477552961e-05,1.27124306757212e-11,5.74182283383719e-06,1.84966048721171e-05,-1579.70948665331,0.0622967523563247,0.0501675433907893,1,0.45944964533958
"quadratic",800,"montoril",174,40.525,151.923920851943,536.827076259868,117.081913866723,892.549028258816,163.517027570268,16.0286543547924,1385.22811973508,397.840815129937,3.74889379030087,13.2468124925322,2.88912804112827,22.0246521470405,4.03496675065436,34.1820634111063,0.00218338949443124,0.00204349162069978,6.50161997860566e-07,0.000878737494035331,0.00382981261145075,1.27102657902151e-05,1.19736618969208e-05,1.64992261727397e-11,6.17697765093386e-06,2.0882319462478e-05,-1571.40808650295,0.0893273340455496,0.0677864209894348,0.985,0.474244448438399
"quadratic",800,"montoril",175,40.168,80.7223142015042,345.028745028988,174.359125465828,1192.67190102117,167.33003034381,14.385832308367,1437.55458907526,245.539901620892,2.00961746169847,8.5896421287838,4.34074699924886,29.6920907444027,4.16575458932011,35.7885528051001,0.00216434774109028,0.00200783761075638,6.24368367155984e-07,0.000969511722419407,0.0037359155339716,1.20466214142339e-05,1.14388208005558e-05,1.39401694904595e-11,5.84774705373107e-06,1.95571234869619e-05,-1582.86117985278,0.0919836945229727,0.0751738562346587,0.9975,0.465439513988749
"quadratic",800,"montoril",176,40.555,105.417488249924,328.494157995298,163.047422765012,1246.77812847668,157.41106930927,6.32154310669645,1498.36177300503,101.841007373531,2.59937093453148,8.09996690901981,4.02040248465078,30.74289553635,3.88142200244778,36.9464128468753,0.00234063038218043,0.002194018207352,7.12999633014059e-07,0.00096749603004624,0.00405578682280535,1.24711034786479e-05,1.18012026212059e-05,1.50042215377522e-11,6.17342578194871e-06,2.02629897719491e-05,-1558.19347640542,0.0930036809841367,0.0792168627679941,1,0.480554744641664
"quadratic",800,"montoril",177,40.502,76.3086405544471,285.55823128678,188.923414599215,1221.86080972779,139.724849246696,15.4630849989378,1107.96186991386,194.774228432454,1.88407092376789,7.05047235412523,4.66454532119932,30.1679129358498,3.44982591592258,27.3557323073889,0.00188928363844184,0.0017812008866892,3.94808966165384e-07,0.000880169405276135,0.00316901647286897,1.19330068398853e-05,1.1393430711325e-05,1.29061799227737e-11,5.95715289785716e-06,1.92386426582221e-05,-1530.58096273772,0.093511725545361,0.0731949816591413,0.9825,0.459772189132026
"quadratic",800,"montoril",178,41.256,87.2551684628197,436.319688973742,239.612976675109,881.496836018964,131.40224230363,7.86971342548805,1071.85488714746,188.795589823647,2.11496917933924,10.5759086914326,5.80795464114574,21.3665124107757,3.18504562496678,25.9805819068125,0.00190320724744854,0.00180481636263046,3.9248546163347e-07,0.000854581192529893,0.00319721907781005,1.18375477567576e-05,1.1204733432727e-05,1.41277329568438e-11,5.8958495418077e-06,1.90365924957125e-05,-1540.04379267933,0.0836966836363933,0.0680926710134591,1,0.467300083758621
"quadratic",800,"montoril",179,41.216,110.553461189861,427.997847042288,146.916048845524,986.815615852237,164.242699152979,14.9655718349103,1482.01177874859,89.4297345679238,2.68229476877574,10.384264534217,3.564539228589,23.9425372634956,3.98492573643679,35.9571957188613,0.00228837429972586,0.00212682193727716,7.25570725211395e-07,0.000939457118197999,0.00399540456332328,1.31925760133072e-05,1.24242045234554e-05,1.81846267716278e-11,6.32484740105148e-06,2.17299647313026e-05,-1592.93751460826,0.117291142136714,0.0848445707818191,0.97,0.480824958394728
"quadratic",800,"montoril",17,40.301,70.9395043260987,300.233193365,186.792703524142,1129.12399122483,144.636988559609,14.1366319793381,1162.46443566761,170.082147198307,1.76024178869256,7.44977031252326,4.63493966710855,28.0172698251863,3.58891810524822,28.8445556107196,0.00192466434159867,0.0018379061460451,3.74117529656444e-07,0.000851784553929875,0.00313166440960148,1.20452076673394e-05,1.14423340518308e-05,1.38398061536089e-11,5.93940881960228e-06,1.94500625150774e-05,-1563.34794489718,0.0824181710300187,0.0645022352917766,1,0.461338600471307
"quadratic",800,"montoril",180,40.194,83.3580164171781,307.784315776966,147.518772680614,527.978715233872,137.853159514163,7.48045393662254,1131.83326766684,54.9284381290427,2.07389203406424,7.65746916895472,3.67016899737807,13.1357594475263,3.42969496726284,28.159259284143,0.00198996512052266,0.00187432018201063,5.02703255470234e-07,0.000836075307519237,0.00339183453119265,1.22722447625072e-05,1.15257186049178e-05,1.59929255002926e-11,5.89096425867663e-06,2.01745994614359e-05,-1559.50131928036,0.0868734345385317,0.0701014124979996,0.98875,0.465655802716814
"quadratic",800,"montoril",181,40.266,160.95369493415,711.21579694246,118.850936809393,894.790420653331,167.31623245494,45.6318908260842,1540.59781302059,285.352769969505,3.99726059042741,17.6629363965246,2.95164498111044,22.2219843206013,4.15527324429892,38.2605129146324,0.00247412171905589,0.00225375085500509,1.08554226563209e-06,0.000938536583582555,0.00470238323524463,1.32813041211121e-05,1.2424483987812e-05,1.99325935309318e-11,6.44246758599008e-06,2.22227232472184e-05,-1574.57164294745,0.122208780136989,0.0984964162282978,0.955,0.489529567221833
"quadratic",800,"montoril",182,40.664,115.230675439636,425.311294306624,144.789041146185,1105.38920698392,142.584682905195,44.9833380792691,1159.33529710907,203.606769246842,2.83372701750039,10.4591602967397,3.56061974095479,27.183484334643,3.50641065574452,28.5101145265853,0.00198577174519233,0.00185304244901704,5.01107975875969e-07,0.000847577459566534,0.00341975164930176,1.21654287963081e-05,1.15712762527417e-05,1.3693005286632e-11,6.08677281097217e-06,1.96024252417901e-05,-1563.87460213534,0.095569370759592,0.0763126878487094,0.97625,0.467550326770701
"quadratic",800,"montoril",183,41.011,70.838911570701,261.985187940888,160.997005430346,937.216179463262,156.732208122519,41.0734278321909,1276.90033894851,156.427935487707,1.72731490504257,6.38816873377601,3.92570299262018,22.8527999674054,3.82171144625877,31.1355572638686,0.00198235367668361,0.00187804285537114,4.54401988737179e-07,0.000847992979772289,0.00335176710152685,1.1702063103727e-05,1.11109163307197e-05,1.30893304364836e-11,5.70326546416024e-06,1.89065609004757e-05,-1574.28015705099,0.0871782787293044,0.0692558760033973,0.995,0.45979235856421
"quadratic",800,"montoril",184,40.334,90.8603191981152,228.852570604803,114.529874388743,964.044344856342,179.585304399663,12.3542168269089,1621.48855353054,162.881222201313,2.25269795205323,5.67393689207129,2.83953672803945,23.9015308389037,4.45245461396497,40.201531053963,0.00236950317226888,0.00220754611340778,7.2866213258684e-07,0.000985109858651022,0.00408342959543995,1.30068252415966e-05,1.224404451502e-05,1.75955475895495e-11,6.27599175615975e-06,2.12376286658465e-05,-1594.50051337968,0.1051963892236,0.0850244649946595,0.9775,0.479381432293468
"quadratic",800,"montoril",185,40.106,61.1972784095063,300.490740447552,165.500096760991,1256.6407671225,126.048969265173,21.7478951490209,1011.95062929136,77.2213576785788,1.52588835609401,7.49241361510877,4.12656701643122,31.3329867631402,3.14289555839958,25.2319011941195,0.00182483600067741,0.00172447175095678,3.57811630714212e-07,0.000849378199848567,0.00299260588182248,1.18616110979272e-05,1.12409125954398e-05,1.33942149788558e-11,5.82579675764362e-06,1.91431601630891e-05,-1577.5164116966,0.086354966091441,0.0722398887783968,1,0.460551885782548
"quadratic",800,"montoril",186,40.64,105.830832820498,438.218725317548,119.759683727635,787.160441622573,153.241574909783,23.5988906525432,1306.45548717162,225.881333336885,2.60410513829964,10.7829410757271,2.94684261140833,19.3691053548861,3.77070804403995,32.1470346252859,0.00217719587300192,0.00204137955241375,6.56824802372778e-07,0.000848794821343246,0.00377530720251356,1.31471574540341e-05,1.23764586298288e-05,1.90471264566147e-11,6.16716956293442e-06,2.19910518208121e-05,-1570.24644573551,0.103735605563706,0.083686281417539,1,0.471941688414072
"quadratic",800,"montoril",187,40.544,69.2001942364229,391.908023460534,200.868654618281,1213.10340712916,149.154826337043,21.0590028652766,1157.27593886423,38.2987396082435,1.70679247820696,9.66623972623653,4.95433737712808,29.9206641458454,3.67883845543219,28.5437040959015,0.00191674500430156,0.00180067400004919,4.23536534522484e-07,0.000868845160939143,0.00323970960248328,1.18149899468089e-05,1.11860234565537e-05,1.29870687303839e-11,5.99779274480393e-06,1.90608066900679e-05,-1603.58743183223,0.0881727724468695,0.0743362016111425,1,0.460200671975059
"quadratic",800,"montoril",188,40.416,102.581187621698,306.482986369364,108.725549218356,857.082152351219,142.163808592384,18.543804582821,1175.17525396098,233.224895001055,2.53813310623758,7.58320928269408,2.69016105548189,21.2065061448738,3.51751307879018,29.0769807492325,0.00199442306827224,0.00189831585503136,4.72575520973321e-07,0.000833264570236269,0.00332325355023596,1.24715508885709e-05,1.1746719357582e-05,1.60291761780066e-11,5.91162316718165e-06,2.04124461795802e-05,-1550.93424964738,0.108188074443545,0.0842894361670035,0.97625,0.467834454902152
"quadratic",800,"montoril",189,40.044,107.26695734144,387.018519139696,225.042112052281,778.258221057714,129.86730538466,11.0439352685024,1005.76591001448,273.827243070085,2.67872733346919,9.66483166366236,5.61987094326942,19.4350769418068,3.24311520788781,25.1165195788253,0.00183862798456922,0.00175411673653637,3.48700585998166e-07,0.00085433475449533,0.0030213719056927,1.18614973823111e-05,1.12235047849773e-05,1.31592396278902e-11,5.87374871032569e-06,1.91319284310712e-05,-1592.9556429521,0.0935258549361671,0.0721534704185675,1,0.45968324933416
"quadratic",800,"montoril",18,40.519,106.004349355586,333.511984310525,152.744810588365,1203.24089708264,149.233537658676,25.7012340372056,1212.87184891829,210.692654303406,2.61616400591294,8.23100235224276,3.76970829952282,29.695720454173,3.68305085660247,29.9334102252843,0.00188919157071569,0.00177435640228207,4.22835210346873e-07,0.000835146686152546,0.00318236438320807,1.1938308981424e-05,1.13517255261691e-05,1.32652102552793e-11,5.90194088879714e-06,1.91117672884598e-05,-1577.19307669636,0.0856558448586804,0.0665408673872245,0.99375,0.446499868679895
"quadratic",800,"montoril",190,40.914,123.841132815468,582.767519882236,186.51725894127,952.807922438825,158.34279705897,23.1212267219658,1264.37799147001,418.702556775827,3.02686446730869,14.2437190175059,4.55876372247323,23.2880657583914,3.87013728941121,30.9033091721661,0.00198561180746849,0.00185733044283569,4.85286910563103e-07,0.000817634676893755,0.00332968685032877,1.1978661602685e-05,1.1340710233188e-05,1.38343844972499e-11,5.80188544588921e-06,1.93336272437253e-05,-1564.26609711678,0.0838556793224732,0.0689934977401417,1,0.456223531408219
"quadratic",800,"montoril",191,40.596,147.278756921641,532.809754629699,118.424778033535,927.627300531532,176.444405943134,66.8062309935162,1679.67018039542,417.804525944688,3.62791301905708,13.1246860436915,2.91715385834898,22.8502143199215,4.34634954042601,41.3752630898467,0.00244110009538736,0.00226490107655263,7.91195724541185e-07,0.00101438772610513,0.00422564922718222,1.26910047980314e-05,1.1912924187005e-05,1.7661352653244e-11,6.01817787955918e-06,2.10225293113473e-05,-1592.46079814164,0.0786019856566138,0.0642731085454014,1,0.482664423389339
"quadratic",800,"montoril",192,40.991,39.089054781298,194.703300009974,104.087943980262,892.034914050184,159.478923674526,37.6434570010217,1357.21148065299,88.7575127432498,0.953600907060038,4.74990363762715,2.53928774560908,21.7617260874383,3.89058387632715,33.1099870862625,0.00215433888539928,0.00200614387564759,6.24006164044769e-07,0.000868395639195114,0.00371947649274141,1.24735068143446e-05,1.17590360741039e-05,1.65944967513922e-11,5.88146593803318e-06,2.06626797925511e-05,-1574.39201479154,0.0899482979568456,0.0738057631016662,0.98,0.465695547224363
"quadratic",800,"montoril",193,40.19,92.2840512033941,436.431015964055,252.355238858288,973.260796991368,135.047251540301,35.2522370810839,1033.70415358146,234.798196792862,2.29619435688963,10.8591942265254,6.27905545803156,24.216491589733,3.36022024235632,25.7204317885409,0.00174520451315554,0.00165251774539413,2.94279036586812e-07,0.000848097711305017,0.00280589292754455,1.17192137559658e-05,1.10802016781178e-05,1.33615086932166e-11,5.78133089423909e-06,1.89251592160338e-05,-1550.02680640669,0.0935343495766883,0.0763275969096776,0.9775,0.451113658576217
"quadratic",800,"montoril",194,41.031,29.7132526955964,225.79410690806,123.617063678521,939.436692710266,153.240299715184,22.305967122142,1333.12934118764,48.2157884925182,0.724165940279214,5.5030125248729,3.01277238377133,22.89577862373,3.73474445456322,32.4907835828431,0.00219459134670575,0.00204879326600781,6.30796062826559e-07,0.000899379660776459,0.00376336154786312,1.26963566397488e-05,1.19720558042947e-05,1.69382900219557e-11,6.041452653092e-06,2.09884486017459e-05,-1570.94105820667,0.0795476218223117,0.0623569844328771,1,0.476345794226434
"quadratic",800,"montoril",195,40.571,97.4942665618225,409.597175861458,151.907309673811,851.621188132346,192.509558245509,61.1182741754694,1779.46090178499,302.014829255291,2.40305308130986,10.0958116847368,3.74423380428904,20.9908848224679,4.74500402369943,43.8604151188038,0.00266196691538695,0.00246236238869535,1.10010762483592e-06,0.000986072828740391,0.00480030256843353,1.33053812796746e-05,1.25271021953637e-05,1.93248257903692e-11,6.26475916904917e-06,2.21826028267994e-05,-1579.68730687775,0.110933005448912,0.0922793276341418,0.98375,0.492680914475879
"quadratic",800,"montoril",196,39.965,77.3408394027744,213.531661390242,87.5308186549813,968.149635496792,143.198330681773,6.47836641556926,1174.76977078472,142.368055888508,1.93521429757974,5.34296663055779,2.19018687989444,24.2249377079142,3.58309347383392,29.394964863874,0.00206536729706185,0.00190503144635319,5.98225549319515e-07,0.000863388333624118,0.00358809777203361,1.24857960823327e-05,1.1844680511833e-05,1.54242255534936e-11,6.12315454522567e-06,2.03634117077571e-05,-1571.8905072556,0.0867692554199985,0.068014231124146,1,0.472257105570932
"quadratic",800,"montoril",197,40.798,128.653114748492,521.352962651664,148.00417334741,1051.27426767177,195.410691893694,28.222341936963,1970.6438131905,356.926739177632,3.15341719565891,12.7788853044675,3.62773109827468,25.7677892953519,4.78971253232252,48.3024612282587,0.0026048899063173,0.00241644818259383,9.62443965253123e-07,0.00105570806754413,0.00453644855886189,1.30912427468569e-05,1.2439754856755e-05,1.69214748496083e-11,6.34465922952636e-06,2.11174147056052e-05,-1592.67055220763,0.106253340173029,0.0887779439891375,0.9875,0.490958664152808
"quadratic",800,"montoril",198,40.234,104.238118658091,450.825958353002,162.597021381357,887.872601097333,134.047582465334,21.7315966201292,984.808446888306,244.406654439618,2.5907968051422,11.2050991289209,4.04128402299938,22.0677188720319,3.33169912177098,24.4770206016878,0.00168743411070239,0.00159448940234902,2.82413474678007e-07,0.000801276266091273,0.0027534981184586,1.16099480236101e-05,1.10411500259805e-05,1.2637737523861e-11,5.72410915680772e-06,1.86389683322145e-05,-1550.28218446387,0.0884755418867852,0.0684460629990478,0.98375,0.444086995024154
"quadratic",800,"montoril",199,40.101,108.48416386982,349.834843926018,108.616541591942,691.4053107587,200.494487279567,34.5598800571235,1974.01476462405,166.549622525328,2.70527328170919,8.72384339358166,2.70857438946515,17.2415977346874,4.99973784393323,49.2260732805679,0.00279730333086371,0.00258673889384184,1.22415858908964e-06,0.000978868977509792,0.00498263841009861,1.35989015985007e-05,1.26960514266152e-05,2.18446668513508e-11,6.1182805738695e-06,2.27968835305089e-05,-1571.9259889524,0.101662765391604,0.0806907991307333,0.98125,0.494992579770821
"quadratic",800,"montoril",19,40.304,153.874800699829,536.669204180357,114.350980020392,839.721339931888,165.753974104395,62.0098029535801,1486.14546379618,380.142366231317,3.81785432462855,13.3155320608465,2.83721169165323,20.8346898553962,4.11259364093874,36.8733987642958,0.0022468082249289,0.00207593600197646,7.37996005339771e-07,0.000893130443729868,0.00407473136667233,1.22206380871856e-05,1.15735893955692e-05,1.45375730064226e-11,6.0428019829168e-06,1.9771721830687e-05,-1568.29511380934,0.0791666306168048,0.0624372514030829,1,0.471660402569851
"quadratic",800,"montoril",1,40.803,142.075367177287,550.375016289808,180.339304634523,1224.05361650834,140.231171245513,6.40602108004762,1087.96701666507,186.046884220321,3.48198336341168,13.4885919243636,4.41975601388434,29.9991083133187,3.43678580608074,26.6638976708838,0.00188224606207437,0.00177181600896241,3.82252621764755e-07,0.000876462360143035,0.00309881628741506,1.19385604442154e-05,1.12981697273293e-05,1.32329458410903e-11,6.0378955412916e-06,1.92802480708313e-05,-1591.26651527121,0.101815616358316,0.0781874866927212,0.9875,0.457515318641072
"quadratic",800,"montoril",200,40.555,130.021875733173,421.285014215976,118.84422967035,612.741685882251,173.702728368562,12.0730621047305,1678.18272778642,303.470147948316,3.20606277236279,10.3879919668592,2.93044580619775,15.108906075262,4.28313964661723,41.3804149374039,0.00247214393053558,0.00230686938620514,9.71800240836246e-07,0.000853099101834232,0.00432442585442038,1.33000026214205e-05,1.24338480988623e-05,2.04153861115996e-11,6.04612285753524e-06,2.2229604450241e-05,-1586.933561703,0.107599913198067,0.0844991136933375,0.98375,0.486575066071323
"quadratic",800,"montoril",20,40.469,122.12025110157,518.643148087437,151.606966881706,1046.24965091346,184.490212511823,24.9467844680724,1944.98338344811,386.89240347212,3.01762462876696,12.8158132913449,3.74624939785283,25.8531135168514,4.55880334359196,48.0610685573677,0.00256223560639398,0.00239194456594765,9.45837544620769e-07,0.000977204909731626,0.00458555107748838,1.2419741344638e-05,1.16897748025409e-05,1.58910913587657e-11,6.18847696667287e-06,2.04245327510181e-05,-1608.06176301969,0.0841110754556717,0.061324103869789,0.9975,0.48708949484781
"quadratic",800,"montoril",21,40.963,109.710089828987,509.327805369405,139.622622694312,933.744886196327,140.473871229016,34.6448223499182,1196.55234100064,215.817518964777,2.67827282740489,12.4338501908895,3.40850579045265,22.794836466966,3.42928670334243,29.2105641920913,0.00194726121685037,0.00183075254943837,4.35595525905412e-07,0.000828813982196994,0.00328594101993906,1.21005783142582e-05,1.13988886210486e-05,1.50017247912203e-11,5.91832916232707e-06,1.99770626741163e-05,-1550.7545752422,0.0851298218977609,0.0689701356001725,0.99875,0.463392966402881
"quadratic",800,"montoril",22,40.239,83.7893054144549,326.969978023925,125.396335241865,710.212930169632,167.887939008721,66.676041393673,1516.17762104704,226.613215626585,2.08229094695333,8.12569840264233,3.11628855691902,17.6498653090194,4.17226916694553,37.6793066688297,0.00216913596977664,0.00199729231546143,7.15741753150623e-07,0.000845662988824606,0.00377576780157634,1.25378899163977e-05,1.18065207507837e-05,1.63150204840027e-11,6.05273951757969e-06,2.05879274780713e-05,-1641.82449706821,0.094451725515925,0.0730319077693179,0.9725,0.464610548736781
"quadratic",800,"montoril",23,42.704,52.1811943005859,267.409731839798,216.643728169675,974.649420594116,149.355312474512,41.9445925892395,1200.7615833146,160.680074240615,1.22192755480952,6.26193639564909,5.07314837414939,22.8233753417506,3.49745486311616,28.1182461435603,0.00193968928956759,0.00182110353600088,4.28874282722404e-07,0.000861773749322427,0.00324918243183653,1.18752224539347e-05,1.12325206667232e-05,1.41416326717797e-11,5.70122388586745e-06,1.92338284562158e-05,-1578.74268578815,0.0829161373274775,0.0686001054670947,1,0.456520590540642
"quadratic",800,"montoril",24,40.68,69.9530813623217,192.102956125037,171.540416398886,1211.84503369058,135.579680445356,17.5948172243798,1011.15025713776,131.194670526484,1.71959393712688,4.722294889996,4.21682439525286,29.7897009265139,3.3328338359232,24.8562010112527,0.00182470861403503,0.00171813761752331,3.83965362179983e-07,0.000818473671423702,0.00304749178141766,1.18555911987374e-05,1.12500911696144e-05,1.3120889882124e-11,5.97682944379279e-06,1.90787766724747e-05,-1551.99862609702,0.0785453681392302,0.0629189429880262,1,0.456987370494181
"quadratic",800,"montoril",25,42.014,62.8707483978006,306.385154296601,142.051487908825,1009.95122165143,141.813344972293,40.1798874478184,1274.02234753556,149.018444538611,1.49642377297569,7.2924538081735,3.38105126645464,24.0384448434195,3.37538308593071,30.3237574983473,0.00213107119464903,0.00197672138626372,6.01938720190139e-07,0.00092555391776375,0.00369522876335877,1.2443855865346e-05,1.17892776422782e-05,1.42975209287444e-11,6.2372658817238e-06,2.02213170999616e-05,-1551.5410082992,0.126925170233128,0.102899271150733,0.9725,0.483060360471571
"quadratic",800,"montoril",26,40.263,130.130515847896,421.512903980374,153.018998568365,801.811556958225,141.014333740981,12.9589877708919,1087.86549524544,146.925473945235,3.23201241457158,10.468988996855,3.80048676373755,19.9143520591666,3.5023305203532,27.0189875380731,0.00190706243920448,0.00180141112751845,4.35274256504059e-07,0.000813040426805144,0.00317223006735174,1.22295389623834e-05,1.15811436344582e-05,1.49934914870305e-11,6.05314196496328e-06,2.00799999749737e-05,-1581.88435328266,0.091911194664745,0.0690803031221831,0.99375,0.461246317799139
"quadratic",800,"montoril",27,40.282,148.896842572854,467.56719633337,95.584772810077,761.231013677951,142.021016519015,17.3392983611468,1155.29388853077,53.8894573165841,3.69636171423597,11.6073481041996,2.37289044263137,18.8975476311492,3.52566944339941,28.6801521406776,0.001986334431329,0.00185420930194023,5.52968972833679e-07,0.000794764480231734,0.00341825960430524,1.22251356296268e-05,1.15316947894707e-05,1.5377044144853e-11,5.78729037228406e-06,2.0106927768155e-05,-1571.25891390909,0.0938640480823467,0.0752552711951742,0.9825,0.462929852657022
"quadratic",800,"montoril",28,40.387,84.5041881327928,350.588614188715,212.776173297151,1159.75922813474,145.007922768899,4.06182312363631,1229.14470644397,135.80196527165,2.09236110958459,8.68072929875245,5.26843225040609,28.7161519334128,3.59046036518926,30.4341670944603,0.00196915718686634,0.00184850389958511,4.85380010984439e-07,0.000851086709090397,0.00335832737553575,1.1968570810626e-05,1.13899119319911e-05,1.37287735506381e-11,5.84842020193771e-06,1.92521279381031e-05,-1567.0432077533,0.0783247010936651,0.0629116979460198,1,0.462538574241906
"quadratic",800,"montoril",29,41.117,133.418070693497,455.687000500047,102.470749673712,1079.12682889521,169.019471347059,54.3415875779384,1555.9625419684,346.172154165797,3.24483962092316,11.0826908699576,2.49217476162443,26.245271515315,4.11069560880071,37.8423168511418,0.00230891962066134,0.00213704543396695,8.03449408608336e-07,0.000875769981422001,0.00408087221140764,1.28766127431422e-05,1.21689743459876e-05,1.64290158409613e-11,6.17878378865034e-06,2.06847155631924e-05,-1570.83628141573,0.106017607488364,0.0768769434040072,0.96375,0.480806962320393
"quadratic",800,"montoril",2,41.031,153.33225824047,469.128019316213,131.708203145507,1012.75076589171,143.0837092423,10.1906446361966,1141.12723298224,256.509746387022,3.73698565086082,11.4335019696379,3.20996814958219,24.6825757571521,3.4872098959884,27.8113434472043,0.0019536598443063,0.00182159605575734,4.85547515081103e-07,0.000854550606140704,0.00334272541476709,1.21999879352378e-05,1.15305670585395e-05,1.51157028955606e-11,5.8821496702938e-06,1.99005344246311e-05,-1561.88194787481,0.110576644514449,0.0896646684385492,0.98375,0.462316632982673
"quadratic",800,"montoril",30,40.499,130.03254407549,534.218143965962,200.784800725202,646.558729721991,141.942007407371,35.9715800875931,1046.95180771019,210.444865392563,3.21075937863872,13.190897157114,4.95777181474116,15.9648072723275,3.50482746258849,25.8513002224792,0.00192870641391149,0.00182022081460984,4.35800309269702e-07,0.000846441363261506,0.0032335593775586,1.28623198583649e-05,1.21175849451929e-05,1.71909021850753e-11,6.15484853879217e-06,2.12481767810998e-05,-1554.95111990106,0.121297702201875,0.0931217371228368,0.93625,0.469720987558832
"quadratic",800,"montoril",31,41.121,164.170931460632,662.683878871428,136.215845979663,820.735992560423,204.631357204777,58.5875365905912,2091.89636644121,389.496915337264,3.99238665063185,16.1154611724284,3.3125616103612,19.9590475076098,4.97632249227345,50.87172895701,0.00274784741711067,0.00264101914230129,8.77924418914221e-07,0.00101282542448999,0.00449285494627979,1.35479609495717e-05,1.26850596734423e-05,2.17373354622163e-11,6.11933326737097e-06,2.28167213727747e-05,-1572.66190552266,0.0885853487671509,0.0706516547529682,0.99625,0.492125301872976
"quadratic",800,"montoril",32,40.971,80.6474437192668,361.845638975753,128.774831423683,947.502388647098,140.13224741763,12.6161768326771,1113.60961078291,146.0446339798,1.96840310754599,8.83175023738138,3.14307269589913,23.1261718934636,3.42027891478437,27.180435204972,0.00196956533050198,0.00187174723787348,4.51970280023988e-07,0.000862941259325078,0.00321438200770451,1.2479496377684e-05,1.18027552972123e-05,1.57934510533793e-11,6.03231124382125e-06,1.98881175653813e-05,-1615.01190087712,0.102497519145722,0.0825567039788715,0.9925,0.47431834044522
"quadratic",800,"montoril",33,40.831,90.4564622273095,350.683727739386,246.827337715228,944.08315262829,139.92805385369,11.1728035939635,1102.76405474875,238.179675837194,2.21538689298106,8.588663705013,6.04509656180911,23.1217249792631,3.4270053110061,27.0080099617632,0.00185491641366153,0.001742863773127,4.04068532628731e-07,0.000788471379370026,0.00307806462548852,1.22398181756192e-05,1.16289818775035e-05,1.37231981346508e-11,6.11893833854636e-06,1.98240741182837e-05,-1591.8345935829,0.102469061014505,0.0845339718048556,0.99375,0.463200125038979
"quadratic",800,"montoril",34,40.289,133.76266633485,580.137207426817,189.49284132723,1031.78025782306,154.9276704141,32.099091835042,1348.88356151806,99.0362294627866,3.32007908696791,14.3993945599746,4.70333940597261,25.6094779672631,3.84540868262056,33.4801946317373,0.00203508958906104,0.0019375209465303,4.52464959758412e-07,0.000898300565293759,0.00330778640052754,1.18069603702144e-05,1.11232319488885e-05,1.34389831836895e-11,5.92901215371168e-06,1.93329852288392e-05,-1591.81004718716,0.0927109021762977,0.0718730498320314,0.99125,0.461234347075761
"quadratic",800,"montoril",35,40.072,109.651854501866,335.543880485215,147.19840469174,818.565651976888,150.066006793995,38.563933417528,1170.83223653724,169.823894016146,2.73637089493577,8.37352466772846,3.67334809073019,20.4273720297686,3.74490933305038,29.2182131297975,0.00194753873722146,0.0018341874791831,4.43998121157598e-07,0.000851500591559496,0.00326257520608967,1.25309299048257e-05,1.18353039709471e-05,1.59096912721777e-11,5.91575456543342e-06,2.04014153671512e-05,-1541.58051211357,0.0928269307415543,0.0728434196924222,0.9875,0.461747095031928
"quadratic",800,"montoril",36,41.162,155.429548670902,596.185577637967,138.676681780639,857.556253896154,168.895028398414,12.8651741111031,1644.20610050443,424.282455643728,3.77604462054569,14.4838826499676,3.36904625092656,20.8336877191622,4.1031783780772,39.9447573126775,0.00246385000033036,0.0022931463283152,9.11779760876564e-07,0.00093630657124614,0.00432180403457888,1.28535560814422e-05,1.2142460423299e-05,1.67890880749568e-11,6.07063650594053e-06,2.09685440515622e-05,-1571.48877741234,0.104941704788722,0.0852240948170586,0.9975,0.48307016130699
"quadratic",800,"montoril",37,40.018,95.3254654169914,265.598848854475,151.55553174338,629.229356786103,149.715012806632,50.623663684616,1238.55793931835,203.167679017537,2.38206470630695,6.63698457830165,3.78718406075715,15.7236582734295,3.74119178386307,30.9500209735208,0.00198093774594354,0.00186089952599746,4.29728840407521e-07,0.000916606607961959,0.0033237652996886,1.22537808544968e-05,1.15940532542015e-05,1.50623827510073e-11,5.83403649883393e-06,1.99335980052018e-05,-1575.60741366876,0.0751555223130051,0.0604194033016962,0.99375,0.460083761698169
"quadratic",800,"montoril",38,40.2,142.334571943795,470.376899534309,143.791829485656,741.686527145583,175.478030538122,55.4203844158329,1508.18973569046,307.526911530684,3.54066099362674,11.7009178988634,3.57691118123522,18.4499136105866,4.36512513776422,37.5171576042403,0.00230613914117653,0.00216216491964228,6.44945727616533e-07,0.0010113621505939,0.00390929379786781,1.33537814036187e-05,1.26460188185801e-05,1.83984054043659e-11,6.38074610014436e-06,2.19623760095473e-05,-1559.3906386382,0.102475103900633,0.0796428251661566,0.98,0.476170436579345
"quadratic",800,"montoril",39,40.347,97.4677501250834,321.650527811,158.054701413982,834.164886340003,127.642807745399,10.8438644079957,954.657903419053,43.4770172118259,2.41573723263399,7.97210518281408,3.91738422717877,20.6747685414034,3.16362574033754,23.6611867900724,0.00182060676792274,0.00171578469511122,3.50826154863595e-07,0.000834801092936988,0.00302911589904834,1.21525984378066e-05,1.15526911102224e-05,1.39572404368657e-11,5.88115872001725e-06,1.95398254666637e-05,-1569.75368478839,0.0732086556717972,0.0535480462656115,1,0.458538811768769
"quadratic",800,"montoril",3,40.446,89.5028907235191,403.317780018658,146.741926232541,1236.49102021152,151.973878206745,45.4642264957756,1239.34680035588,251.534434991332,2.21289845036639,9.9717593833422,3.62809489770412,30.571404346821,3.75745137236673,30.6420115797825,0.00205932675516595,0.00195561554617229,4.8400851676406e-07,0.000904580499877405,0.00346475005512089,1.21015927895214e-05,1.14623236458744e-05,1.43121157686813e-11,5.91555758724335e-06,1.9587830514874e-05,-1568.76136893574,0.101784661258906,0.0737422434205593,0.96125,0.461152979103697
"quadratic",800,"montoril",40,40.436,87.8827260143815,310.665385101774,192.42808313036,939.794614346487,154.541133474272,47.5168620057531,1315.91232664876,211.335328436887,2.1733783265996,7.68289111439742,4.75883082229598,23.2415326527472,3.82186995435433,32.5430885015521,0.00202416816795525,0.0019089644568647,4.57662201203439e-07,0.000878809028377905,0.00338019800249945,1.20391229966651e-05,1.14167022393098e-05,1.38761552574653e-11,5.86708654660488e-06,1.93954659447195e-05,-1564.10927830049,0.0860902213699243,0.0591441559099707,0.97,0.46209603753265
"quadratic",800,"montoril",41,40.616,44.525597139381,183.895677707302,146.199009518679,766.301590498914,160.743291473199,37.5542962064364,1388.43728424486,99.5669691833594,1.09625756202927,4.52766588800723,3.599542286751,18.8669881450392,3.95763471226115,34.18449094556,0.00232652831679559,0.00215805394191696,7.50078633830316e-07,0.00101545503301915,0.0040552459960383,1.29879616589242e-05,1.23213676386768e-05,1.68433253055562e-11,6.288168559885e-06,2.10332427978087e-05,-1580.23242588675,0.128099787922233,0.102199514020199,0.9675,0.490146101757509
"quadratic",800,"montoril",42,40.488,177.902532056171,676.106326769313,148.410105490802,838.384640943492,170.028423433166,62.5345851212011,1485.44798822186,276.889861701748,4.39395702569084,16.6989312084893,3.66553313304687,20.7069907366008,4.19947696683377,36.6885988001843,0.00235380610391229,0.00221508530018301,6.94907182694304e-07,0.00100112778272163,0.00397461196921602,1.30659217460109e-05,1.2300456763448e-05,1.83130841246833e-11,6.12539855376646e-06,2.13807125740598e-05,-1584.74394842473,0.10010407463591,0.0769798855418891,0.98625,0.47958417384231
"quadratic",800,"montoril",43,40.009,143.591811880043,746.234924555758,131.212453793073,941.1033344895,151.631407481427,8.95375668519242,1265.95412677841,190.308826041349,3.58898777475175,18.6516764866844,3.27957344080265,23.522290846797,3.78993245223392,31.6417337793598,0.00218197474022837,0.00207036659102455,6.00667667183234e-07,0.000869697088434435,0.00367822277743123,1.26292588873842e-05,1.1973160512087e-05,1.57145163402161e-11,6.16592743024557e-06,2.04357475850202e-05,-1556.2418864374,0.0983531487486528,0.0787329335178721,0.9975,0.478440683149548
"quadratic",800,"montoril",44,40.918,84.5000052376122,319.801189414395,109.365976060826,1062.65812810551,160.075554815589,22.3560440109506,1369.3108214956,226.582763307814,2.06510594940154,7.81566033076872,2.67280844764715,25.9704317929886,3.91210603684415,33.4647544233737,0.00213332610547297,0.00200121456855131,5.46506940873504e-07,0.000926662467530566,0.00362284762622193,1.26258882721074e-05,1.19217348585118e-05,1.62835660349776e-11,6.09545397817065e-06,2.06595166185358e-05,-1563.94938155793,0.105799832602444,0.0848559547003064,0.99125,0.475401610397598
"quadratic",800,"montoril",45,40.324,145.005177890011,566.220811110897,157.804880727765,779.621084661929,169.914623386599,80.5027055560023,1428.37944206752,405.612925152802,3.59600183240777,14.0417818448293,3.91342328954877,19.3339223455493,4.213734336539,35.4225632890467,0.00228122418317795,0.00213528397864565,6.71490519793127e-07,0.000957557527138448,0.00383224865200415,1.31479136162723e-05,1.24018317325989e-05,1.89689370277540e-11,5.95279257690259e-06,2.15795123442951e-05,-1577.63438980893,0.0957904727374329,0.081707304981529,1,0.476467613200738
"quadratic",800,"montoril",46,40.494,93.4507578586734,466.668553312411,170.244459059034,1026.80385025702,150.207818866533,53.9555355278365,1165.20238123422,233.811837701065,2.30776801152451,11.5243876453897,4.20418973326998,25.3569380712457,3.70938457219669,28.7746920836227,0.00198423393228393,0.00189097205435382,4.55063794134164e-07,0.000852096772334902,0.00326275660514875,1.2260159105225e-05,1.15566305261185e-05,1.53099744292115e-11,5.81691236874143e-06,1.99605025708209e-05,-1593.09141100791,0.0735260159373305,0.0560461778074563,1,0.463591534846799
"quadratic",800,"montoril",47,41.026,84.7936253938873,327.77463263739,174.693799630413,786.423410829443,160.849712625872,49.6108251688019,1400.09509272162,226.308486146993,2.06682653424383,7.9894367629647,4.25812410740537,19.1689029110672,3.92067743932803,34.1270192736708,0.00210509146903353,0.00196656605689062,5.44676682467118e-07,0.000906803624639579,0.00358073266041967,1.26021440294331e-05,1.1906925287037e-05,1.56984376682711e-11,5.99804452777441e-06,2.04666261331833e-05,-1604.718323274,0.105722829011999,0.0791324027074523,0.97125,0.466706839295548
"quadratic",800,"montoril",48,40.487,54.3864180619765,304.57406829911,216.573909479059,900.466534423515,126.006577769944,11.9615290345654,1078.52516209778,73.012554141284,1.34330570459596,7.52276207916394,5.34922097164667,22.2408806388104,3.11227252624161,26.6388016424477,0.00191226501984715,0.0018216699077338,3.57400648206722e-07,0.000892647602352626,0.0030740043642867,1.16994674230122e-05,1.11034283799671e-05,1.23827328360829e-11,5.90511369695099e-06,1.87563521008397e-05,-1548.20260799964,0.0702271258267321,0.0556974223070525,1,0.464062428606526
"quadratic",800,"montoril",49,40.25,77.7203616697788,339.04802726288,134.537814321783,1230.70755603378,157.708567638795,34.9745989820121,1358.72182648853,224.858240925605,1.9309406626032,8.4235534723697,3.34255439308778,30.5765852430752,3.91822528295144,33.7570640121373,0.00216805262426436,0.00205029440065891,5.36184264038186e-07,0.000940740188751317,0.00366858384240126,1.20007054436015e-05,1.13801585971345e-05,1.3599805065056e-11,5.9111268179754e-06,1.93006229804344e-05,-1600.38274402468,0.0863462372362439,0.0669109279473564,0.9875,0.472762450389005
"quadratic",800,"montoril",4,40.673,125.542847048858,398.207707343651,122.171800598969,897.705152786344,162.225935369639,44.5780709188559,1458.97113645221,278.402454279524,3.08663848373265,9.7904680585069,3.00375680670148,22.071279541375,3.98854117890587,35.8707529922113,0.00220809723750763,0.0020537861595733,6.49569825666083e-07,0.000925955040004735,0.00378882817689942,1.21677991033956e-05,1.15192112811023e-05,1.45408924856196e-11,5.88021828769929e-06,1.97486399309473e-05,-1598.27681166821,0.0907113702374908,0.0711834111825952,0.9775,0.467789843340022
"quadratic",800,"montoril",50,41.086,50.5506043071837,265.893349639094,217.395975114346,868.606355175681,138.284847819878,17.1807241616019,1079.97747138759,110.651588524099,1.23036081164347,6.47162901326714,5.29124215339401,21.1411759522874,3.36574131869439,26.285777914316,0.00184979168637685,0.00173619882608649,3.85931960381239e-07,0.000831292966542381,0.00310554987366237,1.15561397822661e-05,1.09489827290881e-05,1.23738810721722e-11,5.70479266541132e-06,1.87188799962499e-05,-1565.80717375563,0.0601680787375608,0.0494563805014553,1,0.459042757762475
"quadratic",800,"montoril",51,40.883,99.244760795959,321.236602446763,142.945012524227,829.176048432952,170.726560593606,58.8284389687499,1487.72049592391,251.473043056704,2.42753126717606,7.85746159642794,3.49644136986587,20.2816830573332,4.17597927240188,36.3897095595703,0.00238761248591421,0.00224870846569944,7.11741502029439e-07,0.00103328363894436,0.00408168937037677,1.35717976039177e-05,1.26311449423704e-05,2.19842502651882e-11,6.25126915476178e-06,2.2827713174788e-05,-1540.52633209839,0.0983776749403348,0.0800794282272508,0.99875,0.484384541255211
"quadratic",800,"montoril",52,40.147,51.5322410887555,204.201368749388,189.122885039797,1094.05927201979,159.186151405368,42.4051447525039,1198.91858880098,128.391220447847,1.28358883823836,5.08634191220735,4.71076008269103,27.2513331511642,3.96508210838588,29.8632173960938,0.00203922328518566,0.00190908100414974,5.41203909133508e-07,0.000900216454392258,0.00346028947038806,1.24918911292825e-05,1.17838724768215e-05,1.57545344524354e-11,5.99380933286256e-06,2.04599630230132e-05,-1561.95271399181,0.122151940468164,0.0895720132949555,0.97125,0.467539414117498
"quadratic",800,"montoril",53,41.59,88.6744141623079,501.12698675659,136.083193658526,548.587335520743,168.018404240289,54.8422254438507,1472.04152690373,309.064705453322,2.1321090204931,12.0492182437266,3.27201715937787,13.1903663265387,4.03987507189923,35.3941218298564,0.00220886627777624,0.00205421449787907,7.32335174126446e-07,0.000883215299718743,0.00384987446876702,1.30114725915833e-05,1.21561862665196e-05,1.90156419380544e-11,6.20641079361542e-06,2.17756738955263e-05,-1610.91442907177,0.0962715676682187,0.0786076655160576,0.97875,0.471030760537336
"quadratic",800,"montoril",54,40.241,102.657807000306,360.70171184459,124.171581720442,1053.4893298089,166.586556726867,44.5645085313366,1494.83348966447,261.047304070362,2.55107494844328,8.96353748278099,3.08569821128804,26.1795017471957,4.13972209256397,37.1470264075066,0.00240533534077225,0.00222623807160893,8.48939805265887e-07,0.000966155440181712,0.00422330556989104,1.3037693502437e-05,1.22404206420482e-05,1.86314611239903e-11,6.09194216575418e-06,2.1623881234046e-05,-1573.81153910477,0.0920521293196785,0.0749647877680122,1,0.487023132841321
"quadratic",800,"montoril",55,40.481,137.520520951393,643.850329685656,75.8993002645164,818.278942584418,139.613764864177,49.4335221993716,1074.1814303743,346.530736071335,3.39716214894378,15.9050006098085,1.87493639644565,20.2139014002722,3.44887144250826,26.5354470090735,0.00187755185570968,0.00177492420712395,4.08392109613843e-07,0.000795988321742624,0.00316730106045853,1.16279992525868e-05,1.10023133446264e-05,1.28893732221955e-11,5.76259491043673e-06,1.86664094951257e-05,-1589.20770173927,0.0739724237585975,0.0590401910063198,1,0.46197818645041
"quadratic",800,"montoril",56,41.04,136.51531473546,486.407785536379,162.263435256069,923.063996518969,142.09706795506,17.2715669007815,1104.60184485216,107.939719570928,3.32639655788157,11.852041557904,3.95378740877361,22.4918127806766,3.46240418993811,26.9152496309006,0.00189499684533528,0.00178071959509238,4.25434292237853e-07,0.000828987518759604,0.00316640834994692,1.18756494535868e-05,1.12248328466079e-05,1.36072690720226e-11,5.99469259015688e-06,1.9374602978958e-05,-1594.48920795556,0.106070825410749,0.0878302424335797,0.99,0.45698150338696
"quadratic",800,"montoril",57,40.726,146.830710316976,482.025148147235,238.505290548575,1322.62275390666,148.099956100805,5.98157091913941,1103.99499624459,96.7176745308568,3.60533100026951,11.8358087744251,5.85633969819219,32.4761271400742,3.63649649120475,27.1078671179244,0.00186317313808629,0.00176040715591504,3.68850936815499e-07,0.000870941822912546,0.00310223918689836,1.1843129672038e-05,1.1232520918551e-05,1.34220670944472e-11,5.89436510025606e-06,1.9166918515731e-05,-1587.7518196003,0.089895558580563,0.0761706938626659,0.99625,0.453461654042475
"quadratic",800,"montoril",58,40.414,44.9577002691531,248.319755312476,221.029638280705,983.574492045194,147.32337167642,37.9109951316287,1200.22865687657,141.35768754016,1.11242886794559,6.14439934954412,5.46913540556997,24.3374694918888,3.64535486901618,29.698338617226,0.00190343501458438,0.00181950054409994,3.78889615708188e-07,0.000830736613292611,0.00312093896876001,1.20097059973943e-05,1.13591089780898e-05,1.36831205560577e-11,6.04551292711762e-06,1.95175318524091e-05,-1554.24543164189,0.0904318511935213,0.0698630408518645,0.9875,0.453648968872867
"quadratic",800,"montoril",59,40.385,58.0740823718463,288.584644377042,140.338234897625,1054.48163654148,142.08714704999,36.2322076129001,1229.6039535718,196.227476064627,1.43801120148189,7.14583742421796,3.47500891166583,26.1107251836443,3.51831489538171,30.4470460213397,0.00210679953812468,0.00199672184730629,5.10907651303002e-07,0.000904169401686193,0.00352194305298135,1.23596844820095e-05,1.16173581081554e-05,1.62771773494179e-11,6.04951197232738e-06,2.03470679168671e-05,-1577.08135840502,0.0842792152739292,0.0626122759531935,0.99,0.474851638609465
"quadratic",800,"montoril",5,40.46,149.546707028324,596.907775672017,129.56058504254,1254.0363498769,174.629328836087,66.489422113754,1463.02035591973,304.943610831246,3.69616181483748,14.7530344951067,3.2021894474182,30.9944723152965,4.31609809283457,36.1596726623758,0.00226639504310775,0.00211051602632594,7.26899960664232e-07,0.000911545987310568,0.00394324809496727,1.23653992432928e-05,1.16987907008047e-05,1.49575453340053e-11,5.95108185000488e-06,1.99808593791056e-05,-1564.69283749857,0.0852524032335441,0.0672318021846045,0.9875,0.47197964843474
"quadratic",800,"montoril",60,40.519,105.101508486608,441.874579795407,215.3083337301,864.631605123484,156.656330488192,22.3153863783982,1274.37467870341,191.0743894576,2.59388209202122,10.9053673534739,5.31376227769936,21.338917671302,3.86624374955433,31.4512865249243,0.00199082149872313,0.00188863904692512,4.4565740582127e-07,0.000876447391943031,0.00329202336319457,1.2077132543407e-05,1.14142032839917e-05,1.4312411223793e-11,5.90656833886532e-06,1.95182982230251e-05,-1551.02382466204,0.0916639114932529,0.0746815039803103,1,0.461624056307713
"quadratic",800,"montoril",61,41.334,66.3643235549226,232.704590402798,141.085954984328,1055.3517744389,149.816610603713,33.5854667495177,1282.65662582246,175.045780775609,1.60556257693237,5.6298589636328,3.41331482518817,25.532292409128,3.62453695755827,31.0315146325654,0.00215000600396506,0.00203793857208597,5.59953576153734e-07,0.000891625370918933,0.00368192655984772,1.24963037254618e-05,1.18007423815121e-05,1.62011602363629e-11,6.03874870391063e-06,2.02928980117287e-05,-1600.68047720351,0.112386653164292,0.0867867215942834,0.945,0.470341260218414
"quadratic",800,"montoril",62,40.22,100.541434349047,267.256579860577,75.5571829156258,677.923389473946,150.722079621752,27.0602255407686,1241.22214517601,205.139046913167,2.49978703006083,6.64486772403226,1.8785972878077,16.8553801460454,3.74744106468801,30.8608191242171,0.00205390591999133,0.00193911379107276,5.01958407384643e-07,0.000899805437580968,0.00351774028447601,1.21819614408556e-05,1.13813840281609e-05,1.69014523067485e-11,5.80096828674012e-06,2.01997200244785e-05,-1593.00300694734,0.0985230927080328,0.0802130142549413,0.98875,0.466817726124656
"quadratic",800,"montoril",63,40.352,74.8697157523067,472.603597135972,147.419708332595,1070.10649787596,223.768026114535,45.9378043981035,2411.00065478306,245.900810489922,1.85541523969832,11.7120241161769,3.65334328738589,26.5192926713908,5.54540112298113,59.7492232053692,0.00299650631271,0.00282357765426298,1.19005732132117e-06,0.00120828859703786,0.00516890853478533,1.35984080639564e-05,1.27185671011289e-05,2.18597020661505e-11,6.16898820945333e-06,2.2966428096607e-05,-1571.71722842095,0.106495958554146,0.0890999874252283,0.99125,0.50587513893233
"quadratic",800,"montoril",64,40.973,145.626154819981,483.472921303666,184.440324549977,1090.81659600366,164.252202673125,43.1732628999276,1380.51297309785,53.0057341689289,3.55419800405099,11.799793066255,4.50150890952524,26.6228149269925,4.00879122039209,33.6932363531556,0.00215622315080997,0.00201962879930162,5.70657978231583e-07,0.000921229253810068,0.0036981445309702,1.27608495277976e-05,1.21318109871324e-05,1.5744163768413e-11,6.08224676039908e-06,2.04821089413148e-05,-1570.17255214897,0.0929554963187224,0.0710217589561193,0.98375,0.469132920035593
"quadratic",800,"montoril",65,40.295,42.9589331324004,282.892010752876,174.222930706496,766.598448665423,135.200513596112,7.48151510612699,1179.67795434987,151.048267166079,1.06611076144436,7.02052390502236,4.32368608280173,19.0246543905056,3.35526774031795,29.2760380779221,0.00184894289681652,0.00174383137154619,3.90100500513802e-07,0.000838292924197229,0.00307024573487618,1.2020774578666e-05,1.13920615512906e-05,1.37985035220986e-11,5.92440724043578e-06,1.93517354140073e-05,-1565.56336317693,0.0839663662153122,0.0632646119466593,0.9925,0.457915532331943
"quadratic",800,"montoril",66,40.423,78.1848555243898,387.59622894471,105.605882075347,598.329473790664,151.75527937444,6.80715547313355,1181.65791508625,24.7559456702175,1.93416756609826,9.58850725935013,2.61251965651601,14.8017087744765,3.75418151484155,29.2323161340388,0.00195529034206325,0.00181017133468644,5.40381191627994e-07,0.000806721855183507,0.00346015220745072,1.27096576445945e-05,1.19312384133302e-05,1.7496071038686e-11,6.0075359355361e-06,2.09209689346883e-05,-1591.96946578337,0.105169752253922,0.0790245853466231,0.99875,0.463417946268912
"quadratic",800,"montoril",67,40.362,41.9118400303075,427.104116703494,165.591294464545,1047.54156996608,132.61714961235,13.8550368643202,1078.54960154625,59.7378340684775,1.03839849438352,10.5818372901118,4.10265334880692,25.9536586384737,3.28569321669764,26.7219067822767,0.00183936630659336,0.00172616040842758,3.89072926911134e-07,0.000841199466094468,0.0031321531457308,1.16722582279294e-05,1.10876727823348e-05,1.23882565097694e-11,5.73820504314052e-06,1.87847010008323e-05,-1575.76597928245,0.093840532874436,0.0747842052223726,1,0.454175295067971
"quadratic",800,"montoril",68,40.851,118.135747865592,400.696034239018,123.33972451606,1058.74427170337,167.440809531407,60.8216554625013,1570.17930955106,220.855921232003,2.89186917983872,9.80872033093482,3.01925839064063,25.9172179800584,4.09881788772385,38.4367410724598,0.00239181036303203,0.00224232969607624,8.10566116104925e-07,0.00097908780919344,0.00417902965519686,1.2966471631658e-05,1.22219988927305e-05,1.76146873374542e-11,6.28984428079717e-06,2.1542051625305e-05,-1558.72564411428,0.107778789468559,0.0786021839467737,0.97125,0.484332087794251
"quadratic",800,"montoril",69,40.091,169.62951519241,703.730187753347,136.163276722965,875.570280299672,154.743354425744,52.1468087200451,1200.86499363607,298.09528458184,4.23111209978325,17.5533208888116,3.39635520997144,21.8395719812345,3.85980280925255,29.9534806723721,0.00208674479998684,0.00192731138445654,6.20566282332422e-07,0.000896833495120125,0.0036720233693955,1.25226290731554e-05,1.18297395390542e-05,1.61235301673406e-11,5.98950800984459e-06,2.05309987355327e-05,-1595.32388048182,0.0919765268755374,0.0748122074813504,1,0.463802036936457
"quadratic",800,"montoril",6,40.577,133.185874464348,439.680711242746,148.51520483776,816.132492641808,153.157091929901,35.5747935845968,1272.02094474776,116.850062401734,3.28229968860065,10.8357126264324,3.66008341764448,20.1131796988887,3.77448041821479,31.3483240443541,0.00216320459878933,0.00202598723732311,5.82046145647337e-07,0.000941194086978718,0.00369448319530056,1.26231103251279e-05,1.1913038608745e-05,1.71545668469859e-11,5.92390082050415e-06,2.07838857990464e-05,-1550.35668769417,0.111640800291092,0.0887164333302443,0.97375,0.478611351571928
"quadratic",800,"montoril",70,40.863,106.060124218583,393.601649775925,154.967057490427,886.000675752153,135.487315190234,18.8584268302873,1025.66159006035,111.091689945805,2.59550508329253,9.63222596911448,3.79235634903035,21.6822229340027,3.31564777892554,25.1000070983617,0.00187778386263718,0.0017843400753137,3.83875259522397e-07,0.000887296285796495,0.00312374119616967,1.25107747544048e-05,1.17986965476899e-05,1.58802016895106e-11,6.19388644748542e-06,2.04307405413732e-05,-1573.3276352787,0.0737160363771788,0.0581090188888372,1,0.460680036516025
"quadratic",800,"montoril",71,40.564,134.386601408515,579.462707555054,100.827280634143,675.910849512261,162.62550134663,24.2649585021673,1390.59356545271,330.68747879409,3.31295240628426,14.285147114561,2.4856345684386,16.6628253996712,4.00910909542033,34.2814704036267,0.00219215086612993,0.00206401671256201,6.25638452173566e-07,0.000891659011942902,0.00369942318128965,1.32362498013533e-05,1.2506549854292e-05,1.89508657764139e-11,6.14287064261358e-06,2.18291174938941e-05,-1542.41197973085,0.0845882953733817,0.0673314173003056,1,0.476243060847233
"quadratic",800,"montoril",72,40.943,76.1317202302186,422.293540232995,172.768844168579,941.618454342801,171.654903973337,57.5615210427636,1546.55735237978,278.873085869414,1.85945632294211,10.3141816728866,4.21974071681554,22.9982769787949,4.19253361925939,37.7734253078616,0.00214294240512881,0.00203865233542853,4.89998215122066e-07,0.000947606864110818,0.00351958032821331,1.21521195693346e-05,1.14551698538224e-05,1.51837110793345e-11,5.86703058952661e-06,1.99651050852388e-05,-1583.48934285094,0.109330018900616,0.0828315202141629,0.95,0.460952822605323
"quadratic",800,"montoril",73,41.013,163.945165988121,531.708085744299,187.378935244809,931.434205937603,151.134239227244,25.917181726105,1253.44039886911,242.913809037079,3.99739511833129,12.9643792393704,4.56876929863236,22.7107065061713,3.68503253181293,30.5620266468952,0.00213221213488849,0.00200798715301814,5.07631291711413e-07,0.000960699836944939,0.00359266965705583,1.27123432645335e-05,1.20230999825829e-05,1.64761125097381e-11,6.06360859269192e-06,2.07912787431694e-05,-1608.48767720416,0.0922950089076028,0.0785481344533407,1,0.469611464376517
"quadratic",800,"montoril",74,40.657,126.56076552489,391.756891310119,145.980049569285,957.848416752557,170.703197612566,12.522736477938,1556.49439081308,196.729812815983,3.11288992116709,9.63565662272473,3.59052683595162,23.5592497418048,4.19861764548703,38.283552421799,0.00230365284502056,0.00214547211984823,6.89442239226597e-07,0.000961323333041374,0.00398092003875234,1.19588704727301e-05,1.13768330851174e-05,1.34690784213615e-11,5.86847626518874e-06,1.9331801709886e-05,-1562.17508485662,0.0913357775763209,0.0763990376513283,0.99875,0.471994150659718
"quadratic",800,"montoril",75,40.582,128.563267816717,448.775425221939,164.47265638791,811.117200061449,192.00199630492,40.2950620195627,1847.57144364341,319.313232466823,3.16798747761857,11.0584846784766,4.05284747888005,19.9871174427443,4.7312107906195,45.5268701306839,0.00253960494568143,0.00240524439327346,8.24906820579824e-07,0.00107589418471963,0.004316037341682,1.30263793794929e-05,1.22402870383774e-05,1.87767297110399e-11,6.03254209449421e-06,2.15815528003233e-05,-1600.42127840744,0.0844947023266684,0.069226599725625,1,0.481368614318245
"quadratic",800,"montoril",76,40.329,108.911094593125,377.279878916688,147.753080125997,864.887416933629,173.519945667346,55.6802369175725,1516.12029182591,278.243383476355,2.70056521592713,9.35505167290752,3.66369312717888,21.4457937695859,4.30260967708958,37.5937983045924,0.00228489558619943,0.00213023051235664,7.54963860386611e-07,0.000881111935700558,0.00405496287256003,1.26575837878867e-05,1.19088213671974e-05,1.77161113951679e-11,6.0116110962385e-06,2.08369531492749e-05,-1591.10735849408,0.0866153743142078,0.070900903279621,1,0.471659423079286
"quadratic",800,"montoril",77,40.567,71.8776953459343,223.651574363227,192.350888556651,859.051114139865,153.825341836991,58.7935279845749,1390.53229324455,160.312278755437,1.77182673961432,5.5131405912004,4.74156059251734,21.1761065432461,3.79188359595215,34.2774248340904,0.00211903710893038,0.00197719754759698,5.69752337224885e-07,0.000931303597111428,0.00367495705933137,1.21492824584559e-05,1.14283572998676e-05,1.60228789081006e-11,5.7548793186049e-06,1.98620191356932e-05,-1564.39197253966,0.0748643390584294,0.0601099687782476,1,0.474643742774636
"quadratic",800,"montoril",78,40.451,119.95202758924,582.142689072965,161.365857086286,927.90517714134,160.792413844205,43.8545625140848,1405.59192631424,164.124798262456,2.96536618598403,14.3913052600174,3.98916855173631,22.9389922904586,3.97499230783429,34.7480142966611,0.00226198797323847,0.00210588212425517,6.89843741512306e-07,0.000939778851251273,0.0038431660242347,1.2667393843788e-05,1.20062011530338e-05,1.67473899281996e-11,6.01716312024242e-06,2.07066675370883e-05,-1594.01972078027,0.0819544103905081,0.0595731465439507,0.9925,0.474376704259257
"quadratic",800,"montoril",79,40.494,98.6704523000464,393.181417957167,119.455023160068,686.556358978369,141.413655334823,18.6619056345167,1139.79021268098,135.882493031879,2.43666845211751,9.70962162189872,2.94994377340021,16.9545206444996,3.49221255827588,28.1471381607394,0.00185874154282251,0.00173438046870713,4.41734128720913e-07,0.000809620895854792,0.00320230207142331,1.20038004988014e-05,1.1411145383185e-05,1.35515584306199e-11,5.78159497306059e-06,1.92557995361703e-05,-1574.01109104461,0.100416093956899,0.0804455041945421,0.9975,0.456276214738678
"quadratic",800,"montoril",7,40.101,66.7511663192684,320.29085540232,128.52324750352,1305.28319506733,119.159823025371,24.3396515454077,855.612542165579,195.857213914224,1.66457610332082,7.98710394759034,3.20498859139473,32.549891400896,2.97149255692802,21.3364390455495,0.00180745007645176,0.00169937954664513,3.85613984578362e-07,0.000821266896063373,0.00304918355587028,1.19377288928232e-05,1.13158952903107e-05,1.32195506503962e-11,6.08305424586718e-06,1.93106030504831e-05,-1562.08550959312,0.103023822269055,0.0819602234873445,0.9825,0.474366347257193
"quadratic",800,"montoril",80,41.108,86.04379784932,372.518708354009,131.990633547665,815.168938325199,167.359290709145,7.91823421647823,1556.0173610807,136.498965475753,2.093115642924,9.06195164819521,3.21082595961042,19.8299342786124,4.07120975744732,37.8519354159944,0.00234518262346829,0.00218566940833659,7.24028802661084e-07,0.00094159754988984,0.0040777330721865,1.27672699044753e-05,1.20418492606034e-05,1.76312611438726e-11,6.26457394742413e-06,2.11287254304735e-05,-1556.17086977387,0.101020396015455,0.0799686706701381,0.98625,0.483150078272558
"quadratic",800,"montoril",81,40.46,112.140055269712,614.006066970132,116.592912752124,527.158877108349,150.720444785634,53.1517203371123,1269.28823628516,313.426801128978,2.77162766361127,15.1756319073191,2.88168345902432,13.029136853889,3.72517164571513,31.3714344113979,0.00211198983800191,0.00193379429733911,8.14864030685261e-07,0.000862495622610243,0.0036933117925307,1.26253676373632e-05,1.18240668806798e-05,1.73795465604138e-11,6.08246012003853e-06,2.10531901422737e-05,-1576.93182107522,0.106389606574202,0.08306214782733,0.96375,0.472026499539276
"quadratic",800,"montoril",82,40.858,75.3614498459277,212.60289724153,189.754059254951,835.200608668105,169.879435994983,42.2689763766969,1518.83423450142,165.791556773725,1.84447231499162,5.20345825154266,4.64423269016963,20.4415440958467,4.15780106698768,37.1734846174904,0.0023791420928471,0.00222870735109474,7.41950455184023e-07,0.000990115818531272,0.00418047087252337,1.33506081366024e-05,1.26570807027298e-05,1.83338511777082e-11,6.29823437119698e-06,2.18747518626907e-05,-1576.83498204942,0.118065718744504,0.091437874662324,0.975,0.482283947802446
"quadratic",800,"montoril",83,43.833,73.6665107514147,265.833019538422,149.819400041399,810.196569941785,131.103769556304,8.73110856689758,1040.10552035916,51.1029689061578,1.68061758837895,6.06467774367308,3.41795907287657,18.4837124983867,2.99098326731695,23.7288234973459,0.00184640023926558,0.00174032671199872,4.01672179413688e-07,0.000790892825634279,0.00308138170749794,1.17516457060817e-05,1.11947397441682e-05,1.24341932198975e-11,5.80493915959292e-06,1.87295455543946e-05,-1573.4041905339,0.0835450356498172,0.0594586732864878,0.9975,0.45772574338617
"quadratic",800,"montoril",84,40.214,68.0627377039962,300.778869916244,131.665094664001,989.033261348286,145.626283301231,31.0164096858893,1190.74770959814,130.599362139,1.69251349539952,7.4794566548029,3.27411087342718,24.5942522839878,3.62128321731813,29.6102777539697,0.00202030585499623,0.00189712371692914,5.4924064934359e-07,0.000816672084209059,0.00338633736584157,1.23130646647837e-05,1.16877170028378e-05,1.46403913585508e-11,5.97429186702045e-06,1.97046057221293e-05,-1593.68819623218,0.12126009916639,0.0920941089352085,0.96,0.466923028951745
"quadratic",800,"montoril",85,40.904,128.392179688389,469.761575810324,175.142775728393,1332.26118018704,168.01703569844,57.7819872418778,1292.46853033364,348.785284701175,3.13886611794419,11.4844899229983,4.2818006974475,32.5704376145864,4.10759426213672,31.5976073326236,0.00189305847681622,0.00179899795836133,3.69414080920496e-07,0.00086958815478654,0.00310495520762251,1.16551752401106e-05,1.10605580710404e-05,1.27771561965537e-11,5.81212241119721e-06,1.88414210902793e-05,-1586.16269836911,0.0653485662854739,0.0506495906667026,1,0.452444539454355
"quadratic",800,"montoril",86,40.434,60.9328088816906,255.932299154023,99.0315546165318,807.70231240929,139.428859775007,32.023246912695,1086.88175613956,170.924780738951,1.50696960186206,6.32963098268842,2.44921488392273,19.9758201614802,3.44830735952433,26.8803916540426,0.0019056754772162,0.00179056503922999,4.58172111883303e-07,0.000785051053625197,0.00328823562114306,1.21191601720061e-05,1.14579560191013e-05,1.43378448960004e-11,5.86889978981125e-06,1.96099158245137e-05,-1583.58449797538,0.0837696077966401,0.0613652265236806,0.98625,0.464865031604164
"quadratic",800,"montoril",87,40.445,124.839511772179,519.70376363105,166.860621949772,733.245843065697,158.01997930976,57.6303451177996,1363.10192196638,253.048999377215,3.08664882611396,12.8496418254679,4.12561804796073,18.1294558799777,3.90703373247026,33.7026065512765,0.00210112722809538,0.00196469729268827,5.8442000735191e-07,0.000899759391355806,0.00370599582479488,1.22955561661187e-05,1.16762911742941e-05,1.41635823903914e-11,5.8516528849337e-06,1.97720192076065e-05,-1569.08531502759,0.0898982872666548,0.0676772088189789,0.97875,0.468906284305638
"quadratic",800,"montoril",88,41.13,41.8417138070594,366.729471870449,158.135594230977,1006.65717566937,182.254452534187,14.1688696826255,1521.27956448887,93.3076557627055,1.01730400697932,8.91634991175418,3.84477496306777,24.4750103493647,4.43118046521243,36.9871034400407,0.00234325467255049,0.0022109548578261,5.9828018039378e-07,0.00104827789786734,0.00392661370766465,1.27208327013459e-05,1.20091919627213e-05,1.67343595101067e-11,6.1290915585188e-06,2.08146704008435e-05,-1588.64603848672,0.10538254882067,0.084997998815464,0.99,0.476274811411061
"quadratic",800,"montoril",89,40.391,101.409117221756,440.847514480886,138.261533569136,937.467938501735,151.634534824176,49.1566970421817,1254.15070244602,82.7709939078984,2.51068597513694,10.9144986378373,3.42307775418128,23.2098224481131,3.75416639410205,31.0502513541635,0.00198288584786413,0.00185196842370666,5.12415399865583e-07,0.000824650222060365,0.00345604662158096,1.23034515154765e-05,1.16215045799979e-05,1.57784801585477e-11,5.92887893503568e-06,2.00521941142067e-05,-1613.3424904596,0.115851063918655,0.0805450765192124,0.94875,0.461731083536559
"quadratic",800,"montoril",8,40.492,195.952882143437,851.029204457167,138.512283463829,907.904361879745,184.009085558897,25.6103122879702,1688.15137669923,289.801246899531,4.83929867982408,21.0172183260191,3.42073208198728,22.4218206529622,4.54433185712974,41.6909852983116,0.00253868679910867,0.00237904754982116,8.51699265094517e-07,0.00105265993770502,0.00440753856256518,1.35447088312377e-05,1.26537159433127e-05,2.07780186829662e-11,6.29480285009543e-06,2.2720141467508e-05,-1543.45370390508,0.096416569825263,0.0785786842931795,0.995,0.483950808782024
"quadratic",800,"montoril",90,40.559,109.512650503829,557.82705406276,148.814910462044,938.625273321884,136.74862997013,37.9944316884706,1064.34871581053,266.32541138937,2.70008260814687,13.7534715861525,3.66909712917094,23.142219318077,3.37159767178998,26.2419861389712,0.00184813221604572,0.00172607878617751,4.41672373859972e-07,0.000793828454656234,0.00317484775542505,1.13869324920687e-05,1.08134881830712e-05,1.24494401489772e-11,5.61374631930763e-06,1.82960091004332e-05,-1590.28486343234,0.0727884766886505,0.058878047142422,0.99875,0.454638365491407
"quadratic",800,"montoril",91,40.888,126.169209686914,643.02307115933,161.689618064326,911.928015622917,141.407513149234,31.7383677020085,1160.65439216496,162.882892445953,3.08572710054084,15.7264495979097,3.95445162552157,22.3030721879993,3.45841110226066,28.3861864646096,0.00192226841584555,0.00180389651326385,4.47422393914025e-07,0.000822827750100367,0.00326517824545145,1.18367513987608e-05,1.11843701079106e-05,1.3804036661346e-11,5.72024095878996e-06,1.90912665710878e-05,-1557.98326600668,0.097584656722595,0.0776276084066193,0.9975,0.461631675333929
"quadratic",800,"montoril",92,40.433,127.236778233075,498.609770921686,138.956766140142,889.372769223004,169.913082391137,37.2212327653828,1642.93974488654,266.168312174977,3.14685475312431,12.3317530463158,3.43671669527717,21.9962102545694,4.20233676430484,40.6336345283937,0.00241693262881564,0.00227634399250004,8.24458715633234e-07,0.000912877554370543,0.00423428220294122,1.2534632543733e-05,1.17962403294439e-05,1.63223798090433e-11,6.08123646643375e-06,2.06787414061009e-05,-1574.35847141955,0.10460492271785,0.0789432507186431,0.985,0.479583468267691
"quadratic",800,"montoril",93,40.358,56.9670357876629,225.883903168631,72.1118152824027,743.83658220441,154.712351011515,8.03283782086466,1365.59699655552,50.5742099059805,1.41154258852428,5.59700438992594,1.78680349081725,18.430957485614,3.83349895959947,33.8370830208513,0.0021913276218248,0.0020588774908838,5.74773006250007e-07,0.000933880965353532,0.00371987872742824,1.24397134355584e-05,1.17345696044491e-05,1.59318009695459e-11,6.03315665264858e-06,2.0375868275361e-05,-1556.71700207912,0.0940562544691194,0.0775224289553578,0.99375,0.484189121273594
"quadratic",800,"montoril",94,40.985,152.797067850353,558.599426852019,170.655506991174,1280.597442924,182.447326929465,53.3368391536607,1807.00013034148,261.689183866105,3.72812169941083,13.6293626168603,4.16385279958946,31.2455152598268,4.45156342392253,44.0893041439912,0.00251546665856343,0.00237545141221439,7.55237395554303e-07,0.00104070245095778,0.00422475955798775,1.2774856691842e-05,1.20517803797077e-05,1.69529550621724e-11,6.06635327976933e-06,2.07867419145885e-05,-1628.33209272287,0.0829801169832845,0.0673683539429621,1,0.483649135533454
"quadratic",800,"montoril",95,40.321,87.6215806331747,305.12566405458,175.873162686184,664.271859850969,121.439906073515,25.5690808101909,1007.4310833202,64.3536777445216,2.17310038523783,7.56741311114753,4.36182541817374,16.4745879281508,3.01182773427036,24.9852702889363,0.00193639748983656,0.00181116623271675,4.89595746368899e-07,0.000808871303132622,0.00331223577761589,1.19940939882257e-05,1.13188956968116e-05,1.46013769709334e-11,5.76548534035304e-06,1.95070978967876e-05,-1548.35536355857,0.0850984079619589,0.0648595323138596,0.99875,0.467235396033498
"quadratic",800,"montoril",96,40.52,107.688406963734,411.889247135881,175.175477252528,750.117852078365,140.948642933415,39.8963051130042,1081.63648317178,302.157628808289,2.65766058646925,10.1650850724551,4.32318551955893,18.5122865764651,3.47849563014351,26.6938914899256,0.00196444037183195,0.00185698808813204,4.32993901785969e-07,0.000890499917345966,0.00326560198326019,1.23676294809788e-05,1.16359790521664e-05,1.60508027493842e-11,5.97621941604968e-06,2.03789620089007e-05,-1567.14462152112,0.0910745525163813,0.0741619711627219,1,0.462344350701218
"quadratic",800,"montoril",97,40.196,117.359502663027,514.740055799087,191.116796845777,902.816885200538,150.689555329426,34.7059882694233,1235.98471055049,193.274008637504,2.91968112904335,12.8057532042762,4.75462227201157,22.4603663349721,3.74886942306263,30.7489479189595,0.00200004720101822,0.00188979032255118,4.25406098769875e-07,0.000932359515084281,0.00327857134991883,1.19886173626714e-05,1.13837430137034e-05,1.32580879588354e-11,5.97103445620001e-06,1.93513852720432e-05,-1571.99132293353,0.0935467035232593,0.0780483970969481,0.98875,0.46570976477887
"quadratic",800,"montoril",98,40.581,89.0337847049543,323.622468698739,103.884094342704,984.533496739243,147.404549189537,12.781590244329,1276.78302214722,199.938505027403,2.19397710024283,7.97472878191121,2.55991952743165,24.260947160968,3.63235379092523,31.4625815565713,0.00215314083844305,0.00200791023792064,5.96252006778586e-07,0.000946420484805568,0.00375083178113081,1.23636470029727e-05,1.16746677806437e-05,1.57434970653198e-11,6.02077232759158e-06,2.05050692260201e-05,-1582.61159867199,0.0972231763625554,0.076860028409011,0.9825,0.46936702498488
"quadratic",800,"montoril",99,41.203,161.569807653202,643.3128157957,125.234920141952,824.407873993507,194.543218355548,54.3947284308429,1980.6592937314,375.111210864961,3.92131174072768,15.613251845635,3.03946120772642,20.0084429287554,4.72157897132608,48.0707544045677,0.00274351761167797,0.00252707921971042,1.21937682043119e-06,0.00104095105031622,0.00489720710650334,1.33250528278214e-05,1.2420095921549e-05,2.1238579506331e-11,6.21850062195336e-06,2.2435694030444e-05,-1588.74691890478,0.104921113756504,0.0836203638084997,0.97875,0.497622293821082
"quadratic",800,"montoril",9,40.364,72.1253134166532,475.067897375316,163.91104463544,912.026497152037,135.065326256245,25.7570851706472,1099.89164209562,265.743675076893,1.786872297509,11.7695941278197,4.06082262995343,22.595047496582,3.34618289208813,27.2493222201867,0.00192427104868956,0.00183094995352309,4.07724825653163e-07,0.000857170545231124,0.00316094100825391,1.24261698486761e-05,1.16698302228326e-05,1.66336538864828e-11,5.99022679142894e-06,2.07122497802377e-05,-1572.06540040104,0.10077769564314,0.0770345302918972,0.99875,0.464636941174883
"sinusoidal",1600,"montoril",100,81.183,97.3153848839031,383.877226466453,103.862375885101,986.348044707901,134.707033241476,5.72080183197573,1216.20977101298,30.2928757969446,1.19871629385343,4.72854201577243,1.27936114562286,12.1496870614279,1.65930100195209,14.9810892799353,0.00159749647653182,0.00154868866645266,2.0766263429012e-07,0.000767793569745011,0.00251364732524554,7.35644923965241e-06,7.12368870360389e-06,3.14480639806671e-12,4.22453988185315e-06,1.0871651761847e-05,-3188.24752104944,0.0961291306120779,0.0762199086886124,0.99,0.4361951868401
"sinusoidal",1600,"montoril",101,80.973,54.87774226116,247.41679596241,89.9036742160896,713.78810851402,112.770662870318,5.06825940179137,963.666608596731,38.356181273886,0.677728900512023,3.05554686083521,1.11029200123609,8.81513724962667,1.39269463735218,11.9010856532021,0.00140456122790794,0.00135379719914105,1.57206041078683e-07,0.000715674716224534,0.00221439641311626,6.82448691948029e-06,6.60832082002671e-06,2.50034184311984e-12,4.07281658145752e-06,9.99045749062429e-06,-3145.37579600106,0.0839428076879004,0.0665968434834668,0.9875,0.423146098162874
"sinusoidal",1600,"montoril",102,80.026,84.2767776293206,372.590887123554,81.9248025801713,688.04635054543,111.541339016616,7.26702877072697,912.740304955721,81.6946703588029,1.05311745719292,4.65587293034207,1.02372732087286,8.59778510165984,1.39381374823952,11.4055470091685,0.00137098526851932,0.00131988768090128,1.44915321011132e-07,0.000729116694391745,0.00213800920145001,6.86182018863417e-06,6.6107916504965e-06,2.95503271955305e-12,3.92631576258086e-06,1.02818505909565e-05,-3171.69353170077,0.0756628062834823,0.0602922527112749,1,0.421360524292284
"sinusoidal",1600,"montoril",103,80.015,83.8670515601134,309.302147611714,112.379487511398,698.47355334568,120.164542952302,9.87627741322194,1054.19190220001,38.4994084872334,1.04814161794805,3.86555205413627,1.40448025384488,8.72928267631919,1.50177520405302,13.1749284784104,0.00150385090883016,0.00144035564169184,1.79685893800856e-07,0.000775735545889189,0.00238072057499946,7.17001358276385e-06,6.92777599647871e-06,3.03502135802811e-12,4.21145694653797e-06,1.06914909867855e-05,-3165.5041572589,0.0826664135233132,0.0663621391737055,0.99,0.432310010699821
"sinusoidal",1600,"montoril",104,80.056,66.1942590767022,306.062586495027,58.8448621790196,624.009032983018,114.534436498126,9.70529354024987,1072.5952254304,90.9607115721557,0.826849443848083,3.82310615687802,0.735046244866338,7.79465665263089,1.43067898093992,13.3980616747076,0.00152151397460231,0.00144348165237792,2.3827322985721e-07,0.000648632916382452,0.00247800746843768,7.07326537527968e-06,6.83966149036543e-06,2.83114831658779e-12,4.19273561437183e-06,1.04873077320029e-05,-3167.40657448717,0.111331786402162,0.0894810500703044,0.963125,0.434236002186171
"sinusoidal",1600,"montoril",105,85.662,103.23461757574,416.14322386016,121.571372182389,492.31166250013,110.667558599659,23.2463574416915,895.718513974887,153.451209703852,1.20513900651093,4.85796763862809,1.41919838647696,5.74714181901111,1.29190958184095,10.4564277506349,0.00134314621149826,0.0012922522203256,1.38855080143843e-07,0.000707302929222335,0.00209885979948028,7.02442174630921e-06,6.80520201482295e-06,2.78999850972044e-12,4.16606924471319e-06,1.04177054031006e-05,-3159.96579331497,0.0932347133952615,0.0762032430637467,0.981875,0.419344678767066
"sinusoidal",1600,"montoril",106,80.32,65.8289896767187,271.694406186122,90.7991503859508,1040.53580572834,136.061895932509,11.8253595059045,1269.06547184592,25.889093493656,0.819584034819705,3.38264947940889,1.13046750978524,12.9548780593667,1.69399770832307,15.8001179263685,0.00164745832230516,0.00155136202774505,2.87222593205427e-07,0.000793790800802954,0.00277286124753789,6.98924644326407e-06,6.76474210812061e-06,2.65865135052953e-12,4.13786286275617e-06,1.02395606665563e-05,-3213.7998005699,0.0763372501391421,0.0606678627762848,0.99125,0.439537052420977
"sinusoidal",1600,"montoril",107,83.081,99.2544846419933,319.813691374716,103.793659555687,614.938988011088,94.5545207084842,5.2865691223119,745.971858562845,52.5164591947291,1.19467128034079,3.84942034129002,1.24930681570621,7.4016801436079,1.13810041656316,8.97885026134549,0.00127026198469738,0.00122385004026095,1.08423267647255e-07,0.000700860218279112,0.00195082767264045,6.92392777475283e-06,6.67248286270714e-06,2.78990170664384e-12,3.98303857533242e-06,1.01839336086787e-05,-3144.71011378879,0.0922504216392372,0.0723080928580248,0.984375,0.422105539835742
"sinusoidal",1600,"montoril",108,80.238,40.2901015305621,314.745014269486,45.6054373440281,749.469367059718,120.887487103051,12.540977456219,1121.92321372718,164.785195429633,0.502132425167154,3.922642815991,0.568377045091205,9.34057886611977,1.50661141981419,13.9824424054336,0.00152431759725951,0.001453557340454,1.95962049550024e-07,0.000778852415686182,0.00240050713108176,7.1308652752746e-06,6.91411043108578e-06,2.7078994437503e-12,4.34771278353789e-06,1.05510077067949e-05,-3129.22070669379,0.0819042626526756,0.0643388135853592,0.9875,0.433682944865902
"sinusoidal",1600,"montoril",109,80.304,78.4443598381036,428.883348996422,173.005637383252,864.095835611549,100.66157432764,6.19756133675828,790.323479627288,82.8818090054843,0.976842496489635,5.34074702376497,2.15438380881715,10.7603087718115,1.2535063549467,9.84164524341612,0.00123763426464766,0.00119298407691158,9.98169634496565e-08,0.000696134653455307,0.00189620825363385,6.90978141767623e-06,6.69335931628757e-06,2.59378905408662e-12,4.10233116663594e-06,1.0085776520535e-05,-3143.32857952837,0.0840260833062333,0.0692915744093527,0.991875,0.415270513663687
"sinusoidal",1600,"montoril",10,80.485,105.485355777478,396.122403102267,106.889543290882,583.919333181977,117.831395944365,27.0018864451571,1026.57426212698,123.238159757284,1.31062130555356,4.92169227933487,1.32806787961585,7.25500817769743,1.4640168471686,12.7548519864196,0.0014457833255593,0.00138648545001085,1.69997475716608e-07,0.00073169461348467,0.00232151426681362,7.20019605363783e-06,6.97098319774728e-06,2.88551380294833e-12,4.21336285887261e-06,1.05554622318311e-05,-3191.20678733641,0.0954311290062205,0.0802722773533589,0.989375,0.427290292667474
"sinusoidal",1600,"montoril",110,80.846,75.4348576140611,297.448852504323,139.801374950855,865.8668204061,113.0421584372,4.97830193018185,989.019059109527,49.8125346192133,0.933068520570729,3.67920308369398,1.72923057357018,10.710076199269,1.39824058626524,12.2333703474449,0.00142230575488578,0.00136486092324711,1.57815808666378e-07,0.000747495668713875,0.0022243199042795,6.90316905529167e-06,6.67538415829719e-06,2.77700194246193e-12,4.04046097756546e-06,1.02394892794825e-05,-3169.29610903761,0.0967640766033536,0.0777661292089799,0.99125,0.424147334740553
"sinusoidal",1600,"montoril",111,79.583,82.6095618076812,274.466785147196,148.879015147751,637.366697198209,126.307158466276,8.17940717372923,1187.88430293452,50.1798410402864,1.03803025530178,3.4488117455637,1.87073891594625,8.00882973999735,1.58711230371155,14.926357424758,0.00156824900864077,0.00153771473538136,1.59493326686187e-07,0.000833551552408333,0.00234474367353766,7.33308291364045e-06,7.05825530796495e-06,3.2842803801578e-12,4.20598638190761e-06,1.10008479074257e-05,-3138.54703999486,0.0920531089408432,0.0769666620870102,0.9925,0.433825608937394
"sinusoidal",1600,"montoril",112,82.922,102.955675239544,331.97327390917,138.817657411638,781.121362092094,93.8461789465375,5.20458911940213,767.886797913126,27.7868118676487,1.24159662380965,4.00344026807325,1.67407512375049,9.41995323426948,1.131740418062,9.26035066584412,0.00129448283849582,0.00123587759232507,1.2463459088697e-07,0.000704589788510573,0.00201309633494807,6.75501415273814e-06,6.53423533178643e-06,2.49538753570734e-12,4.136258736155e-06,9.98722760548353e-06,-3165.69092751747,0.0828941667194303,0.0638848270719911,0.988125,0.419325064310866
"sinusoidal",1600,"montoril",113,79.903,92.0293080643986,382.785355615145,146.107613041299,963.64398360275,125.494604886626,30.9366315972599,1110.68447358982,104.295143733051,1.15176286327671,4.79062557870349,1.82856229479868,12.0601727544992,1.57058689769628,13.9004101672005,0.00149212116342115,0.00144254565473394,1.5121956314747e-07,0.000826651874077794,0.002248824057531,7.11209198289773e-06,6.87096036691078e-06,2.90458188792779e-12,4.11569728982788e-06,1.05609802910659e-05,-3132.42086241907,0.0885591732866915,0.0670631675590407,0.97375,0.431682795626404
"sinusoidal",1600,"montoril",114,82.867,64.9117616874791,274.166508011808,60.8023136869312,1051.77167821973,105.531521261514,9.16227547933383,835.760817566702,36.7002566729709,0.783324624850413,3.30851253227229,0.733733738242378,12.6922861720556,1.27350478793143,10.0855686529825,0.00128084239531044,0.00124265877470595,1.16612364170542e-07,0.000700132326677547,0.0019781046478996,6.95853680799025e-06,6.73163417464083e-06,2.53562576516811e-12,4.18105734801192e-06,1.01455609295156e-05,-3159.54370755453,0.086863647392229,0.0708016423835375,0.98875,0.416711538560105
"sinusoidal",1600,"montoril",115,82.22,89.0462572670942,346.042143347393,105.19472543004,590.616387531213,113.693360328386,10.2827827254928,953.00063921405,91.8025116887317,1.08302429174281,4.20873441191185,1.27942988847045,7.18336642582355,1.38279445789816,11.5908615812947,0.00141897872072819,0.00134823271585024,1.90090436049695e-07,0.000689590217288236,0.00224517458426434,7.08131355815002e-06,6.87570081393943e-06,2.72348513040921e-12,4.17062879559699e-06,1.03755793173539e-05,-3154.34661230092,0.0910283783641407,0.07318642119646,0.988125,0.428799537525349
"sinusoidal",1600,"montoril",116,82.315,127.138660259313,506.901047286045,123.709100072825,533.595893696291,116.271881024906,4.88530063096241,1011.26928212601,20.3582000113234,1.54453817966729,6.15806411086734,1.50287432512695,6.48236522743475,1.41252361082313,12.2853584659662,0.00151992787724249,0.00146440395262083,1.883421758429e-07,0.000758122650263,0.00238658766765419,7.32255886812983e-06,7.06053153487352e-06,3.25771170232953e-12,4.21738004834989e-06,1.09806060929345e-05,-3128.88240260682,0.0849052168414779,0.0687498307073338,0.999375,0.430905276251954
"sinusoidal",1600,"montoril",117,80.091,76.1813825045216,285.58993921412,118.317582300748,930.539732498117,114.624667342342,9.74201591903876,993.310419733216,90.7034738005028,0.951185308018648,3.56581812206266,1.47728936210994,11.6185305776943,1.43118037410373,12.4022726615127,0.00137617084849432,0.00132482950507973,1.32743420925118e-07,0.000718772583681488,0.00211180086875989,6.92521083841015e-06,6.71305746451479e-06,2.58128890683625e-12,4.12671481262439e-06,1.01172681512075e-05,-3153.4764472105,0.0851412008404865,0.0670700859438284,1,0.419894917426806
"sinusoidal",1600,"montoril",118,79.9,43.7808633874301,137.320350406457,58.6031530412686,689.179067491886,123.184361696926,9.94755845677484,1076.58856446172,95.3913880996617,0.547945724498499,1.71865269595065,0.733456233307493,8.62552024395352,1.54173168581885,13.4741998055285,0.00144745599601243,0.00138547770792263,1.65643117283693e-07,0.000757323841553542,0.00224539161654407,7.04430847570503e-06,6.84363211924432e-06,2.65649857834021e-12,4.15233823061028e-06,1.02634930369696e-05,-3163.49225770776,0.0789390532368371,0.0629024863701932,1,0.425142939225557
"sinusoidal",1600,"montoril",119,82.547,59.3044352682355,226.960498097519,155.158301980983,778.892492172402,113.581292142346,1.99763448292543,939.38859050133,12.8948390756933,0.718432350881746,2.74946997586246,1.87963586782055,9.43574560156519,1.37595905535448,11.3800451924519,0.00135915880625636,0.0013091751025555,1.23787698880647e-07,0.000730878067128891,0.00207566521004141,6.98376201153543e-06,6.75019800774369e-06,2.80510304390778e-12,4.08834408014897e-06,1.02949574534133e-05,-3138.37852511359,0.0773133516675991,0.0599730489231064,0.9875,0.423308630820425
"sinusoidal",1600,"montoril",11,81.778,88.1989948774808,266.181612151672,81.9098780580896,795.826885906222,111.466548164502,8.49046090248736,917.741280819221,36.3335570820499,1.07851738704151,3.25492934715537,1.00161263491513,9.73155232343933,1.36303832527699,11.2223492971119,0.00135685689273757,0.00129820295023988,1.50491163964669e-07,0.000708151029025792,0.00219597795914794,6.85827616680929e-06,6.65758572819456e-06,2.49988301282233e-12,4.15815774693097e-06,1.00485438872542e-05,-3191.51979686731,0.0845332697947564,0.0664564842507346,0.99,0.419121199527353
"sinusoidal",1600,"montoril",120,80.548,140.972281087844,459.198592188033,104.589417223609,656.444873579829,115.19003112412,10.3742094439968,1041.2016440852,32.5335818604522,1.75016488414167,5.70093102483033,1.29847317405285,8.14973523339908,1.43007934553459,12.926474202776,0.00144100264661689,0.00138571333731737,1.58843668805058e-07,0.000739546919443645,0.00222539118873696,7.08102943820987e-06,6.82820846269673e-06,2.94491781885834e-12,4.00907415265988e-06,1.04543657023716e-05,-3175.9138460391,0.0901847629192043,0.0639328977736385,0.98,0.434151738107541
"sinusoidal",1600,"montoril",121,81.544,108.528682169207,396.53227408496,110.649512723273,1122.10766537725,117.606942279376,6.13323548723811,1098.30745005503,23.4077625964296,1.33092173757979,4.86280135981752,1.3569301570106,13.7607630895866,1.44225132786442,13.468893481495,0.0014666524079725,0.00139910922804249,1.75826032385309e-07,0.00074758048358228,0.0023340688680708,7.13959854227316e-06,6.91907235890599e-06,2.73855251330872e-12,4.19313277075658e-06,1.04733720696614e-05,-3175.09583473853,0.091869443077793,0.0740224825460129,0.983125,0.423841340179228
"sinusoidal",1600,"montoril",122,82.603,83.7411983256866,222.800448167564,133.176439991229,543.777371672242,108.113600676874,4.14249144263084,892.320499777252,57.7816751556566,1.01377914029377,2.69724402464273,1.61224701271417,6.58302206544849,1.30883382778923,10.8025192762642,0.00134116213708403,0.00129983561815391,1.24765898973562e-07,0.000702018280694544,0.00203376128330518,7.1355422638344e-06,6.86469809533082e-06,3.08212543261698e-12,4.10773823949527e-06,1.05994407947889e-05,-3180.6753772487,0.0915231633761551,0.0730061476394896,0.975,0.418951998862433
"sinusoidal",1600,"montoril",123,81.436,133.222213076341,464.977166008472,161.165095526921,1043.95122725735,106.387045166764,7.29271696691744,910.175035675997,46.297226034142,1.63591302466159,5.70972501115565,1.97903992738986,12.8192841895151,1.30638839293143,11.1765685406454,0.00134861630649547,0.00130489873899021,1.17119225623793e-07,0.00074695377726424,0.0020159246932742,6.82482556655343e-06,6.59995439823248e-06,2.53273307537608e-12,4.14416845494911e-06,1.01158175993895e-05,-3120.15189717819,0.0956625333505308,0.0725896382300188,0.97375,0.426806848780995
"sinusoidal",1600,"montoril",124,80.408,90.6162211436917,334.285141942351,92.2877673494448,780.601638630421,120.90459830006,5.44743212376642,1062.14951507212,30.556521195552,1.12695529230539,4.15736172945914,1.14774359951056,9.70800963374815,1.50363892025744,13.2095004859233,0.00145987827440399,0.00139738762299644,1.67497466681033e-07,0.000789979959687292,0.00229255822287952,7.1012884590879e-06,6.83756296343639e-06,2.97496053753257e-12,4.03487524522471e-06,1.0484046756097e-05,-3122.4505856372,0.0898767007742356,0.0698451033124786,0.97375,0.424192830648307
"sinusoidal",1600,"montoril",125,82.36,74.8051610850734,273.137059259716,112.11898281385,738.987944248737,107.882996860395,5.7077126890631,904.734763029278,81.0383267334628,0.908270532844505,3.31638002986542,1.3613281060448,8.97265595251016,1.30989554225831,10.9851233976357,0.00134777171162273,0.00130458272243162,1.31607385769048e-07,0.000700487237832385,0.00208513774765317,6.93537061079959e-06,6.70887594891301e-06,2.70073287799168e-12,4.08530611098409e-06,1.02066515800474e-05,-3142.63277835414,0.0780524850865171,0.0619874862141904,0.99,0.42330445161863
"sinusoidal",1600,"montoril",126,82.025,170.149626806436,583.065879615427,124.035119650939,668.724447071301,101.882240058257,9.91357070623479,798.300788968808,59.420551848171,2.07436302110864,7.10839231472632,1.51216238525985,8.15269060739167,1.24208765691262,9.73240827758375,0.0011946114620251,0.00114175562264441,9.50402546067981e-08,0.00067540790277545,0.00180462156727058,6.71772064779044e-06,6.50411225955192e-06,2.45147130076635e-12,3.98459645034784e-06,9.89806986654422e-06,-3145.33468707644,0.0774288512132142,0.0626556256500077,0.993125,0.410614575374744
"sinusoidal",1600,"montoril",127,81.095,85.8310712694209,364.333997874366,155.494560640202,899.844595592581,114.788293522102,4.14922649349993,978.399741803179,30.9393900793401,1.05840152006191,4.49268139681073,1.91743708786241,11.0961785016657,1.41547929616008,12.064859014775,0.0014190984603346,0.001381115254759,1.26807873245529e-07,0.000783520814141201,0.00211492370571229,6.99051234524029e-06,6.76369117978973e-06,2.81932490042347e-12,4.11704353109699e-06,1.03963803682081e-05,-3175.03204186804,0.0852649621963789,0.0691829269067749,0.993125,0.428816804966815
"sinusoidal",1600,"montoril",128,80.816,93.606041592915,416.368214855244,153.276380741934,624.67853168915,112.420846098748,8.35602853484409,921.428636168159,44.6327278611992,1.15826125510932,5.15205175776138,1.89660934396572,7.72963932499938,1.39107164545075,11.4015620195031,0.00141432549054652,0.00136029568554306,1.40288679921511e-07,0.0007791298353511,0.00219648522153204,7.05689557247403e-06,6.82802019067346e-06,2.8451990750642e-12,4.10160661208321e-06,1.03699136518716e-05,-3137.53743389955,0.0866617861778088,0.0699585643676366,0.985,0.426439174424549
"sinusoidal",1600,"montoril",129,81.231,142.009865016586,448.828922283927,119.27532480906,1053.14330041326,124.323264881561,7.62457349315159,1142.31100077591,146.347564397828,1.74822253839773,5.52534035385416,1.46834736503379,12.9647954649489,1.53049039014122,14.0625007789626,0.00148797978785784,0.00142535490985748,1.71805629851446e-07,0.000738391060972347,0.00230015034925932,6.99221627070849e-06,6.76998636487505e-06,2.70425641841693e-12,4.15532102562913e-06,1.03528855228187e-05,-3169.86898883189,0.0975451462080462,0.0750949773361748,0.98,0.429671432657257
"sinusoidal",1600,"montoril",12,79.467,102.970515504372,327.420743897171,124.630619360727,656.711300849256,112.326878352579,9.04539186220228,927.549186809102,53.6540783522532,1.29576447461679,4.12021019916659,1.56833175230884,8.26394982633365,1.41350344611699,11.67213040393,0.00137700309179036,0.00131725493480732,1.51979440213203e-07,0.000705550121367447,0.00214764824686745,6.9347436353366e-06,6.6806242558264e-06,2.73974804501856e-12,4.09003552278965e-06,1.02198333207161e-05,-3159.03561778153,0.0896262996287802,0.0720407391170229,0.988125,0.427549326554883
"sinusoidal",1600,"montoril",130,82.523,101.291296535325,291.948919698652,167.40747614562,840.831878193822,100.902998064139,4.25006445816423,819.229417504921,14.4273297536145,1.22743109842499,3.53778849167689,2.02861597549313,10.1890609671706,1.22272576208014,9.92728593852527,0.00130243454735367,0.00127186057122882,1.01963901160643e-07,0.000729001399783712,0.00191877811106698,6.90641578400785e-06,6.69503162693955e-06,2.72461064829333e-12,3.99278243390802e-06,1.02245325652212e-05,-3096.36270299518,0.0860392995920607,0.0691811820265704,0.9875,0.423925877870131
"sinusoidal",1600,"montoril",131,80.969,63.7413452146783,168.358531166187,131.206849739348,796.161717346349,97.1636612213786,5.20174828704884,734.116884873364,19.8698921907054,0.787231473955197,2.07929616478142,1.62045782632054,9.83292022065666,1.20001063643343,9.06664136735496,0.00121461810546306,0.00115185118784667,1.19957847705383e-07,0.000655774887068986,0.00190540576800174,6.76728958167078e-06,6.5642202247932e-06,2.4433722943367e-12,4.01949591429403e-06,9.89583749338094e-06,-3195.99990668493,0.081468710568023,0.0660971972030435,0.993125,0.415078504006982
"sinusoidal",1600,"montoril",132,80.998,103.362823508084,438.929976118876,94.9095482488082,720.686405935341,105.823033977672,5.68498791807708,960.797417011394,93.5567454435766,1.27611574987141,5.41902239708235,1.1717517500285,8.89758272963951,1.30648946860011,11.8619893949405,0.00140258145334512,0.0013178920593105,1.93931868714423e-07,0.000701669496783758,0.00228358450786668,6.7588267837834e-06,6.52118869607079e-06,2.56304679455374e-12,4.02844925059063e-06,1.00392989034678e-05,-3179.71172779143,0.0771482484400886,0.0593866990506589,1,0.429556396814403
"sinusoidal",1600,"montoril",133,81.107,104.076898232496,371.839868741307,87.6001282236071,427.951241463046,112.787715143423,8.86396883926772,888.560851107511,30.5402117543375,1.28320488037403,4.58455951695054,1.08005632341977,5.27637862900917,1.39060395703728,10.9554150826379,0.00128232082873949,0.00122115484941666,1.35202173811563e-07,0.000700523999710956,0.00204499277588466,6.75463306459172e-06,6.54437492985148e-06,2.67089699991568e-12,3.87975447878069e-06,9.96919837754231e-06,-3144.45790721101,0.0640992489848813,0.0505421489229627,0.999375,0.412639628175717
"sinusoidal",1600,"montoril",134,81.032,116.370444958231,548.760321314369,64.5199976387857,333.319036617209,109.286493453987,30.5999508246434,948.996326013522,151.587753882576,1.43610480992979,6.77214336699538,0.796228621270433,4.11342477807791,1.34868315546928,11.7113773078972,0.00144467207578832,0.00136798138452698,2.01362587939537e-07,0.000708882593836393,0.00229324147448064,7.04644664889115e-06,6.80463992171713e-06,2.9100463635352e-12,4.10635417028863e-06,1.05150790906608e-05,-3124.21100206417,0.0821824060331343,0.0673660719119082,1,0.435481576498892
"sinusoidal",1600,"montoril",135,82.143,68.1162130922846,417.34436920801,101.086143901977,641.140503914872,127.290477528011,23.6917622787167,1139.83187122004,107.503599935586,0.829239412881007,5.08070522391452,1.23061178556879,7.8051751690938,1.54962050969664,13.8761899519136,0.00149653622868521,0.00143416908886728,1.73669649494299e-07,0.000803461114248638,0.00233992686832136,7.15982011875065e-06,6.92456249592579e-06,2.97453791946456e-12,4.21360456208985e-06,1.05904962375477e-05,-3187.13391910733,0.0870254091736263,0.0686600361107702,0.99875,0.430671465070444
"sinusoidal",1600,"montoril",136,82.112,109.202270942886,284.224466560412,66.423588597321,722.781901061274,105.154523954881,7.76930180198415,858.165303436199,28.198865723291,1.32991853739875,3.46142423227314,0.808938871265114,8.8023906501032,1.2806230996064,10.4511557803512,0.00137392195577125,0.00132258943407868,1.32214750998534e-07,0.000752845956075963,0.00212411355154093,7.08242557603398e-06,6.84499026706129e-06,2.7284142364599e-12,4.29003692564108e-06,1.04595153907864e-05,-3161.81258696986,0.098422176543791,0.0786070556505035,0.98,0.424612989325875
"sinusoidal",1600,"montoril",137,81.872,73.6286811762467,284.551521933723,80.5309908239432,966.928447185176,116.623047351107,7.77415932493934,955.154955962621,123.333295418237,0.899314554136294,3.47556578480705,0.983620661812869,11.8102458372237,1.42445582557048,11.6664422020058,0.00136054491249136,0.00130852916325458,1.33734499061118e-07,0.000719925845211666,0.00207275110130876,6.93350565782598e-06,6.69953310616464e-06,2.69437750014904e-12,4.13027904703666e-06,1.0280988773298e-05,-3147.74708745408,0.0853296125158966,0.0647875994216475,0.994375,0.421279143372453
"sinusoidal",1600,"montoril",138,82.656,83.3747580847371,354.90937614421,126.362718120776,719.492137239437,118.440755372273,17.6549540898433,1034.53245680447,121.954754270354,1.0086957762865,4.29381262272805,1.52877852933575,8.70465709978026,1.4329359680153,12.516120509152,0.00142175721894504,0.00136893950939436,1.47279340084484e-07,0.000761357125347745,0.00216327954169224,6.97151053018859e-06,6.7111669923006e-06,2.75700050164506e-12,4.16992104636741e-06,1.04522519317237e-05,-3186.58769849874,0.0879342215384198,0.0683719149911841,0.988125,0.421215837118848
"sinusoidal",1600,"montoril",139,82.753,121.883264350336,345.916220406626,137.138133299961,567.15114733711,108.045671494954,7.23161867861625,864.478108267326,87.2971402138021,1.47285614237957,4.18010489537087,1.65719832876103,6.85354183337293,1.30564053865062,10.446486632114,0.00130524691713656,0.00127368701344703,1.09506014663406e-07,0.000717239347322763,0.00195018557868517,6.9158118593793e-06,6.66278807082075e-06,2.72660847222943e-12,4.06199221031134e-06,1.02632547986211e-05,-3139.99433710638,0.0798895283448811,0.0641564834970403,1,0.415346889300843
"sinusoidal",1600,"montoril",13,83.553,77.0755556601711,278.584276914038,121.88033435798,753.375533747327,94.2529186055847,7.19889775605215,766.844445281475,72.8762877792974,0.922475023759424,3.33422231295151,1.45871882946129,9.01673828285432,1.12806145327618,9.17794029276597,0.00124439400788585,0.00121304755121579,9.87009082097483e-08,0.000670200495418561,0.00186378055917864,6.78057619946091e-06,6.56643587641639e-06,2.45149538353615e-12,4.01488344355592e-06,9.93068229714839e-06,-3096.37317951786,0.0955178979160519,0.0776480672789381,0.99875,0.420687518980878
"sinusoidal",1600,"montoril",140,81.945,85.581370270172,313.228887610053,83.7037877188732,516.217290015907,108.476676480822,12.0287476268774,864.922960107145,38.1560060629581,1.04437574312248,3.82242830691382,1.02146302665048,6.29955811844417,1.32377419587311,10.5549204967618,0.00135756701033525,0.00130636961726109,1.43464375141425e-07,0.000697528122826667,0.00209193989532995,7.06198656200149e-06,6.81445139744239e-06,2.86805695317936e-12,4.13581852727343e-06,1.04828680736436e-05,-3106.39146331388,0.091316287972786,0.0676386883408877,0.975,0.422694560978138
"sinusoidal",1600,"montoril",141,83.568,87.2750329368871,385.072138140131,66.6891063243701,523.252651671571,126.014350736583,22.6485768283348,1163.14717907926,110.491814996193,1.04435947894992,4.60788983989243,0.798022045811437,6.2613997184517,1.50792588953407,13.918571451743,0.00146961975737296,0.00140043703966096,2.12903698077426e-07,0.00068085275089852,0.00236982044512095,6.80059261221896e-06,6.5839829156982e-06,2.66456637284761e-12,3.99543538586023e-06,1.00799121796913e-05,-3186.83024840648,0.065599440090951,0.052573061636714,1,0.424127394014503
"sinusoidal",1600,"montoril",142,79.634,119.844064365122,455.100659938257,79.0813662102332,518.205416295482,120.325986141949,5.56032100631408,1096.19336816158,135.232920569411,1.50493588624359,5.71490393472959,0.993060328631403,6.50733877860565,1.51098759502159,13.7653937785566,0.00149837667621843,0.00144447917133548,2.15258488109784e-07,0.000682718621463749,0.00236446319286274,7.15224343351485e-06,6.90131705567271e-06,3.14962345463863e-12,4.19017845639951e-06,1.07104884310448e-05,-3159.12510170845,0.0797650157130747,0.0625172224650177,0.985,0.429443700930662
"sinusoidal",1600,"montoril",143,79.88,67.2731309582639,258.673408112462,98.0199145931678,658.707561319316,111.034872439441,11.6497851391035,912.241454531301,90.1182531536601,0.842177403082923,3.23827501392667,1.22708956676474,8.24621383724732,1.39002093689836,11.4201484042476,0.00146604246920588,0.001408310957721,1.81748806616349e-07,0.000718884214922296,0.00229149363176081,7.38582393120319e-06,7.12803235948513e-06,3.29052172782305e-12,4.32630464368497e-06,1.10176511477204e-05,-3148.96093228234,0.0926983695976213,0.0733552753786178,0.994375,0.432855040371869
"sinusoidal",1600,"montoril",144,83.001,108.726796410644,499.704261149826,121.029284675596,956.341775291083,112.406559642722,5.88842369109123,1010.24588494089,49.2335989181375,1.30994562006053,6.02046073119392,1.45816658444592,11.5220512438535,1.35427958268843,12.1714905234984,0.00142684070743649,0.00136858097340934,1.63854418870875e-07,0.000726593106159144,0.00225686957132335,6.84075071037453e-06,6.62326023567042e-06,2.43038049272759e-12,4.10436788397375e-06,9.92515686115006e-06,-3177.5919555497,0.0720516463177161,0.0587644374064006,1,0.429666311580627
"sinusoidal",1600,"montoril",145,79.704,95.3540814416379,402.651115064965,115.488521684187,753.012238248296,105.715325562957,14.1042283540993,877.774462415541,50.052916356433,1.19635252235318,5.05183071194627,1.44896770154806,9.44760913189169,1.32634906106289,11.0129286160737,0.0013328571155646,0.0012917035774214,1.10240978467368e-07,0.000758800948716235,0.00200987911719647,6.78541500849978e-06,6.58699180475719e-06,2.56049834403153e-12,4.0131636895171e-06,9.98865030203126e-06,-3140.89962007917,0.081734523123649,0.0695950383462416,0.989375,0.425934878293339
"sinusoidal",1600,"montoril",146,79.374,61.4412418474992,550.411256522226,164.685987983627,811.823298900842,128.093112561416,11.179101990621,1128.5908787239,128.702221341161,0.774072641513584,6.93440240534969,2.07481023992273,10.2278239587376,1.61379182807236,14.2186468960101,0.00147644103410394,0.00142178469945487,1.51287268692561e-07,0.000831001450335842,0.00226669705635107,7.00781384838501e-06,6.78119284710365e-06,2.73890506414847e-12,4.09681660682106e-06,1.03234839089635e-05,-3176.65611734732,0.0749364015196485,0.0606990361261692,0.99625,0.430079702077297
"sinusoidal",1600,"montoril",147,79.7,63.4954389423355,209.56355192634,70.8421275068095,579.803857915338,116.470841349258,6.04953296018054,1024.96240974211,103.489516285507,0.796680538799692,2.62940466657892,0.888859818153194,7.27482883206196,1.46136563800825,12.8602560820842,0.00146826637811353,0.00141665774304745,1.74329112747884e-07,0.000737835307702175,0.0022941165944488,7.01949120128912e-06,6.79909181223815e-06,2.82573781606533e-12,4.13836402803787e-06,1.04319741949157e-05,-3134.50623039689,0.089297052051354,0.0693938263276751,0.993125,0.431031494017271
"sinusoidal",1600,"montoril",148,83.246,64.4760555811351,367.650661223929,92.3922879413744,654.974556789377,121.994111812402,7.23890197970174,1144.929204452,108.608499442422,0.774524368511822,4.41643635999242,1.10987059968496,7.867940282889,1.46546514922521,13.7535641886938,0.00152065545642609,0.00146107301313343,1.86105847069015e-07,0.000753375208944967,0.00239857686952122,6.9320738292439e-06,6.71642891921544e-06,2.60004064775132e-12,4.09253879354804e-06,1.01970494211184e-05,-3159.98619590911,0.0774053899756135,0.0657561859550792,0.99125,0.432089331439924
"sinusoidal",1600,"montoril",149,80.124,106.370309023519,354.052250613854,90.0387938438044,537.428685055987,135.673704505286,6.46144258132473,1261.58965139165,76.1301462779141,1.3275711275463,4.41880398649411,1.12374312120968,6.70746199710433,1.6932966964366,15.74546517138,0.0016487134874904,0.0015798169085402,2.06992536649442e-07,0.000913612107871069,0.00259823913643318,7.34999956866656e-06,7.11111583586048e-06,3.31695565476613e-12,4.19744727359242e-06,1.09525576568325e-05,-3209.6045932916,0.0844289714111032,0.0702259162587961,0.999375,0.438153532179077
"sinusoidal",1600,"montoril",14,82.347,135.21358140015,560.431563810526,112.720001607271,776.350399196562,115.189761757463,7.68011460851371,1022.31328166292,79.2959094603428,1.6419976611188,6.80573140260757,1.36884162880579,9.42779213810536,1.39883373720309,12.4146997663901,0.00145678217397662,0.00141877319949456,1.4976905421979e-07,0.000746770596761701,0.00222260414233253,6.89986357860682e-06,6.6549794807893e-06,2.79905813874287e-12,4.07832390405001e-06,1.03012246868486e-05,-3185.49954434465,0.0760051454166481,0.063583688295761,0.995,0.426668931602734
"sinusoidal",1600,"montoril",150,83.788,69.4697862872924,294.273150743309,112.692067406647,763.912310778063,110.052598743691,10.2968956691014,915.149870761713,53.6984371552216,0.829113790605962,3.5121157056298,1.34496667072429,9.11720426287849,1.31346492031903,10.9222068883577,0.00139923353943286,0.00133415358478219,1.53232967886423e-07,0.000747980455526031,0.00217230481848274,7.14233043225937e-06,6.9015139122595e-06,3.02722503284856e-12,4.20817844341545e-06,1.07875391385243e-05,-3154.29310833156,0.0853019289005835,0.0675869827005563,0.988125,0.426930162750178
"sinusoidal",1600,"montoril",151,82.382,87.9680350692309,357.956109687994,71.6238247305149,601.477267682363,129.738291572534,25.7953597689009,1189.52703403138,195.928302311234,1.06780649983286,4.34507671200012,0.869411093813149,7.30107629922026,1.57483784774021,14.4391618804032,0.00150985098021365,0.0014480441967535,1.98426043033022e-07,0.000782152732441836,0.00243629388225446,7.11230253622701e-06,6.87446943853844e-06,3.00232187857837e-12,4.13529103156917e-06,1.05774712750443e-05,-3180.92411011237,0.0811641147513673,0.0647646757250052,0.99125,0.42513556056826
"sinusoidal",1600,"montoril",152,82.377,26.9068728673182,337.281104249234,129.694829709941,1026.4671991645,128.979908714601,6.30833879490747,1251.82945107268,11.7747217566955,0.32663089050728,4.09436012781765,1.5744058379152,12.4606042847458,1.56572718980541,15.1963466874574,0.00165606781138806,0.00159625272213483,2.1878454069027e-07,0.000836956510317626,0.00261160054306625,7.45392508548681e-06,7.20772359066147e-06,3.26259473789463e-12,4.34066340738536e-06,1.10789858920254e-05,-3188.30834752792,0.0989762606133892,0.0786638939908099,0.9775,0.44927926830827
"sinusoidal",1600,"montoril",153,81.184,95.1964542372086,245.297459023843,79.9303004717565,681.980079559037,110.64393873104,13.9417829911319,883.206915786018,47.1985966418017,1.1726011804938,3.02150003724678,0.984557307742369,8.40042470879775,1.36287863040796,10.8790761207383,0.00132396474162633,0.00127970133255061,1.33205435272945e-07,0.000691713071622983,0.00203049378363206,6.89636364461265e-06,6.64387932226544e-06,2.83798654767989e-12,3.95530134462156e-06,1.02482410510876e-05,-3153.62383824087,0.0889935309367719,0.069621728979029,0.9925,0.417701760829874
"sinusoidal",1600,"montoril",154,82.411,126.418926211959,490.288072474036,101.500531802228,471.198738868488,107.717621132104,24.7087051678918,866.194911739294,51.5720414202931,1.53400548727668,5.94930376374557,1.23163815270083,5.7176680160232,1.30707819504804,10.5106710480311,0.00135421939915652,0.00132263622790297,1.1894930344999e-07,0.00073667536726564,0.00205261137652623,7.20847655333947e-06,6.93601637688927e-06,3.20147977881328e-12,4.19921515334465e-06,1.08187104840126e-05,-3148.44115426991,0.0853528303010629,0.0705879463196981,1,0.427614293428758
"sinusoidal",1600,"montoril",155,82.501,73.4915426193352,308.326233160214,145.42557570593,597.554909088935,113.918456232507,12.3752308088132,991.775633457215,106.461508987121,0.890795779679461,3.73724237476168,1.76271288476418,7.24300201317481,1.38081303538753,12.0213771161224,0.00139269860621118,0.00134306562699167,1.47315078095651e-07,0.000700929465351688,0.00214244035782165,6.79340939828205e-06,6.55963875513226e-06,2.57804131525381e-12,3.97240765936411e-06,1.00107628972901e-05,-3170.59426229651,0.0769209634398772,0.0627919942374197,1,0.42776703327846
"sinusoidal",1600,"montoril",156,80.709,113.591141923187,407.387450980964,136.159618294549,672.778619631789,100.947982617565,8.69476343284369,763.679183830221,19.465155758495,1.4074160493029,5.04760870511299,1.68704380297797,8.3358562196507,1.2507648789796,9.4621316560758,0.00124191167767733,0.00120082656229795,1.08500848432224e-07,0.000657761805044074,0.00189602557371692,6.79054503529193e-06,6.61023045286912e-06,2.40496201260478e-12,4.0796502138399e-06,9.87096552934347e-06,-3185.92994077903,0.075320441124488,0.0619950335578174,1,0.404643191122625
"sinusoidal",1600,"montoril",157,80.674,121.712142010172,408.528794800468,77.4014981732814,648.115138059082,115.258489707282,6.24032125126337,993.889231560167,37.6290475150464,1.50869105300558,5.06394618836884,0.959435483219889,8.03375484120141,1.42869437126313,12.319820903391,0.0014358957397229,0.0013779280428826,1.77746179547968e-07,0.000702091026535578,0.00227522194156556,7.07226707604315e-06,6.83170766506759e-06,2.84612900986406e-12,4.10132530888727e-06,1.04462973193944e-05,-3186.05882647554,0.0834628437649815,0.0676426786757648,1,0.426622136500904
"sinusoidal",1600,"montoril",158,79.171,109.668787498317,509.597828420538,99.9707229782666,877.592874989975,115.550547700811,26.1567278248856,1027.28183313131,102.347390115071,1.38521412510031,6.43667287795453,1.262718962477,11.0847769383988,1.45950597694624,12.9754813395221,0.00146823841120279,0.00140388596205134,1.87120913474749e-07,0.000724734574845287,0.00234482683768034,6.81091841753893e-06,6.63070235408407e-06,2.35210759630232e-12,4.02695417247375e-06,9.83935725938518e-06,-3146.64999665257,0.0796196596584908,0.0623328887829282,0.988125,0.426385277247453
"sinusoidal",1600,"montoril",159,79.852,72.2398168756817,343.235266871628,113.706693163067,806.606434312274,112.46184564258,18.3437059230399,955.676046234434,136.25293823213,0.904671352948977,4.29839286269132,1.42396800534823,10.1012677742859,1.4083785708884,11.9680915472929,0.00140579156664169,0.00135745435636314,1.47697525891483e-07,0.000751029852079788,0.00216024122519196,6.92052639727077e-06,6.69398538535794e-06,2.69107264039799e-12,3.98789507095875e-06,1.01248355150019e-05,-3172.39351600147,0.0942439237526441,0.0737428008895289,0.98125,0.422122126959961
"sinusoidal",1600,"montoril",15,80.864,110.16847968235,334.354595825006,134.50460792573,848.518431371519,103.950252950735,11.6089316042659,836.897051105788,87.9809282065866,1.36239216069388,4.13477685774888,1.66334348938626,10.4931543254293,1.2854948178514,10.3494391955108,0.00137529746548003,0.00131416535641466,1.53424804030903e-07,0.000708058930810513,0.00215564717460745,7.00833748851394e-06,6.76073898156598e-06,2.8077517903323e-12,4.07705836452893e-06,1.04084141673785e-05,-3154.42862903735,0.08713504973061,0.0683001394276963,0.998125,0.42782750085249
"sinusoidal",1600,"montoril",160,80.482,58.0768265708656,272.764329190434,119.123030423448,871.757783140458,104.708402108381,25.8618075948089,825.358992304191,73.8877965283812,0.721612616123675,3.3891345790417,1.48012015635108,10.8317112291004,1.30101640252952,10.2551998248576,0.00125967753985895,0.00122007703581541,1.09411303457816e-07,0.00069388026689173,0.00194962152097324,6.6700541344986e-06,6.46599635872388e-06,2.40814566375722e-12,3.92732465716782e-06,9.7668345961435e-06,-3168.53640906457,0.0705478124748638,0.058216440654918,1,0.416217959224798
"sinusoidal",1600,"montoril",161,79.9,87.0580314864858,321.510552430842,80.8237447668993,823.127407244476,116.474275954053,5.44348685435735,1000.1181762657,11.1364298437264,1.08958737780333,4.02391179512943,1.01156126116269,10.3019700531224,1.45775063772281,12.517123607831,0.00142190357377693,0.00135423799714893,1.71027093374534e-07,0.000711206291430267,0.00227468442918942,6.9501471811099e-06,6.68913021771699e-06,2.93286644223255e-12,4.05424387838575e-06,1.03660587922826e-05,-3142.98105184667,0.0828199835049274,0.0656901918618919,0.996875,0.427206681265053
"sinusoidal",1600,"montoril",162,82.518,79.9143504905418,277.238717039839,126.464059918263,793.628482764118,100.164783377344,16.8793296636923,837.107654265069,72.7888014142763,0.968447496189217,3.35973626408589,1.53256331852763,9.61764079066529,1.21385374557483,10.1445460901266,0.0013107074984232,0.00125569716882309,1.29589539322841e-07,0.000701466314636094,0.00205524481559449,6.88021021762675e-06,6.66460323961712e-06,2.5935263731466e-12,4.0721426340265e-06,1.00927050440888e-05,-3146.48111128541,0.0823170141286907,0.0668737014005453,0.99375,0.428062263677414
"sinusoidal",1600,"montoril",163,79.904,46.3327222710147,309.088379306072,115.601485658994,868.385019297736,111.562540701337,6.66001314265499,966.152492249162,44.6640890625304,0.579854854212739,3.86824663729065,1.44675467634904,10.8678541662212,1.39620720741562,12.0914158521371,0.00138508101582888,0.00132687787641437,1.51247185419453e-07,0.000730261828918456,0.00218492961490569,6.88260831485909e-06,6.69521464502709e-06,2.51380565190204e-12,4.06951288451413e-06,1.00051404867259e-05,-3172.97491275174,0.0933240687475971,0.076737554606957,0.9875,0.425508170238158
"sinusoidal",1600,"montoril",164,83.142,85.5550743161725,341.707636490041,70.1425193190645,624.287984256351,135.102155958507,26.605289515282,1271.77954635964,180.251301909388,1.02902352981853,4.10992803264345,0.843647245905373,7.50869577657923,1.62495677225117,15.2964752635208,0.00163634266950706,0.00158278407712867,2.36952851881815e-07,0.000785836226685331,0.00260803728059766,7.36620194229072e-06,7.12220297429741e-06,3.46852030390038e-12,4.08423177120853e-06,1.10614445509404e-05,-3157.48809821638,0.0811020446690125,0.0656243107722694,0.990625,0.435596864704323
"sinusoidal",1600,"montoril",165,84.646,90.0038436870752,455.121168515002,109.156130412392,859.443455482016,123.448469262149,6.2570560303703,1085.57950562572,57.1974557357967,1.0632970688169,5.37675930953621,1.28956040938015,10.1533853399099,1.45840877610459,12.8249356806668,0.00150771930600392,0.00144112296453849,2.03333999352129e-07,0.000726264551926455,0.00237826509406832,7.08633378890882e-06,6.83836983844124e-06,2.92939901641528e-12,4.24401636228156e-06,1.06074655764732e-05,-3184.29754074153,0.0821493384290491,0.0663611979689781,0.994375,0.431400054429977
"sinusoidal",1600,"montoril",166,85.048,81.1117815485074,303.198224843943,168.525460968488,694.342256575599,107.19175782594,4.01652970814783,893.975801162724,24.1074308050421,0.953717683525861,3.56502474889407,1.98153349835961,8.16412210252562,1.26036776674278,10.5114265022425,0.00133427356950564,0.00128856188859542,1.30020557396582e-07,0.00069891537705549,0.00204864953015331,6.9275738320724e-06,6.68437403260139e-06,2.66996039908816e-12,4.10846655718297e-06,1.0254307848285e-05,-3163.55291164327,0.0873750086950095,0.0700089362646346,0.9925,0.424459200117519
"sinusoidal",1600,"montoril",167,79.881,138.807281415376,396.525274757661,104.503910180491,850.99792395735,122.005583101606,7.31598211273457,1051.79278969718,49.7860351229399,1.73767581046026,4.96394980981286,1.30824489153229,10.6533208642525,1.52734170956304,13.1669957774337,0.00151343561436296,0.00145729832204166,1.75956841610294e-07,0.000823196838075182,0.00234210163936193,7.06345546192878e-06,6.82563707231514e-06,2.95376844329178e-12,4.15441144697896e-06,1.04976165897786e-05,-3208.77503662203,0.0784825637102972,0.0590352500207284,0.984375,0.430783297238026
"sinusoidal",1600,"montoril",168,82.418,126.379657818126,455.425207312277,102.000907496315,786.276354578262,112.268941072483,9.19809195552693,936.347711606016,44.601892784404,1.53339874563962,5.52579785134651,1.2376047404246,9.54010476568544,1.36218958325224,11.3609613386155,0.00138779988066313,0.00132388850022533,1.6413361426423e-07,0.000723177237905672,0.00222385004992094,6.98766259178882e-06,6.76640146179926e-06,2.68656800531368e-12,4.15074657255909e-06,1.02486641944569e-05,-3153.02134210266,0.0917500706962858,0.0706978035207713,0.9825,0.424417911918922
"sinusoidal",1600,"montoril",169,82.436,123.27389105309,432.604042570038,114.61832899562,1199.59563137031,127.876369344743,15.470643350499,1180.00973143248,51.0220594891191,1.49538904183961,5.24775635123051,1.39039168561817,14.5518418090435,1.55121996876053,14.314252649722,0.00158919687312974,0.0015251558586011,2.0436531613481e-07,0.000824151173536525,0.00251218282869106,7.09368198378716e-06,6.86822216684895e-06,2.78719148440185e-12,4.21903121821937e-06,1.0407797529263e-05,-3199.1762258033,0.0822719673021107,0.0649849775462215,0.999375,0.434871621614
"sinusoidal",1600,"montoril",16,80.922,114.655788559791,289.351334873229,121.856572351138,909.638146257068,109.807531991651,25.2623119891284,948.68251326909,171.636938323844,1.4168679538295,3.57568195142519,1.50585220769553,11.2409251656789,1.35695524074605,11.7234190117532,0.00131932111803465,0.001284042363912,1.06609790959956e-07,0.000733126370896786,0.00197023683385235,6.67790275230256e-06,6.47559076357448e-06,2.47917319470487e-12,3.95591815250496e-06,9.83175624083097e-06,-3162.42922900205,0.0785387214274533,0.0613113557964609,0.995625,0.417862544140687
"sinusoidal",1600,"montoril",170,81.812,126.657216785178,550.259936054558,64.891536515279,812.732449215163,132.480184846424,7.62274650385209,1231.14932412021,61.428580196141,1.5481496209013,6.72590739811468,0.793178708689177,9.93414718152793,1.61932460820447,15.0485176272455,0.00165820077773936,0.00159007403528194,2.68810013846142e-07,0.000792887864837769,0.00266297814191021,7.23360080314709e-06,6.96181885941527e-06,3.13978613316751e-12,4.17688809093634e-06,1.07387346109468e-05,-3142.70422073962,0.0869473721666656,0.0685830963832633,0.9825,0.441074111625391
"sinusoidal",1600,"montoril",171,79.773,103.13025739089,463.537506887542,97.659111152467,819.61676377051,98.3970305302746,7.14626307632765,834.877898403163,25.6263094432282,1.292796527533,5.81070671640207,1.22421259263745,10.2743630522922,1.23346283241541,10.4656700688599,0.00127427470229308,0.00123817529803523,1.03953161242973e-07,0.000690543247975686,0.00191970457803024,6.87574101974942e-06,6.6540711445236e-06,2.61624202814611e-12,4.09900759564161e-06,1.00929937323725e-05,-3163.3636424961,0.0975082083921228,0.076367523753917,0.99375,0.418620785661048
"sinusoidal",1600,"montoril",172,81.558,119.075161000247,306.087038250502,78.4313849853037,665.50082210491,127.783887546178,19.5286319921626,1099.76519152661,27.5988100992388,1.46000589764642,3.75299833554651,0.961663907713575,8.15984725109628,1.56678544773264,13.4844551304177,0.00152034468765953,0.00148129823032044,1.52816418518991e-07,0.000779634437208946,0.00232075284672036,7.33146434544541e-06,7.04155624937726e-06,3.54882570099842e-12,4.18180282398165e-06,1.12285983185772e-05,-3157.75738521887,0.0866006576061429,0.0683239471795738,0.99875,0.430254803382017
"sinusoidal",1600,"montoril",173,82.625,77.8744425186166,321.003478837136,105.366141744454,582.252522577231,127.195064020442,14.7355923307958,1099.35014111816,85.1930140804148,0.942504599317599,3.88506479681859,1.27523318298885,7.0469291688621,1.53942588829582,13.3052967154997,0.00156285482390039,0.00149516304765988,2.18956291911957e-07,0.000783838852919263,0.00251536907952366,7.32160083578203e-06,7.08925325034564e-06,3.22436172708653e-12,4.20203793268289e-06,1.08734339803457e-05,-3108.91839849947,0.102841997005066,0.07995346021314,0.981875,0.434780586742446
"sinusoidal",1600,"montoril",174,79.536,123.362144176333,430.02383905805,61.0506241105802,669.095397216118,125.361559720934,7.7975934950345,1237.66731332888,119.530396680864,1.55102273406172,5.40665659648524,0.767584793182712,8.41248487749093,1.57616123165528,15.5610957720891,0.00163362529016421,0.00154258073176844,2.37994959918358e-07,0.000830200520644972,0.0026062791325541,7.26038878607167e-06,6.95502331527277e-06,3.42879118011074e-12,4.1501238567741e-06,1.10527459106694e-05,-3167.20033422137,0.0672466231501483,0.054614233317644,1,0.439442533883825
"sinusoidal",1600,"montoril",175,80.129,99.1450214496377,343.812219959805,114.015387324067,857.458750156646,108.195590575166,9.43185100476666,854.69083663902,22.361999288215,1.23731759350095,4.29073394101767,1.422897918657,10.7009790482428,1.35026757572372,10.6664358302115,0.00135456848297397,0.00128050854339643,1.63779202763395e-07,0.000705846362869863,0.0021930183679199,7.02217499652986e-06,6.76785171112092e-06,2.99804379597297e-12,4.09197630867244e-06,1.04484678810583e-05,-3198.68204307906,0.091918066523677,0.0744202235042428,0.9675,0.419450554334524
"sinusoidal",1600,"montoril",176,79.871,78.4473367141752,346.223481748289,121.825368039016,444.132795253446,114.51924792922,5.93496450437978,1014.27812305471,51.6224269216865,0.982175466867514,4.33478336002164,1.52527660901975,5.56062645082002,1.43380260581713,12.6989536008652,0.0014447315052727,0.00136921102911463,1.66420226978335e-07,0.000765680427515797,0.00229889260154741,7.3156111859234e-06,7.05287314830316e-06,3.483090445594e-12,4.16387961813402e-06,1.09430772154744e-05,-3159.19449853458,0.0852998848857605,0.0692339038419822,0.99625,0.428905403153825
"sinusoidal",1600,"montoril",177,82.798,99.9454990112222,477.723635203641,97.8502405137829,639.195820766217,106.612110583969,5.36358491472447,901.025559837511,47.2915158050124,1.20710040111141,5.76974848672239,1.18179473554655,7.71994276149444,1.28761697847737,10.8822140611791,0.00138688635604329,0.0013438125501096,1.69349254313331e-07,0.000680791697591686,0.00217355833619467,6.84608110324569e-06,6.60400162346728e-06,2.70923373758149e-12,4.04291197149399e-06,1.02005050643369e-05,-3160.24271894123,0.0854576279686381,0.0622397667985273,1,0.432192074247687
"sinusoidal",1600,"montoril",178,79.735,66.4882655014156,234.579291024935,105.713478146786,692.92748310527,128.055559555999,4.09902508841653,1120.9768424753,19.9487365409598,0.833865498230584,2.94198646798689,1.32581022319918,8.69038042397028,1.60601441720699,14.0587802404878,0.00150248087560686,0.00144881280877392,1.83921888136249e-07,0.000782194514216302,0.00231573990621617,7.10784825476166e-06,6.89558601545999e-06,2.98165369736452e-12,4.08719640230158e-06,1.05326481177238e-05,-3149.34801780885,0.0810827646078892,0.0644670498295817,1,0.437595415996217
"sinusoidal",1600,"montoril",179,80.503,93.0181006715197,383.746256993228,97.5144213097479,807.982599291896,108.605779592293,20.129401108321,870.854894192751,118.836241829751,1.15546129549855,4.76685660153321,1.2113141287871,10.0366768852328,1.34908984251883,10.8176700768015,0.00130686732464653,0.00124180227337883,1.29059288586146e-07,0.000707407819907956,0.00203479757939395,7.15150377644473e-06,6.9361579599061e-06,2.83336945407872e-12,4.22580467657239e-06,1.05469544836495e-05,-3167.32094341537,0.0963506449564612,0.0759295936540558,0.975,0.417232826812449
"sinusoidal",1600,"montoril",17,83.749,129.11090299069,405.445459556044,155.706379794292,828.533748872817,101.943158671402,4.1066835081851,806.40990641885,97.4635704320973,1.54164112993217,4.84119762093928,1.85920285369726,9.89305841111914,1.21724627961411,9.6288899738367,0.00122850183113357,0.00118167777047283,1.05094934457577e-07,0.000649914108496777,0.00188018143630852,6.94429670649632e-06,6.7223931420179e-06,2.61805819226471e-12,4.13908052284419e-06,1.02166802287802e-05,-3188.13974264381,0.0741815512090788,0.0603902857680622,1,0.415564099078939
"sinusoidal",1600,"montoril",180,79.626,133.400100624951,577.506241358548,92.9634286084091,685.291374194722,115.988936599137,19.6394903282455,989.81892970502,110.697280058329,1.6753334416516,7.25273455100781,1.16750092442681,8.60637698986163,1.45667164744101,12.430850849032,0.00138198355999494,0.00132246101816877,1.92707898865503e-07,0.000672842904754732,0.00221109504700812,6.77408524526816e-06,6.54502194640635e-06,2.61054779936835e-12,3.94523769027313e-06,1.00113736400186e-05,-3137.18860533133,0.0711772862864658,0.0572665133936309,0.99125,0.42263100591797
"sinusoidal",1600,"montoril",181,77.616,94.2802653378893,366.537258574243,104.175079313473,365.768569231341,117.47511663296,7.91306332650257,1075.51599249096,24.0713852320445,1.21470141901012,4.72244458068238,1.34218562298332,4.71254083219105,1.51354252516182,13.8568850815677,0.0014907158026654,0.00141684520923042,2.04452534790113e-07,0.00073739493764914,0.00237975089783676,7.03680917005058e-06,6.77296357600399e-06,3.00710770464617e-12,4.09982514117069e-06,1.05579430723021e-05,-3164.32497497427,0.0923461688579668,0.0732868773068944,1,0.433039850985195
"sinusoidal",1600,"montoril",182,75.239,74.3726689147626,337.456289156612,95.2712915344778,575.024499970627,111.37480385632,12.523097929426,959.355251132021,61.0794101281668,0.988485611381897,4.48512459172253,1.26624877436539,7.64263879066212,1.48028022510028,12.7507708918516,0.00138947319183442,0.00133444399078199,1.34469385682538e-07,0.000753089397271825,0.00214146826661476,7.18530202599819e-06,6.91796182945426e-06,3.02315748326586e-12,4.22254231571759e-06,1.06596523671248e-05,-3126.27056148455,0.0914370604659787,0.0682902499224225,0.986875,0.429355964192592
"sinusoidal",1600,"montoril",183,76.833,101.071698036919,360.9136056832,115.154651379603,942.791210415814,110.140109565358,6.09704281617524,914.13475697918,65.6812370908224,1.31547249276898,4.69737750293754,1.49876552236153,12.2706546720265,1.43350005291161,11.897684028727,0.00132836167380492,0.00128938759767214,1.23907320251542e-07,0.000717301184767389,0.00202211719903939,6.82977552759274e-06,6.61083513660771e-06,2.57050656826806e-12,4.07618955093825e-06,1.00433393564123e-05,-3160.64746429842,0.0753246812185664,0.0578370313811845,1,0.41885560694692
"sinusoidal",1600,"montoril",184,75.148,76.8610456603249,243.292115149595,136.651666457063,818.707423819042,108.847868545855,22.4984303256771,875.083086836965,72.0584360746748,1.0227956254368,3.23750618978011,1.81843384331004,10.8946003063161,1.44844664589683,11.6447954281813,0.00128511273206942,0.00124414212184601,1.0562049611369e-07,0.000713738128354208,0.00192805921339323,6.87262329839471e-06,6.64301125665372e-06,2.59161088741322e-12,4.04183330729135e-06,1.00127083894609e-05,-3144.27824909047,0.11057010995254,0.0867093912912098,0.969375,0.419355059898034
"sinusoidal",1600,"montoril",185,75.489,116.565795922786,448.441602399187,102.024332576404,665.271637687869,132.064422073947,14.370778732795,1157.64746639553,191.787642694641,1.54414280123973,5.9404893746001,1.35151257238014,8.81282885834849,1.74945253048719,15.3353133091647,0.00153539714023195,0.00146931296795379,2.05239122188349e-07,0.000788813241763754,0.00254280034773347,7.37697947202984e-06,7.10616260831119e-06,3.33072762634092e-12,4.34497437325559e-06,1.11045982147111e-05,-3161.07722396146,0.103765189781347,0.0828592357591565,0.97875,0.433728835921475
"sinusoidal",1600,"montoril",186,75.327,74.9762458255703,305.168878047069,109.019361462453,879.431377166433,105.928879634885,11.3239191325789,862.135882054602,26.2933329771172,0.995343579666923,4.05125490258564,1.4472813395257,11.6748493523761,1.40625379525117,11.4452438309584,0.00133012009667508,0.00128966063379385,1.39602425025949e-07,0.000688600349078083,0.00208308479731501,6.79375426530188e-06,6.59885611043128e-06,2.35400417423473e-12,4.02993564652941e-06,9.82034899408135e-06,-3155.55858975145,0.0924362985727235,0.0719386667147293,0.975,0.422929464305442
"sinusoidal",1600,"montoril",187,76.957,91.1202579773685,379.635922212458,76.0179787360535,820.377425954252,126.156821351018,16.2020393323181,1095.18368583162,130.329309745215,1.18404119154032,4.93309149541247,0.987798104604565,10.6602053868297,1.63931573932219,14.2311119954211,0.00151409384244915,0.00142948513671433,2.13649536709165e-07,0.000773639043983122,0.00244301101543472,7.06167030748916e-06,6.82225270725823e-06,2.9255767992373e-12,4.06502251393192e-06,1.04104558739202e-05,-3158.96622857495,0.0927027700047208,0.0720490330052466,0.989375,0.429546182607877
"sinusoidal",1600,"montoril",188,80.416,127.124799329781,433.677675725711,82.7018568574303,750.186764413553,113.748589058066,4.15680027770065,979.75887597288,35.0820462698707,1.5808396255693,5.39292772241483,1.02842539864493,9.32882466690152,1.41450195306987,12.1836310681069,0.00142694776120624,0.00139126342109888,1.40888773727317e-07,0.000765931196025006,0.00220929809693666,6.9982693688489e-06,6.7455046517041e-06,2.88985480892857e-12,4.03781484920098e-06,1.04185562941573e-05,-3170.30284924967,0.0951220189585101,0.0774457737564558,0.9925,0.427493482741869
"sinusoidal",1600,"montoril",189,75.143,93.7324416238744,323.478367958052,111.656696027928,1067.01077175659,123.157084214235,20.9974026033148,1062.96859662691,59.5787902263181,1.24738753608286,4.30483701686188,1.4859227875907,14.19973612654,1.63896948769991,14.1459430236603,0.00144599949294964,0.00139748368769016,1.53382494447851e-07,0.000762542332535482,0.00223242200188299,7.11892463665965e-06,6.87944072630752e-06,2.92141244678199e-12,4.14831720311758e-06,1.05184026305593e-05,-3179.09324610361,0.0730502931433632,0.0558302062228667,0.99875,0.426008351868619
"sinusoidal",1600,"montoril",18,80.909,105.080762081541,361.585602048072,111.078861263812,834.734296328511,124.423965534818,6.91608385954194,1136.2365512151,138.62877262553,1.29875245129146,4.46904055232511,1.37288634470592,10.3169523332202,1.53782602102137,14.0433888839944,0.00157011363271973,0.00151124461337872,1.74799331138715e-07,0.000861074509994257,0.00239497801092344,7.18947276120884e-06,6.92634844203646e-06,3.2159182364046e-12,4.04411534409768e-06,1.07199507070667e-05,-3143.73604465904,0.0830571637813175,0.0668256245892566,1,0.437535260725535
"sinusoidal",1600,"montoril",190,76.536,88.6482196335107,298.206320310012,98.327119837509,778.498066116448,106.887541293156,3.63733140294064,865.639320774795,33.0028522106941,1.15825519537878,3.89628828668877,1.28471725511536,10.1716586458196,1.39656555468219,11.310224218339,0.00132489973594987,0.0012828430637853,1.1706858846556e-07,0.000733740150990053,0.00200105781850731,7.09186275354818e-06,6.87712375469937e-06,2.80597455293428e-12,4.15689593310116e-06,1.04818666644652e-05,-3129.67561807937,0.0844831621940131,0.0631777982437746,0.99625,0.422636018512278
"sinusoidal",1600,"montoril",191,83.031,120.121037389327,590.578428155855,80.9606323174002,544.625657494182,124.38639887147,12.3007250189417,1202.06782987056,34.7139136015407,1.44670108019085,7.11274618101498,0.97506512407896,6.55930504864668,1.49807179091508,14.4773377397666,0.00166581777773209,0.00158456788259244,2.28227601167667e-07,0.000859314873169849,0.0026299926235715,7.73753061564182e-06,7.45884985351777e-06,3.71745481084699e-12,4.34589379230661e-06,1.15722811301508e-05,-3157.2064438911,0.0990882284262238,0.0745971430296141,0.97875,0.445455867503787
"sinusoidal",1600,"montoril",192,79.8,87.9238972213315,284.200116677087,59.7159582652604,626.392686279112,113.224392805755,4.95397483080792,931.221338520949,22.4431872471776,1.10180322332496,3.56140497089082,0.748320279013288,7.84953240951269,1.41885204017237,11.6694403323427,0.00137520214764261,0.00132412721655617,1.45581377212564e-07,0.000713378734999049,0.00212379527030409,7.04166665960995e-06,6.78588383381699e-06,2.93949861558453e-12,4.07760114291222e-06,1.04906960699738e-05,-3189.70675011132,0.103804495076846,0.0836935160007921,0.95875,0.418247064814149
"sinusoidal",1600,"montoril",193,79.764,65.0921428189106,251.756927715508,110.2744129482,840.355656448822,111.152873303959,6.93153406514761,934.71547749818,58.8229660430247,0.816059159757668,3.15627260061567,1.38250856211073,10.5355255058525,1.39352180562608,11.7185130823201,0.00135285857070805,0.00128876401725774,1.44589681549254e-07,0.000731883906467024,0.00213948222103987,6.79849334612372e-06,6.57153655822193e-06,2.60921967852872e-12,4.03679700195745e-06,1.00352349481545e-05,-3179.98877034039,0.0833151510878422,0.0689186080435596,0.99625,0.424983217837255
"sinusoidal",1600,"montoril",194,82.394,78.8140974114062,396.328178359382,88.552691858644,719.160738793738,128.162405735175,15.7264722036869,1137.03677218813,137.534593189899,0.956551416503704,4.8101582440394,1.07474684878321,8.72831442573171,1.5554822649122,13.7999948077303,0.00156620861231908,0.00149134953425578,2.05375551387987e-07,0.000815965823679444,0.00247885233476725,7.24693058396681e-06,7.00588720977957e-06,3.10417593396053e-12,4.27500661467152e-06,1.07486601344215e-05,-3132.08290068123,0.0814102843437053,0.0646276033433044,0.994375,0.436950834842138
"sinusoidal",1600,"montoril",195,79.814,51.185159706591,167.687116721876,131.919990584613,634.443805279564,139.721506161774,10.7084824661278,1365.28707498987,65.3601809590156,0.641305531693576,2.10097372292926,1.65284274168207,7.94902905855569,1.75058894632238,17.1058595608523,0.0017175691614804,0.00164361223525194,2.48904560951852e-07,0.000903762350552889,0.00273794262380017,7.41855089224277e-06,7.1640658478992e-06,3.35317341011814e-12,4.20019143409801e-06,1.11355509968788e-05,-3140.87593565843,0.0968729867499571,0.0772434169766426,0.98125,0.445568923808087
"sinusoidal",1600,"montoril",196,80.079,128.298505305185,344.919333345778,123.096667512259,734.283484545079,110.255775792797,16.3720929497063,900.79778037716,92.8254587581908,1.60214919398575,4.30723826903155,1.53719036841443,9.16948868673533,1.37683757030929,11.248864001513,0.00133953397004167,0.00130353117088133,1.24153760073552e-07,0.000720418638245377,0.00204160165773058,6.78642887623909e-06,6.57930950521466e-06,2.46909366568033e-12,4.11258609737518e-06,9.98748804701523e-06,-3195.00104692041,0.0900001462222349,0.075306671071091,0.98625,0.416695294511353
"sinusoidal",1600,"montoril",197,83.775,39.6143647956073,330.971178125953,157.331984558857,565.460600548742,96.9641419152785,9.46399304658623,805.940230771986,30.6974628274814,0.472866186757473,3.9507153461767,1.87803025435818,6.74975351296618,1.15743529591499,9.62029520467904,0.00126352770651685,0.00122587848656177,1.04621080862079e-07,0.000705983375029841,0.00189577723342141,6.81272032834249e-06,6.63242380140075e-06,2.3744341810763e-12,4.11973316209754e-06,9.84613872530173e-06,-3144.95318110281,0.0729790741088678,0.0580559947470517,0.99125,0.416585378787091
"sinusoidal",1600,"montoril",198,82.06,86.4484652694304,373.218865586223,150.315129257368,817.572936219096,112.864098725588,4.48875593693813,917.225453788984,35.2542912262767,1.05347873835523,4.54812168640291,1.83177101215413,9.9631115795649,1.37538506855457,11.1774976089323,0.0013034633416056,0.00126575230324333,1.04331450212268e-07,0.000712689935691042,0.00195129242377089,6.86434308116035e-06,6.63688532599375e-06,2.63316423290278e-12,4.06886693875886e-06,1.01526591952349e-05,-3158.22205648737,0.0886772445957178,0.0673287520913246,0.979375,0.415149779075534
"sinusoidal",1600,"montoril",199,80.801,129.710100017566,509.437011894663,115.781207184468,789.003501213558,109.641734623907,9.54838065940848,879.01663296703,33.0283619411929,1.60530315240611,6.30483548340569,1.4329179983474,9.76477396583654,1.35693536743242,10.8787840864226,0.00133358361650491,0.00128570240660837,1.33364871962202e-07,0.000703650146448097,0.00205537647093226,6.94793153746885e-06,6.70675383323626e-06,2.80868211180411e-12,4.03696314650469e-06,1.02812567476068e-05,-3114.31326820681,0.0959314145485308,0.073275108984499,0.99625,0.427735818389103
"sinusoidal",1600,"montoril",19,80.929,56.5249038670424,198.878268025915,119.673954378934,719.106183270152,118.814993114758,22.4668710291819,963.157284750284,92.4629502861003,0.698450541425723,2.45744131307585,1.47875241729088,8.88564276427674,1.46813865381703,11.9012626468915,0.00136641049483514,0.00132961963962117,1.16244402610877e-07,0.000737824892410821,0.00204429219959899,7.14132588423238e-06,6.90020000380182e-06,2.94812588809074e-12,4.20740225743615e-06,1.06641494220847e-05,-3165.40581412074,0.0829531624390467,0.0666506480562222,0.98875,0.420189975109756
"sinusoidal",1600,"montoril",1,80.273,93.5815106769685,362.397616164516,105.81096481253,772.848346574704,110.20830036409,10.2656091134964,885.050107560668,84.8090610671022,1.16579062296125,4.51456425154805,1.31813891112242,9.62774963654908,1.37291866959115,11.0255018195491,0.00133039626865984,0.00126187127219243,1.53163347189888e-07,0.000671209258593623,0.00214756742249013,6.74378595348404e-06,6.53893184482137e-06,2.43004397326696e-12,4.01923548726063e-06,9.83372124682549e-06,-3231.91683926454,0.0773497779522129,0.0602888861097182,0.990625,0.420988423520637
"sinusoidal",1600,"montoril",200,79.741,69.1225335778784,331.299883489372,192.41913008363,767.856877840894,105.984197080665,4.54577097822427,869.523439224297,23.7333690467648,0.866838057936048,4.15469938286919,2.41305137988776,9.62938611054406,1.32910544237801,10.9043458098631,0.00131438234403204,0.00127767538192044,1.04755621247017e-07,0.000729415100479894,0.00193238247008671,6.89317990363365e-06,6.66079250519432e-06,2.69408492202423e-12,3.94685249570831e-06,1.00801454374924e-05,-3171.74288865272,0.0870528743486557,0.0670053615747812,0.98875,0.428582028801481
"sinusoidal",1600,"montoril",20,83.525,75.6676822107117,294.390810593403,130.370332604069,653.521216281604,104.228176614143,11.9610967462459,860.692951350078,30.8342230192184,0.905928550861559,3.52458318579352,1.56085402698676,7.82425880013893,1.24786802291701,10.304614802156,0.00125777197808819,0.00119946074242158,1.08924894755704e-07,0.000714892290562819,0.00193846261683201,6.8593808473501e-06,6.63613030654374e-06,2.58303790558222e-12,4.02779697726255e-06,1.0083441219158e-05,-3130.90734383597,0.0674931020779472,0.0548224921135988,1,0.414386383053945
"sinusoidal",1600,"montoril",21,79.751,74.44545512833,342.492973756801,119.126108021253,626.112636103418,131.004154463538,22.2530346638324,1228.26430253251,58.4769804338088,0.933473625764317,4.29452889313991,1.49372557110573,7.85084370231619,1.64266472475001,15.4012401415971,0.00158942312667555,0.00151602614117803,1.89689434073399e-07,0.000849563100328867,0.00247963507514346,7.36682950318426e-06,7.10059781542693e-06,3.39414580286952e-12,4.21838940186157e-06,1.11125319203918e-05,-3217.58970400427,0.101006205633612,0.0821095494946336,0.97375,0.440087868169055
"sinusoidal",1600,"montoril",22,79.016,84.4718327882296,383.896932198708,119.177180031093,863.2895799153,120.200288402875,7.28596499035487,1057.36202696626,110.648755271321,1.06904719029348,4.85847084386336,1.50826642744625,10.9255034412689,1.52121454392623,13.3816192539012,0.00145519356069427,0.00139042159514204,1.7657817663486e-07,0.000756767603920223,0.00234093602815145,7.13567629103965e-06,6.89881107124413e-06,2.82932903108152e-12,4.23799401923476e-06,1.05211344730514e-05,-3185.32909178588,0.0975150048716394,0.075657722090447,0.9675,0.423948304998716
"sinusoidal",1600,"montoril",23,79.483,96.6162116060467,392.421766113236,88.5473090221424,679.99705311606,130.960786970977,18.904240515311,1189.72647932226,148.636229688074,1.21555818987767,4.93717859307318,1.11404085178142,8.55525147661839,1.64765782583668,14.9683137189369,0.00158512141977371,0.00151369468494656,2.28271317444074e-07,0.000749816309054466,0.002530976642447,6.97245619169579e-06,6.735165391258e-06,2.58554010887426e-12,4.2246560758959e-06,1.02381434432276e-05,-3148.331161777,0.106414035193195,0.0801103095167301,0.960625,0.438638683203677
"sinusoidal",1600,"montoril",24,82.678,72.2633780508541,307.353646003829,104.827030072188,845.996220936324,120.413871492768,16.5196480287515,1035.84792411151,162.828273497944,0.87403393951056,3.71747799903032,1.267895087837,10.2324224211559,1.45641974277036,12.5287007923693,0.00146447306316868,0.00141915214619285,1.45722923145973e-07,0.000802745171232245,0.00219662994420187,7.12098463674961e-06,6.87956636390323e-06,3.02355073832617e-12,4.08458021515813e-06,1.06033185446862e-05,-3176.92335565056,0.090118841816622,0.0685617529013501,0.990625,0.431194696648735
"sinusoidal",1600,"montoril",25,81.777,105.303865029643,395.380182901748,79.513545272645,771.577605799845,120.205397108344,6.74429281717221,1052.84361727703,67.1319531616609,1.28769537925875,4.83485800288281,0.972321621882008,9.43514198123978,1.46991693395874,12.8745688552652,0.00149535827495876,0.00143265595638723,1.79387180847511e-07,0.000784587452017897,0.00231706795325169,7.02314058151882e-06,6.78526210303429e-06,2.92880210883202e-12,4.11818084543627e-06,1.04678549467542e-05,-3188.53750121616,0.0791918311678747,0.0595202145306321,0.991875,0.425750522077396
"sinusoidal",1600,"montoril",26,81.522,93.8138737805853,455.448263494407,72.6605627222186,534.04293311885,125.144014118883,28.2884898501496,1072.65571508625,76.3780991095268,1.15077983587971,5.58681415439276,0.891300050565719,6.55090568335971,1.53509499422099,13.1578679998804,0.0014777024117302,0.00141782903060194,1.55191522443789e-07,0.000810918189086135,0.00226907988987349,7.09280062928657e-06,6.81763381184095e-06,3.13411047473295e-12,4.06134927656694e-06,1.062533480737e-05,-3193.7446392579,0.0982212743634405,0.0765854262527205,0.975625,0.423715793366687
"sinusoidal",1600,"montoril",27,79.701,99.4995401645685,316.050731930665,81.1997311445651,773.152770001707,120.409848072204,16.5194944387565,1033.93329133126,60.5815496197598,1.24841018512401,3.96545503733535,1.01880442082992,9.70066586368687,1.51076960229111,12.9726514263468,0.00145119863994911,0.00141049812105937,1.58951181620501e-07,0.000699962097587307,0.00223422104911437,7.00885892070336e-06,6.79590587913182e-06,2.65758088677615e-12,4.21801991951836e-06,1.02885544258798e-05,-3208.25860051845,0.0829317215263061,0.064566719144714,1,0.429101771237346
"sinusoidal",1600,"montoril",28,82.555,119.915222008017,413.471771818735,155.342474071255,716.777799493306,116.891438420455,5.20189067830774,1006.29012125308,21.1172834376198,1.45254947620395,5.00844009228677,1.88168462323608,8.68242746645638,1.41592197226643,12.1893297953254,0.00146584681008044,0.00140849348015001,1.59058022237946e-07,0.000765000269107777,0.00225178822264115,7.18126827406627e-06,6.9731639910945e-06,2.88991030619821e-12,4.1825321747007e-06,1.05289610744356e-05,-3167.8945375834,0.0970721737501952,0.0766372502073248,0.98,0.43186551413572
"sinusoidal",1600,"montoril",29,79.945,77.6492899873061,277.879763308695,137.861488172888,848.549353133472,105.828844481902,5.93446170499262,885.444273021309,17.7271906183871,0.971283882510552,3.4758867134742,1.72445416439912,10.6141641520229,1.32377064834452,11.0756679344713,0.00130679846798806,0.00124463463877675,1.32371428976327e-07,0.000649783920721781,0.00202741371247922,6.77563828530919e-06,6.57195793700927e-06,2.64053769020335e-12,3.98116527823371e-06,1.00857574191798e-05,-3170.63940934339,0.0768925778487993,0.0595384206895329,0.983125,0.417151433501553
"sinusoidal",1600,"montoril",2,80.457,41.5755941737175,319.733611699805,95.6134635540285,792.277148387802,113.415214985707,7.09583701455658,1014.62612469907,46.3485247354602,0.516743032597755,3.97396884919652,1.1883796755289,9.84721215540974,1.40963763234656,12.6107874355131,0.00143786461674063,0.00138129930194653,1.60905904500886e-07,0.000743757367258737,0.00223733412591459,7.06369092679783e-06,6.84885442564377e-06,2.78910899993352e-12,4.15043036943343e-06,1.04343745864386e-05,-3169.14453712082,0.101535221462699,0.0843040020952083,0.98125,0.431196093779962
"sinusoidal",1600,"montoril",30,80.18,101.798128975127,532.233422018664,107.530789383198,901.849102352019,116.895782681532,4.49945811526178,1022.44995978071,140.749938739873,1.26961996726275,6.6379823150245,1.34111735324517,11.2478062154156,1.45791697033589,12.7519326487991,0.00143001239237149,0.00137004246544127,1.47221608110886e-07,0.000780005550266504,0.00219683432027473,7.04707549698203e-06,6.80909145299594e-06,2.72095177444511e-12,4.25360839400351e-06,1.03788437861133e-05,-3172.73074634955,0.0896962447098822,0.0738937321655702,0.97875,0.42427684601627
"sinusoidal",1600,"montoril",31,82.237,78.2551859739784,379.477377646249,84.2404138709787,866.002205192171,115.497994463998,15.9698449608398,1010.52283717581,145.542896581314,0.951581234407607,4.61443605246117,1.02436146589709,10.5305665964489,1.40445291613262,12.2879341072243,0.0014986806501844,0.00142870400269583,1.98133012168168e-07,0.00073322268342874,0.00241242548318253,7.26054171047422e-06,7.00061293739207e-06,3.20346618272828e-12,4.14485664589206e-06,1.07700545031898e-05,-3153.24442119729,0.0910600415586306,0.0692179335632715,0.965,0.434297646645147
"sinusoidal",1600,"montoril",32,80.157,114.224507842201,524.097966508216,81.8889932907747,870.871586158207,139.30059324963,4.11293303700536,1344.14116178738,40.3344389793754,1.42500976636102,6.5383929851194,1.02160751139357,10.8645731022644,1.7378468910966,16.7688556431426,0.00170781500078981,0.00161581557610957,2.88297549656949e-07,0.00075659521614947,0.00278782196961062,7.39698935500145e-06,7.134023822345e-06,3.33347640389785e-12,4.20400746988446e-06,1.10129139950313e-05,-3181.00009020192,0.0934246102110469,0.0799356373027386,0.98625,0.440370592306706
"sinusoidal",1600,"montoril",33,79.896,83.4339952978417,323.813003493984,107.439925084472,651.449465705039,104.620684473304,2.54723439795474,848.450168223873,19.8871655063364,1.04428250848405,4.05293135443557,1.34474723496134,8.15371815491437,1.30946085502784,10.6194323648727,0.00127662218332021,0.00124304610815333,1.09249571713029e-07,0.000695377059397545,0.00192380526223607,6.66083968063635e-06,6.45452778889992e-06,2.39593815059257e-12,3.97285975473802e-06,9.81265214608891e-06,-3152.66463873515,0.0932557044443066,0.0744528979678619,1,0.421797387210838
"sinusoidal",1600,"montoril",34,79.923,132.218074683266,572.783356936505,114.353441915806,738.60941839262,102.990341683997,6.38061008581908,873.238225434815,60.6810133163409,1.65431821482259,7.16668990073577,1.43079516429321,9.2415126858679,1.28861956738357,10.9259940872442,0.00132015845574435,0.00127108209411904,1.30800763722183e-07,0.000714962721977609,0.00204504237106162,6.77359424431821e-06,6.55472098148176e-06,2.53254168059577e-12,3.99928140144795e-06,9.9284981501812e-06,-3191.06318100099,0.0762289451308047,0.0612207362912899,0.991875,0.424081739679447
"sinusoidal",1600,"montoril",35,82.193,93.6921052119066,383.385459271788,124.357158810361,670.447915134196,132.327879909539,17.0989616640381,1147.01749070097,239.587133992593,1.13990370483991,4.66445389840726,1.51298965617949,8.15699530536902,1.60996532441374,13.9551724684702,0.00154671337934114,0.00148095524823433,1.9408794601272e-07,0.000773930327686115,0.00241114623665076,7.15498202380893e-06,6.90231458682397e-06,3.09458666380987e-12,4.18593472244214e-06,1.06555684645991e-05,-3180.6199203535,0.0829619880561739,0.0665154875576014,0.985625,0.431350110532271
"sinusoidal",1600,"montoril",36,79.96,134.596645101856,678.93275238516,107.384949611666,925.200469326698,115.517263704446,7.57751589489037,983.275496913579,81.4417012459919,1.68329971363001,8.49090485724312,1.34298336182674,11.5707912622148,1.44468814037577,12.2970922575485,0.00134401393681694,0.00128019832545343,1.45383803130358e-07,0.000707949057817601,0.00211437074663417,6.83401961428908e-06,6.62187653047177e-06,2.56763113603003e-12,4.00947797180615e-06,1.00325886631363e-05,-3186.31005654899,0.0966711687673033,0.0740902698611075,0.9775,0.416039060197684
"sinusoidal",1600,"montoril",37,84.276,76.1603651090657,325.275145578856,134.135728733943,863.706854470506,101.851293884623,4.14897961968796,808.35935580857,13.7618306114634,0.903701707592502,3.85964148249628,1.59162429082946,10.2485506487079,1.20854447155327,9.59180971817089,0.00126159308410061,0.00118792508439212,1.40980528714294e-07,0.000665410968292548,0.00200854154507323,6.87773140151027e-06,6.65916928467323e-06,2.54226915617174e-12,4.05876159050485e-06,1.00651570187658e-05,-3117.74693770981,0.0927058354230966,0.0754580776518039,0.981875,0.421181686658748
"sinusoidal",1600,"montoril",38,79.786,104.70604166589,373.21921822578,95.8559669244102,601.258093328246,113.191619906638,9.05882954114057,1039.16884187951,85.1629906321146,1.31233601967626,4.67775321767954,1.20141336731269,7.53588465806339,1.41869024523899,13.0244509297309,0.00144035175733911,0.00135915691103656,1.96509756195385e-07,0.000713355811344819,0.00235667951467017,6.81823015646727e-06,6.53923452067366e-06,2.88802961970639e-12,3.94060705551962e-06,1.02979674357814e-05,-3146.24165612551,0.0878704671815888,0.0653118742121127,0.988125,0.429219874249749
"sinusoidal",1600,"montoril",39,79.754,114.692683442075,487.211162031215,67.2548381940632,724.259290019632,103.461639022436,3.99749475883716,792.823014779063,49.2196984278648,1.438080640997,6.10892446812968,0.843278558994699,9.08116570980304,1.29725956093031,9.94085581637363,0.00121558934943072,0.00116700826040813,1.03010786495898e-07,0.000650745656858776,0.00186262246386622,6.53040446171502e-06,6.34562214227294e-06,2.22624407031011e-12,3.85294268821373e-06,9.49766725715248e-06,-3194.61619669874,0.0810059922513256,0.0599238026668835,0.96875,0.404955958535981
"sinusoidal",1600,"montoril",3,80.852,108.37299849347,462.095221582622,117.688816466293,768.899184787366,106.489621875496,12.8801999103508,820.030045682208,113.216620618945,1.3403873558288,5.71532208952929,1.4556079808328,9.50995874916349,1.31709323053846,10.1423594429601,0.00128323178808367,0.00124657486873145,1.18754216101752e-07,0.000651528867372834,0.00195647589531277,6.71623921773102e-06,6.48946788964284e-06,2.64001957650124e-12,3.91031409768342e-06,9.96200347503017e-06,-3145.43121925848,0.0852414392265321,0.0706406085423603,0.995625,0.413074003719926
"sinusoidal",1600,"montoril",40,79.903,49.7508738062049,191.17897330819,98.9814751026395,907.713598378745,109.477989048349,30.7327859513053,894.232609898334,141.262116206464,0.62264087463806,2.39263824021864,1.23877044795113,11.3601942152203,1.37013615319011,11.1914772899432,0.00133789371479389,0.00127493540043454,1.68110756130033e-07,0.000643632364260724,0.00214097536104797,6.82909436135089e-06,6.63074220377267e-06,2.48753378391085e-12,3.98285588823811e-06,9.97081404529643e-06,-3170.08754782908,0.0858093776564958,0.069138699866797,0.9875,0.419778382626654
"sinusoidal",1600,"montoril",41,75.642,182.05268914786,645.52974126085,96.0316604065689,581.481173578032,120.377902518805,7.77243064655982,1038.923631873,25.7874274624947,2.40676726088496,8.5340120734625,1.26955475009345,7.68727920438423,1.59141617776903,13.7347456687157,0.0016025087236057,0.00155112472010152,1.89830535034209e-07,0.000823392340207397,0.00247165113795801,7.95925422312864e-06,7.67783572915816e-06,3.99388300151582e-12,4.47095230358033e-06,1.19203065764682e-05,-3089.07523401357,0.112107357698411,0.0898369391272904,0.96,0.442922948428194
"sinusoidal",1600,"montoril",42,76.685,68.690928506365,313.952295668881,76.3147745559239,910.719785187552,107.048791728214,6.83462251383495,909.464712734294,37.1214146053831,0.895754430545282,4.09405093132792,0.995172126959952,11.876113779586,1.39595477248763,11.8597471830774,0.0014301202470194,0.00136701817786016,1.77103632126275e-07,0.000716093636512794,0.00226376063225302,6.93060947683439e-06,6.71276114814627e-06,2.70234948222144e-12,4.09095499356003e-06,1.02697453651486e-05,-3122.02329162187,0.0973000446833507,0.0735360905312356,0.978125,0.439443370679601
"sinusoidal",1600,"montoril",43,76.634,99.2274496290938,351.308192799527,99.724997437377,647.512084185207,120.50129718636,29.5800758421602,986.329354363332,150.456997799891,1.29482278922011,4.58423405798375,1.30131530961945,8.44940997710164,1.57242604048281,12.8706495075728,0.00141158879095473,0.00135912604506461,1.57571973843637e-07,0.000694320762929018,0.00222907782059203,6.96999478037631e-06,6.73325715021853e-06,2.87848170275131e-12,4.08486421746137e-06,1.03777366281034e-05,-3144.1317682285,0.0933401068906172,0.0740428463516123,0.985,0.423532546385488
"sinusoidal",1600,"montoril",44,77.094,103.663231654649,417.332353725412,114.05348803039,843.505322595101,116.715158027203,19.3563322049354,1001.71949203996,150.128489154685,1.34463423424195,5.41329226302191,1.47940809959776,10.9412577190845,1.51393309501651,12.9934818797826,0.00139248189756509,0.00134300689151773,1.4320653007458e-07,0.000721743169504831,0.00214649756957542,6.95912372960821e-06,6.73806538284319e-06,2.73831869866099e-12,4.00467610240977e-06,1.02488870973612e-05,-3146.38189377264,0.0843406204707194,0.0666712115475902,0.9925,0.425716337712625
"sinusoidal",1600,"montoril",45,75.456,64.9518836874638,211.32295369642,131.741052708759,854.647579820404,111.752006115209,14.9060152232089,906.566539102705,40.9309578132654,0.860791503491622,2.80061166370362,1.74593210226833,11.3264363313773,1.48102213363031,12.0145056602882,0.00135189435428288,0.00129978151255416,1.2527824017598e-07,0.000738556484038169,0.00207409360502144,7.10480019157468e-06,6.87482631214301e-06,2.85207086708653e-12,4.19281274779734e-06,1.04748362277508e-05,-3164.39828057306,0.0981641414715017,0.0740362852273315,0.97875,0.42959947990733
"sinusoidal",1600,"montoril",46,75.576,88.7121533853986,292.688884054883,99.6769123675208,524.285892069992,116.062188535121,13.7242922387263,937.711731812309,152.47837308876,1.173813821655,3.87277553793377,1.31889637408067,6.93720085834116,1.53570165839845,12.4075332355815,0.00138343066154153,0.00133011546480929,1.49978818452133e-07,0.000712842376689005,0.00214929004692169,7.1434677386472e-06,6.86765763717829e-06,3.13500848307633e-12,4.1557214150041e-06,1.07326115194889e-05,-3198.71970421545,0.0922470830093193,0.07053669034179,0.97,0.424879011732977
"sinusoidal",1600,"montoril",47,76.108,71.6680953063917,378.223053165689,64.625385073921,860.941016627353,122.142325794334,14.7999546946176,1100.02894486855,172.899508948992,0.941663101203444,4.96955711838031,0.84912735946183,11.3120961873568,1.60485528189328,14.4535258431249,0.00146574431695666,0.00139379091485692,2.01124867887775e-07,0.000703250324166161,0.00235591595601428,6.8879894250918e-06,6.67152422719136e-06,2.5942912146778e-12,4.00267271947043e-06,1.00905180939901e-05,-3166.69819407535,0.0901721098972138,0.073353495375563,0.990625,0.42678993801175
"sinusoidal",1600,"montoril",48,76.689,80.2173272074286,510.28044752457,132.138483998554,871.149013858902,149.948355156333,9.45003358607731,1597.07074334792,73.1691757335405,1.04600825682208,6.65389361609318,1.72304351339246,11.3595041512981,1.95527852959789,20.8252910241094,0.00185038492952336,0.00179019737289941,2.75922454714854e-07,0.000956754314743634,0.00288671358066351,7.4297311521194e-06,7.15349841692384e-06,3.23818429319411e-12,4.31753855625563e-06,1.10230307897917e-05,-3178.28815590764,0.106071583241607,0.0776697444808022,0.964375,0.451533400220339
"sinusoidal",1600,"montoril",49,75.694,91.9830409378042,480.71697270733,135.029664509144,1015.01626833822,106.398291769313,6.7860153782476,886.786531174804,49.8780327899314,1.21519593280583,6.35079362574748,1.78388861084292,13.4094679675829,1.40563706197734,11.7154137867573,0.00136772514549783,0.00130279847518709,1.35297768819508e-07,0.000766976729108503,0.00210478834591514,6.7585021103327e-06,6.55501031404413e-06,2.49880629463424e-12,3.95957791687679e-06,9.93737952945853e-06,-3162.03376315516,0.0874243178001803,0.0697018724912315,0.998125,0.427325187583052
"sinusoidal",1600,"montoril",4,83.574,104.863191827702,333.148758468182,102.159483976896,748.473270712512,106.648543428923,4.08182634443561,867.652890117234,38.0223191509378,1.25473462832582,3.98627274592795,1.22238356398995,8.95581485524819,1.27609715257045,10.3818518931394,0.00130874213116188,0.00125444416420255,1.26264778640669e-07,0.000718172558302033,0.00202121879864939,6.73593112366742e-06,6.53363919485061e-06,2.43647000227251e-12,4.01946736322399e-06,9.86367083306781e-06,-3186.94994887501,0.0943961187447155,0.0719135933645133,0.965625,0.417289656470256
"sinusoidal",1600,"montoril",50,76.814,87.5619087555355,306.925749374911,106.03101435087,798.839838125766,106.713273485923,14.8169282727334,937.477077023139,86.6509939281779,1.13992122211492,3.995700645389,1.38036053780391,10.3996646200662,1.38924250118368,12.2045079936358,0.00136327263177554,0.00131293086023866,1.29342554273148e-07,0.000738372790163017,0.00207898561094175,6.88806216034009e-06,6.66228159354173e-06,2.65180063490618e-12,4.13556820388298e-06,1.02505680589123e-05,-3144.75244164144,0.0922844363600776,0.0712419434825636,0.970625,0.421044140099464
"sinusoidal",1600,"montoril",51,80.38,108.41968910487,462.051805805131,6.37484106692343,486.162868108143,112.084171212074,4.0912219039244,968.181827835672,45.8907790572308,1.3488391279531,5.74834294358212,0.0793087965529165,6.04830639597092,1.39442860428059,12.0450588185578,0.00138924869556002,0.00134079711694977,1.659442737931e-07,0.000690510448689391,0.00211703265717303,6.89807219654912e-06,6.65896678066287e-06,2.75948406822438e-12,4.0528792712316e-06,1.0210980377359e-05,-3157.22897088436,0.0764595942835938,0.0619199960684314,1,0.420798210714173
"sinusoidal",1600,"montoril",52,79.79,73.4468184147768,269.092995463209,91.6484846586171,548.897402210397,120.332704561138,7.60067290268631,1069.46422496706,49.9574477034219,0.920501546744916,3.37251529594196,1.14862118885345,6.87927562614861,1.50811761575559,13.4034869653724,0.00155185450474651,0.00150030341262945,1.76878055609606e-07,0.000818215071588456,0.00242251573187928,7.44771392396312e-06,7.21536889617965e-06,3.49379808559135e-12,4.17246737329535e-06,1.10876516355433e-05,-3114.15343363135,0.108083369921704,0.0846416685987291,0.98,0.448241949005581
"sinusoidal",1600,"montoril",53,80.259,79.3720644122917,292.302854529103,56.998380631695,439.754450096917,130.280762041761,8.71896973106452,1240.28935720192,71.1727822601202,0.988949082499056,3.64199472369582,0.710180548370837,5.47919174294368,1.62325423992027,15.4535859804124,0.00164336543121718,0.00155716263398835,2.68854846422856e-07,0.000768506179393785,0.00268006794246461,7.41213621365968e-06,7.13310954078026e-06,3.43219119135606e-12,4.3085222306731e-06,1.11505203216978e-05,-3183.58485129576,0.0957538649072812,0.0792381302207129,0.986875,0.438929451890433
"sinusoidal",1600,"montoril",54,79.96,73.8695838814845,343.771091267545,107.02952526169,717.802650170288,101.969670847981,12.1240515351516,888.455966056398,33.1699377084917,0.923831714375744,4.2992882849868,1.33853833493859,8.97702163794758,1.27525851485719,11.1112552033066,0.00135271007472662,0.00128944357271391,1.56409877046926e-07,0.000675430833895877,0.00217380271061738,6.90166291517017e-06,6.68618137677522e-06,2.64974833564051e-12,4.09119349033313e-06,1.0143503760596e-05,-3156.1845838588,0.0724596832297273,0.0571457709648862,0.999375,0.423219666015775
"sinusoidal",1600,"montoril",55,79.937,63.8412363956264,200.522294790052,123.866119004815,626.668668704978,114.454162391988,29.928319269623,941.45827227837,88.9079799022211,0.798644387400408,2.50850413187951,1.54954675563024,7.83953199025455,1.43180457600345,11.7775031872396,0.00139620885437987,0.00133810363516711,1.53048721200179e-07,0.000713646483369974,0.00220603402440693,6.92305884424547e-06,6.71142753667165e-06,2.64440617625177e-12,4.11849377195036e-06,1.0234525712188e-05,-3176.10307771045,0.0842121763299362,0.061894360278318,0.986875,0.426190663803265
"sinusoidal",1600,"montoril",56,79.905,104.769066386527,479.797749849411,111.934890971989,768.945486620917,120.871519858213,6.74187957475181,1041.40618480366,25.6645012703952,1.31117034461582,6.00460233839448,1.40084964610461,9.62324618760925,1.51269031798026,13.0330540617441,0.00147651455155273,0.00142011132552466,1.77874855817931e-07,0.000749181836272612,0.00230701516512008,7.07977167847034e-06,6.86672397916975e-06,2.77146599728868e-12,4.13300271763157e-06,1.03694093113309e-05,-3144.76392660368,0.0841559848153102,0.0673121689093307,0.998125,0.433641724131563
"sinusoidal",1600,"montoril",57,82.33,37.1414016912784,383.013875869252,103.457477168247,999.145853073898,105.987336250761,16.6889326103464,887.225600742068,94.1186238803991,0.45112840630728,4.65217874249061,1.25661942388251,12.135866064301,1.28734770133318,10.7764557359658,0.0013378443862995,0.00130124225449647,1.29380771787891e-07,0.000698575689808616,0.00204763071810327,6.69733102324996e-06,6.47095635787388e-06,2.45697070184757e-12,3.89750081042321e-06,9.78918432765591e-06,-3172.42313719695,0.0951051004411387,0.0753775073796745,0.986875,0.423785999940367
"sinusoidal",1600,"montoril",58,82.722,152.022375185987,603.784470977809,110.853253771885,656.098407469387,138.124549019025,34.8669959918454,1344.02946857889,173.176696327345,1.83775023797765,7.29895881359021,1.34006979729558,7.93136538610511,1.66974382895753,16.2475456175974,0.00175882213443656,0.00165977514030017,2.8761776667927e-07,0.00084039577278158,0.00287430870343478,7.43229029459424e-06,7.1643879125577e-06,3.4812340327226e-12,4.29594517923731e-06,1.1136941550478e-05,-3165.46167107758,0.0834391671446739,0.0676487277855168,0.999375,0.452938945139749
"sinusoidal",1600,"montoril",59,83.399,99.4500460455522,295.973648196332,86.7798785716326,923.342406385117,116.067436634397,9.53044681309753,972.934496674229,78.3240348074698,1.19246089336266,3.54888725519888,1.04053859844402,11.0713846255365,1.39171257010752,11.666021135436,0.00138921151847844,0.00134407964126866,1.47162447502113e-07,0.000746720938360889,0.00212611412136179,6.90762362541457e-06,6.672062288998e-06,2.72914571751621e-12,4.09226965591477e-06,1.02790575894692e-05,-3175.16669918037,0.0887305138744994,0.065433453592075,0.9775,0.423534490842564
"sinusoidal",1600,"montoril",5,80.346,114.414132955382,352.435430151111,107.245623207798,689.26081172909,129.771192317792,8.2457359967301,1190.55784031404,62.9350890856283,1.42401778502206,4.3864713881352,1.3347972918104,8.57865745312884,1.61515436135952,14.8178856484957,0.00156132154898131,0.00150083313471154,2.0725741012706e-07,0.000772796821299153,0.00251692504090646,7.11772034807072e-06,6.88620717936933e-06,2.69312838851768e-12,4.21996666355065e-06,1.04449857322953e-05,-3163.24968558572,0.0930398636715142,0.0729776597288017,0.9775,0.431247023760053
"sinusoidal",1600,"montoril",60,81.211,139.195746657156,527.607211268009,67.4466975450783,772.223296112454,115.074481390365,9.66781639106086,953.083766796138,44.926533238766,1.71400114094342,6.49674565351995,0.830511846241006,9.50885096984958,1.41698146052093,11.7358949747711,0.00137989301956187,0.00131186819163685,1.80021735062293e-07,0.000666825637476668,0.00222324799585325,6.9996882716065e-06,6.74730573218208e-06,2.84117464201301e-12,4.16149090293161e-06,1.04489060570144e-05,-3160.41903806663,0.0843253780947983,0.0691709299748518,1,0.423656717371219
"sinusoidal",1600,"montoril",61,79.745,86.9351683115028,432.929316457122,132.550979424175,605.056883339427,102.826800745018,6.93682676915693,809.243483042277,33.4565432156791,1.09016450324789,5.42892114185369,1.6621854589526,7.58739586606592,1.28944511561876,10.1478899372033,0.00129417278926044,0.00125688945646347,1.13924422839653e-07,0.00070520266114846,0.00197694629424094,6.88929989993797e-06,6.64321096732745e-06,2.82242491621718e-12,4.05233272943803e-06,1.02415951465274e-05,-3153.09006787984,0.101520404286827,0.0802064138591757,0.965625,0.420062673546045
"sinusoidal",1600,"montoril",62,82.345,110.67834169206,380.162788916574,98.971894233495,540.713652217331,130.267709418306,7.75216671079637,1180.03560928721,65.1465898516729,1.34408089977607,4.61670761936455,1.2019174720201,6.56644182667231,1.58197473335729,14.3303856856787,0.00157241551726593,0.00152169032232692,1.95635021084863e-07,0.000813176741115218,0.00241530359489399,7.4559539874689e-06,7.23515884947673e-06,3.35004343954636e-12,4.20891836096187e-06,1.11072806389899e-05,-3196.85288634522,0.0977128309171967,0.0784344948335092,0.98375,0.432702331467147
"sinusoidal",1600,"montoril",63,81.858,93.3315259120828,211.257273605324,81.718313757707,396.112060376074,105.154793258527,4.79424227774807,869.287501357969,21.8321121318335,1.140163770335,2.58077736574707,0.998293554175609,4.83901463969403,1.28460007889915,10.6194568809154,0.00134419210913269,0.00130985535741989,1.22145612990802e-07,0.000709381453742764,0.00203471995025701,7.27675899910347e-06,7.02241501131104e-06,3.11038738929918e-12,4.18623551427472e-06,1.08085934947199e-05,-3132.4348582532,0.0962969434397842,0.0752979845351456,0.968125,0.423924663750348
"sinusoidal",1600,"montoril",64,82.36,79.3626698783736,271.097213424521,147.395747716291,809.003714178402,109.930473287571,18.3356287938519,921.508529348053,40.250936119011,0.963606967925858,3.29161259621808,1.78965210923131,9.82277457720255,1.33475562515264,11.1887873888787,0.00132886932140941,0.00128832202060591,1.17457481227512e-07,0.000743497516626733,0.00204469047615101,7.01916758202778e-06,6.7885584396698e-06,2.79715632818364e-12,4.202367903598e-06,1.04428461415531e-05,-3138.56079026552,0.0858772317829767,0.0659156372839504,0.9825,0.416861539152333
"sinusoidal",1600,"montoril",65,80.34,48.4142212501649,167.660070452065,76.6203691512635,630.44760197414,112.138698994119,4.96356826678601,968.911302426685,45.4148410349772,0.602616644886295,2.08688163370756,0.953701383510873,7.8472442366709,1.39580158070848,12.0601357035933,0.00142040123837858,0.00137796739571046,1.45151298869141e-07,0.00071870991510945,0.00217811265607917,7.08364295630717e-06,6.84727033070999e-06,2.79773240278835e-12,4.11306349070997e-06,1.03930152685036e-05,-3178.84291058306,0.0929855278731219,0.0713640785228952,0.98625,0.427331752284756
"sinusoidal",1600,"montoril",66,80.664,121.958198468545,499.691968605443,128.648301265527,600.637173755985,104.111042405983,5.74091466658368,882.305853290787,19.284602095914,1.51192847451831,6.1947333210037,1.59486637490736,7.44616153124052,1.29067542405514,10.9380374552562,0.00131636642147472,0.00127758435657385,1.16319872952632e-07,0.000702973491984487,0.00201226283467158,6.73284736255738e-06,6.51712231918798e-06,2.600917437869e-12,3.96889842120045e-06,9.93944804595187e-06,-3190.44172866846,0.0740342218902013,0.0581891787922456,0.988125,0.417835778668775
"sinusoidal",1600,"montoril",67,82.259,184.339493214072,660.952884080932,88.0651730418343,847.554313486778,131.576588441235,11.7799330326003,1242.48056405961,47.0198684596852,2.24096443202655,8.03502211406571,1.07058404602334,10.3034842811945,1.59954033529747,15.1044939041274,0.00161602725404189,0.00154060054838126,2.28429022637794e-07,0.000808905021622016,0.00259657115311441,7.1959334927623e-06,6.96439031522625e-06,3.04525533513964e-12,4.16780393917413e-06,1.06831977127388e-05,-3152.67083621323,0.0911951544306174,0.0715310149138287,0.995,0.444362804764293
"sinusoidal",1600,"montoril",68,80.081,80.5518195630153,260.799341061041,50.8261325556486,639.22788548486,145.944743638256,21.0589115286154,1678.81888001722,141.628359761529,1.00587929175479,3.25669436022329,0.63468403935576,7.9822665237055,1.82246405062694,20.9640099401508,0.00198324813403596,0.0018977888256713,4.05154217266987e-07,0.000904457414798376,0.00331244917335653,7.56705983652916e-06,7.28985850873359e-06,3.55806032481324e-12,4.29537574669875e-06,1.13692552669551e-05,-3139.98318078839,0.097267113732541,0.0784379666123932,0.99,0.461077111306454
"sinusoidal",1600,"montoril",69,80.231,81.5846846803903,251.271745560672,93.3237684592176,668.071930755531,105.186913320262,8.81631144511399,875.310006010592,65.3289751708737,1.01687233962421,3.13185359226075,1.16318839923742,8.3268553396509,1.31105075744116,10.9098728173722,0.00130829831182185,0.00126662080568398,1.18468211932494e-07,0.00071556712345467,0.0020305746027048,6.76694952312821e-06,6.56931752623623e-06,2.50667619754463e-12,3.95871037930193e-06,9.87854471099841e-06,-3171.38501812753,0.0889208388560068,0.069695588337054,0.981875,0.42018829934828
"sinusoidal",1600,"montoril",6,81.247,120.973371823886,416.004320416345,74.949719820292,583.639371291088,112.759672610661,6.59467305870714,960.280339584027,88.6653584319441,1.48895801474375,5.12024222945271,0.922492151344567,7.18351903813172,1.38786259936565,11.8192713525918,0.00142895478999538,0.00134102795935745,2.0528300572873e-07,0.000691057138600713,0.00232988588273299,6.7955964035255e-06,6.5626430841666e-06,2.72319955749366e-12,3.93976154270324e-06,1.0107967408324e-05,-3145.27429628911,0.0671156761359075,0.0528180870553689,1,0.424365750594795
"sinusoidal",1600,"montoril",70,80.026,60.0645905394018,251.46191983005,80.459937977898,1026.8020252395,116.318827072034,17.4443655350438,987.864475716156,69.1474526215032,0.750563448621721,3.14225276572676,1.00542246242344,12.8308552875253,1.45351294669275,12.3442940508854,0.00141945901538431,0.00135331005257118,1.79300453192193e-07,0.000702894346477116,0.0022790680338753,7.00918288885431e-06,6.78931272831053e-06,2.70564764023115e-12,4.12187153166186e-06,1.02822061099509e-05,-3155.08457469805,0.0990835113002196,0.0786412544421626,0.97125,0.421139768914472
"sinusoidal",1600,"montoril",71,82.051,59.2694857473709,436.480289415512,82.3057382932795,396.807010196479,112.168499254871,7.90913669910527,993.109737631912,94.6610629541955,0.722349340621942,5.31962181345153,1.00310463362152,4.83610206087042,1.36705828393159,12.1035665333989,0.0015188422142887,0.00145727822984803,1.90321771027301e-07,0.000763037111030952,0.00235682810134019,7.20536831970274e-06,6.92812414261736e-06,3.266489081265e-12,4.1265597210904e-06,1.075413389873e-05,-3162.20047345151,0.0988824524591759,0.0786114690200696,0.99625,0.432588463619099
"sinusoidal",1600,"montoril",72,81.794,104.726973726768,547.392760301408,57.563033631193,659.497004752014,121.109963571623,17.8035159931501,1080.52520880806,122.009576694011,1.2803747674251,6.69233391570785,0.703756187876776,8.06290198244387,1.48067050849234,13.2103236032968,0.0015042401331885,0.00143856138424549,1.88665120667272e-07,0.000763366022717334,0.00237555213275374,7.2666024788925e-06,7.03737002791087e-06,3.28158407631117e-12,4.04614099125332e-06,1.07655355220752e-05,-3142.98303384356,0.105338767810386,0.0851559987296741,0.968125,0.433367099695716
"sinusoidal",1600,"montoril",73,80.799,138.274494770867,468.805487427147,77.2308244314335,547.237764312935,109.317230910546,9.83083055971751,903.256715062243,43.2596974793695,1.71133918453035,5.80211992013697,0.955838864731414,6.77282842996739,1.35295277058561,11.1790580955487,0.00132758280133677,0.00126576914141261,1.48363813929908e-07,0.000633108799210479,0.00210345531578327,6.91943523832943e-06,6.6837238507923e-06,2.67816648491198e-12,4.09040570683195e-06,1.02179039439523e-05,-3129.17696767997,0.0786729993382121,0.0587528661540298,0.993125,0.42451551336313
"sinusoidal",1600,"montoril",74,80.634,50.727762168807,251.060184703058,101.957298716391,802.885875496636,106.362454191061,16.5896415944833,859.453790781992,29.5463605409411,0.62911131989988,3.11357720940371,1.2644455033409,9.95716292750745,1.31907699222488,10.658702170077,0.00133903071237073,0.00129270322267728,1.40260565741017e-07,0.000708476648565115,0.00206868328134614,6.80446448322883e-06,6.61514666060896e-06,2.45078172343365e-12,4.07053061025898e-06,9.8743035491751e-06,-3124.06378439331,0.0794767695277601,0.0641678406198311,1,0.420067424710797
"sinusoidal",1600,"montoril",75,82.459,55.6072437844987,251.807168445857,113.377987382265,690.090907158794,110.895192239105,14.7039931026233,905.21693930259,57.553907159858,0.674362335033153,3.05372571151551,1.37496194935986,8.36889735697491,1.34485249929183,10.9777821620756,0.00141468943092004,0.00136555358596909,1.60502524898056e-07,0.000694102908571233,0.00218732165338808,7.00615349601876e-06,6.76332040614885e-06,2.83263529682754e-12,4.09864932832577e-06,1.03989787653411e-05,-3188.39985588723,0.0669483929680338,0.0537942639494809,0.99375,0.427830747338075
"sinusoidal",1600,"montoril",76,80.864,87.121936875235,519.340693140197,108.550207796724,693.10353949503,126.769639594757,2.48449976234295,1150.84245131992,12.764871690881,1.07738841604713,6.42239677903885,1.3423798945974,8.57122501354162,1.56768944888649,14.2318269108617,0.00149070652133744,0.00143034511278931,1.92255126115725e-07,0.000724157204460575,0.00237527265349311,6.96103227303184e-06,6.7392230405278e-06,2.73215999571087e-12,4.05998239805305e-06,1.01973839751215e-05,-3184.70694506369,0.0849044368798036,0.064464365020368,0.976875,0.429742004778222
"sinusoidal",1600,"montoril",77,83.111,129.011484951235,595.725890675717,80.0865727888059,1007.30853068771,115.352606612768,8.16266909461439,990.154236346371,41.9393816248139,1.55227930058879,7.16783447047583,0.96360978437037,12.1200386313209,1.38793428803369,11.91363641812,0.00138200282825877,0.00132960594221713,1.66168741673818e-07,0.00071391265488355,0.00212961786485382,7.2081205230969e-06,6.9980519516111e-06,2.65248456231224e-12,4.28126870810413e-06,1.04303556718086e-05,-3147.22975901728,0.104051723134252,0.0775725680392401,0.954375,0.423155788090771
"sinusoidal",1600,"montoril",78,80.481,87.1491881511385,316.167737603242,102.249013217083,401.449681938252,128.790779201046,5.93548312561237,1192.75094909414,25.5930929028065,1.08285419106545,3.92847675355975,1.27047394064541,4.98812989324501,1.60026315777694,14.820279930594,0.00158006403807081,0.0015262465705505,1.91137005129275e-07,0.000834851859747585,0.00246938058641314,7.20860733134596e-06,6.97714058200248e-06,3.15252546682391e-12,4.22082232859097e-06,1.08604291562083e-05,-3160.91697762397,0.0924337566727279,0.0746816308442586,0.98125,0.431816092208168
"sinusoidal",1600,"montoril",79,82.96,83.9383263128777,432.002699590788,139.968603388252,825.142668881024,113.883532807251,8.12633459286612,905.551066444268,68.5126483176162,1.01179274726227,5.20736137404518,1.68718181519108,9.94627132209527,1.37275232409898,10.9155143014015,0.00132186091083224,0.0012806074535703,1.31071060006534e-07,0.000683748857537876,0.00203018565983868,6.87919142670231e-06,6.67370866108019e-06,2.51402668053455e-12,4.09771318834253e-06,1.00843027812636e-05,-3194.19258482706,0.0886087811619147,0.06684981575474,0.97375,0.416512598448797
"sinusoidal",1600,"montoril",7,80.977,89.2231883231119,310.722672335708,102.280884200315,840.841599043329,115.361364147115,7.27098733372138,1082.68529611283,36.3045593361632,1.10183370985727,3.83717194185643,1.26308561937729,10.3837089425803,1.42461889360084,13.3702816369195,0.00152119161725464,0.00145223166808045,2.03130446694268e-07,0.000738489930793005,0.0024311187683831,7.02072867690146e-06,6.79046413576726e-06,2.88371212479075e-12,4.09450893865667e-06,1.04138892007789e-05,-3198.03341681903,0.0801080114977787,0.0643115314484454,1,0.434824862361915
"sinusoidal",1600,"montoril",80,80.577,102.586647022732,367.323690479401,104.350519479108,690.564358341434,136.043876844991,7.5793086887654,1281.89808899654,58.023001820664,1.27315048987592,4.5586667470792,1.29504101020276,8.57024161164394,1.68837108411818,15.90898257563,0.00168048499461201,0.00162802294286257,2.07342294885653e-07,0.000868372011317772,0.00256845677005284,7.3078946642771e-06,7.07357666470717e-06,3.19711815115191e-12,4.24502587043831e-06,1.08708506404717e-05,-3196.71743766142,0.0867639295094589,0.0687408516609646,0.975,0.439455406155174
"sinusoidal",1600,"montoril",81,82.513,92.9570957139479,366.039018002903,91.8595585844987,481.145165543818,100.406614251867,5.66356744376367,788.872621982935,77.2202157450461,1.12657515438716,4.43613755411757,1.11327377000592,5.83114376575591,1.21685812237911,9.56058587111042,0.00125712581880721,0.0012151004414256,1.12728204090067e-07,0.000672799744239769,0.00192685373666248,6.83129840746965e-06,6.62641480608819e-06,2.69059533809255e-12,4.00300274160473e-06,1.01495112414394e-05,-3161.5172102977,0.0770643120984624,0.0614133183952316,0.993125,0.416082388575532
"sinusoidal",1600,"montoril",82,79.978,109.672067535144,395.427478342256,84.7395070845006,986.223548691741,125.107377108012,13.0725936773204,1170.24232294892,76.5096896479115,1.37127794562434,4.94420313514037,1.05953521073921,12.3311854346413,1.56427238875706,14.6320528513957,0.00156259042954569,0.00150763844962937,1.94350939221143e-07,0.000802863512965741,0.00244745540505881,7.17609709921824e-06,6.91327457441821e-06,3.07708339449979e-12,4.22088900311575e-06,1.07472148098359e-05,-3170.37801238374,0.0765130878230743,0.0615455898267824,1,0.435223450164707
"sinusoidal",1600,"montoril",83,80.71,94.7979076656626,341.564830253561,113.376839523458,699.535355979004,106.144908136558,17.1631667360931,908.703225946299,119.880547382172,1.17454971708168,4.23200136604585,1.40474339640017,8.66726992911664,1.31513948874437,11.2588678719651,0.00135569805432748,0.00130131002526127,1.41330356898819e-07,0.000709675391842642,0.00210519253975731,7.00334152597379e-06,6.76017361770344e-06,2.86590839222911e-12,4.13935000751755e-06,1.04309423034408e-05,-3144.64322152937,0.069061790207375,0.0562749950409909,1,0.425812594256338
"sinusoidal",1600,"montoril",84,79.943,123.297086618288,559.746434514799,59.1855991548655,586.155254643553,131.046810577492,10.7528537735496,1191.38188772629,119.197472499123,1.54231248037086,7.00181922763467,0.740347487020321,7.3321648505004,1.63925310005244,14.9028919070624,0.0015680592489145,0.00151241936955535,2.30918945611336e-07,0.000731569262075349,0.00251750445410052,7.01611026787861e-06,6.74626728356613e-06,2.9202050041934e-12,4.02233315846471e-06,1.04378448910381e-05,-3199.8581192195,0.0923821495429553,0.0719590924190108,0.98875,0.437794938615698
"sinusoidal",1600,"montoril",85,82.719,77.7875028488,409.315497845481,76.6422177251149,743.879143280358,100.363085157146,4.10341538668456,801.759118198495,32.2992682324966,0.940382534227929,4.94826458063421,0.926537043788185,8.99284497250158,1.21330148039926,9.69256299276461,0.0013037653478793,0.00125429889882085,1.26895283625436e-07,0.000665577344195389,0.00200503470772475,6.65367808052238e-06,6.44924157612623e-06,2.44138785454946e-12,3.91740902093917e-06,9.74846517409568e-06,-3143.49744055575,0.0663909509589431,0.0553669097902655,0.999375,0.423661996808585
"sinusoidal",1600,"montoril",86,80.331,93.7013017240038,355.572259760987,126.475528126873,736.425589424013,100.917264542613,3.69368930669484,805.062158049822,18.1510929082937,1.16644012553066,4.42633926828979,1.57442989788342,9.16738979253355,1.25626799794118,10.0218117295916,0.00131731516197298,0.00127694351682344,1.28685795369569e-07,0.000655327279211712,0.00203467397433276,7.02536396513831e-06,6.78241318453496e-06,2.88712483531658e-12,4.06705369884797e-06,1.03813540112686e-05,-3153.76271798127,0.0997056402413516,0.0798223405410989,0.97125,0.42929240817043
"sinusoidal",1600,"montoril",87,82.763,46.6675804876884,189.435599273539,98.0055262290506,921.219642498502,115.176356088492,7.58040097672913,950.361168966702,39.9376089248644,0.563870092767159,2.28889237066732,1.18417077956394,11.1308150078961,1.39164066175092,11.4829231536641,0.00136495708732962,0.0013064565074893,1.5433957704106e-07,0.00070172034998768,0.00211926597638862,7.07881031066578e-06,6.85347701468787e-06,2.87831796016695e-12,4.13419984026006e-06,1.04625895910714e-05,-3215.1752393312,0.101053186119256,0.081893901894793,0.954375,0.415313470426376
"sinusoidal",1600,"montoril",88,80.516,124.768361835624,457.698619233114,94.3158332947153,928.978664921423,112.512052874695,4.72989824721006,1030.99661219534,43.9613999499373,1.54960954140324,5.68456728144858,1.17139243497833,11.5378144085824,1.39738751148461,12.8048662650323,0.00145731898515218,0.00138091814414718,1.72996507691701e-07,0.000780953602799664,0.0022854238642478,6.93946130079308e-06,6.72288732643825e-06,2.68948978113846e-12,3.99240903032645e-06,1.0195986397705e-05,-3158.38806045508,0.0890279869711626,0.0726184286175812,1,0.433847489429419
"sinusoidal",1600,"montoril",89,80.322,50.5096213343127,185.279486447904,104.637990126121,683.472053224808,111.070959741935,8.05748689585319,942.060050028869,28.0651102689639,0.628839188943411,2.30670907656562,1.3027313827609,8.50915133120201,1.38282114167893,11.7285432388246,0.00139217938207587,0.00134311108796975,1.59292323882385e-07,0.000709604539512703,0.00219115665941512,6.90846389925129e-06,6.67646743065465e-06,2.76499186555491e-12,4.0749716743517e-06,1.03138303157922e-05,-3174.44761736893,0.088852236835204,0.0703684356954979,0.99125,0.425132274410359
"sinusoidal",1600,"montoril",8,80.169,120.184673632854,398.429547551547,114.40065892748,590.173055408463,115.866497007404,8.07258314659923,995.296882799837,63.6510046369536,1.49914148402567,4.96987049297793,1.42699371237611,7.36161178770426,1.44527806268513,12.4149843804942,0.00143159206688543,0.00138342168067267,1.56437243020187e-07,0.00074345642832368,0.00221223879397905,6.92632507687969e-06,6.70823874463601e-06,2.72116843669241e-12,4.04308437882986e-06,1.01487922602426e-05,-3140.52277758194,0.0818547586703557,0.0635416598267206,0.996875,0.427771625713473
"sinusoidal",1600,"montoril",90,79.873,83.042907775623,313.446472841855,19.5077170160669,637.994867423121,107.988376909529,5.98129265118528,909.289012977207,50.5168439591654,1.03968685006977,3.92431075384492,0.244234184468681,7.98761618348029,1.35200101297722,11.3841850559915,0.00136948088621056,0.00129912778201475,1.52939585981783e-07,0.000719280986982319,0.00217765796869282,6.96538510373837e-06,6.72739710238404e-06,2.70524909854479e-12,4.11343206164452e-06,1.02187816893372e-05,-3141.96197076863,0.0846148092361707,0.0660072025597262,0.97125,0.42292268648726
"sinusoidal",1600,"montoril",91,82.451,62.6854389353129,364.330498186175,125.80654914339,616.207214147555,122.221855403727,30.2271418462558,1052.28511949957,140.632702300299,0.760275059554317,4.41875172146093,1.52583412139805,7.47361722899122,1.48235746569146,12.7625513274499,0.00150711083845445,0.00145215597422046,1.67983364701823e-07,0.000807069665669777,0.0023082472672412,7.24688833855545e-06,7.0300955411858e-06,2.91465794293153e-12,4.29089104553188e-06,1.06418005678247e-05,-3141.21177475073,0.0940391617500938,0.0748435277720243,0.975625,0.431441825096225
"sinusoidal",1600,"montoril",92,80.449,62.8546286465864,267.133084197373,72.0401331095028,477.931627218475,110.516464183223,6.13097186119195,872.197315062688,92.5459227585497,0.781297824044878,3.32052709415123,0.895475805908125,5.94080258571859,1.3737456548027,10.8416178580553,0.00137733904722864,0.00131895612278847,1.61152956516e-07,0.000715124331051381,0.00210847669022525,6.99367838944624e-06,6.77067519635827e-06,2.82119481580391e-12,4.09705060808976e-06,1.03585558079649e-05,-3166.06167810073,0.0900472770845795,0.0722111464416301,0.9875,0.42996560640043
"sinusoidal",1600,"montoril",93,80.296,59.6038251917613,310.547794010267,127.079727821619,661.122371250179,101.865330630574,6.93413962183669,857.177217245238,16.4847498317974,0.742301300086696,3.86753753624423,1.58264082671141,8.2335654484679,1.26862272878567,10.6752169129874,0.00134755124821619,0.00127749477118247,1.44263204675699e-07,0.000723978565986083,0.0021233978219394,6.99649696096711e-06,6.76181372662394e-06,2.81615327078773e-12,4.08980515232911e-06,1.04000752218734e-05,-3159.95781398228,0.0859174563289634,0.0669041876146425,1,0.426706646542016
"sinusoidal",1600,"montoril",94,82.246,103.256848960589,441.498841699036,91.5866146545198,513.91723425512,109.51975101232,21.286991624629,853.068929961256,59.487556621568,1.25546347494819,5.36802813144756,1.11356922712983,6.24853773138049,1.33161188401041,10.3721631442411,0.00136039984590925,0.0012925121935457,1.83187184325604e-07,0.000627957097749585,0.0022142225389325,6.89142173106451e-06,6.63719051391321e-06,2.85834010758666e-12,4.01109360251596e-06,1.03466752128553e-05,-3177.07991918477,0.0723420560020455,0.0556056761735226,0.99375,0.423941878377798
"sinusoidal",1600,"montoril",95,79.695,135.35888995017,483.743290873328,48.7194063904554,948.7635759372,140.151563349674,17.0006395249196,1328.00225297899,23.9203555914323,1.69846150887973,6.06993275454329,0.611323249770442,11.9049322534312,1.75859920132598,16.6635579770247,0.00170791075230997,0.00162580046492184,3.05309207202146e-07,0.000772784225535782,0.00275713891188805,7.46158130177557e-06,7.18492359346288e-06,3.48395405161745e-12,4.25785874972687e-06,1.12169046928937e-05,-3174.67810058337,0.0873854312217379,0.0682413112238616,0.993125,0.444724779736887
"sinusoidal",1600,"montoril",96,81.748,88.8700436644832,263.454717335548,69.6594977011465,610.071497839989,120.746739682527,4.4759528379253,1064.87267545122,14.7911202465064,1.08712193160057,3.22276651827015,0.852124794504409,7.46283086852265,1.47706047466026,13.026284134795,0.00148185379749301,0.00142661633509237,1.6430887154225e-07,0.000768112236639516,0.00230778011286952,7.06787911396805e-06,6.86598882396208e-06,2.71304770130083e-12,4.12576261486248e-06,1.03253112108153e-05,-3159.38242432053,0.0799414441790025,0.0633774723811593,1,0.4346963797918
"sinusoidal",1600,"montoril",97,79.546,81.7516391397429,327.030581311517,109.368226360601,710.925763893156,125.468738415679,5.26723389416368,1097.62795976999,40.7192379523371,1.02772784476583,4.11121340245289,1.37490541775326,8.93729117608875,1.57731046709676,13.7986568748899,0.00158705670522511,0.00152198721225274,2.13403571634183e-07,0.000820270517762194,0.00249197647107438,7.19785934593023e-06,6.9656868718821e-06,3.06651251881188e-12,4.13021692073383e-06,1.06503959775438e-05,-3143.15446998076,0.0893517432779672,0.071696342283293,0.979375,0.44112433528484
"sinusoidal",1600,"montoril",98,80.145,99.9353002936031,408.266614152079,103.735936776917,706.365877957591,132.467910582465,6.86290039374893,1243.6519525173,73.1432929047979,1.24693119088656,5.09409962133731,1.29435319454635,8.81359882659668,1.65285308606233,15.5175238944077,0.00163722890682008,0.00155677321343303,2.25543536589631e-07,0.000829428867219413,0.00261418778434908,7.23987044010428e-06,6.94863844338278e-06,3.42745196273891e-12,4.10910947195297e-06,1.10391578654062e-05,-3184.98166060814,0.0886343012691155,0.0716327469275066,0.9875,0.435496694511869
"sinusoidal",1600,"montoril",99,80.204,83.6206481367998,490.499004618041,182.648638491513,736.050045813397,107.740113654991,11.120889338121,823.781522681413,31.618280684051,1.04259947305371,6.11564266891977,2.27730086394086,9.17722365235396,1.34332593954155,10.2710777851655,0.00127096112465751,0.00123212084591965,1.08648429760929e-07,0.000692461230167622,0.00192373430040856,6.70648698180269e-06,6.49799270300285e-06,2.36763223750211e-12,4.06346967234139e-06,9.83134151847763e-06,-3159.46535055181,0.0796404228488187,0.0642362280059123,0.985625,0.413775625951833
"sinusoidal",1600,"montoril",9,80.631,93.6729763938602,440.557406443935,103.755999998705,783.776891940485,102.980339559365,11.0339291318764,847.379591972218,72.1585914016819,1.16174891039253,5.46387129570432,1.28680036212754,9.72054038695396,1.27718048342902,10.5093523827339,0.00126140276624131,0.00120649933185559,1.32343619434497e-07,0.000667581453250019,0.00195483305436485,6.50186704843724e-06,6.27589177839063e-06,2.32802277741688e-12,3.78900119133045e-06,9.51224829843165e-06,-3174.87239059209,0.066278852863165,0.0554863467720942,1,0.414673740087377
"sinusoidal",200,"montoril",100,10.474,371.825776022675,1507.59527643083,251.378815804678,1811.33543906897,337.308844528775,93.3639193104462,3316.42185929731,828.451307609917,35.4998831413667,143.936917742107,24.0002688375672,172.936360422854,32.204396078745,316.633746352617,0.00598522415161306,0.00495788196077928,1.46882255066934e-05,0.00109850635142248,0.0136119875984254,4.02298156213558e-05,3.44878426301355e-05,5.42221007961547e-10,1.04564862788383e-05,8.4739824430158e-05,-383.619479738826,0.123115307738852,0.106144457481719,1,0.609477970678871
"sinusoidal",200,"montoril",101,10.234,301.253043658608,1438.89766927732,338.104378758748,1914.62903310792,330.902991607895,164.168414341825,2766.97856654787,638.744917686034,29.4364904884315,140.599733171518,33.0373635683748,187.08511169708,32.3336907961594,270.371171247593,0.00492405424139161,0.00416856451127919,8.47765388937185e-06,0.00109053851232935,0.0105749169196544,3.67880578226804e-05,3.17151664750975e-05,4.24505914205327e-10,9.47845326515801e-06,7.62787884941846e-05,-396.502931197942,0.179382445751569,0.122078700405824,0.935,0.581746005539804
"sinusoidal",200,"montoril",102,10.435,200.729632538104,644.023011657681,240.549236067744,1243.29640216588,330.493718612159,101.48068980252,2693.07095230374,432.844789600824,19.2361890309635,61.7175861674826,23.0521548699324,119.146756316807,31.6716548741887,258.080589583492,0.00480053980943698,0.00396818610983191,9.22245059141106e-06,0.00111642220489793,0.0107387575580466,3.81305556962987e-05,3.25066155028837e-05,5.1156391068386e-10,9.86005842522855e-06,8.08863054273094e-05,-388.334023823017,0.149797486624085,0.115163547122584,1,0.5831870904768
"sinusoidal",200,"montoril",103,10.239,146.835658233051,810.536193635133,441.513558359487,1614.04476280276,287.10440401664,86.2944652520376,2061.89167834025,424.979075291312,14.340820220046,79.1616557901292,43.1207694461849,157.636953101158,28.0402777631253,201.376274864757,0.0040426476385575,0.00356571881643275,4.23606361284697e-06,0.00112996777706689,0.00804539913597658,3.73969525545984e-05,3.21555843117716e-05,4.24644550768165e-10,1.01622917868914e-05,7.75922524454652e-05,-395.983126227367,0.102054111947314,0.0775828220300963,1,0.564869712361042
"sinusoidal",200,"montoril",104,10.091,241.321702294057,872.585932058829,376.730025251073,1925.23379292815,273.046470970126,109.914514748894,1958.32414223034,668.70963883275,23.914547844025,86.4717007292467,37.3332697701984,190.787215630577,27.0584155158186,194.066409893007,0.00391619192509637,0.0033832194574946,4.61472604898209e-06,0.00103619590713579,0.00809333006443203,3.71184780915714e-05,3.21026588685913e-05,4.21825888514804e-10,1.07395891272053e-05,7.6354675083032e-05,-385.432732086189,0.0962095888766086,0.076882497591272,1,0.554391729930342
"sinusoidal",200,"montoril",105,10.065,292.775374833155,1019.111200545,322.43047400241,2024.93246719761,261.765481637753,101.494716524315,2185.72857326388,540.737686285561,29.0884624772136,101.25297571237,32.0348210633294,201.185540705178,26.0074994175612,217.161308819064,0.00351529461588523,0.00312485766687555,3.09091016232497e-06,0.00103955429095569,0.00694895928130801,3.31751369067999e-05,2.90247926523105e-05,3.01795907470234e-10,9.56079813532355e-06,6.65202706435831e-05,-405.40116929382,0.0763629701239195,0.0599741637076498,1,0.525658798323066
"sinusoidal",200,"montoril",106,10.236,322.597110204686,1426.4929226822,393.339239490558,1187.77083305371,312.574241647979,50.5273863098122,2521.52929502988,618.766901247444,31.5159349555184,139.360387131907,38.4270456712151,116.038572982973,30.5367567065239,246.339321515229,0.00413131930399896,0.00352765989437128,5.37616055959944e-06,0.00108034539198519,0.00869064205643528,3.55621229658965e-05,3.09519319587062e-05,3.60261242704056e-10,9.9941495596996e-06,7.23664812496662e-05,-394.669966584374,0.10343013748689,0.0822310585135791,1,0.564836132830445
"sinusoidal",200,"montoril",107,10.061,353.664876764715,1292.88275531168,364.815057317021,1657.11816149668,274.504314675421,97.7409154523429,2130.6578189632,331.817185676858,35.1520601098017,128.504398699104,36.2603177931638,164.707102822452,27.2839990731956,211.773960735832,0.00438435920501559,0.00376393494636985,6.66117773384419e-06,0.00101508967561578,0.00923872511804789,3.81884047767392e-05,3.27432257556975e-05,4.75261283794527e-10,1.02120988472499e-05,8.02447745053938e-05,-389.404411447162,0.0963871060043401,0.0797198467023671,1,0.573353693736813
"sinusoidal",200,"montoril",108,10.07,248.713969416699,951.625245401254,430.537855213794,1436.94773635035,269.17946671622,60.8312429741086,1731.0202686334,269.504144385271,24.6985073899404,94.501017418198,42.7545039934254,142.695902318804,26.7308308556326,171.898735713347,0.0035171016619516,0.00309057129073415,3.04005341863082e-06,0.00104291381814107,0.00703908934880125,3.8493648024261e-05,3.34513687993111e-05,4.37770890184794e-10,1.09650745592498e-05,7.94643431520336e-05,-390.392633246582,0.133109564513884,0.0996735972849064,1,0.545339015570673
"sinusoidal",200,"montoril",109,10.341,150.549510392138,702.450922477133,315.296950658746,1425.64052567862,277.274681896861,115.795954152039,2045.55747093373,337.959667261005,14.5585059851211,67.9287228002256,30.4899865253598,137.862926765169,26.8131401118713,197.810412042716,0.00372921032585191,0.00323959931844021,4.06146158672144e-06,0.00103215613959483,0.00764576635238991,3.67595177137414e-05,3.15131935069459e-05,4.31344168812698e-10,1.02769668217154e-05,7.64329780017936e-05,-387.610827516256,0.107657644050329,0.0778705062397815,1,0.556384492468932
"sinusoidal",200,"montoril",10,10.153,288.840258525575,1131.43128807017,327.988882302626,1652.99694993488,312.465463968077,105.952773302594,2511.58241397135,533.886994337328,28.4487598272013,111.438125487065,32.3046274305748,162.808721553716,30.7756785155202,247.373427949507,0.00434749573374526,0.00372099850057268,6.36586376162176e-06,0.00109303089515324,0.00914281253049887,3.74831687699018e-05,3.25296172947391e-05,4.09628974149877e-10,1.03626010202799e-05,7.67970121561086e-05,-398.189956342161,0.0986730591950404,0.0822021321821782,1,0.566287775336055
"sinusoidal",200,"montoril",110,10.187,312.953252811064,1072.07124356443,437.794179343263,1978.26951284904,251.199318737231,104.757299970476,1748.7704746626,479.806198570641,30.7208454708024,105.239152210114,42.9757710163211,194.195495518705,24.6588120876834,171.666876868813,0.00369769014423178,0.00327335094545482,3.63324745106545e-06,0.000994321513639282,0.00742729351075361,3.8620658691267e-05,3.31725956881423e-05,4.74394027415978e-10,1.0466639522727e-05,7.91892188652588e-05,-395.620530189197,0.104128966288359,0.0860573182994366,1,0.553238907128514
"sinusoidal",200,"montoril",111,10.2,227.918038066172,956.811829239094,340.657533864259,1325.97502952542,294.31473762891,21.2803286603259,2564.52678499377,553.111649005799,22.3449056927619,93.8050812979504,33.3977974376725,129.997551914257,28.85438604205,251.424194607232,0.00402518443055365,0.00348756457181166,5.09427646177641e-06,0.0010965865055204,0.00820746306331513,3.54932777432983e-05,3.05291468524675e-05,4.03375085119102e-10,9.59709743146669e-06,7.31396444209614e-05,-392.702546562392,0.132410426328631,0.107169854161952,0.945,0.53922388369257
"sinusoidal",200,"montoril",112,10.243,264.825993099614,1002.2540669119,280.3428172898,839.73100561265,374.513883535826,152.443858630527,2777.76315123923,726.011980314257,25.8543388752918,97.8477074013377,27.3692099277361,81.9809631565606,36.5629096491093,271.186483573097,0.00551739260481727,0.00464059727495407,1.21532722189627e-05,0.00109806999222214,0.0121668105547129,4.85089534738048e-05,4.04799232882454e-05,1.00943634559079e-09,1.08756269418939e-05,0.000105055533899361,-385.133724043364,0.137045383551882,0.110400525409534,1,0.601516021580907
"sinusoidal",200,"montoril",113,10.23,290.872073010127,1312.87905813542,267.981678019334,1263.25443374345,263.911069371411,85.346715547623,2167.62013838324,561.271172892815,28.4332427184875,128.33617381578,26.1956674505703,123.485281890855,25.7977584918291,211.888576577052,0.00407103554617436,0.00354359072344204,4.81342180833537e-06,0.00110252124583935,0.00851277639814488,3.71770869663818e-05,3.14525067340307e-05,4.97596112994941e-10,1.00698260877497e-05,7.9093095198955e-05,-383.146030640458,0.0998333027226574,0.0878685417483608,1,0.566990850556607
"sinusoidal",200,"montoril",114,10.25,327.639599623729,1177.88503526905,315.5518733801,1352.04236996596,276.088513216715,99.0438811685055,2137.94908662236,652.616852642898,31.9648389876809,114.91561319698,30.7855486224488,131.906572679605,26.9354647040697,208.580398694864,0.00417972263802826,0.00363604013112774,5.10231016845497e-06,0.00104089650423079,0.00856031983960196,4.12433733717344e-05,3.5135168761353e-05,5.79439361889825e-10,1.09198847708062e-05,8.76538296920709e-05,-382.034265175919,0.114302139382751,0.0952593055549593,1,0.564838797572089
"sinusoidal",200,"montoril",115,10.045,236.773563364552,727.89785768089,291.655420280739,1414.12942621379,300.906938007522,113.691026884836,2145.87542532716,569.545493927045,23.5712855514736,72.4636991220399,29.0348850453698,140.779435163145,29.9558922854676,213.626224522365,0.00445198947056449,0.00384979332352734,5.83692367117073e-06,0.00108201454875326,0.00940002379656082,4.26617720869816e-05,3.66722573582941e-05,5.67602364897731e-10,1.15612080715878e-05,8.99377269468371e-05,-387.761522935027,0.141071080957352,0.107330139035006,0.93,0.587478568341618
"sinusoidal",200,"montoril",116,9.966,249.593527270107,995.88012001745,402.157926132773,2253.92212174304,291.791174853466,90.125083939023,2110.14660193841,348.350232298731,25.0445040407493,99.9277664075306,40.3529927887591,226.161160118707,29.2786649461636,211.734557689987,0.00396228165649531,0.00348818709422742,4.15287731900122e-06,0.00109959102664566,0.00807127211194443,3.60550981997323e-05,3.13359845294506e-05,3.55703735574613e-10,1.08457830131565e-05,7.37237143318862e-05,-384.673713310087,0.0895223727141396,0.071723798804004,1,0.552057715443295
"sinusoidal",200,"montoril",117,10.175,264.806512325945,964.127083886067,306.63032880406,1214.73171529248,316.067656120095,50.071131734315,2369.52361003418,478.812742894859,26.025210056604,94.7545045588272,30.1356588505219,119.383952362897,31.0631603066432,232.877013271173,0.00418059703485216,0.00361847892804432,5.31345236020207e-06,0.00114033856102919,0.0087232921987958,4.49504483156031e-05,3.84503364493702e-05,6.98436588981342e-10,1.19157809143544e-05,9.42772279784668e-05,-389.287087201334,0.171813161585947,0.137862600014734,0.935,0.569644392848661
"sinusoidal",200,"montoril",118,10.019,244.455997660134,986.036385738938,348.350135065026,1334.14492928606,288.403160342635,106.591013160241,2323.90808278772,741.735076829164,24.3992412077187,98.4166469446989,34.7689524967588,133.161486105007,28.7856233498987,231.950103082914,0.00403679075921017,0.00348740359254959,5.00736392377034e-06,0.00103298329818569,0.00827048765383232,3.88905692130791e-05,3.3392608081298e-05,4.98124445114498e-10,1.03499956297587e-05,8.06127792111791e-05,-392.468610534717,0.0951803087421495,0.0735017256353485,1,0.554881688619292
"sinusoidal",200,"montoril",119,10.467,229.199353085343,976.887047709419,426.949630867415,1823.32327980997,242.949129765292,63.2063591328103,1778.96197131073,238.113065737189,21.8973299976444,93.3301851255774,40.7900669597225,174.1973134432,23.2109610934644,169.959106841572,0.00380433375660314,0.00336251294231696,3.66279921755451e-06,0.00107000129747552,0.00756475661443369,3.75849322577529e-05,3.26310728222314e-05,4.30525839604538e-10,1.02332607452664e-05,7.59477823659176e-05,-394.811325238412,0.080810317121071,0.06148710395313,1,0.554133476461334
"sinusoidal",200,"montoril",11,10.342,187.648660015177,921.236635109443,456.674378476182,1644.09860352128,285.468653616206,89.1910166416257,1841.52911553862,587.852055297721,18.1443299183114,89.0772225013966,44.1572595703134,158.972984289429,27.6028479613427,178.063151763548,0.00414078379003247,0.00357763032996819,5.34047199490807e-06,0.00105198104975846,0.00865667290603481,3.99877665001145e-05,3.41921608450031e-05,5.33099915628533e-10,1.05025176300259e-05,8.34471950072085e-05,-372.48941594705,0.16307228607349,0.129374255918635,0.94,0.573853228233883
"sinusoidal",200,"montoril",120,10.127,341.330077364542,1657.14047291226,307.012006584737,1625.55666807993,286.819680733943,107.027812924494,2224.41816232008,614.354395309355,33.7049548103626,163.635871720377,30.3161851076071,160.517099642533,28.3222751786257,219.652232874502,0.00410307042410995,0.00347754400998127,6.25600353107613e-06,0.000941081055936704,0.00862103501898183,3.63602177700832e-05,3.13859800448617e-05,4.03176918345702e-10,1.06077838289474e-05,7.51872520834675e-05,-392.504337709989,0.126672274088286,0.0951751728349658,1,0.564996788895609
"sinusoidal",200,"montoril",121,10.296,216.506782684746,961.006040425078,548.866474280439,1498.18224568695,266.541051388269,99.2188197380203,2114.46043494478,448.183391888147,21.0282422964982,93.3378050140908,53.3087096231972,145.511096123441,25.8878255039112,205.367175111187,0.0039094051706371,0.00350627670295595,3.61322027794571e-06,0.00115529932026993,0.00759298436938988,3.82769481707692e-05,3.29348530319112e-05,4.7439686750423e-10,1.05374827242435e-05,7.88794134722422e-05,-386.038584711331,0.083567085600927,0.0612084770268727,1,0.559785025245082
"sinusoidal",200,"montoril",122,10.253,237.744595769353,1203.58583432883,441.598607922872,1788.94167698843,256.692634741152,105.692924893821,1920.39481221863,415.790305914231,23.1878080336831,117.388650573376,43.0701851090287,174.479828049198,25.0358563094852,187.300771697906,0.00359347987195153,0.00312505818868798,3.55055497148327e-06,0.00101695610280943,0.00739972189000957,3.46917425157621e-05,2.99494628323008e-05,3.70225123875787e-10,1.01396223593017e-05,7.07540934528046e-05,-383.587246129784,0.0612506676262841,0.0522035261377489,1,0.541265775901976
"sinusoidal",200,"montoril",123,10.588,248.468495676802,915.17275200649,494.82077853425,1982.59943715537,274.475487341163,83.2878963847711,2110.77539133234,572.55032293286,23.4669905248207,86.4349029095664,46.7341120640584,187.24966350164,25.9232609880206,199.355439302261,0.00367438911299276,0.00325401300422688,3.47050746541895e-06,0.00107452881378045,0.00730231404499513,3.49720083780948e-05,3.05031325931446e-05,3.44976438663433e-10,9.87405126549615e-06,7.02445719547891e-05,-386.07362645933,0.111679771949305,0.0831618967185371,0.97,0.542788901638889
"sinusoidal",200,"montoril",124,10.917,400.473723729221,1924.54546406255,280.889006799825,1898.22926811144,390.903184391145,174.525073890891,3559.4897992982,925.843768157218,36.6834958073849,176.288858116933,25.7295050654782,173.878287818214,35.8068319493583,326.050178556215,0.00600056189275942,0.00513454943516577,1.20600069330338e-05,0.00132717980084322,0.0130287855043004,3.95856986400398e-05,3.34352337160388e-05,5.76032854876055e-10,1.04259963709233e-05,8.46657788208589e-05,-401.124865009068,0.10581791156658,0.0878662540233322,1,0.604219732196226
"sinusoidal",200,"montoril",125,10.781,299.623967678774,1073.27849423664,330.997031658228,1378.36721689759,290.900917207071,83.6566924615995,2240.9307594595,599.566412508244,27.7918530450584,99.5527775008479,30.7018858786966,127.851518124254,26.9827397465051,207.859267179251,0.00411419493009972,0.00346268001161746,6.29549062054703e-06,0.00105034331478674,0.00888267108127683,3.62961668173455e-05,3.15415270100652e-05,3.81598527192183e-10,1.0193772249248e-05,7.46015240536689e-05,-401.527411891411,0.0948110375151962,0.0784124928936092,1,0.559556376524579
"sinusoidal",200,"montoril",126,10.062,189.236386261553,835.1113362743,239.442016061699,1177.11665179489,324.842735178326,127.384134267538,2436.41669363535,528.076362852878,18.8070350090988,82.9965549865137,23.7966622999104,116.986349810663,32.2841120232882,242.140398890414,0.00446951365182481,0.00373359033695825,8.21546257254428e-06,0.000985121952982161,0.00992769673094921,3.91376476371945e-05,3.387387699238e-05,4.81918913697013e-10,1.04901032169295e-05,7.97520726831983e-05,-388.361448299966,0.104759949505018,0.0772013259820836,1,0.561217584859997
"sinusoidal",200,"montoril",127,10.168,270.851313986871,1011.64361291565,275.9479562762,1619.84495874419,335.600197166342,98.7121375195725,2617.67503939147,624.410271964046,26.6376193928866,99.4928808925694,27.1388627336939,159.308119467367,33.0055268652972,257.442470435825,0.00455606352396922,0.00395436341936152,6.34558567131476e-06,0.0010844817684177,0.00948130111710069,3.93730434905975e-05,3.35670461229984e-05,5.16896224833599e-10,9.93679406002752e-06,8.22361753368824e-05,-409.76241315576,0.117979891585594,0.0982478650257498,0.97,0.57143942081833
"sinusoidal",200,"montoril",128,10.297,174.966328579302,952.262790517364,405.217657187205,1718.5701799832,299.030128542087,141.543973599613,2125.07118545599,562.521395433516,16.9919713100225,92.4796339241881,39.3529821488982,166.900085460154,29.0405097156538,206.377700830921,0.00410115965640746,0.00358617838338412,4.77788335833433e-06,0.00111422367033452,0.00844108579810186,3.69526346254545e-05,3.20155905785213e-05,4.00971097386909e-10,1.01587745688786e-05,7.57175769225851e-05,-392.038313025251,0.0611784577520072,0.0491449150408284,1,0.554986129336057
"sinusoidal",200,"montoril",129,10.696,163.559870350592,677.437793520544,483.662454471095,1007.95797133869,227.888523004275,99.5961745693054,1448.27491983391,473.110978346297,15.2916857096664,63.3356201870366,45.2190028488309,94.2369083151356,21.3059576481184,135.403414344981,0.0032591515182089,0.00293651477741761,2.32743236763106e-06,0.000975145764154709,0.00623459357223607,3.80133368760668e-05,3.28309970571608e-05,4.41983323283874e-10,1.08097856109843e-05,7.84902713381526e-05,-371.737443041863,0.0869360272480128,0.0725205641866471,1,0.536267185745269
"sinusoidal",200,"montoril",12,10.285,331.916554866054,1381.63632962776,335.527516754951,1184.48865481151,286.096230247597,80.8841042598951,1971.16626627389,379.170517892959,32.2719061610164,134.33508309458,32.6229962814731,115.166616899515,27.8168429992802,191.654474115109,0.00399577638544832,0.00348419111791123,4.58474581243983e-06,0.00107006258631282,0.00817205536157633,3.87004739617958e-05,3.28057498153288e-05,5.20800678705448e-10,9.9166220087704e-06,8.2810453502465e-05,-376.942844101067,0.0969190732025878,0.0785653725995874,1,0.564595442303857
"sinusoidal",200,"montoril",130,10.053,260.657401593246,888.283533624024,441.201976259973,1519.30771968471,254.881340237488,87.0598401910782,1873.2332196506,364.844503673338,25.9283200629908,88.3600451232492,43.8875933810776,151.129784112674,25.3537591005161,186.335742529653,0.00373708308774877,0.00329798362211603,3.71322731135158e-06,0.00101528158965772,0.00752337540363492,3.55314994232616e-05,3.01541606313796e-05,4.19404931087727e-10,1.00028280203013e-05,7.49651835681966e-05,-384.991459423759,0.128679695762725,0.0929153254522682,1,0.565363130535466
"sinusoidal",200,"montoril",131,10.018,263.168560375656,812.540495300018,287.949436121022,1402.61045011168,296.15982210611,130.602358830918,2116.84321973244,502.071542356357,26.2695708101075,81.1080550309461,28.7432058415874,140.009028759401,29.5627692260042,211.30397481857,0.00427789908710714,0.00363077873590559,6.1118005067575e-06,0.00102642172549664,0.00919954995059825,3.76328232209731e-05,3.26087781034057e-05,4.40207827319869e-10,1.0265293685839e-05,7.72116186426371e-05,-391.751192717288,0.112334573239141,0.0903937043984092,1,0.565888826647367
"sinusoidal",200,"montoril",132,10.095,253.180298132171,884.258806516575,454.327069731237,1080.43373705674,273.693091895561,100.546247447723,1911.69703728494,476.174853218991,25.0797719794127,87.5937401205127,45.005157972386,107.026620807998,27.1117475874751,189.370682247147,0.00371400877270168,0.0032475283018339,3.86175661787326e-06,0.00107157316443415,0.00757941629589285,3.80596458545732e-05,3.2620151906735e-05,4.839989173616e-10,9.80488486057052e-06,7.94891533585642e-05,-381.626606443468,0.132641388718215,0.0928397815088453,0.93,0.550362680641514
"sinusoidal",200,"montoril",133,10.276,283.711039407755,1108.55061695748,430.008621873002,1868.51743322954,271.274559536702,86.2746797237894,1970.17911361373,527.015846175187,27.6090929746745,107.877638863126,41.8459149350916,181.833148426386,26.3988477556152,191.726266408498,0.00386267537458338,0.0033094840638262,4.87457223612781e-06,0.000982451352327562,0.00805736300954553,3.99035117617597e-05,3.46585176070954e-05,4.67618394410196e-10,1.15529392077939e-05,8.06961399254034e-05,-410.41380234328,0.124626854009182,0.0865985356479555,0.95,0.55151922229325
"sinusoidal",200,"montoril",134,10.046,303.077119016604,1081.81503457487,322.804961497149,1764.64621583198,276.155528430308,73.5690222621855,2214.16484888191,675.980340012461,30.1689348015732,107.686147180457,32.1326857950576,175.656601217597,27.4891029693717,220.402632777415,0.00435678035822695,0.00373267796008539,6.3837999434093e-06,0.00104466074399816,0.00925392565061369,3.58148910369892e-05,3.08442070252909e-05,4.51744754014353e-10,1.00650376260593e-05,7.32881118477149e-05,-396.158201630686,0.0666448609605236,0.0566917467531614,1,0.562579833863435
"sinusoidal",200,"montoril",135,10.506,229.698085172335,1496.49616593555,415.71289532767,1748.70559811928,255.821738813275,62.6487118554461,1902.28706629415,322.959700923388,21.863514674694,142.44204891829,39.569093406403,166.448276995934,24.350060804614,181.066730087012,0.00381965027782598,0.00331387327589916,4.19670427554854e-06,0.00104184358035646,0.00793598167174282,3.5985352062522e-05,3.15580099139869e-05,3.65344501831321e-10,1.05906183074602e-05,7.24877056649943e-05,-390.020324096886,0.0982853765550758,0.0792595578345863,1,0.561810563524317
"sinusoidal",200,"montoril",136,10.043,318.601368545662,1353.30681140348,189.648140228885,755.180675785525,312.698477425407,27.5004561183576,2499.10343155229,403.886567119086,31.7237248377638,134.751250762071,18.8836144806218,75.1947302385268,31.1359631012055,248.840329737359,0.00468000720127002,0.00395910932340273,7.1910105999933e-06,0.00116599397062354,0.0101521180091144,4.2071918406921e-05,3.55062007613385e-05,6.83113122636432e-10,1.05496742871025e-05,8.98879758416874e-05,-399.814796872287,0.0907822857088795,0.0721531861632562,1,0.584328564282546
"sinusoidal",200,"montoril",137,10.821,220.953820824239,820.888761097716,552.93454961999,1780.20556228383,277.43299891916,69.5321408661366,2073.82353191462,334.345976345131,20.418983534261,75.8607116807796,51.0982857055715,164.513960103856,25.6383882191257,191.64804841647,0.00335054978670531,0.00298361598729431,2.62176754616458e-06,0.0010384592717683,0.00663782323419739,3.52418380461959e-05,3.06025463816521e-05,3.77759352857282e-10,1.01898260981273e-05,7.1336211040831e-05,-395.704020568738,0.134867789864744,0.107908458138859,0.92,0.524834036262478
"sinusoidal",200,"montoril",138,10.06,265.406570425406,960.379362974777,403.278998703838,1682.35702215058,298.445524533244,123.255242558177,2230.48620322271,622.240694113839,26.3823628653485,95.4651454249282,40.0873756166837,167.232308364869,29.6665531345173,221.718310459514,0.00389080376443631,0.00341038249220056,4.39390712866966e-06,0.00105356230409066,0.00797783596366488,3.91646583930399e-05,3.40689519128154e-05,4.36113438537332e-10,1.08724953530519e-05,8.01828665109439e-05,-393.532781845028,0.11759711315814,0.0945844816106231,1,0.542752181016525
"sinusoidal",200,"montoril",139,10.266,278.747626388746,1061.12111155607,389.31921574004,1468.76330907065,274.407561154254,24.8537540645897,2047.72811606933,386.956574525318,27.1525059798116,103.36266428561,37.9231653750283,143.070651575165,26.7297449010573,199.466989681408,0.0037095854841359,0.00327777575127363,3.54934639777012e-06,0.00111099168274495,0.00738843750886737,3.89276712044356e-05,3.36869113585774e-05,4.33809100771294e-10,1.12916214462609e-05,7.9990820386519e-05,-397.664423068602,0.113052145379157,0.0876728472485736,1,0.546946664292711
"sinusoidal",200,"montoril",13,10.065,208.990991700639,777.252323057,549.208436694319,1812.38902629288,249.513598240847,93.5888934661416,1788.80436754704,468.069350066036,20.7641323100486,77.2232809793343,54.5661636059929,180.068457654533,24.7902233721656,177.725222806462,0.00351876266794862,0.00316587671818185,2.89296416529343e-06,0.00104210577930911,0.00679234399360671,3.60286843735453e-05,3.12827282952156e-05,3.83153909673141e-10,9.85250712727238e-06,7.36370122996643e-05,-372.527685541394,0.0691746003393549,0.0593495570021191,1,0.551265624774662
"sinusoidal",200,"montoril",140,10.646,223.33913678201,1206.39491032293,512.538853422547,1067.57452852898,269.553235652815,63.5421156404152,2010.44891410959,696.328222987356,20.978690285742,113.31907855748,48.1437961133334,100.279403393667,25.3196727083238,188.845473803267,0.00384334900537094,0.00341000753395645,3.77334358541848e-06,0.00106283027380603,0.00773177325139403,3.83271427503491e-05,3.29796227647397e-05,4.73896812405429e-10,1.02025601327368e-05,7.88358733035422e-05,-382.024742493331,0.140985258803074,0.121041799910061,1,0.553293826052385
"sinusoidal",200,"montoril",141,10.469,166.607345570955,617.242391054098,431.946530394285,1701.92367647819,245.275482242518,90.1838271084409,1794.04848371059,432.82893247049,15.9143514730112,58.9590592276337,41.2595787939903,162.56793165328,23.4287403039945,171.367703095863,0.00351204194942556,0.0031048458199665,3.18574251157602e-06,0.000987856870894948,0.00702464978910457,3.53839681513775e-05,3.05826848079018e-05,3.79702607788986e-10,1.03741608332723e-05,7.22305577174811e-05,-393.504920996857,0.0845764217917269,0.0617879753375795,1,0.542790362654283
"sinusoidal",200,"montoril",142,10.129,216.190571018836,937.860982236275,451.207308884637,1212.3709883642,265.432683094461,56.8888369963832,1968.03017623873,240.219112973493,21.3437230742261,92.5916657356378,44.5460863742361,119.693058383276,26.205220959074,194.296591592332,0.00381460847684147,0.00335362141287922,3.86018953997857e-06,0.00107011032553791,0.00772432995938789,3.75402616651215e-05,3.25077705729835e-05,4.20387566628329e-10,1.05254973486478e-05,7.75549264672159e-05,-382.7221999439,0.113759399191666,0.0913769816392144,1,0.571591673341444
"sinusoidal",200,"montoril",143,10.175,313.598233665304,1218.44158761052,312.160613577694,1099.13054429906,260.054484881181,78.2045662995076,1847.63931981281,313.314671063637,30.8204652250913,119.748558978921,30.6791757815915,108.02265791637,25.5581803323028,181.586173937376,0.00382541247948646,0.00330697840728356,4.31680324192939e-06,0.000977043961566156,0.00801835496247359,3.48267376975936e-05,3.00636025897055e-05,3.89212018543641e-10,9.44544955960556e-06,7.07729024843017e-05,-395.632098851076,0.113383970146526,0.0967376143640526,1,0.55357780180054
"sinusoidal",200,"montoril",144,10.125,217.027698064427,805.775756779261,397.558331166936,1567.10873938992,294.810492846076,114.060611507843,2170.10620641293,549.978759525428,21.4348343767335,79.5827907930134,39.2650203621665,154.776171791598,29.1170857131926,214.331477176586,0.00392072883651445,0.00339475445325193,4.62944849807188e-06,0.00104043634066261,0.00807030744728561,3.67501141165372e-05,3.2113717664833e-05,3.91167197880536e-10,1.05189344251072e-05,7.50613220287996e-05,-401.311811680308,0.0689504038732647,0.0583501737478915,1,0.552102012868763
"sinusoidal",200,"montoril",145,10.141,245.650816606257,1168.67574561555,398.314067092943,1899.48744387185,295.176561293597,103.591803454296,2102.93629366611,673.592406242699,24.2235298891881,115.24265315211,39.2775926528886,187.307705736303,29.1072439891132,207.369716365852,0.00383067241995818,0.00338427846184537,3.77035239947057e-06,0.00108059011351726,0.00765048717512244,3.60478719560408e-05,3.14443039412453e-05,3.7021098575577e-10,1.02862175409107e-05,7.24976474255723e-05,-401.14194664981,0.103442770703071,0.0755149945793767,1,0.542072803161194
"sinusoidal",200,"montoril",146,10.351,330.785993161167,1125.98614112785,273.651776055991,1491.92680503868,296.724308218705,109.512401427847,2396.62481326262,433.781644602177,31.9569117149229,108.780421324302,26.4372308043659,144.133591444178,28.666245601266,231.535582384564,0.00464322041152506,0.00381815717687524,9.42737149593457e-06,0.000878001212967033,0.0105750532334759,3.55216444432817e-05,3.08234490245298e-05,3.59283300954668e-10,9.70235434798417e-06,7.1971751803499e-05,-398.08138006704,0.0790922045305513,0.0642610073039907,1,0.582555072602988
"sinusoidal",200,"montoril",147,10.22,162.440731938229,855.347587808554,373.045474069145,1699.89485897476,292.558422685313,112.583214678163,2504.51915604313,573.814380227248,15.8943964714509,83.69350174252,36.5015140967853,166.330221034712,28.6260687559014,245.060582783085,0.00411220618863371,0.00351049776782797,5.33963771826637e-06,0.00101113796256384,0.00881320984428405,3.57603702482131e-05,3.09768715882915e-05,3.89102618200166e-10,9.93872545952833e-06,7.31437658554101e-05,-401.210918546606,0.0708657767265584,0.0595271008925196,1,0.552072193586436
"sinusoidal",200,"montoril",148,10.395,277.29769927968,893.448950178362,268.982097573919,1376.11986175723,263.480534615828,85.4742416429668,1941.00547981003,450.173738711197,26.6760653467706,85.9498749570334,25.8761036627146,132.382863083909,25.3468527768954,186.724913882639,0.00389432016337181,0.00336216449930623,4.64207394980466e-06,0.00100978633760588,0.00820024035085197,3.80624469353647e-05,3.27286178423031e-05,4.65158698599353e-10,1.00276273138688e-05,7.95874740556889e-05,-384.190424246185,0.0937231608730883,0.0752251470381303,1,0.563177921246999
"sinusoidal",200,"montoril",149,10.177,253.492994421396,1119.92024401647,315.520100681029,977.099591410863,311.776757706406,63.4216220189282,2277.28478496894,295.28778135855,24.9084204010412,110.044241330104,31.0032524988729,96.0105720163961,30.6354286829524,223.767788638002,0.00427727236495341,0.00373406599516932,5.09270041094114e-06,0.00115191648967848,0.00878935005393615,4.23052284373391e-05,3.55893390067828e-05,6.64273164611969e-10,1.09356812652898e-05,9.14164047698026e-05,-386.902359030166,0.143097528631113,0.0973978082421167,0.955,0.579705074855821
"sinusoidal",200,"montoril",14,10.757,365.48590779343,1573.90216573709,383.115227309958,1081.90134769016,376.151744215221,143.804604045234,2982.77316826004,632.69423951852,33.9765648222953,146.314229407557,35.6154343506515,100.576494161026,34.9680900079224,277.286712676401,0.00545240155971046,0.00467066276665789,1.03905541677831e-05,0.00122827111489811,0.0117328029136006,4.20351446553614e-05,3.54460730133631e-05,6.69574143209901e-10,9.96913321941065e-06,9.04615220152944e-05,-403.873268719301,0.134942936262865,0.110455983017861,0.99,0.59396666582674
"sinusoidal",200,"montoril",150,10.811,370.329731388153,1694.2282709314,300.464709178637,1206.70833149437,351.461328881665,108.902414097598,2792.12062939025,669.573193872324,34.254900692642,156.713372577135,27.7924992302874,111.6185673383,32.509604003484,258.266638552423,0.00554107411343059,0.00483372329766951,9.96648667002791e-06,0.00117172776919539,0.0117234705491213,4.07369033845663e-05,3.39041166696756e-05,6.95430732832997e-10,9.84072863196394e-06,8.79066221686156e-05,-379.888128636437,0.127022474599091,0.0947713051613222,1,0.611200207586568
"sinusoidal",200,"montoril",151,10.095,257.25006369879,1394.05492855666,270.433228677881,1292.487171103,368.037866944153,139.487036241743,3290.91987217759,954.678864168689,25.4829186427726,138.093603621264,26.7888289923607,128.032409222684,36.457441004869,325.995034391044,0.00540286891970569,0.00450954761936074,1.1573942573385e-05,0.00113544848281043,0.0119109841760727,3.84301946235353e-05,3.25325951068932e-05,5.33667144006659e-10,1.02228855272816e-05,8.24134424448067e-05,-401.741601997666,0.0794658725977465,0.0660921562193798,1,0.585944090071922
"sinusoidal",200,"montoril",152,10.035,235.040161460409,1118.52217208859,401.118224399601,1802.56132950287,241.455793887783,90.9473821576722,1710.02108609006,252.331750782232,23.4220390095077,111.462099859352,39.971920717449,179.627436921063,24.0613646126341,170.405688698561,0.00386962521458883,0.0033733197531505,4.33596574131183e-06,0.00102636459164722,0.00783394272276342,3.49328090876225e-05,3.04248338536944e-05,3.51898048767373e-10,9.99116990240437e-06,7.09486720067444e-05,-394.016423581032,0.0966989543835508,0.0821461121188769,1,0.564477170862612
"sinusoidal",200,"montoril",153,10.158,192.526300114996,761.279818764359,460.767301176651,1481.33089437699,239.935625727372,78.8088263909154,1776.06828709549,429.440329440825,18.9531699266584,74.943868750183,45.3600414625567,145.82899137399,23.6203608709757,174.84428894423,0.00373163701185788,0.00323927831796927,4.17494008945217e-06,0.00102080141801546,0.00778650372327819,3.83635093547074e-05,3.27718507442347e-05,4.80604269144321e-10,1.03699775266758e-05,8.10532008007259e-05,-394.394021145598,0.142896317552761,0.110252844227096,0.925,0.561649574670408
"sinusoidal",200,"montoril",154,10.233,235.130545068144,800.455599213982,400.584373336818,1874.00361003031,265.56676745771,121.243579918021,1917.89422573416,533.190076676262,22.9776746866162,78.222964840612,39.1463278937573,183.133353858136,25.9519952562993,187.422478816981,0.00373471994206833,0.00329049192476376,3.64740819012706e-06,0.00108923338368972,0.00765618495918906,3.75309652667888e-05,3.25795248361846e-05,4.096825131006e-10,1.00711318854601e-05,7.65978770779386e-05,-383.344338699203,0.0930717227888214,0.0832470216749068,1,0.553987231133529
"sinusoidal",200,"montoril",155,10.154,268.017031577718,1190.44601359206,298.20571991457,1356.37007873068,264.736307358251,99.0306089411849,2127.92432516755,489.514160074932,26.3952168187628,117.239118927719,29.3683001688566,133.579877755631,26.0721200864931,209.565129522114,0.00407616257450868,0.00355742092048824,4.59913717041023e-06,0.00112118055483605,0.00843329121473532,3.76649310114471e-05,3.20966312492925e-05,5.00034698035907e-10,9.63542318358962e-06,7.82373201992267e-05,-379.734763840503,0.122897927476779,0.10353989221801,1,0.568777692990743
"sinusoidal",200,"montoril",156,10.272,216.162266607906,1130.44086719722,508.332839670175,1660.36685362413,233.21649763568,53.1844983096569,1781.0745288319,260.215946398585,21.0438343660344,110.050707476365,49.487231276302,161.640075313876,22.7040982900779,173.391211918994,0.00339353748907788,0.00299367662747767,3.11441431137378e-06,0.000982801162111697,0.00666146073269257,3.29705437965906e-05,2.86438163853823e-05,3.12146318549659e-10,9.84716315314358e-06,6.76195752015114e-05,-400.593158779999,0.0552321645812267,0.0442755590634423,1,0.535704506844027
"sinusoidal",200,"montoril",157,10.124,199.450518767403,982.840421901654,270.495967924513,1628.85941588593,282.297741294428,91.8140681980659,1987.84893500315,580.291908870578,19.7007624226989,97.0802471258054,26.7182899964948,160.890894496832,27.8840123759806,196.350151620224,0.00399234937633308,0.00346139842518993,4.98117746677151e-06,0.00108461338479759,0.00825289322002702,3.91449686517826e-05,3.38699619004266e-05,4.75332132228984e-10,1.05574620777713e-05,8.06384734665782e-05,-386.178689727507,0.110339907348004,0.0921193248013283,1,0.555450246093907
"sinusoidal",200,"montoril",158,9.998,226.370093143493,935.372238380226,538.136274024942,1757.5613354132,255.996659741157,18.3076374853612,1974.30251646863,412.934137344088,22.6415376218737,93.5559350250276,53.8243922809504,175.79129179968,25.604786931502,197.469745595982,0.00345822126287052,0.00301536540605631,3.32461672410851e-06,0.00099531326090863,0.00702326744332536,3.40759142745809e-05,2.95997929930262e-05,3.28035428179829e-10,9.97111149786864e-06,6.97054321141843e-05,-400.121277956562,0.0917929610586659,0.0732797981574582,1,0.540255108238844
"sinusoidal",200,"montoril",159,10.13,185.573482693527,692.269594356292,482.886754836058,1857.28918658578,280.190498808157,91.9900816653843,2053.35612087665,515.307193145943,18.3191986864291,68.3385581792984,47.6689787597294,183.345428093365,27.6594766839247,202.700505515957,0.00352467933326028,0.00308798267369815,3.39748104477929e-06,0.00099214740172395,0.00706683909526231,3.53080358065917e-05,3.08497232680771e-05,3.46125815361972e-10,1.03001124393382e-05,7.08770123200491e-05,-406.421899336618,0.136206657522949,0.113342250687305,1,0.525431212535891
"sinusoidal",200,"montoril",15,10.34,322.844565139594,1536.83425373018,379.560954856759,1498.89177579755,289.612124680299,46.4608516165982,2387.47933410677,419.622637210767,31.2228786401929,148.630005196343,36.7080227134196,144.960519903051,28.0089095435492,230.897421093499,0.00393910067552735,0.00341899255530674,4.45305992831953e-06,0.00111829079779144,0.00809655585137213,3.65681462073076e-05,3.12825779690672e-05,4.48677983583454e-10,1.0004047206674e-05,7.62013890871064e-05,-373.354970378057,0.0734543852101647,0.0577474218084395,1,0.55516212381818
"sinusoidal",200,"montoril",160,10.232,218.248797137441,938.04610411704,436.180713965754,1735.71379707729,260.030577325168,84.705684649655,2048.99517698683,620.595090685464,21.3300231760595,91.6776880489679,42.6290768144795,169.635828486835,25.4134653367052,200.253633403717,0.00376580349053763,0.00332572077782358,3.80178819023899e-06,0.00108571840775761,0.00743714333741782,3.47291715787982e-05,2.96210016431208e-05,4.16047432445442e-10,9.53264301172689e-06,7.24910582591645e-05,-375.587548153022,0.0798397527564052,0.0569542555311848,1,0.545379427590576
"sinusoidal",200,"montoril",161,10.688,307.150951166243,1199.35026827172,452.582208433953,1229.75761998724,278.303022754942,94.0729125211954,2059.23382859239,584.634036603794,28.7379258201949,112.214658333806,42.3448922561707,115.059657558686,26.0388307218322,192.667835759018,0.00373334958959758,0.00329979743183249,3.70638255049594e-06,0.00105039804059884,0.0075213348828147,3.81771819647779e-05,3.30547068960379e-05,4.7102021040494e-10,1.07841504488686e-05,7.80733643789807e-05,-383.303716368824,0.126331362027175,0.111186329099279,0.97,0.538841489820556
"sinusoidal",200,"montoril",162,10.175,228.920985964982,1093.54274941506,177.015444221757,1429.42882206219,285.833077202866,121.099636711398,2047.17704072131,453.303550656606,22.4983769990154,107.473488886001,17.3970952552095,140.484405116677,28.0917029192006,201.196760758851,0.00416080416658409,0.00363242111200044,5.20235210785933e-06,0.000977414802563202,0.00863039991428021,3.82890713408307e-05,3.29037203005676e-05,4.69513574937413e-10,1.0573628150221e-05,7.97712150235023e-05,-390.87616398138,0.115185988238459,0.0866451006854245,0.955,0.560993155953873
"sinusoidal",200,"montoril",163,10.139,223.722856384313,897.945877320454,439.16560949786,1490.0623023548,234.173264986353,79.0316083361073,1652.96788820635,450.122544965932,22.0655741576401,88.5635543269015,43.314489545109,146.963438441148,23.0962880941269,163.030662610351,0.00343993184723113,0.00302527934529055,3.06707067531458e-06,0.00104993201858655,0.00692549315160041,3.51338394681507e-05,3.03737294370951e-05,3.66668872274924e-10,1.05437232323096e-05,7.19356240114428e-05,-395.569596762131,0.075720412139994,0.0631689961779873,1,0.54768345481013
"sinusoidal",200,"montoril",164,10.155,169.533610202252,717.075605907004,357.688138824461,1549.88040489487,301.502185271442,102.214066033514,2446.40463073206,550.64412512062,16.6945948008126,70.6130581887744,35.2228595592773,152.622393391912,29.6900231680396,240.906413661454,0.00461722871992735,0.00393833939836724,6.80509173171703e-06,0.00118305882158935,0.00995359253027764,3.87800476599863e-05,3.36886587408984e-05,4.55740854693873e-10,1.08294315236573e-05,7.99623839362766e-05,-398.177171563616,0.128740553288293,0.107865247143632,1,0.581205789775902
"sinusoidal",200,"montoril",165,10.645,195.22445580473,633.120037694476,430.666966394044,1483.76229367442,263.468545893497,118.294433251005,1952.01562376801,483.795759656263,18.3395449323373,59.475813780599,40.4572068007557,139.385842524605,24.7504505301547,183.373943050071,0.00406188416158194,0.00356297934901723,4.75505691383645e-06,0.00106756532272841,0.00818187994466532,4.04025063644324e-05,3.48103022600911e-05,5.06812046526266e-10,1.07631286908249e-05,8.39187126187549e-05,-390.175297104566,0.14102684990781,0.123601809132856,1,0.568764096614353
"sinusoidal",200,"montoril",166,10.369,273.856907085157,1254.56778583812,321.358391196253,1249.94639726348,331.646497398402,109.218709014403,2830.54453788575,710.620827470163,26.4111203669744,120.992167599395,30.9922259809291,120.546474806007,31.9844244766517,272.981438700526,0.00450643797839418,0.00379109787611848,7.35175203933893e-06,0.00112993585377036,0.00996581697200786,3.82253743999521e-05,3.27336982239386e-05,5.05741377630319e-10,1.03200589020768e-05,7.93044207323833e-05,-389.554860514594,0.0831595003082086,0.0670259955351941,1,0.55934201514122
"sinusoidal",200,"montoril",167,10.131,257.45086939251,927.989557188921,437.402354782839,1502.43392548374,278.321880882879,75.7687055856022,2019.7918419253,307.426255042352,25.4121872858069,91.5990087048585,43.1746475947921,148.30065398122,27.4723009458967,199.367470331192,0.00392976670193697,0.00346425083432767,3.98585955261748e-06,0.00111321337029374,0.00788958050523979,3.72138750030824e-05,3.20942923828424e-05,4.30441229190732e-10,9.76654701496733e-06,7.81304898646239e-05,-393.492509070792,0.161956278114699,0.129620673577208,0.97,0.563189889342961
"sinusoidal",200,"montoril",168,10.213,179.918528103488,661.353715952769,385.915632603201,1439.80188977,257.613394817385,79.2206535789037,1810.37624912838,350.153004896281,17.616618829285,64.7560673604983,37.7867064137081,140.977370975228,25.2240668576701,177.261945474237,0.00368428758975241,0.00328545450863772,3.18106240096372e-06,0.00113629075243567,0.00732870145752842,3.67925666295466e-05,3.18980490469237e-05,4.02968955879753e-10,1.06156950808598e-05,7.56792746533332e-05,-387.537144543861,0.123129230849915,0.0946584938418887,1,0.561790359052709
"sinusoidal",200,"montoril",169,10.629,209.93039620596,775.22368488912,270.522200871266,1882.53404435919,307.300973553156,130.878165315463,2353.36361473184,572.916173234127,19.7507193720914,72.9347713697544,25.451331345495,177.112996929079,28.9115602176268,221.409691855475,0.00482424212529343,0.00400564681953577,9.13432750631477e-06,0.00105731912224204,0.0106533622755832,3.95308990930584e-05,3.41802638425688e-05,4.80005323155243e-10,1.0603652895923e-05,8.13682791711425e-05,-387.800578830608,0.129809326136049,0.108199393146126,1,0.58724515360796
"sinusoidal",200,"montoril",16,10.207,309.09438288029,1401.20573990545,411.56219645635,2013.04538024838,294.787747661691,85.5261371735909,2282.95648261499,426.427188541941,30.2825887018997,137.278900745121,40.3215632856226,197.222041760398,28.8809393221995,223.66576688694,0.00400326317012695,0.00349172459695398,4.50789064333864e-06,0.00104533951501089,0.0082738340796637,3.6729204940724e-05,3.17357606386884e-05,4.20530489954474e-10,9.92275718572088e-06,7.59092846806631e-05,-395.493509986816,0.111355204299254,0.0817092994522817,0.955,0.542232428239218
"sinusoidal",200,"montoril",170,10.372,253.599968911339,1025.7215187515,484.90369288742,1465.64651129702,262.752918522604,69.2846183703187,1948.58062175477,318.971726863159,24.4504405043712,98.8933203578381,46.7512237646953,141.307993761765,25.3329076863289,187.86932334697,0.00367235723232273,0.00322846754009852,3.70935924131452e-06,0.00104508833883934,0.00747878799380973,3.67175466191139e-05,3.1657563637549e-05,4.06400730274373e-10,9.975805627675e-06,7.56375110204914e-05,-387.780507395104,0.0828899643502547,0.067871849212363,1,0.55124524899457
"sinusoidal",200,"montoril",171,10.38,256.042485052662,1153.96756432928,369.430066759149,1993.97757481758,309.999975315858,88.2527051715235,2567.29430480905,553.195776387182,24.6669060744376,111.172212363129,35.5905651983766,192.098032256029,29.8651228627994,247.330857881411,0.00448066586521772,0.00375601143443364,7.24297592889936e-06,0.00107367103654558,0.00973029583263068,3.67824608424226e-05,3.16913437812972e-05,4.2752423243727e-10,1.01938061346415e-05,7.59436877353413e-05,-404.362221707245,0.0856928032383973,0.0666875339430581,1,0.561974800569264
"sinusoidal",200,"montoril",172,10.402,421.95718523916,1426.07322112667,326.928982947144,1652.32541712045,312.18521086796,90.2002025639342,2609.43193393637,625.535345605939,40.5650053104364,137.096060481318,31.4294350074163,158.846896473799,30.0120371916901,250.858674671829,0.00434449367795125,0.00379113856701138,5.35064978072301e-06,0.00109059932309371,0.00892890481203788,3.68659438311352e-05,3.16290108021455e-05,4.34796607040331e-10,9.45177491787488e-06,7.68387542723627e-05,-401.289498755389,0.0902306124731655,0.0709745389246081,1,0.556761276429244
"sinusoidal",200,"montoril",173,10.134,248.993969396499,1295.48680698283,263.020420085432,1575.30957754085,464.495670638628,204.023329709393,4405.40315403152,989.222106734177,24.5701568380205,127.835682552085,25.954254991655,155.447955155008,45.8353730647945,434.715132625964,0.00703968829464115,0.00592338439858437,1.94938464489315e-05,0.00132298757015822,0.0158611656031183,4.14237652835444e-05,3.5153802789857e-05,6.89549437094175e-10,1.0545625186021e-05,8.86551661539083e-05,-384.246841392787,0.131492702171194,0.109781491730325,0.99,0.633481426123458
"sinusoidal",200,"montoril",174,10.208,329.438284290761,1250.14774038274,414.931073046458,1395.34166945211,280.401046775609,85.5106712742716,1833.87431111981,427.011694343825,32.2725591977626,122.467451056302,40.6476364661499,136.690994264509,27.4687545822501,179.650696622239,0.00360087069060197,0.00317221161111583,3.31409409811724e-06,0.00106549761629052,0.00721760691434354,4.07497388318399e-05,3.51812679463214e-05,5.62232945600527e-10,1.12923767261631e-05,8.39696765681922e-05,-384.01788664635,0.172406061943748,0.120114772155302,0.885,0.561406483927808
"sinusoidal",200,"montoril",175,10.251,232.9175123559,854.144769106661,273.279183170837,1472.52518142701,312.695989274067,103.753976751907,2566.9918551051,578.459449805775,22.7214430158911,83.32306790622,26.658782867119,143.64697897054,30.5039497877346,250.4137991518,0.00431855978866583,0.00371049721279094,6.40600646529064e-06,0.00101201323195955,0.00913675367028627,3.3988897257953e-05,2.94996975370747e-05,3.42710408370298e-10,9.8871180501946e-06,6.84701438925429e-05,-389.105590959391,0.0984287601398965,0.0762616019468069,1,0.557730670349273
"sinusoidal",200,"montoril",176,10.514,148.416274392351,549.555454981571,484.575105003335,1704.54090360555,257.650801527471,92.9612607233845,1952.35689440454,231.554354907239,14.1160618596491,52.2689228629989,46.0885585888658,162.121067491492,24.5054975772752,185.691163629879,0.00351269516821938,0.00312344940402154,2.89435968344018e-06,0.00110929983810793,0.00698413489100476,3.40957954897756e-05,2.97108100794331e-05,3.18615084155532e-10,9.96166405153904e-06,6.88858866094939e-05,-382.667716496309,0.126432903394534,0.0824729842546546,0.97,0.552628938061084
"sinusoidal",200,"montoril",177,10.229,245.41886802969,847.427810587823,342.967274553092,1305.03060513604,302.453050854169,85.9970345649383,2233.13183477885,387.455328014207,23.9924594808574,82.8456164422547,33.5289152950525,127.581445413632,29.5681934552908,218.313797514797,0.00478608568987219,0.00403864266108697,8.60231357618461e-06,0.00115393589016573,0.0101955537145411,4.4962150280867e-05,3.79971574749636e-05,7.80276881220409e-10,1.07455809558948e-05,9.7350927820913e-05,-389.99570928893,0.155174747881288,0.126343694124939,1,0.57809223476972
"sinusoidal",200,"montoril",178,10.036,251.310726269161,872.013671893448,460.418199941527,1588.53522918256,277.109599550966,29.2412517613,2000.31622128814,326.505186604031,25.0409252958511,86.8885683433089,45.8766640037392,158.283701592523,27.6115583450544,199.314091399775,0.0038119665960144,0.00332401616218054,3.94297581554005e-06,0.00105564560524589,0.00787597368554296,3.75756980983989e-05,3.25787330672337e-05,4.26556493586992e-10,1.05054958945377e-05,7.75561312009677e-05,-384.481507011429,0.0989960555852937,0.0803463522237473,1,0.552306885271619
"sinusoidal",200,"montoril",179,10.257,148.035785606159,1008.87859543445,441.638952951824,2117.44039769586,266.507190966248,101.250814769215,2042.4692210605,500.582061385424,14.4326592186954,98.3600073544361,43.0573221167812,206.438568557654,25.982957099176,199.129299118699,0.00369803280616229,0.00324820712325179,3.46286873278738e-06,0.00103927325747174,0.00746963416473661,3.66138569920451e-05,3.18540262908831e-05,3.83102686397437e-10,1.09190023871364e-05,7.53068112312205e-05,-396.289270110547,0.108267323662264,0.0902163485172045,1,0.537804521136706
"sinusoidal",200,"montoril",17,10.201,287.886096370558,1112.39719967434,409.217724929249,1562.90771301617,258.204589458233,88.8929977300259,1780.21536506054,439.836153363363,28.2213602951238,109.047858021207,40.1154519095431,153.211225665736,25.3116938984642,174.513808946235,0.00346925107621124,0.00309963364201923,2.71801160130048e-06,0.00111176716527874,0.00676671882140146,3.87555531141095e-05,3.37993226598832e-05,4.23261238275427e-10,1.06218158114172e-05,7.80327811692113e-05,-370.441376831427,0.121291043994843,0.0930940542241808,1,0.546808709726
"sinusoidal",200,"montoril",180,10.218,340.633377921929,1238.24682449963,360.232239702528,1157.99938175182,255.57580983537,63.3546486086196,1819.56096441906,202.277700753455,33.3365999140663,121.182895331731,35.2546721180787,113.329358167138,25.0123125695214,178.074081465949,0.00379278461740528,0.00333710023611047,3.88363775734285e-06,0.00102574312322353,0.00769373581727891,3.63948072095629e-05,3.12942285612414e-05,4.22424482264022e-10,1.02848758288068e-05,7.60211957220015e-05,-389.03618217054,0.112642765891262,0.0892175650048522,1,0.549462482213681
"sinusoidal",200,"montoril",181,10.239,131.680757914957,723.165614936401,442.142373689267,1564.12135090606,250.248704484969,92.5215660740664,1947.45474000476,508.90296155368,12.8607049433496,70.6285394019339,43.1821831906697,152.761143754865,24.4407368380671,190.199701143155,0.00376010361512251,0.00333782840720774,3.5329175521528e-06,0.00105542503699248,0.00753624094717997,3.86908458928392e-05,3.29499139418627e-05,5.41679273174688e-10,9.68527869225665e-06,8.09231094858452e-05,-371.808979477772,0.108931436413811,0.0966313629174311,1,0.555305923440254
"sinusoidal",200,"montoril",182,10.136,268.340375864388,1262.73632619667,431.847800346878,1438.0949356028,251.492654806125,94.9430177062763,1771.75864829014,385.448862266247,26.4739913046949,124.579353413247,42.6053473112548,141.879926559077,24.8118246651662,174.798603817101,0.00368028895945743,0.00324864719235372,3.32809068883309e-06,0.00106844747804111,0.00733114683921622,3.74791885563611e-05,3.21875168402103e-05,4.46468573790513e-10,1.01445088273e-05,7.81944284493925e-05,-378.678558294083,0.120995428587439,0.0964382282334031,1,0.553809116620485
"sinusoidal",200,"montoril",183,10.07,235.367203049233,957.035732460489,431.886372812971,2081.35425308332,270.129467267336,105.659178667411,2012.38085007968,483.031138850843,23.3731085451076,95.038305110277,42.8884183528273,206.688605072822,26.8251705330026,199.839210534229,0.00356492508270579,0.00315348466078146,3.29096005325689e-06,0.000995911578458282,0.00705173709468046,3.5277234772475e-05,3.09616459600472e-05,3.2733340400424e-10,1.00207537407553e-05,7.10476284052653e-05,-395.181477960315,0.092149593934014,0.0749772517459576,1,0.537092546190265
"sinusoidal",200,"montoril",184,10.658,227.992675370866,1071.88671477994,365.362075994213,1319.57726303905,260.618329955231,66.0714124740677,1925.6481769686,411.914415844868,21.3916940674485,100.571093524108,34.2805475693576,123.810964818826,24.4528363628477,180.676316097635,0.00364828779781492,0.00317354483493681,3.93584167561892e-06,0.00101133353174661,0.00744721837248931,3.60234608343854e-05,3.12479446669812e-05,3.88344784941557e-10,9.55242638646254e-06,7.32629242565809e-05,-394.267015331833,0.0955911879762439,0.066229420494041,1,0.542636063994041
"sinusoidal",200,"montoril",185,10.355,305.801768899282,1061.92031975274,349.946502271208,1526.14875327216,315.059459427028,104.549063172992,2707.47920401451,528.598807216915,29.5317980588394,102.551455311708,33.7949302048487,147.382786409672,30.4258290127501,261.465881604492,0.00470262602312161,0.0039947076816338,7.68630581750186e-06,0.00106569195455707,0.0101423755888313,4.05415957007157e-05,3.45798429452259e-05,5.74347871924941e-10,1.08571542933912e-05,8.47561144099487e-05,-394.06889165482,0.106144114008061,0.0852879903327358,1,0.585121185510026
"sinusoidal",200,"montoril",186,10.073,304.029094018818,1126.10641127229,478.278917458081,1550.71361054649,291.779870469173,119.802626841446,2139.9527240812,389.217170545032,30.1825765927547,111.794540978089,47.4812784133904,153.947543983569,28.9665313679314,212.444428083113,0.00370210040983656,0.00326197403871498,3.64149179152904e-06,0.00101136016974977,0.00747517418782455,3.61913483570742e-05,3.12155136712567e-05,4.09154045029912e-10,1.01983283110371e-05,7.41516010943383e-05,-400.092452307122,0.0930869846895514,0.077621555906987,1,0.542439751710834
"sinusoidal",200,"montoril",187,10.037,221.123382368631,1183.04379497906,357.327264988108,1532.85957624161,276.491186315669,61.274789380673,2141.48716723884,662.064543369116,22.0308241873698,117.868266910338,35.6010027884934,152.72089032994,27.5471940137162,213.35928736065,0.00423761394745703,0.00364240573581876,5.6979521777844e-06,0.00111275176147479,0.00886453674861426,3.87497975047399e-05,3.27643341019836e-05,5.96457497361091e-10,1.01128317741892e-05,8.23407878138461e-05,-379.419824027877,0.105680982619478,0.0934396687504544,1,0.565572705354171
"sinusoidal",200,"montoril",188,10.504,253.74975545751,860.452200017333,424.434273253445,1608.85973388692,307.537689225004,106.463606416351,2073.68739922178,497.424689078738,24.1574405424134,81.9166222407972,40.4069186265656,153.166387460674,29.2781501547033,197.418830847466,0.00387921660736843,0.00336352293588422,4.61558464754219e-06,0.00106450918371405,0.00795200989066559,4.09263674830666e-05,3.56482498386489e-05,5.07496174847084e-10,1.16443522368471e-05,8.34466019006679e-05,-385.993570385347,0.121113277423938,0.0935372872731601,0.98,0.547116425012866
"sinusoidal",200,"montoril",189,10.086,284.191615072351,1069.16760733042,433.903019614814,1073.26666374355,284.418683261026,115.674907051074,2123.98810558471,474.223376716688,28.1768406774094,106.005116729171,43.0203271480085,106.41152724009,28.1993538827113,210.587755858092,0.00383871603535458,0.00343222492241418,3.6781062955301e-06,0.001092733541612,0.0075626261517881,3.95950015636714e-05,3.37350132546869e-05,5.81122475319952e-10,1.07078372321997e-05,8.37348193950577e-05,-377.912533815284,0.106364790716927,0.0775538657297418,1,0.561130505003542
"sinusoidal",200,"montoril",18,10.117,398.9614695912,1469.73126287798,251.715190890795,1479.06870238546,345.485948216726,149.910852496412,2745.7686976763,636.074895247452,39.4347602640309,145.273427189679,24.8804181961841,146.196372678211,34.1490509258403,271.401472538924,0.00512575437307412,0.0043518161545282,1.0029351601358e-05,0.00114623897838011,0.0111530243773958,3.88556094724e-05,3.31913040134504e-05,5.02918639496798e-10,1.04505120203477e-05,8.17667456445124e-05,-398.799529789073,0.137247583334852,0.11071593666038,1,0.586355798097626
"sinusoidal",200,"montoril",190,9.941,190.26604160475,864.8874307623,424.487644841433,1603.42157167804,227.990361019673,106.525944123021,1575.39210734864,512.092751658249,19.1395273719696,87.0020552019214,42.7006986059182,161.293790531942,22.9343487596492,158.4742085654,0.00342084749918129,0.00298334535423251,3.26442701277316e-06,0.000972370659850688,0.00697944647831146,3.67187688877964e-05,3.17564998154557e-05,4.15161978508665e-10,1.07239177159307e-05,7.61612142754216e-05,-374.799158417763,0.083326771439674,0.0703116017310461,1,0.546861396683484
"sinusoidal",200,"montoril",191,10.057,201.806159479686,778.450525669934,496.371048185332,1728.36940615763,270.889962012927,79.0856334047491,1812.98878764066,480.718827560299,20.0662383891504,77.4038506184681,49.3557768902588,171.857353699675,26.9354640561725,180.271332170693,0.00393529622914182,0.00346138504724841,4.2408653805914e-06,0.0010437046934415,0.00784449298808002,4.12002048580726e-05,3.54660045007058e-05,5.31013829559092e-10,1.07891266203878e-05,8.50777371829901e-05,-388.648380962939,0.162929515201884,0.116369175594927,0.925,0.572553829091877
"sinusoidal",200,"montoril",192,10.382,363.344350264119,1485.42806324976,312.828590902082,1381.91645220436,308.206978521031,84.273546985023,2426.59324927394,656.682152528932,34.9975294032093,143.077255177207,30.1318234349915,133.10695937241,29.6866671663486,233.730808059521,0.00456757590435767,0.00396215755056894,6.26712936030683e-06,0.00108854997872425,0.00964144962116755,3.7646548633258e-05,3.22831936882423e-05,4.75596110424974e-10,1.03057348407957e-05,7.85020891925818e-05,-383.34316781662,0.141504650227815,0.112308302902693,0.995,0.570208945376024
"sinusoidal",200,"montoril",193,10.059,272.119625034824,868.744474762325,404.794199109968,1284.31233005837,295.890657661027,126.283087831303,1961.38616619257,474.404505401582,27.0523536171412,86.3648945981036,40.2419921572689,127.677933199957,29.4155142321331,194.988186319969,0.00389114977687312,0.00346045837398833,3.78824342122011e-06,0.00110931980583093,0.00787325692894933,4.01957673329908e-05,3.4580802225888e-05,4.99237272946151e-10,1.10086921049979e-05,8.34946874709614e-05,-380.138564368252,0.149313142759666,0.131286968500084,0.945,0.564501008792241
"sinusoidal",200,"montoril",194,10.437,121.444273622365,830.91505264571,531.39995026385,1675.04780124347,248.259311905962,57.2874328723925,1803.72729849866,382.592626254123,11.6359369188814,79.6124415680474,50.9150091275127,160.491309882483,23.7864627676499,172.820475088498,0.00340709101829581,0.00305622948450894,2.71689018731935e-06,0.00104624136811481,0.00654826235856244,3.46539293317367e-05,3.01112479218778e-05,3.54130571250638e-10,9.89280436809981e-06,7.04271096250244e-05,-395.830648857081,0.0877444181731104,0.0760253673043434,1,0.536726640560781
"sinusoidal",200,"montoril",195,10.11,308.044068642292,1526.70799515676,351.093602020024,1596.65603157788,299.162179605233,38.4933330049005,2550.07265834195,349.750307506627,30.4692451673879,151.009692893843,34.7273592502497,157.928390858346,29.5907200400824,252.232706067453,0.00431211176769436,0.00375558019509166,5.38569249870368e-06,0.00122158378371031,0.00889757421160955,3.88053840813357e-05,3.34241833480025e-05,4.55265364484351e-10,1.05950125095241e-05,8.15049768206496e-05,-381.554818978798,0.111651046942932,0.0830606945565403,1,0.568430399992674
"sinusoidal",200,"montoril",196,10.362,244.301314360176,862.413216193959,537.75321607613,1981.1955530925,256.967877849996,106.044757345539,1819.01792596487,327.603997558619,23.5766564717406,83.2284516689788,51.8966624277292,191.198181151563,24.7990617496619,175.546991504041,0.00345528140495245,0.00310083745257349,2.65756989712038e-06,0.00109419211868214,0.00663373308474403,3.23577968979039e-05,2.84402294969214e-05,2.73751199837367e-10,9.50308662821441e-06,6.50302766505368e-05,-379.293540596044,0.0809170905190475,0.0615313506616411,1,0.53899540865026
"sinusoidal",200,"montoril",197,10.794,131.103305126126,1274.46055428112,355.185183006622,1445.61401490591,336.730295243922,91.3608852713116,2550.02945758582,627.416158654408,12.1459426650107,118.071201990098,32.9057979439153,133.927553724839,31.1960621867632,236.245085935318,0.0040492810447876,0.00353547472538682,4.59731429439914e-06,0.00104849081312374,0.00829579180710982,3.97682519346043e-05,3.40581718943793e-05,5.05128887266463e-10,1.08232764194172e-05,8.3522978370839e-05,-377.995934251819,0.116382673302869,0.0827769540206935,0.96,0.539677628812573
"sinusoidal",200,"montoril",198,10.807,236.510677621942,874.950176365866,355.650790059975,1279.11463033036,290.70798975167,73.5539062935821,2385.38429614776,658.903465822462,21.884952125654,80.9614302179945,32.9092986083072,118.359825143922,26.8999712919099,220.725853256941,0.00405481958544461,0.00355388933057892,4.63625823087874e-06,0.00110599494081697,0.00830346977310107,3.83140032711874e-05,3.28895436931568e-05,4.79608942674707e-10,1.08719466744585e-05,8.02020526711759e-05,-412.479582305925,0.104180108691041,0.0888637919313975,1,0.557930074606336
"sinusoidal",200,"montoril",199,10.452,400.573743530184,1412.39110899654,417.473340664529,2053.76247684548,290.012797868629,110.057328737408,2375.25525681319,477.753810796403,38.3250807051458,135.131181496034,39.941957583671,196.494687796162,27.747110396922,227.253660238537,0.00402791130548017,0.00352077699454642,4.46305488043901e-06,0.00103161957788841,0.00819029625033832,3.52052823373755e-05,3.03910310173644e-05,3.97581186673682e-10,9.80438309310406e-06,7.17194936250914e-05,-397.246809303731,0.10969039520298,0.0856339859561974,1,0.557765718000532
"sinusoidal",200,"montoril",19,10.214,319.849421742477,1607.18848074332,333.840637650403,1435.45671355953,295.336930029763,84.2941182761113,2228.80398320716,474.985058061951,31.3148053399723,157.351525430127,32.6846130458589,140.538154842327,28.9149138466578,218.210689564045,0.00437188172831684,0.00378407670889565,5.67157585602123e-06,0.00102888964101869,0.00922308746762407,3.74120064386597e-05,3.19814293591449e-05,4.87253871531994e-10,9.74708761441074e-06,7.79163203637027e-05,-390.919788497071,0.130535834792301,0.114562945446078,1,0.576649416990814
"sinusoidal",200,"montoril",1,10.052,286.921917940591,1227.32494363455,307.710767440492,1493.87747698262,316.976290816728,128.436583054335,2755.39170917956,734.169645612031,28.5437642201145,122.097586911515,30.611894890618,148.614949958478,31.5336540804545,274.113779265774,0.00487410247294825,0.00417875494489101,7.94008711896751e-06,0.00112832530077747,0.010414763101363,3.8467190200264e-05,3.23483532794251e-05,5.46197927627435e-10,9.79937413762079e-06,8.32363156967398e-05,-373.193802257369,0.132345257882954,0.10517143286734,0.91,0.576201186867741
"sinusoidal",200,"montoril",200,10.14,259.683777782921,1046.40402397304,527.990868082572,2122.72653858376,253.282501688314,80.8794915495174,1889.75370102052,408.248782351968,25.6098400180396,103.195663113712,52.070105333587,209.34186771043,24.9785504623584,186.366242704193,0.00341484698279889,0.00301965748036355,3.1699792265941e-06,0.00110076765529012,0.00664850709950522,3.49367650361917e-05,3.05596335598889e-05,3.20257405455531e-10,1.04014132386242e-05,7.04672384194566e-05,-389.689447342328,0.0604270988337919,0.044720875266647,1,0.530436433924602
"sinusoidal",200,"montoril",20,10.254,268.49792900973,1189.80572589583,458.968761939681,1555.50814801413,264.069873581665,105.377693852299,1872.14800581972,565.424113094321,26.1847014832973,116.033326106479,44.7599728827464,151.697693389325,25.7528645973927,182.577336241439,0.00373040123595599,0.00328584741990999,3.5761792326855e-06,0.0010731653617482,0.00754676733033081,3.59241868944169e-05,3.10913668264371e-05,3.87624089041403e-10,1.04717288429448e-05,7.29337671911114e-05,-395.244243052788,0.0857823776491243,0.0743025242393224,1,0.546844023341451
"sinusoidal",200,"montoril",21,10.383,252.369750833891,904.680590407519,406.402816256793,1380.55379098143,279.439087539166,69.1732185371577,2018.84977468056,254.177790109642,24.3060532441386,87.1309438897735,39.1411746370791,132.962900027105,26.9131356582072,194.438001991771,0.00355110726862925,0.00314069139191358,3.27561512288456e-06,0.000951092137938179,0.00718651632316546,3.61443894908719e-05,3.13094645613105e-05,3.87707609691102e-10,1.01025342267397e-05,7.31792129250345e-05,-396.470764203382,0.0758316069132067,0.0598432704913066,1,0.538897078739379
"sinusoidal",200,"montoril",22,10.769,167.241728191895,632.165491203169,638.909010667198,1878.24261937768,252.184782763624,23.2596528222574,1729.08717539746,396.974999828513,15.5299218304294,58.7023392332778,59.3285366020242,174.411980627512,23.4176602064838,160.561535462667,0.00317520298544722,0.0028665139980507,2.16384218960766e-06,0.000963051598787125,0.00608759769523513,3.34529167938337e-05,2.91225284689817e-05,3.24290363718456e-10,9.5239423560171e-06,6.79015284924074e-05,-395.82087131151,0.104770263479469,0.0790724284507062,1,0.52930640408909
"sinusoidal",200,"montoril",23,10.374,259.626861356864,876.126213801321,230.849298491283,1407.78659426851,308.755360651993,54.658228035637,2465.20282427806,528.443696071347,25.0266880043246,84.4540402738887,22.2526796309314,135.703353987711,29.7624215010597,237.632815141513,0.00448831803589701,0.00385555240610436,6.27307910656337e-06,0.00115077702229556,0.00949431900420312,4.28213391246181e-05,3.62921117247593e-05,6.55349442215447e-10,1.12379835603866e-05,9.10872477667984e-05,-390.816811675551,0.116532197089597,0.0877428017779884,1,0.571351151521593
"sinusoidal",200,"montoril",24,10.068,217.037828702037,815.627835465769,377.382156588528,1574.07720280961,253.816763319674,69.4962936944048,1811.24167772061,453.673900392163,21.5571939513346,81.0119026088368,37.4833290215066,156.344577156298,25.2102466547153,179.900842046147,0.00360554716335105,0.00315166911763062,3.71696362277223e-06,0.0010286985702445,0.00726639760754545,3.49230019707211e-05,3.0502317774524e-05,3.26777870287624e-10,1.05811516251835e-05,7.12119381720752e-05,-389.873557474873,0.114363502093088,0.0964412328770613,1,0.548076847078054
"sinusoidal",200,"montoril",25,10.325,256.86233201208,995.601364388911,230.27860604393,1416.93988445885,292.10871529329,154.22080733538,2172.19501712379,665.697026713417,24.8777077009279,96.4262822652698,22.303012691906,137.233887114658,28.2914009969288,210.382083982933,0.0041063584784773,0.00354524735883324,5.76688224641172e-06,0.0010684143580834,0.00827678882575674,3.97057106402985e-05,3.40649403669393e-05,5.19054001757749e-10,1.05333644599379e-05,8.20145177891907e-05,-404.790671374324,0.147028321702355,0.123406847538096,1,0.551720752670704
"sinusoidal",200,"montoril",26,10.427,438.525189015167,1683.85761562934,347.155745567766,1933.08124647388,316.008590242601,46.5454413973114,2789.90886225653,512.734447399899,42.0566979011381,161.490132888591,33.2939240018957,185.391890905714,30.3067603570155,267.565825477753,0.00493115556957728,0.00412581974527112,9.57641018992162e-06,0.00108366630925358,0.0108667064722871,3.6571245187383e-05,3.13879470612167e-05,4.21938883026607e-10,1.02618750353711e-05,7.55519124264285e-05,-386.928787106404,0.0764321497972466,0.0641134037842956,1,0.577340055736129
"sinusoidal",200,"montoril",27,10.359,174.042639149679,765.19074106137,499.570302710284,1784.13052383878,253.259592406766,72.5497000936454,1965.70285889831,394.627427584921,16.8011042716169,73.8672401835477,48.225726683105,172.229995543854,24.448266474251,189.757974601632,0.00350800119263392,0.00309494884252341,3.09031588322309e-06,0.00102233869551607,0.00698740887516742,3.40679930445388e-05,2.95391733807385e-05,3.50719762187702e-10,1.01516569730148e-05,6.90701074207748e-05,-389.045844389689,0.103517173934004,0.0739252387081022,1,0.541470235358933
"sinusoidal",200,"montoril",28,10.224,234.352216825458,1000.70443456855,320.537668262918,1679.16814370638,267.901652317585,59.2540780888153,2274.48419649697,546.480877698532,22.921773946152,97.8779767770492,31.3514933746985,164.23788573028,26.2032132548499,222.465199187888,0.00425906471281282,0.00367689289050432,5.77930849305719e-06,0.00106454767443279,0.00886862061672086,3.69911860053513e-05,3.22456151619793e-05,3.8267863876902e-10,1.09661200185922e-05,7.46297195091061e-05,-385.253013484224,0.080957922832171,0.0644094021883446,1,0.575868281481144
"sinusoidal",200,"montoril",29,10.621,199.856538944233,888.991832643368,415.130100020608,1145.63463672063,248.157332096415,99.7869709468759,1782.47862908612,484.904401178999,18.8171112837052,83.7013306320843,39.085782884908,107.865044413956,23.3647803499119,167.825876008485,0.00362374393635627,0.00314706416565183,3.70460594240349e-06,0.000943377460267828,0.00747525782307566,3.59829435497167e-05,3.09417708438358e-05,3.9886061556718e-10,1.01489969647171e-05,7.44596040615327e-05,-393.254862218308,0.0743665539729108,0.0628544310409032,1,0.559184638267645
"sinusoidal",200,"montoril",2,10.045,416.438808938267,1404.60874956127,393.42384817483,1543.84410341831,308.011377477778,124.969932058128,2420.85350617008,431.515121717347,41.457322940594,139.831632609385,39.1661372000826,153.692792774346,30.6631535567723,241.000846806379,0.00389943777420763,0.00342163672743215,3.97902550601958e-06,0.00112267645723225,0.00788869971384827,3.52828673201142e-05,3.05667782236916e-05,3.62268982310458e-10,9.73185148420171e-06,7.2721002746894e-05,-399.385247371307,0.130238436570299,0.0969353332352272,0.94,0.542358896680426
"sinusoidal",200,"montoril",30,10.375,271.625292958257,1196.04807210317,502.017981390695,1494.60623106141,258.522134318473,91.2731217798918,2018.00627501129,394.334307926052,26.1807511285067,115.281741889463,48.3872753147657,144.058431909534,24.917796078889,194.506628916751,0.0037670458485595,0.00328690981660988,3.76013719122615e-06,0.00102427123744137,0.007612189956188,3.5868363452968e-05,3.10521181530559e-05,3.89684276923402e-10,1.0061474111292e-05,7.36622956430393e-05,-393.637358785168,0.0834263478137103,0.0632370036149477,1,0.551985761336462
"sinusoidal",200,"montoril",31,10.453,179.905012166939,984.266818639854,360.514822524297,1537.38172156239,290.552274939348,84.8401296867617,2068.3273434354,555.192763019198,17.2108497241882,94.161180392218,34.4891248946998,147.075645418769,27.7960657169567,197.869257001377,0.00417199823213429,0.00362512486124143,5.15177395053072e-06,0.00106579448188547,0.00879623231003111,3.79057396957403e-05,3.21391184424462e-05,4.94659337224842e-10,1.05115493471594e-05,8.0425413593757e-05,-382.054292757685,0.104855121041088,0.0832560482535632,1,0.562502556763213
"sinusoidal",200,"montoril",32,9.989,351.891173389707,1443.19349997683,401.176745111079,1486.50845196509,291.991554650562,75.0641419878652,2415.29107701408,525.351373976027,35.2278679937638,144.478276101395,40.1618525489117,148.81454119182,29.2313099059527,241.795082291929,0.00399307024651676,0.00350927729233912,4.29277156065931e-06,0.00105665295365073,0.00801297439781589,3.49553875389774e-05,3.00437205876185e-05,3.84741241260865e-10,1.0020127685226e-05,7.22499626121367e-05,-395.696091498925,0.116708806442082,0.0849347458894556,1,0.546204573001402
"sinusoidal",200,"montoril",33,10.126,262.910758876916,1327.19803765562,305.377566231807,1434.38374433242,297.725073358895,120.557699743051,2455.75782505623,742.254382928171,25.9639303650914,131.068342648195,30.1577687370933,141.653539831367,29.4020416115836,242.520030126035,0.00436058568637469,0.00380194166617566,5.42846350321867e-06,0.00114591812402539,0.00901415775577853,3.56416880621995e-05,3.03078803803536e-05,4.37844621686804e-10,9.71892340829717e-06,7.48006869316585e-05,-399.654363902798,0.0760197483887359,0.0613187268324473,1,0.560457221800548
"sinusoidal",200,"montoril",34,10.268,334.072517582217,1320.53017371944,408.138322526306,1860.26670035877,252.791003536837,21.1837924630994,1851.85410878812,320.263921519551,32.5353055689733,128.606366743226,39.7485705615802,181.171279738875,24.619303032415,180.351977871846,0.00347904197444328,0.00310187401181209,3.02245979461636e-06,0.000965084359592856,0.00681673705812604,3.50530666326967e-05,3.0276681190703e-05,3.6415138368693e-10,9.8306747267073e-06,7.22689772367788e-05,-384.682868650143,0.0946975914250746,0.0727943681511511,1,0.545854743012902
"sinusoidal",200,"montoril",35,10.375,257.06969024514,970.212310024476,385.706940751372,1415.35664594982,291.637384498696,98.5036268848148,2264.63058936341,614.218406680596,24.7778014694111,93.5144395204315,37.1765726025419,136.419917681911,28.109627421561,218.277647167558,0.00407682407763708,0.00347694449238561,5.59743951975846e-06,0.00104185547855834,0.00851623086152915,3.80515628531239e-05,3.25188170299058e-05,4.91795111694172e-10,1.03846416469409e-05,8.09528365363039e-05,-390.010787802183,0.107935124898115,0.0905252582254195,1,0.548550602927705
"sinusoidal",200,"montoril",36,10.131,165.032029368158,824.834643649372,303.099306587547,1056.69578240865,299.838180533483,136.450029250772,2224.674412362,565.451350164298,16.2898064720322,81.4169029364695,29.918004795928,104.303206239132,29.5961090251193,219.590801733491,0.00447464425216395,0.00382821626181078,6.61992882168026e-06,0.00102746290019224,0.00955831564030257,4.21782621445719e-05,3.56833126276363e-05,6.07903674904415e-10,1.07124048227934e-05,9.10154697549789e-05,-390.389172799015,0.125615134950315,0.106314263671059,1,0.568187610720517
"sinusoidal",200,"montoril",37,10.318,91.6267738634105,1025.75521087975,378.646961564837,1514.19853778133,250.959601488824,16.3133954680986,2054.20198951803,426.427440364111,8.88028434419563,99.4141510835187,36.6977090099668,146.753105037927,24.3225045056042,199.089163550885,0.00403717080430722,0.00357235585366877,4.50146424676246e-06,0.00113828510373626,0.00808830110257443,3.80531609532839e-05,3.28507252277256e-05,4.34280763477398e-10,1.07534482560282e-05,7.95407564019106e-05,-370.086194023894,0.176159794793257,0.143967094353691,0.955,0.582392460427374
"sinusoidal",200,"montoril",38,10.158,260.794998768651,709.757212583981,202.99032865491,1748.20855698077,286.058881067074,79.3762510402968,2217.25721137052,429.257586423366,25.6738529994734,69.8717476455977,19.9832967764235,172.101649633862,28.1609451729744,218.276945399736,0.00412258268789949,0.00354371989725255,5.20956899911578e-06,0.00105647118159018,0.00870487370222141,3.69397571606757e-05,3.15250149031075e-05,4.40212206246513e-10,1.01105339448466e-05,7.77341779138505e-05,-394.524987088567,0.10008254101878,0.0787374926466031,1,0.573355140877778
"sinusoidal",200,"montoril",39,10.156,262.83472766838,1094.91846926293,324.844507034209,1862.64365948669,338.602619240874,124.354299980471,2764.80390552298,554.551775414223,25.8797486873158,107.810010758461,31.985477258193,183.40327486084,33.3401554983137,272.233547215732,0.00501290038159212,0.00418087779853476,1.03766125636514e-05,0.0010606745188152,0.0111373693377024,3.87464882978509e-05,3.29910928079615e-05,5.58180623748852e-10,1.05097195067112e-05,8.05514671197236e-05,-395.454361710353,0.0851591381892608,0.0680401092658452,1,0.582342113922938
"sinusoidal",200,"montoril",3,10.113,306.871435833655,1121.67835834355,314.983371911414,1380.0296541904,315.166778361928,125.388373959654,2176.72558698577,707.117531888933,30.3442535186052,110.914501962182,31.1463830625347,136.460956609354,31.1645187740461,215.240342824659,0.00396183193393101,0.00344430335863094,4.39631068722261e-06,0.00109593752424726,0.0082089868637745,3.99993606018549e-05,3.43967953904584e-05,4.76683131580354e-10,1.12132794682948e-05,8.30445585065584e-05,-387.740697531259,0.153642920232065,0.130337164232556,1,0.548787756577863
"sinusoidal",200,"montoril",40,10.264,205.498213238213,727.06964671914,421.746858482835,1284.09143649187,226.5550741655,28.5975697294816,1721.59721762356,173.938865526517,20.0212600582826,70.836871270376,41.0899121670728,125.106336369044,22.0727858695927,167.731607328874,0.00355491178667161,0.00309102577024946,3.63134481307744e-06,0.00101287465479416,0.00719708646927354,3.5076632136727e-05,3.06613571486025e-05,3.46792025454107e-10,9.4395330555623e-06,7.0593900592637e-05,-386.518426965893,0.178684601132805,0.130496046607785,0.87,0.555079491612839
"sinusoidal",200,"montoril",41,10.339,266.494668918578,1081.30075779276,335.830048339855,1046.30171459259,290.638518835431,110.923775704054,2474.80876624605,623.542643860633,25.7756716238106,104.584655942814,32.4818694593147,101.199508133532,28.110892623603,239.366357118295,0.00393605327019111,0.00348064757089519,4.15344774430708e-06,0.00104780270221178,0.00801320726293223,3.70274516404052e-05,3.16699367362045e-05,4.37363323082012e-10,9.80494045352929e-06,7.73725582104313e-05,-380.890916715616,0.0971070070743195,0.0839437482850694,1,0.550659222124176
"sinusoidal",200,"montoril",42,10.617,327.993417485309,1231.68955605386,388.68925440595,1847.21927250321,300.790328530043,105.999452653268,2134.93996348776,584.506772442969,30.8932294890561,116.01107243608,36.6100833009278,173.986933456081,28.3310095629691,201.086932606928,0.00395412322064143,0.00348450246621526,4.16689316108608e-06,0.00110542056502404,0.00789851004681259,3.73205702245203e-05,3.19016405275875e-05,4.65753019603673e-10,1.02087195035118e-05,7.77606150236604e-05,-378.846061929987,0.108074418681612,0.0895095661500758,1,0.56151881303376
"sinusoidal",200,"montoril",43,10.428,189.536953244446,755.402756797844,435.310106379405,1880.83019006564,296.869251639804,126.969010817447,2305.13681919816,482.936177457926,18.1757722712357,72.4398500956889,41.7443523570584,180.363462798777,28.4684744572117,221.052629382255,0.00398462566372729,0.00348286862145732,4.38931897858276e-06,0.00108409723764748,0.00807363134710262,3.42282316614231e-05,2.97481634422587e-05,3.34865227135255e-10,9.95642696650303e-06,6.93628074586208e-05,-388.684804782838,0.10626497306246,0.0794546349313958,1,0.554555226175494
"sinusoidal",200,"montoril",44,10.15,304.266862649661,1135.32725785184,447.67917151019,1896.63517173468,300.627490853684,81.4466727960143,2261.34807279808,471.580438374788,29.9770308029222,111.854902251413,44.1063223162749,186.860608052678,29.6184720052891,222.792913576165,0.0040752202665369,0.00354591036606013,4.78598024444677e-06,0.00110253486681745,0.00835638306689522,3.60974876274695e-05,3.10170086166726e-05,3.92338247243988e-10,1.03420447793606e-05,7.5459654898881e-05,-391.806706511895,0.0940039289605176,0.0731192924596825,1,0.556257893380601
"sinusoidal",200,"montoril",45,10.196,230.094216150962,1179.31510765901,316.329364872124,1738.18777402235,373.824875295028,90.5027288072263,3137.19947652631,883.705684045603,22.5671063310084,115.664486824147,31.0248494382232,170.477419970807,36.6638755683629,307.689238576531,0.00538990874702004,0.00453702809938611,1.02812508318035e-05,0.00122231012938883,0.0117837452417627,4.21720382802505e-05,3.59692164593758e-05,6.12053616456822e-10,1.05817667773795e-05,8.8720195375743e-05,-392.20238648559,0.130227258501394,0.0962018699366401,1,0.594657223499467
"sinusoidal",200,"montoril",46,10.18,255.225030470258,947.896843155228,409.060084664989,1066.62753377826,310.736738241056,111.117473769752,2397.51622595628,656.779924779705,25.0712210678053,93.11363881682,40.1827195152249,104.776771490989,30.5242375482374,235.512399406314,0.00408874419400841,0.00356044231540554,4.99725240485794e-06,0.00107278604412441,0.00844719363334245,4.00239927170048e-05,3.42111523141785e-05,5.70186795450863e-10,1.11198514889683e-05,8.43026763866314e-05,-395.811028133101,0.0905271142793905,0.0713484965574877,1,0.547986418333209
"sinusoidal",200,"montoril",47,9.986,221.236841942493,904.592162880688,410.948045313242,1944.02945048556,322.252662981096,100.268331269688,2495.63944012864,615.666763170671,22.1547007753347,90.5860367395041,41.1524179164072,194.675490735586,32.270444920999,249.913823365576,0.00435524552571207,0.00376193496148843,5.71290453931421e-06,0.00113121579005541,0.00909548008403606,3.60900283280709e-05,3.13815853342293e-05,3.78869346070427e-10,9.82396082624804e-06,7.37856535260576e-05,-413.136915387631,0.158686883661215,0.128881224372465,0.925,0.552948162657345
"sinusoidal",200,"montoril",48,10.519,204.488262307408,725.032824061671,387.112717551836,1493.03140572677,248.371430339145,130.267530485066,1670.78546954827,477.738978923917,19.4398956466782,68.9260218710591,36.8012850605415,141.936629501547,23.6116960109464,158.835009938993,0.00342911666662386,0.00305413683024085,2.84057358658884e-06,0.00103109111326191,0.00680071413628448,3.45163120841605e-05,2.96640332302495e-05,3.90210543233764e-10,9.34336469662297e-06,7.13870108811513e-05,-389.597705369704,0.0873124480669142,0.0723436577791721,1,0.538047308708122
"sinusoidal",200,"montoril",49,10.044,276.870737202211,1236.36331330042,360.999629849991,1211.60183470318,280.363174987849,84.6534428327307,2123.33869459968,277.891181240865,27.5657842694356,123.094714585864,35.9418189814805,120.629414048504,27.9134981071136,211.403693209845,0.00387369933977698,0.00337271429034621,4.17797306214871e-06,0.00108764193770864,0.00791144623194014,3.80798843341401e-05,3.28507987868912e-05,4.98024582824368e-10,1.04926780125061e-05,7.90736254165892e-05,-387.859116638941,0.163384314551908,0.12605027768496,0.935,0.548840638054033
"sinusoidal",200,"montoril",4,10.37,305.664307257724,1154.09891704062,312.369580511642,1160.90808317241,341.090775364235,149.3084817312,2903.18289273437,487.482407465531,29.4758251936089,111.292084574795,30.1224282074872,111.948706188275,32.8920709126552,279.959777505725,0.00466469610623649,0.00403031424049369,6.41344308283452e-06,0.00120592770715845,0.00975629708209128,4.04143119438003e-05,3.45960450486147e-05,5.45199254964395e-10,1.01633585275511e-05,8.46178018124359e-05,-391.403277109555,0.102716519761656,0.0852242417207295,1,0.567079976880615
"sinusoidal",200,"montoril",50,10.183,313.965032847507,1126.22672131466,441.821670224049,1803.67617440283,282.139670792575,40.9906023269834,2183.85512961239,512.572676984764,30.8322726944424,110.598715635339,43.3881636280123,177.126207836868,27.7069302555804,214.460878877776,0.00372641138450322,0.00326863117733629,3.58940627992495e-06,0.00109077918909895,0.00747743330028836,3.5566051517732e-05,3.07680615669728e-05,4.02143084605235e-10,9.98909673093744e-06,7.28909326512069e-05,-393.936647807349,0.0805907753601473,0.0659023536722269,1,0.541179373095861
"sinusoidal",200,"montoril",51,10.056,291.717747076231,1136.10214760441,386.897170626669,1945.14107646434,315.471384189476,93.3625349166284,2351.58681661285,745.586259122372,29.009322501614,112.977540533453,38.4742611999472,193.43089463647,31.3714582527323,233.84912655259,0.00426823508776355,0.0037580108409393,5.07021384622538e-06,0.00110368697257144,0.00868423785834851,3.6769579203032e-05,3.17022899403136e-05,4.23145510811794e-10,1.07377585204536e-05,7.63508318896216e-05,-392.666472968079,0.117693181549763,0.102202894297481,1,0.574736495308394
"sinusoidal",200,"montoril",52,10.134,172.281388983242,950.603235196231,327.503387536588,1389.40980870719,316.530568273849,80.8266912400134,2367.00024945911,674.099214472847,17.0003344171346,93.8033585155152,32.3172871064326,137.103790083598,31.234514335292,233.57018447396,0.00473285547624637,0.00402857819456495,7.91857987553071e-06,0.00102641011940143,0.010311795719431,4.13918621967517e-05,3.53542760826195e-05,5.83502317370367e-10,1.05151782257167e-05,8.63931027509038e-05,-395.181148775483,0.102003714649475,0.0836687474038736,1,0.576455306828266
"sinusoidal",200,"montoril",53,10.08,228.783578292162,1064.63005478991,357.940920625752,1322.5779748382,304.387284301919,60.6433200615864,2173.37696408777,308.704137752437,22.6967835607303,105.618060991063,35.5100119668405,131.208132424425,30.1971512204285,215.612794056327,0.00398266436369965,0.00346412264399869,4.80061254444197e-06,0.00106444320612342,0.00813258315826014,3.7826683715754e-05,3.2584260616406e-05,4.48598801714761e-10,1.02939898843435e-05,7.83492800534332e-05,-394.098908241692,0.0617829503466731,0.0468287884254207,1,0.556562885676748
"sinusoidal",200,"montoril",54,10.192,218.697284284731,1083.5826533294,460.306310712309,1568.44053013515,302.32264500912,106.946731208126,2332.143859962,426.602807229355,21.4577398238551,106.316979329807,45.1634920243631,153.889376975584,29.6627398949294,228.821022366758,0.00397242447551021,0.00346540392034288,4.44202997585775e-06,0.00106573594980808,0.0082331943974927,3.45063051037808e-05,2.99017214850191e-05,3.63803529650724e-10,9.98135785464893e-06,7.07765116019707e-05,-390.734459872168,0.0724201930813849,0.0625468705756997,1,0.542593436858168
"sinusoidal",200,"montoril",55,10.135,258.065084659706,1121.61125835872,383.868328459405,1822.19314450814,275.563607191414,11.7387179961792,2133.93169784702,323.770140768199,25.4627611899069,110.667119719656,37.8755134148401,179.792120819748,27.1893051002875,210.550734864037,0.00386714902049555,0.00335736435769954,4.25553310904583e-06,0.00106374870210609,0.00801643534365931,3.56549867138641e-05,3.09231623128882e-05,3.84630905339112e-10,9.95231143145107e-06,7.26008471762514e-05,-385.450200311822,0.0777745445189383,0.0653269630554833,1,0.549789583698436
"sinusoidal",200,"montoril",56,9.946,240.607128713842,977.778771137345,468.870773123179,1830.86833451847,289.755931051891,101.129132419303,2211.01636718854,652.514434722935,24.1913461405432,98.3087443331334,47.1416421800904,184.080870150661,29.1329108236367,222.302067885435,0.00391687507260045,0.00343132285336382,4.13714811295153e-06,0.00110603636281481,0.00798993373712359,3.45004451310216e-05,2.99971441021432e-05,3.49859218384674e-10,1.01740274833141e-05,7.07914671816626e-05,-405.31803228836,0.0644139305306341,0.0541149692402793,1,0.545708190315886
"sinusoidal",200,"montoril",57,10.076,160.043993731321,621.689940040846,368.50891385454,1416.64551531151,280.402418202964,101.849977327004,1901.48284098722,440.203083877245,15.8836833794483,61.7000734458958,36.5729370637694,140.596021765731,27.8287433706793,188.714057263519,0.0037903801358032,0.00327031661299643,4.43812011547739e-06,0.00102996521998284,0.00785242492173528,3.81822742001419e-05,3.32608364532943e-05,4.18559992865263e-10,1.02482736071772e-05,7.76441502902907e-05,-390.129111165872,0.107351307086917,0.0771282759139787,0.985,0.556253237672185
"sinusoidal",200,"montoril",58,9.867,186.194280891836,688.474229971854,510.089264249385,1633.6844107346,248.72781014493,103.336629376483,1875.56668875017,508.334623279148,18.8704044686162,69.7754362999751,51.6964897384601,165.570529110631,25.208048053606,190.084796670738,0.00340636019184484,0.0029871253957249,3.32536516295966e-06,0.00096773864392033,0.00673061617700782,3.57842735229504e-05,3.08689588613125e-05,3.91854173190643e-10,1.01122485849543e-05,7.35798275378519e-05,-374.004543592963,0.07293556461875,0.0596023339377633,1,0.530448744917853
"sinusoidal",200,"montoril",59,10.264,387.304476499615,2042.78321545341,246.430178643893,1732.07438862521,325.402393345382,71.7132644473539,2618.466524389,571.354342276848,37.7342631040155,199.024085683302,24.009175627815,168.75237613262,31.7032729292071,255.111703467361,0.00458177244661447,0.00389120813670988,7.60936374362737e-06,0.00103155096418044,0.0100010427179366,3.50718535132057e-05,3.00780977061799e-05,3.79543525802476e-10,9.47590985977428e-06,7.28593510318339e-05,-399.741532026088,0.0852808885918386,0.0668212775801706,1,0.56557354870509
"sinusoidal",200,"montoril",5,10.243,251.402336362362,1338.00355405601,372.400736060142,1873.01751959238,281.393025889253,83.4970223731755,2072.64532541085,533.201070468008,24.5438188384615,130.626140198771,36.3566080308642,182.858295381468,27.4717393233675,202.347488568862,0.00370786841954789,0.00326614662850856,3.47348756870734e-06,0.00103274586104393,0.00751730617671895,3.45594788222096e-05,3.00538990553715e-05,3.50919969530657e-10,9.96593268546908e-06,7.00056045989428e-05,-391.839219705986,0.0957002916577611,0.0643184404980263,0.96,0.538583112927503
"sinusoidal",200,"montoril",60,10.297,315.507067226996,1515.04941446749,398.740230340862,1373.51110764024,279.499379467162,54.9694701542833,2226.67926649542,359.287703434746,30.6406785691946,147.135031025297,38.7239225348026,133.389444269228,27.1437680360457,216.24543716572,0.00393042128656755,0.00341507834280106,4.58085143479437e-06,0.00107045941275396,0.0080612497126372,3.70921411814136e-05,3.1907997084555e-05,4.53676689865079e-10,1.01349445389235e-05,7.59513426035509e-05,-384.709591441295,0.0996615009428013,0.0764002409703857,1,0.558371987576463
"sinusoidal",200,"montoril",61,10.104,136.840880833097,460.697016235054,376.579095713909,1265.03279464365,234.72323081845,70.6191798083951,1594.23208792313,314.89552550646,13.543238403909,45.5955083368026,37.2702984673306,125.201187118334,23.2307235568537,157.782273151537,0.00370987486552464,0.00320169124589971,4.20189126971254e-06,0.00097856266882905,0.00774122447261691,3.73396676468253e-05,3.21650372882129e-05,4.25710911270772e-10,1.05047608629398e-05,7.67270034789537e-05,-387.759732395511,0.131547959822957,0.104613024001042,1,0.563430349613905
"sinusoidal",200,"montoril",62,10.089,340.144220050618,1222.95909596683,360.49948281311,1393.62573236199,297.829858144937,16.5607341535865,2139.13915336007,143.87138171446,33.7143641640022,121.21707760599,35.7319340681049,138.133187864208,29.520255540186,212.026876138375,0.00391609384371206,0.00339121160927939,4.53984133746245e-06,0.00103331793941956,0.00826208584283954,3.72632725617676e-05,3.21343535605973e-05,4.32382794843576e-10,1.03474113388387e-05,7.69038358749279e-05,-389.47271392596,0.083544237706711,0.0690903387824594,1,0.548307771433274
"sinusoidal",200,"montoril",63,10.593,303.020479975814,1052.90666753124,250.302896905488,1573.48188903384,337.681129516217,114.032752965776,2462.42460098629,679.777513050834,28.6057283088657,99.396456861252,23.6290849528451,148.539779952218,31.8777616837739,232.457717453629,0.00458809949843755,0.00395570461861335,6.53511266625114e-06,0.00110740181174564,0.00978755702223848,3.80259285995898e-05,3.24467792390779e-05,5.35640353171054e-10,1.00242907617424e-05,7.99351909262174e-05,-392.139556952101,0.108291118314647,0.0908237052792237,1,0.576260673284716
"sinusoidal",200,"montoril",64,10.116,366.508795918682,1473.05948881,391.125793362958,1755.11436482144,317.522710941504,85.5181443919332,2657.96756620424,374.413310563181,36.2306045787547,145.616794069791,38.6640760540686,173.498849824183,31.3881683413903,262.748869731538,0.00436126255463799,0.0038183025500306,5.06565855447896e-06,0.00118095838915683,0.00888808651884181,3.705029438089e-05,3.18539066133323e-05,4.4607848738275e-10,1.02263368393442e-05,7.64123806326487e-05,-383.142344167063,0.1111779172961,0.0842551654201539,0.99,0.560115813295545
"sinusoidal",200,"montoril",65,10.259,335.523630418986,1309.4535762397,384.700315139467,1745.24811088571,316.916103555969,124.108674420283,2544.8770366256,876.266928982747,32.7052958786418,127.639494710956,37.4988122759983,170.118735830559,30.89151998791,248.062875195009,0.00462552430712213,0.00404290569999341,6.71056735436954e-06,0.00109996750324905,0.00947517955263758,3.88797427782909e-05,3.3244586165793e-05,5.04963598386355e-10,1.02512841219795e-05,8.05924830137325e-05,-390.723652064551,0.105004188022772,0.0858411193774699,1,0.574575206480231
"sinusoidal",200,"montoril",66,10.085,343.886502173996,1473.07087127408,282.814620466576,1682.87617578409,321.424393401626,133.741565289315,2506.99919554702,864.601671332358,34.0988103295981,146.065530121377,28.0430957329277,166.869229130797,31.8715313239094,248.586930644226,0.00501781645505181,0.00418749608475535,1.01642491132705e-05,0.00109813718040877,0.0112065776327746,3.75087044416642e-05,3.24112139844503e-05,4.24959544901501e-10,1.0321434205718e-05,7.71041866753024e-05,-397.127812541598,0.102467693425331,0.0811490024569314,0.965,0.581132631150219
"sinusoidal",200,"montoril",67,10.15,298.302899385382,1028.79771844137,300.739992536795,1730.90571111927,308.750926208901,77.149561030337,2467.95613934659,614.917981012838,29.3894482153086,101.359381127229,29.6295559149552,170.532582376283,30.4188104639311,243.148388112965,0.00442827814643926,0.00381168030842145,6.33137811812406e-06,0.0010516592502206,0.00934130466482715,3.673062208362e-05,3.14301794222097e-05,4.49878562007209e-10,1.04344510165953e-05,7.71957419517769e-05,-401.255101297673,0.104604191035399,0.0834128079758429,1,0.563418712849936
"sinusoidal",200,"montoril",68,9.908,146.191818006532,516.890422264129,525.218866359744,1227.49915854343,253.734429987147,44.7064450816054,1574.03285963414,356.398472331283,14.7549271302515,52.1689969988019,53.0095747234299,123.889701104505,25.6090462239753,158.864842514548,0.00338546710076009,0.00302092520961381,2.69996138220486e-06,0.00105676493503649,0.00661325059984352,3.84106432115885e-05,3.34915306196052e-05,4.15934832629172e-10,1.09044344110704e-05,7.77420153754252e-05,-386.045353555775,0.100481895662319,0.0658305229644292,0.99,0.544624675541428
"sinusoidal",200,"montoril",69,10.418,272.397392168361,970.58485078306,347.198351246048,1612.42406513863,286.923314161732,117.313482318136,2389.08767124489,505.88945963903,26.1468028573969,93.1642206549299,33.3267758923064,154.772899322196,27.5411128970755,229.323063087434,0.00435819696607326,0.00375895777349192,6.09235494843968e-06,0.0011167369119344,0.00906283467463644,3.58000669965289e-05,3.08777376539684e-05,3.87469400102777e-10,9.95796291812016e-06,7.34988038177652e-05,-388.520033820564,0.126334001542607,0.10349079556043,0.99,0.572352261444347
"sinusoidal",200,"montoril",6,10.43,296.45516057944,1166.23436099276,426.359275038633,1645.86692860038,281.744098233147,78.8147094354342,2012.2934695849,562.317028561291,28.4233135742512,111.815374975336,40.8781663507798,157.801239559001,27.0128569734561,192.933218560393,0.00410001494063383,0.00352710509987374,4.89389733346131e-06,0.00110567077347276,0.00848726848238931,4.10076577823064e-05,3.5345222477651e-05,5.31930876226551e-10,1.02810288344454e-05,8.51193529351094e-05,-394.906679810522,0.135364515026332,0.103268974870615,0.94,0.557503357638967
"sinusoidal",200,"montoril",70,10.334,219.448162133201,903.800798728609,366.725391406028,1653.71628846656,254.546213539194,93.7260500270945,1747.16525312983,464.354576399967,21.2355488807046,87.4589509123872,35.4872645060991,160.026735868644,24.6319153802201,169.069600651232,0.00354379622784289,0.00314632751722086,3.17396278468045e-06,0.0010485396231714,0.00696831686850682,3.54064545821164e-05,3.0936238624589e-05,3.47601663833973e-10,1.01372121161172e-05,7.17968689304531e-05,-392.560537274343,0.120981759644115,0.1000501779889,1,0.549609716920855
"sinusoidal",200,"montoril",71,10.435,310.827822483005,1140.67884824308,296.961851791831,1040.73799748664,307.003013096641,88.5148730642023,2285.19051544548,400.070254943405,29.7870457578347,109.312778940401,28.4582512498161,99.7353136067694,29.4205091611539,218.992862045566,0.00438785557322348,0.00384594806198546,5.80311797003305e-06,0.00108781197001536,0.0089956714708462,4.10973341511678e-05,3.5292260992157e-05,5.6180995440261e-10,1.08097774794341e-05,8.60460899299673e-05,-398.568094888403,0.122882915693954,0.0946163414889975,0.92,0.578767362144193
"sinusoidal",200,"montoril",72,10.031,201.613046481554,812.446877399964,278.205512065775,1614.80335982183,242.562505868112,70.693199737624,1799.33617507808,477.64735762065,20.0989977551145,80.993607556571,27.7345740270935,160.981293970873,24.1812885921755,179.377547111762,0.0037754963983684,0.00320511545307627,4.8897625325835e-06,0.000951288572616965,0.00804336329013603,3.46301935317218e-05,3.0201198117712e-05,3.34915416741305e-10,9.94126687978015e-06,6.96878259359837e-05,-394.929855979121,0.0544146028352806,0.0447719396164447,1,0.555892165241313
"sinusoidal",200,"montoril",73,10.13,228.987635259926,1025.05263886433,383.333007317432,1505.20425067814,269.719716128567,84.6810276730917,2119.56138547786,596.710054986106,22.6048998282256,101.189796531523,37.8413630125796,148.588771044239,26.625835748131,209.236069642434,0.00399564186103691,0.00348616010784346,4.56340095601297e-06,0.00104235906861932,0.00833124060608136,4.06612187368648e-05,3.5433246295157e-05,4.55867733265419e-10,1.11815322873913e-05,8.2677048539241e-05,-386.374095703563,0.125120303222577,0.0909294647125099,1,0.55756191645359
"sinusoidal",200,"montoril",74,10.189,134.479238871,416.06094120611,405.992630065191,1678.90241242777,255.759566516736,120.838896945535,1730.99531517982,283.604209342825,13.1984727520856,40.8343253710973,39.8461703862196,164.775975309429,25.1015375911999,169.888636292062,0.00363792841110376,0.00311564451631848,4.01759479755406e-06,0.000951913820610582,0.00768491319244264,3.55440805478068e-05,3.10375322647667e-05,3.53930034602401e-10,1.0449507694921e-05,7.2432623482126e-05,-402.465753587214,0.0622742110561695,0.0477406316128635,1,0.548807866415312
"sinusoidal",200,"montoril",75,10.28,367.280361461426,1435.69865718339,274.151576026141,1254.00451344906,320.380641250051,158.958446357624,2730.61766355539,749.099596365891,35.7276616207613,139.659402449746,26.668441247679,121.984874849131,31.1654320282151,265.624286338073,0.00459051329471511,0.00396754473894624,7.13790931765279e-06,0.00109021173791523,0.0097356402378079,3.6988212280281e-05,3.17077284509803e-05,4.44445317871168e-10,1.01080559368229e-05,7.70323823123582e-05,-396.266191845121,0.0818429345947009,0.0686302357973533,1,0.566493535228146
"sinusoidal",200,"montoril",76,10.381,310.099839188798,1153.89492812727,412.213154632535,1457.96770783534,319.403053320971,123.694983348374,2398.28568245309,828.678867672896,29.8718658307291,111.154506129204,39.7084244901778,140.445786324568,30.768042897695,231.02646011493,0.00404463630921374,0.003539948463507,4.272608945386e-06,0.00116574798827494,0.00823203935601676,3.71621271024589e-05,3.19382974292779e-05,4.44971860988289e-10,9.92273848056447e-06,7.67417206789459e-05,-398.729424583609,0.106158456969612,0.0895810615728266,1,0.548069726963049
"sinusoidal",200,"montoril",77,10.093,126.706151397293,773.854062641096,420.404240283454,1869.06372807581,217.94326769936,33.0388371161617,1592.89943004015,250.19081048593,12.5538642026447,76.672353377697,41.6530506572331,185.184160118479,21.5935071534093,157.822196575859,0.00357960372012181,0.00307870386678371,4.03056186193789e-06,0.000957488373547658,0.00741203315498608,3.57661549776286e-05,3.09860194858994e-05,3.72369130777046e-10,1.01102580390897e-05,7.29897145442788e-05,-385.496716044027,0.0640615628831022,0.0504420959824122,1,0.553611247757004
"sinusoidal",200,"montoril",78,10.139,277.035297709268,1265.7088304292,347.694619600981,1708.41851000758,335.585428400653,125.367312015336,2569.09293489965,588.334997203597,27.3237299249697,124.835667267897,34.2927921492239,168.49970509987,33.0984740507597,253.38721125354,0.00475187241577799,0.0040202699951535,7.82014554562674e-06,0.00114129754795936,0.0101203280676634,3.98633121603027e-05,3.44074995228706e-05,5.03399450681251e-10,1.08999403612142e-05,8.37468886157751e-05,-387.796366684184,0.109525502681423,0.083310228966319,1,0.57859218833102
"sinusoidal",200,"montoril",79,10.135,238.092370765425,966.911516644163,411.324248672665,1753.76407607849,238.627150962039,78.2454205459689,1548.75952704322,337.9931194884,23.4920938101061,95.4032083516688,40.5845336628184,173.040362711247,23.5448594930478,152.812977507964,0.00357630447633813,0.00321773910914532,2.86869149420025e-06,0.0010943872356254,0.00698294075452045,3.42399601727623e-05,2.9826792470568e-05,3.28075734111926e-10,9.69579160875718e-06,7.04364717366928e-05,-385.72137365729,0.118846510114836,0.0944662623501632,1,0.553979973887429
"sinusoidal",200,"montoril",7,10.119,245.824124707253,809.922887613933,476.985443703988,1435.03021658462,265.54389574565,106.911923964013,1755.0582321639,372.259378143889,24.2933219396436,80.0398149633297,47.1376068488969,141.815418182095,26.2421084836101,173.441865022621,0.00353642967644469,0.00315384521370835,2.98449666624242e-06,0.00103046735539394,0.00691103311260215,3.73944886026887e-05,3.25981415411702e-05,4.1871973502254e-10,1.04218584015122e-05,7.54279518088463e-05,-389.607123985361,0.0867931908332789,0.0692904395614447,1,0.549595859087164
"sinusoidal",200,"montoril",80,10.474,201.382396706812,647.15207422861,401.106660228407,1182.26103105219,292.713295957363,91.8154569816745,2225.64646517015,471.356917021429,19.2268853071236,61.7865260863672,38.2954611636821,112.875790629386,27.9466580062405,212.492501925736,0.00410063391367056,0.00351710909823926,5.16746062395337e-06,0.00106496879950253,0.00866443349973638,4.18836911018288e-05,3.55543539855707e-05,6.03512816946814e-10,1.09225106896152e-05,8.9647986313606e-05,-388.455274905873,0.106512825079648,0.0886070452118003,1,0.562866291848026
"sinusoidal",200,"montoril",81,10.273,234.168227159819,798.715740711233,198.544867104616,1416.59874900591,260.819662688567,129.068573821018,2129.33251586236,559.256484602146,22.7945319925843,77.7490256703234,19.3268633412456,137.895332328036,25.3888506462151,207.274653544472,0.00410108943191297,0.0034966679567354,5.62034510911004e-06,0.00105382168611852,0.00878045539945973,3.67510949051056e-05,3.17402992914713e-05,4.15757917160105e-10,1.02422740297253e-05,7.58764245996811e-05,-387.21965401392,0.0939272773133484,0.0757268388837705,1,0.564382283536944
"sinusoidal",200,"montoril",82,10.445,364.311736251524,1504.85383134743,399.321555129287,1668.49111261614,292.085580494115,152.960428614031,1989.14923146885,416.622280262669,34.8790556487816,144.074086294632,38.2308812952883,159.740652237065,27.9641532306477,190.440328527415,0.00377870917572759,0.00338389690332653,3.21463189897724e-06,0.00113331469325215,0.00729239269300008,3.7202644818858e-05,3.17327503734568e-05,4.5677962965743e-10,9.61804248639092e-06,7.85924376928236e-05,-379.00413433709,0.114305680066067,0.0878234623524411,0.975,0.540698069141544
"sinusoidal",200,"montoril",83,10.17,249.809649910772,977.539493297271,421.20099689622,1891.25649019158,228.641511677482,16.6538550656464,1744.04742590696,43.6243276170918,24.563387405189,96.1199108453561,41.416027226767,185.964256656005,22.4819578837249,171.489422409731,0.00357526885759741,0.00314329953287154,3.67731394713141e-06,0.00101101873669949,0.00718470663656396,3.52638340977655e-05,3.05137418132625e-05,3.70397972856123e-10,1.01002819850086e-05,7.21603176349469e-05,-384.238116496018,0.0657494703254474,0.0545998156331131,1,0.543060814347335
"sinusoidal",200,"montoril",84,10.431,198.736530547439,934.988119022292,420.43820095574,1789.95877027517,251.23030481504,55.7629277479316,1825.13373621458,425.029922674197,19.0524907053436,89.6355209493137,40.3066054027169,171.599920455869,24.0849683458,174.972077098513,0.00342549115617911,0.00298782387414652,3.12948111734802e-06,0.000946951236569883,0.00698878403574075,3.46166115394327e-05,3.01427222540984e-05,3.42225602871125e-10,9.80982503304982e-06,7.01020977497508e-05,-395.242352310853,0.107690691007344,0.0955468328656148,1,0.524068759203988
"sinusoidal",200,"montoril",85,10.115,234.15017177794,884.431246152669,306.148849622819,1357.45207521153,290.58431935303,108.29580497555,2073.97639650426,433.51331030118,23.148805909831,87.4375923037735,30.2668165717073,134.201885834061,28.7280592538834,205.039683292562,0.00410624825536873,0.00356091439215287,5.10680537117131e-06,0.00107861117753804,0.00852010263495341,3.69257946956557e-05,3.1692636640378e-05,4.75935582872202e-10,1.02578933934156e-05,7.66598583414264e-05,-381.883652490144,0.081254376003579,0.0679753675741405,1,0.572406950656025
"sinusoidal",200,"montoril",86,10.088,258.035840102343,889.033641034661,272.864581447781,1141.04989650357,328.847417117335,128.671505026,2606.93322062614,654.240707409445,25.578493269463,88.127839119217,27.0484319436738,113.10962495079,32.5978803645256,258.419232813852,0.00480970801607729,0.00411655264835944,7.64251016598261e-06,0.00110461509030592,0.0102686407484783,4.2140038767308e-05,3.59752390968871e-05,5.84271838306857e-10,1.11526297907642e-05,8.99621654365617e-05,-407.378039482067,0.120992359260872,0.103963235884101,0.995,0.572875391613962
"sinusoidal",200,"montoril",87,10.721,181.549448638633,942.848876315934,357.45483017632,1822.62620299449,273.786519551759,114.390133002421,1970.95225443444,572.416563903343,16.9340032309143,87.9441168096198,33.3415567742114,170.005242327627,25.5374050509989,183.840337135943,0.00393840188391105,0.00336184408250551,5.09608965406001e-06,0.00105175270177091,0.00841020851494377,3.39859539188487e-05,2.91830931415113e-05,3.53572348946889e-10,9.71656152453928e-06,7.05174898645923e-05,-400.344929563415,0.0787915282353535,0.0608740701548626,1,0.548396125076093
"sinusoidal",200,"montoril",88,10.39,195.319575376871,1089.17136319702,480.950541465542,1407.88479390728,293.60600650099,103.202660589319,2009.3591265801,515.669161887456,18.7988041748673,104.82881262724,46.2897537502928,135.50383001995,28.2585184312792,193.393563674697,0.00385685642340266,0.00339251392100418,3.91829430730494e-06,0.00105495701536506,0.00770867128379911,3.58971645336293e-05,3.08565409373002e-05,4.19815159118492e-10,1.01251031060192e-05,7.47346804780272e-05,-396.442240702801,0.0785317108406658,0.0591139120707212,1,0.55251253412599
"sinusoidal",200,"montoril",89,10.155,223.011570436959,888.701897639993,299.879700961761,1647.18289347854,309.686555820303,122.852181393289,2372.23616171137,650.164370866812,21.960765183354,87.513726995568,29.5302512025368,162.204125404091,30.4959680768393,233.602773186742,0.00460858506122942,0.00393467859063162,7.16080564523658e-06,0.0010588453756002,0.00986172223286426,3.96246537259951e-05,3.38881799251905e-05,5.12393368266625e-10,9.71675327175986e-06,8.22723723270857e-05,-387.983776921673,0.104633156710437,0.0883838966935227,1,0.587018318421576
"sinusoidal",200,"montoril",8,10.379,310.638432689094,1761.87342872022,431.339821172727,1711.06262348212,328.357998015496,122.879852004408,2452.78327781177,626.685138526857,29.9295146631751,169.753678458447,41.5588998143104,164.85813888449,31.6367663566332,236.321734060292,0.00417215105501348,0.00357450177712256,5.76866811757886e-06,0.00107821493532966,0.00882473757848601,3.44952472387055e-05,2.9828066321322e-05,3.66218063744966e-10,9.73690363779683e-06,6.99131978611319e-05,-406.190067879457,0.10944275939355,0.0918069775425979,1,0.544538552003233
"sinusoidal",200,"montoril",90,10.092,324.276154015305,1253.77243519318,369.743584730227,1330.46087287813,311.382849881672,83.1543075755303,2595.26572235564,402.655849151272,32.1320009924004,124.234288069083,36.6372953557498,131.833221648646,30.8544242847475,257.160693852124,0.00449403130461313,0.00390988174883082,5.90206408446562e-06,0.00104525125313663,0.00919967114031658,4.03065456288735e-05,3.42274634302505e-05,5.69524042417074e-10,1.02670024922804e-05,8.60049458258694e-05,-395.812230685525,0.122527152784964,0.0981914727957961,1,0.569968182442502
"sinusoidal",200,"montoril",91,10.204,289.239256135469,940.414676539486,360.634310286946,1478.45474054897,326.553149478065,123.631028798001,2472.89634928695,518.666199269574,28.3456738666669,92.1613755918743,35.3424451476819,144.889723691589,32.0024646685677,242.345780996369,0.00456909955531004,0.00396945241871114,5.84641407867136e-06,0.00112004880972715,0.00942841831794655,4.03366767975308e-05,3.43366703601428e-05,5.40101268189877e-10,1.05993926016629e-05,8.59614113736884e-05,-385.309071966174,0.0918330066163441,0.0748149393983786,1,0.568747966318531
"sinusoidal",200,"montoril",92,10.496,120.062041319141,899.549792967998,409.601172438362,1390.50850495946,237.061065419359,59.2216236666566,1686.63540191421,319.983090398394,11.4388377781194,85.7040580190547,39.0245019472525,132.479849938973,22.5858484583993,160.693159481156,0.00355869364263037,0.00313612184795319,3.2669610328092e-06,0.00102159630408246,0.00715082677949875,3.59003637677088e-05,3.09637299592146e-05,4.11567562950267e-10,1.0257989029902e-05,7.42877458400777e-05,-391.374257687606,0.110241334327756,0.0871364356286217,1,0.558896816521352
"sinusoidal",200,"montoril",93,10.686,465.165222697539,2007.83246692596,329.970815358137,1629.40991138152,402.411661861059,164.224253038757,3515.80166197053,1049.12792831385,43.5303408850402,187.893736377125,30.8787961218545,152.48080772801,37.6578384672524,329.010075048711,0.0052983106040721,0.00446657400288188,1.00451772766406e-05,0.00122722872476246,0.0114085718636306,4.31692786167203e-05,3.66223671923045e-05,6.54166418298442e-10,1.05554935561316e-05,9.22442094819231e-05,-385.181207809327,0.166996671323796,0.122778946143819,0.94,0.587569957760889
"sinusoidal",200,"montoril",94,10.184,253.83727458939,981.375215532173,342.539953111139,1750.87887636143,277.002710979754,64.3917379738645,2227.68362257721,720.743290593402,24.9251055174185,96.3644162934184,33.635109299994,171.924477254657,27.1997948723246,218.743482185508,0.00454056583022727,0.00385017088610914,7.54757213604244e-06,0.00100680977153755,0.00970725246472006,3.83438678957835e-05,3.30147070029994e-05,4.67940367246805e-10,1.04695072130943e-05,7.97568990190741e-05,-394.588740368173,0.101623766845816,0.0823974346602031,1,0.575728430326359
"sinusoidal",200,"montoril",95,10.168,161.375896172475,645.04876813383,517.328660025987,832.491723522574,264.074719126488,97.3051170911786,1629.82908947637,449.657055206293,15.8709575307313,63.4390999344837,50.8781136925636,81.8736942882154,25.9711564837223,160.290036337173,0.0034679553381112,0.00301241318975561,3.26649471274463e-06,0.0010289948679556,0.00708865946954964,4.01533935730872e-05,3.47018404081119e-05,4.81431302249357e-10,1.10723981475784e-05,8.2410611065802e-05,-368.505783293703,0.165924207971778,0.14134799192007,0.915,0.555983495963502
"sinusoidal",200,"montoril",96,10.08,284.893611710243,1115.30889937895,180.728065300206,1225.42282503108,376.92529044538,129.891991179035,3294.82704907843,829.869665371965,28.2632551299845,110.645724144737,17.9293715575601,121.569724705464,37.393381988629,326.8677628054,0.00587145005088043,0.00472285737076344,1.57508985265366e-05,0.00121107384929478,0.0137511827376587,3.82988415587763e-05,3.20686630903108e-05,5.99401789053085e-10,9.75467635761721e-06,8.17244907005584e-05,-408.998282623654,0.11879775735022,0.0927597048298964,0.985,0.590091946048766
"sinusoidal",200,"montoril",97,10.445,272.367420112352,1054.59401862991,371.812976701028,1616.90017932352,272.877333836646,106.861416433974,1956.75655973532,588.656034039473,26.0763446732745,100.966397188119,35.5972213213047,154.801357522596,26.125163603317,187.339067471069,0.00387437952325401,0.00338766744347053,4.19610996206681e-06,0.00107100871672587,0.00791188293054132,3.72413001570511e-05,3.26195227893463e-05,3.99472534654267e-10,1.06355710943413e-05,7.50053255717866e-05,-393.43476611945,0.0975502562930099,0.0837140141340895,1,0.546294350658899
"sinusoidal",200,"montoril",98,10.289,363.310137739699,1226.69470152864,432.46125649727,1838.1036876276,272.808808925522,95.4074111008186,2103.74478954935,707.839840648983,35.3105391913401,119.223899458513,42.0314176788094,178.647457248285,26.5146087010907,204.465428083327,0.00397221139497846,0.00350141672367296,4.17307120066823e-06,0.00105058321525128,0.00806493487511292,3.57057497438254e-05,3.04586542681131e-05,4.73240112152413e-10,9.54277132882851e-06,7.34677967978697e-05,-390.687804143579,0.0939613509186346,0.0777735827536975,1,0.555385037844257
"sinusoidal",200,"montoril",99,10.73,204.054358864427,1142.85117187887,433.11592790446,1509.54926450684,292.32499524102,157.065228074544,2127.48436155715,582.764543773423,19.017181627626,106.509894862896,40.3649513424474,140.684926794672,27.2437087829469,198.274404618561,0.00374187212156411,0.0032751356078951,3.93260831178692e-06,0.000987645350492309,0.0075876242826159,3.59150288145531e-05,3.10567565942462e-05,3.89197947606112e-10,9.86762967151614e-06,7.39086902363722e-05,-404.201679563068,0.113364797301968,0.0863974715061698,0.97,0.527001869886136
"sinusoidal",200,"montoril",9,10.066,193.598642152769,1209.13249132452,411.379632478512,2020.88780123877,282.305486800501,96.563796519006,2260.6876189151,528.828387993997,19.2329268977517,120.12045413516,40.8682329106409,200.763739443549,28.0454487185079,224.586491050576,0.00368196086245426,0.0032320422903644,3.93291269035484e-06,0.000926960171002905,0.00736677819562798,3.51038738849949e-05,3.0836513044142e-05,3.3955604433429e-10,9.73997530828635e-06,7.02182598286549e-05,-394.071955187109,0.107826959205017,0.0803441765776055,1,0.533810775313394
"sinusoidal",400,"montoril",100,19.982,188.167588821291,737.983270882399,376.056446605815,1234.91804260888,182.406117061389,34.5890266006486,1586.36207816744,245.073796642263,9.41685461021373,36.9324027065558,18.8197601143937,61.8015235015955,9.12852152243963,79.3895545074286,0.00250380960817097,0.00233169094273126,8.94257546518759e-07,0.000994781559391058,0.00438163454638643,1.88162696950296e-05,1.71673748294684e-05,5.84140606469908e-11,7.1372084104901e-06,3.40455709418491e-05,-782.401845417102,0.0728881060714329,0.0560366246627753,1,0.498364076449333
"sinusoidal",400,"montoril",101,20.64,244.389268649119,1094.68844876872,316.730156276762,1329.46680421211,208.991516217065,63.205803735226,1808.87860572712,313.16008399561,11.8405653415271,53.0372310449961,15.3454533079827,64.4121513668657,10.1255579562532,87.6394673317403,0.00275854647888273,0.002535771370609,1.27354769337532e-06,0.00106961273575021,0.00500797758647168,2.02494178463338e-05,1.85266171866308e-05,6.83278086344731e-11,7.84664285800879e-06,3.63498790039198e-05,-785.345327531461,0.127425636948681,0.107414189502705,0.9775,0.507089430079573
"sinusoidal",400,"montoril",102,19.858,160.157062017071,669.649374106282,226.317810949192,1093.3356750096,233.984474179975,38.6417442425749,2161.83667317978,180.547229782079,8.06511542033795,33.7218941538061,11.396807883432,55.0576933734314,11.782882172423,108.864773551203,0.00319612794873102,0.00288662900763629,2.05163557774076e-06,0.00104044386007606,0.00602861816482376,2.15917918378694e-05,1.95544286310289e-05,8.82987261570344e-11,7.90881293345902e-06,3.99986092555041e-05,-779.916101094133,0.098010967612508,0.0812101561279469,1,0.530704119437516
"sinusoidal",400,"montoril",103,20.154,193.745498035751,895.254137014792,158.415317315706,1317.61720967016,239.468280678846,63.8658409837986,2201.11395958066,457.038609923287,9.61325285480555,44.4206677093774,7.86024200236709,65.3774540870376,11.881923225109,109.214744446793,0.00302752606713504,0.00271893319395903,1.9224377104527e-06,0.000997513583072301,0.00580370262700144,2.05400178979006e-05,1.86022987400477e-05,7.68817144519804e-11,7.60692850269585e-06,3.78187145018071e-05,-778.8941771363,0.100271447983748,0.080259610800402,0.985,0.516579093582107
"sinusoidal",400,"montoril",104,20.872,159.617384285687,605.69797152638,352.263569491838,1066.1654519907,184.048899346791,58.6186198327319,1543.9810689437,323.700639334575,7.64744079559636,29.019642177385,16.8773270166653,51.0811351087918,8.81798099591755,73.9737959440254,0.00257881618768136,0.00237197241072194,1.04074939332183e-06,0.000959011303704418,0.00467271183801662,2.07346099307238e-05,1.88420898385166e-05,7.71029005398505e-11,7.85884178691842e-06,3.7893276643868e-05,-769.325807269481,0.0901635564088282,0.0724831999893735,1,0.506498339447699
"sinusoidal",400,"montoril",105,19.971,145.789140268852,735.870593956464,152.001735120339,1074.87100017538,227.262420082308,11.5877377328912,2285.46567213573,381.61123686979,7.30004207445054,36.8469577866138,7.61112288419903,53.8215913161775,11.3796214552255,114.439220476477,0.00339392773714483,0.00309408167885844,2.29463775127953e-06,0.00105272015634246,0.00636658303055474,2.1653514256625e-05,1.94128268416859e-05,1.05184310792416e-10,7.8624894320311e-06,4.04275042692161e-05,-769.48441696289,0.110917767268198,0.090590734022108,0.9925,0.530264172291294
"sinusoidal",400,"montoril",106,19.91,163.534316348252,747.10470579364,369.381099865232,1138.85224571459,192.367675399386,42.3428310726813,1517.97824552957,341.718994041007,8.21367736555763,37.5240937113832,18.5525414296952,57.2000123412652,9.66186214964269,76.2420012822486,0.00254953133302065,0.00235897702736702,1.0161479640846e-06,0.000950540358691477,0.00456125446115989,1.95333151016002e-05,1.7976564166357e-05,6.13731474738613e-11,7.92659465408894e-06,3.50136595586653e-05,-770.840481547993,0.0822159218447246,0.0698522434308497,1,0.494992651171442
"sinusoidal",400,"montoril",107,19.939,132.54617248872,513.183468658764,242.986222644762,1368.65396074206,204.13939358264,52.4152524604305,1705.72157251951,362.872106849646,6.64758375488842,25.7376733366149,12.1864798959207,68.642056308845,10.2381961774733,85.546996966724,0.00284667803502261,0.00258089983863335,1.50893294036915e-06,0.000991637297534609,0.00535171557504962,2.04551860375405e-05,1.84704092216297e-05,8.02794887186428e-11,7.7685514165015e-06,3.78100352483276e-05,-773.457668932219,0.0892658547257925,0.0762262385763643,1,0.518914544213819
"sinusoidal",400,"montoril",108,19.901,202.799900339155,1049.71280423716,203.268900425821,871.618915937943,210.045263094013,45.2801567927171,1889.11223023643,213.58257888384,10.190437683491,52.7467365578191,10.2140043427879,43.7977446328296,10.5545079691479,94.92549270069,0.00285098125634078,0.00258021443587058,1.53548233936542e-06,0.000977064046778003,0.00529858683662435,2.00530519222298e-05,1.82261114546109e-05,7.09452322866633e-11,7.87463404201454e-06,3.64075419305885e-05,-785.454712773733,0.109773157659078,0.0790207383042082,1,0.510298688886499
"sinusoidal",400,"montoril",109,20.084,105.529571037723,464.459384159699,281.401879162049,1155.06710392272,194.699793240487,71.206278270016,1509.68229506651,310.213783968214,5.25441002976115,23.125840677141,14.0112467218706,57.5118056125632,9.69427371243216,75.1684074420687,0.0024536235624252,0.0022543412060493,9.80028934547757e-07,0.000897214453833791,0.00439393677416285,1.96173708905568e-05,1.79302833576702e-05,6.33405529737004e-11,7.59638889800642e-06,3.53667044141629e-05,-793.762314776393,0.101799752977518,0.0816440361981549,0.9975,0.491811595612917
"sinusoidal",400,"montoril",10,20.059,95.0899282311951,557.595563856113,216.836163772645,1239.50443851394,192.118833249938,16.2225060920312,1664.00106654865,254.097125640869,4.74051190145048,27.7977747572717,10.8099189277952,61.7929327740135,9.57768748441788,82.9553350889204,0.00271101460885964,0.002463316664781,1.38528503018622e-06,0.000924129147839102,0.00506368224723466,2.03307459025475e-05,1.8455402095883e-05,7.36274658757933e-11,7.78418185876752e-06,3.73123502215084e-05,-780.442132070918,0.0835807911033191,0.070374263801269,1,0.513084056752969
"sinusoidal",400,"montoril",110,19.814,172.458699503407,699.714998724271,159.445329631035,979.430746286877,218.307885774063,33.2973114887448,1884.73381408422,86.5501877421507,8.7038810691131,35.3141717333335,8.04710455390305,49.4312479199998,11.0178603903332,95.1213189706381,0.00312617139397948,0.00283319863201106,2.07327262583371e-06,0.000958945686945573,0.00600909568935716,2.19074188728926e-05,1.97580823621388e-05,9.64112097326656e-11,7.75335108274966e-06,4.05600643002724e-05,-780.460006312662,0.133473384226794,0.108957876101751,0.9775,0.522321326674987
"sinusoidal",400,"montoril",111,19.927,219.123481746762,845.670009245216,231.843364371783,995.364285855053,216.298895582845,74.0982444678204,1838.45822479571,399.687293548382,10.9963106211051,42.4384006245404,11.6346346350069,49.950533740907,10.8545639375142,92.2596589951178,0.00279000500246123,0.00250143634439094,1.58322424931732e-06,0.000912563427126995,0.00531395002941569,1.92042414695526e-05,1.75431211760112e-05,6.32689325520409e-11,7.75627003508538e-06,3.49712681306588e-05,-789.782584869437,0.0750906753538068,0.0642497581116794,1,0.508569811951153
"sinusoidal",400,"montoril",112,20.119,251.423630107015,1502.41199942056,215.613763844665,904.29898071615,254.044285448724,74.6417190327573,2422.19747276886,426.97935729881,12.4968253942549,74.676276128066,10.7169225033384,44.9475113433148,12.6270831278257,120.393532122315,0.00349624402028523,0.0031850951323624,2.3896530077554e-06,0.00106306190872891,0.0065458564548705,2.37028228798036e-05,2.1397669465766e-05,1.13832029030672e-10,8.15201476100338e-06,4.44052338493673e-05,-782.295773936359,0.13832240805122,0.0975669103519896,0.9575,0.536444755663386
"sinusoidal",400,"montoril",113,19.907,156.486600534252,540.480101328551,319.209366429872,841.986643813043,200.507604289329,40.294502933003,1507.92056378018,296.917265601715,7.86088313328236,27.1502537463481,16.035031216651,42.2960086307853,10.0722160189546,75.7482575867876,0.00271017840602118,0.00250217119587488,1.15077242291354e-06,0.00103974837569798,0.00484047430427515,2.14912810233374e-05,1.95417999290349e-05,8.71832976068125e-11,7.77698202599637e-06,3.92588525272158e-05,-756.710844060009,0.127463410850732,0.107668051855579,0.9825,0.516036442735795
"sinusoidal",400,"montoril",114,19.963,205.713284592903,701.041479508035,205.11168408156,911.660267754365,198.87911100084,57.4249454994933,1880.26857765556,299.915366605449,10.3047279764015,35.1170405003273,10.2745921996473,45.6674982594983,9.96238596407556,94.1876760835327,0.00299694898058187,0.00274020698808666,1.70163454615447e-06,0.000986982619849377,0.00554108659174118,2.02211352382031e-05,1.82762296968368e-05,7.43596506419709e-11,7.70883667302582e-06,3.71445156849469e-05,-767.551033283654,0.14460272895686,0.102134579990663,0.935,0.52289767202843
"sinusoidal",400,"montoril",115,19.907,219.290445346105,825.267672443061,351.758226857773,1159.38675014177,224.413367689849,40.9918787216506,2002.79862398177,294.937573223308,11.015745483805,41.456154741702,17.6700772018774,58.2401542242311,11.2730882448309,100.607757270396,0.00268188163071268,0.00250050716288394,1.036114230229e-06,0.00103239328220851,0.00469360687320279,1.96877000885397e-05,1.800478956635e-05,6.47157163129554e-11,7.86032908164902e-06,3.57423985747798e-05,-803.245214443687,0.102806125309876,0.0868753508301041,0.9975,0.495839718496635
"sinusoidal",400,"montoril",116,20.267,197.90996060022,865.759792394044,227.434197870222,1483.05448068621,251.374304163832,67.3477698842814,2577.0780083135,256.240679353357,9.76513349781514,42.7177082150315,11.2218975610708,73.1758267472349,12.4031333776006,127.156362970025,0.00354558706275846,0.00321702422095336,2.66701889197396e-06,0.00108030498069484,0.00678350621195172,2.06145410052923e-05,1.87480720844731e-05,7.69597055761184e-11,7.77073732230256e-06,3.79112407380498e-05,-799.644348982364,0.109243111395874,0.0866720034234031,1,0.535681858573118
"sinusoidal",400,"montoril",117,20.069,161.871576946785,739.839984683399,287.208654192105,1227.97538866736,203.542135853654,9.53272208660626,1693.07020756363,82.75083366075,8.06575200292917,36.86481562028,14.3110595541434,61.1876719650885,10.1421164907895,84.3624598915555,0.00260751659084891,0.00239767594587782,1.07846295371385e-06,0.000959641504623422,0.00467807404379872,1.99319100371985e-05,1.82330292285399e-05,6.76639227188736e-11,7.64070660671638e-06,3.59400393747832e-05,-772.04822397488,0.0957090831561145,0.0815215114229259,1,0.495939458478881
"sinusoidal",400,"montoril",118,20.091,183.90100422345,889.245675752161,164.233947992116,1358.48723987808,251.602614125641,110.875447357653,2426.12025065479,548.217881541724,9.15340223102136,44.2608967075885,8.17450340909445,67.6167059816874,12.523150372089,120.756570138609,0.00334072030128462,0.00295252419414368,2.77067935341025e-06,0.000967962010394333,0.00668109547961411,2.05052719792621e-05,1.86843969153234e-05,7.52107910300869e-11,7.8960985326877e-06,3.72324054045838e-05,-792.06550221487,0.0771717779320289,0.0608882843351649,1,0.516380776332914
"sinusoidal",400,"montoril",119,19.672,128.185622972325,570.000996132425,240.328024890385,1009.15659314697,230.568050519122,71.2894000103008,2031.86500994564,362.051385916035,6.51614594206615,28.9752438050236,12.2167560436349,51.2991354792077,11.7206207055267,103.287159919969,0.0029166041878327,0.00261830394992344,1.80098913899403e-06,0.000960505066803267,0.00561574417959144,2.06526448786407e-05,1.87320065264956e-05,8.01231095563645e-11,7.50171322068528e-06,3.79804706540695e-05,-808.128073000956,0.132690502656824,0.104888435092918,0.9425,0.496100104624714
"sinusoidal",400,"montoril",11,20.12,196.279422138149,805.82886017643,164.836640593105,1198.66883011392,249.971952849069,55.4015452531323,2336.20190254605,554.474402398824,9.75543847605113,40.0511361916715,8.19267597381239,59.5759855921431,12.4240533225183,116.113414639466,0.00315967028611536,0.00281172807984609,2.28583157632585e-06,0.00100881771543895,0.00611903497963941,2.2303900786041e-05,2.02008558306254e-05,9.52858583219354e-11,8.02981132330268e-06,4.13852833194272e-05,-799.848464675843,0.117444638316772,0.0967360280443557,0.9725,0.507610897352437
"sinusoidal",400,"montoril",120,19.879,105.604704641228,348.003950572511,259.418112222185,826.821443344146,211.862951588184,43.8499562690428,1710.46985287872,255.49823064136,5.312375101425,17.5061094910464,13.0498572474564,41.5927080509153,10.6576262180283,86.0440592021089,0.00283825355414311,0.0025631436191295,1.67220609629758e-06,0.000983501464966222,0.00536993785077821,2.07867212261099e-05,1.88962584536829e-05,7.64353186092473e-11,7.54011948772359e-06,3.79895270996034e-05,-781.216118387899,0.103091500165282,0.083109150199445,1,0.516937189088846
"sinusoidal",400,"montoril",121,20.234,171.788079609121,720.716875220027,270.05527490489,1184.67399263214,234.881829705801,53.4364926316781,2127.85552659158,450.142260864969,8.49007015958887,35.619100287636,13.3466084266527,58.5486800747325,11.608274671632,105.162376524245,0.00296350648722047,0.00271632073466093,1.57688654831646e-06,0.00101399084222477,0.00547509855953014,2.03612341756597e-05,1.86471312297215e-05,7.19137073008881e-11,7.43270357405633e-06,3.64931747081044e-05,-776.359686972233,0.0753594906543699,0.0563437426918702,1,0.503792376905967
"sinusoidal",400,"montoril",122,20.259,120.141387973063,556.295132150223,237.251757159244,1162.46575535736,195.099069536413,6.89634246944968,1458.59403579014,55.0652596880069,5.93027237144296,27.4591604793042,11.7109312976575,57.380213996612,9.63024184492882,71.9973362846211,0.00249778548804822,0.00230973364227702,9.29890387479478e-07,0.000976572193123107,0.0044197848635269,1.98725260255375e-05,1.81290315302007e-05,6.98630870706548e-11,7.37410478290874e-06,3.60770211275097e-05,-797.199470652955,0.0778783126046647,0.0632217107018672,1,0.501694356485482
"sinusoidal",400,"montoril",123,20.161,148.57759076074,541.515477162089,269.058031227017,1413.52564624306,220.608285247567,53.9714786665116,1840.33973334542,407.186264602329,7.36955462331927,26.8595544448236,13.3454705236356,70.1118816647515,10.94232851781,91.2821652371124,0.0027668950551833,0.00255453693442966,1.28240444766781e-06,0.00105595674272085,0.00491475437247768,2.02808894543338e-05,1.85468312975515e-05,6.79973711108416e-11,8.04661949865027e-06,3.68261211989678e-05,-788.103519741695,0.10336778037794,0.085268975235035,1,0.50001669594487
"sinusoidal",400,"montoril",124,20.09,144.43668389608,490.756306929399,182.779967032537,1300.95547244286,215.669722206979,70.730954937752,1924.29432636794,338.810552630509,7.18948152792834,24.4278898421801,9.0980570947007,64.756369957335,10.735177810203,95.7836897146811,0.00289208170626278,0.00264648244691848,1.51404508344074e-06,0.00100754012770412,0.00535967722552202,2.10910835556898e-05,1.91494473975727e-05,8.30736275242431e-11,7.80670933044754e-06,3.91961876299858e-05,-791.474208558855,0.0918168297860506,0.0721814699834387,0.9875,0.509577546645658
"sinusoidal",400,"montoril",125,20.353,291.777947644602,1020.07691616149,196.69227256315,1166.94369481586,289.462536927033,87.94025119958,3067.23625690651,631.912715943132,14.3358692892744,50.119241200879,9.66404326453842,57.335218140611,14.2221066637367,150.70192388869,0.00376044366289853,0.00333046237518993,3.74919975981278e-06,0.00111861319573719,0.00729682139790887,2.13262482834492e-05,1.9316967104439e-05,8.57576731652011e-11,7.69896611280518e-06,3.94046201754601e-05,-828.214503588521,0.132888137547566,0.103479983205823,0.97,0.516930078140939
"sinusoidal",400,"montoril",126,20.315,115.180332018346,593.455666977742,262.20594751153,1177.83463924312,180.831484149084,27.9682447830178,1449.25133359865,390.197189921031,5.66971853400669,29.2126835824633,12.9070119375599,57.9785694926466,8.90137751164577,71.3389777798993,0.00264187251519256,0.0023914960327215,1.32552291767585e-06,0.000934712681677241,0.0049598252474248,2.01174083618399e-05,1.82976452116023e-05,6.97174011978449e-11,7.68516592082344e-06,3.68491208686541e-05,-758.314897096192,0.12343101485308,0.1011119475501,0.9975,0.50558848502236
"sinusoidal",400,"montoril",127,20.076,167.741335981771,638.602467778205,275.83445654779,1251.42155906275,209.963677016408,36.7966410771313,1670.7418509002,85.8239129784814,8.35531659602364,31.809248245577,13.7395126792085,62.3342079628785,10.4584417720865,83.2208533024605,0.00281355184510514,0.00253470023607995,1.60819301566354e-06,0.000983760902057105,0.00532098338770226,2.06648596500278e-05,1.88284177719634e-05,7.60223528119617e-11,7.77943554411103e-06,3.77513368312392e-05,-782.909655694977,0.0992852821825815,0.0765172385072167,0.975,0.51576096004933
"sinusoidal",400,"montoril",128,20.134,167.710779049105,684.216535696028,246.062686551409,1223.74048140448,193.69954362975,49.9729806673754,1596.06382873546,353.091934312868,8.32972976304289,33.9831397484865,12.2212519395753,60.7797994141493,9.62051969950084,79.272068577305,0.0024401010744823,0.00223036830823041,1.01945962228444e-06,0.000949032163485443,0.00448151513844795,1.92718786684638e-05,1.76912851456873e-05,5.96217539822909e-11,7.96590084444479e-06,3.48401530135306e-05,-781.413736288753,0.124268622947773,0.102123473738252,0.99,0.487986723426946
"sinusoidal",400,"montoril",129,20.056,110.436163884109,345.623514678305,308.006640517316,1186.79567161631,195.544434146491,52.6706987014858,1686.21918307948,263.704122625215,5.50639030136163,17.2329235479809,15.3573314976723,59.1740961117026,9.74992192593193,84.0755476206364,0.00272103678111235,0.00247644814207716,1.38081502216807e-06,0.000946575499029302,0.00511339819814528,1.98212513783257e-05,1.80571873670013e-05,6.82965354830686e-11,7.53129008140881e-06,3.61837887873109e-05,-784.263307026953,0.0950083707291011,0.0719580470668839,1,0.511257098844795
"sinusoidal",400,"montoril",12,20.108,242.446681084388,944.574250129528,235.89966741134,1185.44474640554,224.925155906341,64.139363991088,2007.88968971271,463.902085786583,12.0572250390088,46.9750472513193,11.7316325547712,58.9538863340732,11.1858541827303,99.8552660489713,0.00283296885217561,0.00258420217769151,1.48423527442422e-06,0.00097633603648095,0.00525428034712104,1.99008148765133e-05,1.80236231009342e-05,7.17843249561579e-11,7.45131263217742e-06,3.6584043313713e-05,-797.501759244454,0.112677555806088,0.0834012501138425,0.9625,0.493983065012395
"sinusoidal",400,"montoril",130,19.67,194.0709736021,733.163759562491,209.726587280063,1124.79874034331,208.019653624186,61.6681954755351,1856.38716031766,358.888456376228,9.86634334530247,37.2731957072949,10.662256597868,57.1834641760704,10.5754780693536,94.3765714447208,0.00272008008456411,0.0024978359286084,1.25187858015405e-06,0.00101339264679779,0.00501352673711548,2.04043697334452e-05,1.85317638352745e-05,7.36466057774954e-11,7.91129072944239e-06,3.74121078716147e-05,-777.80578342298,0.108523255940226,0.080567920204083,0.9825,0.503804603486373
"sinusoidal",400,"montoril",131,19.926,198.56286899821,893.726370381783,181.835423826572,1005.78137478455,240.994776613756,82.6638296177611,2124.09131755598,536.421579418342,9.96501400171687,44.8522719252124,9.12553567331987,50.4758293076659,12.0944884379081,106.598982111612,0.0031727647062327,0.00287505102170396,1.8990501801807e-06,0.00107642644806746,0.00591015980529851,2.26911163929631e-05,2.04472047980277e-05,1.03402273074639e-10,8.10027498725871e-06,4.31603568272832e-05,-783.056042995416,0.106933197597407,0.0867552099840415,0.995,0.515602080290052
"sinusoidal",400,"montoril",132,20.023,129.018365753099,605.537786876345,326.89998492628,951.606899492389,194.575198054185,44.873265017056,1596.33851261988,311.58141366963,6.44350825316383,30.2421109162635,16.3262240886121,47.5256904306242,9.71758468032685,79.7252416031503,0.00255720588739553,0.00236722876507611,1.00557230072765e-06,0.000964217732690595,0.00460101934823798,2.13161543160263e-05,1.91909890565792e-05,8.72511320178693e-11,7.92311885287131e-06,3.98094997455378e-05,-759.403920545239,0.110241677958645,0.0811525794042754,0.975,0.512350152729402
"sinusoidal",400,"montoril",133,19.905,173.823935097498,681.560982979085,232.827007587542,1157.49371670939,195.661894041488,17.0190080267331,1683.52865785663,275.42640740011,8.73267697048469,34.2406924380349,11.6969107052269,58.1509026229286,9.82978618646007,84.5781792442414,0.0025139951959184,0.00233178196915458,1.06197140907826e-06,0.000908925874101269,0.00456743700044957,1.90190305664683e-05,1.73762726314194e-05,6.11166256547623e-11,7.48117846367051e-06,3.453703898418e-05,-789.029537746658,0.070732364071097,0.0554115095319819,1,0.494453955499199
"sinusoidal",400,"montoril",134,20.122,89.2468123080062,658.095546532746,239.314980405899,1023.73936508705,207.229520564803,68.4222598096688,1689.03154754456,381.591788622693,4.43528537461516,32.7052751482331,11.8932004972617,50.8766208670635,10.298654237392,83.9395461457388,0.00272877431988685,0.00246237000602807,1.43702886274665e-06,0.000974819575572716,0.00509230764915968,1.98664161527289e-05,1.81678504587217e-05,6.72315570339868e-11,7.75920704356478e-06,3.59217405063572e-05,-787.996290964604,0.109096634920815,0.0846822949214487,0.9975,0.501177992139174
"sinusoidal",400,"montoril",135,19.647,67.228011383033,261.083831839843,196.378912909879,1084.86093209133,201.676137570098,56.169932139882,1547.22112040691,180.259611613935,3.42179525540963,13.2887378144166,9.99536381686155,55.2176379137443,10.2649838433398,78.7510113710445,0.00249065182732961,0.00231527364657998,9.88921982468838e-07,0.000872832273552209,0.00447501966258737,2.06554813695577e-05,1.88719041667491e-05,7.25708976810015e-11,7.87407596611265e-06,3.73782220747571e-05,-783.90865410055,0.108160177792506,0.0774041143608813,0.9725,0.493286038322587
"sinusoidal",400,"montoril",136,19.997,247.706662075027,1076.99683540845,222.118989214223,906.236392207757,225.701063575826,13.2774939442048,2069.81461688539,44.2452493385547,12.3871911824287,53.8579204584914,11.1076156030516,45.3186174029983,11.2867461907199,103.506256782787,0.00307909277881351,0.00281677372851569,1.74367903697767e-06,0.00108149790505291,0.00571794839721417,2.16455427004778e-05,1.94156818946137e-05,9.59840003487067e-11,7.50639246306005e-06,4.05042671957502e-05,-783.3258778568,0.0930255581475193,0.0719781453358105,1,0.508910530958709
"sinusoidal",400,"montoril",137,20.511,260.726050207376,1059.21743708324,189.289097404746,976.281537649165,293.960306200907,81.5875340234202,3058.3867496152,458.964171002187,12.7115230952843,51.6414332350074,9.22866254228198,47.5979492783952,14.3318368778171,149.109587519634,0.0039619962907697,0.00351014274080606,3.67330240144448e-06,0.00108876607613445,0.00790917255741265,2.35258099154306e-05,2.11231946438278e-05,1.12148931172906e-10,8.12272970657003e-06,4.47120810279532e-05,-799.180122704962,0.134419960559263,0.10738294345018,0.995,0.557470212411522
"sinusoidal",400,"montoril",138,20.007,144.469832224407,808.716670964034,267.849239722012,1415.62247554928,204.406128161566,49.5155951020619,1668.44549134275,462.814921045218,7.22096427372457,40.4216859581164,13.3877762644081,70.7563590517959,10.216730552385,83.3930869866924,0.00255266040648946,0.00231647572299916,1.17219505549892e-06,0.000919424008899276,0.00471680405563291,2.1057666835966e-05,1.92918201562188e-05,7.35301954221436e-11,8.07891713286399e-06,3.81728086788892e-05,-781.851349255228,0.120428870842014,0.09835967926628,1,0.496716966757582
"sinusoidal",400,"montoril",139,20.518,114.313544882003,550.647789120996,280.988173840252,1217.12512292827,218.260369953108,79.9847107700908,1804.00998869443,348.46721871098,5.57137853991633,26.8373033005652,13.6947155590336,59.3198714752056,10.6375070646802,87.9232863190578,0.00260056003450867,0.00238949048291221,1.13950315906908e-06,0.000977777814357092,0.00472139083837463,1.92784401290368e-05,1.75984972727197e-05,6.41136207766436e-11,7.43445571884319e-06,3.49637596619835e-05,-794.565478719557,0.0986155064978302,0.0764590495904613,1,0.493527160815279
"sinusoidal",400,"montoril",13,20.098,130.743925947529,715.656773307852,217.914677757627,947.727071271347,235.163627471621,14.9327741799652,1924.83492222574,226.601620531029,6.50532022825799,35.6083577126009,10.8426051227797,47.1552926296819,11.7008472221923,95.7724610521314,0.00307071957259332,0.00278852335125328,1.75988108128183e-06,0.00105572876501504,0.00571049579400404,2.20295367886253e-05,1.96782325420186e-05,1.04931026618879e-10,7.94092709077837e-06,4.20376664820548e-05,-784.942920150691,0.104581225573034,0.0772296490157897,0.9775,0.515844115085211
"sinusoidal",400,"montoril",140,19.935,171.927567512772,694.095900248621,208.555821094379,1249.08220836151,209.096019157212,64.1774095878441,1744.66210658061,426.312917555862,8.62440770066578,34.8179533608538,10.4617918783235,62.6577480993988,10.4888898498727,87.517537325338,0.00271898342204051,0.00246331709118949,1.37325227363345e-06,0.000925090798448072,0.00504130300978724,2.01822041131794e-05,1.83709488861362e-05,7.13525956617377e-11,7.82380678400293e-06,3.69207992704887e-05,-764.463163155328,0.0988166994905387,0.0770672019612132,1,0.509526130404355
"sinusoidal",400,"montoril",141,19.949,207.835199110188,890.096239375934,214.856987305297,648.869278518511,194.511810747806,66.1200227533508,1773.13416800039,208.703929639746,10.4183266885652,44.6185893716945,10.7703136651109,32.5264062618934,9.75045419558905,88.8833609704942,0.00267739611034282,0.00246371077598461,1.15602204341046e-06,0.00102196470012501,0.00482242928758953,1.96005799575948e-05,1.77755324669146e-05,7.06299872904612e-11,7.19754147528649e-06,3.58481688417943e-05,-779.470788938024,0.101208038792065,0.0782522741208837,0.9675,0.503626441606437
"sinusoidal",400,"montoril",142,20.132,155.926024601585,612.070444763531,210.757343398129,1094.06027768987,209.670987621622,64.3338740874124,1730.05787024285,415.409876550717,7.74518302213316,30.4028633401317,10.4687732663485,54.34434123236,10.4148116243603,85.9357177748285,0.00286243271481484,0.00259341135842284,1.60620075367282e-06,0.000946993961371679,0.00533039455726431,2.11693214404456e-05,1.92083560012103e-05,8.523328148485e-11,7.94991233724059e-06,3.93450314145148e-05,-806.229454700055,0.0977605006377678,0.079805670226827,0.9975,0.510920639719932
"sinusoidal",400,"montoril",143,20.328,175.865972029575,722.055920132307,186.274466612355,1409.32061038568,224.665248824947,63.146630536586,2134.59975272081,369.160995276006,8.65141538909753,35.5202636822268,9.16344286758929,69.3290343558479,11.0520094856822,105.0078587525,0.00328088023116149,0.00298590406968759,2.25750079237036e-06,0.00106545227833528,0.00624986507214162,2.08257548503773e-05,1.88715011025287e-05,7.82754690063557e-11,7.97583315079933e-06,3.79856446892063e-05,-762.264647835516,0.104052368926722,0.079159193498981,0.995,0.529891492205243
"sinusoidal",400,"montoril",144,19.984,95.3247681663714,678.235688691503,190.284892014309,1399.68750496079,229.119820121603,14.567890066898,2053.23048880916,300.473147711846,4.77005445188007,33.9389355830416,9.52186209038776,70.040407574099,11.4651631365894,102.743719415991,0.00296794684257042,0.00270132842137354,1.7116622659985e-06,0.000995508359178843,0.00556843986094532,2.02586593034824e-05,1.84845922695851e-05,6.90834558006553e-11,8.24174698128336e-06,3.69807533947646e-05,-800.825062608344,0.0877373328953606,0.0660072440442275,1,0.503255915730017
"sinusoidal",400,"montoril",145,19.976,222.055073243254,760.446963010589,219.698969732154,1286.07031906147,211.433155436802,37.2842688340849,1750.03263959697,419.160810461449,11.1160929737312,38.068029786273,10.9981462621222,64.3807728805303,10.5843590026433,87.6067600919588,0.00290716228098678,0.00263041653186709,1.72705475527991e-06,0.000917938841466069,0.00559709018427825,2.00080284539651e-05,1.82592101296242e-05,7.05804473776979e-11,7.76901372643933e-06,3.66752876049467e-05,-780.04338919964,0.112409271083178,0.0963696602072897,1,0.521010191920375
"sinusoidal",400,"montoril",146,21.026,137.414878606234,613.456414158766,252.924240743896,1206.79793610561,176.781554579562,12.7912053251671,1472.5316117274,37.4159610310901,6.53547410854342,29.1760874231317,12.0291182699465,57.395507281728,8.40775965849721,70.0338443701797,0.00256568263206591,0.00233329542437415,1.20705745952995e-06,0.00094714795854048,0.00469498831006892,1.99314269825066e-05,1.81446867339827e-05,6.97247510685022e-11,7.54006337451532e-06,3.58872828409125e-05,-789.420572925215,0.0631011080086315,0.0510691834336919,1,0.506517956516882
"sinusoidal",400,"montoril",147,20.4,200.695022050342,924.149096003603,204.47054073258,926.51339715738,231.170997293254,60.9011659984822,2117.38526974432,427.02149281246,9.83799127697754,45.3014262746864,10.0230657221853,45.4173233900676,11.3319116320223,103.793395575702,0.00294827348156876,0.0027120976596967,1.53192170039084e-06,0.000975941937195848,0.00541626800821557,2.12645466242664e-05,1.92238521713822e-05,8.7517664543162e-11,7.69640835871065e-06,3.94865437709576e-05,-773.511489482322,0.10426238520339,0.0769093869542433,0.97,0.507237939200077
"sinusoidal",400,"montoril",148,20.294,188.865931137281,664.699685448815,280.918962697823,1262.38410888274,224.7341454971,51.0647228660529,1998.2013765033,333.515734979586,9.30649113714799,32.7535077091167,13.8424639153357,62.2047949582505,11.0739206414261,98.4626676112789,0.00284656109205828,0.00258711946256117,1.46463188778394e-06,0.000985906812772534,0.0052518170509756,2.08870578904933e-05,1.9100130617121e-05,7.87849797498904e-11,7.93076988408284e-06,3.76224126319442e-05,-788.196628647174,0.121775259495429,0.0930398706511857,0.95,0.504354543599063
"sinusoidal",400,"montoril",149,20.307,245.299041102849,926.457314365581,187.49997929769,778.244461828564,231.660062604165,93.4774654929894,1939.94542712553,435.147821421475,12.0795312504481,45.622559431013,9.23326829653273,38.3239504519902,11.4078919881896,95.5308724639546,0.00293176106648658,0.00266135748347882,1.81521986849239e-06,0.00100361987141119,0.0054278740824908,2.20097230145841e-05,1.98727833247202e-05,9.48145708670567e-11,8.05318589025066e-06,4.07357315133543e-05,-761.974289152352,0.1180287583763,0.098341039476667,0.9725,0.511251921431022
"sinusoidal",400,"montoril",14,20.853,165.022356616605,573.636749735544,261.123243355215,1280.54941166868,246.965563994911,87.3015158996935,2040.95560020265,344.764920937167,7.91360267667028,27.5085958728022,12.5220948235369,61.4084022283932,11.8431671219925,97.873476248149,0.00297546304658002,0.00273265979509421,1.69652159272855e-06,0.000997041350233352,0.00540923724907063,2.14493605140096e-05,1.96170875162946e-05,7.84455023554559e-11,8.22088578558908e-06,3.90372153098733e-05,-775.498999622524,0.0994319558431499,0.0859267389273752,0.985,0.508318697174904
"sinusoidal",400,"montoril",150,20.072,201.599766521754,778.641913280659,347.187566910396,1291.81617917406,210.158822538689,40.2473463388597,1713.56667346471,327.972049113385,10.0438305361575,38.792442869702,17.2971087540054,64.3591161405971,10.4702482332946,85.3709980801471,0.0028150439551676,0.00259216470430272,1.36503372388742e-06,0.00101646343135001,0.00516204712556687,2.03150700613696e-05,1.84331993374887e-05,7.66851184459097e-11,7.68792944367053e-06,3.69896237215879e-05,-792.341536765811,0.0960057769527021,0.0767307715130402,0.9775,0.515977646385321
"sinusoidal",400,"montoril",151,21.003,154.078538073223,579.509573430425,259.488928661794,819.137748355195,223.907378088983,63.0665804548568,2048.40673747637,445.406851132761,7.33602523797664,27.5917522939783,12.3548506718942,39.0009878757889,10.6607331375986,97.5292452257474,0.00283772894101394,0.00259004355423598,1.48797879307721e-06,0.00104547917863668,0.00524613671725395,2.12463406449563e-05,1.92848908386308e-05,8.41731756019839e-11,7.91874349522585e-06,3.9103470561667e-05,-791.969473361808,0.114833542336073,0.09360122143684,1,0.506831360851376
"sinusoidal",400,"montoril",152,19.793,183.298697695607,1093.95051063111,186.614149879861,1263.92829708044,248.812274618896,86.9370773534551,2274.2146423148,526.047136906476,9.26078399917176,55.269565534841,9.42829029858339,63.8573383054839,12.5707206900872,114.899946562664,0.00333260476064955,0.00298375784767238,2.41721407385721e-06,0.00108586396576229,0.00647128574882797,2.14933288481707e-05,1.94938539530513e-05,9.1540619971022e-11,7.9250900367387e-06,3.98324846138458e-05,-811.888595343511,0.0985060768514989,0.0829937142107103,1,0.528774607982171
"sinusoidal",400,"montoril",153,20.43,209.461993050716,765.123902560613,257.090657946531,1076.10938509312,226.037833074276,52.201754993515,1941.41666997867,458.484385034033,10.2526673054682,37.4509986569072,12.5839773835796,52.6729997598199,11.0640153242426,95.0277371502042,0.00278144595364882,0.00254266072899503,1.33352198655068e-06,0.0010379579597837,0.00507110517772478,2.00405582922241e-05,1.83030013784143e-05,7.07806626674614e-11,7.7296435503728e-06,3.66925977829832e-05,-793.311503073056,0.104501356552844,0.073310337990356,0.9775,0.501640199878542
"sinusoidal",400,"montoril",154,19.724,141.177163215303,496.227467552818,212.573630703579,1230.02628582441,197.938507843088,71.7605643236613,1747.39037801731,385.953869115174,7.15763350310806,25.1585615267095,10.7774097902849,62.3619086303189,10.0354141068286,88.5920897392672,0.00287835427687631,0.00258157352386893,1.81861523066171e-06,0.000962697402208035,0.00557745201463709,2.03127723002178e-05,1.85303034737772e-05,7.01775278931114e-11,7.74684542517167e-06,3.6512362922965e-05,-785.315288912882,0.107220636086777,0.0852486088665594,1,0.509157371603937
"sinusoidal",400,"montoril",155,19.817,215.532456754982,1023.8975535377,247.739384749847,1206.33311527316,260.664052466024,63.5319142714639,2568.83101858852,480.641199067366,10.876139514305,51.6676365513299,12.5013566508476,60.8736496580292,13.1535576760369,129.627643870844,0.00332896525256423,0.00302032287683417,2.1225495923912e-06,0.00107196355365753,0.00620570977681502,2.09912025029319e-05,1.90321214063736e-05,8.50470891488953e-11,7.77192011518629e-06,3.86663415203479e-05,-779.30638213734,0.0957625483496845,0.0736214063374742,1,0.524894782323961
"sinusoidal",400,"montoril",156,20.618,15.9063142621315,299.319674578391,262.625836037869,1340.45050492638,203.780147728602,13.8351108123914,1750.22088445814,58.5482290915794,0.771477071594309,14.517396186749,12.7376969656547,65.0136048562604,9.88360402214582,84.8880048723513,0.00296765719095096,0.00270132609523667,1.55046812332997e-06,0.00102743601066896,0.00540842463192716,2.17061352256499e-05,1.9715335092984e-05,8.51086478811470e-11,8.05266602540232e-06,4.02064423948766e-05,-787.055626715465,0.137883227370696,0.104623848565632,0.95,0.517996848721283
"sinusoidal",400,"montoril",157,20.189,217.466094982656,1102.99693643626,201.34929206866,1042.21235304264,211.452655651378,9.83389849199071,1936.13226825324,243.102242557001,10.7715139423773,54.6335596828103,9.97321769620387,51.6227823588408,10.4736567265035,95.9003550573696,0.00291915261763048,0.00261258360677412,1.92427334079514e-06,0.000909937319428885,0.0055534637616533,2.04860548730335e-05,1.85018076124395e-05,7.89839244149858e-11,7.61086176191953e-06,3.78770979003258e-05,-791.511725466451,0.0850302498023055,0.065667733747642,1,0.508479761136944
"sinusoidal",400,"montoril",158,20.227,218.395628388201,915.054586696986,296.022144150891,1278.90798673048,210.603719951271,60.8125097901639,1852.07476677231,432.439929426716,10.7972328268256,45.2392636919457,14.634999958021,63.2277642127097,10.4120096876092,91.564481473887,0.00282524824520573,0.00256090251837385,1.52446532760492e-06,0.000898182716542735,0.00528094483086396,1.98973533471378e-05,1.81526533195925e-05,6.75901954678528e-11,7.76311475251463e-06,3.64227004099287e-05,-789.273232134962,0.0877390056782289,0.064686295615033,0.9925,0.504071562442482
"sinusoidal",400,"montoril",159,19.943,191.420399691012,639.375149036752,334.338801158086,1389.86418156955,178.956384220183,32.0396939153379,1503.30164174184,203.142305875801,9.5983753543104,32.0601288189717,16.7647195085035,69.6918307962467,8.97339338214826,75.3799148443986,0.00251830771673527,0.00234031274073885,9.60218384314381e-07,0.000983868255144592,0.00448039463156628,1.94792569828759e-05,1.78691432946721e-05,5.86521839374793e-11,7.98937426986146e-06,3.49571827705333e-05,-771.76393659384,0.121505670894484,0.101048800923469,0.995,0.505306732933284
"sinusoidal",400,"montoril",15,20.176,157.485848108978,805.121755865467,209.652352913649,1295.89056158089,239.499986526582,67.6882998154412,2440.67666099803,481.262743309309,7.80560309818487,39.9049244580426,10.3911753030159,64.2293101497271,11.8705385867656,120.969303181901,0.00341466520679819,0.00307646578146313,2.4417570020077e-06,0.00109411100604199,0.00643208785980339,2.16964169061391e-05,1.97390654518808e-05,8.78919710792483e-11,7.61526159188039e-06,3.98118253593396e-05,-796.367202748416,0.104399008114416,0.0836473812678717,0.9825,0.531568876482069
"sinusoidal",400,"montoril",160,20.017,176.918535404647,666.734252855405,209.488619590932,1265.34250178624,190.157264728361,50.331458232159,1581.28190453762,393.797457363912,8.83841411823184,33.3084005023433,10.4655352745632,63.2133937046632,9.4997884162642,78.9969478212332,0.00268948227685655,0.0024516526478018,1.3893694103395e-06,0.000903308647519682,0.00501434269769277,1.98213031029398e-05,1.80945061797858e-05,6.83717480668793e-11,7.74063062213473e-06,3.6084579054828e-05,-787.591475336352,0.0948243172124115,0.0811312763923653,1,0.507348479465321
"sinusoidal",400,"montoril",161,20.071,151.665478223432,683.618018351315,202.863020364051,1249.84479176073,202.566493892977,62.3696597270958,1800.41860532264,303.703616775564,7.55644851892939,34.0599879603066,10.1072702089608,62.271176910006,10.0924963326679,89.7024864392725,0.00262948046341185,0.0023863685157327,1.2912015443436e-06,0.000973923354324809,0.00485526712109616,1.92123041198773e-05,1.75333490657601e-05,6.43756381456671e-11,7.56415960063736e-06,3.49074466663998e-05,-810.427867594437,0.0777247442409768,0.064543268536613,1,0.494514255043307
"sinusoidal",400,"montoril",162,20.003,190.592585457967,847.353157756846,234.43015561827,1026.40478836909,234.286871224021,44.617909607221,2206.70821179192,144.810675867645,9.52820004289193,42.3613036922885,11.7197498184407,51.3125425370739,11.7125866732001,110.318862760182,0.00310647560397006,0.00282642759472638,1.85560088103206e-06,0.00103734065394092,0.00587546047167767,2.01856703710525e-05,1.84197595101346e-05,7.24257836944151e-11,7.42535317086523e-06,3.69624246251979e-05,-815.781293097263,0.107034458388695,0.0883349617405,1,0.510964759440534
"sinusoidal",400,"montoril",163,20.088,208.689650221442,927.081232092566,256.03784354729,1211.5284998664,215.734236512425,57.3553723092809,1699.88933199724,458.966087927566,10.3887719146476,46.150997216874,12.7458106106775,60.3110563454001,10.7394582094995,84.6221292312445,0.00270318058627208,0.00245979690845632,1.40399554343959e-06,0.000894663008859589,0.00505468719754815,2.10028900730951e-05,1.9066806569945e-05,7.97466067749957e-11,7.57059390442223e-06,3.83356407919455e-05,-779.460998713929,0.0943517285181568,0.0821994745908181,1,0.502740415229989
"sinusoidal",400,"montoril",164,19.976,193.433701599013,636.122612076061,253.59178404544,1376.21500074796,184.176009536186,52.4829862834812,1592.10260790615,170.4176746405,9.68330504600585,31.8443438163827,12.6948229898598,68.893422143971,9.21986431398607,79.7007713208927,0.00261989279096744,0.00236485639700362,1.372683626555e-06,0.000943588814050005,0.00478272658361876,1.96003795104344e-05,1.78537628011118e-05,6.75361757875893e-11,7.64523605858692e-06,3.54529350359353e-05,-799.399168390667,0.078285277310858,0.0637966647865196,1,0.497989558280779
"sinusoidal",400,"montoril",165,19.711,214.662729352907,880.867303670972,218.0171577293,905.290674373848,243.599071616533,66.8855502534976,2389.92778826904,483.062404013421,10.8905042541173,44.6891230110584,11.0606847815585,45.9281961531048,12.3585344029492,121.248429215618,0.00303359214636441,0.00278721929164715,1.59273367249308e-06,0.00105343135232422,0.00550178375681378,2.06556382679711e-05,1.86806468987392e-05,7.9851181074715e-11,7.90515555929226e-06,3.83460342240928e-05,-791.202058154029,0.0932260805042154,0.0744472291811513,1,0.512008610399283
"sinusoidal",400,"montoril",166,20.066,191.4791018309,780.095339414996,164.151180480226,1294.05733475512,220.772880145445,71.9453600758687,1859.686094971,425.905576619796,9.5424649571863,38.8764746045548,8.18056316556494,64.4900495741612,11.0023362974905,92.6784658113726,0.00278300663083546,0.00255774280802883,1.39558826379177e-06,0.000993680010159902,0.00504384235107528,2.08022520644813e-05,1.89307729638978e-05,7.74256221806394e-11,7.91506803089854e-06,3.79375407912141e-05,-777.493877377176,0.108657740849389,0.0919758033712259,1,0.505273484115225
"sinusoidal",400,"montoril",167,20.157,205.632286288435,809.873497203181,111.03828747341,1096.83458874281,224.415864425622,60.8296064451578,1960.25084185961,441.438779365236,10.2015322859768,40.1782753982825,5.50867130393461,54.4145750232084,11.1333960621929,97.2491363724567,0.00293055804376181,0.00268042338142895,1.78199502684654e-06,0.000946437626516249,0.00537618868464576,2.09725052935683e-05,1.90791865331186e-05,7.90594544460609e-11,7.85261991711366e-06,3.82977345753234e-05,-810.912856463154,0.0840978893949395,0.0654164343751954,1,0.509336558187401
"sinusoidal",400,"montoril",168,20.132,183.08849660544,801.386314121645,244.1197056805,1317.35673796425,217.900007299333,56.9148480026071,1946.85609877384,327.567358186706,9.0944017785337,39.8065921975782,12.1259539877061,65.4359595650831,10.8235648370422,96.704554876507,0.0030323047194566,0.00274928251951196,1.90333970869189e-06,0.00101212892793816,0.00569655356809606,2.06650570373564e-05,1.87086267188594e-05,7.97488677790932e-11,7.82917884193663e-06,3.81850077625739e-05,-786.111435019225,0.0903760667552711,0.0716836066609349,1,0.523228945911692
"sinusoidal",400,"montoril",169,20.339,155.892214065584,699.260278429511,333.650312408777,1112.32382967184,173.066467389838,15.6976516598897,1351.02006218034,214.700316439159,7.66469413764611,34.3802683725607,16.4044600230482,54.6892093845243,8.50909422242184,66.4250977029519,0.00241388805903708,0.00224966321219158,8.34965005138793e-07,0.000934641829553354,0.00419674600018141,2.01559334796549e-05,1.83617486756401e-05,7.42351343557934e-11,7.48975380386612e-06,3.68318083425316e-05,-761.865015309698,0.0777702223884958,0.0590171487816207,1,0.505936965969666
"sinusoidal",400,"montoril",16,21.026,244.145786558787,1128.50303178,252.406069502948,1102.84385361313,240.928467693292,20.036357073515,2321.8362070207,442.579371264967,11.6116135526865,53.6717888224102,12.0044739609506,52.4514341107737,11.4585973410678,110.426909874475,0.00332788416774813,0.00304353216713706,1.97133191445075e-06,0.00112930586631778,0.00605667179089173,2.18102097744145e-05,1.96355544542498e-05,9.71648493395333e-11,7.58416661100393e-06,4.10327566900304e-05,-779.710625406041,0.0990345648253067,0.0799839243393232,0.9925,0.521047492938111
"sinusoidal",400,"montoril",170,19.771,189.298752402595,835.143377740283,211.860427137879,1002.02671555604,220.632364064738,13.1028851509198,2041.60884356738,56.7653194173218,9.57456640547242,42.2408263487068,10.7157163086277,50.6816405622394,11.1593932560183,103.262801252713,0.00302239215209973,0.00271809919335099,1.81328411250504e-06,0.00105234464812781,0.0057920490941018,2.13261423186505e-05,1.9223306468568e-05,8.80720982422131e-11,7.76653335420357e-06,3.94647776609405e-05,-803.224461788854,0.0974198866231911,0.0747576279186484,0.9925,0.522200372986763
"sinusoidal",400,"montoril",171,20.727,98.5878619161018,396.076513607856,304.776986932621,1672.81409527305,191.330695667575,49.9402891335323,1622.49979579125,240.426952042166,4.75649452000298,19.1092060408094,14.7043463565697,80.7070051272758,9.23098835661575,78.2795289135546,0.00237270707743121,0.00217819826003878,8.56209138631305e-07,0.000928410513694829,0.00427694792569598,1.85095857901393e-05,1.72076426689653e-05,4.75205429545248e-11,7.33525894590837e-06,3.22344746154607e-05,-771.22432862095,0.0917092825968491,0.0768627365462006,1,0.495271516130339
"sinusoidal",400,"montoril",172,20.43,223.219222261887,953.095141294607,219.636155611101,1376.39140997755,224.472375404481,39.3779145595612,1970.15878395391,323.800944876844,10.9260510162451,46.65174455676,10.7506684097455,67.3710920204381,10.9873898876398,96.4345953966671,0.00275332847867968,0.00254162093750385,1.26681608013268e-06,0.000998682091874743,0.00499737411812796,1.9785629304851e-05,1.80188064835032e-05,6.73937098008271e-11,7.55716818162471e-06,3.56698468089093e-05,-768.114095123261,0.0992685476094603,0.080108808657776,1,0.511691979691335
"sinusoidal",400,"montoril",173,20.495,164.853469907463,724.153949810601,262.152521174334,923.478171106986,220.009252221194,48.7568470142912,1939.11375246373,391.911309136664,8.04359453073742,35.333200771437,12.7910476298772,45.0587055919486,10.7347768832005,94.6139913375814,0.00283923849361887,0.00260330009313738,1.43322226439475e-06,0.00101027165377897,0.0053020143126007,2.07016779808119e-05,1.89302906151919e-05,7.37319517410305e-11,7.91161071199081e-06,3.76895700257044e-05,-781.893077828893,0.135653527064051,0.108558361354681,0.9475,0.5153618982183
"sinusoidal",400,"montoril",174,20.402,128.415723713185,659.996385047369,324.213230952195,1749.55289222589,215.604821337713,55.9870705376453,1873.90229807624,300.336346786374,6.2942713318883,32.3495924442393,15.8912474733945,85.7539894238746,10.5678277295223,91.8489509889343,0.00263392339409823,0.00242355442606999,1.1441784762389e-06,0.0010466403246364,0.00471934710802873,1.98111394818281e-05,1.82350225273895e-05,6.30439082290408e-11,7.75804305304248e-06,3.54055709172163e-05,-766.311965374254,0.0779678150205832,0.0633528577946147,1,0.495801042726178
"sinusoidal",400,"montoril",175,20.224,179.140375021497,770.815444246516,248.436017172437,1307.73952771202,216.433467529068,56.0471814785305,1881.72648167634,470.705873977008,8.85781126490787,38.1138965707336,12.2842176212637,64.662753545887,10.7018130700686,93.044228722129,0.00285601957621938,0.00261211980061755,1.518903402138e-06,0.000963042110899334,0.00538906893409616,2.00074957721216e-05,1.81615024415932e-05,7.02266001404640e-11,7.51518644782706e-06,3.64794725644618e-05,-786.554912637145,0.134745034405157,0.103177430332853,0.9525,0.510832780332709
"sinusoidal",400,"montoril",176,20.12,222.092506199705,871.738452386833,157.399481920943,962.294256661605,268.823539970385,82.0707736950637,2745.96410828715,415.995879467304,11.0383949403432,43.3269608542164,7.82303588076256,47.8277463549505,13.3610109329217,136.479329437731,0.00367920615405005,0.00334336348020118,2.60619856577197e-06,0.00122713115260305,0.00693161823858271,2.25884781040548e-05,2.03212754302532e-05,1.00908398847092e-10,7.90412512407282e-06,4.24193987664173e-05,-802.732199807955,0.132522597572009,0.0955266120577763,0.94,0.543163759592489
"sinusoidal",400,"montoril",177,19.953,217.975328943187,781.529810405138,152.386879545515,1072.22652181611,197.758420937433,49.6534923118173,1770.67929137185,266.378143936075,10.9244388785239,39.1685365812228,7.6372916125653,53.7376094730673,9.91121239600228,88.7425094658373,0.0029318689859452,0.00268199096502938,1.56251552433013e-06,0.00103063519638445,0.00548811615978522,2.05843628828643e-05,1.85361173219023e-05,8.10793582480211e-11,7.50749148613596e-06,3.82564279163038e-05,-772.028789943124,0.0938876855306058,0.0733684620434881,0.9925,0.519157543078359
"sinusoidal",400,"montoril",178,20.574,159.202097558928,766.068142346088,231.294311858537,1012.25450323045,215.90165124659,71.774708461806,1869.2366747056,432.496411068981,7.73802360060892,37.2347692401132,11.242068234594,49.2006660460024,10.4939074193929,90.8543148977154,0.0027118631624624,0.00245711855241729,1.39638976479794e-06,0.000944077108625565,0.00504534533057196,1.93577074439427e-05,1.76647533924333e-05,6.49673499274488e-11,7.25761927095735e-06,3.51174766702323e-05,-794.564679808093,0.0859064884324675,0.0745108921257779,1,0.502320800173728
"sinusoidal",400,"montoril",179,19.741,214.982597806129,791.956145854719,312.610049299841,1064.76302272477,223.675064170202,76.6971266364399,1940.96942777426,427.134799043535,10.8901574290121,40.1173266731533,15.8355731371177,53.9366305012295,11.3304829628794,98.3217378944463,0.00293573362922314,0.00274552836118303,1.28810436873365e-06,0.00107215071972848,0.00516607580831043,2.23462507552536e-05,2.01357930590725e-05,9.80008366532053e-11,8.10409320899041e-06,4.17665985065476e-05,-765.295471714614,0.13932184656847,0.113776108301941,0.9175,0.516920982308207
"sinusoidal",400,"montoril",17,20.072,72.6233760337626,314.849079554784,339.398120223147,1596.87382234998,182.993514453099,59.1276000419382,1487.26862355158,191.832448463881,3.61814348514162,15.6859844337776,16.9090334905912,79.5572848918882,9.11685504449476,74.0966831183527,0.00238023356786388,0.00222390539350494,8.30058372039889e-07,0.000902718263105081,0.00417268108041758,1.94770201210132e-05,1.78660126452402e-05,6.08069599094447e-11,7.77025755484662e-06,3.49361734287718e-05,-772.646242317992,0.0694670600124392,0.0538643833840083,1,0.496182872237902
"sinusoidal",400,"montoril",180,20.208,156.331607428687,770.718712438801,288.034670878592,1708.15482339421,202.946442441817,23.2236500034599,1689.33922196524,333.290148058686,7.73612467481624,38.1392870367578,14.253497173327,84.5286432796026,10.0428762095119,83.5975466134818,0.00248985120962497,0.00230704187555657,9.89245745380681e-07,0.000954990219585469,0.00443298278333353,1.91839363677017e-05,1.75952884886814e-05,5.8684236291796e-11,7.6101802715528e-06,3.44555811018177e-05,-796.112014900745,0.092982258406426,0.0780281279945342,1,0.491326540103842
"sinusoidal",400,"montoril",181,20.353,87.2472931122624,383.862844159873,330.739421969689,1156.45206133588,196.084435006297,76.6523359824821,1567.17340260034,268.284927374072,4.28670432428941,18.8602586429457,16.2501558477713,56.8197347484835,9.63417849979351,76.9996267184365,0.00259339759041541,0.00238515590964014,1.02899506582665e-06,0.000982340769877709,0.00465119016465019,1.92431617601176e-05,1.74656421834877e-05,6.56996434261085e-11,7.49441729791822e-06,3.54477091230757e-05,-767.937823848496,0.0744712547648042,0.0611594026410291,1,0.494948343523946
"sinusoidal",400,"montoril",182,20.205,125.856598099502,554.95124610277,324.315851195855,1438.21522825667,188.919696335602,68.7520560036249,1522.0231500822,204.544215967022,6.22898283095777,27.4660354418595,16.0512670723016,71.1811545784048,9.35014582210352,75.3290348964219,0.00263514192119281,0.00241597000920771,1.14460525561122e-06,0.000937939316749808,0.0047987200005376,1.93705185982147e-05,1.77623076792535e-05,6.07088748296889e-11,7.7201872224009e-06,3.48960675902039e-05,-787.86089076266,0.0839298883203164,0.0664013030301756,1,0.501840898416171
"sinusoidal",400,"montoril",183,19.855,242.492170236882,874.012415090612,208.156271801807,1490.84666556013,211.543280423297,75.9612237929029,1863.10409859803,416.022297111535,12.2131538774556,44.0197640438485,10.4838212944753,75.0867119395682,10.6544084826642,93.8355123947637,0.00288600239233398,0.00262294306687468,1.69087932366885e-06,0.00101950516872524,0.00538736845730083,1.99466976612095e-05,1.8059087321965e-05,7.50285007316004e-11,7.60696453694091e-06,3.67195823273203e-05,-788.558741028902,0.0841261458219491,0.06918959585922,1,0.503417796999375
"sinusoidal",400,"montoril",184,20.441,180.061854203641,641.960115522025,237.840365381438,1193.4647246748,244.508507212954,44.5062665706345,2375.55004976482,275.70443482045,8.80885740441473,31.4055141882503,11.6354564542556,58.3858287106698,11.9616705255591,116.214962563711,0.00316339654932443,0.00290833741818146,1.81572895169265e-06,0.00105734084212683,0.00587375954769518,2.0834187945291e-05,1.90684351973516e-05,7.67986770374972e-11,7.67172973371793e-06,3.74511174463073e-05,-780.44495178134,0.104615071774049,0.0888758393142337,1,0.517809633103131
"sinusoidal",400,"montoril",185,19.765,198.149745632644,860.738573178722,136.806547819797,1267.18564073051,223.017773265676,84.7187975898365,1812.78941775552,517.296154092051,10.0252843730151,43.548625002718,6.92165685908409,64.1126051470029,11.2834694290755,91.7171473693659,0.00276108427480284,0.00249484948249663,1.43370587446079e-06,0.0010169110920958,0.00514257656763964,1.99239429157858e-05,1.81973009728762e-05,6.90535584125315e-11,7.4215492782134e-06,3.61471965612252e-05,-791.364595324092,0.086930429791355,0.0589455151838099,1,0.502190498023285
"sinusoidal",400,"montoril",186,20.097,198.729342784732,1147.3744474777,216.68973413565,1029.32839506997,239.743358278909,67.3716307810296,2056.5163152754,401.783340415382,9.88850787603783,57.0918270128725,10.7821930703911,51.2180123933906,11.9293107567751,102.329517603394,0.00293632615425658,0.00269203037144049,1.5603559039051e-06,0.0010080183706537,0.00535608202965106,2.10267214379377e-05,1.89028598270844e-05,9.15620231617432e-11,7.51077521637797e-06,3.93718181112877e-05,-775.275337937958,0.0965960599779331,0.0780182131173625,0.9825,0.515894096004734
"sinusoidal",400,"montoril",187,20.069,175.416507267639,657.140687661923,323.44337415833,955.81488888057,211.89893069785,63.2614918213731,1847.2279753412,305.141487746463,8.74067005170359,32.7440673507361,16.1165665533076,47.6264332493183,10.5585196421271,92.0438474932084,0.00294896277791645,0.00272005915532916,1.38360105742718e-06,0.00111118333444432,0.0053017048924312,2.21373024473691e-05,1.99392596827927e-05,1.01440651588805e-10,8.2055780440357e-06,4.13479577595875e-05,-778.510020167536,0.117383134531668,0.0849990939151486,0.9725,0.522194475010059
"sinusoidal",400,"montoril",188,20.729,175.494569715241,899.597108738135,238.617870560001,1488.46473490043,222.952842458837,76.4708306155953,2082.88337492645,359.112972242822,8.46613776425496,43.3979983953946,11.5113064093782,71.8059112789054,10.7556004852543,100.481613918976,0.00300052830981236,0.00269617301633108,1.94846393425639e-06,0.000996424394312772,0.00570930694420843,1.93821710551954e-05,1.76269178405277e-05,6.52920986293579e-11,7.4388870069569e-06,3.51635652206778e-05,-802.968209992995,0.079324812067903,0.0656783140783854,1,0.503573967214064
"sinusoidal",400,"montoril",189,20.056,180.174846370603,819.373154977513,175.327169519155,1044.86308839702,275.094092763386,101.317244732721,2866.89474882036,535.956577667595,8.98358827137033,40.8542658046227,8.74188120857376,52.0972820301665,13.7162990009666,142.944492861007,0.0035820154138861,0.00326641645451415,2.49990853613785e-06,0.00114302626331323,0.00664818817767293,2.17828702444781e-05,1.95061931988748e-05,9.81176970725677e-11,7.87968801479728e-06,4.13486607839535e-05,-791.336650992742,0.0945651152625867,0.0795481424517125,1,0.52379129955734
"sinusoidal",400,"montoril",18,19.979,167.511439026391,647.93357757118,233.58216117097,1290.25764730037,237.187831276962,16.8298026336929,2281.59888247649,405.406334669772,8.38437554564248,32.4307311462626,11.6913840117608,64.5806920917148,11.8718570137125,114.199853970493,0.00307452980375484,0.00278323876976242,1.89607888509662e-06,0.000986731038449864,0.0058390001755715,2.10674931744197e-05,1.91456828513595e-05,8.77808875632172e-11,7.84985881086687e-06,3.85514542979619e-05,-791.883833623262,0.1135420514762,0.0959022304073985,1,0.516570771322656
"sinusoidal",400,"montoril",190,20.493,208.695250756065,849.526687727292,305.911077638291,1192.9748769654,211.087176355788,53.0969247997519,1690.68233878758,383.836530589302,10.1837335068592,41.454481419377,14.9275888175617,58.2137743114915,10.3004526597271,82.500480104796,0.0025656047511206,0.00238254593630384,1.00223592877086e-06,0.000968864666665964,0.00452337983096044,2.01431528399932e-05,1.82468801514606e-05,7.24282507949147e-11,7.72109596454125e-06,3.69424261299702e-05,-761.148273517976,0.0930094073744234,0.0736150577871995,0.995,0.502058049093297
"sinusoidal",400,"montoril",191,20.639,237.370602560203,908.356917671931,251.838580755807,1221.93890410625,277.916354628726,98.7327142436472,2819.29747420458,570.951487140108,11.5010709123602,44.0116729333752,12.2020728114641,59.2053347597388,13.4655920649608,136.600488114956,0.00355691121757142,0.00320985468420785,2.56688995568516e-06,0.00106079470481378,0.00675632240870246,2.14707003160657e-05,1.93787660212502e-05,9.17582381676498e-11,7.64238310902701e-06,3.98861666173544e-05,-796.713673996433,0.0921775860780971,0.0741831080455953,1,0.528582635346532
"sinusoidal",400,"montoril",192,20.082,212.958470471822,837.390992967311,259.394149214822,1293.13998772019,238.029230964648,72.6993487905547,2078.90312612006,457.401492621426,10.6044452978699,41.6985854480286,12.9167487906992,64.3929881346575,11.852864802542,103.520721348474,0.00296953181601218,0.00269759978063148,1.62992590274961e-06,0.000989898461006402,0.00551178586618556,2.00351761618394e-05,1.81377913935364e-05,7.8268604643092e-11,7.50595295779769e-06,3.68758957428044e-05,-782.732394878918,0.079281316427204,0.0617402093953832,1,0.505674517596502
"sinusoidal",400,"montoril",193,20.237,101.968815551391,591.638270306587,273.589252712298,1175.14256540456,213.301540591348,50.1715002891022,1745.33461486558,309.75864854404,5.03873180567235,29.2354731584023,13.5192594115876,58.0690104958522,10.5401759446236,86.2447306846657,0.00278900673807644,0.00253921852220084,1.41008285457067e-06,0.000992751966933473,0.00520325515329379,2.07158909192153e-05,1.88551006956275e-05,7.54420239305208e-11,7.67931725083264e-06,3.81230314200316e-05,-783.94487973438,0.0743706973892943,0.059873858345454,1,0.504419182977906
"sinusoidal",400,"montoril",194,19.907,226.257029070863,983.383725675355,159.407583771323,893.280306029797,223.319623916994,81.1199388674745,1785.31307010059,337.977787890004,11.3657019676929,49.3988911275107,8.00761459643957,44.8726732320187,11.2181455727631,89.6826779575319,0.00277337892752234,0.00252053649919219,1.38001332968458e-06,0.000990108609414743,0.00514428081107569,2.04902981740421e-05,1.85923793213085e-05,7.78606641242572e-11,7.9920296290139e-06,3.78194561023949e-05,-778.870652108749,0.11984665128263,0.0975342386364934,1,0.504471205314394
"sinusoidal",400,"montoril",195,20.093,351.984233327562,1658.29204990526,192.690430696933,1057.31663458476,296.8943827503,84.668502770322,3409.31193147121,569.696073084909,17.5177541097677,82.5308341166209,9.58992836793575,52.6211434123703,14.7760106878166,169.676600381785,0.00399432943506668,0.00355424300768944,3.58283461130572e-06,0.00118153410424816,0.00783740665617228,2.12805556154384e-05,1.9169717770321e-05,9.0860870678881e-11,7.48352382116587e-06,3.93347651377169e-05,-779.229883057258,0.104683020137344,0.0825416964082635,1,0.542992873217996
"sinusoidal",400,"montoril",196,20.06,159.980512152829,575.348351914934,222.87589212126,1143.59962286006,211.619254065357,64.7944817277164,1815.13613317993,348.94829191519,7.97510030672128,28.6813734753207,11.1104632164138,57.0089542801623,10.5493147589909,90.485350607175,0.00278915556245459,0.0025257606410369,1.59497418656634e-06,0.000908764530644518,0.00526814981955663,1.96736006726322e-05,1.8070342387804e-05,6.37483619317915e-11,7.7764838507499e-06,3.50864010413998e-05,-787.026384345954,0.0836526340448903,0.0674175084599163,1,0.504035599390183
"sinusoidal",400,"montoril",197,19.71,147.850086121095,667.39770544481,207.222197983917,1393.47906532457,190.16453860913,61.5640799134334,1699.62316452713,264.888051658647,7.50127276109059,33.8608678561547,10.5135564679816,70.6990900722765,9.64812473917452,86.2315151967088,0.00274911045677168,0.00250946289833138,1.45793265004132e-06,0.000946723661691906,0.00495098496078845,1.96898970498309e-05,1.79554754713041e-05,6.39835982802946e-11,8.07348716018366e-06,3.56579432945807e-05,-788.627051794665,0.106367324903966,0.0839959688529204,0.99,0.51175247873337
"sinusoidal",400,"montoril",198,20.292,166.76438968918,772.699282274664,267.786603108814,1156.7422919643,220.503143626439,56.4379391441309,1802.12677382762,238.182724448677,8.21823327859158,38.0790105595636,13.1966589349899,57.0048438776019,10.8665061909343,88.8097168257253,0.00262739748856998,0.00239992278573341,1.1566083116448e-06,0.000988736312651637,0.00479511528389022,2.06703923605129e-05,1.86994343297026e-05,8.2224048530897e-11,7.74902603025988e-06,3.80494402421259e-05,-783.076790164792,0.103618432453198,0.0827505217940508,1,0.49713320972745
"sinusoidal",400,"montoril",199,19.929,291.571204577575,1216.57171265734,141.400999574178,868.541155667535,256.476833291617,93.4311434374354,2535.55836760651,555.220924819233,14.6304984985486,61.0452964352119,7.09523807387113,43.5817730778029,12.8695284907229,127.2295834014,0.00356091949770941,0.00320628536825471,2.8927714021621e-06,0.000985217944600807,0.00694525845688692,2.12323768218576e-05,1.93288038749824e-05,7.85044370521391e-11,7.90147473277808e-06,3.85366145914325e-05,-795.428124387287,0.136541474110993,0.0975385573073575,0.93,0.53723479287702
"sinusoidal",400,"montoril",19,20.199,258.19277971332,1173.35044179158,238.572469463843,1101.10349500177,271.869144679209,77.7823483731344,2693.07732121845,451.725792806616,12.7824535726184,58.0895312536057,11.8111029983585,54.5127726621007,13.4595348620827,133.327259825657,0.00360475502776463,0.00329264047683125,2.50237931366367e-06,0.00122296581165776,0.00675685886336174,2.31674235422385e-05,2.07783552354584e-05,1.13859689631158e-10,7.86133228053082e-06,4.41428649777552e-05,-778.226207421715,0.100290958297684,0.0816455132867446,1,0.5290742446354
"sinusoidal",400,"montoril",1,20.25,195.641739637978,721.509086012169,213.297444080648,1146.53788794291,271.232903594269,59.6609178490815,2577.41772143502,246.298809006222,9.66132047594954,35.6300783215886,10.5332071150937,56.6191549601437,13.3942174614454,127.279887478273,0.00352322609158375,0.00317860680656453,2.84985442389911e-06,0.00102182821040183,0.00687706255102034,2.20315653052175e-05,1.99225944068392e-05,9.32019601504663e-11,8.14937971705985e-06,4.1119246008273e-05,-795.732742489372,0.0850584368467122,0.0703753419207635,1,0.535772327450145
"sinusoidal",400,"montoril",200,20.039,217.152445123925,934.794030873628,273.478528695734,1469.55580557648,199.866624926433,44.4680578088714,1637.07809284783,264.281259967041,10.8364910985541,46.6487365074918,13.647314172151,73.3347874433096,9.97388217607828,81.6946001720561,0.00258969134718259,0.00240144659716867,1.03159273299736e-06,0.00102046072218622,0.00457165512019212,1.99012719492492e-05,1.80322373340607e-05,6.98550947160518e-11,7.72105976273687e-06,3.67855580258381e-05,-777.282488011703,0.0887410222139054,0.0726575009478183,1,0.496771773345108
"sinusoidal",400,"montoril",20,20.191,150.900866000535,576.457269049615,278.464014074517,1240.09070210395,217.427622744368,67.4399996649343,1709.2473578249,240.463937012846,7.47366975387723,28.550208956942,13.7914919555503,61.4179932694742,10.7685415652701,84.6539229272895,0.00266850000948404,0.00240065777203438,1.33420046117013e-06,0.000952272648697038,0.00502172739005897,1.99142453902088e-05,1.81855367629497e-05,6.7657569756451e-11,7.46733971194005e-06,3.61092926704401e-05,-780.669913534549,0.0786273478294535,0.0633513000709554,1,0.498008893607514
"sinusoidal",400,"montoril",21,19.94,298.081176291223,1311.66192445457,141.037278624873,1249.12564444759,247.408885422932,14.9523160835029,2448.74617098942,459.184581446245,14.9489055311546,65.7804375353344,7.073083180786,62.6442148669805,12.4076672729655,122.805725726651,0.00342160415971742,0.00302710287836037,2.80997243736982e-06,0.000901761498169693,0.00672416415832266,2.05144179490567e-05,1.87315296722482e-05,7.20137940616843e-11,7.76709697470868e-06,3.70213743504355e-05,-803.681910652222,0.0913906792679963,0.0750141607797982,1,0.528193979586302
"sinusoidal",400,"montoril",22,19.981,215.443058319231,972.445459781867,179.315389107104,1212.95781515179,236.351617463444,66.2900094161442,2424.77398212392,572.770693043401,10.7823961923443,48.6685080717615,8.97429503563908,60.705561040578,11.8288182505102,121.353985392319,0.00344307186369319,0.00309720888245116,2.6921889067317e-06,0.00117018730977922,0.00658335564928263,2.08782503567277e-05,1.87397831595331e-05,8.58399510940135e-11,7.57349539514213e-06,3.94802476235765e-05,-782.403128148643,0.093705113800059,0.0719056417373788,0.9775,0.530542296942644
"sinusoidal",400,"montoril",23,20.668,218.277613836939,1039.51634051172,200.986452256332,1091.92256934691,244.492580750045,62.0309746819574,2396.75945650573,465.205625569184,10.5611386605834,50.2959328678015,9.7245235270143,52.8315545455248,11.8295229702944,115.964750169621,0.00339925769763086,0.00306997427034865,2.76672297390548e-06,0.000960791853384004,0.00661589163271794,2.12487017200302e-05,1.92701632093497e-05,8.38203806121117e-11,7.94951210508711e-06,3.91267134501943e-05,-796.041642711111,0.0893530796446938,0.0733056706959272,1,0.530102312520684
"sinusoidal",400,"montoril",24,19.966,153.075001059828,632.32116820255,311.11015146059,1239.60901415911,195.634174811269,52.9274640016063,1657.77928300967,353.192050601994,7.66678358508603,31.6698972354277,15.5819969678749,62.0859969026901,9.79836596270006,83.0301153465726,0.00260009385860417,0.00236507888385484,1.21689882104439e-06,0.000945762920323728,0.00489228949851895,1.95080502125286e-05,1.77731920829503e-05,6.58821536189057e-11,7.52126250937803e-06,3.54089024418068e-05,-775.016079069102,0.0667413924862316,0.051080948471909,1,0.495765644782844
"sinusoidal",400,"montoril",25,20.28,149.214156706034,606.732606782711,253.28814300378,1367.31435800532,208.464449748915,69.1823713926658,1832.77739125221,306.449066687065,7.35770003481428,29.9177813995419,12.4895534025533,67.4218125249173,10.2793121177966,90.3736386219036,0.00288845255918266,0.00264592982307326,1.73092685997143e-06,0.000960132126148541,0.00534560011718138,2.01374077192e-05,1.84546639458457e-05,6.52773372604037e-11,8.02593382037696e-06,3.63323611759348e-05,-775.379884057531,0.128237450349999,0.101268716843854,0.99,0.519650955184724
"sinusoidal",400,"montoril",26,19.875,166.241463735113,842.588743285474,218.853027925421,851.908899057149,194.538813878946,11.8687767665916,1521.44771910189,89.51063194997,8.36435037660945,42.3944021778855,11.0114731031658,42.8633408330641,9.7881164215822,76.5508286340572,0.00250224919190721,0.00231096855488394,9.62232654287805e-07,0.000955798587624265,0.00447378393172009,2.00096144178387e-05,1.83374097013471e-05,6.63144936760315e-11,7.84334738790724e-06,3.60519354561889e-05,-767.08973808741,0.109801913281656,0.0893539835008307,0.9825,0.501784273402245
"sinusoidal",400,"montoril",27,29.326,116.362319657417,1282.13204682472,262.215487661349,1380.6033035088,214.665001055139,68.1864641845071,1844.84942707809,303.300329485027,3.96788923335666,43.7199770451039,8.94139970201696,47.0777911583169,7.31995502472684,62.9083211852311,0.0028207444568899,0.00260087964231304,1.38234924199485e-06,0.00101113659658961,0.00514005805143389,2.02709325589593e-05,1.83493657592255e-05,7.4075447540999e-11,7.71240635689293e-06,3.73462782102149e-05,-789.454362933782,0.11278759257152,0.0984219644403977,1,0.51876604919394
"sinusoidal",400,"montoril",28,19.79,210.740665707157,834.04749670446,261.05993875302,1080.65655546728,225.289424002207,48.2641624905965,2026.55230578812,306.654939545239,10.6488461701444,42.1448962458039,13.1915077692279,54.6061927977403,11.3840032340681,102.402845163624,0.00309575930497043,0.00279070222407293,1.83498495942066e-06,0.00105637076744992,0.00584986365309177,2.05646712815913e-05,1.86110096244516e-05,7.61702214406047e-11,7.73303144620328e-06,3.75229721245071e-05,-780.428056295104,0.091276963603424,0.0671082258353283,0.985,0.515404799331257
"sinusoidal",400,"montoril",29,29.416,145.142817587619,797.365952052717,306.71792437697,811.117469915523,204.306898462453,49.1009008397044,1770.57160511376,260.217988744758,4.93414528105859,27.1065390281723,10.4269079540716,27.57402331777,6.94543440516905,60.190767103405,0.00272825755122377,0.0025168761224322,1.21973044577756e-06,0.000968396146572682,0.00488009585248109,2.0760313212526e-05,1.87985996357249e-05,7.98826472940802e-11,7.85258500199844e-06,3.84875604110026e-05,-773.07840311751,0.0990518572112217,0.0748302642483104,1,0.505773220719191
"sinusoidal",400,"montoril",2,20.638,209.690342635243,1019.41479290536,285.204013388111,1417.73003346858,222.124007706998,53.0485738904372,1764.73942411966,385.613713086347,10.1604003602695,49.3950379351373,13.8193629900238,68.6951271183534,10.7628649921018,85.5092268688664,0.00277271133622439,0.00251445074253566,1.51986215280324e-06,0.000974099677792388,0.00519550557912953,1.97152733485914e-05,1.78530679154941e-05,7.2099700356659e-11,7.58158510773046e-06,3.62042118943924e-05,-807.357536380709,0.0932650152725826,0.074392803873977,1,0.499149532353669
"sinusoidal",400,"montoril",30,19.951,237.952292397808,876.456785960168,216.283065508855,1335.7970502504,209.291646140499,41.2099149065711,1735.97236519204,315.701840791717,11.9268353665384,43.9304689469284,10.8407130223475,66.9538895418977,10.4902835016039,87.0117971626504,0.00266678916981117,0.00242585983689391,1.30099482742661e-06,0.000992009422379033,0.00489457236258836,1.9815671380568e-05,1.81066812511294e-05,6.61402967608859e-11,7.67114442161948e-06,3.60918066653473e-05,-806.193463513181,0.11165852028368,0.0839552346354217,0.9675,0.494824916553128
"sinusoidal",400,"montoril",31,19.796,266.930126651254,1061.84334718747,344.051946865836,1435.55752980315,230.640803396158,15.6113511280769,2453.16745219023,305.258511054632,13.4840435770486,53.6392880979727,17.3798720380802,72.5175555568373,11.6508791370054,123.922380894637,0.0029797703843039,0.00276461731713386,1.46466002279006e-06,0.00103667794469936,0.00531145231427904,2.06228230087389e-05,1.86267861686072e-05,7.89259722456806e-11,7.84229475119794e-06,3.84183343103821e-05,-794.486788692369,0.0878729213965784,0.0679118622127368,0.9675,0.5010787115913
"sinusoidal",400,"montoril",32,19.814,128.467369722433,637.353506924841,318.651443437375,1469.32979757347,209.063703554369,47.3947711958565,1770.85432749449,403.649832068307,6.48366658536557,32.1668268358152,16.082136037013,74.1561419992665,10.5513123828792,89.3738935850654,0.00287979297029202,0.0026355608917144,1.51468792838032e-06,0.00098129594139163,0.00542515262566298,1.95176034795736e-05,1.77592184263067e-05,6.65630911937673e-11,7.42996375087255e-06,3.56987160455894e-05,-811.354766780446,0.0705319919738707,0.0560072280964181,1,0.511280735563462
"sinusoidal",400,"montoril",33,20.046,227.047702930425,1065.89177983134,216.035972201018,1277.84788896318,260.932952920135,50.9604942412799,2365.8645039237,350.769379715889,11.3263345769941,53.172292718315,10.7770114836385,63.7457791561,13.0167092148127,118.021775113424,0.00348405625660688,0.003128761763366,2.76407994289133e-06,0.00104169318805787,0.00679244068832958,2.21085476683761e-05,2.00578839454042e-05,9.05306623936907e-11,8.0862807266762e-06,4.09003323382359e-05,-799.536509242344,0.129320438076865,0.0935145675639548,0.955,0.54106662180859
"sinusoidal",400,"montoril",34,20.047,145.830552273259,691.309867885665,258.864135822957,1540.46213239458,225.590966057401,39.7039194699339,1844.90828476688,480.984808564246,7.2744326968254,34.484454925209,12.9128615664667,76.8425266820261,11.2531035096224,92.0291457458411,0.00272165887116396,0.00243830794301966,1.54824473691352e-06,0.000983601353690763,0.00513037801130294,1.9495416743927e-05,1.79625003416358e-05,5.89468513651349e-11,7.80624329056628e-06,3.4781974534848e-05,-800.885498266836,0.094193828574219,0.078761511953228,0.9875,0.496437737189166
"sinusoidal",400,"montoril",35,20.047,226.250768239392,1199.16947937859,265.275044390557,868.779808168276,197.89037849232,44.5488595473471,1701.67145626973,247.763443080294,11.2860162737263,59.817901899466,13.2326554791518,43.3371481103545,9.87132131951513,84.8840951897905,0.00276813288232,0.00252280536124447,1.38768418993771e-06,0.000906884303369264,0.0050841368590439,2.01007425260361e-05,1.83285973939582e-05,7.11082112781016e-11,7.89529533523239e-06,3.72136600287684e-05,-766.262247427252,0.111155357465616,0.0932377406763344,1,0.510958693613189
"sinusoidal",400,"montoril",36,20.068,237.447476694625,1190.05131082399,258.701409779558,926.689779979811,230.147682244057,66.1847811998393,2036.89709238291,418.373061017813,11.8321445432841,59.300942337253,12.8912402720529,46.1774855481269,11.468391580828,101.499755450614,0.00294772046774352,0.00267850378527537,1.60583419567628e-06,0.00106063326335718,0.00554077531106538,2.07745941616249e-05,1.87988410950682e-05,8.13726245839003e-11,7.70757243205797e-06,3.85172100364025e-05,-794.58412144522,0.127935983771577,0.109019258358495,1,0.507224242610719
"sinusoidal",400,"montoril",37,19.862,163.191693535196,666.798478209694,256.415430253874,1321.73465778278,208.745520335036,42.9271030451443,1869.43853826571,243.122769703505,8.21627698797686,33.5715677278066,12.9098494740648,66.5458995963537,10.5097935925403,94.1213643271427,0.00284967137478602,0.00259307122167684,1.50827307703094e-06,0.000939178583302985,0.00528714715503451,2.0045540734003e-05,1.82733802787176e-05,6.84318877428548e-11,7.68805293999019e-06,3.63108644544595e-05,-775.957866050403,0.101654133740756,0.0776342660750663,0.9775,0.509145230646501
"sinusoidal",400,"montoril",38,20.093,268.496083869612,1215.27870728338,209.208252093342,922.5942099001,228.669006425693,46.400228378955,2149.12128849023,465.945123599113,13.3626677882652,60.4826908517086,10.4119968194566,45.9162001642413,11.380530852819,106.958706439568,0.00319464490571947,0.0029098714972914,2.07145763203046e-06,0.00100946468916291,0.00605869492973572,2.1833147599429e-05,1.98065092254209e-05,8.98887785004818e-11,7.79412595184262e-06,4.02049204074762e-05,-792.174830319323,0.146989786618196,0.126629743629583,0.9825,0.525109194628274
"sinusoidal",400,"montoril",39,19.676,239.429202135845,1143.60453883377,219.559652831563,1350.77326809926,272.171638241458,73.4134124646374,2738.5758194462,594.694985360675,12.1685912856193,58.1218001033631,11.1587544638932,68.6508064697732,13.8326711852744,139.183564720787,0.00354969717006775,0.00322260215213955,2.49512425615892e-06,0.00115258876767544,0.00672353436894688,2.18128241040348e-05,1.97293376014528e-05,9.45724258892316e-11,7.84244809526651e-06,4.06014278996646e-05,-781.906772975967,0.0880136687905995,0.0743577392513724,1,0.529070583036695
"sinusoidal",400,"montoril",3,20.252,235.247657368826,991.505593057704,275.911526237967,1381.15204761338,271.146128683987,85.9389522996883,2702.67497820243,414.430389177765,11.6160210037935,48.9584037654407,13.6239149831111,68.1983037533762,13.3886099488439,133.452250553152,0.00332214832961347,0.00307459266381208,2.04352290425315e-06,0.00108209437887554,0.00614263457679118,2.08447285430162e-05,1.8807267483564e-05,8.61886379630607e-11,7.53171915345885e-06,3.88462722164932e-05,-812.242031816429,0.0934482787307935,0.0766038041004279,1,0.516011278466233
"sinusoidal",400,"montoril",40,19.786,170.298297712183,746.856737844737,225.043392503573,908.098077605121,209.549239865906,83.3991283559738,1805.25008208961,336.786150488147,8.60700989144766,37.7467268697431,11.3738700345483,45.8959909837825,10.5907833754122,91.2387588238962,0.00286010825965032,0.00257459293685262,1.64755164780826e-06,0.00102935564584663,0.00550379949059907,1.99555362416898e-05,1.82112997179582e-05,7.12329101945933e-11,7.49173898815027e-06,3.63730552112518e-05,-785.859697587391,0.0859491185029077,0.0669528474273454,1,0.497189628214874
"sinusoidal",400,"montoril",41,19.873,173.904079966179,715.731554645534,215.362093196413,1160.44351086368,239.212400667489,54.9943970359483,2167.32328140922,427.162689524185,8.75077139667785,36.0152747267918,10.8369190960808,58.3929709084525,12.0370553347501,109.058686731204,0.00299865261392773,0.00268815545586869,1.80660252388952e-06,0.000987564487814364,0.00576804024262432,2.0942626625946e-05,1.89731459643511e-05,8.00894006314423e-11,7.66972679630634e-06,3.88609479798473e-05,-806.000895611844,0.0797473512397053,0.0627257703780435,1,0.504731300309433
"sinusoidal",400,"montoril",42,19.808,110.31723271476,432.623853863558,240.942058311759,1076.42981095985,195.908319044177,52.0235653001427,1584.0670595284,297.081638316211,5.56932717663366,21.8408649971505,12.1638761264014,54.3431851251945,9.89036344124479,79.9710752992931,0.00253319769127541,0.00232087079384472,1.07534302263839e-06,0.000940615655170697,0.00457506266306188,2.02328920814018e-05,1.84488035530009e-05,7.30982478542296e-11,7.53581446318287e-06,3.64135625197296e-05,-795.920285504361,0.105999540171447,0.0870686249688129,0.9725,0.487493681413783
"sinusoidal",400,"montoril",43,20.308,211.818629682403,983.703510848474,280.088307758495,1274.15395323077,214.540140688493,61.3962380894691,1964.62607113706,300.853259114643,10.4303047903488,48.439211682513,13.7920183060122,62.7414788866834,10.5643165594098,96.7414846925872,0.00276885610126642,0.00255760354450783,1.31568891771264e-06,0.000966849111571671,0.00498921402545165,1.97044327334008e-05,1.80136683689175e-05,6.50673203988701e-11,7.71757996972234e-06,3.55715246469806e-05,-786.717737471165,0.0935327249046052,0.0778212179109791,0.9975,0.495632978605248
"sinusoidal",400,"montoril",44,20.099,199.003245513528,743.238999617824,226.578235266449,1121.41194968129,219.279674677035,39.4321344936409,1675.51334178239,191.12972429563,9.9011515753783,36.978904404091,11.2731098694686,55.7944151291751,10.9099793361379,83.3630201394292,0.00265075647218178,0.00243902864383548,1.14944921931276e-06,0.000962765435592406,0.00476980300708833,2.09614343218883e-05,1.9001805167577e-05,7.80254708331584e-11,7.88495848558783e-06,3.84743607711495e-05,-777.268895979619,0.110049335393471,0.0813046334325485,0.97,0.506414062935135
"sinusoidal",400,"montoril",45,20.902,151.673169512882,682.560760471747,267.036438912997,962.329987098779,229.483287912382,74.7353599519609,1900.27878630631,440.338181426123,7.2563950585055,32.6552846843243,12.7756405565495,46.0400912400143,10.9790109995399,90.9137300883319,0.00262047038485091,0.00242942247556817,1.09887646061869e-06,0.000966815112608823,0.00473800135885534,1.99240394924246e-05,1.81850334040469e-05,6.95277728694539e-11,7.5114170806513e-06,3.60465647973969e-05,-783.506235766095,0.101707189947536,0.0715974934659827,0.9775,0.482820150200429
"sinusoidal",400,"montoril",46,21.145,195.446286118332,760.324378263722,215.43373762166,1459.96722606717,204.74491596166,66.2900047548244,1857.22089570662,500.221374460292,9.24314429502632,35.9576438053309,10.1884009279574,69.0455060802635,9.68289978537056,87.8326268955601,0.0028579928926422,0.00258762759496372,1.51207208828455e-06,0.00103409988689243,0.0053079991712111,2.06781449483066e-05,1.89058535811095e-05,7.37744411043448e-11,7.91929440919142e-06,3.77480830595191e-05,-806.527132865293,0.0983427225749733,0.0715860815500317,1,0.503362940552734
"sinusoidal",400,"montoril",47,20.242,239.170735106422,1010.22152457527,258.882022976908,1032.9506030849,197.904792644542,51.1842686289132,1799.03167866178,378.653079882931,11.8155683779479,49.9071991194184,12.7893500136799,51.0300663513931,9.77693867426846,88.8761821293239,0.00268841126208692,0.00243983162086242,1.43377474368869e-06,0.000946693852526049,0.00498695113056515,1.92205203443758e-05,1.75912888395034e-05,6.18832941368562e-11,7.65167702321551e-06,3.4998322296423e-05,-798.201008882109,0.0860239038910251,0.0661488493624786,1,0.498236586809926
"sinusoidal",400,"montoril",48,20.208,146.31992885274,640.023332256054,263.736602286975,1313.18836751769,198.422562390021,18.9999018207452,1536.35234524848,57.8653009714955,7.24069323301365,31.6717800997651,13.0510986879936,64.983589049767,9.81901041122429,76.0269371164133,0.00254596193503982,0.00237372192197188,9.97641295155007e-07,0.000930545055994409,0.00449195688836336,1.90739246123453e-05,1.76036077511265e-05,5.51090885061086e-11,7.51273648675466e-06,3.35445401244772e-05,-800.548557173399,0.0819862376617611,0.0646438741877134,1,0.504789501145258
"sinusoidal",400,"montoril",49,20.033,161.397693844525,600.237587707137,258.550831244098,913.806868333185,222.59976333321,85.2051478209378,1868.87518848287,279.021182612959,8.05659131655395,29.9624413571176,12.9062462558827,45.6150785370731,11.1116539376634,93.2898312026589,0.00285420900507604,0.00255668135792434,1.77545155514654e-06,0.00100825876181592,0.00543765936619197,2.15874190697662e-05,1.95908801204734e-05,8.86079933641328e-11,7.94714380728196e-06,3.96761334768535e-05,-786.391269044961,0.11984839847109,0.0941479226845252,0.98,0.50310689619485
"sinusoidal",400,"montoril",4,20.225,172.578085733199,560.521290458406,156.226508947667,970.920938208493,189.794858107882,51.5193302475509,1645.07723726443,325.787895808482,8.53290905973792,27.7142788854589,7.72442565872271,48.0059796394805,9.38417098184832,81.3388003591808,0.00292432799066821,0.00262774365876233,1.65442785831722e-06,0.000998438371380783,0.00560335988349896,2.0005841480762e-05,1.81849575495628e-05,7.00973023522759e-11,7.84340370615757e-06,3.67479876881264e-05,-784.805647498664,0.0747871175907107,0.0620749545803236,1,0.508892507373091
"sinusoidal",400,"montoril",50,20.267,231.837022511985,762.523611142696,261.877046676295,1291.19457744793,215.506113944097,76.8378311630927,2035.83422902507,448.196251564154,11.4391386249561,37.6239014724772,12.9213522808652,63.709210906791,10.633350468451,100.450694677312,0.00285005798806199,0.00257241580529262,1.6550596087965e-06,0.0010190423208617,0.0054686207630937,2.04523423789426e-05,1.85246489986511e-05,7.65470352303083e-11,7.81441280399063e-06,3.82257966543695e-05,-773.608435070649,0.141444352341962,0.0978140523433399,0.94,0.509429943578437
"sinusoidal",400,"montoril",51,20.055,187.451787964249,879.522603777002,231.288297909058,1228.27876271817,251.246281161104,53.7074269811854,2394.05521875477,360.661505820567,9.34688546318868,43.8555274882574,11.532699970534,61.2455129752264,12.5278624363552,119.374481114673,0.00326174324463604,0.00297695380547076,2.10845588348764e-06,0.00109170498732907,0.00608224695239188,2.10998970906059e-05,1.90296404697188e-05,8.9168098362633e-11,7.45633899292512e-06,3.89074294996208e-05,-805.421792958512,0.105042822923976,0.08045704071253,0.9775,0.517125590945355
"sinusoidal",400,"montoril",52,20.282,172.509452436788,136.168203211793,192.457550981888,1268.1919954911,206.197682488858,66.3911376189578,1695.57829935654,125.050826402851,8.50554444516261,6.71374633723463,9.48908149994515,62.5279556005867,10.1665359673039,83.6001528131615,0.00293970001880836,0.00269632462039601,1.64012497380814e-06,0.000981027454770638,0.0054330580543777,2.1546599446044e-05,1.95183628086154e-05,8.66821167308735e-11,8.18177306598353e-06,3.99665069438107e-05,-784.292369700803,0.132423302185209,0.106713717706344,0.9375,0.522950212624563
"sinusoidal",400,"montoril",53,20.164,217.824175411121,946.184516769369,128.967326833283,1453.84277516413,239.347697318828,72.8729211045693,2137.14326784212,299.446883298861,10.8026272272922,46.9244453863008,6.39591979930982,72.1009112856638,11.8700504522331,105.988061289532,0.00311308336271905,0.00283205699145471,1.85729898297074e-06,0.00107807053153568,0.00590864812919722,2.15039929151633e-05,1.95997921010101e-05,8.19142842847127e-11,8.18914273134996e-06,3.9638280674116e-05,-780.478379848062,0.101298615945544,0.0805774872149623,1,0.519484946302774
"sinusoidal",400,"montoril",54,19.698,195.410368872863,1056.02462505513,262.54209384817,1121.22365470729,237.159347426755,90.1518370177241,2029.37573630776,540.558836354849,9.92031520321165,53.6107536326089,13.3283629733054,56.9206850800738,12.0397678661161,103.024456102536,0.00308601261607886,0.00281858045782215,1.75080214755368e-06,0.00108381619435799,0.00570906740579613,2.14155756419402e-05,1.9419647243687e-05,8.48594765271101e-11,7.85806713812184e-06,3.95610069273607e-05,-782.377082398717,0.0956530472874982,0.0777408149334481,0.9875,0.513267187592579
"sinusoidal",400,"montoril",55,20.15,172.749239725475,726.60239515638,217.841978982659,1072.03626004694,219.924191469105,64.1341678175835,2015.10726135747,450.569885125044,8.57316326181016,36.0596722161975,10.8110163266828,53.202792061883,10.9143519339506,100.005323144291,0.00292816474552567,0.00272085315934574,1.44726427936114e-06,0.00102984125161704,0.00524051256190334,2.09339262174617e-05,1.90353201293871e-05,7.81036997146783e-11,7.82453314706023e-06,3.85327434171928e-05,-775.319350374512,0.115475138483184,0.0952326585706978,1,0.505010658828429
"sinusoidal",400,"montoril",56,20.755,205.367757679676,981.72061044907,139.899603920388,1118.68068769168,236.026293871863,60.9755003325788,2144.76444379007,499.584036694386,9.89485703106122,47.3004389520149,6.74052536354554,53.8993345069466,11.3720209044502,103.337241329322,0.00321946484687636,0.0028097732351036,3.06756483367156e-06,0.00100418215320999,0.00646443728025379,1.96517493806696e-05,1.78307855985628e-05,7.02499486445554e-11,7.53128058898993e-06,3.59494665566657e-05,-793.258959250676,0.0827486823709296,0.0674251680029271,1,0.515562312938997
"sinusoidal",400,"montoril",57,19.966,227.735224726768,1095.44580446759,220.248960788427,1169.73844404606,239.112285359726,92.565784603745,2347.10099474823,477.316313114149,11.4061516942186,54.8655616782326,11.0312010812595,58.5865192850878,11.9759734228051,117.554893055606,0.00306326376426366,0.00279163516575413,1.64578088942891e-06,0.0010142568494247,0.0056271277748687,2.01959942563122e-05,1.85071459547856e-05,6.88403323865933e-11,7.73159203566507e-06,3.64005004875138e-05,-794.119753182796,0.0925066467109994,0.0705320951406026,0.9775,0.502981793881093
"sinusoidal",400,"montoril",58,20.305,121.408399912469,982.30094105076,180.409620979762,1229.84752760135,205.36655847434,47.4406359287013,1862.78801812768,421.986495337613,5.97923663691057,48.3772933292667,8.88498502732143,60.5687036494141,10.1140880804896,91.7403604101294,0.00308906889786365,0.0027978618166537,2.06977758792918e-06,0.00101529800076968,0.0060673898408392,2.08515014437598e-05,1.90265210471386e-05,7.61232880991959e-11,8.1238851204631e-06,3.80804240554461e-05,-768.254480128287,0.106539193831488,0.0902568658197773,1,0.52440529439083
"sinusoidal",400,"montoril",59,19.749,220.469812352512,1037.8850736134,272.72370895861,1089.25171990269,238.470039170751,65.422873296881,2358.93647806192,248.860541127034,11.1635937187965,52.5538039198642,13.8094946052261,55.1547784648685,12.0750437576966,119.445869566151,0.00330554305911631,0.0029828787989301,2.20912492267825e-06,0.00108869399885247,0.00628012081347111,2.11924024975378e-05,1.91769999629873e-05,8.79573140820684e-11,7.938811925589e-06,3.95166305975199e-05,-789.874560658409,0.104958402293824,0.0788814478235977,0.99,0.528386095370656
"sinusoidal",400,"montoril",5,20.382,169.555596345492,740.117877636266,234.082205433257,1339.17876181994,223.396597168927,40.5008980160008,1916.23055433027,243.704175723094,8.3188890366741,36.3123284091976,11.4847515176752,65.7039918467245,10.9604846025379,94.0158254504108,0.00275802662004997,0.00251533375380826,1.43266032401456e-06,0.000969291816475751,0.00500841443765274,1.96925403128285e-05,1.79718292642662e-05,6.65702622591663e-11,7.31252835956975e-06,3.55199883430474e-05,-787.865494664879,0.103422482267786,0.0768990590293796,1,0.500469546692978
"sinusoidal",400,"montoril",60,20.27,142.69201907826,568.265830723776,233.841716088597,1151.59207873842,222.90407041973,55.1101238384576,1802.7604574053,360.305015967003,7.03956680208487,28.0348214466589,11.5363451449727,56.8126333862073,10.9967474306724,88.9373683969067,0.00279829441706663,0.00250960864179438,1.6460102697629e-06,0.000937702958778496,0.00536176410036119,2.00375907228225e-05,1.82913514132122e-05,6.94487765558578e-11,7.53722824760051e-06,3.6556751855105e-05,-767.827335393755,0.101944212366007,0.0846531610654876,1,0.501572090008756
"sinusoidal",400,"montoril",61,19.809,135.288441640992,657.979300248872,290.745677889208,1236.8690050574,214.623445096602,58.1756774840976,1845.79069875948,453.445222582731,6.82964519364894,33.2161795269257,14.6774535761123,62.4397498640721,10.8346430964007,93.1793981906952,0.00275849983609019,0.00252149711721963,1.29595179279582e-06,0.000980217617946235,0.00504834724001973,2.04161911953972e-05,1.86396838837964e-05,7.51377284397157e-11,7.68268537262838e-06,3.7045262605019e-05,-790.343350172363,0.117694177725095,0.102925735195093,0.99,0.504007093597522
"sinusoidal",400,"montoril",62,20.204,220.97806756736,954.722132621979,251.514308011108,1390.56879052833,244.79371653728,77.3992055278379,2231.58872308543,447.418718030332,10.9373424850208,47.2541146615511,12.4487382701994,68.8264101429583,12.1161015906395,110.452817416622,0.00335822921774434,0.00301218530107614,2.43514037851879e-06,0.00107928836840578,0.00645307600853655,2.09194118792148e-05,1.91370761074645e-05,7.50459074811355e-11,7.9879306244291e-06,3.82434109630368e-05,-803.522140148911,0.0915895905288176,0.0684657099740634,0.995,0.530196399004186
"sinusoidal",400,"montoril",63,20.028,274.107114872552,1075.67838808628,181.485197374843,1149.60205554165,222.993432679813,63.4491799663395,2002.1001286073,445.798159597453,13.6861950705289,53.7087271862532,9.06157366561028,57.399743136691,11.1340839165075,99.9650553528711,0.00300382413470178,0.00272467987310529,1.83317581579119e-06,0.000927422973780505,0.00572086700461492,2.02263171753196e-05,1.8405127347003e-05,7.23760474231161e-11,7.71621290196593e-06,3.71333970133653e-05,-769.96627618441,0.104628713962973,0.0821617704722764,0.9925,0.509889283369359
"sinusoidal",400,"montoril",64,20.254,156.147877211653,644.923354078023,161.570309601427,1317.38522858857,197.505441870722,23.4907707789664,1666.18653443459,251.933544489385,7.70948342113427,31.8417771342956,7.97720497686519,65.0432126290398,9.7514289459229,82.2645667243305,0.00256303933838429,0.0023287335539456,1.22151861646928e-06,0.000920899442889326,0.00475177806101567,2.01528123952789e-05,1.82594037685089e-05,7.30804105940674e-11,7.99238936704033e-06,3.69993026701195e-05,-777.899056623814,0.0801073798028735,0.0668310778236171,1,0.502173920464965
"sinusoidal",400,"montoril",65,20.039,102.654310630158,404.202062878854,290.628164215951,1490.1197288285,179.978729557763,7.86181336600245,1463.77469431524,109.867594965993,5.12272621538789,20.1707701421655,14.5031271129273,74.3609825255003,8.98142270361612,73.046294441601,0.00246530991686939,0.00226475033794591,9.92641379409504e-07,0.000932437946956658,0.00449873185561587,1.9188575767923e-05,1.75748198462339e-05,5.87699740619188e-11,7.3885838280778e-06,3.43870530823293e-05,-788.241308414653,0.0926283703252739,0.0748645010318094,1,0.494704566756525
"sinusoidal",400,"montoril",66,20.212,238.24946684571,1136.31263836755,274.181954331247,1435.23338469419,215.679088827294,63.5397047390074,1852.65709735102,377.523342262176,11.7875255712305,56.2197030658794,13.5653054784904,71.0089741091527,10.6708435002619,91.6612456635175,0.0029049878634508,0.00264849509680044,1.52736455536015e-06,0.00103932372518629,0.00540322934193182,2.04941616656356e-05,1.88147698544068e-05,7.13650096737874e-11,7.61509643330292e-06,3.69052371884955e-05,-795.39717627838,0.0889073279437853,0.0746071347364387,1,0.516862722563593
"sinusoidal",400,"montoril",67,20.369,225.587849419046,1260.80682987491,310.436488947717,1055.03031746663,219.775384626402,23.041197157003,2127.60994480612,277.124757572352,11.0750576571774,61.8983175352206,15.2406347364975,51.795881853141,10.7896992796113,104.453333241992,0.00285828665981689,0.0025971621282214,1.56000576701574e-06,0.00101360949998014,0.00533706988077508,1.99455984862503e-05,1.81473103812017e-05,6.94610310308979e-11,7.54201369507198e-06,3.63661484574427e-05,-811.810692106192,0.0957311815159604,0.0790955317026995,1,0.498806066246582
"sinusoidal",400,"montoril",68,19.941,144.358132964527,587.360110750257,240.377430838138,1276.32529988308,201.969114505515,64.1634072641914,1584.45672391258,227.378476250744,7.23926247252027,29.4548974850939,12.054432116651,64.0050799800951,10.1283343114947,79.4572350389941,0.0024673150467509,0.00226485823786813,1.01553929335685e-06,0.000949703474833507,0.00447195513385051,1.91062612796986e-05,1.76368906077387e-05,5.658796307371e-11,7.26294366370438e-06,3.36851392125999e-05,-799.800409817747,0.0935330717665584,0.0706935522120996,1,0.500094638286209
"sinusoidal",400,"montoril",69,19.929,213.134880996074,900.351801952234,130.234849403781,1099.15868866083,219.036898204975,63.9722186100711,1931.30977998217,447.153467571581,10.6947102712667,45.177971897849,6.53494151255864,55.1537301751634,10.9908624720244,96.9095177872534,0.00307454581441123,0.00276657029251731,1.96159475473467e-06,0.000989310081021644,0.00591379930484658,2.10436417532998e-05,1.90579215589445e-05,8.3659749554266e-11,7.70421536566724e-06,3.88806182150064e-05,-790.841986845534,0.108202484126315,0.0855529662442429,1,0.516949788704373
"sinusoidal",400,"montoril",6,19.987,127.340491022895,780.634856958358,157.699213366541,1164.79554824647,288.503034123111,52.5916090567908,2940.4694844477,418.820947870544,6.37116580892053,39.0571299824065,7.89008922632418,58.2776578899521,14.4345341533552,147.11910163845,0.0038667571880499,0.00348213463386541,3.36105915780702e-06,0.00116058258600869,0.00753733437942538,2.28206361579505e-05,2.05325924129771e-05,1.03980605235159e-10,8.34098371750283e-06,4.3072232656875e-05,-784.252192728627,0.145480874549939,0.119828643400279,0.9675,0.543700994293602
"sinusoidal",400,"montoril",70,19.849,200.503755305964,789.096625960777,312.007087250954,1235.06414426373,196.886501896974,49.4518918714524,1730.19131268454,311.863576945162,10.1014537410431,39.7549814076667,15.7190330621671,62.2229907936787,9.91921516937748,87.1676816305378,0.00279734688015203,0.00256077053784805,1.46466531046128e-06,0.000907647462538277,0.00519804123424196,2.0128648033579e-05,1.82808840887096e-05,7.46514313913974e-11,7.88401091500697e-06,3.68175164648172e-05,-789.783398626474,0.100068912030539,0.0804089479839781,1,0.512060886640748
"sinusoidal",400,"montoril",71,20.309,168.36183615013,727.187911628223,268.697358809234,1396.80095341178,228.814667260393,3.04593373389706,2022.85665190119,26.7470209191943,8.29001113546359,35.8061899467341,13.2304573740329,68.7774362800619,11.2666634132844,99.6039515437091,0.00285827742177069,0.0025632196530719,1.77264934347532e-06,0.000955193337124233,0.00550923512359768,2.02263985103303e-05,1.8439876049318e-05,7.04042195838585e-11,7.47662354490756e-06,3.66595635188125e-05,-786.899990382904,0.1066308768595,0.0861348694993673,1,0.504803796159724
"sinusoidal",400,"montoril",72,19.774,214.744333943544,827.178234887547,259.416389394316,1694.35933455895,184.27500965672,42.6778193056789,1536.54685886527,385.906817152286,10.8599339508215,41.8316089252325,13.1190649031211,85.6862210255363,9.31905581352889,77.7054141228519,0.00243484720300457,0.00224690997629393,9.41844555990949e-07,0.000899091898648174,0.00434593556998782,1.86752178663784e-05,1.71119746297655e-05,5.37984466647611e-11,7.60868704003642e-06,3.32166913039209e-05,-841.274500020611,0.0767004175932831,0.0617561458316778,1,0.478591599869784
"sinusoidal",400,"montoril",73,19.674,130.792138696499,558.668806982021,268.460424495754,1374.08812160422,187.048465040243,15.1198435682994,1460.60842534934,220.15860754461,6.64796882670016,28.396300039749,13.6454419282176,69.8428444446588,9.50739377047083,74.2405421037585,0.00241339043012833,0.00225292138522268,8.34894340648797e-07,0.000981315778846927,0.00421122304116528,1.9481564471705e-05,1.78062724965107e-05,6.52138484115235e-11,7.40389390093747e-06,3.54024229755133e-05,-773.294866866907,0.0935839731886582,0.0748191203294021,1,0.477832433075675
"sinusoidal",400,"montoril",74,19.682,128.800622694912,593.272244376302,214.330686606194,1299.0567411537,220.475800713553,76.8778945326734,1910.87176909792,401.188177853226,6.5440820391684,30.1428840756174,10.8896802462247,66.0022732015902,11.201900249647,97.0872761456111,0.00302791802439024,0.00269118043024924,2.15701002602325e-06,0.000922463998624518,0.00591543181984179,2.09230579784672e-05,1.8960610306327e-05,7.97647070707802e-11,7.95857233825147e-06,3.88300073438959e-05,-795.807925500948,0.0974446433535737,0.0784908652288841,0.9975,0.51641074393794
"sinusoidal",400,"montoril",75,20.019,158.752530512049,783.630272542522,272.580824880382,1359.82129055854,207.208874865433,64.1062255009669,1777.80582465477,338.71940609122,7.93009293731202,39.144326516935,13.6161059433729,67.9265343203227,10.3506106631416,88.8059256034153,0.00271987844901596,0.00250325666466497,1.29817475402363e-06,0.000975851122264561,0.00492851686763865,1.99146329266386e-05,1.82426883988483e-05,6.66723923730509e-11,7.6769233794526e-06,3.60842006428848e-05,-793.038824597663,0.0953791963206329,0.0691768816764701,0.9975,0.489697257646484
"sinusoidal",400,"montoril",76,20.483,169.602379651593,635.841496145126,234.926168703589,1371.76049787358,219.439838176813,15.4123958114341,1934.42977256496,451.843407207906,8.28015328084718,31.0424008272776,11.4693242544349,66.9706829016052,10.7132665223264,94.4407446450694,0.00293936905186473,0.0026835086466261,1.62068802468305e-06,0.00101722362121243,0.00545266081143541,2.11668902073398e-05,1.94374119041664e-05,7.88623919576241e-11,7.57718974823403e-06,3.77510754747008e-05,-765.170497732423,0.100513489923022,0.0840935942836635,1,0.515606189614508
"sinusoidal",400,"montoril",77,20.504,205.065514947128,796.66904741388,306.367792625446,964.968584823602,206.764351644927,77.2029795352718,1860.60704516296,366.824222140323,10.0012443887596,38.8543234204974,14.9418548880924,47.062455365958,10.0840983049613,90.7436132053727,0.00274458672146946,0.00250620793191617,1.40682817853554e-06,0.000965663325203545,0.00517365915032997,1.98735415752383e-05,1.82149785947973e-05,6.57226589052532e-11,7.69780307048089e-06,3.58393227074107e-05,-779.085087287114,0.118778330889187,0.0965825938296199,0.98,0.497163463042955
"sinusoidal",400,"montoril",78,19.939,226.123076441899,1066.76886685352,123.900809504479,1182.22216677877,216.355515550243,67.9881409071193,1956.9443387392,425.069667909936,11.3407430885149,53.5016232937218,6.21399315434469,59.2919487827257,10.8508709338604,98.146563957029,0.00297971713999622,0.00275646484866798,1.49246564725908e-06,0.00107830967563099,0.00540784657064664,2.11860412006365e-05,1.92268661892446e-05,8.34589507343247e-11,8.15759052458241e-06,3.90103401107978e-05,-769.03133533075,0.126840214174453,0.0907195934643957,0.9525,0.521549150036784
"sinusoidal",400,"montoril",79,19.911,213.560171307426,733.199102570944,164.204486129662,1365.86805325053,244.381159777742,47.3972236712667,2249.16487084746,272.283018483046,10.7257380999159,36.8238211325872,8.24692311434194,68.5986667294724,12.2736758464036,112.960919634748,0.0033301548682021,0.00300776141651315,2.39477738951067e-06,0.00100570081360244,0.00640427901908846,2.12590418594513e-05,1.92682233996161e-05,8.30403331702162e-11,7.99826460163389e-06,3.89410622277846e-05,-787.918148704537,0.137442884642187,0.110609747936554,0.965,0.535583707797032
"sinusoidal",400,"montoril",7,20.626,189.657192752255,634.734333507837,199.049089698144,1210.00842692479,210.903759401172,42.6934041070134,1943.62896683407,328.424837348171,9.19505443383373,30.773505939486,9.65039705702238,58.6642309184909,10.225141055036,94.2319871440933,0.00308155204883466,0.00279283122799984,1.87781759169917e-06,0.00101745340904025,0.00577400158331949,2.2038586666681e-05,2.00174683707508e-05,9.05490742938589e-11,7.71700424590424e-06,4.05501850307599e-05,-783.334015516077,0.131823937221047,0.103119793487849,0.975,0.528805647849127
"sinusoidal",400,"montoril",80,19.705,154.897073241939,830.80459602059,165.005422930753,1062.80224734167,223.657424786678,65.8400584908837,2148.74170995547,539.681858942366,7.86080046901494,42.1621210870637,8.37378446743226,53.935663402267,11.3502879871443,109.045506721922,0.00306865595534675,0.00279022957976646,1.71223865450158e-06,0.00108416328476378,0.00571305073034591,2.14033911364594e-05,1.93601972084338e-05,8.58682867392823e-11,8.14668612368425e-06,3.97110659100484e-05,-788.222028536984,0.102878515827492,0.0802836349433208,1,0.517060035286327
"sinusoidal",400,"montoril",81,20.002,203.111630360878,850.458739185334,209.791422083979,1662.0319831858,227.304099091912,54.4597264568735,2102.0441521433,337.353510472111,10.1545660614377,42.5186850907576,10.4885222519738,83.093289830307,11.3640685477408,105.091698437321,0.00315062408956054,0.00281618520844961,2.15176150013774e-06,0.00103592075815004,0.00619199687138311,2.02809850047219e-05,1.84782449962446e-05,7.09693213668709e-11,7.96252857639452e-06,3.70445229738417e-05,-772.144307750399,0.136587697565123,0.110519986450639,0.9575,0.521038568852703
"sinusoidal",400,"montoril",82,20.02,143.599995009912,805.627769411852,192.213351243644,1329.10502345435,200.978025353587,33.7791062305984,1800.33224938039,353.173037682669,7.17282692357201,40.2411473232693,9.60106649568651,66.3888623104072,10.0388624052741,89.9266857832361,0.00304729905452102,0.00278306370706841,1.8587275913549e-06,0.00101909282694889,0.00576920179989732,2.03405490567703e-05,1.85522120473995e-05,7.24782683756957e-11,7.57794126059557e-06,3.67338252075836e-05,-783.781436376924,0.0905800751251944,0.0693215275049182,0.98,0.527475706993336
"sinusoidal",400,"montoril",83,20.554,306.261785269365,1092.82876658842,172.778036152334,1199.25763913478,278.476475075761,86.5943914854372,2665.2323082354,472.637431228534,14.9003495800995,53.1686662736411,8.40605410880287,58.3466789498288,13.5485294869982,129.669762977299,0.00327194874699242,0.00295194631666054,2.19540974653644e-06,0.00104717395246012,0.00630613814645154,2.18925887743395e-05,1.96854247174533e-05,9.67115288754251e-11,7.82726876269214e-06,4.05250430156044e-05,-776.871087887266,0.105603410220366,0.088949033695679,1,0.513464071589897
"sinusoidal",400,"montoril",84,19.954,146.011439373608,494.347756781375,232.581931665635,1064.39020051397,206.278505422658,53.4265601024362,1784.63936251544,354.245791179786,7.31740199326492,24.77436888751,11.6559051651616,53.3421970789801,10.3377019857,89.4376747777608,0.00280909556745463,0.00255690388071102,1.41629857363374e-06,0.00100528188294336,0.00525572066119276,2.08965123028391e-05,1.8990428644592e-05,7.98607860745371e-11,7.84489175118646e-06,3.83890405822056e-05,-779.728204179411,0.109985915769052,0.0876132316889012,1,0.511117975180677
"sinusoidal",400,"montoril",85,20.207,156.909046874866,623.068163429157,315.321559193771,1160.20694411663,209.306929529531,63.6951140529084,1617.04131368824,314.757684996219,7.76508372716713,30.83427344134,15.6045706534256,57.4160906674239,10.3581397302683,80.0238191561459,0.00275490358950212,0.00254510113019122,1.20320421907879e-06,0.00105570184236249,0.00498054451245238,2.01664270891157e-05,1.84378833998782e-05,7.11543663199858e-11,7.53759297322159e-06,3.65460316567747e-05,-786.771791736576,0.117198987111269,0.0931014087108039,1,0.506527594702917
"sinusoidal",400,"montoril",86,20.207,159.213994392665,613.690682451285,241.160268060963,1531.1321141605,222.714958894377,60.2169707492085,1799.31596517812,381.550385434994,7.87915051183577,30.3702025264158,11.9344914168834,75.7723617637701,11.0216736227236,89.0441908832641,0.00277626858031201,0.00254084521769743,1.32559706813222e-06,0.000982778329755492,0.00506621603693981,1.99294400415402e-05,1.82839687525942e-05,6.62660735866159e-11,7.68057426620119e-06,3.60761982534221e-05,-788.671758464427,0.0910273476832698,0.0693957994153377,0.9625,0.498335418136228
"sinusoidal",400,"montoril",87,20.425,175.831381091713,726.616935947295,211.635517485048,1689.56896874264,215.168713228387,65.9380963499645,1746.79091735889,392.2071038868,8.60863554916587,35.5748805849349,10.3615920433316,82.7206349445601,10.5345759230544,85.5221991362984,0.00265268932793407,0.00239089235126335,1.31100704117891e-06,0.000986953051988413,0.00496724469367616,1.96899122042361e-05,1.79377067143157e-05,6.57877194878815e-11,7.55669517531228e-06,3.57407385145022e-05,-805.240007260116,0.101281379858574,0.0831076033509644,1,0.48747645385572
"sinusoidal",400,"montoril",88,20.226,173.459695176758,1028.35215287463,179.70790737372,1029.8029027601,223.259435411532,31.2753706467147,1868.78576927921,345.303565588583,8.57607511009386,50.8430808303484,8.88499492602195,50.9148078097549,11.0382396623916,92.3952224502725,0.00277010032919181,0.0025187119218615,1.51628470107899e-06,0.000989785707823313,0.00518608114467882,2.10418313619701e-05,1.91440491257662e-05,8.08844696247841e-11,7.97987803826473e-06,3.84886407129803e-05,-811.690619052638,0.106720895110442,0.0785281759376379,0.965,0.494403007949289
"sinusoidal",400,"montoril",89,20.241,125.381863591076,645.489136950595,217.706879479543,1387.67898672972,205.666475068283,17.4534872363384,1841.09525754409,323.176672375268,6.19445005637449,31.8901801764041,10.7557373390417,68.5578275149308,10.1608850881025,90.9587104166835,0.00271424828757034,0.00244719356445186,1.50533122883346e-06,0.000899984052066243,0.00521803334366704,1.9911121751781e-05,1.80791769350688e-05,7.33477078106537e-11,7.42293632915605e-06,3.64439748931505e-05,-798.399457970273,0.119218348141187,0.0907370637655642,1,0.508567041044648
"sinusoidal",400,"montoril",8,20.552,217.022355123757,762.035852732118,241.411246757633,1459.19123870028,214.947268127859,58.7245340815866,1899.41458308172,406.67563139802,10.5596708409769,37.0784280231665,11.7463627266267,70.9999629573899,10.4587031981247,92.4199388420456,0.00300378061828012,0.00273366836761868,1.6686826224805e-06,0.00103748238836145,0.00557688967502516,2.08555951123554e-05,1.90924969231802e-05,7.2121938501973e-11,8.03545291774947e-06,3.75961549498693e-05,-774.641449793389,0.122989569884693,0.0931809329837685,0.9775,0.521617140439609
"sinusoidal",400,"montoril",90,20.118,251.829352986039,950.068673320539,189.530150294184,1319.63134152083,225.506666607672,68.9788252838068,2150.69420232823,331.550075639684,12.5176137283049,47.2248073029396,9.42092406273903,65.594559176898,11.2091990559535,106.903976654152,0.00330343948971687,0.00295093056727732,2.39399369241336e-06,0.00102845042865893,0.00644239027713891,2.08612794545408e-05,1.89226571097853e-05,8.17023046102682e-11,7.71668842861628e-06,3.85529154350048e-05,-814.984890840185,0.0992240021844435,0.0833785141285692,1,0.526275023312671
"sinusoidal",400,"montoril",91,20.135,125.7551413513,402.266209680431,199.87478802447,1119.92564265084,218.919830816261,72.0576896505775,1929.58291059887,294.817398436749,6.24559927247579,19.9784559066516,9.9267339470807,55.6208414527361,10.8726014808175,95.8322776557669,0.00296306207403,0.00269441048336387,1.59225968316081e-06,0.00103831524843725,0.00549083302995756,2.08166463188832e-05,1.89337221854008e-05,7.88357615570117e-11,7.8930258911601e-06,3.80606480960297e-05,-792.477270739041,0.118638887541776,0.0945590084852279,0.965,0.517252423952982
"sinusoidal",400,"montoril",92,20.393,182.825277464967,790.05745850959,304.318870636045,1405.59388515331,215.266647432987,43.7014738531572,1913.67793284356,415.996428982566,8.96509966483433,38.7416004761237,14.9227122363578,68.9253118792386,10.5559087644283,93.8399417860815,0.00288307764710206,0.002651929334386,1.46211263741995e-06,0.00100278129261769,0.00528028562073811,2.04776964368316e-05,1.86709827402503e-05,7.49697666452536e-11,7.87389666086477e-06,3.72717221185026e-05,-777.74157303322,0.10607892660103,0.0875977282472928,0.99,0.506658155044089
"sinusoidal",400,"montoril",93,19.851,205.232563689565,851.255451533506,207.713729061947,1416.89402615305,244.804865584488,90.7591938715505,2398.98807104754,387.519757902747,10.3386511354373,42.8822453041915,10.4636405753839,71.3764559041383,12.3321175550092,120.849734071207,0.00328887244231237,0.00298509496779655,2.19342352418622e-06,0.0010489082493313,0.00624986069754372,2.0537621515987e-05,1.87827528436237e-05,7.50212116918658e-11,7.70556893554052e-06,3.69146062490358e-05,-808.995803499352,0.0821649690021999,0.0669305054355579,1,0.518215705760461
"sinusoidal",400,"montoril",94,20.338,236.095024583268,1086.12920752459,243.829784370863,1503.19357210724,181.23930948757,12.59933234814,1677.33043320911,207.695689676614,11.608566456056,53.4039338934307,11.9888771939651,73.9105896404386,8.91136343237145,82.472732481518,0.0028127512923463,0.00256026253921673,1.57212985004806e-06,0.000937220707437486,0.00533819104428045,1.993302614635e-05,1.81712570031998e-05,6.96436359389441e-11,7.51749386040452e-06,3.63774264953523e-05,-799.526660781571,0.0864367157288059,0.0681180998694283,1,0.506084094403144
"sinusoidal",400,"montoril",95,19.963,135.156696206549,687.040878501003,241.664378853736,1310.75619375253,244.125637693306,64.788116362336,2062.95586621991,414.726053649661,6.7703599762836,34.4157129940892,12.1056143291958,65.659279354432,12.2289053595805,103.338970406247,0.00323477263774718,0.00294818032086813,1.96576337023211e-06,0.00109821392532983,0.00605270045706899,2.21857337438196e-05,2.00255132601977e-05,1.01227159963018e-10,7.78057264374472e-06,4.0572189965657e-05,-781.177223583412,0.146209337475201,0.113984339983506,0.895,0.52122426703059
"sinusoidal",400,"montoril",96,20.112,149.11658537612,719.699922882404,243.254753497343,1196.53446983335,190.919279326393,39.9979542276173,1531.02474263036,267.405920529692,7.41430913763523,35.7846023708435,12.0950056432648,59.4935595581419,9.49280426244994,76.1249374816207,0.00273236388284834,0.00249738463457647,1.37966686230138e-06,0.000939380556287891,0.00507584854256205,2.01578167470907e-05,1.83051004842762e-05,7.4722051385173e-11,7.44103033397255e-06,3.69941992125539e-05,-766.916488009405,0.102292042941654,0.0785430268313677,1,0.522588005567071
"sinusoidal",400,"montoril",97,20.432,219.631981886449,1109.63633275717,225.474365885479,1106.92948727199,211.053951174273,55.0682925076387,1819.62446132233,255.751699041567,10.7494117994542,54.3087476878017,11.0353546341758,54.1762669964755,10.3295786596649,89.0575793521109,0.00285351857897599,0.00262555199557398,1.4851975399111e-06,0.000954922729467515,0.00520008361256393,2.02443312133506e-05,1.84434915507402e-05,7.19626046868652e-11,7.36557607095337e-06,3.72439258247286e-05,-784.308242548177,0.0988771633521261,0.0872276098903315,1,0.510095912580679
"sinusoidal",400,"montoril",98,19.988,191.211755357969,858.139674440707,289.123240938834,1250.46497594312,221.024387811415,40.5016243095963,1800.02494796585,101.61289547656,9.56632756443709,42.9327433680562,14.4648409515126,62.560785268317,11.0578541030326,90.0552805666324,0.00286228753836662,0.00259875668804574,1.52164349104776e-06,0.00100858663778519,0.00533944295449994,2.00736685650292e-05,1.8344350979552e-05,6.75264563916357e-11,7.81835138963985e-06,3.62832131570491e-05,-778.666068884901,0.0775108363753289,0.0599570131970595,1,0.509549386038269
"sinusoidal",400,"montoril",99,20.177,146.167398384758,635.799887166144,292.765179556912,1444.50557105833,227.175950485391,83.2963655163395,1852.54723564034,362.038711891047,7.24425823386818,31.5111209380059,14.5098468333703,71.5916920780259,11.2591540112698,91.8148007949816,0.00273371240564204,0.00248739644120104,1.31560819877881e-06,0.000966656943064417,0.00511383845483705,1.96233936002268e-05,1.80381900107777e-05,6.34089656539035e-11,7.6612199697122e-06,3.51015091012781e-05,-788.923200041315,0.0759185626981275,0.0638299803709214,1,0.511007099545401
"sinusoidal",400,"montoril",9,20.663,148.723951111458,549.972882108102,338.60998016997,1261.53195691184,176.281298992469,25.6092159047478,1416.91986792193,280.997164166298,7.1975972081236,26.6163133188841,16.3872612965189,61.0527008136205,8.5312538833891,68.572804913223,0.00258190639760797,0.00236161268361726,1.19973552359961e-06,0.000924042606295657,0.00463098063602009,1.97610142621201e-05,1.80488446759145e-05,6.520870788914e-11,7.7830910808583e-06,3.57679566834864e-05,-776.024169418836,0.104501318994962,0.0800252808415392,0.985,0.501877194505997
"sinusoidal",800,"montoril",100,40.038,98.2510075243071,524.664593802298,120.968086186961,1086.9069177011,155.137857419571,37.0094895428702,1338.61745825811,188.379137600669,2.45394394136338,13.1041658874644,3.02133188937912,27.1468834032943,3.87476540835135,33.4336744657102,0.00195969780699403,0.00183411570869846,4.88205962031776e-07,0.000810398633411106,0.00340696321922182,1.18312751494219e-05,1.11958340131997e-05,1.35892350279295e-11,5.88308067583807e-06,1.91746119043686e-05,-1572.12450327618,0.0832666763232846,0.0685988783160347,0.9925,0.460017441987565
"sinusoidal",800,"montoril",101,40.751,119.411685014729,601.711127865958,171.446346630035,854.148954410471,170.730848775925,49.058830419805,1526.42201556193,224.343517206698,2.9302761899028,14.7655549033388,4.20716906652684,20.9601961770379,4.18961126784435,37.4572897735498,0.00216156404160438,0.00202029450997439,5.7520583269323e-07,0.000969881129028374,0.00367465859800211,1.2806384484255e-05,1.20792385379864e-05,1.70421732935516e-11,6.09175940830514e-06,2.09117006361273e-05,-1580.46209704576,0.0914273611072761,0.0707020882653807,1,0.470638952122314
"sinusoidal",800,"montoril",102,41.046,147.06496204518,530.44438535344,137.20468757334,1211.89121701958,166.13992669815,16.5562185550518,1467.76296568769,163.988413584594,3.58293042063002,12.9231687704877,3.34270544202455,29.5251965360712,4.04765206592969,35.7589768963526,0.0020527437930533,0.00196459441223607,4.26695019925133e-07,0.000916785544487708,0.00334142621138883,1.17743940031798e-05,1.10691303773859e-05,1.45506456036354e-11,5.76856037286244e-06,1.93713399601103e-05,-1586.81588335171,0.0837576447484258,0.0666666414184603,0.995,0.466451806432349
"sinusoidal",800,"montoril",103,40.656,108.469194901816,498.455780619606,179.649601286932,1150.392443524,171.429113308681,41.2727971117419,1584.7269095916,246.586607446197,2.66797508121349,12.2603251824972,4.41877216860813,28.2957606140298,4.21657598653781,38.978918476771,0.0021738332206929,0.00202444720669413,6.37462016065665e-07,0.000921684709076768,0.00373207011988337,1.27857799540683e-05,1.2048851077098e-05,1.77334872817956e-11,5.84858910481633e-06,2.13135062484021e-05,-1579.25992929634,0.0990878803345855,0.0830934771862431,0.9825,0.47021106390331
"sinusoidal",800,"montoril",104,40.433,112.073396289317,429.243649649822,180.444490286532,916.116171518654,155.19102958863,11.3478323394947,1359.73828654935,44.4619884722087,2.77182984911624,10.616171188134,4.46280242095645,22.6576353849245,3.83822693316425,33.6294187062387,0.00195254942974828,0.0018353385498297,4.83832268694167e-07,0.000836251597304372,0.00327242640581718,1.18086686841306e-05,1.12135286688617e-05,1.3233378623925e-11,5.80713881988974e-06,1.89473161369563e-05,-1580.28335869462,0.0884983443481466,0.0715149297512029,1,0.46096470855543
"sinusoidal",800,"montoril",105,40.309,128.408212436258,492.719849068444,125.670026131042,937.518795267416,174.501375970198,33.5932332305182,1753.18168700725,239.363701993815,3.18559657734645,12.2235691549888,3.11766667818706,23.2582995179095,4.32909216230118,43.4935544669243,0.00236652647426901,0.00220728759536582,7.44098015370705e-07,0.000994626248944575,0.00410079397642318,1.26507434980341e-05,1.19629675256273e-05,1.68826983651843e-11,6.06344135854307e-06,2.07746338186675e-05,-1586.00907508902,0.0953567514619263,0.0765661057229236,0.99625,0.478641069378974
"sinusoidal",800,"montoril",106,40.423,176.119245479024,687.202826805688,136.464922290676,1217.91671685758,208.235034057683,9.45045225637877,2233.66242145848,105.988385423455,4.35690684706785,17.0002925761494,3.37592267497901,30.1293005679336,5.15139979857218,55.2572154827321,0.00260374111925878,0.00243455124369281,9.32883994924373e-07,0.0010543923219693,0.00450543909390404,1.22842978192382e-05,1.15854647883087e-05,1.58760109512863e-11,5.80758454081932e-06,2.02754521993053e-05,-1579.73407875578,0.0822489980099228,0.0661328687364641,1,0.489299379442227
"sinusoidal",800,"montoril",107,40.291,124.942005970191,597.180805480821,223.875529870979,841.115730533362,151.030445307131,19.2118189376079,1300.06156777057,257.209840576949,3.1009904437763,14.8216923253536,5.55646496416022,20.8760202162608,3.7484908616597,32.2667982370894,0.00204026512436134,0.00194672499701083,4.32622861647276e-07,0.000909687488022066,0.00334246033380398,1.22561951164445e-05,1.15633853521547e-05,1.51350290552576e-11,5.92518995413987e-06,2.00560612659257e-05,-1552.90338248277,0.109314130358086,0.0848997959140802,0.975,0.471470648216887
"sinusoidal",800,"montoril",108,40.209,108.088795427182,553.101431009542,75.7015064405693,713.163104762901,171.018177761814,32.7380194634679,1723.86544735342,164.985391340201,2.68817417561197,13.7556624389948,1.88270055063715,17.736404903452,4.25323131044827,42.8726267092795,0.00226010372050518,0.00209949615040038,7.2811907572339e-07,0.000890313183133138,0.00398071363259743,1.24003193472805e-05,1.1708512735163e-05,1.60027886411985e-11,6.01971817019877e-06,2.04338283160007e-05,-1594.83104039802,0.0904503260608524,0.0738683309124635,1,0.480619556174995
"sinusoidal",800,"montoril",109,40.187,139.276440844844,554.041954593352,199.873200029565,933.326733305796,164.327396667755,13.0791785212247,1535.42835493812,51.3550726261978,3.46570883232996,13.7865965260744,4.97357852115274,23.224593358693,4.08906852135653,38.2070907243168,0.00213627387407127,0.00202277515675065,5.52221358164549e-07,0.000914183178445024,0.00359236236991453,1.20684013153119e-05,1.13842457559055e-05,1.51888633155997e-11,5.77296051917502e-06,1.97265896155156e-05,-1585.41141185499,0.0834374108742556,0.0696892904932303,1,0.469028138651939
"sinusoidal",800,"montoril",10,40.63,111.055749631698,679.888871669711,138.635615250947,1008.99529124734,157.210434174472,14.2848180719788,1468.04985646386,158.080842163365,2.73334357941663,16.7336665436798,3.41214903398837,24.8337507075397,3.86931907886961,36.1321648157484,0.00204343761303605,0.00194915128464481,4.70778225764316e-07,0.000879901279238324,0.0033741917452821,1.19846629147901e-05,1.12882915143562e-05,1.4599936843771e-11,5.77638894341025e-06,1.96469815653769e-05,-1592.92160924773,0.0833507798285702,0.0615724695720508,1,0.466829309974107
"sinusoidal",800,"montoril",110,40.327,119.252516509837,481.873258717826,135.942766265327,1201.10233676997,173.545937963196,36.6054341007378,1627.53787278352,257.383273687737,2.95713830708549,11.9491471896701,3.3710111405591,29.7840736174268,4.30346760143815,40.3585159516831,0.00228252922003602,0.00215110047958712,6.74223118869343e-07,0.00092259044999931,0.0039201742958123,1.2402796488466e-05,1.17405503876194e-05,1.50955474411582e-11,5.99471688450764e-06,2.01391065254703e-05,-1557.54089851914,0.100037002512934,0.0777079002921588,0.99125,0.478129164708268
"sinusoidal",800,"montoril",111,40.211,100.445771560129,428.755045101327,126.661496425146,839.257965848544,163.630167276517,25.0484804658217,1645.94815079235,294.62006124531,2.49796751038593,10.6626307503252,3.14992157432409,20.8713527604025,4.06928868410428,40.9327833377023,0.00222858512541968,0.00204714757297614,7.18308255467275e-07,0.000927324712728222,0.003965497149648,1.17371603695981e-05,1.1128862458621e-05,1.29179563718848e-11,5.75849125680947e-06,1.90549735744797e-05,-1549.4657462175,0.0662494591557003,0.0539572914358147,1,0.475221940531774
"sinusoidal",800,"montoril",112,40.487,172.445681881274,725.668718647684,165.677136130845,991.73003060591,171.626127631507,56.7798172121522,1457.68518712899,136.281547160565,4.25928524912377,17.9234993614663,4.09210700053957,24.4950238497767,4.23904284416003,36.0037836127396,0.00207499642873681,0.00192703516261927,5.31570605847236e-07,0.000923678937370742,0.00355381484146956,1.23246495056809e-05,1.16345038474433e-05,1.56122803456197e-11,5.91367469520902e-06,2.01844786137259e-05,-1597.91359974678,0.0878887306140707,0.0676665668242649,1,0.466384154493921
"sinusoidal",800,"montoril",113,40.252,136.853907369392,647.819558044862,123.702876244899,1120.43166121259,228.747153087425,53.0612208137284,2650.70508930983,254.416517500314,3.39992813697188,16.0940961454055,3.07321067884575,27.8354283318242,5.68287670395074,65.8527548770205,0.0028184684649243,0.00265376744537964,1.00856088747507e-06,0.0012035831837156,0.00486242070230596,1.29904875193444e-05,1.22336769332363e-05,1.79695329980656e-11,6.07823006090758e-06,2.15039534735247e-05,-1553.52400662284,0.0950566196680205,0.0776966623665905,1,0.501257443967963
"sinusoidal",800,"montoril",114,40.839,70.4520982614459,569.414060875221,198.445097777638,1272.04567434556,151.42603345048,13.7350012893137,1313.3812548504,226.505171219656,1.72511810429849,13.9428992109312,4.85920560683754,31.1478164094509,3.70787809325596,32.159975877235,0.00189590226641173,0.00180350026004915,3.62168896823817e-07,0.00088725542567231,0.00309112910688301,1.15952767238622e-05,1.09775888907046e-05,1.29750683648292e-11,5.72118100399536e-06,1.8600690596585e-05,-1587.01004698541,0.0931447803740909,0.0727164089901918,0.97625,0.45910072023086
"sinusoidal",800,"montoril",115,40.307,122.698991563127,404.091345666889,159.008409546587,891.667149973029,152.492692557941,11.451601832946,1433.51846728642,198.998168701816,3.04411123534688,10.0253391635917,3.94493287881974,22.1218932188709,3.78328063507433,35.565000304821,0.00201104695158051,0.00190327676283633,4.8242151036288e-07,0.000897667320576951,0.00343355884044476,1.19692491071948e-05,1.13117842408281e-05,1.39459793799862e-11,5.92815624867109e-06,1.96026789606098e-05,-1569.31473202977,0.0836286806751371,0.0658262195795557,1,0.471511275552798
"sinusoidal",800,"montoril",116,40.981,124.63676763013,564.49274901467,153.582687227823,912.847824619807,173.057965742454,29.4304563743626,1690.13620666632,114.682963999079,3.0413305587987,13.7744991341029,3.74765591927534,22.2749036045925,4.22288293947084,41.2419464304511,0.00224817003995229,0.00213285363970594,5.86475143876676e-07,0.000956076112184776,0.0037319492005478,1.21971687587746e-05,1.15136228144375e-05,1.50055958990364e-11,5.87755364639359e-06,1.99649221587623e-05,-1601.55664707226,0.0782734234108662,0.0600919474975547,0.99375,0.479880720884874
"sinusoidal",800,"montoril",117,40.282,195.992061891071,663.705884254558,180.058266246707,1010.25386830544,149.303029589829,27.7755008848562,1232.00787848907,193.541385712806,4.86549977387098,16.4764878669023,4.46994355411119,25.0795359789842,3.70644530037806,30.5845757035169,0.00189623503290822,0.00176760044781305,4.52802840216426e-07,0.000808231659814376,0.00321813402711894,1.15899817714733e-05,1.09389325143438e-05,1.34883853189465e-11,5.65742908857186e-06,1.8785215328248e-05,-1575.84080832071,0.0762196863969263,0.0615067917221342,1,0.454736688570343
"sinusoidal",800,"montoril",118,40.45,114.263360086489,518.785494768935,185.28339713791,1052.34817159892,160.217436930794,18.5864701774186,1529.74099854536,175.748545306294,2.82480494651393,12.825352157452,4.58055369933028,26.0160240197507,3.96087606751036,37.8180716574873,0.00208471935424443,0.00195315185981856,5.18220103278265e-07,0.000951282177649723,0.00353652253669837,1.20935747708965e-05,1.1451753397099e-05,1.47154319636287e-11,5.9065773080421e-06,1.96461842864861e-05,-1596.33764144186,0.0990544994400386,0.0763191392036067,0.985,0.467138385802074
"sinusoidal",800,"montoril",119,40.339,149.23416131507,621.700939656278,140.637955498348,883.390926274603,152.61218157969,28.3157550033371,1439.85755186961,228.426327943943,3.69950076390267,15.4119075747113,3.48640163361381,21.8991776264807,3.78324156721015,35.693932716964,0.00196520912489852,0.00183817550807249,5.15173049265115e-07,0.00082714056836986,0.00337934335663673,1.16354165818439e-05,1.09828955492083e-05,1.39240963924762e-11,5.6466044021103e-06,1.89500614643697e-05,-1559.10757934492,0.0796865986900312,0.0650994591583427,1,0.460237176148204
"sinusoidal",800,"montoril",11,41.092,109.335332818998,624.019420356736,161.653517428631,1016.99696044689,190.519083365934,22.25970311748,2036.41764826026,336.370873878134,2.66074498245396,15.1859101615092,3.93394133720993,24.7492689683367,4.63640327474774,49.5575208863103,0.00236497594983201,0.0022119583394828,7.3176965761568e-07,0.00098581338198134,0.00408493752093788,1.18848835175966e-05,1.12332531898312e-05,1.42148512954177e-11,5.64803678530303e-06,1.93519827395653e-05,-1612.32998755478,0.0739613513985303,0.0609246631771032,0.99875,0.475323474939751
"sinusoidal",800,"montoril",120,40.111,81.2589090794017,316.299486380844,164.378089851859,1042.96564368602,144.856790001698,22.0703241294233,1345.56973659693,232.302811879823,2.02585099048644,7.8856046067374,4.09808007409088,26.0019855821601,3.61139812025873,33.5461528407901,0.00202541367205505,0.00190636707360254,5.07664136136088e-07,0.000821656970141858,0.00349180361070308,1.21216273702179e-05,1.14503252344154e-05,1.52019236166791e-11,5.85533965403322e-06,1.96313537147578e-05,-1548.24221744207,0.124981666523521,0.0931369027606231,0.9475,0.472621317374352
"sinusoidal",800,"montoril",121,41.125,156.821568826892,716.014374207257,116.210934797348,1327.34000736482,204.420120366686,71.015425190114,2148.68262727265,309.276416662354,3.81329042740164,17.4106838713011,2.82579780662244,32.2757448599349,4.97070201499539,52.2476018789701,0.00246841366163831,0.00230779029355843,9.09675509081445e-07,0.000923018261618852,0.00438121815171299,1.21664459519703e-05,1.14711858952828e-05,1.55085098128675e-11,5.75516025996495e-06,1.97295154325523e-05,-1614.30092952413,0.0923129672203758,0.0728217595451054,0.995,0.47559340909633
"sinusoidal",800,"montoril",122,40.629,232.398874279148,885.48866725428,159.34655264534,1019.05160088758,180.483972306096,22.2884485759549,1806.18421102132,389.009379525489,5.72002447215408,21.7944981972059,3.92199051528071,25.0818774985251,4.44224500494956,44.4555418794781,0.0023800746442652,0.00224281169533452,6.78914970644706e-07,0.000969685113907455,0.0040886646465583,1.24291238954216e-05,1.15879967784243e-05,1.75589544926428e-11,5.80644959340953e-06,2.08804799407814e-05,-1580.85652302405,0.0886904484475857,0.0724191381155562,0.99875,0.476419607149747
"sinusoidal",800,"montoril",123,40.025,191.129345280342,620.134674453168,148.760226071531,992.760836871009,149.587050431452,7.28597559348411,1355.29964466461,151.221842580519,4.77524910132023,15.4936833092609,3.71668272508509,24.8035187225736,3.7373404230219,33.8613277867485,0.00194925573991442,0.00182425938006233,4.53399994454345e-07,0.000824303271454702,0.00328361843292034,1.17027783028613e-05,1.11183496050155e-05,1.23938504314702e-11,5.90426785418302e-06,1.86971109506633e-05,-1554.24803644381,0.113153152387699,0.0885352399069629,0.98125,0.46438422707797
"sinusoidal",800,"montoril",124,40.438,175.155137191718,611.357113481249,113.35997422609,723.580795220277,161.361628860449,22.1187679604978,1486.14636253182,251.711909666813,4.33144906255795,15.1183815589606,2.80330318576808,17.8935851234056,3.99034642812326,36.7512330612746,0.00214896249613777,0.00197569972029403,6.67968344443597e-07,0.000813062867418159,0.00384669465393388,1.22817902878396e-05,1.1657596834612e-05,1.48260154876005e-11,5.88792546915261e-06,1.97887265848894e-05,-1540.46892837824,0.121129102347541,0.0936583142206419,0.9775,0.475996890607843
"sinusoidal",800,"montoril",125,40.369,110.078242313918,461.831151858273,135.767371797494,866.13226200074,133.221651287724,4.9014000069339,1128.81786062104,37.5285614226265,2.72680131571051,11.4402425588514,3.36315915176235,21.4553806633986,3.30009787925694,27.9624925220105,0.00192954192786208,0.0018254219356967,4.3396814346764e-07,0.000868706355979045,0.00322792691661667,1.20493325227473e-05,1.13375657211487e-05,1.55210075743118e-11,5.79900568728145e-06,1.98401723688369e-05,-1590.52056043277,0.110048724255348,0.0911649301286763,0.97,0.475830021777079
"sinusoidal",800,"montoril",126,40.809,159.824569078513,535.127072917606,127.384439075676,897.200195587214,158.716436706123,36.4783183012787,1339.7458950496,95.9217066687851,3.91640493710978,13.1129670640693,3.12147906284584,21.9853511624204,3.88925081982216,32.8296673540053,0.00199254886236235,0.00185576235919027,5.43955752026982e-07,0.00087698640371248,0.00346889137096988,1.18200224068361e-05,1.1185118852933e-05,1.40959255007773e-11,5.66116020733699e-06,1.91711614971982e-05,-1594.79569326865,0.0971636350291111,0.0789145348876453,0.98,0.465040095971053
"sinusoidal",800,"montoril",127,40.273,108.718634280152,425.5737900402,81.1216335226843,1217.06963781332,142.187376731792,3.82334236923339,1189.25379716652,40.0737124071079,2.6995414863594,10.5672234509523,2.01429328638751,30.2204861275127,3.53058815414277,29.5298040167487,0.00171910987369143,0.00162034799999654,3.27156020890533e-07,0.000802152985536714,0.00286609328344937,1.11749531951984e-05,1.06226766067572e-05,1.12536522055871e-11,5.68259647554313e-06,1.78859637955323e-05,-1546.14943912442,0.0883049813999921,0.0720582229306207,1,0.44817817099906
"sinusoidal",800,"montoril",128,40.288,146.678896125522,557.030997286223,130.524947239074,915.818668468995,149.315048528885,37.3743326843667,1282.09986484479,183.037532763342,3.64075893877886,13.8262261042053,3.23979714155763,22.7317977677967,3.7061916334612,31.8233683688639,0.00200251877458773,0.0019114423580542,4.30757167181765e-07,0.000835604730199368,0.00331440426291289,1.20223088205608e-05,1.14164779568875e-05,1.40343248188005e-11,5.90856968990664e-06,1.94972738147417e-05,-1568.81377882649,0.0811357331433654,0.0627332527835645,0.9925,0.469038737681223
"sinusoidal",800,"montoril",129,41.147,169.548041652629,599.539534338507,136.029645934411,748.243971427753,186.389794227741,42.182741500612,1845.70622783055,291.9836817334,4.12054442979146,14.5706742736653,3.30594322634483,18.1846543229823,4.52985136772404,44.8563984696466,0.00231843518761517,0.00217310321934498,6.98581870652062e-07,0.000975281352846207,0.00396411921999046,1.24238345023619e-05,1.17038774441538e-05,1.70997638021732e-11,5.90184299675899e-06,2.05795510092525e-05,-1588.37577761738,0.086914585511221,0.0706925184881392,1,0.481471050048337
"sinusoidal",800,"montoril",12,40.348,154.651925283635,537.435684091235,109.831940206155,998.875548349421,167.094458512356,50.5902370834855,1452.29514124255,207.912112295514,3.83295145443727,13.320008032399,2.72211609512627,24.7565070969917,4.14133187549212,35.9942287410169,0.00208629162583624,0.00197632590328094,5.37078125876683e-07,0.000881308539002651,0.00354606992254366,1.18230580346603e-05,1.11730568757738e-05,1.344699730295e-11,5.95927457370603e-06,1.9291216050529e-05,-1559.33959811055,0.0873953114382631,0.0697378546510249,0.99625,0.470663520819871
"sinusoidal",800,"montoril",130,40.422,67.1088324784637,353.637037825074,84.6518556822868,932.813262244153,133.485926905531,13.2283177826546,1067.64613687499,95.613473678567,1.66020564243391,8.74862792105968,2.09420255510086,23.0768705715737,3.30230881464379,26.4125015307255,0.00173026925498205,0.0016421394879636,3.13137378814484e-07,0.000797690445052498,0.00286506955699116,1.15849238042411e-05,1.09857420731802e-05,1.25787832395866e-11,5.76195354329298e-06,1.88115765675512e-05,-1531.87719297365,0.0947765333349972,0.0731470588456345,0.99625,0.462700559887097
"sinusoidal",800,"montoril",131,40.999,123.846313208737,460.761327450419,228.5924455087,998.758943297061,148.746194366754,26.2183925045324,1251.65993013893,61.2047226441231,3.02071546156581,11.2383552635532,5.57556148951681,24.3605683869621,3.62804444905374,30.5290355896224,0.00196454925036135,0.00186248825862953,4.06235836257801e-07,0.000916451020804089,0.00325015635435119,1.18048515770375e-05,1.11620859233374e-05,1.41660107919621e-11,5.7144927157992e-06,1.90412854413878e-05,-1552.84431254869,0.103305228158979,0.0805339597778621,0.98875,0.472813956521471
"sinusoidal",800,"montoril",132,43.515,102.325807564371,676.448071104447,153.408040552559,994.21121742861,156.083548697446,49.7956192845329,1439.19442890592,249.527284152273,2.35150655094498,15.5451699667804,3.52540596466872,22.8475518195705,3.58689069740195,33.0735247364339,0.00209263475258369,0.00196556395193243,4.84506552673285e-07,0.000963971085290206,0.00346149736485694,1.22844890402011e-05,1.16430851056024e-05,1.47364394087296e-11,5.84767374160726e-06,1.99821685488522e-05,-1591.65944191633,0.117673269300336,0.0907227957967015,0.955,0.47360597416967
"sinusoidal",800,"montoril",133,41.197,152.800905599058,503.056733773809,82.4188347178538,905.100202843069,150.230519297761,13.1371912958053,1419.3608553948,102.860902082714,3.70902991963147,12.2110040482028,2.00060282830919,21.9700512863332,3.64663735946211,34.4530149135812,0.00205060855384246,0.0019214527023867,5.64566705898967e-07,0.000856702936545936,0.00355653107014366,1.18383963539559e-05,1.11647058211577e-05,1.43633948130418e-11,5.52230475641453e-06,1.94725362229478e-05,-1591.01964171073,0.0934584948166703,0.0787117400755139,1,0.457901265582862
"sinusoidal",800,"montoril",134,40.231,101.861502086601,664.926628639233,139.985640531605,924.496801245409,181.129856222641,15.384216236829,1775.07379688625,356.401431605856,2.53191573877361,16.5277181437009,3.47954663149325,22.9797121932194,4.50224593528973,44.1220401403457,0.00223183853057037,0.00208564318893024,6.55185243858085e-07,0.000929271489416361,0.00382674958151319,1.19691111935928e-05,1.12799350044334e-05,1.47177220481073e-11,5.68923978950962e-06,1.95414352724306e-05,-1586.57284729216,0.078739339780348,0.0614477934485097,1,0.465932049873216
"sinusoidal",800,"montoril",135,40.232,111.454540749214,424.731209755418,110.022518601115,937.771442012352,144.108287215211,7.44667771235723,1280.45458517276,179.720281498442,2.77029580307252,10.5570493576113,2.73470169519574,23.3090933091159,3.58193197492571,31.8267693669905,0.00191769402109093,0.00178813436383829,5.36855914862411e-07,0.000761601809123127,0.00337869598521679,1.14497812520394e-05,1.08719141055156e-05,1.23575372432789e-11,5.6938415747779e-06,1.84734531593369e-05,-1590.66834384096,0.0784631960543114,0.0653282612756715,1,0.465665066014448
"sinusoidal",800,"montoril",136,40.547,131.367167919149,434.79281464548,185.952126424166,1174.68982591549,178.932732131639,17.8178310392024,1614.57734250013,149.04104834631,3.23987392209409,10.7231808677702,4.58608840171074,28.9710663160157,4.41297092587956,39.8198964781643,0.00214864010423208,0.00203050863618372,5.42289369253607e-07,0.000944648653871122,0.003586595886221,1.20889106138894e-05,1.14916894623577e-05,1.42311667025018e-11,5.88435422997459e-06,1.92385389538319e-05,-1598.82255430244,0.0925463628497044,0.0745392990469265,0.99125,0.473662750821073
"sinusoidal",800,"montoril",137,40.048,171.369874778034,617.309273912223,207.551992959582,793.647579397596,158.090395459861,13.9250682805229,1397.36635928635,213.096360934983,4.2791119351287,15.4142347660863,5.182580727117,19.8174085946263,3.94752285906565,34.8922882362753,0.0020591968215447,0.0019304431397836,4.92393641847322e-07,0.000919402065497774,0.0035011604055897,1.18204376221367e-05,1.11380295679532e-05,1.44439131085046e-11,5.63242529229609e-06,1.93695271498707e-05,-1565.18608553662,0.0705903795555907,0.057022254944544,1,0.472768092992509
"sinusoidal",800,"montoril",138,40.638,143.889654507504,779.794364415908,81.5646282278788,714.440910996856,179.325555652045,28.4215249450893,1806.53329666574,174.347209815108,3.54076614271135,19.1887977857155,2.00710242206503,17.5806120133091,4.41275544200122,44.4542865462312,0.00247797960601857,0.00228763468183576,9.82878673599202e-07,0.000947020766698346,0.00447234771259661,1.26108269174759e-05,1.18973523323504e-05,1.66683512448785e-11,5.97437334234079e-06,2.08484198880734e-05,-1599.44773815354,0.0947343403966177,0.0786056212257724,1,0.488356419584801
"sinusoidal",800,"montoril",139,40.777,216.231865827865,986.218276586804,198.201049414088,854.152980310596,163.582482316372,36.1228923093081,1522.71429494958,78.3462560922692,5.30278995090039,24.1856506507787,4.86060890732736,20.9469303850356,4.01163602806415,37.3424797054608,0.00209613123459867,0.00197778779404712,4.98845673291691e-07,0.000931653449360761,0.00355035796447437,1.242954328381e-05,1.16575554298663e-05,1.66799258540788e-11,5.8841973495495e-06,2.03878344910531e-05,-1608.09996451897,0.126218642395875,0.100775079245951,0.9575,0.467810200954821
"sinusoidal",800,"montoril",13,40.305,164.188044707651,690.464347793787,110.86577937814,844.511383079261,171.285550939867,23.2749360597139,1528.76437810254,214.505888698125,4.07363961562215,17.1309849347175,2.75067062096861,20.9530178161335,4.24973454757144,37.9298940107316,0.00214353215711052,0.00199535062374258,6.0272089335011e-07,0.000897944553280436,0.00367748432306611,1.22509804653281e-05,1.16037490930849e-05,1.48854056944225e-11,5.84121979527549e-06,1.99149855101542e-05,-1565.9706957032,0.0840953150926254,0.0668299090985729,1,0.469898874986674
"sinusoidal",800,"montoril",140,40,87.5340620712399,389.54678476756,185.088861434781,957.584855555532,148.660670989799,31.270228650958,1227.46198119194,197.101313309256,2.188351551781,9.73866961918899,4.62722153586953,23.9396213888883,3.71651677474499,30.6865495297984,0.00194078440164714,0.00183445349417536,4.24492612295002e-07,0.000868806943914224,0.00323852886706827,1.14361837758544e-05,1.0854338474012e-05,1.22843301780177e-11,5.67410902757623e-06,1.8548383768103e-05,-1583.39896160465,0.0992182624440209,0.0802131714601373,1,0.465293498126431
"sinusoidal",800,"montoril",141,40.122,168.005804324563,596.406779970953,93.4013185296573,900.632131215104,163.108833277757,46.3470537883199,1389.650086068,85.3865000266883,4.18737361857741,14.8648317623985,2.32793276829812,22.4473388967425,4.0653216010607,34.6356135304321,0.00200136530340933,0.00189155224573624,4.58485795213407e-07,0.000872948299042679,0.00334387648976324,1.19062740337025e-05,1.12798068071666e-05,1.44275183393959e-11,5.74016294517684e-06,1.93936814264113e-05,-1580.79197329537,0.102086255539991,0.0843681152552818,0.98125,0.460278916810833
"sinusoidal",800,"montoril",142,40.83,107.189892831325,437.325968224183,275.079357470058,786.570049739082,139.810728857625,10.2043220366081,1145.05557574168,42.4938932073102,2.6252729079433,10.7108980706388,6.73718730027082,19.2645126068842,3.42421574473733,28.0444667093234,0.00177841538649141,0.00168515598071015,3.06495180479995e-07,0.000853416119318667,0.00290239325030332,1.17052678732564e-05,1.10724926991994e-05,1.29741104541052e-11,5.83510048572907e-06,1.90243057601265e-05,-1592.09601061377,0.0865647895696558,0.0731201876818612,1,0.456610446849741
"sinusoidal",800,"montoril",143,63.243,107.383166066487,531.215007446215,187.285048828371,1001.79451043317,158.214027601124,34.0414672103739,1276.36412242095,174.431433530635,1.69794548118348,8.39958584264211,2.96135617899801,15.8404014742053,2.50168441726553,20.1819034900456,0.00190574355258746,0.00180034137843576,4.21700900280223e-07,0.000840252905433466,0.00318211335406622,1.20078938689325e-05,1.14141610813438e-05,1.40710711649985e-11,5.89914616665807e-06,1.94091203663669e-05,-1564.40184022149,0.116039511536911,0.0983800025815848,0.98625,0.455796655452522
"sinusoidal",800,"montoril",144,41.209,176.814116810331,618.440345938742,122.024994956771,1091.46330618652,146.777922860077,13.6283857393999,1282.29781755001,242.55738958233,4.29066749521538,15.007409690571,2.96112487458495,26.48604203418,3.56179288165392,31.1169360467376,0.00186596463292118,0.00177575426673059,3.57578960450793e-07,0.000817505072328983,0.00307397845173689,1.16732862708263e-05,1.11296590615288e-05,1.22217107850583e-11,5.79542032002269e-06,1.84883356704943e-05,-1586.86090995691,0.101482805555235,0.0736396596534557,0.9725,0.459755433670715
"sinusoidal",800,"montoril",145,40.169,95.865241807888,409.306728409767,140.217401065718,1147.86257959539,161.23254068258,22.9583716779781,1446.2734795748,109.902896547904,2.3865478804025,10.1896170780892,3.49068687459777,28.575831601369,4.01385497977494,36.0047170597924,0.00208956619371052,0.00194839868484023,5.737146601081e-07,0.000893103467071488,0.00367276781861901,1.19870339400625e-05,1.13587076105755e-05,1.43001172016743e-11,5.62337943971466e-06,1.93677651602837e-05,-1574.56325142128,0.119399120602928,0.0874682716452117,0.96,0.476728109202384
"sinusoidal",800,"montoril",146,40.397,117.793187527414,401.030351172972,126.06259993756,1011.04344672159,162.370275174306,22.9545946903691,1370.85686119084,51.6149481044249,2.91588948504626,9.92723101153482,3.12059311180435,25.0276863807113,4.0193646848604,33.9346204220818,0.00201412397277298,0.00187491873140197,4.82555638826476e-07,0.000928369934344142,0.00344242080544016,1.23047601050632e-05,1.16515964773675e-05,1.40731077013229e-11,6.1749644844319e-06,1.9732119556223e-05,-1556.75521449523,0.117592600360781,0.088841301199082,0.95375,0.463393594324786
"sinusoidal",800,"montoril",147,40.714,156.142151297902,579.863322367387,150.430180625326,764.771278099469,163.939952197567,15.1384210680198,1429.33885175946,246.452283978916,3.83509729571896,14.2423569869673,3.69480229467323,18.7839877707783,4.02662357414077,35.1068146524405,0.00208231135956272,0.0019641471908481,4.80409793215205e-07,0.000942615870503254,0.00349360343790829,1.25175917264431e-05,1.18188158651944e-05,1.6395176834288e-11,5.90839119134298e-06,2.05604644742687e-05,-1579.57014755659,0.11474843807147,0.0870670704152496,0.96,0.473301881333611
"sinusoidal",800,"montoril",148,40.495,119.560171289339,374.355746532972,173.911165848943,507.92006136819,143.837989802228,11.5110222002494,1228.45827541886,35.2463650710805,2.95246749695862,9.24449306168594,4.29463306208033,12.542784575088,3.55199382151446,30.3360482879086,0.00191238543138425,0.00180119588649657,4.53514558625926e-07,0.000816251055188911,0.00324937922629401,1.18273043852337e-05,1.11630859297103e-05,1.43291276257185e-11,5.72499494929611e-06,1.93164225900847e-05,-1574.79152851675,0.0818932964473891,0.0600957117436222,0.99625,0.465719425642817
"sinusoidal",800,"montoril",149,40.232,129.181599854268,718.466135492714,202.415102335428,1063.19676812253,181.885976884557,53.5596409647007,1663.19575665713,335.730644711793,3.21091667961493,17.8580765433663,5.0311966180013,26.4266446640119,4.5209280394849,41.3401212133906,0.00209392854961207,0.00197329729189776,5.30605160399014e-07,0.000914556696325323,0.00357880188552298,1.18826431792103e-05,1.12204998646496e-05,1.42107953757802e-11,5.80470601720765e-06,1.95226852726888e-05,-1610.06282312382,0.0941433716927767,0.0762758919955118,0.985,0.460693336137244
"sinusoidal",800,"montoril",14,40.984,30.0448697023439,443.397715994803,160.471647614012,781.371085934728,160.404249969939,18.412647923152,1442.04431349343,103.375400107608,0.733087783094473,10.8188004097892,3.91547061326402,19.0652714702013,3.91382612653571,35.1855434680224,0.00215651411611333,0.00201034672817206,6.17568276887628e-07,0.000855893944402474,0.00373051729583189,1.26491639326591e-05,1.19397117455879e-05,1.65120685112566e-11,6.09879037569381e-06,2.07634018388223e-05,-1600.11790362624,0.126731487675029,0.098771664647232,0.945,0.475241739315611
"sinusoidal",800,"montoril",150,62.19,53.2658863514395,652.688157076657,130.915956880566,986.588631998514,198.706385707216,21.9943123720996,2042.53882428066,206.707304870687,0.856502433694155,10.4950660407888,2.10509658917135,15.8641040681543,3.19515011589028,32.843525072852,0.0025212108626687,0.00235051682167319,9.00016543401078e-07,0.00104677211027741,0.00447091245864723,1.24045608007621e-05,1.17137413662134e-05,1.57288969314904e-11,5.99341603076266e-06,2.04314241368919e-05,-1594.97238495931,0.089235625274464,0.0740995285272814,1,0.477672692409508
"sinusoidal",800,"montoril",151,40.473,106.711725053773,447.865267656934,79.6231592697715,577.179521951563,152.233077812066,43.7937992530168,1275.80553809038,140.667219409444,2.63661515216992,11.0657788564459,1.96731547623778,14.260853456664,3.76134899345406,31.5223862350302,0.00177936895853166,0.00168435227987501,3.56693154716208e-07,0.00077792992180031,0.00294987374465647,1.15975099418686e-05,1.09934594359647e-05,1.27383486309209e-11,5.57561160447144e-06,1.87351537522585e-05,-1578.52729183124,0.103849395893258,0.0768270095966407,0.97625,0.446709347989971
"sinusoidal",800,"montoril",152,40.692,40.4809264889101,222.228070894745,190.754084949511,1101.78871518272,143.716827756435,34.5488457120998,1130.4989564622,117.256242056478,0.99481289906886,5.4612226210249,4.68775397988575,27.0762979254576,3.53182020437518,27.7818479421556,0.00177080720494934,0.00168723289620072,3.30707735695143e-07,0.000781381004044438,0.00287918226596117,1.129552837525e-05,1.07109707767683e-05,1.20556230684653e-11,5.58621518210175e-06,1.8217697067587e-05,-1567.35327799635,0.0914200616427085,0.0712820057032388,0.9875,0.449612326162312
"sinusoidal",800,"montoril",153,40.489,114.539503048101,605.822028528094,136.988365990263,1112.88195846396,181.412131850735,52.2218628994179,1823.95070758961,243.075103934023,2.8289042220875,14.9626325305168,3.38334772383273,27.4860322177373,4.48052883130566,45.0480552147401,0.00232416175068699,0.00220394340720205,6.958750998632e-07,0.000941627521685109,0.00390825682798329,1.22137131416361e-05,1.14841906439514e-05,1.53741853931028e-11,5.9484554162781e-06,2.02101408202378e-05,-1607.90377509733,0.105403629915446,0.0769348779687012,0.96,0.48325859607887
"sinusoidal",800,"montoril",154,40.321,84.7297044697809,341.41935343585,155.900431933682,1041.6355633925,144.595902438418,5.94576461288853,1246.27339782175,71.2219721436125,2.10137904490913,8.46753189245927,3.86648227806061,25.8335746482602,3.58611895633586,30.9087918906215,0.00182126346722148,0.00173977672776937,3.35525175220075e-07,0.000809223217480425,0.00293489736861746,1.12602464177633e-05,1.0665484611142e-05,1.17565348427645e-11,5.5997981617597e-06,1.81288052577574e-05,-1572.32203993638,0.0771124453084526,0.057894952158726,1,0.465715144118736
"sinusoidal",800,"montoril",155,40.291,129.727772442794,520.17477403085,83.7735114953023,975.07907763339,149.786240930383,37.5279610154478,1255.19637546873,333.815748872978,3.21977048082186,12.9104458571604,2.07921152354874,24.2009152821571,3.71761040754468,31.1532693521811,0.00197032713372717,0.00185156095023063,4.85066906467352e-07,0.000841246689273964,0.00338523445931385,1.21322979267069e-05,1.14958395029829e-05,1.45160236496035e-11,5.86722840832425e-06,1.94476978030835e-05,-1585.11924104915,0.101555557186277,0.0800580569075604,0.97125,0.459629201625481
"sinusoidal",800,"montoril",156,39.972,140.811850771963,471.730115611672,148.357329433945,869.766248580053,159.32503818087,57.9010436211329,1380.6485043362,321.163906446945,3.52276220284106,11.8015139500568,3.71153130776405,21.7593877859515,3.98591609578881,34.5403908820225,0.00195153152143027,0.00183704302033542,4.47346602378357e-07,0.00081637957224258,0.00328111261775236,1.15210048408305e-05,1.08455466625134e-05,1.3843700121939e-11,5.53602046126754e-06,1.87737923961565e-05,-1579.52210028508,0.0716905174747919,0.0572986081488282,1,0.45957721719424
"sinusoidal",800,"montoril",157,40.271,96.3066698294265,596.182621283114,130.223737055173,1098.21346893833,132.403282795232,7.71760954283245,1206.11537954058,37.9748674966824,2.39146457325188,14.8042666256888,3.23368520908775,27.2705785537566,3.28780717626162,29.9499734186036,0.0018685722052241,0.00174518392764822,4.20607506677995e-07,0.000810921957175693,0.00312522969645989,1.13312309390712e-05,1.07155526718627e-05,1.18086536289994e-11,5.80987378930097e-06,1.82864751942621e-05,-1578.8032252626,0.125109178414647,0.101684975671361,0.96375,0.465646497636211
"sinusoidal",800,"montoril",158,40.6,105.779867917115,492.34125282798,165.045426333577,923.941380303787,158.039437806415,9.7880086271777,1431.34995576007,232.083595867329,2.6054154659388,12.1266318430537,4.06515828407824,22.7571768547731,3.89259699030579,35.254925018721,0.00199920926934935,0.00186859277233313,5.08816978094864e-07,0.000845550190162128,0.00341958061280196,1.16889067986748e-05,1.10443041672973e-05,1.33421001468796e-11,5.77085242618468e-06,1.90578101055563e-05,-1587.59684784421,0.0764063485863756,0.0608935028576146,1,0.463175163990337
"sinusoidal",800,"montoril",159,40.322,92.0179443504144,281.543043034571,144.116392312396,1061.82845765272,165.210507183412,15.3731342261727,1501.26154164481,208.551328375982,2.28207788181178,6.98236801335676,3.57413799693458,26.3337249554268,4.09727957897456,37.2318223710334,0.00207475702147147,0.00192237934729123,5.76442856439727e-07,0.000866429674951957,0.00365567866072575,1.15467988424889e-05,1.09834154315872e-05,1.26396917104135e-11,5.72641941948433e-06,1.84628595119118e-05,-1596.09678521451,0.09092935525584,0.0713597610699214,1,0.465846393191393
"sinusoidal",800,"montoril",15,40.369,137.669398122237,841.867487579348,134.184815841287,770.567374340901,173.98877577229,54.9808572168725,1629.75009096701,216.401002661149,3.41027516466192,20.8543062146535,3.3239568936879,19.0880966667716,4.30996001318561,40.3713267845874,0.00223492081519036,0.00209890010136835,6.75183921336576e-07,0.000906399269693916,0.00385921844209932,1.21370113072606e-05,1.14035486825978e-05,1.56251280944514e-11,5.91040357131872e-06,2.01330284885142e-05,-1586.68462889097,0.0838722539847907,0.0659747569154504,1,0.474478344627254
"sinusoidal",800,"montoril",160,40.234,135.255415371076,580.90639935158,141.193140112782,1052.52045392967,144.873986464898,34.490105507564,1238.37188684922,200.919827590169,3.36171932621851,14.4381965340652,3.5092991030666,26.1599754916157,3.60078506896898,30.7792386252726,0.00182560486710696,0.00172817821926519,3.67281023063673e-07,0.000828500776193274,0.00304153465698469,1.12945157286989e-05,1.07247389025904e-05,1.2000821508093e-11,5.72898588051774e-06,1.82176216133226e-05,-1618.92239479715,0.0853778128825381,0.0673909633233884,1,0.447576060697345
"sinusoidal",800,"montoril",161,40.355,123.402962107745,665.548906018514,109.359117107765,613.944848749302,166.745294385769,14.0750064643887,1584.41017397261,218.612403974586,3.05793488062805,16.4923530174331,2.70992732270512,15.2136005141693,4.13196120395908,39.2618058226393,0.00215099577774698,0.00198212554384525,6.98940752261496e-07,0.000881086469380919,0.00387850841849698,1.20890095756761e-05,1.14119314954184e-05,1.55013065632801e-11,5.91245612430703e-06,1.98543558307951e-05,-1589.38011659596,0.093356121181635,0.0714798547546759,0.99875,0.470226577722154
"sinusoidal",800,"montoril",162,40.38,112.778265550405,397.007923129523,163.399620508215,880.842144714921,158.052972681278,53.1126139916408,1323.66590107434,260.596803500401,2.79292386207045,9.83179601608527,4.04654830381909,21.8138223059663,3.91413998715399,32.7802352915883,0.00197218937498714,0.00184662094845946,4.58356348336686e-07,0.000914321949438999,0.00331128957986006,1.2288060974867e-05,1.16253801751515e-05,1.48155623818904e-11,5.97866891094227e-06,2.0010513506883e-05,-1590.83489207882,0.113872433969466,0.0937988345724354,0.9425,0.463597808493778
"sinusoidal",800,"montoril",163,40.206,156.163635137838,597.025581040725,128.107511825713,1156.34766019221,156.79514002493,36.1961202456582,1389.71882678031,184.49844581855,3.88408782614132,14.8491663194728,3.18627846156576,28.760574545894,3.89979455864622,34.5649611197411,0.00205320150650074,0.00190662556281467,5.8530449936969e-07,0.000835048328758207,0.00355665854696078,1.18598625360856e-05,1.12506160460596e-05,1.33485220655987e-11,5.82163611934008e-06,1.9285955304786e-05,-1579.44082918363,0.0977241019880359,0.0759838514523688,1,0.471522680955778
"sinusoidal",800,"montoril",164,40.213,98.2269428637151,499.397452985596,147.937148405456,879.601616733532,177.229403409066,42.0875839523049,1543.38665862913,301.746590594694,2.44266637315582,12.4188061817222,3.678838893031,21.8735636916801,4.40726639169089,38.380291413949,0.00199747335575153,0.00185363307239991,5.24896062602345e-07,0.000863781822419475,0.0034852934747494,1.21725023799668e-05,1.14918466611007e-05,1.48963874490354e-11,5.98096705285966e-06,2.00501265338029e-05,-1591.72730284111,0.0939372826407418,0.0746551721505034,0.99625,0.456987926527182
"sinusoidal",800,"montoril",165,41.728,110.992156316729,454.574710736326,153.03821043958,809.814316824007,151.362844305332,25.3376512108554,1246.60976178861,248.452438795741,2.65989638412407,10.8937574467103,3.66751846337182,19.4069765343177,3.62736877648898,29.8746587851947,0.00188364928211071,0.00181158799062988,3.6606533370625e-07,0.000790633976664512,0.00306899774082516,1.19321908206611e-05,1.13053008224822e-05,1.42945931323849e-11,5.83509794881232e-06,1.94685792585254e-05,-1558.60451051368,0.0789126760364991,0.0631270592910258,0.9925,0.454061814492091
"sinusoidal",800,"montoril",166,40.973,167.0754642511,786.719210546489,182.961991096929,989.714066100385,173.020528346022,6.24151305159748,1636.90959617124,309.567005654628,4.07769663561615,19.2009179348959,4.46542823559244,24.1552745979153,4.2227937506656,39.9509334481547,0.00220806671979232,0.00205754283588711,6.50289170925871e-07,0.000927775475043167,0.00385538508702685,1.22592645826557e-05,1.14924463684994e-05,1.63809368414788e-11,5.7489767193667e-06,2.04519364715534e-05,-1609.20305289544,0.102173040109545,0.0788096090500465,1,0.470462784540497
"sinusoidal",800,"montoril",167,40.072,128.194969170779,512.757296744556,168.892624926301,1041.76090977274,154.395920511886,49.6912594692491,1387.90095500712,243.428135449522,3.19911582079206,12.7958997989757,4.21472911075815,25.9972277343965,3.85296267997319,34.6351805501876,0.00198817073994109,0.00185512024391126,4.9909752622032e-07,0.00084341734232568,0.00341792014087555,1.17986431405798e-05,1.1125737737802e-05,1.41680314210761e-11,5.62339888873668e-06,1.92315297582477e-05,-1596.97554492986,0.0940102070889056,0.073233126412682,1,0.464374847206408
"sinusoidal",800,"montoril",168,40.366,150.910326977405,669.840368643149,107.583482842024,970.929620530863,168.209245374084,7.02711125237465,1530.28064563502,32.568042319322,3.73855043792808,16.5941725373619,2.66520048659824,24.0531541527737,4.16710214968249,37.9101383747465,0.0022158889015971,0.00210347109153538,5.3875494445507e-07,0.000966021407031806,0.00368949889950762,1.2268384642139e-05,1.16023255348487e-05,1.55898272503164e-11,5.82525370924575e-06,2.01245328978685e-05,-1614.51120865197,0.0711608015692284,0.0540497173404021,0.985,0.473945509864727
"sinusoidal",800,"montoril",169,40.589,83.4382729497654,511.131045811285,156.327609888965,1337.10253899849,179.451085865977,16.6175783771213,1659.87880315517,279.211851277947,2.05568683509733,12.5928464808516,3.85147724479453,32.9424853777744,4.42117533977129,40.8947942337867,0.00219400619794244,0.00202272950866031,7.4633381400827e-07,0.000845408863279908,0.00387760907073144,1.16048422075584e-05,1.09697316308696e-05,1.27228536992977e-11,5.78333548884546e-06,1.86917654361111e-05,-1629.95676650857,0.109062480333806,0.0854720645602089,0.98,0.463095061168593
"sinusoidal",800,"montoril",16,40.547,122.757915411095,526.671642858564,87.883686903336,1053.05768981477,185.175518959081,8.76404779182387,1847.05905537942,46.3327254363149,3.0275461911139,12.9891642503407,2.1674522628884,25.971284924033,4.56693513599233,45.5535318366196,0.00227661882140723,0.00214572297601516,6.50584066292962e-07,0.000963525358046387,0.00389291358465807,1.19508982228258e-05,1.12326493289835e-05,1.54502947254721e-11,5.77094937426756e-06,1.97565838219672e-05,-1572.81990944422,0.0779466538546921,0.0634386286300489,1,0.471060684852287
"sinusoidal",800,"montoril",170,40.193,85.8773867437637,308.093878740222,88.118220745858,927.1812874513,152.913464699594,51.7786447516373,1324.824903625,223.93074003892,2.13662545079401,7.66536159879137,2.19237729818272,23.0682279862489,3.80448000148271,32.9615829528774,0.00202382357692173,0.00190662390543795,5.24149808620406e-07,0.000818055000872486,0.00346505275561216,1.20730098287571e-05,1.14079082105403e-05,1.50777640715217e-11,5.77378622285847e-06,1.96904050947418e-05,-1547.96494016561,0.0785179133350006,0.0630996030801114,1,0.472779155915153
"sinusoidal",800,"montoril",171,40.712,90.4254779963022,331.051110399706,200.258051141931,933.40040357703,158.304058488964,37.3397511886199,1356.03862014807,192.251749276915,2.22110134594965,8.13153641186152,4.91889494846558,22.9269110723381,3.88838815309893,33.308081650326,0.00191559071390386,0.00181344792524483,3.9634220626786e-07,0.000905128253867025,0.00318638092612222,1.14635399895771e-05,1.08197505184908e-05,1.3296168426165e-11,5.63459023123999e-06,1.87090454480612e-05,-1588.82405037154,0.10326645716205,0.0833757996969074,0.985,0.46532646370218
"sinusoidal",800,"montoril",172,40.27,84.9376481829628,219.778350172014,196.659239810234,713.141277080907,138.965914580361,34.2437278138623,1149.96862667469,162.635488955171,2.10920407705395,5.45761982051189,4.88351725379276,17.7089962026547,3.45085459598611,28.5564595648049,0.00178998795457695,0.00170779469387787,3.39779029338884e-07,0.000815703173015103,0.00295644180795868,1.15872776507608e-05,1.09321155715418e-05,1.33068381410149e-11,5.73377064217706e-06,1.8862813144734e-05,-1582.36178273325,0.0891595660310961,0.0632698822963265,1,0.459916806794663
"sinusoidal",800,"montoril",173,40.59,171.241285994259,742.383983396583,173.342516298118,977.664672509955,154.518779016991,29.4866567087872,1379.22343882304,119.998813533834,4.21880477936091,18.2898246710171,4.27057197088243,24.0863432498141,3.80681889669848,33.9793899685401,0.00205419525134902,0.00192323310672194,5.86275687605449e-07,0.000819886698295268,0.00355923957865864,1.15641194747524e-05,1.09240405420896e-05,1.35116820148865e-11,5.54731659377109e-06,1.88626097037731e-05,-1584.74207251888,0.0578082167842516,0.0460896699764712,1,0.469967107192942
"sinusoidal",800,"montoril",174,40.403,137.568063542586,522.668572987394,179.656692841237,862.292142386373,175.283511485989,46.8328792818757,1622.47206380733,224.25801196063,3.40489724878316,12.9363802932306,4.44661764822507,21.342280087775,4.33837862252776,40.1572176275852,0.00222391569473652,0.0020745475124313,6.25045456340276e-07,0.000955087643563118,0.00386639294212185,1.23049025853032e-05,1.15933855590365e-05,1.54708474244007e-11,5.91969904365804e-06,2.01555297233407e-05,-1578.10567827012,0.0980619165884113,0.0753506667824769,0.97625,0.479326072844044
"sinusoidal",800,"montoril",175,40.341,155.831625213881,599.807669338213,188.654000950875,1107.49643278572,156.28279746706,37.3062333236708,1317.08628508122,152.62451908267,3.86285975097001,14.8684382969736,4.67648300614449,27.4533708332892,3.87404371401452,32.6488258863494,0.00196308434331857,0.00187411962396026,3.99352618959103e-07,0.000907450512585963,0.00326107411875678,1.20048217209463e-05,1.13515895801741e-05,1.41804710885084e-11,5.87545998440494e-06,1.95200168927063e-05,-1578.56754046106,0.0976826671285589,0.0775257090100692,0.97875,0.46682888762157
"sinusoidal",800,"montoril",176,40.661,99.2914090278095,323.851788352141,174.068672251334,869.821849245836,170.05098676427,37.048791258135,1560.73109678237,211.887695913208,2.44193229452816,7.96467839827207,4.28097371563252,21.3920427251134,4.18216440235778,38.3839821151072,0.00220117943103561,0.0020793485546056,5.89055887198868e-07,0.000948379683220875,0.0036496716183764,1.21748483871501e-05,1.14636965696163e-05,1.53019901825395e-11,5.86343092310453e-06,2.00527586004715e-05,-1564.65258191224,0.100904615368252,0.0817870206015504,1,0.478277640616572
"sinusoidal",800,"montoril",177,40.788,105.129637201113,415.34167513262,143.50203722175,1169.12954612152,149.923709869637,14.1485253559328,1347.11074841455,44.8555292879548,2.57746487204848,10.182937999721,3.51824157158356,28.6635663950554,3.67568181498571,33.0271341672685,0.0019431737501731,0.00183163510113348,4.66768086831084e-07,0.000837471674346623,0.00331775222917511,1.14116042076145e-05,1.08627797774636e-05,1.18867270420308e-11,5.69003624407228e-06,1.82795197029505e-05,-1537.84737629584,0.0958201830546994,0.074276370292257,0.98625,0.459633362589673
"sinusoidal",800,"montoril",178,40.365,114.833072321504,417.122845462684,193.259258085435,929.709539633798,137.692859170905,6.39313496635042,1130.33760895089,85.8094187116466,2.84486739307578,10.3337754357162,4.78779284244854,23.0325663231463,3.41119433100224,28.002913636836,0.00184701791948996,0.00176637919461822,3.52680642341613e-07,0.000831060398311335,0.00304277434090173,1.16269594355853e-05,1.10470838137755e-05,1.25981603644533e-11,5.68796218741384e-06,1.87902561780162e-05,-1541.50459006478,0.0903043787474468,0.0731069002606571,1,0.466785660567288
"sinusoidal",800,"montoril",179,39.928,75.9040473260048,304.057887222932,127.951133379798,1135.90411330908,148.950270624855,7.05320160707133,1278.45208524784,213.115225769797,1.90102302459439,7.61515445859879,3.20454651822776,28.4488106919726,3.73047161452752,32.0189362163855,0.00200608449253245,0.00188976510964102,4.93705954072463e-07,0.000856746525167023,0.00342374626971135,1.19786674680788e-05,1.13150096346852e-05,1.45747299271345e-11,5.74780260166625e-06,1.9472511611038e-05,-1598.13434147705,0.100737195154764,0.0745699752589416,0.97625,0.469706739431356
"sinusoidal",800,"montoril",17,40.841,119.813714345161,418.120007521424,143.22696013085,949.869885673642,141.099405599369,22.9395143273624,1136.46957288989,250.892396332813,2.93366260241328,10.2377514635152,3.50694057762665,23.2577528873838,3.4548469821838,27.826683305744,0.00193135680122781,0.0018140357873861,4.43478867471741e-07,0.000811816409640375,0.00323478722727846,1.16229192355915e-05,1.09723883953759e-05,1.30391539716037e-11,5.69278185325055e-06,1.88611351219751e-05,-1567.64342163259,0.0771700405300477,0.064093159920596,1,0.469436312450485
"sinusoidal",800,"montoril",180,40.899,87.5965676238309,346.218395310313,148.699830431311,857.551502154553,168.905332852507,40.350814812614,1496.3670730199,211.706696523129,2.14177773597963,8.46520441356299,3.63578156999709,20.9675420463716,4.12981571315942,36.5868865502799,0.00209343811526052,0.00198332739883578,5.5101342109233e-07,0.000877651504955604,0.00357467840714025,1.22841416876668e-05,1.15636932455257e-05,1.53618736534118e-11,5.89698426377332e-06,2.00233042354276e-05,-1562.87405147926,0.0988682690463383,0.07495775033524,0.985,0.472387176998541
"sinusoidal",800,"montoril",181,41.263,130.528217062634,559.331447962359,76.8877571828823,905.129688244415,192.361550468815,57.0876599497375,1930.87722694982,323.775966305011,3.16332348744963,13.5552782871424,1.86335838845654,21.9356248514266,4.6618411281006,46.7943975704583,0.00244008600162403,0.00225137686743127,8.62376762965551e-07,0.00100723927571444,0.00426857245720435,1.29928560299649e-05,1.21641634936622e-05,1.79784190889306e-11,6.08163303447788e-06,2.15127067098357e-05,-1571.54122461338,0.120215350452877,0.0990603157272299,0.9825,0.483464483213833
"sinusoidal",800,"montoril",182,40.417,134.122562766898,581.131308039244,122.661030938293,888.398894299308,134.556797588326,11.2376784205082,1143.83359597725,163.547765526274,3.31846902953949,14.3783880060184,3.03488707569323,21.9808222851599,3.32921289527492,28.3008040175482,0.00194073004727908,0.00183186592396808,4.26500890995332e-07,0.000844818845897931,0.0032670833425126,1.24521947921542e-05,1.17577122537025e-05,1.59495432602137e-11,6.12526815728e-06,2.05741746999381e-05,-1566.48194099346,0.112339449367492,0.0845762737413901,0.965,0.469476499025288
"sinusoidal",800,"montoril",183,40.664,108.407680311861,329.687985532246,219.57314111345,1220.96894319578,149.817906494263,23.7911990272424,1157.64258729267,235.273645825888,2.66593744618978,8.10761325821969,5.3996936138464,30.0257953766422,3.68428847369328,28.4684877850843,0.00182071412694099,0.00172834356618452,3.4883822441011e-07,0.000804131614025686,0.00299238811662942,1.12070668079117e-05,1.06531831447253e-05,1.11468063336839e-11,5.77546140192461e-06,1.79654339862261e-05,-1587.2941641012,0.0896646913058791,0.0717841319624017,0.995,0.447105819280984
"sinusoidal",800,"montoril",184,40.46,162.437842324757,592.694216393571,131.705850630961,1056.38297832678,173.65687491983,33.8657058790252,1448.43806301785,44.629115821748,4.01477613259409,14.6488931387437,3.25521133541673,26.1093173091146,4.29206314680747,35.7992600844748,0.00213190189605521,0.00203805694750594,4.79968782468538e-07,0.000948009079427293,0.00350714708044385,1.27732051159233e-05,1.20041030380867e-05,1.81594849931349e-11,5.87142254571002e-06,2.11919144671857e-05,-1589.44753558379,0.100877886198446,0.0744346219442783,0.9775,0.471045289654933
"sinusoidal",800,"montoril",185,40.61,155.365999518543,595.491835568187,166.736939750531,943.114096546717,159.943175885311,19.313543492486,1318.65082709628,45.559147761129,3.82580643975729,14.6636748477761,4.1058098928966,23.2236911240265,3.93851701268927,32.4710866066556,0.00184072773026879,0.00174650772603562,3.81748058125476e-07,0.000820527900467032,0.00303409471182799,1.13280194523549e-05,1.06727627565904e-05,1.26493106222625e-11,5.63660603256431e-06,1.85274481372152e-05,-1591.87593938195,0.0838739794869977,0.0687344599294261,1,0.452684664531602
"sinusoidal",800,"montoril",186,40.769,92.8604247993916,366.013400437796,140.320134787079,1070.42733924069,155.962903295311,15.6392588002073,1387.97363876815,263.428641955406,2.27772142557805,8.97773799793461,3.44183410893275,26.2559135431502,3.82552682909345,34.044829129195,0.00216025319656725,0.00200734623907358,6.00874493584888e-07,0.000952629654112719,0.0037653566004412,1.21854533917645e-05,1.14826848643674e-05,1.50847245783323e-11,5.96190793420754e-06,2.00365692781628e-05,-1578.9932806962,0.0931368003594935,0.0757445705544686,1,0.477034976280147
"sinusoidal",800,"montoril",187,40.103,77.4626184304125,471.342276741021,196.677203328066,1065.32807840494,161.710504022819,5.18313673169356,1415.0755114611,61.8521339774782,1.93159161235849,11.7532921911334,4.90430150682158,26.5647976062873,4.03237922406851,35.2860262688852,0.0019504022815914,0.00183474708656799,4.30176109008215e-07,0.000856828306333246,0.00326334942582333,1.15919580318732e-05,1.10119595430775e-05,1.20259572911103e-11,5.8734918272037e-06,1.85795865453643e-05,-1610.28661862932,0.106663972716928,0.0841014513898241,0.97,0.461439291317694
"sinusoidal",800,"montoril",188,41.06,127.424559748635,420.612873124324,84.5477632909348,546.274935296134,168.354909832703,47.8472780540122,1663.81311998438,117.423846093073,3.10337456767255,10.2438595500322,2.05912721117718,13.3043091888976,4.10021699543847,40.5215080366387,0.00226570070439176,0.00213118582133416,6.23789454378276e-07,0.00097028053603076,0.00388867397987613,1.25161593465899e-05,1.17422086182204e-05,1.81268198003088e-11,5.75282005565154e-06,2.08848505698255e-05,-1564.84272327163,0.11552492222496,0.0884791161095902,0.98,0.481055597732991
"sinusoidal",800,"montoril",189,40.25,115.542901757366,507.884426784621,169.044764176615,879.087241431162,135.600889829021,24.6413765375968,994.344289840218,175.944283458778,2.87063109956189,12.6182466281893,4.19986991743144,21.8406768057432,3.36896620693219,24.7042059587632,0.00168696388386301,0.00159577190448728,2.97920537079872e-07,0.000772043396195082,0.00276434210696868,1.1169702787197e-05,1.06164502374444e-05,1.14897552993487e-11,5.52763930691728e-06,1.79043181568172e-05,-1587.14044182856,0.087604546498332,0.0662345381420816,1,0.453171230783124
"sinusoidal",800,"montoril",18,40.759,111.98434513962,552.943573344423,217.185380150326,1131.14979768711,147.173536688717,9.15025367389454,1288.07820711206,85.0114946723067,2.74747528495842,13.5661712344371,5.32852572806805,27.7521479351091,3.61082304984709,31.6023015067116,0.00186143291721836,0.00176628817810974,3.54670101663738e-07,0.000865786507114788,0.00309573423845164,1.14832914849871e-05,1.08933443765608e-05,1.24569260378499e-11,5.61407803887811e-06,1.84113843274769e-05,-1582.18039399355,0.0818088026820807,0.0645911239173805,1,0.451134543477242
"sinusoidal",800,"montoril",190,40.283,102.466637421018,508.019919988193,171.24178366355,1058.01631719604,145.458244350031,19.0003275005753,1277.1900774559,69.7043557019078,2.54366947399693,12.6112732415211,4.25096898601272,26.2645859840638,3.61090892808457,31.7054359768613,0.00190401217406532,0.00178814754664013,4.16518790660639e-07,0.00085461614263813,0.00324437519719071,1.16724758056196e-05,1.10570840230727e-05,1.2686483039241e-11,5.80265748940805e-06,1.8748153596427e-05,-1558.98097314894,0.0904054062483749,0.0704672982428483,0.985,0.460514523426997
"sinusoidal",800,"montoril",191,40.629,149.953135711075,852.17118955446,170.473476551945,938.762567690088,176.08417211271,4.50462407970568,1757.01313050193,27.7556512743026,3.69079070887974,20.9744564117862,4.19585706150643,23.1057266408252,4.33395289356642,43.2452959832121,0.00236145936314817,0.00221412632800848,7.25547593866634e-07,0.000962698186376361,0.004030238561979,1.24471664368683e-05,1.17156977545924e-05,1.63899986230209e-11,5.99473618590786e-06,2.05124457319366e-05,-1593.98909388757,0.0706778645509751,0.0578750391498409,1,0.481915381019072
"sinusoidal",800,"montoril",192,41.367,117.623185924211,420.092377910887,159.854686057605,853.318735013778,164.688145965155,34.1250744193864,1494.08603632013,239.785528928619,2.84340623985813,10.1552536541419,3.86430454366053,20.6280062613624,3.98114791899714,36.1178242637884,0.00203934070134365,0.00191247643089514,4.88795060470143e-07,0.000869786986860996,0.00343862155451869,1.2101818095496e-05,1.14350565223165e-05,1.5458797280033e-11,5.80376122890414e-06,1.97863960562464e-05,-1579.6007100351,0.0894216812630545,0.0715980113431721,1,0.462232518203714
"sinusoidal",800,"montoril",193,40.519,124.065149370841,499.564813177804,155.080239924807,1004.07188267965,123.009654194779,16.7083137726793,1015.41760771466,30.7371421927715,3.06190057431923,12.3291496132136,3.8273461814163,24.7802730244985,3.03585118573457,25.0602830206732,0.00172009665165694,0.00161447948959891,3.53067212216543e-07,0.000779540941422258,0.00288094586033421,1.12378258839916e-05,1.06534374523506e-05,1.16003050849005e-11,5.81479796467355e-06,1.82294661644139e-05,-1541.14291670582,0.100659726291005,0.0800841671645914,0.97875,0.457613993067589
"sinusoidal",800,"montoril",194,40.482,168.815375683917,581.416564460268,131.526307048821,1010.68080535725,172.779854764571,4.58435640707052,1598.65894932262,29.7936220416965,4.17013427409508,14.3623478202724,3.24900714018135,24.9661776927337,4.26806617174474,39.4906118601508,0.002214946524517,0.0021182801824748,5.40896806909565e-07,0.000904520125421214,0.00367680666926852,1.22107631255659e-05,1.15553219741506e-05,1.50630292135628e-11,5.8800655695157e-06,1.96050235726659e-05,-1567.94391861408,0.0800721187952795,0.0631750134709383,0.99875,0.476924852102958
"sinusoidal",800,"montoril",195,40.23,99.5156394180635,449.303763219298,121.005196625917,914.7590573659,185.389904781221,52.9414428849592,1828.66951285413,288.802896689119,2.47366739791359,11.1683759189485,3.00783486517318,22.7382316024335,4.60825018098984,45.4553694470328,0.00236187426080726,0.0021839243956937,8.11148722280116e-07,0.00091845459886993,0.00417273384253955,1.28678019605316e-05,1.21293023294571e-05,1.7694322637514e-11,5.97336489483505e-06,2.11849884966e-05,-1571.23094716513,0.110866313483132,0.0904224645786252,0.995,0.479936819723321
"sinusoidal",800,"montoril",196,40.784,131.698943106574,460.055688671245,118.208735490976,694.512284430088,146.06956524641,10.7923438983814,1334.68259075225,38.029604993797,3.22918161795248,11.2802983687536,2.89840955990035,17.0290379666067,3.58154092895278,32.7256421820382,0.00194466347313369,0.00179531000799624,5.04618680156929e-07,0.000835797336088253,0.00336311141157181,1.16302065084676e-05,1.10139729958771e-05,1.33416372481584e-11,5.60177468565332e-06,1.8784262861001e-05,-1571.69601793524,0.0898664005076669,0.0710686842356657,1,0.462189762945934
"sinusoidal",800,"montoril",197,40.795,150.374229020126,586.149902950439,133.339437711471,854.014497618555,172.753751289632,18.6973410131375,1711.51323611709,154.187724654249,3.6860945954192,14.3681799963338,3.26852402773554,20.9342933599352,4.23467952664865,41.9539952473854,0.00230989746502959,0.00215254199001545,7.67789227791117e-07,0.000906588650180274,0.00405324521645139,1.23281872182444e-05,1.16098001314638e-05,1.61934502959879e-11,5.7205315556439e-06,2.03073542221741e-05,-1588.34311991188,0.107273034332809,0.087619268551483,0.98625,0.480823720041438
"sinusoidal",800,"montoril",198,40.245,124.273736420588,442.225998140438,146.23663610321,814.877097971627,126.008333205609,9.40282884261003,1048.85602862742,31.9645198792393,3.0879298402432,10.9883463322261,3.63365973669302,20.2479090066251,3.13103076669421,26.0617723599807,0.00175749185088167,0.00166745083350974,2.95231418408883e-07,0.000836209713234592,0.00288177445675384,1.13108298543174e-05,1.07824599408091e-05,1.1908546468549e-11,5.40008028184548e-06,1.81581977918164e-05,-1553.22930328745,0.0956331490408792,0.0733208392002132,0.98375,0.460355392326096
"sinusoidal",800,"montoril",199,40.677,79.0656969154662,278.960391398362,134.111704657518,789.184483191038,171.948304478447,29.789031212059,1762.33620064336,155.477746919716,1.94374454643819,6.85793916459822,3.29699104303459,19.401245991372,4.22716288021356,43.3251272375877,0.00230715823133845,0.00217431859430387,6.89087487040711e-07,0.00096615818540587,0.00395045874216983,1.24433312845688e-05,1.17745379772893e-05,1.59916605862202e-11,5.8887481068724e-06,2.02852256850645e-05,-1574.44514751053,0.102753668746523,0.0811403356067408,0.97625,0.481559598942083
"sinusoidal",800,"montoril",19,40.979,146.573082500155,618.085061471716,110.387316248627,965.293209040474,173.784605628012,49.9901621303991,1529.84332054237,364.315920106117,3.57678524366516,15.0829708258307,2.69375329433679,23.5558019727293,4.24082104560902,37.3323731799794,0.00212469324983395,0.00198883641923118,6.09033984579125e-07,0.000869572014469276,0.00370822402364601,1.20500714474016e-05,1.14094189032379e-05,1.46598940240458e-11,5.67431780664988e-06,1.98201646206538e-05,-1583.21835465106,0.0956267245402114,0.0731749282931526,1,0.471540296711018
"sinusoidal",800,"montoril",1,40.117,104.040751122204,395.147711158571,176.870235037982,791.996375255343,143.470042508926,8.08114836213218,1177.20807159288,106.319024750718,2.59343298656939,9.84988187448142,4.40885996056491,19.7421635529911,3.57629041326436,29.3443695090082,0.00187482596688604,0.00177856800259066,3.76948621593749e-07,0.000833343839039449,0.00309480380531837,1.20180712983046e-05,1.12950557769222e-05,1.5340332195462e-11,5.69418738045923e-06,1.97527149552758e-05,-1594.08223603544,0.0876267021039388,0.0687501572475097,1,0.460978794368225
"sinusoidal",800,"montoril",200,40.611,183.366688071958,728.218659104845,103.218990662674,722.916224126313,169.488903413039,36.5868775129646,1581.39131305514,201.905673881859,4.51519755908395,17.931561870056,2.54165104682658,17.8009953984465,4.17347278848192,38.9399747126428,0.00230351787138011,0.00215301887037337,7.52448466610058e-07,0.000831873495610419,0.00405189582573235,1.27435962644116e-05,1.19626447934002e-05,1.80552520578966e-11,6.05188667890299e-06,2.1207359685681e-05,-1578.61773772481,0.0967029118366178,0.0774623023534065,0.9825,0.479216539655836
"sinusoidal",800,"montoril",20,41.702,142.290056810438,676.763218642,106.43348394504,1015.47197944059,195.936350306589,43.3756460047356,2073.85345996911,311.034111635642,3.412067929846,16.2285554324013,2.5522393157412,24.3506781315187,4.69848808945829,49.7303117349074,0.00244295691561975,0.00224967365594701,9.16498647846716e-07,0.000928928498373446,0.00435040162975278,1.20705791525634e-05,1.13783346597042e-05,1.46982588070986e-11,5.80879687222307e-06,1.96728597621753e-05,-1603.87181089209,0.0780630133635528,0.0595695608065458,0.99125,0.480989168005742
"sinusoidal",800,"montoril",21,41.165,72.2688294697836,276.42646905355,151.251507320307,827.791359288,149.333673005774,16.7558987624283,1249.18756072612,94.6999239139505,1.75558920125795,6.71508487923114,3.6742744399443,20.1091062623102,3.62768548538258,30.3458656802166,0.0017945520352981,0.00172669235702224,3.12477389290149e-07,0.000829783150438573,0.00289879387340747,1.1608171624314e-05,1.09801331708891e-05,1.28369260322068e-11,5.64159092231564e-06,1.88160710871519e-05,-1564.25039950444,0.0772870844787863,0.062227540890751,1,0.450250830089353
"sinusoidal",800,"montoril",22,40.581,160.252440004464,550.846337807489,172.971182855552,979.556490869689,182.37481841173,48.735745632651,1725.18826330331,262.661721653042,3.9489524655495,13.5739961510926,4.26236866650777,24.1383034146445,4.4940937485949,42.5122166359456,0.00223393831071196,0.00212415224945582,5.09040263869702e-07,0.00102143960188391,0.00365836707196267,1.22736160223712e-05,1.1552017017788e-05,1.56792416954627e-11,5.84452867271947e-06,2.01991302897043e-05,-1632.63149147326,0.0943407905196457,0.0743275796662548,0.97375,0.472606980766491
"sinusoidal",800,"montoril",23,41.177,69.8215620230881,433.30671955578,224.209188936695,1207.30254349502,131.085598923509,37.7478250732346,1109.29363797652,160.59752552584,1.69564470512879,10.5230278931389,5.44501029547309,29.3198276585234,3.18346647214486,26.9396419840329,0.00167547999474752,0.00159355423435343,2.64536929222225e-07,0.000808578400528367,0.0027078519745125,1.09485541324887e-05,1.03837493383983e-05,1.11852239578955e-11,5.57911454064711e-06,1.76914040933814e-05,-1585.22735139005,0.0796698634458899,0.0631884895073419,0.9975,0.443399117923243
"sinusoidal",800,"montoril",24,41.049,109.948200370118,415.290200232765,100.126990807259,1021.77173264962,144.922733825176,14.9267348490751,1307.45340373332,46.9049099066534,2.6784623345299,10.1169382989297,2.43920657768177,24.8915133779049,3.5304814691022,31.851041529229,0.0019019561590442,0.00178599136466,4.64985397560987e-07,0.00079053280737601,0.00323750712546795,1.13645365012259e-05,1.07456803402187e-05,1.26512705683872e-11,5.58865869466246e-06,1.84917401213342e-05,-1556.06545555494,0.0758495299529709,0.0623292058852055,1,0.453998994703585
"sinusoidal",800,"montoril",25,40.488,149.315460432204,718.320227449537,119.003766090666,713.558152847861,153.087600843699,23.0177604621346,1310.64226825258,241.983679644664,3.68789420154623,17.7415586704588,2.93923547941776,17.6239417320653,3.78106107596569,32.3711289333278,0.00201769609244873,0.00191170281593465,4.66797844197149e-07,0.00088721883019163,0.00336993001775371,1.20781244459653e-05,1.13640415709048e-05,1.51867113562046e-11,5.68898416940138e-06,1.98712448121171e-05,-1561.56331492696,0.108152137218887,0.0874530064452907,0.9675,0.465997061498381
"sinusoidal",800,"montoril",26,40.638,101.489659626356,386.32630638715,155.631891952519,804.85445399086,163.029531809755,11.1212794482947,1448.27425885063,263.644334257324,2.4974078356798,9.50652852963113,3.82971337055267,19.8054641958477,4.01175086888516,35.6384236146126,0.00202257469249009,0.0018931525433431,5.38768609448464e-07,0.000862915513186533,0.00349784432634758,1.22967227451152e-05,1.15799846573249e-05,1.59606035685707e-11,5.71511521265475e-06,2.01458410522572e-05,-1582.11214800528,0.0963839924570286,0.0733437241278032,0.99,0.467604401475343
"sinusoidal",800,"montoril",27,39.934,174.183049514028,665.553042313169,121.454161875646,857.525223888412,165.411729003604,34.5953391171349,1541.13919933018,113.475647143847,4.3617731635706,16.6663254948958,3.04137231120463,21.4735619744682,4.14212773585425,38.5921570423744,0.00203739983626354,0.0018962029901962,5.46474032160253e-07,0.000859718992642743,0.0035294569599513,1.20798607993785e-05,1.13990948198282e-05,1.50732891664678e-11,5.88101138269224e-06,1.97541541547831e-05,-1574.00440273525,0.0936726912719581,0.0747199772350539,0.98875,0.465264945654812
"sinusoidal",800,"montoril",28,40.504,81.9501668154957,374.363857982438,144.222476064461,917.624954888,162.21823725013,23.230606185997,1469.79096276352,245.676758507197,2.02326108076969,9.24263919569519,3.56069711792567,22.6551687460004,4.00499301921118,36.2875509274027,0.00202698160233187,0.00192359890348298,4.57421683766668e-07,0.000890827263385321,0.00339007862539056,1.17704783089161e-05,1.11180678558949e-05,1.38571437556228e-11,5.66674009344897e-06,1.92266064030205e-05,-1568.57188939163,0.0932908748141085,0.0724391241612308,1,0.465814230343142
"sinusoidal",800,"montoril",29,41.125,128.864127848828,603.135957380941,139.243364603825,925.795874431902,195.333785041856,42.0641016202722,2079.9994307232,320.835787404536,3.13347423340615,14.6659199363147,3.3858568900626,22.5117537855782,4.74975769098739,50.5774937561872,0.00243795653484595,0.00225101495446445,8.32982150027048e-07,0.00103097701253601,0.00436558634374014,1.19394375361478e-05,1.12611199159098e-05,1.40449075104212e-11,5.79802437096387e-06,1.93501080796052e-05,-1589.09436637273,0.100609147048502,0.0739287912357109,0.96625,0.482926316867825
"sinusoidal",800,"montoril",2,40.469,149.356882110015,615.513890801775,150.881906811142,1094.97980542874,156.369150694163,10.1861758318923,1361.15546579575,78.2006166337134,3.69064919098605,15.2095156984797,3.72833296624927,27.0572488924546,3.86392425545882,33.6345218758989,0.00199512909085117,0.00188243465129044,4.91475174734897e-07,0.000806867713104289,0.00335765362557371,1.18058220567932e-05,1.11933858918125e-05,1.28989484704526e-11,5.80481310341924e-06,1.88732875625351e-05,-1565.72395702489,0.13111300531606,0.100577074457348,0.95875,0.475162247630272
"sinusoidal",800,"montoril",30,41.158,90.3059612016735,539.532096460495,209.44688740988,895.240986056026,151.578085214975,6.65103439112178,1255.98831474497,55.5257953715742,2.19412899561868,13.1088025769108,5.0888499783731,21.75132382662,3.68283408365264,30.5162620813687,0.00188091389204608,0.00176781163675184,4.19535009110078e-07,0.000817254319212517,0.00316818744437164,1.20950630129457e-05,1.14052338108107e-05,1.48924432999956e-11,5.87106999602281e-06,1.98673613367445e-05,-1565.45967643165,0.12342979659372,0.091869829717818,0.9325,0.462387174220887
"sinusoidal",800,"montoril",31,40.417,217.791256677292,1241.20156899444,122.707741924746,1057.45052306833,237.881971572538,63.7234803968406,2760.87027114829,467.812936799326,5.38860520764262,30.7098886358324,3.03604280190876,26.1635085005895,5.88569096104457,68.3096288974514,0.00293531305191618,0.00274569430148851,1.23479144813507e-06,0.00114685547752229,0.00512002840284859,1.31653348578432e-05,1.24043788302021e-05,1.86588293699643e-11,6.08166640791113e-06,2.16586466948687e-05,-1557.37967837016,0.0959405170466314,0.0748528551721667,0.995,0.50242317949646
"sinusoidal",800,"montoril",32,40.535,75.4625498674171,357.809912643656,211.870491464334,1065.01507646172,135.943752970418,4.15487334910671,1197.8721034083,64.4877374204262,1.86166399080837,8.82718422705455,5.22685312604747,26.2739626609527,3.35373758407347,29.5515505959862,0.00196617686293016,0.00185417468600412,4.63991157416176e-07,0.000840946509630078,0.00335912450992186,1.21428653319117e-05,1.14718144740949e-05,1.48275867881817e-11,5.98482341838344e-06,1.97464203374421e-05,-1620.07823193337,0.0987568101279458,0.0795485349702581,1,0.465818710755298
"sinusoidal",800,"montoril",33,40.387,56.0114311173117,460.914317359361,164.537832904176,969.486204791939,152.001800348119,7.39561445673842,1288.05435054678,205.733703944354,1.38686783166147,11.4124425522906,4.07402958635639,24.004907638397,3.76363187035726,31.8927959627301,0.00188951531979813,0.00177907654242636,4.03976422203294e-07,0.000831275205256879,0.00314739955517951,1.16520720101862e-05,1.10304963907826e-05,1.29706591321749e-11,5.73209033867628e-06,1.88238127057937e-05,-1598.28865542504,0.103390525312102,0.0823027916183325,0.99125,0.457759248457248
"sinusoidal",800,"montoril",34,40.121,148.093993641654,666.003937704075,179.507357243466,1064.12919559325,164.216736894546,11.1969032639033,1596.09845602296,169.527150212119,3.69118400941289,16.5998837941247,4.47414962846056,26.5229978214215,4.09303698548257,39.7821204861036,0.00222927293943631,0.00211164058603775,6.10101121632984e-07,0.000873530424900811,0.00378095288816017,1.21726638594121e-05,1.14566987121224e-05,1.52931640447253e-11,5.87981153933117e-06,1.9978567519109e-05,-1591.00252060356,0.103844794394653,0.0784581815947052,0.98,0.483655203057225
"sinusoidal",800,"montoril",35,40.229,68.8468511017849,303.120894165642,170.587944660937,913.218868851126,142.441438963677,33.1601183224512,1191.53780677852,136.308326504283,1.7113736633221,7.53488513673326,4.24042219943168,22.7005112941193,3.54076509392918,29.6188770980766,0.0018363053907667,0.00174057145588651,3.42804304696539e-07,0.000838477731106003,0.00298377122286805,1.15140350541618e-05,1.08836979853597e-05,1.29667836456008e-11,5.6504047935609e-06,1.87152446012534e-05,-1545.64585994524,0.0926630304772486,0.0751489129524333,0.99875,0.456974876799251
"sinusoidal",800,"montoril",36,40.809,118.608026626744,551.256502314565,189.457172413804,932.242614811003,146.444244168135,7.30849801944523,1326.31167598053,33.040467543888,2.90641835444985,13.5082090302278,4.6425340590018,22.8440445688697,3.58852812291738,32.5004698958693,0.00195941422324794,0.0018608314892444,4.44034208834868e-07,0.000815450710368948,0.00334060921598964,1.14619831627143e-05,1.08460469867472e-05,1.22671308255779e-11,5.66653098472389e-06,1.84855383617e-05,-1572.17262962189,0.088567223600999,0.07231275536213,1,0.470064473107197
"sinusoidal",800,"montoril",37,40.245,154.971922689651,597.717151577756,118.149766623987,1104.35354514934,156.098679770829,18.9630695928309,1544.40547334091,186.110341637518,3.8507124534638,14.8519605311904,2.93576261955489,27.4407639495427,3.87870989615676,38.3750894108812,0.00212517259508313,0.00202092251727958,4.95261239220165e-07,0.000873164660293034,0.00349113978832606,1.20127045906163e-05,1.13641019613695e-05,1.44564599251999e-11,5.72271255283123e-06,1.94776140661031e-05,-1576.68635798268,0.0826401439076529,0.0646931630022638,0.9925,0.467594496206541
"sinusoidal",800,"montoril",38,40.531,145.367111114065,625.356826070962,127.240521876874,790.098171131,171.777203528576,49.921495096879,1584.02822081298,309.929770286936,3.58656611270545,15.4290993577993,3.13933833058335,19.4936757329205,4.23816840266896,39.0818933856303,0.00215783846959104,0.00203219904454611,5.51571337350343e-07,0.000954612655077648,0.00363335211712155,1.22275337605962e-05,1.15498828735826e-05,1.5568965326984e-11,5.85413824462136e-06,1.99991779972913e-05,-1564.27471062598,0.0882051202486199,0.0716053123998754,1,0.473945767860031
"sinusoidal",800,"montoril",39,40.865,65.125928256889,355.98081400629,147.205297043979,1152.06099028037,139.697068404086,22.7831073853144,1214.68741050462,218.125355571933,1.59368477320174,8.71114190643068,3.60223411339726,28.1918754503945,3.41850161272693,29.724395216068,0.00177683665814321,0.00168370531805041,3.34589373458993e-07,0.000822857160407425,0.00292443127598396,1.14479393608217e-05,1.07798060269153e-05,1.31518371353842e-11,5.61529027799795e-06,1.87037087500842e-05,-1576.69434613129,0.0732085102448456,0.0539250817572628,1,0.454778754992327
"sinusoidal",800,"montoril",3,40.103,83.7884285025368,392.682883794892,178.195218921694,1079.46758615819,151.982708942362,16.8649269011766,1384.11087530762,226.050410627821,2.08933068604685,9.79185806036686,4.44343861859944,26.9173774071314,3.78980896547295,34.5138985938115,0.00209618085305772,0.00198890337484906,5.10416419544624e-07,0.000877025007577336,0.00355844715737026,1.18069354465004e-05,1.11370941294377e-05,1.38333624551633e-11,5.71904565761268e-06,1.91382999294963e-05,-1567.04907896468,0.104430556694328,0.0775381080697851,0.96,0.470330437700227
"sinusoidal",800,"montoril",40,40.077,107.049597700615,571.800411625179,200.733249677912,920.089698637574,160.714460875361,9.10466848797003,1479.46194563391,127.46854814249,2.67109807871386,14.2675452659924,5.00868951463213,22.9580482231099,4.01014199853684,36.9154863296633,0.00201780667999126,0.00191647005466902,4.60921361003245e-07,0.000847022990684119,0.00337340524425271,1.1686629568072e-05,1.10832238074289e-05,1.26560632034847e-11,5.75118019491441e-06,1.88122001423969e-05,-1568.06454578774,0.0762648853759891,0.0551393187403968,0.985,0.462521223823109
"sinusoidal",800,"montoril",41,40.392,107.092566949353,614.9731004355,146.490950597669,694.724391677728,161.645691458386,12.5336542495112,1386.89893522208,229.505609102147,2.65133112867283,15.2251213219326,3.62673179336673,17.1995541611638,4.0019234367792,34.3359807690157,0.00208964060513694,0.00198799774928353,4.95475873899339e-07,0.000872327198118636,0.00353171988855646,1.2370095663668e-05,1.16938405136721e-05,1.58642628567843e-11,5.90428975539939e-06,2.02443909639422e-05,-1572.65964577652,0.121723819215,0.098322404455819,0.98,0.476332325299001
"sinusoidal",800,"montoril",42,40.428,115.963567168467,477.873048613854,123.456586000866,1000.56119205628,164.861972944336,28.9753147354819,1674.44238394555,318.582405224732,2.86839732780418,11.8203484865404,3.05373963591734,24.7492132199535,4.07791562640587,41.4178881949526,0.0021597406377502,0.00203058101229893,5.79147536849073e-07,0.000932905678355313,0.00364780243284068,1.2265582873368e-05,1.15967081430699e-05,1.51401791529822e-11,6.04111863654513e-06,2.01281212611478e-05,-1599.28260458436,0.100522623211988,0.0735582242472983,0.955,0.465835650465078
"sinusoidal",800,"montoril",43,40.553,143.9741219259,685.467530478202,171.906658431856,879.72558142114,155.167446997466,7.62056304576825,1387.14316812898,62.1285659742155,3.55027055768747,16.9030042284961,4.23906143643766,21.6932306221769,3.82628774683663,34.2056855998071,0.00198441451297562,0.0018722551294596,4.32028360320732e-07,0.00089181817379627,0.00332273292201708,1.24002029000933e-05,1.17511972017401e-05,1.52173288908526e-11,6.07426466208739e-06,2.02194634069149e-05,-1559.52904882271,0.0948110931530442,0.0777770766829914,0.9925,0.466341298549997
"sinusoidal",800,"montoril",44,40.458,72.1414214231792,325.726581037321,204.626748864546,875.18800583911,155.484772837432,30.0159798100641,1359.73143122527,227.125548212125,1.78311882503285,8.05098079582087,5.05775739939064,21.632013590368,3.84311564678016,33.608468812726,0.00200415591259944,0.00189956064845203,4.20746708704425e-07,0.00088662731825463,0.00327503616595028,1.24158919036882e-05,1.16570015481374e-05,1.70467098760277e-11,5.86848184208107e-06,2.07002569672097e-05,-1568.52350285299,0.116907800996143,0.0918345872458343,0.97375,0.46952759196253
"sinusoidal",800,"montoril",45,40.557,129.715957539696,584.555168640319,180.249067922303,955.939578933534,157.653731383158,36.1905889937067,1428.59787596364,248.782349302246,3.19836175110823,14.4131757437759,4.44433927367169,23.5702734160203,3.88721383196878,35.2244464818314,0.00202642284100105,0.00189869212319585,5.12874757500174e-07,0.000842089703300168,0.00345332959424497,1.1931849585473e-05,1.12852401045319e-05,1.39197048205031e-11,5.78556720342019e-06,1.93628269097675e-05,-1578.84207766724,0.0873684991555469,0.0737845360895319,1,0.46361405267612
"sinusoidal",800,"montoril",46,40.253,126.650931681183,346.109401316316,204.078947814436,767.415298561896,149.15833095335,34.0455716645502,1193.95381347908,190.862547422575,3.14637248605528,8.59835046620913,5.06990653651743,19.0647976191066,3.70552085442949,29.6612380065853,0.0018239798320002,0.00172231823510901,3.8130188165622e-07,0.000820633941892498,0.00305739763031516,1.16917100674466e-05,1.10593028181234e-05,1.34290270786698e-11,5.82501036422226e-06,1.90048359573737e-05,-1588.38518784403,0.0782922015206148,0.0629251314921829,1,0.455166653234389
"sinusoidal",800,"montoril",47,40.281,145.285824509343,476.457561614916,195.646611907838,650.894127109667,157.518406998544,9.6315827131764,1332.59100085947,59.941828343904,3.60680778802272,11.8283449173287,4.8570445596643,16.1588373453903,3.91048898981019,33.082371362664,0.00189325653666194,0.00178084600682224,4.16541113852247e-07,0.000880948759027779,0.00321112014059164,1.20796200740162e-05,1.1387349902782e-05,1.43816803663023e-11,6.01861961788405e-06,1.97736976101459e-05,-1606.83632724501,0.0975870409028503,0.0764066527004532,0.9825,0.458870637864196
"sinusoidal",800,"montoril",48,41.131,147.070716607795,492.516628386617,176.94042249207,1024.19067962068,154.257095555445,24.4505825636283,1227.35918288661,189.692842425882,3.57566596017104,11.974341211899,4.30187504539325,24.9006997063207,3.75038524605395,29.8402465995626,0.00188230526949907,0.00176787319917739,4.29015313281195e-07,0.000793632491189296,0.00316165726895854,1.13984269308546e-05,1.07968096381038e-05,1.21338324061027e-11,5.59622236445867e-06,1.83816779457968e-05,-1550.66941084282,0.0598001702404148,0.0463094899619894,1,0.459722170304123
"sinusoidal",800,"montoril",49,40.406,87.5086895592422,351.717153432089,94.8571476428783,976.585843030762,156.884789339225,32.5792969656135,1338.56929356453,161.225821486277,2.16573502844237,8.70457737544149,2.34760054553478,24.1693274026323,3.88271022469993,33.1279833085316,0.00202976438399895,0.00192199770034644,5.30286807326236e-07,0.000778874108667726,0.00348797893830559,1.18024922787568e-05,1.11503134868493e-05,1.43797084315286e-11,5.63738970422657e-06,1.93147471930226e-05,-1605.4439057599,0.0962740418501191,0.0734819920231686,0.9875,0.465248317956351
"sinusoidal",800,"montoril",4,40.392,113.728288884617,417.954373550111,155.19171917591,1021.5563807818,176.714931445661,7.4923325652381,1728.27364950832,302.676039644204,2.81561420292674,10.3474542867427,3.84214000732595,25.2910571593831,4.37499830277433,42.787523507336,0.00224197531049556,0.00206476303024464,7.08811843274485e-07,0.000959021669853147,0.00396736995667807,1.21036885588214e-05,1.14642530883788e-05,1.4247122562898e-11,5.8613318776466e-06,1.9625308715514e-05,-1594.79923539323,0.0915415793832656,0.0717748337458622,0.98375,0.467004805330339
"sinusoidal",800,"montoril",50,40.404,79.6525328486467,232.664140442453,207.416049444522,1133.49385523438,144.256252304618,17.9127138803537,1213.92974561291,100.151737752149,1.97140215940616,5.75844323439395,5.13355235730427,28.0540009710519,3.5703458148851,30.0447912487107,0.00180291172492496,0.0017283816988857,3.31340309075226e-07,0.000801036043008256,0.00292205688113735,1.12471865347549e-05,1.06092048116247e-05,1.23013228851113e-11,5.67282475023234e-06,1.81863133912812e-05,-1567.21407533626,0.0658926563893455,0.0565608029720968,1,0.455708333783047
"sinusoidal",800,"montoril",51,39.85,107.884351863544,478.406751020041,157.482563849413,772.246730689427,156.104383697817,35.6376504417748,1455.24155820735,188.325556884028,2.70726102543398,12.0051882313687,3.95188365996018,19.37883891316,3.91729946544084,36.5179813853789,0.00203267057738437,0.00189745274520816,5.4818972871248e-07,0.00092349080765428,0.00339790063079233,1.21679117256087e-05,1.14248188357757e-05,1.57462437990701e-11,5.75598586134049e-06,2.00917924081533e-05,-1556.70072911072,0.0954842594932787,0.073177446010314,0.97875,0.46916679290067
"sinusoidal",800,"montoril",52,42.137,71.316750985888,401.737007566201,111.392712415233,487.697542068335,149.789350480321,10.0634002356032,1289.08432751602,48.3325936127266,1.69249711621349,9.53406762622401,2.64358431818196,11.5740926517867,3.55481763011891,30.5926935357529,0.00202752253897553,0.00186150076534773,5.90216020474379e-07,0.000895756001746896,0.00357149519749252,1.22100078813098e-05,1.15133325321612e-05,1.6039182291927e-11,5.69858624327489e-06,2.01850923625898e-05,-1570.88054512241,0.124683377387186,0.0976198154296597,0.96625,0.471803712287513
"sinusoidal",800,"montoril",53,40.295,202.296961010827,761.791718893522,133.944329340882,884.454946246034,185.393181505119,62.2054472574853,1819.41622953188,392.901879604559,5.02039858570112,18.9053658988342,3.32409304729823,21.9494961222493,4.60089791550116,45.1524067385997,0.00240082109155467,0.00222244779769978,7.79849321965649e-07,0.00101697628060138,0.00414825740205024,1.28220525451689e-05,1.20802743465077e-05,1.77599634138908e-11,6.12185314456598e-06,2.12041704726113e-05,-1610.99456776387,0.10009430173998,0.0796070777233787,1,0.482942063889955
"sinusoidal",800,"montoril",54,43.209,205.142306997048,788.142138993148,84.1047242650753,919.146335718614,185.436995440386,35.3964282030155,1894.49625766648,201.584722135197,4.74767541477581,18.2402309470978,1.94646310410043,21.2721038607377,4.29162895323626,43.8449456748936,0.00239660921322994,0.00226339852517944,7.93713343420583e-07,0.000889992882300658,0.00409326328586666,1.22298545448538e-05,1.15784299333965e-05,1.53242122063192e-11,5.81858117611312e-06,2.01240803402251e-05,-1585.0712052925,0.0901404292893389,0.0727097214508024,1,0.490363295657051
"sinusoidal",800,"montoril",55,40.408,95.2576852229126,618.306829539277,170.426018835453,1070.63136050531,140.907508817313,30.3414952211388,1159.83361300623,234.161441390142,2.35739668439202,15.3015944748386,4.2176306383749,26.4955296106047,3.48711910555615,28.7030690211402,0.00188242785787467,0.00173577617144119,5.37960981416185e-07,0.000758016293047761,0.00327299338911563,1.13771908821832e-05,1.07358603231445e-05,1.23936828590952e-11,5.66327126714638e-06,1.84524384097834e-05,-1592.12166815753,0.0720484745377376,0.0562272383554573,1,0.459462632339306
"sinusoidal",800,"montoril",56,40.154,84.4468216987983,303.63949103656,170.870110299388,1005.4051542985,137.075682844315,17.6840078199575,1188.46463446467,128.271190163059,2.1030737086915,7.56187406077999,4.25536958458404,25.0387297479331,3.41374913693069,29.5976648519368,0.00183866468476294,0.00174422143936879,3.63556547972694e-07,0.000823856375669007,0.00301144511673923,1.15008216737495e-05,1.09111940183722e-05,1.22607199748384e-11,5.67836263456044e-06,1.84340151841458e-05,-1593.00649031706,0.0929335831236191,0.0775458281623759,1,0.455668361934254
"sinusoidal",800,"montoril",57,40.236,87.5668341115672,532.858186007758,154.180698648357,1262.77885206785,157.564354789719,32.9778362245769,1357.85693356945,317.471466871632,2.17633050282253,13.2433190676946,3.83190920191761,31.3843039086354,3.91600444352618,33.7473141855415,0.00188852915571316,0.0017866815400912,4.06219760244028e-07,0.0008233715615412,0.00314538496482938,1.13971723557191e-05,1.07913464182548e-05,1.30064377759348e-11,5.51497696410254e-06,1.84560048339193e-05,-1580.15296822936,0.0954024612322256,0.0789283925524981,1,0.452027164715593
"sinusoidal",800,"montoril",58,41.411,138.469104085888,468.355101573939,197.484440772459,774.883780878749,135.344460727156,22.4203818743006,1101.46781256381,125.153917712897,3.34377590702683,11.3099201075545,4.76888847824151,18.712027743323,3.26832147804101,26.5984355017704,0.00178398144344642,0.00169497261247102,3.30719260493781e-07,0.000829415555972316,0.002962354712702,1.15843370345716e-05,1.09728262858337e-05,1.26367800321484e-11,5.7127590516774e-06,1.87845027000326e-05,-1555.60325487653,0.106523884731444,0.0809765836293473,1,0.45940159099611
"sinusoidal",800,"montoril",59,41.429,129.996839353755,418.322788503447,147.642580516294,969.424328151523,147.370710812986,11.9532189264693,1329.89952608571,117.008898051682,3.13782228279116,10.0973421637849,3.56374955988061,23.3996555106694,3.55718725561771,32.1006909673347,0.00196746088979208,0.00184349214091402,4.54252210395709e-07,0.000892926200113424,0.00335445476667065,1.17685832547811e-05,1.10537067055017e-05,1.43395825182733e-11,5.79388836840345e-06,1.94335282999488e-05,-1575.77083431732,0.074596564499804,0.0579956086002149,1,0.472045214887441
"sinusoidal",800,"montoril",5,40.343,130.645286885315,477.65113181527,171.509581593388,1239.12043912107,199.390372142708,58.2302781773267,1978.86783208402,344.593465637136,3.23836320762746,11.839752418394,4.25128477290703,30.7146330000513,4.94237840871298,49.0510827673704,0.00239041472419557,0.00227974629364257,5.91608118912665e-07,0.0011034466737908,0.00389048281645309,1.24112859951617e-05,1.1730051450604e-05,1.56622263699569e-11,5.94200305436438e-06,2.01678348818859e-05,-1557.4585880808,0.0922971602068988,0.070576197795093,0.97875,0.477148449677005
"sinusoidal",800,"montoril",60,40.375,153.485189120318,464.762011959388,223.790577214511,1070.75713783838,137.108243991807,3.57225193929288,1168.58833715463,19.8973570090568,3.80149075220601,11.5111334231427,5.54280067404362,26.520300627576,3.39586982023052,28.9433643877308,0.00183914366697106,0.00173799231495967,3.53378884417534e-07,0.000897651235688325,0.00307168922720552,1.15338343189443e-05,1.0998408348039e-05,1.21534160019257e-11,5.72143344779487e-06,1.83538360992254e-05,-1555.3589879153,0.0833013286356505,0.0676401919074191,1,0.466419389911784
"sinusoidal",800,"montoril",61,40.212,70.2771829821668,262.928019367272,115.660610367968,987.383731847535,162.993921996303,9.08787377032216,1502.82649497686,135.370467159403,1.74766693977337,6.53854618937808,2.87627102277847,24.5544546863507,4.05336521427194,37.3725876598245,0.0020359920016335,0.0019353258278546,4.60851170819901e-07,0.000880096334533297,0.00341140856773593,1.20628241807592e-05,1.14380103235746e-05,1.44137993429657e-11,5.96625679944284e-06,1.97173528467138e-05,-1607.28217038261,0.112967707207093,0.0893165561479702,0.95625,0.462103205056065
"sinusoidal",800,"montoril",62,40.579,147.371872797501,569.578859299282,160.040142915359,972.058257452082,172.258297165902,48.9525964784334,1576.96202630006,213.693862023666,3.63172756345649,14.0362960964854,3.94391539750508,23.954711980386,4.24501089642184,38.8615300105981,0.00205765530281995,0.00193695050442058,4.84326508498307e-07,0.000927594201163978,0.00352146660969382,1.18213789273753e-05,1.12114119961127e-05,1.30893077498793e-11,5.83608967631701e-06,1.90397933100126e-05,-1590.08971541739,0.0882730302199577,0.0749545914360689,1,0.462771392897173
"sinusoidal",800,"montoril",63,40.927,94.7594244415533,494.134684873022,102.220562002994,1024.24270469259,197.970583070672,41.5061064934687,2303.12206790709,196.29587814888,2.31532788725177,12.0735623151714,2.49763144141994,25.0260880272826,4.83716331689769,56.2739039731006,0.00276218101397315,0.00256127694899012,1.28769018924434e-06,0.000955615502691298,0.00500051188982262,1.26908979339592e-05,1.19308429697813e-05,1.74893698298384e-11,5.90563053820597e-06,2.0877389459851e-05,-1574.3076157029,0.120842385830915,0.0972542441268649,0.97875,0.495301946228687
"sinusoidal",800,"montoril",64,40.193,101.989855270179,508.890835230833,144.371100828033,1166.62363581195,158.071425162458,13.2665206567807,1358.40258179493,189.880397089734,2.53750293011667,12.6611806839707,3.59194637942013,29.0255426520029,3.93280982167188,33.7969940485887,0.00191334287192667,0.0017892750715492,4.22028682845435e-07,0.000854506665607539,0.00324014946340088,1.18120515703677e-05,1.11692193424817e-05,1.37255518239771e-11,5.79746744781489e-06,1.91110518925496e-05,-1584.64324242351,0.0839193319381336,0.0636312565365885,0.99875,0.459367046409119
"sinusoidal",800,"montoril",65,40.505,103.596033011016,335.789255567297,159.578573629285,736.960660692916,141.595035357272,16.8671133725865,1202.64936252019,87.413084615285,2.55761098656997,8.2900692647154,3.93972530870966,18.1943133117619,3.4957421394216,29.6913803856362,0.00183110953409471,0.00175315737908536,2.99173785284212e-07,0.000884169223340587,0.00292909916870776,1.17562514614182e-05,1.11081862977027e-05,1.39367862267577e-11,5.64334623627515e-06,1.91621628100493e-05,-1566.21417192112,0.0823426928596851,0.0599346518305977,0.99625,0.461134958774051
"sinusoidal",800,"montoril",66,40.567,60.7705175920294,418.514601427691,222.63139908501,1043.06636330902,142.64460966106,16.2219621392715,1234.07560702897,173.494804030922,1.49802838740921,10.3166268500922,5.48799268087387,25.7121888063948,3.51627208472553,30.4206770781416,0.00187229806078627,0.00177064695019021,3.57429152615691e-07,0.000894861222660833,0.00307778111073689,1.20148759510976e-05,1.13779650495139e-05,1.39310583558185e-11,5.9034366144533e-06,1.95816770629301e-05,-1586.63103898458,0.085615629369999,0.0690229091258663,0.99375,0.457674530689913
"sinusoidal",800,"montoril",67,41.244,77.5203857807135,280.839290237049,131.908635032425,862.519160530505,138.356918185981,9.37039065126206,1149.13022045315,101.207899063948,1.87955546941891,6.80921564923503,3.19825029173758,20.9125972391258,3.35459504863691,27.861754932915,0.00177321809587942,0.0016810511191244,3.29595058238923e-07,0.000821997407642886,0.0029266035194422,1.13626643627691e-05,1.07191028820713e-05,1.27496027320391e-11,5.64386617780133e-06,1.8545762396717e-05,-1573.61133119063,0.081635044557483,0.0642733069175694,0.995,0.456269340393449
"sinusoidal",800,"montoril",68,40.317,161.282256809966,806.177294096508,59.5731753311464,663.061419463041,192.995273147958,42.1480109427592,2034.39904124079,311.610861213596,4.00035361782786,19.9959643350574,1.47761925071673,16.4461993566744,4.78694528729713,50.4600798978295,0.00263414930800528,0.00246599322760758,9.85694330811396e-07,0.0010498755335395,0.00464555453995443,1.24191944008662e-05,1.17186843804617e-05,1.58655264267061e-11,5.86542355009177e-06,2.02653202039453e-05,-1554.30491719776,0.104785173414841,0.0790676199376403,0.98125,0.497936855367267
"sinusoidal",800,"montoril",69,40.908,125.58103015454,523.043891939088,178.986827613513,1015.52880609289,157.570116603978,10.319655080856,1422.22396827331,68.5632779881204,3.06984037729881,12.7858583147328,4.37535023989227,24.8246994742566,3.85181667654195,34.7664018840644,0.00197609883524914,0.0018483530176677,4.49677951244214e-07,0.000914004244008626,0.00340832764402806,1.19437570476808e-05,1.12930072579496e-05,1.44645669931787e-11,5.74949095981965e-06,1.94457440135588e-05,-1596.47874779665,0.0890184376049471,0.0730116755517982,1,0.457220916553289
"sinusoidal",800,"montoril",6,40.491,139.332444364924,593.240612461955,99.5159195628314,1178.33355869801,173.27558167302,37.2754506879882,1584.74717332066,128.087079054277,3.44107195092549,14.6511721731238,2.45772936116252,29.1011226864737,4.27936039300141,39.1382572255725,0.0022361664638864,0.0021162601212556,5.92529430955763e-07,0.000965706967417002,0.00377340768566883,1.24843336298871e-05,1.17621343961343e-05,1.59696941137436e-11,6.00040492997837e-06,2.02875176997254e-05,-1552.07644362526,0.127403890505529,0.101853507480221,0.96625,0.487066751082462
"sinusoidal",800,"montoril",70,40.181,118.430881372426,452.274644956326,173.418583262689,866.324549582813,153.265406051809,51.9029582923097,1209.37904280004,169.008492847046,2.94743489142695,11.2559330269612,4.31593497580173,21.5605522406813,3.81437510394986,30.0982813469063,0.00179105164021506,0.00169295722061163,3.71657058004593e-07,0.000779263311267783,0.00305129427744033,1.15008075303221e-05,1.08791173142504e-05,1.2748742269279e-11,5.61818899109929e-06,1.87089353982184e-05,-1574.13235651103,0.0739419450979145,0.0581001038283508,1,0.445154881561721
"sinusoidal",800,"montoril",71,39.999,193.091984413955,697.634996278855,143.495167084205,1222.83407917351,173.473602961453,34.0994677290419,1597.72464425312,297.175660753452,4.82742029585628,17.4413109397449,3.58746886382673,30.5716162697444,4.33694849774876,39.9441147091957,0.00217665038180744,0.00204310448072542,5.77971710683949e-07,0.000925557405748182,0.00366779043343612,1.23743179141678e-05,1.16425028082499e-05,1.67273199973476e-11,5.82260164839377e-06,2.03005386269913e-05,-1543.85724935223,0.0837563831684764,0.0655376227471453,0.99125,0.465859197069034
"sinusoidal",800,"montoril",72,41.329,135.922943895141,475.410967796045,142.878716907892,831.477592245292,168.229319199589,12.9439542521367,1515.03356773642,168.215290294309,3.28880311391859,11.5030842216372,3.4571055894866,20.1185025586221,4.07049091919932,36.6578810940604,0.00203144615453613,0.00189683903466011,5.23595688797579e-07,0.000844391997844963,0.00350882674898901,1.15493991952976e-05,1.09509134734505e-05,1.29786856885389e-11,5.60297714689398e-06,1.86681600261589e-05,-1590.63628978701,0.110343985360629,0.081490027723837,0.94875,0.453195536172575
"sinusoidal",800,"montoril",73,41.045,180.525002653186,660.361114755652,68.8507146784704,750.473492590854,167.967199913276,13.4550547111214,1465.7175970952,353.737786878585,4.39822152888747,16.0887103119905,1.67744462610477,18.2841635422306,4.09226945823551,35.7100157655062,0.00208964911877053,0.00196928623264681,5.05688321674419e-07,0.000896616354142531,0.00350737120787641,1.21259091054278e-05,1.14843018505901e-05,1.45070818422636e-11,5.92716865481184e-06,1.98127674910069e-05,-1589.49940216513,0.0831688625697077,0.0702172447158967,1,0.461231130861487
"sinusoidal",800,"montoril",74,41.04,162.538547633307,637.311719181316,154.941502330968,899.495227240315,175.546909686277,47.8818385022639,1655.96831180719,214.130245452586,3.96049092673749,15.5290379917475,3.77537773710936,21.9175250302221,4.27745881301846,40.3501050635281,0.00224108588207627,0.00212941464113281,5.74882982639081e-07,0.000981447561722072,0.00375339442088801,1.19864986366222e-05,1.13072492497127e-05,1.45791622261386e-11,5.77783231827149e-06,1.96830425559764e-05,-1549.31796303248,0.105393064400761,0.0832998197847245,1,0.481594931740292
"sinusoidal",800,"montoril",75,40.506,211.00359658442,828.819909680374,171.238021597559,869.784905054361,194.447576016103,8.90639658642488,2040.3719670821,38.2405025600624,5.20919361537599,20.4616577712036,4.22747300640791,21.4729893115677,4.80046353666378,50.3720922105885,0.00240503535919347,0.00224271273140423,7.3763916785815e-07,0.00105153380204069,0.00412906697681071,1.24091980622679e-05,1.16662804132265e-05,1.65764475189336e-11,5.80276141384683e-06,2.06313421988251e-05,-1606.66353667249,0.0842903737355476,0.0692779813260699,1,0.47676650922485
"sinusoidal",800,"montoril",76,40.292,206.526130274038,775.592849453039,159.264722761182,769.994522040255,172.781163045841,27.3690380429837,1595.33509981933,166.901551786972,5.1257353885148,19.249301336569,3.95276289986056,19.1103574416821,4.28822503340218,39.5943388220821,0.00215478134089294,0.00200889739249417,5.86771966447628e-07,0.000956182188377754,0.00370034329728451,1.23585155670988e-05,1.16389691324312e-05,1.62363117846128e-11,5.94999759424176e-06,2.03114390288609e-05,-1587.49068238953,0.0908619077317391,0.0723223521961904,1,0.46978802513781
"sinusoidal",800,"montoril",77,40.281,142.380560881335,597.983546776047,179.357977407551,905.742258738825,144.866616017978,7.73316289385483,1217.44146577639,57.202585370833,3.53468287483765,14.8453004338534,4.45266943242599,22.4855951624544,3.59640068563287,30.2237150462101,0.00198281835893342,0.00185837242865787,5.04147558286513e-07,0.000854000129349968,0.00341126120206832,1.16985904775193e-05,1.11082754041422e-05,1.29958064955536e-11,5.65716193783505e-06,1.89678307362135e-05,-1558.84714663883,0.0751437609295758,0.0627210578216334,1,0.471947237170928
"sinusoidal",800,"montoril",78,40.368,167.228092749164,749.021444168998,164.891141613115,994.548019042558,161.817619461078,40.1558564203759,1471.92390244422,172.114010956535,4.14259048625554,18.5548316530172,4.08469930670618,24.6370397107253,4.00856171871478,36.4626412614997,0.00211636263264522,0.00195999010974043,5.95806443471934e-07,0.000866880517502722,0.00368054916650699,1.24140371747992e-05,1.17942597996968e-05,1.5829793606021e-11,5.78284215506632e-06,2.00582172633773e-05,-1594.59930251132,0.0846227186051797,0.0633447659673775,0.99375,0.466929008806727
"sinusoidal",800,"montoril",79,40.959,108.856990058795,379.554015241069,149.181918496005,821.219365399891,137.095021886765,32.0257218270303,1069.39462910688,178.978162201407,2.65770624426364,9.26668168756729,3.64222560355489,20.0497904099194,3.3471281497782,26.1089047366117,0.00173952404367102,0.00165112528729724,3.17936800823054e-07,0.0007885367380759,0.00288117070439004,1.14527309885211e-05,1.08551445520315e-05,1.22959937136612e-11,5.7027090066222e-06,1.84798954647261e-05,-1585.17302252241,0.105935312820879,0.0826996264824747,0.975,0.451508095990771
"sinusoidal",800,"montoril",7,40.35,108.850316109331,464.089612923473,160.741881536689,866.696980619292,131.943747401088,8.22016732143968,1169.21766911102,30.4204332743107,2.69765343517548,11.5016013116102,3.98368975307779,21.4794790735884,3.26998134823019,28.9768939060972,0.00188937324539518,0.00177878620501841,3.88475571216916e-07,0.00084156647787172,0.00316223578795455,1.15624967973672e-05,1.09641212364917e-05,1.27674637869662e-11,5.67972529241439e-06,1.86632767186852e-05,-1564.43270128759,0.0925648195053622,0.0743956900611952,0.98875,0.467041216598504
"sinusoidal",800,"montoril",80,40.171,124.995056921588,583.597480843321,171.136324741536,1013.56805092085,182.720552204255,17.4431280608191,1809.39339739732,65.6698330897093,3.11157444229888,14.527830545501,4.26019578157217,25.231337306038,4.54856867402491,45.0422791913898,0.00235368775322585,0.00222974509802607,6.17039953856651e-07,0.00106310879401518,0.00395126736780577,1.24862335113124e-05,1.17914232801488e-05,1.64337773285739e-11,5.83296731855022e-06,2.03315183257291e-05,-1561.89079442627,0.108192991882769,0.0844916279985036,0.965,0.479588323095019
"sinusoidal",800,"montoril",81,40.515,115.331846221174,406.936272871404,152.064053108476,807.879109062767,167.30841244003,21.2113081134564,1555.08718741114,202.832240826898,2.84664559351287,10.044089173674,3.75327787507038,19.9402470458538,4.12954245193212,38.3829985785792,0.00213663982709102,0.00202063687375374,5.05938059719725e-07,0.000952155377418626,0.00356036648973686,1.25041920543092e-05,1.18654893773695e-05,1.59240887008798e-11,5.9866008043967e-06,2.03146360168228e-05,-1578.59098925346,0.119660186983058,0.0873332231489471,0.9475,0.478720915871488
"sinusoidal",800,"montoril",82,40.394,156.024450284158,631.653882705146,102.743505369645,808.875469796319,191.957533703581,52.7293917145033,1856.5894017266,353.073907639145,3.86256499193342,15.6373194708409,2.5435338260545,20.0246440014933,4.75212986343469,45.9620092520324,0.00241700562688542,0.0022149517312332,8.94053110527208e-07,0.000943311146677359,0.00428427179212363,1.26080097881111e-05,1.18846244732736e-05,1.6740881023771e-11,5.9814450620827e-06,2.07141287660676e-05,-1579.14196557007,0.121235021225933,0.0934364838829199,0.9525,0.476881436656879
"sinusoidal",800,"montoril",83,39.961,90.0444752731662,346.381284808557,95.8670002530637,1201.84875948529,152.628242540685,38.3135072536443,1251.15316020909,90.2668997417945,2.25330885796567,8.66798340403286,2.39901404502049,30.0755426412073,3.81943000777471,31.3093556269636,0.00185539185876948,0.00174387622344495,3.8908665064109e-07,0.000820900867586362,0.00308301836703817,1.16761782282113e-05,1.10735895234242e-05,1.29295314648269e-11,5.82956598941564e-06,1.87475270293073e-05,-1579.84487194533,0.0811313622618945,0.0589663634234044,0.995,0.456488055639831
"sinusoidal",800,"montoril",84,40.307,109.720483123171,535.604908023081,183.817931067909,768.522553023351,174.495299559912,48.3094180364857,1618.5087861864,48.4834616613689,2.72211980854867,13.2881362548213,4.56044684714587,19.0667266981753,4.32915621504731,40.1545336092093,0.00222171834051451,0.00210230874488472,5.73474433145547e-07,0.000918633471576711,0.00374185687010149,1.2463218864012e-05,1.17206023055616e-05,1.75546344480211e-11,5.64700816335929e-06,2.06978162238861e-05,-1595.338602457,0.114389262277862,0.0894360131233159,0.96375,0.477707219458463
"sinusoidal",800,"montoril",85,41.442,125.99853443048,483.351153102049,129.297781392417,698.444430223187,161.397988326103,4.86089873056405,1433.35529387129,138.495531659904,3.0403584390348,11.6633162758083,3.11996962966114,16.8535406163599,3.89455113957104,34.5870202661861,0.00191199628699241,0.00179986735254434,4.02885605916898e-07,0.000880543508947322,0.00320804536365192,1.13930920467643e-05,1.07529486887323e-05,1.28527585364223e-11,5.536594298959e-06,1.86429923030274e-05,-1587.84930635163,0.0744803738163197,0.0568547092884194,1,0.454899776244233
"sinusoidal",800,"montoril",86,40.036,63.0384326013672,365.226041525618,197.636955000885,1029.21204268807,152.195020109011,11.5797374968063,1235.7473597276,187.238418243418,1.57454372568107,9.1224408413832,4.93648104208424,25.7071646190446,3.80145419395072,30.865904678979,0.00186013351984008,0.00173264703185551,4.37999002702849e-07,0.000845222695333068,0.00319288509347361,1.15243971026294e-05,1.09171899535556e-05,1.24373820441502e-11,5.89884124284089e-06,1.86315019205864e-05,-1589.83217599928,0.0843070012349463,0.0581928340533889,0.9875,0.462070678697228
"sinusoidal",800,"montoril",87,40.279,122.026878567522,501.263227607369,182.253322036512,1013.93463863907,151.642012611699,7.7495418199294,1397.27643013957,186.879620552936,3.02954091629688,12.4447783611154,4.5247727609055,25.1727857851255,3.76479089877353,34.6899483636526,0.00195395690977896,0.00185036757277896,4.14567531883303e-07,0.000918656567317444,0.00323481894910156,1.18673921365008e-05,1.1181098942841e-05,1.41812406741624e-11,5.84015733437199e-06,1.93788156735225e-05,-1562.96093704998,0.0885316802642247,0.0699396660984346,0.97375,0.460935642209306
"sinusoidal",800,"montoril",88,40.17,185.850904353941,644.171038804359,150.699260182194,847.955041128436,175.47728910203,52.5191165133327,1611.48031385912,271.799227995429,4.62660951839535,16.0361224496977,3.75153747030606,21.1091620893312,4.36836666920663,40.1165126676405,0.00224818954893528,0.00210794861402273,6.75230346087951e-07,0.000906109902373805,0.0039016253695512,1.25374374473012e-05,1.18355646518569e-05,1.67987461987443e-11,5.95123625475355e-06,2.05418102867401e-05,-1596.33361527724,0.0991008254384216,0.0817286076444211,0.9675,0.478139003758678
"sinusoidal",800,"montoril",89,40.332,154.367678556446,615.353823482695,100.160829728235,1168.82574069459,161.086304300649,24.4268099561595,1339.11364358771,191.5521236999,3.8274243418736,15.2572107379424,2.4834084530456,28.9801086158531,3.99400734653994,33.202262312499,0.00199381930901107,0.00187045319832738,4.71746941940587e-07,0.000871339165794304,0.00339298000616813,1.17353647267289e-05,1.11605849676816e-05,1.3027647872322e-11,5.87797183771846e-06,1.9035934553478e-05,-1612.19151060017,0.125238874010043,0.0889712175404227,0.9425,0.458661761609682
"sinusoidal",800,"montoril",8,40.378,136.072640340076,578.218847398673,103.178551290612,805.428428112173,175.975579494721,39.341972803599,1722.85835636884,225.135170148391,3.36996979394909,14.3201458070898,2.55531604563406,19.9472095723456,4.35820445526577,42.6682440033889,0.0023772184479151,0.00222737257675503,7.19207962635673e-07,0.00101159058804304,0.00407518438184525,1.25886485327784e-05,1.18376694694748e-05,1.7435550855701e-11,5.93417045553761e-06,2.12512009552337e-05,-1549.09843583231,0.10360527984713,0.084323723784311,0.98625,0.494814129650409
"sinusoidal",800,"montoril",90,40.365,172.565526109539,541.593819531833,201.171896884165,1072.48407930722,146.858027143342,37.1648864041566,1204.08247816153,256.899212678664,4.27512761326741,13.4174116073785,4.98382006401995,26.5696538909257,3.63825163243756,29.8298644410141,0.00175075005790483,0.00167487397454805,2.92790251438962e-07,0.000806858177921093,0.00281582095442894,1.10196099686058e-05,1.05169430820107e-05,1.0443828265394e-11,5.63717096473146e-06,1.75741251632031e-05,-1578.93380684524,0.0631221606823968,0.0501175818885771,1,0.453555041755625
"sinusoidal",800,"montoril",91,40.687,63.3977609390927,435.484013960196,151.852973634996,904.496220844408,141.750255190232,26.1925009343497,1167.85053105148,167.375475364945,1.55818224344613,10.703271658274,3.7322234039127,22.2305950511074,3.48392005284814,28.7032843672789,0.00184801710229808,0.00174679630902875,3.74746792949576e-07,0.000847548290384217,0.00308637429481139,1.16057041825757e-05,1.09863287804351e-05,1.35536229080788e-11,5.65398216912287e-06,1.88484363369142e-05,-1561.74729754197,0.0956808851811183,0.0759892057287188,0.98875,0.454732819177425
"sinusoidal",800,"montoril",92,41.295,120.884870027555,552.54728302996,206.568608289593,1041.75429026375,177.444352616859,40.5643576476649,1713.90786920262,270.966306925822,2.92734883224494,13.3804887523904,5.00226681897549,25.227128956623,4.29699364612809,41.5040045817319,0.00223108736857238,0.00210074752420557,5.59570832466275e-07,0.00102332359008398,0.0036966651728894,1.22646600433599e-05,1.15348572452756e-05,1.55496557398767e-11,5.8820927555742e-06,2.00936296020853e-05,-1574.01338812452,0.0942497382787321,0.0763828943178425,1,0.471996814670989
"sinusoidal",800,"montoril",93,40.983,142.877619096392,502.432650621746,168.388771486608,918.429224329312,161.754577865813,46.2395805036922,1498.51881812837,267.471366123054,3.4862655026814,12.2595381163347,4.10874683372638,22.4100047417054,3.94687011360351,36.5644003154569,0.00207593276898524,0.00195234759180621,5.07186503029135e-07,0.000950673749962536,0.00349754409677957,1.22260383616382e-05,1.14854628547191e-05,1.54343799962709e-11,6.01064332938064e-06,2.01039601295201e-05,-1555.56855246475,0.0889168713975955,0.0720631609946659,0.99625,0.467572221228087
"sinusoidal",800,"montoril",94,40.536,163.43151278715,839.26043351553,113.630224774457,824.610977354223,170.283163187791,8.38665634024887,1702.40242864386,191.245085754604,4.03176220611679,20.704076216586,2.80319283536749,20.3426824885096,4.20078851361236,41.9972969371388,0.00230070681620568,0.00217327473406204,6.39452898935013e-07,0.00101300031807125,0.00392889955141321,1.21951891498694e-05,1.14512276217046e-05,1.62585154485718e-11,5.82167214664082e-06,2.01059394956775e-05,-1623.76706820739,0.0804179724707213,0.0662980187437771,1,0.47879081749438
"sinusoidal",800,"montoril",95,41.704,96.3103018531828,458.000325940067,141.775847928297,693.766788242071,142.44161696228,22.9634006299442,1172.6014034104,156.911063180126,2.30937804175098,10.9821678002126,3.39957433167794,16.6354975120389,3.41553848461252,28.1172406342412,0.00186528616995717,0.00172485204415796,4.66737134268037e-07,0.000840449447056733,0.00323977473762785,1.16115614349394e-05,1.09165537398382e-05,1.38875659694844e-11,5.73191806667004e-06,1.91246372491754e-05,-1554.35230085766,0.0838601466388425,0.0676625954799737,0.9825,0.460743627021977
"sinusoidal",800,"montoril",96,40.723,137.655576269604,678.623126473378,163.690072867507,1063.50530476423,153.909190203925,23.6925873704413,1377.55015741631,31.0280651947494,3.38029065318379,16.6643696798708,4.01959759515525,26.1155932707373,3.77941679650136,33.8273250353929,0.00193929663576872,0.00181263283592909,4.83965024735346e-07,0.000851524184450233,0.00335820642692294,1.19642929174662e-05,1.12851205558249e-05,1.41186222691303e-11,5.88407372204276e-06,1.95893334731056e-05,-1575.40252202901,0.0931485653597323,0.0759616093132199,0.98125,0.458113817340382
"sinusoidal",800,"montoril",97,40.754,95.3430789322817,412.093944818429,195.602993513501,795.72981923997,144.644109687206,32.3089239746537,1229.79953153473,124.165855353877,2.33947781646665,10.1117422785108,4.79960233384455,19.5251955449764,3.54920031621941,30.1761675304199,0.00193822020181591,0.00182577458736766,4.04820441177727e-07,0.000932077706884249,0.00329372557844886,1.16657905464004e-05,1.10274372217437e-05,1.37835652770046e-11,5.61814563225554e-06,1.89678165762293e-05,-1569.18769012943,0.0894632350890876,0.0732244277295829,0.9925,0.470978086761173
"sinusoidal",800,"montoril",98,40.568,97.003623051064,457.0847815442,166.815167230205,940.505073122072,148.442179789532,25.7150764994659,1328.22950729826,201.760233487796,2.391136438845,11.2671263445129,4.11198893783782,23.1834222323524,3.65909534089756,32.7408180659204,0.00197375012025837,0.00184032392177867,5.35809164414972e-07,0.000862484205562436,0.00343918951560396,1.18517996856695e-05,1.11024731482271e-05,1.52476544472754e-11,5.50243543939488e-06,1.95509269469372e-05,-1591.12849986394,0.106022937251835,0.0869497714768523,0.97375,0.460018747448745
"sinusoidal",800,"montoril",99,40.318,157.196603619156,770.987915220735,9.84507616532105,1258.28929626128,212.996714945271,70.2091144516099,2363.02034828366,427.319846146687,3.89891868691789,19.1226726330854,0.244185628387347,31.2091199033007,5.28291867020365,58.6095626837556,0.00292869274792488,0.0027944076724781,1.04370388604541e-06,0.00115848914894415,0.00492218862358242,1.32868904420168e-05,1.25153752924254e-05,1.96152970509731e-11,6.231628170027e-06,2.19359324507786e-05,-1591.13691427127,0.11689105452664,0.0943642189293897,0.98125,0.50885645229347
"sinusoidal",800,"montoril",9,41.38,112.438195222599,646.609619109453,155.068523031089,970.934206819211,154.189754133184,14.5250152521392,1294.64214622893,68.9577083608258,2.71721109769452,15.6261386928336,3.74742684947049,23.4638522672598,3.72619028838048,31.2866637561366,0.00196748588478833,0.0018442762103005,4.60214239139186e-07,0.000865681151047533,0.00337252676440477,1.23499562603594e-05,1.17210286418798e-05,1.45556924277069e-11,6.10728569204264e-06,2.01274062610403e-05,-1576.09415946498,0.0927052192771191,0.072508040604904,0.97875,0.463251943702441
"constant",1600,"pg_apf",100,1470.205,373.43314966773,960.260643892972,132.784800257241,208.940891307312,12170.7833840891,377.826909404851,13296.992966221,870.227988575448,0.254000734365432,0.653147448072189,0.0903172008374619,0.142116841737929,8.27829002356072,9.04431216478039,0.00206708874903899,0.00198419046012749,4.47223516982658e-07,0.000908231695840248,0.00336224477253919,9.79720727044421e-06,9.47493130499681e-06,6.13575867668367e-12,5.68570636333547e-06,1.50461608972005e-05,-3187.98849037039,0.128361567952905,0.0904043189793709,0.95875,0.459785669300627
"constant",1600,"pg_apf",101,1476.097,482.363263610169,1430.7660020481,129.291673741419,65.0763761809171,12563.3057377359,484.543336085089,14317.8102682657,1286.89456742788,0.32678290356946,0.969289959974241,0.0875902286512464,0.0440867884569355,8.51116541645695,9.69977600948021,0.00231958985367291,0.00225546185471179,4.75252727742699e-07,0.00104336377687291,0.00367460266085786,9.16196559999832e-06,8.6620107016787e-06,6.53825377170328e-12,5.02410620827662e-06,1.4161308504569e-05,-3167.69120329074,0.123842144696119,0.0822704315664952,0.96375,0.46936739797036
"constant",1600,"pg_apf",102,1465.972,296.323513593646,773.916408150624,194.090569399977,215.408021645101,12174.0714503645,295.301313063371,13302.4587460127,690.53939970649,0.202134497516764,0.527920320545429,0.132397187258677,0.146938701179219,8.30443654473929,9.07415608620946,0.00182336430775005,0.00175755965060968,2.41023381664112e-07,0.000994611984967612,0.00284587625735667,9.20420182695346e-06,8.98088077638575e-06,5.1343154463709e-12,5.12933573168001e-06,1.37669682415663e-05,-3186.02984036451,0.116700507121443,0.0773825763421168,0.9625,0.451057937551829
"constant",1600,"pg_apf",103,1483.797,512.537215610981,1520.3412849285,121.902137451203,166.370790124516,12302.8644680737,515.618658605643,13367.8082188267,1232.62045344448,0.345422733440613,1.02462889797492,0.0821555357311026,0.112125034707926,8.29147414914148,9.0091894098901,0.00224221472479429,0.00216930840353383,4.6819390399234e-07,0.000977890678430755,0.00352088769869044,9.99576813615506e-06,9.52996467005394e-06,7.38435171648136e-12,5.37805883731089e-06,1.56135580583165e-05,-3157.63574351778,0.127572916223601,0.0928491507837521,0.9575,0.470310287208564
"constant",1600,"pg_apf",104,1481.901,439.733556452884,1131.90795372185,123.356829843871,172.770245967565,12362.2310655997,439.35019348857,13573.5127760866,1005.36913835949,0.296736122354249,0.76382157358815,0.0832422880097061,0.116586901532265,8.34214368274243,9.15952737469414,0.00219150832971896,0.00212328569273504,4.18678289140941e-07,0.00104507581489636,0.00342204510048279,9.65886746075917e-06,9.27296858846362e-06,6.93048114439165e-12,5.22176037375422e-06,1.47823565502756e-05,-3170.93905992941,0.136578130454306,0.0962517952294509,0.96625,0.470690479802551
"constant",1600,"pg_apf",105,1477.413,268.696392883223,878.225289704544,182.27171143877,266.091207761877,11753.4105264407,269.725646552802,12904.413429881,778.496594418679,0.181869519818239,0.594434521494358,0.123372213077027,0.180106177326094,7.95539942212549,8.73446587371374,0.00158306556202638,0.00154048213868304,1.73016633435818e-07,0.000834001870892774,0.00238698928195083,8.84822012182851e-06,8.50596778493168e-06,4.65457806695373e-12,5.19315425650305e-06,1.31072412785753e-05,-3164.30630852115,0.136842483136582,0.0924123869878979,0.9425,0.4382476651677
"constant",1600,"pg_apf",106,1475.51,497.373860620765,1359.25665016678,135.802751092641,259.476250598912,12547.60886287,497.445295695213,14310.5603273549,1223.50096457031,0.337086065577844,0.921211411760529,0.0920378385050867,0.175855297896261,8.50391313028714,9.69872134201386,0.00225122693750376,0.00214616938794044,4.81661715812903e-07,0.00105497381790296,0.00363274719833664,8.72822870574939e-06,8.45622448538209e-06,4.55184399962791e-12,4.90819411884586e-06,1.31166333360417e-05,-3202.0211150734,0.120786086041853,0.0815316380941025,0.960625,0.467812188704706
"constant",1600,"pg_apf",107,1483.259,326.29901711845,889.336379533624,175.259273164852,214.757307929278,11858.1120110982,326.367213822182,13014.1733595023,760.080177612703,0.219987889585332,0.599582661917861,0.118158240175756,0.144787463234188,7.99463344641641,8.77403970547445,0.00171753053688522,0.00165715829889176,2.46690173397624e-07,0.000813597227027538,0.00268295002498197,9.11238231596222e-06,8.81691874725928e-06,4.93264428396782e-12,5.24903353323727e-06,1.35959748603279e-05,-3141.78798945494,0.128365067678587,0.0924928100295858,0.944375,0.445019572297487
"constant",1600,"pg_apf",108,1482.394,519.040270725001,1423.14911279813,142.964854562904,183.714451641142,12393.5499072761,518.081105379131,13792.0114019849,1274.0906285826,0.350136516152251,0.960034318000568,0.0964418734580034,0.123930919607839,8.3604965395678,9.30387697331812,0.00225702511896455,0.00218918998148539,4.35557591341192e-07,0.00113554929699636,0.00360473900389409,9.07306700797772e-06,8.74720153645749e-06,6.85166772166991e-12,4.44318279902167e-06,1.39554221583604e-05,-3139.76170608619,0.121466923558694,0.0841962534868262,0.966875,0.468334361842546
"constant",1600,"pg_apf",109,1468.396,332.61609358894,884.428318814165,224.340175659658,248.839045951143,11991.8485441529,334.461351969917,13338.7967520871,741.467905972264,0.226516616491014,0.602309131061488,0.152779070264192,0.169463173388611,8.1666311704424,9.08392337767681,0.00168933588125767,0.0016259300086553,2.11383371381088e-07,0.000912833981481186,0.00264672697043633,8.58978913663358e-06,8.2388111726671e-06,4.67629938302007e-12,4.98484802229649e-06,1.29598776865889e-05,-3152.696365985,0.124449096541756,0.0789973337144655,0.94375,0.441604357809559
"constant",1600,"pg_apf",10,1480.743,374.040160391173,960.162504214919,90.1122899027273,242.30720662654,12227.3398349613,376.750634724562,13573.1413577963,865.445272433462,0.252603024556708,0.648432917943842,0.0608561309442133,0.163638934390735,8.2575705810943,9.16643965752076,0.0020914857351839,0.00197137625102065,4.87499581920348e-07,0.000911350220289436,0.0035130905626833,9.19861562956087e-06,8.92404771780958e-06,5.24930165361274e-12,5.22198586523803e-06,1.37830096770945e-05,-3209.25259238951,0.126693959935697,0.0894503286483339,0.958125,0.461463374841894
"constant",1600,"pg_apf",110,1477.262,235.992394677479,619.346919862091,183.696797310125,231.507109138805,11902.220839653,232.989382308559,13035.7540366168,546.245581922478,0.159749857965262,0.419253267099601,0.124349504224792,0.15671364262995,8.05694645882249,8.82426681023191,0.0017849007154714,0.00173493387258866,2.56928174199836e-07,0.000896917074557166,0.00278589252322488,9.30655366774573e-06,8.92620265484874e-06,5.80841143030716e-12,5.3896925403478e-06,1.42028851079425e-05,-3148.37847629935,0.129705828394195,0.0907266019076144,0.95625,0.452057636312622
"constant",1600,"pg_apf",111,1472.634,352.50961054095,849.84277973831,97.4661566261463,200.702712092188,12384.9202819865,350.836170195735,13155.668287101,785.974770838828,0.239373537851869,0.577090288380079,0.0661849153463429,0.136288250911081,8.41004640799177,8.93342696630732,0.00240144269808033,0.00225967168059488,5.93294115113265e-07,0.00117260122840509,0.00396031244098065,1.05355736620269e-05,1.01039670393946e-05,8.09569530030322e-12,6.01587594685296e-06,1.6210689105659e-05,-3146.3782789378,0.125233526739322,0.0939081149588385,0.964375,0.478329967826679
"constant",1600,"pg_apf",112,1473.928,442.282250357246,1235.97902404029,200.189952225886,214.688131886205,12668.5038507102,441.524964819095,13953.6781727819,1096.34547335594,0.30007045822947,0.838561330024459,0.135820713241004,0.145657136499344,8.59506288686438,9.46700121904318,0.00225920751523952,0.00217451471999464,4.08440489016452e-07,0.00108625420591249,0.00354117089513057,9.46183849368843e-06,9.087033598825e-06,6.92374820331098e-12,5.06651490965276e-06,1.45223100669067e-05,-3181.95442626523,0.119459337934792,0.0842271221177493,0.968125,0.468975746188875
"constant",1600,"pg_apf",113,1471.986,429.371801606638,1134.69502892885,94.8517224211403,159.235319293834,11928.0483161968,426.861034737525,13300.8205577214,999.714583054436,0.291695574283069,0.770859932722764,0.064437924288098,0.108177196857738,8.10337076317081,9.03596947098777,0.00186140904520616,0.00178599270963119,3.35239903422275e-07,0.000844143480996752,0.00300032271382132,9.01421917834488e-06,8.72982675056029e-06,5.13478651169996e-12,5.06753184293339e-06,1.38575563701227e-05,-3134.6579999771,0.12876444418765,0.0855305863889355,0.9275,0.454526355784881
"constant",1600,"pg_apf",114,1470.479,490.944023677742,1294.17603237387,147.734264732737,122.091647100454,12170.5169305173,494.477975177829,13439.176613574,1232.74854918315,0.333866735721994,0.880105076219292,0.100466762689393,0.0830284873843516,8.27656629609626,9.13931896584312,0.0020895864879376,0.00200616495726759,4.33725721653208e-07,0.000951160382979841,0.00335388552552566,9.62637472926511e-06,9.27002181409907e-06,6.75758501188216e-12,5.2090015347991e-06,1.46484710367657e-05,-3167.94950187419,0.128355126720142,0.0896094022815655,0.966875,0.459470477216871
"constant",1600,"pg_apf",115,1473.006,354.739872705809,917.880314071901,150.068803912436,173.843769411279,12035.3820255749,353.476647011642,13359.4350532126,835.402547933238,0.240827174299228,0.623134131206459,0.101879288959065,0.118019729323084,8.17062661358808,9.06950484465959,0.00197505717426132,0.00187042613221775,3.87631459601496e-07,0.000936420224337234,0.00323545369623435,8.92976394455821e-06,8.56236807596645e-06,5.72500709247432e-12,5.07416078259398e-06,1.37538509290675e-05,-3148.98870175193,0.128222421127907,0.0938703637715714,0.939375,0.457826856146411
"constant",1600,"pg_apf",116,1467.827,485.247673672223,1481.45698039748,112.526736698485,226.462624147217,12177.2438677809,486.948740412302,13296.2201933867,1291.03112689303,0.330589145500269,1.00928582210129,0.07666212482703,0.154284274745741,8.29610292478671,9.05843821743751,0.00202657771435929,0.00193809708839319,3.94073516676245e-07,0.000953561966850148,0.00326327485413581,9.29115098999665e-06,8.89587175192763e-06,6.12051118265861e-12,5.14717470692616e-06,1.41117560331766e-05,-3143.45465001555,0.12048099028494,0.0865095878079061,0.954375,0.459770421013099
"constant",1600,"pg_apf",117,1474.677,432.118528073626,1133.053983532,114.980152435828,221.275030631286,12224.5923943403,433.562276069443,13602.2490305868,1045.43075025511,0.293025881649762,0.768340445759989,0.0779697197663136,0.150049828288694,8.28967454862337,9.22388362372694,0.00210821953550229,0.00204306507083446,4.43540083200009e-07,0.000972635138994549,0.00340053935593559,9.15883132056533e-06,8.78798802943515e-06,5.69091995016134e-12,5.18582070922442e-06,1.41939556021827e-05,-3145.74826078803,0.120930721237895,0.0868325628737894,0.965625,0.464157312726293
"constant",1600,"pg_apf",118,1480.734,375.697613903326,953.627722480597,138.754282283569,224.924894720016,11943.1144810503,377.112564883895,13128.4600347164,862.83704625544,0.253723905781407,0.644023654809437,0.0937064201156787,0.151900945558092,8.06567180942037,8.86618395654885,0.00198746535952454,0.00190657084472097,4.02891778703492e-07,0.000876686301234724,0.00323954384971507,9.50743145429645e-06,9.14727943918701e-06,6.68399137625784e-12,5.18927117741324e-06,1.4684334273639e-05,-3167.86922713476,0.122323027396526,0.0860496460675107,0.965625,0.456763828852727
"constant",1600,"pg_apf",119,1494.657,500.647698486614,1408.40175212231,141.802793327101,232.901529836825,12118.8066922467,502.41227123957,13888.7314616903,1143.8990705236,0.334958253623817,0.942290941749384,0.0948731336534743,0.155822727111856,8.10808546191311,9.29225331409833,0.00221045459581631,0.00210892466940241,5.49917484783782e-07,0.000933683378849596,0.00366085742882993,9.07541538558637e-06,8.78755856297118e-06,5.51042286596686e-12,5.02292700202589e-06,1.36180633203233e-05,-3154.45160414588,0.121300189080791,0.0818213832859277,0.945625,0.465631871726643
"constant",1600,"pg_apf",11,1467.776,450.963859900027,1338.5128488895,143.171828059032,217.275319319555,12014.4274106667,447.871919132415,13405.415077092,1144.25957541613,0.307242971611491,0.911932644279166,0.0975433772312887,0.148030298437605,8.18546386551263,9.13314775353461,0.00198327303788676,0.00188383169752512,3.9187162582814e-07,0.000859474427517346,0.00322578123117361,9.47553866091795e-06,9.08866569871608e-06,6.35811806650431e-12,5.08738911233221e-06,1.4482051261034e-05,-3192.90361304887,0.118753386537123,0.0816514861451921,0.96375,0.457879256652857
"constant",1600,"pg_apf",120,1479.965,611.580669169893,2167.31879258288,128.09506059138,148.956484103941,12566.8152760432,428.163468943943,13914.2164562607,873.49275696568,0.413239954438039,1.46443922159165,0.0865527634716901,0.100648653247841,8.49129221031794,9.40171994355317,0.00227694008403455,0.00220740344978967,5.05359026915948e-07,0.000958284403906174,0.00363149597382193,9.25540057805373e-06,8.82132203662309e-06,6.80175218518643e-12,4.97420162197073e-06,1.44498611722505e-05,-3180.33456239301,0.121659066993334,0.0814283782661647,0.946875,0.469494113355354
"constant",1600,"pg_apf",121,1473.845,426.157855197184,1206.89381007132,138.425510167997,171.752826891177,12510.910290829,421.362027976386,13587.5960479395,690.629038004495,0.289146996595425,0.818874311797588,0.0939213486954174,0.116533846429697,8.48862009969096,9.21914858613998,0.00222833365556775,0.00214539509171138,4.88023811448405e-07,0.00104812619277639,0.00364052574483415,9.26944929926294e-06,8.90141697136924e-06,6.06638071354907e-12,5.04481628319809e-06,1.43422021827838e-05,-3182.76712135405,0.126569037513498,0.0909404473477287,0.946875,0.466518856781368
"constant",1600,"pg_apf",122,1476.507,264.965615115202,716.398313975667,127.663685764367,62.1215531508478,12830.5190800641,265.018864904118,14036.2079528111,597.605837856783,0.179454357558211,0.485198047808556,0.0864633122392016,0.0420733211226549,8.68977870072006,9.50636058807111,0.0023350665067617,0.00224691956306989,4.69228175051282e-07,0.00114484286611335,0.00374913611851556,9.43166920721391e-06,9.03707981859202e-06,5.89559405381637e-12,5.00465181152161e-06,1.41679193368081e-05,-3200.55524976913,0.119825674798922,0.086767731977978,0.955625,0.470513540876231
"constant",1600,"pg_apf",123,1484.637,400.184033729106,986.114439343089,162.908126602682,198.062853084874,12154.2917001733,400.114373841514,13104.1601369508,916.672646188057,0.269550087818844,0.664212490557011,0.109729264865878,0.133408269553348,8.1867094112388,8.82650785138101,0.00193500352555424,0.00185260726183437,3.21814249110906e-07,0.000932158647255082,0.00308666525828143,9.70446314036902e-06,9.36810696653457e-06,6.23239992453911e-12,5.31936519821097e-06,1.45900569457617e-05,-3126.24035260234,0.121255325156036,0.0843872004826956,0.94625,0.458829089087056
"constant",1600,"pg_apf",124,1464.83,366.550377696712,923.033383491719,157.546674643568,301.849660053449,11620.3565953371,369.092879067211,12808.1216186709,822.149037998298,0.250234073371457,0.63013003795097,0.107552872786308,0.2060646355232,7.93290456594768,8.74375976643765,0.00151387436849103,0.00145592977083369,1.84660163457582e-07,0.000810874475755968,0.00233315380798668,8.23340708236608e-06,8.00832013968206e-06,3.63716284852127e-12,4.92093898251771e-06,1.22715160050475e-05,-3143.02465930318,0.126728269988021,0.085538886154666,0.931875,0.434798791696825
"constant",1600,"pg_apf",125,1468.344,302.169092706443,831.84965453729,164.724025207249,147.998887936653,11890.8170818455,300.013822359152,13123.3088362867,712.103465813017,0.20578903356873,0.566522323472762,0.112183538194898,0.100793062073093,8.09811398544583,8.93748933239537,0.00171069104664862,0.00164307416272066,2.31715574551986e-07,0.000863383306013859,0.00269843882541995,8.80977928397602e-06,8.47826443395645e-06,5.39109905738358e-12,4.88234235322443e-06,1.33254296127004e-05,-3154.38577700662,0.121326727997558,0.0809770023913439,0.95,0.44415531976915
"constant",1600,"pg_apf",126,1465.608,472.272504291663,1408.06582042623,120.54871963605,226.893561858293,11617.4370286282,470.795305854599,12621.4662270297,1216.76957056992,0.322236576418567,0.960738355976654,0.0822516796005825,0.154811901857996,7.92670142946016,8.61176128066286,0.00165122572012783,0.0015897573633479,2.31518090433615e-07,0.000785305147543609,0.00260196069593873,9.33204437320142e-06,8.98672692143756e-06,5.6609734819371e-12,5.18560266864629e-06,1.39171219427582e-05,-3149.88024882845,0.118536642799757,0.0812060881437589,0.956875,0.443104271668243
"constant",1600,"pg_apf",127,1489.359,293.462656368131,878.240788217279,147.992586638485,240.341464341122,12051.1495470487,294.560816176498,13424.5514631935,778.725255430006,0.197039569618964,0.589677027645638,0.0993666313081569,0.161372418833285,8.09150080474132,9.01364376432647,0.00179505941988137,0.00172095798130315,2.96819292704161e-07,0.000837356514821557,0.00279829798739384,8.71295613685825e-06,8.41766985601179e-06,4.91897048713835e-12,5.03081574596591e-06,1.3185314584561e-05,-3171.90001092549,0.128418781623715,0.0865967738026653,0.950625,0.447152888271198
"constant",1600,"pg_apf",128,1529.647,549.29755730724,1925.3858361079,152.114997970442,138.823953234129,13231.9640370468,490.187425758654,14452.4223531536,820.89126559119,0.359100862687431,1.25871252394043,0.0994445110345339,0.0907555489823007,8.65033830488134,9.44820756236803,0.0028413621888992,0.00276023558013753,6.17434036181001e-07,0.00150067727918777,0.00451515670276991,9.8414606701558e-06,9.29315389987944e-06,8.94500786862808e-12,5.10586737170855e-06,1.57366526306251e-05,-3138.22234943503,0.12756525950631,0.092912111423637,0.976875,0.492216672783995
"constant",1600,"pg_apf",129,1504.82,437.451244671522,1382.53170249298,146.471430329647,184.800535598959,12398.2074501676,435.202209494152,14019.267423424,1135.00228573682,0.290700046963439,0.918735597940602,0.0973348508988762,0.12280574128398,8.23899698978457,9.31624209103012,0.00235377243117213,0.00221731084898972,6.28322244423002e-07,0.00104933247145054,0.00396598275268635,9.10113240579786e-06,8.82340922999314e-06,5.39276225352988e-12,5.13439454635697e-06,1.38290980547358e-05,-3192.33763006491,0.12076080562428,0.0840564779267976,0.96,0.470728120802209
"constant",1600,"pg_apf",12,1465.062,252.360750832463,756.690252287405,139.861212018576,267.448128399944,11883.2560148729,248.07244638634,13170.7969557767,637.041419591844,0.172252608307678,0.516490259311486,0.0954643639781636,0.182550723723599,8.11109428466021,8.98992462829336,0.00170035873043115,0.0016370887099169,2.12875208690726e-07,0.000896700215430744,0.00258253654557988,8.57177988040761e-06,8.34881907225108e-06,4.04514323933697e-12,4.91562519051457e-06,1.26004253949805e-05,-3171.25004804044,0.126855853454909,0.0888996854889749,0.9525,0.445304419963774
"constant",1600,"pg_apf",130,1521.273,573.27654932677,1673.47074582962,156.505079426802,209.323947690763,12745.6315327974,533.970580304219,14177.3513205319,1027.35932664613,0.376840021039465,1.10004630715829,0.102877707963529,0.137597885251866,8.37826710445622,9.31939981879114,0.00255208912406539,0.0024511847085292,5.80530914694608e-07,0.00118079092142028,0.00404975133914313,9.98237334235919e-06,9.49123571350884e-06,7.96640345797567e-12,5.41160823599295e-06,1.57652249892878e-05,-3110.77102764888,0.12741014684123,0.0940942888406303,0.961875,0.483230472326204
"constant",1600,"pg_apf",131,1473.214,305.275719141689,957.88313638805,177.866342227695,186.029616451647,12004.0277689069,303.454017600727,13229.2558604202,809.632768857948,0.207217498029267,0.650199588374839,0.120733540563486,0.12627467323257,8.14819012642217,8.97986026498538,0.00173180370030384,0.00167600714999587,2.27859888852996e-07,0.000877512372906545,0.00267007238374618,8.69955388396429e-06,8.43859846203695e-06,4.92286758863e-12,4.95133864852753e-06,1.30427694630975e-05,-3189.47386543228,0.120258934364827,0.0823713812822502,0.954375,0.443351557820947
"constant",1600,"pg_apf",132,1471.627,547.657444184519,1517.21509608228,172.002154241559,160.238064043627,12312.1351451313,541.719317729589,13905.8346619949,1213.70863935315,0.372144194272406,1.03097802369913,0.116878906300006,0.108884971561154,8.36634224917814,9.44929296757596,0.00212159829821951,0.00203144222459384,4.08688377593012e-07,0.000981487364732762,0.00333782156678429,8.896984475845e-06,8.5111887958281e-06,6.2767199319249e-12,4.66484666112876e-06,1.34556481246464e-05,-3190.18807945792,0.117553211507041,0.0817674090664987,0.968125,0.461960377632246
"constant",1600,"pg_apf",133,1465.72,432.046611721596,1156.06398844939,118.284061425573,121.570265802351,11863.3401133135,433.814472509069,12964.1166730606,916.751263060228,0.294767494283762,0.788734538963367,0.0807003120825078,0.0829423531113387,8.09386520843923,8.8448794265348,0.00173805303838649,0.00167123677972484,2.89974696408102e-07,0.000819302877512907,0.00278469058612702,8.95355214547418e-06,8.59518610705733e-06,5.17027514065271e-12,5.0829442196309e-06,1.36190957810044e-05,-3139.19051595311,0.107829443148377,0.0677251543980552,0.96375,0.446880973968103
"constant",1600,"pg_apf",134,1493.086,531.556923188743,1615.01865764558,117.229823969318,191.306885535798,12762.9034367019,529.482417896536,14124.4459522646,1133.30336645052,0.356012261308955,1.08166485898708,0.0785151183316422,0.128128510705879,8.54800288576938,9.45990113916052,0.00234644381063982,0.0022586425046627,4.94748961474404e-07,0.00109494335964477,0.00372654905139885,9.22658867411739e-06,8.94461319253329e-06,5.58769930057202e-12,5.070318006594e-06,1.41572155146041e-05,-3134.25623750121,0.119559026005755,0.0812458480304193,0.96875,0.473771325346109
"constant",1600,"pg_apf",135,1472.478,374.131687899896,873.676925590744,179.3261317356,167.145985827679,12153.3207841129,376.845319726719,13314.5558147241,780.365911677245,0.25408304090105,0.593337846535394,0.12178527063603,0.11351340110187,8.25365186041007,9.04227826475106,0.00186733915412056,0.0018142628673469,2.60972679350134e-07,0.000931475957507406,0.0028620567157387,9.29980621350789e-06,8.95061349122299e-06,6.64210942697209e-12,4.85892354009676e-06,1.45336505549063e-05,-3185.13392003229,0.118871397989138,0.0826104472686355,0.9525,0.451401098569188
"constant",1600,"pg_apf",136,1473.077,385.536365554916,1015.78331653846,157.825283809045,234.625258068241,12017.8408550912,385.343257889748,12988.0541496091,917.810850699764,0.261721801070084,0.689565661902576,0.107139873753406,0.159275623791724,8.15832495863499,8.81695535916254,0.00181686243800329,0.00173825007116698,2.94522577944561e-07,0.000872393010158776,0.0028406953712934,9.0281257884229e-06,8.78325666786209e-06,5.09579452397665e-12,5.06225781640301e-06,1.35575223653216e-05,-3178.97964861955,0.126672104133249,0.0905694775836899,0.953125,0.451127793651896
"constant",1600,"pg_apf",137,1475.326,418.08314047104,1119.17148348138,136.538808628774,185.092155526769,11851.6925392208,418.757212039242,13487.0385074036,983.802963437234,0.283383564358684,0.758592665947308,0.0925482290888754,0.125458478686588,8.0332703004087,9.14173444201732,0.00180895694143589,0.00172740045620878,3.22330320661224e-07,0.000839624372922074,0.00292567200374535,8.30987386286599e-06,7.96092543750266e-06,4.62589947617405e-12,4.82905232164175e-06,1.28118634545138e-05,-3167.58409190006,0.131980552804602,0.0864847223422351,0.949375,0.449913860383478
"constant",1600,"pg_apf",138,1475.117,439.976719304302,1310.11730133612,127.060251545683,170.041866194703,12839.4567392555,439.064391804963,14228.5704297626,1029.45495119411,0.298265642185876,0.888144670108283,0.0861357109610175,0.115273477422267,8.70402601234714,9.64572330856645,0.00242303385775879,0.00232269070949513,5.30896791889904e-07,0.0011924444924487,0.00384094820353182,9.62163485806772e-06,9.31168210514729e-06,5.90274282030285e-12,5.38050559910265e-06,1.44885302661979e-05,-3199.24677560234,0.112744588464533,0.0787107687648208,0.975,0.475107023722124
"constant",1600,"pg_apf",139,1479.006,446.309652333559,1296.63821982057,117.951498067152,152.098774962422,12256.097630405,442.398050437003,13625.7582822116,1161.5163653246,0.301763246622096,0.876695713080656,0.0797505203272686,0.102838511109774,8.28671258291378,9.21278093679915,0.0019297409281253,0.00186356467186426,3.00666489086628e-07,0.000944625899202613,0.0030564109529797,9.21645516027091e-06,8.85266487417515e-06,5.9646908174576e-12,5.20884514423059e-06,1.41068020695827e-05,-3149.09002872966,0.116094107917505,0.0778087123008471,0.966875,0.451351867274472
"constant",1600,"pg_apf",13,1464.872,334.380209118649,868.051400796507,149.918278107814,182.446667818685,11851.210507328,333.655560352227,13274.2090513364,756.454485463459,0.228265820575893,0.592578328206496,0.102342237484103,0.124547856617291,8.09027034944211,9.06168528809096,0.00166391793208785,0.00157064406688699,2.50269904568113e-07,0.00086758143881078,0.00267476316677863,8.46075730504193e-06,8.22275320098329e-06,4.02455371108227e-12,4.83429713701245e-06,1.23686611945748e-05,-3128.6591964273,0.132476529268757,0.0991519723114316,0.956875,0.445552682202169
"constant",1600,"pg_apf",140,1467.356,310.307312196703,766.343778629454,96.5479047677398,258.452065060375,11740.6848286176,309.860686229037,12812.1355461138,685.833202966138,0.211473774732719,0.522261658813168,0.0657971922067582,0.176134533855707,8.00125179480479,8.7314431849625,0.00166564446179795,0.00162104362740592,2.26697496899108e-07,0.000746811363721643,0.00256125990824552,9.02025659400143e-06,8.65420002399132e-06,5.5385235772201e-12,5.03535924729057e-06,1.37388475900618e-05,-3121.56461165696,0.132591928048929,0.0937848733032323,0.92,0.443849853556722
"constant",1600,"pg_apf",141,1492.082,379.623717289464,1048.81591545237,106.597363658314,87.338783441018,11956.3536182734,375.857444949607,13282.6134328969,963.69032288079,0.254425505628688,0.702921096462775,0.0714420277560576,0.0585348415442435,8.01320143147183,8.90206666449762,0.0019557175644689,0.00184986749448652,4.20340437754203e-07,0.000905626213010044,0.00321449623249995,9.02743012783008e-06,8.62607299672996e-06,5.93892325630942e-12,5.09312634583082e-06,1.39175519642142e-05,-3192.39430488676,0.109620723109743,0.0724217166252324,0.966875,0.454434274376261
"constant",1600,"pg_apf",142,1469.188,533.678341842932,1494.38153526197,166.73294423766,142.857262931734,12068.4046340016,534.227390450834,13184.8784428732,1357.17392558403,0.363247141851779,1.01714793155265,0.113486459348742,0.0972355225687479,8.21433651377602,8.97426227472127,0.0019114913450782,0.00184517903521503,3.12523951979439e-07,0.000928440431842217,0.00303437969316543,9.38232897633653e-06,9.04419613161174e-06,6.55916824637653e-12,5.00707212999875e-06,1.45159377684851e-05,-3172.23135824767,0.126642381769917,0.085338691958609,0.945625,0.451485356393998
"constant",1600,"pg_apf",143,1467.526,347.136113199373,915.398735152129,133.08307395657,181.26194620197,12009.5059709848,347.916808800456,12556.6302237468,804.707424343218,0.236545119609038,0.62377002870963,0.0906853261588346,0.123515321842318,8.18350473585124,8.55632555998791,0.0019418081412261,0.00185188238822571,3.5770490810783e-07,0.000893213815596327,0.00318168158712559,1.02077835307566e-05,9.76208587619115e-06,7.55248530069528e-12,5.62972552468194e-06,1.55902020754912e-05,-3156.18830641274,0.133339680966511,0.0956234486226352,0.95625,0.457351409160047
"constant",1600,"pg_apf",144,1493.811,448.010788666009,1427.34699652169,138.400262837094,185.532310990969,12178.2419106271,445.821067066176,13494.923477639,1233.05554053853,0.299911293106028,0.955507086587053,0.0926491121280361,0.124200659247368,8.15246501105369,9.03388947975277,0.00199633985555815,0.00191486686096276,3.44355079418781e-07,0.000971005119142425,0.00313157801871569,9.48297738625978e-06,9.1591155831956e-06,6.00012725743521e-12,5.23978582685807e-06,1.4500168691463e-05,-3174.19413866491,0.112775620493487,0.0788268506408961,0.96625,0.459360172885977
"constant",1600,"pg_apf",145,1474.8,518.808342584244,1476.65495211281,110.289965884874,207.65005294437,11960.864586332,519.277496140212,13189.9948039016,1014.60178002738,0.351782168825769,1.00125776519719,0.0747829982945988,0.140798788272559,8.11016041926501,8.94358204766859,0.00206875418115347,0.0019777297115509,5.12553262059745e-07,0.000905277587662366,0.00347724059969272,9.44096901993141e-06,8.97565907351878e-06,7.1694795718245e-12,5.12129031046229e-06,1.46667320218228e-05,-3147.75487216806,0.124260774007859,0.0879298227092369,0.96375,0.459897011320359
"constant",1600,"pg_apf",146,1484.249,443.427248418826,1273.76956928395,175.572395067069,137.194302064072,12001.6225920831,443.915445166083,13393.4257889277,1094.83761661657,0.298755295384282,0.858191293565939,0.118290391347455,0.0924334812178229,8.08599001386095,9.02370544896964,0.00188216323271201,0.00181840267981325,2.98830359947033e-07,0.000912083969840759,0.00295330888703604,9.07708418757688e-06,8.72950538101406e-06,5.78117234856144e-12,5.01478733582001e-06,1.38035503867273e-05,-3184.84441578086,0.114492029255333,0.0749849262934463,0.961875,0.45159693147797
"constant",1600,"pg_apf",147,1468.703,328.965828537511,835.104077083634,121.190298085557,171.440980569613,11929.689173131,330.612930526884,12988.8547172713,773.126533504182,0.22398390180827,0.568599694481209,0.0825151838632844,0.116729509349142,8.12260148793256,8.84375855245843,0.00194602060550001,0.00184954186112037,3.75485833615846e-07,0.000907141086896095,0.00314709830743825,9.33492401536837e-06,8.86144155463385e-06,6.60756508651674e-12,5.37651047689224e-06,1.46766346286786e-05,-3139.81311988353,0.125903786205949,0.0842141192273023,0.961875,0.459804004936095
"constant",1600,"pg_apf",148,1471.435,390.262035087383,1192.87835089773,78.8958948154094,231.778055752844,12058.4140179191,393.915778930062,13323.971109428,1051.47043760422,0.265225467035502,0.810690483030324,0.053618335037164,0.157518378829404,8.19500284954425,9.05508643564139,0.0019591863499415,0.00185925737004625,3.87397479856821e-07,0.000929001831722914,0.00324350676635719,8.84943374733769e-06,8.59053919205226e-06,4.56313278714806e-12,4.94274049611969e-06,1.28740326568277e-05,-3165.90698192096,0.124121273955143,0.0840233366870514,0.95375,0.455044011193849
"constant",1600,"pg_apf",149,1489.271,533.824303788925,1557.96872278622,121.173902576867,204.687671779585,12454.6942935433,543.822076680864,14105.4052850699,1363.02114488102,0.358446719092042,1.04612842309171,0.0813645754042529,0.13744152124065,8.36294690055957,9.47134892512506,0.00264053103747874,0.00255862008692076,6.86770054708492e-07,0.00113136018611321,0.00418641886563589,9.9274074642091e-06,9.53662180489286e-06,7.31820467128577e-12,5.39537815850485e-06,1.51674091093992e-05,-3210.36234007318,0.124564911697405,0.0891736808676708,0.966875,0.482111050557313
"constant",1600,"pg_apf",14,1479.815,455.222709549681,1174.55897350178,108.008376626705,165.365455485148,12108.5302918025,453.853800919327,13534.1016293945,992.326821340348,0.307621364528459,0.793720143059626,0.0729877563254224,0.11174738429138,8.1824621941273,9.14580648891551,0.00196314969122447,0.00187970638869015,3.72358929781416e-07,0.000873786737087864,0.00313473207411166,9.13887602755594e-06,8.70546743303269e-06,6.27608247831881e-12,5.10822467471712e-06,1.41003932918117e-05,-3204.0391501484,0.115063737541804,0.0799498101911896,0.955,0.456402640672999
"constant",1600,"pg_apf",150,1468.431,404.493640196293,1018.25088673607,149.915279813306,177.023209141899,11946.5406076158,405.633781154404,12966.6490627211,911.958580415571,0.275459752753989,0.693427806097848,0.102092151291621,0.120552623270619,8.13558186092214,8.83027466916801,0.0019190517686715,0.0018277614232645,3.37403269852491e-07,0.000969725129031913,0.00306738989694146,9.94276032922697e-06,9.53923072028267e-06,6.83132402269967e-12,5.53447430382443e-06,1.53813804431474e-05,-3156.33167315026,0.127598401726597,0.0891974305945357,0.956875,0.457112225092475
"constant",1600,"pg_apf",151,1480.037,446.325647278525,1208.85521013968,180.688186390346,183.699256986342,12606.680734898,446.380779370394,13790.6470741641,1101.34158591767,0.301563844200195,0.816773641564153,0.122083560336901,0.124118016634951,8.51781457821527,9.31777183554471,0.00229175231408497,0.00221663034144986,4.54523274428968e-07,0.0010720884908765,0.00359619556537112,9.57454644753886e-06,9.12081453441508e-06,7.15280053891063e-12,5.18391507312094e-06,1.49390911377503e-05,-3174.27955935721,0.124237721269726,0.0824275537556297,0.965,0.46907782009634
"constant",1600,"pg_apf",152,1483.14,446.457496141617,1266.87150909177,92.5649173923503,179.012149443981,12304.4348142358,443.404315021241,13477.470275821,1115.85906099149,0.30102181597261,0.854182011874648,0.0624114496219847,0.120698079374827,8.29620589710738,9.08711940600413,0.00254839659586106,0.00245383520249436,7.39950914320748e-07,0.00109039826570933,0.00435678356174263,9.68343153489262e-06,9.20662118585666e-06,8.37618114118031e-12,4.94183217163937e-06,1.49354667692011e-05,-3182.74199122873,0.131115721109401,0.0974216978735513,0.9625,0.482697642101214
"constant",1600,"pg_apf",153,1504.066,460.58517284216,1350.63698004173,126.214929139949,207.820431324551,12012.7138155259,458.06699031732,13414.5984666832,1164.79458452028,0.306226703377485,0.897990500444616,0.0839158182818765,0.138172414857161,7.9868262533199,8.91888950796256,0.00193502436048341,0.00185517515174725,3.66646917489019e-07,0.000890054349649004,0.00316773048836044,9.04669258369001e-06,8.75534746759719e-06,4.95894672576812e-12,5.09513781805645e-06,1.34121770825107e-05,-3157.61812043859,0.13838645207027,0.0972596152292723,0.945,0.458155767334483
"constant",1600,"pg_apf",154,1482.017,508.226038613857,1426.71529117637,107.859343112425,145.482962094084,12402.7589874656,450.913995128567,13409.1649336743,692.97984852734,0.342928615942905,0.962684835043301,0.0727787489026276,0.0981655150339596,8.36883719111565,9.04791573488988,0.00213588256280039,0.00204319195594813,4.05274909720113e-07,0.00105856323471571,0.00339535292060199,9.68426296901e-06,9.28913998699797e-06,6.85453684354517e-12,5.32255162185788e-06,1.49848262528702e-05,-3158.6453245119,0.121904302182647,0.0880345760317077,0.965,0.463703343050582
"constant",1600,"pg_apf",155,1493.494,460.083539284409,1320.97586086683,144.247507092151,200.694854995602,12522.0660617698,460.063995517993,14093.6095430061,1189.07137257707,0.308058511975548,0.884486888375067,0.096583921389809,0.134379418327494,8.38441002224971,9.43666967728431,0.00216267644759302,0.00206648621009312,4.32992010941982e-07,0.0010346841849734,0.00349924741454819,8.76219699080551e-06,8.53674981319155e-06,4.90111817345721e-12,4.62084548605478e-06,1.29402654618704e-05,-3175.97178474256,0.114761181196882,0.0781379019811245,0.96625,0.463475544059854
"constant",1600,"pg_apf",156,1467.013,415.729389690074,1127.75942347905,181.146438691666,231.732624803723,11957.5604165448,414.897733829773,13199.3049784076,965.620677146387,0.283384939117836,0.768745350913083,0.123479777405971,0.157962216288283,8.15095736475737,8.99740150796727,0.00182054982327233,0.00174276368633398,2.84157058302231e-07,0.000874088034037069,0.00285956284672277,9.05410930292871e-06,8.76033000105187e-06,4.86933184833107e-12,5.25420062770152e-06,1.35882522662281e-05,-3187.97052802267,0.118071608004321,0.0814566588510779,0.951875,0.449992969640124
"constant",1600,"pg_apf",157,1481.928,496.871984903093,1559.92314621844,117.711314808183,217.643653069384,12215.3825149958,494.963101297151,13497.6706514132,1277.9075391901,0.335287534146796,1.05263086075602,0.0794311969327681,0.146865200650358,8.24289878792747,9.10818248350342,0.00208846922144412,0.0020005053732454,4.2683466953114e-07,0.000981783626743849,0.00340507060429218,9.6264784327404e-06,9.28424511926718e-06,5.62334769755714e-12,5.34630422184688e-06,1.44829256171441e-05,-3196.57644170597,0.124461151881002,0.0870621023830756,0.966875,0.45997188808724
"constant",1600,"pg_apf",158,1484.343,380.469042317081,958.243363760256,146.442179095523,185.957503865117,12291.0228089326,379.006276445074,13708.0213162822,874.876709833468,0.256321512155264,0.645567341079694,0.0986579106685741,0.125279334941531,8.28044650659084,9.23507660714687,0.00221056020651225,0.00212090575962316,4.75141826643439e-07,0.00100441789829842,0.0035181553519653,9.46116527623897e-06,9.11491726373592e-06,5.91237793329587e-12,5.21375094110537e-06,1.44373885178381e-05,-3157.19495290129,0.118270925754801,0.0826359250166456,0.96375,0.4661187564441
"constant",1600,"pg_apf",159,1467.495,501.172443026729,1355.26582293882,132.469396663373,189.828868101485,12113.1044659962,499.669143770833,13142.390111617,925.281362760643,0.341515605182116,0.923523298504471,0.0902690616754217,0.129355717124409,8.25427307486309,8.95566261664739,0.00177921804426777,0.00172365142723175,2.61414749321235e-07,0.000890336537050115,0.0027299863290209,8.78496447329052e-06,8.37047894711618e-06,5.4482663885249e-12,4.82311595398837e-06,1.35996782271881e-05,-3172.72110486677,0.127451892745347,0.0905981259957174,0.9375,0.446915600695525
"constant",1600,"pg_apf",15,1471.882,376.156253469225,893.854126472177,77.493681742294,84.8515907517516,11861.1130949127,378.006740566958,12769.7921887693,407.058971890949,0.255561419644526,0.607286539595006,0.0526493847620217,0.0576483649856113,8.05846738727201,8.67582604364299,0.00185944680546032,0.00178143944386815,3.39461975385048e-07,0.000845807166632713,0.00301383110167997,9.25006034279154e-06,8.92650943199075e-06,5.52646580743534e-12,5.32286187831515e-06,1.41158576586965e-05,-3170.25415045226,0.129435664236562,0.0885287256897894,0.945625,0.453734244003683
"constant",1600,"pg_apf",160,1466.936,347.353821648662,833.434284488199,30.6366790162885,192.967836561247,11657.221325872,347.788158013754,12629.681707087,756.662590505056,0.236788668114125,0.568146316191162,0.0208848095733478,0.131544823060615,7.94664615625495,8.60956558915112,0.00160022562781233,0.00154943029443618,2.03816210735996e-07,0.000769305518630475,0.00244806489591709,9.28666469760461e-06,8.9593388626515e-06,5.60498544623558e-12,5.12087982086023e-06,1.40938261325291e-05,-3163.01347035299,0.113636587396327,0.075580623928499,0.958125,0.439930635149791
"constant",1600,"pg_apf",161,1482.192,398.321116545392,1106.61908310545,168.303247295115,217.789171195743,12456.1163964701,396.080792586704,13926.5593076694,981.050630764919,0.268737866987132,0.746609807032727,0.113550233232344,0.14693721946667,8.40384808207714,9.3959212488459,0.00224737307078943,0.00214736907403717,4.45671184248565e-07,0.00111477003526868,0.00361445876229678,9.20314365284136e-06,8.86880919854254e-06,5.18170606068387e-12,5.30310744877397e-06,1.35602680758388e-05,-3147.6788610919,0.11681689471188,0.0799113474784915,0.968125,0.467452083156803
"constant",1600,"pg_apf",162,1478.505,483.196278490655,1323.30906476785,164.217586382932,155.652722265388,11997.0325494325,483.093606443782,13273.4882744046,1200.56587284153,0.326814098356553,0.895031849583094,0.111070024371194,0.105277102387471,8.11429961307707,8.97764178978399,0.00196626994664899,0.00189844909141562,3.37389682656832e-07,0.000938103986942877,0.00311246926245538,9.76988425656206e-06,9.40752931460719e-06,6.06512372391641e-12,5.66602102792993e-06,1.48624486497467e-05,-3145.49321601955,0.127100211634345,0.0885132471095168,0.95375,0.462209587450255
"constant",1600,"pg_apf",163,1486.335,325.749727541243,1089.59511183814,135.547294943764,192.704949720328,12522.0990653089,321.005516510327,13730.6588414279,860.364042747324,0.21916306050873,0.733075054976259,0.0911956557194467,0.129651087890905,8.42481611837766,9.2379301042012,0.00213369742296224,0.00203012386238752,3.93134561479918e-07,0.00109917207885163,0.00342413955233371,9.42169863924328e-06,9.12683527587783e-06,5.8254281559159e-12,5.16200142837417e-06,1.42193266467211e-05,-3188.5632378709,0.126129039402352,0.0907278689277979,0.965625,0.461643908347499
"constant",1600,"pg_apf",164,1476.105,500.367896567873,1393.7410645122,148.100189468494,135.6603450585,12410.3146038441,502.04474374867,14059.2977023385,972.992393835023,0.338978525625123,0.944201845066715,0.100331744332886,0.0919042649801334,8.40747413215464,9.52459188359808,0.00217155651056148,0.00208217558536916,4.4107590134827e-07,0.00104497281253739,0.00354897637250108,9.19073669453632e-06,8.78612580105119e-06,6.01937500483684e-12,5.19873140390876e-06,1.42473085851869e-05,-3179.7989996536,0.123329575982043,0.0877812387514809,0.949375,0.464074724223733
"constant",1600,"pg_apf",165,1591.528,398.966819050967,1105.90826139223,155.52346492735,213.666597593539,12221.7630739006,400.612445446444,14035.6188210501,927.1500059564,0.250681621090529,0.694872010666621,0.0977195908129482,0.134252490432804,7.6792636220667,8.81895814654227,0.00204601957142329,0.00193406749121568,4.23190186781589e-07,0.000969092091384755,0.00339232628569241,8.49127870625395e-06,8.18661365339841e-06,4.41296633231785e-12,4.76209864614687e-06,1.26022875650603e-05,-3200.09107616246,0.125435526681984,0.0854863936324349,0.960625,0.4575873533855
"constant",1600,"pg_apf",166,1477.569,279.670682727592,735.015911176995,155.180416591218,182.019146941147,11849.9803616324,279.268310694648,13295.0388272434,627.296325268027,0.189277578730734,0.497449466777521,0.105024142081499,0.123188255127948,8.01991674272564,8.99791402448439,0.00172066713722643,0.00165061718736396,2.72807175124768e-07,0.000798548312458788,0.00275070277068737,8.52449939371806e-06,8.22574303434102e-06,4.49642308214788e-12,4.83676398155598e-06,1.28501399892212e-05,-3175.48433446811,0.125334432712055,0.0842965827190795,0.949375,0.445512668997549
"constant",1600,"pg_apf",167,1481.985,474.675851958169,1446.64596730917,134.259994541851,144.540054846025,12658.0767232897,473.218610533693,14138.3819802141,1283.18612125133,0.320297339013667,0.976154257505418,0.0905947054402382,0.0975313885403865,8.54129881428601,9.54016537293842,0.00254834961148013,0.0024282463760952,5.97136796248692e-07,0.0012253915203296,0.00401666967040572,9.79562892033351e-06,9.36435274754963e-06,7.63224723755922e-12,4.9883894314029e-06,1.53641426542598e-05,-3192.10294263627,0.119823997998087,0.0806651993911119,0.96,0.482335117509744
"constant",1600,"pg_apf",168,1482.294,467.621265398117,1164.75262501171,139.584448222945,152.954394777929,12427.5368194492,472.230740625206,13687.9692941267,821.872425653097,0.315471333890657,0.785777062452999,0.0941678561897603,0.103187623223145,8.38398915427655,9.23431471363084,0.00232299274847437,0.00222878383049248,5.77187618071013e-07,0.000963731107291839,0.00383043058400878,1.0057763703214e-05,9.74874471741997e-06,6.379377274071e-12,5.75128886651287e-06,1.50401097972261e-05,-3166.89397444992,0.113557138538922,0.078101075199476,0.9575,0.474058876288782
"constant",1600,"pg_apf",169,1471.668,396.665933840468,987.139050961861,137.999275834497,217.748654110061,12366.101454148,400.203062407159,13921.0076438948,882.317666084357,0.269534931683279,0.670762054323299,0.0937706573999683,0.147960446316738,8.40277933212382,9.45933977221409,0.00223580509581146,0.00214221718133383,4.72603978033303e-07,0.0010985303931743,0.00359448283096114,9.57809304882807e-06,9.17829380123072e-06,6.00734358579162e-12,5.47025987586769e-06,1.47591501889177e-05,-3188.06767827083,0.126250689702086,0.0869388837842297,0.965,0.468193275566914
"constant",1600,"pg_apf",16,1476.962,348.400621278866,951.63658635014,25.9457119021472,140.271983805697,12334.9239900408,348.38998520013,13749.45325574,597.038760597563,0.23589003730554,0.644320291483559,0.0175669461381858,0.0949733194257517,8.35155135341381,9.30928030358265,0.00226779089123306,0.00214628315837141,5.2422636130607e-07,0.00101453634923611,0.00368315069312925,9.39803510671348e-06,9.0030686304907e-06,6.22448217556085e-12,5.27248028827576e-06,1.46533391800082e-05,-3185.86358371186,0.115066442406159,0.0796686918948129,0.96,0.468516255790979
"constant",1600,"pg_apf",170,1475.135,660.220948786202,1858.92494973666,89.9819494587126,232.688525000864,12197.7539092557,663.330403194213,13613.7327750252,1664.29856993995,0.447566459196075,1.26017276367021,0.0609991285263468,0.157740494938337,8.26890685208856,9.22880466874233,0.00215567551556063,0.00203839283842435,4.78020013444507e-07,0.000926841078413187,0.00353257884907369,9.41809127542435e-06,9.08017605484734e-06,5.71424273421262e-12,5.36114087295584e-06,1.41108334311579e-05,-3147.26501021098,0.127052884221748,0.0860014789440583,0.951875,0.464711284500215
"constant",1600,"pg_apf",171,1476.843,331.49655716362,906.463316751892,137.13108689757,151.395475675146,12004.2454448038,330.83869304256,13028.4623276491,750.643461220345,0.224462964014198,0.61378448267818,0.0928542078593122,0.102512911443631,8.12831522701047,8.82183300977093,0.00187119570917339,0.00178703287103078,3.13270459709602e-07,0.000947738609591771,0.00299367661636909,9.24100817277893e-06,8.92772108180503e-06,6.06906464728479e-12,4.77376474387238e-06,1.40792467336162e-05,-3189.52663330843,0.116063600805325,0.0842728806929163,0.96625,0.452135034220046
"constant",1600,"pg_apf",172,1476.588,364.259130427514,953.65579088312,157.528863497617,263.925427682449,12202.9373472851,365.611211179602,13467.3885568252,869.895711019096,0.246689753964893,0.645850969182412,0.106684372010078,0.178740059977765,8.2642804541857,9.12061357455513,0.00176752782734206,0.00170343938543768,2.39174317529828e-07,0.000892166054302145,0.00273202229755259,8.68060600511651e-06,8.39594605323011e-06,4.28171856804147e-12,5.02739557707815e-06,1.27912481881746e-05,-3164.66051246553,0.134474354501737,0.0923486506504848,0.9425,0.447865526477942
"constant",1600,"pg_apf",173,1469.339,333.547789658314,786.842362351063,127.311891273802,199.977428551915,12198.7237628094,333.944779007763,13518.2882539728,707.204929936613,0.22700533345832,0.535507709487778,0.0866456898467962,0.136100265869153,8.30218469856811,9.20025144229672,0.00207329529697973,0.00196797475211101,4.30644702352188e-07,0.000965483563569679,0.00334403427963218,8.74018489566556e-06,8.36107305465509e-06,5.32143433705162e-12,4.84188246597786e-06,1.31998967686515e-05,-3123.33525583714,0.134713216098441,0.0962189782979978,0.943125,0.463519013472978
"constant",1600,"pg_apf",174,1467.283,441.658164861423,1076.39858918143,116.735360240689,175.782037770532,12062.642586369,442.772247258218,13225.2895977146,941.701198660135,0.301004076828685,0.733599850322966,0.0795588582711642,0.119801045722286,8.22107431652173,9.01345520783287,0.00189872452859676,0.00179809499069947,3.60160623428508e-07,0.000923607163296784,0.00313100947650067,9.07008471733967e-06,8.70061858223794e-06,5.85715338775697e-12,4.91726235754262e-06,1.37667245719394e-05,-3183.58837815949,0.115156345178621,0.0774864531661609,0.96125,0.453239142402204
"constant",1600,"pg_apf",175,1472.441,356.938532650791,1046.63328337044,120.999944665724,212.117148356931,11786.8633800641,354.684478424204,12726.6774966025,901.383547645,0.242412791175192,0.710815090975081,0.0821764299321495,0.144058164881942,8.00498178199609,8.6432512383196,0.00172182521461805,0.00163360571592539,2.99869163433667e-07,0.000823643180289062,0.00286062093893432,9.09183568351019e-06,8.73590105648934e-06,5.42139454174527e-12,5.34291289284495e-06,1.37841639022075e-05,-3200.18858225002,0.134151013085342,0.0946808721760961,0.9425,0.444016424835413
"constant",1600,"pg_apf",176,1467.267,335.784430579936,846.659130257658,126.180718800095,201.914339027668,11792.5531795045,337.982153725352,13113.6370032859,745.185596799508,0.228850257369611,0.577031399368798,0.0859971080928659,0.137612540204113,8.03708744182519,8.93745787459674,0.00168642199365493,0.00162254642245934,2.37035794040431e-07,0.000846174032067828,0.002653384797801,8.63442393374861e-06,8.30604461015863e-06,4.62910350993372e-12,4.91149045219686e-06,1.2827908449765e-05,-3166.0142559309,0.123761938884511,0.0889881088520671,0.9525,0.445254640408514
"constant",1600,"pg_apf",177,1475.382,412.871167419607,1032.61113903124,127.752012626343,210.692592176428,11876.2361990286,414.200051661554,13327.6094114815,921.223982361647,0.279840182013612,0.699894087789633,0.0865891088723752,0.142805451182425,8.04960084847759,9.03332791879084,0.00180202306109468,0.00171371564897589,3.17814851033327e-07,0.000865551860645899,0.00290335050723316,8.80774489988249e-06,8.5301996531877e-06,4.83709514514872e-12,4.79745646188328e-06,1.30710040743586e-05,-3161.32207727012,0.119895823715171,0.0790552697884675,0.963125,0.449559226026041
"constant",1600,"pg_apf",178,1477.197,451.361535808396,1272.76786273499,73.8652087883754,145.84748377125,12723.0815851154,301.851485392187,13933.0326004972,919.577169159017,0.305552702725768,0.861610105310928,0.0500036276734758,0.0987325886603142,8.61298904960908,9.43207480146329,0.00253164310815233,0.00244422249489564,5.71606028323426e-07,0.00118956532850635,0.00400816630235799,9.4421334783875e-06,9.07630065139706e-06,6.01761776848553e-12,5.14186000567822e-06,1.42077522404928e-05,-3168.54397231701,0.117599307164665,0.0840996916057617,0.96875,0.480201044155801
"constant",1600,"pg_apf",179,1470.11,500.656439097229,1391.16074319637,153.863646556673,214.762760677571,12409.540813802,503.921714962638,13415.1561100188,1241.70391756049,0.340557127764064,0.94629704117132,0.104661315518344,0.146086184487944,8.44123284230568,9.12527369381801,0.00203182541581791,0.00192181273820273,3.50836253222362e-07,0.00103245437432494,0.00329263567661269,9.33110511516431e-06,8.93347800523053e-06,6.13790019744825e-12,5.02126504847018e-06,1.4217960472076e-05,-3184.32220120391,0.127636554871952,0.0916910628114222,0.94375,0.460705241093163
"constant",1600,"pg_apf",17,1468.385,394.998298857871,988.920719107528,190.196614783875,187.506005919594,11849.8191125541,395.216592129171,12738.5638959978,887.725811211283,0.26900186181272,0.673475089372016,0.12952775653788,0.127695397269513,8.06996742172805,8.67522066487864,0.00175130105507513,0.00167933201048672,2.64684498287275e-07,0.000838702322263221,0.0027511936430556,9.45382143815389e-06,8.99854488628784e-06,6.6327768508165e-12,5.23278689611788e-06,1.47641347782137e-05,-3193.09640544818,0.111402922343331,0.0755735331383722,0.965625,0.445808213435787
"constant",1600,"pg_apf",180,1465.665,351.342962148824,800.572380978883,178.67906695087,217.111497186997,11668.7285332084,353.624661756958,12486.6963056891,713.046855537475,0.239715734597486,0.546217847174411,0.121909895474662,0.148131733504585,7.96138853913305,8.51947498622751,0.00164347335853122,0.00157616057990295,2.39335857315968e-07,0.000828121080713747,0.00259715250276322,9.4492630543625e-06,9.19336534972136e-06,5.36599899147284e-12,5.3102862223541e-06,1.41008515398505e-05,-3164.30535353176,0.117236797488077,0.0733109397623595,0.951875,0.441010531655919
"constant",1600,"pg_apf",181,1498.213,523.009940721822,1455.78223969908,124.142381214939,224.61690100621,12563.8037725505,523.711301488033,13838.1391967138,1119.37298272735,0.34908917538549,0.971679086818149,0.0828603017160701,0.149923209187352,8.38585953569387,9.23642979784168,0.0021348603077473,0.00205429186171326,4.10621816114043e-07,0.000990205993629665,0.00341123641160359,9.28422057727617e-06,8.92828236522785e-06,6.06368198464537e-12,5.03430728594434e-06,1.38015962929494e-05,-3166.79843158747,0.11910360542533,0.0827557118459789,0.9675,0.462524756187845
"constant",1600,"pg_apf",182,1476.442,400.536895044862,1079.46195367825,130.032245938205,210.297639958266,12080.3957290935,400.900856080788,13490.4285462225,998.0568016187,0.271285221529096,0.731123846164125,0.088071353929382,0.142435422426527,8.18209975677576,9.13712055483554,0.00208148087032365,0.00201496184171109,4.25189409007705e-07,0.000959197836759364,0.00332999157351195,9.04302206621915e-06,8.68947485737234e-06,5.74021654347866e-12,5.02243789546828e-06,1.37900374259272e-05,-3148.7993785805,0.125516021263834,0.0869220249078273,0.96375,0.463492293193115
"constant",1600,"pg_apf",183,1475.715,490.939194701058,1487.10555130735,129.403251631833,227.584969544741,12499.9640908064,358.423619552167,14091.6632677111,1215.7801390825,0.332678867329435,1.00771866607533,0.0876885114211304,0.154220137048645,8.47044591320574,9.54904115476981,0.00229607158063828,0.00218319896589973,6.51158753024505e-07,0.00092872043460389,0.00382275766323319,8.77851910473683e-06,8.43234212611703e-06,4.83170294824098e-12,5.15464278449704e-06,1.33119616482357e-05,-3173.55429725562,0.109863592106162,0.0756587445884091,0.97125,0.46949675430404
"constant",1600,"pg_apf",184,1467.078,392.218508198059,1135.59928841753,185.056946931732,249.547133028926,12123.6784036288,393.492304100063,13691.0363387403,1018.88904789599,0.26734673152897,0.774055154816258,0.126139814605448,0.17009806774345,8.26382673833893,9.33218025131608,0.00176303117843586,0.00170436632831354,2.58142161460308e-07,0.000888506253791952,0.00275362205327368,8.06136729679609e-06,7.75453062881673e-06,4.18233333322748e-12,4.45027906181845e-06,1.20704083261739e-05,-3159.50198824713,0.140500247294514,0.100412823838476,0.945625,0.447119101883501
"constant",1600,"pg_apf",185,1479.232,405.450328133147,1092.18577964962,125.539710747956,184.106350189223,12271.1761633204,403.89614661488,13134.9570339912,830.050670376214,0.274095157577139,0.738346506599111,0.0848681685820452,0.12446076760726,8.29564001003253,8.87957875031854,0.00202586423113051,0.00192653638500181,4.26007252628238e-07,0.000935301793906606,0.00340454580550704,9.34354258734649e-06,8.93452382094669e-06,6.79425264728785e-12,4.83889067699867e-06,1.44743260843027e-05,-3158.89429732714,0.132162255402123,0.088623607865613,0.965,0.458044099786001
"constant",1600,"pg_apf",186,1484.009,366.689203574214,854.722820148995,159.466670367157,192.983442626075,12399.3070496972,367.632985079233,13582.362284655,708.903618984101,0.247093652110071,0.57595528069506,0.107456673353839,0.130041962431545,8.35527752843629,9.15247972529479,0.00214516037343327,0.00204591665116832,4.27128618662609e-07,0.00107505004880641,0.00347234560109665,9.48535383367722e-06,9.01401631229893e-06,7.26440997394136e-12,5.24046114958078e-06,1.49029105066101e-05,-3167.74528889678,0.120725058766703,0.0850565060739803,0.956875,0.467210891159801
"constant",1600,"pg_apf",187,1471.914,419.455732396926,1209.44035465082,146.564861769986,172.575710530577,12565.2731290431,418.829433714981,14294.0790925489,1042.30119760344,0.284972989180703,0.821678681397701,0.0995743377466251,0.117245783741834,8.53668973122283,9.71121892484812,0.00243114032292591,0.00230640382156699,5.90245561862222e-07,0.00115721697178622,0.00398191729073966,9.01122028936307e-06,8.67659028892911e-06,5.47455859577253e-12,4.99931366899975e-06,1.35755267719436e-05,-3156.28753825733,0.127224329102822,0.0867156991926199,0.96125,0.475570794757615
"constant",1600,"pg_apf",188,1490.165,399.712565756827,1118.59243947746,126.573582820292,227.491673120024,12319.2731922201,405.228348188899,13959.3564046353,981.609488142303,0.268233763212012,0.750650055180106,0.0849393072715386,0.152662069717128,8.26705310634738,9.36765821545623,0.00207655713687434,0.00200056633151886,3.97543803452151e-07,0.00102767018103365,0.0034032729288963,9.20481725006389e-06,8.86150333569088e-06,5.38826368537192e-12,5.1333781332544e-06,1.36753739298245e-05,-3173.50297241442,0.12610065137747,0.0909327681311158,0.968125,0.460352838201426
"constant",1600,"pg_apf",189,1474.845,503.774664372033,1443.78653288301,103.729962516874,249.07500739646,12485.7024659016,509.212898494707,13707.2394354331,1225.97871920308,0.341578039978461,0.97894119916534,0.0703327892197987,0.168882158732924,8.46577265129663,9.29402034480443,0.00221794335149943,0.00213754815379418,4.68622662031507e-07,0.00100696384065919,0.00362653735216404,8.88093635248517e-06,8.57969865387242e-06,5.20748709747954e-12,4.88097816224952e-06,1.35162888621149e-05,-3173.88304088627,0.111109152273944,0.0741579483340622,0.964375,0.467909901445674
"constant",1600,"pg_apf",18,1491.142,536.41015052598,1717.64484867913,125.596613741418,173.682384662969,12843.0309974932,534.708454333131,14428.0110452159,878.504761873407,0.359731099067681,1.15189891283267,0.0842284730370535,0.116476086558469,8.61288260775516,9.6758129307711,0.00268368102623618,0.00260397754564511,6.04210480967751e-07,0.00122030297923035,0.00422565414275306,9.58557898455051e-06,9.1947242556119e-06,7.37935192706727e-12,4.78537933808333e-06,1.48399757846521e-05,-3154.558915809,0.122697206902364,0.0835903006155908,0.97,0.484654943973145
"constant",1600,"pg_apf",190,1476.374,400.738619045591,1160.37565388589,158.887006563787,216.687486628233,12447.3527816985,399.971600664471,13538.3628725442,1014.37124757322,0.271434351353784,0.785963213850887,0.107619753913159,0.146770050561872,8.43102952348015,9.17000900350735,0.002026862696519,0.00196468065909328,3.38903338690673e-07,0.00098622672309482,0.00314169672631693,9.50157136719602e-06,9.21909252477658e-06,5.5147687373976e-12,5.42591741869892e-06,1.43495578886561e-05,-3141.65023803181,0.133480410905477,0.0896238342366615,0.939375,0.46239471685797
"constant",1600,"pg_apf",191,1476.924,481.786942571191,1312.11064586341,101.834880672891,150.512651060313,12716.2270037289,483.313144524769,13411.2559901471,508.063327080212,0.326209705151512,0.888407694548542,0.0689506573614423,0.101909543795289,8.60993998589561,9.08053223466275,0.00267416204206371,0.00256600992797853,7.01660140650585e-07,0.00123600560308005,0.00436150298377472,1.08754719165201e-05,1.03798225412254e-05,1.06892115642229e-11,5.51094545470354e-06,1.73175774874723e-05,-3164.37860925828,0.118635043600028,0.084329265019176,0.973125,0.490104211286457
"constant",1600,"pg_apf",192,1488.383,454.069509414645,1243.59943455586,106.234607516818,215.160387019332,12346.6630880443,455.068089692007,13479.2998016631,1085.78350159433,0.305075716004983,0.835537247170828,0.0713758538741828,0.144559825676141,8.29535347289261,9.05633818826413,0.00224685763566056,0.00217372979482232,4.94600747373903e-07,0.000992529207037113,0.00365407490132364,9.9243535239578e-06,9.55150459529602e-06,6.82746922634307e-12,5.514100219475e-06,1.51465896489838e-05,-3202.62275610558,0.131841011210727,0.0966412130550732,0.959375,0.469893326566161
"constant",1600,"pg_apf",193,1473.905,349.564629504984,924.489264509596,227.385237295135,211.224196598141,12271.4865414118,352.011605194838,13529.9575702279,843.76448493613,0.2371690370173,0.627238027219933,0.154274011754581,0.143309234040281,8.32583276494197,9.17966732606775,0.00208241528309787,0.00199023317503214,4.02971517880695e-07,0.000969613248765751,0.00336086125581224,9.49306620248714e-06,9.12032697761572e-06,5.96552122304072e-12,5.17599067101678e-06,1.42760393848127e-05,-3177.0603970221,0.119837844319264,0.0821976558818125,0.95375,0.461631444012016
"constant",1600,"pg_apf",194,1471.789,455.31467028423,1278.78541670416,170.281537981892,216.759495289731,12509.1420900036,454.920475774141,13841.0248709748,1149.76974683807,0.30936137604251,0.868864638004603,0.115696976932082,0.147276202831881,8.49927679171647,9.4042181800345,0.00239092791988682,0.00228631875359476,5.71932660272284e-07,0.00108732387068781,0.00387485335427796,9.75704276591867e-06,9.38925977465117e-06,6.42405489436038e-12,5.29084216927847e-06,1.48991861949577e-05,-3129.75786017661,0.123093073902487,0.0839310572852013,0.96,0.477337805562659
"constant",1600,"pg_apf",195,1474.107,513.579091038018,1430.37754727548,115.704628227498,174.895324085397,12016.3120170499,514.504130843404,12985.4087419097,953.034238771951,0.348400143977349,0.970334953484027,0.0784913362649373,0.118644931531698,8.15158737937609,8.80900012136822,0.00220807094560739,0.00212000465211819,5.29563752795915e-07,0.000964435539974906,0.00360962599636893,1.02334494338217e-05,9.68581249416136e-06,8.75168181038096e-12,5.25934094383858e-06,1.60036662638839e-05,-3139.94072586659,0.129163963783276,0.0939724025992998,0.95125,0.471652750284989
"constant",1600,"pg_apf",196,1510.547,327.339693269178,877.430795977063,209.018295953781,206.513239146739,12057.8999929257,327.758099506316,13393.0253053539,769.960033397201,0.216702752889634,0.580869576370059,0.138372586853491,0.136714209585494,7.98247256982119,8.86634133552538,0.00182741022651783,0.00174691564792384,2.83317343816999e-07,0.000937860221046467,0.002891944311894,8.9202091023526e-06,8.63115219248934e-06,4.96986851289799e-12,5.00720680935338e-06,1.33389588366357e-05,-3217.8136236614,0.128311911365807,0.0914875450796107,0.954375,0.448658042558431
"constant",1600,"pg_apf",197,1477.551,281.580856730989,604.496428861248,132.626106112108,193.412374298299,11654.177613561,285.870104848585,12514.0118235313,551.237616294276,0.19057268191148,0.409120516896708,0.0897607636637302,0.130900641871786,7.8874960076241,8.46942800859751,0.00172428374511427,0.00161855493438289,2.72929751413788e-07,0.000860896373534931,0.00282539277780512,9.36897182049304e-06,9.09863259756909e-06,6.50223928175346e-12,4.92118672397201e-06,1.44102302911122e-05,-3164.92540364922,0.114443305047474,0.0725991264371434,0.955625,0.447202963679547
"constant",1600,"pg_apf",198,1479.752,419.821005348141,1104.48442343502,108.824584149032,131.418933450171,12132.5611777117,423.025839109407,13058.5867656274,1014.07851718116,0.283710382110071,0.746398331230518,0.0735424477541049,0.0888114585756067,8.19905036635308,8.82484819458086,0.00191105132145238,0.00184845298854838,3.15805580617532e-07,0.000854557894754819,0.00302905795236011,9.47203838552691e-06,9.01505749688746e-06,7.19767118450069e-12,4.87852737487316e-06,1.48846488497127e-05,-3165.27526835766,0.127363493973628,0.0819307556413745,0.960625,0.452995446789547
"constant",1600,"pg_apf",199,1482.414,347.445991890062,792.396950127862,156.87903875657,175.766804978593,11999.8435908673,346.684347974605,12757.6439308235,711.010197118098,0.234378514969544,0.534531480495909,0.105826738520123,0.118567960757651,8.09479915250887,8.60599261125671,0.00188214956796427,0.00181817044851175,2.96023984075374e-07,0.00094061604562277,0.00294464929607055,9.60282636769457e-06,9.22369727976436e-06,7.51440497139787e-12,5.18748250841549e-06,1.49479256569978e-05,-3121.98966199218,0.123627540899092,0.0871814396232512,0.958125,0.455712571647823
"constant",1600,"pg_apf",19,1471.032,384.697189239882,977.287267044941,176.186825947879,165.986842847104,11705.5716611581,383.072790346727,12613.2427213596,861.141497462877,0.261515173864254,0.664354865866236,0.119770899577901,0.112837003441872,7.95738750833301,8.57441763425921,0.00164836512397902,0.00159906764538931,1.95630262327472e-07,0.000840473909986455,0.00253778033766718,9.35344734348182e-06,8.97104736082752e-06,5.74538915373002e-12,5.44852358821331e-06,1.43533652671553e-05,-3159.61779224419,0.125142004836232,0.0870909623438823,0.95125,0.44385235659262
"constant",1600,"pg_apf",1,1470.623,381.300872759476,1036.97129701312,133.594220963335,216.728019846613,11905.5706458712,383.017343320886,13301.9614270084,944.740654865089,0.259278464133552,0.705123812841984,0.0908419227520141,0.147371569631791,8.0955966592874,9.04511994373026,0.00166286339959315,0.00157192683332348,2.67280913815646e-07,0.000827057350452387,0.00272396115007838,8.05222776676551e-06,7.69467194685156e-06,4.46364533363027e-12,4.49944144891635e-06,1.2141806337415e-05,-3222.15921382844,0.1304893672811,0.0855458381242194,0.950625,0.43964899403707
"constant",1600,"pg_apf",200,1468.014,442.966680793134,1248.46844917957,94.9453113044091,208.812437213721,12202.6351249889,442.89512307926,13181.485035236,1121.4530916647,0.301745542476526,0.850447236320338,0.0646760257765996,0.142241448115428,8.31234247424678,8.9791276072544,0.00197587142664768,0.00185040408010761,3.79568884738072e-07,0.0010104783242506,0.00333181799228548,9.54935867155963e-06,9.17401815662197e-06,5.7620236102516e-12,5.39348831085679e-06,1.40955969400367e-05,-3175.11226207332,0.129109543017776,0.0917943077771686,0.955,0.459750818315495
"constant",1600,"pg_apf",20,1467.307,407.896479378185,1132.29482248947,162.299492582204,159.203362479971,12034.7207142695,407.258808934251,13240.1488176103,1020.98060460901,0.277989868090444,0.771682287680402,0.110610453423996,0.108500376867262,8.20191051652416,9.02343464429071,0.00193888410152542,0.00184524284259196,3.64886894051821e-07,0.000894559442272202,0.00316142766109698,9.16829435115424e-06,8.79841615438389e-06,6.01427502041022e-12,4.99128931437119e-06,1.40491158205236e-05,-3144.27513939327,0.118764028795053,0.0777802583123226,0.954375,0.455866678553957
"constant",1600,"pg_apf",21,1475.278,459.418358412455,1234.51782372064,168.720883606396,155.363104305224,12328.7558014079,459.660474286228,13706.3594257822,1089.91124054232,0.311411380372008,0.836803520231873,0.114365484746872,0.105311069713792,8.35690344559321,9.29069600833349,0.00208118857382479,0.00198693246798785,3.84152768377896e-07,0.00101419069946963,0.00338363699044948,9.18997533438056e-06,8.89436098068503e-06,5.44786483831548e-12,5.21921896176874e-06,1.39580360667563e-05,-3220.08681953402,0.128264826739312,0.0918394826596324,0.935,0.461166634917262
"constant",1600,"pg_apf",22,1480.361,496.356763522434,1336.31354045519,77.1504480278329,158.922854162179,12598.0277601198,497.975169542197,13845.3372492656,891.966678814772,0.335294406919956,0.90269437012674,0.0521159690290631,0.107354121165161,8.51010514335341,9.35267630616152,0.00254596848802202,0.00245658075621004,6.38531783850294e-07,0.00114158640090988,0.00409891544378139,1.03102059369928e-05,9.85053241907783e-06,7.56816498018499e-12,5.61698652019135e-06,1.58779935626631e-05,-3182.02909159317,0.129686711980483,0.0935888946241698,0.959375,0.478290353652889
"constant",1600,"pg_apf",23,1472.364,577.817600637704,1767.53133003924,91.2881936877735,223.082215112187,12603.1778788047,525.614869251768,14252.0114486848,1097.42957765307,0.392442086765029,1.20047171082642,0.0620011041344216,0.151512951357265,8.55982479794716,9.67967937866236,0.00266519535666398,0.00251165874107381,7.55802810531533e-07,0.00125936725610571,0.00450838049299186,9.63703885019107e-06,9.31291071238056e-06,6.02173469647463e-12,5.39560575212574e-06,1.47439823337742e-05,-3151.70209533787,0.124292322542729,0.0857053712269777,0.9475,0.4863015022218
"constant",1600,"pg_apf",24,1481.071,439.419874113578,1276.86348769582,128.989511638792,218.893699104886,12228.9425693129,451.063765179298,13969.2511152255,1101.20175910821,0.296690620580362,0.86212172657207,0.0870920513863224,0.147794196972924,8.25682399379429,9.4318578347868,0.00218877510675965,0.00206729154936209,5.13846477352467e-07,0.00100355060266001,0.00370491197026925,9.26830084490582e-06,8.94102273613867e-06,5.91848897876463e-12,5.17700262773752e-06,1.39882621115259e-05,-3187.95664739701,0.126130620325637,0.0859357959732338,0.96625,0.464175375587871
"constant",1600,"pg_apf",25,1480.496,539.113701054948,1444.31564661624,139.791383679151,219.463930578481,12110.7755812739,538.751627714478,13515.0480320783,1266.08049800114,0.364143976785448,0.975562005311897,0.0944219934934989,0.148236760233382,8.18021499637549,9.12872985275087,0.00213942691296725,0.00204474168073887,4.75217972032203e-07,0.000926570856979017,0.00350856853334094,9.24238526898145e-06,8.86897863516351e-06,6.44579985800047e-12,4.91448121760272e-06,1.42420842102166e-05,-3169.24084856206,0.118854716496852,0.0779221036874205,0.95625,0.46720750571128
"constant",1600,"pg_apf",26,1478.453,445.695928672459,1243.54197665157,150.437983469492,216.397235175759,11931.7452540987,445.659820511484,13258.7597124954,1086.8836565354,0.301461005978857,0.841110252846435,0.101753646189288,0.146367341522361,8.07042581272364,8.96799540634395,0.00175389051598896,0.0016567144006551,3.03495874788634e-07,0.000831130392089856,0.0028515931912263,8.53416959918568e-06,8.23780932712144e-06,4.53894661015083e-12,4.87860881448115e-06,1.28844980009769e-05,-3201.76378780054,0.131393166979196,0.0891285333050023,0.955,0.445807501804075
"constant",1600,"pg_apf",27,1486.495,378.198657168601,1103.37992302907,176.861847337984,245.546851595638,12288.3147068752,375.625997912641,13426.0742509201,995.068761680679,0.254423094035702,0.742269515221422,0.118979106783396,0.165185117740482,8.2666370938854,9.03203458533001,0.00204507115117779,0.00192370056616293,4.30170119338449e-07,0.000957995160466295,0.00332800597792381,9.13792804822348e-06,8.76380072872074e-06,5.56730074750431e-12,5.05148183887038e-06,1.38094206699648e-05,-3221.9518140493,0.123690391093686,0.0845875187862841,0.963125,0.4600228238094
"constant",1600,"pg_apf",28,1473.944,337.598271151693,1075.20961691095,122.104720472395,242.487538209369,12536.3164032941,340.292789381291,14209.5376853725,930.839999461395,0.229044163924608,0.729477929223195,0.0828421707150308,0.164516113372943,8.50528677025321,9.64048680640007,0.00232940880668376,0.0022007171327292,5.23590910941939e-07,0.00111839331247747,0.0037121633505595,9.31278815080878e-06,8.95458816255721e-06,5.41695986189664e-12,5.29667297550903e-06,1.3973008629063e-05,-3184.02295217951,0.135963896361438,0.099477728829696,0.96125,0.47113388395059
"constant",1600,"pg_apf",29,1467.367,201.74879597014,482.943517642644,156.29473582527,253.774699889645,12214.5434440697,201.546347755914,13388.1772719479,426.516734996228,0.137490345612338,0.329122515119015,0.106513732300965,0.172945622935261,8.32412303402607,9.12394600120343,0.00184140360842763,0.00175059242585542,2.87681536558583e-07,0.000880687049450648,0.00287301899547007,8.79728949287352e-06,8.54660412571453e-06,4.76680801390508e-12,5.04880800556322e-06,1.30882999675959e-05,-3179.27263910007,0.117939417219964,0.0754768736249314,0.959375,0.447596956502377
"constant",1600,"pg_apf",2,1482.682,460.606039699411,1196.57922900599,137.586499498515,180.190660790606,12858.4997151436,462.023979313577,13942.9689965373,845.016196976596,0.310657335625178,0.807036997148403,0.0927956901739654,0.121530214024724,8.67245958010121,9.40388363555863,0.00242419795298688,0.00231453244406069,5.23713125022928e-07,0.00114320963774941,0.00387953824511673,9.37423468979956e-06,8.94386423501945e-06,6.10873507605742e-12,5.26070893438558e-06,1.44531504361299e-05,-3184.09108755838,0.130846246873801,0.0988995147795662,0.965,0.475321510508678
"constant",1600,"pg_apf",30,1471.41,474.899627375142,1451.42364481404,122.576967004804,158.278577758227,12771.3176296183,470.980033636495,14324.6045399637,1316.80737548991,0.322751393136612,0.986416868727302,0.0833057862898882,0.107569323137825,8.67964580206625,9.73529100656087,0.00234372157138742,0.00223402209926015,5.53765031843981e-07,0.00108955052079965,0.00394420062092001,9.0442743842622e-06,8.70259520624267e-06,5.59263789716582e-12,5.01631664582136e-06,1.38553504359414e-05,-3179.75482765175,0.130470994667369,0.0925511169166388,0.96375,0.468559932649569
"constant",1600,"pg_apf",31,1470.51,529.209065589746,1475.14270119865,81.9607455155537,163.104912829344,12416.1577767159,527.681189463733,13548.6913043586,881.306691709623,0.359881310286734,1.0031504044166,0.0557362721202533,0.110917241521203,8.44343647898749,9.21360025049715,0.00225723744889552,0.00216206454873541,4.87173133387701e-07,0.0010077602817241,0.00362408862825564,9.4681912008133e-06,9.00002902178917e-06,7.56014863992375e-12,4.83697241537901e-06,1.47120188742453e-05,-3178.72565634556,0.128106124352708,0.092722756648953,0.926875,0.471280965090676
"constant",1600,"pg_apf",32,1477.218,591.730392947117,1660.76329808152,109.608144350941,190.07834506775,12567.183526914,606.354920695113,14268.7055368608,1461.91454653049,0.400570797910069,1.12425065094083,0.07419903111859,0.128673185046317,8.50733170521479,9.65917389096315,0.00261393565676992,0.00249661170082276,6.82213524856405e-07,0.00117965200149532,0.0042216783122855,9.39862521117109e-06,8.93213396921599e-06,6.55386713772516e-12,5.03740899874834e-06,1.440657683571e-05,-3179.4145146747,0.132614028146824,0.10043116184044,0.94375,0.480192648721988
"constant",1600,"pg_apf",33,1467.748,285.925990254923,735.897510890927,160.042290688527,186.121334126813,11552.591788927,285.364726148572,12660.6217783848,605.230737971241,0.194805913722876,0.50137865007544,0.109039351910905,0.126807417981024,7.8709640816591,8.62588249371476,0.00164868649711303,0.00157459161269757,2.56989869674332e-07,0.000784529748573188,0.0026661908304077,9.13839671572691e-06,8.73363230687697e-06,5.8602574133646e-12,5.14880614006358e-06,1.41188141313455e-05,-3157.66903390651,0.126977194193545,0.0888504380644171,0.945625,0.445560488263895
"constant",1600,"pg_apf",34,1485.158,501.139518476807,1523.05466546555,169.036489436968,136.535903955816,12462.9014288699,500.878929715267,14024.0837877833,889.606834334851,0.337431787376701,1.02551692511204,0.113817175975195,0.0919335881810661,8.39163336754061,9.44282277561265,0.00220333603514029,0.00211696037274558,4.31140345509826e-07,0.00105422803938499,0.00353793402661015,9.21918189381386e-06,8.8814871589386e-06,5.99356590811902e-12,5.15921968328276e-06,1.41368676014776e-05,-3201.77737514159,0.115252360191567,0.0788305268495132,0.960625,0.467040802084577
"constant",1600,"pg_apf",35,1476.027,311.683037364726,874.922187992858,134.921813842147,179.54281815043,12358.0538173341,309.649870734887,14307.0552252528,784.964887111104,0.211163506741222,0.592754866945427,0.0914087708708222,0.121639250603431,8.37251203218781,9.69294953632477,0.00247503708376194,0.00237711178856233,6.92960995405525e-07,0.00109204366977509,0.004081638421328,9.66955654368689e-06,9.28161798681792e-06,6.56958000655916e-12,5.26047317065536e-06,1.48195492288849e-05,-3186.20173922808,0.12360695836034,0.08409160152224,0.955,0.476209267741968
"constant",1600,"pg_apf",36,1468.635,598.605008242458,1654.68790609174,125.629345173391,169.612347043854,12363.9735977287,602.796848990196,13343.5375227066,836.57914917744,0.407592770322414,1.12668423814749,0.0855415710325514,0.115489789528272,8.41868374220192,9.0856731064605,0.00215136876108441,0.00205030140312431,4.55445664998253e-07,0.000977641989924544,0.00346956630322435,9.93405394161081e-06,9.49900027249809e-06,7.01807291094768e-12,5.25604353828165e-06,1.51066964364509e-05,-3185.54246713017,0.132972606996714,0.093781935039581,0.95125,0.465681676872069
"constant",1600,"pg_apf",37,1466.954,308.1750906176,855.838392074516,64.5452442596355,217.062051827295,11593.705745586,308.714750507265,12779.3425693013,765.541590692951,0.210078223732714,0.583411880723265,0.0439995011838377,0.147967865268642,7.9032510532614,8.71148145701996,0.00180880303070803,0.00173480481011756,3.07292810058302e-07,0.000822281942406169,0.00288512890393128,9.8226172362601e-06,9.41591720716111e-06,6.38388657939737e-12,5.43510156129413e-06,1.48649521830385e-05,-3121.09675562069,0.127178332575214,0.0905271669097461,0.949375,0.452445465047214
"constant",1600,"pg_apf",38,1466.887,393.389224806668,1163.96763715565,129.304878969384,161.478302400818,11837.6778561457,392.46356125477,13257.5433591191,1017.17777010915,0.268179638108912,0.793495093456859,0.0881491750689614,0.110082305181529,8.06993166900087,9.03787637297154,0.00181328215526092,0.00171756264679291,3.39485849935163e-07,0.000837852191332441,0.00299343935185625,8.73302306162468e-06,8.44023781875433e-06,5.12736769239428e-12,4.65756122127977e-06,1.32214618792229e-05,-3149.99734968273,0.123969225998403,0.0842539488216051,0.944375,0.451938559805428
"constant",1600,"pg_apf",39,1474.404,425.668845695076,1022.08455137914,136.1753224374,244.174012870251,12193.3237583069,427.66540167613,13653.544683077,928.804255667178,0.288705704606794,0.693218786288653,0.0923595720286976,0.165608620751335,8.27000181653532,9.26038228536887,0.00192602058919706,0.00182664552350178,3.74587684270781e-07,0.000872710879225755,0.00310281144998247,8.84931748274075e-06,8.49207837580744e-06,5.33634141685105e-12,4.98770840964668e-06,1.3586337093955e-05,-3212.64028054609,0.115962733115277,0.0746589853931669,0.956875,0.451319856995651
"constant",1600,"pg_apf",3,1519.586,475.086441179952,1259.84145438637,149.750062034967,234.359521238038,12562.8432146477,473.693289186235,13874.6258373989,1149.06165984027,0.312642023011499,0.829068874276526,0.0985466186415031,0.154225901816704,8.26728017673739,9.13053018216732,0.00227330301384102,0.00216104678456284,5.06100571913059e-07,0.00102758327432862,0.00365589230121662,9.55427907212304e-06,9.16237951548921e-06,6.13033855230011e-12,5.44898403599674e-06,1.46490842537796e-05,-3158.97938088542,0.120367697762829,0.0851977044756363,0.9625,0.468564698194647
"constant",1600,"pg_apf",40,1482.819,210.51258472886,667.335730001525,119.222035168152,189.550524989948,12208.6367292031,211.327209118798,13542.685318934,582.174539957054,0.141967822592549,0.450045305598003,0.0804022845459572,0.127831195169436,8.23339647603859,9.13306702903994,0.00212817578134864,0.0020282309924674,4.42949460587724e-07,0.00097796107329195,0.0034204277952428,9.30862339077321e-06,9.0189003960505e-06,5.76695860684424e-12,5.0207877346596e-06,1.41189479741405e-05,-3172.5149307072,0.114952618241053,0.0816100924363348,0.96625,0.462929050821838
"constant",1600,"pg_apf",41,1481.738,501.16397347464,1348.11023619324,154.367373614892,196.583586322822,12440.4252593904,502.661135950998,13343.7366361716,1192.02350417979,0.338227118069888,0.909816874638596,0.104179938433712,0.132670948793121,8.39583331155062,9.00546293350888,0.00228823309008597,0.00219950661801092,4.66824866756845e-07,0.000984015736825328,0.00356556326289786,9.81127936570549e-06,9.47931190812557e-06,6.65310818405556e-12,5.20763708092152e-06,1.48081846612145e-05,-3111.25992731805,0.139806631909854,0.106793637941813,0.94125,0.47220254871828
"constant",1600,"pg_apf",42,1480.503,487.689507465358,1308.77755139944,125.5577509747,242.771249287183,12553.0050541302,487.469967808596,13945.3554248837,1200.74487908251,0.329407983276872,0.88400871284924,0.0848074951382738,0.163978897230997,8.47887849881441,9.41933614783876,0.00223078323225332,0.00211184157698286,4.98180023574139e-07,0.00111221487555593,0.00361224999013575,9.41847305696551e-06,9.05928889577881e-06,5.61693813870369e-12,5.53200544120749e-06,1.41716156630664e-05,-3126.52680723659,0.119192767748933,0.0822867676482302,0.96625,0.4697220147552
"constant",1600,"pg_apf",43,1468.869,343.403617960382,878.63130619982,112.895134209644,223.112520310886,11960.3933049393,343.772203573146,13092.242135843,792.575184203225,0.233787776827193,0.598168595157104,0.0768585450504056,0.15189409015432,8.14258678271469,8.91314483173316,0.00176225390734411,0.00168034247626595,2.84880459221914e-07,0.000877657108343923,0.00278409124207127,8.99198696347663e-06,8.70399193586133e-06,4.87508907574051e-12,5.11397287102242e-06,1.33946011469554e-05,-3132.28213284736,0.130330868308936,0.0868686301133323,0.941875,0.449630790466861
"constant",1600,"pg_apf",44,1481.939,327.592997033498,888.371577866972,242.721241684644,206.110815872886,12117.4766546813,329.108944952135,13604.1159075867,785.390121176342,0.221057005068021,0.599465685070014,0.163786256846364,0.139081848762254,8.17677155043578,9.17994324164939,0.00181304744109327,0.00175208041958943,2.22273305169387e-07,0.000967028650321128,0.00275690504629232,8.90575828117312e-06,8.61063155668922e-06,4.95107212786478e-12,4.99405698281923e-06,1.31448949342436e-05,-3161.21785673568,0.123402323423948,0.0842924502095801,0.95125,0.450075604954589
"constant",1600,"pg_apf",45,1470.351,217.187420594187,575.712643139535,119.959094392439,225.553885928321,11952.753829716,218.413262349755,13173.2495590091,511.607297012799,0.147711274786896,0.391547761819821,0.0815853455348004,0.153401389143355,8.12918400417047,8.95925500714397,0.00177749649759479,0.00170099151764587,2.67023028957841e-07,0.000913130803817394,0.00282499647465154,8.93595864082795e-06,8.62589126473578e-06,4.60613194456907e-12,5.33712759891391e-06,1.34269534577999e-05,-3175.29479886839,0.130771750532332,0.0931577697944629,0.949375,0.447233354211007
"constant",1600,"pg_apf",46,1488.851,350.87864626171,1038.41360205072,154.642843614449,231.68232596008,12496.7967098738,351.98709620223,14240.0418671996,943.85113484687,0.235670759707795,0.697459720315009,0.103867239646176,0.155611492325344,8.39358452247662,9.56445061809384,0.00205189063276454,0.00194393377720199,3.954995799747e-07,0.00106826563185588,0.00335573817574131,8.49013739666679e-06,8.20671034180047e-06,4.26671811517335e-12,4.97836127231625e-06,1.24261610945833e-05,-3203.21145096429,0.128451596155298,0.0888519041358492,0.933125,0.455829319704054
"constant",1600,"pg_apf",47,1474.384,523.072031148736,1491.46139742493,143.376330595358,215.767474850492,12761.4439303275,134.936110662604,14400.7611740793,1331.85354193085,0.354773268801571,1.01158273382302,0.0972449040381324,0.146344151083091,8.65544114038643,9.76730700691221,0.00269297733984076,0.00260559001411856,7.18090308371725e-07,0.00121659413105934,0.00434137898226852,9.39137783309209e-06,8.97178844630999e-06,7.04008534540041e-12,5.12114411623534e-06,1.49530949380925e-05,-3158.0979671342,0.123873651345204,0.093988462088131,0.970625,0.485773560007678
"constant",1600,"pg_apf",48,1485.19,843.21184213935,2584.95846028812,145.455139198674,200.270851668353,13348.4522261592,842.960162693709,15673.3576829753,1158.76098115995,0.567746781313738,1.74049007890447,0.0979370580186196,0.134845273445386,8.98770677567126,10.5530993899604,0.00362768054017123,0.00350130636256544,1.30482882389346e-06,0.0015470950936746,0.00584276588669372,9.6362999567435e-06,9.34266395657472e-06,5.52563455427526e-12,5.41692531035659e-06,1.42112545193063e-05,-3182.36466253461,0.117202493696357,0.0822804678806254,0.975,0.514419299570403
"constant",1600,"pg_apf",49,1479.854,333.218652383104,896.491594218063,152.249089571915,266.19861260798,12052.9106286428,332.052735507985,13453.2566577413,777.739484927412,0.225169950808055,0.605797324748295,0.102881155554477,0.179881672521735,8.14466199276606,9.09093509071926,0.0018743378049928,0.00178256935188825,3.1921461036138e-07,0.000933388211819097,0.0030386808908597,8.97143996265628e-06,8.6321687360225e-06,4.63419529355152e-12,5.22989152746318e-06,1.33664155425324e-05,-3150.44048733429,0.125396302386444,0.0884553842914368,0.964375,0.454910584860216
"constant",1600,"pg_apf",4,1466.92,321.436382907431,799.467459546939,121.884357546205,114.714555070852,11805.8534445172,322.251374382116,12549.3212731198,708.669572078208,0.219123321590428,0.54499731379144,0.0830886193836102,0.0782009619276119,8.04805541169058,8.55487775278802,0.00179160195613217,0.00171027392129008,3.13972690879972e-07,0.00084048688633863,0.00282447184423785,9.63483937453077e-06,9.15448153376206e-06,7.2541978048405e-12,5.40986357576861e-06,1.49290202629444e-05,-3180.05683927853,0.124208201762684,0.0866346670648635,0.93375,0.451605695555938
"constant",1600,"pg_apf",50,1468.579,490.69168010671,1281.5034247434,97.7024187368282,181.697942209046,12180.848642386,492.103387626814,13275.5416262219,1186.3650236039,0.334126853309703,0.872614564652907,0.0665285413565278,0.123723641839524,8.2943094259049,9.03971909323357,0.0019838092352897,0.00191239205593659,3.73310914797493e-07,0.000808085770919917,0.00312319600754978,9.1259370846385e-06,8.78542584764132e-06,6.1890897539568e-12,4.96492032032564e-06,1.41146361791423e-05,-3157.43504590879,0.130840725151927,0.0921370303711517,0.938125,0.454585317395029
"constant",1600,"pg_apf",51,1470.404,505.970961898341,1591.43526491731,143.64390875517,117.853548638615,12558.3887424927,501.565529899105,13578.2375882314,1057.53241125989,0.344103363360234,1.08231157213753,0.0976900965688137,0.080150454323176,8.54077433310352,9.23435844042274,0.00225166380482824,0.0021748630139269,4.62783660513852e-07,0.00105263644336094,0.00350391615417325,9.36896506174877e-06,9.01404069881197e-06,6.52841955219027e-12,5.11908434325041e-06,1.45987317509302e-05,-3172.71411411383,0.117398819603414,0.0837376579377343,0.966875,0.46773929112389
"constant",1600,"pg_apf",52,1474.822,516.962320141685,1460.55197584276,163.071339988268,202.712920172709,12098.700909414,518.49393717838,13388.4098684171,1268.61617482203,0.35052522958139,0.990324239699952,0.110570184054935,0.137449075327537,8.20349907271115,9.07798355897669,0.00200106213777293,0.00191030848810432,3.87036482049506e-07,0.000996314709533776,0.00320757649269486,9.30834751534336e-06,8.96702973291557e-06,5.82932257058094e-12,5.15819132765926e-06,1.38044869035743e-05,-3132.54405287586,0.138264722625437,0.100771836653348,0.93125,0.463153467380831
"constant",1600,"pg_apf",53,1488.879,570.250425296737,1709.62753043434,134.203193620266,206.338241560806,12931.7054115899,568.467964382373,14357.680631831,1324.82850456697,0.383006560839892,1.14826492309606,0.0901370719986422,0.138586306584219,8.68553147138884,9.64328238347847,0.00266695651389215,0.00259963151406728,6.28904179139115e-07,0.00121300276090471,0.00418361541204298,9.7796211575504e-06,9.53334240028311e-06,5.70844786619663e-12,5.35700694775144e-06,1.43845397589681e-05,-3181.82241224317,0.123042653877201,0.0868297462872277,0.96375,0.485743176346899
"constant",1600,"pg_apf",54,1522.392,448.999870530446,1246.50002947815,97.6308324347743,164.806444137781,12717.8919577299,446.334362072451,13931.1456072733,1099.55524780809,0.294930524155701,0.818777311939469,0.0641298906160662,0.108254933116951,8.3538878013875,9.15082686146098,0.00227660943303262,0.0022008048129975,4.45543477753032e-07,0.00110804271565947,0.00361094194786174,9.60501989442278e-06,9.24578528230075e-06,6.64670013808434e-12,5.30425741284519e-06,1.47947453085899e-05,-3170.03007062947,0.113689170812016,0.07475183160442,0.969375,0.468951348854624
"constant",1600,"pg_apf",55,1482.34,333.903116726814,937.689076509941,158.937859101327,209.561016913868,11856.6129062437,339.331733369223,13202.8559606011,803.002437047673,0.22525406905758,0.632573550271828,0.107220920370041,0.141371761481083,7.99857853545319,8.90676630233355,0.00177235238013216,0.00169813067671073,2.82816740489368e-07,0.000833868332650803,0.00281106347491752,9.07188252582872e-06,8.84215919106266e-06,4.53592120509594e-12,5.12819519267619e-06,1.32717837790787e-05,-3179.40440039203,0.120018471112194,0.0774023534404809,0.951875,0.45049657800903
"constant",1600,"pg_apf",56,1470.418,417.021760799684,1153.87913205088,199.635287414026,205.986972073965,12644.8697616128,413.979664397717,13893.7415480848,994.376396330998,0.283607627762775,0.784728649983122,0.135767711911868,0.140087357522803,8.59950691681742,9.44883805019036,0.00224344738368521,0.00215033542233611,3.62399513183286e-07,0.00117783854279278,0.0034519032782456,9.63197880496414e-06,9.36451466678419e-06,5.79775779514718e-12,5.45802358491955e-06,1.448830684151e-05,-3145.86070474656,0.126657416515766,0.0881407986130845,0.96,0.471983147083687
"constant",1600,"pg_apf",57,1480.142,388.44277214118,1221.17904390101,129.055989030929,222.64664332721,12312.6585803907,391.509722813189,13570.7216879638,947.147067295959,0.262436152842889,0.825041816191291,0.0871916269053439,0.15042248873906,8.31856577300738,9.16852686293866,0.0020777611468292,0.00199316703563235,3.99585300019913e-07,0.000990611343916085,0.0033575729411085,9.42338071264576e-06,9.02851504294073e-06,6.53274803844313e-12,5.31771190676087e-06,1.48116297805926e-05,-3184.18784925489,0.113709321376768,0.080801769131283,0.96875,0.460978928587436
"constant",1600,"pg_apf",58,1483.227,532.644212700667,1521.39918820739,108.000950044249,218.518404549209,12661.4457407507,535.62659136421,14360.9190765667,1376.20613939633,0.359111729155865,1.02573590435408,0.0728148490043996,0.147326339494365,8.53641805384524,9.68221255179867,0.00256149336001728,0.002531535166038,5.98712585239653e-07,0.0011118417529098,0.00393196000516013,9.08231809254443e-06,8.76101586544578e-06,5.80264412358975e-12,4.91023651186257e-06,1.37835377406157e-05,-3179.44189384845,0.12643673031469,0.0910199924585515,0.963125,0.482221955514528
"constant",1600,"pg_apf",59,1480.049,573.556010044361,1552.648214469,144.887906774669,225.201728857601,12849.9813884265,578.01214292199,14437.1922832608,1363.8306750651,0.387525014404497,1.04905189927428,0.0978939932222982,0.152158292635988,8.68213240806655,9.75453669659639,0.00235985979965575,0.00229670568755286,4.58603498998881e-07,0.00107751126385605,0.00365439682958171,8.95779772667562e-06,8.68782770088615e-06,5.48655638528094e-12,4.77246981790547e-06,1.33946211939622e-05,-3193.25285127069,0.116446137916221,0.0804739315708041,0.969375,0.4704216766893
"constant",1600,"pg_apf",5,1468.557,379.035412954617,1036.96660375327,127.582663786112,208.270436456809,12007.5355479824,379.080799581782,13522.8710548296,952.960474916089,0.258100579653781,0.706112601521948,0.0868762082684652,0.141819783949012,8.17641776790574,9.20827114972696,0.00203610028173354,0.00195315177487348,4.1869604398134e-07,0.000899639220271535,0.0033333604440256,9.13487122384931e-06,8.67389432561601e-06,7.04150590804277e-12,5.04307521097175e-06,1.42275011266759e-05,-3175.63938211989,0.139595323554283,0.0967947186240309,0.9525,0.459343345334056
"constant",1600,"pg_apf",60,1480.52,364.821619705401,1107.04022274501,109.387460415501,209.147153460533,11963.862988666,367.804680989244,12819.8347251612,740.569712544817,0.246414516322239,0.747737431946214,0.0738844868124041,0.141266010226497,8.08085199029124,8.65900813576392,0.00180594949372764,0.0017274446118403,3.15402586241648e-07,0.000837342773718728,0.00292487443379134,9.43605521809069e-06,9.00117403751928e-06,6.45046399972428e-12,5.44952065010819e-06,1.48182011650383e-05,-3176.60316178946,0.117848969417603,0.0828631092678904,0.9575,0.451360229310655
"constant",1600,"pg_apf",61,1467.657,291.88409896601,757.135456047777,102.476584613319,162.533283201063,12004.0688050563,291.844468716662,12999.0450612314,638.94891564519,0.198877598080485,0.515880383528152,0.0698232520359449,0.110743370692923,8.17906963619995,8.8570047778407,0.00197828402823496,0.00190656166173032,3.83180404823834e-07,0.000912567644384784,0.00322005458578668,9.91422891398916e-06,9.58416713971161e-06,6.17416355288362e-12,5.60807121788558e-06,1.49791962927677e-05,-3153.220454127,0.129749781322211,0.092738968216606,0.945625,0.456842333466152
"constant",1600,"pg_apf",62,1496.95,567.2354500195,1581.82334027445,147.158832577001,184.67685846909,12429.6270679417,570.955750430361,13762.5094928434,1137.37643724925,0.37892745249975,1.05669751179027,0.0983057767974889,0.123368755448806,8.30330142485833,9.19370018560631,0.00253746493743488,0.00241429353947993,6.85288444513147e-07,0.00116223283013999,0.00420150257172009,1.0056099208374e-05,9.62319895592736e-06,7.53123763403449e-12,5.35919013383569e-06,1.57562164605505e-05,-3204.63547928768,0.135051659264326,0.0988338757674568,0.965625,0.47903642222333
"constant",1600,"pg_apf",63,1491.598,373.053680984645,1032.02926536834,119.711284927812,225.631928742514,11925.5228513442,372.570307949186,13044.773171365,925.23890390792,0.250103366312267,0.691895045024424,0.0802570698859959,0.151268591632942,7.99513196675258,8.74550191899225,0.00196101423556128,0.00186821726800381,3.5703786046133e-07,0.00100235048982464,0.00318702886759399,9.77004596692221e-06,9.48347546901058e-06,5.47667927809279e-12,5.55880120854326e-06,1.43838602727478e-05,-3145.96538710273,0.127260694328104,0.0912825278849868,0.950625,0.455970634273691
"constant",1600,"pg_apf",64,1477.257,466.572823231243,1155.51271124773,167.223169160011,179.720019057842,12073.5887107017,467.892844168336,13249.3465497233,1074.31709848319,0.315837273562584,0.78220154735955,0.113198427328495,0.121657923474278,8.17297783033128,8.96888391777684,0.00184757904012127,0.00180946158654799,2.55776028042875e-07,0.000897618218941497,0.00280893526642789,9.28194128662689e-06,8.90291474186364e-06,6.43646977954965e-12,4.95026177135496e-06,1.41650207458512e-05,-3139.82618101202,0.124471278158623,0.0836800005463871,0.955,0.45189880869516
"constant",1600,"pg_apf",65,1482.905,385.309271905139,1112.05091417817,132.528495211613,123.225511666902,12094.7882991425,385.823595895452,12952.7229952466,1006.67273230648,0.259834090454303,0.749913793653786,0.0893708600426955,0.083097374185738,8.15614506603089,8.73469507166444,0.00194485046390937,0.00184688425942336,3.85616459627714e-07,0.000936622024780687,0.00320974110982047,9.519725361189e-06,9.26124602109385e-06,5.44077966212932e-12,5.26830444922489e-06,1.41326896165033e-05,-3181.32778939584,0.135347033292498,0.0927595595536013,0.9475,0.457027609452556
"constant",1600,"pg_apf",66,1467.298,426.869329429015,1147.59248433295,152.988625245977,202.369108641387,11880.9029249894,423.91045220844,13378.7158320998,1048.44233203086,0.290922041350165,0.782112757144734,0.104265544726414,0.137919569604393,8.09713018418167,9.11792685064643,0.00186637177672492,0.00176251375600792,3.72302789131086e-07,0.000835300363680875,0.00309868428735042,9.01512153284151e-06,8.72021283960959e-06,4.68247567214296e-12,5.15377720343418e-06,1.33381091883591e-05,-3177.45820915044,0.114629828338299,0.0751003213493525,0.9575,0.452019771232086
"constant",1600,"pg_apf",67,1492.511,510.333721356349,1473.87746411591,108.705887070442,230.507867956023,12725.8797284253,505.376323525782,14225.322518461,929.340795282158,0.341929621527982,0.987515310852591,0.0728342284046428,0.154442994360526,8.52648974005904,9.53113412126343,0.00278644490641845,0.00268801463401178,8.74180336658692e-07,0.00114162332358726,0.0046639547203257,9.7763829822376e-06,9.32028727987401e-06,6.62837137289613e-12,5.44336677607785e-06,1.48905937025209e-05,-3154.85392982898,0.123762299498585,0.0890674958772546,0.966875,0.489784843142759
"constant",1600,"pg_apf",68,1484.431,495.937304382115,1531.61649540387,133.37608205272,165.352024410946,13207.0663645777,497.635151178605,14534.2254952547,715.949946771305,0.334092527293027,1.03178692401592,0.0898499708324063,0.111390845657997,8.89705642402891,9.79110884591783,0.00308148837277022,0.00295323534337203,8.02600619923904e-07,0.00143713708207779,0.00489217567464175,1.02183327154875e-05,9.59338927178428e-06,8.87223794654222e-12,5.35545192834388e-06,1.65204585796837e-05,-3140.04773958083,0.134641984886143,0.0992324489579968,0.969375,0.502745849563747
"constant",1600,"pg_apf",69,1472.13,297.394957732387,815.522027355014,123.759541023854,208.042676240851,11581.8792896851,295.540276628435,13020.3485408858,694.049756523506,0.202016776869154,0.553974192058456,0.0840683506374127,0.141320859055145,7.86742970368455,8.84456436652051,0.00157348323506573,0.00151826881959028,2.19710283796788e-07,0.000745351608402125,0.00248939872279974,8.25840627051035e-06,7.91292444839986e-06,4.57215601400162e-12,4.54996724487982e-06,1.2581894602972e-05,-3184.80073903373,0.129670610541582,0.0875588761057125,0.935625,0.436458268941938
"constant",1600,"pg_apf",6,1483.349,522.023982300691,1494.30509936746,159.217003812334,170.066642296885,12568.6829330696,522.949253813616,14326.7446008405,1329.02768331182,0.351922563267775,1.007386056395,0.107336172277956,0.114650458049242,8.4731799010682,9.65837749635489,0.00246099243520403,0.00234921200145477,5.87094616334521e-07,0.00113430254523721,0.00400319240660363,9.67503313790731e-06,9.35366186061655e-06,5.84988740058809e-12,5.40318446134005e-06,1.43236706700801e-05,-3152.07965050872,0.106844169338362,0.0727686751839611,0.969375,0.47612052593075
"constant",1600,"pg_apf",70,1498.31,239.272207327051,583.374304624571,134.722160887066,183.771974263194,12331.1892237386,241.404508791879,13551.2949215884,527.270210036897,0.159694727611143,0.389354876243615,0.0899160793741389,0.122652838373363,8.23006535612698,9.04438662332122,0.00215285413773403,0.002048438992433,4.70107307900504e-07,0.00100048989027951,0.00353456690846724,9.02488363064327e-06,8.62323245975094e-06,6.15202586412413e-12,4.74300633393047e-06,1.4055694927894e-05,-3159.86978731729,0.131543802500554,0.0982364385626321,0.95,0.465313974407793
"constant",1600,"pg_apf",71,1482.35,450.630662650276,1266.47364983415,94.3744071641375,154.47243939314,12415.7987447081,448.075087308526,14103.9443301622,1133.05319339434,0.303997478767009,0.854368839905654,0.0636654009944598,0.104207804764826,8.37575386697346,9.51458449769769,0.00243801338407444,0.00234365540111402,5.48481845046524e-07,0.00119312386733826,0.00393139632212181,9.24729707616059e-06,8.8818147377324e-06,6.36580300276349e-12,5.09255218585095e-06,1.42450626461408e-05,-3170.47881672293,0.140101904012035,0.100369344834892,0.965,0.478696033231455
"constant",1600,"pg_apf",72,1480.253,536.406424122479,1360.08416540752,146.86951520957,207.575216508505,12265.5753737577,535.522332111734,13728.0559276931,1260.55844377253,0.362374826548218,0.918818719102423,0.0992191978057603,0.140229552994323,8.28613444712333,9.27412809005833,0.00232263343110258,0.00225317225087855,5.07308582688473e-07,0.000991995696248966,0.0036925784460311,9.60468197257675e-06,9.23287568400362e-06,6.4649178161781e-12,5.17764652497795e-06,1.50837390879784e-05,-3148.78611107883,0.129792564763806,0.0974323929783447,0.9475,0.475067513116371
"constant",1600,"pg_apf",73,1466.857,229.10160098413,688.64591164692,106.602641753584,170.835636045275,11636.7020220656,229.631581714172,12734.7298777526,565.368417749593,0.156185368433413,0.469470378944178,0.0726741882498318,0.116463728942409,7.93308551690152,8.68164373061082,0.00177151268368596,0.00170340987546615,3.22906301902026e-07,0.000769470669613561,0.00287683716737655,9.12502422691979e-06,8.83080915533234e-06,5.59719986452132e-12,5.11071310972772e-06,1.38529946724001e-05,-3125.35904215065,0.11950204693992,0.0787170813589671,0.953125,0.449827130366658
"constant",1600,"pg_apf",74,1472.618,402.261121015624,1064.12665244716,170.80820247716,236.751223316022,12316.2029695154,402.249938311318,13922.007888795,989.079343342429,0.273160535193529,0.722608750162745,0.115989484358578,0.160768932143992,8.36347441734065,9.45391669040784,0.00203694344381823,0.00194692012499998,3.93425363172771e-07,0.000940919811319833,0.00328605289189898,8.59999207119405e-06,8.27298666774051e-06,4.61290632263953e-12,4.97788622780146e-06,1.30655553988406e-05,-3139.72807092939,0.12913984992724,0.0939017938743435,0.964375,0.460285633432778
"constant",1600,"pg_apf",75,1481.825,389.250981890377,1273.11687028985,165.427469698899,159.191561284982,12118.5791767234,386.237962319315,13286.5427717883,1144.01642869304,0.262683503038737,0.859154670956319,0.111637656065257,0.107429393676704,8.17814463700058,8.96633730149528,0.0018846710132964,0.00180462607885317,3.28721220642414e-07,0.000875050217288596,0.00304488463982528,9.03359057913573e-06,8.70222687637289e-06,5.94365690232999e-12,4.70969223624775e-06,1.39836955080616e-05,-3191.24546164737,0.123568263653062,0.0828871138286032,0.963125,0.452735766356123
"constant",1600,"pg_apf",76,1479.01,386.526549104684,1202.45995361552,120.021857009524,193.616527875398,12605.1930706106,384.155626000586,13965.5677624733,1085.21503757564,0.261341403441954,0.813016783940284,0.0811501321894535,0.130909546166285,8.52272335590063,9.44251070815834,0.00221567265002009,0.00214410562904526,4.48666109727504e-07,0.00107178953311336,0.00361048327012652,9.03066910125762e-06,8.79585270746748e-06,4.93791173822861e-12,4.87359698493136e-06,1.34494926509454e-05,-3198.28687627038,0.119958638436888,0.0796767744660209,0.945625,0.466653729892947
"constant",1600,"pg_apf",77,1467.373,359.253805355505,992.726045128644,145.709234444893,174.738622880099,11883.3125344121,357.299165224947,13128.8945480045,855.257729260097,0.244827869502509,0.676532855060468,0.0992993836229051,0.119082621037799,8.09835845038183,8.94721011495,0.00181829744423752,0.00174498409997106,3.36822121388786e-07,0.000777754589561218,0.002926470084054,8.99255252571371e-06,8.69905495005687e-06,5.47775975446352e-12,4.79572957765218e-06,1.3425387809509e-05,-3167.68166716813,0.129100483283766,0.0910807020764299,0.9275,0.44934309828386
"constant",1600,"pg_apf",78,1468.716,329.044539376141,883.607869484027,160.712946148995,249.788659374009,12009.3132923482,329.148098351909,13400.163587524,780.645781929496,0.224035510865369,0.601619284792994,0.109424113408579,0.170072811472068,8.17674301386257,9.12372683862915,0.00200112644648929,0.00189245244143041,4.09457825653424e-07,0.000983280133488677,0.00324132838823018,9.29463991573512e-06,8.99065753019209e-06,5.32632204947416e-12,5.07260933152575e-06,1.40099507147538e-05,-3165.26064242193,0.132990939758442,0.096017372048279,0.938125,0.459624219728525
"constant",1600,"pg_apf",79,1471.753,347.05725321542,1047.69590143885,118.896972679288,210.912420597157,12325.764625551,348.095792911864,13430.2753177569,899.196353350668,0.235812159523656,0.711869383951556,0.0807859557135525,0.143306941176378,8.37488670011272,9.12535956628383,0.0021268335878766,0.0020538841119194,4.16751438539738e-07,0.000985226517955013,0.00336585243119174,9.77070941815947e-06,9.32505489933048e-06,7.41562059937943e-12,5.05080202000951e-06,1.53145334639812e-05,-3200.49784859232,0.117234096294102,0.0769328285838715,0.968125,0.462198466726099
"constant",1600,"pg_apf",7,1473.21,471.901097549184,1432.43684982718,138.294537768858,168.338487082359,12446.9146062667,255.413660759686,13799.3539780943,1002.75797082816,0.320321676847961,0.972323599369523,0.0938729290249574,0.114266456976506,8.44883934148336,9.36686146448527,0.00213259645809389,0.00203620922409752,3.98466134563495e-07,0.00103522265804281,0.00345062833764836,8.99840667552565e-06,8.63220404069178e-06,5.76011411876383e-12,5.19119393353552e-06,1.35443435862686e-05,-3203.99142618769,0.115218976983167,0.0758247565922105,0.965625,0.463321747349486
"constant",1600,"pg_apf",80,1488.281,699.233792861366,2206.16092082209,132.645774496711,148.186857471338,13453.5733246731,693.018441483673,15597.1453290248,1213.29010564874,0.469826459426255,1.48235509344142,0.0891268345807752,0.0995691388060036,9.03967283374116,10.4799734250621,0.00365484651227324,0.00351395941188104,1.21095673132449e-06,0.00170257557478714,0.00588004840510815,9.6673747287324e-06,9.28169697036768e-06,7.13972720388186e-12,5.17155217780306e-06,1.48344264462597e-05,-3167.80045873831,0.128348015038693,0.0927917980218271,0.955,0.51473264846898
"constant",1600,"pg_apf",81,1472.513,477.550348436068,1138.43890698766,149.89244823843,159.434668397438,12396.2764752565,293.921335170975,13275.0773041374,647.617679076209,0.32430976734064,0.773126557787714,0.101793633223224,0.108273861349569,8.41844959960047,9.01525304302061,0.00218000531636923,0.00204285755515144,5.32707978740234e-07,0.000997727977201361,0.00364375485693471,1.03092545412467e-05,9.81005761697607e-06,7.59007130807761e-12,5.80475136551028e-06,1.59626798084601e-05,-3166.28286417863,0.108019886208703,0.0742454128368977,0.970625,0.464665478546831
"constant",1600,"pg_apf",82,1475.524,569.317067924216,1667.78004598109,86.5572055972818,149.583700464,12392.0543574737,566.080753876921,14149.3079009846,923.749624524384,0.385840601660302,1.13029679353307,0.0586620113243036,0.101376663791304,8.3984092142681,9.58934446405789,0.0026939810153836,0.00256337908663894,7.77596380515516e-07,0.00120542878998552,0.00447405738998604,9.93684565122411e-06,9.48285534425466e-06,8.55527721813984e-12,5.33211159021956e-06,1.58810624625539e-05,-3162.73875383771,0.126720676832429,0.0882855422981492,0.971875,0.487278947703687
"constant",1600,"pg_apf",83,1484.786,390.694413340425,1062.12835377604,145.095490654114,182.983372841186,12078.0801342597,385.786073206543,13543.7405918956,940.37206930554,0.263131800367477,0.715341034853537,0.0977214835364245,0.123238886170253,8.13455954882365,9.12167853946331,0.00206124650230385,0.00196597315512698,3.9155530482404e-07,0.00095374180060722,0.00332830156995207,9.47681823792322e-06,9.14766934543933e-06,6.77832025289934e-12,4.88006844996457e-06,1.44597697371588e-05,-3155.37984435128,0.110679306715896,0.0753317748043198,0.968125,0.460803245836832
"constant",1600,"pg_apf",84,1476.626,367.731962615852,1247.87331392535,105.424207644503,192.359401332698,12873.9568812248,359.574204098442,14575.6220712628,1123.72338180514,0.249035275429155,0.845084208137572,0.0713953348000797,0.130269547829104,8.71849532733731,9.87089626707292,0.00287364209496978,0.00279208508266339,8.49265999520051e-07,0.00124055173972935,0.00470284654673817,9.6083120916908e-06,9.35270932097698e-06,5.91317070587017e-12,5.25928312030512e-06,1.45151963905031e-05,-3190.68623776931,0.122640071463064,0.0862815248730751,0.960625,0.494319434108076
"constant",1600,"pg_apf",85,1485.525,380.419641636497,1085.0965903643,160.227406536213,183.017661157111,12504.5074655034,377.93025960179,13862.8009670008,972.732943101104,0.256084307996498,0.730446535981756,0.107859111449631,0.123200660478357,8.41756783999152,9.33192034264032,0.00224415902321828,0.00216372089133571,4.91052964439016e-07,0.00098483061384735,0.00361561220448892,9.00717918265349e-06,8.67820047628447e-06,5.55475487362438e-12,4.96154673258865e-06,1.36968296923556e-05,-3148.54606351934,0.120050003519948,0.0815854570645063,0.97,0.470843479565409
"constant",1600,"pg_apf",86,1493.388,460.18587041104,1324.80606938526,160.279727043547,207.659628469035,12678.6081895096,460.149160091721,13878.200970324,1078.69908502853,0.308148900627995,0.887114446738061,0.107326245452319,0.1390526965993,8.48982862424872,9.29309795600605,0.00256982198002216,0.00246847478924327,6.34888171685764e-07,0.00117571690566225,0.00417242827689545,9.99433362136587e-06,9.58835426197552e-06,6.78412038459045e-12,5.74364626080437e-06,1.5432533746165e-05,-3144.02428025541,0.135447188188501,0.0993125516154989,0.961875,0.487309350332597
"constant",1600,"pg_apf",87,1477.339,437.952793183156,1154.34014418389,138.876041736652,156.044637553593,12414.0005745859,434.74408346233,13609.9339032114,1027.19027183501,0.296447053237718,0.781364429006403,0.0940041803111213,0.105625477668695,8.40294649676607,9.21246504912643,0.00225095052882164,0.00214241363028086,5.10369893535237e-07,0.0010584230185225,0.0036583981041961,9.43913420872731e-06,9.04504859082942e-06,6.28419334401525e-12,5.14767479961832e-06,1.41136852381757e-05,-3219.55923602394,0.124875598563686,0.087634105023305,0.96625,0.46344618446217
"constant",1600,"pg_apf",88,1562.315,296.787534217508,724.986244344998,101.490427243828,230.857502048427,11897.8906406272,298.060542184149,12956.1734842645,641.73969911764,0.189966513934455,0.464046139443709,0.0649615648853321,0.147766296840539,7.61555169132167,8.29293291318622,0.00179084631970709,0.00172342335876505,2.85832505059459e-07,0.000837001372413671,0.00280292077781286,9.31883403828808e-06,9.01397408281428e-06,5.75754133040498e-12,5.12592626093953e-06,1.41168147188429e-05,-3169.05893120152,0.126469710798286,0.0885202077601229,0.955,0.451801139378763
"constant",1600,"pg_apf",89,1468.952,321.145093096496,872.197160733072,148.110061205161,118.332855332925,11805.4871997573,320.807152834086,13138.9887488917,795.769124860624,0.218621910788437,0.593754704532941,0.100827025801497,0.0805559714224325,8.03667321992639,8.94446431802518,0.00200719459568441,0.00189219451064779,4.68267202233968e-07,0.00083918439758353,0.0033001485208645,9.37007124301078e-06,8.86775979267904e-06,6.91249621126046e-12,5.08091163202197e-06,1.49206337493283e-05,-3172.19435753875,0.115077064488966,0.0799023111028244,0.9675,0.459250818079369
"constant",1600,"pg_apf",8,1480.9,408.693407091537,1252.90284229566,164.009699147256,136.33554263206,11922.6436417399,410.982783184554,13474.836296125,1071.69344879155,0.275976370512213,0.84604148983433,0.110750016305798,0.0920626258572893,8.05094445387257,9.09908589109662,0.00197323058500551,0.00188364568046235,3.80529639032886e-07,0.000890272730718022,0.00318716553469284,9.04079864223592e-06,8.73460035929045e-06,5.77210391361107e-12,4.88569247721786e-06,1.38995269655478e-05,-3163.56570408979,0.122920890021006,0.0809672104553355,0.954375,0.456928963296836
"constant",1600,"pg_apf",90,1464.418,384.969057660196,942.439220066266,131.122561403231,187.772682825113,11628.7825371643,384.920989386282,12685.3970239288,887.160810226354,0.262881948774323,0.643558888286177,0.0895390260180026,0.128223419013637,7.94089019471512,8.6624153922779,0.00166695314653084,0.00160493729108742,2.25381435796813e-07,0.000848011402160174,0.00265163471158997,9.08040816903204e-06,8.7647109471952e-06,5.77287528658049e-12,5.07188693888466e-06,1.38566010511372e-05,-3132.48714487707,0.138670214929093,0.0986174313618375,0.936875,0.446466108167089
"constant",1600,"pg_apf",91,1502.166,435.371299310251,1128.27218035869,142.286022683508,201.17187361263,12211.5491775197,427.30264964617,13287.5381581522,997.776130674111,0.289829019768954,0.751096869692622,0.0947205719497767,0.133921200195338,8.12929408435531,8.84558574628383,0.00214649361217673,0.00206438250740835,4.49355353333982e-07,0.000966232491596076,0.00354911887769719,9.61501156445581e-06,9.20341459906556e-06,6.30522776786516e-12,5.62382505010759e-06,1.45960410505387e-05,-3141.26677201092,0.123501140359807,0.0876254950236727,0.94875,0.465021292464419
"constant",1600,"pg_apf",92,1465.746,429.416792092837,1226.88879253748,149.223926854995,201.29962794431,11740.2994615899,428.468451591337,12824.3588401719,1082.06460391206,0.292968080481091,0.83704051898315,0.101807493832488,0.13733595585068,8.00977758874314,8.74937324759671,0.00178218973620446,0.00171271764209725,2.73022795564625e-07,0.000886808990059043,0.00282272272205258,9.37771030677364e-06,9.09771823609107e-06,5.8069982085034e-12,5.18094072452413e-06,1.42905780416822e-05,-3170.18887537936,0.126286762175382,0.0900334009740897,0.964375,0.450351981080772
"constant",1600,"pg_apf",93,1473.366,443.615998905562,1238.20438458032,108.449542030412,255.742385342778,12356.0150009294,436.015692891487,13466.8037775545,1071.46161016109,0.301090156081762,0.840391582661956,0.0736066544432354,0.173576955992454,8.38624958152246,9.14016189972788,0.00223146513139893,0.00216754660026484,4.41303720148914e-07,0.00105166387000428,0.00361178491189743,9.85668144288798e-06,9.55041391346913e-06,6.52267536739885e-12,5.13951342031972e-06,1.46006604930035e-05,-3166.30625066372,0.125819645701758,0.0896173467082616,0.965625,0.470799931268707
"constant",1600,"pg_apf",94,1465.077,328.201845963014,886.557089178661,137.642642062259,131.376083587669,11495.34865276,328.663525692354,12668.9213323724,795.692664351554,0.224016789535986,0.605126617357764,0.0939490839473006,0.0896717944433424,7.84624197414883,8.64727337359905,0.00159144987864289,0.00150706721352834,2.60255116807807e-07,0.000738147329189546,0.00262190275073377,8.87783687757816e-06,8.56111138849027e-06,5.72868127095487e-12,4.8287706662433e-06,1.3450469607726e-05,-3173.98061224031,0.114995100626797,0.0716295880715288,0.956875,0.439893627455951
"constant",1600,"pg_apf",95,1484.935,464.704977088615,1214.96409460093,170.935999511295,206.269770842396,12568.3006901664,464.898687090105,13844.2303521424,998.254269363594,0.312946342492173,0.818193452643334,0.115113455815436,0.138908282747996,8.46387262079914,9.32312212463334,0.0026455088394799,0.00253303106669182,7.04804833789484e-07,0.00116665311803008,0.00437461713462158,9.91374620884916e-06,9.50453649512863e-06,7.35838197120237e-12,5.25495978401766e-06,1.50152550454233e-05,-3174.21133582037,0.124783949395284,0.087627563495125,0.963125,0.484829534202915
"constant",1600,"pg_apf",96,1469.326,450.152076450779,1232.12108404808,127.454068834091,139.192011317218,12226.69854324,447.185463373339,13246.7083135251,1025.04927426926,0.306366372371263,0.838562091767301,0.0867432202479848,0.0947318779612,8.32129734534066,9.0154998370172,0.00205922952575922,0.00198180047896799,4.12525189514076e-07,0.00095834860148025,0.00334118115971325,9.20330488544431e-06,8.74302246703834e-06,7.25851884535395e-12,5.04391220716769e-06,1.41952003380709e-05,-3158.04311536695,0.127512094311761,0.0861631754868314,0.956875,0.461401866551432
"constant",1600,"pg_apf",97,1473.052,284.331426025498,812.499496146975,181.216971434948,141.898686837126,11811.6815052254,282.928862919927,12675.2493884085,676.864031782988,0.193021988378888,0.551575569733435,0.12302143538378,0.0963297200893969,8.01850953342139,8.6047535242534,0.001816643363061,0.00174824488728107,3.1221649940896e-07,0.000840601682650566,0.00293174490873949,9.47532512570886e-06,9.05927077642929e-06,6.08671458472337e-12,5.19564809647864e-06,1.43009970080298e-05,-3156.22336997645,0.118847806007834,0.0826847385941495,0.9475,0.453883847173402
"constant",1600,"pg_apf",98,1485.596,386.825922785658,1118.9965138316,145.100169853422,128.46533278232,12162.1849281478,386.057993264274,13877.9532775557,985.87546697981,0.26038433247374,0.753230699215396,0.0976713520051363,0.0864739355668166,8.1867377996089,9.34167383161757,0.002162363940947,0.00203543821976654,4.88815685824036e-07,0.000991368261801456,0.0035862424801415,9.13993367132778e-06,8.73115424646933e-06,6.70612382324402e-12,4.69979901697822e-06,1.41030097350902e-05,-3191.77738728823,0.134139319473804,0.0963789403007539,0.95125,0.466050919904104
"constant",1600,"pg_apf",99,1481.799,386.26236339233,1218.15902922528,159.703536616381,209.41473950054,11759.3631390474,387.589576332957,12957.1604729275,1059.97991313162,0.260671226929111,0.822081152184125,0.107776787955978,0.141324659755162,7.93586926367707,8.74420921658573,0.00176232503279138,0.00168134462657334,2.93152520618362e-07,0.000835988648462051,0.00284597605112118,8.89969429762852e-06,8.41917405913213e-06,5.75712015214522e-12,4.89226385186305e-06,1.38099437475899e-05,-3157.50040339859,0.122536283711106,0.083827654916044,0.96125,0.448345116011602
"constant",1600,"pg_apf",9,1471.478,349.344783134624,902.01614155263,150.394227786956,235.829395429604,11840.6327157278,350.191166042333,13111.333186478,777.387909587354,0.237410809495367,0.613000086683342,0.10220623603408,0.160267020933785,8.04676163403585,8.91031546953335,0.00165690275136968,0.00159960350380873,2.26415747913806e-07,0.000836857927589162,0.00258567662290107,8.72785049145329e-06,8.39825235553719e-06,4.66256535699257e-12,4.97796654366427e-06,1.29068506239717e-05,-3192.76327402723,0.11080186005159,0.0691434767518509,0.960625,0.441488391146292
"constant",200,"pg_apf",100,185.727,1995.61703378895,6276.44873109496,452.708028707615,276.529663094411,11428.1094100058,1464.02011581647,10856.0240813116,1052.32193960847,10.7448945699276,33.7939488124773,2.43749174168331,1.48890394554594,61.5317611871502,58.4515126035075,0.0238114846959802,0.0222397201433865,0.000128240791411114,0.00400513396731,0.0453972689856974,5.95654311709049e-05,4.61975778006197e-05,2.02034740888761e-09,1.06504624534758e-05,0.00014673342305414,-383.359895650068,0.203574917612779,0.167741181603438,0.965,0.826183829592696
"constant",200,"pg_apf",101,184.83,1485.87320091411,2871.69255162132,278.1191111812,207.609141507916,11012.8744102337,1481.28020102587,7974.27937975874,571.717379905661,8.03913434460915,15.5369396289635,1.50472927112049,1.1232437456469,59.5838035504716,43.1438585714372,0.0197498058966499,0.0181599657548902,0.000101842350790633,0.00232922285719902,0.0388725156528585,6.85807818503825e-05,5.01088512827987e-05,4.01904914754939e-09,9.30405898308806e-06,0.000179337642954175,-390.775455628648,0.22258799509433,0.165166681487299,0.925,0.785066872129061
"constant",200,"pg_apf",102,184.719,1029.75897567048,3122.23178055726,210.685093829337,243.993176051638,9875.79818021006,803.044873863092,7001.80401540693,499.397470230495,5.5747322997119,16.9026022258526,1.14057077955888,1.32088835502378,53.4639001954864,37.905164143412,0.0202916916776912,0.0181078437616516,0.00014302245703171,0.00226633839153217,0.0432688392088413,6.50236341941564e-05,4.97218300557796e-05,2.63115724551319e-09,1.09811920458058e-05,0.000165964748239563,-387.295404938411,0.220241013352188,0.169156563637543,0.93,0.792105137204177
"constant",200,"pg_apf",103,184.692,1228.46066976232,4052.54648848456,261.98805853309,269.477673972085,10526.6548584307,1198.87045273956,8539.1536848876,596.934043249793,6.65140162953629,21.9421874714907,1.41851330070111,1.45906522194835,56.9957272563551,46.2345617833344,0.0177894380671327,0.0165339142248007,7.7311495194547e-05,0.00218959167327856,0.0344587758224165,6.80459136359881e-05,5.10909995361384e-05,3.02359973520142e-09,1.22812014214917e-05,0.000175416423208557,-392.099448455715,0.194549527775099,0.135724526207398,0.955,0.756654936512841
"constant",200,"pg_apf",104,184.763,1088.91302796466,1879.31943182093,215.784983245767,153.836039747652,10251.9635766014,1054.94420860278,6144.88413754066,325.964558548622,5.89356650392481,10.1715139493347,1.16790149134712,0.832612805310867,55.4871028106355,33.258196378824,0.0113528818067196,0.00963299171815976,5.11932750160783e-05,0.00121172456447178,0.0258529135801332,7.61826647604911e-05,6.11863068516047e-05,3.07993308760455e-09,1.20558924493903e-05,0.000184641919483099,-389.822548775812,0.197833353536708,0.146750729470254,0.92,0.691425342389934
"constant",200,"pg_apf",105,183.959,790.001681615024,1935.47711042061,208.50530347092,324.216900733173,10540.4349314956,781.453993858449,7407.20176303999,603.837030347066,4.29444431430386,10.5212417463707,1.13343355568861,1.76244109140174,57.2977398849506,40.2655035254594,0.00652287496771595,0.00548505406156321,1.61040835230353e-05,0.00130037602992888,0.0144922836040873,6.45794922565337e-05,5.5574645632978e-05,1.53342988411474e-09,1.3648384105656e-05,0.000137959765726696,-406.11140523317,0.204803088535909,0.139265902775973,0.86,0.604512740512084
"constant",200,"pg_apf",106,184.549,1523.15865902033,3791.78703348666,241.117269463969,206.466583752539,11317.6191112211,1146.76937480591,7805.0131947819,366.376451339959,8.25341052522814,20.5462345148804,1.30652167968382,1.11876295050387,61.3258219292499,42.2923624337271,0.0130577985565606,0.011805333181738,4.71244617027894e-05,0.00261351166411698,0.0264104960503494,6.6906481741824e-05,5.14411701341649e-05,3.24859416421403e-09,1.1221530799981e-05,0.000171049268692011,-389.370300162083,0.189845019712824,0.131288161703164,0.935,0.706770751471072
"constant",200,"pg_apf",107,185.03,1194.03012017352,2862.65138022384,261.622287522628,173.700105979331,10518.5482457095,818.364275227815,7959.07211392553,460.160160947181,6.45317040573702,15.4712823878497,1.41394523873225,0.938767259251641,56.8477989823783,43.0150360153787,0.0153260711778417,0.0134644907202233,8.35248996918834e-05,0.00179965181832528,0.03246756055295,6.27451021646388e-05,4.87223432868819e-05,2.37750387891168e-09,1.03067105551962e-05,0.000155820740833193,-390.667344729955,0.184209038822566,0.130217695041617,0.92,0.738403501965454
"constant",200,"pg_apf",108,183.658,720.111516818443,1521.33009381138,245.073395589324,247.092923828784,9811.20788872609,729.309474022309,6794.36310689591,523.961050070535,3.92093737718173,8.28349483176001,1.33440087330432,1.34539700872701,53.4210755247585,36.9946482423631,0.00782766065629569,0.00665242126575602,2.36559847608278e-05,0.00142907111920173,0.0176287604330035,7.59181890170221e-05,6.19374296257229e-05,2.72893396709158e-09,1.32687154443063e-05,0.000177572242713235,-397.334671458531,0.228849484573606,0.150430364894208,0.855,0.644708761318832
"constant",200,"pg_apf",109,183.923,1137.48069834281,2762.99342174871,340.083267200841,225.533905172887,10838.3067931588,1144.47984490898,7057.60971011716,582.26998539781,6.18454841614594,15.0225552092382,1.84905241433014,1.22624090066434,58.9285015640177,38.3726326240718,0.0135379053093409,0.0120872630053081,5.98758887645998e-05,0.00182653865120479,0.028509915067678,7.15814442889337e-05,5.69378847583177e-05,3.03089919963762e-09,1.04921649962624e-05,0.000176506823918543,-387.194383222374,0.206331010014875,0.138826317774361,0.935,0.715783258014477
"constant",200,"pg_apf",10,185.131,1235.65242508957,3332.73363636096,298.717886118824,246.225435807875,9682.16497883065,1223.56540021123,8343.72828149674,758.775653375755,6.67447604717508,18.0020290300434,1.61354870939402,1.33000651326831,52.2989935712044,45.0693200031153,0.0139275102321336,0.0120797614070298,6.99922400784151e-05,0.00184579108941289,0.0301497823396064,5.81901740097113e-05,4.52569334310269e-05,2.11371887017937e-09,1.19732551654188e-05,0.000137968148836158,-402.282611458209,0.200458101593154,0.148457214142489,0.92,0.71522023482882
"constant",200,"pg_apf",110,183.904,786.556815199295,808.837123801491,83.7096682693191,173.393229130191,9392.30811962435,783.323597565967,5596.65329787897,269.66011925073,4.27699677657525,4.39814861994025,0.455181335203797,0.942846426016787,51.0717989800349,30.432471821597,0.00824966199919538,0.0064620129030931,3.65080412827882e-05,0.000996132609933123,0.0204811427672461,8.51698986168384e-05,7.31848616115236e-05,3.00777083317337e-09,1.47214455561777e-05,0.000185500399027229,-400.918245260723,0.216314279816954,0.167102389188528,0.905,0.650260417347229
"constant",200,"pg_apf",111,184.565,888.553660067963,2597.59343508544,295.489609291224,276.043304197787,11028.5398304739,874.503716432441,8426.05656339994,863.832769273355,4.81431289826329,14.074138840438,1.60100565812166,1.4956427502386,59.7542320075522,45.6535993465713,0.0128530053702971,0.0115112555094763,5.13232073506436e-05,0.0023193188110449,0.0268484910492783,6.64099868448357e-05,5.21993384917953e-05,2.65500341056784e-09,1.07962809383587e-05,0.000162456783723995,-395.708413236407,0.225036104450374,0.14601664601931,0.88,0.689047008692745
"constant",200,"pg_apf",112,184.901,1538.21926947871,3947.8669525733,438.610527551536,237.317455397733,12362.0897215479,1546.79742761534,10755.957484605,1105.99047895795,8.31915062373223,21.3512471677995,2.37213713041864,1.28348389353077,66.8578846060751,58.1714403091652,0.0221529681973807,0.0204983286453852,0.000106517222428132,0.00554809001521234,0.0430265506867969,5.51870240327395e-05,4.34565865147825e-05,1.59299209121009e-09,8.72398458596778e-06,0.000134779025060944,-377.205491564042,0.242386534418491,0.193299712088994,0.94,0.807055356965773
"constant",200,"pg_apf",113,185.654,849.982854317242,2329.40710194306,250.756126912749,245.684222999766,9508.23337596287,840.02618752409,6724.75847998098,537.910541697656,4.57831694613228,12.5470342785131,1.35066374499202,1.32334462494622,51.2148048302911,36.2219961863519,0.00954131095371189,0.00789613506627118,4.16581305953097e-05,0.00145526184149958,0.0220697414936545,6.34233088038773e-05,5.08662174037758e-05,2.10509823332864e-09,1.12356652449367e-05,0.000150242440979396,-385.973007725221,0.20763433545735,0.158965159578555,0.9,0.666308557930118
"constant",200,"pg_apf",114,185.352,1212.37002579727,2953.39020360921,233.419642045646,202.460007099165,10992.8589033351,1204.94291597525,7074.02829618297,452.310568426807,6.54090609109839,15.9339537939122,1.25933166108618,1.09230009441044,59.3080134195215,38.1653734310014,0.0130220009526205,0.0116243424901352,5.29890410883197e-05,0.0023861343264773,0.0273920292949977,7.92959807671228e-05,6.29242879382091e-05,3.8606891093077e-09,1.2229236449093e-05,0.000185832259701883,-383.348820160475,0.221225365509357,0.164241675820202,0.91,0.718689048089188
"constant",200,"pg_apf",115,183.84,1106.50921461439,2592.02452670706,198.261116007213,189.842082262963,10356.8411820622,1092.27145683996,6758.57203394824,340.552807821577,6.01887083667532,14.0993501235153,1.07844384251095,1.03264840221368,56.3361683097377,36.7633378696053,0.0133954982842411,0.0118951878566787,5.96623377686237e-05,0.00189343120151661,0.0282368690559798,8.00342626125103e-05,5.79848180094788e-05,4.66243650016053e-09,1.12401873440995e-05,0.000207129477577622,-387.685756944995,0.229410452401182,0.172444970611107,0.9,0.721677535986351
"constant",200,"pg_apf",116,184.731,1054.63164751061,2617.70320967879,298.360971893296,211.104539942404,10147.7416655842,1052.22351416516,7594.4451652427,414.811399523012,5.70901282140304,14.1703515364438,1.615110468158,1.14276726668726,54.9325325234218,41.1108323196578,0.0128799644694994,0.0116850361073827,4.86836589233948e-05,0.00216571465789456,0.0266816836455342,7.67447431808146e-05,5.89699744312364e-05,3.55000770611625e-09,1.12056860770659e-05,0.000196376227023288,-385.882990230465,0.185956077107848,0.122632737105973,0.925,0.706714840378266
"constant",200,"pg_apf",117,184.85,1023.03129055522,2367.28101796412,330.846364377033,246.697535415347,10499.409339861,1021.03622629742,8449.4949204416,865.629152716759,5.53438620803473,12.8064972570415,1.78980992359769,1.33458228517905,56.7996177433649,45.7100076842932,0.0113118060973219,0.0100438917807636,4.1439044107497e-05,0.00165086996270422,0.0238808183663669,6.11393284898073e-05,4.91625840308273e-05,1.87468513253585e-09,1.05308119212718e-05,0.000143450925528515,-394.795960749289,0.243506700033017,0.181793658876283,0.88,0.686514916429272
"constant",200,"pg_apf",118,184.16,721.162282420504,1800.25839443127,161.379000684852,231.830016304462,9046.3688994633,713.326404254777,6659.80923841216,515.264932501427,3.91595505223992,9.77551256750257,0.876297788253973,1.25885108766541,49.1223332942186,36.163169192073,0.00939928403009693,0.00808276142866323,3.51051942079385e-05,0.00143643381881671,0.0210240112989872,7.25348535135971e-05,5.80832206800946e-05,2.94155296445784e-09,1.14475029770528e-05,0.000175754971841403,-383.55116811061,0.204698407085699,0.155148190456757,0.915,0.669259872066655
"constant",200,"pg_apf",119,185.41,704.17813871138,1650.47418569003,244.873906364756,322.38500407206,9608.49785671356,701.014691413388,6898.22414412349,746.755483492704,3.79795123624065,8.90175387352373,1.3207157454547,1.73876815744598,51.8229753341975,37.2052432130062,0.00748776169026876,0.00618779721038809,2.33497758279734e-05,0.00130610840173574,0.0171338342325567,6.83079270041281e-05,5.49450924835881e-05,2.16257316185742e-09,1.18074182722816e-05,0.00015553797124296,-397.605950020629,0.212127499541488,0.152787242804679,0.875,0.632473188976057
"constant",200,"pg_apf",11,184.11,976.661314422122,2302.87927887023,197.640600012377,199.191407498035,9466.01100097999,967.40981710904,5791.53026337596,382.158453705403,5.3047705959596,12.5081705440781,1.07349193423702,1.08191520014141,51.4149747486828,31.4569021963824,0.012839899264594,0.0111419002736212,6.38408511300244e-05,0.00149778934682619,0.0284880745074485,8.29389174463027e-05,6.66332424926903e-05,3.70006404758193e-09,1.14654005604458e-05,0.000197200666327824,-376.438074785809,0.223165519273366,0.174116956428349,0.91,0.731707433429936
"constant",200,"pg_apf",120,183.97,1200.24073606432,3113.33772326884,158.428453874324,285.870509359049,9637.40196507042,820.620220335599,6866.13638453686,489.393134431027,6.52411119239181,16.9230729100877,0.861164613112595,1.55389742544463,52.3857257437105,37.3220437274385,0.0142942724276234,0.0120852410467254,8.84026686785538e-05,0.00177366976251556,0.0332841270891299,6.07106259641669e-05,4.884767887913e-05,2.07387350757849e-09,1.13029137896376e-05,0.000142794688310806,-391.59498217794,0.201952295921089,0.151347910312426,0.945,0.726757548590829
"constant",200,"pg_apf",121,184.085,1351.67449312403,3763.12115400964,330.042339909245,194.904040557213,11350.0668638104,1336.38653368801,7485.20254830714,430.548483881003,7.34266503584772,20.4423019475223,1.79288013640028,1.05877198336211,61.6566633012489,40.6616647109061,0.015496714542174,0.0143064715373113,5.97667425584747e-05,0.00229301252698762,0.0304182466764384,7.55436982463231e-05,5.59945352215291e-05,4.13210319613355e-09,1.07180263784313e-05,0.000203327074812665,-390.232866603017,0.172444188212866,0.120457730112016,0.955,0.7404095081962
"constant",200,"pg_apf",122,185,1184.00009727981,2771.84030350558,266.636960378019,222.257092967176,10128.0895946247,1183.16955663671,7436.07981784634,492.219453891206,6.40000052583679,14.9829205594896,1.44128086690821,1.20138969171447,54.7464302412144,40.1950260424127,0.0119033586473013,0.0104960822532722,4.89947682034845e-05,0.0018046264431626,0.025363665658933,7.41665799542447e-05,5.65421917040269e-05,3.60060301377556e-09,1.17782893700589e-05,0.00018628912678555,-381.263864583179,0.183515360466614,0.11884183850671,0.93,0.693169778822236
"constant",200,"pg_apf",123,183.819,864.463134372383,2272.77988759828,327.082562942991,313.59831676008,10456.4716409929,871.511357990772,8717.43236224805,773.594024766965,4.70279532786264,12.3642272430939,1.77937298616025,1.70601687943075,56.8846073637267,47.4240005780036,0.00932529176101542,0.00807708062069667,3.01535272990101e-05,0.00181561055491235,0.0201914854316201,5.96937913015428e-05,4.72277104183328e-05,1.86547710153879e-09,1.07259974287236e-05,0.000145883599901476,-389.588455782586,0.231120245503533,0.147191900307686,0.895,0.652859374981022
"constant",200,"pg_apf",124,184.573,1851.23027913226,3082.70396020529,269.870033217155,213.297500626922,11173.5385434456,1200.63466146058,7262.79257298386,532.274904660846,10.0298000202211,16.7018142426319,1.46213169432775,1.15562677437611,60.5372321165373,39.3491603483926,0.0191312757638335,0.0177081813969511,9.65550770605942e-05,0.00271798189397733,0.0379269187250407,7.00881078167923e-05,5.25148631161475e-05,3.37356874619766e-09,1.12225627195256e-05,0.000173383258448864,-398.541675404638,0.195023692471426,0.153622396189583,0.96,0.768669136723583
"constant",200,"pg_apf",125,185.596,1294.75006835214,3284.95370852898,273.062331011612,185.240455930176,11831.12527506,1311.58011875665,8573.0260325876,504.981469541465,6.97617442375988,17.6994854874511,1.47127271606938,0.998084311785685,63.7466608927992,46.1918685348154,0.0191299596394766,0.017331331562859,9.82248201967215e-05,0.00288757574644611,0.0385269221972466,6.26361248094671e-05,4.75007504452509e-05,2.55666823176272e-09,1.04231733847119e-05,0.000154555742432263,-395.76780513647,0.184980476803432,0.133187121804868,0.955,0.764031931310295
"constant",200,"pg_apf",126,185.406,795.593604077832,2257.4496332047,182.318330920899,194.756771560916,9115.54769634996,770.672431764236,6997.05225276656,381.347880224336,4.2910887677736,12.1757097030555,0.983346444672228,1.05043402889289,49.1653328174383,37.7390820834631,0.0163518543060669,0.0142355690087675,0.000103200818899702,0.00183037639713622,0.0361468077500741,6.66390988979621e-05,5.16259089868237e-05,2.66281995488613e-09,9.87881469882868e-06,0.000167132177344343,-388.404930807259,0.212313085017652,0.13596129633014,0.935,0.756893511343175
"constant",200,"pg_apf",127,184.361,737.270675860324,1413.69613151316,259.874944211296,216.542259985886,10324.7924731325,726.599243110194,6263.34341774574,423.829834013584,3.99905986548307,7.66808669682395,1.40959825674245,1.1745556814396,56.0031268713694,33.9732558282161,0.0113489496665605,0.00983259504192816,4.61938955556833e-05,0.00165784741386877,0.0244767068448771,8.1854990307385e-05,6.51125501622013e-05,3.96504256392081e-09,1.17755623035508e-05,0.000201875250329502,-406.433839132439,0.212164829828361,0.154926997808654,0.91,0.693029509867447
"constant",200,"pg_apf",128,184.728,982.046485524924,2419.8257082365,307.672624430032,160.840506724816,11337.5678555855,967.640719145488,6876.43017775337,386.913506623055,5.31617559614635,13.0993986197896,1.66554406711507,0.870688291568232,61.3743875080417,37.2246231094007,0.0122882971855553,0.0109166063565988,4.73838680693971e-05,0.00167201161699875,0.0255300990752388,6.42468565255242e-05,5.20798330519583e-05,2.24552698590329e-09,1.04188196719304e-05,0.000150303959701369,-394.61288380194,0.184977453745966,0.132955803376968,0.925,0.696592928621955
"constant",200,"pg_apf",129,183.466,530.363275829212,1412.3299817933,232.177146809298,280.960010588794,9956.66140663458,529.936421786967,6042.81317010105,539.396323308073,2.89079870836674,7.69804749541225,1.26550503531607,1.53140097123605,54.2697906240643,32.9369647242598,0.00743733619085533,0.00622953048568007,2.10881307758252e-05,0.0012421589769839,0.0169501715237728,7.28223810294899e-05,6.25130992874623e-05,2.12266601418802e-09,1.19434164537262e-05,0.00015995928512556,-383.459537950944,0.199267051273425,0.148523060166128,0.895,0.639434394487617
"constant",200,"pg_apf",12,183.319,654.568725464464,1716.78999902224,261.233507617272,258.642510609778,9719.39290356362,656.273961252141,5137.62222410746,690.826637733546,3.57065402639368,9.36504126152901,1.42502145231685,1.41088763635945,53.0190155061048,28.0255850408712,0.0072946457241883,0.00612091900945973,2.12868450331181e-05,0.00113463985413813,0.0163191070511073,7.67024969088843e-05,6.0997735481865e-05,3.12458648507037e-09,1.07836342718579e-05,0.000184796430874668,-380.638418336709,0.22026966070887,0.161695457044944,0.86,0.637108124433763
"constant",200,"pg_apf",130,184.51,1087.30890019883,3035.96172363938,251.486113273952,209.216291736527,9506.25507639132,1056.05161453748,6853.71618841704,539.370121377883,5.89295377052099,16.4541852671366,1.36299448958838,1.1339021827355,51.5216252582045,37.1454999101243,0.0129015773623632,0.0114733346166031,5.74009003398719e-05,0.00161192741750203,0.02752787327724,6.90190370914807e-05,5.30975096766713e-05,3.28265256701229e-09,1.12995409442354e-05,0.000169992753167535,-391.9462243987,0.224203145111871,0.168159129643866,0.895,0.718003041891537
"constant",200,"pg_apf",131,184.334,782.254218325948,1888.64786237514,188.26844449117,205.430900565036,9399.75111397692,761.835916559263,6543.09182665132,337.852206795287,4.24367842246112,10.2457922161682,1.02134410630253,1.11444931789597,50.9930404264917,35.4958489841881,0.0108125640757604,0.00920172507994571,4.66196820677154e-05,0.00129492959981289,0.0239294462881778,6.94163689579327e-05,5.61662290177764e-05,2.3301861596096e-09,1.23017083314611e-05,0.000162493498173193,-394.763792956715,0.214512102376735,0.159231104060414,0.905,0.685114744134986
"constant",200,"pg_apf",132,183.809,596.377834734378,1632.0433916079,314.056673052567,270.923663593089,10411.1548654113,599.742418931352,7598.51382870452,918.433076992709,3.24455187033485,8.87901784791769,1.7086033494147,1.47394123026124,56.6411593850753,41.3391826771514,0.00668223870833583,0.00578893459244283,1.42941998640875e-05,0.00136129306145925,0.0139780161257869,5.79261211429445e-05,4.811511926312e-05,1.44083558473377e-09,1.10064065455394e-05,0.000125195257137494,-392.276339954881,0.217305730250734,0.166741333929171,0.87,0.61819143871517
"constant",200,"pg_apf",133,186.439,1830.52666500384,5827.85257908979,289.720309509662,273.388307333428,11403.5770212487,1032.22189140544,10275.7222761105,724.336608683307,9.81836775033034,31.258763343988,1.55396837308536,1.46636866392454,61.1651908734155,55.1157337043776,0.021967039006395,0.0197516486522849,0.000138782356498714,0.00394800746259591,0.0441293042670198,5.8214122096113e-05,4.54535881726552e-05,1.98428116265426e-09,1.07948433524798e-05,0.000139815488183058,-414.39172802457,0.182216729172168,0.121397943702483,0.945,0.789579867556762
"constant",200,"pg_apf",134,185.48,855.085810188108,2107.80211245105,240.741239990235,240.476864710746,9517.14286937056,857.146985752489,7110.61869838283,697.804747111337,4.61012405751621,11.3640398557853,1.29793638122836,1.296511023888,51.3108845663714,38.3363095664375,0.00979309783518848,0.00827454976686434,3.92108853763399e-05,0.00153808609782989,0.0216434275980962,7.77465284606038e-05,6.43614477748538e-05,3.02841690408756e-09,1.33532940512197e-05,0.000180236379710475,-395.745406007929,0.191581370153495,0.130063229330911,0.895,0.668458552291231
"constant",200,"pg_apf",135,185.316,1045.82651017565,2406.446140621,272.158418683089,217.175840459474,10494.6275969417,1023.07775815643,8609.10839441285,531.084336714507,5.6434766030761,12.9856361060081,1.46861802911292,1.17192169299722,56.6309848957549,46.4563685510849,0.0163002492236678,0.0144814977591243,8.8448492469581e-05,0.00186308122108836,0.034698762456775,6.1971614923957e-05,4.94561430004994e-05,1.83831653638165e-09,1.13645671553875e-05,0.000146228078135884,-390.824613806493,0.176011840231043,0.127720672842044,0.95,0.750515801488191
"constant",200,"pg_apf",136,185.384,1892.90641702599,6651.07580929558,426.420080714344,261.00050004741,12594.0427878788,1227.57576250875,11254.9809351908,990.144518125552,10.2107324096254,35.8772915100309,2.30019894227303,1.40789118827628,67.934896150039,60.7117169507118,0.025678697341748,0.0237376404331796,0.000139891342791592,0.00579791059622041,0.0486619209359765,5.54152069935088e-05,4.42003840878314e-05,1.60816278681196e-09,1.10412815845308e-05,0.000130367308834197,-398.628793828301,0.175570589091517,0.126472953739352,0.96,0.817380474943448
"constant",200,"pg_apf",137,183.938,1034.53083650399,2361.6009284942,288.929864621177,275.932461609169,10219.7311261179,1039.72507419891,8470.51838329121,601.64534210001,5.62434535824022,12.8391138780143,1.57080029477964,1.50013842495389,55.5607385429761,46.0509431617785,0.0119318537182654,0.0106925147640629,4.14019237542445e-05,0.00181608627705044,0.0241318950136644,6.38116855421849e-05,4.95214203915834e-05,2.19988333742353e-09,1.14990417930482e-05,0.000154875546379077,-401.466319476601,0.233878576692655,0.173502589742361,0.915,0.681692166266829
"constant",200,"pg_apf",138,183.326,568.166833456936,1290.48413340784,256.556818286884,241.342289493982,9965.56004808003,564.652867460017,7846.99370726237,702.892426300212,3.09921578748752,7.03928593548017,1.39945680529158,1.31646514675486,54.3597746532408,42.8034959976347,0.00760272350099443,0.00644232442018601,2.2715319017853e-05,0.00126490139107755,0.0172403465302903,5.98037338106634e-05,4.95668355262629e-05,1.64806999147942e-09,1.20925216270883e-05,0.00013250591172038,-407.368424827076,0.238002785610565,0.1798129495845,0.865,0.619068785393858
"constant",200,"pg_apf",139,184.98,844.720961645016,1764.27059141007,309.348021797563,213.859458915286,10550.0211098053,862.452383302868,6081.70934244551,450.114534164313,4.56655293353344,9.53762888642054,1.67233226185297,1.15612206138656,57.0333068969905,32.8776588952617,0.00942404833058153,0.00836881246566652,2.73235390803013e-05,0.00164985373213694,0.0195374127138557,8.36649725070041e-05,6.5794469010439e-05,3.93590419162579e-09,1.13011409013584e-05,0.000210337694226503,-402.023406015031,0.218125934951061,0.168737795572765,0.92,0.653568752256129
"constant",200,"pg_apf",13,183.832,707.336394885798,1650.63855003405,228.37104644805,270.127482565708,10032.4503699844,718.280105369213,6485.71183504847,635.561506810885,3.84773268465663,8.97905995710239,1.24228124835747,1.46942579401686,54.5740152420926,35.280646650466,0.00786660038802732,0.00677935859548417,2.26060118848865e-05,0.00145120981805082,0.0172240070016702,6.75870179907831e-05,5.56098177276482e-05,2.13918659200812e-09,1.15804588005361e-05,0.000148963784413036,-383.23682775896,0.183512038585653,0.12366950139224,0.895,0.641422932506724
"constant",200,"pg_apf",140,183.917,832.086031832221,1638.71937547438,239.974256579603,207.499486157796,10051.4003470204,835.679284601968,5189.18309099732,390.050559687295,4.52424752378639,8.91010279351217,1.30479649287235,1.12822352560012,54.651828526022,28.2148093487678,0.010064742448761,0.00857181140447225,3.88460827238418e-05,0.00124890660780286,0.0221360088449343,9.18638726512296e-05,6.92124370124219e-05,5.74648157791076e-09,1.07562667500825e-05,0.000245487960998845,-384.046717506875,0.213886482031034,0.155115129334234,0.885,0.680620955054363
"constant",200,"pg_apf",141,185.441,927.818493793722,2418.02030953939,280.522569630029,247.403279778362,10845.8069246372,912.086023649717,7984.67288754078,727.565564477082,5.00330829640544,13.0392971863794,1.51273218775799,1.33413473707736,58.4865640534572,43.0577536118808,0.0128235029212273,0.0112509268266037,5.76513280507037e-05,0.00203708398824424,0.0279016521789099,5.59168239202616e-05,4.56400535714647e-05,1.3711990558027e-09,1.25753401489289e-05,0.000128636398464854,-397.780015083317,0.214079681967728,0.155334482033943,0.93,0.705302812629838
"constant",200,"pg_apf",142,183.69,602.650520357955,1022.74831392254,267.22358563131,232.174823409106,9499.56445799907,606.710665833181,6127.1591107061,584.896533723387,3.28080200532394,5.56779527422582,1.45475303844145,1.26394917202409,51.7151965703036,33.3559753427301,0.00655474571674793,0.00524355680138863,2.13162523610103e-05,0.00103012516362334,0.0158200544531933,8.17281419227958e-05,6.95971904166139e-05,2.56136574241723e-09,1.4292977749844e-05,0.000182759209445066,-388.17802324926,0.227723344882533,0.172264092481789,0.86,0.622410028739788
"constant",200,"pg_apf",143,184.746,1388.3078534318,4849.02977587558,286.589788596323,254.976578464921,10806.4289042328,871.115322189827,9025.92236402397,753.083905352328,7.51468423366029,26.2470081943619,1.55126383573297,1.38014667957585,58.4934391230815,48.8558472931699,0.0205302574655563,0.018462027224315,0.000131202815704544,0.00266796514512299,0.0432657336928929,6.54456530271918e-05,4.87725633075057e-05,3.60545684015793e-09,8.90982256457727e-06,0.000165748320353994,-391.88598468755,0.197567150887328,0.160890482536756,0.965,0.78302138673118
"constant",200,"pg_apf",144,185.334,1104.51931209484,3085.13295453732,340.689319390278,342.660536643607,9893.00127324613,1091.95694504071,9410.49676319231,839.770761487694,5.95961513858675,16.6463409549101,1.83824511093635,1.84888113699379,53.3793112609997,50.7758790248541,0.0141695592095871,0.0126142932489479,6.29286542425207e-05,0.00193265265041105,0.029141313358308,6.18374795283341e-05,5.19880248885409e-05,1.53164797337697e-09,1.1112441382784e-05,0.000139102503783741,-401.738214381999,0.20233971886883,0.156984111800101,0.935,0.723545272324944
"constant",200,"pg_apf",145,184.034,1196.57973960473,2754.7427471421,291.896602312305,322.578767592063,10576.6292184653,1202.04588163754,9610.90072584386,871.632443217679,6.50194931156597,14.9686620251807,1.58610149381258,1.75282158509875,57.471060882583,52.22350612302,0.013814438236034,0.012189560574978,5.95634223069716e-05,0.00192604301944442,0.0289042458056329,5.19400246023641e-05,4.26684836509722e-05,1.41189535384896e-09,1.09180754505907e-05,0.000119267018094457,-405.43147098652,0.20939796249333,0.152911035150036,0.945,0.704423342166324
"constant",200,"pg_apf",146,184.572,1181.88102877447,3312.13056397105,215.161999332905,180.115641658848,10524.136957646,1179.84881979983,8311.37271623489,618.630836553555,6.40336036221348,17.9449242787153,1.16573477739259,0.975855718412588,57.0191413521337,45.030517717936,0.0168055980885539,0.0146823413588579,9.36615276087164e-05,0.00284390218090947,0.0361942998512626,5.99106985296059e-05,4.49962992843918e-05,2.47163802903828e-09,9.05637553696354e-06,0.000146519034044949,-399.638190363941,0.202775108635389,0.144789252127716,0.935,0.752193104195253
"constant",200,"pg_apf",147,184.188,1264.45324589288,3472.61541388336,281.904947439838,259.934926175472,11081.7694627274,1306.40602757391,9518.65253289036,651.494041131879,6.86501425659046,18.8536463498347,1.53052830499184,1.41124788898013,60.165534468735,51.6790047825611,0.0153463680693086,0.0139373253468687,6.6331210058756e-05,0.00280454049537438,0.0309056005165074,6.1063807042723e-05,4.69013806998516e-05,2.42863253751062e-09,1.09431772615293e-05,0.000148669176095196,-397.655384872257,0.192460390282325,0.133554487905517,0.935,0.722937933891713
"constant",200,"pg_apf",148,183.756,692.170285473726,1604.96903644499,273.122791671621,274.735091289669,10144.3251605965,689.410760089046,7428.998612239,719.834412285881,3.76679012099592,8.73424016872915,1.48633400635419,1.49510813954194,55.2054091327439,40.4286043026568,0.00637659342112132,0.00541947845543619,1.46379346621495e-05,0.00122634059120467,0.013897832089269,6.54999800435047e-05,5.39922039856773e-05,1.70326002148119e-09,1.12155005633024e-05,0.00014678619609333,-389.000437594631,0.212632863314031,0.141577897912377,0.865,0.614042515786605
"constant",200,"pg_apf",149,183.52,747.139206285563,2013.96910705889,249.964146866189,280.113801412344,9685.23098894147,753.700030078429,7226.21192140856,745.839646182989,4.07115958089343,10.9741123967899,1.36205398248795,1.52633937125296,52.7747983268389,39.3756098594625,0.00933544648869396,0.00798974213561388,3.33708243021857e-05,0.00151637090008429,0.0205794656873105,6.23816961172957e-05,5.11875388799903e-05,1.82844860241308e-09,1.2918255566942e-05,0.00014662137290262,-393.801897453795,0.238545059994765,0.168367939502971,0.82,0.657399173088499
"constant",200,"pg_apf",14,184.761,774.305456777185,840.683771741729,210.753986197915,193.332570907362,9633.37075964258,772.51641617884,6529.97532411727,548.235032523854,4.19084902537432,4.55011486050481,1.14068437710293,1.04639275013321,52.1396331457536,35.3428230206444,0.0114202719727949,0.00969280767691978,5.25543137220919e-05,0.00180378578398971,0.0260124596797967,7.745922400136e-05,6.01838150275083e-05,3.70404120555369e-09,1.22735374176604e-05,0.000188524108188533,-406.272094804195,0.239777985895152,0.194499106768111,0.86,0.690961999579432
"constant",200,"pg_apf",150,184.279,1549.56070794841,3925.14893483624,271.793454329152,179.916408205936,10898.5924495711,1398.31109935318,7809.10844376325,579.119696729156,8.40877532409232,21.3000338336774,1.47490193852339,0.976326158737218,59.1418037300565,42.376551011039,0.0196690530013191,0.0182129953727775,0.000101841716289981,0.00286055722882641,0.0388350388209808,6.89448447276434e-05,5.48348248457183e-05,2.72766695738986e-09,1.02858851359491e-05,0.000162122767729369,-371.502706665817,0.207858217279046,0.163804248392092,0.945,0.792563012505626
"constant",200,"pg_apf",151,184.554,1624.66230662141,3472.13765179507,317.95838838271,297.085119379672,11375.9036256288,819.420018501762,9454.83002246997,892.02387624246,8.80318121862116,18.8136678251085,1.72284745051698,1.60974630395262,61.6399732632663,51.2306968284078,0.0201463903606173,0.0183455211625536,0.000110223290172875,0.00326111924774558,0.0407370431889076,6.08277342001933e-05,4.77653363477193e-05,2.05599739069605e-09,1.14882639173284e-05,0.000146809185369911,-393.795751162424,0.176456563722878,0.127455052252732,0.945,0.775740925051813
"constant",200,"pg_apf",152,184.104,631.493692322709,1289.44149694392,271.799621828295,300.412647223383,9956.34537783679,644.196438503192,6396.41563772896,658.449626385828,3.43009218877759,7.00387551027634,1.47633740618506,1.63175513418167,54.0800057458653,34.7434908406605,0.00679109020429465,0.00567826941936382,1.74584092716079e-05,0.00126948190096415,0.015130697897821,7.18576708566444e-05,6.01064166515476e-05,2.06410771610053e-09,1.23827558624863e-05,0.000163425887307351,-393.27924734125,0.215585220239681,0.166876922225,0.88,0.632238990679596
"constant",200,"pg_apf",153,183.636,496.4468771891,1232.76636407038,232.274711176839,263.456051182683,9791.13255776962,494.476839436443,6308.35792692452,545.730075888491,2.70342894197815,6.71309745404156,1.26486479326951,1.43466450577601,53.3181541624171,34.3525121812963,0.00718692588296172,0.00623878077542011,1.91744764788166e-05,0.00126814321898381,0.0156734417448296,7.55622086811865e-05,6.28130135458191e-05,2.50165370930639e-09,1.27035101065956e-05,0.000173159274275584,-399.046758620136,0.215877145273869,0.15872456199081,0.88,0.633463875856047
"constant",200,"pg_apf",154,183.802,1059.03813816398,2515.2574292785,309.32131479135,248.515150430956,10054.4975177094,1076.48740772981,8342.36013340368,647.767187983699,5.76184229858206,13.6846031559967,1.6829050543049,1.35208077404465,54.7028732968599,45.3877549395745,0.0120226991062017,0.0102722706375466,5.08373741032964e-05,0.00190937620681274,0.0259475728607204,6.58604022725323e-05,5.27948577834331e-05,2.18280197496414e-09,1.25672505909927e-05,0.000154385952656497,-384.985136025956,0.192800749056483,0.144502650779762,0.93,0.707724592236048
"constant",200,"pg_apf",155,183.831,859.171202743284,1935.24975187828,215.199048962399,221.626704474955,9429.51772821547,855.243823751106,6258.13725576806,456.812366666775,4.67370140369842,10.5273308194933,1.17063525173882,1.20560027674851,51.294491833344,34.0428831686063,0.0079161576460575,0.00670213176139437,2.38115013138159e-05,0.00160586986635674,0.0177927134396975,7.95998098602804e-05,6.39820164897698e-05,3.04991051257386e-09,1.2750249501625e-05,0.000184226524861103,-379.106997664254,0.217680082991344,0.159010184355838,0.88,0.651340258362988
"constant",200,"pg_apf",156,187.258,1093.13455008251,2147.90135690218,253.797390365988,186.754776894758,10113.9949703907,1080.45012920135,7957.97860446179,458.617407490457,5.83758531054754,11.4702782092203,1.35533536813374,0.997312674997908,54.0110167276735,42.4974025380053,0.0142456971986206,0.0126061202483354,7.39380649819537e-05,0.00232270522920052,0.0309142063398425,7.23126294481404e-05,5.6558949529718e-05,2.81116970453731e-09,1.10683418256836e-05,0.000174590077869803,-404.734499008436,0.172542654996753,0.11446074180909,0.955,0.726392006555514
"constant",200,"pg_apf",157,185.163,1355.57583495791,3331.6045022152,238.966492605307,245.048751298737,10225.6875865261,1070.05873363967,7661.54577836985,548.751335691699,7.32098656296298,17.9928198517803,1.29057367079442,1.32342180294517,55.2253289616503,41.3773042042409,0.0142469608103772,0.0126362536138735,7.4291296418843e-05,0.00181404360019092,0.0313570742510726,6.32379593816049e-05,4.95531202374441e-05,2.31926384204492e-09,1.12938630585133e-05,0.00015335917763657,-393.84663714991,0.206775038639931,0.147458902848599,0.92,0.727166928932306
"constant",200,"pg_apf",158,184.294,687.791369114975,1817.8620520474,239.378260695063,263.951118962006,10101.9439923726,693.076816085135,6962.31833721231,550.632992128683,3.73203343090375,9.86392423002052,1.29889340236287,1.43222849882257,54.8142858279306,37.778323424595,0.00908087221852059,0.00755605125917271,3.44087991996555e-05,0.00140988669393544,0.0209396264784584,6.39294353553154e-05,5.38992046945319e-05,1.5669840731028e-09,1.24036452360167e-05,0.000142493378729931,-407.008606456415,0.214961075198575,0.14821944440056,0.91,0.658860712912113
"constant",200,"pg_apf",159,184.595,905.283148970855,2459.61504580347,270.158573099475,275.742143294912,10595.0296270663,895.055192866797,8739.20132269131,806.6742462996,4.90415855776622,13.3243860657302,1.4635205346812,1.49376821308763,57.3960812972526,47.3425679064509,0.0139888764428966,0.0120606085463915,6.89769651307069e-05,0.00224909187355546,0.0309587234051284,5.82782868423135e-05,4.6837636221599e-05,1.65081511026756e-09,1.17416557644647e-05,0.000141375785634165,-408.08910524295,0.231058378088502,0.166822113978358,0.93,0.712233007934882
"constant",200,"pg_apf",15,184.392,646.65158184824,1662.31663556569,220.811009869485,286.209057179771,9668.20131486021,654.9260181046,5617.94806270335,519.067749239893,3.5069394650974,9.01512340863859,1.19750862222594,1.55217719412866,52.432867558572,30.4674175815835,0.00713106894056755,0.00602237658405889,1.98934846170031e-05,0.00128366823773123,0.0158755964783984,7.79688941448472e-05,6.53058342758804e-05,2.69166231166763e-09,1.37321463717952e-05,0.000180492567644784,-376.132765917952,0.210762490250298,0.147661321655643,0.88,0.629470271508244
"constant",200,"pg_apf",160,185.518,1233.07554697639,2499.51626404952,223.917362648644,74.6477185291866,9964.02428965475,1226.78789218414,6070.69845521738,157.490216164205,6.64666257169862,13.473173837846,1.2069845656413,0.402374532547713,53.7092049809439,32.7229619509556,0.0111235093609242,0.0100851514506598,3.66577247722722e-05,0.00181995673009457,0.0229098778147085,7.87145323649256e-05,5.49880591560611e-05,1.05640929072181e-08,9.6986070736206e-06,0.000196175988763816,-378.255086926878,0.192898891344398,0.132707150714684,0.915,0.684364806384785
"constant",200,"pg_apf",161,183.774,1139.56763321184,3129.01948956017,305.703807729017,331.350465779888,10035.1303171899,1133.20202287902,7815.92844195502,924.427641251821,6.20091870020702,17.0264536308736,1.66347692126752,1.80303234287705,54.6058219181708,42.5301100370837,0.0106136831974997,0.00945053771917995,3.46335659640561e-05,0.00168277583204151,0.022087679510856,6.00620744480776e-05,4.72075669949868e-05,3.34876231230086e-09,1.12131662921476e-05,0.000135300370752891,-390.134472847917,0.212702300522876,0.169517604898595,0.92,0.666847378069755
"constant",200,"pg_apf",162,184.603,1603.54201842639,3070.36762633366,333.950770986685,155.925347861028,11686.8017390836,1604.4424732937,8315.28280966454,367.477438770658,8.68643531484531,16.6322737243364,1.80902136469443,0.844652296338779,63.3077563153558,45.0441369298686,0.0159106340506451,0.0146646277978797,6.53238425698851e-05,0.00270178200910548,0.0313077392292675,5.66479316816286e-05,4.38568653048831e-05,2.02843314166296e-09,9.60215810896237e-06,0.000137603511639571,-388.72962303791,0.221322679661705,0.146921646674934,0.945,0.735153369579739
"constant",200,"pg_apf",163,185.089,1221.90346002638,2740.71171759506,280.834700265396,192.05766501289,10019.4045203376,1230.26107350795,7417.94754842343,427.389225366844,6.60170761107566,14.8075343083331,1.5172954646975,1.03765034665966,54.1329010386226,40.0777331360774,0.0129672933243674,0.0114174876709524,5.75274658011321e-05,0.00224479064083282,0.0276960470059616,8.28986721889181e-05,6.32450094143574e-05,4.80902174595244e-09,1.06807106997051e-05,0.000201273109733718,-398.905686855282,0.1740958515679,0.128088984103384,0.94,0.714737424161413
"constant",200,"pg_apf",164,185.031,673.802789826051,1350.66674608317,180.412602037474,138.792151946229,9002.2189246482,675.963021666367,5530.50234960441,236.195218197341,3.64156703377299,7.29967814086922,0.975039869197453,0.750102155564358,48.6524902564879,29.8895987677979,0.0112895108219564,0.00951445590670074,5.49858611756385e-05,0.00111978740594109,0.0256168453758389,9.05574211333651e-05,7.130038085671e-05,4.72733334013559e-09,1.24950920722697e-05,0.000224620247995301,-397.467109414805,0.233302771413585,0.183289729073118,0.925,0.713480858687998
"constant",200,"pg_apf",165,184.292,673.291088344755,1141.64497463256,184.767386203997,165.163670242397,9151.78089736879,671.772011392775,4806.82818122951,276.255793969249,3.65339292180211,6.19476143637574,1.00257952707658,0.8962064020272,49.6591327749918,26.0826741325153,0.0121927401252993,0.0104221503520302,6.33665697349466e-05,0.00150331316610206,0.0279735053186829,9.08904203836319e-05,6.96462939982015e-05,5.30055097729399e-09,1.09989527618154e-05,0.000232302705482503,-391.009578622048,0.233645487069619,0.17656889679474,0.925,0.714059307752565
"constant",200,"pg_apf",166,236.616,694.278381720453,1911.82296430567,304.824159806846,253.531683439584,9932.58915422737,682.87086946483,6764.14640089171,762.998931381061,2.9341987934901,8.07985497306045,1.28826520525597,1.07149002366528,41.977673336661,28.5870203236117,0.00773920577356644,0.00673262266181731,2.23563874426528e-05,0.00133210732273183,0.0169094941939134,5.72842766288154e-05,4.58981338483708e-05,1.67666247370388e-09,1.18141534830909e-05,0.000131748283818712,-389.262182781843,0.214057137825537,0.148636741227995,0.835,0.630682483343222
"constant",200,"pg_apf",167,183.855,797.821015320639,1644.53868283428,244.440683213681,173.370019050335,10973.3033479555,786.728276670989,7371.89532832796,539.037130172399,4.3394034174792,8.94475909186198,1.32952970119758,0.942971466918688,59.6845522175383,40.0962461087703,0.0116490953009853,0.0101808903941403,4.39586866470309e-05,0.00203394153370132,0.0247632040337459,6.50440445645388e-05,4.88506422421468e-05,2.69939812314057e-09,1.09390513238252e-05,0.000166118678777326,-397.622012176983,0.232803841396287,0.170192162880192,0.89,0.692229078326614
"constant",200,"pg_apf",168,184.891,603.920104611843,1395.97204297805,238.931666967091,212.520599606501,9691.52564781401,600.266907764897,6406.93121052696,497.169445538004,3.26635750042913,7.55024334866519,1.29228392386374,1.14943723386482,52.4175089529182,34.6524774625426,0.00695290141948049,0.00596281453548621,1.75627275170148e-05,0.00138290026755472,0.0153943271335788,7.00861753005739e-05,5.60608791476629e-05,2.5613600340539e-09,1.15500187979458e-05,0.000167154743241278,-396.858560568822,0.240000558679887,0.181568199949029,0.845,0.622735992071719
"constant",200,"pg_apf",169,184.444,1292.57401461611,2565.12481640767,254.417619142472,163.757006620921,11369.2545956615,1299.80656697682,8171.72523644909,382.513596275934,7.00794829116756,13.9073367331422,1.37937595770246,0.887841331899767,61.640685496202,44.3046411726545,0.0183257921367792,0.0166265057174587,9.13710368510674e-05,0.00251443437796986,0.0373358362089099,6.93187039951522e-05,5.21080277146804e-05,3.42856489539194e-09,1.01323157625114e-05,0.000182272688268128,-382.988413816339,0.203786141547394,0.154130960615243,0.95,0.774522683120533
"constant",200,"pg_apf",16,185.895,1307.82915752843,3928.37946086614,397.915545090272,320.517999905468,12027.3311308673,1313.84244865575,10068.7586850381,995.810622272944,7.03531110319497,21.1322491775795,2.14053925651724,1.72418838540826,64.6995945607319,54.1636874850755,0.0160981205901131,0.0147049018770074,6.36512059148731e-05,0.00358449585919922,0.0318608315255785,5.69720344509883e-05,4.47436098671718e-05,1.81001377610448e-09,8.83841997919742e-06,0.000137143871832203,-393.104329950669,0.208309526811261,0.15099306878281,0.93,0.734635260649739
"constant",200,"pg_apf",170,184.688,1149.0396195794,3044.00315097923,218.384457610176,207.771493315066,9973.97856206441,875.065833762561,7096.39748203023,408.2162375718,6.22151747584791,16.4818675332411,1.18245071477397,1.12498642746181,54.0044754508382,38.4237063698249,0.0160481381755013,0.0142396935749757,9.22052924396348e-05,0.00165093733003536,0.0349601005248141,7.45612334502659e-05,5.58900420758863e-05,3.42826282903752e-09,1.0219265722101e-05,0.000189264928909716,-389.904726564051,0.1771623105981,0.13185257376512,0.96,0.752161519570566
"constant",200,"pg_apf",171,184.193,1043.99785364913,2966.11167177777,273.716592969899,323.86770210281,10275.5738054652,1033.51358475586,8408.70986810037,1169.8009833785,5.6679561853552,16.1032811875466,1.48603146140135,1.75830624455224,55.7869941065363,45.651625567206,0.0135032956320131,0.0117552873822014,5.99970657557417e-05,0.00185429905277121,0.0291476953944128,5.39260092884566e-05,4.46107270557097e-05,1.25260899056636e-09,9.47264671945486e-06,0.000120484825596045,-408.740260130999,0.220638772147682,0.159819736095648,0.915,0.709815498984337
"constant",200,"pg_apf",172,183.782,780.597299363727,1767.19418548952,286.099654086276,295.485808410019,9870.69551624796,775.081434677505,7264.01103992818,772.313966384273,4.24740888315355,9.61570874998377,1.55673381553295,1.60780603328955,53.7087174818424,39.5251495790022,0.00708876624800806,0.00596772961162796,1.90071143892188e-05,0.00128880950734371,0.0156638282857284,6.27772762636916e-05,5.18712576762809e-05,1.64548412869647e-09,1.30298989217056e-05,0.000142565364986178,-399.687640762088,0.225684641242343,0.153660815751209,0.875,0.618231645441296
"constant",200,"pg_apf",173,184.222,1036.28268684843,2539.84747158745,273.009933513427,219.665058508636,9722.14857607596,1037.42868840297,8140.09589925516,728.254773395226,5.62518421713164,13.7868846912282,1.48196161974915,1.19239319141381,52.7740909124641,44.186339846789,0.0127206258936133,0.0109408091793404,6.02124745646841e-05,0.00179651668182857,0.0279728035493293,5.99975041897059e-05,4.65290443107167e-05,2.10053162672627e-09,1.00016019005435e-05,0.000145078142983002,-388.678601848113,0.246397786140801,0.180231599005526,0.905,0.708547660871169
"constant",200,"pg_apf",174,236.576,800.306915760814,1938.60807330137,171.22107093791,206.895450835891,8735.16343173543,810.985577278131,6093.15927012999,313.600579196108,3.38287449175239,8.19444099697927,0.723746580117637,0.874541165781361,36.9232865199151,25.7556103329585,0.00837062984051479,0.00697111959696281,2.9279350500351e-05,0.00129477129251925,0.0190043652267052,0.000119020458154775,9.85038822035458e-05,6.54428937723274e-09,1.20869346197437e-05,0.000276938577524276,-381.628316491865,0.242926574440713,0.166661597052547,0.855,0.667275905913004
"constant",200,"pg_apf",175,184.571,936.113675060338,2268.2200944478,220.554100731361,271.193027854167,8900.32516749973,921.805651465898,7260.42793919351,636.737689727971,5.07183509359725,12.2891466939432,1.19495533280613,1.46931548214057,48.2216879547694,39.3367752203407,0.012736390109842,0.010698860935902,7.53291738679632e-05,0.00151662469424521,0.0302448825459564,5.88578523781698e-05,4.7146311235747e-05,1.71462085395029e-09,1.19780747886027e-05,0.00013850436818967,-393.916783078172,0.2047164377409,0.143828610562488,0.895,0.708000124574586
"constant",200,"pg_apf",176,185.153,1312.95251871114,3189.98173336027,294.597201507836,218.070749461029,10878.9820816071,1325.98103908572,8562.36191261685,473.671292944334,7.09117604743719,17.2288957422255,1.59110142156938,1.17778674642608,58.7567151577727,46.2447916729237,0.0157786464337657,0.0146433159830214,6.35984772972299e-05,0.00232063108848299,0.0309646926942725,6.85299613075396e-05,4.98854723042694e-05,3.62580617049954e-09,9.81031967376047e-06,0.000177789505727561,-384.093331393187,0.191692255991887,0.134810828332148,0.95,0.742046088395122
"constant",200,"pg_apf",177,184.677,1284.47842006261,3759.38062404347,423.971472374887,192.177255019231,12433.315044533,1303.85393348853,8851.98006080134,615.752827281656,6.95527012060308,20.3565177257778,2.29574593682422,1.04061282682322,67.3246535547634,47.9322279482628,0.0226148089272036,0.021038431028987,0.000103233808020732,0.00571830082418915,0.0429457715622237,6.74992076580471e-05,5.13500176851232e-05,3.47171770474494e-09,1.06194003647136e-05,0.000166772577477834,-380.419870971002,0.231740623350256,0.182783395115501,0.93,0.814366877589342
"constant",200,"pg_apf",178,184.469,1173.40151521328,2955.5795138158,230.111595070215,217.552717979463,10140.5314018825,1063.26625934133,7332.6773008082,495.869243519004,6.36096859208472,16.0220932179163,1.24742691221948,1.17934567856639,54.9714662186196,39.7501872987233,0.0163752874899616,0.0148840955709595,8.49152370656944e-05,0.00183522373246409,0.0342025783692987,6.68052072652801e-05,4.82377678021327e-05,4.0109415566434e-09,9.33503770445234e-06,0.000176907181298056,-383.751336164149,0.181262067155612,0.139853909672911,0.955,0.753930554487951
"constant",200,"pg_apf",179,184.458,829.578519951846,1913.88841883147,279.502421484383,255.554168628284,9849.21887209017,836.556669224437,7671.80068918648,570.897792198026,4.49738433655275,10.3757409211391,1.51526321159496,1.3854328282226,53.3954551826983,41.5910434309517,0.0113249929009532,0.00982240265777988,4.73651939798013e-05,0.00155974434003882,0.0249218310542485,6.84693925340828e-05,5.09224467031795e-05,3.86642986190404e-09,1.0478942327733e-05,0.000168175231380812,-399.332896057567,0.230452729399235,0.166159365979334,0.915,0.685393011742441
"constant",200,"pg_apf",17,183.329,573.069488288671,1379.64035925278,262.384593420142,349.181604033385,9914.79195141085,572.819217172819,7266.60541810276,770.491327163219,3.12590745756902,7.5254889256625,1.43122252027853,1.90467195061002,54.0819616722441,39.6369664270397,0.00602992878376194,0.00516971878905164,1.24300975552854e-05,0.00126483169790481,0.01329011141535,6.4486011793379e-05,5.43134823675497e-05,1.59339052714084e-09,1.30517757731563e-05,0.000140607892856797,-381.243925832713,0.232478133955074,0.14399405795002,0.82,0.605739201062302
"constant",200,"pg_apf",180,184.159,1040.45539039205,1585.80265875701,248.146852711891,169.080785972964,9619.0326697994,1041.99501858791,6311.18924120108,409.833720868036,5.64976672544946,8.61105163883934,1.34745981848235,0.918123936234255,52.2322160187631,34.2703274952681,0.00919722960378546,0.00771661209902263,3.55699266402494e-05,0.00152132645926112,0.0207282346413425,8.05819467565471e-05,6.42757348777698e-05,3.58063317181634e-09,1.29785884648763e-05,0.000187987123569139,-393.418543392561,0.210980193069518,0.143515354120184,0.91,0.661033569048262
"constant",200,"pg_apf",181,184.198,820.976340083381,1680.04648940906,234.221013240194,183.975236744503,9607.79208094426,822.021970683426,5454.22606507067,388.650243070306,4.45703178147092,9.12087259041391,1.27157196734054,0.998790631518819,52.1601324712769,29.6106693073251,0.00801279307328053,0.00669894589194086,2.70839514113997e-05,0.00124825363417232,0.0184713106413565,9.49663678064321e-05,7.83897744336587e-05,4.15609641975408e-09,1.37221356022299e-05,0.000222082853950435,-381.717446988075,0.189440840449138,0.141893203877297,0.895,0.648574579859231
"constant",200,"pg_apf",182,185.012,690.152273850289,1427.36355290994,199.16691823878,263.828650622992,9530.95174374611,691.695655415799,5776.65035191668,477.213314799243,3.73031086551299,7.71497823335753,1.07650810887283,1.4260083163416,51.5153165402574,31.2231117544628,0.0068491829813522,0.00574908710713483,1.8892883448924e-05,0.00127168388588264,0.0151885421196396,9.89850950857927e-05,8.04643754942103e-05,5.01522056652174e-09,1.44504120942001e-05,0.000230237932831422,-377.692474114438,0.215366870412834,0.149253603076405,0.895,0.633307753859307
"constant",200,"pg_apf",183,184.164,928.01679306824,2587.80959332787,276.303882609983,318.347924117919,9441.14726102636,918.481798025068,7850.73104344251,715.531941402461,5.03907817525814,14.0516582683254,1.50031429926578,1.72861104297213,51.264890320727,42.6290211085908,0.0103110609305466,0.00885881069876648,4.31542832795265e-05,0.00146052322539884,0.0231920469830672,6.93355150044632e-05,5.77875066976021e-05,2.11820524436987e-09,1.2522406188887e-05,0.000156952166834135,-396.978162378828,0.202410617180576,0.138978315136064,0.92,0.67916577335156
"constant",200,"pg_apf",184,187.71,1363.75388216224,2965.1717896784,179.382936887721,136.082543278084,10184.2749010833,1230.0936805744,6155.53575327253,302.3688750919,7.26521699516402,15.7965574006627,0.955638681411333,0.724961607149773,54.2553667949675,32.7927960858374,0.0135532681989049,0.0114867603116021,7.46628158676118e-05,0.00180791743000083,0.0303584465222922,7.77939430096099e-05,5.81215027857627e-05,4.16342449934271e-09,1.19176000255202e-05,0.000204815921126424,-399.963274546003,0.199183279906265,0.143990079008983,0.925,0.715580408485742
"constant",200,"pg_apf",185,183.83,486.253429852666,1179.62057963579,311.434318497426,354.069097898868,9758.77490239805,484.487978999366,6759.63505150328,902.090102127876,2.64512554997915,6.41691007798396,1.69414305879033,1.9260680949729,53.0858668465324,36.771120336742,0.00683599375888363,0.00577083990770617,1.89393738812803e-05,0.0012479399762409,0.0152403871083897,6.20545398115305e-05,5.26814976295987e-05,1.33854318440962e-09,1.1946916965331e-05,0.000135106987663488,-393.920033855048,0.229893553347649,0.163058983632093,0.85,0.621061628087928
"constant",200,"pg_apf",186,186.116,877.34394133283,1796.75269748746,313.356019501895,299.584096056716,10617.7642853528,883.08148788192,7438.1585245419,854.447509407729,4.71396301947618,9.65394000240422,1.68365975790311,1.60966330705966,57.0491751668466,39.9651750765216,0.00775192874137813,0.00666619990816178,2.25334340852389e-05,0.001327792200018,0.0167954727948657,5.68901940687691e-05,4.77352100982494e-05,1.22949766863537e-09,1.14477559236056e-05,0.000125536736078263,-406.427076697396,0.227971678532077,0.165720374136236,0.85,0.619915414803739
"constant",200,"pg_apf",187,184.066,953.141213237377,1840.87639969946,151.212293878494,236.573366657671,10184.2699518521,956.483376826216,6964.24647751176,364.245390982643,5.1782578707495,10.0011756636177,0.821511272470169,1.28526380025464,55.3294467845886,37.8355941755227,0.0108903757750083,0.00963797854846021,3.92238139514956e-05,0.00168587057353292,0.023141565054622,7.64302043353906e-05,5.96980795651678e-05,3.67596013333308e-09,1.11472550538326e-05,0.000185742522541168,-386.875358300619,0.197801672460205,0.139127580312025,0.915,0.685821631379867
"constant",200,"pg_apf",188,185.116,647.921971511298,1421.02920399226,198.476928513873,233.355512063705,9993.27996097672,681.593957525501,6310.97045861927,491.272817094034,3.50008627839462,7.67642561416765,1.07217597892064,1.26059072183769,53.9838801669046,34.0919772392406,0.00895131643298755,0.00746752816498476,3.54435093711328e-05,0.00141311621932322,0.0204405960130745,6.82393107712916e-05,5.54147036065431e-05,1.98299534367073e-09,1.21028053914215e-05,0.00016058448021321,-386.825819268032,0.202275465798531,0.147943929804918,0.895,0.655817957139608
"constant",200,"pg_apf",189,184.237,854.202281741677,1911.38446727424,245.488736430137,240.722207210084,10242.7671861128,860.542178370864,6793.79491755327,423.274791604443,4.63643177940195,10.3745961303877,1.33246164684692,1.30658992064614,55.5956034136075,36.8753014733917,0.00979170319648235,0.00850019528304854,3.48302328033072e-05,0.00149217935932894,0.0214218139486621,7.18936127996146e-05,5.66070470173809e-05,2.95416454515959e-09,1.23191118800354e-05,0.000167138684915428,-383.294877172438,0.194420698378592,0.146719139719616,0.91,0.676743507425958
"constant",200,"pg_apf",18,187.348,2421.12293432197,8304.47264663606,404.167105133239,271.501579369043,14132.4934927292,351.137451613602,12123.397179471,887.99548687137,12.9231320020602,44.3264547613856,2.15730675071652,1.44918322783827,75.4344508226891,64.7105769982652,0.0331545708192869,0.0306951195406873,0.000193103516384036,0.00979894042131985,0.0604877372041209,6.19036017493944e-05,4.76209449198066e-05,2.66735375724113e-09,1.05953190158282e-05,0.000153252896321914,-389.50350684428,0.216321430657238,0.164293293284847,0.98,0.886720778665489
"constant",200,"pg_apf",190,183.632,603.791452794428,1350.99335941598,222.029160573753,228.252627350245,9796.91299447187,611.660903699752,5936.37729935243,385.37240222101,3.28805138970565,7.35706935292313,1.20909841734421,1.24298938828878,53.3507939491585,32.3275752556876,0.0085602338079476,0.00748700388745398,2.51896856937035e-05,0.00132923890529217,0.0181195853292128,8.82001799522618e-05,6.92579738038519e-05,4.33717269540302e-09,9.80584475149836e-06,0.000215877110658142,-378.864329928095,0.219484470942349,0.155380738534341,0.905,0.658159440820798
"constant",200,"pg_apf",191,184.481,906.209742524949,1822.60784964752,167.646381866816,166.901598325085,9411.26259818516,894.503707666553,5330.39286147574,261.070678437077,4.91221178617283,9.87965074803109,0.908746059847982,0.904708876930874,51.0148069350511,28.8939937526127,0.0111623201048579,0.00985416381578344,4.81106006192624e-05,0.00137351023180692,0.0244043196942528,9.22445650312105e-05,7.10870282058299e-05,5.38121282059799e-09,1.2167309515407e-05,0.000226458887165007,-390.645227815106,0.23270465796544,0.179255577587126,0.935,0.709692634872766
"constant",200,"pg_apf",192,186.85,1546.12773281034,3388.05794187823,263.766629381559,221.888903815105,11274.4252394586,1552.4369660003,8472.70368202639,491.097642560314,8.27470020235663,18.1325016958963,1.41164907348975,1.1875242377046,60.3394446853551,45.3449487932908,0.0167439882939208,0.0155253815842507,6.97525239271366e-05,0.0026733466753176,0.0331162967095675,6.36712034129042e-05,4.60714450793772e-05,3.31166634584643e-09,9.25687642681585e-06,0.000170617455228532,-381.236860646927,0.191233533042425,0.144382851517399,0.945,0.747072969140962
"constant",200,"pg_apf",193,183.046,612.620293169325,1268.61052173008,344.726619104009,319.018395796938,10023.5132001555,613.270774484414,6891.23843630203,1048.46802730658,3.34681060044647,6.93055582602234,1.88327862452066,1.74283183351146,54.7595314847387,37.6475773100862,0.00629197071038979,0.00539707868722973,1.31536820396678e-05,0.00127178889672546,0.0137316780239211,6.26986642562562e-05,5.29749227590126e-05,1.61126002649426e-09,1.30819373014239e-05,0.000139613415480674,-382.250033342977,0.244648603805386,0.196129328919644,0.805,0.619690886062734
"constant",200,"pg_apf",194,184.224,1025.33213943166,2451.00594823011,191.432306440623,282.855075792198,10708.9515469169,1001.18776746975,7457.90199904889,525.417725977694,5.56568166705566,13.3044877335749,1.0391279444623,1.53538668030332,58.1300565991232,40.4827926820006,0.0082618427283923,0.00708989812410058,2.56136227522577e-05,0.0012197377913969,0.0182447746181975,6.1437373994099e-05,5.21650265911156e-05,1.48771913652468e-09,1.13760959086915e-05,0.00013420452573925,-403.973036008095,0.21480341884294,0.155858143308682,0.905,0.632016761751466
"constant",200,"pg_apf",195,185.124,1166.35325836475,2158.47915975811,279.334271965579,202.309057969178,10055.2114787,1171.01212480205,8750.45699654463,558.459392320817,6.30038924377581,11.6596398076863,1.50890361036699,1.0928299840603,54.3160880204619,47.2680851566768,0.0112617265526478,0.0100035985280671,3.99440798851623e-05,0.00189005932001238,0.0234803213747564,6.7238816788367e-05,5.30404584647482e-05,2.50938821720064e-09,1.09873047294548e-05,0.000165530187692549,-388.034082031351,0.220505636299927,0.14253773991124,0.9,0.683556226445749
"constant",200,"pg_apf",196,184.26,1083.97642455083,2182.19646628725,227.046717120214,219.649110625563,10494.4827182185,1103.93026096669,6571.98590449585,412.064456175787,5.88286347851316,11.8430286892828,1.23220838554333,1.1920607327991,56.9547526224816,35.6669157955924,0.0107014517927787,0.00929318191553614,4.19767477573305e-05,0.00155438716344196,0.0232622182614485,6.96544821475686e-05,5.41957879217168e-05,2.63547154229648e-09,1.26625839102703e-05,0.000171378047387247,-387.839883455126,0.178911560633335,0.125319841763691,0.925,0.675810934712579
"constant",200,"pg_apf",197,186.26,2019.49048871536,5253.6192339281,485.679648726942,119.990116308754,12696.8660659358,1145.864425889,10083.1962425964,419.324488443431,10.8423198148575,28.2058371841947,2.60753596438818,0.644207646884751,68.167432975066,54.1350598228091,0.0260849899405866,0.0247597421837814,0.000127335602946603,0.00726327296079569,0.0505272090279055,7.0417944287654e-05,4.776010952543e-05,5.37404928786304e-09,1.01232030349689e-05,0.000200911455281583,-374.747939460484,0.197455752696964,0.145542347541417,0.96,0.830299179814055
"constant",200,"pg_apf",198,184.418,802.000874135337,1697.854431325,222.541196124574,314.594287181923,10402.2053438734,808.685217557082,6693.65486366408,590.75735609497,4.34882101603605,9.20655484456507,1.2067216655889,1.70587625493131,56.4055859182583,36.2961037624531,0.00858250462093863,0.0073316543371736,2.57225487630404e-05,0.00166809155262865,0.0188179920998853,6.45826229363427e-05,5.55110443041917e-05,1.48671456068295e-09,1.1937585757515e-05,0.000140847905205044,-416.522723110059,0.215634660809478,0.169010559762487,0.88,0.639077207658322
"constant",200,"pg_apf",199,183.85,1048.51909576353,2467.22603301863,181.968240672697,165.701736600849,9667.68031136542,964.233464706808,6495.70414470773,319.901534333306,5.70312263129469,13.4197771717086,0.989764703142218,0.901287661685337,52.5846087101736,35.3315428050461,0.00994969855317457,0.00827898683889708,4.26831114993339e-05,0.00125554068658822,0.0226470416227855,7.44629837749557e-05,5.65432254038139e-05,4.26122730538793e-09,1.203556807301e-05,0.00018882685104239,-401.467477891555,0.198682140765967,0.145584919202001,0.905,0.673980670130391
"constant",200,"pg_apf",19,184.51,1443.82729401654,3121.4508754183,153.129222154352,121.769548087268,9821.7641364877,1014.54109770539,7075.49131137013,119.135694585151,7.82519805981542,16.9175159905604,0.829923701448981,0.659961780322303,53.2316087826551,38.3474679495427,0.0169923570292012,0.0151827693311172,9.77571665262278e-05,0.00193080273471093,0.0359546951348737,7.48459483623246e-05,5.57691069488995e-05,4.41578773723445e-09,1.06285810926913e-05,0.000194659282275172,-390.495342099331,0.195337187922901,0.150718892857981,0.955,0.762282440941837
"constant",200,"pg_apf",1,183.567,1412.76494574484,3167.75075181145,295.560251952364,191.543404671424,11734.7026339895,858.250131124405,6602.04239821878,408.060700847339,7.69618148003094,17.2566460845983,1.6100946899626,1.04345227993824,63.925992329719,35.9653009430822,0.0165843277406246,0.0155731537345969,6.42112292082621e-05,0.00302766823966791,0.0322592454376881,8.68227559931275e-05,5.94998354839286e-05,6.7282430306514e-09,1.08905689214835e-05,0.000247206552731203,-369.863139291127,0.222834457571973,0.16217418883996,0.93,0.75536424780939
"constant",200,"pg_apf",200,185.84,728.063027325686,1895.30054661968,209.070226915929,203.724909151883,9789.74779985075,717.299367020282,7050.26907659595,413.522430201939,3.91768740489499,10.1985608406139,1.12500122102846,1.0962382111057,52.6783674120251,37.937306697137,0.00975905717602154,0.00847358512092809,3.49750646443954e-05,0.00165979699019216,0.0217989408162997,7.97288013541221e-05,6.21902322960308e-05,3.70657001442784e-09,1.10255091939161e-05,0.000204300336027974,-396.972647601763,0.181019849619494,0.114189187568008,0.92,0.665316019760088
"constant",200,"pg_apf",20,183.748,1063.75337975967,2553.02345582309,198.16302233404,251.822638886048,10167.9333179725,1065.7290523234,9002.26727565019,559.014641872777,5.78919705117697,13.8941564306718,1.0784499550147,1.3704782576466,55.3362938261776,48.9924640031466,0.0106919952798333,0.00941315500429711,3.66369134500498e-05,0.00176444938014379,0.02246975823956,5.99668986726672e-05,4.79424105682771e-05,1.72960683804421e-09,1.2102709012899e-05,0.000140045658578854,-394.737146175971,0.204033590948596,0.146276443612813,0.905,0.672976324548504
"constant",200,"pg_apf",21,184.972,792.146771449183,1500.85284288244,255.895817097327,233.775677210514,10342.1275880538,795.659688545471,7147.72478721867,501.295827980878,4.28252260584944,8.11394612634581,1.38343001696109,1.26384359368182,55.9118547026242,38.642198750182,0.010602073659862,0.00906764891004911,4.03507494014207e-05,0.00180090965241261,0.0232128049899682,7.26793050333464e-05,5.88975989757754e-05,2.36474549591122e-09,1.19217357838699e-05,0.000172262580273318,-395.82927444038,0.196726885866241,0.130930094376055,0.925,0.676467359436489
"constant",200,"pg_apf",22,183.465,709.501234046342,1655.53520606684,271.871001782247,243.803447362054,10218.402496015,713.114448871536,6513.85764800596,544.100457863503,3.86722935735068,9.02371136765508,1.4818684859905,1.32888260628487,55.6967405009949,35.5046338429998,0.00751285822097289,0.00640497780285947,2.09223376614077e-05,0.00118787373871749,0.0165928753738422,6.92819301095859e-05,5.72683333368768e-05,1.99195990525557e-09,1.21909031283299e-05,0.000156654198181498,-401.967480518267,0.228659980022534,0.151025639845034,0.89,0.622483371079014
"constant",200,"pg_apf",23,184.65,688.635984210165,1793.56194281496,253.855380403509,171.381028665157,9065.1423712738,683.133893439111,5268.67039471226,434.70777854222,3.72941231632908,9.71330594538292,1.37479220364749,0.92813987904228,49.0936494517942,28.533281314445,0.010125054892577,0.00838472511406382,4.46466094894934e-05,0.00151849850558475,0.0231669064632715,7.7151947264523e-05,5.94179456430337e-05,4.02165493693115e-09,1.21795704088065e-05,0.000192126703310964,-400.976242953669,0.221016010925471,0.164903107052992,0.92,0.684001512775329
"constant",200,"pg_apf",24,184.658,1247.06782993531,3480.36004462748,217.80426620983,216.035582093354,11621.3118219992,1140.80833291232,8928.50504178383,478.255742858374,6.75339183753377,18.8475995874941,1.17950084052589,1.16992267918722,62.9342450475973,48.3515744878848,0.0130632161859117,0.0118296815872216,4.94258907580917e-05,0.00218817020883442,0.0264293369188319,6.16030410745662e-05,4.64311981162112e-05,2.95166860166474e-09,9.68175941004479e-06,0.000151955957091024,-397.385110764698,0.197520585407912,0.148830791984628,0.935,0.703690212522365
"constant",200,"pg_apf",25,184.277,1022.31736646406,2222.15586161033,213.041213929753,179.956673250986,9468.70396597046,1025.51648230655,5175.61210413932,297.414940267064,5.54772091180157,12.0587803231566,1.15609226289636,0.976555257850875,51.3829938948998,28.0860449439665,0.0103920331496057,0.00866494816433166,4.60094188397325e-05,0.00145951539133629,0.0239481487464747,0.000109992378421555,8.57714630008786e-05,7.13145065464418e-09,1.1088116879919e-05,0.000274311163357707,-403.734906938087,0.224704879725658,0.178179359454786,0.91,0.681694449570991
"constant",200,"pg_apf",26,184.42,1773.21801047866,4484.9590994985,203.81294085342,193.338740085285,10881.5595130414,777.94010173563,8503.37759019634,551.077622268136,9.61510687820552,24.3192663458329,1.10515638679872,1.04836102421259,59.0042268357086,46.108760384971,0.0192797792969292,0.0176006899625017,0.000103917021438428,0.00298317107629208,0.0388067784331414,5.84566534657457e-05,4.54084000492405e-05,2.02729169939747e-09,9.78363332462062e-06,0.000141271947221358,-385.307170674823,0.186547485715757,0.141231428151705,0.95,0.772790837470935
"constant",200,"pg_apf",27,184.459,1108.29982227758,1881.25250003106,213.278720768339,200.10133733483,10292.44722533,1147.22668057772,6323.90374745094,417.465605279521,6.00838030281842,10.198756905497,1.15623916842409,1.08480116088036,55.7980213778129,34.2835196301126,0.0124156298777038,0.0106953172379332,5.60974046415632e-05,0.00155930506899592,0.0274327938915082,7.18491505813219e-05,5.31749996994075e-05,4.6342873118791e-09,1.08717325351839e-05,0.000183889617513142,-388.100191790359,0.190312665153607,0.131724921321981,0.93,0.698720241964139
"constant",200,"pg_apf",28,184.581,1483.19161968681,4273.14729735277,403.958594839756,169.13761098524,12208.9437077338,1467.69976659946,9998.53801408115,591.668939294697,8.03545120942465,23.1505263128533,2.18851666661117,0.916332726473687,66.1440977550981,54.1688365220752,0.0202465741920671,0.0188113907665048,9.79433535673722e-05,0.00371395347189707,0.039798374824972,5.88019791079164e-05,4.76330499529612e-05,1.75412127526592e-09,1.03508345008457e-05,0.000135767758912844,-378.138710932504,0.183797668695313,0.137439751668838,0.95,0.7910908391344
"constant",200,"pg_apf",29,184.539,1167.70487680162,2517.83497239799,198.228427633637,198.489535608236,10245.3643003759,1168.00793295792,6678.9054421987,369.265057016646,6.32768616282531,13.6439179382027,1.07418175905168,1.07559667933735,55.5186941534086,36.1923790754187,0.0133264565612196,0.0117444881990541,6.13462467603718e-05,0.00184272046603695,0.0285073809854387,8.6196506379562e-05,6.43746915059095e-05,5.69491438912794e-09,1.21509803154904e-05,0.000228143175338444,-398.247047125908,0.172543115436171,0.122706491289766,0.94,0.705396478959069
"constant",200,"pg_apf",2,183.581,998.266207939735,2116.28331300729,220.111492649669,261.021211521857,9984.62491114233,998.684496718724,6716.84819355437,883.722983150781,5.43774251115167,11.5277905284713,1.19898841737254,1.42183129802026,54.3881170226894,36.5879268200651,0.00771794653873855,0.00632200196362731,2.44460777787501e-05,0.00136387673696328,0.0178865836848347,6.49571232750196e-05,5.47297551997482e-05,1.92525549277239e-09,1.27811420411368e-05,0.000145748110566154,-402.068505948135,0.25149735843344,0.179070275152228,0.865,0.616305699559783
"constant",200,"pg_apf",30,184.43,1055.0664577489,2403.00902362855,310.54016424974,293.612403361923,10418.7159486187,1074.60448759353,7425.72291580632,812.323151520903,5.72068783684272,13.0293825496316,1.68378335547221,1.5919991506909,56.4914382075513,40.2630966535071,0.011334965467103,0.010128102559181,3.97052494753485e-05,0.00177996118977907,0.0237282113691287,7.09081397298575e-05,5.66247811756629e-05,2.46125433326192e-09,1.13267589874094e-05,0.000170813496135288,-391.49990601946,0.212341274753988,0.136831933461858,0.915,0.681784890035887
"constant",200,"pg_apf",31,183.617,580.41446923816,1198.79220100728,177.552585743808,188.609896967372,9756.08506545398,583.958524228548,5722.02751563451,350.557718113638,3.16100616630356,6.52876477127543,0.966972479366336,1.0271919101574,53.1327985178604,31.1628417610271,0.00763369791435596,0.00627050865358468,2.42321931208293e-05,0.00133788554598427,0.0176974429015397,8.92651522847543e-05,7.24598438896281e-05,3.98376220885644e-09,1.43645653372307e-05,0.000211277005217716,-382.511086176273,0.216842137419756,0.158015404236664,0.89,0.653270235084467
"constant",200,"pg_apf",32,184.116,1839.91646128523,4778.20053095502,257.669261391157,212.473530075698,11221.4411719037,1019.88122066214,8944.98064801316,431.604807116906,9.99324589544215,25.952120027347,1.39949413082599,1.15401991177137,60.9476697946062,48.5833965978685,0.0183386357440867,0.0170020685797311,8.86236943364525e-05,0.00242142030017289,0.0360551300419603,6.45090377222609e-05,4.7924144982905e-05,2.8738239355885e-09,9.72995254888854e-06,0.000174144164469927,-394.196307218355,0.203531558469136,0.155265197346232,0.955,0.756312906294933
"constant",200,"pg_apf",33,184.656,2092.7254940103,5004.47489096459,308.335598605522,260.890486576552,12485.7650849542,617.752908742092,10814.4968133101,853.050937889285,11.3331031431976,27.1016099718644,1.66978380667577,1.4128459761749,67.6163519460739,58.5656399646373,0.0255904597321248,0.0235833453364631,0.000158238907027414,0.00387564419080344,0.0501357123204179,5.77096170901958e-05,4.57082266353275e-05,2.00887159116196e-09,1.09446347611116e-05,0.000139782415452084,-395.738682551081,0.163427881569509,0.111839434417099,0.965,0.817981775619394
"constant",200,"pg_apf",34,195.052,1504.43308140111,2214.34521327237,154.159554455456,120.430631617054,9666.04593555486,1493.86600567456,5592.48111242241,205.43681072599,7.71298464717668,11.3525891212209,0.790351057438305,0.617428335095531,49.5562513358225,28.6717445215758,0.0140976537093554,0.0127277771491879,7.46823491869157e-05,0.00143245153677482,0.0304648869686479,9.42150527018083e-05,7.24508105307546e-05,5.66791004330167e-09,1.08060198497905e-05,0.000247612350172189,-386.796073337255,0.202423116707513,0.14737540033059,0.94,0.732506030932326
"constant",200,"pg_apf",35,184.448,739.759666184447,1380.12561486459,164.497164874275,119.070159871963,9982.52827110585,737.489230123611,5042.33110491833,224.067046600944,4.01066786402914,7.48246451501016,0.891834906717749,0.645548663427976,54.1210979306138,27.3374127391911,0.0102601822909845,0.00905559585150738,3.70604273377279e-05,0.00145789613211988,0.0219268434271456,0.000114497631570264,8.94810328029312e-05,8.37203931419622e-09,1.17025437185204e-05,0.000285879399037817,-387.05758186159,0.208732877560708,0.153668975538344,0.895,0.681476147568653
"constant",200,"pg_apf",36,185.082,827.561518190808,1607.04944413752,237.763133784652,200.621196470593,10001.3663193602,830.462490455279,6396.22546308094,457.837488373957,4.47132361975129,8.68290511307162,1.28463672201863,1.08395844258541,54.0374878127543,34.5588737050656,0.0131612632229788,0.0118672104453718,5.12323006876769e-05,0.00213400354800524,0.0274439315947556,7.88467135735207e-05,5.84153492642376e-05,4.45366277280886e-09,1.0415879017689e-05,0.000207091832056617,-384.938785684749,0.227225805298534,0.167364441982846,0.92,0.719035823445589
"constant",200,"pg_apf",37,184.95,938.48754243748,2360.96459651702,136.742168093183,134.141454384131,9867.94233665997,916.361901067784,6741.46714135979,197.802732779735,5.0742770610299,12.7654209057422,0.739346677984227,0.725284965580594,53.3546490222221,36.450214335549,0.0124387650254748,0.0110319853415544,4.89203330104181e-05,0.0018762622837273,0.0262676234363671,7.43113102617506e-05,5.70503018765907e-05,3.58284871679448e-09,1.243152646019e-05,0.000188995120893067,-376.95057279757,0.222832107824583,0.173181028226917,0.92,0.725702513756684
"constant",200,"pg_apf",38,184.5,1517.8556771626,3864.93815060466,228.887304787049,168.83251209718,10561.5990546771,1019.48915733486,7129.76841469274,528.643297909398,8.22686003882166,20.9481742580198,1.24058159776178,0.915081366380382,57.2444393207431,38.6437312449471,0.016776995909238,0.0153261413440551,8.02115185430409e-05,0.00236156518421047,0.0341030074923015,6.75431800956606e-05,5.25540373793897e-05,2.83384242533305e-09,1.02730641125447e-05,0.000165852722476815,-393.755903199599,0.201497451113212,0.159420597596861,0.955,0.752925587956533
"constant",200,"pg_apf",39,185.872,1826.04181441119,5489.32047726167,399.05656336674,267.664235537562,11882.0820807487,1307.34226846454,9570.79592940774,1044.94604497355,9.82418984253244,29.532799331054,2.14694286049938,1.44004602918978,63.926153916398,51.4913269852788,0.0232152187492068,0.0210633898067572,0.000131352643196538,0.0057050932049699,0.0467749355032083,6.16503688912893e-05,4.72899795166222e-05,2.74991441735231e-09,1.09876906447393e-05,0.000150858254302837,-388.177537880039,0.187004046675655,0.141358584053786,0.965,0.814466087679954
"constant",200,"pg_apf",3,184.305,905.597732762839,2619.31525315603,232.897812294232,221.747421009097,10684.6523148074,887.550891985502,8878.28650623004,480.050224088847,4.91358201222343,14.2118512962536,1.26365433544522,1.20315466758415,57.972666584235,48.1717072582407,0.0155432370407399,0.0141195351331181,6.91531824493061e-05,0.00205699638501259,0.0318070841137044,6.1724181802121e-05,4.71945340582824e-05,2.52473231683749e-09,1.06273065973697e-05,0.000160843100465138,-389.04906376694,0.221359769333208,0.167729526698901,0.895,0.736298354794782
"constant",200,"pg_apf",40,184.115,860.742326904629,2024.65996545981,329.049668144012,212.695013797281,10070.8189680184,857.224417430359,8355.23652173038,863.801810543238,4.67502553786834,10.9967138226642,1.78719641606611,1.15522914372691,54.6985252044561,45.3805313077717,0.00983148570566589,0.00863238525620583,3.33358595395028e-05,0.00156549995269833,0.0210737542536189,5.7107143225645e-05,4.47555359038121e-05,1.84437062639888e-09,1.03057480332703e-05,0.000138737104047898,-388.436170230365,0.256498656704483,0.194508253294878,0.83,0.665727006013725
"constant",200,"pg_apf",41,184.032,1294.37116850461,3267.99105813535,201.891327294644,191.956782734216,9856.62148398166,1093.60367079965,7420.47379241544,378.512455463876,7.03340271531368,17.7577326667935,1.09704468404758,1.0430619823412,53.5592803641848,40.3216494545266,0.014407910001557,0.013085361637601,7.09326967565582e-05,0.00159562876446006,0.0306113253106904,7.80006182528242e-05,5.78182897826292e-05,4.6638101445609e-09,8.4037817349332e-06,0.000209363705931738,-386.335454729971,0.192183382663706,0.146082276460991,0.945,0.724692137020622
"constant",200,"pg_apf",42,183.915,850.565198285917,1823.71942719685,250.502441357045,233.820351056502,10164.9855778718,860.408231502416,6363.53509638093,492.36144178722,4.62477339143581,9.91609943287308,1.3620555221545,1.2713500859446,55.2700191820777,34.6004137584261,0.00799428186224089,0.00687266267203691,2.41883951771797e-05,0.00143588497790154,0.0175955369694836,8.4022440083241e-05,6.60321720871075e-05,4.01200010274274e-09,1.4310009582021e-05,0.000207581948825088,-374.432977797686,0.205943420005291,0.151260638350229,0.885,0.648320480736394
"constant",200,"pg_apf",43,197.37,743.459093891539,1744.32044355689,218.134790015188,230.933900073329,9705.14383207331,743.958274985661,6324.58441402397,625.751005333074,3.76682927441627,8.83781954479857,1.10520742775086,1.170055733259,49.1723353704885,32.0443046766174,0.00872166170749224,0.00747964721461693,2.99916357169164e-05,0.00158194944572221,0.0195834103758982,6.85979370119049e-05,5.57969195525912e-05,2.57423118236171e-09,1.11121302179387e-05,0.000157424077125035,-397.212511866713,0.218907480335175,0.157667772408789,0.895,0.64839540555055
"constant",200,"pg_apf",44,184.183,1009.59155067989,2974.65417107752,177.8973968146,264.737960225523,9726.04980169052,1005.07119093889,6590.4159577597,451.035453754221,5.48145893312571,16.1505359945137,0.965873054595699,1.43736371014438,52.8064468582362,35.781890607492,0.0141072881409055,0.0125457509607012,6.89513195751196e-05,0.00168891622081092,0.0303888319302837,6.6848313202844e-05,5.28711775337522e-05,2.56513827911747e-09,9.70166076027157e-06,0.000160424199298724,-390.1223170834,0.197727500241826,0.150291538573269,0.93,0.727808665137751
"constant",200,"pg_apf",45,184.63,1399.61661563151,2467.00207091806,194.357123699009,210.743213553985,9902.07509510635,836.009678844438,7582.39997677038,558.067124783685,7.5806565326952,13.3618700694256,1.05268441585338,1.14143537645012,53.6319942322827,41.0680819843491,0.0181341061137538,0.0158389079309778,0.000120514937251198,0.00183632510091265,0.0398679404902564,6.99549487071792e-05,5.31605667397342e-05,3.30442117433827e-09,1.10038757144062e-05,0.000177639547656081,-394.051229129158,0.214913161718049,0.155511048027393,0.955,0.767093847303716
"constant",200,"pg_apf",46,189.716,1304.70518460908,3405.39821403352,318.031529454511,275.242847065091,11323.3868223416,1277.51831423859,10084.8595282,851.368934170505,6.87714892053956,17.9499789898244,1.67635586589698,1.4508151503568,59.6859875937803,53.1576647631198,0.0183691849735301,0.0167625770055629,7.99689557898384e-05,0.00432666618640427,0.0364828764722341,6.85596508819219e-05,5.28383712086453e-05,2.86700960792386e-09,1.03679272647666e-05,0.000171937168263645,-390.368696342389,0.19131964676804,0.136177868543832,0.955,0.753699341796374
"constant",200,"pg_apf",47,186.182,965.796506098818,1651.28649259255,245.398482817843,230.491136428166,10267.2906893033,967.279913728336,7078.40062904156,556.015188926417,5.18737851187987,8.86920589848937,1.31805697015739,1.23798829332678,55.14652699672,38.0187162509886,0.0100480724253592,0.00859305815589118,3.7570046892977e-05,0.00153281753480319,0.0221165713352476,6.56589036212053e-05,5.34845025602514e-05,2.27698529170005e-09,1.30972763506902e-05,0.000149725339097507,-415.209104548762,0.268539729995821,0.19481299236831,0.785,0.658975541841073
"constant",200,"pg_apf",48,183.647,755.174361783985,1851.29448501993,259.210392118578,308.910088819658,10088.3135655354,754.073441101128,7383.85630386743,709.471851091418,4.1120974575353,10.0807227181491,1.41145998637918,1.68208622422178,54.9331792271882,40.2067896773017,0.00723110415343403,0.00610113052266024,1.96147441241502e-05,0.00128545027336023,0.0160720228739515,6.61517812560635e-05,5.49585191784258e-05,1.77247277589323e-09,1.38072570875986e-05,0.00014782421771018,-400.606641769009,0.210813040018694,0.143924117754531,0.885,0.617353789634664
"constant",200,"pg_apf",49,184.722,1439.99639170606,2152.62614824741,196.666737016071,214.379908035048,10361.1841557592,1268.49381469898,5891.33651556273,424.280460960256,7.7954785662025,11.6533285057947,1.06466331577219,1.1605542817588,56.0906884711034,31.8929879254378,0.0147452828034615,0.0129768189840167,8.02182040022215e-05,0.00176647627959288,0.0318565329380614,8.97534459659148e-05,7.34812112720912e-05,4.38678376396252e-09,1.08594426820714e-05,0.000216425932929695,-384.302909918334,0.228311540505382,0.16747101130899,0.895,0.724132564660274
"constant",200,"pg_apf",4,183.683,959.362644016282,2057.82559892313,257.314728432529,136.499078528454,10107.9913411881,946.125118437808,6938.09607789732,405.227982694749,5.22292560561556,11.2031358314223,1.40086305446083,0.743123089934585,55.0295418802398,37.7721186930599,0.00867964539618908,0.00739985009257656,2.80904239765821e-05,0.00142012372618449,0.0192403150810447,6.95047763090023e-05,5.76111633448981e-05,2.1440364564243e-09,1.25960862041423e-05,0.000158662428086957,-392.676716184275,0.211984614649687,0.160650508895619,0.885,0.6474644942916
"constant",200,"pg_apf",50,183.651,1175.25582774374,2077.94546090145,288.380501780594,281.161700673721,10537.5874801225,1169.2998968449,8017.64733904805,662.779852726324,6.39939792183948,11.31464277843,1.57026371640009,1.53095654624108,57.3783288962354,43.6569762160187,0.0100448684491632,0.00891342248935082,3.18912425680037e-05,0.00140440061271683,0.0209832346236995,6.24742394535509e-05,5.263101454343e-05,1.56154540546284e-09,1.08921225051518e-05,0.000140800789144512,-397.321317478165,0.19747116101928,0.136056527464556,0.915,0.657566470407726
"constant",200,"pg_apf",51,184.218,1162.79206855527,2329.0351920742,206.264783846293,269.362078319016,9012.77021798883,713.672140409819,7155.85910005539,603.077652142702,6.31204371209798,12.6428209625237,1.11967768538521,1.4621919590866,48.9244819615284,38.8445162799259,0.0149460240757264,0.0128265481511395,9.15424776224616e-05,0.00191907558680039,0.0342949933625985,6.81160815551696e-05,5.54484065732403e-05,2.28832764312194e-09,1.28041425322614e-05,0.000161906286004755,-391.487535248108,0.219015618230073,0.178378184966582,0.93,0.747427443677807
"constant",200,"pg_apf",52,186.81,1855.18183707166,5807.93126041796,409.321842654788,222.765938366692,12241.740512504,1681.63374293957,10380.7275256013,735.649458580091,9.9308486540959,31.090044753589,2.19111312378774,1.19247330638987,65.530434733173,55.5683717445604,0.0303947501509774,0.0284836477653624,0.000178492260670384,0.00744605834632347,0.0577010690112422,6.02551288940801e-05,4.62546729252742e-05,2.00000770628976e-09,1.12518581918761e-05,0.00014900437356298,-384.42125071442,0.211979333156724,0.163124457750239,0.96,0.86966566786179
"constant",200,"pg_apf",53,185.725,1641.9821351509,4683.7404817187,327.790064758621,295.607442024087,11804.241956551,1261.41115556495,10468.4442754738,948.241674648138,8.84093221241568,25.2186861312085,1.76492160322316,1.59164055471308,63.5576360562714,56.3652942548055,0.0240297949173112,0.0223804170369076,0.000139087162930238,0.00422276734370607,0.04611750066143,5.85478294252218e-05,4.60810409381395e-05,2.14174591899081e-09,1.07249463668125e-05,0.000137195366758872,-387.258544664576,0.174040508350275,0.117647798109421,0.96,0.818744501789769
"constant",200,"pg_apf",54,185.283,1052.1564035456,2222.21311678922,173.001531929381,274.558431247655,9880.17887749972,1067.85967493944,7720.69146260742,527.492824450589,5.6786451187945,11.9936158027947,0.933715084111228,1.48183282463936,53.3247997792551,41.6697239498897,0.0132595170563375,0.0117696849997892,5.77155797174556e-05,0.00181224629590249,0.0281015048327564,6.86917472691833e-05,5.3608352357989e-05,2.71257561777576e-09,1.13492648214646e-05,0.000168229356068229,-391.321721396213,0.18998114084145,0.126503595725919,0.935,0.701241275159167
"constant",200,"pg_apf",55,184.279,1252.00188758945,2864.53998188839,205.359429935039,215.473627103405,10562.4348282531,870.847964710041,7845.57170660768,407.541620426131,6.7940562277278,15.5445817585747,1.11439409772703,1.16927933787032,57.3176261443414,42.5744208868492,0.0153900805065758,0.0141001763958703,6.67616490906402e-05,0.00180411377284,0.0309855624080182,7.16692679457634e-05,5.49166735117676e-05,3.69396868866353e-09,1.02174394071576e-05,0.000177653312201844,-387.313840115318,0.185832637480504,0.12978899301789,0.945,0.730983838279446
"constant",200,"pg_apf",56,185.983,1394.92871006625,3248.45092464431,268.18657703925,240.590452942971,10470.5378340635,1387.12535779421,7809.9828031511,634.314890603767,7.50030223228063,17.4663863075889,1.44199511266755,1.29361529248894,56.2983597106373,41.9929929248969,0.0107129374191263,0.00930068845799048,4.38686448876861e-05,0.00145717789357223,0.0233297899089537,6.67903548643527e-05,5.33436002695503e-05,2.61160011737014e-09,1.12041805135491e-05,0.000154894973027038,-410.227415920116,0.198197334576517,0.124145739963923,0.92,0.676410243881413
"constant",200,"pg_apf",57,186.354,825.510617248755,2164.18256433432,267.989945681736,197.611568670326,10433.259720912,826.291379068768,8208.51241281011,441.559710626914,4.42979821870609,11.6132874225094,1.4380691891869,1.0604095896537,55.9862397421683,44.0479539629421,0.0137284759832766,0.0117492254843331,7.01817760781224e-05,0.00184357422060364,0.0299388538295209,6.33388323315141e-05,4.82691675371965e-05,2.50948245476291e-09,9.95726502340055e-06,0.000161340323974427,-397.516228541777,0.204975626179875,0.154302081730161,0.925,0.723069714507196
"constant",200,"pg_apf",58,183.432,629.787833611103,1580.93143597653,253.183534807663,193.784283990079,9813.94233409414,632.241920436433,6678.89248152455,490.832499460433,3.43335859398089,8.61862399132393,1.38025826904609,1.05643663041388,53.5018008531453,36.4107270352204,0.00817078365903189,0.00725365750845652,2.29131874641327e-05,0.00133858937974386,0.0175333543180655,6.86717333230169e-05,5.50727160940106e-05,2.65245044611537e-09,1.10643463656282e-05,0.000158157936342244,-384.617650947714,0.205307414500769,0.131745752556027,0.885,0.642619339260233
"constant",200,"pg_apf",59,184.538,1335.17354325121,1921.4551010311,268.607544397581,221.744127272388,10523.6692352362,1137.02920778748,6980.22013885151,527.850773796469,7.23522279016358,10.4122462638107,1.4555676575967,1.20161770081169,57.0271122220691,37.8253808909358,0.014443194457137,0.0126555456994514,7.29312861560752e-05,0.00167128988885142,0.0308493364867097,6.0608789375711e-05,4.95037855827455e-05,1.62043315374253e-09,1.13120836155846e-05,0.000140102192977795,-395.279152483181,0.21007854781327,0.156347998142915,0.92,0.715828759937534
"constant",200,"pg_apf",5,184.918,1501.41387470027,3466.84164262159,306.242309492225,260.038667910778,10529.2561260257,1366.6500727408,8242.64641457593,650.417107547623,8.11934952087019,18.7479944765874,1.65609788929269,1.40623772651001,56.9401363092059,44.5746028757392,0.0170087957973298,0.0153188617479292,9.5169208455636e-05,0.00179691416501356,0.0347315766555198,6.45467196728291e-05,5.11266539319197e-05,2.41936081681183e-09,1.06744403737214e-05,0.000150237323561812,-394.659183030774,0.186795178382342,0.130566851240205,0.95,0.74122319389234
"constant",200,"pg_apf",60,184.574,889.409926714566,1721.1225024598,234.080774880914,222.470540718176,9432.44346379712,887.240078186782,5953.74196355986,490.046763231861,4.81871729883172,9.3248372059976,1.26822182366375,1.20531895455576,51.1038578770419,32.2566665053575,0.00829419570023033,0.00699342016508607,2.92636739711228e-05,0.00121166435419269,0.0188653542025636,7.15741019570744e-05,5.60247192086225e-05,2.64188336813271e-09,1.15930744123544e-05,0.000172597190384133,-389.112127263534,0.199109459489661,0.140213199556275,0.885,0.645905291623382
"constant",200,"pg_apf",61,183.88,715.516052590578,1342.83618685236,291.037924582174,244.319703779165,10145.2488496469,710.458418259371,7291.05093251703,581.439093228212,3.891211945783,7.30278544078945,1.58276008582866,1.32869101467895,55.1732045336464,39.6511362438385,0.00953261070403556,0.00817372371768624,3.38047986525993e-05,0.00147469900011399,0.0213999740320392,6.86497663088615e-05,5.40338357653762e-05,2.52568153484783e-09,1.25429872449776e-05,0.000161434241141507,-388.540339230449,0.226138785800452,0.15575321402604,0.865,0.673706233323952
"constant",200,"pg_apf",62,185.228,1324.79351647464,2083.65494262841,199.523632935535,213.144247985015,10976.7474170591,828.773354268267,7401.63469723946,386.436715578228,7.152231393065,11.2491358899756,1.07717857416554,1.15071289429792,59.2607349701939,39.9595887081837,0.017328722264462,0.0153316369261803,0.000100361692311776,0.00255468609448071,0.0370227946277404,7.76513525205822e-05,6.09716719436613e-05,3.74961525243923e-09,1.09068934696456e-05,0.000192983087381234,-384.872956791383,0.185332155934325,0.131961366831819,0.955,0.762453663526196
"constant",200,"pg_apf",63,183.841,674.033133682453,1534.5556717128,260.568061241069,237.060836401489,10294.1269178891,679.642398411495,5804.11383994529,486.52327672727,3.66639179335651,8.34718953722402,1.41735554768016,1.28948839704685,55.9947286943014,31.5713787454664,0.00779028556783801,0.00656021341076128,2.44817498093942e-05,0.00140157178123012,0.0178895681563629,6.96804333485505e-05,5.62576808419006e-05,2.16332516439796e-09,1.26600798918139e-05,0.000165286814053455,-393.052472780827,0.228022893801395,0.181361446542864,0.875,0.646237920133798
"constant",200,"pg_apf",64,184.116,1250.24571935374,2634.22647335083,243.764828737331,166.716761193756,11314.396082892,1255.94734029985,6400.82429242423,339.091444764373,6.79053270413075,14.3074283242675,1.32397417246373,0.905498496566059,61.4525412397185,34.7651713725273,0.0175475003081239,0.0162381527679237,7.8787795126982e-05,0.00289684734893607,0.0348017088525122,8.79235703271533e-05,6.07730154881216e-05,7.60852237883907e-09,1.01145236304711e-05,0.000248081787378072,-378.349396915095,0.199978331289888,0.143801970121187,0.93,0.762538079801813
"constant",200,"pg_apf",65,183.68,713.914326961084,1708.12724684761,274.923724904797,328.453714033596,9928.79533370989,718.206964428502,6066.66400640594,651.207764829569,3.88672869643447,9.29947325156581,1.49675372879354,1.78818441873691,54.0548526443265,33.0284408014261,0.00815584496650945,0.0067081683863301,2.95532417847266e-05,0.00133212067517042,0.0188887958393466,7.16219403025353e-05,5.92755707665741e-05,2.08973398881296e-09,1.42896104392937e-05,0.000162197171545296,-395.297203090116,0.208144863093651,0.158606874776443,0.885,0.648945021750675
"constant",200,"pg_apf",66,185.143,2186.98507132998,7575.25619077644,370.288886622623,259.638146833594,11156.2677889078,2096.57544811585,10466.545942215,804.206892829609,11.8124102522373,40.9157040275703,2.00001559131387,1.40236545175132,60.2575727351712,56.5322261290729,0.0225221168673622,0.0206800557343144,0.000123476523969183,0.00446518179538052,0.0452895714053326,5.49614219761601e-05,4.44366927056898e-05,1.49545027150732e-09,1.0114106661258e-05,0.000128217464058104,-388.5967407815,0.198897244245463,0.14608118787704,0.95,0.799962270323284
"constant",200,"pg_apf",67,185.834,1808.66713465771,5867.46788552197,351.375540036888,296.932227180257,13313.7107518978,660.25755152082,12220.840971104,1118.13666350412,9.73270302881984,31.5737049491588,1.89080329776514,1.59783584909251,71.643029541945,65.7621370206961,0.0261192299990391,0.0244439581590905,0.000121305555868918,0.00751249655394779,0.0478510251483486,5.80152705966694e-05,4.5439618400439e-05,1.7961769933073e-09,1.04941769218808e-05,0.000142323075995502,-393.344049227903,0.1798249148085,0.136442413081556,0.965,0.821041703082913
"constant",200,"pg_apf",68,184.815,547.439956306262,1256.38669148509,242.875899677382,221.372409563764,9118.41259072017,546.101817575682,7620.137468942,715.065029503899,2.96209699594872,6.79807749092386,1.31415685781664,1.19780542468828,49.3380547613569,41.2311634279794,0.00752678157942682,0.00638988348612292,2.13028669464462e-05,0.000986908681366672,0.016688347681241,6.46175584755634e-05,5.30341809189806e-05,1.89633690483988e-09,1.25340400061505e-05,0.000148352653624119,-395.386449869019,0.217663921080086,0.147077261784996,0.88,0.637199590393934
"constant",200,"pg_apf",69,183.707,598.616336290006,1563.40314579541,250.570122170379,333.59186737095,9734.78432274262,600.926630183454,7527.00237808281,916.155880117652,3.2585385221576,8.51030796755382,1.36396611000332,1.81589088804972,52.990818655482,40.9728664562745,0.0083804080355869,0.00709072173026814,2.93325552895406e-05,0.00137177195069357,0.0187544302242159,6.44840273694153e-05,5.50181513839304e-05,1.48715759686565e-09,1.20799936614922e-05,0.000143812286628155,-393.388054603157,0.232826480125598,0.181364747281318,0.88,0.651556695595681
"constant",200,"pg_apf",6,185.152,1001.03732324451,2179.02114848163,211.829344093396,202.982349134782,9789.53299828098,926.43145760184,5465.68429503576,327.173612705226,5.40657040293655,11.7688231749137,1.14408347786357,1.09630114249256,52.8729530238992,29.5199851745364,0.0112081221774381,0.00931779994533828,5.75191284792596e-05,0.00152178224476638,0.0259425738628476,8.8592388120033e-05,6.99286867536108e-05,4.82912123222582e-09,1.01154572975947e-05,0.000223435781989611,-399.900109832386,0.205700558417002,0.156755355407463,0.905,0.691514765930766
"constant",200,"pg_apf",70,184.172,673.459690493631,1362.12561224923,220.138191213477,259.45298385568,9415.65480318346,671.349506205998,4992.46621547031,540.81429252841,3.65668880445253,7.39594298942961,1.19528588066306,1.40875368598745,51.1242469169225,27.1076288223525,0.00748384098979571,0.00615325563315417,2.45319985639506e-05,0.00122840769738979,0.0170713903626507,8.85784079517575e-05,7.31839278640514e-05,3.57420324221182e-09,1.22666891412481e-05,0.000206868358392065,-392.396840623861,0.226600076875148,0.169489829636751,0.86,0.650749383174735
"constant",200,"pg_apf",71,184.407,1499.42627154542,3579.33127301776,280.041908784249,186.22488371515,10451.9017602095,1038.15689397564,7296.54553955385,665.00990863691,8.13107024974878,19.409953380391,1.51860780113688,1.00985799733822,56.6784436610839,39.567616953553,0.0194693933414045,0.0176703742349454,0.000107128073003023,0.00286729374750553,0.0396899913463867,6.25302172609634e-05,4.73241890404152e-05,2.51459156066434e-09,9.18830961095307e-06,0.000161921512075495,-393.59958315428,0.233471955788552,0.186362474082283,0.925,0.772770069587264
"constant",200,"pg_apf",72,184.92,1426.01475990504,3483.74519828983,177.756721577286,132.577087518294,10280.0345837561,960.24467182243,7781.66610054006,240.075261368187,7.71152260385595,18.8392018077538,0.961262824882574,0.71694293488154,55.5917942015794,42.0812573033747,0.0171169470631626,0.015354325609167,9.94834775635196e-05,0.00241950513665717,0.0367039058907548,7.35165456119364e-05,5.55532509890899e-05,4.24878829532899e-09,1.02287790258886e-05,0.000184926791427717,-394.339052189912,0.159132960970523,0.107398133698392,0.955,0.761607191316155
"constant",200,"pg_apf",73,185.816,1096.42949670226,2823.09832650545,295.802682539644,230.067810246371,9368.36714930457,1084.2174461485,8333.64641827397,600.957622233513,5.90061941222637,15.1929776042184,1.59191179736752,1.23814854612289,50.4174406364606,44.8489173067657,0.0111525352518598,0.00963882201406658,4.6363853269372e-05,0.00182406533373966,0.0240908138614424,6.23781956586704e-05,5.05295454738981e-05,1.97319566842316e-09,1.00555160981437e-05,0.00014807363376639,-396.338041061503,0.223867143276985,0.162263320862924,0.915,0.68035864764376
"constant",200,"pg_apf",74,184.693,1570.73322969068,4761.02147101051,348.015606198478,153.222766321922,11470.4323896569,1065.45281015709,10042.9516880375,819.590234093499,8.50456286751894,25.7780287883705,1.8842923456681,0.829607869935092,62.1053986326333,54.3764608731108,0.0202825483132431,0.0183586687439403,0.000116217951495774,0.00349987093670824,0.0406849263179214,5.27000114081349e-05,4.22347762184053e-05,1.43455741367043e-09,9.63386274527896e-06,0.000124018490476198,-402.636461702032,0.169013727772692,0.115974668662739,0.955,0.785616283591285
"constant",200,"pg_apf",75,184.915,1259.77375311144,3628.94923674842,265.276793328552,178.81230844368,11035.2021865559,1203.31223457565,8234.74262573338,402.072168732203,6.81271802239644,19.6249586931748,1.43458774749778,0.966997314677989,59.677160784987,44.5325832178751,0.0163560587150981,0.0148765710594483,7.8485782879744e-05,0.00211657120452877,0.0331014962092678,6.67708214595073e-05,5.04542754101554e-05,3.1309235353451e-09,1.06932904190299e-05,0.00016747031022135,-393.300156414405,0.174634335252319,0.125304545294089,0.94,0.746241189472887
"constant",200,"pg_apf",76,184.326,1812.24940057993,4691.21340782805,246.4209033675,240.023761435926,10944.8275583541,1014.66841225892,8543.12608478212,605.851998255783,9.83176220706752,25.4506331598801,1.33687544550145,1.30216985903196,59.3775569282361,46.3479166519217,0.0193847776381644,0.0169882214693999,0.000134487275199957,0.00237657279994458,0.0415381943748817,6.13102098839517e-05,4.75414476872166e-05,2.06955893272202e-09,9.56347197119735e-06,0.000149698793224852,-396.8608150543,0.160281075971543,0.112448950565929,0.965,0.774228647645011
"constant",200,"pg_apf",77,184.058,683.991996869139,1682.18509648536,272.783312048722,317.623901656105,9953.10441383108,686.944473221342,7540.86336570201,669.507681469506,3.7161764056392,9.13942939989223,1.48205083206773,1.72567289471854,54.0759131025605,40.9700386057765,0.00857591777203866,0.00730659116260103,2.66822517526302e-05,0.00168010018925164,0.0190125990035053,6.8859772319721e-05,5.49112050627729e-05,2.28950717954122e-09,1.21891663441878e-05,0.000164015535828326,-390.743507832967,0.204233462064572,0.13977783535393,0.9,0.651061774626607
"constant",200,"pg_apf",78,183.989,1104.61814974842,2747.07470164586,235.711267090708,216.987351051702,9925.34829067233,1103.80110236388,6278.34031032448,458.123042524588,6.00371842745176,14.9306464062844,1.28111608351971,1.17934958639757,53.9453352682624,34.1234547191652,0.0138582562972947,0.0125488333956748,5.93516555556961e-05,0.00201249613401273,0.0285446207821383,7.26854688802235e-05,5.78005664473397e-05,2.94364465912918e-09,1.02144717021775e-05,0.000172967482146387,-391.855150482021,0.206788128525353,0.155143578647308,0.935,0.726009373718079
"constant",200,"pg_apf",79,184.096,751.223310549035,1872.2093204757,186.701955848033,166.30409427985,10033.9767485561,741.198439180879,6045.50897897713,281.273355159313,4.08060637139881,10.1697447010022,1.01415541808639,0.903355283546902,54.5040454358386,32.8388937238024,0.00891944037323567,0.00759808368448094,3.2159943203171e-05,0.00126792398625313,0.0197139286678162,6.80762042289977e-05,5.56726828073219e-05,2.33417338951429e-09,1.08533230941266e-05,0.000157806643335115,-396.724594178995,0.195516426495849,0.13403400001866,0.9,0.653890260001968
"constant",200,"pg_apf",7,183.584,765.098346070364,2063.45471709709,175.188084068347,165.671731910599,9811.81088759055,749.629736537316,7135.14073083342,289.839698743349,4.16756550718126,11.2398396216287,0.954266624914735,0.902430124142623,53.4458933653834,38.8658092798578,0.00985897100584584,0.00838744496060962,4.20306443380286e-05,0.00142982444633019,0.0227901525335833,7.80317526397191e-05,6.40918310535602e-05,2.76016981888344e-09,1.24849585544575e-05,0.000181826851496854,-397.077496268572,0.185753473246969,0.136138154284593,0.935,0.667583883924584
"constant",200,"pg_apf",80,183.676,530.624936521739,1223.81382796668,236.462124919526,283.317811617485,9838.86130050503,520.089461797311,6739.7025446426,794.124509058156,2.8889181848567,6.66289459682636,1.28738716500537,1.54248683343216,53.5663957212974,36.6934305224558,0.00801601969732684,0.00670074676397124,2.34130844013465e-05,0.00146501189762592,0.0178444728030822,7.56078804482304e-05,6.09974424589409e-05,2.66948830318444e-09,1.22216733855919e-05,0.000178930313397784,-394.350612645239,0.220831160257285,0.164643300702477,0.865,0.647885786891615
"constant",200,"pg_apf",81,183.925,649.209021582195,1459.95826009316,348.026490270328,291.831708450348,10481.5543206862,653.661130296695,7384.92524210426,1102.05595587534,3.52974865614894,7.93779127412348,1.89221960185036,1.5866886418396,56.9881980192264,40.1518295071592,0.00662216416344412,0.00560375639274283,1.64447188950429e-05,0.00117179442564494,0.0144734634017224,5.47987855465956e-05,4.63153276393697e-05,1.24017121352551e-09,1.1574413870834e-05,0.000119009602577001,-393.812010532705,0.226130357071237,0.169775666494039,0.85,0.611504700468635
"constant",200,"pg_apf",82,183.606,856.865074644432,1744.17020456355,238.853136224678,156.11871277022,9876.45280868131,865.782299576986,5305.4786078478,290.460690826604,4.66686859168236,9.49952727341999,1.30090049467162,0.850291999009945,53.7915580573691,28.8959979948793,0.0106102687560864,0.00936670198242158,3.80216069387296e-05,0.0015213110715506,0.022339257272723,8.97096994402683e-05,7.00599564007221e-05,4.97022410433137e-09,9.72689588792243e-06,0.000228740351735018,-384.82736681919,0.216349536212084,0.154229385859769,0.895,0.681430917897901
"constant",200,"pg_apf",83,184.498,1425.84960170336,3692.9482729132,257.836309815426,193.293356953724,11145.2584926902,1419.43639423197,8224.04678551701,492.132139955246,7.72826589829355,20.0161967767304,1.39750192313968,1.04767182817009,60.40855994477,44.5752625259732,0.015337281910042,0.0140053743469357,6.59594654711197e-05,0.00240099498442827,0.0310912572817685,6.4087552433001e-05,4.87485948650905e-05,2.34195547359177e-09,1.16072159726697e-05,0.000162104705399095,-385.040084076364,0.156964736112157,0.103425917302673,0.945,0.73032541940462
"constant",200,"pg_apf",84,183.385,629.404466964389,1479.98027370152,299.429997524837,152.438283112073,9976.08901095556,632.765860280263,6760.1751191576,439.942212191408,3.43214803263293,8.07034530469513,1.63279438080997,0.831247283649549,54.3997001442624,36.8632937217199,0.006659876275566,0.00574576533452306,1.65146155193946e-05,0.00113207366102017,0.0144549535924968,7.58102050434306e-05,6.24235326018529e-05,2.7028913204009e-09,1.28808116139805e-05,0.000176541734199814,-398.205467677237,0.21790566096954,0.161851770800876,0.88,0.61293392405747
"constant",200,"pg_apf",85,184.429,789.187648957833,1862.83312987887,200.8737250546,285.321716418732,9485.83720211318,783.84842854972,6433.95880091749,581.166408997651,4.27908652629376,10.1005434605125,1.08916561416371,1.54705451105158,51.4335446275433,34.8858303245015,0.00961788529312902,0.00775988291506821,4.38239377918501e-05,0.00129530695423978,0.0234588089190563,6.88348680108783e-05,5.84271349268744e-05,1.90410717340046e-09,1.29252613817818e-05,0.000148492044318107,-386.477996598398,0.19888856881968,0.136744025314277,0.89,0.668595048960074
"constant",200,"pg_apf",86,186.167,1341.66638285147,2998.69038733423,347.760327140848,178.568080068924,11783.3271078383,1349.24122072121,7794.75276638479,465.277400006093,7.20678951076972,16.1075291933277,1.86800199359096,0.959182239972304,63.2943921738993,41.8696802676349,0.0228266216367453,0.0207588654440491,0.000136290333902433,0.00406520513139521,0.045627044333969,7.51617206416856e-05,5.58016424340439e-05,4.01547221366423e-09,1.02709505663725e-05,0.000198214270637311,-403.12945785593,0.202268280426764,0.160318160991622,0.955,0.798124207212178
"constant",200,"pg_apf",87,190.243,1153.21358983626,3321.68415723279,166.613698581567,185.338255506072,10512.5230308563,1132.47565566218,7524.16122550918,465.105871340882,6.06179249610372,17.4602174967426,0.875794108490545,0.974218528440321,55.2583960033028,39.5502658468863,0.016087445863705,0.0144884536868106,8.6513438346149e-05,0.00173311107068625,0.0333027391914467,6.31687811129686e-05,4.98780262740024e-05,2.23982270377251e-09,1.05507056592697e-05,0.000151829415896629,-398.825387794796,0.181200684362156,0.132737291149088,0.95,0.74078636603155
"constant",200,"pg_apf",88,184.328,1140.02036348754,3044.46845100877,307.848687479261,278.023540510085,11585.7941798137,1117.8352103395,8203.69679620985,619.914422372337,6.18473787752018,16.5165815883033,1.67011353391379,1.50830877842805,62.8542282225909,44.5059719424605,0.0123024895549596,0.0110108701996681,4.37331689673061e-05,0.00213615175196474,0.0252847417188253,6.141254828732e-05,4.96144970541787e-05,1.78586951283753e-09,1.09439368079389e-05,0.00013892791835301,-399.259992441027,0.185019986494898,0.131321727306555,0.925,0.694982768442724
"constant",200,"pg_apf",89,184.126,438.112358032698,1255.69610784678,271.81186316738,236.923298485313,10158.2488245447,435.630884166915,6797.86869216184,412.231514963577,2.37941604136677,6.8197653120514,1.47622749186633,1.28674548127539,55.1700945251876,36.9196566055953,0.00730673872321137,0.00601215983502564,2.14950381556908e-05,0.00138952705670377,0.0167125496725281,7.29546512249551e-05,5.99179558313839e-05,2.3041849176787e-09,1.30747887397643e-05,0.000170604289421117,-393.260688878396,0.2219648650587,0.167111833700337,0.85,0.639970956626358
"constant",200,"pg_apf",8,184.642,1136.70223812895,2787.021204938,215.869427835468,273.025076574432,9699.91252728772,1138.17786488082,7659.22853250518,667.614758591392,6.15624959721486,15.0941887811982,1.16912418537206,1.47867265613691,52.5336192593652,41.4815076337192,0.0118453157216232,0.0100678249556823,5.90348655626338e-05,0.00131561629120741,0.0268646025206474,5.9865495747273e-05,4.83998444424913e-05,1.65665043235184e-09,1.11859536296984e-05,0.000138664953478168,-405.76849587748,0.209675214195085,0.146927306580891,0.91,0.679413657927685
"constant",200,"pg_apf",90,186.281,1312.41908285562,3809.95705083495,188.441011514336,131.4152380017,11676.3113709926,1132.02212206602,7303.10550268333,200.125397095126,7.04537275865828,20.4527410247687,1.01159544727769,0.7054677503433,62.6811718371308,39.2047793531457,0.0213710514086036,0.0201629226228251,0.000106816584052545,0.00289681342527626,0.0414083034964332,8.75489559239633e-05,5.77619151994518e-05,1.07808639027867e-08,1.04347858131896e-05,0.000249017023994089,-384.054949160441,0.224608041766503,0.157000000160545,0.95,0.804453716972463
"constant",200,"pg_apf",91,184.237,1163.53327028297,1420.78054059611,277.16618478509,238.766297508672,10954.0464980841,1124.8472613797,7618.37869442114,576.837822993576,6.3154158517723,7.71170036744035,1.50440022788631,1.29597365083383,59.4562791300558,41.3509701874278,0.0147310601325645,0.0133010349424709,6.4861169982976e-05,0.00260138144132018,0.0304807466694756,7.2785293694841e-05,5.65421452007544e-05,3.69185183749969e-09,9.79652126020178e-06,0.000177619842999092,-387.740167519833,0.2202436473786,0.168953137736017,0.925,0.728257864566646
"constant",200,"pg_apf",92,183.761,724.805313730116,1636.45616935745,287.020754295256,239.736538302149,9452.25328216183,738.104601092056,6863.27407162484,519.046798458079,3.94428259385896,8.9053508054345,1.56192420750462,1.30461054468657,51.4377549216745,37.3489155567549,0.00789102378161834,0.00650489029970098,2.57881804641962e-05,0.00152150538863882,0.0182368175227872,7.79279536699802e-05,6.03304934752041e-05,5.10050547771084e-09,1.13302035607316e-05,0.000182480336172207,-396.717480176711,0.206057739375709,0.156546839972056,0.89,0.653537243398973
"constant",200,"pg_apf",93,184.326,1825.15592348061,3290.45506269488,291.716447601524,257.049647892018,9987.61269908114,1289.39872968212,7975.9967759123,875.220143496505,9.90178229593554,17.8512801378801,1.58261150136999,1.39453819804053,54.1845029951344,43.2711433867837,0.0202371361415716,0.0185503010897146,0.000112464901432011,0.00317215424915911,0.040384128445984,6.2622599133149e-05,5.01339561860255e-05,1.87233647195064e-09,1.11358446955152e-05,0.000152733292841,-381.100811183772,0.238814269389072,0.18008258396268,0.93,0.788750094987797
"constant",200,"pg_apf",94,184.466,1088.37887894562,2546.71051060924,209.793428516806,233.477647051922,9510.70464530898,1084.64685462681,8120.42911340778,415.532799426017,5.90015980693255,13.8058531686557,1.13730133746493,1.26569474619671,51.558035872784,44.0212782486083,0.0161018358410053,0.0140071889433601,0.000103663421040236,0.00197224485817305,0.0354845544299656,7.48121340284929e-05,5.68062340893043e-05,3.98498871649665e-09,1.1071737751927e-05,0.000190029347198598,-391.16591360697,0.222507684703377,0.160706503159166,0.925,0.74944456721935
"constant",200,"pg_apf",95,184.506,608.046467683115,1555.02116558769,320.731308877372,252.220215401683,9846.66729005583,606.245710937833,6557.31219983027,632.689978007612,3.29553763933485,8.42802491836411,1.73832454704656,1.36700278257446,53.3677348707133,35.5398317660687,0.00697627716317963,0.00590278299627318,1.78881027444022e-05,0.00125034740386352,0.0153843156465349,8.1156161325587e-05,6.91794970075279e-05,2.40094070810132e-09,1.54028075348554e-05,0.000178537985558593,-376.99342331973,0.229777501618617,0.183356549748117,0.86,0.635355927416547
"constant",200,"pg_apf",96,185.09,1994.95563875223,6322.12352795269,512.813299676126,189.258927003502,13362.0965579302,1991.62375541742,10613.5215835745,665.347886716824,10.7783004957169,34.1570237611578,2.7706159148313,1.0225237830434,72.1924283209798,57.3424905914665,0.0287932289870159,0.027167224043677,0.000147266787959438,0.0076333287737399,0.0522401031738547,6.52676115946008e-05,4.567576736598e-05,4.3855134927039e-09,9.94700085958567e-06,0.00017471180683221,-389.831462154274,0.197187866763496,0.154255688640985,0.96,0.849601943089802
"constant",200,"pg_apf",97,185.546,1553.49230808245,2107.89032737018,296.504771196257,211.956639647225,10858.41847856,1082.24965417459,8825.91131884109,671.222780244831,8.37254539619528,11.3604730221626,1.59801219749419,1.14234011860792,58.5214366171192,47.5672411091648,0.0202213952665281,0.0182672693421427,0.000124353477648305,0.00272355680506592,0.0414795489186392,5.92558565217006e-05,4.34035419383421e-05,3.24313178534923e-09,9.34520540935638e-06,0.000152664160688308,-391.877522645249,0.196290019651528,0.148438571174455,0.95,0.777354820442647
"constant",200,"pg_apf",98,185.054,827.990867555298,1962.75046619486,192.851497063528,226.454861634874,9172.51468564555,825.940559063852,5749.78296958855,466.00575403485,4.47432029329438,10.6063660671742,1.04213633352172,1.22372313829949,49.5666923473448,31.0708386178551,0.00998478541820466,0.00844528106573472,4.08054377589592e-05,0.00156149390618924,0.0226362109196622,7.31099915339328e-05,5.90688077698892e-05,2.78485331391943e-09,1.13140039085486e-05,0.000172565381324579,-390.793159079384,0.206581012497645,0.147338018996427,0.91,0.673456505682546
"constant",200,"pg_apf",99,184.666,875.020421457665,1735.45438213222,239.117295891585,276.993693968326,10125.6380151924,888.796745906004,6798.20084427937,591.727960378022,4.73839483964382,9.39780133934897,1.29486367762114,1.49997126687277,54.8321727615934,36.8134948733355,0.00835436334609818,0.00716060693641296,2.74677527394758e-05,0.00124576944978101,0.0185931785261318,7.34805954978438e-05,6.07546371223214e-05,2.86936807376975e-09,1.20041772304307e-05,0.000166215730834297,-406.925635923254,0.212495697761568,0.151718958299538,0.86,0.634332707410871
"constant",200,"pg_apf",9,184.918,886.686433771536,2078.62057572568,315.382296639783,193.199445682759,10247.4784221884,887.081411687055,8073.56772014976,697.825480859787,4.7950250044427,11.2407692908515,1.70552513351747,1.04478442165045,55.4163381725328,43.6602587100756,0.0102950102457081,0.00910418221642673,3.50787397780495e-05,0.00158537663712418,0.0217729325307911,5.96497647078024e-05,4.633895205545e-05,2.25639417299563e-09,8.89633901534024e-06,0.000143153953964301,-400.202854461241,0.229927622251844,0.161918541782869,0.89,0.658738769367344
"constant",400,"pg_apf",100,367.333,622.986663353281,1565.59017380997,166.892928749184,216.943347354464,11698.6650099778,621.873925814065,10223.2500083352,721.646171505891,1.69597249186237,4.26204608300908,0.45433687893324,0.590590410756627,31.8475742990089,27.8310143884028,0.00555595755679264,0.00507864669312631,6.93592207078433e-06,0.00137321833512809,0.0106365238410039,3.54137700268842e-05,3.11926243234729e-05,3.10339501863395e-10,1.01552155143105e-05,7.0609933522592e-05,-787.185573910594,0.158263412633364,0.0975797442905722,0.9425,0.576934615929984
"constant",400,"pg_apf",101,368.915,912.45460556578,2718.03558320928,231.63466763792,351.772404844845,11682.4241899445,906.392627354042,12622.7103971172,1716.04590930559,2.4733464499025,7.36764724451237,0.627880860463577,0.953532398641543,31.6669807135641,34.2157689362515,0.00728032085733087,0.00649816266195076,1.27730109190042e-05,0.00175841419556171,0.0143092468673129,2.84748480433011e-05,2.61244218290324e-05,1.53742587931781e-10,8.96023949850333e-06,5.32270704487763e-05,-803.930957746696,0.207859298512947,0.165984249547638,0.8975,0.612490797875936
"constant",400,"pg_apf",102,370.154,911.987132332727,2763.12304838159,203.058796401756,273.683682185344,11573.5817551188,799.821411460683,11818.154296608,1064.40014802723,2.46380461195267,7.464793162796,0.548579230271065,0.739377886461698,31.2669368833481,31.9276687449224,0.00922948648992237,0.00849113134638658,1.97749213202826e-05,0.00197750298001229,0.0176075135384404,3.09671218269965e-05,2.75653929452566e-05,2.32906176262691e-10,9.61764508232873e-06,6.04151689652001e-05,-774.603318846004,0.177017790089566,0.128523074706582,0.945,0.649252231175078
"constant",400,"pg_apf",103,372.872,1340.44889400485,3861.41980791725,273.084145743111,264.703553047284,12964.6798856668,1191.39457722478,13476.2067835444,1345.24054429134,3.59493041581254,10.3558856870917,0.732380403310281,0.7099046135062,34.7697866443895,36.1416432007347,0.00988742075080432,0.00930199926879881,1.65274634310686e-05,0.00306519803121561,0.0179865275864196,2.97808963628859e-05,2.66245991116179e-05,2.07856591490109e-10,1.02119921563072e-05,5.77611493007105e-05,-779.015167235212,0.175203773209198,0.139888520264294,0.95,0.654771915446087
"constant",400,"pg_apf",104,368.495,715.335665981315,1656.95751843289,232.371120350699,249.064856122878,11119.5598064361,716.708458023613,9604.17827353755,734.250854299531,1.94123574534611,4.49655359891693,0.630595042946849,0.67589751861729,30.1756056566199,26.0632526181835,0.00526972544498439,0.00473846656053533,6.40676657840349e-06,0.00134606192417949,0.0102003799384155,3.68888971632976e-05,3.2585462718801e-05,3.44516832936666e-10,9.92816410764942e-06,7.29250458154342e-05,-777.393107327875,0.16996708366062,0.119814715525798,0.9375,0.586220393952476
"constant",400,"pg_apf",105,369.332,1145.69895606154,3006.48031989412,167.90997452216,194.665487091284,12431.3002917234,1140.26456519866,11847.4132983906,558.302263878207,3.10208418458607,8.140319062237,0.454631536184679,0.527074521274312,33.6588768146909,32.0779496452802,0.00814349776579218,0.0076128261842252,1.3086216644776e-05,0.0022465336788613,0.0153567472471739,3.36042223458289e-05,2.85308992928954e-05,3.40732978148438e-10,9.07904799566019e-06,7.16829366927619e-05,-776.102954769246,0.159342410043091,0.116947293862406,0.9475,0.633121436550192
"constant",400,"pg_apf",106,366.969,463.739137069415,1124.79757699841,150.888185834794,274.561236524485,11446.8002904438,468.718149636782,11040.4881299362,1016.98374157786,1.26370112208229,3.06510243916627,0.411174202275379,0.748186458595918,31.1928263434889,30.0856152152802,0.00411884035692823,0.0037159426947712,3.82982337366099e-06,0.00118480845757692,0.00795394847167781,3.0879915085295e-05,2.75527051090488e-05,2.43237760601876e-10,9.33552513570363e-06,5.94429241164038e-05,-775.933023333587,0.183602669089368,0.123599862100289,0.8975,0.543083512268139
"constant",400,"pg_apf",107,367.593,703.642688131635,1996.88596286714,212.895988697718,274.099964335401,11692.5767108145,695.536399150826,12260.5609079239,1645.11346729159,1.91418957415303,5.43232858859429,0.579162249274927,0.745661545065878,31.8084857731636,33.3536299873063,0.0063794507160389,0.00574561160259972,9.00751353511232e-06,0.00171579210991024,0.0122285366660282,3.09786348734811e-05,2.74670843514255e-05,2.18710754627142e-10,1.00284944779347e-05,5.9924264434153e-05,-771.595587980292,0.179894409370355,0.12745636081458,0.9375,0.605446541636081
"constant",400,"pg_apf",108,367.426,968.599915870294,2888.73175850717,169.490837067205,292.988439579989,10783.9227829263,974.040157726991,12316.3480970478,1191.17355693015,2.63617685158452,7.86207769321487,0.46129244274277,0.797408021152529,29.3499174879467,33.5206221036284,0.00608936549788582,0.00546783468547066,9.63614935094576e-06,0.00131798543145144,0.0122273550777768,2.87981162057017e-05,2.61974314831607e-05,1.54773335557034e-10,1.0085483531193e-05,5.29929831772011e-05,-792.238509108059,0.188714665165936,0.133585952771228,0.9125,0.587621432257968
"constant",400,"pg_apf",109,366.797,622.489486582645,1449.51221036126,211.117496027838,225.232410390993,11476.7334510801,621.552672907422,10462.756956162,623.608195502773,1.69709535951124,3.95181043018689,0.575570400051902,0.614051942603111,31.2890603006024,28.5246524812417,0.00612608744026506,0.00559054490101094,8.89173001951642e-06,0.00136390258652424,0.0118932186776731,3.61226003970056e-05,3.14996252689206e-05,3.63679812800836e-10,1.0930826358012e-05,7.42719889416893e-05,-801.808306167879,0.149651946018977,0.102130424334039,0.9475,0.592308102282484
"constant",400,"pg_apf",10,374.324,592.147904135997,1384.64131837199,196.395334364521,254.773810436445,11864.3873759312,592.536624148897,10669.3221506529,853.909438070674,1.58191273906027,3.69904499410134,0.524666690793326,0.680623765605317,31.6955027621292,28.5029069753821,0.00556262194358891,0.00506186787468936,6.48800517515178e-06,0.00171402058114946,0.0107988578705707,3.33125854379151e-05,2.93230339398801e-05,2.88192975472886e-10,1.02672819855244e-05,6.70272624371e-05,-780.417635882511,0.174848962052767,0.115538264209856,0.9225,0.582764966433743
"constant",400,"pg_apf",110,366.456,876.38581447801,2161.81087456213,285.089844940954,261.552703874132,11585.870337609,878.63912725167,10532.4127993299,1045.67551750492,2.3915171657116,5.89923721964474,0.777964735032185,0.713735629582083,31.6159930185588,28.7412753491002,0.0053765913014235,0.00499362959919509,5.48516852135021e-06,0.0016121334271203,0.00989240145725491,3.34220176257288e-05,2.9231474611464e-05,2.79226250648298e-10,1.03223282791338e-05,6.77431508606979e-05,-795.379396304412,0.199096774904856,0.150367325255878,0.915,0.576040482839728
"constant",400,"pg_apf",111,367.754,1076.2489174185,3196.92333483037,190.666366697042,240.395776461376,11444.3971704967,1078.91262026632,11812.0908067316,778.452174929322,2.92654578174132,8.69310282099004,0.518461707274544,0.653686367684311,31.1197082030288,32.1195440613334,0.00823174281413447,0.00745710023284386,1.70117396856923e-05,0.00189202977625971,0.0161456183382552,3.43842915893681e-05,2.94191706754437e-05,4.46467627065929e-10,9.16375028537339e-06,7.17450793281065e-05,-788.83765043771,0.160635737053682,0.117260036312065,0.945,0.636790713961427
"constant",400,"pg_apf",112,366.678,813.685455133564,1787.59843651855,251.99230325352,301.727608509918,11556.6552765247,830.599261754217,11727.8320340527,1181.94176068303,2.21907356081784,4.87511777777383,0.687230494476135,0.822868043651153,31.517176586882,31.9840078599009,0.00531045796062588,0.00480235244524932,6.93085193419898e-06,0.0013897307976857,0.0103727873369219,3.26163428327744e-05,2.93305949218622e-05,2.53517630914277e-10,9.33454067565016e-06,6.3789263455385e-05,-798.936998961519,0.193409236430883,0.131976797219902,0.8875,0.57196975398018
"constant",400,"pg_apf",113,366.147,573.409356812168,1564.8821029173,162.052550391569,199.235927608311,10713.9736441122,571.510916493534,8742.89669762286,426.75048166162,1.5660632391148,4.27391758751896,0.442588770061122,0.544141909146629,29.2613995037846,23.8781055085058,0.00527659863766567,0.00472339195775971,7.4813209042836e-06,0.0011062701497597,0.0104865326303874,3.85406569792191e-05,3.437759770811e-05,3.52894210551415e-10,1.14948368098393e-05,7.51838097234174e-05,-765.918087667845,0.206380552701759,0.166906553707523,0.8825,0.590712431730885
"constant",400,"pg_apf",114,367.322,1110.367670025,3164.4114038822,302.274697488416,198.600435681379,12480.978887012,1121.78505550512,11939.6875652673,678.295471754484,3.02287276565248,8.61481589418058,0.822914765487544,0.54067122492358,33.9783048306716,32.5046895238163,0.00885808173167727,0.00843649807988713,1.3290541977818e-05,0.0024745853181554,0.0158115435115521,3.84933512089261e-05,3.29866096640587e-05,4.21039609875709e-10,1.08063566191488e-05,7.98859731716724e-05,-767.899152607485,0.17520564548452,0.122163989509658,0.9225,0.64698148101499
"constant",400,"pg_apf",115,368.834,448.765608032711,1347.26642674771,260.58821147457,241.454860385576,11770.8009116599,446.493905361527,10900.1764575921,1045.4820675759,1.21671431601401,3.65277178011711,0.706518952901765,0.654643716104199,31.9135462339695,29.5530684741431,0.00470110957410845,0.00429834320547668,4.65211853150598e-06,0.0013781576071679,0.00885585113672011,3.17998757900698e-05,2.8201283618799e-05,2.50397953582432e-10,9.21658953318246e-06,6.34489354977373e-05,-806.681961866452,0.175609516795801,0.129125928051914,0.9175,0.559190949430502
"constant",400,"pg_apf",116,368.197,706.376096645526,1806.53809306337,222.607543436214,136.236277030404,11496.1006491277,707.118917586959,10819.4084241321,448.675222279183,1.9184732538438,4.9064443574048,0.6045881510067,0.370009198962522,31.2226896175897,29.3848359007056,0.00598315328694826,0.00539910100655027,8.46176305514121e-06,0.00158984751960552,0.0117283660973795,3.25818541939931e-05,2.85550001321943e-05,2.81796623598109e-10,8.89302714881184e-06,6.66052490051187e-05,-797.035686442027,0.184603020734174,0.133643139244708,0.9175,0.590834247330088
"constant",400,"pg_apf",117,367.167,467.016326211025,1093.20638615223,303.584697976781,257.176536031637,11639.1677181401,471.475142900673,10323.445066926,1046.73295565762,1.27194526254,2.97740915210852,0.826830020063842,0.700434777721411,31.6999286922303,28.1164839621371,0.00460013765085088,0.00421973386416335,4.08182125419486e-06,0.00138653961875805,0.00864388263442231,3.38080926188378e-05,3.01317416044893e-05,2.59218870745795e-10,1.08882415504294e-05,6.58151334542997e-05,-769.801641802085,0.182625211230195,0.125934791226417,0.915,0.562774596755465
"constant",400,"pg_apf",118,369.158,1238.40482806974,4087.72807394807,235.909967074546,259.091908925429,12522.6663663345,1245.06313137984,13114.8903244441,1214.83628339387,3.354674226401,11.0731125262031,0.639048773355978,0.70184557540519,33.9222402503387,35.5264963090171,0.0110480355489072,0.0102374927351066,2.17265297206135e-05,0.00288750194845941,0.0204792174334298,3.31188218791428e-05,2.83777249810062e-05,3.49193246483066e-10,9.36952294177851e-06,7.00151637846629e-05,-788.461241426051,0.179383457666752,0.125167854327078,0.9425,0.661595592613567
"constant",400,"pg_apf",119,369.447,993.48808183883,3472.83989795593,185.739953783053,194.468226116489,12623.5737537165,745.832489346536,12174.2856926756,659.169545402526,2.68912207120055,9.40010312157339,0.502751284441485,0.526376519816073,34.1688354587168,32.9527258109435,0.0108158457186487,0.0101827331483463,2.15749708180656e-05,0.00306273381585813,0.0202174433807885,3.46628610711395e-05,2.87218579270189e-05,4.16745615841613e-10,9.57608730594285e-06,7.72749133873673e-05,-799.077544238719,0.171400441539594,0.126124157874851,0.9525,0.664962070081647
"constant",400,"pg_apf",11,375.326,856.482304561452,1614.92273655213,231.651751932874,232.39095632727,12129.1902282391,864.786366459598,11414.6939654499,765.873979379672,2.28196902042878,4.30272013277026,0.617201451359283,0.619170950926048,32.3164135398002,30.4127450947974,0.00749594209046123,0.00694481403929808,1.12061087025505e-05,0.00193949885417621,0.0139430686724262,3.35475910230748e-05,2.88402126480467e-05,3.98844085422607e-10,8.83459986245342e-06,7.1185873982607e-05,-796.843884520454,0.173641905584817,0.130926297414246,0.93,0.611769056604253
"constant",400,"pg_apf",120,368.52,558.931519824774,1263.82190684801,160.666737977784,261.209733327731,10717.969166599,557.302262427252,9568.57080188751,615.442413711522,1.51669249925316,3.42945269414959,0.435978340328296,0.708807482165774,29.0838195120996,25.9648616137184,0.00589287116912565,0.00536612180435808,8.83765817333302e-06,0.00136950574522282,0.0114842517216359,3.65441373900842e-05,3.18513880039145e-05,3.87123202225566e-10,1.03713601758266e-05,7.4435778173062e-05,-787.222479069185,0.179335514749471,0.123330592071537,0.935,0.595963618414132
"constant",400,"pg_apf",121,366.577,706.865308999182,1875.83306967358,238.379008108252,311.793045317351,11698.9500044409,709.593040460946,11671.3205302451,923.145809996376,1.92828603267303,5.11715974999408,0.650283591464419,0.850552667836092,31.9140317162312,31.8386601730198,0.00612878562442403,0.00557111624607085,8.44336308486089e-06,0.00156208550753522,0.0120087751102222,3.02442727770226e-05,2.67455923108988e-05,2.28632412175816e-10,9.52949020935265e-06,5.83079110186481e-05,-790.674107196824,0.166511215259738,0.114725800993349,0.9275,0.588181200781513
"constant",400,"pg_apf",122,368.595,831.910720422105,2376.06786748459,187.335996545579,206.133386712408,11200.4099154,815.786827661024,10967.9248390751,572.661772728166,2.25697776807093,6.44628350217606,0.508243455677855,0.55924086521089,30.3867657331217,29.7560326078082,0.00645452540467587,0.00591072827462883,1.03611645004218e-05,0.00139507577437079,0.0127761448861239,3.44236524575331e-05,2.97573979638288e-05,3.47777165257985e-10,9.26960738424456e-06,7.18097812611897e-05,-801.12492295738,0.162327912290376,0.105166172224024,0.9375,0.594283156464068
"constant",400,"pg_apf",123,369.369,787.77999009273,2204.72997385603,226.939872032726,202.836688783523,12410.0182356642,771.131899170908,12835.5206095234,751.155482435314,2.13277234985267,5.96890906886077,0.614398804536185,0.549143779752829,33.5978878456618,34.7498588390563,0.00901459892654611,0.00834764676810959,1.7112837510913e-05,0.00226325075721327,0.0171522676228689,3.14879972658478e-05,2.7714532049906e-05,2.79246688667973e-10,9.14270576474729e-06,6.48188811253786e-05,-794.743720564575,0.163853104051861,0.108066813894436,0.9575,0.642868618594875
"constant",400,"pg_apf",124,367.945,633.1360797052,1241.20811884088,244.894521227603,221.455164179967,11920.6797572697,629.875100791017,11362.0025982092,722.764017624075,1.72073565262526,3.37335231852826,0.665573716798987,0.601870290885775,32.3979936057553,30.879622221281,0.00769182031850946,0.00706984501146262,1.27335294278687e-05,0.00209704836675139,0.014497447304288,3.60021337843495e-05,3.10160711201787e-05,4.19571423473412e-10,1.00650547641067e-05,7.2796385863208e-05,-785.338106378069,0.179920514530905,0.132009164312084,0.945,0.627011280811741
"constant",400,"pg_apf",125,367.527,1033.52751691096,2923.78322420534,212.043772373071,277.101940724754,11590.1119148299,1035.68819923907,12591.1083296502,1625.62297158115,2.8121131696745,7.95528824876905,0.57694746882017,0.753963493089634,31.5354026094133,34.2590022764318,0.00680110340088031,0.00617990638672898,1.07338463892183e-05,0.00186378707389786,0.0132080730483996,3.04443913477968e-05,2.68586006344087e-05,2.35472346739862e-10,9.79301621308266e-06,5.99123864061159e-05,-823.699640171445,0.203096869068775,0.148081265363608,0.8975,0.591500775703365
"constant",400,"pg_apf",126,367.11,896.799488744882,2372.11395339482,260.83387988344,244.288626283324,12192.9928859148,798.154165225706,11395.1686552546,648.977243987758,2.44286314386664,6.4615890425072,0.710506060536189,0.66543713405607,33.2134588704061,31.0402022697682,0.00907440259889265,0.00833167650850326,1.79886259904395e-05,0.00198120976825766,0.0172251210104783,3.56764214581534e-05,3.1347205023856e-05,3.34330696784609e-10,1.06742844599931e-05,7.32626259710971e-05,-755.64321480598,0.194672684066581,0.149316423217447,0.925,0.655817842607116
"constant",400,"pg_apf",127,368.379,856.580633966145,2313.44906461023,159.846093591769,233.221731947753,11189.5334367111,859.476783340116,11035.0373157021,536.800174888969,2.32526999086849,6.2800785729106,0.433917496903375,0.633102679435454,30.3750578526765,29.9556633676243,0.00718091994403161,0.00648399950593699,1.41499939345776e-05,0.00144725614672993,0.0145135880613917,3.25160205020934e-05,2.84798661454628e-05,2.95523493813125e-10,8.98378985894286e-06,6.54530283093901e-05,-790.248439628046,0.181804151949782,0.136516215271428,0.9275,0.620073836584819
"constant",400,"pg_apf",128,366.161,572.128123842364,1537.20198006713,227.787198443609,265.368774022543,11352.1114303758,570.419915548311,10392.3162892573,1199.49997589432,1.56250426408701,4.19815867901586,0.622095740517447,0.724732492052795,31.0030599391411,28.3818219014513,0.00433460432357424,0.00390586291120622,4.17032080072649e-06,0.0012455089891268,0.00844018649308211,3.13512666730542e-05,2.81415604086005e-05,1.93637018247343e-10,1.08870739770637e-05,6.00051588178405e-05,-793.014577035556,0.191070572176151,0.127007841813157,0.9025,0.551842391279334
"constant",400,"pg_apf",129,368.798,661.912861233885,1811.13577526493,132.873171373206,214.733965155319,11910.0807050764,655.605556142883,11579.9723147639,682.952973831145,1.79478430260979,4.91091539342657,0.36028712567098,0.582253605375624,32.2943202107289,31.3992275304201,0.00694508061020163,0.00652404901194534,9.4851424129722e-06,0.00167547232904829,0.01289899540955,3.32820495479423e-05,2.96836955160912e-05,2.63522734604987e-10,1.07643260500013e-05,6.61398679504587e-05,-776.136999366479,0.147803686050728,0.0988353892000896,0.95,0.61035764715308
"constant",400,"pg_apf",12,367.203,1008.08976626247,3035.53822681257,274.326317543671,305.140831993425,11870.7406384585,1019.03608593508,11947.154592453,1003.45867415073,2.74532007162924,8.26664876597568,0.747069924656583,0.830986762072819,32.3274609370254,32.5355582401369,0.00683136318335809,0.00633411671324813,9.6836907766516e-06,0.00179733893160232,0.0128622820162608,3.13372015963715e-05,2.79347636889527e-05,2.26694626319425e-10,9.8993699770466e-06,6.11728944325328e-05,-791.67657064336,0.188638228011757,0.134800701811215,0.9,0.597688507879168
"constant",400,"pg_apf",130,366.768,808.11279503827,1979.61568608866,181.270904843954,170.355916972402,11461.5904271931,809.839655667714,10515.5364828757,561.579992878242,2.20333506477738,5.39746020942028,0.494238605450731,0.464478681270999,31.2502465514795,28.6708122924456,0.00662355979757496,0.00598005589089804,1.03710546962223e-05,0.00158603004050214,0.0128091143126884,3.64249105582817e-05,3.12834549983654e-05,4.27559396290215e-10,9.67019406685295e-06,7.6848829031835e-05,-778.708898131863,0.173756462924153,0.123453578731156,0.935,0.610781809120215
"constant",400,"pg_apf",131,367.55,755.03622747651,2067.87694838399,221.494753008191,181.68419748652,12093.0213234837,744.270074052611,11217.8229303248,1382.41790183551,2.0542408583227,5.62611059280095,0.602624821135058,0.494311515403402,32.9017040497447,30.5205357919324,0.00559359491818408,0.00512835485530289,6.14958954857437e-06,0.00150431582224472,0.0105213717912557,3.03734793415331e-05,2.68773492273005e-05,2.01343360059501e-10,1.0492236145626e-05,5.93152121602322e-05,-784.343018616413,0.196415093893014,0.154434133764286,0.9225,0.582723162506377
"constant",400,"pg_apf",132,366.948,840.73372329513,2149.09857884635,252.999478723578,215.648916993569,12252.4420303263,839.162830255347,12477.7517855682,1026.64058070788,2.29115221583203,5.856684268197,0.689469567141877,0.587682497230042,33.3901316544206,34.0041416919243,0.00755465950841631,0.0070328498653737,1.00497396607148e-05,0.00226103107543185,0.0138640193253182,3.30241788059268e-05,2.91486903449095e-05,2.98339170293989e-10,9.83117009539166e-06,6.56383391981917e-05,-759.001503557342,0.171679770301216,0.124503441721791,0.9525,0.629958570744665
"constant",400,"pg_apf",133,367.611,678.507661042122,1793.53903446465,185.807690189254,231.34108625318,11228.440718192,676.143357337423,11222.394281908,1250.79984575153,1.84572186643523,4.87890469671649,0.505446491506659,0.629309477282183,30.5443545437758,30.5279066238714,0.0046607095687858,0.00419323007826224,4.99739361818752e-06,0.00127656899395221,0.00926611665192407,2.95205549900447e-05,2.63941670133431e-05,1.83334277022698e-10,9.71719539077263e-06,5.6634617715778e-05,-797.871039273626,0.165596601574642,0.100913848763907,0.915,0.557046637081325
"constant",400,"pg_apf",134,367.459,710.375468430232,1906.95884355859,246.462648786075,204.634370999399,11919.562080615,710.836381520602,10180.4585911168,773.160220683142,1.93321014978605,5.18958262978615,0.670721492155793,0.556890349670029,32.4378014434671,27.7050190391766,0.00593371233253182,0.00542001920753135,7.94376563600243e-06,0.00159568313085634,0.0113478549476699,3.408913643225e-05,2.86431783237217e-05,3.77073516867527e-10,1.03349448530153e-05,7.33402973810647e-05,-800.113350893852,0.177089296412749,0.126189146506225,0.9225,0.583571896343395
"constant",400,"pg_apf",135,366.763,452.974922812004,1043.63941431338,232.324010615072,249.332688345934,11362.9964171201,447.870271239173,11468.6596717207,928.898019662741,1.23506166873977,2.84554171035077,0.633444514891285,0.679819633785126,30.9818504514363,31.269947273091,0.00594910991738827,0.00534001985075503,8.84837327132506e-06,0.00145711731672305,0.0115358826182581,3.28185175396959e-05,2.90836733417243e-05,2.56472166043113e-10,1.06000895293599e-05,6.37657481831766e-05,-797.696388472184,0.199096990468032,0.132322592467039,0.9025,0.596607713434724
"constant",400,"pg_apf",136,372.079,1155.40852195943,3627.28051110636,246.173137833631,171.978374661697,12845.8539685361,1095.44146549355,12918.3381195759,933.664290103414,3.10527743290922,9.7486837771182,0.661615242552338,0.462209301416359,34.5245336838041,34.7193421815687,0.0123966562513115,0.0117462278980504,2.44868637798065e-05,0.00350075428083738,0.0219357048078522,3.34192480322163e-05,2.88504814861598e-05,3.36641773466286e-10,9.04397680366121e-06,6.79953746297245e-05,-778.973686684462,0.164933906974373,0.114562018351614,0.9675,0.695626397634499
"constant",400,"pg_apf",137,369.459,1090.75383320314,2932.83546819415,334.189487556166,244.809071426781,12886.3424354966,1072.27499862957,11547.2565425185,981.023868994187,2.95230007444165,7.93818926645215,0.904537411610398,0.662614989557112,34.8789512110859,31.254500614462,0.00906238030641638,0.00846448868872993,1.41057657858455e-05,0.00251174972213974,0.0162754488578612,3.4056050490621e-05,2.93852463149092e-05,3.62711531586946e-10,9.29599462609619e-06,7.16856736482877e-05,-802.119371990382,0.191459346481379,0.131186065994832,0.945,0.640493821057112
"constant",400,"pg_apf",138,368.951,810.575927437324,1968.88415325848,217.786208157248,216.035926135529,12114.0435401397,817.057593571896,9184.82130752698,484.934407439106,2.19697446933963,5.33643804531898,0.590284910888569,0.585540969222278,32.8337463244164,24.8944204176895,0.00641739088608487,0.00582680183965923,9.20742068811159e-06,0.00141935569334419,0.0122862586869686,4.10069467262017e-05,3.61827468511007e-05,4.27746094497903e-10,1.19038695466163e-05,8.13649368159101e-05,-784.492178939025,0.186391845353257,0.133677601784465,0.9325,0.597785321249765
"constant",400,"pg_apf",139,368.061,727.720441774675,1908.44249655858,209.484380976618,298.170358535334,11416.4120942501,728.058593303257,11489.3905708556,1032.07377781604,1.97717346248224,5.1851255540755,0.569156691354471,0.810111254752157,31.0177174279538,31.2159956389176,0.00522658095842186,0.00474714688620802,6.08282043840128e-06,0.00142946876885188,0.0100083603808897,3.40945988833766e-05,3.07738700650407e-05,2.62147177881886e-10,1.05879594495146e-05,6.48930053933193e-05,-790.974564906885,0.172029487173526,0.119221759213214,0.925,0.573188731714612
"constant",400,"pg_apf",13,366.678,722.686158626259,1724.78251215825,296.848000306954,187.360431818001,11889.1681335188,723.472920381182,11927.9985413353,823.79430774756,1.97090133203044,4.70380691549057,0.809560432605595,0.510967202335566,32.4240018040865,32.5298996431074,0.00612042039384779,0.00554962495976125,7.76320016466939e-06,0.00189879854737294,0.0117113095906822,3.00132766423714e-05,2.6175788506841e-05,2.4242510764712e-10,9.14742227980813e-06,5.99204461965367e-05,-795.141740551784,0.192213075548189,0.140316452740267,0.855,0.590560089361707
"constant",400,"pg_apf",140,367.806,617.758771665837,1670.26991015738,161.872873373248,290.737609537058,11410.2740229134,613.841309850949,10745.2698968536,1191.07227875812,1.67957774388084,4.5411709166174,0.440103949835641,0.790464564300358,31.0225336805637,29.2145041050272,0.00454375301815513,0.00407333247950079,4.92021903664243e-06,0.00132213960290764,0.00886766098009113,2.91481035252903e-05,2.58480719448587e-05,2.23988339829169e-10,9.71213768252121e-06,5.49150107998485e-05,-774.707306567761,0.180736575091302,0.124884141995527,0.9,0.556965870409115
"constant",400,"pg_apf",141,367.835,842.24077921518,2416.28884625594,249.528155264142,224.25755275318,11831.4591151961,849.459496275393,10840.7096633737,746.786849015705,2.2897244123457,6.56894761579495,0.678369799676872,0.609668880756808,32.1651259809318,29.4716643695506,0.00594505762357798,0.0054846408055071,7.56018920054887e-06,0.00159783576430097,0.0112952687381042,3.27995096054493e-05,2.81832873778126e-05,3.20630727358755e-10,9.55381236427355e-06,6.92397542544353e-05,-783.64979504449,0.179152418621145,0.131239889720594,0.9025,0.597335765193814
"constant",400,"pg_apf",142,369.586,1057.86403692795,3061.10067356556,182.416107803418,200.440712710349,11452.0501901046,1054.9032900169,11089.745011303,674.045574694685,2.86229466735199,8.2825125236496,0.49356877101248,0.542338488769457,30.986157998692,30.0058579364559,0.00801594448166905,0.00727785239321469,1.47134427526305e-05,0.00185174194246891,0.0156162256585277,3.63570601565852e-05,3.10809193659407e-05,4.62121199759248e-10,9.55019247613294e-06,7.55168843734338e-05,-812.509884790858,0.177815577291879,0.131140693684698,0.945,0.624857300249912
"constant",400,"pg_apf",143,368.064,677.965498789382,1679.91093699368,206.634827701511,263.599559007633,11113.7767941893,683.431317658775,10428.8560019143,1475.91817979172,1.84197720719598,4.56418160155211,0.561410047441508,0.716178596677841,30.1952290748058,28.3343549000018,0.00503444138870196,0.00453494531057112,6.40180925622836e-06,0.00132994701494894,0.0100041271702964,3.21716145868327e-05,2.89947759069193e-05,2.45325566333266e-10,1.03710481908167e-05,6.13879427917006e-05,-763.767332732444,0.187706636266906,0.132642876767378,0.89,0.578191798788178
"constant",400,"pg_apf",144,367.899,969.906046307648,2599.09934742681,159.057882089162,265.909320534054,11238.8260375785,966.763245738379,11702.8640892428,1236.12854425707,2.636337816378,7.06470892127135,0.432341164529293,0.722778046512912,30.5486724279721,31.809991571716,0.00663722769877226,0.00604796819397123,1.00889309763331e-05,0.00161327552491114,0.0130617613645256,3.12259924058624e-05,2.71915600626702e-05,2.70312081886694e-10,9.33107194312182e-06,6.21140629569494e-05,-804.201488608791,0.166583713078487,0.111802363665936,0.925,0.596863064165817
"constant",400,"pg_apf",145,366.593,672.394621862962,1781.39582175251,165.947644483912,285.551354580144,11194.9301384818,672.185254596378,11536.9063979086,1499.19316690419,1.83417201600402,4.85932852441947,0.452675431565557,0.778932916286301,30.5377629646005,31.4706129083442,0.00424756572145358,0.00375568831699345,4.58507367390047e-06,0.00115692875164339,0.00867853764480864,2.87069355709266e-05,2.56896024611355e-05,1.58743964374515e-10,1.0613959652484e-05,5.5207822803271e-05,-784.644968659941,0.185741925897049,0.138028238005204,0.8675,0.559252480193136
"constant",400,"pg_apf",146,367.036,844.543733539649,2341.79452855161,253.021249599018,223.901090353502,11409.7896434319,830.746282896602,12079.7676180972,1398.8279105128,2.30098337367356,6.3802856628549,0.689363576322262,0.610024875907274,31.0862957405592,32.9116697492813,0.00631182120442664,0.00583441215956122,8.5482491212933e-06,0.00156128880554084,0.0119749184157487,3.20174457598978e-05,2.81383944916272e-05,2.54099845965589e-10,1.0040022359352e-05,6.5019938160885e-05,-795.965612071106,0.159475621108657,0.0964895709123003,0.935,0.595515434527888
"constant",400,"pg_apf",147,367.066,626.177980974591,1673.11519981251,170.975348094571,250.916055121632,11409.9752971522,627.624829674965,11234.7472417075,1154.82193077054,1.70590024947718,4.55807729349084,0.465789117201188,0.683572041871577,31.0842608608593,30.6068860687384,0.00573930302174557,0.00525777549040532,7.26145457499334e-06,0.00167897682329819,0.0112196048541842,3.17575923795776e-05,2.81892304772862e-05,2.23694767254365e-10,1.0407428764829e-05,6.0931295727343e-05,-785.836257891321,0.191983606286247,0.122568718169204,0.9125,0.584360593163832
"constant",400,"pg_apf",148,368.546,815.367514868866,2300.75255021604,249.08229382225,231.564471114853,11624.7984598862,821.531160354019,11880.5949265942,910.517776583033,2.21239008120795,6.24278258403576,0.675851301661801,0.628319045966727,31.5423270362078,32.2363963429104,0.00686335039548642,0.00640247329704769,9.21403160454906e-06,0.00180662346965281,0.0126425321063137,3.1994724698001e-05,2.89115712168437e-05,2.57758027649538e-10,9.68471159603426e-06,6.02191503568453e-05,-798.442143564759,0.168784550322459,0.124262593419877,0.9275,0.604797685774605
"constant",400,"pg_apf",149,367.549,792.979177724466,1910.0653955049,229.664445226311,210.744489818809,11389.8753474139,788.858829885175,10219.9461255432,757.205112880983,2.15747880615772,5.19676395665585,0.624853952061659,0.573377943672296,30.9887262580334,27.8056697897237,0.00727147714085156,0.00678577811404289,1.06159210811574e-05,0.00158880264400344,0.0135502301293856,3.53634409651222e-05,3.11322586557127e-05,3.54715953041887e-10,1.00830843017472e-05,7.16162913520553e-05,-770.007481590873,0.198842022643719,0.156114773654357,0.93,0.617940416256864
"constant",400,"pg_apf",14,366.474,684.863202071533,1794.20305048962,228.87119374121,244.689869075361,11660.5650667029,682.945824603813,11902.4199651867,1118.98068375406,1.86879069748886,4.89585359531542,0.624522322842031,0.667686845657156,31.8182601404272,32.4782111832945,0.00516388429569251,0.00472665174969994,5.69430093980347e-06,0.00153324918345872,0.00985144292537767,3.06787591829344e-05,2.73492508623013e-05,2.11957926037257e-10,1.0468379994583e-05,6.07927378886725e-05,-787.475003540251,0.190421227802702,0.135108748248923,0.91,0.569726615377669
"constant",400,"pg_apf",150,388.823,1015.48826537284,3032.22099591745,248.599329275692,223.5179253076,11852.5332445986,1022.9844865826,11947.10467283,887.544750989074,2.61169803579738,7.79846098589191,0.639363744623367,0.57485777669428,30.4831073382968,30.7263322201361,0.00900569866611979,0.00846014109071246,1.58078574775548e-05,0.00256982456967378,0.0166426698041335,3.32104001391513e-05,2.83404773898298e-05,3.8847554466349e-10,1.01437231419951e-05,6.75617918497696e-05,-789.539232016353,0.158331621785522,0.111362083110453,0.935,0.642401156749814
"constant",400,"pg_apf",151,366.866,560.353069023361,1126.82301977119,190.841798677841,228.162771460292,11876.8942832661,556.338704564484,9673.27056634087,716.37872247699,1.52740528973347,3.07148391993585,0.520194835928763,0.621924003478906,32.3739302177528,26.3673127690788,0.00568592096303655,0.00509125260175445,7.70554067347843e-06,0.00150097142347511,0.0111665699569069,3.46923540623794e-05,3.11665536445206e-05,2.85720545834617e-10,1.05749802158572e-05,6.81455090770061e-05,-788.4385336417,0.187909875168131,0.140617606049734,0.9175,0.58205771127228
"constant",400,"pg_apf",152,372.124,996.261193874003,2547.46223956845,197.924045338986,284.635378262831,11977.1883484197,995.646446095701,12155.86511088,806.785566864125,2.67722907921554,6.84573486141301,0.531876593122148,0.764893901664045,32.1860142006958,32.6661680270017,0.0105767328105142,0.00984363699287474,2.40063421934081e-05,0.00224579942982347,0.0196644142096877,3.616595754174e-05,3.12028976269756e-05,5.08570570781905e-10,1.02618160574676e-05,7.32831554583658e-05,-800.104031274562,0.166382539103074,0.12462680570559,0.9675,0.676291960760573
"constant",400,"pg_apf",153,367.065,936.162311864454,2413.7374553421,259.674667404874,195.450412509926,11954.0384815204,952.491468173198,10862.4514230607,699.314305184522,2.55039928041206,6.57577664811981,0.707435106602031,0.532468125563391,32.5665440222315,29.5927190635466,0.00687316832476809,0.00634855163169644,9.62014261645828e-06,0.00169984592468639,0.0128338730289913,3.41480986606442e-05,2.94063321784587e-05,3.50694189944488e-10,9.4887053376552e-06,6.96375922903663e-05,-795.530934505502,0.179987558759856,0.128125367090115,0.9275,0.598226143251224
"constant",400,"pg_apf",154,369.861,833.656149179799,2059.5983460541,188.990421648108,270.917885913089,11218.348960086,823.341257898735,11113.0597180182,593.91139263136,2.25397148977535,5.56857399416023,0.510976884959778,0.732485679520385,30.3312567696675,30.0465843060452,0.00813393600936082,0.0073285892759662,1.57708449151897e-05,0.00212696940531118,0.0165250303578004,3.62226098515722e-05,3.12990139723249e-05,3.9309855806383e-10,1.01542511449164e-05,7.42322519683186e-05,-782.131627034511,0.184543795284953,0.133568577922388,0.9525,0.641893343437218
"constant",400,"pg_apf",155,366.926,589.41143849463,1510.4679418104,252.614712325192,265.505994466587,11267.785698821,593.147035093738,10571.8515457397,1048.37187256149,1.60634961407649,4.11654650204782,0.688462284834521,0.723595478288776,30.7086052741451,28.811944494911,0.00535343127865624,0.00490182090561731,6.07340772346665e-06,0.0013845674973076,0.0101335433145242,3.193376242468e-05,2.82885952577606e-05,2.90002853156857e-10,1.04638551949189e-05,6.26861361072466e-05,-785.045662903647,0.180055095478233,0.12446345235337,0.91,0.572523204512428
"constant",400,"pg_apf",156,367.816,717.117714523712,1688.83197984928,230.510453896363,191.547126009313,11302.1811640208,722.681112756912,9788.46794312854,1021.06895532067,1.94966427377741,4.59151309309351,0.626700453205849,0.520768879030041,30.7278127216346,26.6124038734817,0.00647576865222539,0.00589381651200954,9.75105361160977e-06,0.00145326509359367,0.0124498908308335,3.69460694795288e-05,3.27683439401984e-05,3.64372039300272e-10,9.90246263192243e-06,7.36495873304952e-05,-780.670568267043,0.207553458677019,0.154057541665434,0.8975,0.613076251578738
"constant",400,"pg_apf",157,366.919,620.594704516049,1730.23557420881,212.84786224242,313.383049934407,11284.0459600267,622.816371537883,10286.2820343225,1410.38808878266,1.69136704426876,4.7155791174859,0.580094958948488,0.854093273813585,30.7535067958505,28.0342038278816,0.0041025902946066,0.0036350234110056,4.18476363367236e-06,0.00110538597104032,0.00827174077856631,3.03022926226832e-05,2.71803426373464e-05,2.20599656364526e-10,9.5611828744986e-06,5.78424962385897e-05,-796.626443115014,0.180386942839871,0.119211368166349,0.8975,0.54854151843177
"constant",400,"pg_apf",158,376.78,704.764915244803,1857.60087469335,197.878781914565,188.199285886033,11760.9572303783,699.572437196712,10773.7258717461,960.039378699724,1.8704944934572,4.93020031502029,0.525183878960044,0.499493831641893,31.2143883177936,28.5942084817296,0.00491812828232427,0.00440972519526651,5.6673820991671e-06,0.00130779724538813,0.00961395107328885,3.18890034083835e-05,2.83133327870129e-05,2.37675771721673e-10,9.9103082421765e-06,6.21307994449291e-05,-790.251971911893,0.185699228412713,0.114430465753233,0.905,0.566997388782716
"constant",400,"pg_apf",159,367.302,732.456341770735,1900.10491534569,213.006232609667,235.68363262375,11548.0722443769,732.429094814409,10771.6940573297,570.829006816975,1.99415288174509,5.17314067265001,0.57992124358067,0.641661718759358,31.4402650798987,29.3265325463235,0.00755235038632979,0.00693089307791174,1.42607015532405e-05,0.00168548008471692,0.0147772029756203,3.60996521949055e-05,3.13857025713916e-05,3.80335230323131e-10,1.02458031195681e-05,7.59750165203266e-05,-775.388052793954,0.161175849935673,0.118599871384988,0.945,0.63094904873777
"constant",400,"pg_apf",15,373.131,1237.34172007112,3103.96862022029,242.32029551293,182.941028456746,12297.2335259873,1128.50121796898,11519.5654673707,592.93296345383,3.31610538945067,8.31871010508451,0.64942418483838,0.490286329618138,32.956879825014,30.872710837134,0.0121433748288693,0.0113794010985129,2.74456288275143e-05,0.00338274732629298,0.0222007729782763,4.17135743108817e-05,3.35708708576855e-05,6.98637855447349e-10,9.83183477290714e-06,9.54814201046397e-05,-788.474117109281,0.174900727601297,0.131495370647161,0.9625,0.691854772521739
"constant",400,"pg_apf",160,366.368,821.892026034583,2248.1287501249,238.755855004545,290.846339570898,11631.239356462,821.153775385575,11594.2884435721,1130.70497554336,2.24335101874231,6.13625848907357,0.651683157384229,0.793863927992886,31.7474215992171,31.6465642293325,0.00506034849229701,0.00457116712375968,6.13354702861153e-06,0.00133380626962449,0.0101405923134998,2.93907698511965e-05,2.61379392137292e-05,1.797109259054e-10,9.61767021964033e-06,5.67549823885923e-05,-793.286143924588,0.172146745044668,0.12547462169476,0.93,0.575266190601109
"constant",400,"pg_apf",161,367.816,774.811516923933,1927.82735407903,265.623720005915,273.742166104095,11750.3765051881,775.69935277575,11239.255052869,1478.97997409138,2.10651933826678,5.24128192922285,0.72216466930725,0.744236700154682,31.9463441100661,30.5567323141706,0.00461498998001601,0.00424996279220413,4.29203873454739e-06,0.00144874330175419,0.00885354830435963,2.93926737403629e-05,2.62406621692235e-05,1.86594217510224e-10,9.09650044335156e-06,5.68024079777595e-05,-804.211854618105,0.184278550538668,0.123516001694952,0.9,0.554777031091193
"constant",400,"pg_apf",162,367.955,719.610067346767,2024.20713221655,189.512019579432,281.930957598357,11186.0888446239,714.638058039584,11279.1734496562,881.334298834654,1.95570128778456,5.50123556472001,0.515041294667643,0.766210426814032,30.4006980327049,30.6536762638264,0.00624660695251467,0.00566111168725495,1.0685082486289e-05,0.0011713439904627,0.0124707053248719,3.07036686808144e-05,2.7853020036756e-05,1.8278064007168e-10,1.03114762836462e-05,5.70006024893793e-05,-816.859779485907,0.177244092742076,0.132748458450501,0.9175,0.595829115797544
"constant",400,"pg_apf",163,367.47,837.572724911029,2361.93585523626,216.446643110625,180.545253220047,12278.1364451765,832.651295581641,10976.1610704142,701.818747053451,2.27929552048066,6.42756103963931,0.589018540590048,0.49131970833006,33.4126226499484,29.8695432835721,0.00908476980301939,0.00843844823486085,1.70239710370771e-05,0.00225240409295509,0.0170768056174012,3.78478815626981e-05,3.32043974358749e-05,3.81081712196548e-10,1.13980865111606e-05,7.78252864915905e-05,-772.98117330181,0.177309803322486,0.141062178198904,0.9575,0.653102379636103
"constant",400,"pg_apf",164,367.229,711.892722813953,1663.83415598046,241.145818995575,124.910657316616,12081.2027879763,721.574230816615,11486.7788768274,449.037336698726,1.93855257295571,4.53078094589606,0.656663332676818,0.340143772187427,32.8982808764457,31.2796072119234,0.00699072167228148,0.00639743727083969,1.09954823237654e-05,0.00171564969122647,0.0134758142614144,3.57188823110222e-05,3.18543878839684e-05,3.16738914720012e-10,1.00729574841989e-05,7.00826062585193e-05,-807.126652492291,0.162392954144807,0.109822483679167,0.9575,0.611905884860847
"constant",400,"pg_apf",165,366.812,732.260286028246,1996.12618355104,289.774770004273,188.642758348853,11783.9578082202,729.009989723234,11453.3855744658,1215.19058535903,1.99628225365649,5.4418235596192,0.789981707262231,0.514276409574532,32.1253334357115,31.2241300024694,0.00484530729691003,0.00450229794714152,4.49252488816262e-06,0.00138714811359798,0.00890892302000153,3.0460967119993e-05,2.69875891645106e-05,2.28679144087538e-10,9.38255006375829e-06,6.07862105268925e-05,-801.370658755913,0.178229054979686,0.127142460783646,0.91,0.561239065135343
"constant",400,"pg_apf",166,366.616,848.269738845051,2279.74153184284,183.607314212304,256.965527063054,12180.5967874646,847.025562485336,11701.591093889,663.682098872266,2.31378264681588,6.21833616602341,0.500816424303096,0.700911927092801,33.2244004284173,31.9178407213241,0.00675740809055889,0.00626359933907377,9.20872760141631e-06,0.00171897644354646,0.0127616701673714,3.29520245716126e-05,2.90128978316078e-05,2.81209633245221e-10,1.02418092920814e-05,6.7611193401926e-05,-782.996362698548,0.184697023756005,0.133949927174345,0.9375,0.599859627104656
"constant",400,"pg_apf",167,367.867,549.853116061494,1963.71853800634,165.213733227198,276.842883284464,11265.2685289322,542.089126245406,11563.0291683361,936.098202858813,1.49470628260076,5.33812094590257,0.449112677209963,0.752562429585867,30.6232103693244,31.432635078265,0.00620466657206539,0.00554594782703859,9.86288683486414e-06,0.00159129412002201,0.0125766776512203,3.08908324150129e-05,2.77658867309675e-05,1.9744867366757e-10,1.0485882719534e-05,5.9051473567832e-05,-817.324999915376,0.164630745637808,0.112866658325988,0.925,0.589972981452553
"constant",400,"pg_apf",168,367.986,835.517787496296,2397.94870194873,250.037853392108,241.535062424928,11323.7758233195,834.210697219172,12476.6157874164,1360.79455645148,2.27051514866407,6.51641285795855,0.679476538216422,0.656370248935905,30.772300640023,33.905137117761,0.00707057408222943,0.00639461613421375,1.25002554061787e-05,0.00168478654947445,0.0140139812432996,2.97268457528598e-05,2.63352714172086e-05,2.05128585964087e-10,9.90487197367532e-06,5.8454416783037e-05,-791.316959144724,0.172865199812902,0.124342129949394,0.9325,0.613616744569427
"constant",400,"pg_apf",169,366.669,581.309725980828,1525.20534743043,220.767100250451,250.870350651114,11405.4392282898,576.573063749807,10021.2383514098,715.481164459061,1.58538007298361,4.15962447719994,0.602088260121394,0.6841875114916,31.1055454055015,27.3304761280877,0.00525150232037642,0.00483871469977854,5.83509060185069e-06,0.00132338131567475,0.0101179748554665,3.70539033531543e-05,3.28352692145192e-05,3.42412883837377e-10,1.04085684092852e-05,7.4692885674766e-05,-776.078440432281,0.151531656566284,0.103409857949225,0.935,0.580451920896406
"constant",400,"pg_apf",16,376.101,718.406234600991,2340.21270029719,251.325832520747,266.849763631061,12222.5863048784,696.146246279897,10815.171968809,835.501349751032,1.91014178266208,6.22229853230167,0.668240266632493,0.709516230031456,32.4981489144629,28.7560308768363,0.00780446547979778,0.00724044293042908,1.13893548271822e-05,0.00223345005025418,0.0145083636299556,3.43547523551389e-05,2.9231279636885e-05,3.74332544557908e-10,1.04312853734085e-05,7.37997681230718e-05,-781.389451023094,0.191004136799728,0.136953971542129,0.94,0.618703199636178
"constant",400,"pg_apf",170,373.845,609.034018498263,1421.46868571149,200.98690063788,229.604205067398,11790.7774596037,612.45063721163,11037.1656459882,638.74505238161,1.62910836977427,3.80229422811991,0.537620940865545,0.614169522308439,31.5392140047446,29.5233737136734,0.00525556122970051,0.00476813993820073,6.49392267098703e-06,0.0013247969076662,0.0102659418209518,3.27640332713322e-05,2.94135460189289e-05,2.28948544216205e-10,1.11828228649304e-05,6.23734914536088e-05,-810.362909594844,0.183710966130565,0.124659747671357,0.915,0.572981824245289
"constant",400,"pg_apf",171,367.396,411.113117047953,1152.28121060852,306.757643780563,265.469986881087,11863.3299168438,411.133679955558,10552.6926935058,996.589117069779,1.1189918155014,3.13634664124954,0.834950962396333,0.722571794143341,32.2903077791914,28.7229384465421,0.00418317930269173,0.00382914135348137,3.36467820891086e-06,0.00124939085301905,0.00777357899034912,3.18728257775745e-05,2.86130849130128e-05,2.39434679758805e-10,1.06584306070773e-05,6.20076761835187e-05,-768.270843551771,0.181134063953132,0.122657226396826,0.91,0.554680548646146
"constant",400,"pg_apf",172,367.741,1154.3068365098,3559.28211823855,253.276550140175,243.205941303942,12188.0055756051,1154.56254519753,12901.5050028892,1011.80176399062,3.13891254037435,9.67877424121474,0.688736230499658,0.661351171895278,33.1429064901795,35.083129166694,0.00872785645690751,0.00828886770690442,1.31603520781159e-05,0.00249156802265059,0.0158319615412957,3.32687491077892e-05,2.97151115665174e-05,2.72122107470316e-10,9.90221516682022e-06,6.58129787214632e-05,-771.193530424413,0.164863875244501,0.113569558201812,0.9475,0.640463896872192
"constant",400,"pg_apf",173,366.673,535.210099024692,1432.13726156244,235.184930610369,233.297340283052,10605.3873972283,535.316779093677,10465.1247229226,1016.20584840356,1.45963869448989,3.90576143201828,0.641402368351007,0.63625448364906,28.9232842266223,28.5407562676353,0.00595798993000272,0.00538417839214343,9.26414873844009e-06,0.00129995289765661,0.0118174673311044,3.47184920719865e-05,2.99309844236649e-05,3.49268668913795e-10,9.67334195099601e-06,7.30814592255917e-05,-779.392525889377,0.187981512821299,0.133518628853912,0.94,0.591702633248241
"constant",400,"pg_apf",174,368.682,603.217671529173,1545.08461047378,196.89740460959,276.012186021161,11223.4554483823,597.494106746941,9958.30917591752,905.308062594857,1.63614624942138,4.19083277858365,0.534057547180469,0.748645678446902,30.4421030817405,27.0105651372118,0.00505296171262886,0.00459217990199968,6.06582275638427e-06,0.00139215883448498,0.00996657350039605,3.36046460833096e-05,3.01550432263187e-05,2.71803054992468e-10,1.03431451442128e-05,6.65554523887799e-05,-774.862519384192,0.166761812884887,0.113364812796535,0.93,0.56888268114482
"constant",400,"pg_apf",175,366.542,450.152644821749,1278.21798630864,260.18909156279,300.59068576374,11470.1886752068,452.828488434184,10918.3335944471,1155.96362973201,1.22810658757182,3.48723471337157,0.709847961660028,0.820071603700914,31.2929723611667,29.787401155794,0.00336063763613255,0.00309217146130265,2.05142191914907e-06,0.00103618875029782,0.00620450673789929,2.66576746778382e-05,2.43695954176653e-05,1.34734223004937e-10,9.07665640374287e-06,4.9127498069999e-05,-785.223434410416,0.20381550934881,0.143733935814506,0.865,0.52175955434609
"constant",400,"pg_apf",176,376.018,735.5586756212,1832.8544865497,212.640376277507,315.020446511203,11585.5598445688,719.066945608683,10495.6689602547,1368.30177120983,1.9561794265732,4.87437964818095,0.565505843543413,0.837780229965594,30.8111841575903,27.9126769469938,0.00689912893386168,0.00624725333687683,1.18493621473038e-05,0.00179003888586213,0.0138544563409643,3.23383661470697e-05,2.93989192941046e-05,2.49059377724135e-10,1.01738965413544e-05,6.16515524182881e-05,-800.232293001498,0.20477863594713,0.156625283078013,0.9,0.614119105147125
"constant",400,"pg_apf",177,368.069,576.891759336637,1467.9492927115,211.092469984745,264.90064658788,11012.8890343505,579.068643088125,10782.0668631575,951.081023840115,1.56734677285139,3.9882448473289,0.573513308604488,0.719703769097317,29.9207187629234,29.2936021864312,0.00508665878410082,0.00447077603080658,7.2843402220058e-06,0.00119737970117025,0.0103991361896195,3.13222908053029e-05,2.79865419195394e-05,2.24360813123194e-10,9.85985812624982e-06,5.91871487672872e-05,-777.443820493421,0.174303630529865,0.123451716197952,0.89,0.574550216136127
"constant",400,"pg_apf",178,368.825,947.604807970159,2175.94549100298,259.769714675985,200.488419779079,12036.9621710031,938.362086916556,11816.451020345,754.024535479523,2.56925319045661,5.89966919542597,0.704316992275428,0.54358684953319,32.6359714525943,32.0380967134684,0.00803843306775385,0.00751079865007065,1.29857254909098e-05,0.00206774255119379,0.0150000835704569,3.3124307195292e-05,2.79994363127361e-05,4.2757871767779e-10,9.63693754452269e-06,6.73652615368445e-05,-799.808709053017,0.158151966424538,0.113270591581008,0.955,0.62418256733229
"constant",400,"pg_apf",179,367.667,1113.72432258584,3431.19420079255,232.38885054519,245.129926638695,11973.6451376786,1121.05423845267,11829.0774695374,1399.92786467278,3.02916585547748,9.33234203992349,0.632063390364622,0.666717237714275,32.5665483649025,32.1733456348744,0.0078899349112678,0.00722610464464288,1.24152151718041e-05,0.00238676702966806,0.0148480678047494,3.31736957664603e-05,2.89699174518334e-05,2.93892980866952e-10,1.02401278984103e-05,6.72414347673332e-05,-778.192397591028,0.211030700189412,0.143089749836717,0.905,0.623032332990731
"constant",400,"pg_apf",17,368.968,635.979371351793,1687.65956254924,133.244134062414,199.343895633208,11664.9078977885,634.995556768173,11496.8272438341,555.972741631769,1.72367080980408,4.57399981177024,0.361126531467265,0.540274212487827,31.6149582017642,31.1594155694642,0.00610964946791244,0.00558212848927683,9.11500447706198e-06,0.00123386529205258,0.012045124590337,3.12817153001784e-05,2.76209657132163e-05,2.29414898197447e-10,9.33669513697436e-06,6.18027264536621e-05,-786.465070771323,0.149039379235436,0.0987721998516324,0.945,0.593884041515861
"constant",400,"pg_apf",180,370.149,674.808375835142,1648.9684998883,278.250504650079,272.733191989693,11671.1052479766,668.191306673659,11410.6024244223,1199.58523192647,1.8230722650477,4.45487763005789,0.751725668987567,0.736820015695552,31.5308301467154,30.8270518748458,0.00466641035569678,0.00422714608526232,5.01109532383777e-06,0.00129320185452167,0.00901797343556593,3.19464310061391e-05,2.82304862141762e-05,2.4387476384403e-10,9.734993368237e-06,6.34056981178486e-05,-803.179495765336,0.17888904341624,0.130852516232343,0.9175,0.551755495799023
"constant",400,"pg_apf",181,367.646,610.490028856086,1432.8196668902,245.94299286846,193.12157857855,11540.4460235584,609.564646331447,9894.16384583013,553.986963580428,1.66053766083702,3.8972807181098,0.66896686722679,0.525292206575211,31.3901035875771,26.9122031678031,0.00567316466481709,0.00519415781918459,6.62091973023283e-06,0.00165465838335793,0.0108682422023549,3.75595972333113e-05,3.20555330028225e-05,4.57713456159899e-10,1.00425989547636e-05,7.93072344899977e-05,-768.331193215539,0.152143774982846,0.101286091587449,0.9275,0.58907398986407
"constant",400,"pg_apf",182,366.941,620.547621619075,1880.35648883902,269.637731471156,259.0168600596,12205.2478891741,623.434791775829,11779.290303265,1048.08674370326,1.69113732621614,5.124410978438,0.734825847946008,0.705881490647271,33.2621535592209,32.101319567083,0.00613237387712362,0.00565342688386643,7.79512024042283e-06,0.00157802183051214,0.0115441812585802,3.09730387877741e-05,2.75966523425324e-05,2.20662551395291e-10,9.34888328348317e-06,6.03821977528554e-05,-790.285498595161,0.171929472671844,0.109853330475648,0.9275,0.589879544982395
"constant",400,"pg_apf",183,368.152,818.480690289657,2376.72860624389,217.234584392615,247.676102761707,11696.6250017253,808.977818148377,11947.6788312521,786.35044334551,2.22321402651529,6.45583510681427,0.590067647038764,0.672755010869715,31.7711841894796,32.4531140160913,0.00787116463423308,0.00712409256516389,1.49569837845967e-05,0.00159156304841562,0.0153812805905531,3.05612603426808e-05,2.70699164388097e-05,2.48391277979148e-10,9.5516894594264e-06,6.02712130767558e-05,-802.224108843296,0.1546336669398,0.11344009121166,0.9525,0.622130061662842
"constant",400,"pg_apf",184,367.113,826.235269818813,2372.54239940347,204.211991159869,142.967607738516,11508.7341891571,833.775857369889,11288.0990548893,715.633280142546,2.25062928803614,6.46270330771035,0.556264668262548,0.389437605692297,31.3492962361919,30.7482956334679,0.00730639171166028,0.00678598549517111,1.10067890196639e-05,0.00194339895385561,0.0138485390671424,3.68724469778682e-05,3.20962781808546e-05,4.1452186873629e-10,1.04742131114281e-05,7.49866142412785e-05,-775.846549350439,0.160042392961102,0.11318656219473,0.9425,0.622076915509924
"constant",400,"pg_apf",185,378.146,693.891091834687,1709.50759598502,196.464300479487,236.758111132257,11347.7224118951,697.512515628674,10762.3274787329,721.235192398694,1.83498196948979,4.52076075374331,0.519546155398939,0.626102381440653,30.0088389455267,28.4607730314031,0.00703649735077177,0.00643416015744235,1.14352724592704e-05,0.00152069808226631,0.0134215959280018,3.4725413556412e-05,3.06273324976285e-05,3.37055371798659e-10,1.03476053413391e-05,7.00543245952752e-05,-786.742944257758,0.170395725789058,0.118209837708385,0.94,0.617508691247724
"constant",400,"pg_apf",186,367.338,1052.50673471981,2581.16957680527,224.888451964325,197.722670677218,12050.2980807533,943.762582745997,11403.548410462,484.374058073744,2.86522694281509,7.02668816404856,0.612211238598578,0.538258145569523,32.8043874599233,31.0437482930218,0.00829254696526427,0.0076339783047943,1.56671260390149e-05,0.00174957470019594,0.0158831397987056,3.61515051515875e-05,3.15679103708516e-05,4.07443574159346e-10,1.03855604349224e-05,7.30378367667136e-05,-779.696228596869,0.13437505983219,0.0916366728037389,0.9575,0.63540860131836
"constant",400,"pg_apf",187,369.948,850.555228491721,2237.50089623247,259.209908084316,209.500139876664,11723.3633219531,857.499170457181,9666.41113590324,590.903628689795,2.29912103455545,6.0481497297795,0.700665791095818,0.566296181832755,31.6892193550258,26.1291077013614,0.00886813812964204,0.00834527283529478,1.43382118782582e-05,0.00198410373312033,0.0162329905988778,3.83893864225669e-05,3.32932048577598e-05,4.71260565146624e-10,9.34651460679649e-06,7.9402545324583e-05,-774.35355669703,0.189643862885101,0.140938867449133,0.915,0.650131039932139
"constant",400,"pg_apf",188,370.144,1076.45639155412,3072.65656934115,252.429878056364,223.209723131598,11969.5013617777,1076.33454429582,12316.5758531456,806.584420392914,2.90820975499838,8.30124645905689,0.68197749539737,0.603034827341787,32.337418306869,33.2750925400537,0.00880061272360646,0.00806366866276662,1.60992476701026e-05,0.00235983032020764,0.016965833353897,3.25592177067348e-05,2.75836369363473e-05,3.49692048455897e-10,9.57320975275026e-06,7.12849548212841e-05,-798.494131566273,0.154337923024344,0.109554833461648,0.945,0.64065599340406
"constant",400,"pg_apf",189,367.9,1098.62312873771,3162.79465036912,190.434045950275,192.540836034258,12318.852638661,1106.03815190694,11952.0039919913,976.279855402274,2.98620040428841,8.59688679089187,0.517624479342961,0.523351008519322,33.4842420186491,32.4870997335995,0.00879753534089338,0.00825811088294059,1.23469733081119e-05,0.00282200851123279,0.0159188981390459,3.58711117443058e-05,3.07221332750119e-05,4.5814337870604e-10,8.93212223606878e-06,7.45096045113995e-05,-784.960237273739,0.169073661274965,0.120973691057665,0.9375,0.639037968934642
"constant",400,"pg_apf",18,368.142,1037.64080796818,4222.06641086787,204.521826755373,282.727516191774,12014.3926107038,770.828487286093,13919.6485143328,929.706065298713,2.81858850108975,11.4685811748398,0.555551463172832,0.767984951979872,32.6352130718684,37.8105418950643,0.0114017676712122,0.0104677834164123,2.85907174416886e-05,0.00268642311597392,0.0220319211292975,3.05425653356076e-05,2.685751382734e-05,2.32220798118316e-10,9.36003015722448e-06,5.99762470254674e-05,-797.106748807502,0.163954953973554,0.129465630540342,0.9575,0.674127430220166
"constant",400,"pg_apf",190,367.959,928.457192151148,2475.16859908534,127.89534014473,277.794510702203,11091.1036811635,932.093298688463,11020.5458610242,879.02703028017,2.52326262477925,6.72675107575937,0.347580410167246,0.754960500224763,30.142226936054,29.9504723651934,0.00612306137271715,0.00554865116438839,8.38320299007788e-06,0.00154783895178195,0.0116611022210442,3.60121244902226e-05,3.18179184094367e-05,3.29391926583887e-10,1.07990411480683e-05,7.28556371096779e-05,-767.232885823166,0.167589807612889,0.12199526221796,0.9325,0.598222629399001
"constant",400,"pg_apf",191,369.328,1244.65319703436,4306.70320673867,239.130176003389,280.052486340779,11814.4104372523,963.281393395986,13922.8877194323,1346.35884976737,3.37004829591681,11.6609171434028,0.647473725261527,0.758275804544413,31.9889378472586,37.6978937947632,0.0101853902981409,0.00957718264840643,2.10381102525913e-05,0.00238342060489093,0.0193119032351918,3.0403825645397e-05,2.65362784562967e-05,2.51558177119325e-10,8.95965063219047e-06,6.07239514768972e-05,-796.24114055443,0.163020346125414,0.123201298121061,0.9625,0.655228886220354
"constant",400,"pg_apf",192,370.501,1215.77586053288,3752.88526862191,279.055855138378,271.585614514504,12941.373353605,843.503135955243,13246.8632798197,1079.6516637665,3.28143746044647,10.1292176502139,0.753185160467523,0.733022622110341,34.9293884594239,35.7539204477714,0.00982112711021182,0.00929832447268726,1.59250087100421e-05,0.0031766471476518,0.0177059062998895,3.36905701154881e-05,2.95677060116612e-05,2.98233787158033e-10,1.05480192071784e-05,6.75131094357079e-05,-786.285476570793,0.153387946245446,0.104053804686755,0.9625,0.650316363188668
"constant",400,"pg_apf",193,369.306,678.829636744315,1711.81124498632,233.066644775175,239.781712997162,11275.0032659018,670.727628484311,9597.06040123588,984.569403050706,1.83812241540705,4.63521103092373,0.631093577616325,0.649276515943858,30.5302466407309,25.9867437876338,0.00614594898901354,0.00553961568014268,8.79401449625604e-06,0.00158612627085163,0.0119656108749277,3.56825773723689e-05,3.02278279823394e-05,4.07683446644321e-10,1.06450735547018e-05,7.45676541702366e-05,-794.719220390019,0.168989958277589,0.117199293365419,0.925,0.590203845833437
"constant",400,"pg_apf",194,367.226,493.943195635075,1276.95615661393,132.155945887302,230.121376249936,11349.214112137,498.395682810117,11465.011014818,1167.12477185512,1.3450659692807,3.47730323183523,0.35987633197895,0.626647830627288,30.9052575583891,31.220586273352,0.00507559639357089,0.00450046429424492,6.86691433502913e-06,0.0011541952745291,0.0101893913443112,3.12192484580946e-05,2.79183052497155e-05,2.30550576122335e-10,9.31445228230882e-06,5.99796407770974e-05,-787.809283454327,0.196806127926674,0.147590144601778,0.905,0.569688415648335
"constant",400,"pg_apf",195,368.723,1181.06904628862,3687.8782013923,189.580400354605,258.072850794583,11651.5300082301,1183.48380879068,12402.4544228099,1153.55573800312,3.20313364311047,10.0017579630029,0.51415398647387,0.699909826060709,31.599683253364,33.6362375626416,0.0085672319807727,0.00804088094771156,1.32320400705009e-05,0.00262063085440056,0.0156184291100298,3.12325994517645e-05,2.81821080690963e-05,2.10293593757787e-10,9.58156260939816e-06,6.04722355781802e-05,-771.743406306677,0.184294120669436,0.139993075785089,0.9225,0.637701125907542
"constant",400,"pg_apf",196,368.982,708.158763526137,1937.70037169075,155.365183372322,312.202247267828,11051.869134347,703.391173440939,11179.1160214755,1460.6684354259,1.91922306108736,5.25147668908172,0.421064397104254,0.846117824901563,29.9523259517997,30.2971852867497,0.00474131555782892,0.00420698197593656,6.05064643053347e-06,0.00113684784247973,0.00957954096838487,2.84327873525532e-05,2.57225820383632e-05,1.60527514534048e-10,1.01274891730542e-05,5.27319999574805e-05,-799.367777064824,0.1811046953022,0.130641949927589,0.8975,0.562190974760651
"constant",400,"pg_apf",197,372.149,1232.60088971317,4200.98539416805,187.401531605544,268.515216900763,11625.0821536881,680.300872781344,13491.5602849654,1105.54083277624,3.31211662455945,11.2884500406237,0.503565861000686,0.721526100838007,31.2377089651944,36.2531144379412,0.0118976078396276,0.0108765701041661,3.2088685824005e-05,0.00248934245925232,0.0232972403337775,3.18698053925459e-05,2.82047845099827e-05,2.52381535717833e-10,8.61445905420319e-06,6.3747872406021e-05,-789.783059081416,0.16540488645395,0.128100717947695,0.955,0.690752507504415
"constant",400,"pg_apf",198,366.445,891.174869670038,2618.28148773425,313.962085576172,196.603535860331,11934.2241790795,879.29967262991,11624.035590697,967.637797627875,2.43194713987103,7.14508722382417,0.856778194752752,0.536515809631272,32.5675727028053,31.7210920893912,0.00649549628154604,0.00605608199348502,7.82544810318101e-06,0.00184874240285592,0.011811921476373,3.47265583836628e-05,3.01766352734954e-05,3.0336963070147e-10,1.10592606352849e-05,6.99596783465184e-05,-785.569202246711,0.175333222812062,0.116422097212945,0.9375,0.594717801666539
"constant",400,"pg_apf",199,370.806,807.291882163289,2079.59705727596,209.350278043349,205.937151246181,11380.3069035894,808.775704605546,12208.6574343603,1253.04763783151,2.17712734465809,5.60831555389061,0.564581689733577,0.555377073850426,30.6907302028268,32.9246491005009,0.00611126548909493,0.00540770044923985,9.5222054721072e-06,0.00162779141532726,0.012220110454005,3.03922587438109e-05,2.67283635222432e-05,2.33759429793523e-10,9.08609326371205e-06,5.9859278247708e-05,-799.489007408748,0.222326864479467,0.160929770857614,0.8425,0.598358610369066
"constant",400,"pg_apf",19,368.455,1363.20681635927,5131.14373777317,270.502711615334,218.597849604968,13261.9265326764,759.772980240831,13490.2086628592,822.858316304868,3.69979187786641,13.9261069541007,0.734153998766021,0.593282353625186,35.9933412022538,36.6129070384694,0.0132397252275866,0.0126533749001126,2.67158151371779e-05,0.0039011975337024,0.0235568627175907,3.39221976379986e-05,2.91840632530855e-05,3.55154214462774e-10,9.7488609818279e-06,6.90488541874196e-05,-772.759662351148,0.155314226670654,0.112707699197849,0.9575,0.697564866821168
"constant",400,"pg_apf",1,367.86,853.635021855174,2242.77939824722,212.241326818543,223.287680239059,11160.1587516674,847.752334100216,10676.7626521224,753.059357935067,2.32054320082415,6.09682868006094,0.576962232421419,0.606990921108734,30.3380600001833,29.0239837224009,0.00827459836914977,0.00752027354725675,1.63687535952545e-05,0.00203820327878273,0.0161881021547698,3.31836996585725e-05,2.98839163548274e-05,2.42804228227555e-10,9.07936832010973e-06,6.45855214352709e-05,-807.647340513081,0.189877750479772,0.135374108564852,0.92,0.633493190089859
"constant",400,"pg_apf",200,366.303,850.475903739074,2111.27345937503,237.69570438935,229.03560285321,12323.7798912762,665.674553673223,11837.8804361132,955.148805182159,2.32178252359133,5.76373510283845,0.648904607358799,0.625262700150448,33.643677205145,32.3171812300561,0.00649597230538162,0.0060577644543605,8.20748473463212e-06,0.00193591424736697,0.0121416896966493,3.22981427627354e-05,2.83102370673925e-05,2.68972426333907e-10,9.64202311852602e-06,6.51301899117379e-05,-782.25484251312,0.16332556097441,0.108743055737414,0.945,0.59708388342975
"constant",400,"pg_apf",20,366.989,778.065237041801,1970.28312242624,204.19580306996,260.62429691142,11779.9268284284,768.216672953454,10641.5874943118,817.433375723266,2.12013231198156,5.36877977930195,0.556408511072431,0.710169233713873,32.0988553565049,28.9970203311593,0.00592472919776187,0.00532858136594781,8.40477196809789e-06,0.00154658836104221,0.0119180457777802,3.35258539586478e-05,2.96884034019618e-05,3.13573043155502e-10,1.00717223677277e-05,6.70970661079805e-05,-784.449739523183,0.153374817287222,0.101139814956318,0.9325,0.585983103047888
"constant",400,"pg_apf",21,368.014,1041.72141156179,2839.46329856467,185.493638015102,210.98510836207,11881.981223164,1031.59116978114,11059.8525017525,615.24465245014,2.83065701729226,7.71563934677667,0.504039623533621,0.573307288206616,32.2867641534399,30.0528037024475,0.00786155629653904,0.00717268761688126,1.32037723308878e-05,0.00184888207657166,0.0151206346206064,3.58660401086769e-05,3.21132558593662e-05,3.09911020982886e-10,9.5326115337762e-06,7.00376182505862e-05,-804.773807720614,0.172251045422255,0.128249659226711,0.9325,0.629107041232878
"constant",400,"pg_apf",22,366.937,781.667918350789,2089.11461432615,235.047292861984,221.015961970425,11276.9520554515,776.962318631118,12003.6149933301,1496.20656895906,2.13025101952321,5.69338773229778,0.640565799747597,0.602326726305675,30.7326654315359,32.7130133873938,0.00674697694174513,0.00621532447569386,9.57347120725399e-06,0.00184128801258556,0.0128806539011064,3.07496669175328e-05,2.73920325267598e-05,2.37619340005756e-10,9.62730666158756e-06,6.07296519813339e-05,-784.041268246851,0.171618362134199,0.121836108000402,0.9,0.6048723965152
"constant",400,"pg_apf",23,370.617,1130.45120610936,3496.51190534235,226.045679687621,215.66080256111,12762.3032416679,1126.32854163152,12800.4046617285,733.209980348716,3.05018713688083,9.43429984415813,0.60991719129889,0.58189668191451,34.4352882940282,34.5380936700919,0.00853628920940756,0.00785638029159462,1.38176453375786e-05,0.00235870238672533,0.0159286954863705,3.31783341834205e-05,2.91650964741685e-05,3.10024291110681e-10,9.71026276837215e-06,6.61693268598091e-05,-797.049591269736,0.170070497696901,0.118028944320924,0.945,0.635942140489304
"constant",400,"pg_apf",24,366.354,686.817863605428,2179.6875112642,187.52691021885,267.628542785091,11605.5484223761,671.491439767303,11197.2785038688,800.418053677345,1.87473826846555,5.94967575422732,0.511873516377192,0.730518959217289,31.6785088258244,30.5640951207543,0.0054994042956224,0.00501695255990712,6.6103449920286e-06,0.00141121220325862,0.0104856613245978,3.24792286646461e-05,2.86139070366597e-05,2.82544726411091e-10,1.05692672901735e-05,6.55167029894791e-05,-785.362242000806,0.151590817870553,0.0980126021417208,0.9325,0.576098569051299
"constant",400,"pg_apf",25,366.881,740.534103652866,1848.52436520804,218.350375150309,254.880258573652,11426.4828317438,747.562096845187,11051.1226142955,1019.01956745306,2.01845858371752,5.03848486350627,0.595153129080843,0.694721881410189,31.1449293687703,30.1218177400725,0.00631572489832993,0.0058041908274047,8.77092250062971e-06,0.00154066856405051,0.0120301282539901,3.51649127882007e-05,3.08197878816103e-05,3.05989004280004e-10,1.13863802206094e-05,7.05891959960549e-05,-780.824751216623,0.194405911968082,0.142109414979674,0.9325,0.601544597670971
"constant",400,"pg_apf",26,366.541,626.637761796902,1505.39087381735,237.937359346288,259.274991706023,11608.005411125,630.057212065427,11001.7994218607,742.179574128532,1.70959800348911,4.10701906148931,0.649142549800127,0.707356043951489,31.6690504230768,30.0151945399307,0.00581305955498677,0.00533003831907729,8.00691777735497e-06,0.00145285816083328,0.0111107655190022,3.37938570718318e-05,2.98207562143013e-05,3.21356109563113e-10,1.05114440635998e-05,6.92484532423826e-05,-772.694614793189,0.185313072760841,0.139672178321719,0.93,0.59469307324384
"constant",400,"pg_apf",27,366.453,652.77271975351,1721.73621018875,259.358101728153,325.434760284166,11663.6421808141,650.690638883353,10891.0975544074,1537.74835194291,1.78132726366958,4.69838208498429,0.707752704243527,0.888066847001297,31.8284805440645,29.7203121666556,0.00477392765935606,0.00439351581335394,4.38277938039794e-06,0.00135928504818318,0.00886984004883233,3.24626154384835e-05,2.93262316534824e-05,2.18812215910857e-10,1.02432476445764e-05,6.28156120915153e-05,-790.943489350964,0.174226662086878,0.122901223642241,0.9175,0.573525599745206
"constant",400,"pg_apf",28,370.46,1417.3691556295,3805.11001265967,229.934575347323,192.599959948526,12663.7438853761,1338.25892996613,11758.577401309,536.228549930369,3.82597083525752,10.2713113768279,0.620673150535343,0.519894077494267,34.1838360022029,31.7404777879098,0.009290517389379,0.0087813086977051,1.50839255660331e-05,0.00234620991030832,0.0168571126133089,3.52779141968132e-05,3.03153985262376e-05,3.69093579254783e-10,9.0769777197724e-06,7.25529662571886e-05,-782.848408007901,0.156918014617863,0.112051518768874,0.96,0.645111419802344
"constant",400,"pg_apf",29,369.477,886.085602115358,2417.00348182403,244.54151399201,206.526051898771,11682.8329016749,887.048726513711,9635.84245943611,644.615223286166,2.39821586219266,6.54168860801626,0.661858556803293,0.558968628355136,31.6199192417253,26.0796814400791,0.00718226378010148,0.00665768894598228,1.09258014967254e-05,0.00177200036791403,0.0137275783573509,3.53159087995977e-05,3.00401147576236e-05,3.86528890406458e-10,8.83807495537866e-06,7.34573895222327e-05,-778.915501778359,0.172601082463313,0.122258842890161,0.9475,0.622096593836524
"constant",400,"pg_apf",2,366.434,805.957939125978,2268.77561199063,229.722894967003,225.208113605245,11499.3021624682,813.242180449229,11553.934853947,1038.38217413719,2.1994627658077,6.19149863820124,0.626914792205425,0.614593933983324,31.3816462513528,31.5307391070342,0.0064287270359269,0.00601924995981453,7.70411894533411e-06,0.00193989878678245,0.0120238006549416,3.44906774429119e-05,2.96532945170864e-05,3.8182150102549e-10,1.07995701595268e-05,7.04936987931524e-05,-798.404559491568,0.180327274374461,0.13007754377926,0.925,0.59484798448786
"constant",400,"pg_apf",30,366.978,974.734469908618,2983.85149160127,218.193630103902,333.849941202567,11637.8942948164,969.430170396704,12989.7405522462,1488.83872548883,2.65611145602357,8.13087294497564,0.594568693774291,0.909727398379651,31.7127846759652,35.3965102873912,0.00622598192318956,0.00570467068421383,8.66015324420309e-06,0.00152755991195303,0.0119638774855214,2.75010799789933e-05,2.47556693854892e-05,1.81477524330486e-10,9.63509109324814e-06,5.20365045444237e-05,-810.64682270562,0.186992075038951,0.131080157221948,0.915,0.580556930301778
"constant",400,"pg_apf",31,367.93,595.295152623422,1535.96994173904,207.474092763829,231.85423468446,11323.6772902641,594.746362439931,10676.4034873895,885.32630531578,1.61795763493986,4.17462544978405,0.563895558295951,0.630158548322943,30.7767164685241,29.0174856287595,0.00486388516850234,0.00428569559636784,6.4245703143448e-06,0.00134413787320825,0.0101449986832542,3.2290627989746e-05,2.89577677162949e-05,2.29088202894489e-10,1.1209745111286e-05,6.46905632012026e-05,-793.510406059425,0.180643432299402,0.120125654333179,0.88,0.560596928606675
"constant",400,"pg_apf",32,368.892,718.510778181006,1818.15150815295,239.712415665876,241.866603158118,11918.6311962202,714.794346682502,12027.4969071051,846.431525782525,1.94775375497708,4.92868240068352,0.649817333164927,0.655656948803763,32.3092699115735,32.6043853136015,0.00733519491122228,0.00671810893727412,1.14267643132608e-05,0.00196919645786614,0.0139088866253625,3.350298073844e-05,2.88721113847257e-05,3.64166251579321e-10,9.0174085947377e-06,6.99624650146936e-05,-815.547144351474,0.1571405978258,0.10448650581578,0.94,0.619225360600501
"constant",400,"pg_apf",33,369.14,824.097189380154,2415.41900755127,178.962394521796,226.117637718181,11767.0434706021,822.540726889496,12219.4297001465,1184.85002899955,2.23247870558637,6.54336839018062,0.484809000709205,0.612552521314898,31.8769124738639,33.102426451066,0.00805892465023413,0.0074135789159557,1.3931993315105e-05,0.00219594435343895,0.0153871254573262,3.08342550940505e-05,2.71054364561029e-05,2.55934345514846e-10,1.04773369565324e-05,6.19412205846299e-05,-797.994758616826,0.191057606951399,0.138883262136569,0.8925,0.630705898396644
"constant",400,"pg_apf",34,367.654,677.756497824788,2234.85377141898,195.344227636341,235.188611909023,11753.7462750835,697.298163629202,10920.6412718496,594.401030326653,1.84346286950445,6.07868749263977,0.531326267730912,0.639700946838666,31.969586282438,29.7035834557752,0.00739156228455393,0.00671973399849162,1.30689433968838e-05,0.00178353012135453,0.0148264316969949,3.12377823519374e-05,2.77504293033114e-05,2.34551275717362e-10,8.45084193260823e-06,6.06354716128702e-05,-797.033013744838,0.170550167457787,0.115298557158056,0.9425,0.611435170648471
"constant",400,"pg_apf",35,365.931,585.136524561012,1765.07591316373,236.863845396515,343.193959943445,11216.4558529955,585.173260796691,11512.3624187309,1601.24945357987,1.59903513110672,4.82352113694584,0.647291006764979,0.937865225803349,30.6518328673862,31.4604732004965,0.00418446274458466,0.00368783457870821,4.3273918716442e-06,0.00115147196763599,0.00842671036553658,2.88523675375068e-05,2.63296524643093e-05,1.65738066488717e-10,9.74017391842128e-06,5.20625951691073e-05,-774.088023756316,0.183471757030492,0.129991988886709,0.89,0.554877997547867
"constant",400,"pg_apf",36,369.601,549.501127882033,1548.23240919961,179.020513511959,279.382736704548,11430.600569909,548.657977474132,11644.4353286143,1104.6289129297,1.48674145330243,4.18892916739837,0.484361550731625,0.755903627708117,30.9268659173243,31.5054215995474,0.00411616444005255,0.00367139064408074,4.31452700371578e-06,0.00118612110126778,0.00823786997650885,2.76924005086057e-05,2.43884113340132e-05,1.91045156511145e-10,9.60562621754424e-06,5.45460492720585e-05,-803.61805708629,0.215304202677885,0.168018507789029,0.8775,0.539523073850856
"constant",400,"pg_apf",37,372.036,593.836438928258,1365.72918547839,181.31514091262,257.365236913169,11189.5122260238,589.631735202706,10562.0093378287,675.122400412141,1.59618004421147,3.67095976055647,0.487359128989184,0.691775088736489,30.0764233193125,28.3897508247284,0.0052018108064062,0.00470757227005459,6.6368130732959e-06,0.00143625621554078,0.0103079391445986,3.36340009838692e-05,2.92894735436157e-05,3.15933613395088e-10,1.01624754724755e-05,6.76926199007215e-05,-776.954455404482,0.162095449789118,0.115344015406153,0.93,0.57921293597309
"constant",400,"pg_apf",38,369.187,866.431193474823,1994.12069863421,213.245978566018,227.103735427859,11676.0492301605,913.915004829761,11363.6267272388,815.750615109815,2.34686268334157,5.40138384784461,0.577609662761739,0.615145537161003,31.6263823757622,30.7801377817712,0.00880992997435038,0.00838573476287631,1.51893896782688e-05,0.00217416774259294,0.0162202758774585,3.49068539328017e-05,3.02656434042071e-05,3.56375009305131e-10,9.49028218457453e-06,7.11105817267324e-05,-787.443649259491,0.196217347124087,0.150434090365112,0.95,0.647414640550978
"constant",400,"pg_apf",39,366.495,705.066404006226,2134.97714390109,265.72312967453,185.492075145474,11651.7784649608,723.613882850039,11109.1230579394,1003.67759454693,1.92380906698925,5.82539228066164,0.725038894594824,0.506124435928114,31.792462284508,30.3117997733651,0.00626893826925801,0.00569426145598044,7.79889705571946e-06,0.00188191842718943,0.0117973507174317,3.29450194662549e-05,2.9164651076411e-05,2.55570111735071e-10,1.07076303534317e-05,6.48214108967997e-05,-784.616745330799,0.177145240518603,0.133342848989981,0.9275,0.594897647447582
"constant",400,"pg_apf",3,367.337,768.674654340131,1884.77825575617,225.025578682915,206.676389691346,11166.5151334575,780.289265908117,10310.5301976554,1011.55560442827,2.09255984107272,5.13092407178195,0.61258620471914,0.562634283209549,30.3985580909561,28.0683138307749,0.00575073684498111,0.00518058222549238,7.64324837348978e-06,0.00153436899482134,0.0115575181820378,3.48297902150671e-05,3.04351133505526e-05,3.22892908346924e-10,1.04505804345503e-05,6.94103817234052e-05,-814.007072954569,0.170673596044995,0.117559376470009,0.925,0.586940561772169
"constant",400,"pg_apf",40,379.998,1037.56613032101,2736.58198632347,198.875069311907,215.04878605852,12176.4830899025,1031.86787505951,11554.0787636378,696.168260500969,2.73045155585296,7.20156944595359,0.523358200074492,0.565920836579456,32.043545202613,30.4056304602598,0.0086255181758672,0.00803975860430168,1.51677665860579e-05,0.00212563000883548,0.01615413100745,3.67867838246696e-05,3.13443294952423e-05,4.71512008845727e-10,9.30702814633245e-06,7.68297283383982e-05,-783.407882046897,0.154467644897848,0.110348833365057,0.9525,0.635581122273479
"constant",400,"pg_apf",41,371.047,1081.97147218314,3992.27452023432,283.333639158969,243.890083674988,12852.8349433356,1087.1072177321,13824.8257806335,1113.34338197187,2.91599574227292,10.7594847020305,0.763605794303604,0.657302400167602,34.6393716788859,37.2589612114731,0.011659424068106,0.0111035056697551,2.20485648334258e-05,0.00363956146799824,0.0209892661072049,3.32718060540504e-05,2.9075621558118e-05,3.31092287527766e-10,9.77361831282185e-06,6.73035670257286e-05,-801.703755545423,0.150625618459408,0.107658324827015,0.9625,0.679066472582551
"constant",400,"pg_apf",42,368.941,835.123534867953,2331.93393738165,210.309042852177,239.211231919313,12569.5940134825,839.464112647619,10357.9107585444,766.645657225425,2.26356933728686,6.32061477954916,0.570034349264998,0.648372590520743,34.0693878248351,28.0747077677581,0.0085617237205442,0.00800376518735027,1.50548813081144e-05,0.00210191840850255,0.0160427103419616,3.61458756147413e-05,3.05279349981543e-05,4.46317790581651e-10,9.1830902119912e-06,7.72106547973799e-05,-789.651100156351,0.178932092478374,0.122764481281983,0.9325,0.62912328740322
"constant",400,"pg_apf",43,366.713,956.928146663233,2621.03524889309,264.418538651986,208.205907785098,11980.4768527694,956.725618379571,11348.6984979504,594.409958035228,2.60947429369352,7.14737478325853,0.721050354506074,0.567762549419022,32.6698994929806,30.9470853172656,0.00658083318856598,0.00612902402021545,8.64876795855005e-06,0.00162043424175894,0.0122350791667765,3.66253085976188e-05,3.19309925610341e-05,4.15006786856203e-10,1.02691712867681e-05,7.71380840497152e-05,-791.151869873675,0.159980258746048,0.112662505103343,0.945,0.597045936378673
"constant",400,"pg_apf",44,378.626,634.652124619204,1633.71672156179,241.312171132397,179.923087196088,11817.4902816957,629.755340258008,10060.0519152735,750.712985663663,1.67619794895016,4.3148561418439,0.637336503917842,0.475200031683212,31.2115128958277,26.5698919653523,0.0067170664923252,0.00625985721921801,9.29867329861607e-06,0.00163195557738333,0.0125630598572041,3.73014749322131e-05,3.26943866191643e-05,3.80412320273231e-10,1.0465653268215e-05,7.51627621623276e-05,-789.105249957451,0.150647938491217,0.105572303020172,0.95,0.606523905053334
"constant",400,"pg_apf",45,367.674,758.386092885367,1818.03372477386,242.205262489737,195.809457712114,11535.5674191325,753.294894622069,10345.13329703,771.135172001461,2.06265902099514,4.94468938454681,0.658750040769097,0.532562698782383,31.3744442607651,28.1367007104934,0.00459977778725701,0.00413354759406884,5.13102048335154e-06,0.00119060764386696,0.00908072932389041,3.07056653963844e-05,2.74348602242539e-05,2.26834107134054e-10,9.00527411355456e-06,5.82256972215455e-05,-788.641484717398,0.202133856215189,0.133865345711318,0.875,0.551202930344367
"constant",400,"pg_apf",46,371.652,1135.92500184875,3257.15240183659,223.828705743315,216.592012215808,12415.5149074705,1147.44487152312,11936.2253493287,672.079701725088,3.05642106553644,8.76398459267431,0.602253467607642,0.582781774928718,33.4062911203775,32.1166719117043,0.00952167222728967,0.00884563409792503,1.67699300205377e-05,0.00270593811547975,0.0176691131972411,3.26943893642794e-05,2.84504011990174e-05,2.98120237416447e-10,9.83194017143139e-06,6.77431187308081e-05,-799.086744323696,0.178482799651465,0.119681392511639,0.9275,0.647134617966662
"constant",400,"pg_apf",47,370.153,1021.30678677724,2837.50480260674,209.359330921349,257.462181287408,11579.7425099724,1002.8972609805,10949.1339058001,945.897007080711,2.75914766806494,7.66576200275762,0.56560214538677,0.695556111357757,31.2836651600078,29.5800220606076,0.00617631864342346,0.00559578581676041,9.32402540149964e-06,0.00179973181213512,0.0122506602859112,3.45384553581521e-05,2.99036995585873e-05,3.40183897821411e-10,9.79789064869047e-06,7.11300928771088e-05,-795.694592814777,0.159585285921598,0.100553423045596,0.9325,0.589190364196551
"constant",400,"pg_apf",48,366.851,540.434321606666,1526.65093906932,262.782108924319,246.085208166586,11503.4401084691,542.883201493558,11038.9868300246,885.066448380479,1.47317118286898,4.1615013699549,0.716318366105911,0.670804245229224,31.3572543306931,30.0912000513139,0.00565393729614719,0.00517109657968604,6.79115542835433e-06,0.00138553414515538,0.010920169130441,3.5446243536756e-05,3.11591632706172e-05,3.40909154436932e-10,1.05431565442568e-05,7.15309956338361e-05,-799.620566025249,0.146488389247672,0.0961278141899706,0.9375,0.588195617632399
"constant",400,"pg_apf",49,368.781,511.809206497063,951.738896569777,267.814370699851,195.767164851068,12256.0939835654,509.307609890937,10578.6948943966,651.684427484937,1.38784049746886,2.58076987851808,0.726215208212599,0.530849379038151,33.2340711250455,28.6855746212429,0.00788312985933362,0.00744642662590804,1.07240370634409e-05,0.00235513257721215,0.0145733744801529,3.67790002707369e-05,3.20963803122386e-05,4.29575169649217e-10,8.94945569720523e-06,7.58000228294795e-05,-783.292887976748,0.181434847536816,0.128707549795062,0.9325,0.623597595900177
"constant",400,"pg_apf",4,369.956,1118.36780243501,3298.00432152202,197.707873451535,315.042119210974,11892.1097529529,843.20866233169,13627.0781682774,1153.58480245005,3.02297517119605,8.91458530614998,0.534409155282073,0.851566454418835,32.1446597783329,36.8343212930116,0.00902503140696326,0.00834995003413018,1.70840890217853e-05,0.00181735111270843,0.0168448376973976,3.16572944067337e-05,2.7695743355937e-05,2.72162441387891e-10,9.73300912132805e-06,6.37302867124215e-05,-791.816452901136,0.144185994556731,0.100590283227639,0.9575,0.645792542401215
"constant",400,"pg_apf",50,368.847,665.516219170297,1827.45925326067,272.920909011037,232.973628846578,11228.7486739314,660.616798029946,10890.9077227662,1135.38178084459,1.80431512028103,4.95451841349034,0.739929859836292,0.631626741837612,30.4428358477402,29.5268979353666,0.00474415391907511,0.00430067461262272,5.05878061028728e-06,0.00128331603783389,0.00913926966888146,2.99513256847497e-05,2.69887042206645e-05,2.04684668388978e-10,9.84844639787814e-06,5.64825515747488e-05,-785.02512432498,0.191774814819372,0.139505890439,0.86,0.566558451964166
"constant",400,"pg_apf",51,379.993,791.383812551798,2100.05588899024,191.99604218639,238.170829683959,11471.7108996701,791.37484085898,10616.5207394934,660.91468576287,2.0826273445874,5.52656467090246,0.50526205005458,0.626776887163603,30.189269011982,27.938727133114,0.00787955776911034,0.00711331923845485,1.42457810378393e-05,0.0022099615776943,0.0157467712458839,3.31217338845033e-05,2.88073442997723e-05,3.19540221173969e-10,9.9323867731281e-06,6.79566211799322e-05,-808.208527407515,0.173868377513152,0.123417905623745,0.9175,0.62188960877732
"constant",400,"pg_apf",52,367.034,689.111675092596,1874.18680959255,227.676709512828,365.4636614862,11836.913683846,693.432022256883,12099.5777184846,855.73981630656,1.87751454931313,5.10630298444436,0.620315037606401,0.995721544832904,32.2501830452928,32.965822562718,0.00628498017185247,0.00567126387559211,1.02258768499474e-05,0.00147015819677803,0.0126206379647479,3.24232771138359e-05,2.92493812402158e-05,2.03192619807389e-10,1.05746669567687e-05,6.01126400541441e-05,-782.199294480163,0.198107635954803,0.151694368279578,0.8925,0.607181691395082
"constant",400,"pg_apf",53,371.036,1316.12133899858,3672.89546693839,227.717685743294,192.968632469368,13035.1631563617,1298.45828120282,12000.8154803828,713.760058713882,3.54715267251312,9.89902722899769,0.613734747418832,0.520080618779223,35.1318016482543,32.344073028986,0.0100704539135286,0.00956230898054942,1.49675547634635e-05,0.00317242235677145,0.0182068432867058,3.70754227328991e-05,3.1259203997193e-05,4.50741458786487e-10,9.83947300484897e-06,8.20489242600326e-05,-785.428350462597,0.152678344163445,0.113333086268657,0.96,0.663542666160385
"constant",400,"pg_apf",54,367.104,789.606562788421,2221.16532018509,249.129609882828,180.593086018358,11573.4766265611,788.449113675774,10040.0575209479,578.241075542539,2.15090699853017,6.05050699579708,0.678634964159552,0.491939848158444,31.5264247367533,27.3493547358456,0.00565619193380896,0.00522057707139362,6.78708588304409e-06,0.00125181502007933,0.0107679721550287,3.9210468653371e-05,3.36526395771986e-05,4.62070640210634e-10,1.02051442784007e-05,8.27439205011306e-05,-783.969099555999,0.178876993386262,0.126448912366548,0.9075,0.581856233784926
"constant",400,"pg_apf",55,372.75,584.874300853035,1616.43476200426,270.931804377818,296.530131002696,11375.5873541483,584.545002256485,12699.7593956652,1447.06588389558,1.56907927794241,4.3365117692938,0.726845886996159,0.795520136828159,30.5180076570042,34.0704477415565,0.00533448738930554,0.00481511633922157,6.35810476080641e-06,0.001604036556651,0.0104085205621709,2.80103721012879e-05,2.53952373680594e-05,1.55147044383057e-10,9.66258461595441e-06,5.35078291137292e-05,-780.204439710577,0.21018738880204,0.15076271302524,0.885,0.57102521720764
"constant",400,"pg_apf",56,367.257,1116.60516768399,3154.71387246755,222.277642359579,180.312323485882,11574.762666942,1105.36562221399,11621.0086889714,613.905461583994,3.04039179017416,8.58993531087917,0.605237319804875,0.490970419858253,31.5167925102639,31.6427152892155,0.00774060981478617,0.00717584703385442,1.32195609189328e-05,0.00170412484001276,0.0149132667414064,3.40646736076564e-05,2.91324705870718e-05,3.39225399044329e-10,8.93186950588832e-06,7.04448891053572e-05,-792.91070615957,0.168340900477786,0.125878271655885,0.9425,0.619182837150249
"constant",400,"pg_apf",57,366.181,866.667517908644,2403.02704560757,277.011156785586,219.78901837828,11907.2457887928,865.382882009805,10685.7976133191,970.676684394128,2.36677358439855,6.56240232455417,0.75648697443501,0.600219613738234,32.5173774411911,29.1817369369768,0.00611078859249073,0.00567989750354398,7.36094089527471e-06,0.00157824982292958,0.0114003515015526,3.4001417571901e-05,2.91232767238513e-05,3.78913261835909e-10,8.64984333154535e-06,7.19343863772383e-05,-796.38125861455,0.164338947379262,0.115100052349803,0.925,0.586144868093175
"constant",400,"pg_apf",58,366.348,865.062579260977,2280.27363977442,234.796859763903,173.477106483674,11547.8080771094,870.791194565109,10508.2409383326,595.354034583659,2.36131377613902,6.22433762371959,0.640912082948189,0.473530922739238,31.5214170054413,28.6837677244931,0.0061906992155131,0.00572020572932467,7.04885499242996e-06,0.00193870105753942,0.0115128900028891,3.94697663182235e-05,3.38270387002576e-05,5.09588483877083e-10,9.49486378765175e-06,8.20073620065177e-05,-770.47214093541,0.177449388838748,0.135829733966202,0.94,0.606350615079074
"constant",400,"pg_apf",59,369.713,1164.9549319916,3378.92971580447,234.698052341845,224.307483759849,12256.1225025408,1172.72778201117,12419.6069645811,779.557794681287,3.15097097476041,9.1393316323864,0.634811468197886,0.606707050495517,33.1503693474148,33.5925622430943,0.0114523355596322,0.0105757701824669,2.59115607026839e-05,0.00287460768721685,0.0215677954572897,3.6580822079544e-05,3.15477797749564e-05,3.95053765955315e-10,9.71315060991899e-06,7.44344107875696e-05,-788.003642358063,0.17704674052591,0.125924681938232,0.9475,0.684504366166941
"constant",400,"pg_apf",5,368.981,901.712294270257,2360.62814144624,168.433253288229,187.17130350396,12084.2687329227,702.331273422927,10588.0664983247,503.890855053249,2.44379058615554,6.39769565762529,0.456482185500688,0.50726542424667,32.7503820872152,28.6954246921243,0.00764096170524588,0.0070255160215773,1.23250336947162e-05,0.00226626205606987,0.0147355852277342,3.47703154232079e-05,2.91558992458156e-05,4.60718770218651e-10,8.43420376960879e-06,7.2486854249568e-05,-792.906285330547,0.150089219753178,0.105887930496071,0.9525,0.621651805527586
"constant",400,"pg_apf",60,366.493,863.838181337055,2539.1032073803,213.972097957064,216.595440368722,11957.0891217315,861.036944103195,10510.3562790832,683.185065822137,2.35703869197244,6.92810833325684,0.583836793491455,0.590994753975442,32.6256957751758,28.6781910679965,0.00704601991205309,0.00655993475010982,9.88684396525819e-06,0.00197411262201594,0.0129781349247995,3.5128042809016e-05,3.00307764614377e-05,3.60268421005878e-10,9.70308624520886e-06,7.26315267744284e-05,-775.754385519739,0.162273105437578,0.121119642796863,0.95,0.603715984900155
"constant",400,"pg_apf",61,367.474,719.427232348242,1946.33698468361,229.738088297911,254.76293038267,11268.4699129861,719.465839560576,10638.8941504557,960.145870533203,1.95776363048336,5.29652978083787,0.625181885787596,0.693281512114246,30.6646726380262,28.9514201017097,0.00484741044919013,0.0044185632337128,5.48076742823568e-06,0.00118280866339403,0.00951186399807003,3.38648787975845e-05,2.96625752198919e-05,2.73019034552075e-10,1.0558654550067e-05,6.71512618451773e-05,-794.884994962596,0.18319683671881,0.135940206466749,0.92,0.566885786914219
"constant",400,"pg_apf",62,369.524,768.246730263701,1992.22236168949,196.545490603755,267.057522623578,10594.1851670779,767.85038925667,11826.9168155626,719.875851753977,2.07901714168417,5.39132062244804,0.531888295763616,0.722706840756157,28.6698162151252,32.0058150906642,0.00838560711697754,0.00743276399337533,2.33607775353106e-05,0.00144293724967034,0.0169186512588664,3.05421782381658e-05,2.72294790977057e-05,2.21393568397369e-10,9.17302438400066e-06,5.83489318425519e-05,-808.40793475231,0.171837670893598,0.112186474908119,0.9325,0.638387784300373
"constant",400,"pg_apf",63,368.913,1069.85857789866,3422.73964224632,263.159189322619,217.374323320103,12518.5956681005,1075.32319142037,13451.823650572,1037.97107205712,2.90002948635222,9.27790466111609,0.713336719829931,0.589229231065597,33.9337341543956,36.4634037037785,0.0100085978053182,0.00946435906278541,1.81303794333716e-05,0.00274320808289882,0.018313545346141,3.06617370700429e-05,2.6865993563237e-05,2.5958833991016e-10,8.78384951968607e-06,6.21710667925724e-05,-767.518749160663,0.167114725906045,0.117759975193515,0.955,0.666069397979202
"constant",400,"pg_apf",64,367.919,588.794312983627,1764.93228431148,218.322693529348,203.19761479706,11330.8355000377,596.658946080451,10636.6387961887,504.642952137549,1.60033679419553,4.79706751842519,0.593398801174574,0.552288995124091,30.7970925666728,28.9102731747713,0.00563086478117808,0.00512454598645521,7.38516688313095e-06,0.00111510672406577,0.0109149669897974,3.30309343335452e-05,2.87468984015198e-05,3.10194070732583e-10,9.8454529157651e-06,6.74421682589175e-05,-786.592572606854,0.168900889193429,0.111969169633439,0.9225,0.579117540067862
"constant",400,"pg_apf",65,373.451,610.894803856311,1549.12714477954,275.061589798968,196.436939536236,11195.6758980072,616.438035998332,10770.5002466802,972.407878324044,1.63580979527786,4.14814030429571,0.736539973916171,0.526004588383042,29.9789688553711,28.8404643358305,0.00397866279256358,0.00363141044961462,3.24386153464365e-06,0.00116954272774964,0.00750470082545858,3.28354082025939e-05,2.87057710651929e-05,2.90206371026826e-10,1.0112352225037e-05,6.66948262057153e-05,-798.6790316215,0.172276410217154,0.120177681268295,0.91,0.540181629794245
"constant",400,"pg_apf",66,370.106,794.893944561011,2354.50111561758,213.825342941768,221.455897719533,11632.4515543225,792.721098381665,11262.1073618332,711.458623455856,2.1477467119177,6.36169398933706,0.577740817338188,0.598358031805843,31.4300539691941,30.4294103900862,0.00639105072735064,0.00581049181510562,9.0563135176488e-06,0.00158256537409579,0.0123798012788101,3.33493644925605e-05,2.96934511380983e-05,2.66964137533582e-10,9.93639357889648e-06,6.4821869951205e-05,-793.69018529833,0.178288237021684,0.120046406584469,0.9325,0.601243286927173
"constant",400,"pg_apf",67,368.021,1053.32790701067,2964.04556325173,209.220437294999,273.778570646443,11810.134893061,1026.59757674988,11922.4990161618,1258.64775075698,2.86214076645266,8.05401203532334,0.56850135534385,0.743921055174685,32.0909265858769,32.3962464537671,0.00644644685463962,0.00585906775365456,9.89888826505493e-06,0.00136544600607459,0.0126033664954741,3.2098785884526e-05,2.80168666020149e-05,2.60079167287937e-10,1.05099102210301e-05,6.54227315987261e-05,-815.080370282622,0.170140300484935,0.120047159068249,0.9325,0.590064642361513
"constant",400,"pg_apf",68,368.868,669.198160752828,1651.70783618908,269.0058936955,270.207124958695,11808.1168459471,669.303803391685,10418.1613711714,958.11834734455,1.81419413110605,4.47777480342312,0.729274140601786,0.732530674817808,32.011768019853,28.2436030535892,0.00507482088668868,0.004634827849416,5.8524628030888e-06,0.00135908408232998,0.00991607755452393,3.35600023210716e-05,2.99984234505529e-05,2.56858508190296e-10,1.01982686876147e-05,6.53646192737829e-05,-807.94485548512,0.172826646870378,0.112509640836042,0.9325,0.564226629218661
"constant",400,"pg_apf",69,367.384,1133.0369213315,3611.01204557059,139.359066458181,300.143507772979,12440.803077439,716.541875895438,12628.2837234406,903.861423755505,3.08406713774008,9.82898559972833,0.379328077592332,0.816974903025116,33.8632141776425,34.373526673564,0.00820357932919399,0.00756054453752957,1.36282448040433e-05,0.00227817690324087,0.015366232418546,3.22763678303462e-05,2.84295822877183e-05,2.62055474661718e-10,9.90023369966361e-06,6.38347581207402e-05,-785.16105880827,0.1907532474946,0.145781952347077,0.9425,0.628111804079289
"constant",400,"pg_apf",6,373.054,1267.69308913519,3946.43662342424,297.323312166019,264.900360120992,12966.7056179055,1259.45058357478,13201.9680981191,1467.14639974714,3.39814903240601,10.5787275392416,0.796998054346072,0.710085832402257,34.7582538128677,35.3888930238495,0.0131681416505222,0.0120889778489174,3.30328403381524e-05,0.00381734457645383,0.0245798342267148,3.09514982614233e-05,2.7587249033004e-05,2.38087826879855e-10,9.58495131768465e-06,6.14485568936442e-05,-782.35012243045,0.187017730150801,0.146662998152601,0.95,0.712178226750073
"constant",400,"pg_apf",70,366.897,694.090878392087,1789.51567531307,185.151495162812,225.950646995875,11215.7066737438,687.770497724239,10431.9561463351,659.877371140582,1.89178673685554,4.87743338133881,0.504641616483132,0.61584217640339,30.5690879831228,28.4329284413203,0.00632139598758578,0.00575389614478553,9.69970408880441e-06,0.00159638628466914,0.0123900318108588,3.32722634395489e-05,2.93043853754032e-05,2.94022385688357e-10,9.05700013301895e-06,6.62227179585118e-05,-790.721178920473,0.165401755428731,0.119352401733319,0.935,0.599860140925895
"constant",400,"pg_apf",71,368.933,700.90390675793,1859.07486031176,234.950453258815,214.933625669279,11396.5371323152,697.793610161461,11445.7230980888,980.057474940669,1.89981353459281,5.03905820382497,0.636837727334813,0.582581730745905,30.8905333280439,31.0238528353083,0.00575963122571662,0.00529381758279193,7.12668905943933e-06,0.00160792768936132,0.0110671571047099,3.05707302227727e-05,2.62371069911931e-05,2.77301148015669e-10,9.38854936689145e-06,6.39025176493703e-05,-795.756767086462,0.185931111744664,0.137266093130604,0.925,0.576467377223276
"constant",400,"pg_apf",72,367.653,753.605139121026,2329.86699682263,208.93586766445,264.997299712861,11615.9865035087,741.35086648459,11417.6408783605,970.418525381295,2.04977285407987,6.33713582324264,0.568296376377862,0.720781007397901,31.5949727147846,31.0554813325622,0.00445063830172804,0.00393266240801022,4.93703770660602e-06,0.00127245091531822,0.0089889294063178,2.71200119488411e-05,2.4711152786274e-05,1.5216122132906e-10,9.51895437280424e-06,5.04943678010582e-05,-845.380034779172,0.177703468092069,0.117485237673829,0.9025,0.544767782970247
"constant",400,"pg_apf",73,367.227,576.537734736975,1644.48995608896,275.648753682273,174.223987184128,11057.9366490254,566.651786295211,8381.38750763712,656.455061963233,1.5699764307553,4.4781292118743,0.750622240963418,0.474431311379959,30.1119924434353,22.8234511831568,0.00485042143667515,0.00437660782716646,5.07236324671389e-06,0.00137298749305904,0.0093290397046187,4.0128291978591e-05,3.49845589613421e-05,4.63813678206285e-10,1.12817957425559e-05,8.16827854243916e-05,-772.065700195269,0.178944342802233,0.123846018361281,0.9275,0.57296471934535
"constant",400,"pg_apf",74,368.602,981.863481863729,2679.04584479189,193.224901510327,205.290180230202,12223.2690432429,986.944184566873,12271.6755977303,844.857252210146,2.66374974054327,7.26812617617889,0.524210127753857,0.55694266507019,33.1611576802157,33.2924824003406,0.0100136036763562,0.0093163983515443,1.99087129047602e-05,0.00261877995427325,0.0185151261314962,3.2378853457788e-05,2.84629680035835e-05,2.67717603588798e-10,9.47867098526409e-06,6.49282073894812e-05,-795.492968526622,0.177291783899326,0.129903612969595,0.9575,0.655359794245081
"constant",400,"pg_apf",75,419.95,674.420528403134,1620.29188933242,273.583770120601,258.469319397264,11520.2208480753,671.264859781847,11376.4903770981,1377.9801699172,1.60595434790602,3.85829715283349,0.651467484511491,0.615476412423537,27.432363014824,27.0901068629553,0.00438885545285564,0.00404141288629476,3.84928021544941e-06,0.00118389795908548,0.00827391717500716,3.09446086729087e-05,2.72567762392218e-05,2.17765956139131e-10,1.01740465198508e-05,6.08605906876886e-05,-796.539408898716,0.193250846550519,0.114083371470879,0.9,0.544418530234421
"constant",400,"pg_apf",76,392.942,846.164731560894,2113.81846255228,242.894818706334,148.741281530045,11336.3801462731,850.158492279867,10295.875551151,632.940943872422,2.15340872587022,5.37946684893006,0.618144201195937,0.378532408167224,28.8500087704372,26.2020235840175,0.00791191556162889,0.00737705381257237,1.36574886682663e-05,0.00195151260057072,0.0149867623568251,3.64626023260478e-05,3.09922591119572e-05,5.32314925498596e-10,1.03370441087066e-05,7.45833693640302e-05,-770.024139269132,0.172860012633001,0.128486511222402,0.955,0.632816412289504
"constant",400,"pg_apf",77,368.564,999.789885339142,2873.49073095515,291.169673533875,300.078687022192,12103.4956703373,988.060936295201,11470.4506917349,1275.20780095598,2.71266288986212,7.79644981863434,0.790011160975774,0.814183390190557,32.8396036247092,31.1220051110118,0.0072372968842257,0.00654828444432691,1.18527058576354e-05,0.00192559535573386,0.0141200612893962,3.51999618687507e-05,3.16228863980882e-05,2.8331518333797e-10,1.08893592541181e-05,6.79832559073697e-05,-785.7081373487,0.171164808420685,0.125305271362942,0.9325,0.614191479228311
"constant",400,"pg_apf",78,366.937,718.850693365324,1861.08740485536,215.141624249032,168.745892487416,10838.6026949229,715.573106223319,9174.93479739595,546.178770083807,1.95905753130735,5.07195350933638,0.586317608333397,0.459877015638697,29.5380479344488,25.0041145956825,0.00653158579956807,0.00601112101659169,9.92248213531731e-06,0.00165181726228149,0.0129113766373353,4.13661414207885e-05,3.54653157685627e-05,5.3154361268144e-10,1.11302051659454e-05,8.62931464773172e-05,-780.95105872603,0.183978342675175,0.130912503800885,0.9375,0.614822510482923
"constant",400,"pg_apf",79,421.661,1195.49433817769,3780.67688103286,236.354773687226,204.824189546262,12125.7531566064,1189.09822547878,12264.3929446035,696.980771711569,2.83520253990217,8.96615262268234,0.560532687839819,0.485755594058407,28.7571133128424,29.0859077424838,0.0113971988122445,0.010582047915137,2.60464217538712e-05,0.00322562042023255,0.0219567454336056,3.62950723536002e-05,3.13822748622506e-05,4.12772950106921e-10,1.03315123646181e-05,7.57449908253613e-05,-779.804845346238,0.168608903666693,0.128367517015196,0.9625,0.688556807454197
"constant",400,"pg_apf",7,367.75,562.396786624588,1369.54490549553,264.991799387833,220.257481689784,11492.9357486119,560.704561628106,10346.509374038,902.463108463177,1.52929105812261,3.72411938951878,0.720575933073646,0.598932649054478,31.2520346665176,28.1346278015989,0.00499313500426099,0.00455638063311396,5.37659404686034e-06,0.001531868563102,0.0096588826289163,3.30701675214531e-05,2.92005178877822e-05,2.64646448941992e-10,9.87076368813954e-06,6.52218254581699e-05,-782.556266417566,0.186836434019631,0.133141027966793,0.895,0.571046527599511
"constant",400,"pg_apf",80,369,893.029957432728,2712.44663526358,239.50301827359,218.54894953602,13337.1388678758,95.3469342357814,12307.3345010874,579.290321170422,2.42013538599655,7.35080388960319,0.649059670118131,0.592273575978374,36.1440077720212,33.3532100300471,0.0110832350867941,0.0103070078668817,2.15189009552678e-05,0.00318399864515009,0.020334818621895,3.61593786401056e-05,3.07050787710556e-05,5.04143188527055e-10,9.39345727501609e-06,7.50471711804746e-05,-792.414930870756,0.167336265157821,0.124028010272449,0.955,0.67584837674997
"constant",400,"pg_apf",81,367.931,667.35427165319,1777.28546926543,127.085203070483,264.375409136173,11001.863640861,660.815182758363,11891.3741162853,848.1312352203,1.81380278273152,4.83048579561231,0.345404989170477,0.718546165276025,29.9019752096479,32.3195765409419,0.00576719256797064,0.00514178781453693,8.12383073977697e-06,0.00139736068101479,0.0115499802858046,3.16096496336291e-05,2.78124287328138e-05,2.92782692813336e-10,9.35662990660021e-06,6.01000637169069e-05,-787.034489088649,0.19570176822209,0.142082140903842,0.905,0.589405647520614
"constant",400,"pg_apf",82,368.741,826.78649258617,2475.73064252922,151.744755633958,233.813721505012,11593.988675118,825.33130649341,9918.36072111591,595.735762994064,2.242187585829,6.71400967760358,0.411521245627577,0.634086585177703,31.4420926208858,26.8979059044584,0.00699650592504378,0.00641198624083503,1.00965730724572e-05,0.0016042410041769,0.013324790755727,3.85438763880198e-05,3.24842175600904e-05,5.25955633077754e-10,9.75816389493051e-06,8.15119915456376e-05,-778.388804904168,0.156874012796869,0.110971455043668,0.945,0.618871309202062
"constant",400,"pg_apf",83,372.184,850.948252751443,2357.7077753625,190.067186025754,192.701898733768,10922.7917560207,835.989335994059,11201.9148861537,831.225739547727,2.28636441317048,6.33479078993857,0.510680701012817,0.517759760585538,29.3478273005306,30.0977873475316,0.00677289012681649,0.00612228912069791,1.12879415879021e-05,0.00148382095520291,0.0133673731891994,3.60044043183444e-05,3.19416633548408e-05,3.08174564021725e-10,1.11867412266531e-05,7.12982761412351e-05,-781.991637648533,0.198948060701108,0.150737988277365,0.94,0.604989932115662
"constant",400,"pg_apf",84,366.687,554.564729496198,1334.29811757696,260.887764770756,187.566286576027,11277.4765375724,550.463841885753,9405.0479343078,646.007218026674,1.51236539472683,3.63879307850282,0.711472631347051,0.51151605204446,30.7550486861339,25.648708392465,0.00525849907863924,0.00481626719910291,5.92887994692968e-06,0.00129506026814078,0.00994101317578648,3.75295828465014e-05,3.20269048518716e-05,4.45299104560963e-10,9.65858485255715e-06,8.19545514636344e-05,-783.528221985948,0.19296668324904,0.143846985550005,0.9175,0.578086601806703
"constant",400,"pg_apf",85,369.254,710.566223197644,1980.00872285529,206.921543020667,315.282484690525,11601.696887663,703.215176125978,11008.0456145553,1823.13962939469,1.92432911545344,5.36218625351464,0.560377255278661,0.853836342166976,31.4192856073679,29.811581227435,0.005577087785521,0.00506991956819103,7.48413103879798e-06,0.00134172913560809,0.0111233353496783,3.04189030300463e-05,2.74180862026267e-05,2.02000072390809e-10,9.7184712939045e-06,5.71367898268363e-05,-801.02408982153,0.195512905928905,0.131075083224535,0.9125,0.577530006113595
"constant",400,"pg_apf",86,369.178,553.849492325327,1444.69971705646,213.531642443415,146.786756917458,11277.9598126391,558.333778987538,10695.0155839795,516.970279735783,1.50022344864896,3.91328767439138,0.578397527597568,0.397604290931361,30.5488404310092,28.9698074749294,0.00632018600883125,0.0057749739508261,8.96692620587724e-06,0.00153277469850874,0.0122310073500619,3.37937787686991e-05,2.89922939066251e-05,3.52111357228422e-10,9.40913850474879e-06,7.07137941070275e-05,-785.000630691585,0.170670310700137,0.117417652598681,0.9275,0.60079572460957
"constant",400,"pg_apf",87,380.315,647.369159020901,1532.13101040783,243.002025362914,248.197894092144,11037.4714179252,648.81682985091,10986.2144999722,1202.30517805851,1.70219202245744,4.02858422730586,0.638949358723465,0.652611372394315,29.0219197715714,28.8871448666822,0.00541471656603754,0.00490079133050164,7.06242843268432e-06,0.00133722178344858,0.0105403046764359,3.18559890476859e-05,2.85753675813238e-05,2.57705480599788e-10,8.34358256061631e-06,6.19261187237246e-05,-799.267882076116,0.181991355855448,0.128084525735648,0.9125,0.571365911785856
"constant",400,"pg_apf",88,366.205,622.299948745399,1547.58220296267,256.10979923778,239.500180541109,11643.1281586999,629.651621067576,11390.3808743964,1397.72322268741,1.69932127836976,4.22599965309778,0.699361830771781,0.654005763277696,31.7940174456926,31.10383767124,0.00496080812247736,0.00456350982163628,5.41254472890133e-06,0.00127156129563013,0.00941529301838803,3.05373633466807e-05,2.70813762947693e-05,2.12478084158444e-10,9.8253275508022e-06,5.94547804804181e-05,-817.428999845098,0.202651838493562,0.134201498375624,0.8675,0.562402161244135
"constant",400,"pg_apf",89,368.638,1413.35588487822,4397.03147651819,219.901420379801,246.410975314256,12301.7840083395,882.365276556466,13438.7613558652,943.893732245521,3.83399401276651,11.927775965902,0.596524016460054,0.668436176721489,33.3709058977629,36.4551710780366,0.0111790759390009,0.0104644807813105,2.46440899954387e-05,0.00265038278253616,0.0204659660671238,3.39465297181257e-05,2.94117658293325e-05,3.19849162729977e-10,8.83080363897718e-06,7.07701564375458e-05,-799.383339964061,0.163647641398449,0.115291129209593,0.97,0.678473853897423
"constant",400,"pg_apf",8,371.724,944.2719757065,2626.92136683378,248.395541506386,235.827169113406,11735.0210531095,945.274986145072,11726.9153740126,1178.41587380828,2.54025022787471,7.06685973150452,0.668225730666801,0.634414697768791,31.5691778123273,31.5473721740125,0.00614152927932982,0.00556249518358762,8.7547656054215e-06,0.00158788516440076,0.0119854869042063,3.24989818490744e-05,2.93898847013061e-05,2.57676110668408e-10,9.6744139536522e-06,6.18068826348972e-05,-787.158005615341,0.188459020397808,0.138614655654737,0.915,0.591671405851736
"constant",400,"pg_apf",90,370.572,987.342978445496,2965.83919328523,226.590384148871,255.876887872172,11893.2316074367,992.772382413523,12708.4133358291,1009.49824873289,2.66437555575029,8.00340876613784,0.611461157747674,0.690491693576882,32.0942532286215,34.2940463279178,0.00859850649757659,0.00768914511091897,1.86411382656595e-05,0.00211182803673065,0.0173022063703604,3.03229487407317e-05,2.65060454119642e-05,2.3501167957645e-10,9.73829262662373e-06,5.97752499749374e-05,-812.918407064648,0.175885485884291,0.130310948525864,0.94,0.640244064576374
"constant",400,"pg_apf",91,367.833,528.409271415024,1375.7685440152,199.203973758139,327.486469954993,11318.4578207297,526.100389680547,11989.1934271658,1258.32925902785,1.43654667040484,3.74019879677789,0.541560908776915,0.890312913618388,30.7706427121267,32.5941213190927,0.00609708057913682,0.00554988925821634,9.06601335226353e-06,0.00136837455780148,0.0116933522717668,3.0445380615166e-05,2.73833724905565e-05,1.977787596586e-10,1.00101102414132e-05,5.91771018328265e-05,-799.302155998219,0.208573741106465,0.152741621640269,0.8825,0.598405975667723
"constant",400,"pg_apf",92,367.732,980.557437058831,2804.77682651247,193.197400722063,274.459130421939,12403.6591727059,976.874548582089,11965.7942975906,1055.29176953838,2.66650016060292,7.6272307727162,0.525375547197588,0.74635639656581,33.730159933609,32.5394425766335,0.00909590485153236,0.00844379156305962,1.55785623478665e-05,0.00261267952601416,0.0168015769919336,3.35474880701739e-05,2.95076802779626e-05,2.88900132974913e-10,9.65555073447765e-06,6.76126642386803e-05,-786.120742152808,0.169736059196072,0.122752224551255,0.9425,0.642489749860425
"constant",400,"pg_apf",93,368.951,1414.45736004963,4131.46071419937,248.938730964223,165.767637741678,12452.7983570119,1420.0504633834,12976.4224750731,804.03313785288,3.83372686359336,11.1978574775495,0.674720304225284,0.449294453034896,33.7519029817289,35.1711269926715,0.0105423326800261,0.00975304351140271,2.22748983331171e-05,0.0031345668231767,0.019959744060691,3.32264849114149e-05,2.92522712542263e-05,2.84712671094609e-10,1.05083957914405e-05,6.58740269605873e-05,-795.247623482868,0.152103576565894,0.107019301287875,0.9625,0.664956730942422
"constant",400,"pg_apf",94,369.565,1098.86505108188,3041.93446716748,177.742872821872,167.732673382595,12164.5786702445,1101.99073890578,11621.3896887653,820.673833987848,2.97340129904585,8.23112163534826,0.480951585842469,0.453865147897108,32.9159381170957,31.4461317732071,0.00719097731969659,0.00661226248766373,1.0678264644176e-05,0.00187894059069578,0.0135169662621691,3.27354861948258e-05,2.85664054945212e-05,2.69297499254579e-10,1.01481882379628e-05,6.5000338148451e-05,-799.988507672928,0.153641421861042,0.104297019348368,0.9425,0.612837611494793
"constant",400,"pg_apf",95,369.188,1050.68951639956,3348.96632702413,254.169515836117,204.451835651585,12836.606113635,1035.04988435589,12877.8872713131,1115.03896859099,2.84594709578741,9.07116787930303,0.688455518153668,0.553787868651162,34.7698357304003,34.8816518178085,0.0105935090630808,0.00989471369221056,1.89768335626608e-05,0.00363484146720391,0.0195597098383504,3.39509328616932e-05,2.95260037947968e-05,3.63463875508389e-10,1.00994381675178e-05,6.85619242074887e-05,-778.753778428223,0.185505643288674,0.144623670674172,0.92,0.670695603564457
"constant",400,"pg_apf",96,366.428,731.231999226874,2123.16074611731,189.39806581585,195.977618340076,11294.2288162186,735.324951215595,11261.7141932793,589.591689182572,1.99556802216772,5.79420990240187,0.516876619188082,0.534832541017817,30.8225048746782,30.7337708725297,0.0067028216586037,0.00607594555421566,1.05807386885176e-05,0.00162203737610618,0.0130728180960689,3.32032720171428e-05,2.93566467827596e-05,2.61001293946464e-10,1.00437910071842e-05,6.55165434644568e-05,-765.747908968515,0.16296754084054,0.119440197526626,0.9425,0.611089628397806
"constant",400,"pg_apf",97,368.48,701.385201072257,1907.29796516172,220.15402219365,283.959608777658,11505.2964328935,712.762211437334,10987.5054836617,955.108521401466,1.90345527863726,5.17612343997426,0.597465322931096,0.77062420966581,31.2236659598716,29.8184582166243,0.00605050607537182,0.00538647670430663,9.65036765821935e-06,0.00142540515596085,0.0123488871900406,3.14810690598718e-05,2.76025396220858e-05,2.43143340195087e-10,9.19489250537839e-06,6.32410383462526e-05,-791.337426943912,0.18486947115195,0.125815637213321,0.9075,0.593028897331147
"constant",400,"pg_apf",98,366.6,593.965746652346,1423.09001162445,177.655963042758,258.280191689089,11450.3600862478,597.326712296757,9374.88052968098,756.702534441516,1.62020116380891,3.88186036995213,0.484604372729836,0.704528618900952,31.2339336777081,25.5725055365002,0.00496616996401481,0.0044295462113852,5.99670669893605e-06,0.00145595006085763,0.00989770116141575,3.40788356307258e-05,3.08656285175565e-05,2.62057909290914e-10,1.01413366164559e-05,6.45270801224758e-05,-782.03213267215,0.165479211733774,0.11266143545033,0.92,0.572765007560711
"constant",400,"pg_apf",99,368.16,687.97365576946,1776.32624884478,263.453957270436,151.544981259402,11551.7757353171,687.019535710594,11806.7297021794,1223.6271946111,1.86868115973886,4.82487573023897,0.715596363728912,0.411628045576386,31.3770527360851,32.0695613379494,0.00587363732285019,0.00522310693409293,8.2026103932721e-06,0.00174064769696973,0.0116204976001633,3.02178354676708e-05,2.67397773305718e-05,2.0388013785315e-10,1.02564060741822e-05,5.97966685341295e-05,-793.155335040136,0.172702700110417,0.123850567246375,0.9275,0.587799096091786
"constant",400,"pg_apf",9,367.494,781.377601584041,2319.87416770591,186.909643009111,221.633673837092,11161.6668975621,771.516102912441,10143.2327302068,534.264633881289,2.12623226932696,6.3126858335263,0.508605971822972,0.603094673211242,30.3723785900235,27.6010839094156,0.00626315181876534,0.00572839459395418,9.0551183960088e-06,0.00168324444553773,0.0122213142194715,3.61024654707631e-05,3.14594732287864e-05,3.48674684131352e-10,1.04572339666693e-05,7.47964848203923e-05,-783.446652925742,0.178857767655372,0.12908929021438,0.9125,0.60016940015939
"constant",800,"pg_apf",100,732.011,451.914088551281,1076.36918652276,199.940792569203,224.584768487717,12026.6027054194,449.147877604356,12854.5240146661,970.528252945433,0.617359696167518,1.47042761177463,0.273139054698909,0.306805182555613,16.4295382247253,17.5605612684318,0.00304385317204119,0.00283362902646368,1.37177417982372e-06,0.00109316272134256,0.00532599829672883,1.66430205468432e-05,1.54867596029833e-05,3.68411142162849e-11,7.07585743972108e-06,2.87469340963412e-05,-1586.53706223622,0.153209671943582,0.106535696308775,0.9275,0.503547390519369
"constant",800,"pg_apf",101,733.831,700.626655446142,1984.78344029421,176.434526286603,257.527828196449,12003.7644576962,697.538486759892,12758.1861929412,1483.85022170147,0.954752055236345,2.70468737392425,0.240429371730825,0.35093615314214,16.3576688061641,17.3857280394821,0.0031768151317205,0.00295563048655796,1.56282383960911e-06,0.00119824195611535,0.00568091390484062,1.74048186972527e-05,1.62090847670284e-05,3.63473676833962e-11,7.80391604558893e-06,2.9840502462824e-05,-1587.27831375447,0.155071380559083,0.108755718520766,0.9325,0.508258059556318
"constant",800,"pg_apf",102,733.135,554.833830886796,1431.7379848772,183.968457824923,241.217522359357,12824.6525162422,554.926968322791,14042.1556229173,1203.28659335722,0.756796266563178,1.95289814955936,0.250933945078223,0.32902197052297,17.4928935547235,19.1535742024556,0.00414982456702731,0.00397761692900592,2.10604738854432e-06,0.00160043949253299,0.00700142693023662,1.64044164139929e-05,1.53111795575998e-05,3.58506132979966e-11,7.42134040388409e-06,2.74327851564569e-05,-1595.8584830968,0.141021505926524,0.0995207497583718,0.95375,0.534697277911549
"constant",800,"pg_apf",103,733.049,484.942805475378,1424.60222946319,169.918731248905,215.002705451587,12219.3935917208,484.792885330809,12036.8921686172,948.612032163851,0.66154214176048,1.94339291024637,0.231797234903676,0.29329922754357,16.6692725748494,16.4203104684915,0.0036498848134579,0.00344982687473429,1.81206192087564e-06,0.00142204917202084,0.00634058359061835,1.96378128390834e-05,1.78314224455666e-05,6.36693725171154e-11,7.7433858444298e-06,3.50914438442215e-05,-1583.34542183272,0.146993119995655,0.104333112812076,0.95125,0.52481666963711
"constant",800,"pg_apf",104,737.056,526.936193400191,1340.04575748587,74.8643037573965,292.301984681786,11927.3413586589,526.649235158686,12137.5562493715,1202.54710864167,0.714920159933833,1.81810575788797,0.101572070178381,0.396580429006461,16.182408607567,16.4676174529093,0.00313750391090924,0.0029230409786197,1.53229397119364e-06,0.00114604202995223,0.00561554060207127,1.8345554317997e-05,1.72757508864493e-05,3.91452383123983e-11,8.15227827479132e-06,3.05473645499062e-05,-1594.03841804884,0.146810528913774,0.107124794670063,0.9475,0.505934529155699
"constant",800,"pg_apf",105,736.259,909.764056464276,2710.60941821209,164.491196847673,211.752314409847,12566.6570331283,898.63667585529,13620.8548368345,1054.35911992225,1.2356576374133,3.68159766904321,0.223414853805078,0.287605739841343,17.06825591691,18.5000860252092,0.00578423604046781,0.00549550982299024,4.9923465194222e-06,0.00192125051380266,0.0101667008692212,1.8547230551119e-05,1.724838028857e-05,4.91335026110906e-11,7.12862582916959e-06,3.26829215867852e-05,-1584.46611093174,0.141924108604875,0.10252721943779,0.96875,0.575490385487799
"constant",800,"pg_apf",106,733.581,776.881938698251,2314.35137754637,195.828130047139,228.911495413663,13043.5833766626,781.525011164653,15216.9356794793,1261.36702226967,1.05902679962847,3.15486821161722,0.266948203466473,0.312046652535525,17.7806995773645,20.7433612368359,0.00670147610251799,0.00630890988661916,6.45196333378656e-06,0.00238474334041178,0.0117519374035508,1.70521347168688e-05,1.55284693664353e-05,4.63646889681383e-11,7.33480150083724e-06,3.08695037388281e-05,-1576.28731634518,0.138070507255212,0.0994350970033271,0.975,0.594243443061853
"constant",800,"pg_apf",107,734.362,454.096352530365,1279.98540459498,186.38961873593,233.117283143007,11903.3348707582,451.985999906421,11547.8018912735,778.422576882116,0.618354915600706,1.74298970343643,0.253811633412309,0.317441919847442,16.2090833550187,15.7249447701182,0.00320049932057259,0.00297350250480201,1.46088274947504e-06,0.00125036498161188,0.00575108004510212,1.97400742620557e-05,1.80277465310224e-05,6.32471115461894e-11,7.98696140211226e-06,3.58919739313327e-05,-1550.77990623181,0.144325374596686,0.102111254859341,0.945,0.517380538344868
"constant",800,"pg_apf",108,739.777,736.207724974285,2446.49219093117,227.07043684493,222.192047490371,13060.0189426846,745.152510548736,14057.4146463106,1005.60223544952,0.995175201411081,3.30706711743021,0.306944439804062,0.300350034524419,17.6539943019107,19.002232627279,0.00491734774441772,0.00467395089586885,3.26269119711497e-06,0.00159884674946166,0.00841509613031211,1.76222367910721e-05,1.63503575746727e-05,4.25127119525226e-11,7.37661790940726e-06,3.09305137510417e-05,-1600.73465587465,0.139368609226451,0.0976046686289702,0.955,0.553823232793457
"constant",800,"pg_apf",109,737.077,639.998573791049,1795.67261092679,235.835357299404,255.362483790119,12217.4710278562,639.024733915207,12835.8643710916,1632.94484267389,0.86829269369557,2.43620762949704,0.319960271856812,0.346452926614342,16.5755694830474,17.4145501366772,0.00350099172283437,0.00329876598579885,1.62171775495702e-06,0.00139381113583037,0.00604178769204228,1.70830567186198e-05,1.59402167293258e-05,3.80101021601187e-11,7.11092743382145e-06,2.84903296730482e-05,-1588.16950368275,0.136752797243828,0.0956257292711399,0.94375,0.520323539685877
"constant",800,"pg_apf",10,741.732,1028.50373346563,3071.63569481176,162.81087137647,172.269850158307,13109.8231459841,495.676289051487,14211.5392733649,987.951568601563,1.38662445932713,4.14116647901367,0.219500940200058,0.232253496085253,17.6746090852008,19.159938189757,0.00516239779091903,0.00487362951499823,3.80302786798442e-06,0.00193172277599913,0.00924257825034515,1.75074799976819e-05,1.61689222658181e-05,4.64415889486406e-11,7.32955453580885e-06,3.11144655728381e-05,-1598.46165941282,0.138776305684915,0.0952819687329728,0.96875,0.55754150900547
"constant",800,"pg_apf",110,736.903,506.266334459951,1398.58486891242,155.465663145091,254.85742990781,12138.5400550773,507.044472907997,12533.9602270226,1108.23708680521,0.687018962414255,1.89792261520501,0.210971678966011,0.345849358610034,16.4723716080371,17.0089689240275,0.00359067958665327,0.0033868072568481,1.81093349435045e-06,0.00131702749027304,0.00628063368489418,1.78691737871085e-05,1.67627192567954e-05,4.36668178338268e-11,8.13542547318508e-06,2.92998838537583e-05,-1569.8588724863,0.156912221719116,0.109156206181566,0.95625,0.527514802425894
"constant",800,"pg_apf",111,735.794,576.850420895211,1654.15658276044,163.507616663562,247.565805510052,12027.2489050637,575.36444265725,13387.3186383889,1404.15582607399,0.783983589014331,2.24812458753461,0.222219285103659,0.336460756013302,16.3459458830376,18.1943840781372,0.00364767402742507,0.00337254087052976,2.34600337524615e-06,0.00133623598998844,0.00677627048712522,1.52263720596077e-05,1.43487582878418e-05,2.5659321473587e-11,6.6731867775511e-06,2.52518542444171e-05,-1558.00573538447,0.135823056308023,0.0945202626332259,0.9325,0.523681313567701
"constant",800,"pg_apf",112,735.21,438.393189879744,1362.4644198776,158.288873922827,199.634787257218,11973.6629708413,437.081568092464,12476.6968851177,940.247531089716,0.596282953006275,1.85316361295086,0.21529749856888,0.271534374202225,16.2860447638652,16.970249160264,0.00366187952120367,0.00346848200205248,2.13349103323651e-06,0.00119365124784371,0.00654809845446616,1.91057123618792e-05,1.78970880270603e-05,4.49850179775216e-11,8.27249742604506e-06,3.23587152989981e-05,-1596.11158908943,0.148179636067942,0.104713241245436,0.95625,0.523337591727568
"constant",800,"pg_apf",113,735.446,683.364553946512,2075.08756791483,171.293891412725,194.567198668833,12832.990962281,678.646741128741,12948.3113764577,663.957647128674,0.929183861148898,2.82153627583103,0.232911582104907,0.264556743348707,17.4492633888565,17.6060667628319,0.00470851678594377,0.00442362824264968,3.25264371964951e-06,0.00162364580216798,0.00831886568612085,1.91049644465932e-05,1.75509293773592e-05,5.88261202093288e-11,7.25568190493062e-06,3.43474607122036e-05,-1551.74527557308,0.14520465989289,0.102489266065465,0.96125,0.552894321651124
"constant",800,"pg_apf",114,736.823,677.097434277491,2004.66839989177,230.989017914185,231.378348222824,12454.8085262462,673.677540444789,13351.4096726231,1283.80077762749,0.918941773366862,2.72069194350851,0.313493224172135,0.314021614719985,16.9033927093022,18.1202401019283,0.00391926741435482,0.00362684819498532,2.36696005679715e-06,0.00154049751339522,0.00723826080515805,1.72667484010628e-05,1.60695849496633e-05,3.94677174085109e-11,7.17754125303567e-06,2.97067111829295e-05,-1604.09690167176,0.149582163785245,0.106704568344034,0.95125,0.527759612860138
"constant",800,"pg_apf",115,735.148,683.708672351539,1913.34996452347,232.092546899902,187.895271867096,13253.0287575521,678.012886382484,13405.1146666614,822.448452818195,0.930028609683409,2.60267315496127,0.315708601397137,0.255588360258201,18.0277015751278,18.2345795223022,0.00443424607168454,0.00420721601712339,2.47746893524924e-06,0.00182106145083936,0.0075382592737027,1.732108718602e-05,1.59015629611976e-05,4.40541469464296e-11,7.65247994091269e-06,3.04366127514922e-05,-1572.53909347045,0.143483802029201,0.0979364846775551,0.9575,0.547530864140361
"constant",800,"pg_apf",116,738.369,418.850069683488,1066.78938310822,191.261727699562,160.372791361801,11848.7243477823,419.868304340492,12220.4973897157,945.984034837118,0.567263887952349,1.44479167341563,0.259032716297084,0.217198706015286,16.0471584638335,16.5506642203501,0.00297795652854093,0.00280261213302837,1.2562854257397e-06,0.0011427194898543,0.00525208353068063,1.68626272282337e-05,1.59208937549556e-05,3.39242634085523e-11,7.73264959166059e-06,2.86114787610779e-05,-1607.64749030062,0.138305217561906,0.0892841433640292,0.945,0.504649161302093
"constant",800,"pg_apf",117,732.74,476.392761502539,1279.88315949124,211.459092881976,226.683864280234,12110.7367179728,475.269369341242,12645.2634134973,1166.17161720341,0.650152525455876,1.74670846342664,0.288586801432945,0.309364664519794,16.528013644639,17.2575039079309,0.00258657087750786,0.00242309511094901,9.11661070051689e-07,0.001075150083144,0.00453003691373004,1.5422944648316e-05,1.44921154433233e-05,2.6903271574099e-11,7.40684170511583e-06,2.57930211503221e-05,-1582.56256549126,0.138403500944815,0.0915040229038045,0.93,0.489337655655595
"constant",800,"pg_apf",118,732.484,630.643728174895,1798.95677325721,143.208210336409,230.740733155515,11956.6257379455,624.035853064532,12846.7153042196,1091.62774770588,0.860965875261296,2.45596732933035,0.195510359729918,0.315011294656969,16.3233951020711,17.538560984567,0.003444379974747,0.0031504116612734,2.11417604046026e-06,0.0010696515868945,0.0064071654774882,1.60956303506958e-05,1.51719865344911e-05,2.84866774270588e-11,7.38292047675816e-06,2.70720842593331e-05,-1605.07976705815,0.160283941732544,0.111602499287776,0.92625,0.515975234336398
"constant",800,"pg_apf",119,745.124,684.903841173956,1873.75311824638,155.669452475464,236.874265524526,12509.6876441781,209.915589157648,13300.8989233617,1004.10718287682,0.919181023794639,2.51468630489205,0.208917512354271,0.317899122192449,16.7887326729217,17.8505844978309,0.00389251708766681,0.00363652192837335,2.25325981676734e-06,0.00143742524818357,0.0068759604385702,1.73222290859679e-05,1.59284641851339e-05,4.64520560025605e-11,6.76836159636027e-06,3.08939386465751e-05,-1567.98814752674,0.145347991512798,0.100849597993884,0.9525,0.533322306827641
"constant",800,"pg_apf",11,737.776,851.716084140585,2766.05177175575,99.8024984155149,178.67534858377,12673.0023574491,850.215366815662,13937.1238526283,364.681387373352,1.15443723317184,3.74917559226073,0.135274796707286,0.242181025926257,17.1773036225753,18.8907254405515,0.00486628141580625,0.00456872308039171,3.41081235315075e-06,0.00169671454602432,0.00866613105920655,1.78029774988674e-05,1.64866714496837e-05,5.48478658897644e-11,7.80633874727792e-06,3.09433360073323e-05,-1613.18078026773,0.12853360625219,0.0870213994823068,0.96375,0.549602032754799
"constant",800,"pg_apf",120,735.573,572.097306528397,1492.96770363203,215.722946840039,234.92858062875,12928.9307252299,574.832658876128,13110.7405419992,1115.23465758603,0.777757349071264,2.02966626511853,0.293271975507583,0.31938173455082,17.5766793033865,17.8238469084635,0.00415822869072931,0.00396801799739763,2.25530221868791e-06,0.00150249709155558,0.0069734396589003,1.74963953882773e-05,1.65405383332583e-05,3.84201404517156e-11,7.41642752319219e-06,3.00493722980269e-05,-1546.14856936344,0.169579277156168,0.124528853211779,0.91125,0.541649114903918
"constant",800,"pg_apf",121,736.89,651.168648148906,1924.59805204323,165.888040602102,233.78849794693,12228.3109797875,654.646771183869,12413.0651746013,899.400410240629,0.883671440986994,2.61178473319388,0.225119136644685,0.317263767925918,16.5944862595333,16.8452077984521,0.00392086076732762,0.00367517987004066,2.3051536170229e-06,0.00133723086334535,0.00684372776979577,1.90596482336805e-05,1.76168627618882e-05,5.25930625911645e-11,7.96079421940674e-06,3.3686820988614e-05,-1612.6740513171,0.153643212428479,0.110732555879163,0.9575,0.527358222754121
"constant",800,"pg_apf",122,738.218,633.688126300456,1693.6183938545,150.371271008025,163.076256164105,12070.2600169852,632.953188514301,12560.323057568,1214.30284412585,0.858402431667144,2.29419818245355,0.203694939717028,0.220905282943662,16.3505360435335,17.0143820085232,0.00307399885892916,0.00292980682775427,1.21396763877301e-06,0.00112346705235695,0.00512763900650838,1.6502654568164e-05,1.54493996122737e-05,3.72876912768735e-11,6.75828536938636e-06,2.8613040934709e-05,-1578.11099329834,0.156356666710089,0.105119840283421,0.9375,0.508209447551582
"constant",800,"pg_apf",123,733.078,574.273363294865,1538.97636847954,139.623845854858,258.787171155695,12317.6039036085,574.362643881673,13230.8710458015,1453.23739784447,0.783372797021415,2.09933508914405,0.190462469007198,0.353014510264522,16.8025829497114,18.0483809987498,0.00300097122727227,0.00282633504141801,1.25675396407186e-06,0.00124130374128963,0.00528271714100746,1.54312748311999e-05,1.44047398339609e-05,2.87477437134514e-11,7.06595422885823e-06,2.58664485958832e-05,-1574.41563425386,0.148566488430755,0.104433692441142,0.91125,0.507766801786269
"constant",800,"pg_apf",124,763.621,884.154438396137,2369.29017031429,100.766568125364,189.941025660311,12523.2175101573,448.706167010368,12858.3018903822,656.918209785704,1.1578445831062,3.10270431315311,0.131958875051058,0.248737299865131,16.3997814493804,16.8385912519198,0.00459951170772294,0.00435236729775453,2.86298074445457e-06,0.00178229487467349,0.00798074247637788,1.83067745392157e-05,1.70811702225453e-05,4.5377559587579e-11,8.37173903643341e-06,3.13117814044023e-05,-1542.54393417589,0.164308452925822,0.121757831208831,0.92875,0.556999222872799
"constant",800,"pg_apf",125,732.775,529.536033539292,1336.95268519309,174.962449648152,204.052404107641,12111.1470867298,533.881751778644,12640.1810799297,879.258707188003,0.722644786652509,1.8245064108261,0.23876694708219,0.278465291675673,16.5277842267132,17.249743891276,0.00354214204719089,0.00333332620516592,1.8568134587784e-06,0.00132649751862863,0.00618209801311407,1.72751584191653e-05,1.61657277695505e-05,4.01744304550308e-11,7.44557354642093e-06,2.94600318287925e-05,-1596.85927550057,0.168084925928868,0.119124599855048,0.9025,0.524290461332064
"constant",800,"pg_apf",126,736.523,527.219855552528,1671.06009839097,157.007911585724,214.138367913259,12358.439075082,519.689348780723,13000.2775467893,1213.41148984876,0.715822663450467,2.26884985043368,0.213174485502454,0.290742268623327,16.7794340096398,17.6508779044094,0.00349167087658871,0.00327192764492089,2.10739601522931e-06,0.00118391669683095,0.00629686744134986,1.64176597843668e-05,1.51878962822525e-05,3.51189320441946e-11,7.26228083164049e-06,2.8578109363006e-05,-1606.71702974474,0.14469995771687,0.103398960447241,0.94,0.518399513794164
"constant",800,"pg_apf",127,732.074,469.902310940371,1166.22764982502,197.975627488712,211.855806709969,12111.2133813797,468.072043418668,12295.1864977909,1050.13466295585,0.641878158410721,1.59304612624546,0.270431168828168,0.289391245570761,16.5437010211805,16.7950050101369,0.00288556391180826,0.00272173553608282,1.15663087365576e-06,0.00113458626884837,0.00508233841895182,1.83270749856364e-05,1.71132322723828e-05,4.03124188314974e-11,7.8849165360206e-06,3.09795579627574e-05,-1555.1291084794,0.143655191318579,0.100548097207219,0.945,0.501409498375284
"constant",800,"pg_apf",128,737.942,663.59257428843,1843.45694793433,213.252280094903,175.936664500226,12437.7580497104,663.260483623745,13363.0382901741,1483.52770339022,0.899247602505929,2.49810547161475,0.288982440482995,0.238415301609375,16.8546553112716,18.1085211170716,0.00371112489523132,0.00351344667841893,1.86694113719163e-06,0.00143551910907986,0.0064066589293116,1.63557778831459e-05,1.50787232980188e-05,3.74282129530194e-11,7.20814442576479e-06,2.86179426290149e-05,-1589.11487574969,0.138478867450705,0.0899610982799856,0.9425,0.522195620758284
"constant",800,"pg_apf",129,734.218,642.453236151566,1844.72502438621,153.718621312964,206.170318711297,12260.3175573027,641.966836515981,12736.8373650971,1098.20425083036,0.875017006054832,2.51250313174863,0.209363732996146,0.280802593659237,16.6984704233656,17.3474872110152,0.0034694538237562,0.00326378826732471,1.74799019752349e-06,0.00127253621089594,0.00601749707508178,1.58291312727353e-05,1.45745904256078e-05,3.63416773539502e-11,6.76899096433045e-06,2.81294028073933e-05,-1591.16442943998,0.147380961069274,0.104793937019574,0.94125,0.519573179053606
"constant",800,"pg_apf",12,736.177,727.961250613635,1873.37784160428,135.532256740718,208.366566833357,11973.1520924745,723.894644201919,13152.6409109752,1217.69037677461,0.988839980892686,2.54473834635459,0.184102813237466,0.283038680688689,16.2639583856526,17.8661394080163,0.00401065366276687,0.00378299526805584,2.38617841788077e-06,0.00142590254157995,0.00708483435724344,1.83133499000408e-05,1.67742208346473e-05,5.67940138313428e-11,7.22792570114384e-06,3.28067934149384e-05,-1553.57364970361,0.131691941356022,0.0884020286728826,0.9525,0.538204163194122
"constant",800,"pg_apf",130,731.821,330.214363647986,819.269775945944,225.678065940022,244.401779506724,12006.5156767191,333.553089251544,11972.0991907033,748.062669676323,0.451222858660774,1.11949476162333,0.308378778335169,0.333963878471271,16.4063557573766,16.3593271998252,0.00275581293085944,0.00259923504787035,1.01741117575391e-06,0.00109925592585422,0.00473811066084718,1.66431901016475e-05,1.54373995007393e-05,3.89595940799188e-11,7.02995063351014e-06,2.86592163274438e-05,-1539.1046994699,0.142397324670007,0.0995068086843387,0.945,0.50261819045703
"constant",800,"pg_apf",131,739.01,568.196248772633,1512.32205509742,207.539522574259,198.093356508124,12527.2796352132,563.779170378985,12730.4753852594,749.389684961045,0.768861380458497,2.04641622589332,0.280834525343715,0.268052335568022,16.9514345343273,17.2263912332166,0.00341502850639667,0.00324427029473078,1.59983125959594e-06,0.00131360480114192,0.00583926590807158,1.76322654674615e-05,1.62651589940634e-05,4.16796755726412e-11,7.97370097207036e-06,3.043806732423e-05,-1571.58965391942,0.144991444662848,0.107819797073688,0.95125,0.523176851937324
"constant",800,"pg_apf",132,737.727,642.209026282819,1856.8739933796,123.663181714957,257.408710562645,12140.7649081852,649.5490563062,12560.3964958808,859.714585054739,0.870523955721857,2.51702051487827,0.167627295347679,0.348921363272112,16.4569887074558,17.0258056108571,0.00373975338981881,0.0035087456406659,1.96719007028153e-06,0.0013986959650344,0.00645750135794403,1.86770553379371e-05,1.74836347661857e-05,4.57887021281456e-11,7.85678687436913e-06,3.22809785098681e-05,-1591.43012035193,0.144546805773037,0.104088937967007,0.93625,0.53094599512494
"constant",800,"pg_apf",133,733.232,596.787951837468,1595.77482304776,110.431347610614,219.461229875138,12153.6269577564,598.556226168141,12816.5213760909,957.863663148205,0.813914220652492,2.1763573098934,0.150609012714412,0.299306672206257,16.5754180910768,17.4794899514626,0.00353170469053303,0.00333251791937277,1.79736523527972e-06,0.00129201682230103,0.00618275828931142,1.78953098881507e-05,1.66628282943259e-05,4.10877112858608e-11,7.57919281141706e-06,3.07844817857422e-05,-1588.86409572536,0.144681430766259,0.1001315099906,0.94875,0.519334141453379
"constant",800,"pg_apf",134,761.625,452.981942850594,1229.40351422723,162.029014019053,182.427463428978,12295.6975845653,458.856471262421,12830.5333309023,859.472763098894,0.594757187396151,1.61418482091217,0.21274119680821,0.239523995967803,16.1440309661123,16.8462607331723,0.00341549323768044,0.00319881771280325,1.65713826338068e-06,0.00130632326442795,0.00602805186210773,1.63792822465638e-05,1.52605092974053e-05,3.40638031588079e-11,7.34507652334226e-06,2.79274279478198e-05,-1588.49855801451,0.147713915531133,0.101345214565533,0.95,0.5136282934326
"constant",800,"pg_apf",135,733.097,638.93820710681,1951.68886011002,168.865857402925,176.419819351046,12553.9159735129,634.48139639014,13485.596417767,607.797909823778,0.871560253427323,2.66225187132128,0.230345857919108,0.240650035876624,17.1244950852519,18.3953779892252,0.00463300896751336,0.00432108587960336,3.26052893462775e-06,0.00143031525615054,0.00815203148254649,1.79154300844006e-05,1.64247037414097e-05,4.73167699785582e-11,7.37766757539007e-06,3.21268008695058e-05,-1593.05364752063,0.121622045203162,0.0855475852928816,0.96375,0.549619960756423
"constant",800,"pg_apf",136,738.369,814.264780842076,2334.03644370379,125.00210666737,193.037843117561,12607.8517909129,816.801516846758,13157.9589871581,976.934677204335,1.10278841723051,3.16107047249247,0.16929490087933,0.261438174026213,17.0752723785978,17.8203025684422,0.00463378497289105,0.00434989633291382,3.1154270470084e-06,0.0014323231627962,0.0080738249197298,1.82495460398844e-05,1.71488992452609e-05,4.23317794726733e-11,7.95934699782889e-06,3.11602483837008e-05,-1609.5048517681,0.147788469701783,0.106023698093088,0.95625,0.552633124186748
"constant",800,"pg_apf",137,737.502,628.344555201737,1782.8515370769,170.08420345934,214.008514254427,12221.6251883873,627.476677133763,12773.2997556565,1384.07943757302,0.851990306740507,2.41741925727239,0.230622023342771,0.2901802493477,16.5716502306262,17.3196815136183,0.00365317071968867,0.00340286452812329,1.87378552408124e-06,0.00129750508338397,0.00638910174529511,1.7407382117604e-05,1.60446135797712e-05,3.90745589903494e-11,7.78094742655677e-06,3.05863767383306e-05,-1573.34497578481,0.137389101682457,0.0938525516335379,0.94625,0.528687736795437
"constant",800,"pg_apf",138,735.831,739.023650935279,2291.48061104485,129.074442224181,239.412173231161,11824.5696296789,730.85820668299,14545.9515279135,1202.23826528782,1.00433883722659,3.11413981069682,0.175413161750703,0.325362988554656,16.069681257896,19.768060231104,0.00505029662398664,0.00480702702754368,4.31244398998807e-06,0.00154485345941184,0.00913180761136421,1.69728146090983e-05,1.60473028322782e-05,3.42146096638151e-11,7.57415631596793e-06,2.88070431922296e-05,-1597.79053572636,0.14668007662738,0.106069851397218,0.9525,0.555948242295964
"constant",800,"pg_apf",139,736.404,566.990403861115,1776.49648569227,165.565800254711,242.595037173778,12556.7672523622,571.654420801973,13660.8170835275,1285.57136728114,0.769944763826805,2.41239385675834,0.224830120768913,0.329431992729233,17.051465299431,18.5507100498198,0.00346818465097627,0.00328717013675342,1.60467325672075e-06,0.00125786738214681,0.00591578336397096,1.59712720089896e-05,1.48981860382304e-05,3.14490258738343e-11,6.80815063666109e-06,2.69838508288426e-05,-1622.35251825636,0.17714691809046,0.127470121349252,0.9125,0.514848247562241
"constant",800,"pg_apf",13,733.132,693.434226475782,1984.58923872847,147.552936575091,171.33063800566,12636.5055844688,691.259835210291,12752.3069973146,700.247836848841,0.94585180632653,2.70700124769956,0.20126380593821,0.23369684859706,17.236330680517,17.3942850636919,0.00451370640333733,0.00427476930192732,2.90289625749707e-06,0.00160495132648824,0.00782500215488845,1.95730783903064e-05,1.81607859902917e-05,5.65947699103147e-11,8.0459209483739e-06,3.47916580488671e-05,-1574.92956799508,0.129724136456818,0.0928871909250131,0.9625,0.546320543298741
"constant",800,"pg_apf",140,732.606,560.759990048351,1512.0013296716,179.993905598667,141.80462411945,12386.5826532821,563.380728358774,12532.3916879266,592.699624692467,0.76543188296076,2.06386697579818,0.245689914631694,0.193561920212843,16.9075637563466,17.1065916576258,0.00362347019838261,0.00335816835561602,1.89679574650854e-06,0.00149514069051864,0.00637306876741382,1.83931553149435e-05,1.70057720635299e-05,4.58394016355726e-11,7.81518021340787e-06,3.24318097212411e-05,-1584.66342258438,0.144808079729223,0.103874461603446,0.95375,0.528972540140541
"constant",800,"pg_apf",141,733.232,453.54754628893,1410.65535791142,198.293052307559,203.866267452463,12553.2951187303,451.337168156206,13251.7794455056,1239.37868417594,0.618559400420236,1.92388678878093,0.270436986257499,0.27803787539614,17.1204954485488,18.0731057093875,0.00339181317787384,0.0031775898349741,1.58252944683589e-06,0.00130702976768401,0.00598646999954295,1.55998851362104e-05,1.46173631348193e-05,2.86738413791721e-11,7.06335986838177e-06,2.63569150967607e-05,-1598.55235591766,0.149296481421851,0.110360023772844,0.92125,0.511950563124676
"constant",800,"pg_apf",142,742.1,641.286065342409,1735.55739671749,205.396630068476,212.78835660294,12433.148416581,641.540255704077,12921.3164037258,904.214787049488,0.864150472095956,2.33871095097358,0.276777563762938,0.28673811696933,16.7540067599797,17.411826443506,0.00319580695405847,0.00296585777419315,1.5044189188167e-06,0.00121340043481184,0.00561341481810358,1.67753922339651e-05,1.56375974635597e-05,3.39641512392428e-11,7.58092921821381e-06,2.83284076750529e-05,-1600.37338483791,0.148031992081112,0.107004986248743,0.94,0.509870735218068
"constant",800,"pg_apf",143,734.403,349.722527124873,925.525631104073,112.15818368299,226.93414440462,11898.2670659086,351.310931750311,12260.2011192945,811.107075367391,0.476199752894355,1.26024217099341,0.152720214491213,0.309004925639764,16.2012778623026,16.6941054425084,0.00268683195042457,0.00252115201671199,1.08898366430304e-06,0.000979302793515892,0.00470153977259021,1.56262290118431e-05,1.43847769347608e-05,3.30244566846512e-11,7.1807521189671e-06,2.63048294476976e-05,-1583.54716511733,0.167900274485594,0.126600610502264,0.92125,0.492960557334157
"constant",800,"pg_apf",144,733.338,859.521430954215,2804.10934886304,156.89689459694,164.294440722734,12920.089278894,719.617174331594,13582.6842430208,854.286265343042,1.17206721996435,3.82376114269687,0.213948949320695,0.224036448026332,17.6181914463644,18.5217242840557,0.00497371942174558,0.00466806148095352,3.93919417322888e-06,0.00178717674053254,0.00889323278448227,1.83594031551615e-05,1.68965595747834e-05,5.04841731804079e-11,7.51481061797151e-06,3.22652303382888e-05,-1599.70287497357,0.139097888215387,0.091290550705345,0.96375,0.5550325608279
"constant",800,"pg_apf",145,734.305,483.119769406221,1254.85183106589,171.045270447246,266.465947216602,12117.0254552895,483.021517448126,13302.9897230282,1014.38834224642,0.657927931045303,1.70889729889609,0.232934911851677,0.362881836861525,16.5013522382246,18.1164362533663,0.00313892467503914,0.00293336040287508,1.4595866727195e-06,0.00109757331067667,0.00541017918802523,1.50077673890657e-05,1.40929179759962e-05,2.68018844948259e-11,6.70113605058642e-06,2.52229903462792e-05,-1588.41554905609,0.152616877639222,0.106817367212871,0.925,0.510422707332662
"constant",800,"pg_apf",146,736.482,598.41025060093,1601.59313578,153.585154343951,234.759331822053,12385.9440799608,597.300067815973,12854.7220972147,768.030222494995,0.812525289960828,2.17465346848939,0.208538911126071,0.318757731787135,16.8177145944651,17.4542244036035,0.00413482160187846,0.00389600310310483,2.6542653172292e-06,0.0014843014407617,0.00746716508080355,1.76714006178892e-05,1.63303312415125e-05,4.41572135776246e-11,7.57078426380478e-06,3.05236966006923e-05,-1558.91129898955,0.171300035917665,0.12489068515477,0.91,0.542344044507827
"constant",800,"pg_apf",147,733.302,394.880725324573,925.010529092335,194.537318389728,262.166557100931,11941.1625384645,395.56156293265,12081.0925615639,815.107873676197,0.538496724848116,1.26143189176129,0.265289496537208,0.357515126238481,16.2840992366917,16.4749210578505,0.00266615227304901,0.00250585405011783,9.25178746523507e-07,0.00100332494910632,0.00455845700684923,1.66581998434699e-05,1.56250240401095e-05,3.40447981839222e-11,7.33370507430317e-06,2.79945877924516e-05,-1604.56085242561,0.15576390093324,0.113645642712306,0.92875,0.495229321439804
"constant",800,"pg_apf",148,732.305,646.805054182273,1738.68714180776,186.644693892292,178.32042463275,12730.6708944633,648.958421243534,13107.9487554044,813.725700229793,0.883245443063031,2.37426638054876,0.254872892978051,0.243505676777777,17.3843834119162,17.8995756623325,0.00435911358165776,0.00409419335560535,2.82757809191114e-06,0.00147668260251096,0.0076676414827498,1.86304226499317e-05,1.73091622031469e-05,4.8134312874514e-11,7.53709750116809e-06,3.27770183246702e-05,-1577.81739873724,0.138289055735576,0.0916750186606219,0.96125,0.543350571682566
"constant",800,"pg_apf",149,738.599,580.719296363885,1809.23297985607,209.56351369676,234.510534029665,12699.2988307171,586.846085176222,13815.5239485814,1055.09554415718,0.786244357714924,2.44954702058367,0.283731109433888,0.317507245514366,17.1937666185807,18.7050401484181,0.00499571143714513,0.00465633884939448,3.65132535506381e-06,0.00179545801286014,0.00883815566275847,1.87040531173419e-05,1.74101956957663e-05,4.77792074667129e-11,7.67097034822371e-06,3.1916983467291e-05,-1609.33054991394,0.135917204151272,0.0948554538513433,0.9525,0.556382800951755
"constant",800,"pg_apf",14,734.795,666.162729410208,1849.65271878391,186.947601713536,260.476150260921,12448.5018038151,664.466315303602,14101.8395812215,1397.39703195482,0.906596709844525,2.51723639761282,0.254421439603612,0.354488190938862,16.9414623178099,19.1915290403739,0.00511743930045056,0.00485894253815143,3.64951021295689e-06,0.00169491734070705,0.00891601981645949,1.77778963752938e-05,1.66598154593866e-05,3.86477853949354e-11,8.18478843096439e-06,3.00721369480074e-05,-1594.08854356296,0.184433406729038,0.137098637693115,0.90125,0.568440070492416
"constant",800,"pg_apf",150,733.478,900.996022473896,2969.85099408676,184.388612967576,160.638733036935,13455.1909997469,900.118379452265,14524.8321421432,712.313168582783,1.22838861216546,4.04899805322963,0.251389425405501,0.219009613153953,18.344368883248,19.8026827555063,0.00680609530494311,0.00648928419832186,5.46822875718551e-06,0.00285047363100453,0.011684086611322,1.93691961809937e-05,1.76202823711541e-05,6.14177159602933e-11,7.62632566628881e-06,3.51717170541104e-05,-1579.31603599966,0.139033774360475,0.103298746342174,0.97375,0.60269003335712
"constant",800,"pg_apf",151,784.709,445.395942365458,1223.20403033323,150.365340211294,166.257744301577,12316.5039850754,446.187039074722,12993.1618575282,915.218934385416,0.567593773443988,1.55879954267535,0.191619237464199,0.211871845870988,15.6956323746451,16.5579365822594,0.00367779297577573,0.00345117745608754,2.07901359316449e-06,0.00142048993645588,0.00671812158063645,1.67280168699337e-05,1.53262414391763e-05,4.3032414059829e-11,6.77836030791588e-06,3.00139247903799e-05,-1598.55359793721,0.144760972026199,0.0953913041608646,0.94125,0.523204527648596
"constant",800,"pg_apf",152,732.741,354.559357621459,804.656634514989,204.954663070484,221.301812806573,12026.4508722682,356.480848275841,12188.739173918,700.454091991666,0.483880876901195,1.09814604957958,0.27970956050021,0.302019148384726,16.4129629326981,16.6344440585663,0.00281915106236932,0.00265692098027783,1.01930293721628e-06,0.0011168060188652,0.00483866302103395,1.64803131400361e-05,1.53122531131399e-05,3.60472956547291e-11,7.22852902934982e-06,2.81441447613623e-05,-1585.37938824419,0.147838842530195,0.0977212417334662,0.9425,0.497678834553779
"constant",800,"pg_apf",153,732.574,599.594788967363,1713.4795990229,163.539779261046,219.23283083266,12140.2242929714,605.906406364626,13071.9641637498,990.605862180417,0.818476753157173,2.33898500222899,0.223239944716911,0.299263734220243,16.5720108725827,17.8438822067802,0.0038824792136301,0.00365544426846152,2.35741999765431e-06,0.00135084219761857,0.00697171117117435,1.68218961940642e-05,1.5826895272897e-05,3.48666211430833e-11,7.1675548911581e-06,2.88445756539407e-05,-1596.30196755126,0.142723188304288,0.100453329915346,0.93125,0.528800637650203
"constant",800,"pg_apf",154,733.11,641.156603280098,2060.20317413901,144.464462351928,140.406905551416,12332.506878855,636.835736957274,13426.8746206293,1121.56663577647,0.874570805581833,2.81022380562128,0.197057006932012,0.191522289358235,16.8221779526333,18.3149522181246,0.00406173768384738,0.00385727737346816,2.20596161082113e-06,0.00138742727796271,0.0069584364749132,1.70445299646309e-05,1.58535064669401e-05,4.12271283934616e-11,7.01589396123121e-06,2.92550674504733e-05,-1576.02233846922,0.130338353798636,0.0820312072304713,0.95875,0.536190488263455
"constant",800,"pg_apf",155,734.452,401.337117625247,1177.87261176674,155.933015043084,240.143817757901,12304.4940130938,409.232352640937,12744.1600852626,816.020710047943,0.546444311711654,1.60374348734395,0.212312057211478,0.326970064426131,16.7532990761736,17.3519305349602,0.00364225040165942,0.00338768857679024,2.09839244956865e-06,0.00131749902656274,0.00658365918645342,1.80527935581821e-05,1.70544199804619e-05,4.20787749168125e-11,7.69633157849055e-06,3.09103944176434e-05,-1592.9726064056,0.162950440459211,0.121658195773126,0.93625,0.522010491187526
"constant",800,"pg_apf",156,735.188,686.676532366815,2020.71495981784,140.271623456141,139.712033143505,12139.465220588,683.405321880321,13675.7114275409,1094.62139144805,0.934014881046501,2.74856901883306,0.190796943715268,0.19003579104053,16.5120557198812,18.6016521318914,0.00394394673924236,0.00369761114868442,2.32205783976887e-06,0.00140097225211935,0.00706784997654789,1.64529326420938e-05,1.54343039506532e-05,3.3736749615024e-11,7.21300741125856e-06,2.85379731480871e-05,-1587.60997072736,0.129210728701394,0.0821373489416552,0.9575,0.531856839636168
"constant",800,"pg_apf",157,735.173,392.389417909051,1219.28108603335,168.098966771881,204.635548651581,12201.5138019068,394.765683427016,13028.5233531532,916.633285748366,0.533737525601526,1.65849546437824,0.228652258409764,0.278350196010437,16.5967925942694,17.7217108805046,0.0036333947384591,0.00336122395800951,2.19541233126871e-06,0.00123950248817965,0.00654236649059824,1.67344245961241e-05,1.55849059797568e-05,3.35376409458499e-11,7.82461804514034e-06,2.87704142480465e-05,-1596.90333113405,0.158136475027061,0.109136375791299,0.94125,0.521878122325397
"constant",800,"pg_apf",158,738.897,476.058989180114,1292.72814025891,151.057491610033,242.439144873398,11963.2651732244,474.736024065654,13597.9350651688,1141.10150095595,0.644283288712925,1.74953767610222,0.204436466259888,0.328109526596262,16.1907074642669,18.4030183708539,0.0030995201774666,0.00288047770977517,1.48750820347108e-06,0.00111863971003118,0.00553730922997208,1.57554363782439e-05,1.48334691485673e-05,2.82764264577231e-11,7.25965013754381e-06,2.66663577498867e-05,-1599.11298287223,0.142196108537479,0.0919838613262802,0.94375,0.505146216594722
"constant",800,"pg_apf",159,733.736,585.864196541607,1714.46001787212,160.00239236079,164.537181733517,12269.4677200771,578.374807820882,13072.5125869954,987.753721014541,0.798467291425808,2.33661700921329,0.21806534279467,0.224245752877761,16.7219104965234,17.8163707205253,0.00348932074012499,0.00315935798149157,2.11745641713218e-06,0.0012190852864031,0.00645443913176726,1.65400718883641e-05,1.54358477196174e-05,3.71357479873335e-11,7.05548995312612e-06,2.94519657728639e-05,-1603.02630673909,0.143656257408335,0.097021011016955,0.94,0.516657256743145
"constant",800,"pg_apf",15,734.225,731.996515891781,2480.38071195165,179.927229137983,212.15901050774,12873.947840095,734.46414365932,13241.1143325697,864.530450594394,0.996964848502545,3.37822971425877,0.245057345007298,0.288956396891607,17.5340635909905,18.0341371276784,0.00449496648375476,0.00431723288576265,2.52742742957287e-06,0.00170590902672236,0.00772068405461859,1.78732637170326e-05,1.64924941807376e-05,5.31924502545962e-11,6.65576457489853e-06,3.11117919510398e-05,-1589.72164478215,0.134089847334957,0.0917250289484386,0.96,0.547462511872673
"constant",800,"pg_apf",160,743.827,438.252190134747,1313.97754448072,196.81482597468,246.658001760117,12493.5028666237,437.615913490447,13423.7665622465,1196.33323361414,0.58918564415482,1.76650961107988,0.264597582468343,0.331606679725416,16.7962481418713,18.0468933801092,0.00316476578091789,0.00296197114295075,1.42068200040932e-06,0.00122099055576433,0.00560215201814023,1.56636905034944e-05,1.467262484172e-05,2.5936938691857e-11,7.70075909553473e-06,2.62817900519647e-05,-1626.43763319233,0.14520177365592,0.0987587035905079,0.94,0.505671062457069
"constant",800,"pg_apf",161,736.109,424.044856144682,1181.28583174764,176.022223106907,237.048942887414,12076.3444387833,419.819783224807,13627.7898626202,1067.30810480902,0.576062588753408,1.6047702605832,0.239125215296793,0.322029676158577,16.405647042467,18.5132770589956,0.00372569240493006,0.00344358059353627,2.34709918879603e-06,0.00134321855861772,0.00679477295047753,1.6444979789155e-05,1.54518246453094e-05,3.25393866146954e-11,7.04217417746998e-06,2.78342785203213e-05,-1601.20490136309,0.141432982973136,0.0929716668376278,0.9375,0.528841257783809
"constant",800,"pg_apf",162,738.299,474.957200700508,1369.84089515789,222.740547570848,219.543339021243,12547.1974365708,476.550934725122,13262.3012342042,1224.31379536268,0.643312805110813,1.8554012604079,0.301694228992384,0.297363722585623,16.9947371411458,17.963320056243,0.00338741883877794,0.00322380303764504,1.52266334877195e-06,0.00122648227701722,0.00581409744709363,1.57850983440394e-05,1.44832274569941e-05,3.74024382262876e-11,7.42760258239651e-06,2.76799492952023e-05,-1597.27696573717,0.168457209190482,0.122569711122936,0.9,0.515760841643997
"constant",800,"pg_apf",163,733.266,616.592908403056,1554.0935695582,166.701411024898,300.047297664674,12292.7612613475,614.788324998046,13547.1195632363,1277.80225874701,0.840885720056645,2.11941310460079,0.227340979978478,0.409192977261558,16.7643955417918,18.4750412036509,0.00352716943284885,0.00330712462631071,2.0061781112683e-06,0.00125124867793462,0.00626636757640714,1.58526676138562e-05,1.50596015996864e-05,2.62950026732248e-11,7.18042905507234e-06,2.61843136907941e-05,-1584.28733378035,0.144528812199346,0.104967536858565,0.94625,0.520266493079421
"constant",800,"pg_apf",164,758.997,643.130452825202,1796.60016868217,195.092155034329,178.664985451331,12691.159275081,635.261002036393,13027.0964849815,722.645850690252,0.847342549213241,2.36707150184015,0.257039428396066,0.235396168168427,16.7209610513362,17.1635678204018,0.0041833332972142,0.00394046645289802,2.42618764555436e-06,0.00154706928671261,0.00726809841666617,1.84507743067909e-05,1.67261661086281e-05,5.55637512452456e-11,7.16768767181862e-06,3.33558496060819e-05,-1593.97362352932,0.153689433932492,0.105135810710163,0.955,0.535172924241118
"constant",800,"pg_apf",165,732.823,399.319309883686,1103.28398161136,136.666209615203,246.07245050074,11544.8392493708,402.594425736065,12021.4915729259,994.156731459194,0.544905536376023,1.50552586587943,0.186492795143169,0.335787018830932,15.7539259130387,16.404358996546,0.00274120442299807,0.0025462992599803,1.15541466184788e-06,0.000954180463295742,0.00488525311421968,1.68081597631748e-05,1.54362010229556e-05,4.13829519639553e-11,6.94129004863734e-06,2.92097718341219e-05,-1569.54533167579,0.150499091796948,0.10196970272137,0.935,0.495003286830336
"constant",800,"pg_apf",166,734.388,913.522938883764,3147.56225249226,154.594589845788,172.443047131249,12931.2389303651,823.2053261597,14572.4285204376,1016.07323851054,1.24392410944047,4.28596634543628,0.210508055477197,0.234811907508359,17.6081838624338,19.8429556589128,0.00564715880295284,0.00538445185487017,4.8059414452852e-06,0.00188698671072137,0.00993111211603689,1.71295222563898e-05,1.58224554085279e-05,4.01487880197854e-11,7.57394182631777e-06,3.034531508801e-05,-1606.06924987079,0.154687049339759,0.115623970875239,0.95375,0.572714364198212
"constant",800,"pg_apf",167,734.585,648.551676515052,1930.15870559804,147.753524147616,202.984518645121,12339.9462862098,646.874286995212,12635.2578338885,1057.11184174872,0.882881731202042,2.6275498486874,0.20113877107158,0.276325433605534,16.7985274491172,17.2005388537589,0.0033917356140236,0.00315199805231614,1.60555869637972e-06,0.00141292406252391,0.00599851552028593,1.84603598622778e-05,1.73413389513341e-05,3.99714545122978e-11,8.11669113042771e-06,3.14276252123599e-05,-1606.5242579003,0.137086753766903,0.0981527525549044,0.95625,0.516691372829653
"constant",800,"pg_apf",168,733.769,967.455529681366,3133.44600416465,176.337466831323,168.861208738753,13020.9426383628,802.463504583906,13954.7580580239,864.808237627,1.31847424691063,4.2703439422552,0.240317411653153,0.230128567353967,17.7452885558845,19.0179171619732,0.00562066610502882,0.0052644312057303,5.06495710496239e-06,0.00193740090702314,0.0100289343810634,1.82314158393697e-05,1.6490587911931e-05,5.3109484765056e-11,8.05512254003552e-06,3.24165899466551e-05,-1605.62428807602,0.13193214958913,0.0892568555861332,0.965,0.573382850290579
"constant",800,"pg_apf",169,735.754,632.846286752156,1946.1546482528,181.925286884174,222.172453696475,13016.5469231651,640.096588045668,14140.1627959022,1012.65197676288,0.860132988406663,2.6451159602976,0.247263741527975,0.301965675615049,17.6914388819703,19.2186013204172,0.00517040187783372,0.00488363472937279,4.07113886760561e-06,0.00166603968938956,0.00903192287374339,1.65373064100208e-05,1.54352997960022e-05,3.52370555813856e-11,7.06422559511985e-06,2.83137115801987e-05,-1628.38297966327,0.16516174203813,0.117590087641952,0.9425,0.557079073989853
"constant",800,"pg_apf",16,780.178,866.567970177904,2412.68855269173,225.857306597855,152.886909231066,12968.950986134,482.898119817735,13741.3741191615,814.43054708288,1.11073110261748,3.09248473129431,0.289494585335469,0.195964137967317,16.6230667695501,17.6131269007349,0.00499604162442166,0.00470886601368714,3.56516747684779e-06,0.00170845738765598,0.00885125861583633,1.80671846574378e-05,1.68063294314415e-05,4.52500038658841e-11,7.34925703407037e-06,3.13276025882502e-05,-1574.93146101774,0.124251526302365,0.0857214574633057,0.96375,0.559485805598371
"constant",800,"pg_apf",170,733.324,622.242897208998,1774.6728193138,211.886660673058,113.846578650129,12685.9087419775,620.969027867445,12660.3657286748,460.316654612366,0.848523841042974,2.42003919047215,0.288940032881861,0.155247310397763,17.2991866377992,17.2643548127087,0.00393632837944993,0.00372582444617178,1.93757512504606e-06,0.00145534691243704,0.00667939025470798,1.88559232982954e-05,1.74461406737154e-05,5.77424328695526e-11,6.64260080210034e-06,3.32069506602178e-05,-1555.59702845638,0.130603271768437,0.0911369480581951,0.9575,0.536170720811157
"constant",800,"pg_apf",171,737.208,370.440433262943,927.018654124963,146.358515639766,266.953308280579,11916.7675317731,373.12108538846,13093.887790237,866.821707126032,0.502491065293571,1.25747232005752,0.198530829344996,0.362113960077182,16.1647289934091,17.7614564549449,0.00361836630152783,0.00337066015792261,2.21437826535863e-06,0.00121599516899831,0.00648633900584124,1.65794280500174e-05,1.54741320173395e-05,3.41787368044236e-11,7.37824132627963e-06,2.77975243553626e-05,-1589.05901794209,0.145810111122144,0.101630694758365,0.93375,0.529211160071271
"constant",800,"pg_apf",172,731.901,348.11986512683,855.582716848654,138.87761143232,225.680087033706,11853.4880573454,348.771124736732,11576.1102448786,745.158919356522,0.475637914317415,1.1689869488478,0.189749175684034,0.308347832608107,16.1954800681313,15.8164973744791,0.0026611192215636,0.00247033476285222,1.0578163328035e-06,0.00105555119276406,0.00477395017669098,1.79411078601668e-05,1.69365649308583e-05,3.7118679046846e-11,7.83923727503369e-06,2.99931249714774e-05,-1588.08181013607,0.143870631526318,0.0941490609889703,0.9425,0.498984649615482
"constant",800,"pg_apf",173,733.64,712.556225360328,2212.39946168374,142.94399202406,262.151967342805,12345.3945879299,708.245714785687,13670.0559065068,1190.16773173869,0.971261416171866,3.01564726798395,0.194842146044463,0.357330526338265,16.8275919905265,18.6331932644169,0.00395309264414357,0.00375003761890926,2.17461379480577e-06,0.00148225502103032,0.00679777631582667,1.66188576340789e-05,1.54252699070114e-05,3.33594773053296e-11,7.56090484878424e-06,2.84983652691568e-05,-1586.33579151408,0.128786160156027,0.0830418851728878,0.96,0.529582313450809
"constant",800,"pg_apf",174,738.62,610.668351904628,1647.8444790881,194.550704343563,154.095210752189,12357.9514256554,609.637877112666,12705.1107298081,978.387897296478,0.826769315621873,2.23097733487869,0.263397558072572,0.208625830267511,16.7311356660467,17.2011463672905,0.00367329440409162,0.00349619397632546,1.83397821753877e-06,0.00124041654266687,0.00632233875047304,1.7783058117751e-05,1.64672670871108e-05,4.28711373225852e-11,7.64066391276034e-06,3.10606390058016e-05,-1584.1802042798,0.154418186303847,0.108203453531492,0.91625,0.523597433001777
"constant",800,"pg_apf",175,739.442,696.674220937027,2038.9608758105,192.224108271309,242.751263792485,12436.7795116548,686.605452368161,13724.0765762337,1078.34850516772,0.942162091059241,2.75743178749719,0.259958331108199,0.328289796620269,16.8191413412476,18.5600447042955,0.00422806148388183,0.00398667600398929,2.54545177120592e-06,0.00147287130600705,0.00747388959599581,1.65596737119322e-05,1.56160334459629e-05,3.28939110660218e-11,6.91536840353506e-06,2.80600577369168e-05,-1592.65309766749,0.154097653481605,0.110396660401336,0.94875,0.534241166057809
"constant",800,"pg_apf",176,737.034,410.186467033472,1277.42385739354,187.891317758178,181.020023126823,11948.799660679,410.19779157144,12405.1905468033,926.943638037575,0.556536695774512,1.73319529003214,0.25492896902745,0.245606068548836,16.2120060413482,16.8312324082787,0.00366816613396736,0.00343857163846932,2.08567088115529e-06,0.00138707448950678,0.00645473869684499,1.83464884458598e-05,1.66511830093424e-05,5.83114923876012e-11,7.27636552758416e-06,3.28767639108731e-05,-1572.0330926306,0.145921674317454,0.106737196677196,0.94875,0.532147029365137
"constant",800,"pg_apf",177,734.027,612.378002668031,1607.46405862725,237.489255504984,219.497384708955,12328.7388673249,608.510469796064,12953.8383789218,1073.74356002995,0.834271767479985,2.18992497364164,0.323542942568848,0.299031758653231,16.7960291206249,17.6476320066181,0.00327142466813077,0.00313568954462898,1.31366907613033e-06,0.00140436325889159,0.0056418038174158,1.64889063324869e-05,1.55526973147622e-05,3.22554414152812e-11,7.34034951431055e-06,2.73767032311974e-05,-1551.97915558464,0.150577564239113,0.103438249380012,0.94375,0.509970750758378
"constant",800,"pg_apf",178,743.816,467.060836421396,1220.33838549234,168.93789710385,193.187827408413,12077.4669130266,466.996161105029,12796.3758525932,836.680728855883,0.627925234764237,1.64064551648841,0.227123236262531,0.259725291481244,16.2371700972103,17.2036845840816,0.00340514483213282,0.00317663752848925,1.83811170852411e-06,0.00126116294887644,0.00596885765577273,1.73375756044951e-05,1.59438735917593e-05,4.42923177469248e-11,7.73737425842113e-06,3.09178340955642e-05,-1552.65021350121,0.139915764235982,0.0977817335609809,0.955,0.52164443095477
"constant",800,"pg_apf",179,746.263,471.553161559485,1327.58501777167,124.82946463365,197.263017692205,12294.6609389782,465.800385736363,13457.214031077,1197.32495780816,0.631886026185788,1.7789774084628,0.16727275053654,0.264334447362666,16.4749705385075,18.0328034902937,0.00451467233900313,0.00422526978979264,3.02679538666658e-06,0.00158555877734139,0.00801141201557586,1.732939763856e-05,1.61561155164283e-05,4.29021006066364e-11,7.27987054656613e-06,2.95525787788033e-05,-1606.35094716607,0.164386152901669,0.113999825622163,0.9425,0.546865556233324
"constant",800,"pg_apf",17,733.292,398.875973000895,1165.54863101027,262.667094978276,296.832934400253,12064.131061291,400.299516152358,12620.2654237041,1052.53377593333,0.543952440502413,1.58947408537155,0.358202591843734,0.404794998991197,16.4520151062483,17.2104228925232,0.00286165491126467,0.00271463600508923,1.03342612705898e-06,0.00114326096647128,0.00480334417608276,1.67237644149505e-05,1.54361177047717e-05,3.62994127448773e-11,7.43022211241536e-06,2.89943475821348e-05,-1577.94793058079,0.133453352090491,0.0871992838769678,0.945,0.497873940852383
"constant",800,"pg_apf",180,738.322,575.886041484539,1380.89097818775,213.504402071897,199.297935452847,11956.9851061324,578.09722679301,12728.7058216414,1229.89069410652,0.779993067367001,1.87030994361234,0.28917518653365,0.269933627134024,16.1948108090135,17.2400467839797,0.0033553653668839,0.00309924700097579,1.83605100101536e-06,0.0012483630885905,0.00600569615447008,1.69639537442727e-05,1.58992232107819e-05,3.60068909422401e-11,7.5384280355001e-06,2.9226287882973e-05,-1572.77382336419,0.146078707887317,0.100137583085874,0.935,0.515337104469407
"constant",800,"pg_apf",181,733.63,770.100566586506,2148.40545784304,130.139115144163,200.824330285149,12512.8732632739,766.002383736674,13743.6353724645,1383.04594066077,1.04971247984203,2.92845911132728,0.177390667153964,0.273740618956626,17.0561090239956,18.7337423121525,0.00363393327779627,0.00341748352926053,1.88568060760117e-06,0.00137831938884912,0.00627087568592628,1.62618064426391e-05,1.52111372228167e-05,3.13565167187092e-11,6.88700993421662e-06,2.74952454936188e-05,-1577.21110238293,0.166203279837351,0.125446944823168,0.90875,0.525294704590276
"constant",800,"pg_apf",182,734.378,439.321056103212,998.467265499723,205.954756714824,228.892789406651,11667.1975159439,441.408873410638,11996.4014310432,888.175549714219,0.598221973020995,1.35960944568019,0.280447884760741,0.311682525084698,15.8871827804535,16.3354586208236,0.00227337835336669,0.00214141913767513,6.62395248118666e-07,0.000982155005860013,0.00388672367927034,1.60269165160393e-05,1.48592653103112e-05,3.38362198587039e-11,7.21902215451734e-06,2.77216144717861e-05,-1560.59936325961,0.165377541751381,0.120653692202908,0.91125,0.485951600168907
"constant",800,"pg_apf",183,740.15,367.507088658253,866.257910170947,158.210079441448,203.19261789718,11623.3991282071,368.248591963271,11818.5215043799,786.2491579067,0.496530552804504,1.1703815580233,0.213754076121662,0.274528971015578,15.7041128530799,15.9677383022088,0.00282444213680331,0.00264757672025614,1.08594819731816e-06,0.00104795579924754,0.00487409536396242,1.83536564956072e-05,1.70008105914264e-05,4.60344745680743e-11,7.55998060497981e-06,3.16902671017615e-05,-1588.22656340416,0.144927255230762,0.0970018153798217,0.9475,0.497365314123234
"constant",800,"pg_apf",184,736.857,694.32140391965,2093.44384677017,183.368320262901,265.852818452307,11980.0280832458,691.385376662902,12264.5853092342,1128.25187099606,0.942274286489306,2.84104493377978,0.248851975706143,0.360792960441858,16.2582808920127,16.6444578924191,0.0040430247078377,0.00380518970502338,2.65327371411998e-06,0.00130370626433723,0.00724646577595408,1.93790776753513e-05,1.78835710147751e-05,6.12237229219187e-11,8.02398251788288e-06,3.34121474151776e-05,-1587.99882759683,0.147908015631239,0.104100950638651,0.95625,0.536246194122106
"constant",800,"pg_apf",185,735.255,546.777001434329,1486.03205414732,179.742407598968,260.700664961295,12283.8174473113,543.924193485101,12600.1443134334,1234.45963465129,0.743656284465021,2.02111111675177,0.244462679749159,0.354571767565395,16.7068805343879,17.1371079604129,0.00312274118543613,0.00295610138330059,1.3742419609709e-06,0.00122505276756396,0.00534237592487532,1.69165137961712e-05,1.54885596954315e-05,4.2982315392799e-11,7.06584371576507e-06,3.01010348706825e-05,-1599.75267391424,0.143363731117518,0.101154559194103,0.94125,0.505678885445179
"constant",800,"pg_apf",186,732.895,479.663534556517,1410.45853160309,198.288122389415,220.162943184455,12269.0256132791,480.283801063281,12968.9625228457,1181.27830530135,0.654477837284354,1.92450287094752,0.270554612037761,0.300401753572414,16.7404957235063,17.6955259932811,0.00362133004221016,0.00342001769369217,1.73144031287542e-06,0.00141756265705661,0.00633661349296267,1.72804778436421e-05,1.61264445304868e-05,4.01813349094802e-11,7.49814611482522e-06,2.98930953381467e-05,-1581.8253826006,0.145054896050267,0.095856763883312,0.945,0.523632968481357
"constant",800,"pg_apf",187,738.973,503.549201321435,1344.16264024111,84.2361925502798,141.044160195528,12091.6193069153,498.483773887107,13298.8375619681,1205.87305311086,0.681417590793486,1.8189604224256,0.113990893510696,0.190865106296886,16.362734913069,17.9963781653295,0.00358398235964147,0.00335541791400003,2.16438384942282e-06,0.00115958617650891,0.0064784475929509,1.70393397033072e-05,1.60096508251468e-05,3.42575692385425e-11,7.4934687855677e-06,2.82515843396717e-05,-1621.0840218654,0.143415487871766,0.10444879783913,0.95125,0.520493807801801
"constant",800,"pg_apf",188,732.894,562.43168159367,1557.43801583677,187.543535207698,234.243196789624,12663.3973605567,559.914885088926,12931.783771304,783.300629214294,0.767412042660562,2.12505221196622,0.255894488435842,0.319614018929918,17.2786205925506,17.6448214493556,0.0044146778875152,0.00412373910968541,2.74011746359803e-06,0.00173589168708669,0.00780440955906431,1.92566463307959e-05,1.81792405344788e-05,4.71059746568218e-11,8.44370402519579e-06,3.28945458739523e-05,-1565.2324286705,0.151178809854113,0.106579943050441,0.9425,0.551941446101563
"constant",800,"pg_apf",189,734.541,613.60611492066,1678.70173974921,200.009647559291,257.321785731918,12256.3437641704,614.90830672311,12865.4336789712,954.949848686238,0.835359925342031,2.28537513869098,0.272292013052085,0.350316436702537,16.6857176987676,17.5149292945815,0.00327677293607097,0.00305718157894476,1.74684073137308e-06,0.00115033019631597,0.0058391369451082,1.70237210208259e-05,1.59088346134754e-05,3.36651449097678e-11,7.40810030940154e-06,2.89967396149192e-05,-1595.73472616679,0.137383587950619,0.0943870819226593,0.95,0.513569409752938
"constant",800,"pg_apf",18,735.578,655.786886742479,1725.70744468307,154.245740765607,222.453145111264,12023.8986044428,656.616143983966,12776.3699800736,1217.67750766242,0.891525965624962,2.34605635932977,0.209693249071624,0.302419519223337,16.3461911645574,17.3691572886541,0.00334706582412204,0.00316481476302825,1.65974800434463e-06,0.00122700332115325,0.00590639200444015,1.69828689824616e-05,1.60109890830315e-05,3.62169857820244e-11,7.78004693617858e-06,2.8557994125926e-05,-1585.49726309591,0.149273358787998,0.0989399545455045,0.935,0.512250781353388
"constant",800,"pg_apf",190,733.643,743.452262992712,2291.29184395514,194.675730813609,169.936666483025,12241.7787416164,743.587285302172,13620.594010802,1439.85282646661,1.01337062166846,3.12317004858649,0.265354853537224,0.231634005208289,16.6862884831129,18.5656974997403,0.00351143006332371,0.00327424303501053,1.82816566130233e-06,0.00133007342354272,0.00630268039952427,1.66629141291037e-05,1.56927257688966e-05,3.11610722410674e-11,7.80356486172412e-06,2.76426899065377e-05,-1572.27148228493,0.149265295036822,0.0997737654644928,0.9425,0.51781188788607
"constant",800,"pg_apf",191,732.437,548.611400888467,1197.89045423139,156.363211706288,213.064251757156,12280.8646478236,548.611488514892,13182.8207853624,756.919491199542,0.749021964876797,1.63548599296784,0.213483496473127,0.290897717833965,16.7671276134652,17.9985729630841,0.00460601383020856,0.00433568809346652,3.26331436141906e-06,0.00180203419724905,0.00828927487376502,1.82338417246721e-05,1.67934506345384e-05,4.82727304392752e-11,7.68019192811194e-06,3.22257170806164e-05,-1587.33964369323,0.129267716254488,0.0908252011222543,0.96,0.54987205624591
"constant",800,"pg_apf",192,736.012,426.8801121288,1163.48420407967,178.579689835966,298.413863251641,11989.8247885349,427.662197976501,12479.1032117958,1025.76044828476,0.57999069597887,1.58079515562201,0.242631492198451,0.405447007999382,16.2902572084896,16.9550268362415,0.00311777053002358,0.00293691945732312,1.36834827594885e-06,0.00113968279411559,0.00545322014412521,1.62761724941515e-05,1.5429421208559e-05,3.0130815417089e-11,7.33753048760395e-06,2.68406023175308e-05,-1577.69665167047,0.163435550446197,0.105752586052943,0.92125,0.503900882782245
"constant",800,"pg_apf",193,732.674,495.066831508579,1287.57384710021,217.615256779657,303.813963366634,12140.6576022531,493.426097027639,12606.7396246274,1198.96583268756,0.675698648387385,1.75736254746342,0.297015121021979,0.41466458938987,16.5703404273293,17.2064787676748,0.00296839828704773,0.00274566649631647,1.39068279019784e-06,0.00106175369383809,0.00524810336131994,1.64469734651418e-05,1.52923679714521e-05,3.26670358642651e-11,7.77157919233188e-06,2.7920446711637e-05,-1544.65973658579,0.151336479134732,0.106597128848814,0.9225,0.505489932090367
"constant",800,"pg_apf",194,735.422,505.66808924542,1345.74102010877,224.789646515345,251.87907116671,12230.5123909456,504.265589465368,13057.0013486544,1168.02590093795,0.687589015892128,1.82988953296035,0.305660758741708,0.342495969887643,16.6306044569588,17.7544339830116,0.00384512007363469,0.00357391888776839,2.23091926675092e-06,0.00143275555431782,0.00677624044926629,1.80166948975816e-05,1.68039752382809e-05,3.99605466744609e-11,7.54767304447186e-06,3.0619277359571e-05,-1564.8027871051,0.14475063936609,0.0994371994762912,0.94875,0.535048129961123
"constant",800,"pg_apf",195,734.31,610.95656161703,1817.16781099247,179.030625457725,194.164760770099,13652.9249033418,435.578176776349,14021.0508504011,1097.19407557418,0.832014491995248,2.47466030830639,0.243807963200453,0.264417971660606,18.5928625557896,19.0941848134999,0.00682755103193215,0.00654973672847103,5.2524018844652e-06,0.00269239721207075,0.0115486623997477,1.88523960338085e-05,1.73870769212622e-05,5.03834904000071e-11,7.71820632556375e-06,3.37200380398603e-05,-1577.18304255736,0.164776515691904,0.122993399817759,0.96,0.597454955704725
"constant",800,"pg_apf",196,733.614,411.584638271179,1009.21180460809,184.959282475351,287.597855892252,11879.7342691246,414.564407368476,12723.7578454433,914.814886450247,0.561037055278633,1.37567140840836,0.252120709903779,0.392028854264303,16.1934399686001,17.3439408809582,0.00287534254170784,0.00274463906954799,1.10212012710592e-06,0.00115944129923343,0.005049035651436,1.62638209071536e-05,1.55966299534749e-05,2.48504431387485e-11,7.69174125022703e-06,2.60485287914162e-05,-1581.46737374263,0.149143455395056,0.103261143099983,0.9375,0.501708495102811
"constant",800,"pg_apf",197,746.897,645.568479445881,1877.19250571745,144.535180009361,167.596114872023,12489.0756316384,648.422254194564,13623.4751324765,950.77422723533,0.864334010507313,2.51332179097981,0.193514206121273,0.224389862152375,16.7212823610731,18.2400988790643,0.004475909822288,0.0042209700506873,3.06837334754492e-06,0.0015552920507991,0.00780664916479378,1.7054943491576e-05,1.60931552254457e-05,3.64063264530655e-11,7.25256162393597e-06,2.89303228521888e-05,-1586.33835440282,0.155531344653881,0.112048377010312,0.95125,0.546900819685135
"constant",800,"pg_apf",198,732.557,687.997056108581,1938.52716151396,188.955727638522,220.550448920279,12601.5945464622,265.113822870282,13128.581382,990.198406903073,0.939172045463467,2.64624754321365,0.25793996595285,0.30106933511014,17.2022034414553,17.9215834153519,0.00360352581752379,0.00337557598387992,1.87917632993837e-06,0.00142662604000607,0.00618084218735702,1.67081008019498e-05,1.55228057417713e-05,3.91012799893872e-11,6.89474078237101e-06,2.83944580677906e-05,-1572.7252248359,0.139910025309347,0.095868392640284,0.955,0.519184431422791
"constant",800,"pg_apf",199,733.139,629.781592481396,1710.96364838262,136.434259061342,159.080382993477,12126.9690550883,630.347564057505,13009.2141428017,544.775567748274,0.859020721147553,2.33375069172779,0.186096032350403,0.216985296094569,16.5411593914501,17.7445397704961,0.0040476216241939,0.00375389975263014,2.62912338653313e-06,0.00132492302459248,0.00720106866060174,1.80123954756824e-05,1.62420545524531e-05,5.64893546182651e-11,7.16702518996554e-06,3.296673939617e-05,-1592.57312745783,0.154418770581257,0.109928810093338,0.9325,0.533713538636611
"constant",800,"pg_apf",19,736.288,850.289405794001,2818.65170722062,180.248813035764,227.373807122439,12268.8100126309,766.216146901493,13363.8295031999,941.142726103415,1.15483262771361,3.82819183148526,0.244807484348195,0.308810964082586,16.6630584942724,18.150274760963,0.00459488324287273,0.00434653343565066,3.04642946528542e-06,0.00160477810707783,0.00797145583510038,1.79488286779865e-05,1.65329292675391e-05,5.0177490917284e-11,6.76718847131585e-06,3.22591062332909e-05,-1574.43587315245,0.142745679228204,0.0973341689452576,0.96125,0.551859045727542
"constant",800,"pg_apf",1,752.966,824.473242540765,2788.50786850779,151.923986714907,241.03614547964,12659.8234609842,651.579705042518,13699.7579652165,1273.96765662727,1.09496742554214,3.70336491754978,0.201767392837003,0.320115576904721,16.8132737215017,18.1943912012183,0.00449078061244578,0.00418833307332002,3.35499227793545e-06,0.00152994067656114,0.0081485162432648,1.68212127408295e-05,1.57543063196815e-05,3.64175830955587e-11,7.00333331542527e-06,2.89665331016225e-05,-1600.07894937401,0.145457268916104,0.0970565507761718,0.95375,0.543916821223331
"constant",800,"pg_apf",200,733.482,663.892253166937,2116.4202931183,178.372306301516,234.562546017352,12260.9285396171,666.911535621298,13270.6439978644,1696.70412435435,0.905124124609653,2.88544271450193,0.243185662772251,0.319793186495854,16.7160592074748,18.0926648477597,0.00398445806670927,0.00375332413670607,2.50134565839629e-06,0.0013621577245697,0.00696460727416468,1.65054954125861e-05,1.55996641278994e-05,3.17331393443264e-11,6.97461140007505e-06,2.74982122700366e-05,-1591.3822488533,0.148029459435031,0.105248260967451,0.9425,0.532603239799692
"constant",800,"pg_apf",20,740.524,572.631024069856,1626.7938936322,179.732741148385,242.819546958434,12329.1564154417,573.994476633927,13490.7913191831,1131.6776190767,0.773278143679146,2.19681454433914,0.242710217559978,0.327902332616409,16.6492327263421,18.2178988380973,0.00359978165924082,0.00334637341817429,1.98128081200013e-06,0.0014315734881976,0.00635322382543088,1.58949290787122e-05,1.50410554331659e-05,2.75126036070073e-11,7.47791804514803e-06,2.62295929100386e-05,-1607.5589392242,0.144139323887059,0.0941242528423912,0.94875,0.521641114582884
"constant",800,"pg_apf",21,736.38,519.438657631237,1443.23356763554,217.609606313044,198.854264666191,11991.531920116,525.124660797178,12069.8286085735,1127.23005884381,0.705394847268037,1.95990326683987,0.295512651502002,0.270043000442966,16.2844345584019,16.3907610317682,0.00301457784321176,0.00285097809245507,1.23834682630703e-06,0.001200077089873,0.00520791032867172,1.86546074206935e-05,1.72437633334599e-05,4.79995771737938e-11,8.00746126297841e-06,3.22524697061519e-05,-1563.78380536373,0.141373399020667,0.101638290854094,0.9475,0.50775224224187
"constant",800,"pg_apf",22,733.444,741.836708961731,2215.61739178068,95.1947523946433,252.066913917866,12476.1822475047,738.719141009683,12899.629117296,1016.85324559124,1.01144287629557,3.02084057103293,0.129791439284585,0.343675746093589,17.0104087667288,17.5877491905258,0.00418963561181224,0.00396275972773195,2.78625852309263e-06,0.00142414151021576,0.00746962555637433,1.76280486525321e-05,1.63363749409462e-05,4.12874606127583e-11,7.65502075281914e-06,3.06126707593322e-05,-1634.95844668815,0.157071264447433,0.102132327075745,0.93,0.535025869518925
"constant",800,"pg_apf",23,735.022,543.790308738613,1388.12389858032,234.318984399601,249.270222815165,12595.7206158902,443.638743133742,13366.6005405637,1214.13487205498,0.739828615658597,1.88854741569683,0.318791797251784,0.339133009372733,17.1365219216434,18.18530675349,0.00325217660003685,0.00304745000549719,1.57219528920985e-06,0.00129465518672102,0.00573191682575771,1.56223585639431e-05,1.47863326595085e-05,2.5689642449752e-11,6.97510272601559e-06,2.54501165222436e-05,-1594.10317428933,0.146308506782653,0.0977293286501971,0.94375,0.507722014942794
"constant",800,"pg_apf",24,732.31,661.388379171779,2002.31712163235,148.936406534577,201.381247112118,12396.0630609786,668.786907317543,12783.2106620453,904.672207720983,0.903153554057405,2.73424795733002,0.203378905838479,0.274994533888815,16.927343694581,17.456009971249,0.00355742731806397,0.00336068198435475,1.73350608722777e-06,0.00123356256712514,0.00613767577523307,1.7903240058275e-05,1.66611592750223e-05,4.19135064866428e-11,7.43122968192902e-06,3.10084086892586e-05,-1557.52971409243,0.126888268876337,0.0860503797320859,0.95625,0.521588317528515
"constant",800,"pg_apf",25,732.877,601.851625502526,1486.33752159702,100.194532330955,178.363448712093,11816.8593446102,600.790978734464,12273.6072579829,577.402871182976,0.821217783478709,2.02808591564071,0.136713981105909,0.243374329815362,16.1239325897937,16.7471584699518,0.00364693640783406,0.00337944738715288,2.1560333060014e-06,0.00130978412588323,0.00653665627922899,1.79491425315671e-05,1.65738940881444e-05,4.76461327558092e-11,7.36629078319554e-06,3.17383749939458e-05,-1554.52640591062,0.147579873831952,0.110440456416153,0.9525,0.531383183550315
"constant",800,"pg_apf",26,734.848,453.417468844033,1114.44723407606,192.860652714569,213.352402247007,11911.301465376,454.342815988557,12298.6179584142,1026.39903428292,0.617022117286886,1.51656837070531,0.262449721186653,0.290335419361564,16.20920444143,16.7362746560025,0.00268971660460806,0.00250867834877849,9.8428409741134e-07,0.00108596021571114,0.00475167133974792,1.67233143931381e-05,1.5746741132838e-05,3.27267405710057e-11,7.21144493423536e-06,2.77254576976799e-05,-1590.44401309205,0.1525675312249,0.101462169164355,0.93,0.496613009687411
"constant",800,"pg_apf",27,738.161,463.980343957568,1141.00938970486,139.757295785207,200.470715313717,11713.7510963374,487.249180503788,12520.3062435975,1002.28715410028,0.628562527629565,1.54574596829805,0.189331725443646,0.271581288247031,15.8688295593203,16.9614843423014,0.00297390343512424,0.00276618085718635,1.25970362163774e-06,0.00119062019174771,0.00525966482173085,1.71903156562354e-05,1.58992046585257e-05,4.17100199610437e-11,7.41542176374181e-06,2.97627907628237e-05,-1580.90961877885,0.156639432476593,0.105468878653819,0.92375,0.504001604254896
"constant",800,"pg_apf",28,733.64,482.91497545792,1172.63553590257,184.137463551334,290.448196476765,11641.4399783389,483.350531835696,12449.9258484225,1060.14458227974,0.658245154923286,1.59838004457577,0.250991581090636,0.395900164217825,15.8680551474004,16.9700750346526,0.00247305213445123,0.00233628863931249,8.10137104756154e-07,0.00106613732961427,0.00434082120389588,1.57896983098451e-05,1.49651963371453e-05,2.84177356113136e-11,6.90585445272965e-06,2.63806436067932e-05,-1583.16831538734,0.147584342052566,0.0968986633960304,0.93,0.486188536373143
"constant",800,"pg_apf",29,735.665,853.014082271606,2536.31844694522,184.306052696702,177.842690041241,13454.148174862,563.403747486959,14694.3658385237,785.26393066255,1.15951429288006,3.44765409112194,0.25052986440391,0.241744122720587,18.2884168403581,19.9742625223759,0.00574954089792731,0.00548390423035193,4.17387897343094e-06,0.00222986807845855,0.00977238487294466,1.79220490506852e-05,1.65762334671859e-05,5.10320330908915e-11,6.86906000564124e-06,3.13699308211134e-05,-1583.37478814908,0.134073429440012,0.0933978908598581,0.9525,0.576419638920563
"constant",800,"pg_apf",2,733.011,612.422727971456,1716.75634404273,164.75864747515,202.794127206286,12160.1489987119,608.50027146791,12468.7357991271,887.295161885615,0.835489137231851,2.34206082042797,0.224769679411563,0.276659050418461,16.5893131190554,17.0102983435815,0.00389005460353076,0.00365140175651563,2.35718902076365e-06,0.00135898502539707,0.00689209671569115,1.93239183482134e-05,1.78380946963119e-05,5.75670364786873e-11,7.72559761197121e-06,3.29534023738891e-05,-1562.11266483504,0.146519473185482,0.10834306270347,0.94125,0.534068517639517
"constant",800,"pg_apf",30,733.983,653.352197384357,1752.64804887555,171.007837671172,170.529382299536,11819.569968393,652.494538873274,10857.1768362968,518.412762478535,0.890146225981197,2.38785918594238,0.23298610140994,0.232334239756964,16.1033293256015,14.7921366520706,0.00322157660137928,0.00296603485326271,1.62287689514218e-06,0.00115281909774636,0.00581284458041767,1.935465752005e-05,1.72055940043295e-05,6.71639087341144e-11,7.68344932726374e-06,3.70813385669129e-05,-1574.75238207904,0.16320415172787,0.117070414282394,0.8925,0.515791819649798
"constant",800,"pg_apf",31,735.896,1245.29348491642,4667.02527363378,227.206313468551,186.246996253327,13842.1657214617,653.662012759031,15584.0083480163,1865.17975210105,1.69221396082656,6.34196309483104,0.308747857670854,0.253088746580124,18.8099483098993,21.1769167763058,0.00732804845476383,0.00713678960891613,5.52621757700948e-06,0.00310495222498873,0.0117665067724258,1.72565012302758e-05,1.6137841172028e-05,3.63580928842367e-11,7.46836888230223e-06,2.87631471468434e-05,-1560.36155208902,0.135289327429323,0.0985765093818671,0.97125,0.605087489002364
"constant",800,"pg_apf",32,742.847,317.981594806373,806.097222711873,203.260845869563,241.774864699034,11523.0067693753,319.666121574953,11941.3447590524,693.264231164326,0.428057991492694,1.08514569313987,0.273624105461236,0.325470607943539,15.5119516796532,16.0751066626807,0.00251737600925033,0.00234959761921818,8.53023698914478e-07,0.00105052275884593,0.00436303460310203,1.72421671545429e-05,1.62224097446843e-05,3.16169341154229e-11,8.30750357988821e-06,2.8547796784319e-05,-1629.62804023371,0.150083669543619,0.107648012412288,0.91125,0.490018816086757
"constant",800,"pg_apf",33,735.197,501.65285762919,1508.63469486789,128.648203633191,250.101922631421,12085.8912830886,506.478353593786,13002.7801432865,1185.60506320646,0.682338009580003,2.05201421505785,0.174984668916211,0.340183546221518,16.4389834059288,17.6861169772001,0.0031438127670182,0.00295405041695756,1.39085011078644e-06,0.00117736138566713,0.00549151401408276,1.6794353181284e-05,1.58151336823919e-05,3.3270748062206e-11,7.43000572783602e-06,2.80240766829406e-05,-1605.58946237527,0.162504007224307,0.114604128324806,0.91375,0.506491622048171
"constant",800,"pg_apf",34,737.318,727.08891051789,2127.19370970202,136.762774307601,266.728797010803,12312.6381296816,729.28736350153,13007.534656061,895.621087240249,0.986126624492946,2.88504242362457,0.185486824284231,0.361755439323065,16.6992235774545,17.6416887368286,0.004205869310728,0.00390998410303294,3.09333247000938e-06,0.00141900721310886,0.00783596648380989,1.72631528224437e-05,1.63162247982216e-05,3.33452974749325e-11,8.0078306335966e-06,2.87659961805525e-05,-1601.18410107536,0.153706145906858,0.106921281999903,0.9325,0.541795486367917
"constant",800,"pg_apf",35,734.938,463.374754618945,1532.0802966979,219.158298133941,192.342465734589,12327.40546077,458.539522638996,12339.5815957615,634.951159978616,0.630495027633548,2.0846388357901,0.298199709545487,0.261712505999947,16.7733951173704,16.7899626849633,0.0033424091366603,0.00314834359876178,1.56189880830479e-06,0.00125632932351969,0.0059463920601713,1.86558131725948e-05,1.71410285557332e-05,5.55614122193386e-11,7.69411595627953e-06,3.32412420636509e-05,-1548.00799057918,0.133710227522756,0.096467714054616,0.95125,0.520593994834546
"constant",800,"pg_apf",36,738.26,539.460185019047,1397.45401144478,159.669158713343,155.067646324107,11689.1254730597,537.516744520652,12172.869852934,954.402013424088,0.730718425783663,1.89290224506919,0.21627767820733,0.21004476244698,15.8333452619128,16.4885946047924,0.00325710394580581,0.00298977688889111,1.99403031929675e-06,0.00103022331513276,0.0059159532569962,1.78646169457611e-05,1.66782382948618e-05,4.24537677808965e-11,7.42329179336445e-06,3.1120507215518e-05,-1567.38414713377,0.147565364274571,0.104875280771244,0.945,0.518042487758961
"constant",800,"pg_apf",37,732.561,371.966964419009,912.030068435146,124.015177690714,222.729082261212,11834.9068063437,373.555615322322,12494.0756239047,763.323923766894,0.507762444928147,1.24498856536882,0.169289898985496,0.304041686987448,16.1555239855025,17.0553382228984,0.00350941183857611,0.00334219307039971,1.88160026405919e-06,0.00110603721441046,0.00620218767479028,1.65849628762317e-05,1.5460909477109e-05,3.70078221900429e-11,7.29779016264586e-06,2.88858818551367e-05,-1589.86912328736,0.143903364435161,0.0914469122409149,0.94375,0.519074786270585
"constant",800,"pg_apf",38,743.808,614.904415546657,1735.17378442625,198.983962023629,204.528833907988,12330.8902885752,610.481301610394,12841.1919016465,1001.07496251706,0.826697770858416,2.33282484784547,0.267520599433764,0.274975308020334,16.5780554774555,17.2641217917076,0.00389306388441757,0.00367374303051038,2.18438625534433e-06,0.00138385868975527,0.00687711175081628,1.66676215135723e-05,1.54424362705865e-05,4.00522460382684e-11,6.87385964646607e-06,2.94055092668121e-05,-1559.8200365867,0.145745999741785,0.101230964175252,0.9425,0.53312767203699
"constant",800,"pg_apf",39,749.979,544.901723668853,1455.12977041855,162.05189451046,238.764512257191,12246.1468565557,555.373792996159,13063.3604695358,1263.86924974115,0.726555975125774,1.94022735359063,0.216075242787411,0.318361597134308,16.3286530110253,17.4183016718279,0.00362915133924923,0.00341245411463649,1.84115201255235e-06,0.00129602699575694,0.00631933668135984,1.68969842142734e-05,1.57531347006704e-05,3.52119786396607e-11,7.77122397334815e-06,2.91857570639951e-05,-1575.62530673995,0.134390373489894,0.0834532951587354,0.9525,0.521527700058347
"constant",800,"pg_apf",3,767.958,702.436174162225,1984.15383564534,174.20091480862,230.032776791485,12084.2132982586,698.521244015736,13368.0286213023,1339.94227538757,0.914680456694539,2.5836749348862,0.226836512945525,0.299538225777302,15.7355132679894,17.4072392257158,0.00380444603652184,0.00356996048150783,2.47847218457021e-06,0.00123329521775202,0.00685320063808271,1.67783099893718e-05,1.55920548170767e-05,3.58636786342151e-11,7.52699649083142e-06,2.92702615257419e-05,-1565.51119123879,0.160272296749383,0.110950887032269,0.915,0.531343236117731
"constant",800,"pg_apf",40,732.7,700.597400879637,1963.8023806817,146.240011026886,305.017969942833,11960.0763683135,704.314042651081,12703.0078095347,1704.77681117931,0.956185889012743,2.68022707886133,0.199590570529393,0.416293121254037,16.3232924366228,17.3372564617643,0.00315943078366614,0.00295733238392166,1.65343613849641e-06,0.00107599683653648,0.00569401628150113,1.6754041317838e-05,1.56834593239107e-05,3.38723716508838e-11,7.67853354826831e-06,2.79099304844881e-05,-1573.5711026228,0.13912084723276,0.0911795040498166,0.92875,0.50817143592693
"constant",800,"pg_apf",41,737.903,559.06953233551,1491.9537705744,186.65062010685,217.063745003639,12185.4081039514,559.784480438589,12425.0745050968,1055.60871139501,0.757646374029527,2.02188332419627,0.252947365855472,0.294162979420925,16.5135635767186,16.8383574874974,0.00391884404740234,0.00370923268545058,2.16604688350021e-06,0.00139143569279239,0.00692071595745786,1.83312648530609e-05,1.68514883908837e-05,4.6511479939806e-11,7.60095803952765e-06,3.17256843724712e-05,-1586.67320688066,0.173232400213531,0.130394966122223,0.915,0.538493155977863
"constant",800,"pg_apf",42,733.503,735.853014406343,1933.54758967499,166.393137917703,277.550109183123,12277.3313554383,737.516526200176,13014.3348847807,1039.05927693534,1.00320382385122,2.63604591893284,0.226847249319639,0.378389875955685,16.7379429333462,17.7427152783025,0.00386150647876474,0.00361108757574687,2.30773791081509e-06,0.00122881933370507,0.00698119051054014,1.82611991299331e-05,1.7110400509775e-05,4.08279085794036e-11,7.81447310383879e-06,3.06967907574953e-05,-1596.4474739931,0.170462131840221,0.111316181033398,0.90375,0.532342723322717
"constant",800,"pg_apf",43,736.948,930.904064514916,2272.48218851931,154.958073023252,276.14944803954,12454.3994811556,659.758923263346,13303.9447629444,975.474293064719,1.26318826364264,3.08363980704109,0.210270023153942,0.374720398236429,16.899970528661,18.0527591674643,0.00436468951082514,0.00408825763202841,2.91392093641383e-06,0.00152132053520323,0.00769636046980474,1.73789368560494e-05,1.64246882832819e-05,3.63325927368482e-11,7.24279289382761e-06,2.8964571597875e-05,-1553.9935449407,0.147596579362427,0.105920247935149,0.95375,0.544562810693206
"constant",800,"pg_apf",44,733.579,629.293855298147,1781.16309648188,166.087383941835,223.075114781144,12155.8963334284,631.555162407586,12334.2169009424,973.152377434684,0.857840607893829,2.42804537272997,0.226406949956085,0.304091467696245,16.5706710980391,16.813754075488,0.00371840901731371,0.00342955995367144,2.21647389676919e-06,0.00126108578133142,0.00664380661214261,1.79267097367789e-05,1.66878216655903e-05,4.28256518637805e-11,7.80818374922972e-06,3.10569903278087e-05,-1576.98298158136,0.153349379218895,0.115064163610819,0.9425,0.529629180498416
"constant",800,"pg_apf",45,747.45,532.090701917129,1397.74752838466,219.696847231603,243.813070661758,11956.5551753042,531.185008326157,13150.3401213441,1066.51919141028,0.71187464300907,1.87002144408945,0.293928486496225,0.326193150928836,15.9964615362956,17.5936050857503,0.00364489060375315,0.00342997267516776,2.04221195332722e-06,0.00124699708652499,0.00650214096199698,1.69001843038482e-05,1.56460747819227e-05,3.92404635761113e-11,7.35571888872985e-06,2.96616482790267e-05,-1581.69205549237,0.157213053648,0.112155262682805,0.9375,0.527082933962563
"constant",800,"pg_apf",46,736.328,428.747248862155,1411.22238116658,144.334104940503,196.237021597342,12074.8288748359,436.061660402092,12229.471218626,656.828062907868,0.582277529663621,1.91656759102815,0.196018764654478,0.26650761834039,16.3987093725024,16.6087276575466,0.00345916160068771,0.00320981595429046,1.88666159231276e-06,0.00119544017874398,0.00619476834087238,1.80595568827077e-05,1.69025701827286e-05,4.16035240207384e-11,7.75670547040725e-06,3.10522569324546e-05,-1591.31451503374,0.134151742663951,0.0877876538322035,0.95,0.51906638674466
"constant",800,"pg_apf",47,733.055,629.140822506079,1600.44900621437,206.844852623124,161.941510007409,13325.4561700873,633.793131620864,13091.1188975994,491.083111296893,0.858245046423637,2.18325910909055,0.282168258347769,0.220913178421004,18.1779759637235,17.8583038074898,0.00440722300135759,0.00420256518683002,2.1919643362439e-06,0.00184803839568219,0.00737004459487291,1.84992878153413e-05,1.68964624756483e-05,5.72721991576613e-11,7.40655020149067e-06,3.25656769110074e-05,-1609.18015025233,0.149856582951009,0.100422855125801,0.955,0.54307171666998
"constant",800,"pg_apf",48,740.645,516.198841750655,1370.66521693069,136.447869967676,211.283521792019,12337.2722183255,519.407982871003,13516.799615114,1076.39011206896,0.696958518251868,1.85063723771941,0.184228435981714,0.285269625518324,16.6574704727981,18.2500382978539,0.0036081552274158,0.00344926297052341,1.77912638190122e-06,0.00135027824449366,0.00622311469341864,1.78118492902731e-05,1.6666080620015e-05,3.83867400473230e-11,8.14103867012419e-06,2.98800771465577e-05,-1562.75338286472,0.139390129635711,0.0890875584500189,0.95,0.523741177495254
"constant",800,"pg_apf",49,748.946,456.811609290259,1159.6006703623,171.155796484505,229.881991131846,11936.6250308943,456.565308267819,12628.3294220207,1064.71283559333,0.609939313769295,1.54831011897026,0.228528887909816,0.306940675471724,15.9378981006565,16.8614685464916,0.00304496993086695,0.00289210374806896,1.3187116602578e-06,0.00109164607244048,0.00521420085902207,1.64532275678107e-05,1.55985952398315e-05,3.16941918745236e-11,7.2420067995323e-06,2.7279542355808e-05,-1609.55393939999,0.150743135020547,0.101477049738049,0.92875,0.50753449553277
"constant",800,"pg_apf",4,732.823,689.349291305633,1846.10909513125,183.56180709251,246.359218169006,12545.4493064771,688.388295282278,13571.2836458823,875.332211150183,0.940676386120022,2.5191746098734,0.25048587052059,0.336178337973844,17.1193443798531,18.5191835489365,0.00437608568850955,0.00409795984943682,2.92068444874533e-06,0.00145260482669997,0.0076311527879087,1.76616031637775e-05,1.66046243650894e-05,3.75815077485798e-11,7.83640242674238e-06,2.97584376494369e-05,-1600.30780607137,0.142085697329852,0.0983569077493288,0.95375,0.539643820422237
"constant",800,"pg_apf",50,738.519,417.903698529032,1148.88762165367,157.746156660027,204.848386267965,11925.7691767514,424.009557702266,12608.0693473369,1014.15741376118,0.565867226881139,1.55566427086327,0.213597966552014,0.277377272985482,16.1482225599496,17.072098818496,0.00338861924143033,0.00312661287017167,1.90227268463919e-06,0.00122839688376611,0.00618727369758452,1.73341862412513e-05,1.61133262347583e-05,4.34082146997052e-11,6.98222756876272e-06,3.0356986910969e-05,-1568.77897884775,0.125297851155178,0.0836084290290593,0.95625,0.517204493363539
"constant",800,"pg_apf",51,736.973,554.553137737311,1480.11998534463,169.275693366006,242.477258694991,12137.6275424171,552.819131810001,13597.5832041996,1381.56137789148,0.752474158126975,2.00837749190898,0.229690495263743,0.329017831989763,16.4695688205905,18.4505853052955,0.00390927338303531,0.00371674157410779,2.23591484894076e-06,0.00130687238774193,0.0067389314983123,1.72585466942171e-05,1.59806147971807e-05,4.23637116173235e-11,7.36030754016342e-06,2.98860463505879e-05,-1551.02872086003,0.152131421763734,0.107689956756043,0.95125,0.536530000626105
"constant",800,"pg_apf",52,734.077,406.618472596012,1104.09591721172,151.232583016289,221.039140698294,12062.0921186592,406.979070418496,12875.1301321904,940.758788201517,0.553918012137707,1.50406008799039,0.206017329266942,0.301111655450715,16.4316442534764,17.5392092821195,0.00353310676969995,0.00334136144160907,1.78218767449392e-06,0.00122864351248629,0.00621357503503582,1.69986198557468e-05,1.59235364187177e-05,3.56427690639538e-11,7.39266381533926e-06,2.85305333212143e-05,-1571.27586204997,0.172455573354386,0.128834166346182,0.93,0.526668829695996
"constant",800,"pg_apf",53,737.718,549.714880326963,1366.25481362689,128.747005233698,142.595635715804,11693.9915756318,549.2151167903,11867.9014235633,370.637968318999,0.745155845901771,1.85200146075721,0.174520623373291,0.19329287846549,15.8515741457193,16.0873144257878,0.00438358987975671,0.00409597932348347,3.65591960469294e-06,0.00115214748374387,0.00786671767029668,1.96429080722457e-05,1.80677630847949e-05,6.27729788601595e-11,7.92401611486998e-06,3.56728134496432e-05,-1618.02878558865,0.148665413645646,0.105492218838547,0.9525,0.545016858241759
"constant",800,"pg_apf",54,758.633,875.670383281265,2621.17385623188,162.952750291364,206.567998868269,13218.4596518664,745.758619704254,14427.0434368997,994.339216013914,1.1542740472419,3.45512765227967,0.214797867073227,0.272289761806129,17.4240504326419,19.0171577520351,0.00734930851111783,0.00691238351383548,7.63676754829646e-06,0.00271540926523558,0.013049036983319,1.81673274995644e-05,1.64251314390886e-05,5.85617888258009e-11,6.96120591477017e-06,3.28717220697496e-05,-1576.29030057039,0.144192377749994,0.109563880820666,0.97875,0.614556878121453
"constant",800,"pg_apf",55,735.313,640.20827627677,2065.70155042606,143.182554189751,188.032856916075,12181.5233091929,642.000194509738,12813.2760901613,801.802401912913,0.870660897164568,2.80928196621855,0.194723273204405,0.255718118564578,16.566446274162,17.4256079930061,0.00394557566744036,0.00367871289316313,2.4158881206989e-06,0.00140904545745208,0.00700060793032514,1.81707268075931e-05,1.69171909084908e-05,4.69018535848877e-11,7.4362702880765e-06,3.1549425708487e-05,-1611.40344100119,0.122847737478648,0.0810620999432636,0.95625,0.536308478009461
"constant",800,"pg_apf",56,738.747,590.170791030177,1746.03386462359,170.0180808024,250.583628110898,12186.0125916146,588.95915543156,13119.4950746479,1252.28085227248,0.798880795495855,2.36350721508662,0.230143852770163,0.339200874062295,16.495515503433,17.7591179045707,0.00333054940513213,0.00308381483360175,1.75154537370924e-06,0.00116317711684565,0.00597035453268042,1.65350341307518e-05,1.52745003935225e-05,3.38648360503187e-11,7.28186672026305e-06,2.80093101489334e-05,-1606.60333476964,0.15191652829622,0.099477889302049,0.94,0.50834323603962
"constant",800,"pg_apf",57,732.586,562.057861251584,1409.81329998203,198.140865464193,216.222769396718,11894.3340690684,562.011945969826,11958.0393425657,1238.86699672292,0.767224409491287,1.92443385484029,0.270467720464482,0.295150015693335,16.2360925120988,16.3230519591771,0.00249581478352745,0.00233601576590217,8.4819594965559e-07,0.000978497244322796,0.0043682080251244,1.66935177647537e-05,1.56574315931924e-05,3.485752362844e-11,7.70538874692634e-06,2.8424025293543e-05,-1592.07269081471,0.156312597237843,0.10677174958016,0.93375,0.486962475492567
"constant",800,"pg_apf",58,733.582,464.556881548987,1203.14486051953,194.378002331101,133.552915973844,12066.0958134874,462.072194683584,12590.0047981047,957.047920440526,0.633271919906686,1.64009594090303,0.264971062991051,0.182055879198023,16.448189586832,17.1623687578277,0.00321217031298812,0.00302026687363198,1.46667475363332e-06,0.00121876534243536,0.00567972346195317,1.6882109015373e-05,1.58304004492596e-05,4.18279158806414e-11,6.41001241292528e-06,2.90730679643308e-05,-1575.90311839498,0.152913754469896,0.110296445219154,0.9425,0.514488617386711
"constant",800,"pg_apf",59,733.199,399.795845136635,997.541818883486,210.043981863424,221.821577134842,11957.8343396299,396.975041474795,12167.33424972,822.615494919712,0.545276037114938,1.36053352348201,0.286476088842761,0.302539388535502,16.3091252710791,16.5948593079369,0.00278189390979664,0.00262767974923798,1.02686523093315e-06,0.00107310484710508,0.00484519211969026,1.68193595230152e-05,1.57557911862132e-05,3.25101284254419e-11,7.72212565351388e-06,2.84983830439385e-05,-1584.95589542442,0.152372886224262,0.0992536044953212,0.93125,0.49868436554016
"constant",800,"pg_apf",5,733.815,655.860263749177,2044.61335611747,255.565053213838,211.191555752769,13302.8045175071,659.7942514944,14015.6179221576,1058.79513759001,0.893767862130342,2.78627904324315,0.34826905039259,0.28779945320383,18.1282809938569,19.0996612527102,0.00480560217845603,0.0045873312234524,2.69425461696558e-06,0.00193601519957956,0.00796299068165215,1.74982129389866e-05,1.58645510024202e-05,5.57565011509417e-11,6.74300165131532e-06,3.16539447909622e-05,-1544.67643882934,0.150295213381341,0.108821856511108,0.93625,0.555724752396158
"constant",800,"pg_apf",60,733.22,428.598585709319,1229.5013083329,196.717408258519,228.672618873885,11696.7374326798,428.710861004898,12684.1347320596,1074.8969810926,0.584542955333078,1.67685184301151,0.268292474644062,0.311874497250328,15.9525618950381,17.2992208778534,0.00269810449549827,0.00251223543808165,1.12422974087372e-06,0.0010038049564538,0.00484556450360977,1.53097372745011e-05,1.44245190022013e-05,2.80043952097553e-11,6.63860819664898e-06,2.53913838164848e-05,-1560.97596200946,0.150228399559086,0.109996872213277,0.92625,0.495635299692159
"constant",800,"pg_apf",61,733.331,454.783489729845,1108.77458121422,196.193480792945,223.866923104908,12368.5350401971,453.471737462593,13159.4889297963,1001.99800115576,0.620161277417489,1.5119701488335,0.267537415973067,0.305274048287755,16.8662378110255,17.9448147286781,0.00338794484244084,0.00314208698690892,2.0188659589483e-06,0.00119243581203795,0.00618403334123614,1.57003566983155e-05,1.48307749653499e-05,2.77232807117807e-11,6.94987428988774e-06,2.61459433868643e-05,-1605.7697216126,0.169699663530733,0.116722424543618,0.915,0.515528162249905
"constant",800,"pg_apf",62,734.189,612.714182458832,1595.03767033613,238.245954761277,187.12927670944,12324.7697089026,613.642230918029,12392.9191099518,1254.97278056657,0.834545576764065,2.17251643696123,0.324502212320365,0.254878889100001,16.7869168686844,16.8797395629079,0.00278696854653651,0.00261455225337275,9.49189524322954e-07,0.00114263127903168,0.00474357925778347,1.63353348506233e-05,1.49669283067792e-05,3.86189992310619e-11,7.03715698604616e-06,2.90279796302275e-05,-1600.83944445167,0.149974244508876,0.100913027020623,0.92,0.493868397596333
"constant",800,"pg_apf",63,737.81,554.109113301923,1616.70783512125,209.91507436247,95.4147613690757,12616.0960338768,558.579676199898,12633.894374176,814.78609375751,0.751018708477688,2.19122515975828,0.284511018232974,0.129321588713999,17.0993833559816,17.1235065588376,0.00518518516014509,0.00495850223936842,3.64833789699804e-06,0.00187633319337486,0.00898475650450922,1.93270855224852e-05,1.79715728158406e-05,5.46491499118577e-11,7.49645063268961e-06,3.42539886432462e-05,-1571.37518044754,0.155123336557268,0.115934711611799,0.96125,0.570446606427653
"constant",800,"pg_apf",64,736.475,649.177286381849,1850.89617777652,175.933819726711,152.832823164168,12382.9118739772,655.276028009124,12655.595564148,702.486557027576,0.881465475924979,2.51318263047153,0.23888634336089,0.207519363405639,16.8137572544583,17.1840124432574,0.00391272358296754,0.00374239478797416,2.06575476837127e-06,0.00141472603933951,0.00672048542183508,1.89165650576693e-05,1.73462799627034e-05,5.61737436817108e-11,7.60826979059415e-06,3.38095800693886e-05,-1586.60387186025,0.138531808304194,0.0936638682418915,0.9425,0.533407442199833
"constant",800,"pg_apf",65,732.92,489.469882656854,1043.587893497,191.016135656239,175.702709379506,12131.1938173322,490.560946906124,12098.3243679653,814.884548241598,0.667835347182304,1.423876949049,0.260623445473229,0.239729724089268,16.5518662573435,16.507019003391,0.00303337302929486,0.0028683969187423,1.28415229519148e-06,0.00117243670796297,0.00526708149964943,1.69360878703743e-05,1.56878075917205e-05,4.11759619572027e-11,7.21310788031992e-06,2.9625860913146e-05,-1580.50704706249,0.138605628060472,0.0910144964215563,0.93375,0.502887835079342
"constant",800,"pg_apf",66,744.004,498.632285695696,1394.19985883394,151.352572455564,216.208336355178,12117.0348424092,506.121416762622,13381.7207234158,1224.63271747742,0.670201081843237,1.87391446663451,0.203429783247891,0.290601040256743,16.2862495932941,17.9860870686391,0.00344805761292866,0.00323087603586478,1.78280957245735e-06,0.00126106507575363,0.00604046076483662,1.62393359969761e-05,1.51404122520588e-05,3.67549646096275e-11,6.91667234073528e-06,2.80932909563002e-05,-1599.33179445389,0.140159323341195,0.10041813986471,0.94875,0.514949345154604
"constant",800,"pg_apf",67,733.456,584.135088713339,1470.2351206605,163.759926727481,307.857096494485,12173.930658859,582.028997401058,13076.3379942028,1351.76570606173,0.796414629798296,2.0045307702991,0.223271643735249,0.419734921378358,16.5980381357014,17.8283877890464,0.00313061348650935,0.00294156571631763,1.48854651140666e-06,0.00121545881629699,0.00553759750240715,1.60144652263833e-05,1.50425869972628e-05,2.93721445129881e-11,7.44997232762376e-06,2.67385573747165e-05,-1583.87245867166,0.142287238557242,0.092774499207472,0.93625,0.507469097898236
"constant",800,"pg_apf",68,732.773,964.701095248594,2974.99423547167,238.549447233497,179.7377795207,13604.1206726108,975.292780720417,14668.7405965964,1300.4929381768,1.31650742487591,4.05991246330265,0.325543445560217,0.245284391647481,18.5652591902415,20.0181237526443,0.0062795155396796,0.00598260159996491,4.41169424962823e-06,0.00265556973294683,0.0103914775887892,1.77673797842503e-05,1.6507826240116e-05,4.45903217583336e-11,7.48268696115479e-06,3.14148983796777e-05,-1551.39358630893,0.144325794306626,0.108815488619416,0.95625,0.592854595490395
"constant",800,"pg_apf",69,736.285,521.22337273697,1373.01519877362,205.397137393359,182.896577235998,11795.8616878646,528.384711458477,12279.8627512433,1292.73749022577,0.70790980766547,1.86478768245125,0.278964174733097,0.248404595008724,16.0207822892828,16.6781378830796,0.00288576230176795,0.0026680429324786,1.35064068484787e-06,0.0011228894680666,0.00519479863515804,1.67065035079639e-05,1.55493889619208e-05,3.69588710658039e-11,7.50493957635826e-06,2.86931257277298e-05,-1603.57979951757,0.144511346327066,0.102263711396931,0.94,0.499504840340942
"constant",800,"pg_apf",6,739.566,495.020945089831,1324.18715755243,192.551571067668,241.796237462779,12155.3946992432,492.246670318331,12741.1740123788,1025.7323175338,0.669339781831278,1.79049220428255,0.260357521935389,0.32694342014476,16.4358484560447,17.2279066538738,0.00378591965801005,0.00356027437506806,1.99727570858583e-06,0.0014503709316811,0.00663306052356452,1.89574222265083e-05,1.74704249176562e-05,5.67068653966931e-11,7.70544563492293e-06,3.45502466238161e-05,-1559.14781384694,0.149664709801885,0.109159196424515,0.92625,0.535635510589229
"constant",800,"pg_apf",70,739.133,514.968049347411,1352.01494695684,130.05237277763,178.296342508053,12196.9531319519,517.752603763496,12057.0720372464,964.902236404205,0.696719060503876,1.82919034457511,0.175952599569536,0.241223626205369,16.5017028490838,16.3124526130567,0.00304927934363729,0.0028680634465868,1.21796325288675e-06,0.00124923437038978,0.00519656618477909,1.75235884911117e-05,1.61555661622857e-05,4.67546655693195e-11,6.47453597911086e-06,3.10957579912492e-05,-1576.1326370635,0.144021751855714,0.0900326903059451,0.94,0.506414585512108
"constant",800,"pg_apf",71,734.584,636.979838246367,1544.16504645191,142.404058001201,155.976285414364,11940.2390278817,636.095655017181,12104.9435892709,595.760393613397,0.867130019502694,2.10209458203815,0.19385673796489,0.212332810698796,16.2544229494267,16.4786376905445,0.00400428095323629,0.00375805937765505,2.33844417444792e-06,0.00151042776217708,0.00717645467942405,1.92107950129006e-05,1.79860245135587e-05,5.73696653602104e-11,7.12568404593989e-06,3.40365820683098e-05,-1553.13971375859,0.144476118877296,0.0943328554590243,0.94875,0.53492789482427
"constant",800,"pg_apf",72,734.094,567.539900656224,1618.13658367622,142.268543101324,248.695166928644,12066.9137109582,562.182801375979,13418.6572909012,1123.35172854829,0.773116114089237,2.2042634644558,0.193801533729092,0.338778367523293,16.437831818484,18.2792085085851,0.00370958954420511,0.00349141750102335,2.07825265330336e-06,0.00125855696485601,0.00650517165801582,1.66339565557597e-05,1.55812840360999e-05,3.72254850295254e-11,7.07945695374057e-06,2.85415839514049e-05,-1591.66346000064,0.158685246609928,0.109609699526916,0.92125,0.517600674805229
"constant",800,"pg_apf",73,738.247,580.676329659101,1752.15737352856,163.681068124256,201.285482723052,12593.2440847469,579.128593818856,13366.6294299512,770.822717404335,0.786561042116122,2.37340263289733,0.221715859494526,0.272653302652164,17.0583071583724,18.105904162091,0.00511733984731092,0.00482696859001209,3.56306730334719e-06,0.00188469826563608,0.00886512772754421,1.83082561727599e-05,1.67788649122783e-05,5.84193771515228e-11,7.12126680776656e-06,3.36738074382756e-05,-1596.48092537284,0.140893464687835,0.104936644833655,0.97,0.564151294974693
"constant",800,"pg_apf",74,733.912,690.205724515215,2016.80313927011,152.134985854917,128.691617339182,12182.299807698,684.948291189145,12824.7436255417,594.913158567583,0.940447525745886,2.74801766324861,0.207293225693158,0.175350201848698,16.5991287888711,17.4744977947515,0.00399606761813043,0.00374378697379918,2.37495358206212e-06,0.00151686163041655,0.00709921031303786,1.80839192474639e-05,1.69731312069962e-05,4.11194367418957e-11,7.204092302619e-06,3.08935684735899e-05,-1569.37631931378,0.14127659375397,0.0991357886115087,0.955,0.537923514107402
"constant",800,"pg_apf",75,734.557,509.952660119377,1382.92789112729,187.478185909752,261.627545905773,12036.28493713,513.417305935225,13513.6611071008,1215.10861580556,0.694231571027677,1.88266927022313,0.25522619199021,0.356170516250983,16.3857739251413,18.397021752023,0.00352401704296197,0.00327649944363846,1.81783813790321e-06,0.00121726081405816,0.0062379511598282,1.58816169345106e-05,1.49052672933952e-05,2.84363184292563e-11,7.06892855609933e-06,2.68739265747428e-05,-1594.21312439469,0.143590640007004,0.102246101077154,0.945,0.51687835025783
"constant",800,"pg_apf",76,740.286,500.120726175856,1331.12616858273,162.669009338025,161.387214954313,12114.3501785813,503.154693241401,11724.3344126297,613.345316154127,0.675577717498177,1.79812419603063,0.219738059801246,0.218006574424362,16.3644188578215,15.837574143817,0.00376817576104501,0.00351720129195805,2.32177706240825e-06,0.00115776543748837,0.00667281851311873,1.98985405479259e-05,1.85023935529523e-05,5.44609347113802e-11,7.62357861485769e-06,3.5062569829698e-05,-1591.72940473866,0.144441054039361,0.105920334702798,0.9525,0.526863764877861
"constant",800,"pg_apf",77,733.473,591.084277594235,1636.19787167599,179.567920549147,255.499630483252,12519.7458268352,592.312505847496,13504.8713222929,1044.32379857948,0.805870533195134,2.23075405867155,0.244818719365467,0.348342243658938,17.0691297796036,18.412226928998,0.00440966469841909,0.0041156877079572,3.18376418691636e-06,0.00139734400153289,0.0080045368210307,1.74628296970633e-05,1.64798685512631e-05,3.2100582667282e-11,8.06620024975581e-06,2.89771055105395e-05,-1553.93728443984,0.128168346226229,0.091051837793506,0.95875,0.546301867084104
"constant",800,"pg_apf",78,733.504,917.203524135066,2868.32594278504,203.011045394868,163.401055013704,13205.1901677083,910.20917449636,14756.2364523866,1025.92985118048,1.25044106662686,3.91044349149431,0.276768832064812,0.222767776336195,18.0028877384559,20.1174587355851,0.00558335001458544,0.00524318594515742,4.10531442020416e-06,0.00220548847682153,0.00996081753322351,1.81445032114968e-05,1.67018313445171e-05,5.19697085341591e-11,7.66219123021164e-06,3.2130724161033e-05,-1588.18651522434,0.137908225091576,0.0916381962409518,0.9675,0.571231914222467
"constant",800,"pg_apf",79,735.277,500.630107587586,1281.94789614973,170.552897444043,131.82047060908,11963.4078615666,500.756794546858,12485.8018801151,604.787834011568,0.680872797037832,1.74348972720448,0.231957340490785,0.179280013667067,16.2706134716122,16.9810858766358,0.00313406709430814,0.00292858289003479,1.338613155463e-06,0.00121646392725894,0.00543388940303915,1.77638420427581e-05,1.62080428197017e-05,4.82186152181855e-11,7.5657820563627e-06,3.17683027754755e-05,-1598.17976175851,0.14877236413713,0.108930887142813,0.935,0.509153660322215
"constant",800,"pg_apf",7,736.539,513.958032040557,1370.11374941371,131.345030517892,235.022667305847,11796.9076402223,512.34115408867,12006.0301739181,674.552514176314,0.697801517693642,1.86020529722623,0.17832732620797,0.319090594396015,16.0166775150023,16.3006034628419,0.00341214586009882,0.00317018179410787,1.83070259574058e-06,0.00115723767520668,0.00604356728774027,1.86117957742737e-05,1.73929167182444e-05,4.62405489328294e-11,7.55086336857136e-06,3.1890265545958e-05,-1565.40128058766,0.134867467246487,0.0947992152865011,0.95625,0.527904762852304
"constant",800,"pg_apf",80,733.147,645.53717452938,1928.23552664461,136.863743573813,200.274810054026,12465.1488453866,651.210565832375,12537.7406368663,737.819664258789,0.880501692742901,2.63008036129809,0.186679811243602,0.273171424085519,17.0022503609598,17.1012643260715,0.00414881872302851,0.00392697162857139,2.19137281269712e-06,0.00155276084311353,0.00709234218874192,1.95078464780089e-05,1.78355262681984e-05,5.26666711814485e-11,8.39406834234406e-06,3.42838664648165e-05,-1561.02534001757,0.152948369909041,0.106428587382467,0.945,0.543505635424355
"constant",800,"pg_apf",81,737.788,644.171569285389,1696.05792533632,129.579018851778,185.014513505172,11859.2761104352,640.139004300415,11975.5293963935,750.859002252549,0.873112017660071,2.29884184255683,0.175631778846739,0.250769209454711,16.0740973158078,16.2316673575519,0.00373229459648239,0.00344924690448948,2.52673592736943e-06,0.00120849229724433,0.00679449449054708,1.90406135685668e-05,1.74626728408562e-05,5.35035401271792e-11,8.26222185238204e-06,3.40150032798854e-05,-1589.80045680668,0.155039927263801,0.110357377772792,0.92625,0.532971033519929
"constant",800,"pg_apf",82,737.507,595.642337341501,1400.72555044102,162.662402712857,164.253735366516,13047.2098433954,584.154039700978,13914.2375122207,853.671491162525,0.807642961140031,1.89927085497632,0.220557096695837,0.222714815407197,17.6909640768092,18.8665836557765,0.00568053984326044,0.0053465737069853,4.85913520618961e-06,0.00195876155776868,0.0101626321932509,1.87444617425444e-05,1.75787672321961e-05,4.86901256777818e-11,7.06387402919915e-06,3.24239105079954e-05,-1582.44433281578,0.157934153483488,0.111110858825562,0.95,0.574904814957408
"constant",800,"pg_apf",83,736.312,361.677829272579,941.184854920527,221.323954383159,165.868474774997,11935.0616969042,363.165937849066,11953.3117492131,805.997876195351,0.491201867241847,1.27824190685542,0.300584472863622,0.225269280923029,16.2092451255775,16.2340308852948,0.00266820014360804,0.00250934402393096,9.67872068475423e-07,0.00111050406752612,0.00451534209929078,1.71160120006063e-05,1.60889237212867e-05,3.13476542206115e-11,7.9220596513794e-06,2.89023410705262e-05,-1590.89499078814,0.137517306757479,0.0890805712254649,0.9325,0.494120376920037
"constant",800,"pg_apf",84,734.11,405.539098757718,1166.91878226993,201.726070930474,201.355745241051,12457.6146557223,405.823224730975,12801.209617171,1050.99940790923,0.552422795981144,1.58956938642701,0.274789978246413,0.274285522933962,16.9696839107521,17.4377267945826,0.00331324659272625,0.0031544761723102,1.37906390536925e-06,0.00125583230790631,0.00558918058036979,1.72227595869433e-05,1.59668562923064e-05,4.22084751621107e-11,7.2925029023978e-06,3.03516557826939e-05,-1597.03500713952,0.163297533931437,0.11734835529082,0.91625,0.515062397141295
"constant",800,"pg_apf",85,733.32,454.122653329962,1257.62510561747,118.159346048532,256.639139592982,11819.2042657694,452.577646669628,13357.3076597758,1139.29902967047,0.619269423075822,1.71497450719668,0.1611293105991,0.349968826150905,16.1173897694996,18.2148416240875,0.00310302093630788,0.00288665018683994,1.46572058874206e-06,0.00117465078918172,0.00554352579602063,1.53073166937827e-05,1.43321923024444e-05,3.0137449690206e-11,7.33721864958815e-06,2.560875113477e-05,-1599.72679867723,0.144707639982513,0.0898059308092109,0.9425,0.502406400467063
"constant",800,"pg_apf",86,731.978,428.251487568802,1249.21298140135,173.147691514867,223.199083309155,12352.5952549342,431.903127025051,13490.1276895612,1088.22191573744,0.585060599592887,1.70662640325441,0.236547671535029,0.304925944917955,16.8756373209771,18.4296900857145,0.00348359851679653,0.0032462878798777,1.89028175262779e-06,0.00125798757250767,0.00630158056071109,1.60434675190037e-05,1.52705053879992e-05,2.64571191724493e-11,7.52191801674729e-06,2.6310901629844e-05,-1596.19491082626,0.140252521355549,0.0887700803622769,0.95,0.517477939363623
"constant",800,"pg_apf",87,731.899,592.29138492786,1671.69580680199,87.6651696213173,202.103033994324,12056.2398364576,590.344075212239,12345.7337279929,897.893097029482,0.809252895451231,2.28405259031914,0.119777687387628,0.276135141589651,16.472545851897,16.8680838858817,0.00353456934094837,0.00328500376414839,2.07780707146929e-06,0.00123981620061442,0.00648364140534582,1.85157708503148e-05,1.70460729483094e-05,5.21110376834483e-11,7.70143540507848e-06,3.23887111975507e-05,-1576.07286350605,0.132439238885771,0.0857510923219705,0.93875,0.520737678891385
"constant",800,"pg_apf",88,733.415,467.016127086594,1318.24336594459,158.384383885169,203.500882321476,12047.9611163188,468.186182870482,12041.5661989428,1098.12810846062,0.636769260359543,1.79740442443172,0.215954655802198,0.277470303063717,16.4272084922163,16.4184891213608,0.00347249313329672,0.00328470728912851,1.71302090133682e-06,0.00129720421368825,0.00600573658544072,1.88828121511546e-05,1.74436140224208e-05,5.03770214406892e-11,7.87479794584299e-06,3.37837962952289e-05,-1586.72453598188,0.153789358335445,0.10648960479929,0.93125,0.524143873848057
"constant",800,"pg_apf",89,735.607,613.741889711078,1598.93713490734,161.337555068359,156.045144015899,12803.5362709355,620.675057237035,13076.9425043848,720.907669722305,0.834333944227118,2.17362958061484,0.219325747400934,0.212131129823261,17.4054029813956,17.7770773040289,0.00410723141505488,0.00388052219335799,2.31119493625379e-06,0.00159869816544877,0.00712243552632879,1.86250941571367e-05,1.71679665450846e-05,5.64269844676815e-11,6.90900991673082e-06,3.34928099088492e-05,-1608.18834373264,0.15783848677485,0.106888716742876,0.9225,0.532441440376577
"constant",800,"pg_apf",8,732.767,666.413022979914,2268.21457909876,201.509081590015,246.558995685009,12634.1275317247,665.697721322512,13622.3011423234,1629.50604183431,0.909447372739102,3.09541038160665,0.274997484316317,0.336476664048748,17.241670997363,18.5902219154566,0.00459023483768113,0.00436913432789774,2.75122727436478e-06,0.0016596519561482,0.00787089987645888,1.73323408563416e-05,1.61630114234167e-05,4.0898431270866e-11,7.3323878325796e-06,2.96388698167815e-05,-1555.3629776354,0.153482562978832,0.111976171464431,0.94625,0.552427929739508
"constant",800,"pg_apf",90,738.121,362.918884593265,965.490981138823,144.322027765527,241.122726500013,12277.4825007719,361.507261725821,12726.7829074334,835.332696532082,0.491679392123059,1.30803890031421,0.195526245379182,0.326671001773439,16.6334279891398,17.2421363264741,0.00253509110282243,0.00243452194323245,7.51106803549772e-07,0.00103711392475917,0.00423417260093232,1.52452830676828e-05,1.42728061552442e-05,2.72551671175849e-11,7.10750452472479e-06,2.5682139034553e-05,-1587.60034564477,0.141102181806008,0.0868305545332028,0.92875,0.483236393535124
"constant",800,"pg_apf",91,739.766,628.055733970169,1794.06147831729,151.978811845311,222.547150222061,12155.8368978137,626.820662731903,13135.3480656146,1038.84378819382,0.848992429998363,2.42517428256677,0.20544173677259,0.300834520945895,16.4320026843809,17.7560851209905,0.00349453698935258,0.00326857592334792,1.74000229647864e-06,0.00131018522671693,0.00620006763751409,1.76285048996919e-05,1.64585954589733e-05,4.06904401254112e-11,7.49314042836659e-06,3.02177439190605e-05,-1573.16080869535,0.146881040213202,0.097219148558183,0.95,0.515699276927317
"constant",800,"pg_apf",92,736.223,460.522712558815,1593.27579181875,65.5115352118032,138.044527944017,11812.0293779781,459.288307388,12685.3001903005,880.248606747097,0.625520681313698,2.16412118586183,0.0889832770937654,0.187503688344452,16.0440917737942,17.2302416391508,0.00290104111724049,0.00271076094861542,1.21628831826386e-06,0.00121922682886078,0.00520225523148478,1.54673005938388e-05,1.42525082439719e-05,3.22741666084944e-11,7.01592235584248e-06,2.74399034175572e-05,-1592.85074718607,0.156852491388335,0.105159479701773,0.925,0.496358854686253
"constant",800,"pg_apf",93,733.633,417.238075879276,1016.38172425837,161.670506563363,272.640212536359,11971.2639154829,418.69046156446,12614.7995567183,896.563603387707,0.56872860937182,1.38540895005865,0.220369730591949,0.371630246371632,16.317782754433,17.1949729043245,0.00317786492243036,0.00291836754278469,1.67607131044727e-06,0.00118108675468148,0.00583062052593236,1.64384183843062e-05,1.54629601735775e-05,3.21765263556256e-11,7.21122368788473e-06,2.76951267912837e-05,-1573.05152803569,0.146348767388378,0.104098963841637,0.945,0.512972449704586
"constant",800,"pg_apf",94,742.698,475.484483921885,1241.44570178316,153.891433930417,216.621005802749,12021.7485008658,471.426588064609,12025.442259362,987.840114169371,0.640212420017133,1.67153500047551,0.207205935562526,0.291667684311455,16.1865906477004,16.1915640803691,0.00323303017614495,0.00305522681740089,1.50939989895688e-06,0.00118356420732526,0.00558576508001881,1.81079392939085e-05,1.67556717423264e-05,4.33796876149038e-11,7.4956997899461e-06,3.06858231527264e-05,-1627.43851177266,0.140505186886306,0.096471318838965,0.95,0.50833941629101
"constant",800,"pg_apf",95,732.401,595.631469773438,1592.79170502677,196.882863082126,176.42784903605,12604.1833109203,601.408908707419,12275.5611299317,691.880812171955,0.813258679020697,2.17475359130691,0.268818397410879,0.24088968889454,17.2094021047491,16.7607104986636,0.00414019697194868,0.00394898643395572,2.35637039506675e-06,0.00159092061095314,0.00703894129433543,1.91373957936658e-05,1.77691514247902e-05,5.38561977802031e-11,7.79160673005184e-06,3.4398849688424e-05,-1561.6756293802,0.132261532753859,0.0941103549518608,0.95875,0.54204158452068
"constant",800,"pg_apf",96,732.392,490.105333770956,1321.68427507895,183.380556789605,170.268745635471,11855.8088058092,488.525466168659,12524.254332968,1195.94949197151,0.669184444629319,1.80461320587739,0.25038579993993,0.23248307687068,16.1877912454112,17.1004794331014,0.00319346371388668,0.00294911077213232,1.70796488115829e-06,0.00121030935001063,0.00572437118048563,1.71632901714414e-05,1.59902015247027e-05,3.76126928920432e-11,7.67429648722352e-06,2.95863382188423e-05,-1580.4214795716,0.151392026581195,0.104784014607536,0.94125,0.510890250867147
"constant",800,"pg_apf",97,757.827,538.950917146579,1478.44547669218,224.716359885524,286.162453606487,12546.930358842,535.773690874618,13581.3885567888,1306.25991461159,0.711179355112155,1.95090103241529,0.296527254750126,0.377609208442675,16.5564572901757,17.9214894122125,0.0035734080206011,0.00331176921741435,1.88776105301794e-06,0.00142001660586853,0.00628286982772745,1.62504344349082e-05,1.54141759117248e-05,2.82532346511833e-11,7.37876813627292e-06,2.66926527573805e-05,-1576.90597560314,0.151058496167281,0.10567207490641,0.93625,0.523217045460907
"constant",800,"pg_apf",98,733.344,527.475396261973,1408.43134847483,141.025871478588,167.459554354007,11983.480637219,530.779152095289,12109.7581241962,1119.78629541009,0.719274169096594,1.92056026704361,0.192305209395029,0.228350616291955,16.3408722744292,16.513066342939,0.00287026009275476,0.00268889951760536,1.10960790036202e-06,0.00105143817578508,0.00499706641029907,1.76746802473104e-05,1.68119279434286e-05,3.75921694263926e-11,7.46224867401891e-06,2.97213679807265e-05,-1579.72767944272,0.154707248940718,0.110440669472067,0.9225,0.499129558522855
"constant",800,"pg_apf",99,736.123,553.753902110627,1692.19639431015,196.893357453838,236.957822622346,12046.672916639,554.324228428784,12751.976778318,1037.42480541796,0.752257302258763,2.29879570983403,0.267473448668005,0.321899767596375,16.3650271987684,17.3231603662948,0.00415986843382371,0.00379879270978031,3.35037534450845e-06,0.00150669216969213,0.00784551747312331,1.81993469289858e-05,1.68331031892819e-05,4.47225257872551e-11,7.95539890811618e-06,3.12049651413324e-05,-1588.23974348063,0.160952293038443,0.114395955004293,0.93875,0.545543474389911
"constant",800,"pg_apf",9,736.234,497.657978862754,1267.32676267886,193.620612466003,278.070063163491,12263.2367766889,494.929790793223,12828.3374239069,1153.91076534775,0.675950823872239,1.72136408082059,0.262987871337105,0.377692504235734,16.6567107423576,17.4242665020997,0.00325437509776406,0.00307607776434962,1.48841718900533e-06,0.00123440950460651,0.00573567907728507,1.6625738816767e-05,1.56567156934436e-05,3.33560223120908e-11,7.19207205610213e-06,2.78747346527257e-05,-1584.67297793546,0.151210232286705,0.101481960166326,0.9425,0.512185425015181
"linear",1600,"pg_apf",100,1472.088,310.184718491976,702.675906119752,173.164405499149,214.909249565055,11757.6154703998,311.22025081885,13278.2891727022,621.012489598397,0.210710717356555,0.477332813065355,0.117631830093818,0.145989403870594,7.98703302411257,9.02003764224841,0.00135361607716661,0.00129388519390989,1.70175717251917e-07,0.000653656787156438,0.00217789450625154,6.78013184576752e-06,6.55953387828001e-06,2.62037929899812e-12,4.02645584934937e-06,1.00454871912181e-05,-3215.82707091487,0.0829646304684156,0.0671231988108426,0.994375,0.414494401482754
"linear",1600,"pg_apf",101,1463.656,288.358657136269,795.312681054867,148.902995247696,311.333187329719,11937.0515466692,289.589216185699,13620.5582028137,681.8021460733,0.197012588433531,0.543374044895021,0.101733600824029,0.212709261827724,8.15564008665232,9.30584659429107,0.00137432364554902,0.00132516887965872,1.51947785120478e-07,0.000690845094229868,0.00213608686977848,6.67899327099948e-06,6.49391199266803e-06,2.15324820224571e-12,4.10387930309293e-06,9.55849487860169e-06,-3185.49882359678,0.0764875059143644,0.0628764796733058,1,0.416304793737729
"linear",1600,"pg_apf",102,1463.576,328.624742703073,836.033426558324,150.876071855851,198.293483957871,11546.0037777014,330.561712533775,12904.0696132089,737.854226381226,0.224535482067944,0.571226520903817,0.103087282010535,0.135485607824855,7.88889936545927,8.81680870225321,0.0012117102505231,0.00117542179793299,1.03962085650209e-07,0.000669246632548918,0.00186052444844242,6.60351428323835e-06,6.37075181075251e-06,2.70099489592192e-12,3.77603790274096e-06,9.84533584313194e-06,-3217.2959540026,0.0726999005910182,0.0580281135672611,1,0.408368148370294
"linear",1600,"pg_apf",103,1463.967,290.282762475324,828.553691582148,164.598605735286,217.493003052706,11878.973887459,288.956450577029,13445.028437504,723.178678084658,0.198285045001236,0.565964732526175,0.112433275979094,0.148564143216825,8.11423610467924,9.18396960963188,0.00141117949654111,0.00136823121504724,1.60510180306942e-07,0.000719151142589035,0.00217764213478125,7.08461781602754e-06,6.85500873179104e-06,2.88179137268379e-12,4.15988802760883e-06,1.03903821348631e-05,-3181.91001302464,0.0898282782750957,0.0723439239403729,0.986875,0.420917642122658
"linear",1600,"pg_apf",104,1462.262,242.436594248518,622.291567147747,182.618046075224,203.499050849207,11846.2039267091,242.520639741074,13315.8773512514,525.501225449419,0.165795592204761,0.425567762239425,0.124887363601888,0.139167297549418,8.1012868601585,9.10635532568815,0.00137097730490231,0.00131130085872369,1.47195740137216e-07,0.000721339742522755,0.00217465658377626,7.04935745735161e-06,6.80401199452127e-06,2.75082161726291e-12,4.21437545993677e-06,1.04014348135478e-05,-3207.02172948751,0.0932934144162837,0.0782388963447488,0.9975,0.420027005394641
"linear",1600,"pg_apf",105,1473.806,269.176087629383,793.860570213497,179.712058838789,257.186225482342,11637.13772884,273.826303696398,13023.7985790517,673.024119128555,0.18264010841955,0.53864658592345,0.121937391243345,0.174504802858953,7.89597662707303,8.83684730490424,0.00126838309415602,0.001214074934869,1.28910927246049e-07,0.00068595732627106,0.00197427013188349,6.9723525276932e-06,6.68748332699837e-06,2.73987902886079e-12,4.17923669210689e-06,1.04711260020585e-05,-3192.19817098738,0.0914681311666026,0.0745047617543781,0.980625,0.410679808280364
"linear",1600,"pg_apf",106,1466.303,341.63794875312,1001.15138875333,142.516730599984,152.638731087234,11950.44411402,344.556880286561,13808.391427383,861.910702191161,0.23299273666706,0.682772516153432,0.0971945979787151,0.104097673596272,8.15005091991218,9.41714736134548,0.00145535272404747,0.00137115727835098,2.06313884362788e-07,0.000694792380372096,0.00236883710053252,6.99640075293322e-06,6.79390552534352e-06,2.91457904584422e-12,3.97674627309249e-06,1.02546445759588e-05,-3231.81119377668,0.0742464983088365,0.0595831450346819,0.996875,0.420735943404165
"linear",1600,"pg_apf",107,1464.543,169.83694823509,398.444077062514,225.62842656093,219.042786781414,11664.4163594513,169.163032195909,13025.9654130715,346.792718133982,0.115965832505491,0.272060347195347,0.154060636362968,0.149563916376244,7.96454345106379,8.89421847844104,0.00126077010153106,0.00120726900746861,1.10326740049082e-07,0.000700558715944253,0.0019463793016363,6.9463987296714e-06,6.77518619071892e-06,2.46061002909726e-12,4.21765768325176e-06,1.00264774372558e-05,-3187.68930387318,0.0903780187843031,0.0731147781452203,1,0.412371308970967
"linear",1600,"pg_apf",108,1461.861,287.317996433467,729.256857153201,209.486017760898,189.712192439277,11857.4001897707,285.737391136956,13406.6874094363,630.581632120064,0.196542623705993,0.498855128601967,0.143300914218861,0.129774439867592,8.11116801786948,9.17097275967848,0.00138467296114227,0.00134527374742487,1.32506606982491e-07,0.000730869893620697,0.00213911137864538,7.07116743472588e-06,6.86872702525528e-06,2.68416695819498e-12,4.32233461726449e-06,1.04132778415966e-05,-3169.19236449192,0.0749217543074186,0.0616257823965199,0.994375,0.420171944762585
"linear",1600,"pg_apf",109,1480.293,317.063010583358,911.783399550682,169.072124330073,329.609143918672,11793.3741792749,315.08757265062,13253.7191565421,766.133959612989,0.214189360203255,0.615947923519656,0.114215310300104,0.222664799413814,7.96691883247093,8.95344310656208,0.00133134221036031,0.00128196247139896,1.40720986035616e-07,0.000713595077830217,0.00210476624026228,7.05021633147234e-06,6.85079974005667e-06,2.42043892559521e-12,4.32796442894323e-06,1.01571058889656e-05,-3171.9597427404,0.0827011365147336,0.0615293742148723,0.99,0.415475016133996
"linear",1600,"pg_apf",10,1488.88,313.777454346045,747.314910347959,210.934406054343,265.634180913553,11643.6246738546,314.702944269582,13162.942517566,667.151964915919,0.210747309619342,0.501930921463086,0.141673208085502,0.17841208217825,7.82039161910604,8.84083506902236,0.00129578527931315,0.00125531650972296,1.15508790239513e-07,0.000684641523582176,0.00195535169664218,7.00465162449235e-06,6.81624926396782e-06,2.72283059555288e-12,4.00838158706045e-06,1.0235567892747e-05,-3239.43032014127,0.0947288218588777,0.0785679591179515,0.99375,0.414983699411339
"linear",1600,"pg_apf",110,1486.857,192.300517995231,614.562935957733,139.145792091528,182.183850342721,11826.9393850806,192.57504769933,13357.4497144068,515.903268720176,0.12933356603576,0.413330223389158,0.0935838430269544,0.122529503740253,7.954322026315,8.9836814935174,0.00134304390896199,0.00129417991981014,1.3647840581108e-07,0.000684307189966722,0.00210250120724493,6.7818150034933e-06,6.50495094430093e-06,2.63636935423136e-12,4.1647704493865e-06,1.01464384630425e-05,-3193.9142619316,0.0893542166925255,0.06990413560291,0.989375,0.41769247571146
"linear",1600,"pg_apf",111,1468.815,337.180666619664,845.559609647787,162.831443764412,236.365547621353,11934.5189176052,337.44388725149,13581.6498780521,729.572433982347,0.22955965633498,0.575674683093369,0.110859055609054,0.160922612869118,8.12527031491728,9.2466715536348,0.00155578022842672,0.00149106656638236,2.39340687520586e-07,0.000737744704019797,0.00256106948647076,7.46664514984855e-06,7.20024336422962e-06,3.37668645150448e-12,4.32665470730365e-06,1.1330368175404e-05,-3183.00413974917,0.0940159683968152,0.0773936108222566,0.990625,0.429018507675961
"linear",1600,"pg_apf",112,1464.347,274.107702933331,740.017952638896,128.284187627312,263.863553927991,11760.512586653,274.934225954775,13369.1353514975,635.498353105176,0.187187669953454,0.505356962959528,0.0876050469098592,0.180191958550802,8.03123343487098,9.12975910183688,0.00133497931596603,0.00128503144523116,1.43175778303481e-07,0.000707359621456519,0.00212216766883086,6.88495797318381e-06,6.65933906832595e-06,2.7439668944584e-12,4.08186815688941e-06,1.04285423023524e-05,-3213.11530630639,0.078181894341644,0.0622189120592182,0.989375,0.41754171815648
"linear",1600,"pg_apf",113,1461.924,283.781738437535,663.894856181866,219.214794980078,237.177031409006,11627.6666710566,288.403207454808,12967.9844393555,600.159288888981,0.1941152470563,0.454124055820868,0.149949515145848,0.162236225281893,7.95367383739277,8.870491516218,0.00126093202396071,0.00121867989177185,1.03818345330585e-07,0.000694185958468365,0.00191980778758041,6.97100204737193e-06,6.69063010539423e-06,3.15602903860368e-12,4.04684965708815e-06,1.05436693821302e-05,-3151.64864739675,0.0784203592454314,0.0599156846212901,0.965625,0.413750240559957
"linear",1600,"pg_apf",114,1475.95,280.579529683686,720.00343043856,171.120490566504,239.501640956385,11781.7439393489,280.766944766,13243.4650253353,643.778625331087,0.190100972040845,0.487823727388164,0.115939219192048,0.162269481321444,7.98248175029567,8.972841238074,0.00131627785601455,0.0012698947223454,1.1527903919743e-07,0.000730844672966859,0.00201705782667718,7.13547049445657e-06,6.91951011071267e-06,2.75101348749677e-12,4.23367726966864e-06,1.04398223363464e-05,-3183.71018399109,0.0807271565518698,0.0688636882011358,0.9925,0.414014591561022
"linear",1600,"pg_apf",115,1505.121,362.757343557659,1024.12590127529,97.1648578686501,226.03806715752,11984.5054202167,362.865052575784,13581.6029708496,866.541107701937,0.24101540245446,0.680427620952263,0.064556177123733,0.150179332530421,7.96248635173964,9.02359542578277,0.00145511093607493,0.00138584886093448,1.84275799751173e-07,0.000755982637164936,0.00233920325651633,7.20010625925391e-06,6.8926060972463e-06,3.40909340842293e-12,4.02228054653044e-06,1.07986951618103e-05,-3174.13673441445,0.0863670275442319,0.0684550805317958,0.98125,0.421728451132217
"linear",1600,"pg_apf",116,1464.042,276.325719567275,742.314653623442,173.28118840801,220.955146050833,11633.6909110036,276.53364615031,13172.9765897042,665.420271137846,0.188741661487358,0.507030982460504,0.118358071973352,0.150921316499686,7.94628221799896,8.99767669896366,0.00136606405796431,0.00131101147405473,1.55926025731728e-07,0.000719800611205101,0.00218062619986168,7.12633380014927e-06,6.85396582067759e-06,3.06517705630577e-12,4.25504898901815e-06,1.06814538441976e-05,-3153.9093247797,0.0854775678030145,0.0693262827459876,0.98625,0.419752895889263
"linear",1600,"pg_apf",117,1469.391,342.64505739169,784.932945236901,213.483490879758,232.745161183623,11412.0426769623,343.144353929217,12947.8922803718,686.682500224218,0.233188482433668,0.534189296951527,0.145287054895367,0.158395662681766,7.76651189299671,8.81174056488152,0.00123262370934863,0.00116892799140212,1.32325248209493e-07,0.000657202918355146,0.00198435306669808,6.91080591745491e-06,6.65977246350026e-06,2.86017182885123e-12,4.10391684124197e-06,1.02083794373575e-05,-3186.83164281803,0.0820939013397036,0.0641786695536328,1,0.412845144092392
"linear",1600,"pg_apf",118,1476.391,229.74095844443,582.582332915545,157.058667062064,249.534553969352,11691.3632776911,229.960964042824,13056.9812603975,480.826082727137,0.155609834010387,0.394598946292374,0.106380130373366,0.169016577566073,7.91888007830654,8.84385048432121,0.00127820880872082,0.00122221564854002,1.27921975803882e-07,0.000634239094412594,0.00197179038085704,6.69871047107994e-06,6.51229119912057e-06,2.37400898943736e-12,4.02247488915511e-06,9.8404352379303e-06,-3183.49046286204,0.0747327397298116,0.0601225892972594,1,0.411026203064779
"linear",1600,"pg_apf",119,1465.39,263.743672689846,589.473814585195,160.613428038681,209.637069473738,11819.174781561,264.759810102748,13454.6095982768,533.099251967924,0.179981897440167,0.402264117119125,0.109604561269478,0.143058891812922,8.06554895390375,9.18158960978087,0.00136762023176999,0.00130428933762742,1.63286109144471e-07,0.000710806960237108,0.00216460096069319,6.87737125177461e-06,6.64052458144116e-06,2.79990983407894e-12,3.92219747658484e-06,1.01519126881997e-05,-3182.92258338801,0.0725605334306275,0.0555980034230552,0.971875,0.417534867836104
"linear",1600,"pg_apf",11,1481.687,136.074894492574,299.104227576754,181.412274645597,263.832626430631,11754.597543141,151.665284030927,13230.3947676957,273.67766774364,0.091837813581798,0.201867349566241,0.122436300410003,0.178062321145175,7.93325280112531,8.92927775413818,0.00133014577854464,0.00127252847032147,1.35397057506032e-07,0.000677489734182265,0.00205573476003414,6.97064825541951e-06,6.74094189701544e-06,2.81727948336691e-12,4.06456209569243e-06,1.02879464129699e-05,-3224.26131015426,0.079472832178108,0.0608197424223403,0.995,0.415734448216996
"linear",1600,"pg_apf",120,1468.851,442.169905115489,1090.21059771826,199.237741167346,154.114714412612,11861.0693894934,444.487823936526,13311.8904651569,983.297691798462,0.301031149596173,0.74222000578565,0.135641900483675,0.10492195220115,8.07506642232154,9.06279157324799,0.00134079085672676,0.00128252046513427,1.3625325910039e-07,0.000718534372481336,0.00208470646918869,7.0645060345013e-06,6.76491423477129e-06,3.18364282056668e-12,4.09998572055458e-06,1.07359747206185e-05,-3201.85186719972,0.0861414605893832,0.0620351797500947,0.973125,0.416853475110404
"linear",1600,"pg_apf",121,1477.76,306.520042147823,829.985473673728,166.611938575078,215.897990152303,11703.3518808728,305.282155254064,13057.194915219,724.538474104991,0.207422072696394,0.561651062198008,0.11274627718647,0.14609814188522,7.91965669721255,8.83580210265471,0.00131687974585458,0.00126775413051801,1.29036132578364e-07,0.000713964604376069,0.00201254626318694,7.21383830147781e-06,6.98415285192506e-06,3.01547793486085e-12,4.1980701163147e-06,1.06680764312087e-05,-3208.98873207896,0.0840022182935149,0.0678326135339966,0.9875,0.415961475640855
"linear",1600,"pg_apf",122,1475.074,269.964461438177,737.855522942458,189.737554161749,194.550141406148,11797.2393810226,271.117188702761,13270.0856131714,684.332454082136,0.1830175716189,0.500215936924153,0.12862917667978,0.13189178400958,7.99772715200903,8.99621687669323,0.00136795800330274,0.00131995070626278,1.41595454232564e-07,0.000697608783909284,0.00210020786050208,7.06985903522135e-06,6.85045340052357e-06,2.66957740406574e-12,4.30075561127091e-06,1.04546330509941e-05,-3223.05044990394,0.0864545771847792,0.0708999472515959,0.990625,0.41790131529224
"linear",1600,"pg_apf",123,1468.788,208.609948664287,518.688642297231,177.927686508338,297.793742585103,11433.3507780693,207.808921255383,12796.6034702039,455.686542868526,0.142028630860469,0.353140577331263,0.121139120491411,0.202747940877174,7.78420764471747,8.71235567706429,0.00120860044152973,0.00117219001907398,1.08917861351299e-07,0.000644509929108992,0.00186469164623134,6.8039885469525e-06,6.65141688312822e-06,2.13311401604524e-12,4.21704178502764e-06,9.66549648540067e-06,-3158.04106160739,0.0886320188416465,0.0684642809095899,0.9925,0.411571997909933
"linear",1600,"pg_apf",124,1461.991,288.686956870187,841.046467428783,164.378686959741,224.410202874863,11614.0859832897,286.707434549893,13074.2055720843,757.288758199377,0.197461514380175,0.575274722914698,0.112434814550664,0.153496295719237,7.94402016379697,8.94274012089287,0.00126181366142713,0.00121752022700496,1.09938719363327e-07,0.00068384235952634,0.00192395030732094,6.80202426005023e-06,6.57410081276428e-06,2.60028243709353e-12,3.98030544673998e-06,1.00434859662324e-05,-3169.48518893561,0.0822873370906567,0.0637757149160367,0.989375,0.413520929637697
"linear",1600,"pg_apf",125,1463.086,346.422682890742,932.090107343044,217.082034422668,219.142938688872,11581.5734308651,344.480656526794,13039.4965826383,774.962336169458,0.23677533849052,0.637071304997139,0.148372709753677,0.149781310660393,7.91585281443817,8.91232407571278,0.00122728736967413,0.00117810879062268,1.08856865900005e-07,0.000680036002543119,0.00189054706878871,6.68442120401885e-06,6.47519840165456e-06,2.40672794996915e-12,3.98853375067371e-06,9.80863108381912e-06,-3182.32074623919,0.0764645318350613,0.0582668556532985,0.9875,0.40964120003125
"linear",1600,"pg_apf",126,1464.779,319.201815075981,801.4471568181,162.52418474398,205.590105518985,11571.7297143041,320.674761184349,13007.4374635933,699.474951140059,0.217918071651752,0.547145444342184,0.110954747947629,0.140355716131228,7.89998335196235,8.88013650086006,0.00122748245244614,0.00118070985846262,1.09860396997677e-07,0.000666875481975876,0.0018988063342905,6.77930369917541e-06,6.56636491869945e-06,2.58156551598445e-12,3.88765609579618e-06,9.99683091352888e-06,-3181.57299970559,0.0778557531243829,0.0636429669121908,0.993125,0.409374404280878
"linear",1600,"pg_apf",127,1483.369,317.506299269449,873.711602176246,165.88852348552,212.328392997577,11782.5791724943,316.938177673833,13332.7591677709,740.608745923224,0.21404404384172,0.589004895057296,0.111832270652494,0.14313929507599,7.94312080978793,8.98816084721396,0.00128205798327017,0.00122947225317619,1.19754895088286e-07,0.000704051508698643,0.00197704756686061,6.714669553177e-06,6.50100936643863e-06,2.38460873807167e-12,3.99061055259634e-06,9.56559713073633e-06,-3207.28355286367,0.0787899190059818,0.0623295072702554,0.99125,0.410395805881892
"linear",1600,"pg_apf",128,1467.153,224.524333099125,596.472350959646,173.956571514468,172.879187414878,11675.111676114,227.686781306516,13189.6624039268,582.851189470229,0.15303402787516,0.406550885258488,0.118567437420956,0.117833100852384,7.95766472625149,8.9899706465016,0.00133156653499011,0.00128202308497344,1.32781966503152e-07,0.000684445312673257,0.00205863408520862,6.94681512823328e-06,6.69946823814805e-06,3.1475032506034e-12,3.89210999632018e-06,1.03188840190431e-05,-3185.34253303154,0.0846973762881678,0.0699003303054863,0.995625,0.417371044994122
"linear",1600,"pg_apf",129,1470.467,388.090549161814,981.655117434964,145.265770676372,227.53035527012,11974.204063592,389.342174195192,13462.8274030389,917.473249246552,0.263923331269464,0.667580515193448,0.0987888682142287,0.154733397804997,8.14313008288658,9.15547741162427,0.00137887597234012,0.00133963437025824,1.43412198701022e-07,0.000706888297230255,0.00211888234343456,7.03621111861068e-06,6.75283838011932e-06,3.14229941981525e-12,4.0106483848508e-06,1.04786543889109e-05,-3221.84316202281,0.08102692457794,0.06238875766841,0.9825,0.419498695786972
"linear",1600,"pg_apf",12,1490.817,271.431550621412,644.417283074916,148.953941628782,224.690806797789,11383.6500381519,271.792328218152,12864.9652600017,572.828657643623,0.182068993458896,0.43225780432804,0.0999143031161985,0.150716557966396,7.63584667880224,8.62947314123845,0.00121906415773234,0.00115891182859327,1.16328382992483e-07,0.000652610006803235,0.00193820758287045,6.85176777634556e-06,6.65020897846129e-06,2.54673466675508e-12,4.09603131567053e-06,9.97661877788423e-06,-3173.52312285917,0.0829833962604509,0.0672304704964663,0.985625,0.410641776592997
"linear",1600,"pg_apf",130,1488.657,237.242086214652,581.455643401929,151.632198012344,137.846573855699,11503.8795649073,238.400576809562,12845.4800935336,541.678267393444,0.159366520437315,0.390590742798327,0.10185838511648,0.0925979415377076,7.72768983379466,8.62890517663476,0.00125128039253832,0.00120468162794704,1.10659687730453e-07,0.00067324532064009,0.00193651406016716,7.11882134079437e-06,6.85406158697067e-06,3.17234862614025e-12,3.94686655149575e-06,1.05810827640812e-05,-3129.40649397058,0.0838019522773976,0.0685762553380586,0.990625,0.413096666854139
"linear",1600,"pg_apf",131,1473.771,327.877204476293,945.019495434005,218.969718328078,166.782299946676,11524.7104085403,328.128717720589,12862.1334217486,808.228567497876,0.222475000849042,0.64122546544477,0.148577844406002,0.113167038804995,7.81987867079774,8.72736227117279,0.00118027702242425,0.00115282696295185,7.92254833880942e-08,0.00065498908023653,0.00172561306881531,6.68277681944048e-06,6.46036194761282e-06,2.55656150398884e-12,3.85826762320287e-06,9.82536739454748e-06,-3211.76559673514,0.0767552650109516,0.0634947517141647,0.989375,0.406233639133618
"linear",1600,"pg_apf",132,1463.789,423.745500877032,1152.08277309638,148.885854275088,258.943407936499,11754.0386732962,424.515254540686,13471.376598137,1033.85710347893,0.289485370416796,0.787055219773052,0.101712647297587,0.176899408272981,8.02987225159926,9.20308637251474,0.00128411432912587,0.00123397461417261,1.26449785355585e-07,0.000663797329460066,0.00197555711143857,6.57641521603447e-06,6.39042161827134e-06,2.21234379291821e-12,3.8729545523626e-06,9.58668401940653e-06,-3207.04342112814,0.0730691734015501,0.0593735064403986,1,0.410749343174079
"linear",1600,"pg_apf",133,1468.449,298.896374649043,756.075758294554,146.40790082751,289.051406754531,11366.4513834187,301.61786806613,12754.5222074728,700.067687535974,0.203545628516239,0.514880502008959,0.0997024076610832,0.196841297692008,7.74044681389596,8.6857100297476,0.00121977473839543,0.00117326263589861,1.13458325634274e-07,0.000644179235871077,0.0018723060981156,6.89053229745923e-06,6.64936905452962e-06,2.75399657166627e-12,4.01746439347855e-06,1.00653964059809e-05,-3172.28906467085,0.0691838713808662,0.0516098940511125,0.989375,0.410113510570369
"linear",1600,"pg_apf",134,1464.111,361.350945706582,961.374612208692,132.693703191122,207.652599495464,11565.6879309873,362.071823592088,13090.5809965801,841.843663483822,0.246805703738707,0.65662686245011,0.0906309037983611,0.14182845391877,7.89946112759708,8.94097578433608,0.00137766137157374,0.0013202959335739,1.59361623235605e-07,0.000709932249914358,0.00213526347287172,7.27283789705818e-06,6.99062164843837e-06,3.50582151582151e-12,3.96802000375671e-06,1.10852870789669e-05,-3167.67662298798,0.0761186700517768,0.0606964334892719,0.9925,0.42186477485035
"linear",1600,"pg_apf",135,1465.24,391.639169860973,1025.94164384245,256.030516648001,211.535596194836,11815.1106288499,389.543485612623,13201.7715028605,884.077123509732,0.267286703789804,0.700186757010763,0.174736232049358,0.144369247491766,8.06360093148557,9.00997208843637,0.00131525926013187,0.00126638265365136,1.08338289335907e-07,0.000754088478250581,0.0019766758011063,6.9394186008821e-06,6.65461156830814e-06,3.21765310821573e-12,3.99175716937054e-06,1.05148716611664e-05,-3222.65826397349,0.0810584560167738,0.065165534995931,0.98375,0.414094160251523
"linear",1600,"pg_apf",136,1462.322,333.253568832761,846.74617701776,149.228669818505,210.754237866951,11669.5476767679,333.86489243546,13118.7801939598,747.434030163316,0.22789342486317,0.579042219851551,0.102049117648853,0.144123002913826,7.98014915782428,8.97119799466859,0.00136360952153065,0.00130295730271211,1.54491269171224e-07,0.000703216842345943,0.00214176219017513,7.33816045128247e-06,7.1167626302134e-06,2.88474725409312e-12,4.41209558406938e-06,1.07688358100466e-05,-3198.19915578189,0.104807392029001,0.0834509617823622,0.97875,0.421740498592365
"linear",1600,"pg_apf",137,1474.518,343.738904588472,948.460075396085,191.4592078335,181.901468635618,11687.2098340525,345.747845214914,13127.2303130885,815.814539785514,0.233119503857174,0.643233975710086,0.129845283566223,0.123363342214621,7.92612218640432,8.9027263913282,0.00133858225766115,0.00127847596408315,1.43073163549834e-07,0.000663426912052411,0.00208311464761794,6.96725775671915e-06,6.77265996449399e-06,2.60797336514467e-12,4.10124166148653e-06,1.01800564406978e-05,-3183.37646225093,0.0918331463088587,0.0695772861577243,0.989375,0.419518931974759
"linear",1600,"pg_apf",138,1480.993,244.742676114003,620.133105903827,172.668567870478,207.02663843197,11726.7612839238,245.222060675911,13367.1158422348,563.656868306097,0.165255795344072,0.418727911545718,0.116589725859932,0.13978907289364,7.91817468679716,9.02577921856135,0.00131314749660351,0.0012519400391126,1.43957393135221e-07,0.000660204232477437,0.00208108922975391,6.76802448083967e-06,6.5199673937856e-06,2.83276804927968e-12,3.88112443317938e-06,1.02709946242464e-05,-3214.54930498189,0.0737626857612188,0.057419082494876,0.996875,0.41504078188435
"linear",1600,"pg_apf",139,1473.583,313.571106051586,849.903339883452,129.364307034233,195.171892908493,11795.5886081773,315.05270996483,13116.4462505819,730.917013087625,0.212795007849294,0.576759734526967,0.0877889518501728,0.132447166470089,8.00469916399503,8.90105698191543,0.00128110175842374,0.00122518737351359,1.25216972547968e-07,0.000696714455300773,0.00200629824654171,6.90352485035304e-06,6.63409980452196e-06,3.09418218560967e-12,3.85801947032273e-06,1.05822045889659e-05,-3178.78411010545,0.0684715836848528,0.0553934107566966,1,0.411466032317584
"linear",1600,"pg_apf",13,1480.169,271.822393307532,701.871967685838,137.775439669758,295.49067061624,11698.855536025,273.460642991528,13107.8069056432,608.883686189062,0.183642809238358,0.474183669355214,0.0930808844596513,0.199633062586935,7.9037295984614,8.85561507209188,0.00126280420277876,0.00123094374264749,1.07563425580014e-07,0.000675960990269288,0.00190920686950015,6.73459089260238e-06,6.56265319464125e-06,2.26694523169884e-12,4.08873983951763e-06,9.68444285439587e-06,-3132.06069905871,0.105773987363893,0.0854685512688389,0.978125,0.417081087852576
"linear",1600,"pg_apf",140,1467.45,254.245338685252,623.777237809269,125.481049650795,282.236646196296,11479.2752833505,254.64884306003,12812.616247245,524.522446940643,0.173256559804594,0.425075633111362,0.0855095912302256,0.192331354524036,7.82260062240655,8.73121145336806,0.00122562151291252,0.00118946851922626,1.03078848000844e-07,0.000657301370723115,0.00186240621290406,6.99793498362247e-06,6.85637929746566e-06,2.26018365973481e-12,4.32546808084829e-06,1.01822013829488e-05,-3133.33915963134,0.0963400920058908,0.0732265547458458,0.944375,0.411128271484918
"linear",1600,"pg_apf",141,1473.796,291.889501883011,786.27169348137,130.718466274225,173.520215793518,11816.8287189508,290.77390048185,13420.1444336274,662.673774940045,0.198052852554228,0.533501036426595,0.0886950882443872,0.117736929529947,8.01795412591078,9.10583583727153,0.00133389351885618,0.00126392835625025,1.5965060320975e-07,0.000688548418661385,0.00217309690860059,6.79536422451684e-06,6.57789031531131e-06,2.62013953625296e-12,3.95861207553433e-06,1.00146242736365e-05,-3216.28141519514,0.0671964315428861,0.0536650215481497,1,0.413665575007965
"linear",1600,"pg_apf",142,1475.068,295.562075042182,809.699404986863,224.564315535818,213.010531314531,11616.2697559192,296.369443531984,13165.1828751306,716.91213355796,0.200371830344216,0.548923442842542,0.152239975062721,0.144407262115733,7.87507406839494,8.92513624804454,0.00128690266667306,0.00124725746275602,1.19483142135265e-07,0.00069315272317116,0.00199131364800156,6.91515608041979e-06,6.72232429277695e-06,2.57486170778074e-12,4.00155113919841e-06,1.0040424423441e-05,-3188.33783444891,0.0819842260859958,0.0625473486499842,0.986875,0.4121582874299
"linear",1600,"pg_apf",143,1462.62,290.979581515443,767.834375019243,175.760669198062,261.470270334264,11545.276488263,291.681405575852,13054.8002595302,680.140952544373,0.198944074001069,0.524971882662101,0.120168375379841,0.178768422648579,7.89355846922853,8.92562679269404,0.00127664762214369,0.00122928628946575,1.15088234063954e-07,0.00069459101450284,0.00193010915840003,6.9293032122358e-06,6.7086259860529e-06,2.7798788409011e-12,4.03878233169698e-06,1.01011515380939e-05,-3186.64529653853,0.0830996447042442,0.0678964125205916,0.998125,0.413580602896479
"linear",1600,"pg_apf",144,1464.812,356.713783609958,929.609374127089,162.515998816851,195.673101237142,11728.0357695483,356.650284497601,13272.8930758978,847.297341818845,0.24352188786681,0.634627088068017,0.110946659924176,0.133582399131863,8.00651262383726,9.06115807072705,0.00131237221558439,0.00125808220693971,1.26185256089957e-07,0.000699980462128987,0.00203303640109607,6.95242594477079e-06,6.77061405968806e-06,2.61938542071122e-12,4.12468194739001e-06,1.01668433834171e-05,-3197.65320307017,0.0735027693280095,0.0585180494571379,1,0.416479016737302
"linear",1600,"pg_apf",145,1475.768,300.612469239101,873.39982056171,180.951386697394,203.467120522494,11839.3396998115,297.631348038425,13475.4233267658,782.163894932602,0.203699002308697,0.591827320121937,0.122615063273763,0.137872023598895,8.02249384714369,9.13112584550265,0.00131218541541651,0.00125055454886625,1.51204901456444e-07,0.000693318477561849,0.00205529987940126,6.54131279042782e-06,6.34952284832052e-06,2.2804061780379e-12,3.97444719774774e-06,9.71815732256138e-06,-3181.93050320063,0.0776467604693108,0.0649250294868081,0.9975,0.412635005404689
"linear",1600,"pg_apf",146,1463.963,300.159805656868,820.784742157845,153.011791239258,273.645922991719,11856.4478225977,301.99824068963,13618.3847692562,709.319231498935,0.205032371485391,0.560659485354373,0.104518892375872,0.18692133817024,8.09887123007736,9.30241049074071,0.0013959316137602,0.00132516815571887,1.90054197737408e-07,0.000643439376942627,0.00224755143215787,6.77281329298004e-06,6.54242751228384e-06,2.40910134756594e-12,4.10116672963313e-06,9.83122611603661e-06,-3218.18525634338,0.0748089760684478,0.0617571803981564,0.999375,0.418247820852824
"linear",1600,"pg_apf",147,1461.825,246.280486556304,562.620870307813,186.796669267198,231.693007800309,11756.5412700582,246.715031815187,13220.1520774368,485.249148713015,0.16847467142531,0.384875665902425,0.127783195161663,0.158495721307481,8.04237256173498,9.04359419043787,0.00132985626815993,0.00127906419755824,1.30929211212213e-07,0.000739232493836167,0.00205061066081058,7.01872467096864e-06,6.86052088434341e-06,2.51494220103849e-12,4.13785180485492e-06,1.00222509945334e-05,-3170.34264901198,0.080244453098769,0.0639317810318707,0.993125,0.418173967420506
"linear",1600,"pg_apf",148,1476.252,316.4810973385,752.649888665481,137.226725587675,282.253441433311,11895.2280777376,317.370229041691,13714.4498558821,681.810975182592,0.214381485910603,0.509838353252345,0.0929561657411305,0.191195975641903,8.05772190502542,9.29004658817198,0.00143535623059103,0.00137377063121037,1.86089410659277e-07,0.000695880917599751,0.00225109699869132,6.74845073597624e-06,6.56023869117929e-06,2.25306029108023e-12,4.15931594881901e-06,9.74224930127894e-06,-3199.48933097527,0.0810929831188034,0.0668710130794047,0.989375,0.420694237128939
"linear",1600,"pg_apf",149,1477.24,470.405674983442,1509.92201673291,192.830671191741,285.40435437646,12170.7642592937,466.849030353692,13880.1156470643,1345.18215857732,0.3184355114832,1.02212370145197,0.130534423107783,0.193201073878625,8.23885371320413,9.39597874892658,0.00148866071326317,0.00144954548933235,1.41003393391692e-07,0.000845940839727856,0.00226683309959517,6.96745328972039e-06,6.76945649266431e-06,2.51490395567441e-12,4.29788843095137e-06,1.02670831348277e-05,-3240.32564938985,0.0851157168848904,0.0707170644582653,1,0.422376318721004
"linear",1600,"pg_apf",14,1474.117,303.536923747282,794.752232208066,154.185534726454,281.464325290508,11713.7337433377,301.31870122182,13306.7635476292,696.223147022968,0.20591101231943,0.539137824343702,0.104595181200986,0.190937575030006,7.94627139049184,9.02693853176456,0.00131973700703566,0.00127650049450491,1.22368446295961e-07,0.000691144647321885,0.00200312139021219,6.73869210709074e-06,6.50449003121668e-06,2.60934343594762e-12,3.9892952610533e-06,1.01127712286018e-05,-3214.84789027618,0.0767297383503176,0.0635927094959772,1,0.416622657916506
"linear",1600,"pg_apf",150,1473.549,328.683779534516,857.81634299112,142.916496752135,201.763594927607,11712.1361998575,329.926965898791,13205.2726254435,761.944276599975,0.223055887204644,0.582143072942345,0.0969879500119341,0.13692357358161,7.94825024472041,8.96154293168634,0.00131124777811759,0.00126187725839782,1.37520995373894e-07,0.000659672461292325,0.00205838481956103,6.97400312068457e-06,6.68408919853333e-06,2.78688592132464e-12,4.19027559075065e-06,1.04814044825675e-05,-3172.93275623208,0.0758124845642489,0.061244017302237,0.989375,0.414708502358152
"linear",1600,"pg_apf",151,1464.986,322.267670429134,897.450814675547,167.018231136234,284.804804787246,11828.8280637946,320.914069166526,13514.8455120042,797.397595322147,0.219980034231818,0.612600266948317,0.114006708006926,0.194407867916312,8.07436252892151,9.22523867941684,0.00139464788853809,0.00132968156087781,1.68222787879992e-07,0.000749759194604862,0.00218790446598339,7.01932826748629e-06,6.78875624675586e-06,2.81725176394339e-12,4.01313532635181e-06,1.03569281690133e-05,-3211.09034844628,0.071145371172316,0.0573720669086213,0.991875,0.417840559073096
"linear",1600,"pg_apf",152,1479.444,237.217459656665,641.31349134313,155.051762276409,259.278488278015,12232.1020005993,238.409447107589,13880.1922292879,577.280373324475,0.160342304038994,0.433482775517782,0.104804076583101,0.175254006422693,8.2680398856593,9.38203286456796,0.00166453074307188,0.00160149851243325,2.2900927034584e-07,0.000859202032810249,0.00268534911223238,7.61014190434308e-06,7.40446487408326e-06,3.26336235702597e-12,4.49828781081829e-06,1.13322249026407e-05,-3209.62637782425,0.0978510338652469,0.0800173327004674,0.985,0.436841540836965
"linear",1600,"pg_apf",153,1473.655,266.112050014843,978.312434874211,173.7297207021,212.73655551136,11681.7556108395,264.7732068236,12964.419768535,837.487124155127,0.180579613284549,0.663868025334431,0.117890361517519,0.144359809800367,7.92706271877711,8.79745922114405,0.00132404101883928,0.00126991481656885,1.33200554219051e-07,0.000712846666500202,0.00206254875511365,7.17572960844574e-06,6.88991070335151e-06,3.25580193867174e-12,4.14502735187561e-06,1.08766339649101e-05,-3199.35746030921,0.0921689590974942,0.0714765177506039,0.983125,0.416851506906361
"linear",1600,"pg_apf",154,1462.806,393.920794888181,1040.43940127084,127.469460605905,249.157338110406,11561.7067239402,393.565320631737,13036.7991245424,912.258356777475,0.269291208053686,0.71126273837463,0.0871403730952057,0.170328353937847,7.90378677961408,8.91218597991966,0.00128138710815353,0.00122615207842435,1.31583525181246e-07,0.000657519833763963,0.0020244834005742,6.96446338363704e-06,6.77211496333266e-06,2.6546622926684e-12,4.0466817107305e-06,1.02583710734275e-05,-3196.87740698573,0.0877424927531511,0.0708174887934669,1,0.412866943586784
"linear",1600,"pg_apf",155,1476.328,324.180948155706,893.511280905906,172.549095776285,266.298482071244,11805.0942194682,324.22771552793,13422.7585924779,766.310621627199,0.219585991836303,0.605225451868356,0.116877208707201,0.180378941584285,7.99625436858758,9.09198944440391,0.00131086734850074,0.00125132951831343,1.36740486036141e-07,0.000699100488183769,0.0020459912262504,6.71367596207607e-06,6.52585282362542e-06,2.36155332763203e-12,3.94683852807217e-06,9.78312300113192e-06,-3205.71696324591,0.0672609489651945,0.0558119852715758,1,0.41356150186548
"linear",1600,"pg_apf",156,1468.543,325.767723513402,879.983248623315,139.762346957106,279.071577710284,11596.5002080999,325.120090553209,13039.7058388278,789.117126235021,0.221830565065784,0.599221983028971,0.0951707556109057,0.190032963086735,7.89660242028999,8.87934901383741,0.00123102232153578,0.00117904297593019,1.06095116976798e-07,0.000696444602543539,0.00190004189941867,6.86882237910879e-06,6.61005579373177e-06,2.86825646914008e-12,3.97787078238741e-06,1.02019887052909e-05,-3226.10052679185,0.075121144695227,0.0604028442300628,1,0.410278281931875
"linear",1600,"pg_apf",157,1466.708,353.686035214952,985.076793949384,161.654536720361,200.116092050025,11708.4212036598,354.306975551605,13254.6265729933,881.196879674853,0.241142773622938,0.671624341006788,0.110215896224989,0.136438944936569,7.98278948751885,9.03699071184812,0.00134901749487666,0.00128462839294455,1.58591308301098e-07,0.0006818070892604,0.00214413841972299,7.06252628697567e-06,6.79781364789161e-06,3.06553366627009e-12,4.1369835296203e-06,1.074018565895e-05,-3214.63539313285,0.0814075556788949,0.065636617752554,1,0.416071490492115
"linear",1600,"pg_apf",158,1463.936,368.963854482389,997.880734367478,183.6856676552,254.48120700185,12103.8255755577,369.25844154586,13793.0935178677,877.957353018769,0.252035508712395,0.681642322046509,0.125473837418576,0.173833560348164,8.26800186316734,9.42192385313819,0.00143101572466627,0.00136551027355475,1.65521072463801e-07,0.000781284528143877,0.00224828032285675,6.87139853948999e-06,6.69257078332272e-06,2.24833295476479e-12,4.11592597793471e-06,9.80565813117077e-06,-3184.32096567415,0.0712178329108906,0.0561734780086118,0.9975,0.420201673635598
"linear",1600,"pg_apf",159,1490.741,331.851402310344,884.722248186915,98.7521328947276,175.046369264993,11529.7653272229,327.650559514472,13129.8663870889,774.275993832689,0.222608355381883,0.593478175073279,0.0662436552658896,0.117422388775108,7.73425117255305,8.80761070305903,0.00131284959956206,0.00125523653792669,1.43461308368575e-07,0.000625474749162007,0.00207564363464134,6.90388343263274e-06,6.70215373435535e-06,2.54997416444873e-12,4.1452614319534e-06,1.01005544197813e-05,-3203.56506476824,0.085721016276627,0.0709976625741834,0.985,0.414394145693358
"linear",1600,"pg_apf",15,1465.037,303.932619681277,768.875772171567,197.096118512542,220.493730767238,11707.03734215,302.876979016061,13199.6793141922,676.961921542392,0.207457299495697,0.524816623861081,0.13453320190039,0.150503864931219,7.99094995017191,9.00979245861516,0.00129544491814,0.00124766389000198,1.3412311331596e-07,0.000674523931975584,0.00204389380851912,6.84990340825969e-06,6.65066944481928e-06,2.60665705595932e-12,4.0030486684248e-06,1.01370680584194e-05,-3198.04910311246,0.0798688872333457,0.0622413225100423,0.995625,0.414313657623095
"linear",1600,"pg_apf",160,1473.018,325.573016331454,877.768204444407,138.79262719224,275.628130128233,11534.7811584086,322.702143624024,12986.396444031,761.218258259118,0.221024465642276,0.595897812819943,0.0942233069740085,0.1871179647012,7.83071297051946,8.81618313152383,0.00122520082861553,0.00119222128090648,1.02925019819998e-07,0.000683426881848313,0.00187973403430842,6.72227991182875e-06,6.49217993547672e-06,2.46750560740279e-12,3.9322048807212e-06,1.00952417686985e-05,-3176.05010587373,0.07301956181934,0.059446631176452,0.990625,0.409114017261519
"linear",1600,"pg_apf",161,1485.258,221.435609572557,568.758761241123,148.308139666315,309.464923232702,11794.0835038394,222.488923427191,13335.618845432,461.601878757811,0.149088986272121,0.382936002526917,0.0998534528454419,0.208357688181247,7.94076416611754,8.97865478282699,0.00131083610796454,0.0012663774191956,1.26165190136752e-07,0.00066975974532759,0.00200386006884025,6.94428360496223e-06,6.73112195318936e-06,2.41087151926382e-12,4.27513077991804e-06,1.01921113590088e-05,-3176.64038108884,0.0793552120440164,0.0634570305957248,0.996875,0.413356195485734
"linear",1600,"pg_apf",162,1473.367,265.875642267544,661.845634694417,196.103200732444,297.327075176346,11333.9324672626,266.290321512051,12704.0499723474,581.572854864809,0.18045445721775,0.449206229469247,0.133098678559004,0.201801095841257,7.69253856456851,8.62246132317842,0.00118506136765005,0.00113905362485817,9.86973560501783e-08,0.000650441093961152,0.00182722996857667,6.6889195500969e-06,6.47878078823092e-06,2.61401231956881e-12,3.85365915837656e-06,9.81596560955627e-06,-3188.92609977561,0.0801281735182754,0.0638271995935528,0.999375,0.410401772538048
"linear",1600,"pg_apf",163,1464.554,279.45954844677,928.542955745704,122.596401480041,243.273913817771,11909.6018969515,278.709405676477,13744.2045821681,802.302795759015,0.190815462213595,0.63401073346951,0.0837090346139789,0.166107848408301,8.13189673917896,9.38456662039646,0.00144815452311794,0.00137214289899687,2.00360872536542e-07,0.000758095087251383,0.00242487294996707,6.9088339202141e-06,6.62760578654008e-06,3.18128483293753e-12,3.8926248287878e-06,1.04810344074504e-05,-3208.14050777527,0.0892221484527887,0.072313551258137,0.9875,0.420735163967825
"linear",1600,"pg_apf",164,1464.522,351.002957296957,898.683936677793,133.402705119465,256.976972608316,11776.5164919826,352.648580163823,13167.5019118089,804.966026964118,0.23967066202963,0.613636351436027,0.091089587673975,0.175468154529816,8.04120149235219,8.9909894913213,0.00138339382113471,0.00132577240408504,1.41785970971417e-07,0.000751647707761419,0.0021435016793431,7.3050866711533e-06,7.03479042162444e-06,3.36189678034757e-12,4.04538712682879e-06,1.1016491273891e-05,-3196.18935834943,0.0814823806122702,0.0647684070074599,0.985625,0.418551308106504
"linear",1600,"pg_apf",165,1478.503,397.291968780294,1041.41378046599,173.574369058868,249.23160651411,12218.7932149055,397.74871010952,13997.2192053439,930.048895749182,0.268712318324883,0.704370420936576,0.117398726319032,0.168570240651598,8.26430058978949,9.46715644496084,0.0015428333049925,0.00147457564217474,2.15388473357537e-07,0.000763613638939956,0.00242113290184592,6.9643515989519e-06,6.7577606685229e-06,2.4763189595311e-12,4.19220911349435e-06,1.00374326340787e-05,-3231.90641111062,0.0786976402464937,0.0638872070880736,1,0.424579638255862
"linear",1600,"pg_apf",166,1462.298,339.403984125745,841.827758564834,170.017094930929,229.009004688232,11386.2195139622,340.975595969176,12983.54392348,742.025173221826,0.232103158265788,0.575688237667585,0.116267063848086,0.156608984412365,7.78652471244724,8.87886321630749,0.00125901706587938,0.00121950495085811,1.27530447684816e-07,0.000641705877828276,0.00197760098489051,6.99799285384929e-06,6.74638500054994e-06,2.80346834557195e-12,4.09888419854718e-06,1.0381406637088e-05,-3192.74614166045,0.0758149727691202,0.0621986023778932,0.995,0.412325714842927
"linear",1600,"pg_apf",167,1475.698,302.878725090526,838.538298818725,187.829067440868,229.853714089333,11901.7290618527,301.752995654797,13429.9616447126,718.085343846316,0.205244382719585,0.56823164280139,0.127281508439307,0.155759318023968,8.06515226140627,9.10075208119318,0.00143383129774113,0.00137868266228136,1.57731251313744e-07,0.000739582510239181,0.0022154924788764,7.34785849966753e-06,7.12603241579971e-06,3.24202057967284e-12,4.18840421673379e-06,1.08651147569673e-05,-3241.53730958447,0.0783181893121606,0.0605083576141925,0.99,0.423658791483832
"linear",1600,"pg_apf",168,1464.323,238.209936659922,649.631408903418,156.358177666052,243.32036311302,11594.7349033914,237.372064292993,12942.8589107793,547.477770421869,0.162675814461647,0.443639421700962,0.106778475559048,0.16616577292921,7.91815392054309,8.83880053156258,0.00127954979464963,0.00124060042937348,1.21824778817713e-07,0.000686877064839824,0.00201236804984187,7.08149382504257e-06,6.85606587731292e-06,2.94873339066203e-12,4.05984329910311e-06,1.04779697552766e-05,-3184.31254739747,0.0893263848531777,0.0693769033710595,0.9825,0.416229320297016
"linear",1600,"pg_apf",169,1466.604,324.998138294471,795.307875363765,140.111473519259,245.367977231281,12057.7396124582,325.630056610676,13928.9858320818,719.836151156513,0.221599108071757,0.542278539649261,0.0955346320610466,0.167303496534362,8.22153738327333,9.49744159437847,0.00160629053297804,0.0015350119324628,2.51207634226567e-07,0.000747658465253219,0.00260266130120915,7.15348187345806e-06,6.89313409631365e-06,3.2278543492012e-12,4.21046976525241e-06,1.05105181055778e-05,-3228.38593844746,0.0833857940886909,0.0655594229505495,0.99,0.429536411086829
"linear",1600,"pg_apf",16,1467.592,399.164011176016,1052.60792328631,210.801239638941,270.947501660179,11791.3490124243,399.528249536274,13302.8126700399,935.501010258486,0.271985682107845,0.7172347105233,0.143637495733788,0.184620454227182,8.03448711387384,9.06438074753737,0.00130845065350533,0.00125106891373021,1.3554842560698e-07,0.000689261087064493,0.00206363842969194,6.76455572936024e-06,6.56059626133373e-06,2.33819971283194e-12,4.19314566152074e-06,9.85944254831128e-06,-3197.81213817578,0.0816456380406216,0.0640867538337402,0.991875,0.414570469008854
"linear",1600,"pg_apf",170,1482.07,459.98425609228,1111.98165026949,97.3854223508149,185.244839960948,12474.4795303519,461.992275129575,14238.5742568248,1032.79358788924,0.310366079937034,0.750289561403639,0.0657090571638417,0.124990614452049,8.41693005752219,9.60722115475303,0.00171470830671417,0.00164299296447881,2.56216769059086e-07,0.000799420845464552,0.00270365221950817,7.31000271673129e-06,7.08442038301045e-06,3.24904449384841e-12,4.33960679532887e-06,1.1004332565412e-05,-3166.37601817926,0.0834942336127258,0.065913870303963,0.989375,0.436065765862462
"linear",1600,"pg_apf",171,1470.957,191.161014233553,563.215069397899,243.644294022181,293.858363438355,11548.1851994233,191.147896469307,12996.3652971031,496.434161731548,0.129956901686149,0.382890233635585,0.165636584905052,0.199773591912173,7.85079726968447,8.8353128589776,0.00121392473531509,0.001166051152678,1.09096036577867e-07,0.000664747800929836,0.00186691559433811,6.71540146152993e-06,6.4492463816177e-06,2.34938008361609e-12,4.0564811312973e-06,9.71786221060758e-06,-3210.89259358834,0.0812305018944442,0.0676543795965686,1,0.40835215722062
"linear",1600,"pg_apf",172,1481.198,330.563385541814,777.919674094054,172.496267926595,214.539488745186,11784.8729457193,328.79477442637,13321.4201517086,689.613745020025,0.223172989392245,0.52519627632096,0.1164572649481,0.1448418703949,7.95631167860021,8.99367954298382,0.00135072298361582,0.00130341539293904,1.34711555196419e-07,0.000699156922599351,0.00207460727971213,6.90972721494672e-06,6.71089418258407e-06,2.47293276659219e-12,4.17436675583316e-06,1.00071812699975e-05,-3178.37805851894,0.0795207021298668,0.0638188667058321,0.996875,0.418088254166288
"linear",1600,"pg_apf",173,1470.618,249.493615481458,608.142619354943,169.673822743054,273.480402960709,11847.7360072215,249.619967767022,13392.5553844178,545.121654912173,0.169652224766362,0.413528611342267,0.115375864257784,0.185962910123981,8.05629742545073,9.10675334071651,0.00145411004369506,0.00141390131514436,1.63807388071521e-07,0.000678408966793681,0.00224226768402816,7.4495242421045e-06,7.28320398147096e-06,3.10095439835302e-12,4.38605851278532e-06,1.10594302858744e-05,-3156.23486170487,0.0982219521794714,0.0749589272449954,0.98125,0.425626690272272
"linear",1600,"pg_apf",174,1469.708,346.045359638319,843.047321743466,165.069067169633,262.182770278608,11770.8318514488,346.195278454745,13420.3670731879,762.007419803903,0.235451776569441,0.57361552209246,0.112314192458389,0.178391061543251,8.00895950178459,9.13131524982368,0.00136236529859905,0.00129775982790902,1.57031148458631e-07,0.000680522868771806,0.00215009325615303,6.88038446444236e-06,6.6579693401488e-06,2.71369526453225e-12,3.98864027897122e-06,1.03323195226005e-05,-3187.33683448141,0.0639207939065066,0.0521772808445362,1,0.416845210018669
"linear",1600,"pg_apf",175,1471.865,352.554809130573,871.165900409116,189.578955635502,223.044636319949,11935.0688591169,352.650558353912,13285.1251150329,765.500307335534,0.2395293108611,0.591878942979904,0.12880186405377,0.151538786722933,8.10880675817202,9.02604866277335,0.00134132864891062,0.00128210091774472,1.47635726312109e-07,0.000686235440289484,0.00210233925108592,6.96635688210589e-06,6.74098736763081e-06,2.8998878541269e-12,3.95205652224051e-06,1.03293373726262e-05,-3214.22039589097,0.0909648105141388,0.0758063947996647,0.98625,0.413535628726817
"linear",1600,"pg_apf",176,1463.698,305.680451052389,887.833295779929,184.217059817355,214.944942578798,11796.7444910902,306.208919986272,13206.4054075814,756.98380599528,0.208841202934204,0.60656863354321,0.125857287375781,0.146850608922604,8.05954813840712,9.02262994660198,0.0013845071546146,0.0013272909885682,1.5215484251529e-07,0.000711348023851558,0.00215593332183941,7.30862641145035e-06,7.0487448241502e-06,3.0979308672954e-12,4.22911577781899e-06,1.09128207514916e-05,-3177.22808502226,0.0832280155580778,0.0680993202224758,1,0.420985238099173
"linear",1600,"pg_apf",177,1483.92,239.433227703301,599.507660283537,189.706501833726,183.205028329212,11563.7494844598,238.420436207624,12983.9197434643,522.09425910329,0.16135184356522,0.404002682276361,0.127841461691821,0.12346017866813,7.79270411104362,8.74974374862817,0.00122598031682708,0.0011792167007275,9.61338440625442e-08,0.000678272261511375,0.00180820397533049,6.89363249538652e-06,6.64129987831266e-06,2.8970886709496e-12,4.08403986322046e-06,1.03541932830128e-05,-3188.84468186311,0.0778798116402425,0.0596361469469824,1,0.41163911523589
"linear",1600,"pg_apf",178,1470.819,291.099507017741,732.449944780405,166.283013127285,230.392565225422,11966.3696809607,290.216293152027,13497.8937411319,660.845774416871,0.197916607697984,0.497987818202243,0.113054708381714,0.156642364033523,8.13585470473304,9.17712766909587,0.00143184940629227,0.00137615504050201,1.76410041877754e-07,0.000741611216736921,0.00226393065159416,7.08783459466034e-06,6.80762983382193e-06,3.22829086607088e-12,4.09804397010105e-06,1.05830216490832e-05,-3191.16685793202,0.0734303873223606,0.0607429748979091,1,0.422208683933248
"linear",1600,"pg_apf",179,1464.38,252.247019634408,741.74479192211,174.176519657834,279.380730747119,11600.8916815305,251.431091449032,12982.234898779,635.465363803169,0.172255165759166,0.506524803617989,0.118942159588245,0.190784311959409,7.92205007001635,8.86534567446905,0.00130080312137068,0.0012479255754433,1.1955869477306e-07,0.000703335774688627,0.00200665752720458,7.03844280095624e-06,6.83828132499847e-06,2.74345970843743e-12,4.05861151495324e-06,1.02760362614523e-05,-3220.34553899737,0.094577310301656,0.0746973186317967,0.963125,0.41645184904797
"linear",1600,"pg_apf",17,1471.72,351.793591943863,876.022104960593,208.183254759543,302.552284000487,11788.1843952612,352.710181012473,13221.3034141336,770.526631696556,0.239035680661989,0.595236937026468,0.141455748892142,0.205577340798852,8.00980104589269,8.98357256416548,0.00127730328585268,0.00122507467233041,1.1866674429381e-07,0.000679838644986495,0.00195888557484043,6.82117407580629e-06,6.64708424207411e-06,2.22057218044317e-12,4.10451662362227e-06,9.73171431861229e-06,-3215.59536655121,0.0709326263435403,0.0562772678513092,0.999375,0.411760281565148
"linear",1600,"pg_apf",180,1464.342,302.175204962162,736.08810801916,146.693925499845,299.8804327273,11704.9641044473,301.368892470037,13245.6027435409,638.707569510344,0.206355622499499,0.502674995335216,0.100177366694286,0.204788521211097,7.99332676686682,9.04542978589764,0.00125083201060865,0.00119552480841637,1.12903316335504e-07,0.00065153270909029,0.00195637263740835,6.55054937068708e-06,6.35233512841205e-06,2.01661295257868e-12,4.0319753974907e-06,9.39620630417349e-06,-3192.03245615507,0.0699585692177587,0.053973022858758,0.993125,0.408207581577
"linear",1600,"pg_apf",181,1463.434,342.286196446807,908.438837182439,170.045659653964,229.48033748235,11894.8400570292,340.739578713182,13509.5958283229,780.793241315314,0.233892472394933,0.620758324039512,0.116196329765445,0.156809488834037,8.12803314466468,9.23143498669763,0.00134078119505851,0.00127958998910386,1.38398968109928e-07,0.000705337715032115,0.0020599860041955,6.62502909069439e-06,6.37607260349618e-06,2.57107149588909e-12,3.76770307830431e-06,9.76770692483515e-06,-3208.7865609961,0.0763295252788579,0.0608103384033066,1,0.415181513798368
"linear",1600,"pg_apf",182,1462.589,303.572107739733,820.446392467348,180.19223106348,245.389279178387,11700.7536893183,303.747216754799,13147.2864635074,704.565283647217,0.207558041076292,0.560954849562897,0.123200865768497,0.16777733127925,8.00002850378217,8.98905055590288,0.00130483564126463,0.00127196300322847,1.17696996858814e-07,0.00070077689526167,0.00198272958788845,6.77435416503472e-06,6.56523343607387e-06,2.44211511051066e-12,4.01465072215599e-06,9.71657772095752e-06,-3176.82646500126,0.0787672845111411,0.0636928273515911,0.99375,0.414905693435037
"linear",1600,"pg_apf",183,1475.935,339.572844198259,1010.59285789588,166.675637433748,219.145733855582,11791.8211162979,335.924064503188,13294.4276418105,837.4743554336,0.230073034515923,0.684713661438937,0.112928846753921,0.148479258135068,7.98939053298274,9.00746146802567,0.00129833304973302,0.00124520926334496,1.28833054749268e-07,0.000699669498359208,0.00202014590440972,6.78668306748359e-06,6.57781403977477e-06,2.5330877960812e-12,4.0780433114564e-06,1.00613486479383e-05,-3190.57708994391,0.0733838966850295,0.0583862192690548,1,0.414180133624302
"linear",1600,"pg_apf",184,1464.22,280.551251091323,742.33008769238,177.210427368532,258.91422919983,11799.8914664158,282.052781985456,13334.0512460681,666.075002089299,0.191604575194522,0.506979885326235,0.121027186740061,0.176827409268983,8.05882412917168,9.10659002476955,0.00131706707332542,0.00126952383204836,1.27269075501911e-07,0.000697851068854747,0.00202115638150928,6.71691336777102e-06,6.49290131918995e-06,2.4835700881394e-12,4.09293404146303e-06,9.92754380209133e-06,-3189.00349045588,0.0984322343343051,0.0815008960646294,0.99125,0.416505431346286
"linear",1600,"pg_apf",185,1475.504,353.681028328904,969.698586132647,149.822812448306,216.411997732308,11895.7501069144,353.858171135767,13555.327879392,867.79908887392,0.239701843118625,0.657198208973101,0.10154009236729,0.146669882109644,8.06216052746341,9.18691367789717,0.00141709619924508,0.00135730351448365,1.59066530030216e-07,0.000730240524435601,0.00224053568552651,7.20531368036537e-06,6.92722757423437e-06,3.25341341257578e-12,4.15867538573277e-06,1.07865270614998e-05,-3199.80237006336,0.0909459518161902,0.0738482252861096,0.985,0.420181338256735
"linear",1600,"pg_apf",186,1472.785,315.721839015001,815.627490090387,204.19414522468,285.338999081664,11905.3054028105,314.90777462183,13557.576686652,743.777726903498,0.214370623692529,0.5537994276764,0.138644910984753,0.193741108907046,8.08353249307302,9.20540111873217,0.00145487093578162,0.00137988814140962,1.87137645800899e-07,0.000792109796687262,0.00237146542775712,7.18658695500913e-06,6.97782029139179e-06,2.87403878523768e-12,4.20536376922936e-06,1.05605059757848e-05,-3188.98409077054,0.0879408742843876,0.0662401070346053,0.97375,0.42600247022452
"linear",1600,"pg_apf",187,1476.027,364.536657215414,975.196275474008,172.259135638828,156.98029152204,12048.0314243962,367.485509837457,13628.1990281695,831.099715115094,0.246971537251971,0.660689997861833,0.116704596622439,0.106353265571728,8.16247360271605,9.23302827669789,0.00143649229050123,0.00138878176733774,1.57641098482031e-07,0.000755826494546264,0.00223258065687114,6.92805418908213e-06,6.67717895571838e-06,2.62348425575113e-12,4.05726085840767e-06,1.01713394333896e-05,-3181.27404066983,0.0721058916910448,0.0588270808217868,1,0.421872344543034
"linear",1600,"pg_apf",188,1463.798,405.063480668838,1169.03964871793,107.318330915766,283.717883645927,11922.402536145,404.52927251427,13403.7742540767,1000.95902298671,0.276720886808725,0.798634544327786,0.0733149867097553,0.193823111963486,8.14484138941643,9.15684695161265,0.00135859258781269,0.00131206749632895,1.38832910377739e-07,0.00069184384388197,0.00207564344617403,6.93606531358472e-06,6.72845764346193e-06,2.8012754563209e-12,3.83282991102176e-06,1.00609799808099e-05,-3194.39050933171,0.0828235171622291,0.0690137035830785,1,0.415562878381282
"linear",1600,"pg_apf",189,1474.952,462.971302548442,1254.77377188718,128.607666492818,131.6185511188,12061.3732342099,463.826017216276,13626.382720647,1130.70472837722,0.313889063880345,0.85072176714034,0.0871944758153604,0.0892358199580729,8.17746830690755,9.238526216885,0.00146571982819077,0.00139496534052191,1.75499281365965e-07,0.000731199691621723,0.00231438984184874,7.06039219524055e-06,6.84641259008052e-06,2.49178711839457e-12,4.31822782839839e-06,1.02976430343466e-05,-3204.97209897984,0.0725160766663818,0.0564908190048291,1,0.423762708586123
"linear",1600,"pg_apf",18,1463.771,314.838930162959,918.719857839909,190.357793933809,143.134484901755,11728.8821629759,313.746630361824,13371.3328098958,751.240443935217,0.215087558206139,0.627639062284954,0.130046157447995,0.0977847524658943,8.01278489803113,9.13485293115916,0.00138118527189819,0.00131036664976749,1.63343071049462e-07,0.000717614292793126,0.00221582077070907,6.94225606348616e-06,6.77561395138179e-06,2.53105817399612e-12,4.02770594604025e-06,1.01178505854832e-05,-3185.86484337076,0.0788040554133117,0.0641421922631958,0.99375,0.419295072706975
"linear",1600,"pg_apf",190,1463.285,238.200689563419,679.594308801106,167.869426825874,285.692341347106,11680.7692626816,238.183043638313,13021.2415553203,574.878769685957,0.162784891229951,0.464430585156758,0.114720937360715,0.19524039496551,7.98256611848107,8.89863666703366,0.00126619885861135,0.00122996615403188,1.22585328226833e-07,0.000624044794187042,0.00194031252965236,6.829960842942e-06,6.6425757105065e-06,2.36513153730358e-12,4.05421654796426e-06,9.9460878082837e-06,-3170.82790944289,0.0874897693022957,0.0655401429620471,0.990625,0.415073008025304
"linear",1600,"pg_apf",191,1467.394,378.874430579031,1026.32357199803,147.143692747699,226.905155087541,11809.9477080246,377.579201254881,13462.1257054957,898.454211988531,0.258195433931876,0.699419223465566,0.100275517514518,0.154631377181276,8.04824587535766,9.17417251637642,0.00156009703336428,0.00151751320707688,1.98952523151274e-07,0.000773633831603508,0.00241383477838178,7.62536620058546e-06,7.40681354669999e-06,3.48949269542984e-12,4.30034297191034e-06,1.13923827598091e-05,-3187.87910216877,0.0906673130235693,0.067929405508441,0.988125,0.431632540955881
"linear",1600,"pg_apf",192,1464.096,311.140371629057,722.08066661363,212.607674641691,200.550740863322,11576.922486405,309.185628627491,13027.088254275,625.366321477134,0.212513640928639,0.493192158583611,0.145214299227435,0.136979228727708,7.90721543287124,8.89770087089579,0.00128045329563728,0.00124029638447135,1.09170094807894e-07,0.000715215162178072,0.00196591204936516,7.06701845308438e-06,6.81638068623157e-06,3.29926918839188e-12,3.89988750289497e-06,1.0484015906361e-05,-3233.52201470259,0.0900433332047408,0.0734407591540744,0.979375,0.413450766673699
"linear",1600,"pg_apf",193,1464.335,317.390863039835,795.908679801354,168.330523402268,271.384373408361,11762.7282703049,317.960108617134,13250.1104733728,680.489332079133,0.216747440332872,0.543529096689865,0.114953561447529,0.185329431727276,8.03281234847553,9.04855137203768,0.00131221901085888,0.00126434164515702,1.22976483257309e-07,0.000708107015356147,0.00201118899406903,6.87055868428372e-06,6.67139218554e-06,2.45404884328895e-12,4.03167681316034e-06,1.00379210524923e-05,-3194.26020233872,0.0758620491302669,0.0625493898666,0.995,0.413850232670307
"linear",1600,"pg_apf",194,1462.405,353.87940758992,953.778463919789,150.774262238892,225.150185546883,11964.6843261258,355.51185293942,13557.119909078,807.723339329128,0.241984544356673,0.652198579681955,0.103100209749619,0.153958845563905,8.1815121844672,9.27042776048905,0.00149390470631896,0.00144820335683386,1.67812584172089e-07,0.00076484065014697,0.00232537836697133,7.34729791091652e-06,7.0808117497727e-06,3.60298091145263e-12,3.96609590354106e-06,1.07907459404002e-05,-3165.02300925946,0.0791903591283274,0.0606160716921519,0.993125,0.426681343825714
"linear",1600,"pg_apf",195,1465.742,326.251052022245,1024.83665150231,97.0074199485304,238.332116311945,11917.4021227134,320.330601592518,13563.7684335313,853.333739830352,0.222584228344582,0.699193071838232,0.066183148158769,0.162601683182951,8.13062743833048,9.25385806883562,0.00148739260168063,0.00142194952237096,1.87817478091585e-07,0.000770406075835671,0.00238311369910772,7.40304333538334e-06,7.16601313744488e-06,3.10472658592836e-12,4.32729872211544e-06,1.09720672925538e-05,-3164.52414284728,0.0924880588531851,0.074635890417153,0.98375,0.426579461418269
"linear",1600,"pg_apf",196,1477.526,360.270560251412,1035.41860494268,198.333793304614,257.382278240043,11475.8170384137,358.488843260517,12911.0047320293,861.054666703651,0.243833651828402,0.700778602165157,0.134233707768672,0.174198138130932,7.76691377235576,8.73825890849253,0.00119418243724774,0.00115840593767485,9.30501273307074e-08,0.000649785369678754,0.00183136655284217,6.89824506547014e-06,6.67102342359226e-06,2.6900457857733e-12,4.10220346663881e-06,1.03701237049235e-05,-3228.59397261375,0.0878567500095935,0.0717728591549188,0.98875,0.406361092979002
"linear",1600,"pg_apf",197,1479.121,262.783741055122,617.493296689291,254.794213997319,223.659038399179,11461.8376037135,263.816648444872,12695.2397027046,523.758304530354,0.177662098675579,0.417473145665088,0.172260561507354,0.151210778833631,7.74908719686457,8.58296224764882,0.0011662379794146,0.0011355955552769,8.14226544262357e-08,0.000660875099894513,0.00171458413525468,6.58941157973322e-06,6.33773377473357e-06,2.66253872842114e-12,3.83806744234316e-06,9.76062704989059e-06,-3188.78592212477,0.0738577195824108,0.0581863999315512,0.995625,0.407655987605152
"linear",1600,"pg_apf",198,1473.663,287.746681631068,751.884542833913,183.697428085906,248.948090083664,11759.0797492379,289.695772374413,13230.8907158567,656.243077581942,0.195259487162986,0.510214711799043,0.1246536203229,0.168931492535039,7.97949039179097,8.97823363676548,0.00127085214380286,0.00120973162362041,1.27460262370746e-07,0.00067576181451839,0.00200047547346882,6.59974681147253e-06,6.38042726983828e-06,2.16817318813632e-12,3.99160848619759e-06,9.59457114391408e-06,-3188.06401315962,0.0831409894429083,0.0648871816798753,0.98875,0.409763435849192
"linear",1600,"pg_apf",199,1462.807,238.988873661154,564.481790156217,157.385779566961,291.524135722794,11502.7880200638,238.956018452762,12892.0785807797,478.013358030798,0.163376900480483,0.385889451004963,0.107591623205906,0.199290908317224,7.86350353810431,8.81324643700756,0.00120412663151935,0.00116656261911586,1.0483868774882e-07,0.000621667797412571,0.00186311407106375,6.76807272739589e-06,6.519495586269e-06,2.36913792012367e-12,4.18757228009018e-06,9.92119140686442e-06,-3164.30359793692,0.0857587209475639,0.0699406195903721,0.99,0.411350867563415
"linear",1600,"pg_apf",19,1465.226,355.09696167025,876.74997570131,73.4580942009784,211.94557969453,11597.3347127628,355.403664212046,13266.0491341501,776.714315503571,0.242349618195589,0.598371838679705,0.0501343097931503,0.144650435969967,7.91504840397512,9.05392692605106,0.00138862020970396,0.00133355420437858,1.77273081354646e-07,0.000648521691868999,0.00219595797899136,7.14984561898019e-06,6.90084916905989e-06,2.85583206389245e-12,4.3582184415456e-06,1.07462418328251e-05,-3188.81963966016,0.0876671916478463,0.068332957461406,0.9925,0.419825651521546
"linear",1600,"pg_apf",1,1465.58,289.162575899266,775.103291470316,144.066294459483,214.334928603466,11757.3292824591,289.112298404498,13224.0145490305,693.312740086376,0.197302484954261,0.528871362511986,0.0982998502022974,0.146245806167842,8.02230467286608,9.0230588224665,0.00131470121261276,0.00124649419245299,1.50198474600725e-07,0.000681962606660309,0.00213441710582945,6.79916192219093e-06,6.60957277539144e-06,2.55545469456839e-12,3.94131763859334e-06,9.89902615555303e-06,-3243.57556069119,0.0774410654914947,0.060264209787451,0.986875,0.412749330220515
"linear",1600,"pg_apf",200,1465.753,329.790473768941,832.925696516979,191.62938684964,301.9006857074,11666.6924927067,332.604483006809,13156.8400148419,724.218175102071,0.224997304299524,0.568257882819942,0.130737843858849,0.205969686371032,7.9595214832968,8.9761644798557,0.00133894020660491,0.00129315299272442,1.43359438260882e-07,0.000702003413225723,0.00211524904407356,7.1287376210724e-06,6.91611473593016e-06,2.76208008352219e-12,4.22568475231939e-06,1.03923195165165e-05,-3192.62471316374,0.0900187182570409,0.0715797001785456,0.98875,0.419044594774462
"linear",1600,"pg_apf",20,1462.971,286.40341321763,752.951782670035,235.006274383587,277.793368573771,11743.0819099374,286.722939649751,13125.1771191278,665.696938932036,0.1957683462062,0.514673074633765,0.160636317728504,0.18988303156643,8.02687265156822,8.97159076914568,0.00127517777620749,0.00123248044935423,1.15489792661553e-07,0.00069853509600737,0.00195651198444292,6.76329656825327e-06,6.55426385618651e-06,2.34655210074567e-12,4.09847005260822e-06,9.78703210018416e-06,-3166.57485049793,0.0721174644939123,0.0558727232881938,0.995625,0.411220074306459
"linear",1600,"pg_apf",21,1492.23,254.874106986909,652.769694424526,144.859969140082,193.484605584225,11734.1589812497,254.13924672848,13081.4876866571,580.39999916375,0.170800819569978,0.437445765347517,0.0970761673067033,0.129661383020195,7.86350561324305,8.766401752181,0.00135318454040406,0.00129582693793461,1.46208808888001e-07,0.000684300708887999,0.00213821121259292,7.0267896985863e-06,6.784596392103e-06,2.76621347599498e-12,4.16120455810804e-06,1.04254557077665e-05,-3229.46403302007,0.0895171721316551,0.073496754044111,0.989375,0.416676586838331
"linear",1600,"pg_apf",22,1478.15,310.266974646813,769.007935107478,171.453710044574,286.95577082844,11929.2896959796,310.492305721175,13472.0577806625,672.733066625955,0.209902225516228,0.520250268989939,0.115992091495839,0.19413169896725,8.07041889928597,9.11413441170552,0.00137960508669605,0.00131199245002521,1.66099537634606e-07,0.00069483610258569,0.00217597791935761,6.9897261749636e-06,6.7705542895403e-06,2.72560837900813e-12,4.01369495717843e-06,1.01642523435006e-05,-3225.56434681385,0.0918537776627953,0.0742583948740403,0.971875,0.415285073766366
"linear",1600,"pg_apf",23,1470.251,409.321538046149,1024.43312056252,161.866570065618,277.728041773973,11942.6425116748,406.848041531064,13920.6751684599,889.911766592588,0.278402489130189,0.696774306266425,0.11009451451869,0.188898386584313,8.12285964211202,9.46823036914096,0.00156711897595204,0.00149504429853779,2.47994602310523e-07,0.000728323904450634,0.00250575099077243,7.19937447602572e-06,6.98423941830547e-06,2.7339771277168e-12,4.23877684389584e-06,1.03171416616706e-05,-3194.0555569668,0.0855037433930908,0.0687129266000489,0.98375,0.429490132984009
"linear",1600,"pg_apf",24,1484.322,313.177451901922,822.311555028193,168.878147679658,264.372135272753,11815.1713147165,313.94068134281,13312.4685466334,723.116258741172,0.210990237901157,0.553998091403478,0.113774603946892,0.17810969268983,7.9599785725176,8.96872009350628,0.00134409417964572,0.00130397426322014,1.23261246676914e-07,0.000726898844259731,0.00200951561045584,7.0351242601164e-06,6.81867175374534e-06,2.58717206188779e-12,4.29402785517571e-06,1.04217819964649e-05,-3191.59893013748,0.0825390627026354,0.0655251757468749,0.999375,0.416476892352621
"linear",1600,"pg_apf",25,1470.254,385.228444575478,1121.35392834955,176.117990340002,240.54770196906,11865.9324816598,386.454176760212,13510.2188788289,982.252193108751,0.262014893056219,0.762694016373732,0.11978745872482,0.16360962253397,8.07066838904014,9.18903732200623,0.00139515741417521,0.00136440834585054,1.3659798972534e-07,0.000718878727258697,0.00210772507863888,7.04497147295159e-06,6.77170812951702e-06,2.95200619479511e-12,4.15534489826472e-06,1.06707829743601e-05,-3218.16600262715,0.0774151368750176,0.0590522990214363,0.9925,0.421126940931903
"linear",1600,"pg_apf",26,1470.083,383.544265007222,1026.76336576125,154.550524610154,263.022812382983,11902.9577893739,382.723137931708,13474.7437458434,904.632614333125,0.260899734917839,0.698439044435758,0.10513047536102,0.178916981138468,8.09679303098796,9.16597480947908,0.00137007714185928,0.00131639027629439,1.64478441901268e-07,0.000670783888078199,0.00218253903036115,6.75503772857596e-06,6.59398060440046e-06,2.26803696108183e-12,4.00952810012991e-06,9.69690416821009e-06,-3241.75934473633,0.0845549064945362,0.0655139812991452,0.985,0.4166709432956
"linear",1600,"pg_apf",27,1468.832,389.144439526049,1026.55436718949,129.456046326934,259.938281948432,12094.0806042884,389.397154232998,13696.010771594,910.345624647122,0.264934614391605,0.698891614009968,0.0881353662821438,0.176969375632088,8.23380795372676,9.32442292351608,0.00148994276013568,0.00141224906039429,2.18745828155869e-07,0.000739596067692275,0.00250460721527584,7.0219932680132e-06,6.81498891037181e-06,2.72947144811191e-12,4.2082550761922e-06,1.02603199342193e-05,-3250.39699565287,0.0818018927088341,0.0653295671235536,0.9975,0.423192272855684
"linear",1600,"pg_apf",28,1464.013,265.949686715147,816.367069509722,190.124565891161,247.103100414299,11996.4099926914,269.640758159522,13488.7643067176,741.623150167987,0.181658008989775,0.557622828150926,0.129865353580304,0.168784772002912,8.1941963580183,9.21355500717384,0.00140060163012337,0.00135418661334042,1.47323526023001e-07,0.000729149713834299,0.00215924308779046,6.88438717585978e-06,6.62562778053635e-06,2.90553963418591e-12,3.92970901522225e-06,1.04376528595106e-05,-3224.95042671629,0.0975439401695933,0.078474271100899,0.97875,0.418048262288125
"linear",1600,"pg_apf",29,1468.993,289.766475600054,729.017711937433,217.008422036089,229.729561515452,11295.6132903286,288.904194885296,12623.8789013661,625.42578150977,0.197255177934853,0.496270378373099,0.147725974212327,0.156385742828899,7.68935814556542,8.59355960264353,0.00112660750903121,0.00108065678835032,8.7028904483016e-08,0.000629550997022362,0.0017305896240487,6.67855900958443e-06,6.54396567837349e-06,2.16415692501293e-12,4.08947887418085e-06,9.67415635533812e-06,-3197.26670901443,0.0711350489496551,0.0561240738153329,0.99125,0.401080959768696
"linear",1600,"pg_apf",2,1464.523,230.124793246536,521.236834099638,175.357543172907,260.841435427172,11836.915159212,230.945987477619,13429.915521054,465.172486335773,0.157132932187843,0.355908943799201,0.119736967717753,0.178106752456037,8.08243718890863,9.17016361030449,0.00137533682737602,0.0013103040419317,1.53633292285213e-07,0.000738614405505465,0.00215771958116795,7.01868506702652e-06,6.78993894971864e-06,2.9177951488495e-12,4.12403583244596e-06,1.03564547320569e-05,-3210.11771653981,0.0976278414504431,0.0821497545850879,0.998125,0.420167022138135
"linear",1600,"pg_apf",30,1467.003,287.430063057894,786.621858796812,166.477423726141,261.412477988638,11995.895816965,287.383968518747,13573.7956798585,647.769454108042,0.195930112656821,0.536210122812845,0.113481311030817,0.178194917112397,8.17714470724671,9.2527388695582,0.00138116230242878,0.00133982439848074,1.42284306235972e-07,0.000710945454455152,0.00209891458770426,6.8631624439887e-06,6.59978508569112e-06,2.49608426191065e-12,4.19650298509481e-06,1.01574445558343e-05,-3210.86566904996,0.0871776428665641,0.0705665616069565,0.996875,0.415446173879161
"linear",1600,"pg_apf",31,1471.126,335.380542081492,784.763674429286,136.444056462495,278.683991620312,12016.0416077596,336.158817528235,13655.9976409504,726.084858590908,0.227975402570203,0.533444228726354,0.0927480422903915,0.189435841403328,8.16792144776148,9.28268390399625,0.00146003663156182,0.00140112313628388,1.83015232927195e-07,0.000681819576077299,0.00232334791300421,7.15785812035314e-06,6.9028073647313e-06,2.96410432652242e-12,4.26098488958174e-06,1.07166302193903e-05,-3193.53598753484,0.0926045872496328,0.0726661995503079,0.956875,0.425216607156742
"linear",1600,"pg_apf",32,1472.852,357.688496861576,1177.74051787666,113.360385264764,198.626116320055,12310.7432876595,353.068000748682,14301.2703236035,943.241189675216,0.242854337612724,0.79963262967132,0.0769665827012923,0.134858163834557,8.35843878927382,9.70991676258273,0.00170826482170806,0.00162069048064278,2.77021348626065e-07,0.000807505462999526,0.00277138184902971,7.20722665811366e-06,6.97511359240983e-06,2.80411267959595e-12,4.20390109273104e-06,1.04822899784851e-05,-3200.23789237905,0.0938393643697473,0.0794182245208393,0.983125,0.434679151560838
"linear",1600,"pg_apf",33,1469.536,288.378254378314,738.32511477159,177.298941528622,234.965489806589,11473.3498183295,287.743081894525,12875.3652458257,660.308768362687,0.196237624922638,0.502420570010935,0.120649607446583,0.159890938232605,7.80746427330087,8.76151740809729,0.00118963815625509,0.00113396071267418,1.09284298178565e-07,0.000644015454969494,0.00185980783193707,6.57024895519992e-06,6.35336577826809e-06,2.43154090708263e-12,3.95564864232926e-06,9.78404137605139e-06,-3207.15955077837,0.0966562867830166,0.0747010060152538,0.989375,0.409606792480111
"linear",1600,"pg_apf",34,1464.328,368.140017787615,981.879100979074,149.76007621092,234.085489935581,11564.8039839855,367.104300838913,13090.306799344,872.017018285835,0.251405434976054,0.670532217494355,0.102272220575527,0.159858645013672,7.89768684610655,8.93946356236032,0.00125191418356521,0.00120058660351254,1.32829914675541e-07,0.000652274734336015,0.00198021903542427,6.67085020156243e-06,6.40265260398859e-06,2.74960836924669e-12,3.84240868017087e-06,9.87731259331329e-06,-3214.352849622,0.0859245862281321,0.0633976220075522,0.9725,0.413116265771942
"linear",1600,"pg_apf",35,1476.094,304.137320789233,739.388634614217,175.447500037311,271.331566532272,12019.5317579784,305.015517034106,13649.5170047934,664.977282216269,0.20604197347136,0.500908908656371,0.118859300313741,0.183817268095577,8.14279562004753,9.24705134279622,0.00146202042110642,0.00139762676464797,1.88247204135827e-07,0.000735133012511692,0.00229941194307994,7.22774021790056e-06,6.9960017133843e-06,2.86919773660114e-12,4.32519521860949e-06,1.05643084451914e-05,-3217.50577627201,0.0827816362181864,0.0643358090045608,0.9825,0.422478494312363
"linear",1600,"pg_apf",36,1473.915,358.476880236371,985.80309677241,216.028765958401,255.592655107319,11634.6956730033,359.781109723283,13116.8836162306,865.489185808814,0.243214079669703,0.668833071630596,0.146567994734026,0.173410715751803,7.89373584840601,8.89934875228941,0.00124284646739994,0.00119763421466225,1.11001840953133e-07,0.000679348290818888,0.00189834832279607,6.71772453350812e-06,6.56884921295472e-06,2.04617162791419e-12,4.09134408554331e-06,9.49407991247308e-06,-3216.73681889517,0.0926008668758073,0.0733140728472503,0.9925,0.409744600730405
"linear",1600,"pg_apf",37,1476.77,228.240286577153,573.681397032617,190.304726189808,244.776477459641,11487.1027057121,227.844165413186,12875.6388433588,499.461470616344,0.154553712884981,0.388470375910004,0.128865514731345,0.165751252706678,7.77853200275745,8.71878413250456,0.00123314496200531,0.00118598376444333,1.13899802593278e-07,0.000676134446355678,0.00194200855778924,6.96903654501831e-06,6.76031174859911e-06,2.5925297270183e-12,4.09784652164825e-06,1.01795184324515e-05,-3158.29890717873,0.0916741508725076,0.0725883540021324,0.98375,0.411570553678462
"linear",1600,"pg_apf",38,1465.011,244.959884449893,726.149377151741,159.193645134127,242.693287531936,11877.6373839516,244.805607263,13509.5117433953,612.630757860589,0.167206856774381,0.495661382168285,0.10866378828154,0.165659703259522,8.10754143412684,9.22144048296929,0.00139015561609193,0.00132234088854864,1.70734407820491e-07,0.000703422217310694,0.00229227000490268,6.84982754405819e-06,6.5686412258734e-06,2.86278555512154e-12,4.0333531173954e-06,1.0216286900397e-05,-3190.34645704372,0.0841266506460871,0.0640400933249915,0.98875,0.421669911913391
"linear",1600,"pg_apf",39,1463.782,330.710196691756,879.380378897425,195.722476260438,226.833894214387,11601.9348305203,330.378199403013,13078.090697687,771.824075899635,0.225928585466795,0.600759115016734,0.133710126412566,0.1549642598518,7.92599911087874,8.93445246470242,0.00122688382505103,0.00118448901687169,1.06078743216598e-07,0.000642093305186079,0.00184105766593162,6.75508103026353e-06,6.54945059721418e-06,2.44434816079927e-12,4.10745925935015e-06,9.92320431317944e-06,-3225.71367618848,0.0679548156799762,0.0524736998026582,0.986875,0.407247754515916
"linear",1600,"pg_apf",3,1465.639,334.921487370686,894.111164313763,156.318650661494,152.054747135446,11998.163021893,336.291445078238,13436.9628967416,803.960349737931,0.228515676350511,0.610048698426941,0.106655629838926,0.103746384433988,8.1863016894972,9.16798945493505,0.00138448388150294,0.00132389298994468,1.53706247626585e-07,0.000712008019994151,0.00217567510571884,6.83737167876401e-06,6.61429851669304e-06,2.76486047574845e-12,3.96494302277723e-06,1.01993421879214e-05,-3179.47659150452,0.0799718228641253,0.0657343547203446,0.995,0.417040555622309
"linear",1600,"pg_apf",40,1493.439,194.824015413265,469.968866933097,171.947605022533,243.86350054199,11801.3541231028,194.139019985811,13368.2207832726,407.484249614057,0.130453279587091,0.314689027762833,0.115135338652957,0.163289897037636,7.90213334666015,8.95130017581742,0.00133151401294014,0.0012856046813485,1.34021706626415e-07,0.000671518508500981,0.00206637608594232,6.81327097648724e-06,6.67479401000875e-06,2.1689678886857e-12,4.12008722799779e-06,9.64805810189015e-06,-3186.86216148009,0.091005662100275,0.0706799013268831,0.99375,0.416374969676067
"linear",1600,"pg_apf",41,1472.66,352.471298735027,866.749072323325,128.180769918431,236.28404039127,11825.0846886937,353.12653585815,13193.3340534083,750.058432437553,0.239343296303985,0.588560205562265,0.0870403011682473,0.16044710957809,8.02974528315682,8.95884593416563,0.00151542759868988,0.0014546311521355,1.6882402003658e-07,0.000785444112594862,0.00236031762812171,8.04971698209617e-06,7.6981532812057e-06,4.27205773671261e-12,4.54691395455544e-06,1.22351530667827e-05,-3122.64675256025,0.105517426413976,0.0847434406593355,0.96,0.430396387052072
"linear",1600,"pg_apf",42,1486.534,304.87190408424,813.345683925888,96.4067195124188,266.764191984908,11612.4988605494,304.528610708612,13165.32112891,692.989125653525,0.205089089172693,0.547142335073324,0.0648533565410672,0.179453811338932,7.81179499463138,8.85638749528099,0.00137385760370996,0.00131924796852213,1.6221379058537e-07,0.000701046172591947,0.00215431441844717,7.20975541097472e-06,6.88027456758565e-06,3.26832286004323e-12,4.31657289659356e-06,1.08427190712106e-05,-3172.46689268846,0.0881170361132028,0.0683390455107947,0.985,0.421607524323317
"linear",1600,"pg_apf",43,1467.178,283.644622207961,743.177628261769,192.869839271326,189.045594309062,11694.6424994286,282.131005771045,13320.3975822396,675.425992730169,0.193326659892638,0.506535422601599,0.131456332681738,0.128849801666234,7.97084096096628,9.07892401756268,0.00130597546396316,0.00125394007005167,1.26354842440961e-07,0.000695674248698689,0.00199221035519711,6.83333540256188e-06,6.61750379316844e-06,2.61477646799334e-12,4.05005830718144e-06,1.02660317145767e-05,-3174.62348338316,0.0860768366522504,0.0684132634849177,0.9825,0.415774448877755
"linear",1600,"pg_apf",44,1469.679,270.804871158316,761.760316501693,198.394433915479,260.057659771011,12049.0737277518,271.826649873627,13569.110207788,645.249843066467,0.18426123742553,0.518317480553028,0.134991677717025,0.176948612432382,8.1984390657768,9.2327033371151,0.00143305592700662,0.00138387334712147,1.55378566114071e-07,0.000751022400794903,0.00219140347724894,7.05547777898696e-06,6.78755655412835e-06,2.72434951729489e-12,4.28295345339756e-06,1.04272773487702e-05,-3188.69739834739,0.0832676601257073,0.0670460709590301,0.986875,0.421153094857245
"linear",1600,"pg_apf",45,1482.502,321.334427270299,849.744703783285,189.730528451645,295.905699212416,11373.3543151109,320.100998019262,12757.98738698,731.215387107365,0.216751429185458,0.573182838055723,0.127979947717875,0.199598853298286,7.67172949183938,8.605713440508,0.00123734038423487,0.00119210140388961,1.10833778642973e-07,0.000671614011468937,0.00190929019620158,7.21624391856408e-06,6.95601745626472e-06,2.93454744755372e-12,4.2708732124171e-06,1.06918818549667e-05,-3199.58324455832,0.0936822823776444,0.0723910818443751,0.978125,0.410404542164575
"linear",1600,"pg_apf",46,1485.792,427.058896829453,1240.20820282648,167.928571496044,179.291502463472,11778.5641085938,424.390358234963,13216.1793925592,1079.77102057888,0.287428453531486,0.834711859282104,0.113022934230393,0.120670660808156,7.92746502107547,8.89504008135677,0.00135217706048581,0.00130451801443549,1.43288949103866e-07,0.000668802622261065,0.00209188917278746,7.20999792348252e-06,6.9848472070463e-06,2.73421301791571e-12,4.31625514237162e-06,1.04998819803856e-05,-3213.7372356089,0.0841820382422088,0.0666140934157134,0.985,0.415063064573327
"linear",1600,"pg_apf",47,1463.667,368.494884979918,1101.13321541914,112.572009239277,190.046069416141,11881.2318833204,369.61216752921,13449.7870420231,950.133867111304,0.251761421812419,0.752311294453687,0.0769109430213819,0.129842422775222,8.11744193407407,9.18910315121071,0.0014188764398897,0.00133691034717138,1.93254566310341e-07,0.000697937478349096,0.002333766856324,6.80350354639301e-06,6.57606052487489e-06,2.5360403889562e-12,4.10596594836292e-06,1.01051370219771e-05,-3192.91171456495,0.0861842156837187,0.0698855442168172,0.999375,0.420265582105462
"linear",1600,"pg_apf",48,1468.839,432.1611011114,1129.91093728927,153.469941640254,241.528252521945,12377.5127051734,433.732499862713,14156.6122605566,1004.18198989775,0.294219516986817,0.769254450140055,0.104483841755464,0.164434803625139,8.42673206877906,9.63796049843216,0.00170015846604222,0.00162745871316465,2.21145822430235e-07,0.000875458299255172,0.00266635578950705,7.46285173305979e-06,7.18186507556265e-06,3.59627763473864e-12,4.12519333440933e-06,1.12663011674516e-05,-3228.08734363781,0.0941015500998584,0.0740300154891584,0.975625,0.434759236983685
"linear",1600,"pg_apf",49,1464.689,294.120558655214,828.031068432107,226.642169508045,222.286277626567,11700.6643342283,294.369673502793,13188.105782824,699.172313152073,0.200807515216687,0.565328932238931,0.15473740125586,0.151763464890203,7.98849744500594,9.00403142429827,0.00125519192031035,0.00120814444749482,1.15420783955826e-07,0.000667528564671828,0.00192585881578375,6.69835970867788e-06,6.49608852990784e-06,2.30973546279767e-12,4.06768286845934e-06,9.8343332334745e-06,-3186.02160396274,0.0778873245344706,0.064201612958809,0.99625,0.411694999510234
"linear",1600,"pg_apf",4,1468.724,282.104676543586,843.521732573906,164.368242913983,251.873955122325,11660.6182054376,280.532979154575,13170.256832007,732.599134119762,0.192074669266374,0.574322835722645,0.111912274133181,0.17149168606377,7.93928485231913,8.96714211247787,0.00132260692954911,0.00125555221933917,1.63339985296837e-07,0.000670537414531309,0.00210964449922747,6.97085724467614e-06,6.77686056011517e-06,2.79002927590495e-12,4.02480335984683e-06,1.02040518044676e-05,-3197.80481921804,0.0930816423581502,0.0725018299970487,0.97125,0.417385019020908
"linear",1600,"pg_apf",50,1469.948,321.128687189662,794.534446442157,163.292970043139,231.534743106708,11710.7855844003,322.097450539871,13157.2329515242,693.2057836506,0.218462617173983,0.540518743820977,0.111087582719348,0.157512199823877,7.96680262458284,8.95081523395671,0.00128966864409964,0.00124044554494827,1.10388306159705e-07,0.000706334080448853,0.00196979605381823,7.04058776556423e-06,6.7844304945618e-06,2.71976792499655e-12,4.23046932762484e-06,1.02621489659478e-05,-3170.14530240809,0.0809747078576058,0.0647243405939871,0.97375,0.413135910753414
"linear",1600,"pg_apf",51,1463.767,284.372286468943,880.821129062349,206.42748732791,180.395048022162,11796.9720916401,287.46584113939,13336.5819247805,766.293919244073,0.194274284410663,0.601749546930864,0.141024826579579,0.123240275277528,8.05932371179302,9.11113717195459,0.00131405078511671,0.00126780409913578,1.20750837672202e-07,0.000719277661492637,0.00201766451883537,6.80214899863808e-06,6.59074299626748e-06,2.34070321806527e-12,4.12510051089721e-06,9.98685154379364e-06,-3173.04555977811,0.0800213524531211,0.0650908079314382,0.995625,0.416410006136374
"linear",1600,"pg_apf",52,1470.53,350.012434793564,840.859209830033,165.386233360443,252.756059941369,11642.4844276456,350.604242908265,13123.8797610447,764.853184252777,0.238017881167718,0.571806906237909,0.11246709238196,0.17188092724485,7.91720293203512,8.92459165133982,0.00131534702212111,0.00127040228384288,1.35215240056752e-07,0.000675063106643075,0.00203819127598738,6.978380343796e-06,6.77504351608087e-06,2.50187598189173e-12,4.27813787632315e-06,1.02844705921465e-05,-3147.0776962058,0.0934999558718198,0.0769828247450918,0.984375,0.419192893270685
"linear",1600,"pg_apf",53,1467.185,225.021035028411,715.833613447441,162.614859278022,219.315137452192,12388.4610254762,225.657628403977,14129.9517824912,589.128913386194,0.153369230893453,0.487895945942359,0.110834597735134,0.149480220593989,8.4436938937327,9.63065447267471,0.00165853863051864,0.0015933481475138,2.40516406590684e-07,0.000823557759311579,0.00263968878062762,7.33108504359213e-06,7.13241652601412e-06,2.91104611891549e-12,4.31220266214363e-06,1.07604883503635e-05,-3205.9353834194,0.0898452802979256,0.0713592753481818,0.9875,0.434488335058894
"linear",1600,"pg_apf",54,1476.281,269.783089006496,715.481575147328,187.202742124515,277.75713541136,11570.8986191077,271.215017757416,12889.8639966655,615.308783602898,0.182745079701287,0.484651346963978,0.126806984662483,0.188146521841953,7.83787003904248,8.73130792624542,0.00122415835915005,0.00117962504305241,1.03145463730249e-07,0.000653322855072343,0.00187601283950302,6.92342943790382e-06,6.76500729297354e-06,2.56839481104248e-12,4.05653686509653e-06,9.9855056301522e-06,-3186.18853591949,0.0749556546138135,0.0597841901089322,1,0.40992635719467
"linear",1600,"pg_apf",55,1468.454,278.76883142011,705.438870593951,159.821255311351,172.400225227263,11529.0102929581,280.018052624149,13004.3028803217,632.779996292167,0.189838313913892,0.480395620560093,0.108836405710598,0.117402537108594,7.85112117434944,8.85577817236472,0.00125926765428178,0.00121087565521274,1.23632886961757e-07,0.00062661364600256,0.00192329174279293,6.58193015733556e-06,6.36284343696915e-06,2.9866912082285e-12,3.80227844508353e-06,9.52124172924226e-06,-3212.53496209669,0.0800066478851882,0.0622214141008414,1,0.412911623727209
"linear",1600,"pg_apf",56,1469.263,316.457878882217,780.084060855487,113.491217745395,274.385762590993,11969.6676061201,318.172681369167,13583.2179159028,683.73976232029,0.215385454395991,0.530935619324441,0.0772436369427357,0.186750610742252,8.14671546627126,9.24491933432122,0.00146140913731803,0.00141295266330229,1.74473094350115e-07,0.000740146431529132,0.00231076529520709,7.06293387702616e-06,6.81238585961714e-06,2.97910184357409e-12,4.17164662002776e-06,1.05237660791396e-05,-3187.66459751272,0.0844689913066826,0.0687579945959796,1,0.426702286901911
"linear",1600,"pg_apf",57,1477.461,244.413724074197,679.933491414437,178.603505436047,297.64153529227,11605.7683036024,243.828141016599,12943.0683323727,596.127972820603,0.16542820695382,0.460204019878993,0.120885428066153,0.201454749257185,7.85521127366637,8.76034516807732,0.00121475763086685,0.00118980501635946,8.76031614844952e-08,0.000665009584903024,0.00176381552377881,6.70674048828117e-06,6.4606449267885e-06,2.59292501838235e-12,3.96284819857531e-06,1.00742654215877e-05,-3201.18729476924,0.0815823473622551,0.0672600112404025,0.995625,0.409231783670096
"linear",1600,"pg_apf",58,1464.749,271.617020178681,844.064505347055,158.850130843099,205.986334619175,12218.5301421333,271.759129217525,14281.283257064,714.852937239252,0.185435880262544,0.576251975831392,0.108448704073598,0.140629100698601,8.34172280857217,9.74998669196158,0.00166991731063896,0.00158414297110156,2.82752729509082e-07,0.000793073421730952,0.0027712825251272,7.06490094619671e-06,6.79595800774702e-06,3.12542703855331e-12,3.89109070480893e-06,1.04569392959954e-05,-3215.56963489607,0.078671243906718,0.0631399062034583,1,0.433185831294903
"linear",1600,"pg_apf",59,1464.103,323.143136009332,851.431105616021,169.515672757104,239.931416738308,11838.4789129042,323.090492845592,13458.9279402053,773.713426367182,0.220710657658192,0.581537709857859,0.115781248147913,0.163876050208426,8.08582382038983,9.19261004192008,0.00133500312658128,0.00127676722012322,1.43349010206524e-07,0.000688975764324428,0.00207035025888526,6.8060445330614e-06,6.56795340601106e-06,2.61772033685953e-12,4.05996201458223e-06,9.91782203333689e-06,-3223.81746804811,0.0729472834782394,0.0592172746115219,1,0.415554501603476
"linear",1600,"pg_apf",5,1465.511,299.575008381994,786.09901337117,162.56671182328,133.629055308369,11926.7921306951,299.421807246359,13533.6035666168,690.817922754434,0.204416758647321,0.536399258259522,0.110928346374254,0.0911825672467618,8.13831634883335,9.23473352749781,0.00144766289472864,0.00138160838080456,1.68086658207437e-07,0.000781872711706481,0.00231750306892912,7.24307598293878e-06,6.95887073000707e-06,3.08934471174455e-12,4.26616917721124e-06,1.08702303274227e-05,-3199.47648063983,0.100616801504012,0.0792421390797055,0.975625,0.423063457494707
"linear",1600,"pg_apf",60,1471.344,305.825458812586,797.243460391845,123.837833926695,284.533405490053,11667.4284775719,304.655227416095,13257.1373578298,701.150882883,0.207854491412332,0.541847087011498,0.0841664722367408,0.193383332171167,7.92977609421858,9.01022286958715,0.00130686912012435,0.00124760494996354,1.42586023019518e-07,0.000691599642204081,0.00202675321002599,6.85607962766763e-06,6.62669147350018e-06,2.6012721677569e-12,4.15037766990147e-06,1.02170688397226e-05,-3187.91071794718,0.0708345654149936,0.0584510981661583,1,0.415322799480757
"linear",1600,"pg_apf",61,1472.113,310.65439804931,828.557667682927,172.170401417849,216.177700127248,11709.7474696145,308.808348060319,13122.3535558517,720.325754634126,0.211026190278403,0.562835643515768,0.116954609746568,0.146848577607322,7.95438085908791,8.91395806969419,0.00124602383939763,0.00118999694950697,1.24242860617953e-07,0.000653155690461087,0.00196332854511799,6.56531708633102e-06,6.28011898425845e-06,2.60038012521976e-12,3.92410119590849e-06,9.74923475737204e-06,-3185.42891815352,0.091768197792954,0.0735247723222026,0.970625,0.409732926509876
"linear",1600,"pg_apf",62,1477.193,364.689424006944,1013.33631696222,148.820952819148,203.078028202966,12112.0177918383,363.550080748577,13642.3780417484,887.584652120974,0.246880010944368,0.685987759867684,0.100745774464913,0.137475623160254,8.19934686384129,9.23533894470689,0.00151192982331943,0.00146058042556309,1.96427253404776e-07,0.000759505117255822,0.00238517475243648,7.0516846536507e-06,6.79469568092349e-06,2.90584936248638e-12,4.11547074365288e-06,1.05460470361635e-05,-3230.8782800008,0.0940008897155528,0.0763526322533734,0.98375,0.423104984259973
"linear",1600,"pg_apf",63,1469.6,334.422155063042,850.48483116031,173.951045805892,215.951818772029,11495.9285990634,336.862953435238,12869.6835585772,747.737575196426,0.227559985753295,0.578718584077511,0.118366253270204,0.146945984466541,7.82248815940622,8.75726970507433,0.00130620818656273,0.00125331513420373,1.35851302554092e-07,0.000663034235393648,0.00205136288965083,7.28201065884084e-06,6.98157207472441e-06,3.44352968277689e-12,4.19299675092458e-06,1.10143947890456e-05,-3177.50644929736,0.0894014946025377,0.070365401379423,0.976875,0.414747097452338
"linear",1600,"pg_apf",64,1472.65,327.591026098793,815.357115394877,138.395038119071,241.76361779377,11571.874528517,327.102427264522,13137.1582375857,729.699608634772,0.222450022815192,0.553666597898263,0.0939768703487394,0.164169095028534,7.85785796252812,8.92076069506382,0.00138202620016128,0.00131376031162965,1.72806523487736e-07,0.000711506195350408,0.00223077923943763,7.37445506681089e-06,7.10415043215774e-06,3.34199868435362e-12,4.25441161319935e-06,1.12817347102886e-05,-3185.51575445337,0.083211887246583,0.0666602829914709,0.99125,0.420117151313907
"linear",1600,"pg_apf",65,1469.06,29.9627929755989,127.851462310319,154.702740827368,263.17581240482,11673.7328696289,29.7760081072046,12923.6711846047,89.8512888459431,0.0203958946371141,0.0870294353602434,0.105307299107843,0.179145720668196,7.94639624632686,8.79723849577602,0.0013211676425433,0.00126302907022141,1.32888452191973e-07,0.000708270794914373,0.00206366170838326,7.23650999829772e-06,6.97449799869933e-06,2.87864248132017e-12,4.41551347329425e-06,1.0801409158217e-05,-3202.36695643819,0.0929052483991396,0.0733861716143177,0.985,0.416174713164385
"linear",1600,"pg_apf",66,1468.167,310.521996952031,757.189156246234,203.495512771127,214.249509765326,11617.4974700075,312.015097491933,13165.4848184128,676.461653439831,0.211503185231674,0.515737757520932,0.138605153753713,0.145929931516868,7.91292643820999,8.96729378770451,0.00127941401416954,0.00122676232421922,1.41528245528858e-07,0.000617987466828289,0.00204832986142438,6.77533504145207e-06,6.55425361084097e-06,2.27342664134158e-12,4.16268742776271e-06,9.90455426559644e-06,-3213.53956896825,0.0731453106338159,0.059552689363392,0.991875,0.41239824186761
"linear",1600,"pg_apf",67,1485.555,359.0015636009,899.213362831128,168.119378101031,190.427221258826,11868.0841006331,358.565962799094,13388.1655025621,803.528875090171,0.241661576717725,0.605304659087767,0.113169406788056,0.128185911163724,7.98899004118532,9.01223145730859,0.00143310972137032,0.00138564353925474,1.57878115584888e-07,0.000705713934106327,0.00222312171789641,7.14223501357639e-06,6.83965851955843e-06,3.42384963390865e-12,4.05971463278371e-06,1.09365774743463e-05,-3173.14811401313,0.0858726840283615,0.0680972517424826,0.995625,0.422059015328129
"linear",1600,"pg_apf",68,1475.533,370.911521268717,1215.84366350906,139.540962540268,209.964566240694,12155.7841829621,370.564878282872,14146.7022590753,1046.32208315287,0.251374602444484,0.824003030436501,0.0945698690170045,0.142297438444748,8.23823268131725,9.58752007516966,0.00171450432143582,0.00162566798745924,2.71127641743651e-07,0.000829132645756247,0.00278332069948958,7.60964407233729e-06,7.34667953076743e-06,3.53975649649981e-12,4.37620433665303e-06,1.13937872271075e-05,-3167.77568196138,0.103559947968884,0.0811600219194227,0.98625,0.439788539660439
"linear",1600,"pg_apf",69,1464.843,317.37307927854,765.462905199954,91.8667005284305,178.626211883757,11504.7127039266,316.936854412706,12949.4089976609,690.921516154618,0.216660133050805,0.522556277498649,0.0627143663371641,0.121942223080397,7.85388789373781,8.84013440188534,0.00125177081932996,0.00118601376720203,1.48834141719082e-07,0.000655869372938585,0.00200233938000927,6.88909065651718e-06,6.65815527337535e-06,2.98801738990769e-12,3.93083758058829e-06,1.03500165896246e-05,-3212.02664577663,0.0831590708376251,0.0663550208280979,0.988125,0.410987003662436
"linear",1600,"pg_apf",6,1471.57,353.254067982214,882.658635857186,206.754206567015,175.244109775614,12115.4701977734,352.917212421026,13952.646347694,801.601103396603,0.240052507174116,0.599807440935318,0.140499063290917,0.119086492505021,8.23302336808537,9.48146968726872,0.00146382206085163,0.00141442191172677,1.69077823111349e-07,0.00077814986071343,0.00230303460190665,6.88684953427096e-06,6.69893294301846e-06,2.60322393871853e-12,4.0058414926471e-06,1.00576083122842e-05,-3189.88106260874,0.0704641130758694,0.0562608136309414,1,0.421110703211413
"linear",1600,"pg_apf",70,1464.268,274.542635206608,632.938954993552,101.038798385558,220.951119412828,11660.1047972085,276.803315291575,13204.9884059733,559.439272775271,0.187494799590381,0.432256222900147,0.0690029409818135,0.150895272868647,7.96309473211772,9.01814996023491,0.00134567626220296,0.00129635259722533,1.39924239104677e-07,0.000660512512967355,0.00208778786312133,7.07744664281464e-06,6.82601664444131e-06,2.66741617860205e-12,4.26621737970158e-06,1.05198108346966e-05,-3200.10886687295,0.102100912561858,0.0823658137130537,0.966875,0.42021669210933
"linear",1600,"pg_apf",71,1467.253,373.882142558196,1117.53177478185,198.426417312929,189.535680940517,12226.7597445775,374.764167960564,13808.4366537338,929.085989331425,0.254817773457063,0.761648996309326,0.135236675142548,0.129177231834262,8.33309575415929,9.41108087953054,0.00162516348849172,0.00155730390941696,2.16908228310321e-07,0.000854469688666055,0.00255556701779754,7.59207230862221e-06,7.23095233742924e-06,4.07950861107824e-12,4.36711296789631e-06,1.18020141781913e-05,-3200.6425971487,0.100826788572165,0.0816710554757709,0.984375,0.433496451521168
"linear",1600,"pg_apf",72,1477.987,281.223758026571,834.120137474486,131.681935644179,268.947363990231,12023.7883763726,273.857844466866,13694.5005961317,752.883680711815,0.19027485223251,0.564362296471137,0.0890954627098741,0.181968693899358,8.13524636980745,9.26564347056617,0.0015677194624174,0.001502896504468,2.06156925916785e-07,0.000768261479619313,0.00242188136772408,7.49601623927256e-06,7.20600955417339e-06,3.6630728785211e-12,4.26211873928992e-06,1.15071485691588e-05,-3192.01265602589,0.100005118415995,0.0824274812004758,0.979375,0.431711976152188
"linear",1600,"pg_apf",73,1463.631,332.580224870597,836.835948293839,145.243812296658,278.851449106148,11420.3688114977,334.130968860911,12773.597572957,753.437649657455,0.227229557771458,0.571753364265883,0.0992352664685691,0.190520321792957,7.80276504904425,8.72733467175604,0.00118987221579527,0.00115922646256085,1.03155325550791e-07,0.000615053113002536,0.00182203809499576,6.75341134656989e-06,6.48661891916597e-06,2.61257959304826e-12,3.83805981227168e-06,1.00157021685322e-05,-3161.06311319097,0.0645617573692485,0.0497058803275153,1,0.407830235094021
"linear",1600,"pg_apf",74,1471.183,328.875364049004,841.896821313943,177.411218301893,182.48734738929,11678.9917606323,330.736392588335,13248.3524954092,746.108400487616,0.223544837079414,0.572258394308487,0.120590856679212,0.124041228990065,7.93850374877384,9.0052376185758,0.00132708374030899,0.00126420624908875,1.4644001552024e-07,0.000692100912741297,0.00209498195269746,7.00539767364395e-06,6.74231555148918e-06,2.98631485987238e-12,4.08079994181921e-06,1.0587169103974e-05,-3174.98692770187,0.0774125313663341,0.0630071042278546,1,0.416889037002228
"linear",1600,"pg_apf",75,1463.894,310.125585314587,721.200237208445,158.595384389991,204.526694646181,11699.5126444164,309.767771145821,13292.5898964363,644.302394013589,0.211849755046873,0.492658783496923,0.108338024740856,0.13971414231234,7.99204904481909,9.08029536048126,0.00131782672399224,0.00127801284162075,1.21407965745138e-07,0.000704092254475751,0.00204232500757328,6.8156664502153e-06,6.5974408182639e-06,2.37962198214926e-12,4.14037970114263e-06,9.8032058705009e-06,-3211.72955057885,0.0678009737050416,0.0545364565893027,0.994375,0.414134874030248
"linear",1600,"pg_apf",76,1465.933,331.356267773499,792.51849773033,195.009199504728,312.583330574251,11861.7902222291,332.64124232155,13387.520774757,730.952828193653,0.226037798298762,0.540623956026865,0.133027361758503,0.213231662411755,8.09163189738485,9.13242336092921,0.00134627885730833,0.00130892098389798,1.30194380416163e-07,0.000683489411777182,0.00206266696000229,6.98751128455542e-06,6.73892368042131e-06,2.43628533241798e-12,4.39342397187798e-06,1.02364514073049e-05,-3245.40461035387,0.0821425747621222,0.0633416031689192,0.98125,0.417369277997658
"linear",1600,"pg_apf",77,1468.869,315.322979785908,1011.51468408437,195.17778624426,191.450818125244,11704.1361108666,312.829285665757,13105.7308729569,754.240675641976,0.214670593351693,0.688635054647056,0.132876237597948,0.130338932964916,7.96812793439485,8.92232790872224,0.00132210347946284,0.00127184572759261,1.3061014616419e-07,0.00067451462663977,0.00205193386821187,7.13417003653118e-06,6.86694130375776e-06,3.26572213839647e-12,4.25613275395769e-06,1.09060575103878e-05,-3190.40776824367,0.0857245049071042,0.0675514515327891,0.96625,0.416123550567361
"linear",1600,"pg_apf",78,1469.45,199.881245232398,528.903704508303,170.194267504354,197.962637079913,12055.8500284497,201.758487597949,13530.9047024725,450.810212413385,0.136024529744053,0.359933107290689,0.115821747935863,0.134718865616328,8.2043281693489,9.20814229982135,0.00146168969988281,0.00139254717516039,1.82725238526137e-07,0.00070993568464235,0.00232122972452813,7.04042752287128e-06,6.74510655139537e-06,3.05966253247194e-12,4.07300445812433e-06,1.05790341916313e-05,-3183.56293142889,0.0994881247699705,0.0777322127559818,0.973125,0.423271529266178
"linear",1600,"pg_apf",79,1464.385,294.015318806908,767.100970535328,181.928020253107,119.14517718091,11728.0599895905,295.000045913816,13141.0240283076,702.434527330942,0.200777335746343,0.523838314743273,0.124235102280552,0.0813619213396137,8.00886378212732,8.97374940900627,0.00125815546194588,0.00120697074362582,1.11869589046652e-07,0.000697160129422163,0.00192364451536393,6.76363376665627e-06,6.56281214939063e-06,2.66638256330657e-12,3.93194990236682e-06,1.00199314230798e-05,-3224.34874273981,0.0858836068744401,0.0612333904415443,0.975625,0.411217886748819
"linear",1600,"pg_apf",7,1473.996,260.371794396114,704.916478600854,101.027909423248,204.626904821899,11845.066653475,260.385627467696,13642.3854428428,609.143537495045,0.176643487768022,0.478235001045358,0.0685401516851116,0.138824599810243,8.03602360757761,9.25537480620216,0.00143447817947461,0.00135090330515396,1.89183155123016e-07,0.000718705360050093,0.00232599077309926,6.85067974091131e-06,6.63776613643631e-06,2.58412436447272e-12,4.18130005128634e-06,1.0143542935355e-05,-3220.60793954853,0.0727179257995568,0.0585663957297638,0.999375,0.422606414031177
"linear",1600,"pg_apf",80,1480.753,367.191183915661,1156.52129218818,185.72736135025,246.240356747078,12479.3705169989,369.490129914971,14603.4521186754,974.243702928475,0.247975985134361,0.781035927118286,0.125427644820068,0.166294011727194,8.42771921920733,9.86217966039942,0.00173099494812071,0.00164664862231504,2.80535870060374e-07,0.000828238370222604,0.00281623023247068,7.23159247715599e-06,7.02747350359142e-06,2.98304281650517e-12,4.17420239303148e-06,1.06843485445226e-05,-3227.73432158214,0.085811232232384,0.0671512658745989,0.9725,0.433654155164593
"linear",1600,"pg_apf",81,1475.983,326.442029508488,857.210457800898,244.150046197576,229.91641320584,11188.9598533041,325.863275693227,12664.9193883587,737.761914837324,0.221169234000994,0.58077258193414,0.16541521562076,0.15577172176498,7.58068341796895,8.58066752012636,0.00109443547135129,0.00105534357793835,7.28137381432916e-08,0.000609052012858759,0.00165744969292993,6.60758980941815e-06,6.39919570742387e-06,2.22172564522714e-12,4.03348575207159e-06,9.48801154002426e-06,-3184.94953241911,0.077087141649142,0.0598686120854549,0.995625,0.397586065109839
"linear",1600,"pg_apf",82,1483.424,383.793641694713,1077.20678924336,161.898031513991,248.654378506791,12060.5786240147,385.011245799612,13738.6004956042,980.343812634138,0.258721472549125,0.726162438549842,0.1091380694353,0.167621919631064,8.13023021335415,9.26141177141816,0.00147835264787491,0.00142122761147384,1.70844842218069e-07,0.000766376365550905,0.00234954128655531,6.95376840602758e-06,6.7758452112683e-06,2.39769739812112e-12,4.22795163205974e-06,1.00408003034726e-05,-3189.2019306374,0.0759521704768094,0.0626918084694349,1,0.423160763570868
"linear",1600,"pg_apf",83,1464.002,272.039184045506,699.733652814223,187.557794845127,195.867392942821,11789.3308152197,273.031074356502,13311.8245874926,661.127697621593,0.185818860934279,0.47795949241478,0.128113072827173,0.133789020057911,8.05281059398805,9.09276393576828,0.00132007546863185,0.0012679496366283,1.37188425967388e-07,0.000671249936861306,0.00205276657967414,6.92477546644659e-06,6.75506769001616e-06,2.47343848202478e-12,4.1927843229967e-06,1.01336747260403e-05,-3187.47112951014,0.0719232306378341,0.0586267351396838,1,0.414774876507544
"linear",1600,"pg_apf",84,1467.164,355.118020321917,965.184438385772,110.983695399639,234.988114430877,11894.824035392,356.907655809865,13482.937230175,833.113451204969,0.242043848078277,0.657857225494745,0.0756450508597808,0.160164858482676,8.10735816540753,9.18979557171182,0.00136114971105368,0.00131117468522819,1.39538672255698e-07,0.000691942892490275,0.00212645972267796,6.83168302444062e-06,6.54898059742852e-06,2.63729981291181e-12,3.96524780242844e-06,1.00864953701951e-05,-3214.34309269872,0.0764170342454734,0.0616569925181062,1,0.419596946541141
"linear",1600,"pg_apf",85,1463.065,276.635960262804,668.983102551223,166.932313689779,275.000582840553,11571.2925021969,277.446221852474,13146.5178801736,570.87092529077,0.189079747149173,0.457247697505731,0.114097674190674,0.1879619721889,7.9089394539524,8.98560069455124,0.00127812289179023,0.00122445827428238,1.34331270548836e-07,0.000677370988562692,0.00198589790681667,6.78937253436433e-06,6.58725499118327e-06,2.54283282933856e-12,3.94136586548068e-06,9.72921548612749e-06,-3178.31730915205,0.0679229698735904,0.0560257265137031,1,0.41436565547685
"linear",1600,"pg_apf",86,1463.968,282.823384037384,756.460340156885,138.80114898965,264.067429678836,11619.3121708271,282.604536379522,13193.1446475441,680.09932063313,0.193189594333608,0.516719177029064,0.0948116003831028,0.180377870061939,7.93686212460049,9.01190780641659,0.00132833538930638,0.00127681029611585,1.36500612777608e-07,0.000684471138226185,0.00203109274736421,6.81343077077543e-06,6.64460542086538e-06,2.49607241302471e-12,4.03774193914428e-06,9.93805226075293e-06,-3196.04440078785,0.100714089311111,0.0799892620081021,0.975625,0.420584258962094
"linear",1600,"pg_apf",87,1479.959,330.638287583064,891.074576554085,158.657806501445,206.451197575017,11717.0198347522,330.309060608884,13134.3007291534,775.989796567956,0.223410437439865,0.602094096224345,0.107204190454901,0.139497916884871,7.91712461950111,8.8747733749066,0.00126355990101304,0.001211525224296,1.24275214411345e-07,0.000645848159832892,0.00191410242326567,6.97169092698894e-06,6.79718690473469e-06,2.57827941465996e-12,4.04826023715372e-06,1.011793239216e-05,-3243.07261598062,0.0896022223153411,0.0704348454590889,0.98125,0.407476850655299
"linear",1600,"pg_apf",88,1466.735,259.722662477111,617.732761571285,145.161943680721,237.714156289541,11734.6269717571,260.520888388207,13244.9208762848,550.700418607816,0.177075383404031,0.42116180603264,0.0989694414333338,0.162070282831964,8.00050927519769,9.03020714463405,0.00129098519134617,0.00123780613443258,1.4063645623593e-07,0.000661829158162913,0.00204636936885223,6.6855435154111e-06,6.48127513500257e-06,2.31345584279982e-12,4.12851546578779e-06,9.91393641386483e-06,-3180.01309631377,0.0822763447150907,0.0671291792267591,1,0.415133563313219
"linear",1600,"pg_apf",89,1471.982,308.211675378055,854.829792894728,187.352636413759,203.931801591174,11715.5839552261,305.611981425487,13231.9444016651,776.693828952302,0.20938549206312,0.580733862842567,0.127279162662151,0.138542320212594,7.9590538167084,8.9892025864889,0.00131863172147202,0.00126290190948481,1.42511447236664e-07,0.000665843077899572,0.00204361189220296,6.92175249265528e-06,6.75217722818344e-06,2.56821734784913e-12,3.95851337399772e-06,9.94682160331236e-06,-3190.85603594051,0.0862578249780141,0.0700345302942351,1,0.416821749091597
"linear",1600,"pg_apf",8,1471.377,332.016988290116,956.633971848982,149.67447228176,177.369821426489,11503.9131203596,329.611861879164,13172.4302152073,863.766584746595,0.225650522123233,0.650162379763298,0.101724080423821,0.120546822076524,7.81846740866522,8.95245080982463,0.00131813530757555,0.00125051852392598,1.68020668241678e-07,0.00063067880349763,0.00213736871029289,7.04245647220107e-06,6.80652180959017e-06,2.72157912855153e-12,4.13985308538115e-06,1.0295586531249e-05,-3175.92256991768,0.0793207459819049,0.0615321525056334,0.98625,0.415963465044634
"linear",1600,"pg_apf",90,1474.138,230.125976786215,613.532573640203,205.506671945906,229.091792713495,11697.309144314,230.466584718691,13155.0522377742,550.319727594537,0.156108842446376,0.416197515863646,0.139408028248309,0.155407290710568,7.93501635824735,8.92389466778157,0.00130107284692609,0.00125802101768596,1.13423121376869e-07,0.000680610450807821,0.00195723294480924,6.8991247146785e-06,6.67312864162875e-06,2.47667341571134e-12,4.29135716173434e-06,1.01044403242501e-05,-3168.82301203536,0.0848719078303017,0.0641471260709004,0.98125,0.415331505158227
"linear",1600,"pg_apf",91,1477.677,256.731204072329,593.109814475281,201.139695242397,208.274011332498,11806.003419525,256.439711071246,13289.7988514586,514.35999889098,0.173739730720806,0.40137987833287,0.136118850900702,0.140946912845296,7.98956972296722,8.99371029762159,0.00138493284546496,0.00134045458432468,1.31125393142493e-07,0.000762379306361272,0.00214312337261201,7.08246326756037e-06,6.84356582832252e-06,2.71239474508670e-12,4.22548910970515e-06,1.04060877326817e-05,-3171.91577423285,0.0984155106203404,0.0767751726689538,0.975625,0.421405181970373
"linear",1600,"pg_apf",92,1478.619,388.489834033587,1058.30513235484,131.084737421234,270.512112764527,11579.1484134954,390.198152239156,13162.0184091622,969.235743318754,0.262738294336531,0.715738897143107,0.0886534918198903,0.182949165920719,7.8310561500261,8.90156180135802,0.00130954834468331,0.00124672753466647,1.43145219555483e-07,0.000682636355947072,0.00211323342421021,6.99034478549089e-06,6.75977282777841e-06,2.94704090923529e-12,4.04276175830492e-06,1.03936336599085e-05,-3209.04719959485,0.0915014542195704,0.075062076395404,0.9925,0.415642556397545
"linear",1600,"pg_apf",93,1463.656,277.527670205152,718.360051715256,163.963588562102,277.686609371591,11653.7258111582,277.658001144369,13197.6716697306,635.601987297494,0.189612634529665,0.490798419652743,0.112023309139649,0.189721225049869,7.96206609419028,9.01692178334976,0.00127829279204605,0.0012309170854534,1.35218286191292e-07,0.000626486792021329,0.00201089620552279,6.66389554105062e-06,6.41699368504056e-06,2.50371052074211e-12,3.98396412565672e-06,9.8990328915624e-06,-3201.96149989714,0.0781326892816527,0.063434202813058,0.998125,0.413635579288674
"linear",1600,"pg_apf",94,1473.284,277.742659938022,799.209182949661,236.178107283261,226.35728132624,11577.6326189198,276.772425129242,12888.7719540988,662.723409241936,0.188519430020296,0.542467835766669,0.160307250525534,0.153641308346687,7.85838481848701,8.74832819340928,0.00121349279472652,0.00116536422297401,1.07690925426736e-07,0.000641520594364683,0.00187682625625013,6.61867524495859e-06,6.42543828287353e-06,2.57220818936464e-12,3.87771135445543e-06,9.85796422514282e-06,-3197.16946318731,0.064652286643936,0.0499976966318828,0.99125,0.408952487551019
"linear",1600,"pg_apf",95,1465.12,286.987655319251,779.94960177531,132.648426872481,217.39831220694,12126.5240469378,286.050229377299,14085.0697676603,686.466267095107,0.195879965681481,0.532345201604859,0.0905375852302072,0.148382598153694,8.2768128528297,9.6135946322897,0.00157780257635779,0.00152487043901585,2.1724118042571e-07,0.000743174871346909,0.00250012689141793,7.2211709269619e-06,6.98275598735759e-06,3.22960372576057e-12,4.08658658882963e-06,1.06640571588853e-05,-3189.62958876106,0.0809969534473534,0.064030426386375,0.993125,0.429213067880592
"linear",1600,"pg_apf",96,1465.243,359.614251289619,919.315134152563,199.238161217242,283.289037777039,12050.1391815148,359.077139167923,13642.0233902273,836.712166689278,0.245429769184783,0.627414793418268,0.135976190445709,0.193339287597374,8.22398686191628,9.31041703678316,0.00145317821624476,0.00139074113159841,1.73104241228497e-07,0.000760527503397243,0.00234582701982585,6.92427562687441e-06,6.79173546855683e-06,2.27553137371969e-12,4.19602056960143e-06,9.90570972461168e-06,-3195.89543357655,0.0807663685462948,0.0637700751928559,0.990625,0.42237423369119
"linear",1600,"pg_apf",97,1467.823,327.862167237019,986.846993223204,178.863738345993,191.962078706853,11875.5556286612,328.316915365133,13570.1181637837,821.673783411751,0.223366282744595,0.67232015932657,0.12185647611871,0.130780127240718,8.0905910512788,9.24506440066935,0.00145944537249755,0.00139117014508816,1.88217121848304e-07,0.000725578751454213,0.00232741984262161,7.10469809392047e-06,6.79313234633618e-06,3.08858892786801e-12,4.31630598827368e-06,1.09501982039087e-05,-3173.52330886447,0.0919900867252555,0.0716267316374124,0.97625,0.42576724242882
"linear",1600,"pg_apf",98,1465.939,299.066921056467,804.527011948697,137.652233189434,231.191104071764,11937.1654909669,300.04956491287,13789.6314333541,745.192919245798,0.204010481375055,0.548813430810352,0.0939003827508742,0.157708543173873,8.1430165177179,9.40668843202487,0.00153141556193482,0.00144479853858513,2.46173335902883e-07,0.000700085691890475,0.00249879776152481,7.08858847692547e-06,6.82179545281017e-06,2.94827621328585e-12,4.19541430532406e-06,1.05217786690458e-05,-3221.87104157518,0.0901643715096028,0.0708681062987364,0.98875,0.428177370683152
"linear",1600,"pg_apf",99,1476.555,338.604776078869,944.397812404041,201.48465970451,229.840851792279,11352.7897524549,336.693547982338,12754.3119353675,803.71715691216,0.22932080151357,0.639595417985812,0.136455912380175,0.155660203509032,7.68870089665128,8.63788476241487,0.00116672036592221,0.00113351625886057,1.03643909680213e-07,0.000573807656182582,0.00176860130783166,6.66260658748688e-06,6.4821156771395e-06,2.2384103054452e-12,4.01070017197796e-06,9.62141509113097e-06,-3190.91390088552,0.0769421378999435,0.0649594652624672,0.998125,0.406558034153282
"linear",1600,"pg_apf",9,1473.619,287.90802685341,751.429266218614,197.170387858838,367.189511986962,11562.2910032616,288.309045110584,13046.0970130246,654.514270622069,0.195374806414284,0.509920994652358,0.133800112416329,0.249175337714132,7.84618751743947,8.85310043710386,0.00117889721810785,0.00114243354342263,1.02459468105554e-07,0.000616884292790874,0.00183948508902853,6.35827326846108e-06,6.19985113824518e-06,1.75327059030145e-12,3.95189498941363e-06,9.00253369275253e-06,-3200.21698147279,0.0629477961673173,0.0534245822053791,1,0.40589200414678
"linear",200,"pg_apf",100,184.638,554.80366464149,1783.50668850194,323.742892439929,365.788044990338,9889.09136105158,556.817769371652,8042.0490388709,1604.70474319826,3.00481842655082,9.65947794333744,1.75339254346304,1.98110922448433,53.5593505185909,43.5557633795367,0.00713953634216941,0.00603665069177118,2.02834615207543e-05,0.00136950848453901,0.0158586846207864,5.13251699152694e-05,4.35688445057903e-05,9.48835695054003e-10,1.09069898282597e-05,0.000109600795217931,-391.68307906145,0.131012025467953,0.116626895918352,1,0.629410169433066
"linear",200,"pg_apf",101,184.39,651.705955876302,1805.48559246778,296.616156059703,295.783119164836,10344.2767328094,641.12176535894,6180.78985431874,1580.26306011862,3.5343888273567,9.79166762008668,1.60863472021098,1.60411692155125,56.0999877043735,33.5202009562272,0.00592547075466101,0.00493756926839401,1.42201010920044e-05,0.00114575811981649,0.0133774823887358,5.22047160265123e-05,4.48799679082282e-05,1.029337996133e-09,1.22644185277242e-05,0.000109819339999151,-393.217370963242,0.149920109516704,0.112562659007676,0.965,0.60658913945984
"linear",200,"pg_apf",102,184.125,520.336677446517,1238.2957521384,309.567418427807,389.116266880986,9870.87519270112,512.586913592882,8444.30389973923,1086.02813299487,2.82599689040878,6.72529940061588,1.6812894415631,2.11332663614928,53.609641236666,45.8617998628064,0.0054536098244763,0.00439366146491889,1.36658743001374e-05,0.00109758656509591,0.0126701678879237,5.20129099721314e-05,4.51295883594542e-05,8.15789910140176e-10,1.37848270797905e-05,0.000106562824548207,-390.979893304396,0.136430379478404,0.103916800156043,1,0.595456933236044
"linear",200,"pg_apf",103,184.161,662.0054752668,1696.2720503255,461.574343242047,365.25479241798,10865.0874615589,652.116337227411,9304.07246981655,1377.92269269728,3.59471047217815,9.21081037964335,2.50636314551967,1.98334496673009,58.9977653333709,50.5214050196108,0.00447951579311854,0.003912284425898,5.54629327457063e-06,0.00111161505477545,0.00920625549646719,4.44177794769569e-05,3.79389251935193e-05,6.85004359669008e-10,1.00916308390991e-05,9.2666485644683e-05,-394.728274942091,0.107750454784726,0.0803368841469445,1,0.558379476177195
"linear",200,"pg_apf",104,183.865,540.369654108396,1334.96149571576,433.715092014214,471.110928882782,10619.8661887959,539.528533726933,8180.2254323476,1144.91333741872,2.93894789170531,7.26055255603708,2.35887793769458,2.56226540604673,57.7590416272587,44.4903893201403,0.00394018605738631,0.0034490299349597,4.12699817552587e-06,0.00112511316489196,0.00802086225566335,4.8946554654623e-05,4.29236132990656e-05,7.40110060431827e-10,1.21706163233318e-05,9.90002460074277e-05,-384.870541359542,0.105592878570217,0.081020161869309,0.995,0.55511794341466
"linear",200,"pg_apf",105,183.604,621.884321763959,1575.66408177721,437.974836429821,471.083828182612,11725.5133357084,624.923117131079,9291.88116879649,1488.91309367944,3.38709571558331,8.58186140703478,2.38543188835658,2.56576015872537,63.8630603674669,50.6082719809835,0.00414253885387885,0.00356194314127317,5.21729599562585e-06,0.00107540320578614,0.00862181670365689,3.82574582916086e-05,3.33340555103e-05,4.02634574826935e-10,1.10601724414082e-05,7.70291471107387e-05,-404.441266902735,0.0821993449362376,0.0646031264859774,1,0.54179859996104
"linear",200,"pg_apf",106,184.479,592.233852648981,1417.28123158438,439.638366747413,424.53789591653,10966.6031402684,592.757784322323,8786.41153776665,1255.69706058285,3.21030498132027,7.68261553664307,2.38313502755009,2.30128034039934,59.4463496672707,47.6282478643458,0.00479241105087634,0.00416841028333188,6.87949235833051e-06,0.00105382501324043,0.00990978079160757,4.19055769503203e-05,3.60031393011964e-05,5.58104837764271e-10,1.05197092866136e-05,8.75957214397969e-05,-397.01221454401,0.105794642236106,0.0881475232343185,1,0.562306505720753
"linear",200,"pg_apf",107,183.91,736.656637335825,2039.77617740739,278.705066494282,346.786579425583,10837.5057658812,743.798455170776,7929.78744553272,1880.81396768427,4.00552790677954,11.0911651210233,1.515442697484,1.88563199078671,58.9283114886693,43.1177611088724,0.00583946400370851,0.00506185905358537,1.12729942142918e-05,0.00132052006442193,0.0126228214425668,4.50837829782202e-05,3.81206379282259e-05,7.1048694177921e-10,1.20779658455053e-05,9.69435269190995e-05,-388.461257386236,0.101749340688446,0.0848721901621488,1,0.59704475826505
"linear",200,"pg_apf",108,184.36,636.981020278284,1634.67227685434,433.051525246869,313.251287417046,11587.6498290755,637.4719547559,9800.26290600733,1473.53685075886,3.45509340571861,8.8667404906397,2.34894513585848,1.69912826761253,62.85338375502,53.1582930462537,0.00392692899221628,0.00337157284213821,4.51877815346791e-06,0.00105740756957511,0.00829246562269678,3.69759693265429e-05,3.18424390474323e-05,4.29235609157378e-10,1.09071661290997e-05,7.73113328300012e-05,-399.656048631999,0.132533459227129,0.0965439874839438,0.935,0.543457017118645
"linear",200,"pg_apf",109,183.525,527.544310656133,1274.05546694572,156.394010806281,429.450254418563,10654.126148711,527.314440276957,8181.70436100346,1163.56848289367,2.87450925299623,6.94213576867305,0.852167338543963,2.34000955956171,58.0527238725566,44.5808710584577,0.00447225376396072,0.00388319873426051,5.66744923545676e-06,0.00114138688596251,0.00925881843358299,5.06626174006112e-05,4.38289673623951e-05,7.60910271090257e-10,1.17138539041042e-05,0.000105873311432829,-384.558375392307,0.129285674990478,0.0957849780394331,0.995,0.567028266699268
"linear",200,"pg_apf",10,184.218,583.438515433223,1444.59788153978,428.451369826975,217.804410980621,11005.7570345652,578.259130288892,9509.55201061653,1252.32489346352,3.16710916106582,7.84178463309656,2.32578450437511,1.1823188341021,59.7431143241445,51.6211879980053,0.00433392449198634,0.00362201041605528,6.76761996632612e-06,0.000949588838246905,0.00925789546817007,4.05709240126525e-05,3.43316698356087e-05,6.61645725250979e-10,9.3057628984484e-06,8.62251370345684e-05,-403.531007565439,0.114159759695325,0.0998526641629436,0.995,0.549954082499166
"linear",200,"pg_apf",110,183.782,627.152494100016,1257.34422915973,235.291780987339,395.012410179562,11161.1049667847,617.267363032766,7982.50102563543,1087.76613983799,3.41248051550215,6.84149823791085,1.28027652864448,2.14935309322764,60.7301311705428,43.4346183284295,0.0042377166189962,0.00372036355174219,4.62398624071206e-06,0.00120612936217035,0.00857137687627811,4.48942410274999e-05,3.85624441311782e-05,6.48903871560831e-10,1.1583084828768e-05,9.51603695334166e-05,-398.199724612942,0.113023886098926,0.0974196650715129,1,0.55766543748049
"linear",200,"pg_apf",111,183.885,520.221610504068,1690.3624090607,313.031261451263,323.450605819525,11073.6688803099,520.989807520181,8430.31638818423,1151.84793979825,2.82905952363743,9.19249753411478,1.70232080621727,1.75898309171235,60.220620933246,45.8455903862971,0.00520885634131975,0.00451694350960126,8.42655525528141e-06,0.00116187082698051,0.010719882968696,4.65987921631522e-05,3.98074591640327e-05,7.8053700269801e-10,1.14405081146157e-05,9.95832235213206e-05,-395.684977349702,0.119861812545273,0.0992086619553005,1,0.563267660539458
"linear",200,"pg_apf",112,184.306,617.401019691548,1289.18726182825,318.138375753666,373.305859381963,10305.2241599358,619.011693832777,7995.83096321738,1114.72892364812,3.34986934604162,6.99481982045211,1.72614226207321,2.02546775135895,55.9136661852344,43.3834544899102,0.00668903725972372,0.00563970219016517,1.7430836880193e-05,0.0012850105980689,0.0152277598479457,5.37176560272096e-05,4.56920479197096e-05,1.17914515109829e-09,1.15578566923441e-05,0.000113161526304655,-385.999293140161,0.158833830338957,0.130127684410194,0.99,0.616585542013506
"linear",200,"pg_apf",113,182.853,553.346328314642,1609.98720657015,490.028067488564,334.323522159942,10920.9140812354,544.115115937412,8521.72251745485,1452.59530611551,3.02618129489066,8.80481702006614,2.67990171060121,1.82837318589218,59.7251020285988,46.6042258943242,0.00455713070960521,0.00406507069058976,5.38363600706605e-06,0.00129214894670216,0.00917151446231834,4.46731017298974e-05,3.78491510298732e-05,6.72880553549484e-10,1.0736334975385e-05,9.52148606767222e-05,-386.126473783657,0.112706224300816,0.0909619267830721,1,0.573330362755871
"linear",200,"pg_apf",114,183.152,625.482628057234,1546.2964068192,363.172511841733,358.761600004554,10932.256695226,628.485429823805,6956.87373893861,1437.93921319934,3.41510127138789,8.44269462970212,1.9829022442656,1.95881890454133,59.6895294358019,37.984153811799,0.00577620298964748,0.00495282738153202,1.16693997404634e-05,0.00118307603418409,0.0123858700316477,5.10530025556419e-05,4.4714575168552e-05,8.15254661050705e-10,1.11925462242146e-05,0.000105352604969509,-381.811068964118,0.147173341369591,0.114909116329193,0.975,0.601873055751919
"linear",200,"pg_apf",115,183.557,520.857628399085,840.978901156748,336.235502999969,281.67432468558,10460.9937139244,537.236144531154,6328.76959917601,771.314627501996,2.83757976213974,4.58156812955512,1.83177706652412,1.53453327677822,56.9904373787129,34.4784976828779,0.0059798378189998,0.00493995113241425,1.36139563469656e-05,0.00128396112367611,0.0133690142373699,6.64547849120941e-05,5.64007926425591e-05,1.52349213327396e-09,1.19654588260958e-05,0.000143506046638433,-393.255056781756,0.172022723008658,0.132583243070281,0.94,0.608586570925388
"linear",200,"pg_apf",116,183.052,627.853251322489,1634.40708566185,375.480433242765,378.227483411301,10853.2435460145,631.050878142901,7355.1247220431,1424.96818197036,3.42991746237402,8.92864915795427,2.05122278501609,2.06622972385607,59.2904942093748,40.1805209560294,0.00498631423340932,0.00435623452695244,7.31335334011832e-06,0.00138917381278298,0.0103927045290801,5.12319289926341e-05,4.36540286341917e-05,9.58326039535928e-10,1.25323778082597e-05,0.000107536658005578,-384.155253577633,0.0894208066348348,0.069768564515662,0.99,0.573585951809406
"linear",200,"pg_apf",117,182.991,500.06620091095,1129.76204032725,297.191987703599,357.469339857143,10568.8735861212,507.353478443489,8250.8096567846,987.927664625002,2.73273658765158,6.17386669468583,1.62407980558387,1.95348044361276,57.756248045648,45.0886090397047,0.00495155044427489,0.00417351065933167,8.66540695861254e-06,0.0011822090657926,0.0107764928611012,4.51904782786818e-05,3.80743363691612e-05,7.67897141302388e-10,1.07041389978997e-05,9.87015262381114e-05,-396.975739600368,0.16943915667018,0.143568741901585,0.93,0.568863372837407
"linear",200,"pg_apf",118,184.282,560.469018884287,1220.21536188177,394.282852783406,409.499248424989,10565.7402313333,561.254953427803,9350.21211928444,1099.36113028485,3.04136605248634,6.62145712485087,2.13956247915372,2.2221337321333,57.334629705198,50.7386077820104,0.0049898084642817,0.0042067856817901,9.00539542047051e-06,0.00120031243118299,0.0108843951081123,4.3645457938507e-05,3.71596130770644e-05,6.46601440326321e-10,1.11580402462619e-05,9.39777078666256e-05,-397.28603299111,0.104783084323064,0.0842354654965201,1,0.573619418538125
"linear",200,"pg_apf",119,182.854,376.044731207446,832.566757628324,395.144995899348,364.446234711997,10814.7182369062,378.86397394618,8994.60081800963,731.380044828859,2.05652997039959,4.55317771352185,2.16098633827725,1.99309960248065,59.1440068956991,49.1900686777956,0.00409532415983472,0.00351180910014484,5.31110897014841e-06,0.00108663444538842,0.00882251343293394,4.52833881026941e-05,3.96895638062406e-05,5.78351371455253e-10,1.23771495412159e-05,9.27998037343309e-05,-395.548026123741,0.106167939768115,0.0749345019671463,1,0.55684400694837
"linear",200,"pg_apf",11,183.749,621.747640881975,1490.55557219827,326.813390640643,345.338259277855,10678.1919980907,619.26547186022,8263.54598595201,1309.31933258528,3.38367904523004,8.11191120603799,1.77858595497468,1.87940211526514,58.1129257742393,44.9719235802753,0.00452844683966802,0.00391663204401226,6.34428650162214e-06,0.00106622113494323,0.00941778165261942,5.05579178362563e-05,4.29336050086733e-05,9.03355289929826e-10,1.25629425750851e-05,0.000106289228429133,-375.267227133872,0.179261089629458,0.147927222875233,0.925,0.584735336993178
"linear",200,"pg_apf",120,183.247,715.736176451414,1953.46771703097,425.203450981067,302.801390804046,11321.5542543365,719.208971969859,9562.06451898613,1808.75831799498,3.90585481045482,10.6602984880024,2.32038424083923,1.65242209042465,61.7830264852165,52.1812882010954,0.00467167816373396,0.00400651252703175,6.97011105715221e-06,0.00124878332241031,0.00991430338074916,3.90549939494947e-05,3.33565687737999e-05,4.96325096920571e-10,1.00578625045357e-05,8.27818502422485e-05,-392.13946681146,0.10881477666084,0.0883937502687469,0.995,0.565698157435011
"linear",200,"pg_apf",121,205.318,608.095934212785,1491.09598591211,343.696575566533,353.073844696639,10490.3253872299,610.09410459523,8208.0639376409,1247.29744507493,2.96172734106501,7.26237342031441,1.67397196332778,1.71964389238469,51.093062406754,39.9773226781914,0.00460396896501515,0.004008268190055,7.01527032743478e-06,0.0010633675770962,0.00943726634328884,4.75975284065214e-05,4.00621788193534e-05,7.94213508680103e-10,1.1500060571876e-05,0.000104605311256471,-388.199498825243,0.0860368225333527,0.0656259006183825,1,0.566933113598202
"linear",200,"pg_apf",122,184.449,617.738308543406,1490.63684382566,360.271491645354,308.947890788295,10881.6437232448,619.827656230816,7889.57809354567,1365.50562447777,3.34910088177982,8.0815664157879,1.95323092912054,1.67497731507514,58.9954064443006,42.7737645286538,0.00463751931559617,0.00394704070074352,7.13368273765625e-06,0.00110369452348266,0.00997892087266836,4.58380996764439e-05,3.83291384478901e-05,9.10520364933269e-10,1.10167134903972e-05,9.75512019034294e-05,-384.970659857552,0.0751884568698536,0.0638452870722771,1,0.559129446957726
"linear",200,"pg_apf",123,184.403,563.865341883767,1516.29927000609,409.202811426628,418.03554723004,11553.9213992525,561.398528636047,9683.79484734457,1360.61261456678,3.05778833253129,8.22274729807048,2.21906808146629,2.266967170979,62.6558212136058,52.5143020848065,0.00430924578721412,0.00371084902990049,5.65743128647647e-06,0.00102744024473835,0.00928581854738976,3.92651533903005e-05,3.39924667073684e-05,4.66568964612235e-10,1.10797066851955e-05,8.14665466349506e-05,-390.775207377496,0.123978242611225,0.089137205878398,0.935,0.54830570831745
"linear",200,"pg_apf",124,183.606,816.513696558283,1954.49540180688,363.248264262018,350.940663832442,10733.8163493697,821.182364003815,7565.1919866049,1766.22675462744,4.44709702601376,10.6450519144629,1.97841173089125,1.91137906077384,58.4611415169969,41.2034028659461,0.0058149551025565,0.00498507390165049,1.10481341267556e-05,0.0013083774429052,0.0123693059808188,4.56189561058654e-05,3.79175622270099e-05,9.91607084777196e-10,1.02555404934671e-05,9.64044403584371e-05,-401.306930734681,0.0978529312855149,0.0824569305250883,1,0.584015466400112
"linear",200,"pg_apf",125,183.92,551.129359366295,1322.40467487997,407.260817030394,493.463531474745,11500.4296635079,542.169531299023,9955.0066575005,1176.31491854496,2.99657111443179,7.19010806263578,2.21433676071332,2.68303355521284,62.5295218764021,54.1268304561793,0.0041811836671404,0.00364173808388356,4.83277963181029e-06,0.00109683777002815,0.00842316795035297,3.63199636120272e-05,3.17541505619503e-05,3.37934243964187e-10,1.03456160504744e-05,7.35791772512729e-05,-405.426537280009,0.130921671493598,0.102570353901048,0.96,0.543688078692295
"linear",200,"pg_apf",126,183.648,478.73789545988,1217.85189490488,403.154524381753,421.747208687678,11327.9723193451,484.487730107985,9278.14283683627,1096.36235905044,2.60682335478677,6.63144654395842,2.19525681946851,2.29649769497995,61.6830693464947,50.5213388484289,0.0051208818011626,0.00441288141765329,8.72253006237041e-06,0.00104332741404611,0.0109059118094298,4.38621131779253e-05,3.84913863407304e-05,5.19439304362785e-10,1.15836397348636e-05,8.92261280154453e-05,-395.27075831856,0.118564183880086,0.0828063690737886,0.96,0.584483853523233
"linear",200,"pg_apf",127,184.477,855.048508760007,2303.28282450142,311.210011503208,425.407310394514,11089.1787213538,852.10543439654,8500.05587179186,2051.80083251254,4.63498706483739,12.4854742027538,1.68698543180564,2.30601815074245,60.111443276689,46.0765074876102,0.00564183672208702,0.00484704931968647,1.02102413605391e-05,0.00129623248820638,0.0120807866203503,4.42848226470386e-05,3.87328434556462e-05,5.76775371972878e-10,1.13022654068172e-05,8.96548083499153e-05,-413.409113638014,0.124644340771295,0.10492448385111,1,0.58432649213017
"linear",200,"pg_apf",128,184.082,478.846941575653,1144.32676288896,308.233659643943,418.386854268538,10948.8498604767,477.810797772104,9058.18957544447,1039.28398959924,2.60126976877507,6.2163968388488,1.67443671648474,2.27282870823078,59.478112256911,49.2073618031338,0.00449608385547349,0.00385443253513911,6.62565660833942e-06,0.00107191697020272,0.00934511935030405,4.46824399182865e-05,3.87705298427992e-05,6.00725927441146e-10,1.09175824409151e-05,9.20760666207996e-05,-400.733414376982,0.0695715449272582,0.0561117504742526,1,0.563799232221231
"linear",200,"pg_apf",129,196.556,394.910507593178,822.240247099209,430.604175064874,403.278974367764,10728.541026969,399.216371559595,8602.57952685558,715.517668026516,2.00915010273499,4.18323656921798,2.19074551305925,2.05172558643727,54.5826178135949,43.7665577588859,0.00356839045177194,0.00313580965122009,3.37242134677025e-06,0.000984844360786094,0.007131954226169,4.3443370560393e-05,3.76558574961714e-05,5.928761028824e-10,1.13007184675455e-05,8.97434476802518e-05,-377.899299135015,0.0904612815887911,0.0723949931310202,1,0.54478812114155
"linear",200,"pg_apf",12,188.937,731.303781381078,1922.28278678151,350.457615475637,318.368036428208,10631.9167675684,728.573362291588,8237.89605860051,1596.06521224067,3.87062238408082,10.1741997956012,1.85489139488632,1.68504864811132,56.2722852991653,43.6012853946051,0.00494876959024946,0.00426061755835549,7.76877548412278e-06,0.00121494347348656,0.0105832548967269,5.06986401687564e-05,4.34613413654547e-05,8.2264856134101e-10,1.24655909891935e-05,0.000108021581569581,-382.256365133173,0.113089947866576,0.0927212303844048,1,0.582805668079982
"linear",200,"pg_apf",130,183.585,665.769444368035,1645.10667754839,346.798537909705,367.864912633327,10813.2483694857,661.285951466255,8209.90525603841,1433.07876086401,3.62649151274905,8.96100813001276,1.88903525838007,2.00378523644811,58.9005004193466,44.7199131521552,0.00515349853402633,0.00440206736531406,8.70497764286939e-06,0.00117974581694772,0.0109910033897817,4.58031037303207e-05,3.86964008058184e-05,7.51875070441876e-10,1.06548112878476e-05,9.85143145878505e-05,-392.929587162626,0.123141202797774,0.0933000884907508,1,0.586568667928982
"linear",200,"pg_apf",131,183.674,429.171206796668,1073.52172597611,335.637369554845,280.783455626508,10250.5816826889,432.761854616785,8752.19586161995,950.713391373826,2.33659204240485,5.84471251225601,1.82735373299893,1.5287055088173,55.8085612699068,47.6507064778899,0.00470908008293507,0.00390364913257585,9.21816582934021e-06,0.0010407189377722,0.0105915050681267,5.06323698500735e-05,4.35524028673186e-05,9.14079496478113e-10,1.24554762286136e-05,0.00010809413824883,-396.081423207823,0.114328327983309,0.0880969745760741,1,0.571454442143101
"linear",200,"pg_apf",132,184.013,549.034642194324,1222.54468477588,463.267620331952,425.480590003368,11043.1125599002,555.402371436373,8501.16516576403,1162.65786831548,2.98367312197684,6.64379519259989,2.51758093358596,2.31223114673077,60.0126760603879,46.1987205565043,0.00383348442353047,0.00338147277375393,3.87362942137836e-06,0.00107434232832049,0.00755947595117149,4.2749880593741e-05,3.63821480708922e-05,5.98128647653844e-10,1.04877451297198e-05,9.11614737189177e-05,-384.834030835841,0.110294192010827,0.0901877570309885,1,0.549259037014933
"linear",200,"pg_apf",133,184.399,604.637621949838,1498.88454375714,259.569674620882,417.334356713009,11488.9538681726,594.867552140626,8775.40509659662,1301.13288180474,3.27896367089755,8.12848520738799,1.40765228998466,2.26321377400642,62.3048599405237,47.5892228081314,0.00422560037239363,0.0037008394992223,5.04692421187252e-06,0.00107307828963661,0.0086469847679081,4.15375838768039e-05,3.61442667962918e-05,5.40600802440724e-10,1.10932897458447e-05,8.61959189409787e-05,-419.340694973587,0.115835668249331,0.0805213513565604,0.955,0.545066770039786
"linear",200,"pg_apf",134,183.883,530.869254832008,1344.5753826981,450.571618069154,465.870111741588,11092.5038167644,529.305296393486,8890.97172244975,1150.14930689209,2.88699474574598,7.3121244633713,2.45031687578054,2.53351376550082,60.3237048382088,48.351243575805,0.00413188007314195,0.00344406345989411,5.97335842931056e-06,0.00101519148022803,0.00903861724605015,3.87100493703651e-05,3.36692011180869e-05,4.69809168548539e-10,1.04497374074385e-05,7.76501904761556e-05,-400.096016322849,0.0776535095768061,0.0658987894653365,1,0.551338184786463
"linear",200,"pg_apf",135,203.788,488.492854609157,1271.73820549526,401.525553438371,451.200709025249,11259.3579181916,488.405976294456,9237.31781212492,1154.82353329901,2.39706388309987,6.24049603261851,1.97031009401128,2.21406907681144,55.2503479998409,45.3280753141741,0.00447124556302504,0.00381598000629509,6.72798850998193e-06,0.00114877370605181,0.00961509574618066,4.24842080967818e-05,3.68532437755624e-05,5.59980819508073e-10,1.04977933218142e-05,8.77957353975738e-05,-397.996674643454,0.107897011660313,0.0905351941255299,1,0.560881465863133
"linear",200,"pg_apf",136,185.479,882.903041236766,2210.99891322068,320.483917983577,383.734373171307,10754.9221116381,882.313376883709,7483.96294167782,1992.6062163344,4.76012400992439,11.9204810960846,1.72787171584695,2.06888312515868,57.9845810665258,40.349381556283,0.00613150803751651,0.00526090978232344,1.23746763929992e-05,0.00109681156931948,0.0128672248020462,4.67994966705345e-05,3.95989540680746e-05,7.72852900305788e-10,1.0487592467777e-05,9.91754584077897e-05,-403.077390545499,0.0858528042427484,0.0701124167885413,1,0.591576819390612
"linear",200,"pg_apf",137,183.946,428.082338674545,956.763890638513,480.325665089851,352.590090552655,11589.9042096065,432.171851731415,10279.1197699784,862.259675760367,2.32721743704427,5.20133023082053,2.61123191094045,1.91681303508994,63.007101049256,55.8811812704729,0.00381199308125259,0.0033013942384677,4.22957313789069e-06,0.00106173571215325,0.00788006037083617,3.70666577262917e-05,3.16830559388897e-05,4.42807607183281e-10,1.03136818932291e-05,7.76255049808652e-05,-404.360016813668,0.181579513451807,0.140988330298012,0.895,0.531813869162294
"linear",200,"pg_apf",138,184.012,544.572529635941,1086.76759905095,463.14113401973,458.490211674853,11513.7201379091,546.441682727135,9757.11922788133,994.43334540678,2.95944030626231,5.90596047568068,2.51690723441803,2.49163213092001,62.5704852830742,53.0243637799781,0.0039965251309353,0.0034757300607073,4.64636644479259e-06,0.00110792599762731,0.00847302459093335,4.08661243214201e-05,3.52329058363673e-05,5.1556786772829e-10,1.05808313481538e-05,8.39392742962034e-05,-402.037270204574,0.132664733483718,0.106089463428778,0.965,0.540108551618101
"linear",200,"pg_apf",139,183.837,485.689411650982,1105.23041999199,374.219510848752,369.757293240963,10979.602966417,489.498637832001,9452.2703858689,940.061792051814,2.64195679678727,6.0120129244493,2.03560496988502,2.01133228480101,59.7246635139664,51.4165830919178,0.00380916135200282,0.00331312445206551,4.2910029022278e-06,0.00103038789622407,0.00789183786209015,4.54312291723846e-05,3.9134437121806e-05,6.27090490124355e-10,1.24854874987973e-05,9.72934996341127e-05,-404.363218296476,0.129901822357097,0.10369311574569,0.965,0.538713928616502
"linear",200,"pg_apf",13,183.242,643.301272903904,1607.23300897361,401.810537097512,432.79962107963,11394.882581052,643.559736890944,9657.89800784224,1441.58881397765,3.51066498348579,8.77109510359857,2.19278624495209,2.36190186245309,62.1848843663135,52.7057007009432,0.00383287157676823,0.00336778216686038,3.98937125048999e-06,0.000997625236038558,0.00775216228967662,3.81779428666051e-05,3.29629622484061e-05,4.16562059420571e-10,1.10094051154216e-05,7.75854371160514e-05,-379.019229067498,0.0716122248026838,0.0573327586081511,1,0.543735646805916
"linear",200,"pg_apf",140,183.852,539.034578890259,1251.94547062991,422.918215345755,361.231118009845,10647.0745566789,541.417051376568,7573.48217572292,1105.80228707339,2.93189401741759,6.80952870042158,2.30031881810236,1.96479297483761,57.9111163146384,41.19336300787,0.00393251592367607,0.00349024243443591,3.90769652356602e-06,0.00105974851767128,0.00777739868548684,4.98802763833071e-05,4.16686922913056e-05,9.48626914801125e-10,1.20747101366517e-05,0.000109243657190436,-381.940006175993,0.133301999668586,0.108087758228992,0.96,0.55544549746583
"linear",200,"pg_apf",141,183.153,598.276111074165,1314.41346281901,389.674325994481,417.16261687928,11211.979307514,601.224647573675,9897.54460561633,1205.89292337567,3.26653732712085,7.17658713108172,2.12758909760954,2.27767285755232,61.2164655097867,54.0397624151192,0.00436806289657378,0.00375099950762953,5.97197342371706e-06,0.00105114243742583,0.00924915379738927,4.13609864608953e-05,3.60838536586081e-05,5.33419891588566e-10,1.11064692120675e-05,8.31075182479736e-05,-400.068908955823,0.109487628105927,0.0828598814097102,1,0.558917518029127
"linear",200,"pg_apf",142,183.587,541.438531442614,1438.27505490424,387.740716288946,366.665344360081,11154.564172655,553.919877162108,7985.02720244498,1265.19467262475,2.94922043196203,7.83429684511563,2.11202708410152,1.99722934826584,60.7590089312153,43.4945132413786,0.00423287808235113,0.00375680056811261,4.62343558132676e-06,0.00117598776791837,0.0085257250604842,4.78542287275996e-05,4.11250702468615e-05,7.05155778874426e-10,1.13709317442136e-05,0.00010155839052062,-387.390059147361,0.109116217903344,0.0921888197455145,1,0.563417178744298
"linear",200,"pg_apf",143,183.494,706.119012244998,1603.15751780483,371.745446168626,329.299737658159,10908.2931061825,709.333448550676,8006.35286512781,1481.72433044093,3.84818583847427,8.7368389037507,2.02592698490755,1.79460765833302,59.4476827917124,43.6327774484605,0.00528979079064892,0.00457895126169747,8.92674636778285e-06,0.00114821032703913,0.0111780235419236,4.77309483137883e-05,4.02876994609076e-05,8.29162064411373e-10,1.05283178341603e-05,0.00010307702230694,-394.327150558544,0.123850721128978,0.101596041774852,1,0.583207539943745
"linear",200,"pg_apf",144,183.947,478.379309907047,1121.02690010328,428.975642296862,401.573730830748,11209.4285000402,478.280717056381,8651.70111942447,971.458033425485,2.60063665026908,6.09429292189208,2.33206109529844,2.18309475463447,60.9383599625988,47.0336625192282,0.00428082485060233,0.00373480914367305,5.65148179983202e-06,0.00106730392756185,0.00893499764291356,4.56554778609563e-05,3.98806099703301e-05,6.30584533698348e-10,1.18575456803613e-05,9.35429896616412e-05,-404.840104920021,0.10370100489769,0.088940326808666,1,0.56139171853033
"linear",200,"pg_apf",145,184.065,482.859427950629,1192.57345985655,399.514837644297,408.445771864856,11344.4790727052,463.503823273143,9444.1250478477,1024.90809139349,2.62330930894319,6.47908869071553,2.1705095354592,2.21903008103037,61.6330050400955,51.3086412291728,0.00413639086324927,0.00362132976515507,4.95564185996105e-06,0.000991841496416196,0.00837531186828052,4.15326336792578e-05,3.6305902276488e-05,4.80373245785256e-10,1.22022464771285e-05,8.55796255851764e-05,-398.628113533512,0.0987253378701893,0.0817261759206101,1,0.546473750668947
"linear",200,"pg_apf",146,183.576,581.837007575956,1573.22956727224,186.764633907343,394.624038115875,10396.6935557981,577.101264191043,9531.18024431538,1396.23192678775,3.16946119087439,8.56990874227701,1.01736955760744,2.14964939924541,56.6342743920672,51.9195332958305,0.00583329492784233,0.00475527338773888,1.47330569173213e-05,0.000984087999110626,0.0133495464874003,4.39177229940475e-05,3.74699128794224e-05,6.79794506816088e-10,1.04923069156959e-05,9.29651364035918e-05,-407.918940767209,0.113582229109049,0.0870730496925642,1,0.586942131376276
"linear",200,"pg_apf",147,183.704,414.335587941606,1029.41600639984,376.302428960187,340.653438566995,11032.9135404509,415.594171917176,8683.94074133314,918.416616087628,2.25545218363022,5.60366680311721,2.04841717632815,1.85436048516632,60.0581018401933,47.2713753719741,0.00467923793839302,0.00397148352228086,7.74823501730063e-06,0.00102024476661421,0.0101590639633132,4.51222618816856e-05,3.80725281299552e-05,7.78021041471896e-10,1.08798656402342e-05,9.56004220860803e-05,-405.592949832224,0.0992981599844871,0.0840961798891229,1,0.558361176800714
"linear",200,"pg_apf",148,183.57,507.227748151167,1178.23377435215,451.922696189757,475.169534121775,11211.3884337854,507.434595922403,9285.62365601058,1035.06201843711,2.76312985864339,6.41844405051016,2.46185485749173,2.58849231422223,61.0741865979485,50.5835575312446,0.00377805012719203,0.00331588420568409,3.75140455556917e-06,0.00114295259309624,0.0076009499571619,3.98388773176164e-05,3.39526457133872e-05,4.83238481243365e-10,1.10501354697155e-05,8.34433421699807e-05,-386.024414950921,0.0861854338191689,0.068341303861102,1,0.544822169123427
"linear",200,"pg_apf",149,183.865,587.255265055936,1374.37660708119,461.672678246937,395.56128002044,11051.8407656945,582.356616225998,9600.24242669507,1219.25855424593,3.19394808721581,7.47492240002824,2.51093290320037,2.15136801468708,60.1084532983142,52.2135394267265,0.00432714248660596,0.00374309716918742,5.97868160128448e-06,0.00108290359778836,0.00912317683743417,3.93595528377779e-05,3.37112034522321e-05,5.19113522856367e-10,1.0487721418748e-05,8.07635558361492e-05,-393.075845890643,0.149425056023095,0.113929370136923,0.915,0.553683100898914
"linear",200,"pg_apf",14,184.525,682.105942753032,1188.01735238644,270.735976926272,271.190265996687,10227.5384900597,683.241843938299,7142.48587701031,991.560019264625,3.69655029265971,6.43824605005521,1.46720486073037,1.46966679851883,55.4263026151454,38.707415672729,0.00642944339514444,0.00542972654623954,1.6282282588681e-05,0.00121996620194386,0.0144321872199253,5.64918276524238e-05,4.65670335822125e-05,1.39042171075813e-09,1.22911500521636e-05,0.000129140806865747,-403.239984375344,0.149321469323732,0.123680137391702,0.985,0.606676510835874
"linear",200,"pg_apf",150,183.751,722.7739771137,1723.53239990681,399.734952255125,343.264216227718,10339.976065052,720.193680307346,7762.3072910357,1602.47918175907,3.93344241453761,9.3797171166786,2.17541647259131,1.86809441160983,56.2716723449232,42.2436193056675,0.00502786337864882,0.00421499722300124,9.5265165404315e-06,0.00116905665007711,0.0110211587084586,4.755906676967e-05,3.98559191785735e-05,8.49082499483401e-10,1.11918176687978e-05,0.000107595094499835,-382.793795098988,0.117871595978345,0.0970413472489763,1,0.585282026256537
"linear",200,"pg_apf",151,183.732,552.480261884911,1137.75596715779,301.895366444605,315.475729925088,10641.6041901844,554.849474636664,8182.17006300632,1076.91227660031,3.00698986504752,6.19247581889812,1.64312894022057,1.7170429208036,57.9191659056907,44.5331791032935,0.00543659594443421,0.00458604667088135,1.06521010806111e-05,0.00106496580940855,0.0118820372898851,4.79846863584384e-05,3.99136366893876e-05,9.96689405535701e-10,1.10720025268221e-05,0.000104286796812925,-403.592217785913,0.0795698905209687,0.0655628541998204,0.995,0.579627246781997
"linear",200,"pg_apf",152,183.079,557.802851027008,1484.7347907729,326.507192343693,318.954245473726,10919.5288839181,562.690270778793,8065.83902866609,1298.16294117807,3.04678773112704,8.10980391400926,1.78342241515244,1.74216729102587,59.643808868948,44.0566041362805,0.00439950711043021,0.00380294526011997,5.88410666396158e-06,0.00110929538073592,0.00911214781516424,4.61204196853011e-05,3.79933505484065e-05,8.40465099445671e-10,1.04740545302202e-05,0.000103791757327096,-395.949425813401,0.105014005929466,0.0875187834905145,1,0.569040215151252
"linear",200,"pg_apf",153,183.708,500.937051615021,1202.23668642035,313.679394678368,333.49956291024,10332.213741644,503.606338482416,7649.47029056536,1021.63833232671,2.72681130715604,6.54428052355013,1.70748902975574,1.81537855134365,56.2425900975681,41.6392878402974,0.00430745670987421,0.00367193281168325,5.88376828628219e-06,0.000942006814469199,0.00914731538986413,5.64665343782043e-05,4.95841701054155e-05,9.30758412163064e-10,1.30257172887674e-05,0.00011582856245805,-393.259344793141,0.159317358471938,0.124833416365927,1,0.575882280741864
"linear",200,"pg_apf",154,183.198,535.554712850219,1270.30245252246,434.633290719436,436.211091433607,10933.2817852908,534.957137613669,8421.24840781628,1103.64632986726,2.92336549989748,6.93404105133495,2.37247836067771,2.38109090401428,59.6801372574528,45.9680149773266,0.00383339327377963,0.00329631070914573,4.59532602920633e-06,0.00112071073127587,0.00803549724998422,4.40417667474009e-05,3.78188340545577e-05,6.30635296743679e-10,1.07215037596055e-05,9.1883259160745e-05,-389.337196937134,0.109580099347878,0.0906601486250456,1,0.553796739629627
"linear",200,"pg_apf",155,183.407,815.637146991939,2093.83903540622,388.697372498848,368.880467580526,10877.315309512,827.978676511146,6923.25439299813,1846.06053131918,4.44714294978893,11.4163528949616,2.11931590669303,2.01126711401705,59.3069801562208,37.7480379320208,0.00532746749303586,0.00473797348147336,7.89661877959717e-06,0.00115902121235854,0.0108660684921176,5.04987072355114e-05,4.21409248879918e-05,1.05605109976754e-09,9.82783812205986e-06,0.000112342463319374,-379.808846326523,0.133292948369416,0.111348747157903,1,0.590165939837076
"linear",200,"pg_apf",156,183.251,543.908268308448,1313.4707178372,383.321917938343,416.888646361374,11102.6450061221,548.422245150146,8731.32211420142,1184.02100249605,2.96810532170874,7.16760463974114,2.09178622729668,2.27495973479748,60.5870909633351,47.6467910909159,0.00401109719819629,0.00342230617140933,5.55679238640026e-06,0.00103880000650417,0.00855205658698397,4.13477585723079e-05,3.62747684761276e-05,4.90400982296634e-10,1.1466669962827e-05,8.46170288198428e-05,-406.272653988896,0.0661911165715487,0.0525320478806107,1,0.547679867329331
"linear",200,"pg_apf",157,183.864,516.870068640688,1231.20466960513,372.770514874443,411.267767838771,11452.3447704831,513.820656826438,9694.07625771087,1101.03592889894,2.81115426968133,6.69627914983427,2.02742524297548,2.23680420222975,62.2870424361653,52.7241670893207,0.00401974875292383,0.0035184132037437,4.69177108039039e-06,0.00114455638446066,0.00841546515790576,3.71933826490347e-05,3.1906424097906e-05,4.17850511098493e-10,9.42007290693729e-06,7.8571033610021e-05,-395.490928351492,0.136729061762139,0.112628342890814,0.94,0.549145876237165
"linear",200,"pg_apf",158,183.132,448.09191139038,986.665541882002,412.885149619398,326.322856850788,11630.0613934574,451.557608776128,9451.88133401609,884.318984599979,2.44682475695335,5.38772875238627,2.25457675130178,1.78189970540806,63.5064401276532,51.6123961624189,0.00367893232759622,0.00323355906168889,3.62160202459353e-06,0.0010149460067033,0.00739655069701561,3.90697653262503e-05,3.34540490321035e-05,5.11599406072306e-10,1.00767632414936e-05,7.97225278937879e-05,-402.341295112776,0.110644313656974,0.0838277945339191,0.99,0.539357214792409
"linear",200,"pg_apf",159,184.149,318.058531372096,737.886334042682,312.469454177687,377.103178774772,10799.1514435111,322.964205473296,7393.99366846628,658.914367410551,1.72718033425159,4.00700701085904,1.69682949230073,2.0478155123013,58.6435519254035,40.1522336177024,0.00499937786574258,0.00411322303962617,1.01803952604982e-05,0.00103270762874997,0.0113360300119161,4.98732994973985e-05,4.21367663045612e-05,8.9000156492876e-10,1.23158661215135e-05,0.000108938201601231,-408.995609924803,0.119872158986402,0.0969888378898511,1,0.571340465880813
"linear",200,"pg_apf",15,183.818,620.091065012393,1558.60614823979,451.448486658888,324.715822526147,10564.1791862397,613.587617718776,8911.44307735213,1404.05822763817,3.37339686544513,8.47907249692519,2.45595364250992,1.76650721107915,57.4708634967178,48.4797086104306,0.00434934540980765,0.00377380161963099,5.8791549578421e-06,0.00110581211916741,0.00907194489801732,4.37317875219632e-05,3.71729070572136e-05,6.43283023217292e-10,1.10859343711307e-05,9.41019118938028e-05,-375.595330878619,0.0882790978801899,0.073347393118547,1,0.559015575213569
"linear",200,"pg_apf",160,183.099,794.582084529243,2048.33602184253,346.660894653176,373.767384668146,10551.2399703797,792.226749897586,8871.67318763553,1807.95011180346,4.33963093479071,11.1870410097408,1.89329758574965,2.04134039327438,57.6258743651232,48.4528762452855,0.00479967899464107,0.00410748373277101,7.99750439892268e-06,0.00102870511197345,0.0102372204147638,4.58368503227194e-05,3.96457908920669e-05,7.55808587566278e-10,1.15167328766029e-05,9.42000329227665e-05,-381.658768566831,0.0934876837699372,0.0638124541384011,1,0.568391785574504
"linear",200,"pg_apf",161,183.468,538.441571961015,1274.98939844348,257.786550672327,385.407856288881,11192.3497094883,542.00639016005,10101.358420707,1058.28861129534,2.93479828613717,6.94938299018621,1.40507636575494,2.10068162452788,61.0043697510644,55.0578761457418,0.00382863280542001,0.00336285234026356,4.0922119657634e-06,0.000958371067945856,0.00764600685520343,3.76445458352008e-05,3.24850680308145e-05,4.41167841029627e-10,1.01351882659934e-05,7.96107025629033e-05,-386.598971025859,0.14053918384561,0.127030350741303,0.955,0.5366773476127
"linear",200,"pg_apf",162,183.87,611.069404297112,1355.94940026575,353.031459403457,324.08004818693,10869.6905002975,613.257208481097,9659.288135149,1220.50391326642,3.32337740956715,7.37450046372843,1.92000576169825,1.76254988952483,59.116171753399,52.5332470503562,0.0044077168731232,0.00384896291911874,5.8396536172453e-06,0.00106048408626714,0.00921413287050495,4.13693827186233e-05,3.50790960528092e-05,6.09698109758552e-10,9.96228917757037e-06,8.8846022960144e-05,-395.655305822007,0.145044007082505,0.101770875472984,0.935,0.553701986279099
"linear",200,"pg_apf",163,183.793,635.909699006728,1376.08225670747,458.209827734309,395.70009980009,11186.5811922132,638.239236435192,8470.20253727427,1253.52949586125,3.45992338667266,7.487130939195,2.49307551285581,2.15296610752363,60.8651101631359,46.0855556918614,0.00396981136431106,0.00348345251186135,4.23464056841639e-06,0.00102397771075422,0.00796841302923593,4.57990004407999e-05,3.9379164911057e-05,6.59232169985587e-10,1.11745675178542e-05,9.57571561902504e-05,-393.959196186349,0.0935234369511513,0.0803578953029072,1,0.557290005873892
"linear",200,"pg_apf",164,183.828,554.654794345699,1220.73390064258,363.596827093226,382.849041308326,10479.8856207463,557.613217514645,8091.29705875062,1117.98356428768,3.01724870175218,6.64063091935168,1.97791863640591,2.08264813471466,57.009191313327,44.015585540563,0.00491722428333997,0.00416937363039531,9.14867310855052e-06,0.00109368110623685,0.0107507781559156,4.87201297313769e-05,4.12015524452575e-05,1.13330105731623e-09,1.09306464071295e-05,0.000100942072959331,-406.507269287598,0.137134845707749,0.113188099275259,1,0.586634151681536
"linear",200,"pg_apf",165,183.07,448.813988280193,1018.104025634,381.548868909941,412.848750921368,10623.4208452217,449.962913969038,9012.0622645827,913.86201954926,2.45159768547655,5.56128270953187,2.08416927355624,2.25514148097104,58.0292830350234,49.227411725475,0.00403102026325233,0.003434926238995,5.17519947800536e-06,0.00112804128517022,0.00842920738058613,4.65340012944592e-05,4.01004742980772e-05,6.78107700857036e-10,1.27666585334734e-05,9.90251396976157e-05,-391.570449318658,0.128437509035206,0.104660461509608,0.99,0.556831957441761
"linear",200,"pg_apf",166,183.437,782.149494872021,1925.5299031875,363.622779440566,437.062919442928,11496.6298145551,782.762849491646,9426.7553313813,1790.17742594039,4.26385895360271,10.4969548302006,1.98227609174031,2.38263229033907,62.673450909877,51.389606957055,0.00541909354795681,0.00461949545307256,1.06450491087814e-05,0.00117492972780774,0.0115940421049549,4.07914349699883e-05,3.51130128460225e-05,5.28400095607282e-10,1.0364936105718e-05,8.45466004709873e-05,-393.500827291152,0.105831995538944,0.0810964858265238,1,0.579004981298186
"linear",200,"pg_apf",167,185.916,471.709813031608,984.429688111454,371.119985485128,290.383364637354,10502.3048665198,472.620146291819,7337.89693486084,874.762504108395,2.53722010494852,5.29502403295818,1.9961702354027,1.56190626216869,56.4895160530551,39.4688834466148,0.00499855812476396,0.00424349787229425,8.68208396846839e-06,0.00112862184483725,0.0108520581333755,5.9973976826856e-05,5.0883440496567e-05,1.272367438125e-09,1.35523452661172e-05,0.000129416277516459,-395.026816363872,0.145608021366862,0.123254633252616,1,0.59043007756093
"linear",200,"pg_apf",168,189.696,427.188502456119,859.400099680974,494.385030646868,404.380682464978,10990.1873227798,431.922485269836,8484.11108510369,764.582575717566,2.25196368113254,4.53040707068665,2.60619639131488,2.13173014963403,57.9357884340197,44.7247758787939,0.00382331192997072,0.00340947516386544,3.49095677569358e-06,0.0010990868918377,0.00756894196857584,4.92020028989373e-05,4.25597147827442e-05,7.20686681372202e-10,1.29534322420589e-05,0.000101394977135622,-387.780878980442,0.127214255657525,0.100719353319611,0.99,0.555361833413326
"linear",200,"pg_apf",169,184.863,512.328603931669,1125.737578688,316.168717612867,314.99177258405,10698.0096142716,512.259310504777,8380.7006294542,949.820080055163,2.77139613622883,6.08957757197495,1.71028663179147,1.70392005206044,57.8699340282891,45.3346566346657,0.00506653764026423,0.00422805389443703,9.347316162915e-06,0.00107526069480835,0.0110340737375949,5.44886243494825e-05,4.62785437960219e-05,1.23728822849973e-09,1.31651787510804e-05,0.000113887824209611,-392.147416393246,0.131078695359882,0.102205650577589,1,0.586852566193124
"linear",200,"pg_apf",16,183.904,581.226686718877,1469.95122245816,246.767071102748,431.518607093782,11030.2379107509,575.49828896635,8655.64211699175,1340.91816873913,3.16048963980597,7.99303561889988,1.34182546928152,2.34643404762149,59.9782381609474,47.0660894651109,0.00473483772352093,0.00403125143151096,7.4477153808477e-06,0.00107587361917333,0.0101539605461217,4.12794194728185e-05,3.55743936420372e-05,5.74558565946738e-10,1.09860828238213e-05,8.69792643680174e-05,-395.027459386513,0.105349950950331,0.0864677390676778,1,0.562455379151471
"linear",200,"pg_apf",170,183.007,549.483859340747,1276.36888908066,381.649640348756,448.173120891644,11214.8860558959,551.772538621103,9229.12729569672,1113.07027415817,3.00252918927006,6.97442660160904,2.08543738954661,2.44893977220349,61.2811862709946,50.4304605599606,0.00414368708044103,0.00362229233841144,4.73315309997305e-06,0.00108301691262503,0.00844300955215907,3.99438006429891e-05,3.49314566146511e-05,4.60707064330526e-10,1.09941787852381e-05,8.00509166982756e-05,-393.847887096783,0.0808666005424955,0.0692342939639772,1,0.55482004445667
"linear",200,"pg_apf",171,183.371,567.96194056511,1316.2876766454,292.952019956237,363.960308039716,10793.6984724969,574.51031119629,8583.24001090799,1209.86540833009,3.09733785912227,7.17827615405601,1.59759187633943,1.98483025145588,58.8626253469571,46.8080558589308,0.00517044797631958,0.00436795753365458,9.59036958353473e-06,0.00107641852006936,0.0112446883291724,4.28227819836901e-05,3.68123433804788e-05,5.93146185810563e-10,1.11437491275065e-05,9.07968423254136e-05,-408.3086128742,0.112200438529899,0.0863414122751588,1,0.572927461433387
"linear",200,"pg_apf",172,183.97,736.574232219746,1853.08024935716,298.647524292916,337.049396419704,11033.18754128,740.294707216432,8799.83426311727,1650.40401568154,4.00377361645783,10.0727306047571,1.62334904763231,1.83208890808123,59.9727539342284,47.8329850688551,0.00521191516600245,0.00434581567040393,1.06174861642683e-05,0.00106122513370109,0.0117235482212088,4.19948575464608e-05,3.54075601658933e-05,6.67449530486989e-10,9.97716402502788e-06,9.00475987253111e-05,-409.089907811554,0.109519245102846,0.083654167589177,1,0.571248880567648
"linear",200,"pg_apf",173,183.964,842.727605975343,2176.74245489877,301.988038164752,322.454942906964,10397.2037610495,829.364026435567,9122.06566986247,1952.49542474038,4.58093760722393,11.8324370795306,1.64156051273484,1.75281545795353,56.5175999709154,49.5861454951103,0.00773762536715571,0.00668089048566009,2.04023566065185e-05,0.00139558350656988,0.016834388480717,4.34256556993946e-05,3.64676041324447e-05,6.77683770321865e-10,1.0520168157096e-05,9.47180171795208e-05,-395.500756345494,0.145075919723315,0.116837825686056,0.975,0.628430891000122
"linear",200,"pg_apf",174,183.144,632.811796982847,1692.97199700524,501.700576719378,467.149373838273,11286.3266326124,635.268622098664,8504.43790337928,1438.41648260027,3.45526906140986,9.24393917903529,2.7393776302766,2.55072169352134,61.6254238883743,46.4357986250125,0.00367446259624545,0.00324943367632559,3.39070566572218e-06,0.00109541411892076,0.0073165971022004,4.10625097243181e-05,3.5114227368709e-05,5.52701128044173e-10,1.07191008591069e-05,8.63692949325751e-05,-386.512169452073,0.142018270603136,0.109501567847081,0.975,0.540647227894268
"linear",200,"pg_apf",175,183.901,761.278230016769,1766.910173203,288.674933373839,393.283892146637,10152.8931101848,759.508844736772,7879.32877563742,1586.64613747804,4.13960897448502,9.60794217107572,1.56973009050434,2.138563097246,55.2084714611925,42.8454917354306,0.00650332044413111,0.00525681245349675,1.94963432389027e-05,0.00118140486228795,0.0153418903292443,4.47945370416533e-05,3.85817268395327e-05,6.42230244392301e-10,9.9235467489786e-06,9.30087466608265e-05,-395.327558833285,0.0940863069725038,0.068352879461033,1,0.609930108665297
"linear",200,"pg_apf",176,183.294,534.212035342967,1244.37971485265,454.892388174338,366.168704730992,11033.730757741,538.243585255491,8128.91520299212,1096.60502952069,2.91450912382821,6.78898226266353,2.48176365933603,1.9977124441116,60.196900922785,44.349052358463,0.004106042976076,0.00355939071976163,5.17126380232655e-06,0.00103885982872807,0.00835380212190704,4.50567409020045e-05,3.86728746567567e-05,6.5922573857225e-10,1.18914594298599e-05,9.41484507460864e-05,-386.610447505233,0.134175512468002,0.0975529702829105,0.96,0.56141282014214
"linear",200,"pg_apf",177,183.06,375.387976210661,867.814547512079,378.515113826595,310.670099909918,10431.7778524926,362.783591066994,7161.01621790156,718.040402087041,2.0506280793765,4.74060170169386,2.06771066222329,1.69709439478814,56.9855667676861,39.1184104550506,0.0050136897273825,0.00438734067723709,7.58569744943197e-06,0.00122876257394822,0.0104003314203933,5.69493013799869e-05,4.81042568970696e-05,1.22736660475831e-09,1.14221810914334e-05,0.000122660940965086,-391.080969009492,0.156490190018862,0.123110935894968,0.98,0.58753382646185
"linear",200,"pg_apf",178,183.697,533.523367924356,1447.96719049198,393.063335979371,455.282239914767,10738.5327256841,537.182635103162,8423.82303028734,1265.8053105679,2.90436625488906,7.88236710720358,2.1397373717555,2.47844134588353,58.4578557389836,45.857161686295,0.00464598742180456,0.0039371873793836,7.92333348708605e-06,0.00108084770255809,0.00998658127623016,4.44406553020793e-05,3.93640870668874e-05,5.19484228797725e-10,1.20754126083391e-05,8.99679636861159e-05,-391.3088372587,0.0941252740767945,0.07768431735341,1,0.572569005372166
"linear",200,"pg_apf",179,183.165,494.846500772984,1208.95045744982,420.748958150895,513.768405225788,11413.0622360128,492.777008510784,9076.42282984053,1087.05340643536,2.70164333127499,6.60033553053158,2.29710347583269,2.80494857219331,62.3102789070662,49.5532597922121,0.00418838646567262,0.00364588019399973,5.20819472387464e-06,0.00110154186721237,0.00864520474376567,4.63086419211834e-05,4.04904833537668e-05,6.07687237199552e-10,1.25155090473321e-05,9.26552830950361e-05,-399.639017007335,0.122010076211874,0.0948827030010384,1,0.550483625550017
"linear",200,"pg_apf",17,183.794,513.984392602042,1271.05784269703,510.099489638032,463.029360917439,11351.390901294,512.720714552774,10222.1737503055,1109.21676082379,2.79652432942339,6.91566559679329,2.7753870618085,2.5192844212403,61.7614878684503,55.6175596064369,0.0034344033768674,0.00305882216983655,3.01473694376109e-06,0.000977135499140214,0.0066743245831688,3.55774534816374e-05,3.14255946426463e-05,3.16504658921605e-10,1.03525833903045e-05,7.08765095630412e-05,-376.60528326248,0.133452417226465,0.104213612624592,0.945,0.531487248503219
"linear",200,"pg_apf",180,183.616,672.935917231151,1455.49914081404,494.860632016912,292.283517962774,11309.2857578774,680.1167923122,8297.59939988708,1343.27183858223,3.66490892531779,7.92686443890534,2.69508448074739,1.59181943819043,61.5920494830372,45.1899583908106,0.00444374972495596,0.00394353695988689,5.16387894013882e-06,0.00114106661067598,0.00895806378828551,4.72630386252421e-05,3.96319324566645e-05,8.98729065442374e-10,9.93224168255456e-06,0.000102779100310525,-392.016762215809,0.100195216510563,0.0761680309935358,1,0.560740179811893
"linear",200,"pg_apf",181,185.453,601.668731515129,1479.59907771194,462.694118537446,382.572011839441,10610.0388732369,599.992739373838,9033.6384194161,1303.57254032798,3.24431921573191,7.9782968068025,2.49494005779063,2.06290549001333,57.2114706865723,48.71120132549,0.00436093620945284,0.003786213289819,5.9782443184125e-06,0.00101676878164635,0.00892881918386718,4.79575923094374e-05,4.05607791309605e-05,8.02680436989129e-10,1.3125270682059e-05,0.000102622152791931,-377.646589365605,0.109347002589031,0.0973778576025606,1,0.564256988035943
"linear",200,"pg_apf",182,183.854,513.516603721788,1168.01478020929,316.377919090188,330.907793834001,10732.2688787907,511.2056288275,8141.54024609822,1048.1222072744,2.79306734540335,6.35294733978752,1.72081063827922,1.79984005696912,58.3738666484858,44.2826386485919,0.00454046994319199,0.00398370304553651,5.75628146380641e-06,0.00105972161113236,0.00931755331930326,5.09671913754804e-05,4.34254330837812e-05,8.2951192405396e-10,1.2653524151182e-05,0.0001085706308977,-381.382388458951,0.132066994475342,0.0962213315259888,0.945,0.572140734265939
"linear",200,"pg_apf",183,183.272,610.705687513866,1530.13951261256,459.707873945281,442.935515138853,11243.4892954179,607.287097486239,9017.88367139858,1378.28000359841,3.3322367165408,8.3490086462338,2.50833664687067,2.41682043704905,61.3486473406625,49.2049176709949,0.00396484397015263,0.00351393318454703,4.39122851589589e-06,0.00118304495502659,0.0081439488453693,4.0177744520221e-05,3.48381498141613e-05,4.83060680537051e-10,1.13255546716876e-05,8.32179019546594e-05,-400.176030167743,0.0966558499497852,0.0766104109740858,1,0.550767080861548
"linear",200,"pg_apf",184,185.117,643.257982105371,1602.92274420254,288.853529084498,409.327597833847,11358.8988973461,639.366247969198,7201.19040714864,1446.4733768906,3.47487255144245,8.65897105183502,1.56038359029424,2.21118318595184,61.3606470359076,38.9007514552885,0.00466144469331803,0.00401299871239068,6.89768209913005e-06,0.00115547559467177,0.00973077247350902,4.61604967515677e-05,4.0613330260902e-05,6.37743893553863e-10,1.11102647399043e-05,9.41756627683526e-05,-398.626585375096,0.102911003102973,0.0759326455272082,0.99,0.567849853837972
"linear",200,"pg_apf",185,183.771,562.738971317636,1591.34310047488,314.290543012456,410.72320872621,11088.9308017118,556.287870151069,9993.37390612381,1397.67382051648,3.06217505111055,8.65938097128968,1.7102292691037,2.23497292133258,60.3410266130774,54.3794935333856,0.00484199151533508,0.0040921883974483,8.40340471528612e-06,0.00112476749704522,0.0107026405762731,3.85567182723545e-05,3.31642239993027e-05,4.46937097709837e-10,1.03295215273545e-05,7.95938022190251e-05,-401.18035062424,0.11051452182777,0.0885076715743571,1,0.566682226178735
"linear",200,"pg_apf",186,184.066,597.245671396792,1802.5716903145,353.581222269023,395.118554822288,10528.4030588312,593.331147726212,7681.15775857544,1465.39099626299,3.24473651514561,9.7930725409065,1.92094804183838,2.14661346920283,57.1990647856269,41.7304540685159,0.00460233213961564,0.00393348474098428,7.49229073263073e-06,0.00109838410121464,0.0101160812534463,4.76928795185733e-05,4.08292196264839e-05,7.52320275736587e-10,1.11867902643802e-05,0.000100234936919087,-405.361778846552,0.101049887206023,0.0815210365261984,1,0.555133501404327
"linear",200,"pg_apf",187,183.161,516.006235002912,1342.12567492165,448.983574353605,335.320956553901,11214.9921662557,523.275112880792,8082.41795028904,1210.6074402959,2.81722765765044,7.32757341858609,2.45130554186538,1.830744299026,61.2302409697242,44.1273958445796,0.00443731002886212,0.00381229763372621,6.39080518346659e-06,0.00116469379098753,0.00935103866784952,4.49668205195013e-05,3.80268337830336e-05,6.8264239113173e-10,1.05716592239174e-05,9.55368207352732e-05,-384.390298017425,0.107940604773459,0.0907305901553314,0.995,0.564191673478308
"linear",200,"pg_apf",188,183.446,570.3273465971,1582.19836085872,423.302216581028,356.65016834225,10860.2387735444,570.572033746146,8878.24519450424,1385.04838029939,3.10896583516184,8.62487250121953,2.3075031157999,1.94416977389668,59.2012841574326,48.3970497830656,0.00419584297547391,0.003651790019166,4.98835898296659e-06,0.00113367178658798,0.00871956769052239,4.25514294455662e-05,3.61921948307128e-05,6.68791251352779e-10,1.05982804863617e-05,9.06769005340482e-05,-384.505219701559,0.112694208091575,0.0890914639429066,0.985,0.553867125188561
"linear",200,"pg_apf",189,184.884,434.86188223103,1013.98445094929,414.213414078081,399.985166768603,10779.1448106834,446.60385777836,7384.99758316529,908.244699374043,2.3520795862867,5.48443592170921,2.24039621642803,2.16343851695443,58.3022046833872,39.9439517922875,0.0046214732771439,0.00397065068673262,6.64180628374429e-06,0.00112168057908282,0.00982987529267943,4.94068499751982e-05,4.28628788110945e-05,7.7767770286181e-10,1.17715129646636e-05,0.000102789658106338,-387.016633767679,0.0973396323118151,0.0764462559603484,1,0.57517981708089
"linear",200,"pg_apf",18,194.036,796.615912381477,1978.7616062268,388.089455908177,406.087753426689,10990.1365999867,792.705549073325,9071.17790990624,1837.55924730558,4.10550574316868,10.1979096983385,2.00008996221411,2.09284747895591,56.6396782039759,46.7499737672712,0.00546601892688353,0.0045842560481454,1.06101341566064e-05,0.00127256177991691,0.0119642254736398,4.54865008620597e-05,3.79583173288231e-05,8.61103000430352e-10,1.19680877399056e-05,9.65931905742087e-05,-403.206642266307,0.142988354192829,0.112186315932676,1,0.589511736831634
"linear",200,"pg_apf",190,183.465,508.893117327865,1150.17768058709,475.594371265949,333.217191284382,10978.7805417477,511.994584417612,7881.56353846633,1013.85809147162,2.77378855546216,6.26919401840729,2.59228938089526,1.81624392273394,59.841280580752,42.9594938460542,0.00390405153300433,0.00346962197825648,3.92102743649233e-06,0.00104962564728323,0.00787926713089165,4.70180377802742e-05,3.96663366571959e-05,7.96774850332031e-10,1.16469155805504e-05,0.000103107145382404,-383.489109597746,0.108064580771989,0.0838744562784522,1,0.553410426189179
"linear",200,"pg_apf",191,183.349,521.803201033171,1373.65000208204,455.140613931738,389.337840736006,10990.3285523672,520.340594061218,7940.22124691163,1175.17478589028,2.84595607847968,7.49199614986741,2.48237303684088,2.12347948849465,59.9421243222879,43.3065969648682,0.00420170353928885,0.0036281906901236,5.88911919687797e-06,0.00107979657337542,0.00888323971122588,4.47452949000753e-05,3.84572574986379e-05,6.69546544405462e-10,1.02594760910324e-05,9.59326901195968e-05,-393.634829204175,0.149025115479241,0.118382587346839,0.92,0.566796720210414
"linear",200,"pg_apf",192,183.821,637.203704999681,1479.96426946759,282.179479398738,275.436770169371,10143.6228860484,642.811952466296,6186.55934070171,1330.81672566492,3.46643585335561,8.05111640926546,1.53507749059541,1.49839664765925,55.182067805356,33.655345910977,0.0055832871682608,0.00483165202501726,9.97192951218524e-06,0.00124241000534963,0.0118267557681996,5.98440669115993e-05,4.73289901709187e-05,1.99281567884265e-09,1.21880259131868e-05,0.000139641384022369,-377.547659839127,0.168555262769433,0.128580849073099,0.935,0.597071925449909
"linear",200,"pg_apf",193,183.509,433.568514133733,937.059662425982,394.608263259859,421.821983830906,10843.5211145371,437.948686147363,8972.31636684493,841.865820372291,2.36265531463707,5.10634171853142,2.15034828406159,2.29864466500774,59.0898599770968,48.893059015334,0.00389599877104557,0.00340720283824458,4.1290617578436e-06,0.00104558687154161,0.00790100727735611,4.27698716330248e-05,3.63229296722881e-05,6.42095302573999e-10,1.0120368975739e-05,9.11428011900327e-05,-380.865152462133,0.144934787723308,0.126854181991663,0.915,0.556792886882144
"linear",200,"pg_apf",194,183.838,615.95151531786,1493.79093311898,557.807494435835,406.725428897311,11454.5676722653,619.763083748345,8844.76026029747,1367.74029916686,3.35051249098587,8.12558303027109,3.03423391483717,2.21241217211518,62.3079432558301,48.1117084623281,0.00352965385044451,0.00314518629247419,2.78347024625491e-06,0.00112236200825727,0.00693359779977245,4.18145717869282e-05,3.52359666505826e-05,5.78365610538161e-10,1.14624307111431e-05,9.13651420774061e-05,-400.525550116937,0.101863845180237,0.0852171849183515,1,0.53339124088498
"linear",200,"pg_apf",195,188.37,648.279977874974,2030.29394603593,376.412396337535,408.838357815413,10882.6536244719,644.118986015515,8830.81816309926,1774.98838643439,3.44152454146082,10.7782234221794,1.99826085012229,2.17040058297719,57.7727537531024,46.8801728677564,0.00552125370507899,0.00478468479570793,9.7159983491583e-06,0.00129723588736439,0.0117615752495121,4.50507220923263e-05,3.8205761457596e-05,7.38477697229836e-10,9.86322060511272e-06,9.7171921520265e-05,-389.419784893468,0.103577802426835,0.0753931003769387,1,0.57917726300234
"linear",200,"pg_apf",196,183.96,526.320389269603,1354.84429205441,494.082458692091,476.551503348677,11095.375646487,528.738007484758,8396.27702301674,1203.37910535187,2.86105886752339,7.36488525796051,2.68581462650626,2.59051697841203,60.3140663540278,45.6418624865011,0.00383634786679534,0.00340733783886515,3.69950679526967e-06,0.00103388039256212,0.00758930207926513,4.25122415174719e-05,3.63819993646945e-05,6.50867117806905e-10,1.13681367776763e-05,8.78716241901195e-05,-379.734721449801,0.0814791245327871,0.064603495545637,1,0.546592820782033
"linear",200,"pg_apf",197,183.294,735.486285892561,1786.21946264855,310.402298234858,319.244726838592,10021.5767501915,727.983127500485,6725.1164992116,1190.93933953192,4.01260426360144,9.74510601901073,1.69346677051544,1.74170854931745,54.6748761562926,36.6903253745982,0.00605936244804828,0.00515570524407085,1.31880993173863e-05,0.00132549153045426,0.0132212917885134,5.77231785476714e-05,4.71530799647101e-05,1.81044741576514e-09,1.24173273218046e-05,0.000131106928602503,-383.763366454768,0.122758391508696,0.0924504826190637,0.965,0.598004097282676
"linear",200,"pg_apf",198,193.97,667.634273838573,1521.08095631258,407.050495595989,476.209116390999,11108.6206448125,660.9887982317,9104.90306536843,1319.19835547525,3.44194604237033,7.84183614122069,2.0985229447646,2.45506581631695,57.2697873115044,46.9397487517061,0.00416602232100537,0.00362589625518238,4.99570600351019e-06,0.00114905372176122,0.00862901553182954,4.44600601366038e-05,3.77274930592026e-05,6.77848060070889e-10,1.18195856522895e-05,9.43883431950898e-05,-411.070915734288,0.102582082660319,0.0800383971816914,0.97,0.549487685309684
"linear",200,"pg_apf",199,183.636,621.738310852771,1769.93096775832,393.062462559268,365.505920224654,11002.738838126,632.355066491441,8276.74212538198,1563.2856752135,3.38571037733762,9.63825702889588,2.14044339105223,1.9903827148525,59.9160232096429,45.0714572599163,0.00487021971916474,0.00425054399814387,6.91247731797003e-06,0.00127860008178209,0.0102406467836725,4.58638690949826e-05,3.9046109488225e-05,7.11652281887102e-10,1.29925666714388e-05,9.71691538260055e-05,-400.533464245492,0.114343807650658,0.0953448322717561,1,0.574641205653748
"linear",200,"pg_apf",19,183.698,778.284595562219,2046.12813216731,371.405073200963,297.211028365151,10978.0522538572,775.837794287745,8782.25404309391,1857.37709039312,4.23676139948295,11.1385433274576,2.02182426156498,1.61793284828986,59.761414135468,47.8081091960387,0.00507696317148934,0.0043503711853372,9.2700476521171e-06,0.00111047377029754,0.0107857663390092,4.52651151241986e-05,3.84436173775548e-05,6.95835248691577e-10,1.01011232017624e-05,9.65971838704473e-05,-397.666998718165,0.120419237663475,0.103894274752951,0.995,0.577345359976949
"linear",200,"pg_apf",1,183.049,551.598198834163,1375.87792814847,326.763567264616,376.224987316124,10906.4957327937,548.909535224698,9614.25376768728,1208.03486778531,3.01339094359523,7.51644602346075,1.78511528205353,2.05532391499612,59.5823835846887,52.5228423410523,0.00490652520248809,0.00431261365072701,6.78638631662605e-06,0.00119775986994779,0.0099557418433456,4.03887108214396e-05,3.4249926022086e-05,5.65769630723772e-10,9.97222893339459e-06,8.65401192121793e-05,-376.578592118746,0.14910008163996,0.115904281511151,0.895,0.572656759059273
"linear",200,"pg_apf",200,183.231,521.037716547793,1281.55224996223,385.256937208431,363.925926546381,10849.1935385255,522.83828444815,8608.85281789845,1127.76195609358,2.84361116049027,6.99418902894289,2.10257509487167,1.98615914635832,59.210469508574,46.9836044004478,0.00401972375357219,0.00345987190341931,5.40802410568569e-06,0.00107214068610627,0.00833787462210579,4.56090361749913e-05,3.86505017811826e-05,6.60167901275793e-10,1.20493661130834e-05,9.63821738502091e-05,-394.563034206874,0.0619491414239713,0.0498232658851433,1,0.55124350688243
"linear",200,"pg_apf",20,183.52,599.317352449541,1378.40569039077,422.839027804888,335.366575001921,11235.3490353275,620.03299242964,8526.87437559436,1290.57274523107,3.26567868597178,7.51092900169338,2.30404875656543,1.8274115900279,61.2213875072336,46.4629161704139,0.00447983036256443,0.00389751696007935,6.09685736921216e-06,0.00120309306359141,0.00945517818233717,4.31308788246755e-05,3.6100116943635e-05,6.92186773907453e-10,1.05155966534634e-05,9.59480087873424e-05,-400.820016802793,0.10074551664191,0.0880320224013808,1,0.5594016247382
"linear",200,"pg_apf",21,183.885,361.071463934864,1126.46809108418,396.613785118783,196.520093256314,11183.2328083829,362.646800437221,6988.26169123527,926.488213155462,1.96357214528028,6.12593790186356,2.15685773781866,1.06871193004494,60.8164494569048,38.0034352515717,0.00427574875075495,0.00372038690901516,5.55697801879825e-06,0.00108208751914151,0.00880757721952865,4.95955542041679e-05,4.17006644024754e-05,9.64049314679893e-10,1.08582321482316e-05,0.000109885024352697,-394.181720859308,0.0858093765598193,0.0745758073612043,1,0.556020891448706
"linear",200,"pg_apf",22,182.967,540.32601025361,1351.54019857358,413.472518469027,495.629503021391,11659.713114906,538.328014029358,9557.08662977762,1198.7341629301,2.95313368123,7.38679761144677,2.2598201777863,2.70884642050966,63.7257708488744,52.2339363370314,0.0036461435039252,0.00324007069666408,3.23754608786978e-06,0.00104412270834301,0.00720825080546381,4.01886917680135e-05,3.52083827475917e-05,4.35050302693216e-10,1.2357151492339e-05,8.19583641252806e-05,-395.810243500964,0.116084830530184,0.0850734666160012,0.97,0.533982081103313
"linear",200,"pg_apf",23,183.476,459.966724776436,1079.69651761244,343.113334336052,300.074373035101,10837.4369443026,465.997637055492,8539.76740012572,967.24663421194,2.50695853831802,5.88467438581855,1.87007202215032,1.63549659375123,59.0673273033124,46.5443295042715,0.00434872742302767,0.00376839550459106,5.74764361466489e-06,0.00104090935804014,0.00919907406112485,4.61582504799612e-05,3.79980946348666e-05,1.00550653770447e-09,1.09730322226452e-05,0.00010021806391236,-395.275946663385,0.128718779466715,0.0988380988447201,1,0.568046023257725
"linear",200,"pg_apf",24,183.11,467.73244077304,1286.62647706881,495.100951772706,480.382217787022,11463.7569058939,473.762979730205,8883.34743654263,1199.82362392599,2.55437955749571,7.02652218376284,2.70384442014475,2.62346249678893,62.6058484293259,48.5137209138913,0.00365093832426236,0.00320042340109361,3.68854780691267e-06,0.00101779462537198,0.00734541905244908,4.20746268545455e-05,3.72489539830993e-05,4.51386390052926e-10,1.16359104644852e-05,8.40490679828906e-05,-388.081083766256,0.105432176520495,0.0855127477947277,0.99,0.541242743826351
"linear",200,"pg_apf",25,183.665,772.782303520379,2099.64201604499,384.720219317592,347.209069856338,10947.889406236,767.660915748019,7409.82925138944,1921.79727764534,4.20756433463305,11.4319114477172,2.09468444895648,1.89044766208226,59.6079242437917,40.3442640208501,0.00447817667056275,0.00375519391472713,7.55440556469099e-06,0.00111371773917543,0.0097448319744135,4.47533654527534e-05,3.92168589144121e-05,5.92557657380894e-10,1.15738699186682e-05,9.21684145878196e-05,-410.998784806489,0.153371507536365,0.12714832051356,0.99,0.552851717327715
"linear",200,"pg_apf",26,183.634,613.386231099193,1467.3425247341,333.273939993196,386.076793881511,10417.651652069,612.192628451283,10092.5765739393,1359.97215018986,3.34026504405063,7.9905819441612,1.81488144893209,2.10242544344463,56.7305164189039,54.9602828122205,0.00508390365172556,0.0042120694696398,1.02085491308079e-05,0.00117650332091725,0.0115214544478773,3.97102538811895e-05,3.4416529251623e-05,7.19587334498257e-10,1.06523869731077e-05,8.02381464642639e-05,-389.535069751981,0.0914612856329766,0.0775708090896617,1,0.569850299336194
"linear",200,"pg_apf",27,183.03,624.824278404746,1482.84649584324,489.741957181924,437.634700700718,11354.3764090488,621.89599034804,9338.81328987029,1333.96030510973,3.41378068297408,8.10165817539879,2.67574691133653,2.39105447577292,62.0356029560663,51.0234021191624,0.00405574439948053,0.0034764775563674,5.17457177011589e-06,0.00107357705183524,0.0085899258065931,4.19057199542771e-05,3.65593198717588e-05,5.1891215303273e-10,1.14459302287178e-05,8.56451082852307e-05,-393.166896677644,0.0997135834952625,0.0709221346518471,1,0.548674039656334
"linear",200,"pg_apf",28,184.135,609.943188360523,1348.54813450333,342.126386654634,378.039420422657,10865.0189435097,613.70914199705,8939.56786376398,1196.78270726315,3.3124782814811,7.32369258697873,1.85801931547307,2.05305574943741,59.0057237543633,48.5489877739918,0.00493384631846414,0.00416621324069717,8.88272148110624e-06,0.0012026013218144,0.0110366170610062,4.35124832010703e-05,3.78533034767145e-05,5.92279171499493e-10,1.10164785861431e-05,9.00679957384076e-05,-388.833307276984,0.100266201164689,0.0788831246804121,1,0.580553550955455
"linear",200,"pg_apf",29,184.076,580.691295130346,1447.05902302059,397.165149908706,435.964731698284,10951.8653814932,581.268729629196,7449.14855153416,1264.07731511509,3.15462795329291,7.86120419294523,2.15761506067443,2.36839529160936,59.4964328945286,40.4677880415381,0.00438866278674889,0.00373900411139183,7.00319286418491e-06,0.001070824521366,0.00958601645982336,4.42684976835272e-05,3.7712587850636e-05,7.02932992861772e-10,1.15255527484931e-05,9.38760537406044e-05,-396.249493036906,0.0777384424928103,0.066355152131862,1,0.554725886346319
"linear",200,"pg_apf",2,184.081,583.165605935767,1247.52260867719,415.346386648944,349.930313904283,11295.2508098533,589.790039154656,9487.27376801863,1120.78565893273,3.16798369161275,6.7770308107691,2.25632404565894,1.90095834933688,61.3602208259045,51.5385822981113,0.00430895624499826,0.00371364848968182,5.84035879240452e-06,0.00101073263470102,0.00897986223341114,4.14755004073623e-05,3.44205061246373e-05,6.1536138020493e-10,1.12129157054729e-05,9.224443418541e-05,-400.264799986091,0.136250724935117,0.108163888697267,0.995,0.544754818836497
"linear",200,"pg_apf",30,183.723,460.030281777365,1185.21029124566,371.292793236139,325.673398582733,11210.1834138869,459.752225288775,10286.5800082623,1025.09930263074,2.50393408434091,6.45107194660257,2.0209380057812,1.77263270566414,61.0167666208746,55.9896148455135,0.00396938888597442,0.0034862432977557,4.25182380963987e-06,0.00111429023602844,0.00811562860822988,3.89201827892252e-05,3.39080878035216e-05,4.4061132038328e-10,1.05337049998949e-05,7.8485552148064e-05,-397.70491809368,0.119467458503678,0.0893008271708515,0.955,0.543965383931202
"linear",200,"pg_apf",31,183.584,442.740389853639,1106.21926613701,400.599521240347,368.998264442021,11248.3607354633,444.428658048023,9346.92665882963,992.839179854684,2.41165019747712,6.0256845157367,2.18210476534092,2.00996962939048,61.2709208616398,50.9136235120143,0.00418117536766806,0.00362608224498284,5.05174550146449e-06,0.00119866843731991,0.00861497466324704,4.2895925382502e-05,3.69298637632771e-05,5.84181305778325e-10,1.13367547746756e-05,8.97665247537031e-05,-387.498892561155,0.13397295812989,0.101726208286755,0.97,0.565224115278611
"linear",200,"pg_apf",32,184.089,725.090762596174,1736.46882568965,380.512448634,359.48552230829,11224.9642942326,733.778390765057,9153.21175839331,1601.95491270142,3.93880548319657,9.43276798553772,2.06700263803921,1.95278111298497,60.9757470258006,49.7216659245979,0.00421172924450181,0.00367012570722543,5.18315560573258e-06,0.00117565243591978,0.00864209541460007,4.2585889513689e-05,3.6215990907655e-05,6.18302946334543e-10,1.07800953296199e-05,8.9836356614592e-05,-396.337481043558,0.112710100262986,0.0816267896266406,1,0.54678810212095
"linear",200,"pg_apf",33,183.664,568.960838077307,1479.79854087348,319.452683587978,406.173161043823,11184.6294431967,562.725559215437,8926.00214153646,1371.41285761874,3.09783538460072,8.05709633283321,1.73933206065412,2.21150122530176,60.8972332258726,48.5996283514268,0.00451799695596008,0.003897624643894,6.40356500405599e-06,0.00103796208470001,0.00931260101299241,4.34370159632125e-05,3.70411245195278e-05,7.81652633686153e-10,1.08093869831503e-05,8.93559708358709e-05,-400.608168906647,0.0799563320859152,0.0624845207492158,1,0.557830325199619
"linear",200,"pg_apf",34,184.035,690.973511374377,1641.12358798103,440.232372204699,448.220092511177,10878.6807627587,695.475749225192,8148.00951363551,1491.208691637,3.75457663691351,8.91745367990346,2.39211221889695,2.43551548624543,59.1120208805866,44.2742386700112,0.00399033828757696,0.00338503640839904,4.99904836608792e-06,0.00111099998603283,0.00867388198694909,4.44507961368536e-05,3.8574706725484e-05,5.87033618147966e-10,1.14890554205414e-05,9.16587101579072e-05,-389.077549300734,0.0949202471774313,0.0678781687777503,1,0.550311300947584
"linear",200,"pg_apf",35,184.671,501.9532691981,1457.7846443234,375.719924346867,322.452659206478,10790.5264035949,497.629554594032,7351.03213331608,1277.79094042992,2.71809471545668,7.89395543600999,2.03453668603553,1.74609256031796,58.4310823225895,39.8060991347644,0.00470178044600651,0.00406762464455623,6.78484050690164e-06,0.00113408349982717,0.00992480795150506,4.65419415631094e-05,3.94146011560635e-05,8.07344539194554e-10,9.58115862887097e-06,9.95072727480202e-05,-395.535325335031,0.107114376102969,0.0886071540233608,1,0.564563919492526
"linear",200,"pg_apf",36,188.486,446.272562070222,996.284054245864,341.954991482539,376.006360941077,10448.062931789,447.668128382736,7149.97258459683,870.356623520566,2.36766954612132,5.28571912102684,1.81421957854981,1.99487686587374,55.431506487426,37.9337064004585,0.00527494747290651,0.00444783307402494,1.01576626491954e-05,0.00109381633374667,0.0117076778654604,6.27864191347972e-05,5.41559673548004e-05,1.29881839877478e-09,1.39704987493554e-05,0.000133735479412799,-389.935473786645,0.137445850007361,0.108881793862894,1,0.592924275505036
"linear",200,"pg_apf",37,183.391,499.000126397122,1058.84552951883,367.547294982252,421.443783351687,10733.7785945782,496.870952868629,9115.90173814343,958.673800504723,2.72096300471191,5.77370497744614,2.0041730236612,2.29806142805092,58.5294730634447,49.7074651326588,0.00380883367373218,0.00324598283178793,4.68627962246982e-06,0.00103251894064784,0.00794628933809145,4.02095918661367e-05,3.45348154812377e-05,5.42532900443072e-10,1.08230587799319e-05,8.30593932329022e-05,-377.91447799886,0.132789893480873,0.115881034218349,0.98,0.558286379192105
"linear",200,"pg_apf",38,183.115,533.860187613614,1569.13944508392,341.23322083125,286.445758308718,10752.9945636586,528.975420421912,8355.8033036856,1332.02086011449,2.91543667975652,8.5691475033936,1.86349136242935,1.56429434130857,58.7226309349786,45.6314518400219,0.00459858394802299,0.00398303675316901,6.46502349117401e-06,0.00110862935734194,0.00968160005325077,4.22975696547893e-05,3.60236621201991e-05,6.72848895669627e-10,1.04810482985192e-05,8.84955560260077e-05,-401.305832465379,0.108019623058952,0.0901836858880254,1,0.562962060383162
"linear",200,"pg_apf",39,183.924,725.958771736781,1706.43560701349,375.98791723916,403.982831792272,10576.8701888009,730.702979111478,9304.56510208947,1506.87532207667,3.94705841400133,9.27793875194912,2.04425696069659,2.19646610443592,57.5067429416547,50.5891841308881,0.00560956197279213,0.00471434878879635,1.12028617409082e-05,0.00126028431022071,0.0122129446761301,4.72428103997378e-05,3.95177995490453e-05,8.24423514164125e-10,1.13839883561695e-05,0.000102854949460202,-398.783278211574,0.095785528408813,0.0776103835787528,1,0.591787696813246
"linear",200,"pg_apf",3,184.049,516.783815250578,1237.29616386394,368.587670726629,418.068209597276,10776.7882745699,516.460842366114,7257.05008847923,1061.0306338054,2.80785994626745,6.72264540347373,2.00266054543426,2.27150492313067,58.5539083318567,39.4299892337325,0.00462992274411091,0.0038721515454086,7.83170606550582e-06,0.000936445094662649,0.0101946358061266,5.30580117253301e-05,4.70192963613102e-05,7.44170201638911e-10,1.43313372749813e-05,0.000105469244421707,-390.212306718908,0.181256086467556,0.149886363240394,0.965,0.577237381188587
"linear",200,"pg_apf",40,183.714,362.125220654432,813.171882501269,379.807067439519,337.589591353086,11003.5423082549,358.63831807451,8651.63589007808,669.835435835592,1.97113568184478,4.42629240287223,2.06738227592627,1.83758228198769,59.8949579686629,47.0929591107813,0.00416698272525881,0.00364025177780614,4.90413375267315e-06,0.00104069742029755,0.00848769333619165,4.26154748662021e-05,3.58632268347312e-05,6.03965234971491e-10,1.04218672457272e-05,9.09682885961737e-05,-393.231972688511,0.166743952957077,0.130515119596858,0.92,0.555261066391035
"linear",200,"pg_apf",41,182.973,590.722487448172,1374.3251909796,466.180857667998,378.956627324573,11357.698312288,589.826757877861,8758.36170237534,1244.59772520706,3.22846806604347,7.51108191361349,2.54781228743037,2.07110681534747,62.0730835275586,47.8669623516876,0.00435781172481583,0.00376611091761198,5.56273530666774e-06,0.00111221578907574,0.00907077366388799,4.42498952356299e-05,3.869559300509e-05,5.63047541899246e-10,1.2481889880694e-05,9.15250036060206e-05,-386.394857225755,0.0983912682878678,0.0816112258282437,1,0.558285822599382
"linear",200,"pg_apf",42,184.291,571.477849281866,1480.26657827229,448.229693100874,401.994891988225,10888.6561712632,575.484997997188,8370.78022444692,1386.18312401311,3.10095365092091,8.03222391908608,2.43218438828198,2.18130506637994,59.0840365034821,45.4215356389999,0.00427612465835621,0.00372523906310651,5.45076046750563e-06,0.00107750704739249,0.00899521273819005,4.81086967351609e-05,4.04938239083456e-05,8.4580561742821e-10,1.22717611247307e-05,0.000103580196491728,-379.606761188714,0.0904585431653068,0.0727627229849272,1,0.560025515676524
"linear",200,"pg_apf",43,183.357,650.191587367323,1561.78467702597,394.381849420999,411.006651604848,11010.3434305748,651.689924247451,8745.74873598675,1441.20096445451,3.54604180569775,8.51772595006448,2.15089606298641,2.24156509762293,60.0486669752168,47.6979266457607,0.00454929302078061,0.00393878882324267,6.10653719317292e-06,0.0011072373603187,0.0096263563530943,4.53026626074998e-05,3.85917042292431e-05,7.15009018818397e-10,1.18245006993284e-05,9.51047546339348e-05,-391.777674408866,0.103998273880285,0.0840253634973296,1,0.562168279774693
"linear",200,"pg_apf",44,183.568,713.528624706523,1643.83509930334,387.433187195255,369.309476676649,10824.6216701618,713.115853138288,7956.51495045355,1512.27898145402,3.8869989579149,8.95491098286923,2.11057040004388,2.01184017190714,58.9679120007942,43.3436925305802,0.00527516585831571,0.00450717749977151,9.23950811485819e-06,0.00113221102991613,0.0112039723654523,4.90208348311985e-05,4.19554317531581e-05,7.4876044613088e-10,1.30565970192662e-05,0.0001052158135508,-398.36209484973,0.0951118172434847,0.0763231516554928,1,0.586492422340286
"linear",200,"pg_apf",45,184.427,780.343819750216,1934.1926791626,360.723774784758,373.813166489393,10892.157922283,785.826398871136,9248.98312839634,1716.88530004374,4.23117992349393,10.4875787122417,1.95591629633816,2.02688959040376,59.0594539968822,50.1498323368939,0.00635391924497166,0.00529289545067419,1.62240578089689e-05,0.00129312230544246,0.014069086374188,4.29636375002939e-05,3.65758455225648e-05,6.36914774173003e-10,1.08698034772438e-05,9.16122785974324e-05,-398.275106451295,0.120462666228841,0.0935580586873732,1,0.601499720069926
"linear",200,"pg_apf",46,184.408,591.556010471508,1275.89601498119,344.452807676171,378.308470762035,10958.9305933934,585.99934694257,9522.47289798262,1173.85230633989,3.20786522532378,6.91887561809244,1.86788429827432,2.05147537396444,59.4276310864679,51.6380682941229,0.00488508901279617,0.00412372812677886,8.38726764332576e-06,0.00107980034491295,0.0105149717541121,4.35412051933806e-05,3.69817030660381e-05,6.41615421824228e-10,1.06630176628078e-05,9.33564107545883e-05,-399.617745837326,0.11057448340703,0.0831089633328137,1,0.559858265834236
"linear",200,"pg_apf",47,184.8,712.831472632052,1778.47054789339,276.60244248667,242.220896446539,10756.7109900923,716.295405249862,7808.33520724554,1619.90360599848,3.85731316359336,9.62375837604648,1.49676646367246,1.31071913661547,58.2073105524478,42.2528961431035,0.00560036483334752,0.00475186524609913,1.07629276638606e-05,0.00122036019477118,0.0118886884577805,4.98554282077031e-05,4.22126806809937e-05,8.60955912325717e-10,1.20624073229195e-05,0.000108516414620457,-415.640004709406,0.141907465572093,0.115406823534072,0.94,0.578603820956204
"linear",200,"pg_apf",48,183.63,505.221005994645,1084.79918277192,503.952787600156,342.147031411699,11338.901269572,522.305920494967,7951.65270296897,1002.40150709931,2.75129884002965,5.9075269987035,2.74439246092771,1.86324147150084,61.7486318661003,43.3025796600173,0.0043251973385535,0.00383883527901934,4.76334854609938e-06,0.00119507528570216,0.00869133975361743,4.81933998788578e-05,4.0022923294985e-05,9.27711033726119e-10,1.13188242955192e-05,0.00010678909987987,-401.811798426576,0.0967920934827309,0.0803626588586564,1,0.559311174031431
"linear",200,"pg_apf",49,183.083,738.816420360016,1885.46576757675,418.629483898778,453.37884171088,11583.9028084828,733.076856818581,9239.30936472274,1698.66089213277,4.03541792716973,10.2984207576714,2.28655573646258,2.47635685296221,63.2713185193756,50.4651407543176,0.00364676565816124,0.00317960840975206,3.75599983800439e-06,0.000992434376048311,0.00737988859624248,3.86101569867446e-05,3.32242203113548e-05,4.25688516849946e-10,1.07167257438906e-05,7.96703564392907e-05,-393.08074078707,0.180286401928961,0.147078850508199,0.905,0.527426068883863
"linear",200,"pg_apf",4,184.485,711.066156500906,1841.93792647938,294.410294142054,329.600508676071,10559.1302237046,710.974435992535,8774.58322771357,1649.21802865379,3.85433046860669,9.98421512035874,1.59584949530885,1.78659787341015,57.2357114329329,47.5625835580864,0.00512226348801292,0.00439491775417037,9.25396264673704e-06,0.00111809486398753,0.0109971892590704,4.96597319804158e-05,4.18134984694182e-05,9.31776199145216e-10,1.21946230011666e-05,0.000109649537368384,-393.685205397362,0.119704673194665,0.100712216496775,1,0.573448813189223
"linear",200,"pg_apf",50,183.401,639.591034629988,1465.10506030763,462.514905668413,331.204458879766,11043.5427458847,636.58839257037,8637.60968003706,1315.48261982245,3.48739120631833,7.9885336519846,2.52187777421286,1.80590323324173,60.2152809738479,47.0968515986121,0.00416009533682402,0.00361064701403242,4.7783171848555e-06,0.00115622258924138,0.0085959677411283,4.54757965063112e-05,3.80914548528345e-05,7.50535394013842e-10,1.01841805894972e-05,0.000101348108879263,-402.464416564587,0.0859988888162608,0.0684412285291878,1,0.547604009093752
"linear",200,"pg_apf",51,183.678,759.65381811564,1974.63302280273,304.498836640992,379.072781910098,10568.7671189879,740.778935695248,7164.14058216692,1721.9021275757,4.13579099356286,10.7505146114545,1.65778610743253,2.0637897946956,57.53964611433,39.003803297983,0.00598544890521763,0.00495631150500651,1.42394354914426e-05,0.00114617613510776,0.0131948093631545,5.19181389057939e-05,4.5069884616869e-05,8.44715224235349e-10,1.20423588990445e-05,0.000107998523091036,-395.291227707092,0.118856832353903,0.10412663662166,1,0.607269994081025
"linear",200,"pg_apf",52,183.82,678.702801783834,1697.04243966702,307.679131467425,344.352682768457,10807.6106714976,684.761506138654,6835.52224625815,1535.47108983454,3.6922141322154,9.23208812788062,1.67380661226975,1.87331456189999,58.7945309079406,37.1859549899802,0.00650396386469233,0.00556400269252487,1.53479374285328e-05,0.0011900688977487,0.0144310080304632,4.89030407492749e-05,4.2077010658695e-05,8.80949828943524e-10,1.15862552745401e-05,0.000100545214247133,-393.177974944359,0.114118194442398,0.0959383005252516,1,0.607663811933055
"linear",200,"pg_apf",53,185.966,438.857853249996,984.271358131792,370.883431574197,307.496718043473,10867.9453705647,442.347183522681,7995.52542164507,863.484820169482,2.35988220024088,5.29274898708254,1.99436150465245,1.65351041611624,58.4404964916418,42.9945550350337,0.00509197192183696,0.00435991453319972,8.27234531719254e-06,0.00123561794889258,0.0108976195872555,4.96645966659536e-05,4.13229556640747e-05,1.0268437600413e-09,1.14327668424755e-05,0.000110354690877319,-400.72920821865,0.0709246248657188,0.0530466152221042,1,0.579919845805184
"linear",200,"pg_apf",54,185.261,732.069412689437,1731.668559953,387.778628726647,383.936438717582,11007.5641329926,733.214418288855,9286.7666662597,1596.1773926518,3.95155706106216,9.34718348682668,2.0931476604717,2.07240832510664,59.4165211943831,50.1280175874021,0.00493676769013312,0.00422331138827991,8.17429425742743e-06,0.00120006983035443,0.010513416274112,4.24131439211974e-05,3.56673735153067e-05,6.77094818193316e-10,1.07477713757183e-05,9.10449179389903e-05,-393.645598240643,0.0907639250213074,0.0799898885106042,1,0.562017074254273
"linear",200,"pg_apf",55,183.574,619.509780786212,1471.35456419241,440.869255891164,429.452231795453,11080.2467918408,622.817870772568,8643.48240566333,1370.14568383618,3.3747141794928,8.0150487770186,2.40158876470069,2.33939573030741,60.3584755566736,47.0844586143099,0.00457925332682159,0.0039094077086492,7.07646905872223e-06,0.00114576035978417,0.00944505198808357,4.1453968277679e-05,3.56024375855458e-05,5.97036970036605e-10,1.006351067141e-05,8.58589392296828e-05,-388.467135076049,0.100110855209952,0.0779021578384933,1,0.558180253152241
"linear",200,"pg_apf",56,185.492,552.299152781994,1377.8959828037,218.061782101817,325.59238699103,11079.0252221451,556.371029407983,9370.95847827409,1273.38345086874,2.97748233229462,7.4283310482592,1.1755859126098,1.75529072407991,59.7277792149803,50.5194751163074,0.00393476269030152,0.00339068954396221,4.79720325497499e-06,0.00100411631515875,0.00818247458988552,3.95952559210047e-05,3.31176873650263e-05,5.94284609537187e-10,9.68368219890259e-06,8.74850622678344e-05,-408.314202817446,0.0806118468108306,0.0591739520512487,1,0.544731011916746
"linear",200,"pg_apf",57,187.139,358.640307746846,790.753623303724,473.94632362735,375.130769842902,10812.6628191466,359.144763599987,8651.30695576906,680.037830517342,1.91643809011935,4.22548813076763,2.53258980558489,2.0045568793405,57.7787784435451,46.2293105967706,0.00398616282259623,0.00350181568729651,4.300688571182e-06,0.00109710079665936,0.00803541932610139,4.93003369862907e-05,4.29532972985898e-05,9.25839334415763e-10,1.17966617177644e-05,9.93763648101953e-05,-389.399032233813,0.122152025126041,0.0851432586979585,0.995,0.560936387046921
"linear",200,"pg_apf",58,183.194,452.42194028494,1085.61384719568,476.459456653761,480.937818014,11175.776091104,453.349084395492,9928.73112027689,975.405092117067,2.46963295896667,5.92603386134742,2.60084640683516,2.62529241139994,61.0051425871154,54.1979056097737,0.0034972157617389,0.00310314094563967,2.95933767907482e-06,0.00105018909265059,0.00698155538145895,3.91085039372577e-05,3.38299868118402e-05,4.778099835561e-10,1.02878568871325e-05,7.90669927418742e-05,-380.724157067952,0.0910463551732685,0.0731954099895213,0.99,0.537520351604574
"linear",200,"pg_apf",59,184.688,676.354612768444,1612.83644869028,277.178144113445,437.418705889468,11201.6573672014,671.277440973469,8799.88121444803,1475.00311837587,3.66214704132615,8.73276254380514,1.5007913027021,2.36841974513487,60.6517877025114,47.6472819806811,0.00461248984692524,0.00393246493999071,6.74080094160503e-06,0.00114866574565432,0.00977299569779537,3.86250114619169e-05,3.38347217764119e-05,4.32841672569013e-10,1.04358755878358e-05,7.8613095502238e-05,-402.445676328425,0.109790014991493,0.0866958350275577,1,0.557967104855747
"linear",200,"pg_apf",5,183.716,814.149720640022,2158.59727865019,366.09656675854,379.028884189009,11280.0448537015,812.535413793706,8529.06380440557,1896.53329916945,4.43156676957925,11.7496422665973,1.992730991087,2.06312397498862,61.3993601738634,46.4252640184065,0.00466070429020599,0.00401077970823714,6.96365376942728e-06,0.0011216937530849,0.00975650213555263,4.43883188872911e-05,3.71525919314679e-05,8.03251495678518e-10,1.01204586549009e-05,9.81637763794264e-05,-396.904773810088,0.104832973900286,0.07417507063962,0.98,0.554462548371163
"linear",200,"pg_apf",60,183.319,648.985188516034,1685.05919410128,375.303718653444,425.72075809515,11221.6747741114,646.510113730925,9083.45690644546,1533.17141529076,3.5401959890466,9.19195061123659,2.04727125204394,2.32229478720236,61.2139209471544,49.5500024898972,0.00425485515307531,0.00368748625670342,5.56449196975954e-06,0.00109971810938511,0.00883414626980525,3.82859990490673e-05,3.33074685411119e-05,4.27557715099389e-10,1.06179852372705e-05,7.67961248735386e-05,-387.051839314537,0.101560038465706,0.0799334511504029,0.99,0.554509790028921
"linear",200,"pg_apf",61,183.461,335.957633455959,687.465661929072,437.923897463989,483.724785080542,10273.7018375851,337.315619116286,8054.84779469908,613.971702072519,1.83122098678171,3.74720328532534,2.38701357489597,2.63666275165045,55.9993777292456,43.9049596083041,0.00434448498080159,0.00369219226483469,6.25077073735201e-06,0.000946982294353635,0.00930827760070752,5.49053099990669e-05,4.67387129616655e-05,9.86190656932744e-10,1.33909228916747e-05,0.000115565360941687,-383.880283894384,0.162826286642366,0.122012548126562,0.955,0.578409810702475
"linear",200,"pg_apf",62,183.878,556.349146648548,1227.34941891141,381.055046623698,286.200919683912,10902.5598184731,560.485950161362,7359.41564731754,1043.89929948902,3.02564279929381,6.67480296126457,2.07232538217567,1.55647178935986,59.292355901593,40.0233613989577,0.00451307890960675,0.00397009837613663,5.36971384445619e-06,0.00105643123430855,0.00901847018915004,4.88773202278112e-05,4.08744386485877e-05,8.66342019968303e-10,1.12897119534051e-05,0.000106813369143197,-390.917605777616,0.0857435557371832,0.069994656592932,1,0.564379699689364
"linear",200,"pg_apf",63,183.91,661.858255729139,1641.51196675392,351.763870310347,322.884717816849,10463.671697736,655.653620329754,7051.47103240566,1462.06017914332,3.59881602810689,8.92562648444306,1.91269572242046,1.75566699916725,56.8956103405798,38.3419663553132,0.00541972934944038,0.0046727408150702,9.53429546778127e-06,0.00112845079065418,0.0113002561384554,4.81898932910116e-05,4.13642088767102e-05,8.06152258761697e-10,1.21038610347595e-05,0.000102166814247336,-389.334032475206,0.126839019262536,0.107571288594764,1,0.598624772546956
"linear",200,"pg_apf",64,183.659,663.377175842284,1805.14615457802,385.978039959294,435.520453116381,10738.0677426384,655.313060407672,7487.75536034698,1669.07183016185,3.61200472529135,9.82879224311368,2.1016015548342,2.37135372138791,58.4674191988327,40.7698798335338,0.00550170728414481,0.0047299804759557,1.00451455098301e-05,0.00110144280043202,0.0118285275078984,4.83834575552475e-05,4.02281393618428e-05,9.25540615647888e-10,1.12287228336285e-05,0.000105319477274869,-384.302370572666,0.0934976572246814,0.069434824651105,0.985,0.583532733971196
"linear",200,"pg_apf",65,183.578,618.298516085427,1572.20335408569,425.772150956229,432.552567574912,10824.5759478168,620.283242722813,7967.54175080566,1378.35764652298,3.36804255458403,8.56422531068915,2.31929834161081,2.35623314108941,58.9644507937597,43.4013975029996,0.00479376155948653,0.0040812784890611,7.63489411579101e-06,0.00119127708445206,0.0102295338511743,4.58941792964449e-05,3.95038003750872e-05,7.27128628385948e-10,1.12511270623326e-05,9.555378960544e-05,-392.144917487479,0.0946471874613063,0.0779899156060732,1,0.575142151564844
"linear",200,"pg_apf",66,183.203,651.181002065955,1669.04152950551,280.720279405765,281.345380377428,9965.98611768553,648.912614988951,9853.13123430111,1495.19611895848,3.55442324670423,9.11033951139176,1.53229084352202,1.53570291085532,54.3985967352365,53.7825867169266,0.00577995943342817,0.00481911119039959,1.33511233954352e-05,0.00122697530452096,0.0129180609528362,4.20802121517812e-05,3.45525609084004e-05,7.68989749519649e-10,9.89505461415137e-06,9.48535491515144e-05,-406.620988080613,0.121407304790849,0.0998954038407052,0.95,0.584702271977125
"linear",200,"pg_apf",67,183.538,632.311492356046,1583.91576867827,480.352364030278,460.694035687016,11376.8881788112,630.744016608842,9843.42307257381,1385.71736521863,3.44512576336261,8.62990644268907,2.61718207690112,2.51007440250529,61.9865541675902,53.6315262919603,0.00432820218355454,0.00374650222085362,5.89399330148923e-06,0.0011425892634018,0.00902060482919808,4.0687859348412e-05,3.54956606707988e-05,4.79254580169944e-10,1.14325015461623e-05,8.27593957893476e-05,-407.270845878169,0.0985676594411213,0.0813963568889807,1,0.550707702502514
"linear",200,"pg_apf",68,183.721,374.717822945654,835.374911742129,531.801805398184,409.3836417754,11134.8269640279,375.259467147739,9102.35059698594,756.129690226105,2.03960256555132,4.54697564101071,2.8946163225662,2.22828986221172,60.6072629913178,49.5444211439408,0.00370256534168441,0.00325417535170785,3.49133048298859e-06,0.00102011304547427,0.00738571704786406,4.62125948718722e-05,4.06611333209051e-05,5.94941928686736e-10,1.25711467048823e-05,9.49031197200382e-05,-387.306497830222,0.095343318111224,0.0645777508628111,1,0.550407971949978
"linear",200,"pg_apf",69,183.63,530.460188566646,1108.89449982014,329.547407705015,372.363455151372,10676.1322732089,531.632307863106,8458.19242638098,1040.57779240883,2.88874469621873,6.03874366835563,1.79462728151726,2.02779205549949,58.1393686936173,46.0610598833577,0.00443552989724567,0.00382291647969422,6.31359743545789e-06,0.00111299374308789,0.00932136217024203,4.46768876544402e-05,3.85984811586973e-05,6.29600344001513e-10,1.14783003662738e-05,9.33708663426694e-05,-388.066054277084,0.14078759218099,0.112909575627527,1,0.570291246883951
"linear",200,"pg_apf",6,182.929,449.711331911421,1216.51676203017,396.598465463587,465.980482357108,10413.144966942,451.150459128188,7561.46348273055,1031.69186516679,2.45839277485484,6.65021271657403,2.16804588372312,2.54732974190592,56.9245169816813,41.3355098575434,0.00464540743549351,0.00406608529544888,6.36270520813617e-06,0.00110582474255948,0.00967821777148083,5.2962150161531e-05,4.56863103501618e-05,9.0363758970432e-10,1.38395158989503e-05,0.00010980019626802,-391.770606892822,0.140937795822432,0.102675414201249,0.965,0.574636870409062
"linear",200,"pg_apf",70,183.15,561.412768012914,1207.13481254958,288.943353391797,333.714084862762,10997.9381006959,565.037575832941,7794.05362919332,1157.9503242268,3.06531677866729,6.59096266748336,1.5776322871515,1.8220807254314,60.0488020786015,42.5555753709709,0.00439464555296516,0.00379587940266627,5.99535398693516e-06,0.00100976063584897,0.00915903137121885,4.87979111899058e-05,4.20943821358731e-05,7.24196299536193e-10,1.10496649096968e-05,0.000101803008306358,-396.968778664593,0.126406636641028,0.101070697494659,1,0.573101364124369
"linear",200,"pg_apf",71,183.781,606.284640336419,1285.85687977373,328.404690724644,381.197173747531,10493.5418260407,614.009108256001,8858.6590503394,1126.23394588778,3.29895168889286,6.99668017789503,1.78693494281043,2.07419251036577,57.0980777449284,48.2022573080971,0.00440911510065862,0.00375330586954897,7.45607688895114e-06,0.00104351541386613,0.00934239157743332,4.33116005108778e-05,3.64383537293121e-05,6.60101334541511e-10,1.08961041454016e-05,9.47127712915373e-05,-400.311112071078,0.138965419568177,0.110328229560645,0.905,0.557404468996022
"linear",200,"pg_apf",72,183.326,691.3551996149,1586.95850609609,421.270672453003,449.499654778868,11139.7486798183,709.267922513687,8986.66750113936,1496.57036270218,3.77117920870416,8.65648356532129,2.29793194883979,2.45191437536884,60.764696114126,49.0201471757381,0.00470294047306935,0.00404864436084713,6.80522465495835e-06,0.00122574956130633,0.0101587139236313,4.25749381354201e-05,3.67239468908927e-05,5.48995994129196e-10,1.14535065724337e-05,8.78144720001414e-05,-397.865228804117,0.0763551522930914,0.0615004190304087,1,0.566712046497975
"linear",200,"pg_apf",73,183.926,498.216752546216,1105.53270850337,480.793868891654,424.201339699261,11265.4313468751,502.051237237162,8638.74750811726,1010.16669525803,2.70878914642963,6.01074730328159,2.61406146434791,2.30636962528007,61.2498034365728,46.9686042653962,0.00422928201676325,0.00368966945353107,5.03731810824822e-06,0.00115124105369839,0.00865481930695123,4.49613507239371e-05,3.82735414901251e-05,6.65170740338146e-10,1.08669948394761e-05,9.54478333133824e-05,-385.969191757312,0.130819737306163,0.103310596896259,0.965,0.553991089202157
"linear",200,"pg_apf",74,183.793,565.012001498527,1300.31148154591,401.494177892842,467.184284550623,11440.829321043,567.81765383694,8573.02552023973,1118.81665239027,3.0741758472767,7.07486945392867,2.1844911280236,2.54190466748257,62.2484497290049,46.6450056326396,0.00439393733565533,0.00374163894190322,6.69246065874524e-06,0.00106541015825227,0.00925510233157029,4.36013589469995e-05,3.7977707300956e-05,5.56376078391048e-10,1.13960847618749e-05,9.04590901109897e-05,-409.401802164348,0.0879893848793363,0.067376299755665,1,0.563687067065629
"linear",200,"pg_apf",75,184.696,735.5672944487,1948.81982392638,320.07304416753,395.753500429179,10519.5136487409,728.764947705273,7447.53750693163,1801.65291202858,3.98258378334507,10.5514998913154,1.73297225802145,2.14272913560217,56.9558282190245,40.3232203563241,0.00564534504333546,0.00478721541127054,1.13415511000236e-05,0.00122487189798821,0.0123235969747747,4.8028385134122e-05,3.98646989081837e-05,8.87120312147698e-10,1.17221931234253e-05,0.000108233314302615,-398.595171518128,0.0941870493190217,0.0772524726634529,1,0.590912918432146
"linear",200,"pg_apf",76,183.273,632.919381434519,1335.29900964388,398.175839874929,409.61964612297,11189.2514680036,638.298532542945,8868.52046098695,1234.43754650605,3.45342402554942,7.28584684947528,2.17258319487829,2.23502450509879,61.0523725153382,48.3896725703565,0.00441060828778464,0.00377761020670763,6.12616267440319e-06,0.00118257009944659,0.00938346250311132,4.20973293725889e-05,3.5781481015111e-05,6.08891043415541e-10,1.11842888944725e-05,9.03391083530464e-05,-397.137304375705,0.105251984180673,0.0832169185641032,0.995,0.558163273480263
"linear",200,"pg_apf",77,182.8,471.389285718812,1145.21315460942,327.907450002691,309.497762838175,11287.2654435482,467.312313221516,8625.30143203628,968.393681630069,2.57871600502632,6.26484220245852,1.79380443108693,1.69309498270336,61.7465286846184,47.1843623196733,0.00413029122659439,0.003617960457283,4.46196705705896e-06,0.00115707805078203,0.00842650891582822,4.02878712390493e-05,3.45372259754087e-05,5.19722809191101e-10,1.01949894018785e-05,8.48159438721765e-05,-388.173368607944,0.0910855635302075,0.0722748062885219,1,0.555017497366049
"linear",200,"pg_apf",78,184.367,586.138224013197,1168.75444144031,327.764510856224,308.303821010536,10671.7692409082,589.366722344546,8070.69490250134,984.08322414666,3.1791927189421,6.33928220039543,1.77778295929436,1.67222887507274,57.8832938698804,43.7751598849108,0.00532133742813069,0.00452867593247813,9.19714055416489e-06,0.0011917175733575,0.0114889180292242,5.21858785212987e-05,4.48601974280421e-05,9.06546873169746e-10,1.21116311975142e-05,0.000108590149120991,-389.523839040569,0.103664430262161,0.0792059648119902,1,0.584998472527204
"linear",200,"pg_apf",79,182.898,501.189865078207,1267.28957281396,410.463755482625,400.495341433113,11165.6937072446,501.077055909337,8523.20788566929,1067.97737571526,2.74026979561399,6.92894166592284,2.24422221939346,2.18971963298184,61.0487468821126,46.6008807404635,0.00385418083385795,0.00330339040137097,4.71984678773908e-06,0.000974944178403893,0.00809490662775926,4.42730746923716e-05,3.85883338561828e-05,6.99629072852783e-10,1.15611119147638e-05,8.78361387920772e-05,-394.181013370592,0.112374073441165,0.0832808807653834,0.985,0.551456831031712
"linear",200,"pg_apf",7,185.912,551.732832789921,1293.39490811802,453.615197904951,340.186946070273,11062.3081458948,554.998619860256,9235.13967945467,1158.4937887005,2.96770963030854,6.95702756206174,2.43994576953048,1.82982780062757,59.5029269003335,49.6747906507093,0.00397266206708465,0.0034977347896826,4.42066196976994e-06,0.00103136374264914,0.00797276516230927,4.24835705220168e-05,3.65813501549574e-05,5.61824967324595e-10,1.13966471330612e-05,8.84332876732289e-05,-395.407584983375,0.106346928224071,0.0863187894809073,1,0.545972638847143
"linear",200,"pg_apf",80,183.25,519.619181555542,1042.41982101257,371.451164747417,386.210891255497,11065.5245266247,521.858174338023,9415.51918424443,895.201024404384,2.83557534273147,5.68851198369751,2.02701863436517,2.10756284450476,60.3848541698485,51.3807322469,0.00426062384472301,0.00367871124859128,5.40013034126531e-06,0.00110207241924693,0.00903753914016993,4.19614830061317e-05,3.52099316634567e-05,6.00746607914235e-10,1.24572455359997e-05,9.13775611506337e-05,-389.784435087346,0.103672009923989,0.0846805887077083,1,0.557376492795817
"linear",200,"pg_apf",81,184.791,552.454050315525,1225.01380438092,388.058800409031,298.628411056121,10995.5178986619,551.684359092766,8105.15706037358,1060.19345041807,2.98961556740061,6.62918542775848,2.09998755571987,1.61603330820289,59.5024535754548,43.8612110999647,0.00494531975022861,0.00427931806548208,7.54611889342515e-06,0.00113256755761795,0.0104247441537401,4.80737448840366e-05,4.09112581966698e-05,7.73653487402743e-10,1.15349449129512e-05,0.000103888175429429,-392.72323022059,0.0909196266180154,0.0741389412976409,1,0.578019123435924
"linear",200,"pg_apf",82,183.429,528.235129510128,1262.43817342303,322.901549060472,348.230759058026,10899.0784462996,531.646056999395,7588.66127219573,1133.33569793278,2.87977980313979,6.88243502076026,1.76036258748874,1.89844985829954,59.4185131375061,41.3711096511224,0.00444458602243673,0.00389562933844414,6.12108393714679e-06,0.00112983095827197,0.00904056542374152,5.32763917563279e-05,4.55828932880274e-05,1.10111843230239e-09,1.31556528709758e-05,0.00011229897424456,-379.653126321543,0.110552064314057,0.0911294922192502,1,0.561896727476561
"linear",200,"pg_apf",83,185.159,588.727798930811,1309.55389864738,384.879667286245,407.029336684094,10723.5917640867,589.058782624574,7964.26797578956,1192.43288923358,3.17957970679692,7.07259111707979,2.07864412362481,2.19826925336653,57.9155847897575,43.013129125722,0.00433823512194493,0.00372850783411536,5.77109042884595e-06,0.00108256997358054,0.00910237288037538,4.676433313437e-05,3.94508935306245e-05,7.93178350391286e-10,1.25133563235553e-05,9.94155072571314e-05,-388.051489363456,0.0670934645884725,0.0570613104866067,1,0.55833819251663
"linear",200,"pg_apf",84,183.92,494.758250906271,1151.86388419796,442.547613908655,393.29365319968,11345.4346859823,497.578351137951,8809.75987751413,1013.74142670862,2.6900731345491,6.26285278489538,2.4061962478722,2.13839524358243,61.6867914635836,47.8999558368537,0.00385600071744065,0.00336714013333394,4.26416455501188e-06,0.0010671921119987,0.00801722684362652,4.1405188138141e-05,3.57499513077214e-05,5.17790948332573e-10,1.09186150939862e-05,8.76415102138431e-05,-395.534163647656,0.0973148786441076,0.0850877832154653,1,0.540556802281599
"linear",200,"pg_apf",85,183.553,410.009476470012,890.917233310268,439.328402279832,377.150458457742,11347.8208145251,413.47940118069,9186.25875679189,820.130757943944,2.23373890086248,4.85373289082863,2.39346892875536,2.05472238785387,61.8231290936409,50.0469006597108,0.00401394134778396,0.0035412466921369,4.1368968784514e-06,0.00114649185764927,0.00804055299794534,4.08926938352816e-05,3.50496434899333e-05,6.5785412321769e-10,1.09011926302896e-05,8.54893728911268e-05,-384.519405563197,0.0939529650972036,0.0737611206027859,0.98,0.555627778398582
"linear",200,"pg_apf",86,184.296,506.503479150056,1057.85531940757,413.54867325371,283.104029725441,10852.6443118659,513.234583138784,9386.1858080862,790.212712919291,2.74831509718093,5.73997981186555,2.2439373250299,1.53613767919782,58.8870312533418,50.9299486048867,0.00489323745051287,0.00410309263856205,8.73045418139244e-06,0.00110587550327288,0.0107808229749771,4.68814879267161e-05,3.95421875352402e-05,8.14359787902175e-10,1.07862027947788e-05,0.000104401693505849,-411.846348915509,0.135003747464983,0.109724591334968,0.945,0.562899971117932
"linear",200,"pg_apf",87,183.682,552.670391219337,1477.40241714937,372.583232692455,427.869782956004,10904.5379835234,547.831690585623,8527.14235979599,1304.01722381007,3.00884349701842,8.04326181743104,2.02841450274091,2.32940507483588,59.3663940044392,46.4233967389074,0.00461708037063431,0.00391002380234565,7.28843852206437e-06,0.000997979753874912,0.0097881647503535,4.53147574420451e-05,3.8454376596223e-05,8.32938731692647e-10,1.13399117244362e-05,9.5688915839834e-05,-400.4856349771,0.0828177549883145,0.0684795348592966,1,0.564194284239852
"linear",200,"pg_apf",88,183.847,557.8013072057,1330.59251469901,401.989338383294,437.424208575043,11091.1460855109,553.047463832476,9440.79541929822,1219.49402111487,3.03405172347495,7.23749919606524,2.18654282301748,2.3792839076789,60.3281320092841,51.351370537992,0.00416429063498279,0.0036253994435005,5.37359034102351e-06,0.0010238348653786,0.0086765506234324,4.24195056689732e-05,3.67010399860812e-05,5.10317005877499e-10,1.1693636495632e-05,8.88181620344153e-05,-402.242419868652,0.0833689749236084,0.0656874592324366,1,0.55175011986911
"linear",200,"pg_apf",89,183.757,415.316463624218,954.991070999135,347.596240164824,314.965786136673,11061.9154754165,415.686889601374,8615.28048528196,842.147270770858,2.26013955182234,5.1970323361784,1.89160815732094,1.71403421984835,60.1986072662077,46.8840941312818,0.00549539503363793,0.0045712994078829,1.24966242539692e-05,0.00126431197670682,0.0123670565875792,4.54568547471952e-05,3.82614861660486e-05,7.53810524421801e-10,1.11276300333747e-05,9.79623004585901e-05,-396.806959244097,0.12015519768877,0.099344171326056,1,0.592019408319754
"linear",200,"pg_apf",8,183.657,593.747609517409,1491.84000130598,316.797697204935,519.1920167103,10894.9900512195,580.651736590667,8201.20390300928,1340.6526322303,3.23291575881893,8.12296836660723,1.72494213237141,2.82696557555824,59.3224873063346,44.6550030927723,0.00488338795535871,0.00423606283651423,7.65329886578299e-06,0.0012358544796029,0.0104466085959883,5.01552657718404e-05,4.3803576061039e-05,7.44339791241552e-10,1.25633536980204e-05,0.000103385132098261,-403.504661873524,0.0984942647268021,0.0818745760161242,1,0.565344914312548
"linear",200,"pg_apf",90,183.16,629.628730067169,1441.90772990119,404.714811161036,267.410622888862,10277.9899833453,632.896980737895,7032.38716330581,1266.97302492516,3.43758861141717,7.87239424492896,2.20962443306964,1.45998374584441,56.1148175548446,38.3947759516587,0.00512283085639499,0.00436297363941767,9.53500759130853e-06,0.00116879577176962,0.010924688032879,4.87478796294573e-05,4.12977958491314e-05,8.49685488409198e-10,1.1287168387476e-05,0.000106046161446919,-397.422915969121,0.149384093283726,0.114195578443385,0.935,0.584243202212709
"linear",200,"pg_apf",91,183.196,503.074021780511,956.108958184571,387.835370677,285.956648026697,10788.0982062552,504.174821542435,8156.36128434167,813.67618358738,2.74609719524723,5.21904931431129,2.11705152228761,1.56093281527269,58.8882847128499,44.5225948401803,0.0045828829540299,0.00391100844070801,6.90398041195382e-06,0.0011294237590549,0.00980886403776319,5.53111667587556e-05,4.52068620693537e-05,1.59028966380153e-09,1.02672578787452e-05,0.000123055035468389,-394.447350154559,0.104718320088039,0.0841712833823575,0.995,0.568301463749964
"linear",200,"pg_apf",92,183.645,532.881080491417,1250.91668850088,359.172630697097,435.064325683049,10817.8765234001,532.395461010947,8128.81558555979,1132.64276080061,2.90169120036711,6.81160221351457,1.95579858257561,2.36905075380788,58.906458239539,44.2637457353034,0.00435066913340824,0.00378607704699701,5.49102360698523e-06,0.0011456193050341,0.00892964785541959,4.85838541163545e-05,4.1308742846655e-05,7.90533055571962e-10,1.24411250088528e-05,0.000104621390508617,-396.823032461082,0.120947283642345,0.0996984544917129,1,0.574372477415719
"linear",200,"pg_apf",93,184.864,1046.56040786663,2231.39380882636,228.528806787476,326.233366601896,10268.2794633644,1044.28422395725,8736.03430516168,1923.22719720706,5.66124506592213,12.0704615762202,1.23619962127551,1.76472091159931,55.5450464306971,47.2565470029951,0.00734026318404368,0.00627120345858585,2.08674526282558e-05,0.00122547844326202,0.0161894380930834,4.61610350955845e-05,3.79504130036445e-05,9.08625282137191e-10,1.04672331375145e-05,0.000102040012146711,-389.963456555894,0.154675224455193,0.11409374842573,0.94,0.620457048984233
"linear",200,"pg_apf",94,189.118,624.418492588748,1429.19065014664,317.797841803971,417.511700478203,10935.0468623529,625.370983070954,8269.27352572779,1336.4511965245,3.30174014418906,7.55713707921321,1.68042091077513,2.20767827746805,57.8212907409813,43.7254704773093,0.00577217512897905,0.00495392769353193,1.09321801549725e-05,0.00120931982002342,0.0122408317391396,4.66487101915722e-05,3.97411806459827e-05,8.13233057495014e-10,1.15030820856879e-05,9.94791910401332e-05,-392.42399841009,0.113980613455534,0.0951328588071059,1,0.591165134566195
"linear",200,"pg_apf",95,183.992,549.95154889741,1282.71377486892,370.434497308549,352.867563026165,10341.4068162245,550.404614517459,6437.79375542977,1100.75769997325,2.98899706996723,6.97157362748879,2.01331849922034,1.91784187913695,56.2057416421613,34.9895308243281,0.00417502727539384,0.00365879518167514,5.37851342039537e-06,0.00110553005823381,0.00844379593036396,6.0260044295517e-05,5.13117850358025e-05,1.26969147762975e-09,1.38164465555982e-05,0.000130201682168128,-374.946720332832,0.137848345123034,0.117916743939364,0.975,0.571822309770707
"linear",200,"pg_apf",96,184.965,541.7770900821,1456.40791211598,211.286172856244,316.564958024495,10086.892337113,542.504795019156,7856.50426143291,1271.97333428589,2.92907896132836,7.87396486965633,1.14230353232365,1.71148572986508,54.534059617295,42.4756265316839,0.00566279263087358,0.0047379244728583,1.16559828562081e-05,0.0011175778711723,0.0124133518856602,5.02587922197981e-05,4.3326889350524e-05,8.1819310748151e-10,1.29858074192692e-05,0.000107446769666801,-403.111575519679,0.103739833167972,0.0847351372261368,1,0.591429018074557
"linear",200,"pg_apf",97,184.436,558.449196788959,1455.58251634727,353.73569328199,346.971860506084,11194.3238331232,552.92449418611,7976.79765930099,1301.23556905106,3.02787523470992,7.89207376188637,1.91793192913526,1.88125886760764,60.6948959700014,43.2496782585883,0.00537159525409439,0.00441757673008139,1.23509881314231e-05,0.00113981326073587,0.0126043809667345,4.66705015772622e-05,3.98348973036562e-05,7.87156228335971e-10,1.13301103359716e-05,9.89971052581937e-05,-397.492265976849,0.0926459671937201,0.0793649060823867,1,0.578115783704566
"linear",200,"pg_apf",98,184.336,513.370593242568,1422.7013046693,387.802124192622,291.038297483195,10740.9339138869,506.351812898812,9219.51522207346,1284.17264877433,2.78497197097999,7.71797860791872,2.10377855759386,1.57884676614006,58.2682379670105,50.0147297439104,0.00435250114666356,0.00373000630492091,5.98821356004863e-06,0.00112885015569677,0.0091558351569648,4.43185651528769e-05,3.77057374036377e-05,6.88424528392111e-10,9.61271296613331e-06,9.64777359362482e-05,-390.968428345607,0.104139476122783,0.0798733422698092,0.975,0.560539640565622
"linear",200,"pg_apf",99,183.23,694.432437199264,1798.46707706589,378.770351444639,348.425782134912,11368.8680693852,697.933284126003,9228.83544845537,1617.70525490458,3.78994944713892,9.8153527100687,2.06718523956033,1.9015760636081,62.0469795851401,50.367491395816,0.00424265797083072,0.00364372745978733,5.81023757184395e-06,0.00103815889916395,0.00898881400004098,3.80231030776079e-05,3.29074006116638e-05,4.34041806634253e-10,1.0092143876265e-05,7.89638068536015e-05,-410.409608064932,0.1218364064038,0.0965556553077665,0.97,0.539361757021451
"linear",200,"pg_apf",9,183.026,541.846909116421,1352.60318050394,456.533671995543,450.813860156487,11262.301206481,540.668141428717,8993.89198343683,1189.75986796144,2.96049145540208,7.39022423319056,2.49436512842734,2.46311376611239,61.533887024144,49.1399690942097,0.00474748327906019,0.00414498329822389,6.80614848800195e-06,0.00114329242089491,0.00981332660702413,4.44487498436952e-05,3.8092895937182e-05,6.19254031351083e-10,1.17236426547389e-05,9.2856952725696e-05,-400.679839577784,0.131765175243331,0.104690134935,0.98,0.55694697144979
"linear",400,"pg_apf",100,365.791,459.467567238922,1130.82153960977,335.446571707606,364.770092125535,12031.3589319548,460.397249802314,12413.2671980431,1028.03507291338,1.25609314400552,3.09144166917657,0.917044355130679,0.997209040478127,32.8913476054763,33.9354090123679,0.00254506100071028,0.00233685319152567,1.11573695003858e-06,0.000936230887045635,0.00472522414827404,2.04005166876101e-05,1.86574132569875e-05,6.79378566801296e-11,8.16501066964921e-06,3.69942048012498e-05,-787.585010188295,0.0833885939241309,0.0650091938550745,1,0.483377626139698
"linear",400,"pg_apf",101,366.842,519.623065835129,1338.41093385217,255.342737354826,365.681415296433,12122.9382503007,510.361306788132,12399.9667000091,1211.74248354789,1.41647648261412,3.64846700719158,0.696056442159912,0.996836281822782,33.0467565063454,33.8019275328591,0.00313945395892161,0.00284905466015762,2.066133955463e-06,0.000943951419245418,0.00597118666593703,2.14725030728697e-05,1.94328139947744e-05,7.86570568764918e-11,8.19415617006548e-06,3.9599092955906e-05,-795.088317032913,0.132725880353625,0.1137818304503,0.975,0.510745669601058
"linear",400,"pg_apf",102,370.668,540.228514941679,1404.20652430734,273.849760588456,310.608746288966,11337.4268319899,540.578516332686,12285.4553256958,1209.25912412526,1.45744578690817,3.78831332704022,0.738800653383772,0.837970222109722,30.586473156544,33.1440947848096,0.00365848611901921,0.00330589434017106,2.92819476604119e-06,0.00100330667044105,0.00703654419884376,2.58373697614894e-05,2.3272048681743e-05,1.31852300399736e-10,9.04287626154024e-06,4.91765120812402e-05,-786.762422782033,0.104245897774125,0.081862120525345,1,0.530092434585593
"linear",400,"pg_apf",103,368.07,552.393155758642,1458.49392678574,242.474073101307,337.580315822759,11934.9963147914,553.795227136885,12059.1786060963,1320.72188192315,1.50078288303486,3.96254496912473,0.658771627954756,0.9171633543151,32.4258872355567,32.7632749370944,0.00266531433542266,0.00244672820737173,1.27611012536347e-06,0.000919304350083753,0.00495546204754051,2.16404559530583e-05,1.96907412854824e-05,8.60597046487094e-11,8.26682827567904e-06,3.95342958264071e-05,-786.90111039857,0.103295190595108,0.082427897718429,0.9975,0.496367494501464
"linear",400,"pg_apf",104,369.978,464.963183945156,1212.96778137524,327.905993580109,285.481477662955,11524.7357266221,462.303113644425,11301.773437421,1060.83565695496,1.25673197850996,3.27848623803373,0.886285113115129,0.771617441207194,31.1497865457461,30.5471499316744,0.00284170455220861,0.00258986018834297,1.46189053693851e-06,0.00100151838300789,0.00535384271676058,2.34371123034166e-05,2.12247614649315e-05,1.07985426138184e-10,8.46446537133598e-06,4.35594536355234e-05,-780.3396986052,0.0992594077277011,0.0772771417182034,1,0.508688990296365
"linear",400,"pg_apf",105,367.754,408.106035632287,1021.01371691005,316.439078376033,377.058757039614,11914.1509426802,409.988313601227,12435.8611862651,941.410608868657,1.10972561993149,2.77634972538721,0.860464001414078,1.02530157942433,32.3970669052688,33.8157061140465,0.00300864644883427,0.00276485114768918,1.52969392444006e-06,0.00101927550557126,0.0055030242726933,2.17926747172213e-05,2.00589809925145e-05,6.96286701529772e-11,8.6514394053677e-06,3.87345056734285e-05,-773.346089170991,0.103144112893098,0.0796456195140916,0.995,0.510412900690763
"linear",400,"pg_apf",106,366.864,404.651806764368,1089.41322643696,315.53134044814,299.940923749728,11947.0323327404,405.649763556293,12114.5396175912,967.608709838937,1.1030022208894,2.96952883476426,0.860077141524217,0.817580694071175,32.5652894062661,33.0218817261742,0.00261305537143314,0.0023676251914858,1.22822551136556e-06,0.000950147151999979,0.00483426513829869,2.11056315962244e-05,1.92164674995456e-05,7.5852442416325e-11,8.34790102871316e-06,3.860475378763e-05,-780.520115649887,0.0786295081792891,0.0651175631556905,1,0.487942621551952
"linear",400,"pg_apf",107,366.52,325.177594975148,774.865285044592,285.223989401359,317.228852373732,11675.9129010341,324.05624702966,12679.7955679056,648.990617021234,0.887202867442834,2.11411460505455,0.778194885412418,0.865515803704387,31.8561412775131,34.5950986792141,0.00284144391759826,0.00255991639714876,1.69157097309559e-06,0.000870845223808546,0.0054250922311329,2.08004096770674e-05,1.89420602181377e-05,7.37167669660862e-11,7.95728383619882e-06,3.8396998392805e-05,-777.962759447995,0.0903781235498877,0.0756713598100358,1,0.504399601874113
"linear",400,"pg_apf",108,367.395,549.920984089001,1342.5833102444,386.182639289946,383.803526622486,11746.4857120582,552.11960121741,12119.7016654069,1172.06976545592,1.49681129054288,3.65433201389351,1.05113743869662,1.04466181255185,31.9723613877658,32.9882052434216,0.0029483575251873,0.00268665499880846,1.66763401408154e-06,0.00103651713647174,0.00543579034555316,2.20543593406405e-05,2.01066643456166e-05,8.97168302365601e-11,8.35851427844647e-06,4.06940872569014e-05,-797.143097216789,0.100161946219073,0.0743717472225875,0.9925,0.501091580614357
"linear",400,"pg_apf",109,368.594,459.123128284184,1050.58078557393,360.834627695842,314.89081310922,11838.6777027951,461.228237286052,12230.1909459991,945.816158338785,1.24560662486146,2.85023843462977,0.978948728671227,0.854302601532363,32.1184764342206,33.180656619476,0.00266889186826713,0.00245262772176278,1.31954703187435e-06,0.000934972268167109,0.00486241648449738,2.12391614326348e-05,1.93738371711702e-05,7.91370561635619e-11,8.17573195902755e-06,3.79831680503254e-05,-803.153063546049,0.0930114621966531,0.0766610379027728,1,0.493027144377562
"linear",400,"pg_apf",10,367.016,454.015826984812,1150.62301636433,261.817349404716,334.243712465576,11749.0956634597,449.706516834969,12214.3711381945,1021.46577940351,1.23704641482882,3.13507589959111,0.713367671721985,0.910706106724437,32.012489001732,33.280214318162,0.00273928095634977,0.00247548481608069,1.51157740646037e-06,0.000915157292461979,0.00510222882939868,2.05318939524762e-05,1.86569569352474e-05,7.2043882496224e-11,7.84535999346819e-06,3.64879353212289e-05,-793.706495560531,0.0849301795136871,0.0697908876041168,1,0.496694238091069
"linear",400,"pg_apf",110,368.268,576.135238495982,1655.28682835202,316.701876399246,293.675279760407,11707.8470513214,572.882391242992,11439.8530256837,1419.69612335261,1.56444556273144,4.49478865487096,0.859976637664001,0.797449899965262,31.791649155836,31.0639344870683,0.00305657504536334,0.00273904958644778,1.94561540824274e-06,0.0010470261994219,0.00588816123295991,2.41625909337376e-05,2.17626906801238e-05,1.10883715963674e-10,8.57087625236055e-06,4.56569603747401e-05,-789.355069965436,0.134991363110302,0.108350484873397,0.98,0.511608391774123
"linear",400,"pg_apf",111,392.225,603.020898223098,1530.66706319389,226.746360356931,350.642210481067,12065.1706903287,602.241881083156,12604.5486745051,1372.71524950618,1.53743616093594,3.90252294778224,0.57810277355327,0.893982307300827,30.7608405642901,32.1360154872971,0.00286698323206834,0.00259487173456523,1.66086722934263e-06,0.000962303571318621,0.00527163395994036,2.15086601088425e-05,1.94496662558184e-05,8.84398763439128e-11,7.79385087580542e-06,3.94128500321881e-05,-803.47363578865,0.0840991200251029,0.0711215060280304,1,0.505085055727199
"linear",400,"pg_apf",112,370.361,608.404490931189,1567.40067019971,350.045459481083,342.384710376896,12094.670469966,600.119466536016,12265.5453653681,1441.61685307339,1.64273368667648,4.23208888138791,0.945146652809241,0.924462106908924,32.6564364767511,33.1178103670962,0.00296523867024014,0.00272513900231995,1.54338890351179e-06,0.00104611299069588,0.00540396908478155,2.18682663870257e-05,2.00997790650871e-05,8.01165289305362e-11,8.71810144570269e-06,3.97487842152399e-05,-788.103624209638,0.119809779071028,0.0876110863193455,0.9675,0.498989660077654
"linear",400,"pg_apf",113,365.763,359.560064810156,972.051521938211,377.635085090353,385.539580299706,11792.5256382976,358.753144479418,11559.0526194412,813.268751057297,0.983041108067673,2.65759937975741,1.03245840910741,1.05406938454602,32.240892704559,31.6025749445439,0.00277086219845203,0.00254414761599615,1.28784039147272e-06,0.000964312642570526,0.00503780096046674,2.31240080614858e-05,2.07592324881912e-05,9.83489940588312e-11,8.69453471987707e-06,4.36240417552395e-05,-762.049495492667,0.153302856217379,0.130593748778631,0.95,0.514416669696792
"linear",400,"pg_apf",114,366.563,554.21258154126,1405.508888756,225.074787195662,367.452608979503,11472.5354403499,556.049084891196,12274.3601945189,1312.1652907432,1.51191631872628,3.83429011863173,0.614013927198495,1.00242689245642,31.2975816990527,33.4849949245256,0.00290754708713201,0.00266551302281211,1.59856767484377e-06,0.000900991689901872,0.00535314520855283,2.20556564927002e-05,1.96685913941611e-05,1.19840844984713e-10,8.2202461321356e-06,4.12317897045676e-05,-782.24297457395,0.12013401165265,0.0849690128492923,0.945,0.505908191778429
"linear",400,"pg_apf",115,368.697,507.077093768518,1210.40583817223,360.293292375094,323.408898214237,11893.7024325552,505.403839252156,11805.2944885648,1032.6062541893,1.37532199548279,3.28292836169601,0.977207008397394,0.877167154097367,32.2587448027924,32.0189599822208,0.00254751438271163,0.00238975936934065,9.7469077599862e-07,0.00097154643083982,0.00446141768177445,2.11914754597798e-05,1.93040711890355e-05,7.74920780267222e-11,8.24365771840972e-06,3.85255151978883e-05,-810.221902432925,0.0995935121288904,0.0827785706168233,0.985,0.487551256660424
"linear",400,"pg_apf",116,366.926,532.807789916943,1371.91887750454,265.786824898675,262.513420964088,11173.4484229111,540.832007624746,12529.8202228066,1217.81840285475,1.4520851341059,3.7389524795314,0.72436083814904,0.715439682562936,30.4515036353681,34.1480849621085,0.00400511815480321,0.00360548391794286,3.78905564815744e-06,0.00114873324527778,0.00763816623644826,2.4733939503024e-05,2.23937485791593e-05,1.15218244990926e-10,9.35121400755067e-06,4.70114733172638e-05,-798.888288749353,0.116754231739184,0.088571911856043,0.9775,0.541721805979763
"linear",400,"pg_apf",117,366.817,462.014102560999,1287.65014580455,269.807118064526,297.205964077786,11681.45977991,462.412153360019,12131.1181923856,1104.98862435892,1.25952205748643,3.51033388802742,0.735536024951204,0.81022952610644,31.8454700297696,33.0713085609052,0.0026546503042475,0.00243975132360506,1.22889637689083e-06,0.000896806475835013,0.00489381634158117,2.140522779432e-05,1.9549327630102e-05,8.56930179915859e-11,7.91288816174804e-06,3.79902273480193e-05,-781.517328671678,0.104433787489372,0.0880723168593524,1,0.492699894801213
"linear",400,"pg_apf",118,367.055,556.740461207117,1503.87470695019,167.396322066664,336.064596072634,11866.4490818327,555.383666724517,13316.5947083221,1413.26603177977,1.51677667163536,4.09713723270405,0.456052422843072,0.915570135463715,32.3288038082376,36.2795622136251,0.00367218949075173,0.00324355521937039,3.46321930125638e-06,0.000978221907516583,0.00738717681907587,2.19840991261763e-05,1.97954737635064e-05,9.92467400357712e-11,7.78305109390888e-06,3.99348808808728e-05,-804.820130197911,0.101569512425022,0.0785717453293081,0.9925,0.514701060254021
"linear",400,"pg_apf",119,370.441,574.262983977923,1366.71621123233,178.288766552236,309.206568337424,12081.7142496956,573.860282176434,12569.1739007324,1256.65633555561,1.55021443084843,3.68943019598892,0.481287888090779,0.834698557496131,32.6144089063997,33.9302990239537,0.0028500078979251,0.00259066136190368,1.57219875866018e-06,0.00091003990716887,0.00537021119268011,2.05498576274116e-05,1.88868543987962e-05,6.85925453547318e-11,8.11866220262311e-06,3.7545421697043e-05,-813.798945019807,0.113371304569149,0.0924076547580172,0.975,0.491135504235498
"linear",400,"pg_apf",11,368.146,542.713039590938,1175.2480914778,352.659600910762,207.801467499228,11847.8179087228,548.443296510461,11422.190071523,1041.55226282368,1.47417883011343,3.19234241707854,0.957934082974587,0.564453959839923,32.1823893474947,31.0262506492614,0.00327934613732016,0.00302033223986417,1.99885239541409e-06,0.000990019287702777,0.00592162331220822,2.50274971455508e-05,2.268294887982e-05,1.32258385499906e-10,8.89476544008127e-06,4.66176443580898e-05,-808.129172290449,0.117815242802853,0.0944483420531935,0.97,0.510648933594889
"linear",400,"pg_apf",120,379.389,395.210459356275,936.842959246479,327.452892271698,374.932283071154,11891.980307304,393.877574677771,12427.361831083,842.711757902892,1.04170247254474,2.46934665803826,0.863105921024854,0.988252909470633,31.3450846158008,32.7562523717951,0.00288592234040902,0.00267344937754229,1.40066555994986e-06,0.00104943897271096,0.00527235812070162,2.11596162213117e-05,1.94954321092812e-05,7.18718912055811e-11,8.32368627543783e-06,3.80792712322837e-05,-788.184512081645,0.108124060263964,0.082752966647398,1,0.506303835956408
"linear",400,"pg_apf",121,365.685,382.070373070684,1200.698157393,294.761513686142,434.777114072002,11741.5379804813,368.202058769408,12420.2849748988,1022.20814519289,1.04480734257813,3.28342195439516,0.806053061203335,1.18893887928682,32.1083390909698,33.9644365366334,0.00288670133743834,0.00258732452361391,1.70028084915592e-06,0.00088660237091366,0.00552719288597679,2.10757395821568e-05,1.94888829153908e-05,6.75787680158003e-11,7.96874673159904e-06,3.73608394602236e-05,-794.309273469602,0.0800437777776977,0.0646601210327529,1,0.499015800633646
"linear",400,"pg_apf",122,365.94,435.889668890734,974.908883617624,278.06659713703,360.513185168315,11938.7426658344,435.133816619194,12168.525387515,861.684491221453,1.19115065008125,2.66412221571193,0.759869369669973,0.985170205958122,32.6248638187529,33.252788401145,0.00248311307612959,0.00225215276854241,1.11732344119892e-06,0.000874645882227308,0.00461853280493189,2.01282003231023e-05,1.84970530760063e-05,6.64926239838444e-11,7.58653830601485e-06,3.54306236160021e-05,-798.305596372915,0.0799508355397465,0.0655222021064296,1,0.486081870052275
"linear",400,"pg_apf",123,366.012,430.715678068963,1212.56622519301,326.229152006559,327.196969625122,12157.3904626673,427.86460854696,12375.7513461375,1032.98121208825,1.17678020958046,3.3129138530786,0.891307257703459,0.893951481440833,33.2158247889887,33.8124196642119,0.0027002008824992,0.00245060780774054,1.47056638361811e-06,0.000886067577133243,0.00496252057117623,1.93871927481659e-05,1.77632559915136e-05,6.39004088839246e-11,7.8761073663902e-06,3.44717378133058e-05,-801.850975940166,0.108891059382408,0.0913700661105524,0.985,0.492696526461236
"linear",400,"pg_apf",124,367.196,372.536654893894,911.157044892655,263.775236954417,372.795210850096,12072.4178188231,368.892073032226,12222.5074004077,785.804770809001,1.01454442557624,2.4813915317505,0.718349973731787,1.0152485616676,32.8773129849538,33.2860581281051,0.00285519134840224,0.00263541358026958,1.46683066659534e-06,0.00102468276704257,0.00526849825319877,2.20681517036769e-05,2.00560120804979e-05,8.49906756461121e-11,8.71764385213694e-06,4.01323076966241e-05,-795.72051950145,0.0937988825422898,0.0732373698718032,0.9925,0.502431914023699
"linear",400,"pg_apf",125,387.877,649.649983456727,1721.97499662861,320.373638768921,196.913648651035,12139.1584827181,643.709382137564,12423.0826040131,1576.78580902434,1.67488658377972,4.4394872514447,0.825967094643202,0.507670340471424,31.2964122201576,32.0284074694119,0.00357024285092548,0.00325496448038424,2.35141757352298e-06,0.00128116384779321,0.00659761279127367,2.26828703740591e-05,2.02640105593947e-05,1.12810449857572e-10,7.97635982007582e-06,4.33418443296741e-05,-827.465118293454,0.118184440277457,0.0912588510334239,0.99,0.511957705732657
"linear",400,"pg_apf",126,370.04,400.104708892203,953.260655473824,302.921509085973,343.296808745664,11758.8739239352,401.644069924957,11527.0084050622,842.67122791887,1.08124718649931,2.57610165245331,0.818618282039706,0.927728917807978,31.7773049506409,31.1507091262086,0.00279100546868345,0.00251629308844056,1.4700372981236e-06,0.00103560669606059,0.00530784014188877,2.22213675763718e-05,2.02586814236882e-05,8.92873546348578e-11,8.29243925859395e-06,4.04945313316041e-05,-763.016903413822,0.129286652679932,0.110059886240177,0.9625,0.506413121212821
"linear",400,"pg_apf",127,366.019,425.260591791898,1002.82719894954,400.255598391982,309.881791564523,11753.0323858629,424.494229936776,11695.5085300928,908.535432120132,1.16185387040536,2.73982279321439,1.09353776277183,0.846627611038015,32.110443408301,31.9532825620878,0.00270261541792842,0.00249908245524396,1.16391076721997e-06,0.000996117593915518,0.00488357905980271,2.27524991333615e-05,2.07709579253431e-05,9.59669068996801e-11,8.0300371299036e-06,4.18853783215044e-05,-789.17471216273,0.115148239477736,0.0891044291160862,0.9725,0.505784456903644
"linear",400,"pg_apf",128,365.365,452.979132655666,1145.53892106452,356.433382008123,317.171312289738,12181.2648555543,458.189376545989,12680.0736338231,1016.30534801376,1.23979892068388,3.13532746996707,0.975554259461423,0.86809440501892,33.3399883829986,34.7052225413575,0.00258772932571387,0.00236776457787321,1.07584476029744e-06,0.000948887413298973,0.00462979550635599,1.96672503794833e-05,1.81620142216326e-05,5.66971808425666e-11,7.89754908716411e-06,3.46459899669409e-05,-797.183645993996,0.113472657031202,0.0944168825640648,0.9675,0.486243112950693
"linear",400,"pg_apf",129,372.577,427.990988663934,1175.96257722321,295.143631408249,325.35281280882,11977.3542962585,428.117312461345,12478.5543172583,1032.26203368236,1.14873164114783,3.15629407403896,0.792168146204002,0.873249859247403,32.1473260460482,33.4925513847026,0.0026207892197265,0.00237669440507422,1.29343200528329e-06,0.000846834872264237,0.00479456146866632,1.99369510454247e-05,1.82093941173655e-05,6.61702248924709e-11,7.9467861214464e-06,3.56425361918553e-05,-788.956165724944,0.0760689593347696,0.0621958157668779,1,0.490296223541003
"linear",400,"pg_apf",12,371.693,495.308513295966,1277.33245048728,274.669600792398,204.969994510483,11857.0999596435,498.408529972634,12132.8621523457,1188.83359911076,1.33257423006612,3.43652544031575,0.73896898997936,0.551449703143408,31.9002509050305,32.6421593959146,0.00313862349632751,0.0028627227351877,1.87770236177947e-06,0.00104799675132469,0.0056954304608802,2.26952926645309e-05,2.03838049677844e-05,1.01094255575988e-10,8.18448786268251e-06,4.2730974867041e-05,-799.806027844346,0.109491498270843,0.0851520341067314,0.9525,0.501275568628754
"linear",400,"pg_apf",130,367.407,490.543691731585,1219.85029187377,307.207483197475,385.723623582583,11965.1519065702,491.937677980605,12203.7862226539,1127.64600229561,1.33515064147277,3.32016072604432,0.83615032701466,1.04985376866141,32.5664777932107,33.2159872366447,0.00267802835882839,0.00247838507336728,1.12779772581798e-06,0.00100386787124861,0.00485685153756059,2.02820960008897e-05,1.87666531519656e-05,6.32342321234501e-11,8.01579402047012e-06,3.58160096651077e-05,-798.212997840162,0.103998984156462,0.0828727841307902,0.985,0.497645419570954
"linear",400,"pg_apf",131,365.992,484.564981909389,1285.55113450692,265.456728389229,259.86900585429,11347.5903021663,485.678100641227,10984.5340268865,1160.47460403654,1.32397697739128,3.51251156994394,0.725307461335846,0.71004012616202,31.0050227933023,30.0130440744237,0.00316099623114725,0.00284055829913865,1.99065339194777e-06,0.00109868987334569,0.00608686050819569,2.51986141545531e-05,2.22461198634241e-05,1.45064845250544e-10,8.82062264197342e-06,4.96727377867827e-05,-792.148085487098,0.120372822368388,0.0995530476754172,1,0.514019726331304
"linear",400,"pg_apf",132,366.386,345.366422859492,790.031147573694,360.206433673309,313.845083667591,11483.5373478438,344.468080027974,11476.3168518843,668.43562526449,0.942629966372875,2.15628093751861,0.983133726925453,0.856596823207193,31.3427296562746,31.3230223094887,0.00245336482824342,0.00227997330743636,8.69328646576705e-07,0.000988071930390166,0.00435192290834709,2.18517140862049e-05,2.01603473047654e-05,7.90986182939352e-11,8.53412227964651e-06,3.82145989240645e-05,-763.294856584011,0.101811260236063,0.0732111030737322,0.995,0.496894953276861
"linear",400,"pg_apf",133,365.544,316.925206463887,758.165645962385,349.836405859187,291.902206140601,11950.9363154602,318.110975936511,12298.2014673984,655.990544305944,0.866996056463482,2.07407492931736,0.957029539150381,0.79854191599534,32.6935644285235,33.6435599200053,0.0024748232407979,0.00227922650757762,1.00575736554063e-06,0.00092537479670152,0.00448604357249389,2.06431624295934e-05,1.88681616214599e-05,7.35563306568401e-11,8.02983848694609e-06,3.72821986830556e-05,-797.888608238701,0.0634956914790827,0.0501769852171862,1,0.485669986972734
"linear",400,"pg_apf",134,367.375,405.79990711301,983.356237346151,383.119594775153,320.945556897273,11963.473973001,405.580366363235,11936.7544333281,904.759736333215,1.10459314627563,2.67670973078231,1.04285701197728,0.873618392370936,32.5647471194312,32.492016150604,0.00265616759960876,0.00243830281780977,1.17408510911231e-06,0.000946838336561309,0.00478020888703312,2.15449300949931e-05,1.95380968273301e-05,8.29715904734969e-11,8.06967019747627e-06,3.98580179054889e-05,-802.407059585111,0.103384078671097,0.0827937366379011,1,0.49212725071733
"linear",400,"pg_apf",135,366.402,363.878853498908,799.024712479182,307.280786583929,342.635190951356,11401.8055412368,363.955202130693,11548.8505712631,714.128566452555,0.993113720719068,2.18073239905672,0.838643857249493,0.935134608848629,31.1182950454333,31.519616626719,0.00267747739046859,0.00244513515109156,1.40471900547692e-06,0.000952165963674363,0.00492462524736114,2.42557011874592e-05,2.19512164321931e-05,1.18528975602567e-10,9.02013230125349e-06,4.57185641061337e-05,-799.078727621621,0.114871432111846,0.0807412948571473,0.975,0.504344611492263
"linear",400,"pg_apf",136,368.167,541.361619317986,1340.12354378394,290.757540405062,313.579454901309,11679.3815216975,543.160136765522,12249.8895732338,1210.56809863849,1.47042407200533,3.63998822214902,0.789743622880546,0.851731564483806,31.7230537275136,33.2726441349545,0.0032470974615873,0.00294431982062435,2.20230412762885e-06,0.00106710886806968,0.00605335946818816,2.24134876278541e-05,2.05632496694349e-05,8.10858066171276e-11,8.73515976044189e-06,3.97615982674666e-05,-791.917798677331,0.0949308801537573,0.0743042142597508,0.98,0.515701040209034
"linear",400,"pg_apf",137,368.526,525.58621184292,1393.56914654263,279.796154995746,253.555311694349,11593.15217163,525.237077858013,11596.1558137539,1253.77188472079,1.42618488747855,3.78146764825991,0.759230434204767,0.688025571314775,31.4581662396412,31.4663166608431,0.00339217146802588,0.00306441194607961,2.45597052223255e-06,0.00103788683710403,0.00643467933102662,2.30947473415524e-05,2.05970639831255e-05,1.0962185941649e-10,8.61395871672765e-06,4.25778732624368e-05,-814.065491367747,0.123344004868675,0.10177711848253,0.9925,0.518270895046819
"linear",400,"pg_apf",138,366.785,363.598969280535,971.179216674034,289.673919128333,462.74533999912,11861.0584839978,357.650989377688,11617.5586128674,840.061268602723,0.991313628639488,2.64781606847072,0.789764900768387,1.26162558446807,32.337904996109,31.6740286894705,0.0024581672116355,0.00223605629154594,1.04274410235182e-06,0.000935280572015469,0.00452599027172667,2.19988298937623e-05,2.03889102034179e-05,7.26432074013939e-11,8.89587918717098e-06,3.91111728723124e-05,-795.867026731937,0.106074707219269,0.0878225082003568,1,0.483985001587362
"linear",400,"pg_apf",139,366.311,508.819897542534,1298.06086329189,284.226192626699,368.959195380158,12079.1898355781,513.19610020119,12407.3416841824,1102.6127318429,1.38903799651808,3.54360328598348,0.775914981058988,1.00722936351941,32.9752309801728,33.8710595209601,0.00251731607945587,0.0023204190612587,9.7420572782476e-07,0.00104027812962166,0.00453583920518964,2.04071853532989e-05,1.87662320613198e-05,6.78757514744032e-11,7.63737805186716e-06,3.6628097250922e-05,-798.552184225344,0.0994384864188123,0.0800711596387907,0.9975,0.487108729521673
"linear",400,"pg_apf",13,371.438,518.148328848985,1381.78072367868,348.266123897502,283.14087274846,11608.4033079814,519.623150167554,11738.4686301852,1274.69201518708,1.39497932050298,3.72008443852992,0.937615763323899,0.762282999446638,31.252600186253,31.6027671648706,0.00339238063393364,0.00308938470944672,2.41074525636055e-06,0.00118015776286806,0.0064188836521405,2.3453110578767e-05,2.15086090370385e-05,1.06136565788437e-10,7.84834870736462e-06,4.30460485738781e-05,-795.722195602878,0.114109024540666,0.0904965352755725,0.95,0.517189259819834
"linear",400,"pg_apf",140,366.361,336.093425479413,849.039700027036,368.285113635378,170.259107599495,11750.7374373582,334.409030536923,11848.8609826973,732.131743669408,0.917383197118177,2.31749476616516,1.0052519608675,0.464730436917399,32.0742039610063,32.3420369053946,0.00261683297954845,0.0024168821000464,1.12895043412766e-06,0.00100526302552179,0.00463677795458234,2.17207489877997e-05,1.98816565995107e-05,7.86122642499535e-11,8.5992120119928e-06,3.98159333748394e-05,-774.620877478256,0.0738978917964622,0.0590775604342863,1,0.493983824194773
"linear",400,"pg_apf",141,368.476,373.02429834684,917.33106192053,301.669225432551,283.417126595707,11668.0915714639,379.582203912552,11981.6552893359,795.694555079553,1.01234354027627,2.48952730142677,0.818694366614246,0.769160343131458,31.6658115357958,32.5167861389503,0.00280696523088046,0.00256608267404062,1.46093931663426e-06,0.000923607830186201,0.00520728276029463,2.16145358541388e-05,1.94499389660432e-05,9.9095419496159e-11,8.00069707414047e-06,4.01574347144581e-05,-789.710726803586,0.110380549175852,0.0880145741381697,0.96,0.502976199750861
"linear",400,"pg_apf",142,367.029,395.026841769882,1097.66885165204,378.86334450915,328.952899689717,11893.2918563574,393.675502051286,11805.9247995992,980.201807337774,1.07628236943098,2.99068698018968,1.03224362246348,0.896258605422779,32.4042292471642,32.1661906813882,0.002673099486237,0.00245839987784144,1.15964205231438e-06,0.00100572194395276,0.00481881645583118,2.22112150989332e-05,2.03297439306518e-05,8.13445309569215e-11,8.78329496340249e-06,4.01260640264797e-05,-819.62678467462,0.104629025313145,0.0870413169169504,1,0.493239594426502
"linear",400,"pg_apf",143,366.307,600.727741172401,1667.98394458558,256.662308934331,384.534435851947,11924.0995843966,604.010437273369,13116.6904607524,1490.52261131382,1.63995703377877,4.55351370458543,0.700675414158972,1.04975999872224,32.5522023450182,35.8079164764868,0.00358532235018657,0.00324169623428873,2.82327332464877e-06,0.00118185756583129,0.00690964578536583,2.16718385291905e-05,1.98835987857216e-05,7.79493718219341e-11,8.61933811473093e-06,3.87097430009463e-05,-772.15272656867,0.0993622287406961,0.0765502294350635,0.995,0.527682111894264
"linear",400,"pg_apf",144,367.379,540.659645951745,1390.82164107408,220.202035018464,342.026597725632,11827.3117380451,541.087809630805,12245.1109752433,1247.58914628573,1.47166725902064,3.78579516269052,0.599386559978833,0.930991150081067,32.1937610425339,33.3310041544109,0.00333045659213796,0.00303193805005394,2.3278368702687e-06,0.00102930595061365,0.00641241717712187,2.19434534700089e-05,1.98946814863248e-05,8.49322612023705e-11,8.41541792810463e-06,3.98137215865621e-05,-808.028218300801,0.0823339813806854,0.0614643466698786,0.9875,0.5114699565959
"linear",400,"pg_apf",145,368.471,524.511575620627,1361.09591008508,331.696672585164,313.731531336057,11825.7310230792,522.887291272675,12349.3270487353,1208.9717188244,1.42348129329208,3.69390239689171,0.900197498813106,0.85144158247476,32.0940617391307,33.5150583050914,0.00285590986807704,0.00260032789559474,1.60222502497617e-06,0.000922272456038459,0.00529225747760406,2.11624866909955e-05,1.91349107983231e-05,8.01057371195081e-11,8.53790491724599e-06,3.89401564575262e-05,-791.813898981192,0.0976432341842648,0.0804147585088205,1,0.507510178601188
"linear",400,"pg_apf",146,366.857,456.464904160503,1137.39765895111,208.930314694364,387.193656854417,11800.3368304639,454.894940420607,12328.8270489188,1036.02552660166,1.24425840084966,3.10038423405063,0.569514319460618,1.05543483388464,32.1660397115603,33.6066288742447,0.00265452493169122,0.00242603994700957,1.24553993634718e-06,0.00104112137366515,0.00494574826958259,2.05928755337052e-05,1.91515352926432e-05,6.36539540479396e-11,7.83538349050117e-06,3.57008197527444e-05,-798.567448251081,0.0621670405526835,0.0482952340832165,1,0.490958568713908
"linear",400,"pg_apf",147,366.233,592.998647797349,1424.94662784621,299.786880626435,271.638281395846,11851.4676034973,595.737567805503,12125.710354048,1246.99117627487,1.61918409263324,3.89081985469963,0.818568727084766,0.741708915897382,32.3604579693729,33.1092783939405,0.00306581324327593,0.00279868548693643,1.76543968281081e-06,0.00110631216785957,0.00579284152884183,2.29466069656661e-05,2.05883419342102e-05,1.10000621333602e-10,8.04988969815699e-06,4.34418002860449e-05,-789.700837846707,0.123634877896148,0.0927217319829916,0.9475,0.505378783552961
"linear",400,"pg_apf",148,366.154,441.605983950075,1168.55250988553,284.914560436899,327.741215588895,11697.980786058,441.488621206625,11510.9708212713,976.898984755533,1.20606625613833,3.19142358102201,0.778127674248811,0.895091179091024,31.9482534290434,31.4375121431728,0.00291365984680131,0.00262818925827797,1.70292191739698e-06,0.000999129384347851,0.00546605051314265,2.31373792073032e-05,2.08911414908552e-05,1.02360612892495e-10,8.6646129643868e-06,4.39571192842406e-05,-796.962298142776,0.105716750750161,0.0854473897857805,0.97,0.50127801411997
"linear",400,"pg_apf",149,366.422,471.076309111926,1151.09378477272,230.825577694812,268.915218064604,11274.7059841997,466.889355404624,10956.5105230857,1056.58353194784,1.28561142374619,3.14144288490517,0.629944647687126,0.733894848193079,30.7697299403413,29.901344687507,0.00325642000761571,0.00296250129500227,2.18061032337831e-06,0.000978304234947499,0.00610378924420646,2.54539391884245e-05,2.30231928416885e-05,1.33065949289818e-10,8.25098007489598e-06,4.67036395436383e-05,-776.427613870458,0.139085371507257,0.112477011190142,0.9475,0.520507614425261
"linear",400,"pg_apf",14,367.687,443.587635353021,1006.0347527196,306.13776128408,365.740303419036,12146.3174581675,449.252609454298,12904.8573372932,981.980484763558,1.20642730189814,2.7361172756165,0.832604256566263,0.994705560487686,33.0343946295831,35.0973989760127,0.00349478389087489,0.00315847517250308,2.61093351156724e-06,0.00112207255679533,0.00671205435562429,2.25876056177207e-05,2.05900666037661e-05,9.15971183260554e-11,8.08434152043438e-06,4.08677544014163e-05,-796.467657653592,0.0942567698113261,0.0814629201496365,0.9875,0.517110803247781
"linear",400,"pg_apf",150,366.04,304.553127498247,995.651943202481,374.097562842198,321.480352908366,11754.4104016164,305.107540923639,12302.1879312193,719.089841380001,0.832021438908991,2.72006322588373,1.02201279325264,0.87826563465295,32.1123658660704,33.6088622315029,0.00266717815465329,0.00244844253147991,1.24522838024403e-06,0.000939871855049331,0.00482229676174211,2.08596689689843e-05,1.93571764437242e-05,6.71528408001799e-11,8.91765459533529e-06,3.79650221465547e-05,-804.037998889337,0.114326066159158,0.0874573833668291,0.965,0.497944404573708
"linear",400,"pg_apf",151,366.434,321.156331558181,669.453434686997,202.133206028033,323.408717951423,12002.3259696441,322.557189949299,11858.2023060639,564.7304830498,0.876437043391664,1.82694137194419,0.551622409569071,0.882583815779713,32.754400436761,32.3610863240416,0.00306791826628483,0.00276762070146262,2.04764880187845e-06,0.000991025751670411,0.00589174056212618,2.39487480442497e-05,2.17995194743414e-05,1.05649026570653e-10,8.04932510898734e-06,4.43321062595422e-05,-795.680711637392,0.102848034054077,0.08441480348591,1,0.506618943674419
"linear",400,"pg_apf",152,366.402,409.976130222675,1032.67892872616,285.125053004093,373.39006099443,11551.276164214,415.66534620932,12634.9236915407,1013.00958108845,1.11892437874977,2.81843147342581,0.778175482131901,1.01907211476583,31.5262366586808,34.4837738100248,0.00325941389952862,0.00292151464612533,2.36212668639115e-06,0.00102828918001985,0.00623585040410404,2.22590801044324e-05,2.02663783701685e-05,8.22362637087813e-11,8.50705940108403e-06,4.11034694586927e-05,-815.203271817559,0.103418743748901,0.0848147125498092,1,0.520736123913872
"linear",400,"pg_apf",153,365.753,398.135949193605,1250.5634024344,272.471313198094,273.557809450863,11982.1284133721,398.778907913812,12718.7844281723,995.716016480381,1.08853775414995,3.41914735472957,0.744959886038103,0.747930459766188,32.760164409785,34.7742449909428,0.00285058420658023,0.0026071209983371,1.48800829503972e-06,0.001033332344265,0.00531578509503521,2.04883698420829e-05,1.87813263266829e-05,6.95538556275718e-11,7.9718570027925e-06,3.72011830826629e-05,-800.752346938675,0.105186996796357,0.0784228359018375,0.9775,0.493216432060976
"linear",400,"pg_apf",154,366.046,366.451053277742,926.728674012055,235.602923984547,269.097620674515,11845.929009005,363.056652624172,12542.2774786248,800.637707202839,1.00110656386832,2.53172736216775,0.64364294100891,0.735147005224795,32.3618589166526,34.2642112702361,0.0028158070420758,0.00254028488478662,1.54562815968269e-06,0.00097936529330417,0.00527609982752468,2.07605594854359e-05,1.90932426787747e-05,7.13101013660967e-11,8.30301563866843e-06,3.68384472464198e-05,-793.836136157891,0.0980148045579224,0.0768716343793039,1,0.504697553036174
"linear",400,"pg_apf",155,366.158,548.65332569057,1480.80604867798,329.267079458012,315.471737112392,11659.9910488281,553.575894539764,12092.0167045476,1345.38008352947,1.49840594959162,4.04417232090513,0.899248628892479,0.861572701162863,31.8441521114602,33.024040727084,0.00332089162092895,0.00303861134774118,2.00190983944116e-06,0.00114579357870108,0.00624442775647613,2.38847419804675e-05,2.14985476819814e-05,1.12567190877688e-10,8.54711683358585e-06,4.4039465190694e-05,-784.532383018567,0.091713806358644,0.0713334797585952,1,0.512297100389395
"linear",400,"pg_apf",156,366.413,367.33547087672,962.791103024737,252.585097362897,361.103634391459,11652.755836442,363.385672450557,11852.855606733,928.850656825718,1.00251757136543,2.62761174692147,0.689345348999344,0.985509887453391,31.8022445613066,32.3483490125432,0.0029429741000765,0.00267390199218317,1.76455761284057e-06,0.00101064517375552,0.00546959544549984,2.18617624002712e-05,1.99131052567252e-05,8.32445865980261e-11,8.29085021325867e-06,3.95071700624411e-05,-795.960468502377,0.125249270172196,0.0952911914642407,0.9425,0.50928040182332
"linear",400,"pg_apf",157,366.325,568.627598041002,1313.3783996996,256.178681137956,351.815153845774,12058.6311827015,574.345155642463,12337.8848620164,1203.5666015296,1.55224895390978,3.58528192097073,0.699320770184825,0.960390783718757,32.9178494034027,33.6801606824988,0.00301912042175831,0.00277204522680699,1.61463542803366e-06,0.00108697276240709,0.00561559756468994,2.25940930418639e-05,2.03405309473049e-05,9.56912531114845e-11,8.0030237471217e-06,4.22103939455768e-05,-804.597796564887,0.079831424254899,0.0620467147699275,1,0.507502517490516
"linear",400,"pg_apf",158,366.847,448.370052216727,1146.16535058511,286.324779413335,445.122080579712,11754.797631057,448.643840552824,12219.7609409756,1004.35984978663,1.2222263020189,3.12436888017379,0.780501897012475,1.21337255198955,32.042779772104,33.3102381673438,0.00253866193979647,0.00231613498106595,1.20759809925637e-06,0.000865766601189637,0.00467029116168224,2.06002403622105e-05,1.8925811670321e-05,6.97642029578898e-11,8.19361789675768e-06,3.77095746559473e-05,-789.80216469214,0.0875428797708942,0.0682504184034642,0.9925,0.489187159429314
"linear",400,"pg_apf",159,365.796,530.529286844311,1202.4176671481,361.573767339652,435.917408715034,11836.7968102245,534.992786577982,12317.8020051092,1090.90603082478,1.45034195793369,3.2871263413162,0.988457411616453,1.19169539501535,32.3590110614237,33.6739658309802,0.00250856434820474,0.00232807815044595,1.0065837016135e-06,0.000976141909665992,0.0045339347656941,2.01213414795988e-05,1.84459312888573e-05,6.3082519441729e-11,8.03214546439993e-06,3.58376805052174e-05,-774.142061080651,0.121089064393456,0.0973916721223961,0.9825,0.496839897264507
"linear",400,"pg_apf",15,368.108,552.261356767476,1450.72314702104,265.972102034986,281.527004526316,11796.5336158005,547.728412630552,12069.3940921538,1337.04859811254,1.50026991200266,3.94102585931586,0.722538228006416,0.764794583454626,32.0463929493531,32.7876440939991,0.00338049897415672,0.0030548111998604,2.32844041328637e-06,0.00102481635623723,0.00648770697719032,2.32143306664729e-05,2.11272545014016e-05,1.10054488459533e-10,8.63027503610938e-06,4.25112670072231e-05,-799.042278787854,0.0957282328220523,0.0773836641054017,0.9875,0.515283958807
"linear",400,"pg_apf",160,366.052,446.464264755222,1132.39631502358,347.490345740217,379.536878165135,11785.5781218736,446.593021352449,12118.1152969959,988.592792218613,1.21967443083284,3.09353948352578,0.949292302023255,1.03683869549992,32.1964587596123,33.1049012080138,0.00261230296856118,0.00241157564378528,1.11799505228781e-06,0.000956185548855496,0.00471814675272259,2.06610375014021e-05,1.90277110464381e-05,7.51259025777e-11,8.03953823965562e-06,3.69363760795616e-05,-793.609391858326,0.0932915886132971,0.0733254254331263,1,0.500016178080893
"linear",400,"pg_apf",161,367.742,583.612510688654,1647.23896756353,313.475881141245,385.031314905626,12234.4615986966,584.724216940201,12811.9677737159,1461.00904502048,1.58701619801016,4.47933324875466,0.852434264079831,1.04701479544253,33.2691441246759,34.8395553777264,0.00294219134259135,0.00271063824575707,1.45270389247752e-06,0.00105157994521792,0.0053020365095689,2.05543079467107e-05,1.87028643557136e-05,6.55749966134957e-11,8.18048852191393e-06,3.74471559195773e-05,-816.42590882251,0.0922655135985077,0.0763828641435195,1,0.499280945745627
"linear",400,"pg_apf",162,368.199,662.154450936589,1795.36048923634,261.900990078012,362.131702400076,11898.0525680454,661.084260469397,13022.0229338101,1634.96922433506,1.79836026425001,4.87606019906719,0.711302828302118,0.983521689086815,32.3141903374138,35.3668069001006,0.00351105175230955,0.00308151714164195,3.17025154343634e-06,0.00100653846083843,0.0069409974109147,2.15886908183502e-05,1.95668876484105e-05,8.89914283946277e-11,8.05510966584722e-06,4.02071815531049e-05,-816.788822821926,0.102851970171488,0.0822764495663176,0.985,0.520687013422036
"linear",400,"pg_apf",163,368.111,509.91362449425,1195.51784147673,314.79007740269,350.456705253045,11978.742236619,510.213595674057,11586.6097031736,1055.67126599571,1.38521702555547,3.24771017838839,0.855149879799,0.952040838912841,32.5411146002673,31.4758583774285,0.0027715677643367,0.00251374656300576,1.32447579630896e-06,0.00108467486130839,0.00509634647769712,2.13825868945589e-05,1.93886526577474e-05,8.76110033526435e-11,8.13974311520537e-06,3.99532668954253e-05,-783.932261443739,0.109728475938149,0.0953334211495184,1,0.500969901329988
"linear",400,"pg_apf",164,369.054,396.249083036486,957.150942797916,415.496284763709,450.975140080154,11966.2497048312,396.969030389694,12381.0414541216,867.674326044461,1.07368862832129,2.59352545372199,1.12584143448847,1.22197602540591,32.4241159961176,33.5480483997506,0.00246883861279435,0.00225156098739714,1.0317391848108e-06,0.000846553562685533,0.0044652738473552,1.97846988086454e-05,1.84781677559365e-05,5.48660769257471e-11,8.15486818881379e-06,3.4444050542373e-05,-808.422732445221,0.0810330430919725,0.0629730655816814,0.9975,0.486632007782718
"linear",400,"pg_apf",165,366.945,528.714552162087,1389.31503513549,281.297696787758,339.138706655819,11512.291882919,528.026988089575,11676.5599277452,1214.24874126264,1.44085503866271,3.78616695999535,0.76659362244412,0.924222176772594,31.3733444601207,31.8210084011098,0.00278700193741972,0.00256196881085663,1.2428333365839e-06,0.00105900893707671,0.00502643850390473,2.22270597598278e-05,1.99189958520728e-05,1.10657945892963e-10,8.45475026100288e-06,4.18627856347761e-05,-803.18957332362,0.095602016726293,0.0776252498809227,1,0.499701997801472
"linear",400,"pg_apf",166,367.879,397.156440329293,1029.21795877253,306.757879722238,301.581485098996,11709.9392026944,396.615932903449,11327.3531745581,877.658272781931,1.07958442947081,2.79770782994552,0.833855370168556,0.819784453853021,31.8309531196248,30.7909752243485,0.00273071569258204,0.00251322799845127,1.29984332755133e-06,0.00102910606415935,0.00500062272427684,2.24424617042665e-05,2.04839320025074e-05,9.5369729971123e-11,8.4349928999189e-06,4.04328871793809e-05,-788.354839466401,0.107761431109174,0.0917394234476144,1,0.495937287032897
"linear",400,"pg_apf",167,368.118,423.528216763164,1109.98298165682,211.37300664603,357.997791155539,12001.0445085569,422.206253390877,12669.4206154612,987.887275521351,1.15052297568487,3.01529124263637,0.574199052059475,0.972508247777993,32.601080383347,34.4167376098458,0.0031166013933241,0.00282845224172758,2.01479950958604e-06,0.000961167083282795,0.00592646757188855,2.18483239491398e-05,1.98409566690594e-05,8.17777578295231e-11,8.89240233646221e-06,4.03202033131359e-05,-826.816268763376,0.0916922880261695,0.0710348284994695,1,0.505833831684436
"linear",400,"pg_apf",168,367.685,487.071630664558,1281.36572068317,186.089035526908,422.758009741308,11866.4506915001,488.050072167711,12550.5827782602,1118.06425764865,1.32469812656094,3.48495511289057,0.506109946086755,1.14978312887746,32.273415264425,34.1340625216154,0.00320003973681475,0.00284894593938451,2.45844973732083e-06,0.000942592031995362,0.0062963089777689,2.07467447024479e-05,1.91688976989802e-05,6.5254813473101e-11,8.39884007198054e-06,3.71954196433559e-05,-789.695550816968,0.0888190800047498,0.0707495852319192,1,0.514368400545772
"linear",400,"pg_apf",169,366.243,463.063911113287,1099.60554456389,405.38261020515,249.251038458811,11921.0285843534,464.270854655066,11870.4244286549,953.9493948425,1.2643624891487,3.00239334148063,1.10686787243756,0.680561917794499,32.5495056133588,32.4113346293442,0.0025491499682046,0.00234992955975534,1.04303595451939e-06,0.000928980046026253,0.00454573383671764,2.1074996689462e-05,1.928429621683e-05,7.87241678899693e-11,8.07560639924254e-06,3.87085791579601e-05,-776.943478985327,0.0687108942950795,0.0553049685187239,1,0.49332705185333
"linear",400,"pg_apf",16,369.542,492.534872648587,1275.815853769,278.633122929575,386.024323676037,11843.7185840878,493.277445837246,12640.3482811143,1136.03818635202,1.33282515288814,3.4524244978081,0.753995818958536,1.04460203082745,32.0497225865743,34.2054442556307,0.00347165473101361,0.00310667797026753,2.51237704978303e-06,0.00119637713565601,0.0066849348377244,2.17446237608448e-05,1.98394493934772e-05,8.07408725749364e-11,8.48472704348863e-06,3.96757033817831e-05,-793.350883537418,0.109115927043261,0.0859431984684969,0.975,0.515719519741127
"linear",400,"pg_apf",170,366.277,511.510892754012,1252.08737407738,342.019261262631,304.3992298479,11859.9460936582,514.892007959649,12216.8408806526,1096.50872248023,1.39651382083508,3.41841659202567,0.93377214857234,0.831062910987859,32.3797183379197,33.3541032624286,0.0028665695247544,0.00259526006657172,1.49335055150578e-06,0.00107894372232138,0.00535125261813388,2.16982507610733e-05,1.99113051723117e-05,7.77651446409984e-11,7.73281610709848e-06,3.90146808361441e-05,-810.647610988434,0.0961614013895307,0.0737063343580791,1,0.498660627498263
"linear",400,"pg_apf",171,368.697,373.067868893379,840.448377378062,437.623499330087,343.342172685647,12004.3776531217,376.54624896493,12364.6464774587,758.200076045091,1.01185490767047,2.27950967156788,1.18694618977124,0.931231262217069,32.5589241385791,33.5360647834365,0.00232636585417585,0.00218161087387037,8.25727015430547e-07,0.00086060013130964,0.00410385054667992,1.96005144606441e-05,1.79957252165187e-05,5.96932793452262e-11,7.61621131000786e-06,3.54722552158735e-05,-777.57147221152,0.0970505600807688,0.0751482957462902,0.9975,0.484529011630411
"linear",400,"pg_apf",172,366.802,610.03341849428,1571.41611079263,336.829160868273,330.148499478934,11778.9797316458,611.048138286395,12206.7192228905,1431.27652634753,1.66311366484992,4.28409908013761,0.918286053152035,0.900072789894641,32.1126376945759,33.278769534764,0.00294469940971656,0.00268424051947548,1.55428736104039e-06,0.00105233339224983,0.00552848959418917,2.16075939816579e-05,1.94302143890369e-05,8.86213731045906e-11,7.76055805726082e-06,4.08923613124803e-05,-777.270880449218,0.0993203443415742,0.0816190291063184,1,0.504571837008098
"linear",400,"pg_apf",173,369.6,408.538754761396,975.983664539815,275.947064515065,418.474085254458,12064.9165288944,405.592119540932,12330.5132593415,861.367998310972,1.10535377370508,2.64064844301898,0.746610023038595,1.13223507915167,32.6431724266622,33.3617782990841,0.00283147691140459,0.00260100143493621,1.50863921932818e-06,0.00102786416810553,0.00524807196467201,2.03076026028021e-05,1.88408645463403e-05,5.99859896849074e-11,8.49906809696528e-06,3.5856596079022e-05,-781.976518777273,0.103599008810342,0.0847297617617313,0.995,0.497939835929665
"linear",400,"pg_apf",174,366.535,541.153087363475,1460.20003153618,391.668612284168,212.630424168209,12117.7629672058,539.111100619677,12330.613968119,1271.80806314853,1.47640221906087,3.98379426667626,1.06857083848519,0.580109468858932,33.0603161149845,33.6410273728813,0.00255086403519563,0.00236961873350261,9.05892084748124e-07,0.00100789686124362,0.00443104152958104,2.06674084393324e-05,1.86573080279656e-05,7.46014854565003e-11,7.68751577240353e-06,3.82768244685555e-05,-770.362636380988,0.0776607732103018,0.0649677552556358,1,0.486942047687385
"linear",400,"pg_apf",175,369.831,518.365418265138,1447.45808696323,303.637991516869,292.262289752322,11909.1085972924,517.581900293348,12370.0914926825,1252.72093701179,1.40162781991001,3.91383655497572,0.821018225937981,0.79025903656622,32.2014882400133,33.4479572904447,0.00264108130908721,0.00240864632070092,1.20402564553662e-06,0.000875881551504491,0.00483575558519045,1.99469105375683e-05,1.78457779920111e-05,8.06641069232049e-11,7.64124179687659e-06,3.70387283783603e-05,-794.725818950293,0.12622636441484,0.103693890838675,0.9475,0.49141835102065
"linear",400,"pg_apf",176,368.239,395.377296117173,927.968830829881,250.930192016701,333.219844519649,11797.9082963265,391.570972382861,12647.9867946894,810.381892671863,1.07369750655735,2.52001778961457,0.681432960704057,0.904901014068713,32.038725654606,34.3472223058648,0.00344458434473248,0.00308122211353782,2.66935003233587e-06,0.00110507813813606,0.00671027631277278,2.32380421827946e-05,2.13526089642359e-05,9.54402870598522e-11,8.89212561874145e-06,4.15089207328849e-05,-801.640928353648,0.13106612496587,0.0984762562377916,0.9375,0.522037078656458
"linear",400,"pg_apf",177,366.966,479.943616229123,1315.18115983013,262.289982855865,359.564430932355,11594.6065754839,482.459334975542,11936.7453085882,1156.32081958548,1.30786943811994,3.58393191693543,0.714752818669481,0.979830368296668,31.5958605851331,32.5282050887228,0.00310657240629689,0.00283728837670744,1.86319842202923e-06,0.00104238321927736,0.0058592474738062,2.19306661213476e-05,1.98167972779231e-05,9.31697431403016e-11,8.42925282344646e-06,4.03710227401513e-05,-774.458614986884,0.104235623858684,0.0841035028625578,1,0.515368228159202
"linear",400,"pg_apf",178,368.105,440.626749971252,1037.32130536616,378.520241133792,423.619330373682,12023.5119581971,443.320941442599,12211.6390276351,944.424042616251,1.19701375958287,2.81800384500662,1.02829421261269,1.15081112827504,32.6632671607206,33.1743362019942,0.00258472947341141,0.00236507408108885,1.17253689062987e-06,0.000911300885075665,0.00470124125414912,2.08656403435523e-05,1.92865727244119e-05,6.5750700493726e-11,8.27932400448912e-06,3.68075722104402e-05,-795.81870658717,0.0922010818314257,0.078166582341451,1,0.495474534162966
"linear",400,"pg_apf",179,367.62,570.395692753918,1505.31770105443,253.755540204654,340.76483672453,11519.1091973518,570.814813046798,11355.8657341508,1360.8462252314,1.55159048135008,4.09476552161044,0.690265872924906,0.926948579306158,31.3342832200419,30.8902283176945,0.00276230002327035,0.00251640096677544,1.42129844119704e-06,0.0010129708513168,0.00529024968350935,2.27147525851168e-05,2.0761478391333e-05,8.37090723430521e-11,8.48876081859733e-06,4.15040940029831e-05,-774.687369982117,0.149661451161193,0.115002785276738,0.9075,0.496127405621303
"linear",400,"pg_apf",17,365.514,368.990298214756,859.504314356314,335.619092416868,375.22688593535,11903.8146620414,370.29248694442,12335.0304598746,758.114686875944,1.00951071153159,2.35149492045808,0.91821131999559,1.02657322547249,32.5673289177472,33.7470807133915,0.00247480658386812,0.00228630163986506,9.24460320620299e-07,0.000889852519506316,0.00437492028087311,2.0218002710869e-05,1.84780516153446e-05,7.51073053151914e-11,7.66056874258946e-06,3.61080198051551e-05,-781.592784288581,0.0637095757012623,0.0495369528086974,1,0.490044047436152
"linear",400,"pg_apf",180,367.819,414.567551974951,1133.82705790184,331.211044637763,391.574096691919,12117.907583358,416.981560533817,12797.2934694063,977.829116158618,1.12709662082424,3.08256794211784,0.900472908244987,1.0645836585166,32.9453007684705,34.7923665428004,0.00247298924463447,0.0022985430804647,9.46429524914043e-07,0.000942871505200473,0.00439887171400291,1.97089030325993e-05,1.80930086718834e-05,6.71758937690167e-11,7.99130265375261e-06,3.53865731053059e-05,-801.218736198022,0.0849186275217377,0.0692132836447552,1,0.479927545084298
"linear",400,"pg_apf",181,370.448,480.3508696787,1254.03305723279,374.457142142523,393.112948525609,11597.6664627698,482.852321774436,12022.2149530947,1084.11053863158,1.29667556493408,3.38517972085905,1.01082241540654,1.06118253715936,31.3071374734641,32.4531781872077,0.00241770826214647,0.00224368316568753,9.21184386849717e-07,0.000860555771133681,0.00425609901994109,2.03736120970656e-05,1.87408376050814e-05,6.81229064465074e-11,8.03268007862336e-06,3.64843344443143e-05,-762.186640488274,0.0789314230136323,0.0625217070770262,1,0.489506076323906
"linear",400,"pg_apf",182,367.595,433.664943203396,1037.55767528221,370.10766969019,400.414883492359,12023.1206237084,436.125010776412,12358.9979315576,952.066587238224,1.1797356960878,2.8225565507752,1.00683542945413,1.08928272553315,32.7075194812455,33.6212351407326,0.00255479122274925,0.0023599819876852,1.05369051612682e-06,0.000933536896807705,0.00452930332151146,1.952559008818e-05,1.7715739157075e-05,6.60893731384766e-11,7.61183882200686e-06,3.53275968921762e-05,-792.73186733794,0.111586932176346,0.0840157160543516,0.985,0.486552146628953
"linear",400,"pg_apf",183,365.884,454.330661957494,1155.71322543947,338.028567346124,295.454041624353,11933.2556751557,458.099244715374,11973.1718729725,1021.45740212602,1.24173416153069,3.15868752238268,0.923868131282384,0.807507411158599,32.614860652982,32.7239558793839,0.00295321999760275,0.00267563677820886,1.62674622883992e-06,0.000987916473797824,0.00549042984190621,2.2354002305457e-05,2.00999477146984e-05,9.67423960251431e-11,8.05362435199209e-06,4.23535177123751e-05,-800.630372284357,0.0789742068359044,0.0650226166620268,1,0.500857167857396
"linear",400,"pg_apf",184,365.977,417.647472064253,948.642040000757,352.494025110147,266.80485967027,11313.6401306357,420.213279067517,12013.0477286391,887.220299548381,1.14118502546404,2.59208103241667,0.963158955645156,0.729020839206481,30.9135277097625,32.8245975256345,0.00304355969503731,0.00277318864664276,1.66937251918288e-06,0.00105945404827338,0.00567334173487147,2.32541121582265e-05,2.12471726169996e-05,9.60327529089186e-11,8.4227006892907e-06,4.20708857896084e-05,-782.149697069492,0.0950854711416213,0.0760866432194244,1,0.514657993124842
"linear",400,"pg_apf",185,366.38,445.648455009043,1087.46869255935,385.721501624673,227.488128386608,11978.8860368437,449.967450133362,12612.4359216266,985.710154629854,1.21635584641368,2.96814425612575,1.0527908227105,0.620907605182073,32.6952509330303,34.4244661870916,0.00262530601730382,0.00243011254098339,1.1362485529451e-06,0.000957301632511157,0.00477884000242958,2.08793682148688e-05,1.91366939074155e-05,7.37734701361171e-11,7.87477566041473e-06,3.73332844364032e-05,-792.000264578616,0.0845864014596949,0.0632800048341641,0.9975,0.496098833773606
"linear",400,"pg_apf",186,366.469,378.946412777451,923.172713823624,303.363978833598,309.851261358529,11703.2325276466,375.920130092798,11784.8552391369,835.973829855031,1.03404766236012,2.5191017898475,0.827802566748069,0.845504698510731,31.9351228279788,32.1578502933041,0.00286455762591896,0.00262427487080034,1.37421115908558e-06,0.0010048570595434,0.00525315647901192,2.29568901242433e-05,2.10840962762185e-05,9.47621839588524e-11,8.24191165028396e-06,4.20195245839348e-05,-788.619140842895,0.0958654721355174,0.0777461895885361,1,0.504387365465891
"linear",400,"pg_apf",187,366.903,429.271435595786,1127.88102247416,293.602612877862,363.633929357756,11490.7615872815,427.356739501612,12100.7976540492,958.161860002164,1.16998616963008,3.07405778223172,0.800218621482686,0.99109009563224,31.3182546539044,32.9809177195314,0.00289807607703838,0.00262369086106255,1.58141907248239e-06,0.00100894932360494,0.00546977995309564,2.22612606484299e-05,2.01004942455944e-05,8.63379724058895e-11,8.74317888546761e-06,4.08756176216153e-05,-787.076525768931,0.129413652728723,0.100248485422972,0.955,0.50930891205145
"linear",400,"pg_apf",188,369.866,451.471036822593,1187.85208242797,268.061289070444,340.38962120804,11710.5608603892,453.337903455281,12442.8551289969,1069.05735222965,1.22063405888239,3.21157414422512,0.724752448374394,0.920305248949729,31.6616311323268,33.6415218727781,0.00291056909037418,0.0025762344445554,1.88494150444623e-06,0.000936797885402004,0.00568573290209147,2.19979268075022e-05,2.02033678208854e-05,8.79596313477257e-11,8.20226155207812e-06,3.98325621134351e-05,-807.825240113764,0.0742704213837661,0.060626304185761,1,0.501885397886349
"linear",400,"pg_apf",189,366.637,590.662277462608,1710.91644365671,276.648648240418,299.84164601142,11185.1338595597,590.025496723622,12543.7523478701,1546.66264726907,1.61102746712036,4.66651331877772,0.754557363933312,0.817816112425695,30.5073788503606,34.2130018188837,0.00380796342697919,0.00344856125996231,3.37654327661399e-06,0.00104055992878306,0.0074432989125176,2.39764415005525e-05,2.16458458215241e-05,1.02704690399113e-10,8.58007736151491e-06,4.46860912760243e-05,-805.076073171109,0.0904154838171443,0.0756058770738339,1,0.527254361775433
"linear",400,"pg_apf",18,368.276,533.601379169772,1255.90941989752,246.461217844951,361.927526066719,11755.2301694824,532.939874300251,12635.0188409487,1148.09800054595,1.44891705994898,3.41023965693535,0.669229647994849,0.982761640907144,31.9196205277628,34.3085589094829,0.00304990671811514,0.00277178138818397,1.90260481452651e-06,0.000890518493953837,0.0057661081972906,2.22412406264683e-05,2.0157722721409e-05,8.90867342108421e-11,8.1698557786681e-06,4.11346538069331e-05,-804.795004254579,0.101571159265776,0.0886186349148337,1,0.503776918984955
"linear",400,"pg_apf",190,366.208,629.571259471839,1537.2435139241,414.199408116675,290.530353925786,11912.5053293798,628.781828405731,11725.7746985043,1359.46782890238,1.71916304251092,4.19773329344008,1.13104958962304,0.793347916828102,32.529342148123,32.0194389486421,0.00276855453616563,0.00256746779253999,1.23292563336389e-06,0.00105831223413555,0.00487215069945193,2.2740901657371e-05,2.0284034062064e-05,1.13797763415015e-10,8.17378765408836e-06,4.26265489353856e-05,-777.953999514496,0.0908745511761819,0.0704362163748901,1,0.498607898257256
"linear",400,"pg_apf",191,366.118,662.226906659089,1587.5096996709,246.345455926567,361.127422426882,11828.6014535295,659.966989562106,12499.7631161248,1467.08761900863,1.80877997437736,4.33606023104819,0.672858083805131,0.986368936864295,32.3081669121143,34.1413509199898,0.00366186244683254,0.00322850004777438,3.16149001281311e-06,0.0011327427765526,0.00733345562559472,2.23423925255266e-05,2.02298126736829e-05,9.17006157607567e-11,8.02353839133099e-06,4.16981226853991e-05,-808.031388357508,0.0956921300795813,0.0761713234944697,1,0.519527929925169
"linear",400,"pg_apf",192,366.711,406.644489183895,1228.32250721184,318.731764612633,324.343967805754,12125.125419279,407.023291699427,12748.7846120887,999.578270788068,1.10889634939747,3.34956548129683,0.869163359191934,0.884467517488578,33.0645260689726,34.7652091485902,0.00291794162278938,0.00268977388645435,1.52552967630362e-06,0.000959104445169699,0.00539192450643898,2.01187872922404e-05,1.8320845673319e-05,6.94808864920097e-11,7.74327876231984e-06,3.73907021304202e-05,-802.292796715445,0.094140061514112,0.0687901340953734,0.985,0.493437703931542
"linear",400,"pg_apf",193,365.931,377.053934299571,888.658538328211,333.817444537243,317.440303203785,11584.2894157495,379.28837940989,11424.4741896042,807.987473134943,1.03039626131585,2.42848662269174,0.912241500548583,0.86748677538603,31.6570321064612,31.2202961476457,0.00272156422055118,0.00250833330386866,1.31486259646264e-06,0.000985610606613879,0.00488057694936092,2.20529325436088e-05,1.97979267151554e-05,9.74242763366481e-11,8.31007502364544e-06,4.13194414902318e-05,-793.199508601708,0.0823850982019103,0.0659887853744967,1,0.49522098772545
"linear",400,"pg_apf",194,368.223,621.69880982516,1593.31903005558,356.5772605967,393.342160244661,11954.0560201797,621.009106565478,12176.5104517258,1473.51634356268,1.68837582069876,4.32704917958841,0.968373134205901,1.06821724945118,32.4641752964363,33.0683049448996,0.00267738652555839,0.00250898350801752,1.03042463094692e-06,0.00104582006901989,0.00476765542249626,2.1098941765177e-05,1.9479826271666e-05,7.35422723157577e-11,8.53970508167748e-06,3.68779866563098e-05,-783.895977143584,0.12717916468498,0.103537887551276,0.9975,0.495640896633002
"linear",400,"pg_apf",195,366.2,792.675615962825,2173.26756869802,292.327104777279,310.727251613657,11504.9547057777,791.666716844679,13479.9023160886,1967.93911756651,2.16459753130209,5.93464655570186,0.798271722493935,0.848517890807366,31.4171346416649,36.8102193230163,0.00401426474669915,0.00356724361001375,3.6570426137537e-06,0.00122380334186572,0.007718153274717,2.22716029005136e-05,2.02757303185701e-05,8.67845781507873e-11,8.79491112479575e-06,4.1346640520765e-05,-793.947328584109,0.109964300809196,0.0881863376990558,0.99,0.536044525991092
"linear",400,"pg_apf",196,365.847,506.845556643788,1405.82102931571,316.706221054253,407.075892381602,11898.6065739113,507.49696282828,12184.2813854452,1235.13636994268,1.38540306916221,3.84264741631258,0.865679426247183,1.11269435688034,32.5234498954789,33.3043085919665,0.00280872503220966,0.00259115179010344,1.36837210708289e-06,0.000959406767767861,0.00517416569755454,2.11507714903895e-05,1.95324476400713e-05,6.66040356907001e-11,8.45431151255809e-06,3.76429018537083e-05,-799.216549844341,0.0871054241474267,0.071811684087694,0.9925,0.498955437934727
"linear",400,"pg_apf",197,368.819,491.054031724105,1263.94717202108,248.480684771371,344.206336436583,11654.2269738897,493.055786845411,12411.3402018145,1115.25551251266,1.33142281640616,3.42701208999828,0.673719859257172,0.933266280849369,31.5987705999142,33.6515748966688,0.00330942873158447,0.00289668881376809,2.9322143994834e-06,0.00105724965053233,0.00681180873021611,2.21138708800963e-05,2.02997981811814e-05,8.38910889799529e-11,8.46633597183537e-06,3.9676106129286e-05,-796.466112275001,0.112742659731951,0.0940898265521868,0.9925,0.521946354439652
"linear",400,"pg_apf",198,366.51,405.027770199658,1020.98820640292,340.184078119016,339.70498450401,11763.8618707988,406.709100828798,11738.512185228,907.140751652607,1.10509336771072,2.78570354534098,0.928171340806569,0.926864163335271,32.0969738091697,32.0278087507244,0.00271477483996875,0.00250325946944878,1.23319215622399e-06,0.000993127750932842,0.00485896882527048,2.24714317701582e-05,2.05863084838044e-05,8.61958800890628e-11,8.52754040919535e-06,4.15739546937936e-05,-788.435092224814,0.106708612340826,0.0864155482121521,0.9975,0.488995966712855
"linear",400,"pg_apf",199,366.371,553.724534795023,1413.87420840479,263.775587127869,295.586760889338,11784.9928874716,556.193278704848,12091.4913596301,1240.13456131794,1.51137654125196,3.85913243243812,0.719968521329114,0.8067962827007,32.1668278533825,33.003407364748,0.00329396047968198,0.00293297479546015,2.27804854700969e-06,0.00103090080067,0.00631526444537433,2.23877690160581e-05,2.03130849135188e-05,9.28787164636568e-11,8.12219331807481e-06,4.25680583872434e-05,-812.239321784904,0.126139035113541,0.091314003748827,0.9325,0.520186326430539
"linear",400,"pg_apf",19,366.66,605.85457496618,1650.36310162753,314.702367657746,263.755115165738,11500.659022146,593.785812605807,11921.656043985,1478.6076558404,1.65236070192052,4.50107211484081,0.858294789880941,0.719345211274035,31.3660039877434,32.514198559933,0.00325752207448776,0.0029582021712729,2.08112877741152e-06,0.00110339383252539,0.00615280401296447,2.41921925070729e-05,2.1549817345011e-05,1.19096014267519e-10,9.18759319573471e-06,4.66239074659819e-05,-790.079517219046,0.0978762745015198,0.0815806426395561,1,0.510282648778515
"linear",400,"pg_apf",1,366.653,560.490015347309,1554.69725099125,208.567282076414,331.857621752548,11514.2733650776,561.968424668578,12234.043882729,1356.99085122141,1.52866611032041,4.24024145715773,0.568841062466184,0.905099976687899,31.4037342257599,33.3668178979281,0.00367551368279657,0.00333065444023324,2.82437107173931e-06,0.00116524845931064,0.00697963477467799,2.35360926149149e-05,2.15621158131018e-05,9.30096566898836e-11,8.94172689420126e-06,4.25115503715215e-05,-804.427899536509,0.0949584783402718,0.0776311489317169,1,0.527514581363779
"linear",400,"pg_apf",200,365.227,416.339637692187,1047.72533010801,339.173696038342,440.286854987028,11689.6857636697,414.454100047206,12087.5703098393,907.342273392698,1.13994758791707,2.86869626316787,0.928665449263997,1.20551562449388,32.0066308451175,33.0960479642504,0.00240709873366989,0.00220216885158883,1.01884963810734e-06,0.000874965967853127,0.00433910833569842,2.08913423909106e-05,1.92594796130812e-05,6.73858640365701e-11,8.29728217429468e-06,3.71560548710995e-05,-790.008360636489,0.0747867027825927,0.061222660477519,1,0.48327832823291
"linear",400,"pg_apf",20,367.775,488.819210172011,1192.26955172359,334.871007229921,377.258988963046,12108.2157227429,489.317961526966,12242.417756589,1080.57427920943,1.32912571591873,3.24184501862169,0.910532274433883,1.02578747593786,32.9228896002799,33.2877921462551,0.00254559013620156,0.00234072904866613,1.1774393244291e-06,0.000944703280449222,0.00474767967508573,1.97068880003514e-05,1.81838767599556e-05,6.12827830544423e-11,7.56729445209752e-06,3.46864356415456e-05,-788.364609942781,0.0625650670640144,0.0519210129640408,1,0.486502165348261
"linear",400,"pg_apf",21,376.792,536.681995156195,1554.95885279699,197.983950007407,352.366623200297,11405.8811868293,534.898527700563,12892.02676304,1382.27477859776,1.42434551465051,4.12683616636498,0.525446267456333,0.935175436846581,30.2710280123497,34.2152348325867,0.00381737134788375,0.00334645238786077,3.5406707427927e-06,0.00107812422562275,0.00769373090375153,2.22373951676121e-05,2.04158938498258e-05,8.8777984674721e-11,7.71301532478325e-06,4.01036237978833e-05,-815.265107355287,0.0897161358675916,0.0742312513049814,1,0.532110998146274
"linear",400,"pg_apf",22,366.319,508.197705197968,1346.61011576159,279.972704123224,357.723895360984,11568.1028887225,497.444787195301,12524.877831275,1211.70851412862,1.38730916277334,3.67605861492739,0.764286602996907,0.976536557920786,31.5793144464865,34.1911771741979,0.0032373065150823,0.00295286827843083,1.95967242128321e-06,0.00103550006099639,0.00598714996251863,2.24358617852236e-05,2.04268186922154e-05,8.98768171320236e-11,7.9368661993157e-06,4.15398994145906e-05,-789.713054400241,0.104016417807794,0.0717883776215505,0.9775,0.517135443745867
"linear",400,"pg_apf",23,366.089,447.734200402203,1494.31961719645,277.630743485102,327.261932995444,11710.9100209767,450.752474540898,12885.8376043756,1199.08776393723,1.22302008637846,4.08184790364215,0.758369531685197,0.893940907799589,31.9892431102182,35.1986473354175,0.00324935440792388,0.0029247416327197,2.33461644337436e-06,0.000932373549559855,0.00611663428998544,2.13190562450042e-05,1.92292051540879e-05,8.97504328123977e-11,7.45373118639818e-06,4.0231479384393e-05,-798.652640352008,0.0887946212816676,0.0730063728853268,0.9875,0.512739941660305
"linear",400,"pg_apf",24,367.751,475.981842395893,1378.83071247065,395.762555733609,394.61510148543,11997.3143153478,477.161194591988,11881.8378643949,1148.06078406741,1.29430468549614,3.74935951899696,1.07616989684218,1.07304970342822,32.6234716298467,32.3094644593621,0.00268503796884846,0.00245860162799839,1.29435432730858e-06,0.000969741041975745,0.00480418237822538,2.23190448040241e-05,2.02212427303863e-05,9.96260708470294e-11,8.08593406927546e-06,4.09990872455859e-05,-782.536287259826,0.0778056740676276,0.0590483922926006,1,0.49603910683835
"linear",400,"pg_apf",25,365.699,369.299599054614,927.069276324286,297.798447434475,343.769324971139,11834.2342081284,367.373406361576,12505.0254195468,814.770306885303,1.00984579956361,2.53506101007737,0.814326666013512,0.940033538432261,32.3605867342497,34.1948581197837,0.00280053932611546,0.00253592250178551,1.39557458154947e-06,0.001068291605323,0.00519645021847011,2.12687464810855e-05,1.94237965828581e-05,7.33386614626336e-11,8.39316425782346e-06,3.83181635431074e-05,-788.058325567225,0.131673655285863,0.104507776510017,0.9775,0.502687003557817
"linear",400,"pg_apf",26,369.687,241.679895189232,645.06157377938,288.963517124205,394.920203186262,11942.9332648613,247.04916907665,12062.9097731375,556.004973216363,0.653741936257515,1.74488573787929,0.781643707039211,1.06825558698646,32.3055267425182,32.6300621150797,0.00279900929696472,0.00255099603892145,1.4196800402355e-06,0.000987928457477726,0.00521785207278469,2.16021002057023e-05,1.99237883881061e-05,7.32130973134205e-11,8.27972715724187e-06,3.87020610349159e-05,-779.713290668146,0.126818772464601,0.0990708915516357,1,0.505878425522367
"linear",400,"pg_apf",27,367.268,398.142505230869,938.173848808612,236.491857968482,355.900853190407,11415.1586995004,403.415248235761,11889.4959394273,888.231904396349,1.08406532894472,2.55446662602953,0.643921762768555,0.969049449422239,31.0812777032043,32.3728066137732,0.00277857447935007,0.00249891016634918,1.72354821927657e-06,0.000922825913729898,0.00549021429953027,2.27629338415573e-05,2.06161606530329e-05,9.73843350588033e-11,8.42766376125658e-06,4.15881699982968e-05,-795.047568433709,0.0916497393685411,0.0739085092177012,1,0.507245998308976
"linear",400,"pg_apf",28,366.298,666.605325668624,1716.64699642012,250.328413380895,332.153051402655,11827.1479878236,671.513708620578,11867.2570049487,1542.73117475449,1.81984429526949,4.68647657486561,0.683400983300197,0.906783688151874,32.2883225893225,32.3978209134331,0.00308347616223149,0.00277307364564163,1.99870888741046e-06,0.000916402874040821,0.00577201103446437,2.21980612067519e-05,1.99617951369321e-05,9.92390127360703e-11,8.31111104427153e-06,4.1177672286461e-05,-790.225265152908,0.104653662450099,0.0794588928578888,0.99,0.506960364724289
"linear",400,"pg_apf",29,366.204,456.534973639687,1144.64464709469,334.181848890393,304.376566850825,11842.1811096288,457.03097136936,11654.4223623125,1003.44762510339,1.24666845157258,3.12570219630231,0.912556522840802,0.831166690835778,32.3376618213587,31.8249455557898,0.00285605784346092,0.0026008451321153,1.5116351943732e-06,0.00101870367812315,0.00526393978900137,2.22969898079481e-05,2.00866955535793e-05,9.73139522386386e-11,7.88803248283285e-06,4.17224513711267e-05,-788.152446660691,0.0928306712263776,0.0735270332186417,1,0.505997740833875
"linear",400,"pg_apf",2,368.757,681.670413189885,1733.66366722141,311.372387735794,362.751568371318,11969.6593345637,689.4029327381,12163.0921102192,1589.17260187765,1.84856263932586,4.70137154608972,0.844383666576619,0.983714392869336,32.4594769307802,32.9840304325591,0.00303406376057458,0.00275240362601543,1.83256706616172e-06,0.00101192881650695,0.00571784007123945,2.25064323083199e-05,2.06613666524945e-05,8.28407046327896e-11,8.99162011143237e-06,4.0792363358581e-05,-804.675713724675,0.101489431637559,0.0780706496979442,1,0.500818663347479
"linear",400,"pg_apf",30,366.746,567.486386413937,1460.56888922174,306.781172194145,295.201575806505,12149.3626768744,567.264187355904,12611.6305769193,1283.92018592492,1.54735535333429,3.98250802795869,0.836494937079464,0.804921051099412,33.1274579051288,34.387915824356,0.00276508018002371,0.00254568290203478,1.34513121820587e-06,0.000966486797896344,0.00500632215276692,2.08338273877276e-05,1.91675510260761e-05,6.71984586442725e-11,8.63992912548779e-06,3.75177826679059e-05,-809.862946299162,0.0902297144915251,0.0738827703510251,1,0.491129492284779
"linear",400,"pg_apf",31,366.879,413.317388852181,1090.70717891122,309.101393500993,393.215716260146,12300.5166667429,413.496948299521,12941.4172845937,926.831648898843,1.1265768519108,2.97293434323366,0.842515907154657,1.07178583745634,33.5274481961162,35.2743473586487,0.00306105093102262,0.00281049667463692,1.70291873237122e-06,0.00105446179044349,0.00560281821600183,2.09862416963832e-05,1.89986454984613e-05,8.53903603735395e-11,7.37926563192915e-06,3.87764666843179e-05,-809.049158940919,0.0976721347253431,0.0765657140007616,0.9675,0.500465142247228
"linear",400,"pg_apf",32,376.421,512.358094547737,1371.03733698257,363.837178262864,372.831615738251,12019.6883394995,510.761575847582,12534.9015291629,1221.67710319667,1.36113047504719,3.64229768525819,0.966569820129227,0.990464442042955,31.9315031294733,33.300218449988,0.0027105244899384,0.00249707524217405,1.28814093768923e-06,0.00104009484299881,0.00495323570248371,2.02849151690432e-05,1.85062457050843e-05,7.43435325383444e-11,8.21433887786099e-06,3.62758221463808e-05,-825.486643627792,0.0775495359446091,0.061750965312658,1,0.496435030188313
"linear",400,"pg_apf",33,366.839,591.742188019597,1706.5780908346,271.94045560343,321.491677826365,11328.9616541938,590.916193590408,12617.7717185108,1594.13107237725,1.61308418139728,4.65211738892157,0.74130737354379,0.876383584696187,30.8826533007499,34.3959385957076,0.003536093057491,0.00313972404043164,2.94983885410511e-06,0.00106362372891424,0.00700837075648951,2.30204607319383e-05,2.04642428160556e-05,1.12347332043174e-10,7.88532146512871e-06,4.42067644863044e-05,-801.611808239892,0.115968330434607,0.0861509917158605,0.96,0.523370773582106
"linear",400,"pg_apf",34,367.449,382.190413370538,994.683326603443,289.856052743859,328.459854539366,12265.6461148467,394.016362573239,12277.2178214386,859.249160210202,1.04011825687521,2.70699696176461,0.788833423805368,0.893892362040353,33.380540196998,33.412032204302,0.0027336957139202,0.00249642206781826,1.35355991998074e-06,0.000950179418610553,0.00505007449478093,2.09431546056332e-05,1.89940540583633e-05,7.59019816879371e-11,7.82485717464637e-06,3.72385476235709e-05,-807.403846447168,0.103784741199894,0.0767974919341431,0.95,0.488228503314032
"linear",400,"pg_apf",35,365.56,501.020715902453,1371.56828376601,378.013752298557,331.314079009806,11919.5528004008,505.957925471023,12218.4186184708,1250.42445827836,1.37055672366357,3.751964886109,1.03406760121063,0.906319288242165,32.6062829642216,33.4238390919979,0.00269554207147459,0.00249691151511137,1.19505990997655e-06,0.000952119556293313,0.00477696031240212,2.06858059152977e-05,1.90257799254177e-05,6.84663802466271e-11,8.36951137251084e-06,3.64111200532963e-05,-779.355037608392,0.104334699837753,0.0833845956518294,0.9975,0.503400567109468
"linear",400,"pg_apf",36,366.103,712.513464931733,1871.1735681693,304.012410414611,375.480098058911,11885.3172060903,714.706752687126,12283.9776561398,1736.04040968743,1.94621039688758,5.11105773011775,0.83040130896117,1.02561327839136,32.4644081203659,33.5533378752422,0.00298059953545799,0.00271913742409781,1.66004107963291e-06,0.00101135210662063,0.00558450102316431,2.18908764260672e-05,2.02458414920016e-05,6.83914591796475e-11,9.00833620038301e-06,3.8078662554728e-05,-801.617668371893,0.13152446268682,0.112394918593477,0.9975,0.500320312952218
"linear",400,"pg_apf",37,370.471,481.84560612961,1231.41184273239,252.598979310396,369.988216682388,11472.4425065327,480.419260198119,12238.0383397652,1071.67631941446,1.30062975544539,3.32390886933767,0.68183199038628,0.998696839111261,30.9671809845648,33.0337282533997,0.00301571439246583,0.00273073214579517,1.91894463955309e-06,0.000993710843140332,0.00573252856796216,2.26800907536575e-05,2.0759739355947e-05,8.89296081992883e-11,8.48537232732089e-06,4.15416722976183e-05,-783.370265698348,0.10523570955003,0.0785466893468086,0.98,0.510972486522424
"linear",400,"pg_apf",38,365.877,495.484790947446,1202.43635571056,334.591499815125,339.932233603592,11612.5056185946,496.02588494497,12341.0919080102,1102.22412984731,1.35423869482762,3.28644969678486,0.914491754920711,0.929088829315842,31.7388237538697,33.7301658973102,0.00310776086819295,0.00284544580940078,1.79222448107037e-06,0.00107759252313414,0.0057379815147455,2.24152280158609e-05,2.01113845156452e-05,1.2131554420197e-10,7.88101490211494e-06,4.24337029524357e-05,-799.568344436514,0.128818752984255,0.110154061173833,0.9975,0.508145270433977
"linear",400,"pg_apf",39,367.124,475.871205026584,1292.32394882327,295.448335980874,313.381483509662,11396.6871888782,478.321895594614,12312.6099537611,1113.21705520803,1.29621382700827,3.5201292991558,0.804764428315431,0.853612086133464,31.0431548710469,33.5380142779038,0.00312442419245608,0.00284520318375683,1.96415954266541e-06,0.0010075405613261,0.00586711618205503,2.23195155581768e-05,2.04717458968162e-05,9.00706782699603e-11,8.01578243039113e-06,4.07110915805038e-05,-784.389931377128,0.0909005473824391,0.0740320469759471,1,0.510527896086423
"linear",400,"pg_apf",3,366.744,538.585653178255,1376.3064312839,306.860971961818,327.021393708961,12144.2861180389,539.129637760618,11885.4552702164,1239.16765196,1.46856023051026,3.75277150078503,0.836717088655351,0.89168846309404,33.1137963212457,32.4080428588237,0.0035842891367467,0.00323566181691963,2.58436575464292e-06,0.00120381651804838,0.00694820402137716,2.29425044351834e-05,2.06567426361075e-05,1.07380444272509e-10,8.54134943842578e-06,4.25470914957816e-05,-833.816545111566,0.0919714034319239,0.0726893581225617,1,0.522878953045686
"linear",400,"pg_apf",40,370.5,536.117758576469,1298.85079241144,319.849801600116,231.662714819741,11844.6548465444,539.397635618828,12533.1032935401,1165.55589989418,1.44701149413352,3.50567015495665,0.863292312011109,0.625270485343431,31.9693788030888,33.8275392538195,0.00296752119828884,0.00268778347921771,1.76773970760388e-06,0.00096532390699167,0.00563014832105614,2.25069348262803e-05,2.03776687779034e-05,9.98541497711868e-11,7.55277405419775e-06,4.17594537581419e-05,-793.719213083481,0.0805787320507294,0.0631214260784234,0.995,0.50252467925953
"linear",400,"pg_apf",41,368.892,529.786881559651,1503.85519367812,387.338812545124,357.809194477694,12278.1775497306,527.745068048339,13030.4336048653,1365.43776690569,1.43615714507132,4.0766815048256,1.0500059978127,0.969956503469021,33.2839355413795,35.3231666852772,0.0030093327222878,0.00277136502074199,1.50246872676366e-06,0.00114568614802205,0.00547544645798328,2.0257452026934e-05,1.87129233949191e-05,6.36684962742853e-11,8.16565433880544e-06,3.56651125335079e-05,-812.163441575875,0.0826902724542288,0.0658323381682337,1,0.500736786005125
"linear",400,"pg_apf",42,366.02,270.378970634148,709.741739091631,343.083869067341,312.966634557524,11873.6123411804,272.198529897977,11467.2422367039,565.01067343101,0.738699990804186,1.93907911887774,0.937336399834275,0.855053370191585,32.4397911075363,31.3295509444945,0.00251557823238746,0.00229144493177207,1.20700118091049e-06,0.000827184389518375,0.00458526191830673,2.16206676205056e-05,1.98141343901774e-05,7.73511726422988e-11,8.48374509669392e-06,3.92564374597405e-05,-799.930358884854,0.116278948688835,0.0897402171894733,0.9475,0.480970145860784
"linear",400,"pg_apf",43,365.6,436.678090067397,1219.22399486433,332.866386647934,293.861000060264,11867.2369524178,438.717592963894,12451.1802522094,1083.80842389769,1.19441490718653,3.33485775400528,0.910466046630017,0.803777352462429,32.4596196729153,34.056838764249,0.00264429790938186,0.00241408573130519,1.31694421732533e-06,0.000926148732214918,0.0048578079479639,2.01006638348077e-05,1.8509463576462e-05,6.27217192779797e-11,7.81014314297541e-06,3.59080275294762e-05,-793.804356811161,0.10344677363831,0.0840785651052906,1,0.490041189786826
"linear",400,"pg_apf",44,365.664,474.738757240882,1011.83845584715,309.226945152531,319.553984311388,11988.6576162599,476.293811159705,11720.5074353383,917.372381449867,1.29829230452241,2.76712625756746,0.845658706223558,0.87390058718219,32.7859937436004,32.0526697605951,0.00298687657867319,0.00273291419711012,1.46357146220325e-06,0.00109784052397613,0.00555373507545735,2.34208240565936e-05,2.11008110997475e-05,1.11848041078277e-10,8.96647263743507e-06,4.29318019849085e-05,-784.938025709261,0.101270749352583,0.0776370100451206,0.9625,0.508116258848621
"linear",400,"pg_apf",45,365.741,608.17639239677,1543.41882785495,291.020351111346,267.048214816742,11961.5350170421,607.398572263039,12130.1980046192,1351.98009806301,1.66286085617081,4.21997760123954,0.795700649124233,0.730156626729686,32.7049333190485,33.1660874898337,0.00285124271650357,0.00263448311590821,1.40172920519243e-06,0.00103425834771527,0.00524697751724013,2.14065915755826e-05,1.94239440138534e-05,7.90801904259668e-11,7.95723886731146e-06,3.95138881221489e-05,-781.633492481757,0.099056323101105,0.0733104227304993,0.97,0.49433079393476
"linear",400,"pg_apf",46,369.431,530.201848949885,1380.25723362657,258.068153261598,257.75600143657,12141.3727615533,531.450136540495,12235.1664704239,1227.57890707175,1.43518505201211,3.73617058023439,0.698555760782388,0.697710807800563,32.8650621132318,33.1189490606471,0.00307299641173639,0.00279306022451184,1.7757568858999e-06,0.00105040613557075,0.00577079107129989,2.21663920337831e-05,1.99361252775861e-05,9.39159304851455e-11,8.07359452548118e-06,4.0990211948927e-05,-813.344153622928,0.0880324248002352,0.0644814917852419,1,0.505433344331316
"linear",400,"pg_apf",47,368.859,569.664492622819,1445.84819006979,271.255671655172,428.26584497406,12054.0519337374,568.584175020067,12413.5087956439,1335.85936630562,1.54439634825996,3.91978558221377,0.73539122443853,1.16105570143079,32.6792946186412,33.6538048296066,0.00266454253257105,0.0024721559147034,1.18561662478583e-06,0.000951785674202068,0.00485894073676044,2.06945248721922e-05,1.91812050030134e-05,6.13975372633614e-11,7.95054345908689e-06,3.59649757835812e-05,-806.824348655698,0.0726332947775419,0.0553794870074137,1,0.490041543160927
"linear",400,"pg_apf",48,367.767,504.376290440278,1246.77495642954,318.816446660613,305.276411154837,11877.1393558975,503.566510190437,12186.5930782459,1097.83971453523,1.37145608616401,3.39012188812355,0.866897918140053,0.830081032705047,32.2952830349038,33.136722648432,0.00254162674517151,0.00233524080102081,1.2061849909918e-06,0.00090409224288508,0.00465763377810482,2.04110770622352e-05,1.85790280972073e-05,7.34364990708216e-11,7.94990260660537e-06,3.64008856096385e-05,-807.483088795397,0.0841489413692914,0.067761364130357,1,0.493594412139173
"linear",400,"pg_apf",49,365.763,313.529556511638,680.812451036329,298.149160739347,285.625958639024,11531.3257384893,313.766230254993,11562.9252351324,581.50472464631,0.857193200273504,1.86134860835112,0.815143031797493,0.78090446173895,31.5267693519829,31.6131627177499,0.00311462398130249,0.00281855554430651,1.89477540860381e-06,0.00107679815474005,0.00581520480546471,2.50960583778568e-05,2.23752812880595e-05,1.41370577964911e-10,8.87270959737342e-06,4.77318913193713e-05,-787.484858182279,0.128689382777654,0.0996616163906871,0.9825,0.512862752166961
"linear",400,"pg_apf",4,368.323,489.663160285186,1257.52705484097,293.444644159944,250.150330817775,12062.9491229677,490.096421701012,12464.9849374608,1172.2854872838,1.32943954161208,3.41419638426318,0.796704642826931,0.67916022300474,32.7510069231834,33.8425374941582,0.00298534829066198,0.00271667309164537,1.60527890920215e-06,0.00111569763638545,0.00550338254619552,2.17744261412952e-05,1.98948253966532e-05,8.84648304188805e-11,7.863887793023e-06,3.99529264835983e-05,-799.512539906669,0.0847524855197938,0.0672433905638292,1,0.507827200113984
"linear",400,"pg_apf",50,365.874,413.185252122513,1090.28609400931,373.592443486663,338.096752363039,11696.3811279455,414.225857307836,11836.8935320232,999.561796958895,1.12931023281926,2.97994963842556,1.02109590593117,0.924079744291857,31.9683309771819,32.3523768620432,0.00279194731214632,0.00255307313610919,1.39692219017454e-06,0.00100500559302221,0.0051117353110175,2.22997201072376e-05,2.01398516431273e-05,1.0693672205721e-10,7.89371863775344e-06,4.08120774352867e-05,-780.262332944917,0.109412748148206,0.0805771090953425,0.9525,0.505113008444673
"linear",400,"pg_apf",51,367.483,544.587736228196,1386.38303426011,201.695323101617,298.448145514547,11750.7830609517,547.859017102165,12181.7888782578,1216.31826793233,1.48193994342105,3.77264535845225,0.548856200427277,0.812141365762626,31.9763990741116,33.1492582738733,0.0033992109245514,0.00305253498390393,2.44586421995052e-06,0.00104232913111039,0.00659301052146539,2.3100288889611e-05,2.09404208693926e-05,9.87093744590872e-11,8.47713724194602e-06,4.33660974432775e-05,-809.740917049326,0.10246334785359,0.0809340034667503,0.9625,0.516764890703746
"linear",400,"pg_apf",52,367.737,342.615804001214,852.910006627702,341.292271242907,364.024204239596,11721.9420170565,343.466909506396,11617.7557414878,752.837877884178,0.931687058961197,2.31934781277843,0.928087930349427,0.989903665498975,31.8758841700903,31.592566811302,0.00286621580328678,0.00262218350589369,1.52151716359021e-06,0.00102671392869543,0.00530121822109878,2.27592922219005e-05,2.10150354920354e-05,7.9873308199223e-11,8.9845745746305e-06,4.01754433344583e-05,-783.51293353775,0.134894670310076,0.108487480917428,0.945,0.510507382060896
"linear",400,"pg_apf",53,366.777,597.59841848269,1514.09504779033,265.683765959094,228.853040789011,11418.7650286962,601.433619981063,11604.995305915,1396.45196856945,1.6293235903088,4.12810794512832,0.724374118221954,0.623956902393036,31.1327183239304,31.6404662940016,0.00376575963262458,0.00343528408588517,3.00996820720079e-06,0.00112077456177853,0.00724837958901865,2.400813681487e-05,2.14937454106519e-05,1.22315378934235e-10,7.95727782855548e-06,4.65352981341414e-05,-797.59127294391,0.108503301402862,0.0888783906133682,1,0.533067635444795
"linear",400,"pg_apf",54,365.105,522.349884650581,1359.1666535529,245.133670496536,398.118071013906,11800.3535888596,523.176451266383,12027.1863071831,1185.67089098461,1.43068400775279,3.72267335027704,0.671405953072502,1.09042075845005,32.3204381995853,32.9417189772341,0.00284891676901502,0.00257078858192813,1.62350016188479e-06,0.000959179343882333,0.00537711793812301,2.21959834300474e-05,2.02697782299445e-05,9.05902148521561e-11,8.6863838532417e-06,4.06461904707061e-05,-783.445088550816,0.0864460583152112,0.0722270936848593,1,0.495304835919086
"linear",400,"pg_apf",55,411.628,426.39000668563,1209.02865575308,327.86048820726,330.923673157593,11725.4991629019,424.16943682312,11931.5612488848,1092.14164962395,1.03586249401311,2.93718759596791,0.796497051238643,0.803938685311965,28.4856694950341,28.9862721896587,0.00272914541827456,0.00247309504566755,1.40055911455703e-06,0.000976197698978198,0.00507115745347723,2.21768423073964e-05,2.03327732110188e-05,9.53477273344285e-11,8.195280054857e-06,3.99538157023427e-05,-781.558031546243,0.113329855998725,0.0927804040653016,1,0.491807127863174
"linear",400,"pg_apf",56,370.031,501.692021216794,1372.99922767399,248.072529503777,337.708608343253,11913.0856638848,499.02135297356,12737.74646931,1207.27193587554,1.35581078670921,3.71049784389413,0.670410126459073,0.912649503266628,32.1948314165158,34.4234576814106,0.00319964904542016,0.00289182164985557,2.28714436868027e-06,0.000877333355332842,0.00611542308242672,2.15304428106767e-05,1.95940756668627e-05,7.80308850196841e-11,8.54117747161607e-06,3.95852040239343e-05,-800.332298721077,0.0915791697042089,0.0734297407731501,1,0.510349229887845
"linear",400,"pg_apf",57,366.2,552.594413929287,1439.06776085418,167.435702146976,341.318028190074,11805.0915044173,547.347365993039,12503.3888569152,1294.27149320856,1.50899621498986,3.92973173362691,0.457224746441768,0.932053599645205,32.2367326718114,34.1436069276767,0.00315694770017807,0.0028340590184576,2.37188252142147e-06,0.000906837503976447,0.00609794570620802,2.1320880228464e-05,1.94005066931516e-05,7.91061075746164e-11,8.72554585640345e-06,3.96231869203936e-05,-804.097038456875,0.0807506830654886,0.0647818093136631,1,0.504303869372381
"linear",400,"pg_apf",58,366.231,540.126207087788,1376.75245410751,217.625417419201,304.121223933928,11506.8528007364,535.717478544574,11439.016252113,1197.07253744827,1.47482383273887,3.75924608814523,0.594229918874156,0.830408195739649,31.4196580866622,31.2344292321321,0.00294669705745215,0.00268152411586608,1.57005743415461e-06,0.00104471580292875,0.00542867474030303,2.36643140008581e-05,2.1148941330013e-05,1.2569008289075e-10,7.82811931054592e-06,4.5616258794663e-05,-781.410273509163,0.117899983058755,0.101076402849543,1,0.516272227806484
"linear",400,"pg_apf",59,366.824,592.702945205284,1506.45759375828,217.576438239988,278.33211710357,11265.4601921137,595.074794839995,11266.7383754736,1395.99048159636,1.61576926592939,4.10675853749557,0.593135776939318,0.758762014218182,30.7108046150571,30.7142890745251,0.00384156342446051,0.00343211826517526,3.81855759746319e-06,0.000962334864114555,0.00767392905358862,2.56548580935288e-05,2.30760827057542e-05,1.47783861577716e-10,8.19990745377684e-06,4.88344274775985e-05,-805.264009412894,0.10602171176945,0.0822345844655047,1,0.53541575371864
"linear",400,"pg_apf",5,367.111,386.849204346797,1113.24418317794,214.130965219066,310.493354678038,11946.8855951585,382.555415076893,12418.7051733177,928.33534967065,1.05376631140662,3.0324457267092,0.583286704073334,0.845775132529503,32.5429790857765,33.8282022966288,0.00272039876691529,0.0024483623923345,1.47902035441329e-06,0.000977911168195837,0.0050182823170635,2.02122378568029e-05,1.83737201473528e-05,7.2616349998465e-11,7.91467502150927e-06,3.75360173465786e-05,-804.617934788061,0.0738608884933251,0.0643124987883135,1,0.494791204365267
"linear",400,"pg_apf",60,365.925,450.521071770281,1105.94723957998,378.806220506509,427.055790271456,11865.3099884974,452.214222594019,12388.5293342241,969.170007978716,1.23118418192329,3.02233309989748,1.03520180503248,1.16705825038316,32.4255243246495,33.8553783814282,0.00255885748311356,0.00234047326984582,1.07522527431294e-06,0.000983474267567917,0.00467360747774228,2.07036036543972e-05,1.89067633529132e-05,7.31266025248295e-11,8.19007077044896e-06,3.76897955614225e-05,-781.110899921268,0.0967511043539695,0.0827564099103037,1,0.486349429857035
"linear",400,"pg_apf",61,366.182,365.184689926602,896.527215387118,279.249747716015,411.408410170989,11771.0931199657,366.2489408715,11804.7258476886,805.270923139949,0.997276463416012,2.44831044504404,0.76259823725911,1.1235080101452,32.1454717052332,32.2373187313647,0.00274473912901018,0.00248152912139984,1.37084144175168e-06,0.00102901443739329,0.00515614139129701,2.20404466563586e-05,2.03416625761725e-05,7.0470866896188e-11,9.14105088455393e-06,3.94240607706368e-05,-792.452817962602,0.122301618274142,0.103946830313995,1,0.501296917400754
"linear",400,"pg_apf",62,368.663,452.664845884345,1208.06370611757,216.144542834659,351.477051254864,12032.6279714775,451.930809080627,13195.5073525496,1061.91645960193,1.22785537437808,3.27687808680983,0.586293017836504,0.95338303885897,32.6385560023042,35.7928714097958,0.00323068548238047,0.0029121017989899,2.41688155216453e-06,0.00095807563017415,0.00627297356992601,1.9957225513474e-05,1.8564755435251e-05,5.52890137562857e-11,7.91355883009731e-06,3.46903752677413e-05,-808.513538076629,0.0889564646627001,0.0670123445554217,0.99,0.514337341353183
"linear",400,"pg_apf",63,367.13,469.757567601817,1241.13143634959,316.878930361218,313.346702678276,11887.3863217679,469.529763626637,12578.195417558,1086.57589881307,1.27954012911453,3.38063202775473,0.863124589004488,0.853503398464512,32.3792289427939,34.260876031809,0.00295234569554084,0.0027418594552504,1.44801560396691e-06,0.00102077717944397,0.00532401276650819,2.10864286983312e-05,1.90240796557039e-05,7.9771242297197e-11,7.88448300893828e-06,3.8735994358726e-05,-777.084506681935,0.100861837323636,0.0799764535826885,0.98,0.508946694428966
"linear",400,"pg_apf",64,365.83,388.843326057398,1018.98532936783,333.279594239139,211.947363669151,11912.9490113046,389.463840898301,11826.7207768668,819.377432734651,1.06290715921985,2.78540668990467,0.911023137083179,0.579360259325783,32.5641664469962,32.3284606972277,0.00251944431060844,0.00230634372646216,1.10214800805605e-06,0.000915906621859863,0.00462580510963308,2.13559296853588e-05,1.932235186683e-05,8.83776209109033e-11,8.46205185608271e-06,3.91392944089574e-05,-785.771261171762,0.0833197527982971,0.0692697462606312,1,0.485003644920739
"linear",400,"pg_apf",65,365.784,435.374042258773,1224.60644714563,365.185569526717,350.678821614033,12042.988681092,438.208471403553,12451.285232993,1055.63100971445,1.19024900558464,3.34789506141776,0.998363978541207,0.958704649777008,32.9237710809987,34.0399941850737,0.00260012771387563,0.00238541101904269,1.07002386921584e-06,0.00103993858892734,0.00469919952196114,2.13247501958411e-05,1.95298528930256e-05,7.34092197862744e-11,8.36601985633579e-06,3.88111689437018e-05,-796.280328280497,0.102364049246865,0.0783841219044031,0.98,0.486974163038656
"linear",400,"pg_apf",66,369.534,502.703816256948,1452.8107863822,243.263148708083,395.146438259261,11873.5281441972,506.507518438545,12002.0025835317,1326.98396128451,1.36037229661397,3.93146716237801,0.658297067950671,1.06931009936639,32.1310844041338,32.4787504898919,0.00299794292515189,0.00271838342198454,1.82489460586324e-06,0.00100721578503448,0.00559803323966977,2.1645043306793e-05,1.97405487739021e-05,8.15014791738956e-11,8.15179134482446e-06,3.86699436282752e-05,-798.536495924333,0.0953397935478071,0.0741419582432442,1,0.508371554489173
"linear",400,"pg_apf",67,366.034,515.899586867694,1277.10746142489,394.275492129506,345.936134021882,11806.3382553596,515.651491573572,12124.5383743664,1158.84549781549,1.40943078202488,3.48904053018269,1.07715537936232,0.945092898533694,32.2547584523832,33.124076928281,0.00270694370297755,0.00247394395713001,1.24917984943114e-06,0.00101302318565138,0.00496923204288719,2.16242128426608e-05,1.97039137234139e-05,8.49711995238778e-11,8.47471407176322e-06,3.94893999980109e-05,-812.831138066524,0.087983289356823,0.0699322660895135,1,0.493273110630411
"linear",400,"pg_apf",68,368.025,452.675758005222,1024.43077083251,283.475050583049,293.154957874512,11873.0107560117,452.237942814302,11674.5658481033,918.358478759261,1.2300136077854,2.78359016597381,0.770260309987227,0.796562619046292,32.2614245119536,31.7222086763216,0.0023607222438669,0.00219350400311248,8.91317155843898e-07,0.000923653603147528,0.0042162623281639,2.09064454108215e-05,1.93589936558532e-05,7.31553866194124e-11,7.97478710745077e-06,3.71872114000998e-05,-812.485789502636,0.0948741677401683,0.0717994802766002,1,0.478387935286646
"linear",400,"pg_apf",69,366.62,575.016060977497,1384.86324117199,279.459825720808,395.903620710887,11935.1499996225,577.164748372147,12012.5016957411,1294.26201252514,1.56842523860536,3.77738050616985,0.762260175988239,1.079874585977,32.5545523965482,32.7655384205473,0.00295384730320393,0.00265731684166909,1.74903263063109e-06,0.00104599959729529,0.00561971405131663,2.19348950186598e-05,2.02073192992329e-05,7.45534250266559e-11,8.91706872332847e-06,3.89608889451423e-05,-785.313363469364,0.118476519534176,0.0890735103634339,0.9775,0.50353016404589
"linear",400,"pg_apf",6,367.131,502.456983888692,1169.80597616577,238.647353869325,266.040970122183,11285.09094557,503.024855250225,11658.5854475254,1071.57591092228,1.36860407834994,3.1863448637292,0.65003324118455,0.724648613498133,30.7385945223095,31.7559275776913,0.00384936914133743,0.00340273714256498,3.60413344017754e-06,0.0010219016788069,0.00756955260257319,2.35957117001548e-05,2.13343937625219e-05,1.14025395046232e-10,8.28416681338912e-06,4.46661303371549e-05,-788.868574196625,0.135604933429812,0.106964790356678,0.955,0.539957559029777
"linear",400,"pg_apf",70,367.245,370.287823081285,953.754066936589,343.084422717023,388.056962047591,11954.0998450961,365.3466865308,11871.4427846772,823.184571258301,1.00828553984747,2.59705119725684,0.934211283249663,1.05667051164098,32.550749077853,32.3256757333039,0.00290690781722434,0.00264295530150971,1.51539026112025e-06,0.00102218545765736,0.00536245929977522,2.24230351924218e-05,2.03802436827809e-05,9.15060950796999e-11,8.36125854780613e-06,4.16698076792325e-05,-791.760771043196,0.0916588809217756,0.0737011020241028,1,0.505483849011285
"linear",400,"pg_apf",71,368.07,473.97703550402,1232.38377881812,293.466564849486,322.377930348778,12014.5091816704,474.477501879609,12464.2822101567,1071.48769257322,1.28773612493281,3.34823207220943,0.797311828862679,0.875860380766641,32.641913716604,33.8638905918894,0.00315026250308031,0.0028720743098183,1.96538899301832e-06,0.00107316566970071,0.00597860734784065,2.16011333048003e-05,1.96507732187313e-05,8.14440162046113e-11,8.55696422801948e-06,3.90346267019086e-05,-804.138656630974,0.107944987975758,0.0892583387576802,0.995,0.503983374798565
"linear",400,"pg_apf",72,369.651,498.056311450756,1252.14704483211,315.808486971373,342.93349950208,12096.438200618,496.660630853073,12115.7307198361,1117.05169356972,1.34736903579527,3.38737632207707,0.854342303879531,0.927722363802829,32.7239428558777,32.7761340286815,0.00259319337746132,0.00234696613247644,1.2935942913173e-06,0.000909388252393213,0.00480938670015327,2.06479475278482e-05,1.89901142217993e-05,6.91889993217337e-11,7.9918006099359e-06,3.76187288617119e-05,-841.574841416719,0.0800845242989956,0.0653707567283909,1,0.487350880807322
"linear",400,"pg_apf",73,365.902,434.596544402467,1162.80516495831,353.137606426498,402.235166898754,11847.2346821829,436.118866759451,11894.1716932902,1074.76670386862,1.18774028128424,3.1779142091552,0.965115267001814,1.09929753567555,32.3781632299984,32.5064407772851,0.00270431181515763,0.00247783882708196,1.28058009939259e-06,0.000967361791900473,0.0049467196943328,2.15962106712994e-05,1.98492357187405e-05,7.66717332108161e-11,8.79043583394482e-06,3.93329680684473e-05,-777.24428624981,0.0991858546791446,0.0817700845851269,1,0.496346708271995
"linear",400,"pg_apf",74,369.224,506.484519184416,1363.92505721788,241.199966915092,311.533970843996,11678.5870015748,504.529685159554,12400.8734291252,1209.24978541961,1.3717540549488,3.69403142054113,0.653261886862966,0.843753306513108,31.6300863475149,33.5863146196488,0.00310926123676834,0.00278100904555426,2.2455896094968e-06,0.000909236312583849,0.0061386975164327,2.22314385209983e-05,2.03553557416174e-05,9.16239742699617e-11,7.68035457417634e-06,4.06782844365579e-05,-801.574243279122,0.102937029080202,0.0809549342750946,0.9975,0.503654405953769
"linear",400,"pg_apf",75,367.054,462.781215507147,1220.52720604716,280.544395553539,397.198118448439,12060.4780300462,453.730733644024,12671.7211751522,1038.70104980102,1.26079872582004,3.32519794375531,0.764313685598138,1.08212447881903,32.8575033375093,34.522770968719,0.0027170877709741,0.00246859610424576,1.43536106230462e-06,0.000939421030565629,0.00502186614583754,2.07947664918752e-05,1.89933747131846e-05,7.27897655385547e-11,8.4240315058917e-06,3.78453097736756e-05,-800.49875353624,0.0834053250663406,0.0611838125344561,1,0.487280047215398
"linear",400,"pg_apf",76,366.911,507.974476679442,1365.21021747734,349.849643912626,368.927391256524,11788.4466674031,507.017712184048,11527.6515748937,1216.97824368414,1.38446238101186,3.72082117319279,0.953500014751878,1.00549558682221,32.1288995625728,31.4181138611098,0.00311110683952454,0.0028359687975689,1.77327165688504e-06,0.00100304886116846,0.00574408252524279,2.33491044997521e-05,2.13315936045207e-05,9.13672410245876e-11,9.00026231292852e-06,4.25980979992427e-05,-770.66137392798,0.106031229012686,0.0871498501547902,1,0.516508470810957
"linear",400,"pg_apf",77,366.7,610.830768799341,1662.25446886049,283.649395374888,320.050039365919,11714.3301058872,604.759945785969,12030.8912005547,1463.80842997578,1.66575066484685,4.53300918696615,0.773518940209676,0.872784399688898,31.9452689007013,32.8085388616164,0.00318679318830046,0.00287202255305703,2.10271301954947e-06,0.0010174950503318,0.00606151651140112,2.31852626875172e-05,2.10215280935595e-05,9.95453292863202e-11,8.26461714875797e-06,4.29652879147462e-05,-780.482272154876,0.110043378620724,0.0917058387218907,0.98,0.513269188104445
"linear",400,"pg_apf",78,365.995,605.355751888158,1570.59994578477,310.57649654656,313.873601836309,11592.7588168098,606.239316445596,12298.6145440842,1403.57470538213,1.65400005980453,4.29131530699811,0.848581255335619,0.857589862802248,31.674637131135,33.6032310389054,0.00297964373969001,0.0027026542356123,1.80322679663026e-06,0.00100340586703271,0.00570875905610889,2.15402570489677e-05,1.97676498058141e-05,7.43765826478991e-11,8.3491892410163e-06,3.84766019810887e-05,-785.511393679869,0.10421698700505,0.0811822887634565,0.99,0.510803514628777
"linear",400,"pg_apf",79,365.975,438.998413856708,1110.508454027,236.043551047426,337.487779972389,11616.5086404695,440.74053153767,12594.9425003415,976.661769573821,1.1995311533758,3.03438337052258,0.644971790552432,0.922160748609575,31.741262765133,34.4147619382239,0.0030344195310684,0.00273144119840881,2.26504821953305e-06,0.000934591435484341,0.00576189499154529,2.12168823666071e-05,1.95322272483795e-05,6.74561583638142e-11,8.25113134885901e-06,3.76098644197152e-05,-797.979860931314,0.116129961722856,0.0911967821475548,1,0.512600797899761
"linear",400,"pg_apf",7,365.534,346.725052435764,862.869800676484,219.30616262645,359.212599636208,11724.5968654793,351.262960353945,11822.9161798883,737.23103375237,0.948543917763502,2.36057330009379,0.599961050480802,0.982706395673748,32.0752566532231,32.3442311245692,0.00279377444476757,0.00252263711050426,1.55368990207674e-06,0.000859807444719101,0.00519490450136422,2.22192129338876e-05,2.03289884222308e-05,8.58299106358178e-11,8.51189930428382e-06,4.01173378503073e-05,-787.267196540296,0.116858743597762,0.093270641017687,0.9975,0.505541149145601
"linear",400,"pg_apf",80,366.185,424.091015675462,1213.03604815874,325.425392431479,314.596396016541,12030.2753842018,424.612205856554,12418.1814043039,1030.53306403651,1.15813322685381,3.31263172483511,0.888691214635987,0.859118740572501,32.852998850859,33.9123159176478,0.00290567385595402,0.00264189748283102,1.78007013098851e-06,0.00100635912139893,0.00534374727571627,2.07359112048081e-05,1.9066951326246e-05,7.03384677721525e-11,7.8828287230576e-06,3.74863995055581e-05,-793.836705429706,0.100081534690245,0.0785466185453656,1,0.501452042687972
"linear",400,"pg_apf",81,366.756,455.25449660852,1160.05075482901,277.928073996566,266.228319340615,11477.7595239865,454.823142766039,12091.7290972322,1010.73867528617,1.24130074656862,3.16300416306483,0.757801028467335,0.725900378836652,31.2953558332693,32.9694104451795,0.00300271834550331,0.00271521647423571,1.785263839731e-06,0.00102959982899526,0.00572866423410025,2.31285993124372e-05,2.10934620082065e-05,9.6019422708857e-11,8.89711113485505e-06,4.21772651120122e-05,-782.412362249152,0.165963918516635,0.12411855139721,0.875,0.515514482220915
"linear",400,"pg_apf",82,366.152,407.929159521687,1042.26878863644,310.445439075667,325.7508914348,11720.4597556981,411.311561537282,11881.9454862277,941.996079741073,1.1140978596913,2.84654675827646,0.847859465674548,0.889660281617471,32.009820390707,32.45085507174,0.00283169858941242,0.00261470221270761,1.40400500032785e-06,0.00101679510318767,0.00511963834198375,2.16947370456367e-05,1.9612913864256e-05,1.00737774790039e-10,7.88499803822612e-06,3.88589750017978e-05,-784.438888183235,0.100801261667175,0.0783775698807619,0.9925,0.508753453476345
"linear",400,"pg_apf",83,366.843,680.947810903488,1717.77534010132,255.320061033351,269.555213833757,12009.5100714258,683.170314039228,12252.7043454273,1631.81286304965,1.85623771178266,4.68258993657047,0.695992729950827,0.734797212523495,32.7374655409149,33.4004038387739,0.00331474220099351,0.0029974976418874,2.34003124030632e-06,0.00106970782406051,0.00632700222227564,2.26951217840833e-05,2.03016446489734e-05,1.35715090741383e-10,8.52423140871393e-06,4.1486727585775e-05,-785.2785557624,0.112160919718604,0.0930195305051474,1,0.513748379946778
"linear",400,"pg_apf",84,365.973,411.97322768858,1104.24965363799,288.068079643099,398.73961197867,11614.3567841057,411.941811658218,12400.0540555716,929.733393991706,1.12569295464031,3.01729814395594,0.787129322772714,1.08953286712044,31.735556404723,33.8824286370076,0.00300052446280188,0.00275228528682793,1.70111405393022e-06,0.0010319604103799,0.00557653384603697,2.12961642019681e-05,1.96092698046473e-05,7.45916984352461e-11,7.91223636405293e-06,3.85520997462396e-05,-785.738644137417,0.118229197799877,0.095531039880319,0.985,0.507331332330939
"linear",400,"pg_apf",85,366.213,483.375815546079,1180.06375553059,269.804743185194,322.322309767504,11928.0162044671,484.742081611105,12283.0294958985,1053.2845136994,1.31993079313427,3.22234261353526,0.736742669389656,0.880149830201288,32.5712528077022,33.5406703090785,0.00274142099079429,0.00248282702520356,1.45520699687147e-06,0.00100495599778584,0.00516046742175932,2.12605164879108e-05,1.92645021540531e-05,8.36578345105414e-11,7.66555111082129e-06,3.92409916945538e-05,-793.286533133397,0.115040444981217,0.0927893775176175,0.9775,0.494032710495596
"linear",400,"pg_apf",86,366.371,354.1540654075,858.220546171902,270.17174515887,323.692006793103,12021.8355933991,354.571117418701,12484.2661178026,780.814402983811,0.966654198633353,2.34249038862765,0.737426666299652,0.883508811541041,32.8132837844673,34.0754757276166,0.00267867396265268,0.00244937855081901,1.16468895979869e-06,0.00103020457592593,0.00491243008886655,2.0669470816715e-05,1.89165365737829e-05,7.00068829985247e-11,7.93258120032405e-06,3.70538479604332e-05,-793.667104460482,0.11776783088208,0.0896674657347675,0.9475,0.496331341923327
"linear",400,"pg_apf",87,368.137,566.603107641496,1473.00859190265,279.488380172924,313.773601312536,12090.8619483075,567.268162431266,12919.5958050632,1372.86572170919,1.53910937406861,4.00125114265246,0.759196658235723,0.85232834871946,32.843376102667,35.0945322123644,0.0030427455951243,0.00279524284725139,1.53050600012102e-06,0.0011249112863245,0.00555406899161801,2.1006366578588e-05,1.9046154260601e-05,7.58690130962461e-11,8.4295781379092e-06,3.79859036740105e-05,-806.838624720557,0.098917014556781,0.082410417886356,1,0.497208482232384
"linear",400,"pg_apf",88,366.788,557.224854687793,1431.15447472544,249.520557895352,311.726153335452,11944.2172055315,559.13676227138,11889.546095701,1284.76390787215,1.51920143158389,3.90185740734549,0.680285499785576,0.849881003019325,32.5643619898456,32.4153082862606,0.00316390082031552,0.00280522828730589,2.17671201772478e-06,0.00102927615718011,0.00615240532899174,2.23222349527178e-05,2.05455126518766e-05,8.28117046868667e-11,8.59049636102984e-06,4.03328405085062e-05,-823.905163059378,0.112660015127214,0.0869436683895179,1,0.506347266924456
"linear",400,"pg_apf",89,368.61,351.322320688323,1062.90456712475,302.293814147056,339.019374627533,11739.3606877104,350.727152336872,12606.3819639494,926.705398687283,0.953100351830724,2.88354783409227,0.820091191630873,0.919723758518577,31.8476457169106,34.1997828706476,0.00269601643053209,0.00244389633686976,1.51316206708333e-06,0.000954861149056978,0.0050690001468629,2.03469321080608e-05,1.89854454130326e-05,5.85680230431486e-11,8.02451982755245e-06,3.56280786416154e-05,-809.505414680547,0.0997222800625171,0.0800511028422567,0.9975,0.493175452514001
"linear",400,"pg_apf",8,371.937,550.624917375784,1495.06721845267,243.222786037829,213.227191125027,11919.0243086325,555.744937199476,12075.5974323622,1342.91006096495,1.4804252262501,4.01967865109595,0.653935440781177,0.573288463167221,32.045815040269,32.4667818269282,0.00285920507794675,0.00259984355162614,1.48740522145556e-06,0.00104063291719577,0.00533680286413972,2.20279588988985e-05,1.96826789860888e-05,9.91932909931831e-11,7.87210757427953e-06,4.09963141380774e-05,-785.124888569017,0.109932802824112,0.0839622827363028,0.9775,0.500701189472616
"linear",400,"pg_apf",90,372.728,602.233337265141,1509.18787480568,260.133247460246,372.02187588999,11669.7479835576,602.723808082227,13500.2661348636,1363.92628210632,1.6157448253556,4.04903273917088,0.697917107006305,0.998105524377,31.3090188651178,36.2201555420134,0.00332440729957895,0.002957027594968,2.73516414330417e-06,0.000917531567039593,0.00659678247406848,2.04485321691281e-05,1.88552091622329e-05,6.88163827512896e-11,7.84563374772849e-06,3.73689543609171e-05,-831.130131406122,0.0905453802144554,0.0763999947906922,1,0.514458219191025
"linear",400,"pg_apf",91,366.239,338.781099006903,845.703744604613,264.377333568421,338.510395233938,11652.7051728925,337.738385280682,12505.2705077123,746.218157433708,0.925027370124161,2.30915807602307,0.721871055699751,0.924288224994984,31.8172154601027,34.1451088161346,0.00280586719746535,0.00252356770695862,1.75326706354701e-06,0.000944771253292529,0.00528435646402875,2.15254433773868e-05,1.95927461644227e-05,8.39566184596756e-11,8.23440415423345e-06,3.99136202833449e-05,-807.383144472365,0.132347254306448,0.101711107134065,0.9525,0.501955220594348
"linear",400,"pg_apf",92,367.646,509.718268555041,1179.78648353792,250.483812277606,320.510937056982,11840.5449501874,510.609254891108,12477.4229617572,1052.31106407636,1.38643768341024,3.20902847722516,0.681317931590732,0.871792259556699,32.2063750188699,33.9386881994017,0.00311699611412134,0.00285384812197498,1.80497782315954e-06,0.00103625824921903,0.0057651625731817,2.27911266192455e-05,2.03656384782098e-05,1.1124265488408e-10,8.30330332028535e-06,4.26001811715692e-05,-792.325066801901,0.105308194284961,0.0876423345545567,0.98,0.506044904934012
"linear",400,"pg_apf",93,367.993,525.243624348946,1323.76000115761,291.904623120787,341.354481445637,12189.2397986889,525.248727094763,13274.3490788473,1226.12413016904,1.42731960757119,3.59724234199457,0.79323417326087,0.927611344361541,33.123564303367,36.0722869153687,0.00342025708904823,0.00310237851799085,2.3948396840064e-06,0.00115681017934544,0.00645025279644078,2.20243192621815e-05,1.99441525773211e-05,8.29184798618625e-11,8.18274204469526e-06,4.03788518961624e-05,-817.911286204381,0.0789206383743509,0.0642682475452002,1,0.518271847061878
"linear",400,"pg_apf",94,368.72,500.815844973983,1189.31420957025,297.889368388196,308.128506373129,11712.8323990223,505.188420355539,12083.6704973963,1030.07180783558,1.35825516645146,3.22552128870212,0.807901302853644,0.835670715917576,31.7661976541069,32.7719421170436,0.00315270161710601,0.00282455095533624,2.36055579886543e-06,0.000951648205887723,0.00612851989537011,2.28875191846306e-05,2.04743097018988e-05,1.22302368013583e-10,7.81883920688977e-06,4.29348047632433e-05,-811.303583080445,0.0760906083524426,0.0574758113615578,1,0.509193960254782
"linear",400,"pg_apf",95,367.428,481.46025930872,1257.96375513148,171.801569716297,398.232803568077,11846.2557360328,477.591836977599,12077.3411183651,1139.5502663065,1.31035266585214,3.42370139219515,0.467578871823314,1.08383902034705,32.2410260949978,32.8699530747933,0.00329243095604655,0.00300133989455156,1.97349050144685e-06,0.00112623952494681,0.00615551415386475,2.36500134221019e-05,2.17001248269952e-05,9.0829356877389e-11,8.58264860288327e-06,4.26656944096614e-05,-780.307419665315,0.133853868055105,0.103232886069085,0.9075,0.517641022310044
"linear",400,"pg_apf",96,366.501,409.607648726585,986.274082911694,248.719017495325,327.409793419858,11978.7166248261,412.307065900787,12294.6831760418,894.986553163971,1.11761672881271,2.69105427519077,0.678631211088987,0.893339427231734,32.6839943815326,33.5461108592931,0.00288006488241516,0.00266473612109828,1.4426341702516e-06,0.000974598040163763,0.00516473512548213,2.13299125355597e-05,1.95979143239181e-05,7.5012776119042e-11,8.22344976301193e-06,3.84404666851668e-05,-765.610234765341,0.114126230802362,0.089232805115714,1,0.510338029163711
"linear",400,"pg_apf",97,367.032,471.393986205336,1228.74878359892,330.209159478177,312.449328665032,11960.9802376111,472.749818579841,12439.3635840241,1091.16190481138,1.28434029241411,3.3477974225651,0.899674032449969,0.851286341967546,32.5883853113928,33.8917685216114,0.00273367476287271,0.00248663117109456,1.5051708057004e-06,0.000949927605902259,0.00509682857812099,2.03521792995695e-05,1.86985005304544e-05,6.85543187379432e-11,8.03044315283583e-06,3.64745182648356e-05,-791.286392215099,0.104635023231284,0.0894963238005323,0.9775,0.496835441789508
"linear",400,"pg_apf",98,367.047,484.959101268845,1147.82728141228,252.734338807945,393.896274452642,11678.9897871542,484.911892604179,12066.6012584819,1024.48640920304,1.32124523908068,3.12719428686867,0.68856124367709,1.07314941806537,31.8187855701156,32.8748123768397,0.00267606149821382,0.00242094926883064,1.44110712775114e-06,0.000902608230263819,0.00503472846409269,2.10673683549534e-05,1.94560586487852e-05,7.23059825534501e-11,8.26960989254951e-06,3.74739161715435e-05,-785.813471868991,0.0687826360039326,0.0511052090910325,1,0.496572299225484
"linear",400,"pg_apf",99,365.851,410.955604473173,1073.70980681568,299.070119994301,447.45121254442,12127.735770174,413.195515364622,12188.737276957,971.654654799362,1.12328681477753,2.93482813171395,0.817464268224771,1.22304220172808,33.1493853240088,33.3161239875169,0.00273082622231316,0.00248505103166169,1.42567921629515e-06,0.000966693879109989,0.0050843881998454,2.03897512798122e-05,1.86587499049822e-05,7.46956424725849e-11,8.30497044450313e-06,3.57755814367538e-05,-791.630539545271,0.0809156446369001,0.0672690819505547,1,0.497037043041157
"linear",400,"pg_apf",9,371.108,554.932963899639,1314.02887780227,359.61327632633,308.641382195941,11692.6014383284,556.371277745119,11787.2969411316,1186.1960559293,1.49534088162917,3.54082606088329,0.969025934030876,0.831675367267591,31.5072739965949,31.7624436582655,0.00257139846398103,0.00234433462759109,1.22784534531937e-06,0.000909506807186531,0.00475294216785121,2.19713850675082e-05,1.96299871346761e-05,9.72043837400402e-11,8.11314982814976e-06,4.2292741131523e-05,-793.499100360839,0.108161301158573,0.0817186112819562,0.9775,0.496011308180193
"linear",800,"pg_apf",100,732.535,388.228927962681,1004.45699889238,246.544532363315,268.769613267828,12120.8636506811,387.634771486215,13143.5567061191,909.029781263659,0.52998003912807,1.37120683502138,0.336563484834602,0.366903442521965,16.5464635146185,17.9425648004792,0.00193268237070299,0.00181094845236377,4.76856829599648e-07,0.000810745142007742,0.00331004353473466,1.19157537354375e-05,1.12352428925534e-05,1.42204319406566e-11,5.78663035271272e-06,1.9287978168993e-05,-1590.563311942,0.0939786558467436,0.0771714936601853,1,0.453066909291605
"linear",800,"pg_apf",101,730.908,440.845181261921,1230.96769789306,219.700208726486,258.121988792743,12177.1140819388,442.035716039104,13251.7788053721,1110.60878263562,0.603147292493612,1.68416229934965,0.300585311320284,0.353152501809726,16.6602555751733,18.1305702022308,0.00219785464113612,0.00205625223635582,6.16005785302232e-07,0.000890680817409833,0.00377494627430021,1.24839103409439e-05,1.17586567901682e-05,1.56702600178471e-11,6.08255670387412e-06,2.02421469590801e-05,-1596.00023778185,0.0905582827983269,0.0735869741222122,0.99875,0.464589438321398
"linear",800,"pg_apf",102,732.039,394.883243847581,1128.71584776368,212.190350890574,129.392132797657,11932.592758399,393.594572161557,13144.5028850266,968.291990085284,0.5394292433157,1.54187939134894,0.28986208506729,0.176755791423213,16.300487758711,17.9560144815052,0.00186178372946524,0.00172928307140607,4.35784349750936e-07,0.000829086689085988,0.00318165283674224,1.14190745702554e-05,1.08241684589807e-05,1.16697674254917e-11,5.84140820682853e-06,1.80095022490012e-05,-1605.54304852591,0.070522602104937,0.0570330802463302,1,0.449231625114873
"linear",800,"pg_apf",103,730.781,334.699325175742,771.273241127549,184.707842543454,190.312257059375,11791.6429255762,334.561810678195,12653.6075939353,665.41375124191,0.458002226625681,1.0554095428419,0.25275402965246,0.260423104951244,16.13567255522,17.3151841576824,0.00197086100364369,0.00186646469320531,4.78250211322929e-07,0.000791247131789533,0.00336518015220734,1.30550622691361e-05,1.22447819872659e-05,1.95760947498341e-11,6.17973303498483e-06,2.15213346584518e-05,-1589.70180676994,0.0989888911439772,0.0804231734261027,0.99875,0.458471387394847
"linear",800,"pg_apf",104,730.875,335.32493019148,829.531527336677,243.27911698391,223.426121547117,11969.6962634018,335.437903012752,12960.0257908172,705.955826037494,0.458799288786017,1.13498413181006,0.33286008822837,0.305696762848801,16.3772139742114,17.7322056313558,0.00182516530356096,0.00173103496979701,3.64864567871973e-07,0.000813237077454174,0.00300170963707535,1.18641105029287e-05,1.12300397032105e-05,1.35310058625202e-11,5.90307823578841e-06,1.94061934669782e-05,-1598.8923810331,0.0849322172523219,0.0702330336542926,1,0.448025683558498
"linear",800,"pg_apf",105,745.514,405.386674864049,1019.2640028659,223.01389995751,329.894905546781,12451.0273158889,406.551830340036,13521.5697698066,925.786803712306,0.543768024294714,1.36719632745448,0.299141129418777,0.442506653861338,16.7012655911075,18.1372445987688,0.00220870820309397,0.00205005679342569,6.05068152675602e-07,0.00097315904456569,0.00380943460574525,1.24309262657452e-05,1.17402814657762e-05,1.61455733303596e-11,5.54601461645148e-06,2.02160526762028e-05,-1602.71960966738,0.0896710998320504,0.0729574440717624,1,0.464856539263297
"linear",800,"pg_apf",106,738.077,426.312557089509,1048.96470910247,184.541128431393,257.56617132014,12281.2103894562,423.425057429058,13769.5190398611,955.603753036413,0.577599027052068,1.42121311069505,0.250029642478214,0.348969242125333,16.6394703932736,18.6559383910637,0.00230372968984282,0.00218042790593867,6.85095055765956e-07,0.00096845671404866,0.00395312352677088,1.24559841417606e-05,1.16948061652459e-05,1.57136108694018e-11,6.09257584578382e-06,2.02636248674088e-05,-1596.13743252147,0.0843452556096631,0.0695140580301163,1,0.466451808061799
"linear",800,"pg_apf",107,729.568,438.220007366511,1247.81340532714,244.822960136914,313.447810528426,11643.2994811586,441.017043713048,12839.637311835,1127.79184722774,0.600656837150904,1.71034558166907,0.335572503367629,0.429634812009883,15.9591696471865,17.5989589892032,0.00185614861921299,0.00173785345901805,4.39305913560917e-07,0.000773638285326595,0.00314659526503737,1.20717422442981e-05,1.1448414093517e-05,1.25380586856808e-11,6.00207091312766e-06,1.92514161855184e-05,-1563.68909970002,0.103617078831872,0.0828845796945967,0.99,0.455611726335795
"linear",800,"pg_apf",108,790.528,521.006393157453,1260.3711786723,56.8833889342187,266.173221875497,12360.6861923023,522.236658911861,13705.6298491962,1179.14866951284,0.659061276966095,1.59434097043027,0.0719561975467266,0.336703091953097,15.6359878363604,17.3373110746188,0.00220228731749003,0.00208012582578768,5.8126208605251e-07,0.000948612909550473,0.00369381313055018,1.17710422121762e-05,1.12533201651247e-05,1.27807875616315e-11,5.66173623844305e-06,1.86147211693838e-05,-1611.25002848599,0.0926559557187989,0.072618105525675,0.9925,0.461215039371142
"linear",800,"pg_apf",109,733.542,440.462758995086,1141.06616422178,178.402412189119,271.387830109468,11837.1389595212,444.371435848599,13268.6305422281,1032.04513732668,0.600460176779361,1.55555668826295,0.243206813228307,0.369969040776762,16.1369614275954,18.0884401196225,0.00201562736819778,0.00190453259561574,5.29002521581743e-07,0.0008743226253706,0.0034708254033956,1.21668938202481e-05,1.14895493008038e-05,1.6375902134133e-11,5.62446012559943e-06,2.01176113123714e-05,-1602.97796298138,0.0786184023293301,0.0656456503295576,1,0.456848206299691
"linear",800,"pg_apf",10,735.417,508.982535829469,1397.85399736731,241.339405100315,353.934179455154,12161.1848682364,512.061308758183,13511.8691946051,1240.7911336581,0.692100584878332,1.90076378077649,0.328166747709552,0.48127005420755,16.5364478496368,18.3730715969376,0.00202468394613347,0.00190602088024161,4.84893606054746e-07,0.000872661339453759,0.00339848218626334,1.24615617777453e-05,1.18514425279353e-05,1.41913759853116e-11,6.27712375029344e-06,1.98656922354311e-05,-1606.58684318691,0.0859847569124995,0.0649989597229497,0.99625,0.453204312393429
"linear",800,"pg_apf",110,731.711,509.27520030663,1332.83757781175,226.475833341103,209.04228333523,12058.374138254,509.349461154798,13060.7341288438,1202.14926360168,0.696005937189177,1.8215355212806,0.309515414338589,0.285689682586745,16.4796950411487,17.8495801331999,0.0020656230675303,0.0019488428048981,5.18715133306011e-07,0.000832485244042297,0.00344795107499768,1.20510509575754e-05,1.14347436171781e-05,1.52005096598869e-11,5.61337083546253e-06,1.98061153128752e-05,-1582.80886637115,0.0926852778906224,0.072350273807276,0.995,0.463194548585708
"linear",800,"pg_apf",111,733.057,418.904619320361,947.238070500811,205.089098572188,248.856692483853,12043.1905274691,420.535832514827,13586.5922580485,867.10593959051,0.571448904137552,1.29217519306249,0.279772375916455,0.339477956671654,16.4287231790557,18.5341552676648,0.00211420314756204,0.00197158015356899,6.19129144934801e-07,0.000895580738678878,0.00371347674516851,1.16617923508878e-05,1.11161395408674e-05,1.27409435016976e-11,5.52924950153429e-06,1.84452527495981e-05,-1566.50218810489,0.0709205422764858,0.0570441161517104,1,0.462090177513786
"linear",800,"pg_apf",112,741.407,483.937066748707,1248.58148807308,189.907009065994,313.309902882975,12070.4437359947,483.979082198785,13095.7389214908,1148.96664401541,0.652727943961559,1.68407027189261,0.256144073452225,0.422588271870882,16.2804555878144,17.6633602346495,0.00195143977644334,0.00185012095230207,4.15578789548539e-07,0.00088584725776562,0.00327428875969549,1.19141246688775e-05,1.13322810136045e-05,1.41334343623119e-11,5.49554538344096e-06,1.88388612916997e-05,-1608.83717262822,0.086500603771521,0.0699037733200316,0.9975,0.451983828448525
"linear",800,"pg_apf",113,735.303,434.773220867545,1295.01651103133,176.86214369197,253.082324476516,12204.3689084341,434.885472050309,13883.5173710736,1148.99044173849,0.591284437663854,1.76120117969236,0.240529609823392,0.344187803499396,16.5977412147565,18.8813555378852,0.00250213717035267,0.00235239534980991,8.25359639568204e-07,0.0010471280135814,0.00444506096389721,1.29962686024659e-05,1.23532187838423e-05,1.69054328144050e-11,6.25284569351783e-06,2.13009939762728e-05,-1569.81917519124,0.0926884632092286,0.0751479192427986,1,0.478168510697469
"linear",800,"pg_apf",114,732.639,341.434460268828,995.683263685001,266.083172133383,274.294381141746,12093.5307859611,344.334911987471,13184.5838481009,864.930787873824,0.466033694996892,1.3590366656498,0.363184559016627,0.374392273878058,16.5068072897581,17.9960169307133,0.00192122037104597,0.00183097656373149,3.92210708365657e-07,0.000902603580364797,0.00317411770566867,1.22458659500003e-05,1.17039119124012e-05,1.36788059973986e-11,6.29643320743271e-06,2.00069117621643e-05,-1610.19732183011,0.0919709708157503,0.0697355846123391,0.97625,0.451572724122767
"linear",800,"pg_apf",115,738.497,385.017836110438,1154.50640920776,195.484745989115,314.380964705704,11891.7365177937,383.733338581158,13176.7555654938,941.009735124354,0.521353283913731,1.56331902391989,0.264706215447205,0.425703780388687,16.1026199399506,17.8426663418996,0.00195797055915664,0.00180423613507856,5.17080587565284e-07,0.0008060164699363,0.00342214388757479,1.19704020085411e-05,1.13955725635583e-05,1.29471680447069e-11,6.01230261044517e-06,1.90849377946986e-05,-1591.47045220878,0.0843581961391581,0.0679282643352765,1,0.456853291093986
"linear",800,"pg_apf",116,733.274,350.766113479531,830.353347954973,227.268183301316,249.243116406194,12035.1527105965,351.709420511032,13375.5131929594,764.945533647022,0.478356130831765,1.1323916407168,0.30993623570632,0.339904478279871,16.4128998308906,18.2408120197354,0.00205572179070398,0.00191313943230301,5.57998206899612e-07,0.000901167877570383,0.00363677908130602,1.21767032347675e-05,1.16133580819568e-05,1.35817650534931e-11,5.96781861506163e-06,1.96235483874138e-05,-1622.225606957,0.0782550980141944,0.0587797814597985,1,0.459368840084705
"linear",800,"pg_apf",117,734.158,408.914855565962,1013.37637403416,253.997789557828,281.350700386692,12033.5268025699,409.09369435121,13149.5202795222,904.339299165519,0.556984811942337,1.38032463588786,0.345971561377562,0.383229087453507,16.3909223935037,17.9110222588628,0.00182442271596497,0.00172043808601036,3.78705804707064e-07,0.000818937203341514,0.00302956728249746,1.15806349577215e-05,1.09656155971123e-05,1.35224451802553e-11,5.70718950405364e-06,1.85584705541957e-05,-1593.9435715931,0.0787898411457068,0.062776051562391,1,0.452924574480537
"linear",800,"pg_apf",118,733.672,393.753361293866,1108.96055608799,189.727524028493,217.635573425078,11994.0501998738,395.34280130915,13236.9799345741,1008.21653736888,0.536688549234353,1.51152089228972,0.258599924800855,0.296638788757208,16.3479732085643,18.0420950159937,0.00205167637968752,0.00191411803796515,5.37485714917983e-07,0.000860566622144937,0.00350385546324918,1.26611128986014e-05,1.19878959843955e-05,1.65609632588104e-11,5.90139242755198e-06,2.04989233890561e-05,-1625.80765550483,0.0920722445415438,0.0718287589348484,0.98125,0.457906771207169
"linear",800,"pg_apf",119,730.711,302.44893533815,711.47845477004,259.58999644031,258.087657561351,12087.5589672784,305.237625762601,13210.2712544342,670.492753147745,0.413910472591969,0.973679682897945,0.355256724533105,0.353200728552535,16.5421883169657,18.0786538788032,0.00181484972599259,0.00172923067620588,3.58244463413409e-07,0.00080451959026829,0.00295885173147391,1.16927280824963e-05,1.10214119781667e-05,1.30443852667095e-11,5.8229707533067e-06,1.88387142052609e-05,-1576.50760606368,0.0897594212040859,0.0732977671119624,0.99625,0.44963839692723
"linear",800,"pg_apf",11,733.466,439.254252507609,1260.86519748339,192.012589128643,269.794364600947,12496.2896372217,437.76785691278,14196.0610866435,1155.11433472182,0.598874729718364,1.71905064104319,0.261787988984688,0.367834861603602,17.0373127550858,19.3547636654507,0.00237022068680568,0.00220865284732237,7.52004982214209e-07,0.000940564974127199,0.00414834371089056,1.19098755834427e-05,1.11518730673496e-05,1.6724772262223e-11,5.60264548040636e-06,1.9602684011006e-05,-1631.37143591596,0.0715287801390219,0.0596006084627903,1,0.467158291911717
"linear",800,"pg_apf",120,733.062,358.070511382046,938.880341487215,339.989761721384,293.014275529418,12191.5582333081,359.557780760065,12864.6429484702,842.376803418382,0.488458699785347,1.28076525790072,0.463794006129609,0.399712814917999,16.6310056084043,17.54918812934,0.0019891360013303,0.00190485732905614,3.7784515524719e-07,0.000963833060977545,0.00320284577264107,1.24127650162959e-05,1.15191836275845e-05,1.94012715015314e-11,5.87532704789123e-06,2.08147103742175e-05,-1565.72370113587,0.122875597210208,0.0926501794996141,0.94875,0.460591702000158
"linear",800,"pg_apf",121,733.742,497.696978186982,1541.71491326104,205.27058206828,264.94298728871,12396.4416380627,500.588528541059,13743.0416472421,1349.15011041616,0.678299699604197,2.10116759468729,0.279758528295068,0.361084669118995,16.894823572949,18.7300735779635,0.00222415780366611,0.00207668811762235,6.6960919763325e-07,0.000952758432276706,0.00388818672806722,1.22294566405536e-05,1.16230035516213e-05,1.45017139657137e-11,5.83490298150707e-06,1.95504493723158e-05,-1638.35544352189,0.096115960597028,0.0776439328522663,0.99375,0.460916911110009
"linear",800,"pg_apf",122,737.92,315.762927316572,1230.88843137989,212.35785014383,217.301253453521,12009.7303970351,309.984525027143,13742.7104122751,1079.74676678546,0.427909430990585,1.66805132179626,0.287778959973751,0.294478064632373,16.2751116612032,18.6235776402253,0.00236051704454872,0.00219833019863663,7.89857477354084e-07,0.000903356378146852,0.00411216069252821,1.22996623982314e-05,1.1527370271759e-05,1.71386503767044e-11,5.82909071874675e-06,2.05165230556149e-05,-1589.24750166293,0.0862288226127659,0.0710027715705082,1,0.470876554847774
"linear",800,"pg_apf",123,729.563,439.006676984933,1214.36558741352,226.797967734891,273.018438302931,11797.2044953183,442.67538598004,12617.1251330605,1036.56938060231,0.601739228805372,1.66451092971206,0.310868242680743,0.374221881184944,16.1702340926257,17.2940858199504,0.00176762333928293,0.00163628188017555,3.95341906219315e-07,0.000738320527399333,0.00300869958709076,1.14816637444233e-05,1.07835082989342e-05,1.46893874269497e-11,5.39805398664947e-06,1.90611206826747e-05,-1571.91347245711,0.0962999807704583,0.0760980516839201,0.98375,0.452584971116143
"linear",800,"pg_apf",124,732.719,403.550051211341,1170.62765324888,200.598226180977,307.117290265332,12031.4986263243,405.459643811119,13105.1785518921,1055.32230331383,0.550756908461962,1.59764883024581,0.273772382292498,0.419147436145823,16.4203448065688,17.8856813483642,0.00197967349761425,0.00189977301578712,4.51237969573677e-07,0.000861799652980133,0.00332890742546525,1.21651623598285e-05,1.14936993259062e-05,1.58023029035894e-11,6.17033255841244e-06,1.96371916539994e-05,-1555.98280786872,0.10721167730785,0.0854265468070843,0.9775,0.458787394843779
"linear",800,"pg_apf",125,731.517,326.877682889954,826.53428654372,286.579121642968,279.06810140632,11875.9671256088,328.534076130687,13076.6300376482,705.167236095228,0.446849058723112,1.12989074285863,0.39176002969578,0.381492298068698,16.2347110533437,17.8760439438157,0.0017791352918752,0.00168309886844495,3.64180129625057e-07,0.000783494404671313,0.00294412485862478,1.1555320088124e-05,1.10732102431027e-05,1.09401786331991e-11,6.09834961174332e-06,1.83194298213875e-05,-1607.61430085441,0.114225845737353,0.0900601328869832,0.96875,0.451083104162503
"linear",800,"pg_apf",126,734.182,377.677755336151,1071.77769681029,192.765164505961,165.969915956471,12215.814401211,375.754314969016,13358.744692945,866.940574839607,0.514419796911599,1.45982562472288,0.262557737054246,0.22606099843972,16.6386732461584,18.1954129806302,0.00209923956034833,0.00196995179523082,5.39077784323216e-07,0.00090448084800555,0.00357265100339993,1.23762172213343e-05,1.17319579660036e-05,1.50864160806551e-11,5.97316373982886e-06,2.00556220329772e-05,-1601.01056486428,0.0929697568039428,0.0769577467867628,0.99875,0.462732130616091
"linear",800,"pg_apf",127,730.018,189.834310122014,430.56411621371,217.929463141838,295.064529782341,11772.3000392947,191.331747877104,12874.1181069711,378.670816872378,0.260040588207433,0.589799314830196,0.29852615023443,0.404188019723268,16.1260407815899,17.6353433846441,0.00169510244180907,0.00158750481555715,3.28233587277979e-07,0.000745110793506569,0.00281190307885201,1.14327881766961e-05,1.08815746683972e-05,1.14587035246165e-11,5.81161501501185e-06,1.81958263929431e-05,-1559.83400254067,0.0917772439420443,0.071131306667373,1,0.446731750195926
"linear",800,"pg_apf",128,732.416,317.842299822805,744.036347504501,197.976791948578,201.335308224316,11856.2520335439,319.47219320053,12869.8106524184,662.314942494138,0.433964167662647,1.01586577505748,0.270306481492183,0.274892012496063,16.1878659580675,17.5717224260781,0.00194781316190942,0.00184074727216864,4.63191665335298e-07,0.00082260267704776,0.00330110193033333,1.24117342846111e-05,1.17280782382563e-05,1.60420412082518e-11,5.62998994174783e-06,2.02486676694107e-05,-1578.1971546578,0.0811810763470263,0.0640654072115205,1,0.45535982673564
"linear",800,"pg_apf",129,740.278,432.463030323494,1130.75846488362,309.735553647708,282.169645765543,12219.0714448701,434.325390572528,13546.1911541023,1021.77886290289,0.584190034451239,1.52747814318894,0.418404374637241,0.381167136893901,16.5060577848728,18.2987893117212,0.00226077135917869,0.00213109212370081,6.59340300153065e-07,0.000987462524039356,0.00377035634292365,1.24060365211139e-05,1.1799766920879e-05,1.48356184294532e-11,6.00851226783024e-06,2.00593063469229e-05,-1609.27818066624,0.0789318666544972,0.0638191177196166,1,0.467737484403811
"linear",800,"pg_apf",12,748.286,372.306030126306,957.957620761711,227.38263786283,299.673575257427,12076.728663284,366.654309529137,13351.7570032876,865.121486336178,0.497545096562419,1.28020251716818,0.303871297689426,0.400479997297059,16.1391883093951,17.8431201482957,0.0019444619141519,0.00183622368359004,4.52089736316285e-07,0.00084022019475095,0.00334158490598768,1.17880564878486e-05,1.10979142679863e-05,1.49594980309595e-11,5.5127523960833e-06,1.93677656622981e-05,-1565.70885967046,0.0921038559960637,0.067622002262637,0.9975,0.458531464858667
"linear",800,"pg_apf",130,733.882,338.760507749272,796.281261165856,200.940326369073,384.428379870907,11747.5175357743,338.82019928603,12843.4931995755,703.287705846007,0.461600785615769,1.0850262864682,0.273804680274313,0.523828598972188,16.0073656742831,17.5007606121631,0.0016930753798995,0.00160359480233864,3.07839869889638e-07,0.000783585987567681,0.00280880723473353,1.13748509663534e-05,1.09070554207911e-05,1.00029758792943e-11,5.88748268587825e-06,1.76517616045406e-05,-1547.49017230632,0.0793043792679863,0.0626945325119192,1,0.448698710387232
"linear",800,"pg_apf",131,737.833,478.790055392902,1161.56878179521,205.66527372174,309.395701392631,11780.2382419318,476.844944821162,13147.2656669565,1061.45880620317,0.648913853667296,1.57429768226036,0.278742308519326,0.419330256836752,15.9659953430272,17.8187552833181,0.00194989395984359,0.00181118756883054,5.23960461635259e-07,0.000786131879383523,0.00346230821673956,1.21561756423879e-05,1.15834751457064e-05,1.4865380162792e-11,5.75196263768131e-06,1.96880333691688e-05,-1575.42900326472,0.0995054964023391,0.078728447316928,1,0.462018146558123
"linear",800,"pg_apf",132,734.5,330.744118557941,882.182495880651,194.967240994733,297.091988169163,11905.7618349305,332.094861601022,13213.7323375162,783.519036498017,0.450298323428102,1.20106534497025,0.265442125248105,0.404481944410024,16.2093421850654,17.9901052927382,0.0019351360050272,0.00182593250591242,4.3705813698821e-07,0.000793100134562673,0.00321192236290513,1.20932087929724e-05,1.14963439227864e-05,1.39350216787104e-11,5.9146071105068e-06,1.95999055050267e-05,-1613.61132279571,0.103556648758571,0.082778616750032,0.9775,0.455815421448489
"linear",800,"pg_apf",133,731.601,497.09259936318,1232.58787988538,177.2308195016,324.503802847727,12180.0901919483,496.516745165289,13489.6373001619,1098.04861009395,0.679458611132544,1.68478156793851,0.242250652338638,0.44355297880638,16.6485422955249,18.4385167600399,0.00206255455650694,0.00195463830989427,5.1707148481597e-07,0.000883144990895783,0.0034344162861767,1.198125349171e-05,1.13372950587014e-05,1.51191287682046e-11,5.71684504356407e-06,2.00446882941863e-05,-1611.94681347431,0.0929842827295153,0.0754505391032617,1,0.455283851777712
"linear",800,"pg_apf",134,731.057,435.927503123788,1037.27647648057,179.843897536156,248.014240594324,12170.7649718388,439.421718179703,13810.6588282342,936.563172345189,0.596297556994582,1.4188722308665,0.246005301277679,0.339254313404186,16.6481751379697,18.8913570737086,0.002097839101502,0.0019722771007677,5.56627671024091e-07,0.000832279990423706,0.00353290538141755,1.2106803884066e-05,1.14333673507234e-05,1.49375330187855e-11,5.83649639716064e-06,1.97198339271987e-05,-1592.6207172553,0.0786615778394114,0.0607954398777771,1,0.459387858774447
"linear",800,"pg_apf",135,744.803,392.930207843507,1011.02794746413,252.843319722609,254.050098025583,12260.3920191931,390.816255517659,13449.7568577337,918.465488623694,0.527562600907229,1.35744344137192,0.339476774022942,0.341097039117166,16.4612548810801,18.0581400151902,0.00201527425866529,0.00190939176826976,4.72086087448494e-07,0.00088922218368179,0.00343030166211174,1.18869036870276e-05,1.1086293221841e-05,1.58056584423781e-11,5.77611301245927e-06,1.98259416737677e-05,-1598.53251127097,0.0783642363297955,0.0625909968679186,1,0.456467376303973
"linear",800,"pg_apf",136,731.878,430.66032295997,1203.41429055716,210.878315327334,250.394025396568,12199.9260654693,430.97990596146,13497.8157066786,1074.44661299317,0.588431846509896,1.64428264076411,0.288133152420668,0.342125361599294,16.6693438871906,18.4427127290049,0.00207630317045981,0.00195453756886726,5.28819683683263e-07,0.00084956567002178,0.00353335015237205,1.20099142177388e-05,1.13961762869042e-05,1.41636256765855e-11,5.62322424371847e-06,1.94547756734964e-05,-1610.59973530953,0.0950422070489073,0.0748924079254157,0.995,0.461198717880017
"linear",800,"pg_apf",137,734.724,310.993133765152,733.808994555443,251.253666071582,259.924327152839,12039.2734086186,312.374507859997,13138.8311375165,659.465115888057,0.423278855413941,0.99875462698298,0.341970135821862,0.353771385109019,16.3861169753793,17.8826758585762,0.00188800586586448,0.00177707934899886,4.05484915416771e-07,0.0008735885931052,0.00319140270124993,1.15902640295993e-05,1.08171137120598e-05,1.61486367820376e-11,5.58682535802395e-06,1.91638703839747e-05,-1572.21886918638,0.0688638206589654,0.0542692367619102,1,0.455412170077049
"linear",800,"pg_apf",138,739.652,611.051949435598,1722.53847916584,215.488680832742,233.264979232796,12209.5021202978,614.425791666852,14158.0817006961,1564.47825049508,0.826134384055743,2.32884989044286,0.291337927610204,0.315371254634336,16.5070899832594,19.1415445381018,0.00242836382588856,0.00226522457812069,9.42748384946224e-07,0.000858563348560771,0.00440947749382486,1.24210033468704e-05,1.17829610795193e-05,1.45336793769786e-11,6.30742117999413e-06,2.00815804275767e-05,-1607.90461463379,0.09532119151036,0.0781376452976413,1,0.472157080930429
"linear",800,"pg_apf",139,731.686,544.306551834973,1474.13955817485,232.952477239258,268.328773090802,12192.3031574045,543.038850475237,13198.6351335061,1320.16246742236,0.743907293340276,2.01471609156777,0.318377660962842,0.366726673861194,16.6632997725861,18.0386602087592,0.00201151649890054,0.00191111088144222,4.57145905451598e-07,0.000882952979643479,0.00335580015233145,1.23500750639095e-05,1.1771702596085e-05,1.42110247688826e-11,6.19604151293456e-06,2.000372033736e-05,-1637.65072684858,0.126905605949614,0.0990603010071529,0.965,0.455878702814636
"linear",800,"pg_apf",13,730.499,504.406273633163,1269.12269567856,213.991001316003,319.251207273534,12069.5520173995,504.496013984354,13322.7718331489,1146.50961264148,0.690495501887289,1.73733666394966,0.292938116706529,0.437031682827128,16.5223388634338,18.2379056414162,0.00216586669494308,0.00203036807449279,5.89459189327182e-07,0.000868920945529011,0.00372173648107644,1.25410695362472e-05,1.1871603711703e-05,1.53808355029161e-11,6.15113634476316e-06,2.06586545631401e-05,-1575.84671215026,0.0962270151096231,0.0791106988431125,1,0.464853800352564
"linear",800,"pg_apf",140,730.413,437.717904966415,1341.81941178039,207.105520018097,334.70089245559,12019.3330387177,434.779747519028,13221.6772135997,1152.78686348204,0.599274526831279,1.83706945492535,0.283545774812466,0.458235125135492,16.4555300066096,18.101645526024,0.00194521095309707,0.00183384837245246,4.82588130954689e-07,0.00081590769631789,0.00332305391774449,1.18901564835452e-05,1.13096178099105e-05,1.39702181715243e-11,5.61767605089744e-06,1.89267528137216e-05,-1587.70285426408,0.0877752343706146,0.0725476827573778,1,0.457547843359673
"linear",800,"pg_apf",141,730.173,411.898154074998,1060.73553676717,229.918450455486,250.516498457297,11779.0492723942,412.492288468782,12823.878332031,943.118565956196,0.564110360250239,1.45271810484251,0.314882158687717,0.343091977459174,16.1318609047366,17.5627944775156,0.00177478768496501,0.00165196457794716,3.97160019992633e-07,0.00080349466185751,0.00301345861457425,1.17178770226587e-05,1.10810735386033e-05,1.26303125577468e-11,5.90491128342156e-06,1.90219779731988e-05,-1594.77356480329,0.110042391809296,0.0863316992969181,0.9625,0.448338728380564
"linear",800,"pg_apf",142,734.209,392.092923343076,1062.10210125152,277.900681531571,364.353573933396,11917.6092598769,391.549985830541,12896.8365898534,919.351714887118,0.53403448247444,1.44659368279539,0.37850350721875,0.496253211188362,16.2319029865841,17.5656204021653,0.00173299763354639,0.0016308486515138,3.36363755372485e-07,0.000761600386335088,0.00287578582004013,1.12581280508467e-05,1.07518303359833e-05,9.77475095474315e-12,6.08002874468676e-06,1.75160485935034e-05,-1606.56269184101,0.0960264484605701,0.079580327779001,0.995,0.441994250221548
"linear",800,"pg_apf",143,731.096,307.518026594936,894.567252173549,274.950532109354,275.705604791188,11854.865642648,309.887943205848,12927.3661142871,731.568685256595,0.420626055394826,1.22359751957821,0.376079929461184,0.377112724992598,16.2151969681793,17.682173222514,0.00195528397553902,0.00181861711643975,4.72402160805005e-07,0.000881507271931494,0.00333612874265096,1.22346053968906e-05,1.15347665177894e-05,1.51280573036464e-11,5.95412407329979e-06,1.99522326078014e-05,-1592.47123684042,0.106932909890473,0.0918475238593011,0.99125,0.458113415530842
"linear",800,"pg_apf",144,734.115,389.395875513461,911.491113402274,247.693424176316,253.971046665175,12085.5769169473,390.700318743014,13141.6726350165,810.236168978951,0.530428986621253,1.24161897441446,0.337404118123613,0.345955397540133,16.4627843279967,17.9013814388978,0.00175434569010164,0.00166256108464072,3.09352335083629e-07,0.000808504092694339,0.0028902995261759,1.1110748092629e-05,1.05658116265076e-05,1.17531101119222e-11,5.37498446927798e-06,1.77234926783264e-05,-1611.14717038455,0.0861802007604553,0.0704139116074703,0.9825,0.442229977075925
"linear",800,"pg_apf",145,732.479,368.883152583909,1009.08751240667,243.667560229274,305.620226172461,12026.7404327939,363.378156231441,13327.1807215091,823.240766615873,0.503609185497344,1.37763336888384,0.33266149641051,0.417240939566132,16.4192289919491,18.1946249947222,0.00195587251735643,0.00184293687593532,4.20520203462074e-07,0.000830596999113833,0.00327114732160636,1.22820879023572e-05,1.15241161514564e-05,1.61754779088639e-11,5.99332465261133e-06,2.07638157562764e-05,-1602.68688220131,0.0986491762703826,0.0761310359883608,0.9975,0.460063692668738
"linear",800,"pg_apf",146,756.385,432.445027679724,1105.81051574101,240.652673739454,289.305960274088,11874.4201650736,433.269570966784,13126.6349159769,959.977905674876,0.571726075582837,1.46196780176895,0.318161615763736,0.382485057575293,15.6989101648943,17.3544357912663,0.00201008611170551,0.00187230169070975,4.97451637152187e-07,0.000834443739659936,0.00344742220543828,1.22012876291776e-05,1.1507476433595e-05,1.58217684138276e-11,5.80806186409628e-06,2.01066406000999e-05,-1577.3745758837,0.106554121673086,0.0828708459805246,0.96875,0.459175251277019
"linear",800,"pg_apf",147,735.129,228.823035789597,786.923043538522,236.631800231384,149.04989163058,11776.9120373162,229.184425548886,12944.4102983302,673.646455349047,0.311269227291533,1.07045572074904,0.321891532277171,0.202753382917257,16.0201978663829,17.608352137285,0.00191445977525033,0.0018059477731331,4.33175362023983e-07,0.000856320486279726,0.00324350305052238,1.25348952754392e-05,1.18817319822413e-05,1.45117131119914e-11,6.29161720118517e-06,2.00265861475604e-05,-1596.55465878864,0.101443426003267,0.0782255417279225,0.9675,0.455836556131263
"linear",800,"pg_apf",148,736.048,306.874867056065,742.940889677833,264.77261934523,228.42079657106,12051.2130351275,308.449068193996,12971.4770726892,638.653524078517,0.41692235704202,1.00936472849302,0.359721946592111,0.310334103986506,16.372862958839,17.6231401657082,0.00179658478877929,0.00171356701230744,3.22772056687454e-07,0.000790093642411128,0.00287642660427187,1.16787961640137e-05,1.10551887749897e-05,1.2859027364884e-11,5.79168772168681e-06,1.91204299010189e-05,-1583.13235670222,0.0839965081766513,0.0637990383628807,1,0.449529784962617
"linear",800,"pg_apf",149,732.283,438.021000919852,1279.0642741453,235.514024097597,268.745379235721,12212.1051450239,437.305142154924,13827.6452396737,1117.12250378409,0.5981580904102,1.74668027817838,0.321616129416629,0.366996610921898,16.6767563155555,18.8829253713028,0.00214945045160051,0.00203273209222216,5.53736929578374e-07,0.000912277993768555,0.00369764946004703,1.19169769191631e-05,1.11792775244651e-05,1.52026525495452e-11,5.79580618294695e-06,1.97196512019441e-05,-1628.70837424407,0.0922495327109696,0.0740545026442096,0.98375,0.457571380468422
"linear",800,"pg_apf",14,733.816,435.163871293417,1167.52168731965,186.951710124161,254.065883458959,12028.9792680647,435.379179653811,13376.8087184137,1045.03113841801,0.593014967367047,1.59102784256496,0.254766467512512,0.346225598050409,16.3923643911617,18.2291047325401,0.00211449151859906,0.00196583655230741,5.91694737499204e-07,0.000912901796135836,0.00368010582697806,1.23048859781375e-05,1.16229855645738e-05,1.57660982665941e-11,5.89617992386709e-06,2.01653461390952e-05,-1608.03801667469,0.111647206701273,0.0914889876166629,0.975,0.465014825246862
"linear",800,"pg_apf",150,734.511,475.771277557216,1222.16759009453,179.15370030035,218.299334319909,11827.5015706831,480.685340064498,13636.8189887024,1126.86721641781,0.64773880521492,1.66392006395347,0.243908805042198,0.297203628427497,16.102551998109,18.5658471945314,0.00246185963155469,0.00226768630211051,9.66273493468009e-07,0.000955030073283617,0.00439207445435783,1.27907438072052e-05,1.19969167158808e-05,1.86369711072336e-11,5.8369298557109e-06,2.14324007503975e-05,-1606.96454934021,0.0843685962618983,0.0698484342057585,1,0.477459505526455
"linear",800,"pg_apf",151,731.878,411.976326906584,1082.97202954927,246.332689738457,358.689836473953,12158.7440454491,411.969041919653,13272.9598230614,969.561360213558,0.562903006930914,1.47971660515724,0.336576163976041,0.490095120326,16.6130749188377,18.1354813548999,0.00183978458681709,0.00173435738834035,3.82994204811858e-07,0.000844188746939179,0.00308766841155883,1.14906564025179e-05,1.10139447099524e-05,1.1728165007528e-11,5.48258068794861e-06,1.80586990378954e-05,-1615.78783096158,0.0874400651002088,0.0644905730490513,0.98625,0.447482693879825
"linear",800,"pg_apf",152,732.857,310.875601240277,703.135988474575,303.118940382668,272.807598901067,11923.3541466425,311.358851463779,12882.8343732966,615.614447219429,0.424196809528021,0.959445005607609,0.413612669842368,0.372252156834235,16.2696871922387,17.5789197255353,0.00169386070876231,0.00160348223754048,2.81318712220429e-07,0.000804084950854889,0.00273639201607833,1.12751207962876e-05,1.07873304703218e-05,1.05923071053834e-11,5.59730446689052e-06,1.79783811672533e-05,-1578.87720871075,0.107124140706023,0.0777280734799852,0.97375,0.44473819477917
"linear",800,"pg_apf",153,733.953,441.087103875903,1187.98062247982,244.586822570012,268.185091875791,12113.2328816229,443.225538079307,13456.7531805637,1048.7621900534,0.600974590846966,1.61860585416207,0.333245892543545,0.365398182003195,16.5040988750273,18.3346252151891,0.00200440286847753,0.00187440088400624,4.92468874068086e-07,0.000835270611641298,0.00344255781284588,1.16930219644789e-05,1.11219904074641e-05,1.21266976609961e-11,5.80161366316205e-06,1.8549721021359e-05,-1622.13096850468,0.0907863043751035,0.0682196861970085,0.97,0.456736006740559
"linear",800,"pg_apf",154,737.951,470.881510387869,1150.11082000846,279.399000747496,317.274084878708,11952.3773964012,471.712733026831,12985.4067176147,1021.41652090674,0.638093193705095,1.5585192241876,0.378614570272953,0.429939230218142,16.1967087196862,17.596570392363,0.00169889362543132,0.00161763237322533,2.81604782638598e-07,0.000792139650968274,0.00277056297115204,1.08530893614939e-05,1.01703452644476e-05,1.09230091541782e-11,5.56143989942987e-06,1.77598502235101e-05,-1600.49104407249,0.0642772445398691,0.0511541106592047,1,0.443744886898947
"linear",800,"pg_apf",155,733.471,360.14412493077,897.608535678516,262.165800350674,281.9978798246,11930.5837828823,361.592689248352,12888.4708418194,800.230084526789,0.491013448290076,1.22378190232268,0.357431718978221,0.384470387819832,16.2659243281361,17.5718887888129,0.00189604259978367,0.00181009550210507,3.76615363513271e-07,0.000849971593108447,0.00308484564318069,1.22801232774091e-05,1.16300069516473e-05,1.50487234052196e-11,6.05437203292463e-06,2.00589153793365e-05,-1598.84569743511,0.105128195199457,0.0822715296385274,0.98375,0.451809812166761
"linear",800,"pg_apf",156,729.828,407.379885143751,1173.16977905944,209.833326982786,304.218807744701,11889.5162600735,404.850508789854,13289.0173708467,1072.84650483151,0.558186155017005,1.60746063327173,0.287510655911784,0.416836306286824,16.2908469667832,18.2084235886356,0.00185697427988858,0.00175415127092056,4.1864757285776e-07,0.000777566099703871,0.00316854976525897,1.13666431117081e-05,1.07708639379104e-05,1.16914742553278e-11,5.72245669004242e-06,1.79950419827535e-05,-1598.79250219813,0.0674441662101733,0.0531383487528458,1,0.451291670908041
"linear",800,"pg_apf",157,732.955,385.105756553701,944.541180206209,196.886633778907,328.64280520305,12098.0347887987,385.444126332004,13243.1445073447,841.355081176286,0.525415280001774,1.28867553970736,0.268620357019063,0.448380603451849,16.5058356772226,18.0681549444983,0.00184530451561079,0.00175529634731448,3.67664422511112e-07,0.000846460993405791,0.00300977036498155,1.14817052415556e-05,1.08336842517668e-05,1.26952241904591e-11,5.62094239055768e-06,1.83649067450189e-05,-1599.64812615196,0.106539887291071,0.0851816152131571,0.97,0.450136994445423
"linear",800,"pg_apf",158,731.718,371.407361019273,1005.64986610923,220.699485690911,268.450455416817,12060.4644348898,369.704122431386,13345.7314651625,938.621904986335,0.507582649352992,1.37436808457524,0.301618226818134,0.366876932666433,16.4823940847291,18.2389000477813,0.00199152246938085,0.00187307955179278,4.91583307278525e-07,0.000811600529789868,0.00344540303858256,1.18174956944314e-05,1.12383076615484e-05,1.27836609056676e-11,5.81565766733524e-06,1.91738580352784e-05,-1599.88176763695,0.0679566834012865,0.0540901022771181,1,0.457402543227346
"linear",800,"pg_apf",159,735.247,340.360173335255,848.813331096424,223.598757136309,248.160060569957,12200.0358546028,339.174615697402,13672.4045715279,772.120354867331,0.462919499617483,1.15446010809486,0.304113797317513,0.337519310612565,16.5931120488799,18.5956618272878,0.00194691973287003,0.00184064790215272,4.5219947704334e-07,0.000853158077728052,0.0032966625858757,1.13598436092815e-05,1.07472405497476e-05,1.30319942360362e-11,5.58676254410084e-06,1.80951833002246e-05,-1613.99230094312,0.0766093935927363,0.0654615594173949,1,0.452283240451185
"linear",800,"pg_apf",15,736.128,348.399814653109,826.275105209144,212.76387021558,254.07393527283,11545.6629952809,351.522503827012,12907.5588410892,772.661770078513,0.473287002604315,1.12246118230681,0.289031079126972,0.345149125251084,15.6843144063001,17.5343946176334,0.00208483060836298,0.00196759212953788,5.6354435103772e-07,0.00082769023117452,0.00359374837848178,1.29800212566934e-05,1.21196723623983e-05,1.83350376910812e-11,6.30971900163955e-06,2.15725051137783e-05,-1592.6288467751,0.079951602891174,0.0616962899712157,1,0.464216136651529
"linear",800,"pg_apf",160,738.084,430.516173626641,1195.36102888813,220.366925849878,292.557608959902,11944.3208611325,429.116161812178,13101.5920352498,1007.87884634438,0.583288858214839,1.6195460528722,0.29856618738501,0.396374408549572,16.1828746607873,17.7508143182209,0.00183454617437152,0.001719939286211,4.05393471196791e-07,0.000808423486503858,0.00313958907676985,1.15624131344581e-05,1.09630631406436e-05,1.26084215994128e-11,5.87687559656389e-06,1.87519420911241e-05,-1634.0997761042,0.074215111195995,0.0613326384943973,1,0.447777083309698
"linear",800,"pg_apf",161,731.928,375.082801799267,962.814823949644,147.521861422652,332.586364706598,11926.7483203956,374.478154404666,13077.350395335,829.981651666297,0.512458604943747,1.31545018628833,0.201552422400362,0.454397652100477,16.2949748068055,17.8669901893833,0.00201068777436181,0.00187848026917155,5.29029504843946e-07,0.000902987833065078,0.00348846820370113,1.2353550573017e-05,1.15678310333556e-05,1.63115529983035e-11,6.19816683697132e-06,2.01568666507208e-05,-1613.10137306371,0.0833466538729384,0.0616036598065584,0.9975,0.461370703796881
"linear",800,"pg_apf",162,731.06,381.566841545896,1021.83177698841,223.63750019656,237.549330227801,11885.3620492727,380.984662376758,12744.4737086707,889.689367159449,0.521936423201783,1.39773996250433,0.305908544027248,0.324938213317376,16.2577107888171,17.4328696805607,0.00200047613487809,0.00186901375408708,4.90930023351746e-07,0.000896089123214473,0.0034404041124068,1.29269551556504e-05,1.21754734124434e-05,1.74920729376332e-11,6.26210043709059e-06,2.16018085805467e-05,-1605.08141337855,0.123110188172972,0.101371535895693,0.965,0.459562706024848
"linear",800,"pg_apf",163,737.603,487.771443160784,1209.22536499885,238.345270648069,323.258647574835,12212.0332268736,489.741200078229,13495.5024208086,1086.99358662568,0.661292650871517,1.63939865347464,0.323134898648825,0.438255603047757,16.5563768407579,18.2964310351349,0.00200449533484877,0.00188593048913876,5.13882317017981e-07,0.000900367825902682,0.00344824678457722,1.14886092765605e-05,1.07999494811798e-05,1.35277789661071e-11,5.69588720884205e-06,1.8945205901637e-05,-1589.38101315792,0.0844458704763857,0.0713528093273813,1,0.458368733475202
"linear",800,"pg_apf",164,734.447,447.908035781332,1189.86900297916,159.34741512663,240.755482455194,12309.0815756533,449.020508714732,13534.0103955462,1060.35031786826,0.609857533329609,1.62008831539806,0.216962442663161,0.327805113854633,16.7596594113031,18.4274840737945,0.00200488719503082,0.00187487226021844,5.31305286516136e-07,0.00088057357960273,0.00348774015617968,1.20927097775986e-05,1.13720919223532e-05,1.48113474168904e-11,5.94961697387793e-06,1.9703207444604e-05,-1607.08102952081,0.0874592338590424,0.0693073228988942,0.9925,0.450853482794532
"linear",800,"pg_apf",165,739.391,266.216174077549,731.795757598025,243.52906381856,290.597851707782,11779.7035465437,263.942711353189,12820.8038453195,626.88882956627,0.360047896278896,0.989727705095174,0.329364387473691,0.393023247115237,15.9316296067218,17.3396806903513,0.00179907059258148,0.00169781219168368,3.92444326109241e-07,0.000756237540154097,0.00302590616765091,1.17876331307987e-05,1.0991457613356e-05,1.55615943310179e-11,5.65696030907435e-06,1.96989561698451e-05,-1580.4569029774,0.0791522962990026,0.0631946100954831,0.99,0.447409023146019
"linear",800,"pg_apf",166,733.424,450.557532103841,1132.12060104592,116.28557960776,183.997412766482,12154.9534391304,450.537545756719,13790.1773215248,1050.68213628657,0.614320682311788,1.54360997328411,0.158551642171186,0.250874545646832,16.5728874963601,18.8024625885229,0.00231903634543963,0.00211017670283814,8.66629266129957e-07,0.000872853517455689,0.004169621147363,1.23694948152612e-05,1.15285955920822e-05,1.90255661187595e-11,5.88912487402656e-06,2.06641949275687e-05,-1632.49153156229,0.0993930956350192,0.0813774456823548,0.9975,0.46877686357642
"linear",800,"pg_apf",167,734.529,356.254373420756,1071.8355545487,223.71254335437,281.114794840313,12355.5495590007,361.149368320679,13493.8726334837,983.555536176156,0.485010630513915,1.45921475469138,0.304565978136152,0.382714358235431,16.8210507127706,18.3707826831666,0.00194373015921706,0.00181218625268168,4.78190242686997e-07,0.00088305819797917,0.00336352946163306,1.13103066854238e-05,1.07617437094943e-05,1.24102003289275e-11,5.76755012477724e-06,1.81833201374862e-05,-1607.41575481593,0.0842525466702153,0.0683399902172181,1,0.451791148484447
"linear",800,"pg_apf",168,735.409,408.25881833374,1148.31278532128,259.223798676774,297.343244957804,12207.3940911665,407.016243169064,13466.7231318674,1004.78441203555,0.555145257038927,1.56146142530386,0.352489293273231,0.404323641616847,16.5994624639711,18.3118824108318,0.00207939697708791,0.00196347071308917,5.26403938983133e-07,0.000907544560665109,0.00352972899672699,1.18837707506664e-05,1.12429095689935e-05,1.40033753381933e-11,5.80916592253292e-06,1.92641582409614e-05,-1628.0617226365,0.0789678309078675,0.0586210542409239,0.98,0.458496046649509
"linear",800,"pg_apf",169,732.955,324.241071249016,940.389230431348,211.968296528325,236.490443740551,12031.2225132624,329.136047325532,13234.2755989641,805.44008421567,0.442375140696245,1.28301086755851,0.289196876381668,0.32265342857413,16.4146810012381,18.0560547359171,0.00185214904905275,0.00176170423776659,3.44011178223685e-07,0.000874511587707776,0.00301896333619658,1.21087279237273e-05,1.14491445653157e-05,1.54749120023485e-11,5.78144558266369e-06,1.98771356181659e-05,-1639.28242415005,0.108106659438716,0.0875575206620613,0.965,0.446511734113872
"linear",800,"pg_apf",16,741.189,416.128563639486,1196.28620145197,261.271229511776,277.053286366873,12317.526282513,414.313366699763,13876.3379821764,1101.96538609415,0.561433809243642,1.61400965401803,0.35250284274561,0.373795734106784,16.6186037333433,18.7217268229512,0.00218002102407337,0.00206101182476925,5.6685215362111e-07,0.000948430865389941,0.00367891761082515,1.19513490010165e-05,1.1181081235287e-05,1.71173690489565e-11,5.83306854669761e-06,1.94952094583809e-05,-1586.79165609344,0.0752429561996132,0.0597610477640406,1,0.464035427037222
"linear",800,"pg_apf",170,730.641,424.938585360979,1051.56409561057,252.604277784479,262.18145037334,12152.4964496289,425.373210415605,13187.6642677353,944.490045164265,0.58159696124496,1.43923499449192,0.345729678165445,0.358837582853057,16.6326505761776,18.0494446215519,0.00200833349281262,0.00191173236238046,4.26559866080768e-07,0.000903184181985891,0.00331440824127268,1.22505997607593e-05,1.15828892504858e-05,1.55861173815821e-11,5.73467898287428e-06,2.00502768336546e-05,-1564.70283518288,0.0872432899319261,0.0696117772165881,1,0.462374538588808
"linear",800,"pg_apf",171,730.999,329.415872246396,930.154403958583,244.582655378128,239.699393724463,11993.337695466,330.713399762819,13142.5691227771,792.953133818195,0.450637924602354,1.27244278577479,0.334586853577266,0.327906595938521,16.4067771576513,17.9789153237927,0.00181051844742534,0.00170992678633016,3.65339554317494e-07,0.000818402213658551,0.00304273956189418,1.12352829321299e-05,1.05615633411088e-05,1.35601595538556e-11,5.66378673647842e-06,1.83106285709134e-05,-1601.85916198124,0.10101950184246,0.0791651345500876,0.96875,0.451627299021116
"linear",800,"pg_apf",172,729.61,331.501030052275,779.45617378671,235.751455170943,363.252294800407,11812.9096236619,331.172340806274,12920.1290102166,701.888386382398,0.454353736999596,1.06831892899866,0.323119824523983,0.497871869629537,16.1907178131631,17.7082674445479,0.00168689457653012,0.00159022597812291,3.07906735383307e-07,0.000797931277398129,0.00281039672556798,1.11434063865801e-05,1.06888033847348e-05,1.00190668693023e-11,5.73351211740741e-06,1.74037437831756e-05,-1588.02529739579,0.076829551273188,0.0587655987483705,1,0.444710936720674
"linear",800,"pg_apf",173,736.332,496.497737395232,1348.9331655811,196.610259460436,311.78950399603,11948.9984819512,496.058131557715,13417.6259145953,1214.00711768371,0.674285155874295,1.83196325242024,0.267013058593726,0.423436036999655,16.2277321669454,18.222250173285,0.00197372709211542,0.00183753589817403,5.04048083759513e-07,0.000891306853944526,0.00340632524694919,1.20998358657334e-05,1.15552532500995e-05,1.37820155837524e-11,5.77332593890544e-06,1.93170088753616e-05,-1594.05202225079,0.0620034398898584,0.0511310589186703,1,0.456018162757027
"linear",800,"pg_apf",174,731.46,468.135839093337,1334.88219139525,257.789573658142,282.936433405997,12293.9156868264,468.83497438462,13354.7913165832,1172.65038391985,0.640001967425884,1.82495582997737,0.352431539193041,0.386810534282116,16.8073656615898,18.2577192417674,0.00207079754046955,0.00197188644443872,4.81138318079147e-07,0.000920558645877338,0.00340663291282129,1.21664083187169e-05,1.15367763824379e-05,1.44363905937353e-11,5.97688187537193e-06,1.98904475280278e-05,-1595.96737627942,0.0912619805605869,0.0686806906889839,0.985,0.458998802511416
"linear",800,"pg_apf",175,735.369,415.577585623292,1121.75276221017,252.565041690269,253.362595938186,12335.7526917183,416.633892683572,13605.3197837913,1006.80240453085,0.565127963815843,1.52542840697686,0.343453479396424,0.344538042721662,16.7749153033624,18.501350728398,0.00202743151818003,0.00190703112145787,4.88421956837332e-07,0.000867817989829697,0.00337897945268185,1.1739617812561e-05,1.10387039936396e-05,1.36467003647787e-11,5.84431993595238e-06,1.92606922853077e-05,-1600.54609564138,0.0867415111635974,0.0708829987810172,1,0.453923503944892
"linear",800,"pg_apf",176,731.083,379.581504810775,1044.1382731578,165.674081545284,298.812377201408,12114.3237781295,382.530699221708,13797.1801017633,902.927301426065,0.51920439240247,1.42820756761927,0.226614599909017,0.408725653860653,16.5703808981053,18.8722485706319,0.00225118497330141,0.00210413186720635,6.87971086873643e-07,0.000943730621804525,0.00391890971726906,1.18714437226301e-05,1.12418384499893e-05,1.3682147805986e-11,5.85580463565644e-06,1.90008782099548e-05,-1585.70536126542,0.0863042792417226,0.0731620710068597,1,0.470431264118331
"linear",800,"pg_apf",177,729.658,322.706396597123,1023.87418808839,192.935881876554,316.116192992679,11867.4172035691,323.495014857127,12979.5788159467,911.302481529714,0.44227075780314,1.40322478214231,0.26441960737298,0.433238850245839,16.2643556345152,17.7885787806708,0.00182629214306502,0.00170201167222388,4.16629282236768e-07,0.000798894267030193,0.00315055799855817,1.16241757188608e-05,1.10651053962454e-05,1.2620133113629e-11,5.71541387001548e-06,1.86182616200631e-05,-1561.06798620083,0.0901433200106005,0.0717561501199627,0.995,0.451407071544353
"linear",800,"pg_apf",178,729.114,336.298608419696,812.182816526236,203.178711700675,329.031515370735,11763.3745191558,334.272637185917,12753.2090660833,715.865464137276,0.461242835029496,1.11393117746503,0.278665217922952,0.451275816087381,16.133793232822,17.491378667922,0.00168813926843824,0.0015931532361669,3.14478580651834e-07,0.000802295686958957,0.00283660505887274,1.15217265830958e-05,1.08715560841195e-05,1.27833297593917e-11,5.85343989808847e-06,1.86509984281764e-05,-1563.77778332851,0.0814838733635372,0.0665843880099265,1,0.447373414945093
"linear",800,"pg_apf",179,733.005,382.044864764797,1069.26607291592,243.214462300028,323.112515161551,12282.1001728447,381.610243839125,13373.1571897127,921.536566147215,0.521203627212361,1.45874321855365,0.331804642942447,0.440805335791094,16.7558204553102,18.2442919075759,0.00219191831205591,0.00206956284799028,5.79366293215132e-07,0.000952962859600306,0.00368695175121629,1.27343240960843e-05,1.20939675576312e-05,1.58506114025916e-11,6.3986589133344e-06,2.06496021036424e-05,-1610.9168856565,0.116428134375226,0.0873593789457954,0.96,0.466524099146064
"linear",800,"pg_apf",17,732.88,417.170890103926,1144.6803270228,212.098931581232,275.184062263102,12112.3087071485,416.042311186426,13270.2314779302,978.561953725103,0.569221277840746,1.5618932526782,0.289404720528916,0.375483110827287,16.5270012923651,18.1069635928532,0.0018849530778701,0.00177670324612319,3.95887918825761e-07,0.000824164609150583,0.00311245728644797,1.16547047127207e-05,1.11670868946344e-05,1.28038850945172e-11,5.90925305666934e-06,1.86670378431189e-05,-1580.46678057492,0.0806762822465457,0.0641505085742701,1,0.45236360946558
"linear",800,"pg_apf",180,735.955,346.452277126438,874.095112371531,150.047195927332,303.715817019885,12017.4508980962,347.361591402186,13003.1701005255,792.113583575199,0.470751985007831,1.18770184640573,0.203880938273851,0.412682592033324,16.3290566652801,17.668430950976,0.00195831734828035,0.00184222269817423,4.50498366690319e-07,0.000877860261346158,0.0033066620664981,1.2258378647671e-05,1.16780607593765e-05,1.45292066673482e-11,6.09084792233729e-06,1.98255613935871e-05,-1577.76268881814,0.0845669034617138,0.0685903672474605,0.9875,0.455665341971515
"linear",800,"pg_apf",181,734.692,439.492165399107,1164.63627021019,218.078564662893,247.242295968436,11915.6609745495,437.586200979899,13668.4532011714,1020.8170647388,0.598199198302291,1.5852034188615,0.296829916023168,0.33652509618784,16.2185799961747,18.6043310682183,0.00256738500953988,0.00233413091794614,1.04005294176297e-06,0.00103487773855187,0.00466720800957516,1.34840745062906e-05,1.25023928717856e-05,2.23812436757556e-11,6.05699580054291e-06,2.27989876896579e-05,-1592.22536443715,0.115484214465614,0.0948873636899044,0.9825,0.485997068743497
"linear",800,"pg_apf",182,732.795,326.515420720339,930.709671517023,214.343565035791,158.449788024199,12022.8470185837,325.185861914941,12950.5798840567,803.594139097399,0.445575393828204,1.27008190765087,0.292501402214522,0.216226622758342,16.4068354977637,17.672855142375,0.0019057488903811,0.00179418703216423,4.27469755020875e-07,0.000843184426865242,0.00323219197163335,1.19100706768511e-05,1.12694730535961e-05,1.36730330731777e-11,5.77400513697738e-06,1.94151693265698e-05,-1578.53576400396,0.101536962345968,0.0808493661564397,0.9775,0.457457237744564
"linear",800,"pg_apf",183,732.67,269.085996089453,732.808142034866,299.338610617624,347.453566579229,12041.4180617669,269.985207553017,13145.6333348584,615.321895950441,0.367267659504897,1.00018854605056,0.408558574279859,0.474229280002223,16.4349817267896,17.9420930771812,0.00169081004875215,0.00159575745377705,2.99615161183682e-07,0.000784377354090837,0.00279855639292796,1.07769198679875e-05,1.02474852175974e-05,9.87015850773364e-12,5.63545710648843e-06,1.71170846586513e-05,-1594.7971442634,0.07831563879019,0.0648613488420691,1,0.438422317278465
"linear",800,"pg_apf",184,740.044,300.842955893798,803.394642301002,172.820062281596,331.459912637981,12136.807884978,303.49865625242,13198.7590633539,709.084567493472,0.406520363510546,1.08560388612164,0.233526739331169,0.447892169435846,16.400116594389,17.8351004309931,0.00219595954978074,0.00204899040411625,6.29970707346584e-07,0.000851008694940816,0.00382337797328831,1.27935596726794e-05,1.21047848766401e-05,1.76215208629617e-11,6.26110639701972e-06,2.08132852466646e-05,-1610.64471151681,0.0968063292705114,0.0775693875283066,0.99125,0.463627513428943
"linear",800,"pg_apf",185,736.243,360.295795658118,922.68967725666,202.258848944961,259.215070392118,11881.0648499801,358.846383902209,13004.3892045961,812.718376834415,0.489370758918072,1.25324067903757,0.274717517103675,0.352078145927523,16.1374231741153,17.6631753437331,0.00180293777189678,0.00168077274925562,4.18532056825715e-07,0.000805180996784266,0.00318831222934806,1.15990935476425e-05,1.09908124225554e-05,1.28483546712003e-11,5.92103652126407e-06,1.89339404948234e-05,-1601.75955754345,0.0864258077958839,0.0735548844995549,1,0.449035403137394
"linear",800,"pg_apf",186,792.146,353.847122065547,852.892009272083,208.379762981493,273.884938280113,11717.9317269702,354.275839066733,12828.1093213307,762.732408544675,0.446694324108873,1.07668537021216,0.263057268459972,0.345750579161056,14.7926414158125,16.1941224488045,0.00198686740772005,0.00185069872795304,5.27266984076327e-07,0.000822030637710011,0.00341643610921315,1.223072964528e-05,1.15213536543086e-05,1.58820507645745e-11,5.97315234091686e-06,2.02052064915173e-05,-1582.14436548758,0.0920416668319481,0.0729805591669621,1,0.460024995783314
"linear",800,"pg_apf",187,735.643,321.845593190835,786.36505245675,210.202349829966,260.077030037953,11981.4404472659,321.935052724854,13271.6052635863,716.631788348642,0.437502420591014,1.06894927628857,0.285739618034788,0.353537014608925,16.2870311377474,18.0408231487097,0.00183964267840523,0.00171129689334224,4.64102708658321e-07,0.000822517491930023,0.00316962784755037,1.12200581213841e-05,1.06705485009999e-05,1.22715256289657e-11,5.52331423109476e-06,1.80315537854804e-05,-1631.94211501758,0.0890599936397141,0.0760313728888002,1,0.449672356135599
"linear",800,"pg_apf",188,745.429,290.357412687742,710.585037307087,205.838802546184,332.952765535665,11955.5611704928,292.657836340799,13079.9534323876,623.550544806803,0.389517194377656,0.953256497006538,0.276134685592033,0.446659260017607,16.038497523564,17.5468802962959,0.00198708269175603,0.00186967667243741,4.6310521487832e-07,0.000886045204163715,0.00339019953727814,1.21039627367406e-05,1.14886040142636e-05,1.41305201301538e-11,6.09954956418446e-06,1.97262734275325e-05,-1575.21374088266,0.108852573885598,0.0843076354623848,0.9775,0.460805850644482
"linear",800,"pg_apf",189,731.828,458.603980707695,1268.04328606659,267.704353747035,274.211076303961,12197.7586596193,461.150100088718,13220.9922019554,1141.15836840382,0.626655417267029,1.73270670986432,0.365802283797607,0.374693338194167,16.6675211383266,18.0657097049517,0.00175186284530799,0.00168211347110736,2.865426237745e-07,0.000805647707786311,0.00282297663743593,1.1358369125968e-05,1.07253415660915e-05,1.20416469643722e-11,5.8585770664551e-06,1.85044620080053e-05,-1614.22781114602,0.0867927836503855,0.069626536975487,1,0.445317341353456
"linear",800,"pg_apf",18,733.055,365.015835785922,916.002871622543,243.074863015618,277.008649778369,12103.7120784491,366.005259730664,13330.922410027,814.789508632662,0.497937857031086,1.2495690932093,0.331591576369602,0.37788249146158,16.511328724924,18.1854327574698,0.0018806273766802,0.00177617676217247,4.01351308591411e-07,0.000806345837810085,0.0031575402580095,1.15152036767535e-05,1.08348699503242e-05,1.28533792511621e-11,5.89945952356484e-06,1.89207148733331e-05,-1602.47664997455,0.0815220185483866,0.0630107857221631,1,0.448876404315036
"linear",800,"pg_apf",190,733.623,331.039283797554,1058.46134338526,248.661510752915,396.142426987539,11848.0366482439,328.545941023631,13149.0742071653,814.613555351375,0.451238965786996,1.44278647668525,0.338949993052174,0.53998092615354,16.1500343476744,17.9234759640378,0.00185070702076506,0.00174384690357581,4.15139469916079e-07,0.000771413774893755,0.00313519323391516,1.15933917274479e-05,1.09877722962379e-05,1.26499680990052e-11,5.53773465265933e-06,1.84024392443657e-05,-1584.082069509,0.0920471919714558,0.0742882600544326,1,0.448434364740663
"linear",800,"pg_apf",191,735.545,496.772829862796,1399.42489676328,199.605372330593,320.969028713964,12235.3241465746,496.328096173324,13923.3632706642,1233.38187785564,0.675380608749697,1.90256870315654,0.271370714681757,0.436368989951619,16.6343651939373,18.9293153657005,0.00232000855215445,0.00215638417024871,7.42508145639619e-07,0.000957414991401275,0.00405470924374955,1.2321374898531e-05,1.17207716438923e-05,1.58559240099594e-11,5.87273821463474e-06,1.98297541943931e-05,-1607.66306662772,0.0750051164842218,0.0623183958239361,1,0.470518878911758
"linear",800,"pg_apf",192,734.643,301.559634437291,804.149620480524,219.860757616892,301.484858526653,12152.5677938117,303.759003638127,13282.3500601553,708.110630609163,0.410484595153416,1.09461278536721,0.29927564492807,0.410382809781966,16.5421405959244,18.0800062889802,0.00194236704675159,0.00183961177380609,4.35961033046754e-07,0.000859992002062278,0.00321935711046784,1.17221091624445e-05,1.1119873698187e-05,1.27155494396965e-11,5.88410001841252e-06,1.90807287723302e-05,-1595.60500683921,0.0902795216958036,0.0719915410487546,0.9825,0.449945046197337
"linear",800,"pg_apf",193,731.603,336.510076734326,889.158625796395,246.547624840443,280.147690384928,11903.2759894679,338.586945720719,13081.8426512234,788.592300583211,0.459962680216354,1.21535672461211,0.336996465077977,0.382923102263014,16.2701300971536,17.8810675342002,0.00171916318378405,0.00162244844509324,2.91805126530485e-07,0.000796925100981814,0.00282364686226724,1.14433423942488e-05,1.07960978972279e-05,1.30760088637871e-11,5.68858285044573e-06,1.92159642631816e-05,-1573.78294653991,0.0934905122436353,0.0753014766032547,0.9725,0.446240790863942
"linear",800,"pg_apf",194,738.257,227.828858359404,657.328076041511,230.415051300771,207.568622117396,12141.4106235608,222.985838427768,13680.1540963988,549.688757628398,0.308603722496913,0.890378385902891,0.312106829059218,0.281160384686357,16.4460487656206,18.5303411906678,0.00217105316178858,0.0020322528860182,6.9390182981525e-07,0.000895332839728663,0.00386864424569006,1.21353568318067e-05,1.1474816847529e-05,1.53206026363591e-11,5.89445452661593e-06,2.00208954463734e-05,-1586.41528528778,0.0751118014573702,0.0587782703509533,0.99625,0.466352015240857
"linear",800,"pg_apf",195,734.087,352.058745365469,1091.27853838294,206.53299032542,277.36745463968,12068.3832183552,350.432260370582,13521.5070424327,917.403533833744,0.479587222448386,1.48657929970554,0.28134674817211,0.377840030731616,16.4399903803707,18.4194884835621,0.0024210743483473,0.00224002791758379,8.46881392586937e-07,0.000959227101392386,0.0042505539209462,1.31861059188744e-05,1.24214998767398e-05,1.79774114472638e-11,6.25766855281918e-06,2.1443127874437e-05,-1602.14458349447,0.113938257726734,0.0937590038764,0.98875,0.473266901580337
"linear",800,"pg_apf",196,734.016,306.317410653864,706.68035601481,212.077856193635,196.905708971098,12051.6462696998,306.008591829833,13128.2749356851,660.839708144173,0.41731707572296,0.962758790019305,0.2889281108227,0.268258061092808,16.4187787046874,17.8855432792815,0.00200935246720375,0.00188533543328217,4.75875342782626e-07,0.000902505649222491,0.00346193505144813,1.22908795455196e-05,1.16771029794394e-05,1.55220379609854e-11,5.82581226117494e-06,2.01390859070107e-05,-1582.7729740433,0.0865816634328643,0.0670172792563775,1,0.460031105160618
"linear",800,"pg_apf",197,739.872,436.310249971329,1146.23142453013,180.253050330796,214.398279665487,12015.0879481105,435.321061316419,13568.8830782229,982.695874440347,0.58971044987691,1.54922935930827,0.24362734409573,0.289777528633989,16.2394143150579,18.3395007220477,0.00224481057036272,0.0020602998834288,7.21871289578959e-07,0.00099255061764679,0.00403130619197074,1.26849575836024e-05,1.18811616368292e-05,1.76304007624728e-11,6.09770581488768e-06,2.09402621554474e-05,-1616.26785848228,0.104266522799827,0.0867422443105899,0.99375,0.470228156587369
"linear",800,"pg_apf",198,730.39,395.147095835322,1100.93113515301,308.509324863877,293.372623881289,11941.4826033868,392.477893836042,12870.2053884065,939.390741553849,0.541008359691838,1.50731956236122,0.42238985317964,0.401665718152341,16.3494607037156,17.6210043790393,0.00169036734844586,0.00160143702963833,2.81043847253285e-07,0.000794003448392495,0.00277708094495892,1.15117199855896e-05,1.09496275903819e-05,1.15642284411825e-11,5.97968941825596e-06,1.8341549996458e-05,-1562.53056454185,0.0895920343673953,0.0745298542276006,0.9975,0.441466291031705
"linear",800,"pg_apf",199,734.781,339.729893386612,884.528925311873,188.875987339582,243.206215190237,11738.5115567447,337.344410358458,13459.3196848407,764.848400193486,0.462355305031856,1.20379939779591,0.257050723058411,0.330991431719433,15.9755240768946,18.3174574258735,0.00241937105686141,0.00223325327679349,9.26114293858502e-07,0.000998289958542997,0.00441366563420378,1.28966541199834e-05,1.22333732643778e-05,1.62496120690518e-11,6.11859969079554e-06,2.09508940744093e-05,-1602.25878481889,0.0995493823909312,0.0779944574363845,0.99,0.474441179025053
"linear",800,"pg_apf",19,740.917,509.506482135458,1293.09666171181,185.078177644123,305.147973057879,12321.2722782741,509.045798552386,14029.1678263125,1154.41032129708,0.687670119777867,1.74526520745483,0.249796100837372,0.411851763501012,16.6297605241533,18.9348710129643,0.00234378295822134,0.00219103667481966,7.96359347289751e-07,0.000849859211637647,0.00405620996360848,1.20931208750609e-05,1.14443806483039e-05,1.47279190325785e-11,5.91191307882127e-06,1.98512208343376e-05,-1595.93854906672,0.0809788798298551,0.0641878334859965,1,0.471454683767369
"linear",800,"pg_apf",1,729.88,391.474487032407,1026.80641612595,190.57636809383,256.75760800635,11849.9561147812,389.8856691597,12907.0053687804,886.187474606668,0.536354588469895,1.4068153890036,0.261106439543254,0.351780577637899,16.2354854425128,17.6837361878396,0.00179160473770374,0.00168564490310042,3.99135010360893e-07,0.000767798093182683,0.00302799045547963,1.18193254376019e-05,1.12718706801623e-05,1.27546075595539e-11,5.8755842971968e-06,1.91574533632478e-05,-1601.14874803591,0.0861448480638545,0.0678992347667369,1,0.44434238930372
"linear",800,"pg_apf",200,739.875,409.258877370026,1114.69725980348,209.076415618484,262.826851197792,12064.2366050331,408.788821393812,13301.7686022248,969.095633414836,0.553145973806422,1.50660214198815,0.282583430469315,0.355231425845976,16.305776793422,17.9783998678491,0.00225482798206075,0.00211690357280633,6.80759405461646e-07,0.000984291964818108,0.00393379359062931,1.32337574661297e-05,1.25686527245316e-05,1.73982095463282e-11,6.0876029955783e-06,2.1362108875683e-05,-1606.02199892928,0.0961733613455465,0.075241538704044,0.985,0.470165616911447
"linear",800,"pg_apf",20,741.629,525.013802002449,1451.99508327045,190.014838548105,306.622062670247,11983.1639425963,523.010559320526,13918.9962452199,1262.51538004652,0.707919730758167,1.95784561184965,0.256212794467456,0.413444003228362,16.1578955820178,18.7681391170247,0.00230715099036717,0.00209627944431239,9.35139941423489e-07,0.00083530946935099,0.00419166982250889,1.21813982857884e-05,1.16437134628894e-05,1.35850983868782e-11,5.92126735385806e-06,1.9487888011946e-05,-1623.47479544228,0.0856452444012027,0.0610424250875793,1,0.471040564113436
"linear",800,"pg_apf",21,734.617,444.321543523676,1152.41033667949,205.910069421385,311.669332461565,11850.6621149301,445.595554572946,13024.0082202815,1026.09371137367,0.604834278983029,1.5687226632102,0.280295813221563,0.424260985604151,16.1317558876668,17.7289774403281,0.00182376109036593,0.00170920604069376,3.56980688281654e-07,0.000832474898359117,0.0030364213674884,1.18269552443923e-05,1.1165726761948e-05,1.39600143038729e-11,5.75176328429618e-06,1.93835767157283e-05,-1577.88835312903,0.0779910358031607,0.0623365606972635,1,0.450370530414075
"linear",800,"pg_apf",22,730.573,451.054219315294,1281.63005145867,210.209716650992,310.946718600713,12171.2801756385,452.132073249434,13228.5466463435,1107.43949502368,0.617397877166682,1.75428061461164,0.287732665525542,0.425620326238052,16.6599096539818,18.1070839551195,0.00204123013386226,0.00191353264731377,5.61576604181475e-07,0.000797505322020442,0.00352825708999551,1.20949277567805e-05,1.14764559972966e-05,1.39933368224043e-11,5.83538980863773e-06,1.95568020904432e-05,-1650.76021620637,0.0895702564569531,0.071101403982444,0.9725,0.45485762492785
"linear",800,"pg_apf",23,730.017,355.740227885015,889.855223556294,279.431937332905,296.015834244328,11931.4287885271,352.696427996147,13157.8140751698,782.002917806272,0.487304032488304,1.2189513717575,0.382774561870347,0.405491699843056,16.3440423832966,18.0239831061055,0.00179802386719325,0.00168115033430214,3.76287126870615e-07,0.000795438261649451,0.00302243653611179,1.15151496617803e-05,1.0921534278365e-05,1.15818108105643e-11,5.99796663205729e-06,1.82715163046519e-05,-1603.95995111046,0.0822858666750805,0.0679329441722554,1,0.445454781989427
"linear",800,"pg_apf",24,731.148,284.163455974182,900.333890162397,224.246708501141,246.274047906694,12050.0900326917,280.5419821174,13239.4021529559,675.312954115649,0.388653810137185,1.23139759687833,0.306704946879621,0.336832006524937,16.4810544960688,18.1076911281381,0.00180950589381262,0.00169284232224348,4.06988412378125e-07,0.000804019950620217,0.00308482807626757,1.12024546013566e-05,1.06203834801295e-05,1.18387381385355e-11,5.83025839750621e-06,1.81883722284729e-05,-1565.26726015215,0.0683180904819155,0.0562592468694132,1,0.448383280008931
"linear",800,"pg_apf",25,730.815,384.665366285539,1059.18060223413,206.253557231443,258.276703474589,11920.3140532598,383.998213209996,13053.5509982928,912.40141862524,0.526351219235428,1.44931426179558,0.282224033758807,0.353409143866216,16.3109871215832,17.8616352952427,0.00208676783165781,0.00196211556014252,5.42147680132447e-07,0.000913654289055219,0.00354657409979684,1.25113450452332e-05,1.1752706217726e-05,1.68817949321737e-11,6.02986130682564e-06,2.10835876280976e-05,-1566.26117507056,0.123460060578724,0.0977151154169308,0.9725,0.468107364235826
"linear",800,"pg_apf",26,754.417,338.647277589701,866.455789345158,184.092050012892,199.0524633248,11867.8172329909,337.847529221084,12636.6007005836,747.136437525826,0.448886063794561,1.14851042506354,0.244018957702295,0.263849387440633,15.7311105568815,16.7501536956134,0.00186326114068875,0.00174298368335408,4.70486713706548e-07,0.000752617092642414,0.0031628974579163,1.22121607941272e-05,1.15273342024267e-05,1.56932506348353e-11,5.97126075942994e-06,2.03098654848626e-05,-1599.37987384288,0.0889186689793306,0.0668234641143571,0.99,0.453690712318414
"linear",800,"pg_apf",27,730.161,404.19671711664,945.442975932504,231.998936764082,223.80069904853,12014.7496976615,406.711160631146,13183.5702332598,861.538023200242,0.553572043859697,1.29484178959504,0.317736686517196,0.306508700202462,16.4549321282039,18.0557031028223,0.00195377800238451,0.00182149972917591,4.85477144734054e-07,0.000834894931111078,0.0034113288215626,1.21430662656001e-05,1.155192503305e-05,1.3120451875233e-11,5.86165728268749e-06,1.91361805087153e-05,-1588.56093864275,0.0905294221558857,0.0685322317217493,0.985,0.456425851810547
"linear",800,"pg_apf",28,730.048,299.073059823136,777.361451036522,207.339584106241,231.168334067404,12089.8713077611,299.21260144132,13194.3452499442,674.948918173443,0.409662186353686,1.06480868523237,0.284008153034103,0.316648130078301,16.5603786432688,18.0732571693151,0.00192183977963956,0.00183835521183884,4.35270002355304e-07,0.000846287734473323,0.00315933804901421,1.18194938579932e-05,1.13590386263464e-05,1.1844604218356e-11,6.01590308134986e-06,1.85936306166323e-05,-1585.69362848216,0.0734653313773157,0.0577904348076708,1,0.453387245144973
"linear",800,"pg_apf",29,751.763,287.64312279859,743.036741743217,169.021869779528,260.793736099852,11976.228245631,288.779902991244,13464.6563120409,669.634185643172,0.382624740508099,0.988392274883463,0.224833983289318,0.346909512838291,15.9308561948792,17.9107728260648,0.00225952069462395,0.00213159566123475,6.77979322569351e-07,0.000833500354958372,0.00381556514276937,1.26884403920141e-05,1.20792829376699e-05,1.56831073347230e-11,6.38017074669586e-06,2.04734838758053e-05,-1592.42188192721,0.107302667686209,0.0742353610470851,0.9625,0.471049055389511
"linear",800,"pg_apf",2,735.433,326.132884542388,905.739094657352,267.981103354298,389.712463856457,11820.104206114,326.193409316296,12876.3362422205,798.904713004319,0.443456962826509,1.23157254931089,0.364385475433245,0.529908861658991,16.072305983161,17.5085102819978,0.00176900173390235,0.00169430010387311,3.07096532560885e-07,0.000791138571625916,0.00282741876154092,1.15101919751503e-05,1.09850610581882e-05,1.14255682269238e-11,5.82219756303818e-06,1.83722759759108e-05,-1582.14955226098,0.0997008783877679,0.0834823274664513,0.98875,0.448653202489795
"linear",800,"pg_apf",30,732.553,439.5534385367,1132.65905169035,248.031641627361,255.748853520641,11836.3954319089,439.005073823178,12805.1442515204,1021.74230465404,0.600029538527179,1.54618034693783,0.338585251343399,0.349119931964842,16.1577325216181,17.4801608232038,0.00186228599762551,0.00176521545057886,3.81583922260918e-07,0.000823716432899876,0.00306961837038055,1.25148095532669e-05,1.20349282537682e-05,1.42810535787313e-11,5.86570083638848e-06,1.99456441393842e-05,-1574.47866294315,0.114361792734369,0.0878590777399295,0.93875,0.453451879336132
"linear",800,"pg_apf",31,748.73,477.335460257843,1322.17857509852,175.795296620032,184.980104719268,11833.4422730914,478.03640835921,13757.8162748768,1174.7355135922,0.637526825768759,1.76589501569126,0.234791308776237,0.247058492005487,15.8046856317918,18.3748698127186,0.00274082142488161,0.0025702540214827,1.14093570810052e-06,0.000905457909550384,0.00490786155424911,1.36588621200916e-05,1.28163604936108e-05,2.20713137693459e-11,6.05800632563479e-06,2.29807749945499e-05,-1583.81972761528,0.0885583406291313,0.0717013788112298,0.9975,0.486723855560064
"linear",800,"pg_apf",32,729.685,305.6371326228,684.028531029177,253.780003331282,238.561945022607,11774.3644560323,307.822614244419,12642.7370495892,599.957808685702,0.418861745304892,0.937429892390794,0.347793915636586,0.326938261061426,16.1362292715793,17.3262942908093,0.00176575475655772,0.00166633222937371,3.26205601769231e-07,0.000862923740248082,0.00295687175681805,1.18977597285312e-05,1.11379539372567e-05,1.57629777998523e-11,5.75444876811485e-06,1.9245918298456e-05,-1632.99055921666,0.0892437772573987,0.0748702935959454,0.98875,0.451705458144749
"linear",800,"pg_apf",33,731.399,418.917022643784,1110.82149749275,273.174100467466,272.355729255242,11953.9978851424,419.10526629469,12967.6555913314,975.675950911754,0.572761273455096,1.51876266920347,0.373495315781763,0.372376403652783,16.3440172671037,17.7299334444419,0.00181810572183694,0.00171793541331261,3.51641328259027e-07,0.000845534351201867,0.00301065730235651,1.14818803868976e-05,1.09343304380112e-05,1.17960097953678e-11,5.81107478776878e-06,1.85910797053261e-05,-1609.50172576745,0.097930755640918,0.0787707764415983,0.98875,0.449458597763771
"linear",800,"pg_apf",34,734.328,395.823808857425,1002.24623633639,199.867560935672,212.070868888199,12137.6307052265,397.63380799919,13591.1128066605,892.271171073677,0.539028620531186,1.36484818274176,0.272177502336383,0.288795836313199,16.528895405359,18.508231752923,0.00209947912959628,0.00194582045967348,6.20161714806211e-07,0.000815243739288544,0.00367594200654439,1.23550389149078e-05,1.1559023407542e-05,1.59166455407671e-11,5.9653750992757e-06,2.0387356574964e-05,-1615.73162900097,0.0919327939746912,0.0684507581028093,0.98,0.462679510972164
"linear",800,"pg_apf",35,729.603,361.08768718181,882.664068412793,198.768947661156,292.417093699235,12060.8389393473,362.929323523089,13127.3249401447,789.897164071668,0.494909816957729,1.20978678598196,0.272434389196804,0.400789324741311,16.5306871536264,17.9924218241218,0.00191620574550839,0.00180759538985188,4.10637111229777e-07,0.000881030820737194,0.00319767035465033,1.22359193735316e-05,1.15849128407113e-05,1.42585115492905e-11,6.05355781066671e-06,1.99958345665473e-05,-1559.6474079856,0.0935404220610584,0.0727053862888472,0.99625,0.455605712276378
"linear",800,"pg_apf",36,733.883,312.69447976051,1006.19130822176,184.013252650015,340.318531327152,11963.6523376775,313.522478069268,13312.106709825,917.057863465926,0.426082195337009,1.37105139132772,0.250739222260244,0.46372314296305,16.3018523902005,18.1392765738204,0.00211796308852065,0.00196089266927911,6.61311387400767e-07,0.000872995525918211,0.00362989408097988,1.24805895741103e-05,1.17917632306183e-05,1.56850735455415e-11,6.04029648393757e-06,2.04811662612886e-05,-1587.9893349161,0.101909401882238,0.0809774818842697,0.99875,0.466127514026947
"linear",800,"pg_apf",37,735.325,369.042903176472,972.826008069417,126.389222058846,249.098471094842,12118.0650184808,369.908231700708,13360.7664070381,802.023636776884,0.501877269474684,1.32298780548658,0.171882122950867,0.338759692781889,16.4798762703305,18.1698791786462,0.00203380274642037,0.00190889496822094,5.1110399521499e-07,0.000848362279748085,0.00345725602643998,1.24406102126978e-05,1.16989787251277e-05,1.70362643376803e-11,6.10494208499117e-06,2.06549393141846e-05,-1596.37257505393,0.075854703731261,0.0599512307720075,0.99125,0.459121616679746
"linear",800,"pg_apf",38,734.501,409.875820081384,1092.5079580887,120.049395547462,321.271620118941,12029.3319697419,408.813381247412,13366.3524227181,978.579598229474,0.558033032060384,1.48741520854117,0.163443474614006,0.437401201794063,16.3775569668958,18.1978682434988,0.00223260083743313,0.00209698327924469,6.30822070277561e-07,0.000973974144918675,0.00386044969277985,1.29611700040089e-05,1.21612417693383e-05,1.6903129643029e-11,6.35670677227921e-06,2.14424632880015e-05,-1576.84366520722,0.0855621985649948,0.0685172414599578,0.98125,0.468486117111254
"linear",800,"pg_apf",39,735.618,353.815613738589,902.460001083232,230.314700750252,247.106967531799,11895.9223845603,354.737007322935,12903.8209873304,772.655180404211,0.480977373770882,1.22680521831063,0.313090083100538,0.335917510898046,16.1713312949932,17.5414698761183,0.00185215647975714,0.00175062874157459,3.77018771510527e-07,0.000833136751225997,0.00308529036929237,1.24996294653847e-05,1.16711878592771e-05,1.79348878379624e-11,5.56602116403601e-06,2.06684930168995e-05,-1583.58855649618,0.0720653494865848,0.0536424405367788,0.995,0.450343354593582
"linear",800,"pg_apf",3,730.982,438.432574083758,1064.414161091,249.951894072696,294.656486247314,12119.7248311082,440.431097169665,13364.8477155043,956.318609520692,0.599785732184592,1.45614277929005,0.341939875499939,0.403096774267101,16.58005919586,18.2834156183111,0.00192611736745258,0.00181625700291672,4.45263469680327e-07,0.000835036654850417,0.00325625967904242,1.12815604259691e-05,1.06929940138999e-05,1.07143668918243e-11,5.9442922317776e-06,1.79473575303448e-05,-1577.83548151051,0.0940240666347904,0.068026201195851,0.96,0.455161633802004
"linear",800,"pg_apf",40,736.736,461.619156581831,1276.37354211871,214.874809596848,279.637907391919,12081.5691825702,461.181399180859,13469.7731296986,1093.73995242222,0.626573367640283,1.73247071151499,0.291657811749186,0.379563245710701,16.3987767430534,18.2830391479425,0.00207759861722213,0.00194269660445133,6.08392226504702e-07,0.000825358925287109,0.00356564665961646,1.20982317426679e-05,1.1524088632697e-05,1.34240433110172e-11,6.16938915474141e-06,1.92012548074801e-05,-1582.15750231795,0.0840786390537004,0.0602976524573229,0.9775,0.459938688625671
"linear",800,"pg_apf",41,733.987,454.770126625101,1095.13274580455,197.876453331192,250.915319543745,11717.7956992674,455.505735984573,13039.9620598971,974.786258709098,0.619588802833158,1.49203289132444,0.269591223456536,0.341852539001025,15.9645820692565,17.765930540864,0.00202932201381007,0.00187409673472849,5.89109734510318e-07,0.000834483651163774,0.00355794479939301,1.2845101927124e-05,1.20270697344594e-05,1.78959412597777e-11,6.0995859518998e-06,2.17262043432237e-05,-1603.15545884618,0.124981254197188,0.101394854668531,0.965,0.465606176341737
"linear",800,"pg_apf",42,730.992,500.354139893954,1291.66266706285,264.535353395726,290.728412087967,12282.2289812034,504.787284363658,13565.6026460697,1169.21455142301,0.684486478503122,1.76699973058919,0.361885428836055,0.397717638617067,16.8021387117826,18.5577990539838,0.00211154706981364,0.00197798035794317,5.12297254038375e-07,0.000938769169892475,0.00356662129375887,1.25323406545056e-05,1.18627724916349e-05,1.56249695996056e-11,6.20796122007467e-06,2.0420194715902e-05,-1610.53663997531,0.0940890505809628,0.0711374414664335,0.98625,0.461165696812129
"linear",800,"pg_apf",43,731.461,419.098712750457,1089.04830368632,189.809268951659,288.508835970522,11975.3391657621,419.115534587133,13139.8149764706,966.551542090175,0.572961118570173,1.48886721737225,0.259493355013676,0.394428186835008,16.3718081562272,17.96379434648,0.00214518239091515,0.0019918959717625,6.45318611393283e-07,0.000872464971861963,0.00367259053497568,1.25427727811923e-05,1.17698374025517e-05,1.67257127471813e-11,6.0822322268689e-06,2.0890987312116e-05,-1582.34733618134,0.101703148623956,0.080652964384688,0.97,0.464049839315543
"linear",800,"pg_apf",44,733.924,351.345750014046,845.928750691798,177.276335882023,223.080883591904,11979.4188216771,350.846766713064,13178.7194631343,729.806433617751,0.47872225191443,1.15261082985677,0.241545903774808,0.303956381848671,16.3224241497445,17.9565179271073,0.00195218940750177,0.00184180362964,4.34922436815479e-07,0.000843810073922346,0.00332435586529984,1.20294411115116e-05,1.13879865727482e-05,1.46397187367221e-11,5.97262683359982e-06,1.91995758720834e-05,-1590.12052345089,0.10242021868561,0.0829403811731922,1,0.460410169452755
"linear",800,"pg_apf",45,737.7,345.581190458104,868.38230802502,230.993915562889,363.283225812521,11902.8449230134,344.830409890852,12922.1703360266,754.603497803766,0.468457625671823,1.17714830964487,0.313127173055293,0.49245387801616,16.1350751294746,17.5168365677465,0.00191412534863737,0.00181714450392723,4.15269018463562e-07,0.000795088895592183,0.00319240585816633,1.23460511295931e-05,1.17456275073445e-05,1.3838547823096e-11,6.46381396798782e-06,1.99057016031001e-05,-1598.01074519515,0.0886693241673017,0.0733904809043881,1,0.454425211370839
"linear",800,"pg_apf",46,730.869,465.273518157886,1219.35085238367,232.752069109357,294.859352859366,11925.8320453771,466.072564903906,13028.8463145162,1103.63379057054,0.636603164394558,1.66835760222923,0.318459353330565,0.403436666296377,16.3173318958351,17.8265138000328,0.00183820522776971,0.00173396262651825,3.66699968853329e-07,0.000844780936231895,0.0030232077090939,1.17335857011032e-05,1.08746849529768e-05,1.59109451671658e-11,5.71688802720898e-06,1.992264632274e-05,-1608.76292713385,0.0709348338166585,0.0553559150095045,1,0.44885555919062
"linear",800,"pg_apf",47,732.249,429.780225524739,1069.54477371131,221.417170876805,220.841082059817,11989.7647790784,431.739128093347,13268.1648178139,946.647631072261,0.586931802603676,1.46062988643386,0.302379615235808,0.301592876275443,16.3738902737708,18.1197445374646,0.00207908102536265,0.00194442567053042,5.62953958650479e-07,0.000848484113879428,0.00355070133027141,1.24294891314041e-05,1.16413790750151e-05,1.78756396911472e-11,5.88323930553228e-06,2.07730318903337e-05,-1626.11719801789,0.0952298825814444,0.0724575268548806,0.99875,0.459760013587014
"linear",800,"pg_apf",48,729.86,392.22862496392,1072.36001551683,240.22743179786,356.842528996823,12198.0831024859,391.141671747597,13396.01291984,949.9597051624,0.537402549754639,1.46926810006965,0.329141796780012,0.488919147503388,16.7129080953688,18.3542226178171,0.00193781605587037,0.0018082138981404,4.9611052581524e-07,0.000828313334096755,0.00335357279141826,1.1670471759257e-05,1.1186446044898e-05,1.10522745730365e-11,5.93063079697956e-06,1.82449504324793e-05,-1571.03700715319,0.0701514188666477,0.0551506823205582,1,0.454708965626239
"linear",800,"pg_apf",49,730.085,357.112848990377,1045.66601485335,226.124083162021,233.467764337888,12210.8046579439,356.441445702683,13403.7666439127,834.458896848212,0.489138729038916,1.43225242931076,0.30972295439849,0.319781620411169,16.7251822156926,18.359186456252,0.00204346249547005,0.00190577574444538,5.16320805846308e-07,0.000887017764796896,0.0034783751375722,1.22555226857986e-05,1.15923533147597e-05,1.4640485045978e-11,5.94728072453415e-06,2.00794488300083e-05,-1616.74202438752,0.0922740921853779,0.0739459282923872,0.98375,0.460929277104165
"linear",800,"pg_apf",4,741.756,417.801906889947,970.62500412688,203.562443729831,268.6879523531,12237.2655937753,419.905869935742,13685.6631166298,855.97048323284,0.563260569365057,1.30855025658961,0.274433160944881,0.362232260140936,16.4976968083511,18.4503571479433,0.00208567286773387,0.00196170408742814,5.20267552474501e-07,0.000882250093260358,0.00352424619081752,1.19540325125315e-05,1.13677672647716e-05,1.36004400632227e-11,5.9049752423964e-06,1.92392529130337e-05,-1623.62890721247,0.0827799640059059,0.0641899892238006,0.98375,0.458807879615102
"linear",800,"pg_apf",50,732.114,267.136011987098,677.271679660474,232.313708843982,327.825636873512,11942.1290861545,269.148583371676,13038.6402468407,597.078194004793,0.364883081032595,0.925090463589651,0.317319036166474,0.447779494550728,16.3118436283891,17.8095764414295,0.00174918887265783,0.00166204506968748,3.46774122569019e-07,0.000790919257374177,0.00289924708089876,1.13550685404639e-05,1.07176899920604e-05,1.15292088771727e-11,5.60940694483345e-06,1.83428631259753e-05,-1581.17625488487,0.0623016610054788,0.051215887381918,1,0.446350041165823
"linear",800,"pg_apf",51,737.212,486.600432911568,1378.35500881524,233.786747345411,178.958609294222,11995.6924577384,488.152392691074,13165.7889137818,1222.54191488783,0.660054954221538,1.86968607241233,0.317122818599549,0.242750537558019,16.2716999421312,17.8588912195974,0.00220050502565358,0.00206657133189358,5.93116158385194e-07,0.000953108673233145,0.00380388566852768,1.26306957000991e-05,1.17810080562154e-05,1.95705460336726e-11,5.94265734126921e-06,2.14915001795351e-05,-1573.49015220503,0.0931718032362133,0.073111499859076,0.99,0.470727296284968
"linear",800,"pg_apf",52,729.562,329.0650961096,785.153866131144,187.113940892629,371.858535107165,12067.239453111,329.968348208353,13214.7229939791,689.678408583697,0.451044731098385,1.07619896065193,0.256474351587157,0.509701074215988,16.5403892378043,18.1132282026464,0.00202627740975887,0.00190713627480764,4.79263534312255e-07,0.000880928819903325,0.00338235051592562,1.2278218919877e-05,1.17234012030737e-05,1.31076791944523e-11,6.20521459572902e-06,1.95922234295242e-05,-1566.53293249066,0.122438774955137,0.094619117784755,0.97625,0.464909166236716
"linear",800,"pg_apf",53,736.909,401.107146302098,1089.41298536011,178.641107986509,238.353235664799,12218.971257063,402.858826448052,13513.1613612439,994.292745682574,0.544310282955016,1.47835483806021,0.242419495468923,0.323450026617668,16.5813842103475,18.3376256243904,0.00226083715884043,0.00212983072282626,6.40838868349258e-07,0.000971703323484328,0.00388080209126749,1.22719444946765e-05,1.16242610459005e-05,1.48608118584619e-11,5.85972946023468e-06,1.99917939293219e-05,-1632.21884262554,0.0884512212985088,0.0712568853177113,0.98875,0.465769045640856
"linear",800,"pg_apf",54,731.421,467.539621080183,1210.83507376619,230.338058903146,291.996715226065,12274.9829032754,469.463658278248,13448.7088932869,1033.66447669665,0.639220942631102,1.65545571396801,0.314918574805954,0.399218391632267,16.7823769118954,18.3870970252247,0.00226805206821432,0.00210970128691521,6.73047534785357e-07,0.000980184289004345,0.00391309138569101,1.21931809091147e-05,1.14952364819236e-05,1.57247429811563e-11,5.99018043704494e-06,2.00536413929949e-05,-1598.76397780934,0.0869237766707123,0.0721343183915659,1,0.47228828270104
"linear",800,"pg_apf",55,730.429,359.127553211638,1065.59305614144,234.913537907114,317.805027824036,12049.2286892498,354.065183644476,13377.5635465852,888.76290651493,0.491666614019485,1.458859185686,0.32161036583585,0.435093661155343,16.4960984424903,18.3146665132206,0.00182281660226866,0.00174295581632478,3.65941252234755e-07,0.000770403716224937,0.00296450997247949,1.11341244946635e-05,1.05069044753846e-05,1.15706131718588e-11,5.45850211260356e-06,1.79783278312482e-05,-1613.43489487614,0.0648799911975412,0.0518279871289432,1,0.450464162663927
"linear",800,"pg_apf",56,730.11,338.299279675639,915.853443761437,275.922636555863,314.881723010333,11962.2602160028,335.498568625121,12984.1873004585,719.357683305265,0.463353850345344,1.25440473868518,0.377919267721114,0.431279838668601,16.3841889797467,17.7838781833675,0.00181266803064817,0.00171010187476444,3.63678926103331e-07,0.000819624999369425,0.00298911248251408,1.19881696572354e-05,1.13459667960954e-05,1.48069382656844e-11,5.52632210637312e-06,1.9665491501058e-05,-1607.46769652276,0.0948818564851622,0.0776918337365003,0.9875,0.446981974219283
"linear",800,"pg_apf",57,730.205,401.312786748185,970.149980733647,309.148597716947,302.881851941566,12002.7189684269,402.783361626432,13139.5817513867,864.769594753587,0.549589206795606,1.32859947649447,0.423372337517474,0.414790164325862,16.4374647782841,17.994373842122,0.00178628455478733,0.0017043548946812,3.16657356906577e-07,0.000834443265517597,0.00287081657688568,1.17643929220453e-05,1.11333651681794e-05,1.39790515390509e-11,5.73307545994179e-06,1.91468970032736e-05,-1603.10879867577,0.0922759127806231,0.0758934472449852,1,0.446178861717642
"linear",800,"pg_apf",58,730.228,256.611782373542,676.420446126583,192.373802931436,248.943525889791,11994.4690143912,252.267751257341,13049.3265623098,607.60231670769,0.351413233090955,0.926314036337395,0.263443476464113,0.340912051975261,16.4256492689833,17.8702084312157,0.00190999040277942,0.00181564405360033,3.98579125861107e-07,0.000805451160981541,0.00312653089684075,1.19359021760034e-05,1.1246194002679e-05,1.4500147015793e-11,5.59651834808581e-06,1.93465124073551e-05,-1577.88646687982,0.0916273938186494,0.0711183798838465,1,0.457315998109623
"linear",800,"pg_apf",59,734.398,367.008509885368,897.172229749843,248.710641106382,319.989789378684,12083.4026047209,367.563327009836,13416.9003341026,783.592562109861,0.499740617329252,1.22164307330609,0.338659202648131,0.435717130736582,16.4534797272336,18.2692495541962,0.0020133001127698,0.00187663445486534,5.08740791405381e-07,0.000890874390158317,0.00347727268239045,1.17453910444711e-05,1.10022837930437e-05,1.34281755289574e-11,5.64202233097585e-06,1.89949102572191e-05,-1593.77487745747,0.087141764178968,0.0658285094708003,0.98375,0.460838380447037
"linear",800,"pg_apf",5,735.921,429.117274280389,1123.07843464655,216.54079354607,197.870024702643,11979.4458743506,429.476100151711,13686.5061687263,1011.63474300194,0.5831023632705,1.52608559158734,0.294244618031107,0.268874002376129,16.2781682739732,18.5977926553615,0.00222535396924192,0.00206120225757807,7.21267547643364e-07,0.000932754679033091,0.00405687048976478,1.20991886502553e-05,1.14707928767403e-05,1.36600298439141e-11,6.12465224600308e-06,1.91693964772164e-05,-1574.3723733066,0.0857038679535141,0.0660697915134894,0.9775,0.466858583518349
"linear",800,"pg_apf",60,732.048,309.107815523108,943.154324456132,275.83863943003,274.374211797759,11908.0086350004,307.342197066294,12912.0280556432,733.970114263741,0.422250747933343,1.28837770809582,0.37680403392951,0.374803580909666,16.2667046901301,17.6382259846939,0.00173110395394433,0.00162501087867739,3.02391921689892e-07,0.000868885929075427,0.00288173469553285,1.14936577415408e-05,1.08987383412373e-05,1.21128076711284e-11,5.75266574301548e-06,1.83747935065624e-05,-1564.5160002999,0.0800931584119431,0.064725787838499,1,0.447990728065045
"linear",800,"pg_apf",61,733.018,339.154229028343,965.019632476655,192.84461508404,318.09802439231,12365.494231851,336.652403104573,13273.8546746495,814.97157524966,0.462681992841025,1.31650195831024,0.263083055373866,0.433956634615125,16.8692913841829,18.1084975739333,0.00208795037524604,0.00196349424471851,5.62641501482556e-07,0.00088836676507494,0.00360701546250109,1.19108870404421e-05,1.14091443415207e-05,1.27853941071989e-11,5.67200663895877e-06,1.86530965832913e-05,-1631.60593704777,0.108452005230688,0.0827705333443386,0.96375,0.458558411217995
"linear",800,"pg_apf",62,736.478,419.789170945871,1072.47022909217,297.524595033603,310.119829941755,12169.0497630678,423.256641398643,13398.4281804544,949.196216653924,0.569995534076878,1.45621488909672,0.403983004290152,0.421084988202981,16.5233038367308,18.1925708309744,0.00198039703914755,0.00186235189026553,4.38283945747993e-07,0.000917837294213428,0.00331924735218936,1.16736439733568e-05,1.11721779729508e-05,1.19387694228778e-11,5.91921339784121e-06,1.83463657124384e-05,-1607.41381717095,0.0913707962315622,0.0754716262497132,0.99625,0.452806475445803
"linear",800,"pg_apf",63,733.698,305.016649302533,817.442296374568,205.562443584149,198.278153144231,11863.0995801958,304.105340471799,13378.0117553509,715.916414948279,0.415725065766204,1.1141400090699,0.280173100627436,0.270244914316559,16.1689136132247,18.2336761928626,0.00254042033042672,0.00233147166392758,1.01378374218726e-06,0.00102188229471935,0.00460634202008965,1.35244999704615e-05,1.24659185188526e-05,2.49408069361701e-11,6.1765978033987e-06,2.25969814223722e-05,-1597.10323585228,0.105026416761811,0.0880697172782311,0.9975,0.48226175421648
"linear",800,"pg_apf",64,733.337,488.13843866904,1203.34366519785,176.718496832526,206.294614122824,11986.3874428571,489.400819033823,13502.6191085625,1079.50811878896,0.665639997257795,1.64091497524037,0.240978563515173,0.28130943089306,16.3449920607539,18.4125703579153,0.00211584049549546,0.00198728167066407,5.78345974052156e-07,0.000930976708176918,0.00368856248068599,1.22496351113649e-05,1.17543971408607e-05,1.3750523353393e-11,5.99482162148306e-06,1.92470158668209e-05,-1595.85119940059,0.0869530830732822,0.0671680120282696,0.99,0.463703100455964
"linear",800,"pg_apf",65,730.471,360.406678197764,940.515399250549,246.093104576994,266.266548247024,11857.5084387741,359.537859037374,12906.0688529775,836.337880070382,0.493389440782405,1.28754652717295,0.336896474434979,0.36451351011474,16.2326888251198,17.6681467888219,0.00177136426301223,0.00169223381034248,3.61649801025364e-07,0.000724703121117463,0.00292467841988558,1.16545620753909e-05,1.10343516525125e-05,1.27174225273677e-11,5.82345074729887e-06,1.88875582205944e-05,-1585.36359946151,0.0813281490744791,0.0645322799276466,0.995,0.447761238403329
"linear",800,"pg_apf",66,735.053,396.018884645774,982.450696178195,232.806671293665,200.547945886835,11812.6872911158,394.491019896644,12796.1456602947,859.01206108978,0.538762354069399,1.33657123524181,0.316720932087435,0.27283467435251,16.070524562332,17.4084666823953,0.00188876471286109,0.00176820070386589,4.83565929726754e-07,0.000781218174291078,0.00325058099309997,1.24367626959065e-05,1.15520202216198e-05,1.92141427728285e-11,5.87258054956635e-06,2.03935015775959e-05,-1606.8142027693,0.0885470205402792,0.0689918287930399,1,0.454028035386392
"linear",800,"pg_apf",67,729.932,215.304730553168,558.952809149142,154.200054229498,229.011993995958,11844.8962599832,215.752715310633,12707.5818917148,503.956092261579,0.294965463294071,0.765760110735168,0.211252629326428,0.313744285763548,16.2273968807823,17.4092681122554,0.00172116154997682,0.00160910179913612,3.70335861941733e-07,0.000736995548044189,0.00292202535887538,1.17729744474845e-05,1.11165104497165e-05,1.34926832036209e-11,5.73224870534473e-06,1.90636174696351e-05,-1590.52945422883,0.0886955194593117,0.0678830896466873,0.99625,0.444684501079667
"linear",800,"pg_apf",68,733.847,501.711743874935,1345.57673533841,204.488245079675,274.792479443452,12219.7045617263,500.985174642669,14187.9819562053,1249.11295487257,0.683673495803532,1.83359301780673,0.278652423570138,0.374454728905959,16.6515698254899,19.333705740032,0.0023906971170098,0.00222656283162729,7.85063475746158e-07,0.0009615245144753,0.00411950816022784,1.23401842610963e-05,1.17582131613437e-05,1.38769213171616e-11,6.28683780321616e-06,1.99767445846473e-05,-1581.34343421863,0.0934789561055586,0.0706432293406567,0.98625,0.475982465500701
"linear",800,"pg_apf",69,748.51,519.021377861166,1363.9262531128,197.666899617295,218.907432340333,11967.1979982839,519.315839560297,13449.5054407784,1226.04952507593,0.693406070541698,1.8221884184751,0.264080506095169,0.292457592203622,15.9880268777757,17.9683710849265,0.00200321529459844,0.00187803212144038,5.44212163069532e-07,0.000765313147252376,0.00341311530137034,1.18360396869919e-05,1.1096985060815e-05,1.4333570839103e-11,5.81490872940428e-06,1.92209713648734e-05,-1612.09421352241,0.0855705123994066,0.0681312691689657,1,0.456757902681043
"linear",800,"pg_apf",6,734.286,358.650336758285,838.988139405268,203.419301174047,311.103598327673,12094.1188486755,359.10902726661,13671.9152862651,752.083216386747,0.488434120708123,1.14259040674242,0.277030068902372,0.42368177839108,16.4705834629497,18.6193326391422,0.0021630254061792,0.00203792079081341,6.1209193018633e-07,0.000812326236110739,0.00364936166691792,1.18851859975961e-05,1.13057291900161e-05,1.27652368223549e-11,5.93612673730488e-06,1.89827352111477e-05,-1574.51301984934,0.100113160688972,0.081305331834566,0.97875,0.466457214904816
"linear",800,"pg_apf",70,731.129,317.365422707743,875.126539888244,213.81454137975,303.461535296954,11923.404268653,321.932829479772,12753.0837705624,762.626150714676,0.434075823428893,1.19695230238199,0.292444344814321,0.415058813556778,16.3082086316546,17.4430008528761,0.00191265316975759,0.00181253161135589,3.70602946391535e-07,0.00088504799149619,0.00316058100288022,1.2546403519928e-05,1.18698887477196e-05,1.56418611869467e-11,6.0985544090837e-06,2.04375383450759e-05,-1581.35997201595,0.078204080026559,0.0613371354858892,1,0.456037657424086
"linear",800,"pg_apf",71,736.362,471.175543830854,1324.05652411873,196.339692470503,319.85942202055,11982.2087004173,472.877071947784,13103.0903291121,1135.7021413312,0.639869444418443,1.7981054482968,0.266634742790235,0.434377958151764,16.2721714325526,17.7943597430505,0.00204539926253036,0.0019190831309082,5.1061857887215e-07,0.00090691588939057,0.00343597637422665,1.25403464572557e-05,1.18847226315261e-05,1.58907119368193e-11,6.22359672534631e-06,2.02198535807368e-05,-1559.5761668878,0.0855347427183986,0.0672178090562425,0.99,0.460219058191013
"linear",800,"pg_apf",72,731.675,394.732408717996,1012.59853016545,243.175925484939,365.225190062066,12307.9339596116,402.162512938754,13673.5450156805,926.795739077563,0.539491452787092,1.38394578216482,0.332355110513464,0.499163139456816,16.821586031519,18.6880035749212,0.00203454840405019,0.0019055089962693,5.7113509997619e-07,0.000845322082989908,0.00350814776967103,1.15063510519563e-05,1.11174574234839e-05,1.02631296840229e-11,6.02887721697542e-06,1.78793922257525e-05,-1606.79354827252,0.0993257414987381,0.0733120252540976,0.96,0.453068663988732
"linear",800,"pg_apf",73,732.623,363.509866122532,1022.5304286545,182.096281163902,243.319958102432,12146.5327113519,364.062488812212,13392.0232940541,930.756836390207,0.496175885991202,1.39571161245894,0.248553868993878,0.33212164797233,16.5795132166911,18.2795561892735,0.00214895882503367,0.00200412845314961,5.7945623252262e-07,0.0009046862175369,0.00367986447851213,1.28411562255043e-05,1.20262076295387e-05,1.94268422537153e-11,5.66061695474951e-06,2.1413828082033e-05,-1614.3339669936,0.08833490887279,0.0753855282056977,1,0.464817296674347
"linear",800,"pg_apf",74,731.977,466.462756726289,1180.75313768348,203.672357279621,234.761912232302,12036.3195387499,469.449116169149,13469.3327827625,1075.66417690372,0.637264226507512,1.61310141942094,0.278249668062823,0.320723072217163,16.443576148909,18.4013060284169,0.00205664295011704,0.00193265137258457,5.61390550446308e-07,0.000838611695599985,0.0035009352636194,1.19619217574394e-05,1.14092619864969e-05,1.3899726220073e-11,5.53277632697356e-06,1.91787117878443e-05,-1570.38995873627,0.0947809298330201,0.0789371951202243,1,0.45939310197811
"linear",800,"pg_apf",75,735.645,450.725138419527,1228.80750298128,189.729208679179,189.435911151743,12126.3467949882,453.739604213664,13670.0953279173,1083.77051148561,0.61269381076406,1.67038109819449,0.257908649796001,0.257509955415646,16.4839654928508,18.5824620950557,0.00227259406595559,0.00213872147612284,6.59262432672568e-07,0.000955569917830181,0.00393937755517879,1.24839107611575e-05,1.1730264085498e-05,1.62024457463515e-11,5.99795970561292e-06,2.04113653663423e-05,-1615.51739082229,0.0836398490341228,0.0694082135446997,1,0.466128006627038
"linear",800,"pg_apf",76,733.517,422.714365555194,1130.03208013254,223.136874567021,212.7691940983,12282.9624112398,428.495233270062,13738.2301952213,1020.03993642169,0.57628434726829,1.54056699453801,0.304201367612504,0.290067161494961,16.7453002605799,18.7292594380517,0.00215221134495261,0.00204108093477203,5.30434618378528e-07,0.000906950880052302,0.00355417961082649,1.23862199138347e-05,1.16783795015077e-05,1.65319358537233e-11,5.64606312920769e-06,2.01801099827464e-05,-1597.6983433906,0.0854090149312223,0.0708614244903016,1,0.461347214464581
"linear",800,"pg_apf",77,735.823,382.676541581738,960.687495594792,255.883878825198,219.087379549581,12053.4833444909,383.132555133795,13327.4495102016,840.301088917512,0.520066023461808,1.30559590498638,0.347751944183856,0.297744674398029,16.3809548552993,18.112303516201,0.00201175286668775,0.00186888510442004,5.13838213669502e-07,0.000901335086244219,0.00351586774092271,1.20701511915764e-05,1.12746309052819e-05,2.02551823890553e-11,5.29141770495155e-06,1.96103514398701e-05,-1576.29222417579,0.077195738455241,0.0616785306046746,1,0.460948005514023
"linear",800,"pg_apf",78,731.378,396.507070015216,1232.9936088289,234.126767574021,218.842486742856,12078.8162305821,398.477056446835,13551.1214240978,1047.14601475881,0.542136993476993,1.68585001029414,0.320117323154403,0.299219400560115,16.5151484329335,18.5282048736738,0.00212714097829752,0.00200618084081719,6.4097629998103e-07,0.000901859362640717,0.00370023526926589,1.2096229164179e-05,1.1382283332529e-05,1.53055249927976e-11,6.01754551872069e-06,1.97136595149813e-05,-1615.265842369,0.0814555773518722,0.0617949594380327,1,0.461864528486327
"linear",800,"pg_apf",79,729.595,353.479857711394,848.645425123533,178.159435138636,258.88902321981,11713.7128093,356.930458965467,12651.8534363087,766.357691720567,0.484487774328763,1.16317330179556,0.244189495732065,0.35483936049426,16.0550892060664,17.3409267282652,0.00179104612530365,0.00167972407157651,3.71949484166846e-07,0.000810413774486583,0.00298931432383167,1.1887856598837e-05,1.11979111651658e-05,1.52477760909712e-11,5.88949611837532e-06,1.97978846530647e-05,-1589.81710046296,0.102450698864562,0.0823460679083846,0.9625,0.450560261018054
"linear",800,"pg_apf",7,732.844,289.067257163041,761.693339628043,228.230612875019,227.610852792892,11781.2815826365,289.127970132044,12775.6184034556,699.381187559463,0.394445826346454,1.03936627662646,0.311431372672792,0.310585680981071,16.0761111268381,17.4329303418675,0.00171443161611729,0.00161157335812292,3.25074950796034e-07,0.000811210070352913,0.00283503940542807,1.13962278679136e-05,1.08205705195899e-05,1.23285593630923e-11,5.84448104993915e-06,1.84703820521259e-05,-1573.24170671467,0.0902086121719068,0.0731157265888887,0.99375,0.452012074747728
"linear",800,"pg_apf",80,731.824,507.439901695229,1305.92451710297,151.396915687638,216.769856943778,11705.3474535754,506.582026038353,13374.2898237038,1123.18008308274,0.693390626291607,1.78447894179881,0.206876128259853,0.296204903014629,15.9947575558815,18.2752817941252,0.00222656376186574,0.00206223180806519,7.87529131730806e-07,0.000814875885761088,0.00405768179156987,1.26060167532974e-05,1.19377772125689e-05,1.65742737266327e-11,5.95964319154781e-06,2.07347696776321e-05,-1577.5728433223,0.103702330342531,0.0823700763189187,0.9775,0.47046985719551
"linear",800,"pg_apf",81,738.031,369.704365874838,965.215783465503,179.558427459147,242.968979473557,11875.1455054995,371.656395342231,12796.1718914454,848.945955223675,0.50093338338747,1.30782552963968,0.243293882586433,0.329212430742824,16.0903071896702,17.3382580019612,0.00191455466043503,0.00180694968503964,4.66215677720577e-07,0.000816113785301475,0.0032299234325468,1.20914555424865e-05,1.15046517319289e-05,1.49910124485586e-11,5.65189592808582e-06,1.96204060687091e-05,-1596.43821392924,0.102283619302413,0.0806995229596194,0.96375,0.457028318073776
"linear",800,"pg_apf",82,731.96,285.8005728556,713.255327883405,187.250277124559,342.252499117201,12276.0558251799,286.644549365757,13706.1602124206,594.160189060227,0.390459277632112,0.974445772833768,0.255820368769548,0.467583609920215,16.7714845417507,18.7252858249367,0.00227021794063704,0.00213614032270146,6.93248572546725e-07,0.000868172980139084,0.00385717760212502,1.25724511280208e-05,1.18595388600023e-05,1.44672050964754e-11,6.52139881596937e-06,2.04261797047004e-05,-1599.71777306744,0.114943324980122,0.0865148904169018,0.96,0.468830059110603
"linear",800,"pg_apf",83,729.841,381.975888857805,876.342546873163,231.272560066799,230.1912204276,11846.2888427872,382.122089472504,12900.0992766932,773.403567763189,0.523368636261603,1.20073077132302,0.316880745349739,0.315399135465944,16.2313282520265,17.6752186800867,0.00172165158202909,0.00160948476721187,3.46405794331741e-07,0.000812714311661528,0.00291715740624448,1.15726945569294e-05,1.09630776782886e-05,1.17340904141905e-11,6.0896593542156e-06,1.84658844703918e-05,-1589.36669311403,0.0735556688773881,0.0563101733851964,1,0.445248762116251
"linear",800,"pg_apf",84,737.95,467.24966681486,1176.61810157793,221.427088241488,269.578961644875,11971.4024835529,468.666278594372,13242.6907638469,1082.90147614192,0.633172527698163,1.59444149546437,0.30005703400161,0.365307895717698,16.2225116654961,17.9452412275179,0.00190877992230984,0.00182901642361333,3.83731633346374e-07,0.000860187693539653,0.00309601298114891,1.22338039920167e-05,1.15009047394331e-05,1.50223615751108e-11,6.40141265913219e-06,2.00982285998915e-05,-1611.31433046906,0.116056841342344,0.0891725214090867,0.96125,0.45419764561883
"linear",800,"pg_apf",85,739.771,324.590192054908,766.326864940768,210.693425949291,203.793808384329,12235.1124852686,324.935300650256,13405.085135067,667.175341402354,0.438771176559919,1.03589741276796,0.284808982711259,0.275482288957433,16.5390539576012,18.1205874994654,0.00187986563301496,0.00179444284891668,3.65342493704363e-07,0.000860037875444716,0.00308727154090927,1.15033690906017e-05,1.08549365100387e-05,1.33225201661936e-11,5.59890640981461e-06,1.8501280633205e-05,-1609.91833034706,0.0702949950053533,0.0572897517142768,1,0.448221523173296
"linear",800,"pg_apf",86,735.832,261.413987753711,643.829391427674,243.803623823637,256.847494351218,11704.2802290014,259.23505826777,12966.4407620715,558.359424238224,0.355263141251959,0.874967915811862,0.33133055347367,0.349057249958167,15.9061854186844,17.6214689794294,0.00174212762721895,0.0016207075610231,3.70573983698214e-07,0.000779451237718316,0.00295423945422277,1.1512197836186e-05,1.09829722428547e-05,1.18677297762958e-11,5.86383899355127e-06,1.84550406965241e-05,-1605.10549685606,0.081081374774161,0.0565017207578003,0.98625,0.447532730004203
"linear",800,"pg_apf",87,732.639,259.03092557471,688.100995910795,226.469881579196,262.355700119045,11967.2799939944,259.597435675982,13190.8963096778,587.000381042957,0.35355874526842,0.939208799846576,0.309115241720951,0.358096825474817,16.3344839600327,18.004632990706,0.00198075890388225,0.00184206457335046,5.59137520494129e-07,0.000795418827797059,0.00334920173206281,1.21444686626571e-05,1.14476384981144e-05,1.4321479133678e-11,6.08660724914992e-06,1.95290552042735e-05,-1585.53260225456,0.0868199366196296,0.0680271920891727,0.9725,0.455366062156982
"linear",800,"pg_apf",88,732.292,319.625723225117,873.014680377735,247.997461295155,273.886701053249,12121.0304087615,316.765889718909,13215.6181341031,752.306344806913,0.436473050675301,1.19216744191898,0.338659252450053,0.374012963480755,16.5521819284678,18.0469240877998,0.00210260030419658,0.00196516127240153,5.35334718069693e-07,0.000909706817143116,0.00358151056160766,1.24035593994887e-05,1.16047520600727e-05,1.82836853511067e-11,5.64800723737975e-06,2.06571070781081e-05,-1610.06335781597,0.102506015964157,0.0845846454153844,0.98875,0.462327983413207
"linear",800,"pg_apf",89,733.234,322.841796851242,868.355307971703,143.862675181703,209.674834422995,11963.4921182215,326.123509616789,13159.2725257723,760.627791198435,0.440298454315051,1.1842812907908,0.196202951829434,0.285958963200008,16.3160629733775,17.9468935234485,0.00185060323534543,0.00175127826687866,4.09328330893375e-07,0.000802315571879578,0.00311102804510747,1.2050701518981e-05,1.14062011484081e-05,1.38085748329549e-11,6.09285229070111e-06,1.94363310784003e-05,-1625.03297747007,0.101899124847107,0.0724157760847379,0.9525,0.448078969083411
"linear",800,"pg_apf",8,758.315,504.239241761051,1364.30454483567,223.351160029884,269.328598857493,12170.7631719536,507.181737580611,13476.4595860685,1210.49537212822,0.664946943896733,1.79912641163062,0.294536122890731,0.355167178359248,16.0497460447882,17.7715851408301,0.00249705431652667,0.00232209878195703,9.05232199474915e-07,0.000982186395840146,0.00432757749589262,1.31174630733357e-05,1.24219733376105e-05,1.81543609886346e-11,6.19642205347745e-06,2.19328915964968e-05,-1574.32957709392,0.102435565401789,0.0846721742812553,0.98625,0.479187067634255
"linear",800,"pg_apf",90,735.335,330.684023185856,921.530950752086,266.633101492158,352.680679430366,11948.6639950921,333.183153111367,13095.0552978467,823.625545112788,0.449705267919867,1.2532124144126,0.362600857421663,0.479619057205717,16.249279573381,17.8082850644219,0.00169688926895421,0.0015886075629019,3.15676936959979e-07,0.000798479675768191,0.00282561886420795,1.11217166565968e-05,1.05995568274459e-05,1.09862909715264e-11,5.70087281429269e-06,1.76385094567849e-05,-1598.07144641074,0.068631477666141,0.0534795767601428,1,0.441594496746837
"linear",800,"pg_apf",91,732.47,386.187285820803,1025.3808646708,186.5467898475,289.23571652062,11848.1019941417,386.991407912039,13046.4919085715,903.562345126766,0.527239731075407,1.39989469148334,0.254681816111923,0.394877218890358,16.1755457481422,17.8116399423478,0.00178745618228786,0.00167611620433181,3.74120554984025e-07,0.000813981833586702,0.00304420682329209,1.19317000459913e-05,1.13447810414452e-05,1.37368390092773e-11,5.62666263607253e-06,1.92037921824145e-05,-1577.24935339571,0.0915370500466652,0.0752321444696464,0.99625,0.445148263332965
"linear",800,"pg_apf",92,730.745,427.847069142817,1125.67868506351,179.694947334809,236.306713606716,12230.1488105206,420.233061408856,13769.4762456663,993.515764799753,0.585494350481792,1.54045348933419,0.245906502726407,0.323377804304807,16.7365480578321,18.8430659746783,0.00210372059589442,0.00197088631413608,5.55736017388774e-07,0.00091230416545561,0.00359766055911734,1.20228082571448e-05,1.13278895182801e-05,1.52205217568716e-11,5.79998181703516e-06,1.96449730763382e-05,-1590.032552275,0.0890613843865756,0.0708074510893537,1,0.458916713922343
"linear",800,"pg_apf",93,739.316,405.557887224798,1092.7803831165,191.513137800136,223.875651194846,12179.5061063302,407.568999883151,13221.347364276,975.287938502147,0.548558244681297,1.47809648799227,0.25904097544235,0.302814562642829,16.4740193724067,17.8832155185009,0.00204349700088717,0.00192137922982734,4.63998926429899e-07,0.000968651325356359,0.00339367107857515,1.2220322431527e-05,1.14618930156864e-05,1.64450616973855e-11,5.7702267660374e-06,2.0617184374966e-05,-1576.54188246633,0.0988592690571742,0.0777455224558561,0.99625,0.463895574333632
"linear",800,"pg_apf",94,732.399,350.190634297847,1030.44979289514,181.955488772563,279.799931906228,12025.4975428528,348.928148059433,13487.1812884896,891.007768491742,0.47814187935517,1.40695139247206,0.248437653208924,0.382032105322684,16.4193254535476,18.4150733254546,0.00217276827308937,0.00202308504381212,6.86626105500195e-07,0.00086445892786729,0.00377751616611038,1.20535485140225e-05,1.14707664147995e-05,1.25474721298455e-11,5.92619527426534e-06,1.87061767038297e-05,-1659.95141284928,0.0797187326886587,0.0651460134926001,1,0.460431536234365
"linear",800,"pg_apf",95,729.784,375.407534612599,1006.44176701999,244.026110344113,337.059158935271,11851.1028740104,373.853741380024,13064.8983537814,878.307429365394,0.514409105451201,1.37909541319074,0.33438128315243,0.461861535653387,16.2391925199928,17.9024181864516,0.00179900627879992,0.00168690739360231,3.63542212010365e-07,0.000803461600719021,0.00301105849501634,1.12105428065004e-05,1.07254970872697e-05,1.13579706450288e-11,5.68446780464251e-06,1.79284438823357e-05,-1574.84662933231,0.0854401565929207,0.0658353168777477,0.995,0.452189214639191
"linear",800,"pg_apf",96,731.154,370.292105643429,933.202237214323,268.136875074724,274.621897822248,11846.8523711515,368.829116133084,12836.7050477472,816.284317096325,0.506448854336336,1.27634156034751,0.366731051289775,0.375600622881428,16.2029509120535,17.5567733305805,0.00188830282213741,0.00176939659544587,4.34171449314386e-07,0.000833799006739119,0.00321728164795724,1.28826945614128e-05,1.20948062720437e-05,1.99171738540978e-11,5.71251444747917e-06,2.15649169374765e-05,-1583.73365174462,0.0932245606942834,0.0738718139402615,0.98125,0.45325879918544
"linear",800,"pg_apf",97,729.991,454.43373651496,1257.80008590544,221.006535326503,240.875821779493,11997.0371710738,452.582864982135,13219.5301428429,1141.81032177023,0.622519642728417,1.72303505920682,0.302752411093428,0.329970947284957,16.4345001117463,18.109168664878,0.00184833915773626,0.00173045822827849,3.9636767823926e-07,0.000844391293811985,0.00317021134204263,1.13373578775564e-05,1.06838939171632e-05,1.36878957184348e-11,5.54498616293616e-06,1.86481448686184e-05,-1593.86322377546,0.085488745418002,0.0703483374751812,0.99,0.451209608230951
"linear",800,"pg_apf",98,731.475,340.247795561877,910.8382441755,259.342308529463,312.60074469866,12032.0119569082,338.322853833191,13324.7547210924,797.285275885623,0.465153006680853,1.24520762045935,0.354547057014202,0.4273567035082,16.4489722231221,18.2162817882941,0.00191041151235114,0.00180454061032453,4.16465505100266e-07,0.00082432118963953,0.00320351435008167,1.17349676291878e-05,1.11744298481355e-05,1.22186803429031e-11,5.87648896483975e-06,1.87250095137192e-05,-1597.63548662515,0.0962378501643059,0.0780491405846521,0.9825,0.44998608054609
"linear",800,"pg_apf",99,735.711,465.874333121468,1223.40205335509,140.041706361921,291.271278840526,11781.4559832297,467.838248830884,13539.7690285293,1118.78396781655,0.633230076920786,1.66288400384811,0.190348800496283,0.395904477220711,16.0137010092681,18.4036517444068,0.00266840924095412,0.00247310889830336,1.14256291388669e-06,0.0010092789255112,0.00473423396275958,1.34762898172903e-05,1.25688900162884e-05,2.18412175330228e-11,6.00484530146256e-06,2.2483818078281e-05,-1607.27512823911,0.113578409774879,0.0901350100223043,0.97875,0.490144948339839
"linear",800,"pg_apf",9,731.164,388.253184460387,905.974780941896,263.525976486447,252.685944385773,11840.4202210464,389.65094240897,12857.215681315,788.880306270485,0.531006975808967,1.23908559631204,0.360419791574047,0.345594072445816,16.193932169864,17.5845852384896,0.00188660360177905,0.00178457346498476,4.12615952795866e-07,0.000801468544597218,0.00318675261867866,1.24611237170726e-05,1.16948364002281e-05,1.58104318588157e-11,6.09820496566757e-06,2.06607677734498e-05,-1591.14812539333,0.0957625837308526,0.0748111984498621,0.97,0.452595901779724
"quadratic",1600,"pg_apf",100,1464.435,274.92404853519,679.628152156258,175.60672465971,261.474007892458,11725.1549647174,274.47077176364,13219.567334017,584.05119654644,0.187733869058845,0.4640889845956,0.119914318259063,0.178549411815791,8.00660661942485,9.02707688222218,0.0013399569204617,0.00127373425665161,1.59946544867301e-07,0.0006717324455884,0.00210708047439321,6.84770248224969e-06,6.63152068714356e-06,2.38533644790174e-12,4.24280039341153e-06,1.00023771416815e-05,-3179.36831922089,0.0880510762927852,0.0722822644819477,0.995625,0.419732776843817
"quadratic",1600,"pg_apf",101,1462.354,381.610269363521,996.405732017373,151.973514575872,227.849994137905,12024.4073700045,382.679961320502,13692.1129184342,883.745440479477,0.260956149717182,0.6813710852621,0.103923888864031,0.155810422194561,8.22263786333846,9.36306319703313,0.00149353631261999,0.00143224362570682,1.84252974510996e-07,0.000765006399980954,0.00234140666389569,7.15959236484962e-06,6.84041261850025e-06,3.12000061725705e-12,4.16691460100469e-06,1.07259731010312e-05,-3152.80294257596,0.0818573144930029,0.0664584959853174,0.999375,0.429152035476947
"quadratic",1600,"pg_apf",102,1467.157,315.3133476895,900.237142882434,210.030832809399,279.337974945204,11475.1910499823,315.559518853303,13046.3074732626,767.585009184248,0.214914523591886,0.613592916697009,0.143154981238817,0.190394057994614,7.82137906848572,8.89223680442012,0.00125951585376691,0.00120316267083382,1.27048259755634e-07,0.000622775100723333,0.00198310325838538,6.8933407496599e-06,6.63775026456258e-06,2.7203956684439e-12,4.17324372381305e-06,1.03625584954539e-05,-3177.54268771603,0.075641755992159,0.0605953949488158,1,0.416841980797286
"quadratic",1600,"pg_apf",103,1465.786,309.444730578696,789.061426167371,137.022958030818,160.749129738217,11791.0384049247,309.895833818634,13218.4791992046,715.017094706616,0.211111806620268,0.538319663421107,0.0934808751283052,0.109667529733683,8.044174528154,9.01801436171762,0.00142968369497367,0.00136039031070395,1.89206360018688e-07,0.000691863450423217,0.00232251043261026,7.03272228867018e-06,6.82220794936772e-06,2.85190360888466e-12,4.05446977127618e-06,1.02869932983199e-05,-3153.5216965569,0.0898860520577583,0.0712422718114313,0.98625,0.427642681726754
"quadratic",1600,"pg_apf",104,1461.794,321.687971225394,799.649188790907,201.673807620899,206.198950432083,11611.4250201646,322.27451153584,13120.1473127146,743.852813044695,0.22006381968006,0.547032747973317,0.137963220276522,0.141058829378205,7.94327040620263,8.97537362495306,0.00135325786377144,0.00130768633060358,1.40981603522482e-07,0.000629476779938325,0.00209977857509767,7.18558998422087e-06,6.95677545621362e-06,2.86299831999888e-12,4.26491082578049e-06,1.05665606422487e-05,-3167.32126235176,0.0967295839396183,0.0804359179971822,0.99375,0.424814758497288
"quadratic",1600,"pg_apf",105,1472.037,386.025213501701,951.643752065171,168.709915855668,222.846267924425,11374.6362785074,387.16392227593,12752.0862363741,832.262782689035,0.262238798006912,0.646480864316026,0.114609833758029,0.151386322439195,7.72714019994568,8.66288431362401,0.00125294297410375,0.00119493357056242,1.43076014401634e-07,0.000619259449929465,0.00203415017072209,6.98684159441657e-06,6.7325764999349e-06,2.69139879551921e-12,4.14373840806853e-06,1.03665719959835e-05,-3157.52786225299,0.0980093148872509,0.0806730828265803,0.98125,0.415936909191595
"quadratic",1600,"pg_apf",106,1468.148,387.48664442752,1106.91924124698,167.06109355148,246.657124631787,12066.4265992277,385.474967527354,13827.1798992195,978.313168728247,0.263928871222466,0.753956168756136,0.113790362791408,0.168005626566114,8.21880804879872,9.41811036708802,0.00152336377141009,0.00145581728359464,2.01782113693591e-07,0.000754438017097379,0.0023922061808378,7.01664364703436e-06,6.82813627203418e-06,2.41996321875863e-12,4.30387086001249e-06,1.02039824924316e-05,-3181.81151045733,0.0736534033866221,0.0582122216833494,0.995625,0.430116759945535
"quadratic",1600,"pg_apf",107,1470.347,268.352288374413,652.872610588988,147.144231761386,251.387345136871,11450.0479376081,268.89814960211,12821.0011068758,574.899602187235,0.182509494952153,0.444026213260535,0.100074493817709,0.170971440848229,7.78731002791047,8.71971113408996,0.00122503053081499,0.00117440898161712,1.06196883492451e-07,0.000667551067746691,0.00188950078546945,6.88740154656421e-06,6.66662896585531e-06,2.68977881926107e-12,4.09429017102873e-06,1.01500026150053e-05,-3155.39299119274,0.0901890363511344,0.0725875310997239,0.9975,0.41630655095429
"quadratic",1600,"pg_apf",108,1461.993,304.81500471863,763.157329792107,120.693300887997,190.312933652598,11570.8486857812,304.478728330146,13211.5219376022,659.476959854738,0.20849279354869,0.521997936920428,0.0825539526440937,0.130173628500682,7.91443507990884,9.03665197959373,0.00139254703489948,0.00132364667669998,1.65058461532126e-07,0.000703342379244021,0.00221753144037986,7.27691379189654e-06,7.02826141027074e-06,3.24810881109596e-12,4.2535174586494e-06,1.09830688552744e-05,-3135.81638734422,0.0792656906120678,0.0642239227154228,0.995,0.42747453794241
"quadratic",1600,"pg_apf",109,1463.491,268.491030677522,741.673429663341,147.672253603555,183.902612751828,11629.9585591687,268.745886374252,13032.6613673285,636.10153352167,0.183459297445301,0.506783731272239,0.100904107783071,0.125660228010851,7.94672366223548,8.90518723198739,0.00135166725767868,0.00129022435674572,1.42473831339694e-07,0.000718898221681202,0.00210194456029209,7.12015002360692e-06,6.85844044743175e-06,2.96250425672686e-12,4.11128799431873e-06,1.04345390822832e-05,-3141.98552966725,0.0792943322003444,0.0615044051902965,0.998125,0.423303643366687
"quadratic",1600,"pg_apf",10,1462.256,268.033707273265,647.204117981557,85.7064268815419,258.302635372562,11512.7959634599,267.528294317783,12845.6078987793,555.389206810122,0.183301492538424,0.442606573665321,0.0586124638104011,0.176646657885187,7.87331080430509,8.78478727307622,0.00137914854869181,0.00131844464414432,1.55538832690007e-07,0.000702847556976305,0.00219198009874215,7.59305664881536e-06,7.40497343966562e-06,3.23102715469494e-12,4.3914007635376e-06,1.10541945573227e-05,-3191.00027801437,0.102873917042007,0.0843119348284258,0.986875,0.428473787664739
"quadratic",1600,"pg_apf",110,1463.294,295.619152396207,788.040630525689,181.808742957263,186.155781235747,11735.006420837,295.666328691232,13268.7694243464,666.846294543986,0.202023074239495,0.538538824409647,0.1242462163839,0.127216937427302,8.01958213512595,9.06773992399774,0.00139709173667677,0.00135262308922271,1.52436357494871e-07,0.000718285626259315,0.00218214019363253,7.12299478329421e-06,6.97235638235259e-06,2.87170872682064e-12,4.04716317232578e-06,1.04408735735272e-05,-3162.18076772865,0.0922276915819782,0.0731734406061084,0.986875,0.425910678818063
"quadratic",1600,"pg_apf",111,1569.921,265.106713269116,880.6761933566,153.457004382428,244.717094923491,11526.1465432078,262.217824496347,13042.2912608776,734.168725271868,0.168866276245184,0.560968477621867,0.0977482334349487,0.155878604670866,7.34186404488368,8.30760991214055,0.00139635583877109,0.001338247187323,1.66848683352448e-07,0.000732907095906199,0.00224971684015188,7.09765959331819e-06,6.86767069377137e-06,2.89302580243157e-12,4.22441929691773e-06,1.0581111563429e-05,-3146.02789398575,0.0906974546724239,0.0758301289539296,0.993125,0.425605638994181
"quadratic",1600,"pg_apf",112,1469.628,324.276347517506,869.767928715933,217.800986222895,233.504680480033,11855.9602963145,323.94668357465,13450.4530910999,755.591026716338,0.220651993237408,0.591828631950353,0.14820144024399,0.158886929535932,8.0673206391784,9.15228417742443,0.00138195662034659,0.00132440518654635,1.43857960117473e-07,0.00071056742092259,0.00210576147522757,6.86162390146889e-06,6.62900797314182e-06,2.30938659807437e-12,4.29500292859367e-06,9.90111913976267e-06,-3171.08148081395,0.0854588083712075,0.0686231591903599,0.99,0.425681775322559
"quadratic",1600,"pg_apf",113,1487.043,330.76440916595,922.52153125553,160.17154638368,255.380018202604,11428.8418151583,331.97255401762,12914.9388275338,831.884172680673,0.222430964784441,0.620373137330615,0.107711442361572,0.171736808016045,7.68561622976491,8.68498007625453,0.00125449073525877,0.00119669212625698,1.21019668532312e-07,0.000674037549278738,0.00196239137675273,6.67538011636974e-06,6.48356491145239e-06,2.49884402272573e-12,3.79833679583629e-06,9.81980209304709e-06,-3116.48251414153,0.0792611248352908,0.0618359583446437,0.9675,0.418202032842903
"quadratic",1600,"pg_apf",114,1465.515,228.12234256022,643.805774760974,139.843770452523,239.027971162017,11434.6826856204,226.750686529163,12932.6241802965,547.008371033617,0.155660189462558,0.43930343583039,0.0954229540144748,0.163101688595488,7.80250129519004,8.82462764304457,0.00127370888149933,0.0012055234020541,1.37081674970516e-07,0.000673642165257862,0.00203529859357577,6.94048764028733e-06,6.74339306914405e-06,2.52824018870894e-12,4.18676901698236e-06,1.02301858940303e-05,-3150.41421304972,0.0806216188995476,0.0685430931050419,0.994375,0.417971544971522
"quadratic",1600,"pg_apf",115,1465.942,373.534035078124,929.565366254868,188.993171648326,193.979326663649,11895.13606144,370.885725204602,13402.8368531491,886.710549618921,0.254808195056915,0.634107874837387,0.128922680193573,0.132324011907462,8.11432925821074,9.14281523631157,0.00144641627765309,0.00140604219317247,1.57950706360339e-07,0.000756672946817924,0.00224029006028154,7.05396139075878e-06,6.81078896035479e-06,2.65947484239909e-12,4.24931431258053e-06,1.03461975896495e-05,-3161.31505928736,0.0906120809019956,0.0728469771352347,0.98625,0.427125071745414
"quadratic",1600,"pg_apf",116,1476.544,390.946172961117,939.790329665461,183.275427585897,238.09524324435,11741.7732641376,392.67596944282,13174.0799133724,843.457824781235,0.264771095857026,0.636479732175581,0.124124596074277,0.161251708885309,7.9522000456049,8.92223998294153,0.00141210482363498,0.00134640620559784,1.6406937329062e-07,0.000733504873978576,0.00220934514477171,7.10953182249959e-06,6.81924871164637e-06,3.11219823749596e-12,4.14304561334958e-06,1.08497840669381e-05,-3121.00023488771,0.0852924574258095,0.0693702982908993,0.98625,0.426929737960216
"quadratic",1600,"pg_apf",117,1490.541,266.878926017015,645.718532750485,187.579241454899,227.227319100468,11481.1630156453,267.495390901413,12946.2362447914,551.885873842654,0.179048362988348,0.43321084945029,0.125846415130412,0.152446205170115,7.70268178845488,8.68559552859761,0.00125403259515668,0.00120429332992191,1.17448306855256e-07,0.000672620491796435,0.00193895671257759,6.86606747980733e-06,6.66354693420204e-06,2.36355115802942e-12,4.15327593103353e-06,9.96130222245793e-06,-3154.48242565639,0.0868877230307267,0.0697087672796178,1,0.418574230458201
"quadratic",1600,"pg_apf",118,1465.873,316.23430981384,765.451206497223,177.441052089567,250.857382949635,11700.6342274719,315.910032057439,13211.5396259128,689.243957953809,0.215731042057422,0.522181121077489,0.12104803901127,0.171131730340647,7.98202451881706,9.01274505084191,0.00135919391046865,0.00130570901307901,1.53135563172398e-07,0.000680487803188081,0.00215511047521757,7.06091039593559e-06,6.90449247149571e-06,2.66697193910539e-12,4.07976405205839e-06,1.01933447508185e-05,-3156.82646307734,0.0766729815005645,0.0608669906601778,1,0.421508429358117
"quadratic",1600,"pg_apf",119,1566.469,292.922827980202,777.135171283266,176.07345416537,229.864046460394,11690.0725389011,291.623825233259,13291.7037058807,688.323950444657,0.186995611135747,0.496106320190994,0.112401492889659,0.146740246031293,7.4626899982707,8.48513676675421,0.00134708181324385,0.00128348511608581,1.42115348264207e-07,0.000732392870508519,0.0021038187949044,6.84014407311307e-06,6.61828425623398e-06,2.64524853447751e-12,4.04967371129986e-06,1.01352168991169e-05,-3144.66091658828,0.0756042712625789,0.0576605533005878,0.97625,0.42296570817866
"quadratic",1600,"pg_apf",11,1469.491,262.245076135525,710.630727485525,183.964779048809,238.850986958327,11687.9342924616,262.29272219166,13248.9312224789,591.294496208541,0.178459804201268,0.483589710645064,0.125189456110183,0.162539945435751,7.95372975571922,9.01600024939174,0.00131986172047521,0.00126443439188222,1.35725000541143e-07,0.000703523738013022,0.0020005949341586,6.77303757287661e-06,6.52536037898126e-06,2.77155483626707e-12,3.92792051188282e-06,9.99929228603297e-06,-3203.19624238373,0.0721718477802926,0.0581865008135673,1,0.420215922230277
"quadratic",1600,"pg_apf",120,1476.253,416.216749453314,987.771175106432,171.862512978716,206.122141676608,11551.4632844052,419.338350704107,12915.5227760994,907.330665339711,0.281941340307734,0.669106972250984,0.116418061794771,0.139625214429104,7.82485338516177,8.74885455006656,0.00130942775278557,0.00125524863712727,1.3181650504989e-07,0.000686165426260288,0.00208437588906471,7.04929316041875e-06,6.80496048727734e-06,3.14237455527735e-12,3.90305521642387e-06,1.05105670604707e-05,-3161.60407467057,0.0918975698046534,0.0670622536355495,0.9675,0.41979718314157
"quadratic",1600,"pg_apf",121,1470.086,285.66711895058,716.852933803945,175.423669713344,187.16479118871,11491.7936307681,285.308891733479,13082.7143607432,638.460317071287,0.194320005054521,0.487626529198934,0.119328848593445,0.127315538811138,7.81708936128097,8.89928504913533,0.001342045210407,0.00127606500447684,1.50163217775585e-07,0.000722649988464475,0.00213938362131729,7.18912452021744e-06,6.97621645126349e-06,3.13481070342841e-12,3.96114623063611e-06,1.0676628458939e-05,-3175.21189201732,0.0836714565003811,0.0662982162209036,0.988125,0.42224498745243
"quadratic",1600,"pg_apf",122,1481.575,321.918851346923,810.574475492354,181.783996089527,316.762158517395,11647.1250578099,322.332348399023,13224.8638585578,709.847772389886,0.217281508763932,0.547103235065626,0.122696452146889,0.21380096081359,7.86131316862789,8.92621963691193,0.00135391985481544,0.00130409304023688,1.38992702397403e-07,0.000734560295558298,0.00211131883616204,6.92085035582315e-06,6.70910734983163e-06,2.4806659499826e-12,4.18231143651627e-06,1.00422385984237e-05,-3171.17969483875,0.087871665504846,0.0714446891420532,0.986875,0.423668068903651
"quadratic",1600,"pg_apf",123,1464.363,358.410716791307,913.565069401254,149.103446823769,206.30204707179,11410.1766006593,358.826845702989,12770.8909633356,807.017233290026,0.244755376085921,0.62386516826856,0.101821369990753,0.140881767069907,7.79190446676083,8.72112376735523,0.00128275446546719,0.00121864820012088,1.37900438455331e-07,0.000664781286799451,0.00201902421382623,7.18026849813363e-06,6.8964025257963e-06,3.18828397064355e-12,4.03918791029702e-06,1.06251147515354e-05,-3110.73768765512,0.0936182833593307,0.073292640584651,0.98125,0.422132613516997
"quadratic",1600,"pg_apf",124,1465.504,331.412637352094,820.706301248651,143.875008065467,195.717000418212,11514.2084843399,330.501391851743,12949.9904261859,729.410681869581,0.22614243110363,0.560016418412131,0.098174421950037,0.133549277530605,7.85682501333323,8.83654389628816,0.00130349103970566,0.00124242354972907,1.49224949314365e-07,0.000640312356034818,0.00206289379064426,6.89281377158021e-06,6.67413255643923e-06,2.91644546895096e-12,3.90429243551246e-06,1.01180626129888e-05,-3133.27968344405,0.0871171984056296,0.0675490860763601,0.984375,0.421526165528533
"quadratic",1600,"pg_apf",125,1469.494,298.528964644863,742.328382535755,120.323821618179,274.125201936445,11462.8880620243,300.023759795062,12920.7971175956,670.042101152976,0.203150856447773,0.505159178966198,0.0818811248077087,0.186543940932351,7.80056812890985,8.79268450064828,0.00127404908940629,0.00120991846480974,1.37817713706916e-07,0.000667234565695903,0.0020345476354362,6.99820913020797e-06,6.74910540532246e-06,2.93142295227897e-12,4.10359713963828e-06,1.02736151502845e-05,-3144.4679223135,0.0769054714457722,0.0572128934425449,0.98625,0.419413773941649
"quadratic",1600,"pg_apf",126,1465.835,276.329987835234,763.910743422493,165.417300870008,154.514662766693,11269.1431666923,275.579536813902,12569.764016131,659.580636598548,0.188513705727612,0.521143746344229,0.112848513557125,0.105410679078268,7.68786607407538,8.57515615067932,0.0012103325108287,0.00116793793275828,1.10255100828714e-07,0.000631397060705225,0.0019014471740576,7.00456864017929e-06,6.80771428994456e-06,2.61867084240723e-12,4.10463303735208e-06,1.01833324709656e-05,-3138.41151114698,0.0823573955564023,0.0663725796243146,0.99375,0.415188669003543
"quadratic",1600,"pg_apf",127,1476.642,228.543275907762,632.137390650311,146.314060570088,248.387105711409,11573.7059409445,228.142465695224,13025.8362455973,537.138461496465,0.154772298165542,0.428091162685547,0.0990856690857282,0.168210782106569,7.8378550393017,8.82125541979524,0.00129975884308674,0.00125505008543729,1.28293220073071e-07,0.000693696602968928,0.00201332798556025,7.00767321173078e-06,6.78408035414817e-06,2.77261153843003e-12,4.17434254185218e-06,1.0142146667163e-05,-3178.39994384811,0.078290833175873,0.0612089579876516,0.99125,0.418181768762825
"quadratic",1600,"pg_apf",128,1470.224,309.867853387265,694.51534967057,198.350381921373,274.8037125148,11669.8928418788,309.385792672321,13188.5735362526,634.725015815626,0.210762341920187,0.472387438696804,0.134911674630106,0.186912819077093,7.9374930907663,8.97045180615511,0.00132798032522766,0.00127321494567193,1.33424153019727e-07,0.00070224505014146,0.00203462057266667,6.8966957522015e-06,6.61878940255539e-06,2.82530521587904e-12,3.96207660724358e-06,1.02146534279713e-05,-3132.47577346241,0.085924052940823,0.0709709318390985,0.99875,0.424173439600261
"quadratic",1600,"pg_apf",129,1467.711,299.195949873672,775.232062957352,147.650383357666,251.236425373982,11587.5382438271,298.269035633398,13045.6582923488,683.75011844027,0.203852086598569,0.528191219495767,0.100599084804615,0.171175677891617,7.89497267774588,8.88843804560215,0.00131776315594752,0.00127593258344602,1.29144039202724e-07,0.000708515006066381,0.00204039190676499,6.90174886036225e-06,6.65553081507461e-06,2.75032627773331e-12,3.94208156577963e-06,1.00841165299442e-05,-3176.68606826363,0.0799090803693825,0.0600449636573114,0.984375,0.421915133169535
"quadratic",1600,"pg_apf",12,1467.29,275.552171749346,642.037455131561,161.878938427743,272.886291632243,11597.0926062265,275.829911220008,12979.662639323,567.017879037583,0.18779666715465,0.4375668444081,0.110325115299459,0.185979793791441,7.90374950161624,8.84601042692512,0.00126288484250773,0.00121257969727699,1.2367278069515e-07,0.000690558296297435,0.00198151291375453,6.88615351549175e-06,6.66691967358653e-06,2.76168174578497e-12,4.10518035987162e-06,1.02634382154014e-05,-3152.31727151831,0.0872014228894075,0.0698016841662497,0.988125,0.419722612976661
"quadratic",1600,"pg_apf",130,1471.182,379.550343061085,948.43785153678,196.177894164699,168.052917734467,11324.4609101539,378.835105911239,12735.3051928448,826.410889933038,0.257990067212,0.644677444080188,0.133347127795676,0.11422986261011,7.69752546602251,8.65651237769686,0.00123723138925288,0.00120780126303618,9.73718532181867e-08,0.000677629083116451,0.00184660775539062,7.16376734902939e-06,6.97436223850631e-06,2.99107328293653e-12,4.17097131436239e-06,1.05823659042473e-05,-3090.95624699911,0.0921470815710118,0.0738877787855825,0.985,0.417497102254974
"quadratic",1600,"pg_apf",131,1469.274,266.575589447135,787.660484408071,159.099761363464,204.655687820671,11475.3849859314,266.95895938343,12818.7001128026,614.87870524789,0.18143354435397,0.53608822071858,0.108284609516989,0.139290348716898,7.8102416471886,8.72451299948314,0.00120687396946067,0.00116684648940606,1.05531380543251e-07,0.000633799351784135,0.00184029593814593,6.77816898943323e-06,6.60196645037166e-06,2.08040403917189e-12,4.26375919560002e-06,9.67087718792966e-06,-3178.09670897003,0.0753732886635246,0.0617883868580172,0.993125,0.412961395091689
"quadratic",1600,"pg_apf",132,1479.397,397.773243802863,1173.28376731095,152.649573036207,203.183239819019,11699.7437690367,396.433655178278,13283.6847259124,993.193057592534,0.26887525377087,0.793082429740597,0.103183643765809,0.13734193040747,7.90845443720431,8.97912103776901,0.00131024867271886,0.00125355602015437,1.49352000274231e-07,0.000642807238813098,0.0020729636206733,6.7500057402052e-06,6.52127504288245e-06,2.71474261194368e-12,3.90924420804781e-06,9.94370420374445e-06,-3181.36322535983,0.0727569983144968,0.0593034390635372,1,0.418087767147017
"quadratic",1600,"pg_apf",133,1467.261,276.057172819016,741.044504666012,198.333579980484,217.922535856789,11462.1137607632,275.305076877511,12857.0230576841,671.093382175595,0.188144558343073,0.50505295558596,0.1351726652453,0.148523361458384,7.81191196437665,8.76260123978225,0.00123408308982665,0.00119854962289701,1.04423159941146e-07,0.000662186952337447,0.00187902585151701,6.76549191981497e-06,6.53573173840315e-06,2.5587018119786e-12,4.08390027353899e-06,1.00071002225678e-05,-3122.50502785923,0.0739913363100099,0.0547374912981836,0.98875,0.416340497316093
"quadratic",1600,"pg_apf",134,1464.464,323.060941333951,946.713200391973,195.491137557679,220.067877375786,11637.6643064908,320.86602869256,13208.4451009412,808.880648759144,0.220600124915294,0.646457134072243,0.133489889514306,0.150271961192481,7.94670562505515,9.01930337716817,0.0013431163495147,0.00128814603358756,1.44693844848964e-07,0.000672579086099585,0.00209143443620943,6.835691441764e-06,6.61587499141656e-06,2.45940099445279e-12,4.12745155838724e-06,9.99539919620672e-06,-3128.98380029961,0.0751731163155849,0.0591783382144695,1,0.424268446823296
"quadratic",1600,"pg_apf",135,1466.942,302.558631677555,722.960872234021,154.414770233365,220.367421952379,11848.222095047,302.820479683689,13443.2697211294,643.404928905715,0.206251257157785,0.492835348796354,0.105263037143503,0.150222314142194,8.07681700779375,9.16414535893679,0.00148426762753665,0.0014211134335996,1.94683394367998e-07,0.00070739737766779,0.00235297565998721,7.44802395683469e-06,7.17613657907636e-06,3.51840647448247e-12,4.23972326227842e-06,1.12361693150877e-05,-3200.09277888644,0.0896213458838323,0.0704840244742522,0.985625,0.430507584245043
"quadratic",1600,"pg_apf",136,1472.372,380.141096160056,962.53215536041,168.757218905006,165.538350921122,11751.5990260936,379.350732453161,13143.339757428,869.958365450266,0.258182780004004,0.653728918615955,0.114615884372296,0.112429705890306,7.98140621126565,8.92664337370449,0.00139012176221949,0.00134222362721449,1.37492306099672e-07,0.000733840869959072,0.00214748459942654,7.20325647159867e-06,6.93151475216533e-06,3.39287159531828e-12,4.07215705017933e-06,1.07171927452943e-05,-3164.18493471169,0.101713229160407,0.0812078808076441,0.975,0.427345324788726
"quadratic",1600,"pg_apf",137,1482.069,317.852926846605,891.079464176451,208.1492815393,251.448417342694,11524.6540233354,317.48646982743,12961.5823000148,797.223076596318,0.214465673896833,0.6012402014862,0.140445068036171,0.16966039863373,7.77605767567866,8.74559976628269,0.00130282403330597,0.00126040708355771,1.19653372894988e-07,0.00068974352599544,0.0020364391220131,7.03575121004995e-06,6.78116140328088e-06,2.88831278384433e-12,4.06413507994454e-06,1.04494732193806e-05,-3146.23327581273,0.086555517599017,0.0661356002926888,0.99125,0.423256991713733
"quadratic",1600,"pg_apf",138,1509.797,329.558608499864,821.099548396189,192.50518156153,211.528762966377,11506.0147346997,328.363670545105,13003.9772026081,726.268295896167,0.218280079043649,0.543847648654878,0.127504016474751,0.140104108675787,7.62090183958488,8.61306334732953,0.00125568036038816,0.00121109396860983,1.22304055951956e-07,0.00067802220095628,0.00196546828790089,6.72991465495831e-06,6.50637212925685e-06,2.68401397091323e-12,3.95393844079124e-06,9.73121224580045e-06,-3196.71128314225,0.0730141586144366,0.0562981313497295,0.99875,0.415680061621022
"quadratic",1600,"pg_apf",139,1465.908,347.898367926897,985.166507305732,168.345711633215,287.797692454079,11458.5170659442,347.870938452666,12990.6482676296,853.412544584467,0.237326195045594,0.672052071007002,0.114840570917967,0.196327254134693,7.81666862173083,8.86184417277868,0.00127458895757447,0.00121889936367116,1.29945091348342e-07,0.000687323878092415,0.00198366506145932,6.92132310212009e-06,6.73613477276895e-06,2.60630364549871e-12,4.02853149976339e-06,1.00481968202167e-05,-3144.54976008397,0.0676515577681276,0.0542616619354528,1,0.416466208760612
"quadratic",1600,"pg_apf",13,1463.002,245.973387760014,565.610811016131,178.861962168506,170.561792494649,11378.9239114218,244.751316198581,12754.0090065093,506.310350674195,0.168129221805585,0.386609731918433,0.12225681316123,0.116583430846061,7.77779108396422,8.71769758791123,0.0012719951314134,0.00123562152166446,1.13909785339646e-07,0.000669323432042946,0.00192596364236474,7.07149439927987e-06,6.82069777241929e-06,2.86881417532699e-12,4.12695094469224e-06,1.05232644047873e-05,-3089.27930651491,0.106200190501602,0.085052236345899,0.986875,0.423848399620958
"quadratic",1600,"pg_apf",140,1468.242,227.415776290343,600.073094770187,183.212933346277,196.528734223049,11361.5814729774,228.929505529908,12621.2263343325,489.718117448184,0.15488984533227,0.408701763585422,0.124783879868766,0.133853093851728,7.73822126936664,8.59614854658323,0.00128914969947238,0.00122647764131122,1.33301447364352e-07,0.000689759295105583,0.00202413870101902,7.43113848221696e-06,7.20181880394177e-06,3.13012434062186e-12,4.27372078267117e-06,1.0957155572652e-05,-3086.98899979313,0.109068409343163,0.0806128856633374,0.9425,0.423154515060308
"quadratic",1600,"pg_apf",141,1464.352,388.106833982504,1040.19008081913,178.669828382912,262.07327428462,11970.9677828719,386.567678696868,13571.8542238569,910.406651266691,0.265036571795923,0.710341557780597,0.122012896067962,0.178968768632555,8.17492500633177,9.26816381843773,0.00140183917662592,0.00132973161296757,1.59497856273707e-07,0.000757974151345019,0.00222727663168225,6.83181173935734e-06,6.63815522341795e-06,2.32755027976698e-12,4.22188694586134e-06,9.92092817800352e-06,-3185.62393312771,0.0678133445782576,0.0543746715547775,1,0.423468986923514
"quadratic",1600,"pg_apf",142,1464.62,409.302331108216,1044.5892918672,175.686182504655,206.573413178359,11839.4323257716,409.025406199195,13451.8365657691,925.401135842213,0.279459744580994,0.713215231163852,0.119953423075375,0.141042327141756,8.08362054715327,9.18452333422261,0.00138987529573258,0.00132697813189958,1.52046821955371e-07,0.000735782920113123,0.00219752110052505,6.98618632784188e-06,6.72704003460303e-06,2.66799725979434e-12,4.27804348917242e-06,1.04093058680214e-05,-3157.02580688905,0.0809612202021482,0.0612794955735591,0.985,0.423400792097449
"quadratic",1600,"pg_apf",143,1480.135,315.974480214606,836.865107843556,121.609077747224,163.935327136552,11495.4104967019,314.23169611108,12951.0463902561,724.12466652334,0.213476797869523,0.565397823741454,0.0821608013777286,0.110757010094723,7.76646082735827,8.74990888686243,0.00130548306913331,0.00125131438452729,1.42551800802749e-07,0.000697406493259318,0.00209364100561479,7.019612225304e-06,6.80771404895111e-06,2.82598018077176e-12,4.14186576472001e-06,1.04924773754811e-05,-3157.3835878936,0.0881056999043722,0.0704692043697979,0.988125,0.420967354723678
"quadratic",1600,"pg_apf",144,1476.987,370.79245455361,988.871827641143,164.477792345017,193.049291453373,11648.8832606109,370.956604378733,13227.9641484285,891.301762482521,0.251046525496575,0.669519655651094,0.111360352085034,0.130704800687733,7.88692335180396,8.95604642994726,0.0013997897417489,0.00133119614632672,1.7382577069389e-07,0.000738297515179082,0.00227745364532521,7.13978501538887e-06,6.91635378939366e-06,2.96866876809451e-12,4.06595919272833e-06,1.05525530331605e-05,-3170.05057270271,0.0725504436434389,0.0587662615972596,1,0.425863532529537
"quadratic",1600,"pg_apf",145,1463.021,412.325162827396,1149.64205114829,169.977996668365,245.973908873309,11683.1027754347,416.584141060389,13238.8738912823,1015.12674852067,0.281831335864212,0.785800102082126,0.116182882315677,0.168127394530433,7.98560155693917,9.04899785531605,0.00129549785468042,0.00124952279988259,1.26918302876264e-07,0.000662772664343027,0.00199294452224463,6.65125121072927e-06,6.40096718274517e-06,2.50246131984523e-12,3.93032960026563e-06,9.75312382490957e-06,-3144.54559302079,0.076104518478218,0.06453993785775,0.9975,0.417264782365442
"quadratic",1600,"pg_apf",146,1478.199,244.829995966513,660.261560572962,169.651444713994,223.087000803083,11719.8770642552,246.498015992918,13297.0850936163,580.538063511225,0.165627223375549,0.446666220565,0.114769016021519,0.150918111027732,7.92848396207491,8.9954634616965,0.00137144193736583,0.00130682930229261,1.59318578369645e-07,0.000687753117594776,0.00217610916798209,6.87334718356764e-06,6.68412173746111e-06,2.84962950867347e-12,3.95635947815334e-06,1.01869738629663e-05,-3178.21277313264,0.0718307371142517,0.0586713730834025,0.99875,0.422566654485457
"quadratic",1600,"pg_apf",147,1471.18,294.052744685153,808.636043488568,218.843780407031,163.519141347582,11500.850589353,293.625777607821,12931.4399333949,697.37776845232,0.199875436510252,0.549651329877083,0.148753912102551,0.111148290044442,7.8174326658553,8.78984212223855,0.00125898848594959,0.00121197128650548,1.13200404238363e-07,0.0006649575480339,0.00193071379943275,6.78205873281116e-06,6.54843949466781e-06,2.69870606755452e-12,4.10347403157433e-06,1.02808686511059e-05,-3138.53923783301,0.084002895128686,0.0672216398657901,0.998125,0.419957491082899
"quadratic",1600,"pg_apf",148,1483.946,314.976610601942,846.918175008513,138.482412380515,200.059470535228,11996.0550274031,314.820115607026,13919.9704801331,778.664687427304,0.2122561134987,0.570720346298661,0.0933203852299983,0.134815869671287,8.0838891896357,9.38037535067526,0.00156194390262135,0.00148601226157664,2.19116906851794e-07,0.000762041710736545,0.00247481849994012,7.0772306248527e-06,6.8731227222671e-06,3.00258261920373e-12,3.95169681018185e-06,1.03022660168141e-05,-3152.94749478827,0.0797870104137678,0.0657249884138998,0.991875,0.432967015509374
"quadratic",1600,"pg_apf",149,1474.987,478.786057851047,1356.80193023728,139.009507367741,246.991513086239,11746.1552136894,478.369182716719,13556.4331746369,1248.47206323268,0.324603578100042,0.919873822777612,0.0942445644386972,0.167453349138832,7.96356524748311,9.19088315669015,0.00147112355476869,0.00141463934248732,1.90089453661793e-07,0.000692540801139354,0.00233677001587136,7.07891456618602e-06,6.87566611696246e-06,2.77028650943032e-12,4.22109851217663e-06,1.01843261874049e-05,-3206.38569232977,0.0836494574648283,0.0690788447384681,0.999375,0.427318556011599
"quadratic",1600,"pg_apf",14,1468.096,383.816618355969,1047.88249731964,179.417173201123,217.839670934717,11503.492877747,381.464543742098,12877.0218239032,917.63499015433,0.261438365308514,0.713769738027787,0.12221079084823,0.148382442929288,7.83565439708781,8.77123963548923,0.00127248251913775,0.0012229464444295,1.1768356284177e-07,0.000673904382442533,0.00193240668880038,6.91215351567954e-06,6.71334101928477e-06,2.82457648335726e-12,3.99174568728777e-06,1.01261059983193e-05,-3171.53794346239,0.0730931579846303,0.0614047453668401,1,0.42013893182412
"quadratic",1600,"pg_apf",150,1464.894,299.74761668184,715.040031375183,174.224982615158,214.692653832535,11639.3282796877,300.452530884559,13119.7958957565,625.019170561303,0.204620687013422,0.488117250377968,0.118933508236882,0.146558490807209,7.94550887619699,8.95614010007312,0.00130274376027654,0.00124544887307204,1.37914373189425e-07,0.000663997567358786,0.00201948714768142,6.88361447250556e-06,6.70321725992424e-06,2.5180280728837e-12,4.0498255868612e-06,1.00249802907407e-05,-3138.41404984181,0.0781968280445895,0.0627965888094937,0.99,0.420415379298025
"quadratic",1600,"pg_apf",151,1481.057,357.535872910008,1020.05619162382,145.702591358763,299.763120129387,12099.0918317163,357.297350559351,13699.167101608,909.526602890035,0.241405883034892,0.688735269219093,0.0983774367622332,0.202398098202424,8.16922767436787,9.24958803179618,0.00146249243078276,0.00140604184650193,1.68005739674982e-07,0.000759240325492853,0.00232037141669586,6.8630009676382e-06,6.6551718848892e-06,2.41704545964582e-12,4.22747704296852e-06,1.00468036598565e-05,-3171.58238574607,0.0734312988012193,0.0607935727843453,0.993125,0.427333542549311
"quadratic",1600,"pg_apf",152,1466.511,380.822959211714,1077.82984496666,91.9885251830788,134.574965093012,11979.9951605002,381.701626720557,13963.3740891761,930.664143555211,0.259679579090586,0.734961991397722,0.0627261065093128,0.0917653976635785,8.16904555131206,9.52149291016305,0.001690817278716,0.00160097235550122,2.70653576623838e-07,0.000844569963305178,0.00273872147553142,7.60674526553048e-06,7.37992608748543e-06,3.35012373174088e-12,4.43842722125095e-06,1.12192093041848e-05,-3176.71958486251,0.0917815703051948,0.0747341453030097,0.988125,0.442453179476251
"quadratic",1600,"pg_apf",153,1481.384,319.236641477652,854.675497444921,249.208532938629,308.91406695445,11734.1019527402,319.152119777806,13056.192103829,742.509170024452,0.215498912825879,0.5769439236855,0.168226829058927,0.208530716515401,7.92104002253311,8.81350959901618,0.00132549959452091,0.00128371826251929,1.15812497656836e-07,0.000719613632306915,0.00197759923369202,6.92539707412105e-06,6.70251488896831e-06,2.48081020104871e-12,4.20322185246995e-06,1.02036709857365e-05,-3165.45372708975,0.086254783995238,0.0670681428807494,0.99125,0.422136547540296
"quadratic",1600,"pg_apf",154,1470.332,245.09247303906,661.013776008077,127.947015401947,168.856981382763,11568.214026931,243.02048344007,13081.0755860045,597.664173941818,0.166691926067759,0.449567700361604,0.0870191326870036,0.114842757542353,7.86775641619104,8.89668155627745,0.00142605552484708,0.00133229095147288,1.99098684238861e-07,0.000747337396808429,0.00233066799265097,7.19329693040162e-06,6.96354537495631e-06,3.1305008298158e-12,4.11859481182993e-06,1.05264621891299e-05,-3155.40259315954,0.090847943457386,0.0731470044995417,0.9975,0.426963802193131
"quadratic",1600,"pg_apf",155,1476.839,350.263443827759,864.572155110299,182.941356558225,190.979032597596,11550.0370176435,349.922355415232,12991.3439563848,776.953649553918,0.237171041547358,0.585420722983547,0.123873595265445,0.129316081575308,7.8207827783824,8.79672324226595,0.0012689756552591,0.00120556359156205,1.38266451333514e-07,0.000683715594520256,0.0019955976843169,6.67392013972533e-06,6.46819855637587e-06,2.44763133663304e-12,3.92786796086714e-06,9.93256389576451e-06,-3163.97959052828,0.0721694716782683,0.0587247777437624,1,0.416852303400388
"quadratic",1600,"pg_apf",156,1465.646,332.025444775065,839.577373885286,210.124668739237,252.050513708152,11298.0560521911,330.431612657568,12826.8734146278,712.088969918981,0.226538635369704,0.572837761564038,0.143366589708045,0.171972300069834,7.70858450962312,8.75168588774358,0.00122023782779373,0.00117551368916007,1.11002542567581e-07,0.000655834662520557,0.00189630942984939,6.86079074201783e-06,6.57312568310496e-06,2.66490950287692e-12,4.11584245495886e-06,1.03029903033103e-05,-3170.8182699676,0.0782703267765819,0.0624470799632981,1,0.41558874950089
"quadratic",1600,"pg_apf",157,1465.55,315.0450144899,766.387686491406,190.982985142051,297.376883800942,11599.5548886703,315.992021555851,13163.4209733751,694.543283857493,0.214967087093514,0.522935202819014,0.130314888705299,0.202911455631635,7.91481347526206,8.98189824528343,0.00134837556410861,0.00129990690611025,1.35883999266605e-07,0.000725524493441034,0.00211197709678088,7.16121399855719e-06,6.91465596621316e-06,2.59980970399496e-12,4.28877665454431e-06,1.04109520091625e-05,-3177.68658477515,0.0836002686241334,0.0682529412453295,0.996875,0.421674229012309
"quadratic",1600,"pg_apf",158,1475.241,276.625950743096,687.386831397773,183.402752160703,288.093701773155,11975.0652855932,276.752431656854,13717.1081415518,617.045304637363,0.187512379836986,0.465948839137316,0.12432053621117,0.19528585619106,8.11736203480866,9.29821509946632,0.00140941319701114,0.00134306093915622,1.56261667021709e-07,0.000750960537585162,0.00221733125031553,6.67037082574731e-06,6.49301976994525e-06,2.2735041094729e-12,3.98692555985924e-06,9.79099964021023e-06,-3140.29890818423,0.0683964893611169,0.0533956019676107,0.99625,0.424473734046377
"quadratic",1600,"pg_apf",159,1472.905,340.126661508036,947.474999277896,173.758471988883,254.18879818288,11697.3502142318,343.395909496574,13191.5848569708,807.316178173952,0.230922334779253,0.643269592592799,0.117969911154408,0.17257650573722,7.94168681227358,8.9561681554281,0.00129339788970879,0.00123755824707362,1.23484982952105e-07,0.000716294589957069,0.00203290512443661,6.74526871570909e-06,6.54292418012422e-06,2.54273284056638e-12,3.90900926742735e-06,9.84852787746523e-06,-3173.23098008513,0.089491292638961,0.0738925489071471,0.98625,0.418707930505663
"quadratic",1600,"pg_apf",15,1470.994,288.748788798844,671.544871094606,139.215897557865,292.327966792376,11501.8981399615,289.276972766961,13040.4989379253,602.269790934912,0.196295014662768,0.456524548091023,0.0946406970782102,0.198728184338193,7.81913327991921,8.86509322126762,0.00131943514057578,0.00127140049381949,1.38577306382136e-07,0.000670949202611454,0.00207317132843843,7.12394356929546e-06,6.90726892231118e-06,2.69252622430348e-12,4.22337089004078e-06,1.04349309734289e-05,-3157.03404208133,0.085553273329699,0.0661726091553,0.9875,0.423384725286137
"quadratic",1600,"pg_apf",160,1464.569,223.949729194677,606.067589419025,131.519738004625,206.895797954052,11559.9819168658,225.605324818784,13019.9663380203,526.157013332364,0.152911695655634,0.413819758180752,0.0898009844566047,0.141267361219616,7.89309477181739,8.88996444552653,0.00124944497197527,0.00118958314074549,1.35551718423298e-07,0.000623625167392733,0.00200569114134813,6.78903721016773e-06,6.61302263794914e-06,2.48622387584697e-12,4.12690982852812e-06,9.96440194376042e-06,-3149.0470660878,0.0713354452331655,0.0582045915764549,1,0.416556569968056
"quadratic",1600,"pg_apf",161,1475.793,275.204850631377,626.515429427919,214.763424847613,256.170053379676,11598.5416196786,276.398608105898,13037.6575198198,554.769881080267,0.186479303419502,0.424527985583289,0.145524084236483,0.173581290451761,7.85919273209633,8.83434026304486,0.00131851199668863,0.00128352218455339,1.28882912872883e-07,0.000651957208958235,0.00198694820887871,7.1793987281338e-06,6.93801107767532e-06,3.14165516914762e-12,4.17973480465255e-06,1.05771580640197e-05,-3139.12214653192,0.0813102591955033,0.0654096075617586,0.99875,0.420417837229979
"quadratic",1600,"pg_apf",162,1462.946,334.195133991562,916.181257652985,198.24801765174,221.398103991848,11692.961393871,334.454529611681,13121.7895509807,796.579960470696,0.228439828942122,0.626257741333573,0.13551287446819,0.151337167600068,7.99274983073263,8.9694285031578,0.00133747088677879,0.00129497821442079,1.29280032190872e-07,0.000701953435168619,0.00204948485845183,6.7684441877239e-06,6.59057032995837e-06,2.48715283342203e-12,3.96023244105748e-06,9.9343650391455e-06,-3142.25018384928,0.0889537536189323,0.0715353440294918,0.989375,0.425928411993936
"quadratic",1600,"pg_apf",163,1477.385,354.574244928672,903.402913033955,146.184908949599,162.466670289601,12079.4455746989,355.707025669448,13825.6469426176,812.673727284004,0.240001248779886,0.61148780651892,0.0989484182860928,0.10996908069975,8.17623407216056,9.35818824654209,0.00152171801898542,0.00145886596251435,1.89130288161186e-07,0.000756753583439419,0.00239052052277114,7.06332417093468e-06,6.86393049286288e-06,2.71715236556561e-12,4.11306331172307e-06,1.04370501080029e-05,-3163.07761573449,0.0941185442938662,0.0786830403780199,0.990625,0.431192880829451
"quadratic",1600,"pg_apf",164,1471.43,260.479822469466,753.268433687159,164.099740273,180.324415313367,11894.6234755862,258.308068126281,13536.578329211,637.363239870914,0.177024950197744,0.511929506457772,0.111523987055449,0.122550454532915,8.08371684387716,9.19960740858282,0.00149013339401702,0.00142989529380308,1.90237658638241e-07,0.000722828028066862,0.00234440554969863,7.12471170217774e-06,6.85141536172579e-06,3.34939648366236e-12,4.01307452669111e-06,1.06687204061663e-05,-3158.55467166866,0.0893189799145449,0.0702366908331341,0.984375,0.428378747341802
"quadratic",1600,"pg_apf",165,1472.622,334.847726821724,870.203972390193,162.042631819321,259.237230645985,11884.8249393028,335.186194053997,13576.0909026214,781.163307977653,0.2273819940363,0.590921480454722,0.110036813126057,0.176037863515542,8.07051975272865,9.21899231616897,0.00143108954735819,0.00135843728916666,1.81241857680499e-07,0.00075425675785799,0.00227104939795789,7.02390331133591e-06,6.7751380568053e-06,2.72990223943141e-12,4.33900685274256e-06,1.0409380493318e-05,-3189.19621080426,0.0798565431799951,0.0632866189376572,0.993125,0.423783550482621
"quadratic",1600,"pg_apf",166,1487.446,295.887525101881,704.692905549658,204.769655068835,281.026815800604,11567.6255794152,304.00421704965,13002.9343707935,648.500758675742,0.198923204675586,0.47376032847556,0.137665269911536,0.188932449178393,7.7768373301721,8.74178583343094,0.00126493675138409,0.00121979049156515,1.21404205432749e-07,0.000653647500200562,0.00192609606942007,6.77128203971082e-06,6.54889672702138e-06,2.49913990516289e-12,4.01588518955588e-06,9.95654515274677e-06,-3152.9858168716,0.0791770121653698,0.0667353420626104,1,0.418368890959467
"quadratic",1600,"pg_apf",167,1476.446,247.278008122015,669.172861518759,131.465026499405,236.543722669825,11620.3676725169,246.684633204601,13139.4358554742,568.5002639698,0.16748191814805,0.45323219509468,0.089041540631628,0.160211563897241,7.87049961361061,8.89936770831727,0.00136000589561101,0.00131057981779062,1.51843242111859e-07,0.000676503497750995,0.00212450657196476,7.00957820606472e-06,6.73652898861026e-06,2.91254370203666e-12,4.23484667336197e-06,1.04705062328868e-05,-3188.62022030248,0.0730891568523579,0.0578501822104383,0.993125,0.424473830994385
"quadratic",1600,"pg_apf",168,1465.559,316.165097256767,756.601632140806,220.725603508657,175.00654938702,11476.7111507103,316.722541878787,12821.3266463629,673.580245125824,0.215730036973446,0.516254638769784,0.150608473291527,0.11941283113612,7.83094447286686,8.74842066840224,0.00125475133672344,0.00120286002036302,1.22773546536904e-07,0.000660174613924163,0.00192868931526783,6.91305964291715e-06,6.63802457357077e-06,2.93991725869316e-12,4.08049926648763e-06,1.05833658120034e-05,-3146.62090641115,0.0865299377792917,0.0667040177360065,0.980625,0.419537385527303
"quadratic",1600,"pg_apf",169,1474.239,268.936588537696,725.804293531869,110.877291313239,177.373445635856,12291.0322143662,267.79980688851,14236.1754444888,641.187841406164,0.182424008954923,0.492324713653532,0.0752098481407958,0.120315257998096,8.33720462853456,9.65662653374982,0.00173594656408886,0.00165482643740744,2.85906011672552e-07,0.00079292495944882,0.00281721768969602,7.39394577781155e-06,7.11339179670147e-06,3.68780128188109e-12,4.07583266626387e-06,1.13163985398942e-05,-3201.939872735,0.0830341153742199,0.0646310741594417,0.99375,0.441252780361669
"quadratic",1600,"pg_apf",16,1467.176,253.769513193164,720.167022871806,201.09142747819,231.141232302564,11653.8957863567,253.448431749663,13119.9245772532,607.750519122503,0.172964602197122,0.490852510449875,0.137060194194964,0.157541584855916,7.94307962122926,8.94229770474245,0.00128828944588238,0.00123783612344485,1.2243215000256e-07,0.000692340317311608,0.00199138177600559,6.74360267805074e-06,6.53528198748872e-06,2.27761108800823e-12,4.12587025887829e-06,9.7424150415846e-06,-3160.21158279451,0.0795803720620175,0.0628824185082857,0.995,0.419449380546369
"quadratic",1600,"pg_apf",170,1467.338,403.57881899566,1157.97214153891,142.030549747105,258.126195968512,12202.2737500172,404.75050559274,14089.108524117,1024.66468595657,0.275041482600232,0.789165237688186,0.0967947056145923,0.175914612698991,8.31592567630445,9.60181534460158,0.00162817130828508,0.00157168425106091,2.09472010100223e-07,0.000831115873835323,0.00251924778309039,7.28555026294074e-06,6.99975402025583e-06,3.02759417526065e-12,4.29873419902243e-06,1.08111227689683e-05,-3129.14951766322,0.0862745327438706,0.0683921905154251,0.990625,0.43886474989678
"quadratic",1600,"pg_apf",171,1472.846,286.169228243232,657.543561859084,180.043693090103,211.446762407992,11607.4735819705,286.040567620489,12955.554562445,590.251461574436,0.194296775252289,0.44644420520481,0.122242035548933,0.143563388438433,7.88098252089525,8.79627236143152,0.00125681040568234,0.00122113680274488,1.0998037234843e-07,0.000664851856470183,0.00190292384556574,6.86570477496292e-06,6.56889841305294e-06,2.98611126111591e-12,3.97144320754218e-06,1.0359781902991e-05,-3159.18995396105,0.0915125012705321,0.0743471843697967,0.99375,0.418784574366215
"quadratic",1600,"pg_apf",172,1471.683,297.971191987378,894.098719966025,153.536142646622,231.679175024193,11903.5878569672,298.724994713949,13553.9099361339,752.265071276157,0.202469684019845,0.607534856328452,0.104326911873428,0.157424645813122,8.08841840054362,9.20980261111526,0.00147048557183177,0.00138615286988878,2.00821926013491e-07,0.00074852929316087,0.00238814878447517,6.96301768392497e-06,6.76050726210122e-06,2.62126596578958e-12,4.11072843506319e-06,1.02295950369969e-05,-3144.74816056759,0.0813563089672574,0.0642314095310285,0.99375,0.429347979219987
"quadratic",1600,"pg_apf",173,1465.369,273.005520480464,718.681970678252,138.810719084887,125.777050160464,11601.008439573,272.266935674412,13179.4467460239,615.837248759605,0.186304965152439,0.490444366352947,0.0947274843980509,0.085833022372156,7.91678303524434,8.99394401411785,0.0014726856321453,0.00140693457464983,1.9191602006572e-07,0.000706783871974518,0.00237872697047689,7.58566483198751e-06,7.33647431895132e-06,3.57529558915326e-12,4.42532618793684e-06,1.14539389128033e-05,-3094.94859362231,0.0998566927506537,0.0775603477685988,0.98625,0.433251823668115
"quadratic",1600,"pg_apf",174,1470.234,265.14475623583,804.612628896923,162.646337676698,246.004149329824,11744.368143597,263.548697541373,13399.6035638544,646.648230712879,0.180341874991212,0.547268413665391,0.110626157248913,0.167323126338953,7.98809450985151,9.11392578586428,0.00138710457361392,0.001318236258326,1.66104882115729e-07,0.000713138220958524,0.00220558189548287,6.91022413861743e-06,6.69613981447885e-06,2.65656585879155e-12,3.98770177410377e-06,1.00617959885703e-05,-3153.50933402779,0.0652817941083651,0.0510958692993143,1,0.4244715013296
"quadratic",1600,"pg_apf",175,1471.59,359.097077721962,885.508766929078,32.3215125012539,252.890795634354,11616.1903838208,360.661660444295,13148.5296564292,776.208495825578,0.244019786572321,0.601736058908444,0.0219636668509938,0.171848677712103,7.89363231866267,8.93491370315727,0.00129997631973293,0.00124840372909152,1.18314424625364e-07,0.000717165053991003,0.00198053158688617,6.97138221525721e-06,6.79219167040523e-06,2.13793214462788e-12,4.42010268825669e-06,9.9068528246863e-06,-3182.82395983077,0.0905826132508602,0.0738518518494378,0.975625,0.416947103564355
"quadratic",1600,"pg_apf",176,1485.555,349.051857968806,1018.84815602268,184.188267350727,256.323215969911,11708.359371543,349.682017718597,13164.0838921993,905.292836508867,0.234963941401568,0.685836711547322,0.123986165002795,0.172543740198048,7.88147148476027,8.86139112466335,0.00136885888791443,0.00132069564483999,1.53358580364879e-07,0.000695246182598626,0.00210347615407273,7.06929757909769e-06,6.85881717389597e-06,2.6156258236554e-12,4.23618624973423e-06,1.04731344804521e-05,-3151.5918566486,0.083187172777722,0.0676123163480961,0.999375,0.424654462241614
"quadratic",1600,"pg_apf",177,1464.438,298.791819836134,759.438854487517,189.655330887235,113.912331102172,11299.2136514583,299.505823772771,12648.4440377163,668.031480474466,0.204031730831988,0.518587235845776,0.129507245023166,0.0777856973816386,7.71573371590896,8.6370635272482,0.0012028204589608,0.00116249260395799,1.00194569495475e-07,0.000629691567910901,0.00184393952717219,6.80394488444784e-06,6.56483450674609e-06,2.81373180875895e-12,4.03939885713648e-06,1.02884796324402e-05,-3160.20629278084,0.0742546903129933,0.0569061865252556,1,0.415473227092892
"quadratic",1600,"pg_apf",178,1475.304,307.477044168637,813.949401227327,102.343946842474,247.105688668018,11883.1608850456,308.412220203809,13561.9351616455,728.048108361596,0.208416058092866,0.551716392843324,0.0693714291037471,0.167494759499071,8.05472016956887,9.19263769477038,0.00146422323203851,0.00139966345375962,1.90689890126894e-07,0.000709701656354098,0.00228591103334603,6.94750426294204e-06,6.75038411351338e-06,2.51040670848762e-12,4.14192830762474e-06,1.00114914289133e-05,-3149.70143256741,0.0763508534941193,0.0635309286591463,1,0.428821739051876
"quadratic",1600,"pg_apf",179,1465.231,318.094660341424,910.326130330219,168.616850953336,263.973793717122,11639.6691311244,317.963234177004,13078.1997127493,755.218802028211,0.217095229585931,0.62128506039677,0.115078681077138,0.180158482667321,7.94391405254491,8.92569138432733,0.00136453315669182,0.00131924711316331,1.47245856630836e-07,0.000681233024238986,0.00209269309676146,7.1780210229293e-06,6.9184828933039e-06,2.74119742679523e-12,4.42274484429712e-06,1.04748713680305e-05,-3175.78820216923,0.0962748814620308,0.0761910516218553,0.97875,0.425986120647538
"quadratic",1600,"pg_apf",17,1470.365,267.25192801597,601.803467932512,171.544390667654,218.112618296152,11469.6585603757,268.319555420556,12844.5202377702,521.631273307647,0.181758902052191,0.409288488186615,0.116667895840594,0.148339098316508,7.80055194484074,8.73559982573731,0.0012394237596397,0.00118787684090836,1.18083036779463e-07,0.000644694112841381,0.00193926240908913,6.89899522999867e-06,6.73132965003078e-06,2.32878865475795e-12,4.11473707027662e-06,9.90380864528337e-06,-3182.34776146358,0.0749223467763341,0.0580513493241864,1,0.415952880038729
"quadratic",1600,"pg_apf",180,1468.7,262.22321582918,707.186804813469,198.17859018356,219.843050908979,11714.1696395313,263.966955327259,13104.7960697435,593.276979833684,0.178541033450793,0.481505280052747,0.134934697476381,0.149685470762565,7.97587638015341,8.92271809746275,0.00126669796900805,0.00122355096029399,1.17870325319826e-07,0.000629977810702608,0.00192581991778635,6.64006042454998e-06,6.42184414205133e-06,2.24985560222945e-12,4.10180472630273e-06,9.71604570963106e-06,-3156.88213830179,0.0735876838637847,0.0554635630960178,0.9825,0.415278423301722
"quadratic",1600,"pg_apf",181,1465.026,377.585597278459,1058.54812835574,159.725910619284,141.028021344261,11642.0246217641,375.386785730347,13221.4907228608,900.219924707765,0.25773303496215,0.72254562605424,0.109025990405143,0.0962631525612928,7.94663345344319,9.02474817707047,0.00138243489443166,0.00132261521098,1.78844758744352e-07,0.000674963383612307,0.00220326502412782,7.04825062740136e-06,6.74579874024687e-06,3.34746332688472e-12,3.9494068095011e-06,1.07226094498311e-05,-3163.73380294642,0.0781988085957808,0.0627808854679995,1,0.424793407322359
"quadratic",1600,"pg_apf",182,1466.539,296.401359323519,835.766531038029,179.479450489638,228.938756641327,11641.6359256453,297.87418128706,12995.1450776723,705.836170292556,0.20210942860948,0.569890422987748,0.122383005490913,0.156108195309724,7.9381700218305,8.86109750758234,0.0013008366236229,0.00125355287982981,1.15666866995409e-07,0.000698620553570547,0.00198753171137098,7.02778832753754e-06,6.84022605270332e-06,2.69370020947258e-12,4.19600617699083e-06,1.0435245638541e-05,-3143.91011760119,0.0825655258042238,0.064148259632239,0.995,0.421520228525307
"quadratic",1600,"pg_apf",183,1464.692,349.076116953588,1145.20870674112,147.172506994759,215.355143529291,11718.7278250431,344.394072165613,13243.4462650277,899.22944691964,0.238327318612779,0.781876808735979,0.100480173985219,0.147031009611093,8.00081370352477,9.04179599876811,0.00134329050757197,0.00128719612656516,1.47107358205379e-07,0.000677280262080983,0.00206555772472511,6.7541023645509e-06,6.48498097918416e-06,2.76689600205068e-12,3.86261519758715e-06,1.00438506076134e-05,-3150.89898977047,0.0742248662300119,0.0600807402657113,1,0.422515209397456
"quadratic",1600,"pg_apf",184,1469.978,346.955714675913,932.276140108712,136.935469761002,127.587351430618,11492.8500886736,349.612208100024,12934.5262909173,838.386918256251,0.236027828087164,0.634210947448677,0.0931547749428918,0.0867954155984767,7.8183823762489,8.79912916446184,0.00126948749410934,0.00122983942914157,1.11260826184045e-07,0.000680705377893681,0.00195608241340011,6.85306309872348e-06,6.57833843687397e-06,2.89449672113831e-12,4.04035733497821e-06,1.03486891914307e-05,-3143.80793487396,0.103618551750952,0.0857707233212049,0.978125,0.420560533053273
"quadratic",1600,"pg_apf",185,1515.095,291.526126556585,786.746167630852,196.396480586249,258.04292325454,11713.7835773927,292.187924433278,13135.2383324653,674.138978505369,0.192414420585234,0.519271839475975,0.129626512255831,0.170314682085638,7.73138554175992,8.66958067478628,0.00139279636780347,0.00132665774118652,1.51294580834138e-07,0.000748282618164315,0.00217110211571642,7.44435120065098e-06,7.15960373589813e-06,3.4983261982013e-12,4.26049427885909e-06,1.11313011862173e-05,-3145.50839227863,0.0962255422671543,0.0754424365631834,0.97875,0.425234540802283
"quadratic",1600,"pg_apf",186,1476.731,205.961202092732,581.823881629596,139.769587585892,303.581460810665,11789.2213716794,205.252267624248,13315.9041509446,511.634878634915,0.139471035749051,0.393994492991341,0.0946479674266283,0.20557668309981,7.98332355160106,9.01714946794279,0.00140779007191783,0.00135661113575841,1.56486376822263e-07,0.000724548784967284,0.00219615701634908,6.96443645520866e-06,6.65970309799859e-06,2.94084076615393e-12,4.00839448945329e-06,1.03940303397799e-05,-3147.43841350924,0.0835459824945863,0.0629403098864864,0.984375,0.428561519194885
"quadratic",1600,"pg_apf",187,1495.432,315.530763334155,757.912519982714,110.546458870688,253.663195692252,11793.9143104773,315.633944082951,13572.2371830281,677.738427048797,0.210996396582496,0.506818444424564,0.0739227586882509,0.169625362899986,7.88662694825129,9.07579694899407,0.00147108290498125,0.00139557285638254,1.90723414942481e-07,0.000761215846249495,0.00235026648080809,6.96185560637114e-06,6.77824926846552e-06,2.71033801476719e-12,3.99088555605101e-06,1.01415799618031e-05,-3155.02174449052,0.0804820982385733,0.0636062971498269,0.995,0.429653184800718
"quadratic",1600,"pg_apf",188,1473.301,292.634795002285,795.473890463002,180.226073209686,287.188770334201,12017.2603252774,292.671184921143,13457.1902475807,673.510869174354,0.198625260555911,0.539926254351963,0.122328073631719,0.194928782600569,8.15669053728833,9.13403998747079,0.0014378924093756,0.00137037937796095,1.77766291104416e-07,0.000727400980282157,0.00224657806529317,6.94445275220033e-06,6.76963947522564e-06,2.43626527005975e-12,4.23235432339617e-06,1.01473483333828e-05,-3152.84239620319,0.0901471649264792,0.075256998588058,1,0.426118749415779
"quadratic",1600,"pg_apf",189,1463.752,250.777490692085,727.785676075009,138.28644985296,246.749025717009,11606.5136086535,250.378598252663,13086.6744010674,602.347585025066,0.17132512248802,0.497205589522685,0.0944739613356363,0.168572972550684,7.92928966700197,8.94049975751859,0.00137589288355152,0.00133444822762915,1.53941726822e-07,0.000682831948880186,0.00214289833650705,7.27030871364395e-06,7.09855635732507e-06,2.75654657712615e-12,4.32330540668607e-06,1.05607121543117e-05,-3172.89607036147,0.0700870757367818,0.0543044544729609,0.999375,0.425826366859646
"quadratic",1600,"pg_apf",18,1471.869,293.943340080374,784.344832426592,164.88232630014,269.579536140861,11595.6716190796,295.334155442739,13190.1444752935,692.998623997123,0.199707541962209,0.532890381159324,0.112022419318662,0.183154571596291,7.87819542301633,8.96149349928119,0.00135510614443324,0.00131326160471806,1.35185976905445e-07,0.000723632412413432,0.00207086009090942,7.06297263399295e-06,6.8162032985988e-06,2.65843120110912e-12,4.21478301369131e-06,1.03114564719826e-05,-3156.98186836055,0.0777635831200018,0.0615672878022217,0.99,0.42429538247872
"quadratic",1600,"pg_apf",190,1474.454,337.732491364616,875.586495619821,140.487638416965,290.47125468875,11409.4254707033,337.957029027846,12833.9668972599,781.396069881316,0.22905597011817,0.593837783762546,0.0952811267201048,0.197002588543793,7.73806810568743,8.70421654202839,0.00123102791221427,0.00117861563035044,1.13610053476807e-07,0.000646040682825126,0.00193338899828754,6.7951880797667e-06,6.5759191454324e-06,2.43846094862257e-12,4.05054371955606e-06,9.88965067397903e-06,-3130.54045711631,0.0818523694307013,0.0620076026994407,0.999375,0.418614803948193
"quadratic",1600,"pg_apf",191,1483.517,328.946962074341,876.737812649383,161.567196676483,255.061025636053,11739.0010806647,331.268711205129,13480.7266214094,780.008107899365,0.221734541683271,0.590986023516672,0.108908220584249,0.171929964830907,7.91295352912347,9.08700515154828,0.00155880915365739,0.00147991437911994,2.10762651649079e-07,0.000808014833422821,0.00247975376851429,7.78763984242791e-06,7.50809469932445e-06,3.43421747247734e-12,4.65523360717428e-06,1.16317088577813e-05,-3154.01153844458,0.0939961987403019,0.0711147027317677,0.98625,0.437978162541844
"quadratic",1600,"pg_apf",192,1481.03,366.866328450157,1023.50640005281,184.923131212244,290.901475806866,11619.832538677,367.727812445661,13090.6949380626,906.369563791931,0.24771026140602,0.691077425881186,0.124861165008301,0.196418354663218,7.84577796444161,8.83891274185036,0.00136421819155195,0.00130325609686636,1.47688054869647e-07,0.000708792443803004,0.00215197296085695,7.02504558354871e-06,6.78407136282782e-06,2.61256484088209e-12,4.2854747252243e-06,1.0230239145438e-05,-3187.45510186959,0.0938107636344217,0.0758758571963882,0.968125,0.423980700888252
"quadratic",1600,"pg_apf",193,1463.956,301.25147728947,836.289691364085,124.945259985888,222.866523299448,11583.3872890966,303.329963043284,13136.4400804625,726.488893424215,0.205779051617309,0.571253296795863,0.0853476880356296,0.152235807155029,7.91238759163296,8.97324788481521,0.00131785124497808,0.00127235194815818,1.48735215054e-07,0.00064143112693372,0.00205007769854829,6.9051345780681e-06,6.67116748957001e-06,2.81441267401064e-12,4.00085841194697e-06,1.02005974849414e-05,-3170.58910226318,0.0795340125019644,0.0650499056665814,0.995625,0.420608081744438
"quadratic",1600,"pg_apf",194,1473.714,280.316956937887,796.391552784214,178.229876280458,211.453285248913,11735.2304385121,279.213016914183,13384.9918544579,656.429422477352,0.190211232937929,0.540397629922912,0.120939257061043,0.143483257435916,7.96303111628992,9.08248944805975,0.00148175753251127,0.0014204044304334,1.88576706366601e-07,0.000727527686956948,0.00239688132000008,7.24631522308589e-06,6.99222010706502e-06,3.29746285406866e-12,4.24741026786541e-06,1.08128628733353e-05,-3127.75714865773,0.0767157425144717,0.0598617840808416,0.9925,0.431445320461708
"quadratic",1600,"pg_apf",195,1465.299,268.035609328331,762.864299825946,199.492359974098,277.286184762444,11904.9117779002,269.10475698247,13632.985284123,632.75343162607,0.182922126697917,0.520620228244165,0.136144472885123,0.189235224184582,8.12456145667214,9.30389311950874,0.00153855882677918,0.00147027522553682,2.04211713783557e-07,0.000780638597918871,0.00244631965744946,7.27605011418919e-06,7.10698734278038e-06,2.54542966402239e-12,4.35003993997533e-06,1.04022701317816e-05,-3137.05307213756,0.0902485891319456,0.0714648477174394,0.985625,0.434625304322195
"quadratic",1600,"pg_apf",196,1474.974,350.633278024566,842.731950262529,226.868853294251,293.972637515841,11395.1753166781,351.204182472187,12703.7179911145,755.106974120493,0.237721666974853,0.571353766413868,0.153812103328093,0.199306996269657,7.72567876903466,8.61284198305493,0.00116689082242112,0.00111990561474195,8.84783453517427e-08,0.000648687331292487,0.00179760634370544,6.69653475986593e-06,6.47607272722187e-06,2.30509276621392e-12,4.25021914869348e-06,1.00179659959537e-05,-3190.08085510504,0.0853221447122306,0.0699181761836228,0.991875,0.409734631012682
"quadratic",1600,"pg_apf",197,1463.438,286.466252450825,705.510195353702,194.669136274479,282.186938490473,11227.3454264464,286.321678074571,12676.2381695961,607.709255037046,0.195748813718672,0.482090936106417,0.133021785873046,0.192824662534712,7.67189688011822,8.66195777996476,0.00118754105148523,0.00113544511364831,1.12157958211237e-07,0.000638653958597184,0.00187955970685222,6.9060012998999e-06,6.70973470649811e-06,2.61707881527071e-12,4.12216123659905e-06,1.00797635289616e-05,-3149.28926768137,0.0766094102999944,0.0605237149204625,0.991875,0.414668187627967
"quadratic",1600,"pg_apf",198,1465.096,302.720882525409,761.796523105606,165.108203197168,303.069902451823,11242.4772162444,302.447794401655,12544.8274422759,641.510622312338,0.206621874966152,0.519963553996193,0.112694460429329,0.206860098213238,7.67354304171497,8.56246105530007,0.00117142779169931,0.00110429882542337,1.16009450612669e-07,0.000612738803250736,0.0018945150572813,6.86147381057285e-06,6.66040509079268e-06,2.3649519719015e-12,4.1545517222064e-06,9.9623263221556e-06,-3146.27555064773,0.082610842357835,0.0649668504932416,0.988125,0.410231493078891
"quadratic",1600,"pg_apf",199,1463.691,244.00825004448,532.35814534305,176.563797347257,234.356378605118,11371.0825189856,245.577679528394,12729.2173131663,450.362741711976,0.16670748815459,0.363709379468105,0.120629147372811,0.160113287985728,7.76877258860346,8.6966561338194,0.00124359820363001,0.00121129702506944,1.02066147335252e-07,0.000653272006831709,0.00185957742264844,7.03153598094573e-06,6.79936131827524e-06,2.91210601423244e-12,4.01528724678826e-06,1.03934634906592e-05,-3109.9460251508,0.0881016201042363,0.0700647100615527,0.99125,0.420753363967098
"quadratic",1600,"pg_apf",19,1467.753,414.010999041137,1079.21203711362,204.242571163279,280.873523958322,11610.3288709199,414.372993731871,13240.9662288895,963.953740108842,0.282071301534479,0.735281779096085,0.139153230252828,0.191362936378479,7.91027432471262,9.02124964410872,0.00134979190006188,0.00130928904719886,1.21315926432209e-07,0.000724898530683558,0.00202973126561093,7.07258416001115e-06,6.85262386406935e-06,2.48894698489302e-12,4.24790079197631e-06,1.01878275447023e-05,-3152.21347263228,0.0898316863459541,0.0695922971046861,0.998125,0.423464562776916
"quadratic",1600,"pg_apf",1,1468.43,320.831540930171,742.432478441848,207.747890562584,223.235355606796,11694.8349121357,321.366919060475,13222.1402372514,686.081987301697,0.218486098029985,0.505596098174137,0.141476196047877,0.152023150989013,7.96417596489837,9.0042700280241,0.00131290050261747,0.00126698074891697,1.27903558936712e-07,0.000679399745288451,0.00199772335153614,6.7698115626859e-06,6.51686511325941e-06,2.82752629197081e-12,3.8905566283194e-06,1.0182044160638e-05,-3216.78605850793,0.0757265580344195,0.0584629686727338,0.99,0.419352588111018
"quadratic",1600,"pg_apf",200,1467.842,270.497574578141,725.6057818376,148.669052162911,187.346575924354,11504.6042026888,271.973804067145,12807.1979057419,651.851211937708,0.184282487201034,0.494335072737801,0.101284097445714,0.12763402050381,7.83776741821587,8.72518834162116,0.00127515304990272,0.00121474075529213,1.28109838140093e-07,0.000672148775840699,0.00197358676427333,6.93884566366801e-06,6.66267167184244e-06,3.12031600042982e-12,3.88567637943557e-06,1.03982821177318e-05,-3148.41362637705,0.0897125262649395,0.0701076893162829,0.985625,0.420414146428036
"quadratic",1600,"pg_apf",20,1468.231,202.006436503349,493.642842816549,173.494441839614,213.818247776162,11491.9144126992,203.92260953389,12773.5265033039,420.825462225478,0.137584914433321,0.336216060563051,0.118165630503384,0.145629841473285,7.82704793230712,8.69994333541783,0.00126495755071204,0.00120160925051976,1.22039170458987e-07,0.000662725383321949,0.00193253418375601,6.90481114314166e-06,6.65422349198865e-06,2.64058989215102e-12,4.02215250272043e-06,1.01154514413685e-05,-3138.11707418676,0.0726175227998675,0.054955153436985,0.999375,0.417614009428577
"quadratic",1600,"pg_apf",21,1477.773,369.064830684437,1010.67972081343,144.586164151466,215.597677131731,11767.2343498949,368.282735172411,13162.800209615,870.022599643121,0.249743925951034,0.683920819241812,0.0978405777825592,0.145893636662553,7.96281590602538,8.90718683425333,0.00139848610821406,0.0013561164530521,1.49873794788567e-07,0.000710623705176437,0.0021197232990245,7.29122702032542e-06,7.09617537411644e-06,2.75440395936924e-12,4.40971091596879e-06,1.06173601005087e-05,-3183.66526155561,0.0928959000974105,0.0763020155458357,0.9875,0.426075534863489
"quadratic",1600,"pg_apf",22,1463.905,313.391478380649,814.367060731492,162.138837435398,276.728780535093,11858.0988580306,312.478001238945,13379.1123603472,723.953053447932,0.214079109218596,0.556297752061433,0.110757759168387,0.189034657669106,8.10031993744856,9.13933100873839,0.00138522027909894,0.0013298452123739,1.46638651712035e-07,0.000708321286980963,0.00218683864150298,7.01848856932684e-06,6.79422870795879e-06,2.80436434768021e-12,4.05285496633563e-06,1.03693753646779e-05,-3185.41345824886,0.0880045264675867,0.0717590551435,0.978125,0.421898542028757
"quadratic",1600,"pg_apf",23,1476.702,354.043157766461,1016.26390400398,102.227795937808,242.10036831977,11632.5907428431,351.961309567671,13670.4263029722,911.981185640357,0.23975260937309,0.688198366362328,0.0692270992643117,0.163946665149617,7.87741246564513,9.25740352689451,0.00157698949185367,0.00148006331193093,2.82761267080946e-07,0.000717827599146406,0.00270504834230902,7.20436461814808e-06,6.9317892736342e-06,3.14585800229645e-12,4.2683497687525e-06,1.08710327240404e-05,-3154.94427683842,0.0883420631187584,0.0682788826421667,0.978125,0.435766457765288
"quadratic",1600,"pg_apf",24,1482.713,298.839256549241,761.430431276663,69.9436623296445,262.092727755393,11434.3600974101,298.306164422991,12910.187923262,676.235943172028,0.201548955562702,0.513538649271075,0.0471727585376567,0.17676565036888,7.71178245379252,8.70713882137808,0.00127472274148643,0.0012127033357949,1.42011322284804e-07,0.00065617622975027,0.00203751549674544,6.89418866452205e-06,6.7046804221376e-06,2.5684633733896e-12,4.02055074345129e-06,1.0150279231426e-05,-3163.47686849609,0.0776969380171258,0.0624064069045028,1,0.417802824619871
"quadratic",1600,"pg_apf",25,1464.008,423.495528687557,1077.99183831471,135.893233615782,233.029023496398,11938.4140371193,423.790207156984,13608.4061163955,975.76444600672,0.289271321391384,0.736329199235732,0.0928227397772292,0.159171960464969,8.15460983622994,9.29530857508669,0.00148263296303698,0.00139106490428962,2.37821515287698e-07,0.00069623889186862,0.00239524689494776,6.84833571466195e-06,6.58988087074889e-06,2.85845804331676e-12,3.91094176517172e-06,1.01475664181377e-05,-3187.74522274176,0.0763041271014138,0.057367467847499,0.991875,0.430260810221861
"quadratic",1600,"pg_apf",26,1486.93,394.742497074227,933.403448187147,207.020838952832,261.704243745854,11737.6662686371,394.531471895862,13227.3986099719,849.906469663444,0.265474835449031,0.627738661663392,0.139227024105259,0.176003069240552,7.89389296647259,8.89577761560522,0.0013701415790951,0.00132025339085237,1.43066439238553e-07,0.000706146619347067,0.00212777264018998,7.00424676820629e-06,6.81227857109357e-06,2.6068783496962e-12,4.13924552790268e-06,1.01493122273463e-05,-3205.90794664894,0.0865131563756862,0.0686143879242155,0.99875,0.42260130636255
"quadratic",1600,"pg_apf",27,1483.09,305.698230138282,869.084439769246,177.687538393554,222.100507633154,11840.6916430807,305.672349184761,13622.6873519956,775.844698148035,0.206122507830464,0.585995751956554,0.119809005787615,0.149755245894149,7.9837984499125,9.18534097862951,0.00147099293847825,0.001398937436654,1.91199690885856e-07,0.000752399419254647,0.00234847650487798,7.02371790706126e-06,6.74055672103821e-06,2.90142248073693e-12,4.28866842317549e-06,1.05147533056864e-05,-3208.83240579852,0.0807040825049051,0.0647835070948596,1,0.429110214603131
"quadratic",1600,"pg_apf",28,1466.88,201.93802624873,574.964368106946,121.988676614556,190.111944216048,11693.2541213534,201.556100157921,13342.4983865605,458.805919249309,0.137664993897749,0.391964147106066,0.0831620014006298,0.129602928812205,7.97151377164689,9.09583496029705,0.00140182095253825,0.00132417152604205,1.90074013672364e-07,0.000705983056178925,0.0022790027941684,6.98391881513246e-06,6.75602876824178e-06,2.74321532626608e-12,4.18254473869645e-06,1.03268073432074e-05,-3179.80581207843,0.0919878113338521,0.076060704753254,0.99625,0.424396601581416
"quadratic",1600,"pg_apf",29,1475.945,198.032507570225,488.982161859293,216.055128863653,244.404449760315,11537.9024116073,199.085147151804,12930.8652126876,435.45031950467,0.134173365247502,0.331301072776623,0.146384268291605,0.165591840996999,7.81729834892719,8.76107525191495,0.00121252837390479,0.00115916538777214,1.09967653677324e-07,0.000653870716961333,0.00189411595951052,6.58885924828446e-06,6.4318256073973e-06,2.00066895974322e-12,3.95784589604179e-06,9.27584411269449e-06,-3161.79404716593,0.0741813394963881,0.057820275307982,0.985625,0.410701573940917
"quadratic",1600,"pg_apf",2,1473.774,326.552918634392,875.429174751192,145.538400970698,202.632233082338,11609.985559107,325.1229148161,13049.0576591756,757.919791042034,0.221575980193973,0.594005033845889,0.0987521838292017,0.137492066682095,7.87772450803649,8.8541782248673,0.00134665952267038,0.00129272899620758,1.46594713694178e-07,0.00069798900526197,0.00208796195012741,7.24820922936806e-06,7.02669996712001e-06,2.83598320757866e-12,4.2754454031554e-06,1.06602376215286e-05,-3172.40434449516,0.0991851124545577,0.0840832015035607,0.998125,0.425287453860327
"quadratic",1600,"pg_apf",30,1462.791,452.918001797002,1183.60698276608,66.8070942912221,293.315439580511,11869.0401229144,454.002231130854,13382.9557585086,1079.78953776483,0.309625914978286,0.809142921145999,0.0456709771192345,0.200517667650752,8.11396851834227,9.14891857996707,0.00139000709680587,0.00135138050721735,1.40348628243578e-07,0.000735879605442026,0.00212868797676792,6.98518099284723e-06,6.76139276766073e-06,2.50782908490204e-12,4.23941716999125e-06,1.03203794513685e-05,-3158.08734532096,0.0903433086110072,0.0732991212908953,0.995,0.422487665329034
"quadratic",1600,"pg_apf",31,1462.968,396.042099586854,951.179082108688,172.829090192515,265.557759128435,11753.5848526171,396.39023128285,13264.015908039,879.943577950551,0.270711389166991,0.650170804903927,0.118135933385088,0.181519868601661,8.03406831360433,9.06651130307636,0.00143361547251508,0.00138751802313944,1.56740939904026e-07,0.000736751696353271,0.00220318915708188,7.32263249400231e-06,7.11093210320849e-06,2.69277659871872e-12,4.51463211610728e-06,1.06881657832463e-05,-3158.89762827293,0.095367421417237,0.0732265518611837,0.956875,0.429401247798096
"quadratic",1600,"pg_apf",32,1473.239,418.409581394954,1169.59096948331,132.436825632545,225.651417513634,12167.0353495157,419.018676998581,14005.6927149505,1053.66673521799,0.284006587793939,0.793890855104508,0.0898950038877228,0.153166877549151,8.25869757012658,9.50673496625494,0.00170740227330511,0.00161577678963394,2.72610960792157e-07,0.000861071681914051,0.00274747345062749,7.36899719997092e-06,7.14442956550462e-06,3.146977341804e-12,4.41313660802737e-06,1.09977330778482e-05,-3167.5815998947,0.0916038703646146,0.0775219655038985,0.985,0.441226848259547
"quadratic",1600,"pg_apf",33,1462.762,269.988660744797,684.978015762832,208.809731110124,194.676660146405,11459.2260476469,271.566692056055,12842.4313830522,620.67621936051,0.184574565612722,0.468277146769489,0.142750311472491,0.133088404091988,7.83396481973616,8.77957684370539,0.0012182814546037,0.00117411728338191,1.06005685918219e-07,0.000655242331561706,0.00186467802351483,6.64893989121724e-06,6.44946167433185e-06,2.44974389456351e-12,3.93893023480826e-06,9.75233998760205e-06,-3165.7980458758,0.0978438195537383,0.0784007851010392,0.99125,0.416296965717103
"quadratic",1600,"pg_apf",34,1476.342,345.804545267699,893.932136675865,104.073522332486,220.864000350482,11506.5767879092,346.904410880448,12925.2786350027,792.973752515257,0.23423064931276,0.605504779160835,0.0704941824675354,0.149602192683323,7.79397780995815,8.75493526229197,0.00122707559159631,0.0011790421956518,1.06337702981212e-07,0.000661262636628561,0.0018760607222636,6.88433115060922e-06,6.64356093893767e-06,2.72132046389892e-12,4.0160278167855e-06,1.02269490621435e-05,-3195.09491890615,0.0814755954990078,0.0634851297147453,0.98875,0.417161043489864
"quadratic",1600,"pg_apf",35,1479.598,340.007414641374,809.922800891176,186.633216963842,251.477786228397,11712.6386610972,341.638065169933,13246.5610465281,710.515278665158,0.229797157499114,0.547393819734263,0.126137786725747,0.169963588912933,7.91609522390351,8.9528108624965,0.00141685271421346,0.00136514573576843,1.47594966254765e-07,0.000742659877425025,0.00219581651624819,7.33048009157583e-06,7.05474032555567e-06,3.3218447955358e-12,4.13407666185625e-06,1.09363586230312e-05,-3172.04880971618,0.0820617456320019,0.0637524353321757,0.9825,0.426545322382758
"quadratic",1600,"pg_apf",36,1466.591,312.37323787772,854.213392123306,148.167841478943,195.615225924775,11582.6927197416,313.543569306567,13075.9066765505,752.58835887418,0.212992741587614,0.58244827093805,0.101028740445662,0.133380898917814,7.89769794014936,8.91585089268279,0.0012974799204245,0.00124908605295394,1.24794149311168e-07,0.00069098335124133,0.00203808786430173,6.99444642604975e-06,6.72570788571121e-06,2.91139092191288e-12,4.06459881582347e-06,1.04468409025042e-05,-3182.84434172467,0.0931175045653547,0.0763963941241847,0.986875,0.418791918381343
"quadratic",1600,"pg_apf",37,1468.005,321.508116577015,868.461322838753,210.895104922137,280.438123058732,11636.7484766867,322.982914296401,13126.9599534362,765.666324729145,0.219010232647038,0.591592891603743,0.143661026305862,0.191033493113942,7.92691338019063,8.94204035642674,0.00127978804713518,0.00122979456522464,1.20017560667313e-07,0.000693155860447835,0.00199337860162873,6.87714679725876e-06,6.69347557685979e-06,2.39489176013374e-12,4.1164402002819e-06,1.00181270569648e-05,-3128.25127951804,0.0952953670847114,0.0762794831636903,0.9825,0.419274379075343
"quadratic",1600,"pg_apf",38,1473.235,218.685963889932,565.152315654528,119.812501992345,239.661847059415,11871.7793567215,218.806899358477,13377.781510852,482.329187852275,0.148439294403087,0.383613147701846,0.0813261305849679,0.162677269450844,8.05830662231181,9.0805482566271,0.00144409355709239,0.00136733312164279,1.83648298138347e-07,0.000776225455952567,0.00240567012162776,6.95095189024468e-06,6.77735772936204e-06,2.51013691821635e-12,4.13549355221202e-06,1.00722694002632e-05,-3142.5433333333,0.0902922953383605,0.066497874491095,0.983125,0.430636285077614
"quadratic",1600,"pg_apf",39,1464.21,402.216565442257,1027.9634615891,215.033402966341,260.394360273538,11616.0076465461,403.178114262767,12952.2481240143,899.15799247293,0.274698687648805,0.702060129072404,0.146859673794293,0.177839490423872,7.93329348013336,8.84589514073412,0.00120676372694643,0.00116781391657322,9.27766891667903e-08,0.000686162646024086,0.00181539816737589,6.56113048586612e-06,6.39985122545114e-06,2.22984411625022e-12,3.73929315758065e-06,9.38235443903198e-06,-3190.92503147215,0.0718102209574643,0.0546507603066414,0.976875,0.411794417764206
"quadratic",1600,"pg_apf",3,1463.61,371.515652224237,1007.29354303325,171.167871975672,231.382689306597,11672.1067992039,372.385338680027,13334.7076242347,823.521224555582,0.253835142028434,0.688225376318316,0.116949099811884,0.158090399291203,7.97487500031011,9.11083391356622,0.00137208917207783,0.00133379038083419,1.46920499769402e-07,0.000685937501088281,0.00214393633773076,6.93444621981518e-06,6.69354233537939e-06,2.57390892480776e-12,4.10228268893604e-06,1.01566752285305e-05,-3150.83911157227,0.0866794061718398,0.0701394455414191,0.9925,0.424296501539203
"quadratic",1600,"pg_apf",40,1469.481,314.815819208783,776.454266603354,128.751916283453,220.95420234022,11419.3100937267,314.813020037989,12864.2658988715,696.474909976493,0.214236059676023,0.528386734230217,0.0876172718690834,0.150362068199738,7.7709817913445,8.75429209283517,0.00126445627624076,0.0012092774323999,1.34436300809087e-07,0.00063493627489507,0.00196083412062186,6.97623923128387e-06,6.80651342392572e-06,2.63451333307814e-12,4.08850699641908e-06,1.01327507093208e-05,-3160.17584002299,0.096841304879445,0.0707999541141976,0.9825,0.419189711717807
"quadratic",1600,"pg_apf",41,1463.574,356.979693510181,1162.4066697116,188.667733276379,240.522870292491,11685.4399664065,354.048853530433,13194.3436385778,1029.79122028847,0.243909562147306,0.794224733229479,0.128908912891579,0.164339398139412,7.98418116638211,9.01515306952558,0.00149189381024104,0.00142249929461503,2.0013597696625e-07,0.0007650819166939,0.00239104424299354,7.75613207477252e-06,7.51019152606736e-06,3.38673278815349e-12,4.49378080151683e-06,1.14707642223993e-05,-3093.80512924366,0.107418991500328,0.0861209889595376,0.965,0.43460772847411
"quadratic",1600,"pg_apf",42,1471.106,296.515439984456,786.081909413234,192.94964028271,276.146978440923,11842.110888976,296.29483978521,13388.5292208152,676.819406378108,0.201559534108661,0.534347565310204,0.131159576728468,0.187713855045743,8.04980123048647,9.10099559162641,0.00140751550741793,0.00135635577280181,1.65826826700861e-07,0.000724314602376116,0.00217122312942083,6.95241317252148e-06,6.62177641563108e-06,3.35945142714895e-12,4.04399246781888e-06,1.06810491517911e-05,-3132.13001951765,0.0926155235114976,0.0720937995640153,0.98375,0.429139116305523
"quadratic",1600,"pg_apf",43,1465.02,274.55495441244,703.806753149526,164.715048344516,241.248396809988,11542.5982274241,275.192718904717,13022.5871833428,607.303955814446,0.187406966739321,0.480407607506741,0.112431945191544,0.164672425502715,7.87879907948296,8.8890166573445,0.00127252940014415,0.00121374543662231,1.26166519986391e-07,0.000642631484493991,0.00198175529525621,6.73279734697568e-06,6.47392234895475e-06,2.74745965956318e-12,3.77810788367037e-06,1.01304016510925e-05,-3124.04895436529,0.0916433735923281,0.0727688025476409,0.98,0.420154970989592
"quadratic",1600,"pg_apf",44,1473.268,344.152746340797,847.973061816461,189.496107073944,193.366799983464,11664.2186879935,345.943346897743,13193.8391179881,753.060993604652,0.233598195535909,0.575572850164709,0.128622970887811,0.13125025452495,7.91724159351418,8.95549154531836,0.00134769895451162,0.00127379808188154,1.52896602457119e-07,0.000709389260284677,0.00218650033531579,6.93710228765533e-06,6.70424027457724e-06,2.72695151478145e-12,4.1365314406427e-06,1.03189464986088e-05,-3142.0330967936,0.0813231369915471,0.064300292842795,0.988125,0.420906787882756
"quadratic",1600,"pg_apf",45,1462.73,246.687919741941,638.568100343073,191.931672401304,210.442640079464,11682.8076312338,246.626261718799,13050.3991219979,542.47768753564,0.168648978103916,0.436559105469275,0.131214696082875,0.143869777798681,7.98698846077801,8.92194671743787,0.0013109983977264,0.00126673185867704,1.10371884735877e-07,0.000736271690987094,0.00201347442320899,7.09365474395589e-06,6.88752242362643e-06,2.85911560704498e-12,4.22530242135847e-06,1.06359369527419e-05,-3162.3376472285,0.0999725579558457,0.0764981172535764,0.976875,0.420787395222091
"quadratic",1600,"pg_apf",46,1471.751,323.003293312246,812.444932090547,131.751506299377,271.564530661075,11802.5246773189,322.695601442333,13415.6058940268,724.187572192205,0.219468709932757,0.552026077842344,0.089520242418301,0.184517986168227,8.01937602034512,9.11540463979765,0.00141047333679596,0.00134241625639833,1.56558430754053e-07,0.000775798825775557,0.00222125801389165,7.06783077230859e-06,6.8152369577288e-06,3.12234604933113e-12,4.04619766518486e-06,1.06083096010774e-05,-3181.53833714464,0.0851386431771295,0.0670370267580958,0.988125,0.423518562450306
"quadratic",1600,"pg_apf",47,1464.632,345.037060018461,846.432475835928,129.003872721657,286.939992219309,11665.4880615754,346.183495290764,13287.2326232679,739.469073873683,0.235579353734222,0.577914777115294,0.0880793760628315,0.195912688115041,7.96479119777217,9.0720622130801,0.00139975335280373,0.00133158775997422,1.74380857950927e-07,0.000711019905600331,0.00223330922705009,7.00088888877973e-06,6.77602868271371e-06,2.66943497575364e-12,4.1736960476079e-06,1.0332459776202e-05,-3161.74777474642,0.0917377239612741,0.0732280373021935,0.998125,0.426064113469522
"quadratic",1600,"pg_apf",48,1469.012,377.591255733897,1172.8058517896,193.11045405492,210.49672961997,12133.1634511789,379.217875093554,13857.4586760978,1006.9550789006,0.257037557034182,0.798363697362309,0.131456008565566,0.143291361554548,8.25940390628453,9.43318276235854,0.00162191985072691,0.00157236363353577,2.0289000086733e-07,0.000814339382372826,0.00252267752361248,7.20061089719211e-06,6.9265504596982e-06,3.12122774259784e-12,4.07193686743144e-06,1.07486975866177e-05,-3184.80747768316,0.0932242740726355,0.0749464910097428,0.975,0.436855368057199
"quadratic",1600,"pg_apf",49,1469.257,273.704873189809,628.751972791284,155.905638511815,254.597700610543,11578.6395958271,274.927857401701,13119.5446094087,571.38103152961,0.186287949072088,0.427938728752889,0.106111890916167,0.173283299389108,7.88060876744308,8.92937356051987,0.00127591403987471,0.0012200296780536,1.18199983991504e-07,0.000688039850666656,0.00200168678467638,6.78692211480054e-06,6.59871548037668e-06,2.43044094720799e-12,4.1146446804756e-06,9.96974739128272e-06,-3165.18234753782,0.0777916649022204,0.062172774846816,1,0.419442082914103
"quadratic",1600,"pg_apf",4,1465.806,298.381181091852,830.832695067622,181.47971646166,224.268685561049,11626.6864548541,298.48258642751,13271.1118008687,694.596020241543,0.203561167775171,0.566809451637953,0.123808823583516,0.153000250756955,7.93194082631272,9.05379825220302,0.00135383807741232,0.0013001775776364,1.37657876615158e-07,0.000705381449251195,0.00208116987233683,6.93669813658833e-06,6.75693032436719e-06,2.30615525588883e-12,4.24691862585343e-06,9.88294645538418e-06,-3172.44596954287,0.0979873693616517,0.0763759864685613,0.96875,0.424475169791201
"quadratic",1600,"pg_apf",50,1464.971,250.634789439159,694.403178570984,176.363705957647,234.601098904225,11530.5342861745,249.561369985538,12984.1173420819,592.821806749151,0.171085154203843,0.474004726763181,0.120387165314294,0.160140438892118,7.87082767247579,8.86305417792016,0.0013214515139527,0.00126954890243682,1.46588915158329e-07,0.000657248678631844,0.00211056743175748,7.00843954739185e-06,6.76405460253016e-06,3.08898185111538e-12,3.952539458532e-06,1.0221999624016e-05,-3133.44204693968,0.0833186332584952,0.0668703776705952,0.971875,0.421418451780169
"quadratic",1600,"pg_apf",51,1467.86,361.098105604312,887.970145502128,169.105352541424,292.071662715649,11643.9305840449,362.50409172817,13152.4411607961,797.623221345778,0.246003096756034,0.604941987316317,0.115205368728233,0.198977874399227,7.93258933688835,8.96028310656061,0.00133058698550967,0.00128852897050523,1.16855452802393e-07,0.000722922626305412,0.00201044258777158,6.85101759868581e-06,6.62017566403862e-06,2.76688165159464e-12,4.11805189558274e-06,1.02519595492694e-05,-3135.88983865264,0.0775890816800241,0.0624673502021372,0.99875,0.423820920630096
"quadratic",1600,"pg_apf",52,1469.573,346.484577017716,936.091736392071,161.345012033898,234.629853022073,11602.2061952314,345.383280519713,13120.3692106866,837.152491440894,0.235772280123353,0.636982127728307,0.109790403085725,0.159658521912197,7.89495057083345,8.92801460743128,0.00139110517463051,0.0013341354199736,1.57881595518195e-07,0.000719721008816509,0.00216518793846197,7.24510247104794e-06,7.02215122634685e-06,2.91091240889426e-12,4.30553911338085e-06,1.07503923855265e-05,-3107.85243902181,0.100545724839811,0.0819979622788449,0.985625,0.43049544569228
"quadratic",1600,"pg_apf",53,1463.746,320.954951113104,730.650223902959,182.240098394667,215.769366558713,11533.9276609027,320.619350215792,13156.1962522825,637.658737223696,0.219269566655078,0.499164625490323,0.124502542377343,0.147409022165535,7.87973300074103,8.98803224895744,0.00143125715666688,0.00136717561717223,1.78066272601885e-07,0.000727617840435271,0.00228251072397738,7.39492077592641e-06,7.13878813340253e-06,3.29360730497032e-12,4.23791052817549e-06,1.10704043942082e-05,-3150.15748074909,0.0964097266071922,0.0769977924827219,0.97625,0.430797849370612
"quadratic",1600,"pg_apf",54,1463.187,346.376041472662,916.964293919512,210.863266369228,276.922375446982,11608.005687969,347.504449582418,13137.6266040978,800.564462707555,0.23672711790951,0.626689749102139,0.144112315356293,0.189259729239654,7.93337125601102,8.97877482789129,0.00128031581152224,0.00122604456150495,1.0812597754526e-07,0.000741697379172531,0.00195499571510427,6.94529364107075e-06,6.70061865312776e-06,2.57717216963388e-12,4.12688402218432e-06,1.02585431095916e-05,-3150.07985375683,0.0769353772951047,0.0633765110373416,1,0.417569105097421
"quadratic",1600,"pg_apf",55,1482.433,351.804374721522,873.620929994106,183.09291245442,267.352475512183,11453.3543170948,351.716684749954,12953.1418926084,764.397640042186,0.237315531104287,0.589315625052941,0.123508389555832,0.180347088544429,7.72605191404593,8.73775873352013,0.00124883601180892,0.00120998645393866,1.15516451463822e-07,0.000630867176406138,0.00192187104216236,6.89213744170633e-06,6.67887300748311e-06,2.69853271814056e-12,4.08096141651173e-06,1.03271246904555e-05,-3178.56167079036,0.0768170428208526,0.0595321460356293,1,0.419446070303949
"quadratic",1600,"pg_apf",56,1465.52,315.415004241009,835.075533708869,186.07484315558,205.415439451095,11773.4254460754,314.063585455936,13407.7010852758,740.981480502052,0.215223950707605,0.569815173937489,0.126968477506673,0.140165565431448,8.0336163587501,9.14876704874436,0.00146822769026268,0.00139499892226629,2.03897379532054e-07,0.00073621822147823,0.00234759274537267,7.08895526918784e-06,6.8233722000615e-06,2.93264319575453e-12,4.13167635476663e-06,1.04849112130824e-05,-3156.30098688574,0.0849314493915962,0.0690270904337384,0.995625,0.432865703112779
"quadratic",1600,"pg_apf",57,1468.861,292.196658014696,747.874006189302,169.089856968512,244.120242047034,11394.1203751895,293.377787330225,13004.6531890179,659.166989332896,0.198927371626516,0.50915233380783,0.115116309146006,0.166196966252786,7.7571127391833,8.85356285517686,0.0012508359053221,0.00120226830793261,1.19831455020224e-07,0.000663078365452694,0.00193176036502406,6.72650467016998e-06,6.55547094387039e-06,2.52020880900718e-12,3.98273059186105e-06,9.89500161288195e-06,-3155.13942575405,0.0876478816807043,0.0715131840903344,0.990625,0.417455676501676
"quadratic",1600,"pg_apf",58,1467.686,506.988521178223,1339.93859076157,157.222968386445,270.019839354228,12049.6033622084,507.00376781582,13999.8759147617,1261.88518488214,0.345433915141402,0.912959986510444,0.107123027940885,0.183976572205654,8.20993275278797,9.53874051722351,0.00159939558918357,0.00152253440299703,2.47336500550784e-07,0.000789729104716715,0.00264266166523347,7.03431034862053e-06,6.83105947051098e-06,2.70954049622703e-12,4.15217993045408e-06,1.02594153126094e-05,-3185.37677041914,0.0773527631091887,0.0622644404722926,1,0.434276320297213
"quadratic",1600,"pg_apf",59,1463.003,326.549383015718,785.756662181763,124.213907751627,251.435929268786,11481.1401783461,327.716588923707,12949.8603529641,699.289442253926,0.22320486220173,0.537084792158159,0.084903385537574,0.171862893834658,7.84765320258816,8.85156103778606,0.00125166576673587,0.00121194985464551,1.18843708859048e-07,0.000629386982113342,0.00191502179333973,6.73175854746927e-06,6.47088519109786e-06,2.37971276206595e-12,3.99982455006475e-06,9.72762524029062e-06,-3172.07038019113,0.0691287553013063,0.0554660591747676,1,0.415691451368317
"quadratic",1600,"pg_apf",5,1476.718,202.117395248028,529.754847729392,161.470284272392,203.252242483067,11830.4713700498,203.269479000021,13344.6131428195,450.251563259807,0.136869324575192,0.35873799041482,0.109344021182373,0.137637817432351,8.01132739632737,9.03666992805632,0.00143453931917647,0.0013726582987867,1.65383937539675e-07,0.000769497572858478,0.00225339203198811,7.21917813474697e-06,6.99525509453339e-06,2.96648468208771e-12,4.03449244796163e-06,1.06626205055779e-05,-3166.8536713769,0.0943311008904388,0.0754707536398848,0.98875,0.427872695181123
"quadratic",1600,"pg_apf",60,1464.849,330.442294252473,773.542182371167,200.501537419206,244.948515421362,11784.5514584203,334.993112722368,13242.7194991321,671.956099366326,0.225581131060248,0.528069570564042,0.136875225650703,0.167217587219817,8.04489162938998,9.04033077752868,0.00137063449829932,0.00131475083842185,1.34831699112668e-07,0.00074811323471423,0.00213841044533243,7.06411785048333e-06,6.74820508026867e-06,3.06398332970505e-12,4.03274848975833e-06,1.04946471503269e-05,-3152.91882538838,0.0768969984365156,0.0643713371942994,1,0.424462326099395
"quadratic",1600,"pg_apf",61,1468.405,305.109815275492,769.744130370401,176.170001421598,224.774251829568,11554.660995227,304.85336115779,13032.4116431602,679.913363063378,0.207783149250712,0.524204242269947,0.119973713942406,0.153073744525228,7.8688515738008,8.87521606311621,0.00128374105381067,0.00123746434623631,1.28946851541383e-07,0.000653422343304915,0.00198751674871832,6.8646253603961e-06,6.61200551862877e-06,2.93442353335294e-12,3.89843941095436e-06,1.03861521343741e-05,-3143.05575583193,0.0954053060402819,0.0758191932995498,0.96875,0.418813211041012
"quadratic",1600,"pg_apf",62,1488.582,261.65279485697,707.895988614354,153.782162561044,243.604135909175,11796.5636141662,267.143057500222,13460.7710941815,626.015019523117,0.175773182032948,0.475550549861784,0.103307820839593,0.163648449268616,7.92469854812581,9.0426802784002,0.00149814762035513,0.0014272106436184,1.91187256630697e-07,0.000772037121036974,0.00240815013111984,7.26424996947242e-06,7.01459068330649e-06,3.12053930742096e-12,4.26192132150896e-06,1.08499420715463e-05,-3200.23877816585,0.094695598434292,0.0772069268244265,0.99125,0.428302604309243
"quadratic",1600,"pg_apf",63,1474.533,274.09338678499,732.754804204092,155.342949918584,172.312128104419,11372.9409075886,275.380186637535,12928.430148368,645.69152809017,0.1858848779817,0.496940254442655,0.105350609256343,0.116858780443991,7.71291039779282,8.76781336760042,0.00133269335510302,0.00127623786800905,1.50269427986437e-07,0.000636376712192178,0.00209602625698872,7.39166505665904e-06,7.16551306163209e-06,2.92842110948566e-12,4.31655993210477e-06,1.08272357255096e-05,-3137.03605449321,0.0946608287975732,0.0762605879160066,0.975,0.421843566916946
"quadratic",1600,"pg_apf",64,1474.978,312.517586376347,802.556792526619,135.826969301124,230.026630034919,11618.1340347791,313.102345446653,13160.5959910898,727.746058956978,0.211879489983137,0.54411441562289,0.0920874543899121,0.155952583723227,7.87681852527909,8.92257104247645,0.00140458164616183,0.0013514102250815,1.48818453109239e-07,0.000742797290630644,0.0021734804126608,7.4142258752527e-06,7.18116568836857e-06,3.31558623542217e-12,4.30987389303442e-06,1.10758664480986e-05,-3134.12915112598,0.0885807513928527,0.070558512529239,0.983125,0.427005557948675
"quadratic",1600,"pg_apf",65,1465.995,259.229597958985,719.603739144261,144.192731685686,237.430859941393,11459.6364549494,261.127431598404,12769.5906878056,610.775704277464,0.1768284325383,0.490863706318412,0.0983582697660541,0.161958847022938,7.81696830817936,8.71052813127305,0.00128871551228829,0.00124315380606246,1.28181809103976e-07,0.000641181210175388,0.00198306369285936,7.00798562452575e-06,6.76694800256228e-06,3.04673042767062e-12,4.0006435395524e-06,1.0447163629111e-05,-3174.67104239174,0.0879223349026756,0.0698913616888758,0.99125,0.420231008418959
"quadratic",1600,"pg_apf",66,1463.581,340.584063787656,882.594731323579,156.362552170301,219.514864417145,11542.4747314827,341.816673227703,13092.0279467902,807.433040961152,0.232705988795739,0.603037844385503,0.106835598556077,0.14998477324941,7.8864611739854,8.9452021765725,0.00127919278727763,0.00122455848319353,1.2558161382741e-07,0.000676455459837804,0.00201707023742885,6.8295023589097e-06,6.59697309645088e-06,2.64879355545691e-12,4.09291661200696e-06,1.01819620658311e-05,-3179.96688903563,0.0820108272549366,0.0677053411421699,0.989375,0.418022661893924
"quadratic",1600,"pg_apf",67,1466.593,309.713262957767,793.555976536318,143.798900671133,194.74477376373,11983.4460583326,310.230289948775,13411.0350043951,673.163217472594,0.211178740767048,0.541088070471029,0.0980496297685407,0.132787197104943,8.17094180753123,9.14434679859724,0.00145530141938133,0.00137928457100692,1.82908106590336e-07,0.000743065686179449,0.00231395459257684,7.02211317437856e-06,6.74024025531674e-06,3.02726435264124e-12,4.14156063525507e-06,1.04035045447254e-05,-3141.42793372602,0.0912515227996865,0.0729994910846534,0.999375,0.429252028673088
"quadratic",1600,"pg_apf",68,1472.212,348.189834006389,928.509696036509,134.287535561157,197.270508448577,12207.8850298526,348.818421950215,14022.3330555319,828.363574084262,0.236507944512332,0.630690210402108,0.0912148084387008,0.1339959927297,8.29220589823517,9.52466971844537,0.00181953997847356,0.00176003467972222,2.65106073496288e-07,0.000906529622575073,0.00288497639651839,7.68234670316723e-06,7.40156253980432e-06,3.87582399151188e-12,4.35610025088525e-06,1.15945214952583e-05,-3126.02008112703,0.108032341118123,0.0841825885845761,0.9875,0.450678526588749
"quadratic",1600,"pg_apf",69,1472.348,254.620766574434,719.572488462557,187.59165831853,210.969409908875,11755.1711461799,254.095909152782,13198.3668913231,629.006877405523,0.17293518011668,0.488724464910848,0.127409863917043,0.143287734902941,7.98396245057545,8.96416261055342,0.00135750179498472,0.00131869506977185,1.39517719636905e-07,0.000694379788932648,0.00207874248675474,7.16439411636908e-06,6.89093336226305e-06,3.07426708309595e-12,4.22025279858964e-06,1.07628038441513e-05,-3184.21993353687,0.0868935348465004,0.0693311234067826,0.980625,0.422323286456449
"quadratic",1600,"pg_apf",6,1472.527,448.221930345564,1165.72455621851,134.082740655985,239.852865379719,11814.6315856819,448.410795805909,13805.9766653077,1030.58676505761,0.304389617538805,0.791649019826811,0.0910562187694931,0.162885207116554,8.02337178583612,9.3757035798377,0.00154240636244883,0.00147115499474442,2.67064916035032e-07,0.000643507622637949,0.00250435125025793,6.88993597945312e-06,6.64020544641232e-06,2.92864123269569e-12,4.00065184953118e-06,1.0316291194194e-05,-3158.65292170898,0.0732282646135275,0.0591665854638149,1,0.431581281458997
"quadratic",1600,"pg_apf",70,1464.69,260.808771326283,688.292609308111,143.706918208342,248.335763880399,11431.7561839664,260.17992622189,12891.9093277773,580.452065790164,0.178064144171315,0.469923744483891,0.0981142208988537,0.169548343936532,7.80489809035799,8.80180060475414,0.00131963255997759,0.00125756030058416,1.48607208407983e-07,0.000671778882953382,0.00212179798583119,7.10887927394629e-06,6.81842893144485e-06,3.03050727447e-12,4.15215756287006e-06,1.05867572168734e-05,-3158.87829659131,0.106659995849708,0.0864992083495946,0.963125,0.424743995383319
"quadratic",1600,"pg_apf",71,1473.909,273.497368568814,795.567430943319,162.884882774025,212.650107138879,11923.928919988,274.899259869448,13482.0583966029,682.077024255162,0.185559195695809,0.539766994396071,0.110512170543788,0.144276279701717,8.09000346696302,9.14714436006765,0.00153344330281873,0.00146216521425222,2.05433311492958e-07,0.000750743092394234,0.00244444678020771,7.43943922141083e-06,7.1399599212035e-06,3.60755781788298e-12,4.25364726376955e-06,1.10984494742457e-05,-3154.23506997386,0.0972557593433873,0.0775850872900673,0.980625,0.434012611514619
"quadratic",1600,"pg_apf",72,1471.077,340.055033402889,889.662772563776,162.990709105862,214.904205869939,11856.6305174709,342.170285583197,13524.4979847878,784.976859164173,0.231160594178883,0.604769684091163,0.110796857748345,0.146086306746649,8.0598299867858,9.19360304374811,0.00155371453416373,0.00150304087912992,1.91982246048025e-07,0.000790511034594004,0.00240918669161053,7.42605881391433e-06,7.2278373041274e-06,3.35147178077269e-12,4.09475310007154e-06,1.10217720658138e-05,-3154.20228648392,0.0996779823797118,0.0819078606288876,0.969375,0.43561364995535
"quadratic",1600,"pg_apf",73,1470.237,365.83846903939,1009.92090304601,183.881132015882,227.687403538504,11538.5028774032,365.355871424425,13061.1545907697,894.057016275516,0.248829589405919,0.68691027572154,0.125069041260614,0.154864422224787,7.84805638642148,8.88370690628091,0.00130666292455936,0.00124989199452052,1.35349113460149e-07,0.000701624846648823,0.00208190234455728,6.82467875834689e-06,6.6511456072538e-06,2.28501627560788e-12,4.18054574666675e-06,9.8753038733333e-06,-3129.76056947419,0.0701834820075791,0.0524550555185708,0.994375,0.420440426751842
"quadratic",1600,"pg_apf",74,1464.315,372.798654585775,986.297683883342,169.993405883871,259.399581281015,11478.8519393103,373.116877101062,12922.2287038148,868.317650499926,0.254589111349522,0.673555678855534,0.116090735862072,0.177147390609954,7.83905917736979,8.82476018057237,0.00125614246472174,0.00120753638640537,1.26369197049756e-07,0.000672138006282161,0.00193248090233956,6.91715632627745e-06,6.72671787567834e-06,2.51061036535776e-12,4.08351327590607e-06,1.00813977835198e-05,-3126.06337848732,0.0771207587541037,0.061433363652449,1,0.41900625993708
"quadratic",1600,"pg_apf",75,1463.211,267.303665182282,710.698873656726,184.648054793254,229.711462963277,11628.3405501715,273.565558313416,13260.6540760699,628.381824646924,0.182682924870222,0.48571181713145,0.126193730633008,0.156991345037234,7.94713855361359,9.06270802780314,0.00134058222240729,0.00127571950368595,1.59430342055766e-07,0.000671149006192461,0.00217267402139726,6.82740249486154e-06,6.64255306089109e-06,2.35344033166279e-12,4.1533805517705e-06,9.78524022535221e-06,-3180.63483191328,0.0675616372710449,0.0546298905170547,0.9925,0.421257515079105
"quadratic",1600,"pg_apf",76,1478.751,266.978744199851,709.689201662438,141.345939305514,242.30578733394,11880.3608239182,266.589203578481,13546.2675099262,632.592630880077,0.180543407375448,0.479924748427854,0.0955846787630334,0.163858409789031,8.03405091453407,9.16061426834278,0.00139443151482403,0.00134293351377471,1.55510550820188e-07,0.000718596336851601,0.00220418324400516,6.92960611234825e-06,6.65011309045792e-06,2.85759770948777e-12,4.01492788861478e-06,1.03442367361172e-05,-3193.80585331769,0.0875528089909541,0.066473146411043,0.985625,0.424959460594258
"quadratic",1600,"pg_apf",77,1462.652,393.204900343029,1033.56490963117,191.346413953062,183.642032108795,11667.8926022951,394.58142006333,13048.4530532319,906.909878458014,0.268830111566544,0.706637607326397,0.130821558342697,0.125554152394961,7.97721713865987,8.9210919981184,0.00132100042242168,0.00128478084009812,1.29974584219276e-07,0.000702691256869362,0.00202698836907823,7.04003653115529e-06,6.75062836791738e-06,2.92860008132446e-12,4.02978645243316e-06,1.03691936266478e-05,-3140.91157435164,0.0856440052552093,0.0675776383805036,0.9725,0.421340960348583
"quadratic",1600,"pg_apf",78,1477.221,274.508276207643,707.272263542889,196.838044140622,260.88543446754,12087.2638482959,272.903577707637,13699.5772070786,606.850131896936,0.185827493792495,0.478785681724596,0.133248880255982,0.176605554935612,8.1824343468553,9.27388468419998,0.00147230045767706,0.00141028825849657,1.78707471364419e-07,0.000765604616633821,0.00232833560203599,6.91994742357683e-06,6.78822319976648e-06,2.3098818517291e-12,4.14813275438355e-06,9.84137484390554e-06,-3168.33115036622,0.0927178210185973,0.072424090788856,0.980625,0.428217560420354
"quadratic",1600,"pg_apf",79,1464.383,304.03892767766,764.330357170789,125.891361987953,236.456548143661,11518.237904619,305.171512634409,12864.7918009195,692.695617372405,0.207622546613598,0.521947029684713,0.0859688769863845,0.161471792655105,7.86559110875981,8.78512779847859,0.00125679165411204,0.00121348417167939,1.11961117870995e-07,0.000653192415606246,0.00189962846841104,6.97366811512549e-06,6.74390921357613e-06,2.83938199959978e-12,4.07510204767566e-06,1.03173300468113e-05,-3179.55986656934,0.0893022074389083,0.0660285946000473,0.975,0.416885543752389
"quadratic",1600,"pg_apf",7,1473.794,256.816349650258,632.416047070691,43.0048270777571,179.621010794664,11816.4902072971,255.341326740006,13502.8821108732,566.026172259518,0.174255255246159,0.4291074920041,0.0291796730599779,0.121876606089225,8.01773531938459,9.16198743574284,0.00141191537931453,0.00136265369501358,1.59937366498996e-07,0.000697653522036887,0.00218965706394426,7.05351650192352e-06,6.81280648838396e-06,2.98941473815043e-12,4.05328997654334e-06,1.04685504648297e-05,-3188.50033509281,0.0748901568436059,0.0604031985410291,1,0.42700580942769
"quadratic",1600,"pg_apf",80,1480.351,377.782131779156,1036.9648771753,132.279431351522,204.937968172017,12274.1886002941,381.675344487095,13998.2992130443,884.670515233502,0.255197673915954,0.700485815306845,0.0893568021040427,0.138438767678758,8.2914042685107,9.45606765763277,0.0016439184352133,0.00157159797412914,2.33353302568895e-07,0.000813005982816565,0.0026146598123482,7.29250992032301e-06,6.98499099442426e-06,3.49960485917796e-12,3.90646563976849e-06,1.09532820498378e-05,-3185.30733412582,0.0812476810999463,0.0646819624639133,0.97625,0.434332435791991
"quadratic",1600,"pg_apf",81,1464.688,329.428152944675,807.545715373106,198.044930916393,252.473872903923,11556.4085606193,328.438850388216,12931.8987354386,734.654585409279,0.224913533083275,0.551343163440341,0.135213049411474,0.172373824940139,7.8900138190654,8.82911496198416,0.00123853792059353,0.00119935388876001,1.09942218738709e-07,0.000672645848049107,0.00189389687524454,6.83094741275147e-06,6.62872244026044e-06,2.43406669921727e-12,4.19969963225425e-06,1.00674517996071e-05,-3149.16376153038,0.0816199679650049,0.0648873055799979,0.9975,0.412875794370883
"quadratic",1600,"pg_apf",82,1480.318,335.030784125017,928.896768311211,143.180137310204,284.271421716385,11648.3618370368,335.077241011243,13304.4527909333,822.298629991035,0.226323522462753,0.627498124261957,0.0967225537419688,0.192034023578978,7.86882402094471,8.98756401728092,0.00142473623762776,0.00135686005378369,1.91508580211732e-07,0.000708972678824779,0.00233303345932638,7.28592244782429e-06,7.065325779747e-06,2.92189396902167e-12,4.31095762918367e-06,1.06020788262104e-05,-3161.69887525992,0.074393311332637,0.0616054816006538,1,0.428114644890884
"quadratic",1600,"pg_apf",83,1485.615,231.684934805983,721.302591333867,153.895166154567,179.962291685867,11627.4485140408,227.139822105992,13118.9620381103,623.286924022579,0.155952204848486,0.485524574895829,0.103590207526558,0.121136560741422,7.82669030269671,8.83066072845947,0.00135635886522946,0.00128453993078651,1.59819063773796e-07,0.000723503605333413,0.00215277314080077,7.1525896592445e-06,6.87121632519636e-06,3.40014443612273e-12,4.01038974568862e-06,1.08439237969363e-05,-3144.98688802194,0.0707045906433457,0.0566599416649858,1,0.424560356453988
"quadratic",1600,"pg_apf",84,1463.708,369.41926120839,981.982757102923,106.072766018323,232.208567816994,11883.0532643493,369.208460149906,13473.600057412,850.211896581097,0.25238590019894,0.670887060194331,0.0724685292546895,0.158644051830689,8.11845891690779,9.20511472056718,0.00140941046751618,0.00135232539072868,1.68358909247266e-07,0.000662012094008644,0.00219392747300416,6.77482762325244e-06,6.50922888391207e-06,2.74768441123771e-12,4.11039938337156e-06,1.01517582941114e-05,-3180.12571377555,0.0804245730645572,0.0640073631467948,0.995625,0.427417539114183
"quadratic",1600,"pg_apf",85,1466.681,207.383280052535,529.867873030429,213.708481100636,224.665892829919,11601.1579816252,208.824736389384,13000.4668626,445.868817747968,0.141396309117344,0.361270019200105,0.145708904049781,0.153179793581508,7.90980314166829,8.86386805488034,0.00126210584468203,0.00121271950023084,1.2038740588439e-07,0.000648864514453122,0.00193833055487451,6.74323197704802e-06,6.51223029808462e-06,2.53258091494686e-12,4.03227342213178e-06,9.85927994625426e-06,-3147.28757531896,0.0670556460502279,0.0559802044536964,1,0.419018270874389
"quadratic",1600,"pg_apf",86,1466.556,243.969759172691,659.724401294331,157.714902423421,232.042219187929,11296.4797730774,244.201990114802,12748.6261039157,572.787293816233,0.166355569901655,0.449846034719663,0.107541002473428,0.158222542601802,7.70272650555277,8.69290098974448,0.00123639050377553,0.0011931675201618,1.09152453925824e-07,0.000666657188442212,0.00186657418220656,6.78094614454288e-06,6.5276280876275e-06,2.61680769348132e-12,3.9805412430782e-06,1.00534593818901e-05,-3151.19978116127,0.0918735729368411,0.0743522838382088,0.980625,0.419397306944147
"quadratic",1600,"pg_apf",87,1471.433,350.654770563826,1004.16785103465,171.385847290579,210.867682689261,11552.2803669192,349.734392553526,12946.1738734868,848.435423306747,0.23830835013475,0.682442116654069,0.116475467989762,0.143307702552044,7.85104069768666,8.79834411317868,0.00126156279669032,0.0012286915890279,1.11255748890544e-07,0.000642833984843985,0.00190360163533073,7.01405978734565e-06,6.84927686554805e-06,2.41280132091832e-12,4.36599607233802e-06,1.01309579042835e-05,-3204.36386342742,0.0955529777945043,0.0760499149609876,0.973125,0.412247643187952
"quadratic",1600,"pg_apf",88,1464.772,243.073043592576,604.246266081661,179.137712282493,176.703061446426,11511.5567868218,243.449903515438,12992.1805109434,523.663278590401,0.165945992681848,0.412518990041905,0.122297335204724,0.120635198820312,7.85894104121445,8.86976301495622,0.0013067322342508,0.00125452614018587,1.29130607750484e-07,0.000689702848818609,0.00201297530903106,6.99398711705262e-06,6.66908752498002e-06,3.19010722377471e-12,3.96367330049596e-06,1.06337045847411e-05,-3152.25943313828,0.0854538522199031,0.068382454913512,0.99875,0.423132469547127
"quadratic",1600,"pg_apf",89,1480.044,267.586052524209,667.889562839894,162.457370500122,169.682989297156,11681.309587613,267.570343442684,13178.0714993012,605.512723323111,0.180796011824114,0.451263315712164,0.109765230290533,0.11464726001197,7.89254210524352,8.90383765570562,0.00129065858956129,0.00124067061454947,1.22686063354336e-07,0.00069883215686734,0.00198011602562358,6.68426917389298e-06,6.46781887080271e-06,2.55855710462762e-12,3.86780172838131e-06,9.78799357325441e-06,-3149.49075691262,0.085077816469394,0.0683584428256022,0.99875,0.421015919656717
"quadratic",1600,"pg_apf",8,1477.619,422.172336527313,1233.24189188317,159.347577891009,237.190553586349,11848.8014224071,420.715615714282,13243.5616484035,1105.57769247925,0.285711226322423,0.83461426246087,0.107840774848597,0.160522132962793,8.01884749885259,8.96277162678843,0.0014072527590714,0.00134446225240373,1.4821264630246e-07,0.000752542370608188,0.00221934450827008,7.17667133923943e-06,6.96259024553524e-06,2.84468265575272e-12,4.22779205980778e-06,1.05361052946636e-05,-3147.14965743374,0.0839376284372603,0.0628316233212506,0.98375,0.427178900827622
"quadratic",1600,"pg_apf",90,1472.408,327.622054267818,899.383180153708,178.435062815919,245.835145305934,11698.700670834,325.98843638791,13303.21276385,766.179824086268,0.222507657027005,0.610824703583319,0.121185882456438,0.16696129422411,7.94528464313829,9.03500440356887,0.00137708630585177,0.00131076435457426,1.67048338300964e-07,0.000708209659120739,0.00222215679708832,7.02890332818314e-06,6.84417836807667e-06,2.59055961909131e-12,4.05096788185972e-06,1.0170243514157e-05,-3141.48858337909,0.0849446336400541,0.0653533819173055,0.98,0.425494810290737
"quadratic",1600,"pg_apf",91,1517.361,282.65367258609,704.921077308278,171.575052075023,183.031920451069,11686.2304261974,284.194618583156,13103.5081975721,614.917742511354,0.186279779555485,0.464570446524115,0.113074642141866,0.12062516464511,7.70168102791455,8.63572228202258,0.00136593233442259,0.00131960574231296,1.36678695239315e-07,0.000697281485813185,0.00209564681165811,6.98328388445773e-06,6.75247324657136e-06,2.95635204863984e-12,4.03274026928308e-06,1.04054793609744e-05,-3141.17247226825,0.104151140892319,0.0823786288281241,0.97625,0.424841132177185
"quadratic",1600,"pg_apf",92,1473.925,326.082237211578,864.242788220582,215.09506589118,212.364551345507,11773.6863469614,324.629275626307,13333.8052034235,775.309024977545,0.221233941490631,0.586354657272644,0.145933521645389,0.144080975182256,7.98798198481024,9.04646111805111,0.00138209160691718,0.00132838356666713,1.33268380636278e-07,0.000761380385073712,0.00211039287057498,7.04484117701753e-06,6.7555998502856e-06,3.14812947839709e-12,4.01910525755957e-06,1.07626234228203e-05,-3174.93903830528,0.0929319335537895,0.0760829828772097,0.99375,0.426154465247583
"quadratic",1600,"pg_apf",93,1495.559,255.053324427966,626.117810824981,172.687488508831,103.922520155816,11546.9188805331,254.024087528841,13054.1217750178,567.537926704856,0.170540463083012,0.418651361012826,0.115466851196664,0.0694874091599299,7.72080464932046,8.72859029634924,0.00131672729028507,0.00126125403268357,1.33239857952088e-07,0.00068163403326046,0.00201595171968776,7.08231672399674e-06,6.76414663059796e-06,3.11501739666948e-12,4.03121823923752e-06,1.05848381588238e-05,-3171.52176628424,0.0819446991361867,0.0659647175502792,0.995,0.422165303603392
"quadratic",1600,"pg_apf",94,1476.093,274.110295894827,731.09209755035,177.454140721903,195.073001644765,11311.1466307819,273.23752862853,12716.5687396693,629.194866573488,0.185699881982251,0.495288642077667,0.120218807840632,0.132154953410636,7.66289565141349,8.61501866052433,0.0012260469198924,0.00116179391517874,1.30814222053067e-07,0.000647085529446183,0.00200496211423894,6.90675796605218e-06,6.69072642712265e-06,2.40145182396056e-12,4.12072961349831e-06,9.88299461606178e-06,-3158.13775552985,0.069428258934526,0.0524358197534214,0.98375,0.416864195043254
"quadratic",1600,"pg_apf",95,1478.822,245.051314893261,587.272054632334,169.323374213908,243.459991732215,12035.805089581,250.783555256227,13826.062852205,503.99790644192,0.165707106665482,0.39712152959067,0.114498820151382,0.16463103181601,8.13877876416566,9.34937595748847,0.00164595420687564,0.00155644996411356,2.64926726573445e-07,0.000773988396007188,0.00265518576266099,7.4464077969038e-06,7.19884350757575e-06,3.39673297353959e-12,4.3314170188512e-06,1.12574983677734e-05,-3169.87212457003,0.0813905963961661,0.0657486291197091,0.990625,0.438898431231968
"quadratic",1600,"pg_apf",96,1469.513,397.485515951222,1096.46978966167,202.129808686217,219.669968549882,11853.3950442594,394.933154886556,13569.5653778356,969.028367132272,0.270487920795,0.746145008354242,0.137548840116567,0.149484875975838,8.06620631750753,9.2340560293346,0.00146433426829274,0.0014090503929249,1.68660235395704e-07,0.000747057499747265,0.00232652955500479,7.02901657404158e-06,6.791448211817e-06,2.83948600302252e-12,4.24656536442934e-06,1.04434014281365e-05,-3149.2341951503,0.0772580532734412,0.0632616638523414,0.9975,0.428189443086537
"quadratic",1600,"pg_apf",97,1477.146,401.219678451263,943.396767904674,127.96172293631,257.207970552294,11761.1230381575,401.739586987284,13506.5338474836,837.776565253516,0.271618159918696,0.638661830248787,0.0866276745401671,0.174124948077099,7.96205861719664,9.14366883671867,0.00151863028858403,0.00145096281537816,2.01920477248382e-07,0.000744729509635548,0.00239206246722422,7.19340722625315e-06,6.94770685338705e-06,2.82886699444734e-12,4.34610047852976e-06,1.06046537115474e-05,-3135.91381402768,0.0994646780570142,0.0767697047414011,0.975,0.43596232679709
"quadratic",1600,"pg_apf",98,1475.692,332.143116474612,911.538104406153,157.991549191207,227.049593977583,11999.466262103,332.774921977801,13719.5062368743,801.895851483326,0.225076178819572,0.61770213866183,0.107062685974585,0.153859744430127,8.13141648941851,9.29699845013343,0.00156421512881204,0.00147329117977875,2.29365742202557e-07,0.000800258718931819,0.00249301964894296,7.13525122740473e-06,6.90753271650811e-06,3.26397676471925e-12,4.07308982240801e-06,1.05711652498612e-05,-3187.6617140249,0.0922371920693226,0.0734974480309917,0.989375,0.434785325384131
"quadratic",1600,"pg_apf",99,1469.192,316.139375404053,819.862600726129,204.633870132091,224.94018665026,11385.7844325899,314.77299482569,12831.6656712211,694.957204524932,0.215179074895625,0.558036390564425,0.13928327280035,0.153104690639658,7.74969128105104,8.73382489914256,0.00118457749023255,0.00114741281719527,9.35158637086022e-08,0.000655566042744159,0.00179617081408328,6.55575418187503e-06,6.2816340640979e-06,2.62005900384248e-12,3.86005032818632e-06,9.92578152886792e-06,-3154.46968235679,0.0783411226308877,0.0651581946120429,0.991875,0.412610693795938
"quadratic",1600,"pg_apf",9,1489.897,262.24069448469,686.788742088633,198.662030664011,244.238718905576,11372.2999938399,263.601883116282,12733.9874807402,578.333502380811,0.176012633413377,0.460963906960436,0.133339439346486,0.16392993536169,7.6329437496954,8.54689114800563,0.00118677398569186,0.00115722158510921,1.02410600290314e-07,0.000561576825176297,0.00178838534265549,6.6080870710996e-06,6.39888696898892e-06,2.39264272071259e-12,4.03240676625002e-06,9.89777632350511e-06,-3161.66834341001,0.0662930951100997,0.0541238504551323,1,0.414329471558512
"quadratic",200,"pg_apf",100,184.179,735.148955236898,1749.88198360971,265.200297566291,313.583094952345,9681.1761653988,736.070283111642,6032.41932120476,1174.63832579043,3.991491729442,9.50098536537669,1.43990518770485,1.70259961750441,52.5639522714251,32.7530246184677,0.00769679906897109,0.00633566677628612,2.47575984753458e-05,0.00135095826883144,0.0173132508143671,6.34917259195657e-05,5.31740711666658e-05,1.73931843738694e-09,1.21892177250515e-05,0.000141117645679374,-383.802952891813,0.130496333954675,0.115919826503736,1,0.649347649961341
"quadratic",200,"pg_apf",101,183.794,928.773632952249,2105.17328104878,236.36363196978,303.681702452109,10399.6580746725,930.19514270002,6215.23005277622,1090.2237923586,5.05334033185114,11.4539826166729,1.28602474493063,1.65229388582929,56.5832294561985,33.8162837349218,0.00721705379178097,0.00598839015838294,2.13813687848906e-05,0.0014404666269853,0.0167318049132077,6.15879366221965e-05,5.26866376649869e-05,1.27633693476386e-09,1.31436600582468e-05,0.000133095717999759,-387.610618567129,0.178566107595444,0.122266167591684,0.945,0.642236138358414
"quadratic",200,"pg_apf",102,184.344,562.807804024539,983.806288125524,232.806514419668,370.406210109983,10101.0561710267,571.724481807026,6523.96024854585,847.901263117522,3.05303022623215,5.33679581719787,1.26289173729369,2.00932067281812,54.7946023251459,35.3901415209925,0.00577403357885541,0.0048497712921842,1.35764219857136e-05,0.00103844846750402,0.012612160973106,5.98733655237328e-05,4.99851268233875e-05,1.41978488009593e-09,1.12820367205433e-05,0.000133121125792646,-379.297217518685,0.152656138665081,0.112024367970622,0.98,0.612603992244983
"quadratic",200,"pg_apf",103,182.933,716.040830459206,1467.02098615242,379.096305401163,338.499468571517,10870.1287878944,724.035028180833,8685.49142661542,1262.33505021667,3.91422450000386,8.01944420171547,2.07232322982274,1.85040134131904,59.4213662264022,47.4790848377024,0.00494575700643506,0.00428381871168917,8.50813170246538e-06,0.00122444231946011,0.0105698959302884,5.08176296334212e-05,4.28191283654672e-05,9.50954289098725e-10,1.14740017367454e-05,0.000106355743404183,-394.516970568704,0.118821147223649,0.0888426581803148,1,0.580364031982232
"quadratic",200,"pg_apf",104,188.753,566.359062161824,1200.63531243761,322.352442474399,343.215015185375,10348.5245527908,570.697256376227,5738.02031710941,1092.45252313943,3.00053012223289,6.36088068765852,1.70780036595127,1.81832879575623,54.8257487446068,30.3996244674756,0.0046952205931108,0.00396617369449907,7.80653970583883e-06,0.00114670954544159,0.0102541467702873,5.90642564811006e-05,5.04257139575734e-05,1.16411044112975e-09,1.30745803582862e-05,0.000128249102133722,-381.015957157139,0.104486827672291,0.0810467958128232,1,0.582847937269751
"quadratic",200,"pg_apf",105,183.915,719.746473172548,1634.67024022078,363.774874156301,413.315913170208,11322.5047074698,729.738818152091,7451.34123446263,1584.45859472668,3.91347346966016,8.88818334676769,1.97795108694941,2.24732030106412,61.5637914660022,40.5151359838112,0.00446252493719544,0.00385335938339465,6.35495681700321e-06,0.00100972715138397,0.00932137952910949,4.81896084210887e-05,4.13023303016722e-05,8.23747203085243e-10,1.10491808449758e-05,0.000102645148766125,-401.353343142638,0.090493077262686,0.0683303827033487,1,0.558351679179494
"quadratic",200,"pg_apf",106,184.761,611.228132926454,1357.75567549682,368.544194829428,318.387824383366,10527.4803414858,610.677255765673,7480.36084355877,1170.53408715664,3.30820970294842,7.34871361108039,1.99470772960434,1.72324150866994,56.9789097346614,40.4866873612871,0.00536899982064343,0.00456582762631131,1.00570831009297e-05,0.00124304802055603,0.0116879503863237,5.51637255792574e-05,4.52351357683874e-05,1.4540105493098e-09,1.18254255398991e-05,0.000123582755045709,-393.456726977998,0.109864262280461,0.0896144993069008,1,0.592553634253364
"quadratic",200,"pg_apf",107,184.092,659.548841653388,1546.29364807136,307.716908414602,361.277941579384,10437.1402477595,645.831872507702,6092.74745926985,1428.69914285778,3.5827132175944,8.39957004145404,1.67153873288683,1.96248583088556,56.6952406826995,33.0962098259014,0.00685193059506373,0.0057044973972136,1.86579199700227e-05,0.00126435651234537,0.0157042304703511,5.78813466550529e-05,4.84826870032374e-05,1.29823648236218e-09,1.25622273407892e-05,0.000131367922491292,-388.607897045571,0.0962261130750289,0.0827583350649848,1,0.627305169905152
"quadratic",200,"pg_apf",108,184.179,658.080777550653,1505.46093279533,384.619554029724,449.870469604425,11257.6024305836,657.732571832315,7668.1112069789,1364.24933783195,3.57305000869075,8.17390111139342,2.08829211815529,2.44257200660458,61.1231597010712,41.6340147735567,0.0041651707909941,0.00359467724204878,5.39422491946075e-06,0.00102346149983114,0.00906036868906156,4.56428225083101e-05,3.99219847854607e-05,5.91543919492996e-10,1.12544376152787e-05,9.3138229742544e-05,-394.988519865965,0.147252087265514,0.108609898934756,0.94,0.560232735701372
"quadratic",200,"pg_apf",109,182.939,718.633585484752,1652.8477921765,350.083552160914,433.566746426608,10630.8941126993,714.249139562637,7890.25816891582,1453.32540103516,3.92826890649207,9.03496680410686,1.91366276278384,2.37000719598669,58.1116881184398,43.1305417046984,0.0044096445504015,0.00388491307051001,5.69030617740412e-06,0.00105573055613858,0.00898656506368753,4.98674251745426e-05,4.41484918260408e-05,7.13835183852759e-10,1.28304207462749e-05,0.000101743124079165,-381.535030424968,0.130283214629694,0.0906316727324407,0.975,0.569363702555701
"quadratic",200,"pg_apf",10,183.455,757.818839916678,1555.22889953788,444.410037028668,364.010788155697,10956.0697606839,764.820820423965,7918.34006104994,1437.05863125003,4.13081594896121,8.47744078677538,2.42244712342901,1.98419660492054,59.7207476530153,43.1623017145891,0.0051537328865994,0.00443262330070725,8.49674456667111e-06,0.00117596360115423,0.0109491313034296,5.0770449920285e-05,4.28273451211758e-05,9.08191378849911e-10,1.18316895662373e-05,0.000111596753840159,-396.70908477353,0.0988184995691118,0.0841060888960821,1,0.581839210981904
"quadratic",200,"pg_apf",110,183.555,680.515261928068,1777.26740513795,275.192247042777,299.346110067625,10436.1114227095,664.462025576817,6145.4761909054,1588.51248669953,3.70741882230431,9.68247884905312,1.49923590772671,1.63082514814429,56.8555006548966,33.4802984985721,0.00491536273979265,0.00409498590399787,9.38054147363946e-06,0.00104908483464465,0.0108447533494341,5.28908942703301e-05,4.48948289360655e-05,1.00294427243103e-09,1.22584798557997e-05,0.00011303473697383,-392.564679009116,0.125242584604215,0.106130303224178,1,0.585300097220656
"quadratic",200,"pg_apf",111,182.895,727.650646589068,1416.00405857362,342.836761023949,399.744100017472,10050.5630760998,727.155577451688,7369.5897895921,1255.00503681218,3.97851579643548,7.74216932433154,1.87450045667705,2.1856480495228,54.9526399086898,40.2941020235222,0.00569859753406912,0.00481368560931384,1.23564318334392e-05,0.00107300640801628,0.0125234365749784,5.55486038278117e-05,4.7212666992924e-05,1.02877664471497e-09,1.22648216228957e-05,0.000118840254746708,-391.197945639953,0.127167270304366,0.108193014676326,0.995,0.584469575238492
"quadratic",200,"pg_apf",112,183.374,586.06657351504,798.520143039874,221.663209686086,286.469471695729,8728.52770047877,587.797604522303,5141.37552462217,667.425656744732,3.19601782976343,4.35459848746209,1.2088039181459,1.56221422718449,47.5995926384262,28.0376472380063,0.00764505286289595,0.00605544867379568,3.04077488264411e-05,0.00124690592792638,0.0189209416355426,0.000103038227021891,8.77029767934017e-05,4.45339494711857e-09,1.54349108021096e-05,0.000228529036447941,-384.015935102492,0.183921068679712,0.14580750998304,0.97,0.662507001567675
"quadratic",200,"pg_apf",113,182.928,557.270452336449,1070.09827035123,412.93383975996,297.863895042917,10341.2631461839,571.544673237151,6774.03019717939,895.217529731733,3.04639230919514,5.84983310565485,2.2573572102683,1.6283122050365,56.5318767284611,37.0311280786943,0.0051857909785543,0.00450913212591791,7.98918782545215e-06,0.0012535395915724,0.010975317364824,5.77581018185884e-05,4.82637713773295e-05,1.3025208759006e-09,1.11433640668829e-05,0.000131508350344824,-375.800388299289,0.121213519329608,0.0960610753133415,1,0.601351296952269
"quadratic",200,"pg_apf",114,183.357,840.178806270431,1804.27995565953,277.126417500949,263.167222186658,10138.3600371743,843.83372243296,5182.36440864461,1182.58765795502,4.5822019681301,9.8402567431815,1.51140353245826,1.43527229495824,55.2930078326669,28.2637936301565,0.00636242547662376,0.00545056460918898,1.44493118448339e-05,0.00125837100863283,0.0140782359283316,6.19545727891699e-05,5.10784966167355e-05,1.54720095334909e-09,1.40251272891291e-05,0.000140076834625557,-379.269129909882,0.125475694292217,0.103057050219127,1,0.622752933094724
"quadratic",200,"pg_apf",115,183.095,667.351863939225,1251.62697017509,251.073261084612,326.350119864548,10216.0353725512,658.628165165555,6057.63459447342,987.451159214065,3.64483936720951,6.8359429267598,1.37127317012814,1.7824086942,55.7963645787769,33.0846532918617,0.00626730453614482,0.00523993155779589,1.52206723657576e-05,0.00116286335572655,0.0139924527804332,7.93288636078564e-05,6.93667753617804e-05,1.8117434991959e-09,1.77569935050833e-05,0.000163879462406683,-387.118379239146,0.179552619799374,0.135062696551751,0.91,0.625796279351387
"quadratic",200,"pg_apf",116,191.383,394.529211292894,874.956045260382,307.770602900004,342.92434270591,10030.6696137796,395.529487421786,6138.42247101235,769.110328356666,2.06146424339097,4.5717542585307,1.60813971408121,1.7918223808066,52.4114974359247,32.0740215746035,0.00574143060508506,0.00484346049825852,1.22060397005701e-05,0.00103532793348403,0.0126842093701438,5.68028496176412e-05,4.75120175402983e-05,1.3304277265337e-09,1.23359443581168e-05,0.000125122943011124,-386.600810183952,0.0967308509620256,0.0804554822438733,1,0.599352799353626
"quadratic",200,"pg_apf",117,184.032,596.063118280538,1210.52036423463,271.847223476532,353.012242921944,10101.7774408529,601.035293747531,7195.96709479547,1053.31205505423,3.23891018018898,6.57777106282946,1.47717366260505,1.9182111965416,54.8914180188927,39.1017165210152,0.00564195483016928,0.00484680820312747,1.09443736087071e-05,0.0012140492695471,0.0120619197299106,6.30297373463165e-05,5.37667836226564e-05,1.45945369522634e-09,1.43994406060481e-05,0.000137186837313577,-387.265926785241,0.155786688422942,0.135322159887232,1,0.600524227497217
"quadratic",200,"pg_apf",118,183.526,568.727330596099,1143.62270496291,340.866476744336,420.696312432302,10746.4989782765,570.880808523809,8167.29935582552,996.193116638162,3.09889242176095,6.23139339909828,1.85731981705228,2.29229816174439,58.5557304048285,44.5021378759713,0.00524548079391631,0.00451351808239461,9.25211819854814e-06,0.00113940914799782,0.0111027755525731,4.85281707323669e-05,4.20997544706333e-05,7.39969598437418e-10,1.1280917556928e-05,0.000100628694887353,-395.975816526307,0.109845877497289,0.090477240872658,1,0.587119388215135
"quadratic",200,"pg_apf",119,183.81,546.04361031102,1179.21588111759,458.653010610856,430.444816607224,10208.6091298585,550.717602609092,7475.83416281713,1045.49260051362,2.97069588330896,6.41540656720301,2.49525602856676,2.34179215824615,55.5389213310404,40.6715312704267,0.00438748592525568,0.00375373318614904,6.04331044234491e-06,0.00106693422400652,0.00923467899877345,5.22542113343065e-05,4.47280156680995e-05,9.47052385746037e-10,1.1569076650083e-05,0.000111252270598554,-393.36578179818,0.0963322249968599,0.0767120016221525,1,0.571108186933752
"quadratic",200,"pg_apf",11,183.231,537.49601273129,1142.20576949223,308.799143638329,414.942665451828,10601.7748175544,539.454865431009,7907.39948548023,1054.72278004215,2.93343382250432,6.23369282213291,1.68529966893337,2.26458768140668,57.8601591300292,43.1553584572492,0.00464206668222356,0.00406494752840098,6.44369925016554e-06,0.00111384688381429,0.00960956646193138,5.14455104433578e-05,4.51359928962809e-05,7.77600935980888e-10,1.32350976838364e-05,0.000102139722324919,-374.012877638216,0.166263341680836,0.141016784267363,0.94,0.591510579715084
"quadratic",200,"pg_apf",120,183.666,799.86783838278,1853.5440640885,347.75091361653,338.12370280641,10462.7419810536,799.303121936729,7017.89822470704,1737.81291266022,4.3550131128395,10.0919280873352,1.89338752744945,1.84097058141632,56.9661340751889,38.2101108790252,0.00502970798093667,0.00418588892347947,9.92459529604945e-06,0.0011661178706001,0.011383920326503,5.07601248393237e-05,4.27341230723681e-05,9.81725571433261e-10,1.0582881207672e-05,0.000112791043168583,-388.326307629961,0.11134884821413,0.0833939180431114,0.995,0.588105776463626
"quadratic",200,"pg_apf",121,183.711,572.957162482235,1219.22047927888,393.206612496029,403.339506309336,10378.9133975104,571.236811504403,8772.01871396925,1110.62949267028,3.11879616616444,6.63662208185072,2.14035421121233,2.19551091828653,56.4958733963148,47.7490118390801,0.00560177844113644,0.00480229796791875,1.00278842130204e-05,0.0013486958297676,0.0120392518362776,5.40565004828493e-05,4.51342299116384e-05,1.08182043406176e-09,1.1788640364866e-05,0.000118675594709446,-387.021978334173,0.100424207136874,0.0731249039459317,1,0.602455629252553
"quadratic",200,"pg_apf",122,183.334,655.400484545177,1751.96892174455,379.292798968201,345.115760875005,10116.8450190408,638.793125156932,6813.55204526858,1535.81823975704,3.57489873425102,9.55615936893621,2.06886228941823,1.88244275952635,55.1825903489848,37.1646941934861,0.00527591039915037,0.0044900154791565,9.49581247625688e-06,0.00125795551545079,0.0114181975836692,5.41937724730994e-05,4.51889607397433e-05,1.25486081540041e-09,1.19722235366038e-05,0.000119830554334358,-382.922277810857,0.0758525073348596,0.0630567120717348,1,0.583440316099103
"quadratic",200,"pg_apf",123,183.081,633.814233946699,1499.70125326576,519.484471780944,318.90127889616,11028.6793338417,632.797173064796,8209.02188054649,1355.55251974261,3.4619334280821,8.19146308609719,2.83745703694509,1.74185895257378,60.2393439725678,44.8381966481857,0.00466717953667799,0.00407860579446316,6.32543091608843e-06,0.00128936185353552,0.00961126910266158,4.98167190299118e-05,4.22162537746764e-05,8.44106875849304e-10,1.23665351612855e-05,0.000106564467874034,-383.018214053144,0.125978833014336,0.0943376335317386,0.955,0.570114610758401
"quadratic",200,"pg_apf",124,184.629,826.178208591324,2107.23289757973,347.050624203164,352.413834193465,10335.8562274989,825.42597537647,6617.55588425421,1569.72688644931,4.47480194655945,11.4133364616595,1.8797189184969,1.90876749694504,55.9817592442079,35.842450992283,0.00624351147504458,0.00528591443330463,1.3750196861114e-05,0.00113952734457238,0.013547332489908,5.40890123509439e-05,4.48547880665649e-05,1.22411515743101e-09,1.01258789626948e-05,0.000121274458862011,-396.370249057846,0.10740802238098,0.0872537996230073,1,0.602548326296886
"quadratic",200,"pg_apf",125,183.812,607.156223130856,1516.62370513067,341.187016284283,290.933929606222,10661.0395347766,598.267314142805,7842.541015558,1283.62645747234,3.30313702658616,8.25095045552342,1.85617378780647,1.58277984900998,57.9996928099177,42.6660991423737,0.00451660888962529,0.00389012589666714,6.30054405729967e-06,0.00118285075549846,0.00959154612943293,4.93950330777545e-05,4.06867827448274e-05,1.09207606313084e-09,1.10685744529528e-05,0.00011053157798123,-403.133928524798,0.139118949475044,0.106193181836135,0.935,0.565220759383356
"quadratic",200,"pg_apf",126,184.164,628.337247212828,1430.45814986675,331.947539236816,422.935038218211,11144.4910264049,616.711740340521,8865.29636838328,1209.46283840507,3.41183535985767,7.76730604171688,1.80245617621694,2.29651309820709,60.5139496666281,48.1380528680051,0.00530612703735265,0.00447698385980429,9.96958441416724e-06,0.00124133683254487,0.0113982370975617,5.04371644830051e-05,4.36204016994001e-05,7.44852391886015e-10,1.30245944959244e-05,0.000104953957600797,-392.1154804308,0.119374459470963,0.0916996653826707,0.97,0.594783464377673
"quadratic",200,"pg_apf",127,185.602,757.275357454434,1702.69356751372,336.112358428155,409.520397758971,10777.3114130511,757.141462331098,8657.11611778322,1554.05712520704,4.08010343344595,9.17389665797634,1.81093069270889,2.20644388400433,58.0667849109985,46.6434419768279,0.00565809562493319,0.00481968297379735,1.12739148831772e-05,0.00118959228539883,0.0121539305125982,4.59186995999245e-05,3.95555760026439e-05,7.48128649294321e-10,1.13853991170633e-05,9.61117752524183e-05,-409.294658086606,0.150616457170468,0.128878169353479,0.96,0.59221061895279
"quadratic",200,"pg_apf",128,184.852,537.966091334043,933.173667646517,202.093378435951,361.878755745518,10457.2513849004,551.999233065333,7526.7319489161,784.24505483558,2.9102530204382,5.04822056372945,1.09327125720009,1.95766751642134,56.5709399135544,40.7176116510295,0.00563801788823686,0.00482141834627526,1.1986649856192e-05,0.00108519461101831,0.0120678825312022,5.4793860674115e-05,4.62948903410966e-05,1.18063165731021e-09,1.12625747139168e-05,0.000118272553467172,-392.57456236327,0.0841512398467292,0.0617120296932359,1,0.597876861881916
"quadratic",200,"pg_apf",129,183.218,486.019438959991,1030.64844037963,407.020234392743,262.773210800579,10364.2417393836,489.285410088665,7534.89938706621,946.079553311477,2.65268390092671,5.62525756410194,2.22150789983922,1.43421067144374,56.567813966879,41.1253227688666,0.00437713483679149,0.00384670257687432,5.52173870288624e-06,0.00109803572314083,0.00887929623363821,5.84517426432294e-05,4.8082866570538e-05,1.366495123738e-09,1.1073519281356e-05,0.000129781209761743,-373.651341715529,0.104452051762041,0.0880331107218021,1,0.578406161517042
"quadratic",200,"pg_apf",12,182.992,670.373675119922,1210.28220201298,248.025870640271,278.036701006781,9555.71106438622,670.476809823303,5343.85188965221,912.167161007294,3.66340427515915,6.61385307561523,1.35539187855355,1.51939265654663,52.2192831620301,29.2026530649002,0.00550440872267784,0.00451446934422439,1.26913821987969e-05,0.00110785051347155,0.0125966383665706,6.24559336975386e-05,5.05629113000002e-05,1.80879644057922e-09,1.06080616805566e-05,0.00014744725503331,-379.118134172652,0.113269193166483,0.0947742790736398,1,0.606744496648821
"quadratic",200,"pg_apf",130,184.014,680.197936377492,1561.46624371601,342.244585092269,324.587577919271,10379.9290401431,679.092709868937,6167.7354927521,1414.187970639,3.69644666371848,8.48558394315658,1.85988340611187,1.76392871150712,56.4083658859822,33.5177513273561,0.00529016075122149,0.0044557105618545,1.01513960286908e-05,0.00119160341066331,0.0118786749921666,4.92781609019386e-05,4.11956116131477e-05,9.08930135296433e-10,1.21550550170029e-05,0.000109250426256506,-387.6372709326,0.127261995488709,0.0972763119874289,1,0.595208824940686
"quadratic",200,"pg_apf",131,184.377,493.65985730528,747.797256091477,313.490908078032,255.987846489536,10202.0425977883,504.523988870011,7438.41082647725,680.043809568006,2.67744814865889,4.05580552938532,1.70027122731161,1.38839359838557,55.3325121777029,40.3434855024068,0.0049876475784777,0.00422148123238486,9.50906272929933e-06,0.000955362066755455,0.0109055881071385,5.62677537072342e-05,4.71829995615512e-05,1.35576056872134e-09,1.14943509551096e-05,0.000121314955942542,-396.993422693973,0.130980545320846,0.10316024296634,0.995,0.583827172403839
"quadratic",200,"pg_apf",132,184.485,459.983588753856,1002.724807005,335.677566567166,315.206661011989,9957.06314626704,462.050100758349,6033.04342290112,891.199956756041,2.49333869286856,5.43526469363361,1.81953853466225,1.70857609568252,53.9722099155327,32.7020810521241,0.00445607668441509,0.00381427778557563,7.00797107480533e-06,0.00107631026281295,0.00948302962265389,6.21437771490769e-05,5.29913110794854e-05,1.37135914860308e-09,1.37128131660441e-05,0.000133475876605394,-382.18272852906,0.112085426800384,0.0850283651263794,1,0.585521510720006
"quadratic",200,"pg_apf",133,184.762,558.540529314821,1411.75244394627,438.864959672864,452.833526909153,10984.7544800039,560.588320805662,7877.88078845093,1240.12251318769,3.02302707978275,7.64092423737711,2.3752988150857,2.45090184620838,59.4535374157234,42.6379925983207,0.0044599282312852,0.00383917708721517,6.55833783218835e-06,0.00109076171166194,0.00944536939982944,5.48133124926258e-05,4.78016606145959e-05,7.98069006741495e-10,1.49460672891823e-05,0.000110532397214992,-408.447663708912,0.124357697163357,0.0875566749658874,0.945,0.560686226190051
"quadratic",200,"pg_apf",134,183.888,578.272908655884,1582.22963182783,300.883272514059,411.043282843413,10761.6177023239,587.135768904323,7846.60975909113,1376.4232713434,3.14470171330312,8.60431149301654,1.63623114348984,2.23529149723426,58.522675227986,42.6705916595489,0.00511205853740922,0.00431284560887804,9.82453753564767e-06,0.00102712218079848,0.0114010291665245,4.46026208413714e-05,3.83295705192477e-05,6.25831053179401e-10,1.01817876510301e-05,9.58836533503998e-05,-396.327429859008,0.0837137345123272,0.0728726599839561,1,0.577850921663748
"quadratic",200,"pg_apf",135,183.691,602.0492772266,1672.91451514664,366.508858161558,348.067867736861,10715.9889569251,608.629362706129,7094.7853322685,1485.44654483782,3.27751102245946,9.10722090438094,1.99524668144633,1.8948553153767,58.3370385970194,38.6234781903768,0.00444289580554914,0.00380681968180427,6.82085120272126e-06,0.00112893390140679,0.00944180110141064,5.2586957107001e-05,4.47560156142743e-05,9.7781137272594e-10,1.27143498706897e-05,0.000111898180355317,-387.38201787229,0.0967131165932042,0.0814721271992576,1,0.571076625043675
"quadratic",200,"pg_apf",136,184.054,880.040309735837,1505.9259914087,271.855010030659,265.891204915306,9515.76164471392,893.090765931078,6211.06065008609,978.937511293565,4.78142452614905,8.18197915507784,1.47703940164658,1.44463692674599,51.7009227982761,33.7458607261243,0.00782150261120463,0.00645326450092463,2.58709730683621e-05,0.00125261595892811,0.0182405711181756,6.55096083790263e-05,5.39816665295262e-05,1.93448565175363e-09,1.1599515541929e-05,0.000151241037694386,-401.09420938592,0.093479162991953,0.0784530686256707,1,0.63499166667451
"quadratic",200,"pg_apf",137,183.626,448.506098425177,1004.95604270887,483.538217065344,431.361766995963,11266.8346847736,459.102621683076,9359.55056577494,915.717789306709,2.44249778585373,5.47284176918773,2.63327751552255,2.34913229605809,61.3575130143531,50.9707261813411,0.00399886879650498,0.00348315246491019,4.92739772733217e-06,0.00101708610415128,0.00825468382074843,4.11453890123946e-05,3.60740721786591e-05,4.68146014792473e-10,1.15884164825611e-05,8.41840248469502e-05,-400.720319692237,0.184248200953267,0.145911228708649,0.905,0.545269719737887
"quadratic",200,"pg_apf",138,183.019,448.319144373186,900.172439634963,391.529834313872,295.316292848126,10696.5276156721,445.024750593032,7080.43394774415,779.235426883838,2.44957706234427,4.91846441973218,2.13928517975659,1.61358270369812,58.4449025274541,38.6868792187923,0.0046570412551127,0.00396416234426922,7.78796870518122e-06,0.00103567897953783,0.00996369204099297,6.16281914291134e-05,5.18566683835826e-05,1.44778043015809e-09,1.10535795815593e-05,0.000134169090336064,-398.827307297252,0.133899335494721,0.116590897716954,1,0.567021033860118
"quadratic",200,"pg_apf",139,182.926,583.200488860019,1273.68696785893,366.162349125149,504.050625962553,11563.6811427385,581.482075065198,9349.36668823318,1075.56681922318,3.1881771255044,6.96285365589873,2.00169658290866,2.75548924681321,63.2150768219856,51.1101029281413,0.00399654454057237,0.00349552788986611,4.56682911262194e-06,0.000948053308641509,0.00811442114903709,4.73254095294222e-05,4.18446899281299e-05,5.73318070652103e-10,1.34613563949646e-05,9.56289569929751e-05,-398.922215720198,0.134952779925831,0.111110948228543,0.985,0.5520976747627
"quadratic",200,"pg_apf",13,183.34,504.675334194467,1253.64077593276,358.483105841796,363.585355129328,10531.3098657116,510.477902088916,7197.11278643742,1073.0999070994,2.7526744528988,6.83779194901692,1.95529129399911,1.98312073267878,57.441419579533,39.2555513605183,0.00425416897394435,0.00368031311991651,5.54476374377435e-06,0.00109890793120413,0.00880125037315599,5.41860238871842e-05,4.57215513930722e-05,1.11192094942721e-09,1.22448620241262e-05,0.000117518958348944,-367.01510315123,0.0785943103162612,0.0615910451787812,1,0.570129873689652
"quadratic",200,"pg_apf",140,183.339,580.951244281269,1345.42236490567,391.652569451663,335.946855379793,10464.3836352811,589.276003434056,6247.60180256114,1198.64993864922,3.1687270263352,7.33844062041173,2.13622071382337,1.83238075575733,57.0766920037805,34.0767747318418,0.00483361351011265,0.00418801743065931,7.25778418340291e-06,0.00112689535585113,0.0102310796983957,6.38285637108365e-05,5.39567367287118e-05,1.43731460662049e-09,1.38987479926914e-05,0.000139535361764145,-376.018377461103,0.133671719952174,0.112541897434607,0.97,0.586881207795077
"quadratic",200,"pg_apf",141,184.117,580.620479227395,1222.61438823029,263.395337811478,406.128729687537,11003.252917962,587.188226998855,7852.47223146341,1070.41904097306,3.15354084211341,6.64042097269828,1.43058673458441,2.2058187439918,59.7622865784367,42.6493600887664,0.00470092513084704,0.00400886931284106,7.37632438117551e-06,0.00112638159355542,0.0103879312154916,4.70713275773785e-05,4.14567440745546e-05,6.06860796097339e-10,1.29024287731847e-05,9.51553734472984e-05,-396.108221328733,0.116675879982169,0.0891561224813731,1,0.577887759469816
"quadratic",200,"pg_apf",142,183.217,734.327217790611,1774.20105998871,316.127603649354,221.152534831699,10738.7297569709,739.60319396341,5891.43928291471,1583.04050185167,4.00796442355573,9.68360501475689,1.72542724555775,1.20705248329412,58.6120816134468,32.1555275051699,0.00474392922996453,0.00405216282703079,7.20601888457066e-06,0.00114506290671767,0.00997634168647071,5.3158811138936e-05,4.54223156916568e-05,9.91596680099885e-10,1.14932016765749e-05,0.000116115235842281,-382.283719926096,0.124662960888603,0.098989981880299,0.995,0.580020889269078
"quadratic",200,"pg_apf",143,183.685,848.52306837954,1754.73133907896,312.470632752263,326.363397857863,10620.5606032797,837.997429414444,7107.65664579554,1246.42477181148,4.61944670702311,9.55293757834857,1.70112220786816,1.77675584755349,57.819422398561,38.6948125638759,0.00549861930075622,0.00462169356476928,1.0734239029217e-05,0.00128531265382992,0.0123088378964632,6.03774098982273e-05,5.14113806758995e-05,1.29379226912232e-09,1.27441486476683e-05,0.000127788160709267,-387.302060845914,0.135675612423681,0.108057928737951,1,0.602883748382783
"quadratic",200,"pg_apf",144,184.588,526.391171336971,923.458343270097,292.006267471845,249.79864052131,10197.3312857022,539.623568118574,6638.15014083231,698.90165064631,2.85170851483829,5.00280810924923,1.58193526920409,1.35327670553508,55.2437389521649,35.9619809566836,0.00540214351505656,0.00464614666780336,1.02361038468837e-05,0.00109105083435876,0.0117633275410096,6.12886503657196e-05,5.23841287594242e-05,1.39669293924861e-09,1.31172674516881e-05,0.000131724068480394,-401.634943696537,0.0965836385466489,0.0834467841782355,1,0.600495266596682
"quadratic",200,"pg_apf",145,184.596,634.366685377994,1396.13178311657,323.513584265717,364.872121246934,10394.0481977477,633.944678207972,7070.09748024952,1254.0644204844,3.43651371307067,7.56317462521705,1.75254926577887,1.97659819956518,56.3070066401641,38.3003828915552,0.00489230079448961,0.00419379494611607,8.34230156068399e-06,0.000983994287036586,0.0104645392321695,5.75901914457048e-05,4.99369578242359e-05,1.08914209758986e-09,1.1858363437955e-05,0.000119660707125523,-397.136174882865,0.107007952361434,0.0912764341968395,1,0.576549910656648
"quadratic",200,"pg_apf",146,184.255,673.401359514602,1688.31404673045,302.28392267627,384.554985969517,10062.4638078116,663.812906746898,7575.086559686,1518.31786371112,3.65472502518033,9.16292120555994,1.64057378457176,2.08708032872658,54.6116187230286,41.1119728619902,0.00610477525312969,0.00486233011260564,1.84171409416411e-05,0.00109754636202295,0.0143394460871775,4.95782249203375e-05,4.23567323248924e-05,8.15577530687493e-10,1.12412335419761e-05,0.000106270173858462,-401.439641776499,0.101953509844152,0.0787715805641684,1,0.601671276562937
"quadratic",200,"pg_apf",147,183.792,613.99539952797,1490.24809352206,298.243968822676,399.402711132922,10797.5366468892,617.864598475253,7865.19959635902,1310.51979279717,3.34070797166346,8.10834037130052,1.6227255202766,2.17312348270285,58.7486759319732,42.7940258355044,0.00507242526743152,0.00425969210450291,9.10224527671417e-06,0.00115154991567248,0.0112355560305411,5.32002436556011e-05,4.44451060836386e-05,1.11228988378262e-09,1.14838781919794e-05,0.000116722346829434,-398.790725243373,0.0985662968088661,0.0857441393663279,1,0.573149703180111
"quadratic",200,"pg_apf",148,182.722,664.026155332958,1520.50419701313,395.477644914918,408.810771506625,10839.4154230215,663.089297051828,7900.54551433117,1272.53192144912,3.63407884837599,8.32140736754812,2.16436797383412,2.23733743887778,59.3218956831773,43.2380639131094,0.00437328403415379,0.0037787775246536,5.73700220512007e-06,0.00103373308975395,0.00903070806607898,4.73392101890596e-05,4.10848492986997e-05,7.46252817114026e-10,1.1738642973677e-05,9.79095170264091e-05,-386.04444895694,0.103022293811821,0.0769189132128097,0.995,0.568540072450783
"quadratic",200,"pg_apf",149,183.806,580.463452752247,1497.76360733343,339.497010457042,281.899872783124,10861.3629526324,585.461679870155,7224.92578148642,1213.19730384936,3.1580223319818,8.14861107544604,1.84703987060837,1.53368155981374,59.0914494229372,39.3073445996671,0.00527028377667153,0.004546227026784,8.94574357388216e-06,0.00123129066893134,0.0112007548651686,5.55152271818777e-05,4.65014440337205e-05,1.23793786656842e-09,1.2891351491151e-05,0.000121555258632086,-387.641980350863,0.161245712943679,0.119248766374028,0.955,0.586083839492162
"quadratic",200,"pg_apf",14,184.156,743.632604292914,1482.02166107432,282.677541787294,270.391528183741,10162.7239110168,747.414773158859,6550.24226696921,1075.20700206779,4.03805797417903,8.04764254802622,1.5349895837621,1.46827433362878,55.1854075404375,35.5689864406765,0.00678287095086668,0.00580199058786795,1.70047647672214e-05,0.00123729919670656,0.0149252115146673,5.58907892822567e-05,4.64467244420744e-05,1.3099545637579e-09,9.16869703785445e-06,0.000127387785948061,-398.197465052892,0.158150619146879,0.129035400325409,0.945,0.618529585086054
"quadratic",200,"pg_apf",150,183.861,541.419855097692,1612.3450972066,380.915363260294,399.186840706389,10720.1183617646,537.133840100641,8674.65396091598,1419.59984454181,2.94472375924036,8.76936978046786,2.07175726913426,2.17113384951887,58.3055588828767,47.180500274207,0.00518526485407898,0.00438527128936906,9.44844465483158e-06,0.00125234007616605,0.0111903767108536,5.01412615723841e-05,4.26655301161298e-05,9.34301499129753e-10,1.1601680552877e-05,0.000107084119833421,-380.69805467529,0.13323845434788,0.108034414573649,1,0.596760986606882
"quadratic",200,"pg_apf",151,183.495,746.616505062814,1698.91894882983,324.202000096224,271.411885899156,10388.006326796,739.254736520362,6482.42158850214,1392.55702241445,4.06886566425687,9.25866616981297,1.76681653503487,1.47912414997224,56.6119312613207,35.3275107686975,0.00657335343745708,0.00554202806201923,1.7676036339862e-05,0.00119894947835619,0.0143161127490373,5.55011621394085e-05,4.48774746732202e-05,1.44678900884434e-09,1.16187268398667e-05,0.000131216888404382,-394.245860874944,0.0879198571103369,0.0729035380342456,1,0.61206316840159
"quadratic",200,"pg_apf",152,184.091,541.791502959559,1272.35616093734,393.855367813375,337.518458211892,10464.5899351741,539.657140515489,7221.43915239525,1138.78139294329,2.94306350098353,6.91156091790115,2.13946020073428,1.8334326947645,56.8446579961764,39.227551332739,0.00454687992718494,0.00382764126695464,7.61141706818083e-06,0.00114483219247595,0.00991997655077729,5.23921650210791e-05,4.44842122184815e-05,1.0254385607953e-09,1.10861463957926e-05,0.000110646702382211,-387.145853248392,0.113502470610437,0.0972686322993066,1,0.58418247057013
"quadratic",200,"pg_apf",153,182.907,511.873950020153,1024.29648199378,432.526499898032,390.719857073715,10010.5730877876,514.549588659486,6894.62317914672,902.109617071812,2.79854762267247,5.60009448514154,2.36473453666635,2.1361667791485,54.730398988489,37.6946928173701,0.00458989257551829,0.00388172112758756,7.25621899413674e-06,0.0010858328401249,0.00988897709591115,6.80813042068287e-05,5.78833229852015e-05,1.57604652092441e-09,1.28446930808222e-05,0.000144030298041902,-392.40023053865,0.182072743127457,0.137861279066648,0.92,0.59570469673249
"quadratic",200,"pg_apf",154,183.326,613.474088676319,1363.49849679859,327.528450833549,399.426535468428,10829.3860589211,618.1163923179,6792.05043740518,1224.15255212855,3.34635615611708,7.43756203047353,1.7865902863399,2.17877734455794,59.0717413728607,37.049029801584,0.00455140785642175,0.00386750067057225,7.03548015492182e-06,0.00104897810054636,0.00983274699060797,5.51717097268916e-05,4.91221352538782e-05,8.0308148853402e-10,1.29962884167164e-05,0.000111600654965498,-385.40870445896,0.107623658635569,0.091447717909719,1,0.582906349970266
"quadratic",200,"pg_apf",155,183.412,773.649841528029,1783.93977659962,352.000560326004,351.087735912347,9879.22609797612,783.751886316279,6380.5687241349,1607.01204874731,4.21809827889139,9.72640708677525,1.9191795538242,1.91420264711331,53.8635754365915,34.7881748420763,0.00574377198001296,0.00494216633141561,1.10750894557016e-05,0.00117781603715976,0.0125775840663766,6.23865919308289e-05,5.37295835618999e-05,1.25671561278e-09,1.2041006406738e-05,0.00013173481139138,-372.453050729087,0.143335119686223,0.118745654318935,1,0.612363680551091
"quadratic",200,"pg_apf",156,183.442,557.100811908189,1385.77154024375,464.191186301086,409.939751873566,11074.5622695026,555.364199080781,7974.82163828497,1216.31648707723,3.03693162911541,7.55427623032759,2.53045205733194,2.23471043639715,60.3709197975524,43.4732593314779,0.00447969346260322,0.00393866145219163,5.37283130226977e-06,0.00108414173334284,0.00900301335596144,4.80721045051138e-05,4.18834202665419e-05,6.63123194846649e-10,1.18010224758806e-05,9.94056774643844e-05,-395.70893381977,0.07697476383695,0.0609225875459159,1,0.573435409873589
"quadratic",200,"pg_apf",157,183.622,591.630869875516,1375.264839731,427.983607494216,465.529660140556,11133.9914666149,587.14110498516,8757.29420173205,1154.40127355778,3.2220042798549,7.48965178317956,2.33078611219906,2.53526080829397,60.6353893684575,47.6919661137121,0.00398718733653554,0.00343844644709679,5.04706348491106e-06,0.000989808637942208,0.00818955414220773,4.11552879093538e-05,3.5635015217606e-05,5.50647139849211e-10,1.11958175055326e-05,8.59969256974301e-05,-390.515616672787,0.149205339715612,0.119775898659537,0.925,0.555291377415565
"quadratic",200,"pg_apf",158,183.457,599.647080169648,1394.3865744508,442.311329450419,471.205662235304,11216.6469290458,601.796922968295,8058.93649955321,1199.41281731729,3.26859743792631,7.60061798923346,2.41098093531682,2.56848014649375,61.1404684969544,43.9282038818536,0.00422948943093268,0.00366975820582303,5.47373921464154e-06,0.0010428917350223,0.00872373815134035,4.85971938968702e-05,4.19563638275942e-05,7.73270415996258e-10,1.26838232717998e-05,0.000102268947882897,-396.262290437939,0.117192946015122,0.0894872499378293,0.995,0.565754856856278
"quadratic",200,"pg_apf",159,183.888,522.715526773481,1106.27616831666,362.01168196641,331.027920628801,10676.1859624502,519.791097757625,6720.88257957013,974.255376965469,2.84257551756222,6.01603241275482,1.96865310388068,1.80016053591752,58.0580895025785,36.5487828437425,0.00537747768533334,0.0045783818402109,9.70319811367437e-06,0.00125251738089211,0.0117947050582894,6.13505686548554e-05,5.17621170835831e-05,1.38043015533722e-09,1.29025851272223e-05,0.000133030379764765,-409.116495084334,0.128885537912759,0.104774995060416,1,0.59057442813805
"quadratic",200,"pg_apf",15,183.211,801.622848107222,1660.78967085963,395.164406918999,347.077171523017,10518.3569057157,804.637032418573,7716.22848295665,1480.1607625624,4.37540785273385,9.06490151169759,2.1568814477242,1.89441229796801,57.4111647538396,42.1166222713519,0.00486265887282825,0.00418765119544784,7.07096075544467e-06,0.00112702633047525,0.0101312637269643,5.00606771729288e-05,4.30138724766202e-05,8.05391834564208e-10,1.23188085256433e-05,0.000105747300544025,-373.77454664476,0.10461512753738,0.0828971473728471,1,0.581326278160004
"quadratic",200,"pg_apf",160,183.115,712.078113684824,2008.40912729062,333.631107178327,385.393853618136,10342.090303721,715.928197399591,7336.1042896691,1489.02003822468,3.88869351874409,10.9680207918009,1.82197584675383,2.10465474493152,56.4786626094038,40.06282549037,0.00484412176905485,0.00408883511479168,9.42527194779531e-06,0.000968219047467117,0.010542048246964,5.31536762610213e-05,4.46507717163678e-05,9.9385043735111e-10,1.10690118225153e-05,0.000112646236498755,-375.146437696369,0.106337163795276,0.0740682349599112,1,0.582344720087409
"quadratic",200,"pg_apf",161,184.105,573.121219554749,1147.52317628619,440.399144865842,345.812912490917,10730.8502816993,573.376614319832,8487.93788516638,1013.54279451644,3.11301278919502,6.23298213674911,2.39210855145619,1.87834612037108,58.2865771255498,46.1037879751576,0.00409565044319213,0.00355914546823388,4.90451007376498e-06,0.00112362026824568,0.00840734586536711,5.01122391250074e-05,4.31357258860608e-05,8.04726798602823e-10,1.26617286773817e-05,0.00010328651203581,-380.63100252205,0.143115648460367,0.126703815451661,0.985,0.55340509938964
"quadratic",200,"pg_apf",162,183.42,858.184984677332,2101.62941712709,370.038133040741,259.080378877086,10571.677196074,857.211940078562,7818.69258810035,728.259591553575,4.67879721228509,11.4580166673596,2.01743611951118,1.41249797664969,57.6364474761421,42.6272630471069,0.00548244237314371,0.00464515942089798,1.06584553636048e-05,0.00132315631463917,0.0120042477262611,5.39685656091268e-05,4.49800239317205e-05,1.12051676356865e-09,1.16644750120526e-05,0.000121894167031196,-395.51002213347,0.150400233040606,0.112250280126074,0.945,0.592580962122685
"quadratic",200,"pg_apf",163,183.62,460.792434166625,1153.62444983356,410.539213336899,280.392409091783,10870.3871003167,448.289401620525,7342.22655621762,945.278543171784,2.50948934847307,6.2826731828426,2.23580880806502,1.5270254280132,59.2004525668046,39.9859849483587,0.0043628722598375,0.00374077148736517,5.90668745431955e-06,0.00116978716250125,0.00921731078784986,5.18276334886658e-05,4.43705020526317e-05,8.48314980023221e-10,1.28506879306287e-05,0.000111099151172422,-392.366486793945,0.0786141012442488,0.067419508664917,1,0.572375800118032
"quadratic",200,"pg_apf",164,190.193,532.345096406992,1004.4220895426,366.15347111815,351.02806131923,10717.3685902542,537.575065625585,7492.68569460467,896.616529767981,2.7989731294369,5.28106759734902,1.92516796684499,1.8456413291721,56.3499634069298,39.3951706666632,0.00489091927299084,0.00419653567862554,8.08160000665137e-06,0.00116298514268039,0.0104748757128666,5.38029760284642e-05,4.49642765105126e-05,1.14850414310884e-09,1.26188376922554e-05,0.000119612215110758,-399.703552707062,0.148163836346555,0.12188687154756,1,0.594276990672243
"quadratic",200,"pg_apf",165,183.386,395.943544347378,784.962761633359,344.93980853206,377.491076627018,10379.9985855389,397.965878972367,7762.31667760709,691.863872949097,2.15907181762718,4.28038542545973,1.88094951922208,2.05845089934356,56.6019139167597,42.3277495425337,0.00429567766197885,0.00379904452023328,5.2666256119705e-06,0.00109848647253751,0.00895237237810266,5.49799900080504e-05,4.60678419506051e-05,1.19446137455373e-09,1.16117244530872e-05,0.000119183740453309,-392.325981847612,0.147456820995878,0.128233562327309,0.985,0.571978318820322
"quadratic",200,"pg_apf",166,184.628,866.820279936063,1555.73731323544,335.77411159658,403.224037601038,10494.5190356929,866.686992684344,7467.89557783807,1319.24777257866,4.69495569434789,8.42633464715774,1.81865216325032,2.18398096497301,56.8414272791391,40.4483370769226,0.0067015021454724,0.00551826429553567,1.86251137176492e-05,0.00116931111624086,0.0150261834269284,5.40795399766066e-05,4.61571695230142e-05,1.19152464627297e-09,1.18867413068704e-05,0.000112585656004694,-388.298686213848,0.107504241508834,0.0804145042718339,1,0.618525907815051
"quadratic",200,"pg_apf",167,183.696,575.058372064022,1122.15974745972,389.77953529702,337.771056126096,10248.7344918879,576.397990010503,6680.1221156712,992.44682137719,3.13048935232135,6.10878705829044,2.12187274244959,1.8387501966624,55.7918217701414,36.3650929561406,0.00536838236028811,0.00453053207789474,1.02384540688081e-05,0.00110182584403603,0.0117273276651455,7.18509909718044e-05,6.08197420131953e-05,2.06622169704235e-09,1.36099964523908e-05,0.0001607669573124,-388.937824555493,0.152910508363627,0.116594615197169,0.96,0.610673875656106
"quadratic",200,"pg_apf",168,183.634,360.343401192525,693.359911864168,398.537378128647,313.868582300515,10751.5668595907,360.211593434738,6955.79728487049,615.630264236578,1.9622913033127,3.7757708913609,2.17028098352509,1.70920734885977,58.5488899636818,37.8785915727507,0.00459318659475439,0.00401066463258561,6.51019464983595e-06,0.00113142317474023,0.00954684405967357,6.22355390677054e-05,5.24587561602539e-05,1.41039347507175e-09,1.39032857810219e-05,0.00013803995077445,-387.988854917385,0.141793106129776,0.114443772494761,0.99,0.585704335211263
"quadratic",200,"pg_apf",169,183.459,553.069983491184,902.022828932605,292.360976976423,368.371622048211,11012.5083858044,559.303155817927,6709.65520804462,808.189051605865,3.01467893911546,4.91675430986,1.59360389501972,2.00792341639391,60.0270817229158,36.5730501531384,0.00654131537673398,0.0055712901092349,1.61515194409049e-05,0.00130838904844364,0.0142436243267128,6.41587619069425e-05,5.45537219333183e-05,1.46784913175124e-09,1.18309794833589e-05,0.000142001334926305,-384.411376451201,0.137877244391926,0.1105072226341,1,0.625182957300185
"quadratic",200,"pg_apf",16,185.107,682.426825526756,1675.42560701433,324.351462430897,395.49049843096,10483.7403350584,687.415530151218,6876.41135407154,1503.87765469725,3.68666136627332,9.0511196605981,1.75223769188035,2.13655074325099,56.6361095747777,37.1483053264952,0.00504503596181305,0.00440533141733561,7.36418781099883e-06,0.00130075617673742,0.0106125214530815,6.06636176083606e-05,5.14471825550337e-05,1.48361800354421e-09,1.23577986234351e-05,0.000131534826052763,-390.168166935616,0.0979702532226495,0.0786301410108395,1,0.586130459054721
"quadratic",200,"pg_apf",170,184.025,578.350422744101,1411.19991667179,375.997628191452,363.391607693081,11117.2993032025,576.81020887794,8125.4528968112,1247.45668435126,3.1427818108632,7.66852284565573,2.04318776357262,1.97468608989584,60.4118967705613,44.1540708969499,0.00502386363715215,0.00433134680050762,8.26933335061183e-06,0.00117775316417495,0.0107630187973538,4.7292708501304e-05,4.06603432013514e-05,7.4982561770333e-10,1.14004962313263e-05,9.92073598215721e-05,-391.598144593701,0.0825952308071085,0.0725651255481454,1,0.584814715447282
"quadratic",200,"pg_apf",171,185.098,551.392616684174,1228.6457030647,201.388165778349,398.595193082884,10674.668427472,550.254067857656,6974.27870914065,1033.22336154401,2.97892260685785,6.63781187838172,1.08800832952462,2.15342787649183,57.6703607141732,37.6788442292226,0.0054724611423482,0.00460116462951297,1.0817423668536e-05,0.00111160692061759,0.0120687907745312,5.30624484058562e-05,4.48330078681979e-05,9.75339322007833e-10,1.23588805883551e-05,0.000114206078683964,-406.377223590547,0.112385457610236,0.0885033541053855,1,0.590069238612583
"quadratic",200,"pg_apf",172,184.696,917.616833833017,2237.34544622942,314.713659042128,318.004386721802,10424.0124950128,908.334676598999,6464.53620664071,1595.64313248101,4.96825504522576,12.1136648667509,1.70395492616044,1.72177192100426,56.4387560911593,35.0009540360415,0.00622628499097166,0.00525762074524966,1.44928677612549e-05,0.00131405564077623,0.0141127482768608,5.25644278568076e-05,4.27115303665891e-05,1.57935829657903e-09,1.21367369905007e-05,0.000122278911400687,-401.712033108613,0.112289905985882,0.0876111590001261,1,0.605892862509063
"quadratic",200,"pg_apf",173,184.551,1057.75407465892,2842.24796077584,230.606908504429,392.150315781617,9548.89246782024,1028.66908176472,7865.44710044557,1366.03352546919,5.73150009839511,15.4008808447304,1.24955653724136,2.12488859871589,51.7412122818096,42.619368632224,0.0104164255140659,0.00896113209829965,4.31842577243458e-05,0.00155722681041682,0.0232705311332509,5.18289315752331e-05,4.26297999339483e-05,1.06176633598257e-09,1.12243174425478e-05,0.000118423242088008,-388.137672892093,0.134736013875706,0.112348798100624,1,0.68138112328138
"quadratic",200,"pg_apf",174,182.863,587.216313795045,1366.04728826141,484.415850017453,407.454081229766,11215.2659241747,582.892603572536,8907.42281624108,1250.35134759989,3.21123635615212,7.47033182361338,2.64906432694122,2.22819313491393,61.3315209975485,48.7109082550384,0.00375041203971377,0.00329759499870145,3.75766041916739e-06,0.00110103966438869,0.00757043969329224,4.06356375910353e-05,3.55640575000669e-05,4.44313278206345e-10,1.11305573660672e-05,8.31377347905141e-05,-385.130844928995,0.152007241561133,0.12096033443241,0.955,0.548269609791713
"quadratic",200,"pg_apf",175,183.611,927.587013726901,1776.32781669692,236.582030206697,261.436405007237,9737.6044140878,927.858131187593,6618.45231880247,1393.14276344729,5.0519141757678,9.6744084869475,1.28849595180407,1.42386025351007,53.0338836675787,36.0460556219533,0.00849991398975584,0.00663002945410354,3.86227652822309e-05,0.00118064385347398,0.0209533608565746,5.39450477912669e-05,4.50378441941387e-05,1.14620697023582e-09,1.11491773194456e-05,0.000121542783738997,-390.353749712078,0.098238442106519,0.0709023077922574,1,0.656823663935103
"quadratic",200,"pg_apf",176,183.17,617.898239780006,1531.58573192228,373.210818408646,326.055277402799,10533.9890600354,623.588905992606,7582.96977382856,1360.75226100251,3.37335939171265,8.36155337622035,2.03751060986322,1.78006921113064,57.5093577552842,41.3985356435473,0.00489473148719324,0.00423823187140796,7.56349531667231e-06,0.00114925182103473,0.0104300473731435,5.04193170918139e-05,4.14760670611946e-05,1.2133700950768e-09,1.19057841744883e-05,0.000110623794013723,-381.108862244372,0.147311785980658,0.106717001250996,0.97,0.586127900603805
"quadratic",200,"pg_apf",177,185.834,405.0443671256,762.650229961194,314.350229210823,269.353787432108,9836.4046495877,402.501574846657,5791.5991733206,627.844160354475,2.17960312496959,4.10393270317162,1.69156467175448,1.44943222140248,52.9311355811515,31.1654442853332,0.00651892448512056,0.00553459619074973,1.63156410539719e-05,0.00112781992411566,0.0143820122413846,7.97739468466163e-05,6.46021899545457e-05,2.86295979530977e-09,1.46190703781779e-05,0.000184045532983558,-384.639031751462,0.17631344224401,0.138561990764123,0.935,0.628076156358127
"quadratic",200,"pg_apf",178,183.721,617.670787040293,1437.62100036925,323.446761695304,295.355610675966,10510.458420063,624.346850642511,7191.15282710273,1268.62494544333,3.36200427300251,7.82502272668477,1.76053233813938,1.60763119445227,57.2088025868738,39.1417030557352,0.00529120181270533,0.00443594628155753,9.54843289595112e-06,0.00123321939231826,0.0115145094098393,5.66652250837666e-05,4.82133326890352e-05,1.19563278406076e-09,1.19040018066432e-05,0.000120809711375969,-385.825639965127,0.0998319997848773,0.0822467697956582,1,0.598626918180851
"quadratic",200,"pg_apf",179,183.074,526.067681395449,1107.39052629065,345.882407144535,329.045586048579,10531.0896358961,527.149759201938,7408.78772424921,975.852062085082,2.87352481179986,6.04886836083033,1.88930381782523,1.79733651992407,57.5236769606612,40.4688143824312,0.0048384293248894,0.00411961021817456,7.90674584994264e-06,0.00112499534302248,0.0103054871408035,5.4865207008865e-05,4.72764658201468e-05,9.99511725958832e-10,1.33259253116724e-05,0.00011619899666962,-394.309405471985,0.12467689139906,0.0986255059817279,1,0.577024319974368
"quadratic",200,"pg_apf",17,183.15,553.22429129343,1223.90302735405,327.387167824877,337.229849829264,11189.3977286231,556.093780002421,7968.57093382237,1060.77175906062,3.02060765106978,6.68251721187035,1.78753572385955,1.8412768213446,61.094172692455,43.508440807111,0.00398524077469431,0.00345792071406737,4.43620096201812e-06,0.00103246323008922,0.00826572383026978,4.51363751964452e-05,3.97044270901326e-05,5.82643522714253e-10,1.1045032993145e-05,9.12090700388659e-05,-372.580417709637,0.144501469775348,0.106675829008025,0.935,0.556524958822202
"quadratic",200,"pg_apf",180,196.644,728.662672514037,2008.18833351216,370.9546758918,390.460893304943,11102.0151354889,722.907409899086,8228.1828489404,1806.72996798715,3.70549151010983,10.2123041308769,1.88642763517728,1.98562322422725,56.4574313759328,41.8430404636826,0.00451076138283643,0.00399463552398288,5.58434353984607e-06,0.00111442059705433,0.00923835050075513,4.31622676501381e-05,3.75640398188257e-05,5.4021668026659e-10,1.07529165435462e-05,8.83108008976912e-05,-389.234260308835,0.130118500077335,0.101666317663661,0.98,0.570622220629449
"quadratic",200,"pg_apf",181,182.856,562.289675556144,1316.83087453446,477.540497973459,355.242185082581,10588.8161779936,569.655871483383,8269.93384698396,1166.75991551296,3.07504088220318,7.20146385425942,2.61156592057936,1.94274284181313,57.9079503980925,45.2264833912147,0.00438134998018423,0.00383876908754591,5.14406248865023e-06,0.00121994071056954,0.00883589858648976,4.89742706751222e-05,4.17496715577647e-05,8.79358795759667e-10,1.05864076271918e-05,0.000105140135055274,-373.734305476243,0.130496220192179,0.113247431091164,1,0.574257014538407
"quadratic",200,"pg_apf",182,183.648,732.85692752842,1553.35386664454,406.914511873193,316.757645979469,10653.0760821379,734.161915135981,6946.01029865577,1396.43495438558,3.99055218422428,8.45832171678724,2.21573070152244,1.72480857934456,58.0081246849295,37.8224118893523,0.00463083185302585,0.00397823407519209,7.39467448906805e-06,0.00103514565000842,0.0097617383845253,5.37706102061626e-05,4.48241246005985e-05,1.11915680905714e-09,1.07294866309932e-05,0.000119360187142721,-377.459741639284,0.129933084799012,0.0951314305752049,0.94,0.580597379467889
"quadratic",200,"pg_apf",183,183.656,671.854742419685,1549.41216657438,253.711003293868,388.100384134405,10832.7118857187,671.372807611146,8232.09485513294,1348.27896020088,3.65822375756678,8.43649086648071,1.38144685332288,2.11319196832341,58.9837080504786,44.8234463079504,0.00498931664256965,0.00418934276730968,8.56705040641593e-06,0.00119126578956461,0.0107695510323513,4.55517067513465e-05,3.84691657738256e-05,7.44076766770713e-10,1.04313304889954e-05,9.78818622164855e-05,-398.717377727184,0.119962960442311,0.0943098293131837,1,0.585393151900744
"quadratic",200,"pg_apf",184,183.148,794.909706767078,1939.79052274902,398.203895129394,329.065591245136,10600.397872866,791.48428151874,6823.55183551695,1768.11704299094,4.34025873483236,10.5913825034891,2.17421918409917,1.79671954509542,57.878862301887,37.2570371258051,0.00494427437854378,0.0042126189293733,8.20460467695904e-06,0.00122487858684699,0.0107829847902833,5.77941643176707e-05,4.99234728273006e-05,1.13781043526543e-09,1.21010809656787e-05,0.000124414388699342,-395.13425739509,0.10367373578851,0.0808795848263312,1,0.587528227512608
"quadratic",200,"pg_apf",185,183.509,534.199729337616,1140.93568429417,328.650879724887,298.924154308121,10652.9502798326,528.208237159134,6956.15334368583,1038.12571128228,2.91102741193956,6.21732821983754,1.79092513023823,1.62893457164564,58.0513777516777,37.9063334424242,0.00517869622756899,0.00444611492868664,8.90717070935819e-06,0.00111700162821193,0.0111923437200093,5.0470804012242e-05,4.20498626719861e-05,1.11836198970515e-09,1.19338802002539e-05,0.00011048598785832,-394.68943201025,0.114288277433749,0.0916816404927842,1,0.585705942954112
"quadratic",200,"pg_apf",186,183.815,891.700441894645,2084.52282987189,293.975711430502,279.863081170139,10450.6846726322,894.643494724871,5642.6079658437,1912.78229542375,4.85107549380978,11.340330385833,1.59930207779834,1.52252580676299,56.8543626615466,30.6972116848119,0.00555953487829828,0.00477325000889252,1.02107292905198e-05,0.00129746841204074,0.011902945819836,6.11175536144855e-05,5.1794425893887e-05,1.36490509576334e-09,1.18833945304145e-05,0.000135531625950778,-397.966586256166,0.108560150226524,0.0897544443968677,1,0.587339490460105
"quadratic",200,"pg_apf",187,184.302,602.441546395091,1533.508789933,353.807426173937,313.506327885389,10347.1056332121,606.262385739343,5928.62366056313,1283.01151502427,3.26877378647595,8.32063021526084,1.91971560902181,1.70104680299394,56.142123434429,32.1679833130575,0.00577406784050114,0.00486433171131748,1.27804845454397e-05,0.00128029151547884,0.0130541799343645,6.37008649742059e-05,5.35349550715797e-05,1.73921238899943e-09,1.18360498478253e-05,0.000142678199012296,-382.315438616618,0.113018010006957,0.0929465945324032,0.995,0.60687410737771
"quadratic",200,"pg_apf",188,183.346,682.986782816916,1477.4918200425,370.393337891636,395.709794347457,10546.8993941005,683.138817129746,6714.33735043505,1351.28072903644,3.72512507945041,8.05848952277386,2.02018772098457,2.15826794338277,57.52456772496,36.6211280880687,0.00522531231037535,0.00444916202092346,9.33325246883396e-06,0.00117021241248129,0.0111951829873484,5.8067901478201e-05,5.07985648454391e-05,1.08049508686605e-09,1.27464762045593e-05,0.000121128218482915,-386.798993914522,0.118815554338757,0.0959823207430369,1,0.591226682568584
"quadratic",200,"pg_apf",189,183.29,642.051777032138,1432.3345984379,304.901905550932,365.449221635877,10427.2519732245,642.750244804586,5852.06314993648,1309.68758273334,3.50292856692748,7.81458125613997,1.66349449261243,1.99383065980619,56.8893664314723,31.9278910466282,0.00507304527721174,0.00437574589553015,8.3603184081276e-06,0.00105750015864595,0.0105755008756236,5.91439238093773e-05,5.04228609914831e-05,1.22181276398842e-09,1.25267294025656e-05,0.00012770716334114,-377.644356605038,0.119064475712911,0.0909846720182649,1,0.596423487990098
"quadratic",200,"pg_apf",18,183.558,651.512671402893,1713.34125393181,294.92723254537,381.933707051601,10803.4302572404,657.68002292835,6583.18098253728,1489.96743498861,3.54935590605091,9.33405928334266,1.60672502721412,2.08072493191036,58.8556764469019,35.8643098232563,0.00607367377806284,0.0050867517243308,1.47591462958746e-05,0.00125465334613556,0.013615338166946,5.39723105155975e-05,4.5872451919467e-05,1.04538391373744e-09,1.21120140927876e-05,0.000117902108489817,-398.292572947781,0.152454906439095,0.119425943794757,0.98,0.613380828447572
"quadratic",200,"pg_apf",190,182.847,562.067325024771,1265.8100400163,338.750296109917,314.083075737505,10520.7732110231,562.670125136758,6980.10114526131,1126.85096133948,3.07397619334619,6.92278265443948,1.85264344566723,1.71773710116931,57.5386700958895,38.1745456324758,0.00460915539141843,0.00398233668229211,6.72697647838636e-06,0.00111469082456311,0.00977353160709717,5.46393423605958e-05,4.65982069534197e-05,1.02380835946769e-09,1.32367244577332e-05,0.000116737375007564,-375.248334693069,0.113711069147819,0.0866164025410058,0.99,0.578634564699765
"quadratic",200,"pg_apf",191,184.487,568.77422142188,1240.86197742983,483.871253051101,357.875835150951,10800.2919804486,573.799489618381,8534.78906896832,1113.16016160347,3.08300433863568,6.72601309268311,2.62279322147957,1.93984310629449,58.5422928469138,46.262279016778,0.00416220863124547,0.00365101533860024,4.64234295665023e-06,0.00105204306978576,0.00838889020353695,4.60148136984918e-05,3.89299435722298e-05,7.96010678949404e-10,1.11606162322779e-05,9.93832170055565e-05,-386.605476093316,0.155734535258001,0.123723225725715,0.9,0.572721329468378
"quadratic",200,"pg_apf",192,193.459,887.220456985127,1913.71490255514,304.854600959387,269.793891998376,10432.0893590852,893.151150870616,6311.94402682982,1104.5156274361,4.5860903704926,9.89209549597144,1.57580986648017,1.39457917180579,53.924032270844,32.6267789393609,0.00616061192107275,0.00536706729604,1.15381967177017e-05,0.00128170378067021,0.0128314434027551,6.47684000191146e-05,5.44298495971877e-05,1.65405519702671e-09,1.3312751106405e-05,0.000144191090224851,-372.984738507018,0.154048509462403,0.12325758021501,1,0.614832079813618
"quadratic",200,"pg_apf",193,183.566,409.167426975618,770.637200486091,422.018794800796,334.572215895413,10264.5592076886,406.861519973102,7469.63599981443,697.61484452977,2.22899353352809,4.19814780779715,2.29900305503631,1.82262628098566,55.9175403271225,40.6918274615911,0.00465345880156568,0.00397821304479869,7.83096237101208e-06,0.00110649248167269,0.0098760065337526,6.02732110017199e-05,5.1582070805457e-05,1.38746114517037e-09,1.27188028841601e-05,0.000130337134453742,-379.436919070524,0.149553413661336,0.129224509721074,0.97,0.594605009386167
"quadratic",200,"pg_apf",194,183.542,665.396062747655,1517.83323848119,489.532534553103,412.704318871479,10999.124625444,671.740070315709,7289.60127407794,1390.85392909583,3.62530681123479,8.26967799457991,2.66714176893083,2.24855520192369,59.9270173880858,39.7162571731698,0.00401684565975134,0.00352954258677052,4.26719582446265e-06,0.00113811730005623,0.00807513805249612,5.06703896792146e-05,4.41504559300089e-05,7.49658497881361e-10,1.27746838758176e-05,0.00010428908148024,-394.404505214623,0.0991996109568112,0.0843034426181042,1,0.558316143415739
"quadratic",200,"pg_apf",195,183.033,751.17729536649,1802.23151277635,353.313770313619,424.186341029203,10880.5550932549,769.475849453064,7836.20426843788,1678.94610975783,4.10405388845995,9.84648403717556,1.93032824853234,2.3175402306098,59.4458654628122,42.8130679628148,0.00652544613901528,0.00566085040163604,1.40150154741918e-05,0.00130278847474372,0.0141874746947541,5.15482115385032e-05,4.28563607910561e-05,1.06609914007311e-09,1.17462695938662e-05,0.000115003149829544,-385.701688399649,0.108809165830488,0.0830237461836454,1,0.608676200569893
"quadratic",200,"pg_apf",196,182.885,791.773221981216,1777.80068481653,499.307996272477,427.580347354897,11334.9473084568,794.112649475385,8753.0327759345,1593.53459327882,4.32935025825637,9.72086658182208,2.73017467956627,2.33797384889355,61.978551048237,47.8608566910053,0.00430733037791748,0.00386974623520976,4.78268574675106e-06,0.00107610201493759,0.00842498895442106,4.84914918572009e-05,4.31267633021266e-05,6.29966479835346e-10,1.23347850511366e-05,9.62035504385639e-05,-377.239382541151,0.105187136118592,0.0812858326432485,1,0.567924183230618
"quadratic",200,"pg_apf",197,183.804,940.005586259192,2157.15052906916,250.33553458499,204.815652616338,10141.9631824789,937.02334599326,5470.99135111144,680.250316324023,5.11417371906592,11.7361457262582,1.36197000383555,1.11431553511533,55.1781418384741,29.7653552213849,0.00668402032030107,0.00579196501081237,1.49521529128726e-05,0.00127218870735374,0.0144602878752996,6.37974191985359e-05,5.27332851630171e-05,1.78610478090104e-09,1.07331304979563e-05,0.000146070576484722,-377.711786530175,0.130698542160282,0.0952933302452549,0.97,0.617306029096387
"quadratic",200,"pg_apf",198,184.01,533.179091805987,964.826906909855,321.398384455765,265.964052662006,10405.2600003467,536.344005218741,6932.95114650751,839.914670768087,2.89755497965321,5.24333952997041,1.74663542446479,1.44537825477966,56.5472528685763,37.6770346530488,0.00493552128291251,0.00418388457327038,8.42745435836099e-06,0.00106491997666207,0.0105826339083296,5.75955013741033e-05,4.84559327528781e-05,1.31759880770677e-09,1.24720157978118e-05,0.00012573843396667,-405.640093046778,0.100261800215954,0.0803948900989677,0.995,0.578573974220118
"quadratic",200,"pg_apf",199,184.396,864.961111961706,1968.15406082811,355.699328725002,353.889428461759,10696.9674987404,863.470011161852,7791.52606555043,1478.77637467764,4.69078023363688,10.6735181936056,1.92899698868198,1.91918169841948,58.0108435038741,42.2543117288359,0.00537329958017531,0.00460164199115845,9.25490800363003e-06,0.00126042194959396,0.0114809603634193,5.32835797818933e-05,4.46774447460874e-05,1.12224890003855e-09,1.14969362035882e-05,0.000116875928696582,-396.366093229986,0.106085013607143,0.0786896389253978,1,0.594851218626881
"quadratic",200,"pg_apf",19,183.782,986.957371372664,2196.25368501445,323.615985652078,332.203293992277,10669.0673849225,988.331273959193,8353.46575520373,1678.02674873215,5.37026134971142,11.950319862742,1.7608687774215,1.80759429102021,58.0528418720141,45.4531224777385,0.0057513448401061,0.00486512365055886,1.2314469411983e-05,0.00106700836811665,0.0126880649059548,5.18356668102908e-05,4.327497147764e-05,1.04812227547224e-09,1.24029890863304e-05,0.00011581534366668,-387.296212475011,0.156683302844743,0.140038669541428,1,0.604982267680969
"quadratic",200,"pg_apf",1,183.948,601.864201278262,1100.79246631685,420.873345097718,322.150777563256,10607.9089421114,607.685499296963,9052.20750729012,988.963403846557,3.27192576857732,5.98425895533985,2.28800174558961,1.75131437995116,57.6679765048348,49.2106872990743,0.0047806927974127,0.00417773938862451,6.71754068212979e-06,0.00105412077359179,0.00984951838892876,4.81057220556007e-05,3.98714615964401e-05,9.49611587374202e-10,1.12336221817778e-05,0.000105645690635531,-369.927469321284,0.145594095483102,0.110569107927578,0.895,0.580462932038006
"quadratic",200,"pg_apf",200,184.085,409.003190263034,842.405927437187,364.763234672862,403.605674666732,10477.9816436896,408.806917905088,7532.81824249476,782.201257640927,2.2218170424697,4.57617908812335,1.98149352023719,2.19249626350182,56.9192581888237,40.9203261672312,0.00435298823865621,0.00378259600758243,5.96140053135737e-06,0.00105672544909429,0.00910193675523906,5.6551921110529e-05,4.85313084923796e-05,1.07481176097479e-09,1.24191260742523e-05,0.000119472354463382,-383.79327034551,0.0690014731935422,0.0491826204470287,1,0.571872266525123
"quadratic",200,"pg_apf",20,183.113,591.72570553684,1424.0007060222,348.589744948156,380.839955699473,10799.6064650255,591.800795610898,7242.13243754049,1274.0851770529,3.23147840697733,7.77662266481464,1.90368649384891,2.07980840082066,58.9778249770659,39.5500725647032,0.00500159550605741,0.00429447017538413,7.91645371617606e-06,0.00104500735382027,0.0106001394106554,5.30526432916371e-05,4.60386623964481e-05,9.00831656838643e-10,1.2483379760485e-05,0.000109662929960242,-392.447374002625,0.101943852500713,0.087033294948282,1,0.57864560388115
"quadratic",200,"pg_apf",21,183.745,596.722122423281,1442.70424361796,463.217788161068,396.58443537919,11019.2755261867,593.14558715185,7093.25507835224,1333.03985541248,3.24755570177845,7.85166531670499,2.52098173099169,2.15834137189687,59.9704782507645,38.6037991692413,0.00467440277946525,0.00404694478763436,6.41049337509431e-06,0.00126696077259391,0.00987302805268127,5.11447508107566e-05,4.31569374234753e-05,9.8070352582589e-10,1.16799386338818e-05,0.000108718019074318,-389.902234899823,0.0919541318232432,0.0787321043850003,1,0.571860561279954
"quadratic",200,"pg_apf",22,182.818,499.527298135327,1034.28923627611,493.006654380226,438.695943920595,10879.9401426567,521.835056812059,8433.02923574927,911.470098887344,2.73237481066048,5.65748031526499,2.69670740507076,2.39963211456528,59.5124120308544,46.1280029086264,0.00361743321956952,0.0031863159849187,3.42290252953442e-06,0.0010433390183919,0.00737157297183341,4.96803018105524e-05,4.33444137010534e-05,8.14059337430529e-10,1.2550401204664e-05,0.000100121731011705,-391.56686253184,0.132295531894128,0.0960118800156197,0.97,0.547674278337923
"quadratic",200,"pg_apf",23,184.877,531.297144590539,1135.85528431219,321.928534059294,221.512598867073,10621.6746943985,537.73009135376,6661.93968293199,980.94690825227,2.87378713734288,6.14384311900446,1.7413119753095,1.19816201510774,57.4526560599671,36.0344428075531,0.00464889947490438,0.00403848482953308,6.61478151168771e-06,0.00118126433826846,0.00971471576480957,5.52331035424619e-05,4.63376824085262e-05,1.18625599065213e-09,1.18755612000532e-05,0.000120228536865409,-389.877118781643,0.123105833873979,0.0973667533677051,1,0.582850403226137
"quadratic",200,"pg_apf",24,183.904,405.662798404698,889.067051783981,384.333450850736,318.993005865728,10237.9307065841,407.338025205412,6537.14047162133,803.949444973896,2.20583999480543,4.83440845106132,2.08985911590143,1.73456262977275,55.6699729564563,35.5464833370744,0.00419335674576013,0.00359930959973024,5.81667444100925e-06,0.00102398301141351,0.00891850606877943,5.92736028946121e-05,5.27352035079526e-05,9.78232338834362e-10,1.46858095465648e-05,0.000122562325194802,-384.335716347046,0.113322698758395,0.0940919456962394,1,0.573410517085464
"quadratic",200,"pg_apf",25,183.099,731.705220614938,1722.10637669188,362.15861342453,343.479951942127,10602.5097080759,735.863899968047,7226.67340122383,1568.05730339934,3.99622729023609,9.40532923004429,1.97793878407053,1.87592478354402,57.9058853848238,39.4686666842737,0.00439240784602054,0.00381471120470611,5.94695006700867e-06,0.00106102219697727,0.0090793178752494,4.97720516841171e-05,4.11599610207179e-05,1.10538635435798e-09,1.00562831177928e-05,0.000107828056760382,-403.887765836908,0.170141136840341,0.147640712693111,0.975,0.558578271523607
"quadratic",200,"pg_apf",26,184.014,549.548741332686,1507.00753748745,291.151029356784,366.187961496481,10710.833787523,550.128830801125,9305.5974016329,1321.29391400327,2.98645071207998,8.18963523149025,1.58222216438306,1.99000055156934,58.2066244281579,50.5700512006309,0.00545000912577608,0.00475904137617499,9.55365956900091e-06,0.00128967535962799,0.0114122560220262,4.42681988794032e-05,3.8116968046161e-05,6.49651019388144e-10,1.11249020531022e-05,9.19713199082528e-05,-386.742382086905,0.0987677209501443,0.0860980574598521,1,0.587708720787317
"quadratic",200,"pg_apf",27,184.57,485.659719014844,996.386920095586,326.024835627307,430.950937251027,10958.3009570044,488.246081585697,8055.35971242934,827.494569844103,2.63130367348347,5.39842292948792,1.7664021001642,2.33489157095426,59.3720591483144,43.643927574521,0.00425037737148413,0.0036878145890973,5.66116839412104e-06,0.00099993093665341,0.00892643810754387,4.78856030829598e-05,4.15322296788515e-05,6.86344435426995e-10,1.20042673676831e-05,0.000101537206625804,-388.068124079429,0.115627864000994,0.0826810343759451,1,0.566406948749682
"quadratic",200,"pg_apf",28,183.629,722.855195235854,1537.48184578574,316.717590133046,380.389090775376,10428.4812906555,729.6043520948,7178.1066030693,1344.91187236927,3.93649802174958,8.37276163234425,1.72476890977485,2.07150880729828,56.7910367679155,39.0902668046403,0.00563580900494582,0.00468143051944594,1.20499668726653e-05,0.00113636014414167,0.0124589247641447,5.5430886558984e-05,4.82414618771762e-05,1.03592320413582e-09,1.34956269848271e-05,0.000116829695434377,-383.181040852914,0.0954520187697343,0.079395526839225,1,0.606330159628429
"quadratic",200,"pg_apf",29,184.348,783.987040264387,1879.02534390996,313.468028795021,351.654943015823,10306.3822204536,787.570911399131,6312.86705537273,1604.4092812559,4.25275587619278,10.1928165421375,1.70041458977055,1.90756039130244,55.9072093022632,34.2442937019806,0.00510439595736064,0.00432499981505887,8.69520172258679e-06,0.00121383412385827,0.011067050562978,5.07198755523304e-05,4.21145819345439e-05,1.1831904019166e-09,1.04977282237719e-05,0.000113667176319519,-394.733753045606,0.0971506658992761,0.0772689471264876,1,0.579360676767866
"quadratic",200,"pg_apf",2,183.382,801.181729195211,1869.04083545292,417.047264557945,418.001692364498,11009.880208116,806.884246813846,8585.16745937979,1713.56970277431,4.36892240893441,10.1920626640179,2.27419956461346,2.27940415288577,60.0379546962949,46.8157586861294,0.00447530979039242,0.00383075385269428,6.73895992780393e-06,0.00104778211826972,0.00955940462940848,4.49554892246346e-05,3.88102613111197e-05,6.324787124307e-10,1.14285918574565e-05,9.30802428243614e-05,-394.752298524458,0.14216355273828,0.110971067191742,0.985,0.555461555684118
"quadratic",200,"pg_apf",30,183.169,526.051484749881,1112.084381969,377.237309989569,360.930835022598,10842.2458740137,525.106468719376,8174.24149676893,937.968751668379,2.87194604299789,6.07135695433725,2.05950411908985,1.97047991211722,59.1925810263403,44.6267736176369,0.00470122947868675,0.00399073977843132,8.73965352034855e-06,0.00108866397042758,0.00989077596460896,4.53012171071253e-05,3.88556479000745e-05,7.02465198237161e-10,1.05342872153517e-05,9.64409447725619e-05,-392.059009996161,0.121057501470626,0.0919727345629506,0.965,0.571103563379302
"quadratic",200,"pg_apf",31,182.967,413.866024598851,1069.16799903148,337.812571424861,406.538047562076,10879.2096392792,417.833932203073,8228.1461022079,883.71936909997,2.26197087233682,5.84350182837057,1.84630327558992,2.22192005969424,59.459955288545,44.9706564692425,0.00452393834568935,0.00381227841131297,7.52354505339792e-06,0.00111024694056398,0.00991824765920181,4.33960187360775e-05,3.78905548475463e-05,6.10654077578001e-10,1.13928736913934e-05,8.70395548278453e-05,-381.249479528418,0.141472377715764,0.112757572833663,0.975,0.577622865896878
"quadratic",200,"pg_apf",32,183.97,771.729385177468,1818.0587004238,368.919440815909,247.775502635476,10502.6075211098,778.036457426002,7294.68018604097,1646.30335623138,4.19486538662536,9.88236506182422,2.00532391594232,1.34682558371189,57.0886966413536,39.6514659240146,0.00491423834560795,0.00422098943036282,7.91326589105449e-06,0.00108994612789297,0.010535500306099,5.33186587315725e-05,4.5156089357901e-05,1.04209541055951e-09,1.17728808774687e-05,0.000116221376786332,-390.46119420503,0.111062092513354,0.082261708246374,1,0.577288276729917
"quadratic",200,"pg_apf",33,183.656,690.084400217271,1710.7405255827,254.031625142062,391.969521034346,10430.80888485,689.637226167594,7525.72938533578,1491.49060664545,3.75748355739682,9.31491770256729,1.38319262720555,2.13425927295785,56.7953613541079,40.9773129401478,0.00487404059858434,0.00415568984593189,8.73570680596208e-06,0.00112678593093398,0.0104597484931191,5.06143513409179e-05,4.15177498334615e-05,1.16984133127872e-09,1.27596655398754e-05,0.000113576271351514,-395.24589823109,0.0846537162644364,0.0655983929234954,1,0.574443166354808
"quadratic",200,"pg_apf",34,183.534,729.319721310603,1617.41113121978,379.812385184468,469.362030399852,11022.4419738471,728.489791008783,7485.67873480573,1496.02122413475,3.97375811190626,8.81259674621474,2.06943882432938,2.55735738555173,60.0566760047028,40.7863324223617,0.0041110709508982,0.00358230146169077,4.98108554606288e-06,0.00103888019196677,0.00853473769295492,4.75463817520706e-05,4.20614605733953e-05,6.28840295114053e-10,1.24194246912484e-05,9.59295189345805e-05,-381.279278337653,0.117857897722229,0.0868028772189995,0.975,0.565142871422015
"quadratic",200,"pg_apf",35,183.753,878.937609955876,2239.75269344743,368.25692456824,298.571688560246,10563.8118857045,872.66278649196,5875.99969304426,1188.40604897573,4.7832558377598,12.1889313015158,2.00408659759699,1.6248534095239,57.4891941122293,31.9777075369886,0.00564477842261506,0.00481635343612188,1.14755226014467e-05,0.00124728002594825,0.0124234103856282,5.63202343383826e-05,4.7237288678115e-05,1.16953505260259e-09,1.31475033110739e-05,0.000124677663783634,-388.935407760953,0.11710765038748,0.100904500384886,1,0.596437747399275
"quadratic",200,"pg_apf",36,183.268,333.467337642379,770.827583363651,255.141046529593,288.879881031906,9786.06249709052,338.35116894446,5189.87169424753,606.502531607115,1.81956117621396,4.20601296114789,1.39217455600319,1.57627016736095,53.3975516570842,28.3184827370165,0.00556408038170728,0.00463547712829,1.25452621737553e-05,0.00106250216508175,0.0124083621152691,8.23021354385481e-05,7.02765139562674e-05,2.59813266179723e-09,1.45622898255927e-05,0.000182816138362783,-385.145838974219,0.125191096431725,0.1040587723832,1,0.610807298405256
"quadratic",200,"pg_apf",37,183.051,640.990281968563,1312.03825928256,306.86793105692,265.175705091101,10290.8863828544,644.279673199837,6442.33304584329,1118.07885892046,3.5017032519274,7.16761044344229,1.6764067448794,1.44864384838707,56.2186843166896,35.1941974960163,0.00516218280620722,0.00432537358613077,1.00617210538722e-05,0.00109880528296683,0.0110537813554533,5.44534422376389e-05,4.54622820156426e-05,1.14971203637718e-09,1.21540771121823e-05,0.000121371395097979,-368.164870273948,0.159523470710962,0.132307519391811,0.965,0.608201198740912
"quadratic",200,"pg_apf",38,183.474,711.799385243726,1766.3102999599,382.166962350825,418.815115875387,10574.4329972851,717.654100968551,8355.43228763397,1565.71603148165,3.87956541659159,9.62703325789977,2.08294887750213,2.28269463725316,57.6345040566244,45.5401434951763,0.00491593913996545,0.00423917667082314,7.67525266192399e-06,0.00101269717505996,0.0104539526087679,4.36965639845817e-05,3.7578662358298e-05,5.70987882912337e-10,1.22268027650044e-05,9.15886649621329e-05,-395.851782976228,0.131754292515479,0.105005220299371,1,0.577510503889416
"quadratic",200,"pg_apf",39,184.782,826.057043691842,1904.65882760662,315.871750906753,376.302094264134,10048.7251958304,808.253904714096,8463.32712754656,1715.38269947624,4.47044108025588,10.3075993744338,1.7094292242034,2.03646510084388,54.3815154930155,45.801685919335,0.00639238956477446,0.00522552742750982,1.83425723581447e-05,0.00117576571043768,0.0149577970715648,4.8614995783836e-05,4.14206671730241e-05,9.49482448412045e-10,1.21232778581704e-05,0.000103694138921979,-394.848759996511,0.104700745302978,0.0816778401551712,1,0.614155109817073
"quadratic",200,"pg_apf",3,183.419,506.362474907549,971.416854658135,338.716205546628,388.566398972126,10333.6163541828,509.027229408058,6079.10368941096,865.052754093845,2.76068714204935,5.29616263668505,1.84668003612836,2.11846318523232,56.3388545035291,33.1432604550835,0.00552958815226418,0.00461617096827126,1.18670126871701e-05,0.00117599985545494,0.0124758027178445,6.96566487559659e-05,6.03386282485066e-05,1.5283505472976e-09,1.75927694009559e-05,0.0001447754548384,-386.295580004462,0.181043120811754,0.15493819095028,0.98,0.608216108136744
"quadratic",200,"pg_apf",40,183.164,429.891527273202,773.805768776349,324.808466769211,251.746811519351,10269.6397796292,433.487497133076,7248.13904142081,662.958406998409,2.34703067891727,4.22466078910894,1.7733204492652,1.37443390360197,56.0680034265972,39.571853865502,0.00497189278172347,0.00421445566854817,9.10471998403481e-06,0.00107764191368856,0.0107977595837054,5.9825831695039e-05,5.090307301647e-05,1.34213667253527e-09,1.19628099282314e-05,0.000129486816851695,-388.485579591287,0.173843713106515,0.136721154043492,0.92,0.58967399186425
"quadratic",200,"pg_apf",41,184.732,522.463941129443,1455.24196336213,403.369057855886,394.537252802455,11070.8629443324,523.664731284413,8289.62345451744,1283.66451081876,2.82822651803392,7.8775846272553,2.18353646285368,2.13572771800476,59.929318928677,44.8737817731494,0.00433746977590962,0.00384726229317833,4.84819327305493e-06,0.00115508512222117,0.00871057467096828,4.54118247604308e-05,3.84377633411381e-05,7.22220604501311e-10,1.04631053447982e-05,9.71225557184825e-05,-379.504235878344,0.125829588296994,0.103186227706331,0.99,0.563859024350575
"quadratic",200,"pg_apf",42,183.587,828.564582320651,1987.19601901675,411.04738728812,346.265756276249,10647.8467297316,830.067813129244,7374.97804235975,1781.46639992922,4.51319855066345,10.8242741534899,2.23897872555312,1.88611261296415,57.9989145730994,40.171570113133,0.00455732829648875,0.00397886319723418,5.9242505872689e-06,0.00112511842838144,0.00926082237792124,5.50971751447361e-05,4.70517505773579e-05,1.12247260896704e-09,1.20419226819149e-05,0.000117150427738334,-373.415749017486,0.10606121222291,0.0863121938215414,1,0.578441255722475
"quadratic",200,"pg_apf",43,186.181,577.649826745858,1404.89766740527,414.777742806847,394.91569024512,10721.5942454966,579.720380009394,8209.4912676818,1262.95573787186,3.10262500870582,7.54587024135261,2.22781993225328,2.121138517062,57.5869409096341,44.0941410116059,0.00457217015091745,0.00390377455826078,6.70763472995502e-06,0.00113245119959135,0.00983806788793561,4.85686662161689e-05,4.16053482780786e-05,7.92407278657441e-10,1.21072374352392e-05,0.000100807874634511,-390.739326142496,0.118626603256163,0.0918641275094764,1,0.57248815361198
"quadratic",200,"pg_apf",44,184.209,734.225353928514,1461.24121638172,264.926910912607,368.009820284216,10019.6189123626,733.02357622195,7245.63064324871,1249.93396993394,3.98582780389945,7.93251804407883,1.43818657564292,1.99778414889726,54.3926676349286,39.3337494001309,0.0062754738806919,0.00516297186653754,1.7351121447611e-05,0.00113701236293536,0.0142917214140561,5.25769108495305e-05,4.43115657383762e-05,9.99958188197409e-10,1.18084060648672e-05,0.000115205359430168,-390.497091461585,0.112843344739789,0.087337709433011,1,0.616647264653683
"quadratic",200,"pg_apf",45,183.654,777.152590238578,1770.68679432192,373.026362313633,293.032617780249,10331.1798533966,781.810076266067,8506.36773334977,1436.23967095268,4.23161265335129,9.64142787155153,2.03113660641006,1.59556893822214,56.2534976281301,46.3173561879936,0.00576651084246203,0.0049217881761605,1.18675633324104e-05,0.00115487181284385,0.0123927898941015,4.82657877983003e-05,4.04552280503235e-05,9.19244065350087e-10,1.13265004830685e-05,0.000108152696684503,-393.158225292377,0.126138743611263,0.0953815589751289,0.995,0.598678658629787
"quadratic",200,"pg_apf",46,183.745,631.775360491951,1170.3153254456,326.688829304998,281.973811903466,9987.26908739729,628.895437380903,7321.45973377945,1042.28347669391,3.43832681429128,6.36923630817494,1.77794677027945,1.53459311493355,54.3539638487974,39.8457630617402,0.00511778651991595,0.00431586640760179,9.75474061519222e-06,0.00100219832340859,0.0113620202891446,5.89605405796494e-05,4.96816129191602e-05,1.30688795319962e-09,1.22579418628285e-05,0.000131867442544708,-394.772172069021,0.0962946286174918,0.0748543341883164,1,0.57940671320075
"quadratic",200,"pg_apf",47,186.374,616.413966315208,1606.00128737463,255.368293615387,281.419755980918,11079.8031485672,612.657443398289,5956.39232608062,1460.74180067061,3.30740321243954,8.61708868927334,1.37019269648871,1.50997325797009,59.4492962997371,31.9593523027924,0.00568803625813081,0.0048321333240685,1.11686800994967e-05,0.00121043869718691,0.0122952002872981,5.6362320019122e-05,4.80954948742247e-05,1.10193725431012e-09,1.19624294997766e-05,0.00012080249962485,-412.283682238006,0.150320436148747,0.120524772616356,0.94,0.587569916886973
"quadratic",200,"pg_apf",48,183.401,774.147190127154,1817.38829769827,383.849140160708,381.425835276713,10732.3996733583,782.596727565426,7379.9826228116,1566.8161714113,4.22106308104729,9.90936962011258,2.09295009384195,2.07973694405545,58.5187631112062,40.2395985998528,0.00470669368269672,0.00411056038385942,6.42463800839846e-06,0.00117872444734443,0.00981046582203926,5.62971656687311e-05,4.70759800116489e-05,1.32850581802203e-09,1.17664098025408e-05,0.000124591681574197,-394.125593044413,0.110456524036311,0.0902204105165549,1,0.577671086007197
"quadratic",200,"pg_apf",49,183.33,479.484493524347,1363.47204422489,456.514450728548,493.926822859276,11551.4068630376,483.622826709172,9668.18875938474,1261.10242825003,2.61541751772403,7.43725546405329,2.4901240971393,2.69419529187409,63.0088194132854,52.7365338972603,0.00366587307179889,0.0032224026396869,3.70809752247977e-06,0.00110026412522583,0.00739763018350157,3.76950274577578e-05,3.21997541032955e-05,4.89441877677394e-10,9.83844038330836e-06,7.79709055968773e-05,-384.649068946653,0.198037491458349,0.16222153879144,0.88,0.538937258006358
"quadratic",200,"pg_apf",4,184.016,757.443544333693,1718.39089264644,309.04548031565,259.115594685897,10407.5928218982,762.063834945456,6310.71688660257,1186.44701693352,4.11618307285069,9.33826891491196,1.67944896267525,1.4081144829031,56.5580863723708,34.2943922626433,0.00600324399373107,0.0051283855560671,1.30014700558566e-05,0.0011514119285016,0.0130524851593432,5.67573055262568e-05,4.71159151204851e-05,1.3402973582936e-09,1.25659457177099e-05,0.000127128762925369,-387.8335744885,0.128571977642397,0.105332390840218,1,0.602202976697241
"quadratic",200,"pg_apf",50,183.639,589.390375668149,1444.62953899457,379.146913264639,399.934712232925,11004.0099474421,594.059006866654,7550.12582130772,1245.94954992316,3.20950547360936,7.86668158176952,2.06463176811374,2.17783102844671,59.9219661806156,41.113956301808,0.00460042459592635,0.00390111621319924,6.82587249163118e-06,0.00117836455799541,0.0098457097401305,5.38535779113907e-05,4.57804678155118e-05,1.0013863179314e-09,1.31084130359561e-05,0.000115967111818564,-395.570814114146,0.089529048940881,0.0690567401127923,0.995,0.571403667438616
"quadratic",200,"pg_apf",51,184.636,605.695028419413,1376.12095192342,232.91711266407,265.582451334538,10100.7558553985,612.974007395361,4980.33142548597,1190.80297016254,3.28048175014305,7.45315622047393,1.26149349349028,1.438410988835,54.7063186778228,26.9737831489307,0.00699281475333769,0.00585497831882323,1.93701773463126e-05,0.00130396084556911,0.0155994596975109,5.90925270076647e-05,4.8771965284362e-05,1.48986776689789e-09,1.33715452400102e-05,0.000134572755049343,-389.566690573427,0.120697367573402,0.103689678064032,1,0.636900890312212
"quadratic",200,"pg_apf",52,183.221,684.063489352666,1445.22736254163,314.395536274274,300.087393597425,10352.7507430465,697.666199812185,7362.46494401444,1250.25642740395,3.73354304011366,7.88789146736253,1.71593614418802,1.63784388032718,56.5041711542154,40.1835212339985,0.00684373753244966,0.00591339209006001,1.61847872767394e-05,0.0011884129719867,0.0145291937605271,6.02582997123523e-05,5.12280963798694e-05,1.40617305108547e-09,1.34100394634102e-05,0.000132837790281482,-389.904721872473,0.110726207038361,0.0950754945251064,1,0.625153648512015
"quadratic",200,"pg_apf",53,183.906,622.742118878739,1126.0925300914,320.725471464969,259.908874311426,10562.8848411528,626.312653564453,7486.46260814271,952.204621134552,3.38619794285525,6.12319625293029,1.74396415269197,1.41327022669965,57.4363253028874,40.7080933093141,0.00587434130111152,0.00498475294976493,1.31907432513854e-05,0.0012804328538122,0.0128861472920741,5.36866640139849e-05,4.54574022018887e-05,9.97161422682624e-10,1.29506665009353e-05,0.000116887521039537,-398.115790017557,0.0837988898830931,0.065766438382483,1,0.603125659659116
"quadratic",200,"pg_apf",54,183.572,658.658413049889,1415.59783755271,326.337848645624,413.134426266877,10690.281020995,668.601920810304,8665.26430900474,1249.43003003672,3.58801131463344,7.71140390447734,1.77771037329018,2.25053072509357,58.2348126130076,47.2036275085783,0.00539381197625731,0.00461970879132558,1.03946544326218e-05,0.00118619629515306,0.0115595933939057,4.54438410112823e-05,3.86796718634041e-05,7.10975677572406e-10,1.06740362427152e-05,9.60653224744695e-05,-389.955992945219,0.105881367383948,0.0938299153148654,1,0.580206753213236
"quadratic",200,"pg_apf",55,183.915,693.016815383401,1548.49800277306,337.622788999769,354.483378731167,10985.6681734506,690.298349455463,7485.36320160532,1396.23372023171,3.76813645098769,8.41963952245906,1.83575450071918,1.92743049088529,59.7323120650879,40.7001234353116,0.00524598436821071,0.00451945572866217,8.81652506459983e-06,0.00120558887555477,0.0112097968226871,5.14900667021599e-05,4.37361974283874e-05,9.49359768584823e-10,1.32009453455447e-05,0.000110847541626675,-381.611804788057,0.107027818984269,0.0832836703897815,1,0.582689911552648
"quadratic",200,"pg_apf",56,183.135,640.911664938853,1654.79040380466,449.414798226048,304.205271970166,11060.5641513499,638.218810434185,7577.594083986,1492.33986519832,3.49966781302784,9.03590468127155,2.45400823559695,1.66109849002193,60.3956870688284,41.3770938596445,0.00457738866286604,0.00395891447305356,6.34604030676784e-06,0.00113165438214505,0.00952911460066061,4.80290260599115e-05,4.03929232772479e-05,9.77191355963581e-10,1.11668247808641e-05,0.000103496928424996,-400.160394287758,0.0915285823671776,0.0675077364626934,1,0.571181861412079
"quadratic",200,"pg_apf",57,184.563,436.913770320338,895.868175204473,287.331485549505,428.249868486646,10630.5799506794,440.923097528132,7488.03917964995,761.777417340337,2.36728797386441,4.85399660389392,1.55682062791299,2.32034518558241,57.5986516835953,40.5717244499166,0.00423280944803466,0.00370354074047046,5.19755745205314e-06,0.00100168847960557,0.00874505671820532,5.62778771792392e-05,4.92815825453666e-05,9.58308336720014e-10,1.41776090147406e-05,0.000115754287321507,-387.959368653191,0.111672556398031,0.0797076763285424,1,0.575157564174203
"quadratic",200,"pg_apf",58,182.765,646.516997952308,1364.60360299927,390.391870996791,436.142235454993,10920.5643938361,649.19837494205,7996.59498156442,1182.25176579536,3.53742236178868,7.46643833884645,2.1360319043405,2.38635534951983,59.7519459077839,43.7534264304677,0.00408023741876689,0.00348612712019849,5.78114260023767e-06,0.0010504270595876,0.00878091047740504,4.82117425206089e-05,4.23438119927007e-05,6.7653758882493e-10,1.18296781826891e-05,0.000100767631047906,-377.870470084853,0.0976101280535275,0.0749035967094353,0.995,0.56209130192537
"quadratic",200,"pg_apf",59,183.676,893.014489892284,2056.40860601516,304.037971046353,359.748263760051,10590.6600081227,894.755362307171,7233.25294181907,1915.21534059488,4.86190079211375,11.195848156619,1.65529503607632,1.95860245083762,57.6594656249194,39.3805012185537,0.0056366210210036,0.00478799756849488,1.19971463776317e-05,0.00117795593329099,0.0123687578387771,4.98359628603678e-05,4.20460746419239e-05,9.41988060777154e-10,1.13148031149668e-05,0.000109379344181433,-394.963276266718,0.116810676445637,0.0921932368441587,0.98,0.59130546739065
"quadratic",200,"pg_apf",5,183.337,749.336339295456,1628.07159122255,303.363975287869,374.64517758519,11093.9935323115,762.814388601925,7730.61122727343,1480.9825221805,4.08720737928217,8.88021289331967,1.65467949888931,2.04347828089905,60.5114817647912,42.1661270080422,0.00447088173878393,0.0038620095788313,6.21249060597018e-06,0.00114382180572138,0.00940912870366182,4.75143535067979e-05,4.04780780462295e-05,9.07129715407893e-10,1.14594552829835e-05,9.91968365685989e-05,-395.505912608349,0.110843436372967,0.0782300691439318,0.985,0.561053404395707
"quadratic",200,"pg_apf",60,184.193,729.116112159524,1599.48778183114,328.580468848004,365.735065876316,10324.4890669586,725.82118463344,7174.52166873543,1438.99894905457,3.95843551144465,8.68375987052245,1.78389226978226,1.98560784544644,56.0525593641376,38.9511092643881,0.00464699621932313,0.00393649041911701,7.85318694664361e-06,0.00105565006411134,0.0101791666267657,5.26654278515144e-05,4.48297964756575e-05,1.02832152786983e-09,1.17542208518781e-05,0.000113001841098714,-384.742468611477,0.100164248762495,0.0754251446903141,0.98,0.576714550012608
"quadratic",200,"pg_apf",61,184.331,399.492159433896,687.045502696499,326.331361959328,300.797904498161,10125.3829020832,402.217296847446,6871.18640119069,579.153387358962,2.1672543383039,3.72723797243274,1.77035529541601,1.63183568959188,54.9304398179535,37.2763474466622,0.00491416449921987,0.00416804364273265,8.66970850029943e-06,0.00107569148269541,0.0106262102035385,6.77036577498727e-05,5.75128923600788e-05,1.89122782003949e-09,1.56858575788325e-05,0.000141795514893768,-384.164779900153,0.149197476988169,0.111866339586764,0.955,0.60143766299856
"quadratic",200,"pg_apf",62,184.335,607.01265946249,1472.16817195756,252.54242957341,360.496130972099,10445.7523157896,600.534803096367,6938.8052035816,1363.68925393153,3.29298646194423,7.986373569629,1.37001887635777,1.95565753097404,56.667221720181,37.6423641933523,0.00502129639695713,0.00415032021878199,1.01862916534856e-05,0.00103561367108116,0.0111670774495221,4.98891186580162e-05,4.26213680212636e-05,8.06755688705523e-10,1.13383456423836e-05,0.000106086998147242,-386.471464964931,0.0936626249420989,0.0784025456227262,1,0.583749013498328
"quadratic",200,"pg_apf",63,183.291,644.73496904193,1579.95073097243,338.326753753705,332.107321914691,10021.3089242665,642.269618360996,6261.77447874929,1475.92828634327,3.51754842868406,8.61990349211052,1.84584487920141,1.81191287032473,54.6743098366343,34.1630220728202,0.0058308408275808,0.00488117430503996,1.36081779854557e-05,0.00114469151671057,0.0127959302592023,5.77836620745642e-05,4.88873772540179e-05,1.34466688374714e-09,1.2069888859241e-05,0.00013005487811946,-384.877512753156,0.112004278331375,0.0943042993483783,1,0.612517447063052
"quadratic",200,"pg_apf",64,183.551,678.415254930946,1809.40023787503,393.876656702124,423.065827864966,10884.3864147083,683.34527776527,7999.65708042662,1650.94609885063,3.69605861548532,9.85775200284952,2.14587039407099,2.3048952490859,59.2989763864447,43.5827485572218,0.00544150141399512,0.0048124322792291,8.74544264800521e-06,0.00129595916898699,0.0113601201558881,4.73013373238951e-05,3.98619642685398e-05,8.15893989129328e-10,1.05315674175979e-05,0.000103985002097417,-378.878774055072,0.11693644006656,0.0865581173691085,0.965,0.584717713455592
"quadratic",200,"pg_apf",65,183.342,702.479265923382,1738.77547996019,395.035333529179,292.455703230638,10473.3198660706,681.422145884245,6559.81203782648,1568.96273612922,3.8315239602676,9.48378156647241,2.15463632735096,1.59513752021161,57.1244988386219,35.779101557889,0.00512764717072605,0.00442180106879425,8.65123236010024e-06,0.00115079369043929,0.0109430196259095,5.64118298372909e-05,4.6523629419477e-05,1.2653932277059e-09,1.24114788370885e-05,0.000128219081791076,-386.926266764912,0.121429295729442,0.0984383133517959,1,0.595475386613431
"quadratic",200,"pg_apf",66,183.458,607.475969553043,1323.94090855371,323.599601735164,326.06147116219,10067.5711690722,619.1615322226,7701.53011497822,1156.96371842743,3.31125363599866,7.21658858460087,1.76388929201869,1.7773085456191,54.8767083968656,41.9797998178233,0.00578371320860436,0.00476712439376542,1.31478825876158e-05,0.00121033091892492,0.0131436099969886,4.96931856540927e-05,4.26127681441519e-05,8.28654279292935e-10,1.14832263444046e-05,0.000106556583500812,-396.155684516097,0.117709785206774,0.0927264611467189,0.955,0.593582393104514
"quadratic",200,"pg_apf",67,183.386,499.608358245663,1386.41096044506,485.23443819368,418.042537544432,10810.8361706948,504.941983274648,8521.72254854646,1275.69532116954,2.72435386695638,7.56006980055763,2.64597318330559,2.27957716262109,58.9512622048292,46.4687737806946,0.00447547647973925,0.00390376739975236,6.13217876364703e-06,0.00102683279508002,0.00924009194223686,4.79286162234484e-05,4.27223812569477e-05,5.73571815682728e-10,1.2699329056427e-05,9.45921339013818e-05,-399.673057226132,0.113720406341143,0.0926979887234318,1,0.564594081907454
"quadratic",200,"pg_apf",68,183.355,409.387336679173,820.425637521369,305.317295755926,407.506501526927,10584.2537328684,412.218452135663,7533.44865667828,727.405657483402,2.23275796503598,4.47452012501087,1.66517027490893,2.22250007650147,57.7254709872566,41.0866824285036,0.00412475610626848,0.0036204534660904,4.61543000951182e-06,0.0011176283671351,0.00834181512884211,5.9778595193887e-05,5.15740482950188e-05,1.13556227844391e-09,1.36969329151303e-05,0.000124003015128062,-381.687206649609,0.0905925780962371,0.0630693824371695,1,0.575286080218489
"quadratic",200,"pg_apf",69,183.545,458.287881523533,1100.94844283828,409.543625591716,408.989980382063,10699.6428558323,456.621650894238,8147.34050224171,1004.11316596152,2.49686933189971,5.99824807452275,2.23129818623071,2.22828178584033,58.2943847875579,44.3887902271471,0.00435644123054597,0.00372498166615515,5.96856952038778e-06,0.0011459103938258,0.0094098915234538,4.91137774705612e-05,4.29176901706124e-05,7.39122753140335e-10,1.1277328389657e-05,0.000102648469542149,-382.600765191658,0.153853409002719,0.121840845015574,0.97,0.578983092111625
"quadratic",200,"pg_apf",6,183.111,635.228206279687,1312.14062281604,324.486103947648,339.808427900052,9765.04002307713,643.008022371477,5742.01124239138,1225.80412048212,3.46908818301296,7.16582085628959,1.77207324490417,1.85575103571086,53.3285276312026,31.3580901332601,0.00517986273806158,0.00442092216370386,9.27016801024404e-06,0.00114295268154063,0.0113360141984035,6.68634587943562e-05,5.63645852797587e-05,1.71029473497852e-09,1.3527583992475e-05,0.00014880192956571,-392.450434062151,0.147400242495171,0.103264828495511,0.94,0.597996191366004
"quadratic",200,"pg_apf",70,183.085,544.413124754653,1169.34091696684,438.949505611707,419.694859150804,10496.6116662375,543.436849236594,7088.35096900968,1092.81530044914,2.97355394901086,6.38687449527183,2.39751757714563,2.29234977824947,57.3319041223338,38.7161753776098,0.00471704001443423,0.00405729839759213,7.72098507907299e-06,0.00119604395045819,0.00985196858058081,5.34216999568997e-05,4.5920875655326e-05,8.95162632510059e-10,1.28026779585854e-05,0.000113165218420122,-392.277167081936,0.15308261818373,0.122231733767061,0.995,0.594544085765073
"quadratic",200,"pg_apf",71,184.435,724.519953534066,1374.4193838844,465.677353590744,371.800826352833,10675.8770135578,722.544132263332,8246.92503853314,1233.80297824202,3.92832137899024,7.4520529394334,2.52488602266784,2.01589083608227,57.8842248681532,44.7145337844397,0.00457168730667779,0.0039612893774042,6.37573672860616e-06,0.0010938118354006,0.00955219157671991,4.66870405981385e-05,4.03433561646716e-05,6.79578009480938e-10,1.13942925798975e-05,9.71954431477877e-05,-392.324519989033,0.13653069952389,0.108677086593516,0.91,0.568735254227573
"quadratic",200,"pg_apf",72,183.337,575.08742596427,1135.79185742299,310.553811255682,411.183850586959,10438.6184956959,579.673703169531,7957.85977781239,1041.15504177601,3.13677776970426,6.19510441112807,1.69389600165641,2.24277614767864,56.9367803318253,43.4056397661814,0.00458071521010089,0.00379675602202721,8.49406858689571e-06,0.000949169387551403,0.0103423548453474,4.94578504476313e-05,4.17895090602951e-05,8.51428647853168e-10,1.1294566451586e-05,0.000106869124878989,-394.644504063158,0.0916305529300567,0.075151768198169,1,0.574495331876538
"quadratic",200,"pg_apf",73,183.363,765.97524948547,1705.2208385086,369.888595398709,310.390135319953,10731.5810442661,768.632081901783,6852.82334092262,1401.27923855872,4.17737084082105,9.29969971318422,2.01724772936039,1.69276318188486,58.52642596525,37.3729887759396,0.00509185722162591,0.00439220530444365,7.68936586077136e-06,0.00120183442059802,0.0104932650846004,5.71501972959683e-05,4.91424512601465e-05,1.06735863226374e-09,1.3351548495995e-05,0.000123750462234019,-389.19677778031,0.118963582828228,0.0941260636447819,1,0.585994364305146
"quadratic",200,"pg_apf",74,183.984,562.985234079557,1280.11258829102,367.770990682464,354.307547313541,10433.3331632871,561.96304202334,8248.80274367796,1137.35228979889,3.05996844334049,6.95773865276884,1.99892920407461,1.92575195296081,56.7078287421031,44.8343483328874,0.00458353002579809,0.0039837663132936,7.20186281755722e-06,0.00100558392524848,0.00972697655705294,5.47416158986856e-05,4.79959656078762e-05,9.31509789330096e-10,1.20711469392773e-05,0.000113251442672509,-400.524556722911,0.0789273515102786,0.0658038698626946,1,0.578097915843043
"quadratic",200,"pg_apf",75,186.578,871.350245406278,1943.83523882659,362.135027158383,302.725932914212,10469.7189828162,857.709308979468,6525.23825960817,1484.45016876685,4.67016607213218,10.418351782239,1.9409310162955,1.62251676464648,56.1144346215323,34.9732458253822,0.00686807854478334,0.00580104921400169,1.76405554361476e-05,0.00139920301606748,0.0152132969866677,5.94896800848322e-05,4.86676052756412e-05,1.69138736567313e-09,1.2345909225767e-05,0.000135351229659097,-396.353150685619,0.101486496487239,0.0851959064072283,1,0.626855846080031
"quadratic",200,"pg_apf",76,184.204,790.07742387841,1838.78231240989,343.170396199746,408.759017188548,10775.5761112034,790.110303883456,8519.48137353262,1694.00225100326,4.28914368785917,9.98231478366315,1.86299101105158,2.21905613986965,58.4980571062702,46.2502517509534,0.00457808927496358,0.00391284473651697,6.63884458669241e-06,0.00112239130793047,0.00980189076008554,4.39927468205011e-05,3.72185741412428e-05,6.56749055196154e-10,1.09961028644784e-05,9.58943056079041e-05,-397.525548133267,0.131477070620456,0.110128123277615,0.975,0.566200014237609
"quadratic",200,"pg_apf",77,185.245,650.747749772863,1564.02663218436,351.006118741229,324.921040425793,10693.4193351978,655.681016315218,6760.61160706617,1381.90520241361,3.51290318104598,8.44301671939517,1.89482101401511,1.75400707401437,57.7258189705405,36.4955146269328,0.00465929859909803,0.00400778892693759,6.86365064213429e-06,0.00110633442258384,0.00984479131505418,5.01171121687308e-05,4.34837667676342e-05,8.05872126003892e-10,1.25560636078176e-05,0.000102762005173208,-385.894976356792,0.0815691393949383,0.0619606763344615,1,0.576739083763142
"quadratic",200,"pg_apf",78,184.556,758.855586860546,1444.78241542748,386.282923988339,234.242723965316,10619.5496031438,766.500614825357,6798.62040928024,1263.44458423027,4.11179038806945,7.82842289292939,2.09303909918041,1.26922302155073,57.541069394351,36.8377100136557,0.00616515689262072,0.00542896507025771,1.06655035492976e-05,0.00146455136439777,0.0126311744094656,6.11360450808407e-05,5.01291795333426e-05,1.85992153129174e-09,1.1892761942144e-05,0.00014051278942327,-386.374609312433,0.111007775598379,0.0838206190939386,1,0.610802856239964
"quadratic",200,"pg_apf",79,183.34,548.646765981483,1178.46331555721,438.734720658802,377.502336692059,10755.3197023426,552.195338998515,7459.63850600979,1068.81582860408,2.99250990499336,6.42774798493077,2.39301145772228,2.05902878091011,58.6632469856148,40.6874577615893,0.00382961105759366,0.00338928963696006,3.91682306626915e-06,0.000962987240269119,0.00764781577959214,4.99237837760843e-05,4.21979049806233e-05,8.49316215701069e-10,1.21606815429861e-05,0.000107091430253683,-383.789640631794,0.125402845556775,0.0897966819366827,0.98,0.560702878039725
"quadratic",200,"pg_apf",7,184.553,508.624065875469,1228.31492960083,328.891270007845,330.309956432011,10620.3843788791,511.915250308264,7681.55065706547,1105.32598158072,2.75597831449756,6.65562158079702,1.78209657934493,1.78978372842496,57.546527983176,41.6224643168384,0.00476970880573043,0.00409905281300944,7.8254429397969e-06,0.00110958552006527,0.0100855824281302,5.43948475909569e-05,4.70391122048676e-05,9.52305268750272e-10,1.41390927675234e-05,0.00011307197097505,-390.230914153339,0.117372179680234,0.0864799603508702,0.95,0.574944809702517
"quadratic",200,"pg_apf",80,184.241,566.174582069476,866.99033572423,335.925043507414,283.495594533447,9953.79547244005,580.181663100232,7855.27922438268,754.185156909401,3.07301079601976,4.70574050143144,1.82329146882298,1.53872153610459,54.0259522714274,42.6358911663673,0.00507986611100327,0.00440579930409835,8.12691758436409e-06,0.00116730695185481,0.0107272270785208,5.39387102842648e-05,4.61375631767438e-05,1.02044342423135e-09,1.17551973563536e-05,0.000114154024679912,-389.688340336441,0.116785782958645,0.0993793754743215,1,0.587394438407841
"quadratic",200,"pg_apf",81,183.471,710.814407165068,1308.70490089992,214.722658795777,315.171165251191,10505.1519685098,707.488506579305,6974.84083978847,1141.62440232637,3.87426027636557,7.13303410838728,1.17033568681577,1.7178255160281,57.2578334914498,38.0160398089533,0.00588808799868659,0.00505329666054047,1.27946988126334e-05,0.00128620832620887,0.0126713311934843,5.64652479634762e-05,4.83012760617465e-05,1.11729971092512e-09,1.25387798146444e-05,0.000120427521687745,-384.506680361605,0.0876361164066875,0.069703699882723,1,0.604281019976754
"quadratic",200,"pg_apf",82,183.358,685.294407824141,1396.26831472765,450.09367713585,305.896004886665,10548.539790579,693.351742210539,7265.42739563896,1280.58911997387,3.73746663807492,7.61498442788233,2.45472614849557,1.66829920094386,57.5297494005118,39.6242727104296,0.00451268050178941,0.00393708219489954,5.96095334681798e-06,0.00117911477842731,0.0091523960695546,5.44213259413405e-05,4.65236172661728e-05,1.00282218076458e-09,1.22417248036353e-05,0.000114377183843269,-374.896662387979,0.128611417189735,0.10539534556079,0.975,0.571036788167115
"quadratic",200,"pg_apf",83,184.051,548.402692597963,1084.45885655941,463.243394419452,388.662840520183,10466.2634472215,552.578254277265,7440.37503427104,937.764639492454,2.97962354237664,5.8921649790515,2.51692951638107,2.11171273462346,56.8661047602103,40.42561591228,0.00418736563634987,0.00362690518500713,4.77759337513072e-06,0.00121628285903049,0.00870902087934598,5.52661437319496e-05,4.69118030367131e-05,1.22396829630455e-09,1.28715547615693e-05,0.00011736921056062,-382.370431055996,0.0801467762731974,0.0653184093188599,1,0.568044045403586
"quadratic",200,"pg_apf",84,183.868,465.151704825703,1006.00700329963,424.918967809301,383.483753053493,10911.4553247189,462.577175807514,7773.06046730025,906.256438873926,2.52981326182752,5.4713544678771,2.31100010773653,2.085647056875,59.3439604755523,42.2752217204747,0.00420099874115975,0.0036173157493285,5.46358323704169e-06,0.00108783800507614,0.00895943636445118,4.85443918978186e-05,4.25409759454268e-05,7.03628353791689e-10,1.20774002213087e-05,9.917343934444e-05,-392.213416450707,0.109126025542193,0.0873598318261693,1,0.557890330284506
"quadratic",200,"pg_apf",85,183.367,569.094544625834,1278.36706283132,420.458474142761,318.579539340421,11324.5788866133,570.282840647055,7507.0949580102,1159.72935730388,3.10358213105866,6.97163100684052,2.29298878283858,1.73738753069211,61.7590890760788,40.940272557277,0.00483992189877224,0.00411844622344411,7.39551634962099e-06,0.00125163087885054,0.0102313250447065,4.74638182821834e-05,4.05485112970877e-05,7.50656872386527e-10,1.2107492437547e-05,0.000101190887552955,-382.130467505277,0.0995230512255659,0.080898704412606,0.99,0.58228243329471
"quadratic",200,"pg_apf",86,184.666,478.855279267854,904.66855520116,311.052198893047,374.849329508055,11020.5167793946,487.947820959823,8620.45241982202,791.644675104899,2.59308849093961,4.8989448799517,1.68440426983336,2.02987734346363,59.6781041415021,46.6813188124615,0.00590609307400198,0.00502737677935733,1.21546246735487e-05,0.00119828356731116,0.0128455892009713,4.95854206472359e-05,4.17852507768496e-05,8.8706624856054e-10,1.10971832033802e-05,0.000105271288073028,-411.123988765635,0.150807429294674,0.129774350614594,0.975,0.591469529637617
"quadratic",200,"pg_apf",87,184.053,519.490113369199,1139.69348272103,319.121682452501,371.355755565923,10463.1176513782,515.804251778345,8118.96699505914,1039.84508095217,2.8225028299957,6.19220269553354,1.73385754349291,2.01765662915531,56.8483950350075,44.1121144184509,0.00553753608325422,0.00466420562194985,1.17675079888107e-05,0.00120462112876308,0.0122373501151463,5.09591871095201e-05,4.33912848525301e-05,8.33666146366486e-10,1.32393627436094e-05,0.000109125376795821,-397.887786846198,0.100124991785846,0.0750156808690876,1,0.594704200810463
"quadratic",200,"pg_apf",88,183.582,618.845236601561,1271.85335827973,401.812321059037,348.596369863434,10775.7774597703,620.969396976831,8262.26834370747,1120.19632186989,3.37094724211285,6.92798508720752,2.18873484905403,1.89885920113864,58.6973530072134,45.0058739076133,0.00486622516554349,0.00410666400609822,8.71962450525047e-06,0.00106180032716263,0.0107025504023691,5.21479485340506e-05,4.50767577248131e-05,8.79079674623225e-10,1.2303632795716e-05,0.000109211874607405,-396.370605692554,0.0903354875500136,0.0701609823788845,1,0.579249049477393
"quadratic",200,"pg_apf",89,183.157,791.125437825861,1890.15615497844,274.730909149143,321.98532869689,10766.9820413666,794.243749625108,7130.34499759873,1304.28896299983,4.31938412305214,10.3198685006767,1.49997493488724,1.75797446287551,58.7855339482883,38.9302347035534,0.00601504731291513,0.00508256983298614,1.3144025600794e-05,0.00131861613385086,0.0131171321047918,5.73565274639973e-05,4.97335849653171e-05,1.13454526534449e-09,1.21075996362244e-05,0.000121646260956175,-391.917296318127,0.109631566256198,0.0897832766607232,1,0.610372175761027
"quadratic",200,"pg_apf",8,183.083,627.410067888046,1478.79725050868,305.63003356032,323.946465702032,10413.6387377457,627.381767274774,6230.54300521919,1368.46567798855,3.42691603200759,8.07719586476449,1.66935233506289,1.76939675284997,56.8793319846503,34.0312481509435,0.00524946999784661,0.00435034958318126,1.08100890380472e-05,0.00119683242513582,0.0118556969238956,5.76860206606181e-05,4.83084922887701e-05,1.18405814547747e-09,1.37329522035694e-05,0.000124834457217593,-402.027307175084,0.10175272219586,0.0882719604762693,1,0.581137384692749
"quadratic",200,"pg_apf",90,183.922,723.22791355153,1693.02761885439,376.433446564075,317.115163890571,10547.5853471937,722.669505019841,7307.58525713109,1362.91108206782,3.93225342020819,9.20513923758108,2.04670157221037,1.72418288127886,57.3481440349372,39.7319801716548,0.00551518013449767,0.00473361655296092,1.01872661702999e-05,0.00117567765372879,0.0120133116349335,5.9264225151375e-05,4.81684041057809e-05,1.68353124151007e-09,1.17813742526258e-05,0.000133289538568586,-394.289181182874,0.152880169651667,0.121202242684434,0.945,0.599549642244622
"quadratic",200,"pg_apf",91,183.234,596.990743543741,1082.64109703656,312.073341734786,226.010268737555,10612.6484420916,591.721898626321,6090.19393065286,769.3101364405,3.25807843273487,5.90851641636684,1.70314102041535,1.23345159052117,57.9185546464717,33.2372481671134,0.00528168438484157,0.00452380865850645,9.36869122575918e-06,0.00120298940727066,0.0113545817779422,6.40500654700503e-05,5.22182348606936e-05,2.01372282480871e-09,1.24695943837682e-05,0.000142772320353425,-389.232737135297,0.104838928739853,0.083851901378288,0.98,0.591038929779251
"quadratic",200,"pg_apf",92,184.028,635.895510013324,1429.20433660182,334.873656064996,371.020904632078,10221.3687252621,633.196622366483,6241.85136026355,1281.8986921554,3.45542803276308,7.7662330547624,1.81968861295561,2.01611116043253,55.5424648709006,33.9179437925943,0.00568407957179073,0.00471686901711076,1.28400502943756e-05,0.001097717851016,0.0128818591523325,6.80034126754313e-05,5.85048352199144e-05,1.65704931553576e-09,1.31479087142006e-05,0.000146065733313971,-389.345519302335,0.164891006725819,0.129954121635391,0.985,0.623000120540728
"quadratic",200,"pg_apf",93,184.04,1011.9008478389,2673.81071989088,238.792049129307,294.920917414968,9961.85534467004,991.608296660832,7241.13885794651,1598.05139286505,5.49826585437351,14.528421646875,1.29750081030921,1.60248270710154,54.1287510577594,39.3454621709765,0.007083789896755,0.00591906886777936,2.08683715027638e-05,0.00130574232961538,0.016106853439265,5.3714052423347e-05,4.42007184843242e-05,1.26140104762426e-09,1.00195688934407e-05,0.000120671955701758,-386.576003164424,0.16097487124281,0.115319456728896,0.905,0.62408780332936
"quadratic",200,"pg_apf",94,183.66,658.959245048645,1436.24013646494,291.419196300709,374.207619058037,10720.2047123736,662.817138790768,7090.97234723949,1287.06644050846,3.58793011569555,7.82010310609245,1.5867319846494,2.03750200946334,58.3698394444823,38.6092363456359,0.00632988609010279,0.00544047796120606,1.44120786739953e-05,0.00125742536832281,0.0137121576728563,5.49463161432761e-05,4.73195655395494e-05,1.04530234754782e-09,1.18782617371413e-05,0.000117000644414568,-388.214852408295,0.125423841568333,0.109123449827636,1,0.612832325188704
"quadratic",200,"pg_apf",95,183.866,396.743787139389,781.593701683261,410.876244798295,194.918654504781,9875.32139353977,400.493426727092,5264.29480884342,701.694645824499,2.15778766677574,4.25088761208305,2.23465047805627,1.06011255210197,53.7093393750871,28.631148819485,0.0041888901804229,0.00362589381031723,4.95263170991359e-06,0.00118874828184009,0.00880238179994241,6.8542527265807e-05,5.91260625830221e-05,1.41985124595251e-09,1.70330057507897e-05,0.000146438971250524,-371.486742677423,0.152743439660323,0.125297801641945,0.93,0.585653131908709
"quadratic",200,"pg_apf",96,183.606,640.918664996625,1391.04477349279,340.542405416312,315.787979987552,10055.6816371383,638.634720603159,7827.59278180202,1211.84172830511,3.49072832585332,7.57624899781485,1.85474551711988,1.71992189790939,54.7677180328436,42.632554392569,0.00581057405371711,0.00475668498753547,1.61717889146798e-05,0.00121745226809932,0.0132386546804777,5.5209666790468e-05,4.72521512226341e-05,1.03747045607881e-09,1.32745098333235e-05,0.000121310203990687,-397.85120751471,0.117410367981582,0.0957936744937116,0.985,0.597994219308703
"quadratic",200,"pg_apf",97,198.132,845.061435851024,2158.5852777625,199.613295297374,339.309662752352,10395.511248704,831.016484728971,6191.27404037617,1211.81511211045,4.2651436206722,10.8946827254684,1.00747630517723,1.71254346976941,52.4676036617205,31.2482286575423,0.00619198334761199,0.00522990436889951,1.52459980787483e-05,0.0012201261411066,0.0141397323837349,5.61242663934649e-05,4.82247495871269e-05,1.13913109819029e-09,1.1734931145235e-05,0.000120265719438714,-390.627976986614,0.0980298817480918,0.0810996857297831,1,0.603731296928216
"quadratic",200,"pg_apf",98,193.411,696.500791812877,1593.29368326834,325.853162122079,320.944412427497,10270.3253775636,694.723698003881,7361.90439989444,1406.11019425594,3.6011436361576,8.23786487463661,1.68477057727885,1.65939068836569,53.1010406727829,38.0635248248261,0.00507216793138724,0.0042991280263464,1.02340214944022e-05,0.00108437494092062,0.0111978590330138,4.63479573826496e-05,3.91785852187251e-05,8.30747028016809e-10,1.04386871572658e-05,9.88540101115477e-05,-389.193969380022,0.112477996871216,0.0875649931557865,0.985,0.585225481965635
"quadratic",200,"pg_apf",99,183.786,737.010577041636,1804.73156928197,342.46502070765,305.684759612975,10522.9305230254,744.935929878637,7144.334076797,1666.51616726182,4.01015625260703,9.81974453593838,1.86339014238108,1.66326466440847,57.256431518317,38.8731137126713,0.00526777076552769,0.00443357015776508,1.04122545654149e-05,0.00118453195408221,0.0116975131735438,5.17490900576841e-05,4.36269985831052e-05,1.1059332050496e-09,1.18212053199202e-05,0.000109860508910657,-404.339884660775,0.115853240345584,0.0928486288291478,1,0.574623357221493
"quadratic",200,"pg_apf",9,194.558,455.978914279255,906.192685594066,324.221691213408,418.650390793966,10996.371120883,462.472683565905,7719.64897639151,794.214176875282,2.34366571551545,4.65769942944554,1.6664526321889,2.15180249999468,56.5197582257373,39.6778799966669,0.00501981254295232,0.00424275361704732,9.63524625363617e-06,0.00104491452404711,0.0109551672198846,5.10584772104434e-05,4.33520090600246e-05,9.99753788680682e-10,1.23788891764413e-05,0.000109215775177868,-398.615304158289,0.13328030316868,0.113435426092862,1,0.572385622146658
"quadratic",400,"pg_apf",100,365.582,427.94579902855,1083.87251828143,402.925900432773,387.48928597457,11825.5596721289,426.395856619517,12072.6486105435,953.937412123323,1.17058771774472,2.96478633598324,1.10214917701849,1.05992441086971,32.3472153227701,33.023093616599,0.00256179222078107,0.00234583033586984,1.17063527041795e-06,0.000880492846409957,0.00464797497619678,2.09509604314986e-05,1.94204550313432e-05,6.76635155949806e-11,7.65535528655357e-06,3.70133041308913e-05,-781.867979264069,0.0888433012009376,0.0691142657826308,1,0.491291736967058
"quadratic",400,"pg_apf",101,366.019,586.078752331053,1559.31313912565,270.228920124762,340.248563305243,11848.1153254114,582.167596768454,12239.8111512682,1463.66358345149,1.60122494277907,4.26019725513062,0.738292056217744,0.929592625806975,32.3702193749816,33.4403709951346,0.00312337116696926,0.00285254247726633,1.81794410398331e-06,0.00108189153709992,0.00575320582339678,2.27182143654959e-05,2.07673507641428e-05,9.51141797720258e-11,8.09368567351089e-06,4.13355514818211e-05,-790.219073785098,0.137121587099651,0.115827453104298,0.9775,0.520479996088561
"quadratic",400,"pg_apf",102,367.066,572.822706882226,1353.79187971229,269.154640775329,251.05690855163,11462.5038697551,572.584184117822,11283.0388949671,1219.84931444565,1.56054417157194,3.68814294898544,0.733259524922845,0.683955769675291,31.2273647511758,30.7384472954922,0.00364443487180407,0.0033007784468103,2.87280123050103e-06,0.00112254889874914,0.00705093796746407,2.64112861714541e-05,2.38726859503177e-05,1.44358630116366e-10,9.37772039832725e-06,4.98288103148556e-05,-772.156691068225,0.102956194623737,0.0811441418968834,1,0.53918141083949
"quadratic",400,"pg_apf",103,366.467,714.92214914977,1901.53708462564,233.671272261646,329.154734304643,11441.798536693,713.337675893617,11504.519685392,1709.37459979277,1.95085000600264,5.18883578773979,0.637632507870137,0.89818383184473,31.221906847528,31.3930577252302,0.00292767141895436,0.00265473140911885,1.80651787028207e-06,0.000891275320072593,0.00558660097061998,2.31623568901986e-05,2.09497487937063e-05,1.01396330895654e-10,8.98370610420448e-06,4.19186906474343e-05,-780.297425948549,0.106290821260848,0.0828742009666927,1,0.51342070520111
"quadratic",400,"pg_apf",104,365.638,403.907870702946,1126.08272816652,311.487159170272,341.698649869752,11535.6247331224,399.945203867742,11233.4114058819,1003.05638714059,1.10466601037897,3.07977488162203,0.851900401955683,0.934527182267029,31.5493048674438,30.7227678903228,0.00287413684080585,0.00264891313016676,1.44377171227063e-06,0.000976793185046837,0.00520609348090362,2.4221656551554e-05,2.18166921141234e-05,1.15423128871465e-10,9.21151507994424e-06,4.54435969456934e-05,-766.933589022542,0.0826479872821079,0.0660157822669123,1,0.515880782767744
"quadratic",400,"pg_apf",105,368.102,680.573280807209,1799.97008242962,359.931302729033,387.884713105905,11635.5549392784,675.078408186262,11801.7889472628,1612.79733840558,1.84887145630072,4.88986770631405,0.97780317066746,1.05374247655787,31.6095944582707,32.0611921349592,0.00336712141096642,0.00306318985846845,2.16674250883909e-06,0.0011013613480807,0.00629588633092099,2.38614298004231e-05,2.15800344943675e-05,1.02672047383611e-10,9.16834931988065e-06,4.38918847287392e-05,-767.797465529387,0.107296177777486,0.0812975823614294,0.995,0.531707327318957
"quadratic",400,"pg_apf",106,366.226,431.203300665569,1095.99621828288,346.730336174235,323.471725167635,11547.6169926002,429.51783343041,11346.5412769882,1024.02422427378,1.17742405144793,2.9926772492474,0.946766030195111,0.883257128569887,31.5313958937928,30.9823477224124,0.00255733463854504,0.00232656407342539,1.1830732018947e-06,0.000922014020089458,0.00457124446955083,2.31087819087643e-05,2.1259339867273e-05,8.97891193100391e-11,8.51132850350188e-06,4.11970441853551e-05,-772.268537539217,0.0853551190646455,0.0728348034507185,1,0.493328723996118
"quadratic",400,"pg_apf",107,365.923,365.112971969567,858.784237874083,250.613154411881,344.542759029348,11593.9269065813,367.949564693953,12293.5758492306,745.212095133488,0.997786342945282,2.346898767976,0.684879481234798,0.941571748781432,31.6840616921628,33.5960730788462,0.00324248482540195,0.00290796624272299,2.51392475336446e-06,0.00106462078471932,0.00620535928551624,2.2459922221556e-05,2.01843267227154e-05,9.75405677431423e-11,8.24600992204648e-06,4.17907875949337e-05,-766.897313094127,0.0967958500914224,0.0799766772653704,1,0.526496685935962
"quadratic",400,"pg_apf",108,367.154,500.30568879588,1416.26719568896,272.699908330132,251.401199761409,11255.4504989622,520.100705905936,10926.8764047321,1264.67462895557,1.36265896271287,3.8574200354319,0.742739853930864,0.684729567869093,30.6559386496189,29.7610169158775,0.00314182473950915,0.00282785818966674,2.09417417543991e-06,0.00101643877338402,0.0060681357319021,2.49276995485874e-05,2.23446736543517e-05,1.48921992014437e-10,8.20402681272601e-06,4.7894001465493e-05,-784.080652300711,0.105159120374062,0.0733495328384629,1,0.519413030658039
"quadratic",400,"pg_apf",109,369.338,346.973793774426,897.004059220169,359.904962437803,347.30562358809,11666.6222947969,345.116565059921,11872.9585123506,762.36505307845,0.93944786015635,2.42868066437834,0.974459607291433,0.940346304978341,31.587928387539,32.1465933977837,0.00264012423566348,0.00243692869831757,1.1734852520286e-06,0.000956187473519838,0.00477282946381373,2.12789631294042e-05,1.92831789363489e-05,8.39329987922912e-11,7.9323710434255e-06,3.93715486727985e-05,-800.358439732902,0.109533447272212,0.0907929985250013,1,0.498673219749514
"quadratic",400,"pg_apf",10,366.051,309.043508145078,767.242242991629,366.05391001486,294.172159461351,11779.1941606854,309.691335074008,11836.0254171519,700.668239885998,0.844263526517011,2.0959982160727,1.00000794975252,0.803637087349444,32.179106629091,32.3343616522068,0.00272818753611324,0.00250712610199747,1.37873118084402e-06,0.000992813836930599,0.00486000815885446,2.26429248421111e-05,2.05568591845411e-05,9.4540862248649e-11,8.56867158370086e-06,4.12588528190794e-05,-784.599896732619,0.0888090035939312,0.0719134359415765,1,0.505716901051568
"quadratic",400,"pg_apf",110,366.297,629.732009179686,1509.68219595921,325.654030250686,318.765578668597,11762.887765732,632.624129592081,10922.0509484573,1366.27012460965,1.7191841843632,4.12147027128045,0.889043672895728,0.870238027252739,32.1129787187229,29.8174731118662,0.00331313176034505,0.00301073277708217,2.1522613462931e-06,0.0011666271192076,0.00636144060381367,2.59165495036197e-05,2.381612290589e-05,1.07855467707572e-10,1.01727245201977e-05,4.63707299022686e-05,-776.170715290139,0.148801435477499,0.118187456708207,0.9775,0.529137279400987
"quadratic",400,"pg_apf",111,367.358,478.854454303428,1145.00687315397,300.930038430192,307.21404084291,11773.4755374674,480.231825206438,11978.9216277503,1007.36753133915,1.30350898661096,3.11686930229904,0.819173771716397,0.836279707650058,32.0490517083265,32.6083047810319,0.00293614592969571,0.00266530242815942,1.87413349980424e-06,0.000908305309062905,0.0055065963842458,2.28339427130084e-05,2.05999628479413e-05,8.88511749145504e-11,8.99466357525059e-06,4.22730546413941e-05,-786.392883878733,0.0905684519745713,0.0768860535163386,1,0.515255360663384
"quadratic",400,"pg_apf",112,368.377,680.500069042937,1513.71309757927,260.328614841797,318.558288164993,11696.2096494836,696.658055683191,11633.2532361359,1287.00412685176,1.84729249937682,4.10914117216674,0.706690740306254,0.864761611514816,31.7506512336103,31.5797491052262,0.00324439788833142,0.0029130857672589,2.19900701439984e-06,0.00109261268083639,0.00622970680449944,2.53223001987817e-05,2.24093537502231e-05,1.41590775769729e-10,8.55198963568367e-06,4.94867977946174e-05,-789.00906674706,0.132500072085589,0.0950159774352571,0.95,0.516109373336036
"quadratic",400,"pg_apf",113,366.594,434.419510004354,1038.56439028482,365.801087636536,379.983209110406,11059.399752933,433.250885755937,10913.4633134714,901.525330365972,1.18501533032279,2.83300978817117,0.9978370830852,1.03652326309325,30.167978070926,29.7698907059891,0.00255689324286457,0.00233266903213967,1.1379175714349e-06,0.0010262997537654,0.00466853020479506,2.34575667372465e-05,2.17432373951065e-05,7.95556395035496e-11,9.18806822274578e-06,4.15693108260191e-05,-760.686892698861,0.144683236996757,0.121393101591343,0.9375,0.514701975649917
"quadratic",400,"pg_apf",114,366.103,602.169567636147,1754.07258121574,241.704585712117,419.716097052548,11637.18671909,601.884358111479,11719.2490136912,1549.91557708147,1.64480915926979,4.79119969302558,0.6602092463381,1.14644265972294,31.7866467062275,32.0107975452024,0.00301732145771301,0.00274039023335885,1.86601711992249e-06,0.00103419944341363,0.00572240826986329,2.33663030000343e-05,2.14167030323102e-05,8.99527071635003e-11,9.4029664991519e-06,4.36163846063999e-05,-772.043719220286,0.129563426201149,0.0955555656835568,0.95,0.520845341741322
"quadratic",400,"pg_apf",115,366.567,369.926837997416,934.101102250333,260.735488307848,409.816021777779,11657.4756390647,370.422206457601,11765.0406194172,836.345901863553,1.00916568593849,2.54824111895051,0.711290127883438,1.11798394775792,31.8017596757611,32.0951984750869,0.00269724361794518,0.00248576365077553,1.22992295405367e-06,0.000957708595147666,0.00485061696567292,2.29725228902782e-05,2.10365105928954e-05,1.03016354471373e-10,8.88460231544415e-06,4.05734071015514e-05,-799.473281321901,0.10882283262274,0.093113240779828,0.9825,0.500907820126069
"quadratic",400,"pg_apf",116,369.51,552.028629386406,1292.14995154447,228.757815797352,184.180228174994,11040.8425885944,556.446053363819,12103.8630596039,1209.3547878375,1.49394773994318,3.49692823345639,0.619084235331524,0.498444502652145,29.8796854986183,32.7565236654053,0.00377449672950296,0.003341310648996,3.28942711645448e-06,0.0011387486376122,0.00745892129529317,2.52428308188288e-05,2.28601984075692e-05,1.2081195668709e-10,8.57822496259355e-06,4.62482419058284e-05,-791.632120941868,0.110388116550399,0.0840665238400373,0.9975,0.541789973522593
"quadratic",400,"pg_apf",117,367.681,506.985652054555,1211.29784165975,320.127112696442,376.971685675418,11846.1450441455,510.097861628403,11911.0968174315,1100.48560826345,1.37887367597063,3.29442598790732,0.870665366707668,1.0252683322647,32.2185401044534,32.3951926192312,0.00286229365477847,0.00260231303743891,1.51321131548733e-06,0.000975303259687166,0.00528301758581665,2.27242839357876e-05,2.06914905386159e-05,8.72672252429422e-11,8.63663196223136e-06,4.09140340191529e-05,-774.293006882304,0.113616764760396,0.0946904704836121,0.995,0.50569627263601
"quadratic",400,"pg_apf",118,366.22,627.985117061201,1690.34010676166,213.664032030007,351.110130071811,11921.7236440734,624.51083315207,12556.8542399485,1519.81423533897,1.71477559134182,4.61564116313052,0.583430812162107,0.958741002872075,32.5534477747621,34.2877348040753,0.00339901254481355,0.00297045705030437,2.94081846223065e-06,0.00102700447786064,0.00688355134625126,2.32063686278454e-05,2.08627750465488e-05,1.09957489853018e-10,8.67534454565586e-06,4.35183433679998e-05,-794.359113647873,0.0893485460422574,0.0678541225101423,1,0.515902587624744
"quadratic",400,"pg_apf",119,366.339,406.615365588701,1060.80829549054,332.263114540177,305.674588776482,11815.517833771,410.987783540015,12187.070142883,920.361972802543,1.10994288238135,2.89570123707969,0.906982643235302,0.834403622809697,32.2529619662964,33.2671927992461,0.00293865560307888,0.00262702176113597,1.80282808501683e-06,0.00108690378843045,0.00570683866309408,2.20222563861552e-05,2.00937038163752e-05,9.21979022640937e-11,7.86103465897455e-06,3.99706716503624e-05,-807.084796253612,0.12827367208694,0.10359798238788,0.96,0.500568838151401
"quadratic",400,"pg_apf",11,366.298,512.385540681002,1160.89981173687,281.334827046695,259.960702554185,11489.750878413,511.921038086447,11279.1592392115,1021.17315591037,1.39882156244643,3.16927695957081,0.768049039434272,0.709697302617501,31.367222530325,30.7923036413289,0.00314147734405294,0.00283175602643847,2.03516605590122e-06,0.00103023809023671,0.00602775005789037,2.45837718732658e-05,2.2115065597607e-05,1.29436337091583e-10,9.01274445175424e-06,4.64474318926833e-05,-794.555634015278,0.115325304125478,0.0923749197593542,0.9925,0.513257965600468
"quadratic",400,"pg_apf",120,365.926,475.821841267885,1060.11686006755,281.118183056526,381.771142449258,11613.6858808899,476.268004329707,12322.9313231421,939.536729751684,1.30032258234694,2.89707990158544,0.768237794134678,1.04330149387925,31.7377991202863,33.6760200782183,0.00314622989732348,0.00286288560075371,2.02529027764622e-06,0.000971375456181338,0.00586669077434715,2.41598861923826e-05,2.17586301744991e-05,1.19038243261199e-10,9.74105516858544e-06,4.38212997052326e-05,-776.587506986875,0.100429277942077,0.0767498520097231,1,0.52323002543177
"quadratic",400,"pg_apf",121,366.16,351.479928333319,1095.27381907381,191.81677935732,321.332112617591,11763.7191024657,346.648221452479,12308.3563499106,892.78552618689,0.959908041111314,2.99124377068443,0.523860551008631,0.877572953401768,32.1272643174178,33.6146939859914,0.00321018762278461,0.00292475250139739,2.01655036142614e-06,0.00112313439157047,0.00613405318483715,2.38581211051173e-05,2.16484860267212e-05,1.08636398608624e-10,8.2191525739738e-06,4.35517681679177e-05,-785.086674824119,0.0732424001022728,0.057778619256139,1,0.515902503366025
"quadratic",400,"pg_apf",122,365.762,356.8933952543,923.270336217804,286.03731123765,355.772339779595,11558.7643362322,356.405728036305,11485.2369285589,783.750518918739,0.975753072364816,2.52423799142012,0.782031242276807,0.972688086186087,31.6018731749941,31.4008478971542,0.00246807705112233,0.0022790091241744,1.03808110107892e-06,0.000905628178044684,0.00448406641395762,2.27643360546102e-05,2.06662841505502e-05,9.84134718691794e-11,8.7089954153572e-06,4.22553315073634e-05,-795.094716038642,0.082671406944228,0.0670778213620767,1,0.495480647264774
"quadratic",400,"pg_apf",123,365.983,373.458324194169,952.293859594537,318.32038140063,335.880277354254,11807.7671617364,371.319643101295,11984.087278137,841.414312032135,1.02042533176177,2.60201664993876,0.869768217104702,0.917748303484736,32.2631574738074,32.7449288030782,0.0029496309171587,0.00265673778740611,1.73467916473377e-06,0.000991123865892112,0.00554509645440789,2.33121249434695e-05,2.12355333329637e-05,1.05333268237944e-10,8.57662561719832e-06,4.23024180296839e-05,-788.385050770505,0.100418160099676,0.0802669580229114,0.9925,0.51301540293284
"quadratic",400,"pg_apf",124,368.408,367.317581727728,886.146740079524,261.995194748033,326.259374904879,11633.2945274059,365.526750619568,11403.6307545892,789.004130927725,0.997040188399079,2.40534065514192,0.711155009522142,0.885592535734508,31.5772038810392,30.9538086973931,0.00291807084594786,0.00269969564137422,1.55333194532347e-06,0.000945486274232406,0.0053600468582259,2.46908401365762e-05,2.21096633712257e-05,1.27320238339554e-10,8.4118984156117e-06,4.72652932176685e-05,-781.727564554479,0.0979227536853926,0.0759813080240927,0.9825,0.511405630853451
"quadratic",400,"pg_apf",125,367.166,683.744089181484,1830.00275528471,278.503886943753,296.501590264445,11510.6542912368,687.050424418055,11672.7522832893,1658.48661518153,1.86222060098561,4.98412912765536,0.758523084772972,0.807540976736529,31.3500005208457,31.7914847324898,0.00346325117370969,0.00311918268564055,2.5892838074607e-06,0.0011423005942535,0.00676432186409457,2.39271477106556e-05,2.20311445971921e-05,9.75821836262952e-11,8.33275156858109e-06,4.34433932652945e-05,-823.932300750594,0.114221524594207,0.0888263095767599,1,0.517617228692339
"quadratic",400,"pg_apf",126,385.797,387.197481079634,959.40479024658,258.918213230992,330.902622845294,11808.7743016371,386.719130099999,11364.5170775533,863.706475808667,1.00363009841869,2.4868124693727,0.671125522570139,0.857711757336875,30.6087768998647,29.4572458509352,0.00290847259345877,0.00265723174353698,1.69535382020009e-06,0.00100445665168016,0.0055014512109294,2.33099775558878e-05,2.1279482661593e-05,9.292200422795e-11,9.03445072825345e-06,4.23635459824132e-05,-757.397331795975,0.129488897078344,0.109751920378236,1,0.51844665833109
"quadratic",400,"pg_apf",127,369.33,519.382145873861,1280.98644122766,301.754228797707,329.033114738829,11577.2786002179,521.812887505821,11505.2710439142,1180.50760850593,1.4062820401101,3.46840614417367,0.817031459122485,0.890891925212761,31.346705115257,31.1517370479361,0.00286524460731191,0.00262539202166042,1.55546117594443e-06,0.000971747625106714,0.00527104682856679,2.35976507340342e-05,2.1342052521907e-05,1.09699384493574e-10,8.60399036446087e-06,4.25136462537377e-05,-779.093325139647,0.123440174910179,0.0961885395625354,0.9725,0.518626583067004
"quadratic",400,"pg_apf",128,365.772,294.31474588855,724.419718467318,241.331259815547,312.749759837572,11728.0303460265,297.731961469197,11682.8173468787,587.852165694496,0.804639901054618,1.98052261645866,0.65978604107353,0.855040188526109,32.0637729132534,31.9401631258782,0.00260941527738748,0.00236113112942626,1.23013724596338e-06,0.000940063219618874,0.00476895612072371,2.18700122880482e-05,1.94375118108928e-05,9.36579389602028e-11,7.9934035445e-06,4.19667041058787e-05,-788.654613414007,0.123521579573497,0.101849189600366,0.965,0.498072614065082
"quadratic",400,"pg_apf",129,365.56,482.22634606695,1237.40327175577,359.644369880975,361.316943781054,11596.0202851858,490.130656865135,11963.7459049432,1001.97293341929,1.31914417897732,3.38495259808449,0.983817621952551,0.988392996446696,31.7212503698048,32.7271744855651,0.00278309993151565,0.00255770818882787,1.41355836582183e-06,0.00099433283983667,0.00521657251802495,2.14943190628847e-05,1.95968760472129e-05,8.35743896717703e-11,8.03307261527003e-06,3.91224503872086e-05,-775.143909489871,0.0797291772298539,0.0647105786440126,1,0.503197376856134
"quadratic",400,"pg_apf",12,367.126,623.471057642613,1573.65387027656,197.107583833128,383.310332225948,11577.9769609585,629.128256679898,11778.6258553088,1466.79478104341,1.69824816995422,4.28641357538437,0.536893556525902,1.04408386283169,31.5367938009252,32.0833333931913,0.00320318067868312,0.00284711991073781,2.26950837082416e-06,0.000994047661583977,0.0062629668206363,2.25222683189242e-05,2.07717244242098e-05,7.46800921005562e-11,9.20693713393504e-06,4.03069152261669e-05,-788.713057972855,0.0999336906146841,0.0767232638211467,0.965,0.511410021581204
"quadratic",400,"pg_apf",130,365.595,392.340092141118,1047.36838478453,333.199719929189,317.027091129974,11669.4533365655,390.261609270295,11847.7535186372,861.650144416256,1.07315497241789,2.86483235488596,0.911390254049396,0.867153793487257,31.91907257092,32.4067712048503,0.0027504183501361,0.002494234930363,1.38921162308056e-06,0.000931477696578339,0.00508701044247364,2.16375018484462e-05,2.00287567680859e-05,7.73914265173655e-11,7.32490370975927e-06,3.78250116593541e-05,-781.159109350214,0.104487369655314,0.0831624878466212,1,0.508096098474261
"quadratic",400,"pg_apf",131,366.042,562.670784712282,1429.2390805616,219.898670204474,308.329151692091,11209.7977779001,563.722058653785,10702.1552519727,1312.38143325585,1.53717547361309,3.90457674409385,0.600747100618163,0.842332715076661,30.6243485116464,29.237506220523,0.00317595433697971,0.0028463380721262,2.35055219437921e-06,0.00097751711345989,0.00608657053730932,2.53373145392292e-05,2.28464204013588e-05,1.18567977180261e-10,9.17087210642909e-06,4.7462107555759e-05,-782.112572056012,0.108671398748859,0.0889319023886295,1,0.522244393270838
"quadratic",400,"pg_apf",132,365.671,395.993880480963,976.794551078381,426.511985664556,246.55941433046,11359.0684098919,395.180955089831,11131.71096007,887.043885466668,1.08292394114098,2.67123876675586,1.166381763018,0.674265704227189,31.063629355054,30.4418752377684,0.00252127468488707,0.00231593920828692,1.04522427507565e-06,0.000828321962562646,0.00448261802551376,2.34690580184078e-05,2.11713263820808e-05,1.06450254172275e-10,8.39000705590745e-06,4.29148711144335e-05,-756.433400703052,0.0988118826440421,0.0719784629147415,1,0.50418512703053
"quadratic",400,"pg_apf",133,366.085,450.251067480249,1064.32920123264,259.431950131615,343.74953536122,11787.2317450898,450.987446597605,11502.8403675564,954.222147036317,1.22990853894655,2.90732808291145,0.708665883965785,0.938988309712826,32.1980735214221,31.4212283146165,0.00260329071749246,0.00238973151855184,1.10706219531805e-06,0.000959519590976528,0.00467124371310991,2.2290932285739e-05,2.05037483276065e-05,7.75364346851577e-11,8.87446153213432e-06,4.0102675420562e-05,-791.407296571928,0.0594967765715326,0.0468328980407461,1,0.496029116213688
"quadratic",400,"pg_apf",134,366.366,583.615225234273,1557.39869061469,356.670925864069,350.099602223082,11770.1502883208,581.548498433319,11513.3143816183,1378.58641951895,1.59298413399244,4.25093674253258,0.973537189215344,0.955600689537463,32.1267538153673,31.4257174017738,0.00263012493447305,0.00240488307500152,1.24789510218052e-06,0.000989797786314829,0.0050017596460562,2.26543491405862e-05,2.08933148109268e-05,8.73106710480171e-11,8.33034602908621e-06,4.08133073741543e-05,-792.473321555441,0.106857981951568,0.0879931507977773,1,0.497084594841483
"quadratic",400,"pg_apf",135,368.711,338.347021791976,650.458987409767,316.030300528147,325.59170475101,11367.1349836992,340.583935358517,11031.0101055709,558.054807686095,0.917648298510151,1.76414315659085,0.857121975010636,0.883053949437391,30.8293893691787,29.9177678603863,0.00276156547924454,0.00252752144633137,1.27607779125757e-06,0.000993422027207154,0.00496300067194828,2.56519044104668e-05,2.32726644208487e-05,1.15545726587507e-10,9.53283597760492e-06,4.63682865871518e-05,-787.105732538786,0.132120616735018,0.0893980316700462,0.965,0.516108096911661
"quadratic",400,"pg_apf",136,366.377,455.249946811913,1312.09910907097,364.167317094416,262.367995857017,11670.8363980256,457.175542677209,11862.1269017346,1110.10022566649,1.24257239622551,3.58128132789715,0.993968827449364,0.71611481031019,31.8547190408395,32.3768328845276,0.00318697596003962,0.0029085974730848,1.89375682966229e-06,0.00111170974574892,0.00587731450841013,2.34777779341552e-05,2.12130191143748e-05,1.01019194660113e-10,8.54648452121366e-06,4.32850205956068e-05,-781.11973058245,0.0998826538180771,0.076112605836405,0.97,0.521961660751976
"quadratic",400,"pg_apf",137,367.941,547.074589538197,1423.31915651355,242.325939059749,266.341564040387,11258.042740499,558.11432232589,11540.3544672035,1291.30570740848,1.48685411394272,3.86833529428237,0.658599990378209,0.723870305403276,30.597413010507,31.3646874558788,0.00371236240725897,0.00331962350096256,3.52902704557998e-06,0.00110179464752914,0.00729086015845145,2.54500947600907e-05,2.30212902045645e-05,1.28916109033336e-10,9.28160942193611e-06,4.75280760544639e-05,-802.615678195951,0.126226770243497,0.100872943199821,0.9775,0.536480793504349
"quadratic",400,"pg_apf",138,366.115,396.798458244101,983.516572108266,361.61557732253,340.048381796294,11558.781376567,396.619894414023,10906.0007505793,855.920987972195,1.08380825217241,2.68635967416868,0.987710356916624,0.928802102607907,31.5714498902448,29.7884564974921,0.00263220003672171,0.00241057606895406,1.2006172984929e-06,0.000920393380937918,0.00482990941646791,2.61475283585003e-05,2.39466446333491e-05,1.23554391778803e-10,9.63213861113228e-06,4.82822631479267e-05,-787.200561068591,0.122484181251766,0.100563977804194,0.995,0.499775004714936
"quadratic",400,"pg_apf",139,365.833,572.572665191253,1425.14666453754,350.118427864488,400.722428144032,11818.3970063802,577.192787393366,12044.7994624496,1297.89850725289,1.56512032865065,3.89562085579359,0.957044410603987,1.09536982214298,32.3054426647683,32.9243109901228,0.00254853816788545,0.00237011933808469,9.54187988825046e-07,0.00098142090419711,0.00446302749597678,2.09028775259785e-05,1.91188386651515e-05,6.97279964480829e-11,8.27821835219602e-06,3.70342969606255e-05,-795.133470878115,0.103189428665049,0.0819138759951057,0.99,0.495958482415258
"quadratic",400,"pg_apf",13,367.138,642.539272054986,1688.41946928417,235.511091935872,243.745834047208,11461.6238775364,636.309360938275,10292.207914907,1540.92974629117,1.75013012015914,4.59886873405688,0.641478386698932,0.663907942101356,31.2188438067876,28.0336220029172,0.00329284816314506,0.00301604291083762,1.99165363152398e-06,0.00117261997236453,0.00616718635153038,2.70129197051628e-05,2.37152932871306e-05,1.78719464611114e-10,8.59996708125304e-06,5.43768678803737e-05,-788.343907984596,0.115869385463698,0.0907942985466539,0.9625,0.524256340876111
"quadratic",400,"pg_apf",140,367.439,441.846874290519,1080.70083830718,319.097348329732,393.428583474619,11760.8950818283,449.877769902778,11629.0401591759,883.059884524588,1.20250401914473,2.94117074754499,0.868436252901113,1.0707316955321,32.0077484475744,31.6488999784343,0.0028716286263273,0.00263633218384214,1.5023963110887e-06,0.00103297207347225,0.0053655940406321,2.36742436588868e-05,2.17444335098825e-05,8.8512924740389e-11,9.67081042940229e-06,4.23840848069005e-05,-758.609680986851,0.0862580430585161,0.0684745693765639,1,0.509423336427378
"quadratic",400,"pg_apf",141,377.652,486.980293142239,1222.05153446344,296.723274390365,316.267497944388,11513.5095918976,491.089230705606,11717.5237265711,1073.73612249637,1.28949480776545,3.23591966801033,0.785705555353513,0.83745749511293,30.487087561823,31.0273048377105,0.00301072912149543,0.00274667235964059,1.7552451687317e-06,0.00104292013688601,0.0056458593770927,2.4220342004401e-05,2.22382250116661e-05,1.03908522592087e-10,8.31426271056423e-06,4.42103957943468e-05,-780.537719640732,0.107407911721928,0.0867165760103121,0.9975,0.519096155549772
"quadratic",400,"pg_apf",142,392.907,555.43178622496,1504.5171592364,350.546819736036,380.119389718715,11802.4332956586,549.513962746333,11535.6671084599,1336.67378937853,1.41364696028567,3.82919408215277,0.89218776895305,0.967453849686352,30.0387452900015,29.3597902517897,0.00291280906313934,0.00264955561398192,1.54646883216784e-06,0.00101335016401703,0.00535440903197326,2.233861437503e-05,2.03989953871511e-05,8.12509666449737e-11,8.33791838748485e-06,4.09466266186819e-05,-810.868829286004,0.108244877370807,0.0894733351175483,0.995,0.505751901021392
"quadratic",400,"pg_apf",143,366.522,663.417999223478,1715.28667154414,225.856867973979,353.56170058665,11144.5908197192,654.242200812477,11995.0254965822,1538.93196795443,1.81003595752364,4.67990099242104,0.616216401672965,0.964639777657685,30.4063352806085,32.7266180381593,0.00378714833386934,0.00328428102491852,4.03015825651056e-06,0.00113575821571362,0.0078030101059594,2.40156012853029e-05,2.16144244258369e-05,1.19303845291713e-10,8.50822806946021e-06,4.46987352231067e-05,-756.232515841339,0.111005493389796,0.0824806519678095,0.975,0.542695831143337
"quadratic",400,"pg_apf",144,366.397,635.155389874293,1647.96561070289,318.22259038563,267.853094377622,12065.1216811204,633.513049587383,11703.9827922966,1496.43792888426,1.73351689526468,4.4977595632685,0.868518547874656,0.731046090381805,32.9290951648633,31.9434460224745,0.00346565952035062,0.00310966540049033,2.55924254087004e-06,0.00110144377296819,0.00664764650517956,2.36448765181116e-05,2.17323570427354e-05,9.19587429864169e-11,8.87856802465913e-06,4.29082104355673e-05,-802.114092241932,0.0884825966011265,0.067369472473281,0.985,0.522070911802493
"quadratic",400,"pg_apf",145,386.291,519.409401066339,1354.00876995709,293.802130710709,460.317538833299,11742.5737990655,518.961148166635,12230.1270178005,1241.58792581834,1.34460652996404,3.50515225557182,0.76057203173439,1.19163412772573,30.3982588231812,31.6603985539411,0.00304628375830321,0.00273095327256771,1.85751227016107e-06,0.0010846732300506,0.00590738964882365,2.25697372216321e-05,2.08001754569866e-05,7.6623218072894e-11,8.71434476544684e-06,3.98800832253774e-05,-780.06881081783,0.110638367569243,0.0914357125443891,1,0.521185540560972
"quadratic",400,"pg_apf",146,367.593,512.312242084878,1135.22072309529,353.220612402738,299.73132851933,11815.8872290001,513.973965187917,12034.2181410199,1045.34267214103,1.39369422727005,3.08825446375553,0.960901356670933,0.815389108387074,32.1439397077749,32.7378871224967,0.00284321406859312,0.00256903850393835,1.65476755715044e-06,0.00105385127641284,0.00534422490350185,2.31229317035357e-05,2.06340408993994e-05,1.10224902301576e-10,8.34885043018359e-06,4.3757334614973e-05,-790.667280727211,0.0658230417370356,0.0555616117469128,1,0.508304183453795
"quadratic",400,"pg_apf",147,367.624,646.706039651705,1762.80895454607,306.959428021245,282.531624615855,11965.107479378,648.581927448503,11654.0976780339,1570.24653756196,1.75915076178842,4.79514110761559,0.834982014289723,0.768534221421494,32.5471337001338,31.7011339793754,0.00297972878098329,0.00275153227971024,1.54102271662968e-06,0.00102725546752515,0.00535983888522416,2.30565566389594e-05,2.10536166517137e-05,8.93287097098915e-11,8.90638147474236e-06,4.29781667948756e-05,-780.23288544825,0.117709164107444,0.0895033968004012,0.9675,0.508956133466534
"quadratic",400,"pg_apf",148,369.019,431.386652948502,1323.21939709848,317.123926468,316.225258309269,11534.9838163184,430.960910133001,11095.2180836404,1227.71500583133,1.16900932729345,3.58577579229926,0.859370185459285,0.856934895789292,31.258509226675,30.0667935354017,0.00307419472558222,0.00279485983753508,1.78669804217288e-06,0.00101476652159793,0.00567082208967251,2.44521683600443e-05,2.22992242088338e-05,1.01652669911856e-10,9.35279520587667e-06,4.50549440857762e-05,-786.562618360119,0.117070909255805,0.0917466490596678,0.9625,0.515511267454744
"quadratic",400,"pg_apf",149,368.3,557.948537458565,1417.95649227444,189.870974183674,322.392163640128,11258.1243486608,554.682346030875,10624.7704604638,1246.19630346116,1.51492950708272,3.85000405179049,0.515533462350459,0.875352059842867,30.5678097981557,28.8481413534177,0.00304167754395203,0.002731904224258,1.92029732174917e-06,0.000923485923505716,0.00585074439087313,2.75671504343087e-05,2.50199802894174e-05,1.46808341831997e-10,9.75225723127527e-06,5.14798002159912e-05,-765.867465634821,0.13512743474514,0.105658477248369,0.9725,0.522738725538045
"quadratic",400,"pg_apf",14,367.132,559.077557435324,1375.47844089215,229.539326339558,344.094013070287,11635.9016282827,558.387038513806,11591.0111787768,1288.8606254174,1.52282437225664,3.74655012609131,0.625222879889408,0.937248763579005,31.6940545315654,31.5717812088753,0.00336227631587515,0.0030269801703095,2.3909536048369e-06,0.00108426226192893,0.00646211867931131,2.30375212568578e-05,2.08650448879151e-05,9.86863752567606e-11,8.74343895314771e-06,4.24895853571977e-05,-787.809734506273,0.100754404103798,0.0877988860648323,0.9875,0.521628336629917
"quadratic",400,"pg_apf",150,369.498,420.78485544478,1016.34834838333,230.888199302381,407.800385939483,11829.5680635026,421.894763075982,12342.2865375504,932.493101981317,1.13880144261885,2.75061934945067,0.624869956812705,1.10366060422379,32.0152424735794,33.402850725986,0.00302413437786078,0.00270121322237211,1.84643909996638e-06,0.00102889861639796,0.00586152691092048,2.33281268366974e-05,2.13131035927337e-05,9.11840106860144e-11,9.06751765404919e-06,4.23572269048841e-05,-790.327190479308,0.116484743702389,0.0889079955991668,0.96,0.51843466221356
"quadratic",400,"pg_apf",151,365.826,318.075426968894,634.668656835987,312.457095991454,287.930711895804,11858.3217456342,320.756183296898,11254.3770591843,548.548630137637,0.869471899123883,1.73489215319848,0.854113966725858,0.787070115015892,32.4151966936035,30.7642897420749,0.00288275951771825,0.00267249504153186,1.41218336251132e-06,0.000955574782620363,0.00516866779447439,2.47778905374323e-05,2.27588019853759e-05,1.0449774525622e-10,9.27329822055807e-06,4.50802219450807e-05,-789.767408080166,0.0997088731893811,0.0843287077861433,1,0.51061191849242
"quadratic",400,"pg_apf",152,367.485,548.569915494546,1459.14436515116,244.086070005421,342.857223890951,11524.3920297655,550.115580564935,12111.305095697,1290.63364743973,1.49276818235995,3.97062292379597,0.664206892813098,0.932982907849166,31.360169883847,32.9572774281863,0.00356002725170684,0.00318178077755674,2.96910487777527e-06,0.00106474893884909,0.00696574530870387,2.26748526799461e-05,2.06681118752093e-05,9.37032505524839e-11,7.91578452136286e-06,4.11648291096964e-05,-800.168372358444,0.106621517616387,0.0853818445350982,1,0.534870167618568
"quadratic",400,"pg_apf",153,367.504,540.722356220871,1466.47196343347,255.347868151605,327.236341947006,11334.3338298368,540.612418638979,12101.7205521231,1299.40103994783,1.47133733570484,3.9903564680479,0.694816568395461,0.890429333958287,30.8413890184509,32.929493426257,0.00305018837616958,0.00268933160495747,2.29494842147558e-06,0.000829453737832192,0.00601621724197258,2.28332732824646e-05,2.05358623130864e-05,1.03426083340424e-10,8.41763479826442e-06,4.22899664906525e-05,-785.463739227243,0.103470717101217,0.0789895549367304,0.9775,0.506669163273556
"quadratic",400,"pg_apf",154,367.365,461.734037759584,1070.39059115324,382.683640821781,286.717823646423,11643.0806658063,461.193014877321,12151.2820911737,968.035668191308,1.25688086170317,2.91369779688659,1.04169869427349,0.780471257867306,31.6934946600962,33.0768638579442,0.00293805671595054,0.00265891277640872,1.70891215364732e-06,0.000988838892312658,0.00540031891227213,2.25336800544901e-05,2.06709892817976e-05,8.14856947665786e-11,8.62629433359991e-06,4.1132674991428e-05,-786.208397065632,0.106764053189195,0.0858774593461897,1,0.518400325636348
"quadratic",400,"pg_apf",155,392.688,296.671940394457,923.071179595012,244.173618035087,367.385038340077,11340.5334235263,294.237231177938,11568.1880292175,755.973500018586,0.755490212062647,2.35064779059969,0.621800559311939,0.935564718911902,28.8792461789673,29.4589802316787,0.00342720723365332,0.00309640526310595,2.55136587988434e-06,0.000985538123840494,0.00661322182286154,2.36530061277092e-05,2.15090653660195e-05,1.07669146683969e-10,8.86913785678785e-06,4.23994789296127e-05,-786.994007278296,0.0926379904117908,0.07442328899924,1,0.525002424017158
"quadratic",400,"pg_apf",156,366.713,518.050607057523,1240.62735965498,302.118297487454,311.228745122718,11444.5089232125,520.089580112959,11477.1030963241,1083.89770963535,1.41268677973653,3.38310166166725,0.823854887848137,0.848698423897484,31.2083534622784,31.2972354302251,0.00294021994417859,0.00267206432174385,1.66924555052496e-06,0.000997976242937174,0.00548803801001491,2.35280057373607e-05,2.12410064296451e-05,1.07281046473388e-10,8.42991415127871e-06,4.34225284417639e-05,-779.772316609216,0.124907829681794,0.0949250602165671,0.95,0.518320820554442
"quadratic",400,"pg_apf",157,366.036,577.79364683527,1725.80234331558,243.086538748952,378.935663664102,11472.5390198566,574.095497306975,11639.1663246012,1548.66400913409,1.57851590235734,4.71484319388143,0.664105549041493,1.03524151631015,31.3426521431132,31.7978732272267,0.00313252308405258,0.00276232890003566,2.57402895858394e-06,0.000984678873182685,0.00605972184019562,2.30590925727375e-05,2.11222446597191e-05,9.1884856669909e-11,8.45915542090979e-06,4.1458702359636e-05,-791.972527587037,0.0779583643352205,0.0586251272419805,1,0.518062397117225
"quadratic",400,"pg_apf",158,367.569,495.725277276223,1228.05403875199,333.850214896243,383.673490982735,11827.6734935679,497.712977583192,11949.2693054028,1076.94655305196,1.34865910149176,3.34101634999684,0.908265427433332,1.04381351795917,32.1781039575371,32.5089148034868,0.00282727969758675,0.00261673496642487,1.29679579246157e-06,0.00107837817369116,0.00515878714413588,2.21930556096838e-05,2.01099668813146e-05,8.80467852388232e-11,8.93157763946855e-06,4.05900633305796e-05,-780.958273180408,0.090736680935018,0.0731229544451581,0.9875,0.508555478174665
"quadratic",400,"pg_apf",159,366.34,505.878787324042,1259.08238222718,380.67432030438,288.816955172183,12021.5484894067,506.661822475855,12097.5705026149,1140.85951893314,1.38089967604969,3.43692302840853,1.03912846073151,0.788384984364753,32.8152767631346,33.0227944057841,0.00277186269145824,0.00252585221901918,1.47010570534804e-06,0.000957677762075823,0.0051448703516537,2.17328751553099e-05,2.01114528515601e-05,7.14431212073203e-11,8.6288851276445e-06,3.87486134123245e-05,-765.986715993337,0.129590242680745,0.105922198282973,0.985,0.513863631837667
"quadratic",400,"pg_apf",15,365.886,583.476090773445,1476.88681056155,258.980410049079,260.602765773835,11381.9079629713,585.939417177734,11751.5221515159,1327.90695282312,1.59469367719302,4.03646712517437,0.70781721642555,0.712251263436794,31.1077985027338,32.1179879840055,0.00346487442404392,0.00308468870251528,2.82897098137862e-06,0.00109288934921405,0.00665678246872413,2.56363955632376e-05,2.27208476167088e-05,1.53566286940666e-10,7.70851604401114e-06,4.90901199962592e-05,-791.583423389896,0.101906807036815,0.084619644567588,0.9825,0.525989108587174
"quadratic",400,"pg_apf",160,370.368,361.226258279788,988.114600801952,398.133156437058,300.062246363796,11540.1012741482,357.979187137375,11370.0590266433,843.652961316457,0.975317139385119,2.66792649689485,1.07496640216503,0.810173250291052,31.1584728544263,30.6993558478143,0.00262580721763288,0.00242678841637328,1.06475971484629e-06,0.00105655441464094,0.00470046630976378,2.21734621890319e-05,2.00365725518908e-05,9.57336429655553e-11,7.85787465132252e-06,4.09232192196428e-05,-786.056708236162,0.0947806462923415,0.073110549749674,0.995,0.508247986768073
"quadratic",400,"pg_apf",161,365.929,496.000888356298,1236.87435876715,307.013327501415,223.44072719349,11484.6232053906,491.945101358759,11533.9716357909,1112.79243301479,1.35545662780566,3.38009383997211,0.838996984391548,0.610612242247786,31.3848402433002,31.5196981813163,0.00292052008946988,0.00265000163847726,1.68146556140861e-06,0.00099801066536809,0.00545918104779775,2.24300096815807e-05,2.03639358155751e-05,8.6491554639873e-11,8.51842269872986e-06,4.14163297318694e-05,-803.588310837944,0.0886720499015656,0.0736779044056693,1,0.508737122358018
"quadratic",400,"pg_apf",162,368.009,626.295129733001,1601.23526861588,186.998113215985,281.022242862391,11732.8860453089,626.51380664115,12238.5870770926,1477.40235562365,1.70184731822592,4.3510763829577,0.508134619577197,0.76362872338011,31.8820627900645,33.2562167694066,0.00334613327693109,0.00296196436727238,2.72677635195941e-06,0.00102514215269357,0.00673359271797327,2.25002947846367e-05,2.03276320062374e-05,1.00602618345797e-10,8.25168697320136e-06,4.17144406417213e-05,-811.82238053709,0.0958676211827559,0.0760699369286215,1,0.523171405293685
"quadratic",400,"pg_apf",163,366.498,555.772123888272,1167.63602479514,253.993925753988,314.300265663404,11674.9245214888,559.392044887766,11034.2903688291,1020.85589774129,1.51643971832936,3.18592741241464,0.693029500171864,0.857577028151323,31.8553567045081,30.1073685772613,0.00290801628985623,0.0026162403334559,1.64231640940693e-06,0.001043410335928,0.00549112546705605,2.41843443269179e-05,2.19847863224244e-05,1.12304451909021e-10,8.55751914739152e-06,4.43443843554423e-05,-774.075089889938,0.124107369489339,0.104381765667282,1,0.514786188700744
"quadratic",400,"pg_apf",164,368.933,441.470017980209,1097.19174328913,279.057639827397,385.312204360562,11757.8265759213,439.609276374079,12028.185326922,977.095891535098,1.19661298387569,2.9739593457054,0.756391105776379,1.04439614878735,31.8698153212679,32.6026279213894,0.00255163538423461,0.00232853116316485,1.1025920016945e-06,0.000990314723343881,0.00470435327281327,2.17017921393397e-05,1.98330883527332e-05,8.23227797546744e-11,8.07457477414707e-06,3.95965404628948e-05,-795.510411048576,0.0935503148542261,0.0726130081594994,0.9925,0.496369085024213
"quadratic",400,"pg_apf",165,366.122,521.141635457744,1351.29179211938,321.264441656485,313.548401373455,11345.9043309291,523.398247407026,11387.0903181528,1227.97426769689,1.42340977995789,3.69082380222818,0.877479205446503,0.856404153187887,30.9894088061604,31.1019013283901,0.00286694977442124,0.00259955294427664,1.58436674886938e-06,0.00102759099435622,0.00539658414780032,2.39074020057969e-05,2.19537663248881e-05,9.6605888597037e-11,8.60622918835592e-06,4.36694675650391e-05,-794.514975038695,0.10243112335745,0.0783829138536845,0.9975,0.508206831042414
"quadratic",400,"pg_apf",166,366.984,465.279082548622,1103.45645214036,295.129762061939,313.057428959627,11577.5946235502,468.964002996339,11090.8836100064,976.511171692449,1.26784568959034,3.00682441779576,0.804203349633604,0.853054707997152,31.5479547433954,30.2217088756087,0.00289745748081386,0.00264089984544916,1.58003873269264e-06,0.00103011352079472,0.00535647940879505,2.44717884447804e-05,2.22558870273759e-05,1.07219377759438e-10,8.93141953896274e-06,4.48662649388221e-05,-777.35288857209,0.107227815906331,0.0876343810715585,1,0.512412693207721
"quadratic",400,"pg_apf",167,368.259,495.747251148031,1223.12448927122,293.24160127384,344.99956741292,11634.649594854,498.159465960374,12062.6737237165,1052.19260102739,1.34619181377245,3.32137025645326,0.796291743783152,0.936839472797461,31.5936598830007,32.7559509033494,0.00292990029291479,0.00269391734397923,1.56133757514522e-06,0.000969050927744338,0.00536657129687278,2.47662944402771e-05,2.24778526167987e-05,1.10932135631802e-10,8.57029943192846e-06,4.5650031691986e-05,-820.548649313066,0.0918515229864057,0.0729900303717292,1,0.510009204726626
"quadratic",400,"pg_apf",168,371.532,553.400066535017,1462.67337460474,310.788155320899,339.366318456811,11855.9584711527,552.843386865209,12011.9758466558,1298.13715713834,1.48950848523147,3.93687051076283,0.836504406944485,0.913424196184476,31.9110022047972,32.3309320506868,0.0030813250995887,0.00287590612395444,1.54467022196614e-06,0.00113880264879206,0.00555935332404158,2.31412115781659e-05,2.10348035153061e-05,9.16404559210551e-11,8.5988220493428e-06,4.29258805994128e-05,-785.356153875205,0.0849420042949251,0.0693625226297968,1,0.519345066773278
"quadratic",400,"pg_apf",169,365.652,398.728086269792,942.90898494291,256.31171280602,374.817201497523,11475.716015165,399.171406852163,11612.0216075711,847.165078780333,1.09045782949305,2.57870594155894,0.700971723950697,1.02506536679007,31.3842561100856,31.7570302024085,0.00246315617468896,0.00227422044482899,9.30515378493471e-07,0.000938546928321945,0.00436952440284174,2.25022017047562e-05,2.0268012772617e-05,1.03956126670844e-10,8.24418316471725e-06,4.28946989721043e-05,-769.656307634324,0.0628275056857794,0.0513996627315355,1,0.498107283999221
"quadratic",400,"pg_apf",16,379.851,531.760505360649,1270.50796812371,197.689284872316,302.214855009783,11309.6265417238,529.426638639904,11460.0215826388,1145.58418646362,1.39991866642618,3.34475351683611,0.520439027071973,0.795614214546712,29.7738495929292,30.1697812632816,0.00346261310176998,0.00315901574471936,2.60593113583119e-06,0.0010840348031032,0.00672875839412897,2.65956809115977e-05,2.37000543733922e-05,1.47866179891748e-10,9.03148408809132e-06,5.20512637177385e-05,-778.898792221216,0.105130548999504,0.0841858955866371,0.9875,0.52746240987964
"quadratic",400,"pg_apf",170,366.555,473.515820079062,1202.71600163779,183.067541375544,313.803029602965,11617.3618884549,476.173675106771,12143.121890582,1086.38635167148,1.29180019391104,3.28113380430711,0.49942721112942,0.856087161825552,31.6933663118901,33.1276940447736,0.00315188967231487,0.00288380033920471,2.03646328929702e-06,0.00095098853184948,0.00598158973720296,2.37278905848402e-05,2.11495298201325e-05,1.14111563591712e-10,8.32800224937209e-06,4.51006791180367e-05,-804.57910661254,0.09079091229191,0.0699453840506521,1,0.515061878740551
"quadratic",400,"pg_apf",171,372.269,508.440770285748,1293.69900198145,313.803877546568,268.063692007214,11630.1308898106,506.924947404744,11735.8071579582,1132.87053354716,1.36578863747921,3.47517252841749,0.842949258591417,0.720080619141572,31.2412016305698,31.5250723481091,0.00241664543387599,0.00220974909599017,9.91247467680876e-07,0.000943869966608447,0.00439372863269968,2.090631747126e-05,1.91130439827511e-05,7.65644247507532e-11,8.24351132733096e-06,3.73734148732797e-05,-774.942897444521,0.0908057780720817,0.0701522865155892,1,0.495544098218587
"quadratic",400,"pg_apf",172,366.019,440.440542572623,1258.61046068516,367.993172795658,280.575848143107,11524.5388058001,437.300640313156,11346.8573209513,1089.35680926713,1.20332699278623,3.43864788627136,1.0053936347448,0.766560883842389,31.4861764165251,31.0007330792973,0.00293698190310965,0.00269663648477677,1.60105185565483e-06,0.00103178330652,0.00546297809156865,2.35256750371414e-05,2.09022564730274e-05,1.22877061046118e-10,8.19146061477958e-06,4.53209581980002e-05,-777.254920754518,0.0945137245861755,0.0738737120840284,0.9975,0.512035381870383
"quadratic",400,"pg_apf",173,366.059,449.390259982231,1049.45325321191,348.13450692577,283.520336275093,11900.8469367547,451.68124607718,11724.8290053707,939.522294653037,1.22764434143739,2.86689646535644,0.951033868654425,0.774520873069896,32.5107344355819,32.029888639183,0.00277914088344609,0.00257591313124598,1.22181035446038e-06,0.00101157712059298,0.0050342991743884,2.2831950204727e-05,2.08906005052937e-05,8.85168026561111e-11,8.32537517092636e-06,4.12034819764014e-05,-780.331203492403,0.107450105154614,0.0869351783007211,0.9925,0.504115391017164
"quadratic",400,"pg_apf",174,365.345,570.23794664917,1475.48329881952,283.233325475264,374.846049275935,11547.7555002251,578.386294810152,11837.2520829274,1307.30907691854,1.56082044820422,4.03860268737636,0.775248944080975,1.02600569126698,31.6078104263781,32.4002027752601,0.00259424753570514,0.00234525012643183,1.22387768094969e-06,0.000928673901045102,0.00486494703237392,2.18552072558918e-05,1.98816798522897e-05,8.04074159705821e-11,8.45677322572046e-06,3.92167599757463e-05,-769.71749968637,0.0830625044683397,0.0684576225798949,1,0.496022585657249
"quadratic",400,"pg_apf",175,366.226,475.949766475093,1305.41854858812,303.512054265109,372.5833160274,11579.9389937081,480.393155312302,11743.8766361052,1135.60320612838,1.29960670863099,3.56451630574597,0.828756162219801,1.01735899697837,31.6196528747497,32.0672935184972,0.00275921197835708,0.0025120461415512,1.50683488313198e-06,0.000869885412849957,0.00512479210543592,2.27856671997978e-05,2.08780589595814e-05,8.28342073008612e-11,8.76693312141115e-06,4.09046527264756e-05,-781.5895076346,0.130578602287281,0.108317416895476,0.955,0.505980079463313
"quadratic",400,"pg_apf",176,366.694,481.590636850311,1053.15618582234,237.624477831954,335.944531236107,11590.955913628,482.648525649931,11896.9425911779,964.986515697435,1.31333110672744,2.87203004636656,0.648018450893535,0.916144063541009,31.6093416135197,32.4437885298857,0.00353379787785763,0.00311680556005971,3.13432872888831e-06,0.00096543699268508,0.00701923603669871,2.48094189320364e-05,2.28253224328957e-05,1.04015122747773e-10,8.68298393096837e-06,4.4818091793597e-05,-789.163433227657,0.142386963942509,0.108119832965694,0.92,0.533458054499086
"quadratic",400,"pg_apf",177,366.251,314.848039159209,1004.65013268991,332.456805930545,246.23066157575,11543.6296414753,314.26762498983,11138.4800153778,737.007656078248,0.85965100207019,2.74306454505219,0.907729414883631,0.672300312014847,31.5183566501533,30.412149087314,0.00306143575080695,0.00273556977478429,1.84058012407437e-06,0.00108621409596836,0.00574192798057273,2.39742412845399e-05,2.17925083044787e-05,1.03553870741591e-10,8.89771447168529e-06,4.48482361966611e-05,-763.129081086441,0.110642601781673,0.0882848907972751,1,0.523669137175601
"quadratic",400,"pg_apf",178,379.296,433.70415873552,1112.47314143763,341.282185582095,298.9900546957,11679.4085049918,436.022849146935,11905.6242749149,986.394342562707,1.1434451160453,2.9329946570426,0.899777971774275,0.788276319011274,30.7923323868213,31.3887419717448,0.00278967084638714,0.00249047031892488,1.7066724071848e-06,0.000816962181344518,0.00527935167939345,2.38814607458688e-05,2.18746989175073e-05,9.25107430424673e-11,9.21897250060123e-06,4.29659916193189e-05,-791.709929828212,0.0865737426115824,0.0729306076876708,1,0.510380148677334
"quadratic",400,"pg_apf",179,366.375,591.240079057143,1518.31165479696,290.914629139877,344.753059133739,11558.4316308872,590.540242467627,11258.6440830601,1371.51736803339,1.61375661291612,4.14414644775698,0.794035152889464,0.94098412591945,31.5480904288972,30.7298371424363,0.00294262256951481,0.00264711488861375,1.69525512704339e-06,0.000912222094101521,0.00549926879452766,2.42749993370813e-05,2.21451710244846e-05,1.00892943560341e-10,9.77821821988895e-06,4.38111535492793e-05,-762.833739579796,0.137528827648585,0.11252440662893,0.92,0.513531991906544
"quadratic",400,"pg_apf",17,366.298,446.151639400627,1028.79288396502,397.069322253768,326.104246443109,11811.8556822764,448.055961846572,11860.9097342582,921.247618749263,1.21800184385562,2.80862271692725,1.08400625243318,0.890270343936109,32.2465743254848,32.3804927525082,0.0024626733272832,0.00230969111393039,8.99142187988815e-07,0.000974373862883144,0.00436329498960457,2.19230557351504e-05,2.00428184646583e-05,8.38811529603487e-11,7.87325549643119e-06,3.96066279560782e-05,-768.924428182942,0.0640127863283286,0.0497717014030499,1,0.498195304646783
"quadratic",400,"pg_apf",180,371.943,446.9499744269,1160.33123038215,290.907018004211,332.195245018331,11843.0597777699,450.634750954737,12075.7297327792,1029.29297723571,1.20166255159231,3.11964798472388,0.782127955101216,0.893134821782722,31.8410610705669,32.4666137896913,0.00249382696225469,0.00228199601074256,1.06181282231202e-06,0.000931489974296671,0.00451758477805498,2.0943058090162e-05,1.91611977648073e-05,6.69689277864843e-11,8.4204295962231e-06,3.72185456319369e-05,-795.990981225567,0.0940099499285746,0.0767670004262024,0.9825,0.489290450204085
"quadratic",400,"pg_apf",181,366.474,415.134761106587,1006.56597228728,365.348294869337,350.601953231316,11787.5343432723,414.779708724101,11840.3821162994,904.592196858208,1.13278093700123,2.74662315003869,0.996928281049507,0.956689842202491,32.1647220355941,32.3089280993996,0.00267105198148841,0.00244197113244096,1.22235446106977e-06,0.00103542542750692,0.00494865971795257,2.21882640493414e-05,2.04493949623751e-05,7.71221759103407e-11,8.85045059206046e-06,3.97386453738289e-05,-757.478088564788,0.0848682295633878,0.0670540499543263,1,0.50732013959138
"quadratic",400,"pg_apf",182,372.045,324.75888723294,781.605932803885,373.500024937263,290.381452500937,11870.0899216859,321.617637051329,11767.5881662837,697.802010911327,0.872902168374632,2.10083708369656,1.0039108842674,0.780500886991995,31.9049844015803,31.629475376053,0.00266888742664987,0.00244121885692169,1.25814543091873e-06,0.000968823226527242,0.00497814696172691,2.16848265353781e-05,1.97603980731414e-05,7.87913562615682e-11,8.2073280822012e-06,3.92385484168216e-05,-783.746395395031,0.106641833303104,0.0790338807342587,0.98,0.500576042274041
"quadratic",400,"pg_apf",183,369.512,607.34014326966,1549.16310583391,312.568440355557,322.411979436125,12033.7013080053,603.770368415366,12142.4701376298,1362.65854546312,1.64362765828893,4.19245682368614,0.845895235758397,0.872534530505436,32.5664695815164,32.8608276257057,0.00314392984800194,0.00289901391110279,1.64750057274217e-06,0.00118470676423958,0.00573521473161768,2.29960680790108e-05,2.12103814919172e-05,8.46350446841205e-11,8.46459186270119e-06,4.03981291008021e-05,-791.161943510209,0.0823923890788412,0.0695340479395115,1,0.514804484556462
"quadratic",400,"pg_apf",184,366.669,387.189620403622,879.305243770444,265.333811661431,234.183123573267,11480.221666029,389.30648966507,11247.232016822,806.67649686458,1.05596497223278,2.39808994971062,0.723633063229865,0.638677181799572,31.3094962105578,30.674073938135,0.00305362326821636,0.00276763083655515,1.87322820172627e-06,0.00106110966396837,0.00566011755479494,2.40029714204526e-05,2.16027793812211e-05,1.05190021869007e-10,9.16013827469423e-06,4.45015894149988e-05,-778.56476060846,0.0877841510161484,0.068794128746002,1,0.520530206349951
"quadratic",400,"pg_apf",185,370.806,336.270000859298,1012.35101690941,388.118312465811,373.191283474543,11751.6622179251,339.932029476092,11945.4076843356,728.945959658305,0.906862350823066,2.73013655903466,1.0466883288453,1.00643269924042,31.6922116091033,32.2147098060322,0.00267853393597936,0.00243339588693812,1.35086154694679e-06,0.00102313813924149,0.00494331573956995,2.22661079064764e-05,2.02389133093039e-05,8.7112846213231e-11,8.40303265957433e-06,4.04830549130684e-05,-788.034530931283,0.0817801095853573,0.0639831936065528,1,0.504580963782352
"quadratic",400,"pg_apf",186,367.994,570.07924679662,1393.53066415764,213.928215645434,351.181297947212,11303.2013734516,570.160768743869,11392.5724146367,1233.7504022785,1.54915364597417,3.78682985091506,0.581336151256364,0.954312564735326,30.7157219233237,30.9585819731754,0.00298194857423845,0.00263011072003239,2.15406598492845e-06,0.000899285507463633,0.00603423553770836,2.33478070820084e-05,2.12309947919776e-05,9.45978653441392e-11,9.06460720046422e-06,4.24415142799428e-05,-779.837175019011,0.0944508492653696,0.0777914592812124,1,0.514040177154435
"quadratic",400,"pg_apf",187,367.32,491.963644552086,1192.69393153303,248.877549733136,338.405330182085,11607.2768575557,495.682579742213,11285.8314697533,1019.24001120954,1.33933258344791,3.24701603923834,0.677549683472548,0.921282070625299,31.5999043274412,30.7247943748049,0.00312052478400233,0.00286770851007373,1.74464122996213e-06,0.00103649730259044,0.00563476232793052,2.53840296973395e-05,2.29444100108016e-05,1.25900228642212e-10,9.197020388088e-06,4.78074093264012e-05,-772.44392103008,0.128127968405537,0.0955869119002601,0.96,0.52604075952885
"quadratic",400,"pg_apf",188,368.279,504.158908219777,1340.71729788208,253.32877684136,367.067205283459,11803.5971755772,505.87566935743,12104.2519642303,1234.77371001038,1.36895915384743,3.6404934788084,0.687871903750581,0.996709574218076,32.0506930223477,32.8670707920634,0.00301769316663325,0.00273681248562493,1.92379791373354e-06,0.00100356056666334,0.00570876658844944,2.25908834734572e-05,2.05908216871297e-05,9.20872242622261e-11,8.0340143336307e-06,4.1548998275838e-05,-803.055114660905,0.0728274981030777,0.0590136460904048,1,0.510869551741419
"quadratic",400,"pg_apf",189,367.518,667.981330947624,1694.26027390476,204.752271613804,254.237243270343,11584.4385478892,677.894532115159,11962.5885974241,1589.78850571408,1.81754725196487,4.61000624161201,0.557121750808951,0.691768139983194,31.5207378900876,32.5496672201746,0.0040867650258122,0.00372039370338117,3.48029310175895e-06,0.00118699548432292,0.00777931831274252,2.48581799357961e-05,2.21694464681856e-05,1.24323905139083e-10,8.58989343931476e-06,4.80077278858054e-05,-793.873884072745,0.0871576520766869,0.0714098446218572,1,0.539785966507454
"quadratic",400,"pg_apf",18,368.973,400.257134584286,1094.73112238817,308.61258932569,330.296886298846,11717.678352285,394.715382083904,11855.6122493158,943.58566250999,1.0847870564629,2.9669681044092,0.836409681265812,0.895179013908459,31.7575496100933,32.1313815626503,0.00300750496854192,0.00271466161333172,1.79790078476592e-06,0.00100369761833044,0.00567589944731074,2.34196250676653e-05,2.13310190765121e-05,9.76337385169648e-11,8.66433464797646e-06,4.37246124668417e-05,-795.980896830297,0.109380384688351,0.0960679733093936,1,0.509637121644982
"quadratic",400,"pg_apf",190,367.719,594.780528084419,1532.26392397083,279.594133272813,390.045799408274,11754.8639701255,590.845959046819,11869.5982539023,1329.94988218188,1.61748652662609,4.166942485895,0.760347257750654,1.06071701328534,31.9669747011317,32.2789908976753,0.00283250106461909,0.0025881591552727,1.49261246192561e-06,0.000927627395246726,0.00530209785211665,2.27249109032748e-05,2.09857019596367e-05,8.05715617288003e-11,9.05568356936016e-06,4.10939881777795e-05,-764.394617799145,0.103928281323115,0.0790330759037767,0.9975,0.506004954723575
"quadratic",400,"pg_apf",191,369.674,616.483382036704,1499.71976996815,293.521352207193,348.333082570612,11554.1099180856,624.908124786128,12270.2776944614,1385.39117307573,1.66764062941052,4.05687110797121,0.79400053075735,0.942270980838827,31.2548621706846,33.1921576698966,0.00353736295154522,0.00319390111410055,2.74320115201477e-06,0.00103830820487014,0.00680870034137507,2.43012390153672e-05,2.18322932101286e-05,1.14687555729768e-10,8.76015450565702e-06,4.66656964132605e-05,-802.288423199728,0.0961849355629241,0.0779081594252347,1,0.524104809811297
"quadratic",400,"pg_apf",192,366.85,608.45278773655,1523.09741280085,270.462499899427,317.627734935613,11758.0518621844,607.407310595736,12222.4414715707,1425.27267904943,1.65858740012689,4.15182612185048,0.737256371539939,0.865824546641986,32.0513884753561,33.317272649777,0.00296601940676665,0.00269563695343,1.88282754415889e-06,0.000899733841280821,0.00566717171580919,2.2043494389536e-05,2.01030355297774e-05,8.0272772900065e-11,8.54693876776587e-06,4.00753007739169e-05,-789.659145446674,0.0881600249462839,0.0681427479427881,0.9975,0.506451669719658
"quadratic",400,"pg_apf",193,368.025,455.534510742157,1064.85334771637,307.471747412511,277.977879306521,11404.6473952971,455.257921642975,11045.9367797295,974.825534779813,1.23778142990872,2.89342666317878,0.835464295666085,0.755323359300377,30.9887844447987,30.0140935526921,0.00296119021343049,0.00270776067391478,1.61092676605641e-06,0.00101037738179991,0.0054126848352137,2.54473578039804e-05,2.28231268265081e-05,1.33671214610756e-10,8.84174778188224e-06,4.86247615867823e-05,-782.608153822251,0.0868190943359092,0.0726868667066011,1,0.513642974844619
"quadratic",400,"pg_apf",194,367.465,546.343172890604,1493.15764481092,317.260102027158,369.490674646557,11531.3967882424,544.325127746466,11327.4525358561,1281.83566832513,1.4867896885162,4.06340099005599,0.863375020824182,1.00551256486076,31.3809391050642,30.8259359009869,0.00278579518160988,0.00253617052547265,1.45026706297197e-06,0.000961165537378624,0.00516642380325095,2.37231192539223e-05,2.15193407768598e-05,9.49972012983376e-11,8.98146947063241e-06,4.41084525229729e-05,-777.277855773005,0.141644265090926,0.113215895220459,0.9875,0.507787687932758
"quadratic",400,"pg_apf",195,367.071,654.52646284884,1801.23341811084,256.156549449717,331.848023365317,11065.5380550678,660.198691813157,11844.2001582118,1653.78867815967,1.78310589190876,4.90704364580924,0.697839244859215,0.90404315068561,30.1454978875145,32.2667826066669,0.00463260036686189,0.00413855314522858,5.29743210113936e-06,0.0012296398873831,0.00921020412060093,2.5925601609339e-05,2.30983183377448e-05,1.49028256519364e-10,9.02615123607273e-06,5.00184967569274e-05,-778.709071386808,0.121582826655889,0.0953909737332316,1,0.564328090902576
"quadratic",400,"pg_apf",196,368.223,453.908741360089,1270.88062913715,370.749911945586,278.469786398717,11781.6170648631,456.300976660114,11585.4102304693,1157.07747450017,1.232700676927,3.45138850407809,1.00686245005224,0.75625310314325,31.9958749585526,31.4630271071315,0.00290106723231536,0.00266577785207107,1.49866770183197e-06,0.000985198804355445,0.00535069627888255,2.28683431872462e-05,2.0714112628898e-05,9.87342846124526e-11,8.50661256601508e-06,4.24222882477213e-05,-784.449270712656,0.0869026386271629,0.0701306640226395,1,0.510546797554378
"quadratic",400,"pg_apf",197,367.17,567.216708216299,1415.92273967996,259.921340693206,299.255215908574,11466.1231574797,567.379561207089,11861.967768343,1249.93867076214,1.54483402297655,3.8563138047225,0.707904623725267,0.815031772499316,31.2283769302493,32.3064732095295,0.00346558561548655,0.00312720522039741,2.73543505660042e-06,0.00102565460894215,0.00675627427306127,2.47309646723418e-05,2.26346492659872e-05,1.00033312120256e-10,9.67266171248403e-06,4.46049637079733e-05,-794.381242355599,0.102849506678643,0.0838475199548516,0.995,0.534448990746217
"quadratic",400,"pg_apf",198,367.028,445.291555313143,1043.71113706171,298.843706452454,295.304279855802,11617.3825919469,443.423231191698,11225.9553065587,922.642695461094,1.21323592563276,2.84368259931587,0.814225907703101,0.80458242928551,31.652578527924,30.5861005333619,0.00292169762022011,0.00265739172230893,1.57690637130023e-06,0.00098292473500632,0.00545946267688856,2.41849490361072e-05,2.18786950032812e-05,1.12838990859698e-10,9.42440637047936e-06,4.44139242994161e-05,-785.724546985669,0.112721134267768,0.0908842025849345,1,0.50348412324585
"quadratic",400,"pg_apf",199,368.469,610.337920049929,1692.57487471242,236.057238752523,351.218976463938,11721.2261401429,610.146103852074,11669.7681770047,1507.25515772212,1.65641592657708,4.59353398715339,0.640643415735173,0.953184600234858,31.8106167415519,31.6709633022173,0.00339323156138512,0.00303765891310237,2.60598139398587e-06,0.000978258622561464,0.0065704069669678,2.46098102283146e-05,2.24308515387001e-05,1.10598994793862e-10,8.79456945634304e-06,4.55631379440021e-05,-793.749628736807,0.119205308965005,0.0895628815292528,0.9325,0.531484449236023
"quadratic",400,"pg_apf",19,366.082,553.134065825234,1467.10578506986,345.153183226999,374.268565101356,11576.9496005017,551.740737196466,11697.4580484986,1333.86682145677,1.51095674145474,4.00758787667751,0.942830249034367,1.02236265399926,31.6239246958379,31.9531089987998,0.00343638714982877,0.00316983159190263,2.26893046917537e-06,0.00116002928377171,0.00655967178685433,2.34400882286078e-05,2.14618329203712e-05,9.50274897791301e-11,8.63890753739215e-06,4.2790724351832e-05,-783.018190248112,0.102751996621637,0.083048840233554,0.9975,0.521728923164832
"quadratic",400,"pg_apf",1,366.319,579.388645734569,1370.25870017546,249.501812544248,326.103633893575,11619.7237686466,577.838050407278,11883.0421727304,1224.34814563359,1.58165054429218,3.7406159663448,0.681105300419164,0.890217635158358,31.720232280189,32.4390549568285,0.00399140052864963,0.00358995208538013,3.61715518807588e-06,0.00103843408033799,0.0077328385705537,2.53397799054385e-05,2.30176638022407e-05,1.28692180440214e-10,9.26272373968107e-06,4.69818465339612e-05,-796.193006599847,0.0967357840042074,0.0801785229114613,1,0.544652280546035
"quadratic",400,"pg_apf",200,366.453,409.571112354472,1048.29613278901,266.283416910229,338.125253383428,11696.8997147862,411.853795696315,11854.9382156414,910.838204832723,1.11766341755825,2.86065643558385,0.726650939984744,0.922697462930929,31.9192357950029,32.3505011983568,0.00263784493099058,0.00241409544390709,1.18556820956065e-06,0.00096525579478704,0.00480795255847449,2.33177184237312e-05,2.13650915441437e-05,8.69805831712117e-11,8.80219361190651e-06,4.1544845536036e-05,-780.244433145632,0.0788631793006549,0.0621302008706139,1,0.503620402232974
"quadratic",400,"pg_apf",20,367.31,448.493630948819,1024.08178040942,300.447748487821,367.992568641995,11736.7145962628,447.164863553049,12016.3562584788,922.795537817743,1.22102210925055,2.7880585347783,0.817967788755604,1.00185829038685,31.9531583574168,32.714481659848,0.00258907769958759,0.0023654049623898,1.25505881256914e-06,0.000940391931094208,0.00478643985976993,2.30506679502788e-05,2.08566255607892e-05,9.61640937012571e-11,9.04736948584797e-06,4.23059772330865e-05,-781.26055706405,0.06864573768654,0.055080404010589,1,0.498632292790796
"quadratic",400,"pg_apf",21,366.563,479.750426732371,1294.46349159648,276.106219969921,328.27512269784,11445.394937598,481.168452672743,11547.2548230644,1166.19928929877,1.30878028260455,3.53135338699345,0.75322992219597,0.895548985298134,31.2235412128283,31.5014194642243,0.00321073529158223,0.00286530541955394,2.26958706443855e-06,0.00101314481159556,0.00627290629902872,2.3519466196406e-05,2.20351196258176e-05,8.85316751922698e-11,8.23604458851758e-06,4.09363007246592e-05,-803.8563534635,0.0781463372934335,0.0655361566215324,1,0.522392172200553
"quadratic",400,"pg_apf",22,366.17,613.599982209382,1649.47882246872,205.519928996971,298.625401587081,11430.5113713676,612.797252675088,12566.0073463152,1491.29199762829,1.67572434172483,4.50468040109435,0.561269161856435,0.815537596163206,31.2164059627157,34.3174136229488,0.00364460179170589,0.00325051642119981,3.21264817416695e-06,0.00111855224164758,0.0071688918307526,2.40908818232005e-05,2.1856236103066e-05,1.02959303415362e-10,8.25314558525061e-06,4.33188244663307e-05,-784.275423093838,0.11630955327448,0.0816602029348959,0.9725,0.537074619552175
"quadratic",400,"pg_apf",23,366.438,334.707455421753,903.676012103117,298.061299901303,366.24306259633,11556.7100176706,348.904963341762,12221.1315335353,826.57131018799,0.913408149323359,2.46610889728444,0.813401721167845,0.999468020773856,31.5379682720422,33.3511577225487,0.00307784832320576,0.0028042236234978,1.86979193985509e-06,0.00108277240136126,0.00574281393311458,2.16455698649675e-05,1.97806188458763e-05,7.87758399777451e-11,8.34059172899813e-06,3.91749319019486e-05,-794.745011865975,0.0876631379844841,0.0695087165682364,0.9875,0.512207261616905
"quadratic",400,"pg_apf",24,368.73,551.748268649737,1417.93057928616,314.427423427774,378.186486083921,11584.6508977871,552.388776161753,11520.7162951472,1306.37333683097,1.49634764909212,3.84544403570677,0.852730787914665,1.02564609899905,31.417706445874,31.2443150683352,0.00267904472209584,0.00246359688369259,1.31722130566237e-06,0.000948605539703751,0.00491404313269907,2.25971952717151e-05,2.07589098624028e-05,8.55308787986660e-11,8.31285135800244e-06,4.10268286658945e-05,-778.705922254873,0.0758424703455301,0.0583309897894716,1,0.502397613136882
"quadratic",400,"pg_apf",25,367.512,394.691192606777,963.273586597393,283.545275797689,381.116537109513,11780.7817628114,396.674845746384,12090.6352093293,842.799738345144,1.07395457184194,2.62106703072932,0.771526578173471,1.03701793984826,32.0555023041734,32.8986134039959,0.00281044038890998,0.00251487172714786,1.57418280367332e-06,0.00103643250428903,0.00544647022247319,2.10675956642249e-05,1.91674226550941e-05,7.70903903552166e-11,7.94415199023237e-06,3.95668238395694e-05,-780.127470297072,0.135307585761891,0.108198288952478,0.96,0.50742408706367
"quadratic",400,"pg_apf",26,365.39,487.804013614675,1178.70343016892,226.422662369514,326.604408719763,11380.7900249263,487.109792474198,11609.5419036951,1060.66396287742,1.33502288955548,3.22587763805501,0.619673943921601,0.893851525000036,31.1469663234526,31.7730148709463,0.00278732089100869,0.0025171723722374,1.59654034786643e-06,0.000843127941145646,0.00528332619221173,2.36177675985311e-05,2.14345090632555e-05,9.98075704724015e-11,8.79252304901474e-06,4.43193231057542e-05,-765.320046813444,0.13458264777529,0.10795298260423,0.98,0.514476017958926
"quadratic",400,"pg_apf",27,368.614,352.955155818826,805.007131703934,331.251163171696,302.53242748767,11779.3355997569,351.350272499136,11771.6381218146,720.495663365405,0.95751967049224,2.18387563061613,0.898639669604779,0.820729618212194,31.9557466611602,31.9348644430612,0.00284946873598269,0.00259095730131602,1.47096082879993e-06,0.000970744950330697,0.00518462718279731,2.30119540691939e-05,2.1006701860523e-05,1.04804602739479e-10,8.42914785991966e-06,4.12660493992651e-05,-792.779827053745,0.0916871288337298,0.0744285295842252,1,0.517176334082952
"quadratic",400,"pg_apf",28,366.39,599.130704813406,1769.0736258702,277.572055900908,332.369107608327,11417.4086273298,605.754162483921,11823.2620849297,1641.85934613862,1.63522668417098,4.82838949171702,0.757586331234225,0.907145685221559,31.1619002356227,32.2696091185068,0.00314391705406444,0.00283628115539736,2.03013217880338e-06,0.000996259450656277,0.00599631111208374,2.34133283141789e-05,2.16379381334038e-05,8.82301931851097e-11,9.08141673633682e-06,4.25167191180418e-05,-782.148484024871,0.103878919825974,0.0750597465235127,0.9875,0.518286649560131
"quadratic",400,"pg_apf",29,366.649,424.795681129445,1037.92729963365,305.203727293853,387.874314989371,11690.2786114127,429.424020041405,11804.4280433765,931.147361504432,1.15858949875615,2.83084721254837,0.832413908926121,1.05789001194431,31.884114265722,32.1954458988746,0.0027998892058005,0.00252223667546679,1.53488550975877e-06,0.00100662034248606,0.00534417222366546,2.2915394857477e-05,2.1074544548207e-05,7.96562140372103e-11,9.35371205152846e-06,4.148936928523e-05,-777.222921865064,0.0912441374603674,0.0710317669707645,1,0.511187208544786
"quadratic",400,"pg_apf",2,365.651,582.493894893208,1572.39161438687,356.732023704436,310.893717474973,11463.1542825252,582.258563159622,11439.4085903106,1402.73428200091,1.59303241312948,4.30025246584003,0.975607953224348,0.850247141331414,31.3499875086496,31.2850466436866,0.00278062585635653,0.00253757347604656,1.47431111390068e-06,0.000915897869253536,0.00513229577331253,2.34913729776442e-05,2.13987200044851e-05,9.93637389409835e-11,9.08076997002761e-06,4.31237039356055e-05,-799.047080958822,0.100016349853181,0.0776020767777816,0.9975,0.502478390450646
"quadratic",400,"pg_apf",30,366.304,556.018462745049,1432.29628726018,273.917384985194,210.680276812055,11687.6826494172,556.940697369586,11634.4156727769,1311.51296478175,1.51791534557376,3.91013007572994,0.747787042962115,0.575151450194524,31.9070571149024,31.761639711215,0.00281883875264324,0.00255086662131462,1.44957363835656e-06,0.0010425346849743,0.00526684694380981,2.37130773116286e-05,2.151885888649e-05,1.04917690052794e-10,9.28998973494795e-06,4.41466588615954e-05,-792.742631047752,0.0871511588584075,0.0692060915464291,0.9975,0.502498324968849
"quadratic",400,"pg_apf",31,368.078,510.793090887722,1213.46177765491,280.112935649252,365.206050027259,11714.5329890884,511.573629975442,11877.3728269892,1077.04316121344,1.38773056495559,3.29675171473142,0.761015153443706,0.992197441920622,31.8262243032412,32.2686300919621,0.00330099521043414,0.0029885197066253,2.45950265992619e-06,0.000908773535735542,0.00622330710523516,2.30772119724955e-05,2.08608942268481e-05,1.09589312340389e-10,8.25721875645611e-06,4.2952146479681e-05,-805.386293614874,0.100457720108362,0.0760365798417746,0.96,0.515389129693377
"quadratic",400,"pg_apf",32,367.415,592.218095657092,1610.22367070225,318.724467835227,327.883009398686,11841.32198571,590.914366179403,12227.8271374711,1442.0090119406,1.61185062029882,4.38257466543894,0.867478104691497,0.892405071645649,32.2287385809236,33.2806965896089,0.00285753507292513,0.00254751559586234,1.65425299503598e-06,0.000993158057832797,0.00551078770123868,2.16572955592406e-05,1.97060782883929e-05,7.55414527757188e-11,8.30717713217661e-06,3.91658208586169e-05,-816.363372598975,0.0732675755515706,0.05773296299259,1,0.508987258335181
"quadratic",400,"pg_apf",33,369.214,633.920969146879,1668.08694227378,230.302030023656,334.855749365048,11108.1113842308,626.857643608782,12003.1330855286,1512.23315541327,1.71694726946129,4.51794065846306,0.623762993883374,0.906942178154264,30.085834730619,32.5099619340778,0.00398151360171381,0.00350839777982513,4.19016919666817e-06,0.00106174744959268,0.00796312147530097,2.52937458038067e-05,2.32818124788349e-05,1.14472997260765e-10,9.14600852699812e-06,4.59682758581882e-05,-798.636278855876,0.129528899844815,0.0952097188361437,0.9525,0.546133885462857
"quadratic",400,"pg_apf",34,368.289,303.461634817144,722.524867995459,264.161794309258,337.366456986262,11711.0898578702,304.250704908469,11854.7865237275,622.320472579276,0.823976917087243,1.96184210768027,0.717267673781346,0.916037288613731,31.7986414415586,32.1888150982721,0.00287544509504257,0.00260003123049279,1.591367081604e-06,0.000978722145147654,0.00535183000893469,2.32934629063469e-05,2.09265584964855e-05,1.03682767736449e-10,8.56644651692988e-06,4.49498766501362e-05,-794.930051553641,0.10456669654524,0.0779672168721336,0.9575,0.50250344766916
"quadratic",400,"pg_apf",35,365.55,556.759291467495,1431.82759634231,321.096656424827,268.075328874555,11465.5702903462,558.725627553451,11592.8026781444,1277.95817930598,1.52307288050197,3.91691313457067,0.878393260634188,0.733347911023266,31.3652586249383,31.7133160392406,0.00279301450928583,0.00252558963525557,1.46267852774013e-06,0.000998327902598787,0.00518458287203143,2.41768523065247e-05,2.13155756219796e-05,1.42061517717406e-10,8.4211559177646e-06,4.79789814978648e-05,-769.245309454203,0.109573024244652,0.0890316904677197,0.9925,0.516622808373037
"quadratic",400,"pg_apf",36,366.412,574.087762162005,1353.66339170561,337.074204329534,329.452297448819,11831.3151461878,574.947214594034,11579.8494865127,1258.28888795672,1.56678209819003,3.69437516158206,0.91993221927648,0.899130752947007,32.2896497554333,31.6033576588996,0.00309736719870925,0.00286679163936136,1.59562142766888e-06,0.0010689948144404,0.00559027516002145,2.36311639045803e-05,2.11378457650566e-05,1.10425208005909e-10,8.7286983515403e-06,4.47002167362891e-05,-793.886136548723,0.127334020141687,0.109532068760164,1,0.511348996249153
"quadratic",400,"pg_apf",37,365.755,463.908795388161,1245.54024256336,211.459035034805,372.145561538006,11681.9383501205,463.21102376484,11938.3355152155,1023.9276128256,1.26835940831475,3.40539498452067,0.578143935243005,1.01747224655304,31.9392444399133,32.6402523963185,0.00292172663755948,0.00268908608605144,1.4893170218632e-06,0.000997334294802838,0.00535703290550216,2.27513128745933e-05,2.0852630203932e-05,8.18204576362445e-11,9.33504880449931e-06,4.17699356845503e-05,-774.808523070118,0.112307420944434,0.0866222468048943,0.975,0.512541657083198
"quadratic",400,"pg_apf",38,366.516,433.430173515036,1187.06504960799,281.912724622709,286.430914629477,11557.9450145499,431.591706851727,11779.5705585772,997.792795021714,1.18256821943663,3.23878097984261,0.769168943846132,0.781496345669704,31.534626086037,32.1393078571664,0.00337486501482219,0.00302514233275122,2.3924521552782e-06,0.00113687113630971,0.0065328950450233,2.3720595771352e-05,2.12809249952717e-05,1.26865075554773e-10,7.98123571424953e-06,4.48867800733914e-05,-787.062253746983,0.14011587019481,0.121589014995424,0.9875,0.525035384172809
"quadratic",400,"pg_apf",39,369.283,546.59511849012,1477.92050789649,319.519110029549,291.843275031449,11685.8766742266,547.95136417242,11785.5766515654,1312.9528632008,1.48015239935258,4.00213524017215,0.865241860658488,0.790297075769663,31.6447729091959,31.9147554898694,0.0033941860371278,0.00308108228362234,2.27031671254375e-06,0.00115762035354399,0.00634769999885151,2.45818255228986e-05,2.22371315973823e-05,1.18157769202793e-10,8.35599915375264e-06,4.58545652403766e-05,-777.381146040336,0.10431222541784,0.0866597715240226,1,0.526131440487252
"quadratic",400,"pg_apf",3,366.528,514.988258041597,1457.20439077465,266.355984196212,276.921928877855,11774.2406840213,509.420376377747,11370.2318067441,1348.14973224413,1.40504479341714,3.97569732946637,0.726700236260838,0.755527350919589,32.1237141064838,31.0214548595034,0.00369893066178928,0.00335115637715729,2.79623906472081e-06,0.00109608217955086,0.00701128995074201,2.5954548895673e-05,2.29779894222738e-05,1.56756099561029e-10,8.12635441395895e-06,5.01750661886485e-05,-815.385568766663,0.100032263082335,0.0802893742299133,1,0.532999414662882
"quadratic",400,"pg_apf",40,366.555,539.428111373412,1411.64761809913,311.781777294194,330.537608292299,11683.1524519292,538.196167894182,11938.065360212,1278.33922009106,1.47161575036055,3.85112089072345,0.850572976208739,0.901740825503128,31.8728497822407,32.5682785945139,0.00291217183890409,0.00265292851564611,1.66510606679612e-06,0.000990080244773139,0.00542881812238234,2.23088282097305e-05,2.04837436004111e-05,8.19948594660401e-11,8.41575733686516e-06,4.03260587869898e-05,-784.613988092815,0.0910137907189642,0.0683879674701059,0.9925,0.50715803728697
"quadratic",400,"pg_apf",41,366.821,496.877161505336,1299.25722670462,282.854580224869,332.518982546094,11544.2173686644,500.125865560376,12376.0836783629,1165.00221102243,1.35454938922618,3.5419379662141,0.771097020685481,0.906488403188733,31.470982764521,33.7387545379434,0.00299048047728309,0.00269313606059686,1.86789408893055e-06,0.000991744348904096,0.00573652083482014,2.22220565285972e-05,2.01681088225323e-05,8.43762017866309e-11,7.80444577567756e-06,4.0355396434218e-05,-801.773617602452,0.0911748041412772,0.07490293450041,1,0.506230919593636
"quadratic",400,"pg_apf",42,367.555,429.933831354125,995.975950647774,384.309101641736,336.649237661687,11982.7753141794,435.157588801086,11687.7962173391,905.578651288595,1.16971291739774,2.70973310293092,1.04558257034113,0.915915271623804,32.6013122231486,31.7987681227003,0.00280259825172259,0.00255463572348793,1.45560324691397e-06,0.000968057203281866,0.00520507593760782,2.34200598115411e-05,2.14794268891267e-05,9.5351452721089e-11,8.50767027880441e-06,4.23429671949203e-05,-786.711770573805,0.116875581589206,0.0938857118621056,0.96,0.498319170508536
"quadratic",400,"pg_apf",43,365.525,459.163846393232,1130.45623166885,306.485063144711,350.686703924822,11765.2440474556,458.538321150212,12002.7740261727,994.006874304921,1.25617631186166,3.09269196817959,0.838479072962756,0.959405523356329,32.187248608045,32.8370809826214,0.0026305161825158,0.00242174849968621,1.1905157221993e-06,0.000891012190381074,0.00482356584138191,2.16453899707143e-05,1.97136283572374e-05,7.82535571858227e-11,8.38900485910922e-06,3.94955862110958e-05,-786.081424802404,0.0969539315956885,0.0785031555006786,0.9975,0.497611066565092
"quadratic",400,"pg_apf",44,367.422,290.571979312966,716.591240119872,283.825787530658,213.072078642028,11405.6154996585,289.300148901782,10828.1336763528,608.135149426506,0.790839904287075,1.95032208229195,0.772479022842013,0.579911052256065,31.042276999359,29.4705643003216,0.00281197501947208,0.00258145479517047,1.41395846181554e-06,0.00102066272550203,0.00512061706318898,2.53317939433758e-05,2.29498930832848e-05,1.23845196289976e-10,9.14482651708005e-06,4.77091750671011e-05,-775.314540566403,0.104497248423038,0.0781184165333115,0.9725,0.512477242638442
"quadratic",400,"pg_apf",45,367.522,568.751165492315,1543.11812339424,259.27983096085,201.369411309595,12136.7390857991,566.93966597402,11435.661763404,1350.94588328576,1.54752957780028,4.1987095286656,0.705481116670159,0.547911176227805,33.0231634726604,31.1155842736054,0.00307888788480257,0.00282229020499825,1.66916000049479e-06,0.00111252630689143,0.00576558888404425,2.34362539815077e-05,2.1037375263748e-05,1.02873346071109e-10,8.52515707040748e-06,4.41286007681025e-05,-775.055826671616,0.0960819176571937,0.0714820107063558,0.9575,0.509260310451473
"quadratic",400,"pg_apf",46,367.515,455.354503146533,1127.50580105863,137.490655570651,345.639139492863,11383.831063128,458.062468303904,11266.478748435,993.644696960651,1.23900930069938,3.06791777494424,0.374108963091714,0.940476278499823,30.9751467644259,30.6558337712339,0.00290777230280711,0.00254738530089687,2.06394870021396e-06,0.000932907158686383,0.00591346114068799,2.38170223482401e-05,2.21541309948835e-05,8.82105225879507e-11,9.23953635809295e-06,4.2440214565282e-05,-804.922496084173,0.0856513204847434,0.0618804795558274,1,0.508858584695325
"quadratic",400,"pg_apf",47,367.151,649.051543907375,1754.24540001048,296.459342111018,388.023185757978,11814.6896448608,651.9613186595,11961.863376479,1494.53693245462,1.76780546398451,4.77799434023189,0.807458898684786,1.05684905054862,32.1793748208797,32.5802282343751,0.00266952895128379,0.00245480560914076,1.32511341529323e-06,0.000927457038658011,0.00478221422003831,2.16793329268621e-05,1.9877986533071e-05,7.29320228974596e-11,8.5387899692448e-06,3.87601263116727e-05,-793.764979192146,0.0777726128897291,0.0576279887199346,1,0.49656012185919
"quadratic",400,"pg_apf",48,374.3,363.217781982161,1030.79819534905,379.180042331053,279.6294825831,11769.653858541,365.181753811602,11783.4743663677,929.654264104145,0.970392150633612,2.75393586788419,1.01303778341184,0.747073156780925,31.4444399106091,31.481363522222,0.00261449222024968,0.00240562090759383,1.16351893180765e-06,0.00100444673163708,0.00475091444298086,2.23039111959282e-05,1.99398286851459e-05,1.01400331230856e-10,8.12489104666507e-06,4.14107884280355e-05,-799.217478283169,0.0729211962449498,0.0603232463622271,1,0.503726779751064
"quadratic",400,"pg_apf",49,367.054,408.66000476709,960.723648071767,270.65121512347,299.716529958076,11457.8550751597,407.536563973492,10994.90888332,799.152522139632,1.11335118202523,2.61739048769872,0.737360756519394,0.816546148408887,31.2157205074996,29.9544723210209,0.00317527296323541,0.00287242727758239,2.0037750185223e-06,0.00101704250505204,0.00599174917935148,2.72857662976188e-05,2.4362183265779e-05,1.63019641297028e-10,9.77868782215698e-06,5.36742067165733e-05,-779.172214770031,0.131878506334404,0.108511448096953,0.985,0.521037531068648
"quadratic",400,"pg_apf",4,365.917,495.963545088912,1338.64659821632,303.593017000977,354.233012097617,11453.9317007686,497.410881770274,11825.3998948844,1180.16605500628,1.35539902515847,3.65833398889999,0.829677268344945,0.968069294669602,31.3019938968908,32.3171645342644,0.00314674706168412,0.00283759016206437,2.0976465839533e-06,0.000999552849520038,0.00594826806532715,2.44614163338362e-05,2.21597629842906e-05,9.90664005338623e-11,9.34314192045126e-06,4.47811781466024e-05,-788.440804028868,0.0950506181184012,0.0709447242761243,1,0.522107881905866
"quadratic",400,"pg_apf",50,371.057,563.091697920935,1522.21212251604,258.432261255493,411.550772566547,11378.4882132713,564.030410350298,11527.7865449939,1312.10455498966,1.51753422768183,4.10236735195951,0.696475908702687,1.1091308682131,30.6650682058857,31.0674277671461,0.00296579616750359,0.00263296551978927,1.89681173997719e-06,0.00102679515912281,0.00560603446218988,2.38333289995769e-05,2.17760672867682e-05,9.61098594280087e-11,9.83330092889193e-06,4.31787848264107e-05,-772.187573940852,0.125688447736403,0.0929246115912578,0.95,0.520344313310344
"quadratic",400,"pg_apf",51,366.065,540.582216545867,1428.25834783781,281.08226379266,336.979130896914,11968.6151506437,540.9196825788,12092.6164699373,1284.54609436881,1.47673832938376,3.9016522962802,0.767847960861214,0.920544523231978,32.6953277440992,33.0340690039672,0.00339739037880532,0.00306039233535954,2.34057245510172e-06,0.00111113546106671,0.00655412675861233,2.40714654111712e-05,2.16355597442365e-05,1.13824884816516e-10,8.80776107227068e-06,4.4571105541909e-05,-798.18961364998,0.109635722628475,0.0860862965163851,0.9775,0.524177579534339
"quadratic",400,"pg_apf",52,365.923,485.671712409309,1161.17745316047,344.036209431652,332.886342571419,11430.4437636097,486.877177311186,10833.3624242752,1011.06848660606,1.32725112225607,3.17328359562112,0.940187442253293,0.90971691468265,31.237292445705,29.6055793822066,0.00286990669064308,0.00263947327188216,1.32460237766342e-06,0.000984430811115079,0.00517600076751384,2.47144344491002e-05,2.24143310575935e-05,1.15629564074357e-10,9.38877041531119e-06,4.51733852056919e-05,-784.164834914816,0.139118880763369,0.112167068108492,0.9275,0.518406090081912
"quadratic",400,"pg_apf",53,366.112,681.754847686915,1932.25687530611,186.312453028101,313.217895903599,11496.4438404663,680.8365522666,11607.2808769987,1705.8359388611,1.8621483253401,5.27777531276252,0.508894690772499,0.855524800890436,31.4014395607527,31.7041803519105,0.00383767092146243,0.00346403319910515,3.03664089752622e-06,0.0012156697389262,0.00720190102918727,2.68997834958952e-05,2.45523622319227e-05,1.41887362395628e-10,9.46975461328796e-06,4.96929482819958e-05,-785.085859570597,0.107143009088393,0.084639118208699,0.995,0.544402305429892
"quadratic",400,"pg_apf",54,367.563,467.54095078942,1139.63151244088,300.526176671534,320.905880213459,11745.7533273103,472.208919277037,11482.899945345,995.509404144692,1.27200221673406,3.10050661367133,0.817618140758275,0.873063611444728,31.9557554142019,31.2406307091436,0.00306736787984699,0.0028337249367723,1.58634810481401e-06,0.00106611757359388,0.00560035563471706,2.41986938790751e-05,2.17723577058501e-05,1.14128367568989e-10,8.52871759199984e-06,4.561867457135e-05,-784.240771794455,0.0900593390654964,0.0742267726135549,0.9925,0.51003735749634
"quadratic",400,"pg_apf",55,365.942,461.470419567393,1206.67608361483,255.060881046425,376.909936995612,11921.9001684461,458.782765722063,11437.7419160849,1073.97942803608,1.26104797909885,3.29745173720106,0.696998106384139,1.02997179059964,32.5786604665387,31.2556140483599,0.00298927768925252,0.00273509204762031,1.54911683441736e-06,0.00104382077181435,0.00550660921147549,2.45718045593095e-05,2.25304720506087e-05,1.00143539448059e-10,8.81820449522968e-06,4.39098809244524e-05,-772.200701232488,0.116792839726441,0.0978454538975057,0.975,0.50890794412581
"quadratic",400,"pg_apf",56,367.103,588.110468366155,1518.65997490527,286.618119532622,333.807907732824,11616.760429273,585.643791478436,11938.6975707807,1331.33830569092,1.60203122384223,4.13687704787286,0.780756680094203,0.909303132180406,31.6444170417376,32.5213838371811,0.00319168695457497,0.00286802893351239,2.2032836038264e-06,0.00100464067514784,0.00619708962912413,2.30791650493957e-05,2.08832259932227e-05,9.93430767603166e-11,8.65063353985952e-06,4.31782541970952e-05,-791.341008478569,0.0970326090789398,0.0810841829593922,1,0.519541466285232
"quadratic",400,"pg_apf",57,366.234,558.178128022924,1456.81188533866,304.884702649795,372.882281255668,11734.4265902045,557.371406948537,11727.5555327655,1292.62599973922,1.52410242638019,3.97781714788539,0.832486068059752,1.01815309680605,32.0407897415437,32.0220283555472,0.00293187470603175,0.00266963657838221,1.74794800180645e-06,0.000975450637610388,0.00552721735428917,2.22863062442637e-05,1.98998687041775e-05,1.00036415078598e-10,8.2400685205504e-06,4.23039310121971e-05,-790.759037703032,0.0854993798173005,0.0700088494507868,1,0.505924960225045
"quadratic",400,"pg_apf",58,365.9,639.314682686305,1571.86627460668,271.80065706788,381.582221300876,11438.2172725167,641.514425779638,11792.1773734895,1433.05614268223,1.74723881575924,4.29589033781547,0.742827704476306,1.04285930937654,31.2605008814339,32.2278692907611,0.00338170271500653,0.00311923506585241,2.20097776348672e-06,0.00100804332961371,0.00623537878237466,2.53414570577228e-05,2.31985958564259e-05,1.13573279826127e-10,9.75870068142866e-06,4.57263070454912e-05,-774.550751892222,0.127404579086541,0.109094940475283,1,0.538254692576885
"quadratic",400,"pg_apf",59,366.547,551.398433224209,1641.99761762668,258.384501234434,321.263439943911,11607.9493957653,542.129369355727,11401.663608301,1460.08046448861,1.50430485919734,4.47963731152262,0.704915062009604,0.876459062395576,31.6683792140305,31.1055979405125,0.00398768404300162,0.00352146820560437,4.32692824127288e-06,0.00122624780477699,0.00782484580465265,2.42510523018806e-05,2.20273795710295e-05,1.04943983821464e-10,8.84646184699772e-06,4.47671121888163e-05,-795.072415772712,0.106225295386218,0.0774666232940602,0.985,0.545880421552014
"quadratic",400,"pg_apf",5,368.002,484.978203904363,1242.82412260958,243.59741654582,360.631312653205,11668.9079856754,470.631232515197,11859.2112574127,1151.89213774885,1.31786839175973,3.37722110915045,0.661945903951121,0.979971067149648,31.7088167609834,32.2259424063258,0.00284533852392596,0.00257199121367164,1.6354014084774e-06,0.000933446158565518,0.00534418072638005,2.26737531451259e-05,2.05910704949358e-05,9.3600725953476e-11,8.28418402973764e-06,4.23351086604282e-05,-786.903474255864,0.0865869612911177,0.069189326431233,1,0.508710288322498
"quadratic",400,"pg_apf",60,366.771,452.825263031293,1312.52963109184,349.632222464608,375.148740707967,11765.9358046541,450.386651628971,12216.149190914,1088.2759527695,1.23462668267473,3.57860798997696,0.953271175923417,1.02284188419468,32.0797876731095,33.3072930818249,0.00284077783587696,0.00256436683520217,1.60151069238907e-06,0.000936115198138853,0.00532831800061016,2.21329526225302e-05,2.02603788734421e-05,7.94522229727562e-11,8.69948042505257e-06,3.90857991371048e-05,-770.306144164921,0.0902757469192528,0.076101556426616,1,0.504426496809926
"quadratic",400,"pg_apf",61,366.499,422.8647757302,994.218789521219,215.074524578855,341.826275689549,11412.1410074594,427.449742100486,11409.7097971226,886.817873141792,1.15379516923703,2.71274625448151,0.586835228960666,0.932679968266078,31.1382596063274,31.1316259993141,0.00288268353150086,0.00260629027143594,1.74952041166372e-06,0.000913260442951103,0.0054779049556002,2.33076768085082e-05,2.11742311734498e-05,9.68546663809363e-11,8.74842290265432e-06,4.25162629557322e-05,-785.026545348425,0.130838296488665,0.109652548161712,1,0.513920383830226
"quadratic",400,"pg_apf",62,367.024,521.159945787847,1265.87129841932,306.024978286483,347.463700369385,11859.7654680214,520.626681937999,12567.89643988,1157.84010257459,1.41996148967873,3.44901504648011,0.833801000170242,0.946705666031064,32.3133241096533,34.2427101221717,0.00331727264908733,0.0030079304534718,2.36557845985761e-06,0.000970501258101682,0.0063716058228451,2.23699473519503e-05,2.01285782501232e-05,9.60051586866802e-11,8.3329976724292e-06,4.12379093273327e-05,-803.177084621338,0.0936544270751606,0.0728599249383466,0.9925,0.526251215556865
"quadratic",400,"pg_apf",63,369.978,523.209786228062,1575.80265413713,315.144855369706,356.435135912564,11501.6410596188,515.563577115388,12117.7979801632,1375.61102982208,1.41416458878112,4.25917934076386,0.85179349953161,0.963395488144064,31.0873648152559,32.7527528127704,0.00313568995853641,0.00278863432453183,2.18303013369006e-06,0.00100711939355119,0.00593275777504485,2.27751921779016e-05,2.0835013214957e-05,9.18836515084919e-11,8.10242236646042e-06,4.09344640141096e-05,-766.960822118775,0.0997217629813834,0.0820119607074674,0.9875,0.519150112622912
"quadratic",400,"pg_apf",64,366.118,337.150412201006,796.221385255059,357.457179103144,364.512566657925,11987.0313927271,342.055401356041,11929.1018865005,702.406314703712,0.920879094174573,2.17476711130034,0.976344181665867,0.995614983851995,32.7408960846697,32.5826697581121,0.0024643954670433,0.00226394242498742,9.90929808222455e-07,0.000894669282318129,0.00439336944411918,2.1230717713293e-05,1.97191398837144e-05,7.30798838784602e-11,7.47761593896791e-06,3.7292270956739e-05,-783.401095110705,0.0832146630458822,0.0721485729561382,1,0.486458645886979
"quadratic",400,"pg_apf",65,365.899,466.797798503671,1201.03238290498,324.56641563762,322.415401539337,11685.3000111143,467.015537756618,11686.2715348524,1075.74752414478,1.27575587389873,3.2824150459689,0.887038269133341,0.881159559166156,31.9358621125345,31.938517281688,0.00248868567900246,0.00231276958022985,9.45222935802298e-07,0.000904645624425338,0.00442419057164116,2.19941284795045e-05,2.01851648566644e-05,8.8634748456007e-11,8.10602388117164e-06,3.98349011975027e-05,-782.207769909731,0.0993114938468998,0.0784250673205664,1,0.491361107769428
"quadratic",400,"pg_apf",66,369.756,488.466698217966,1472.28489050417,316.348148626731,336.853993618894,11850.7709317568,491.327837432224,11554.1778846441,1208.40703593122,1.32105144532601,3.98177417135669,0.85555920289794,0.91101697773368,32.0502464645787,31.2481146611391,0.00303251054090593,0.00276869495644086,1.75192427606545e-06,0.000970917197570557,0.00568926803304718,2.23721708987547e-05,2.04433767961428e-05,9.2080310585469e-11,8.32038034201913e-06,3.96524078598735e-05,-789.59454220094,0.088739869302417,0.0722065462945733,1,0.514822915224814
"quadratic",400,"pg_apf",67,365.949,618.099246288132,1665.18282155084,263.63813168305,319.891978719782,11611.7548580781,623.065780008367,12196.9694985046,1465.38493738029,1.68903111167986,4.55031390043652,0.720423150993854,0.874143606676838,31.7305276365782,33.3296975767241,0.00305549816367393,0.0027665530458409,1.82571958430202e-06,0.00102240262802668,0.00572237569612945,2.39819251087019e-05,2.18076940172014e-05,9.94815399300535e-11,9.87676847699561e-06,4.46432956570749e-05,-801.460238470533,0.0929998759113593,0.0733748947598001,1,0.511926200753945
"quadratic",400,"pg_apf",68,365.668,410.713248538747,973.013532682706,398.541077537839,318.506930180181,11837.9179266025,403.037120624057,12155.1153308805,872.900385503088,1.12318619222559,2.66092065119919,1.08989869919665,0.871027626645429,32.3734040895088,33.2408505280213,0.00247055893567892,0.00228505333146513,9.86919198440389e-07,0.00092641188734009,0.00442891658923067,2.10853757941831e-05,1.94699352949116e-05,6.86617036653354e-11,7.86413961197152e-06,3.70650352572598e-05,-805.374155885389,0.100756154219799,0.0746429623860303,0.995,0.490956283588701
"quadratic",400,"pg_apf",69,366.505,604.235106623993,1618.61798224907,256.359682395248,374.901141089653,11664.6231414725,599.604333056543,11287.1970001663,1441.22511852886,1.648640827885,4.41635989208624,0.699471173368025,1.0229086672478,31.8266412231006,30.7968431540261,0.0032410474122799,0.00288465264788835,2.26923155462329e-06,0.00099869618855882,0.00628188135132164,2.43571305017273e-05,2.2243743761792e-05,1.23755249434592e-10,9.02435648993365e-06,4.47851220925277e-05,-780.051333544966,0.126470960325999,0.0922037951111079,0.94,0.523585471786535
"quadratic",400,"pg_apf",6,368.422,433.129132951069,909.282636111573,152.253268581207,325.902347005993,10914.4248883373,431.829178005828,11095.7287823634,810.068392968549,1.17563319495326,2.46804652304035,0.413257809200339,0.884589810071042,29.6247913760235,30.1169006800988,0.00432037276111328,0.00369835907585777,5.88038439745444e-06,0.00110926081023498,0.00916973652594541,2.64733115829313e-05,2.37596634879466e-05,1.39217065973111e-10,9.37267900626513e-06,4.94667713849884e-05,-780.62107963421,0.137750076480746,0.109696416470202,0.985,0.560156710803472
"quadratic",400,"pg_apf",70,366.56,407.370919076872,1145.18434059291,350.58840661047,329.550555450708,11667.8270622978,400.571472181784,11301.9790454578,1039.45201003365,1.11133489490635,3.12413886019453,0.956428433572867,0.899035779819696,31.8306063462946,30.8325486835929,0.00286092937800837,0.00259975544957964,1.57034644668516e-06,0.000899198720033341,0.00530320587458324,2.33744761705687e-05,2.12872641818093e-05,9.74801219335031e-11,8.71962069969707e-06,4.245168929302e-05,-789.193902510192,0.0945740514351299,0.0755366733244431,1,0.510978109929669
"quadratic",400,"pg_apf",71,365.838,476.685599852722,1228.01022323399,302.25461556664,275.066714862503,11569.2919375448,477.724514176202,11294.8951765394,1049.05320477485,1.3029964078437,3.35670494381116,0.826197977155572,0.751881201139583,31.6240848067856,30.8740348912345,0.00307407044459186,0.00281804007527192,1.86743394369389e-06,0.000988574937777595,0.00570459479043058,2.52146723477068e-05,2.27795299758177e-05,1.51416112931902e-10,8.84399943941779e-06,4.72726268997052e-05,-794.292696493937,0.106696495964892,0.0880744422871191,1,0.511471855822267
"quadratic",400,"pg_apf",72,369.098,557.731319680191,1395.86190891298,342.033357264817,386.974938784342,11848.637292876,558.30057951591,11883.9883270745,1282.80717858645,1.51106567816729,3.78181921579899,0.926673558959454,1.04843412531182,32.1016025361177,32.197379360155,0.00265226458094922,0.00243552173127064,1.21662566196557e-06,0.000967268546664338,0.00485806850864778,2.23001893007122e-05,2.05547972642884e-05,8.61554090136576e-11,8.39128462164641e-06,4.01419008547659e-05,-830.274397597392,0.0722571241743946,0.0562147368581933,1,0.49671893454762
"quadratic",400,"pg_apf",73,367.145,530.882267019816,1468.35491045005,339.887192207259,328.304125871856,11587.6336187218,530.454917174146,11690.610755262,1346.99362831046,1.44597438891941,3.99938691920099,0.925757377077883,0.894208353298713,31.5614637778583,31.8419446138774,0.00281091829682185,0.00256752888909694,1.3897576453241e-06,0.000993778229110025,0.0050951677458452,2.28508357709543e-05,2.10720060012632e-05,8.33809130364117e-11,8.6303349755473e-06,4.11641570911245e-05,-770.079394056637,0.100457424076613,0.0824047508271334,1,0.508253890826552
"quadratic",400,"pg_apf",74,365.985,550.612482030185,1334.9890720073,213.748106964283,370.831209819535,11545.098958645,550.051047236839,11997.9314496762,1177.88876110646,1.5044673471049,3.64766061999071,0.584035157080982,1.01324155312249,31.5452790651118,32.782577017299,0.00333134195448864,0.00298122581586384,2.61113475354821e-06,0.000994324976399686,0.00660372256644573,2.42789710542203e-05,2.22273058258201e-05,1.05405732778654e-10,8.62036690894867e-06,4.37299641067557e-05,-790.140072865533,0.102121969112176,0.0817959068049149,1,0.518293880456244
"quadratic",400,"pg_apf",75,365.953,607.208877683248,1558.61943604113,341.800768430774,317.269474819146,11833.5659580594,606.606249383578,11556.8162363006,1295.96429123226,1.6592537229733,4.25906997904412,0.934001821082963,0.866967820510136,32.3362999020624,31.5800560080136,0.00288408362209448,0.00265398793293514,1.47240090781162e-06,0.000972988749614117,0.00529950384771036,2.22587230892287e-05,2.06291717954315e-05,7.8588172563959e-11,8.63797760443882e-06,3.98607145764606e-05,-788.480752357645,0.0720123312966432,0.0555692884802556,1,0.501721195405239
"quadratic",400,"pg_apf",76,366.192,566.341721413736,1346.27027002342,292.400192475145,338.984827895844,11285.4906652904,570.717773461199,11439.6212622415,1233.28997275919,1.54657043685754,3.67640546495668,0.798488750369056,0.925702439965494,30.8185068633133,31.2394079123561,0.00319670475299082,0.00288392889870314,2.16480986177415e-06,0.00099678544768777,0.00614595599971313,2.64905335123848e-05,2.4272023945961e-05,1.23503398819911e-10,9.35532673474857e-06,4.84746074181739e-05,-761.322721029852,0.106828358226642,0.0914880049716883,1,0.527157484018406
"quadratic",400,"pg_apf",77,365.892,658.077253939187,1683.62942998296,238.601456384966,375.552753727575,11712.5810648886,657.132270614,11969.5349294004,1532.92565913735,1.79855600543108,4.60143821122889,0.652108973098528,1.02640329312359,32.0110334877194,32.7133004531401,0.00328308269281054,0.00287707602545472,2.40811731418145e-06,0.00108196786653829,0.00637037430154257,2.31715043925442e-05,2.13431495872351e-05,8.31639457678867e-11,8.90318591340602e-06,4.17642177357571e-05,-778.710970996909,0.110165677946338,0.0928966674615241,0.98,0.522239875676626
"quadratic",400,"pg_apf",78,367.373,494.188265171206,1289.81964879612,302.269549696996,281.971929728071,11389.0283031425,492.448471592354,11786.2403996295,1103.23938098663,1.34519484330968,3.51092662987243,0.822786513154195,0.767535800747663,31.0012665686986,32.0824894579338,0.00305052856422692,0.0027480972080163,2.03964299609042e-06,0.000991612114710034,0.00586548586207452,2.32706606285368e-05,2.09537390449093e-05,1.0719721705635e-10,8.79407698034443e-06,4.38442703627313e-05,-773.90598271781,0.109824015049749,0.0827090742242662,0.9575,0.522121913291829
"quadratic",400,"pg_apf",79,365.972,386.310462491811,883.296548984992,327.756707653413,366.145996986601,11362.6836243842,385.991215621531,11784.8721193252,789.590746128021,1.05557382119892,2.41356319331805,0.895578644413816,1.00047543797504,31.0479589268692,32.20156765907,0.00297754581169898,0.00266871359612147,1.80229147585343e-06,0.00100565336083207,0.0055735994592985,2.31360436469024e-05,2.09629864888003e-05,9.73008938483997e-11,8.42366072963614e-06,4.27207568192846e-05,-791.070533102167,0.133099682205859,0.104815642824921,0.98,0.521257634605934
"quadratic",400,"pg_apf",7,366.928,378.068828597926,904.089974603142,304.532332939963,253.066608645024,11345.8203932416,378.69317597365,11288.3505684952,790.662517702137,1.03036243785682,2.46394381078343,0.829951197346518,0.689690098997689,30.9211082098984,30.7644839546046,0.00282922091381068,0.00252578597920358,1.80537721662627e-06,0.000970563295187087,0.0053880196660881,2.35016051946576e-05,2.13913337084611e-05,1.02296414727372e-10,8.37043438816291e-06,4.31415412410923e-05,-782.696462142528,0.121906465611604,0.092943749002987,0.975,0.514473697432989
"quadratic",400,"pg_apf",80,365.989,356.085973147772,854.80897684771,341.295016844457,359.895007564424,11484.7844196161,360.649318319031,11564.678680579,754.223033327337,0.972941736357573,2.335613848634,0.932528072823108,0.983349247011314,31.38013552215,31.5984324134851,0.0027593179051483,0.00251523515172921,1.41662119388805e-06,0.000919700291408948,0.0050688580777987,2.34485737453724e-05,2.13840460623795e-05,1.06256637628863e-10,8.94223001285687e-06,4.23560246405283e-05,-787.835275890019,0.114925753398512,0.08899775104856,0.98,0.505255374526848
"quadratic",400,"pg_apf",81,365.792,527.963753624688,1297.81151379629,266.248923995643,391.785726089184,11429.0531544391,525.730872838056,11643.5983069613,1145.90906617459,1.44334417817964,3.54794941878523,0.727869729233124,1.07106149420759,31.2446777251528,31.8311999905993,0.00321264472913147,0.00293366173865874,2.17112420383579e-06,0.000946031301647518,0.00606991765631069,2.42833387217945e-05,2.2262882424709e-05,9.80963973226007e-11,9.10485337044164e-06,4.36849329331903e-05,-773.693720664212,0.155040713055306,0.116863433056267,0.9025,0.527370480551388
"quadratic",400,"pg_apf",82,366.365,565.976356875763,1444.3685228877,290.900819708833,227.073831603211,11387.7886704455,567.959229121177,11376.7993328565,1346.64767720874,1.54484286674699,3.94243042563482,0.794019133129073,0.619802196179251,31.0831784434797,31.0531828445853,0.00324990682495653,0.00296672302757329,2.1294518911985e-06,0.00104500939124099,0.00617200504675882,2.42732276122573e-05,2.19528396355363e-05,1.15529234006064e-10,8.32498468215561e-06,4.50059069423706e-05,-784.984197983503,0.102304531164711,0.0821106859457118,0.985,0.528028801057601
"quadratic",400,"pg_apf",83,366.511,675.935603039607,1663.01783839157,295.925027400867,292.072265093514,11578.4443168021,679.844882061592,11471.1325286111,1522.67130381682,1.84424370084283,4.53742954070021,0.807411039234476,0.796899042848684,31.5909872194889,31.2981944023812,0.00329137094471539,0.00297266778072357,2.27420000809437e-06,0.00112718883480798,0.00630585130990431,2.44974166039666e-05,2.19945495220082e-05,1.42155352290276e-10,8.68287536878073e-06,4.61814422099188e-05,-779.130725078695,0.118758871170983,0.0979548962989816,1,0.520195621576798
"quadratic",400,"pg_apf",84,366.447,439.435332467242,1062.23722920951,289.765893591688,309.99283555229,11599.1977459992,440.583120853853,11372.575645691,955.932527610255,1.19917841452445,2.89874723823502,0.790744346635906,0.845941802094954,31.6531387785932,31.0347080087733,0.00300900435766683,0.00269489139274566,1.70648027263343e-06,0.00106381565349011,0.00561593711402644,2.49761482177175e-05,2.2971299569873e-05,1.12179535420718e-10,9.3137642181339e-06,4.44462295345217e-05,-772.411455102145,0.114645634388474,0.0935294426800358,1,0.517818361629737
"quadratic",400,"pg_apf",85,366.932,528.191158711788,1279.10829747536,295.442384448108,366.835553150398,11495.376884364,530.755032864236,11576.7621757796,1120.11644092961,1.43947968209856,3.48595461141399,0.805169307795744,0.999737153342848,31.3283575277273,31.5501569113068,0.0027713840107548,0.00252047894054346,1.38876542017179e-06,0.00101541071657096,0.00514418425799015,2.39502483814832e-05,2.17727289567002e-05,1.07596050947175e-10,9.30472855011567e-06,4.42344059313598e-05,-788.283058499264,0.110346031735043,0.0868068817093205,1,0.507015705703211
"quadratic",400,"pg_apf",86,366.413,349.810741002503,916.056565264314,395.573536225981,337.875105553714,11997.0983771346,349.174401176918,12070.6079319125,775.216653010111,0.954689765380876,2.50006567797626,1.07958379267652,0.922115496867507,32.7420107286986,32.9426301247841,0.00276701902686906,0.00253704382868174,1.33306185973631e-06,0.00104219631852337,0.00503751736311477,2.15352642294532e-05,1.98091473165032e-05,7.27388784606035e-11,8.69958053763413e-06,3.92366937258027e-05,-783.503207680778,0.10564869204006,0.0811901813244408,0.9775,0.505316605823799
"quadratic",400,"pg_apf",87,368.947,461.706607888374,1192.0451836155,261.249531362723,301.084432770744,11524.0040601144,461.384400198743,12629.6732310556,1061.91979639055,1.25141716259618,3.23093881672843,0.708095014630077,0.81606418474942,31.234849612856,34.2316734681555,0.0031520467761284,0.00278698258436635,2.16425590350709e-06,0.000976701394925593,0.00614331565094347,2.34028953478946e-05,2.1427539537742e-05,9.72905523044351e-11,9.11640211043358e-06,4.3502729194278e-05,-798.875976069085,0.0985283057023901,0.0831679321460681,1,0.510049257400683
"quadratic",400,"pg_apf",88,366.596,498.652267415384,1191.09447689509,328.525561905684,323.716374642948,11977.7406831704,499.6706318911,11532.8629033374,1074.4448274696,1.36022288136091,3.24906566600587,0.896151518035341,0.883033024481848,32.6728624512279,31.4593255336594,0.00307510632544348,0.00276762073051194,1.7469830300632e-06,0.00108138216932695,0.0057495136884285,2.32163212509747e-05,2.13016117587388e-05,9.88298748040889e-11,8.18205404697768e-06,4.19522736794784e-05,-810.446276238316,0.111721072988487,0.0873200593241404,0.98,0.511692505745678
"quadratic",400,"pg_apf",89,366.709,476.168617156344,1386.23259683091,376.057828355857,363.369295421369,12068.3558481044,474.57839220647,12377.4751019827,1198.30800790445,1.298491766377,3.78019791396152,1.02549386122472,0.990892766257083,32.9098981702231,33.7528533577925,0.00282391971260981,0.00259290777167948,1.34897611120393e-06,0.0010090285791677,0.00517374755710573,2.11282558156038e-05,1.9299909049691e-05,7.98876927077381e-11,8.09843573651464e-06,3.70413525443502e-05,-798.41315510864,0.103204453436234,0.0845648466449132,0.985,0.504738865008062
"quadratic",400,"pg_apf",8,367.722,611.914226155198,1611.52438371455,148.249459713441,317.154241488352,11377.8787572168,618.185545008669,11742.6608677609,1416.67453434458,1.66406749162465,4.38245300448313,0.403156351029964,0.862483728165169,30.941523099561,31.9335282299152,0.00325442068221028,0.00287216056857403,2.60409022726768e-06,0.00100280817730136,0.00656436566274399,2.52495402258462e-05,2.28637553558927e-05,1.23815861922094e-10,9.58562964292421e-06,4.7412632660051e-05,-777.927199174402,0.119010668416042,0.0946209981846002,0.9775,0.522206933988297
"quadratic",400,"pg_apf",90,366.63,648.200523848108,1835.1624712071,191.815556126203,310.051218702541,11612.5447881851,649.513991970871,13143.7324594467,1663.14051202485,1.76799641013585,5.00548910674821,0.523185653454989,0.845678800705181,31.6737440694571,35.8501280840266,0.00395303628916334,0.00348071612606153,4.03174071638433e-06,0.0011647254462799,0.0077314505877842,2.33151950371159e-05,2.09132057851209e-05,1.14921051047665e-10,7.79246585909718e-06,4.30043706722404e-05,-817.568379051125,0.104654161636188,0.0877266961139432,1,0.539215249443854
"quadratic",400,"pg_apf",91,368.266,385.738225269177,988.872531006938,268.587443725767,348.41831971847,11536.7153607196,387.204569309589,12203.9226864686,850.35122493703,1.0474445788348,2.68521267509609,0.729330005283592,0.946105042872461,31.327125938098,33.1388797403741,0.00308307918293256,0.00274383230100436,2.10329501026578e-06,0.000966295705218142,0.00602346636869547,2.19877462569421e-05,2.02358317628219e-05,7.69150998412484e-11,8.67781356917847e-06,3.99909524471828e-05,-798.810454082882,0.152201972373893,0.11841306539461,0.935,0.520912067442078
"quadratic",400,"pg_apf",92,367.2,484.432830841724,1182.94691867652,315.774690701411,249.703953461708,11743.5771009999,486.013186165674,11846.3639938717,1045.98129788823,1.31926152190012,3.22153300293171,0.859952861387284,0.680021659754107,31.9814191203701,32.2613398525919,0.00307314471313391,0.00282231828226731,1.67701798159275e-06,0.00106996110273916,0.00560047726410529,2.38099973438311e-05,2.12946352797826e-05,1.20832867778585e-10,8.33163285636861e-06,4.50475265089629e-05,-781.187323418739,0.104228976105129,0.0866940371393316,0.9825,0.514120683688959
"quadratic",400,"pg_apf",93,373.767,534.376162167864,1512.16918952142,272.311880065577,350.536953672983,11542.9142604531,533.147342416358,12568.0831856905,1327.48544479128,1.4297039657537,4.04575360992655,0.728560520499609,0.937848856835898,30.8826468373428,33.6254489713926,0.0032408385811456,0.00290621387403959,2.32957845305215e-06,0.00109389959679634,0.00634219030313744,2.28131716124358e-05,2.06010887489858e-05,9.52545687623957e-11,9.14670014306349e-06,4.32094766791627e-05,-805.536146913231,0.0867340232032343,0.0702921616744249,1,0.517686521164853
"quadratic",400,"pg_apf",94,366.276,554.783705906798,1420.78338409312,257.571650081111,431.405569074099,11704.2617055108,555.578610074784,12011.7213436596,1238.28563116067,1.51466027232687,3.87899666943267,0.703217382741733,1.1778155518628,31.9547600866854,32.7941807370933,0.00304457709010781,0.00274267787993945,2.01709573361367e-06,0.00104977087333668,0.00595354573725822,2.30590661778131e-05,2.14369279010355e-05,8.14617219536836e-11,8.92029111976685e-06,4.07943414485672e-05,-795.497029665185,0.0839878378000048,0.0636817900286814,1,0.511875210803352
"quadratic",400,"pg_apf",95,365.839,464.818786830983,1114.8864185275,285.275554951805,290.592241794855,11343.3666763007,460.63003411255,10960.0651138371,991.302565501379,1.27055559093203,3.04747831293959,0.779784426897639,0.794317286551884,31.0064445734346,29.9587116568685,0.00348481665487778,0.00314200811775822,2.63142137076899e-06,0.000951981082740208,0.00668854703902189,2.68375927305676e-05,2.43852744329843e-05,1.39086052153827e-10,9.73682532703252e-06,5.0298845140899e-05,-772.974568226534,0.145516904020963,0.108895283224595,0.9025,0.53241801965566
"quadratic",400,"pg_apf",96,365.989,483.776669853035,1196.28371982614,324.445565638276,293.658021002728,11209.9376835701,488.533582648311,11373.7842252251,1048.39825609376,1.3218339071749,3.2686329912269,0.886489937233841,0.802368434577893,30.6291655857694,31.0768471872792,0.00271162323339105,0.00249582902390968,1.34341708709345e-06,0.000926242250867606,0.00490035579516261,2.31807014851928e-05,2.11307495686197e-05,1.0298818479074e-10,8.85848783061252e-06,4.26971833771606e-05,-762.48217678306,0.119700045376566,0.0946423885474622,1,0.513883848026006
"quadratic",400,"pg_apf",97,368.892,516.007197936515,1383.28077485513,250.564248425753,314.555460715182,11637.1079910057,516.325231014815,11853.1189488983,1227.46577593021,1.39880289606854,3.74982589715994,0.679234703993996,0.852703394801682,31.5461110325128,32.1316779678017,0.00289546979177206,0.00260040344104967,1.84380582342715e-06,0.00101631205767498,0.00545218959945029,2.20972820050731e-05,1.97679018566391e-05,1.05988059971041e-10,7.93397994118193e-06,4.16475910671629e-05,-781.189900182104,0.107751742517007,0.0926683681344793,0.9775,0.512082181175135
"quadratic",400,"pg_apf",98,373.638,590.305867714523,1574.6867490402,281.429328034255,371.141126196089,11705.7859085289,592.581193635113,12010.6990980493,1380.99675637991,1.57988713063051,4.21447162504937,0.753213880906799,0.993317398648128,31.3292168048455,32.1452825945146,0.0030025594859927,0.00271779320867939,1.70701375400458e-06,0.00108910813751964,0.00572231221672501,2.31356216572488e-05,2.13789338826113e-05,8.64289005839729e-11,8.42884353570104e-06,4.13860248204355e-05,-775.90924233976,0.0803246855431806,0.0622590383692592,1,0.516819724020925
"quadratic",400,"pg_apf",99,369.342,541.154469299692,1311.42989948897,343.498170632792,326.164945351767,11769.1159412407,542.272853262016,11843.1567286934,1207.85110061303,1.46518530061485,3.55071965681934,0.930027374717179,0.88309736058116,31.8650896492699,32.0655563913483,0.00276215219413053,0.00251547860286461,1.43623551300607e-06,0.000969974833832074,0.00512705995971273,2.3114946737173e-05,2.10563699656971e-05,9.4868633877099e-11,8.63737239228992e-06,4.14976109890673e-05,-785.223114334046,0.0855371194038232,0.0716057338203813,1,0.506445875577327
"quadratic",400,"pg_apf",9,366.428,505.451920135623,1295.31845891658,298.793320608985,322.814898621915,11743.2322442644,508.521176245819,11563.3029167103,1174.72370988057,1.37940310275313,3.53498766174141,0.815421639746376,0.88097770536617,32.0478572714542,31.5568213038041,0.00285928075410774,0.00264860761228972,1.41632677403947e-06,0.00104720319721483,0.00525204923358468,2.37078851895034e-05,2.16948381783231e-05,9.72930477296048e-11,8.79625848564179e-06,4.32068806940474e-05,-782.493385921458,0.113229673290712,0.0889487308619104,0.9875,0.512613842387541
"quadratic",800,"pg_apf",100,733.966,427.524797284619,1018.08769814001,220.782113488801,277.074137010348,11695.1900976225,428.003503964844,13005.9683610315,901.423147247772,0.582485833519017,1.3871047134881,0.300807003987652,0.377502686787055,15.9342395936904,17.7201237673564,0.00189391250255824,0.00179058305163044,4.1632167160935e-07,0.000805556756678475,0.00314254256191972,1.23859075416783e-05,1.15845341101987e-05,1.56450231240018e-11,6.15037117529407e-06,2.01289414741742e-05,-1571.06476264074,0.0959774182978876,0.0769195771115645,0.99125,0.458604528146826
"quadratic",800,"pg_apf",101,733.739,434.949176822276,1269.9679134647,230.835707523973,334.470831690039,12006.8103082256,431.671896142226,13240.2154450356,1087.84763747995,0.592784596187849,1.73081697097292,0.314601932736263,0.455844423821058,16.3638709516948,18.0448571563398,0.0021655061600865,0.0020564507894631,5.7449534225502e-07,0.000855579586294871,0.00364685358443979,1.26598487594313e-05,1.20312295064742e-05,1.49335599077198e-11,6.1793125422113e-06,2.03793154017031e-05,-1571.2730796694,0.0899951896617256,0.0723853902945752,1,0.469878297001506
"quadratic",800,"pg_apf",102,731.745,387.57055380934,1002.49524277096,210.441489624232,277.611365089154,11933.0856303823,387.464726582368,13162.7499880883,868.742319436596,0.529652479770056,1.37000627646374,0.287588558342362,0.379382660748149,16.3077105144309,17.9881652598765,0.00192370906469305,0.00179569852006771,4.73111776896206e-07,0.000830427898691744,0.00325473461204132,1.2096455319295e-05,1.16001002880881e-05,1.21492139890858e-11,6.03138787572453e-06,1.90699774085377e-05,-1587.4333424366,0.0781056236340514,0.0629249921326182,1,0.459282769359787
"quadratic",800,"pg_apf",103,731.057,401.498570208013,996.138089667153,175.698647320109,276.695314889188,12031.7927457626,400.860097662312,13031.2107314252,858.483388346952,0.549202825782412,1.36259975578806,0.240335086484513,0.378486650000188,16.4580774765341,17.8251637443116,0.00218035808050858,0.00203664251679099,5.84419382946411e-07,0.0009853740202114,0.00374396270775651,1.33725921889065e-05,1.25854343891745e-05,1.76148051517621e-11,6.68628049193181e-06,2.21354516198242e-05,-1565.16748177763,0.110680999596669,0.0885074477597478,0.98,0.474933095738107
"quadratic",800,"pg_apf",104,735.068,269.842911611951,766.70886264203,266.896305377293,340.160277138144,11998.0618459801,269.901185487268,12995.6724084458,627.493772094529,0.36709925015366,1.04304481033323,0.363090632944562,0.462760284950704,16.3223835699284,17.6795512910993,0.00184839341352484,0.00174035853936323,3.74626438427471e-07,0.000860909053230033,0.00311296795754923,1.18952808618427e-05,1.13203855782608e-05,1.28262545709922e-11,5.87667130601166e-06,1.90744496388652e-05,-1581.42759451244,0.0885114652792507,0.0729530578479059,1,0.4545688514691
"quadratic",800,"pg_apf",105,737.865,514.266898558178,1442.7906856882,188.681195987279,203.421201837921,11942.7621198647,510.021998726265,13136.2452607759,1294.14671499565,0.696966109733052,1.95535861666864,0.255712353868634,0.275688915774459,16.1855652725969,17.8030469811902,0.00226614916267166,0.00211364414722789,7.72475465285992e-07,0.000861028627085418,0.00398731659761304,1.25847323907574e-05,1.17736656120736e-05,1.83896204015235e-11,5.88947372606809e-06,2.09976171278973e-05,-1590.65904224533,0.096198608740485,0.0765992445939318,1,0.472691668039428
"quadratic",800,"pg_apf",106,732.736,393.838645614432,925.408651894919,240.415213876611,298.263404622045,11875.6421846223,394.654900782384,13131.8204500126,819.898013450521,0.537490509016115,1.26294961881895,0.328106185415499,0.407054388786745,16.207259073694,17.9216258652674,0.00210450431815933,0.00197671136311183,5.68861762594118e-07,0.000891283785434599,0.00361172925551776,1.23462585143657e-05,1.18088847251007e-05,1.43733245795454e-11,5.84369847585818e-06,1.9810452176042e-05,-1585.88669898791,0.0814486271040866,0.0663600689755372,1,0.466401274000786
"quadratic",800,"pg_apf",107,730.013,444.064961086921,1190.66689404278,185.213392989762,290.044339012537,11619.5103539687,444.269406374582,12837.1877124297,1084.68181175631,0.608297333180259,1.63102149419638,0.253712458531235,0.397313936892271,15.916854020365,17.584875491847,0.00193648194818752,0.00181262916025952,5.05463570235927e-07,0.00083162383500963,0.00333957969159479,1.21984958538239e-05,1.14967365154047e-05,1.51118744581809e-11,5.94326813356668e-06,1.97571732188909e-05,-1553.06749701582,0.105533632368349,0.0844467112273582,0.995,0.464642839165584
"quadratic",800,"pg_apf",108,746.245,418.206243141543,1107.43959596917,191.12207604121,338.40351412534,12076.7809137978,421.128953278548,13251.3888800978,987.075897835387,0.560414130937619,1.48401610190912,0.256111700636132,0.453475084088121,16.1833994382512,17.7574240096722,0.00217056243654805,0.00203535784774769,6.16558828390651e-07,0.000875434657291836,0.00368042433030971,1.2838686245714e-05,1.21694772909889e-05,1.6731781355885e-11,6.26015008267009e-06,2.073775269866e-05,-1599.91572512801,0.0917732276664099,0.0710919391794141,0.99875,0.467663702836841
"quadratic",800,"pg_apf",109,735.718,480.009737362579,1276.28689998621,244.389941143347,262.333334298962,11976.4153497081,482.368416812323,13401.6880805123,1127.761689331,0.652437125858792,1.73475013522329,0.332178825505625,0.356567780452513,16.2785406225049,18.2157947481403,0.00206302762730277,0.00193414280833265,5.10335173174331e-07,0.000900047525565003,0.00351231242029836,1.21040101586115e-05,1.14053894891242e-05,1.56152908053942e-11,5.81130027574976e-06,1.99485311329359e-05,-1577.45299063462,0.0805193872482232,0.0680713535410361,1,0.463476609710871
"quadratic",800,"pg_apf",10,738.099,488.103256843234,1387.82599822822,228.158853326353,254.067434128696,12257.6777728253,490.37631799537,13476.4804012554,1180.59416277603,0.66129781620519,1.8802708013806,0.309116870943265,0.344218640221293,16.6070916947799,18.2583642590701,0.00215572710254266,0.00201158842201161,6.0213716443494e-07,0.000938968756717809,0.00369343216510899,1.25989863952411e-05,1.19186323127277e-05,1.74298288143365e-11,5.71351035195036e-06,2.04315800828098e-05,-1589.98433778668,0.0904888571649686,0.0679662436320462,0.98375,0.464490605828498
"quadratic",800,"pg_apf",110,732.965,418.350175285536,1137.90342540938,222.053459369996,252.365422216913,12071.5026075174,418.142003887154,13217.4586118127,1040.37867310425,0.570764191039866,1.55246625065232,0.302952336564496,0.344307602978195,16.4694120558518,18.0328646140166,0.0021730188796383,0.00204156784910559,6.19113152650521e-07,0.000889350330203604,0.00364444760907208,1.25260997268439e-05,1.19562946511692e-05,1.55546792996716e-11,5.95627715213749e-06,2.00839394682902e-05,-1555.6907563108,0.0946372738633262,0.0744519061480868,0.9925,0.472569947304118
"quadratic",800,"pg_apf",111,735.827,342.896363301862,811.303741061152,251.327738097951,228.208097914178,11881.2511069893,344.364848807536,13327.7662013528,734.33232217998,0.466001333604043,1.10257403039186,0.341558189761929,0.310138249770908,16.1467995969016,18.1126354446804,0.00201988539181864,0.00189680881841197,5.2127578209078e-07,0.000880525124263822,0.0034586768857134,1.20360203149051e-05,1.12879779705118e-05,1.57780721028827e-11,5.76386223720601e-06,2.00486803323333e-05,-1547.41780100371,0.0879589551598809,0.0633527091606757,0.9975,0.466100113021924
"quadratic",800,"pg_apf",112,731.47,424.088117030327,1200.81710527215,193.434446051345,262.176975790157,12083.9305909126,426.027534310755,13188.1815920744,1016.98502927989,0.579775133676469,1.64164915208027,0.264446178314004,0.358424782684399,16.5200631480615,18.0296958071751,0.0020610589918679,0.00194199514840659,5.05958450438762e-07,0.000923864684288925,0.00347396212528953,1.2470320401657e-05,1.18547090803054e-05,1.41654130062806e-11,6.22399876014738e-06,2.01342173340468e-05,-1592.23636517834,0.0891187686849308,0.0700681515101021,1,0.463983352321992
"quadratic",800,"pg_apf",113,735.499,512.321436376199,1390.44959370782,192.111245779589,265.835229469084,12029.3109044588,516.493282895995,13866.8587531026,1249.58408607606,0.696563063139717,1.89048468279062,0.261198513906326,0.361435201773332,16.355305587715,18.8536745163523,0.0028024387285992,0.00257604171791075,1.33294114561278e-06,0.00102919919457034,0.00506587433243038,1.34128418436283e-05,1.26869895773491e-05,1.88435012895958e-11,6.48136673531243e-06,2.26935897641861e-05,-1552.08940320728,0.0929532398591936,0.0752917695359483,1,0.49506034679382
"quadratic",800,"pg_apf",114,731.289,443.966446617015,1238.04356604862,177.878230915921,264.322357819134,11999.4081491637,447.631753319364,13016.8959019293,1076.79073986335,0.607101223479384,1.69296073925441,0.243239308831284,0.361447195047558,16.4085719177558,17.7999339548787,0.00200821556334214,0.00189431846258069,4.95970594836874e-07,0.000874136997961855,0.00341593763039427,1.24621606658054e-05,1.17659857372275e-05,1.69725149135312e-11,5.74027981888696e-06,2.03175736991948e-05,-1591.15611602241,0.0945562299334803,0.0702770256816414,0.965,0.459721469744689
"quadratic",800,"pg_apf",115,736.095,511.511266831205,1344.04465640608,276.617276992235,218.959351748917,12043.2505260926,515.138921663026,13296.2478000266,1191.08473627945,0.694898439510125,1.82591194941697,0.375790186038806,0.297460724157775,16.361000313944,18.0632225460391,0.00206917653861464,0.00196194498529038,4.77761208362152e-07,0.000938210437573265,0.00346385911005937,1.23734026195147e-05,1.16864875498003e-05,1.55185941321194e-11,6.23210775501937e-06,2.04126914349109e-05,-1568.52022225885,0.085696492144623,0.0686093290871428,0.99125,0.468577572455169
"quadratic",800,"pg_apf",116,733.038,371.216839242684,910.499959171442,203.874541767438,230.746799817256,11738.5699021981,372.759782664522,13070.9736393019,804.392529470695,0.50640872539034,1.24209107736767,0.278122746388916,0.314781498117773,16.0135898851057,17.8312360877634,0.00207462021044411,0.00193985884675283,5.68257847208792e-07,0.000839299824548279,0.003537025398554,1.27097000638584e-05,1.18311714319455e-05,1.92662185806948e-11,5.95813107881787e-06,2.14667646453805e-05,-1598.58640495553,0.0826590467006978,0.0611450947213039,1,0.466544791337007
"quadratic",800,"pg_apf",117,730.81,341.874508458612,883.124604271914,237.504241828287,251.613916145407,12084.2003716988,343.403747773748,13340.5226246419,772.704876307753,0.467802176295634,1.20841888352912,0.324987673715859,0.34429457197549,16.5353516942828,18.2544336074245,0.00196119827728164,0.00182789166319254,5.2029929095506e-07,0.000822848745157446,0.00336021286200318,1.172812397718e-05,1.10650024732866e-05,1.39763359041893e-11,5.77772150335054e-06,1.92752481604976e-05,-1575.04520790195,0.0759810880785819,0.0604262883375427,1,0.463504477917562
"quadratic",800,"pg_apf",118,748.298,369.876105874347,1015.55427272609,164.540494534697,272.006424104586,11827.3215828777,371.982324902725,12871.6676579681,909.190039377125,0.494289849597817,1.35715219434783,0.219886321404971,0.363500135112731,15.805630354321,17.2012589342323,0.00201228194519392,0.00187838552397458,5.22803105350936e-07,0.000879127309209116,0.00348234372138364,1.27708782906426e-05,1.18803134006619e-05,1.98797616863523e-11,5.92739290100614e-06,2.16515172166456e-05,-1604.23859258335,0.105564121735578,0.0809951109351408,0.9825,0.462890403085116
"quadratic",800,"pg_apf",119,751.276,372.292315167152,993.036322267915,255.051346939167,298.081787919294,11938.618485358,373.401895074313,13008.03053907,854.987960938942,0.49554666349937,1.32179960795755,0.339490875442803,0.396767350373624,15.8911218851102,17.3145828418185,0.00185644687563295,0.00175454540313524,3.75468639905205e-07,0.000840705889796347,0.00308746163802096,1.1912331809819e-05,1.12764375932039e-05,1.36346025722126e-11,5.87773223605339e-06,1.94236584648592e-05,-1555.86811927172,0.0929868157059348,0.0765889951845494,1,0.457953751615827
"quadratic",800,"pg_apf",11,732.611,481.325538037565,1331.66994688634,171.815885851252,331.76329849621,11960.8821599798,481.250927694211,13476.0700754325,1169.40800783576,0.657000151564151,1.81770400237827,0.234525397313516,0.452850555746787,16.3263753342221,18.3945778529567,0.00209552798604933,0.00195275710233,5.9814919156869e-07,0.000902676330384688,0.00365129138226028,1.21358403417926e-05,1.13911860530431e-05,1.49826615850081e-11,6.018256716091e-06,1.99046538673038e-05,-1610.13449474718,0.0688357282456531,0.058009313820583,1,0.463904903901758
"quadratic",800,"pg_apf",120,730.187,317.612474525411,855.581578746204,210.362370783569,260.18826941904,11572.5675452791,317.938069309974,12366.579886431,730.578553208771,0.434974156654955,1.17172940458568,0.288093831831529,0.356331007562501,15.8487723628045,16.9361819457632,0.00194962964240128,0.00183017796561988,4.80030592126033e-07,0.000893916562347035,0.00337240315563661,1.2735723965257e-05,1.18697733021536e-05,1.65088714260681e-11,6.38971861769611e-06,2.11145431520721e-05,-1557.1440096736,0.126627603372543,0.0964883596747051,0.94875,0.466210163231588
"quadratic",800,"pg_apf",121,733.388,451.240232321996,1244.49350451535,212.584002536619,186.135610952865,12080.8477013764,447.246172156544,13801.2746535401,1136.37029156735,0.615281723074274,1.69691010013165,0.289865668018319,0.253802367850121,16.4726552675751,18.8185171471855,0.0022996576963788,0.00215299721082368,7.5626480116579e-07,0.00089704747866565,0.00397609465792567,1.26281424104395e-05,1.18610572288396e-05,1.76341775979688e-11,5.99712420821287e-06,2.13631126859859e-05,-1614.32593042674,0.0879171708820603,0.0715036513110401,0.9975,0.470439532350037
"quadratic",800,"pg_apf",122,734.77,440.190586816789,1159.66045257817,153.976575678235,227.818475234128,12011.1332815562,438.630667339214,13192.5300184167,995.621791922664,0.599086226733249,1.57826320151635,0.209557515519461,0.310054132904349,16.3467932571501,17.9546388916487,0.00229760378294249,0.00217517607704326,6.63768089891266e-07,0.000909140051989726,0.00387347716928621,1.30047097342915e-05,1.21399106746292e-05,2.08636555454101e-11,5.82386659074037e-06,2.22548930482619e-05,-1559.94318145675,0.0836480800592036,0.0687205273264575,1,0.475389387512105
"quadratic",800,"pg_apf",123,731.291,392.756571675317,928.632736594205,281.400983993439,317.751887403136,11726.2116234783,396.651392866058,12797.9111908035,840.977284912079,0.537072891195594,1.26985391122577,0.38480028332557,0.434508133428602,16.034945901807,17.5004357920493,0.00188957090583436,0.00177483496095082,4.37264684247895e-07,0.000810250483280771,0.0032094463266275,1.22209580216615e-05,1.15745644226306e-05,1.41375365421485e-11,5.80337625818634e-06,1.99404678851487e-05,-1551.37090505873,0.109229132766118,0.0866660655678052,0.97875,0.466732599880931
"quadratic",800,"pg_apf",124,732.108,460.830467852357,1184.6586002774,239.705570431716,322.751614748379,11918.9041799642,455.49784364605,13218.6996958107,1062.38006779053,0.629456948773073,1.61814732290509,0.327418318652052,0.440852462680887,16.2802539788722,18.0556689666152,0.00199162692263075,0.00186596980814527,5.00358093788391e-07,0.000821151170528907,0.00338754128659185,1.18786660425595e-05,1.12180748459778e-05,1.32483422719320e-11,6.06579629338306e-06,1.90565392281598e-05,-1546.31793921247,0.105960576208061,0.0834643425613593,0.97375,0.464544527282257
"quadratic",800,"pg_apf",125,733.858,380.615071551678,972.886804025082,246.461310634194,219.672895526741,11824.3535969214,381.296887097559,12805.5937755228,791.863699574343,0.51864948198654,1.32571533460844,0.335843324776992,0.299339784436146,16.1125907149903,17.4496888710388,0.00194299294672772,0.0017984457463059,5.03467086374511e-07,0.000865014573118984,0.00334599240681736,1.29750138329611e-05,1.22246650506734e-05,1.79328239351636e-11,6.01943941929349e-06,2.14346665008323e-05,-1588.19053480074,0.110738955011885,0.0906132569354818,0.97375,0.464297697046081
"quadratic",800,"pg_apf",126,732.019,429.388083609411,1231.54834405475,206.471274700542,232.064405636953,11977.63688969,438.402459426752,13171.957088123,1039.6369084775,0.586580517185225,1.68239942413346,0.282057261765804,0.317019647901152,16.3624672169575,17.9940098387105,0.00218435065585782,0.0020663533189015,6.22944416179953e-07,0.000896757275963748,0.00379559850593654,1.2821554162415e-05,1.19870450527642e-05,1.79810279933472e-11,6.0216942086729e-06,2.18940067689032e-05,-1581.08204989833,0.097373498509554,0.0794043365928409,0.985,0.472283870699256
"quadratic",800,"pg_apf",127,731.174,378.937102978988,916.492075680579,254.128660934454,347.14877659747,11825.4296765099,378.707717346627,12881.4588372698,819.230781893956,0.518258448712602,1.25345277003911,0.347562496662154,0.474782714644489,16.1732086705898,17.6175012203248,0.00178109949747166,0.00168614452260878,3.57998956360083e-07,0.0008027176771797,0.00295953628345866,1.15054670114482e-05,1.09100991353541e-05,1.25057200666835e-11,6.08797501915087e-06,1.84452677359824e-05,-1533.21290404367,0.100444646481401,0.077869670199868,0.98875,0.457412720717767
"quadratic",800,"pg_apf",128,735.436,379.77511022614,916.56215084431,327.074478581292,264.033313149459,12080.8279718856,381.171020891702,12964.0479175892,828.291981830718,0.516394506423591,1.24628404217948,0.444735474713356,0.359016030150087,16.4267563348621,17.6277037262103,0.00205524731701016,0.00194587618580717,4.22701756941829e-07,0.000977427021919596,0.00338752276526709,1.30310651276135e-05,1.23819907214365e-05,1.68338440419257e-11,6.51438926959138e-06,2.14826776608783e-05,-1557.58920007701,0.0795655477920391,0.061526495613296,0.99375,0.466015089956347
"quadratic",800,"pg_apf",129,734.869,429.778042072086,1100.12079918945,213.846094772367,189.936388045839,12199.7288853808,432.669923521179,13694.6357689226,1028.2834446581,0.584836266153676,1.4970298096524,0.290998932833427,0.258462920664553,16.6012294509372,18.6354789342354,0.00237058500337291,0.00221543525216721,7.12955558582249e-07,0.00104272454476485,0.00420853237371478,1.28399782364883e-05,1.21654139917657e-05,1.64662596489379e-11,5.97257617269021e-06,2.06207004797967e-05,-1588.57934761487,0.0823411757455065,0.067273522646336,1,0.477231540440864
"quadratic",800,"pg_apf",12,754.374,416.293639789951,1068.25790280797,204.8431987692,280.781978959631,11820.5117470268,419.994700986569,13299.8417505288,955.220069875805,0.551839856344401,1.41608526116749,0.271540640013044,0.372205270806829,15.6692989777309,17.6303024103811,0.00217458387849437,0.00202268582918464,6.48977608558348e-07,0.000912583974586815,0.00383691778256631,1.28437336609224e-05,1.21393026895681e-05,1.58383390675525e-11,6.41940494344487e-06,2.09269752618603e-05,-1543.50470328482,0.0959476247634269,0.0675602457404045,0.98125,0.476321020299449
"quadratic",800,"pg_apf",130,730.937,306.570182058009,696.899543253365,209.122462381775,244.116911277396,11657.9521950387,308.330190061281,12631.9201935068,625.778018330064,0.419420801051266,0.953433118385532,0.286101897128994,0.333978046367055,15.9493255848845,17.2818179863748,0.0017968853149251,0.00170613382058101,3.74673432149215e-07,0.000767655884322128,0.00301882331120499,1.24833342868859e-05,1.16285211337247e-05,1.77534343576203e-11,6.00401936713092e-06,2.0483330521149e-05,-1531.64521770621,0.0813124751428203,0.0635498074618102,1,0.459489825951009
"quadratic",800,"pg_apf",131,737.24,306.312260859323,813.472279215331,220.761660600796,240.760651061735,11864.4643601402,304.417443571547,13004.8313166645,761.610849502774,0.41548513490766,1.10340225600256,0.299443411373225,0.326570249934533,16.0930827954808,17.6398883900283,0.00191104622984228,0.00179008755397645,4.38511294759926e-07,0.000859484765987961,0.00324813787797689,1.21079427715149e-05,1.13447181504798e-05,1.49681977373689e-11,6.18166016750402e-06,2.00706154677731e-05,-1556.92661650368,0.0999713640762037,0.0775436473999382,1,0.467269599210185
"quadratic",800,"pg_apf",132,735.49,386.15157321524,1047.11966968821,251.624760423922,341.190170153021,11799.9720371925,386.316176250833,12874.9856018343,944.879356645738,0.525026272573713,1.42370347616992,0.34211853379913,0.463895049766851,16.0436879321167,17.5053170020453,0.00190793833660983,0.00181193527544725,4.11241810107122e-07,0.000823184912942078,0.00317349872558883,1.21623541055571e-05,1.14689361273356e-05,1.42888194660346e-11,6.08554479612038e-06,1.95200563034659e-05,-1599.7005478639,0.104736212827104,0.0850142163859016,0.975,0.461419329892695
"quadratic",800,"pg_apf",133,730.782,363.026247910915,919.383564705682,272.721661160833,290.401253823695,12194.730715455,362.532674144377,13562.4906466661,826.935949252756,0.496764080000485,1.2580818420619,0.373191541609992,0.397384245676132,16.6872346547329,18.558873435123,0.00205550552422584,0.00192685945770249,4.95555949719643e-07,0.00091839772175333,0.0035158028351196,1.20487415153585e-05,1.13551098187501e-05,1.36724250359241e-11,6.03441724288693e-06,1.91731488370222e-05,-1592.18774197085,0.0852720741390191,0.0713975090493832,1,0.460799964534061
"quadratic",800,"pg_apf",134,733.672,373.32136083706,1138.84960147286,243.696697283182,241.909552834518,12040.222698121,371.437569437574,13322.6575968932,916.125328016151,0.508839591584605,1.55225986745148,0.332160280456638,0.32972439023776,16.4109066423701,18.1588742611047,0.00201620579088704,0.00187430743336346,5.23357995446941e-07,0.000834980463585605,0.00348698989718907,1.19918825349546e-05,1.13405544441471e-05,1.41462787815495e-11,5.81544779698107e-06,1.92318869627333e-05,-1571.34842504649,0.0808792351943787,0.0626766823932343,1,0.463323035689974
"quadratic",800,"pg_apf",135,735.143,423.206029871976,1151.05721817011,188.350596383012,248.548681806066,12222.9849589682,420.6857293387,13461.4000220868,1022.62255155787,0.575678514074099,1.56575961162673,0.256209467250605,0.33809569268301,16.6266766587836,18.3112673617063,0.00205435808724047,0.00191613426806125,5.52193588810173e-07,0.000838427020978076,0.0034871908327201,1.16430933329517e-05,1.10105876266859e-05,1.31039050433648e-11,5.64921480604162e-06,1.8785511680554e-05,-1587.66557057724,0.0830791747527079,0.0662896355410696,1,0.464241123492183
"quadratic",800,"pg_apf",136,744.911,429.776908512018,1158.82184100035,214.790927979442,237.274692501178,12058.5051174238,430.220945334276,13260.3564383462,1034.2218114966,0.576950680701477,1.55565140130881,0.288344416956444,0.318527572422984,16.1878467594434,17.8012627526593,0.00201143532880528,0.0018777349940205,5.03321946085489e-07,0.000865363471196944,0.00344139108246712,1.22751414644941e-05,1.16362251859162e-05,1.42621118947508e-11,5.77071968109829e-06,1.96534922709453e-05,-1592.16404153121,0.0880286362497636,0.0706272516316424,0.9975,0.464143462879639
"quadratic",800,"pg_apf",137,754.365,346.03086952944,860.556736506816,234.560726192527,335.856611107134,11780.2038967153,345.341062928096,12954.1867176656,739.207057779178,0.458704830591875,1.14076970234146,0.310937975903611,0.445217648097584,15.6160530999123,17.1723061351807,0.00185614753092761,0.00176624738258947,3.91792656444049e-07,0.000851766328508941,0.00307365918031974,1.1858185489083e-05,1.12943019913811e-05,1.26035514538396e-11,5.91323143833885e-06,1.8922000394276e-05,-1559.55676046194,0.0689573520906698,0.056703285897055,1,0.460510219010231
"quadratic",800,"pg_apf",138,733.417,480.442053168539,1307.29418596621,148.033862546331,190.996287883568,12123.5424184921,481.082471902092,13639.0720690017,1189.41617983328,0.655073516387729,1.78247052627116,0.20184132975692,0.260419771949066,16.5302173504188,18.596612935072,0.00238370862695785,0.0022456918789268,7.44767692168482e-07,0.000998634513282254,0.00415590892468939,1.29637191467443e-05,1.22004094127776e-05,1.77641821044991e-11,6.1603630802833e-06,2.16342101665768e-05,-1588.34908912579,0.0905578985230395,0.0734955881910592,0.99875,0.478052682391623
"quadratic",800,"pg_apf",139,732.436,488.479286871578,1246.04085776558,244.326655919554,294.032326480135,11958.1317777619,490.232491837867,12888.2257980727,1161.95936815545,0.666924191153327,1.7012283090476,0.333580894330091,0.401444394431916,16.3265210581701,17.5963849374863,0.00198101611082746,0.00188254250768869,4.07453279636353e-07,0.000920589078366961,0.00328971452030662,1.26455889116153e-05,1.19362508655499e-05,1.64394976116454e-11,6.11874248651958e-06,2.04015605361204e-05,-1616.31247284502,0.127786237129974,0.104030470662115,0.96,0.459920522756535
"quadratic",800,"pg_apf",13,735.227,423.714696132924,1098.28336118074,223.724932068365,216.265473077787,11738.326713245,423.086247470441,12887.7785132031,992.307078064716,0.576304591823918,1.49380172542731,0.30429368354041,0.294147893205482,15.9655816683079,17.5289788231432,0.0020387962591029,0.00190640110907323,5.1993604089364e-07,0.000844925951884284,0.00346406085368386,1.27020117405062e-05,1.2031155826062e-05,1.6574820523726e-11,6.2484331625307e-06,2.07277214715154e-05,-1559.57926983477,0.0856015306188068,0.0688853845497067,1,0.465331629272278
"quadratic",800,"pg_apf",140,729.889,363.588663676077,1043.72143010274,228.278010047625,252.752827368727,11791.0695402024,362.452834177602,12751.6874154529,865.662370192548,0.498142407511384,1.42997281792538,0.312757159030517,0.346289404784463,16.1546064404347,17.4707214596368,0.00193238106135737,0.00181183864145683,4.80843390061663e-07,0.000791581397627623,0.00332644196072847,1.24899941734003e-05,1.19657023988666e-05,1.58704858827617e-11,5.57519074168778e-06,2.01672911290723e-05,-1574.89749850251,0.0893593798878892,0.0731239080707314,1,0.462785112900053
"quadratic",800,"pg_apf",141,733.292,441.344882679664,1177.7485781234,173.634911849106,331.855968854287,11891.665655387,440.827271577701,12969.4087868741,1055.11698816761,0.601867854387698,1.60611131462419,0.236788226039704,0.4525563743424,16.2168217509355,17.6865543151624,0.00194689473072484,0.00184567824919481,4.40278745518213e-07,0.000857918171573601,0.00321980830814759,1.22033436090579e-05,1.17579120896987e-05,1.27830942273506e-11,6.08756667872013e-06,1.92988041375737e-05,-1573.65198347017,0.113519121452614,0.0915685248793953,0.98,0.462285331351776
"quadratic",800,"pg_apf",142,729.406,321.102642179497,879.318221093071,189.829800272943,326.010357447211,11926.3794616229,319.183398871937,12840.6775561165,718.293485671892,0.440224843474687,1.20552644356239,0.260252589467242,0.446953215969174,16.3508107441163,17.6042938447401,0.00181417109919679,0.00170171255717838,3.7791191986309e-07,0.000852722964896129,0.00307116045577822,1.19544787079179e-05,1.12842967202819e-05,1.38344206840633e-11,5.9318159412792e-06,1.93768865526489e-05,-1586.97141616412,0.0921487225013606,0.0770516736582284,1,0.452533665727833
"quadratic",800,"pg_apf",143,731.244,275.939033833136,642.864771163021,219.718375496648,246.953593194673,11821.6169716064,275.62739954385,12565.3374373157,547.379491527333,0.377355621151265,0.879138524436469,0.30047203874035,0.337717086491886,16.1664464550908,17.1835084285351,0.00206217745953767,0.0019467232826408,5.53742626432803e-07,0.0008194306196589,0.00351111749580316,1.32487280539108e-05,1.26021176995446e-05,1.72357575320975e-11,6.3447607348628e-06,2.14928431676859e-05,-1569.08461372714,0.120056293942596,0.0998712203031993,0.97,0.471107462282551
"quadratic",800,"pg_apf",144,735.013,401.556743255766,1032.66944252736,208.377934979907,287.194540661232,12027.7643538957,401.998143786021,13195.793195475,900.694048529791,0.546326042200296,1.40496758904585,0.283502380202673,0.390733960707133,16.3640158118233,17.9531425913215,0.00183677982452407,0.00172381247496994,3.89680648746026e-07,0.000807729188568351,0.00305175710194728,1.14122092948659e-05,1.07825557837079e-05,1.24573222828213e-11,5.88598316767537e-06,1.85059204601118e-05,-1589.1746379083,0.0891703145109093,0.0719845625951443,0.98875,0.45144683843162
"quadratic",800,"pg_apf",145,730.473,448.763473972107,1180.31338217586,267.483313467195,286.637563724715,11896.0445879379,448.304531216794,13022.9179576165,1019.21487293351,0.61434642207461,1.61582068355142,0.366178234468891,0.39239994322133,16.285399443837,17.8280620332532,0.00191383532111682,0.00179319438038688,3.84088779523539e-07,0.000881850950329476,0.00316567397746934,1.20210599510776e-05,1.1425817873602e-05,1.36553657708043e-11,5.93976501019794e-06,1.91257943607727e-05,-1583.37696065801,0.102517956995118,0.0815160051162251,0.995,0.464509372398126
"quadratic",800,"pg_apf",146,730.416,351.829465665822,938.380004358557,206.006871126829,160.83577604442,11746.2537466167,354.030324306967,12939.3247061224,812.461431627425,0.481683678432321,1.28471994638474,0.282040468892835,0.220197498472679,16.081594251244,17.7150072097578,0.00200174539831645,0.00188321487924374,4.70713062181439e-07,0.000876349213838914,0.00336565047120998,1.24706711710704e-05,1.1838593551493e-05,1.46177334778839e-11,6.30938916524935e-06,2.02725298801228e-05,-1555.91910036085,0.107279875302716,0.0834287093729997,0.96125,0.465664083465404
"quadratic",800,"pg_apf",147,730.344,271.481038717049,691.047742765855,271.292548714893,347.668248425058,11861.3616837708,269.908122141535,12952.781781526,605.810196364331,0.371716668743838,0.946194865386523,0.371458584879033,0.476033551894803,16.2407874697003,17.7351792874672,0.00198346834560764,0.00187836796791356,4.26474673562479e-07,0.000912125047659916,0.003296699898372,1.25315879908898e-05,1.18812926983176e-05,1.52533908029386e-11,6.11848921609859e-06,2.02908188518664e-05,-1575.68890265987,0.1090950502895,0.0842808719483744,0.975,0.466463661220208
"quadratic",800,"pg_apf",148,730.9,426.471763127082,1087.98530842507,286.749838288451,320.486850997938,11900.1061368809,424.962852908889,12974.7929072376,959.362353864354,0.583488525279904,1.48855562789037,0.392324310149749,0.438482488709725,16.2814422450143,17.7518031293441,0.00177004443067349,0.00167696490575271,3.53539662729346e-07,0.000832610182726195,0.00292883047485543,1.12060575254988e-05,1.05666296471637e-05,1.16031814578665e-11,5.7731590754026e-06,1.83627368017708e-05,-1568.78832938042,0.0817530880878846,0.0632592362879076,1,0.454522311154019
"quadratic",800,"pg_apf",149,735.764,415.271813895431,1088.7476328417,196.636906840101,321.555817094781,11999.2085360259,409.261631605368,13685.7270968991,976.636487338467,0.564408986978748,1.47975116048312,0.267255406407627,0.437036627362552,16.3085018239897,18.6007022590111,0.00216301465914299,0.00203998720882185,6.33426893713405e-07,0.000911117845475955,0.00373727214567003,1.18287113819302e-05,1.12428177098457e-05,1.32525885790286e-11,5.89323056197646e-06,1.94339787291724e-05,-1605.30853118724,0.0922483211600206,0.0740769174729737,0.9875,0.465132412209642
"quadratic",800,"pg_apf",14,730.917,359.798056227349,998.128692217923,236.437944640424,348.172887748671,11963.5863999894,358.196667199818,13213.8867984028,888.096589325584,0.492255695554145,1.36558418017083,0.323481249773126,0.476350786407583,16.3679137302722,18.0785052179697,0.00205973885035668,0.00193070384303648,5.46681561256471e-07,0.0008621554414453,0.0034796745178703,1.24260926477039e-05,1.19220083464119e-05,1.37642949998753e-11,6.32200790219361e-06,1.9467090879579e-05,-1598.06824231514,0.109394939311285,0.0885968387775307,0.9725,0.469198775076525
"quadratic",800,"pg_apf",150,738.977,480.870806556611,1240.53427602792,180.376363549403,183.591856296732,11711.6505646843,481.942360934409,13822.2351956927,1135.85433931884,0.650724997606977,1.67871838504841,0.244089279570816,0.248440555384988,15.8484642481218,18.704553992469,0.00250334235005529,0.00228515597090397,1.0243085246479e-06,0.000939323966560031,0.00451641260357829,1.27976210477708e-05,1.17939927789651e-05,2.13982982293086e-11,5.79011413119511e-06,2.15971300742296e-05,-1590.75928268063,0.0861068676615963,0.071154468369966,1,0.482112943470353
"quadratic",800,"pg_apf",151,730.331,432.773200641541,1090.13124005466,236.393985834821,303.136641919743,12104.2526721986,434.676503558623,13255.5645559287,979.777560220212,0.592571314433511,1.49265365985376,0.32368061308478,0.4150674720363,16.573653141108,18.150077917997,0.00195371718576613,0.00186090737456059,4.16427278186953e-07,0.000854445896794964,0.0031860249530082,1.19192424848186e-05,1.13181301752084e-05,1.36690538899551e-11,5.93023858776996e-06,1.93952405617977e-05,-1586.81155645192,0.0938320452032027,0.0686788157653888,0.9825,0.459685748888978
"quadratic",800,"pg_apf",152,731.721,284.456467235726,827.251820433647,183.404079315314,266.332002957332,11965.11782411,287.383042033768,13081.0039583536,702.773972063987,0.388749902265653,1.1305563465223,0.250647554621658,0.363980264277412,16.3520219101406,17.8770377758101,0.00186181003301175,0.00174838787377558,4.22688301865396e-07,0.000826445286814635,0.00317616476516583,1.2080862626157e-05,1.14147349723091e-05,1.29575138899002e-11,6.32145933179981e-06,1.94718125823121e-05,-1567.55759412047,0.111061090492761,0.0804887559705384,0.96375,0.4587705537695
"quadratic",800,"pg_apf",153,733.269,372.203296491624,1100.66299975182,259.980218542351,295.00374240168,12168.9654682635,372.598531686093,13613.2313158609,962.3105796423,0.507594479640656,1.50103577234524,0.354549583498486,0.40231312438093,16.5954996982873,18.5651259167658,0.00217792731429643,0.00205606617538481,6.04878563514636e-07,0.000879714957445116,0.00374716290379952,1.23889757690789e-05,1.17391012146736e-05,1.47429942791471e-11,6.01513164191753e-06,2.03282301997962e-05,-1610.98210386399,0.0963815037404491,0.0724589167239431,0.97125,0.471523324080524
"quadratic",800,"pg_apf",154,730.246,349.530281787743,859.369700309856,260.805251881221,277.713958813953,11796.1504700062,349.761491681984,12938.0970327748,764.892790125331,0.47864730760284,1.17682219458902,0.357147114645231,0.380301924028277,16.153666668501,17.7174500548785,0.00177102490387365,0.00166790977312305,3.41446485703748e-07,0.0008393962192185,0.0029705491236192,1.16151113125497e-05,1.10047748541937e-05,1.18263821513606e-11,6.05939020577837e-06,1.82533845973875e-05,-1582.42475463974,0.0683842808585783,0.0533462560135907,1,0.454843679281969
"quadratic",800,"pg_apf",155,732.079,287.10272983772,936.597385943995,224.589899518106,331.627338316887,11772.6198006972,285.937393410376,12709.0179245209,761.991458472393,0.39217451919495,1.27936655189398,0.306783693451262,0.452993923219881,16.081078409157,17.3601727744149,0.00194028898783757,0.00181225763887269,4.5849612316687e-07,0.00084890995221979,0.00329360804566561,1.27870393672837e-05,1.19730114958986e-05,1.69716111310619e-11,6.38398934519823e-06,2.12413514286554e-05,-1580.76785372126,0.101231893991848,0.0813032737035997,0.995,0.461170814431735
"quadratic",800,"pg_apf",156,735.767,352.913940308826,1076.33615055246,293.52026097564,301.736246693048,12232.085828897,353.663161117028,13299.9987442058,850.543710842307,0.479654483428621,1.46287635970689,0.398930994425735,0.410097553563897,16.6249448927405,18.0763730151064,0.00192313756049218,0.00182511204082739,3.96460878929861e-07,0.000905424549614894,0.00315447756323783,1.17705459516014e-05,1.12614638498193e-05,1.23874461258799e-11,5.97119751958074e-06,1.89707566156324e-05,-1586.15397161366,0.0735342044677875,0.0585187899073864,1,0.459101605227126
"quadratic",800,"pg_apf",157,730.746,303.323187105492,780.166126059541,243.4404153213,292.23881980223,12119.4634856049,304.784956185613,13136.3980987541,707.116693041021,0.415087030384691,1.06762969083586,0.333139579718944,0.399918466611147,16.5850562105094,17.976695183763,0.00190260637822418,0.00179287106487361,4.12342630966704e-07,0.00085361205554827,0.00320070162691622,1.15349014725903e-05,1.08305065762235e-05,1.33513172307488e-11,5.80058811881355e-06,1.88271238704757e-05,-1576.74009902317,0.11195134254565,0.0940138268931001,0.995,0.460207537394378
"quadratic",800,"pg_apf",158,736.082,306.211353049615,770.194115951815,200.478479574337,314.929927028433,11731.4375617781,307.784183183607,12823.8120897791,697.42662852051,0.416001686020872,1.04634282043552,0.272358894218765,0.427846254939576,15.9376775437765,17.4217167241952,0.00189327604560775,0.00177425060535187,4.59400579403565e-07,0.00081019522482903,0.00320918065331051,1.19795678083501e-05,1.12612556684413e-05,1.59598122510588e-11,5.65008038121501e-06,1.98266611065023e-05,-1584.84563393737,0.075151488431022,0.0609107093300907,1,0.459045786728556
"quadratic",800,"pg_apf",159,739.208,321.555363009773,853.496301024245,134.828447692916,308.677017343448,12054.2657986474,323.013125178105,13466.0445547819,763.988766502907,0.434999841735713,1.15460912358125,0.182395817811653,0.417578025864774,16.3070012752127,18.2168544642129,0.00200911335336715,0.00187357004446169,5.3115071590966e-07,0.000842583461854409,0.00351716024682795,1.19501308612393e-05,1.12239886782269e-05,1.47685256211232e-11,5.78629871754916e-06,1.99527443799128e-05,-1582.9856994033,0.075365412229415,0.0629678081419806,1,0.461186402813516
"quadratic",800,"pg_apf",15,732.076,388.615901394313,994.750438564026,252.19657530121,297.851886661789,11875.8653335821,387.682622621763,13123.1746324017,854.722395780392,0.530840925524553,1.35880760817733,0.344495073327373,0.406859242294227,16.2221754757458,17.9259730306712,0.00216655007349286,0.00205329857456724,5.62033913296725e-07,0.000950972752728582,0.00370139779312014,1.2684162757396e-05,1.18850728571648e-05,1.69749767137654e-11,6.3615755900501e-06,2.10605089208422e-05,-1571.11590713645,0.0879143710544279,0.0671303939123949,0.99625,0.474275447063605
"quadratic",800,"pg_apf",160,734.907,394.131051645269,1049.62713778251,204.580093168429,186.644041823042,11874.4114795855,394.208342428776,12867.7854586106,933.350107421326,0.536300581767855,1.42824484973271,0.278375485834846,0.253969606797924,16.1577063214604,17.5094065760846,0.00186272539512423,0.00176494147998167,4.07039657022921e-07,0.000837488023123922,0.00321626365402211,1.21419051067971e-05,1.13588247499767e-05,1.70796652142483e-11,5.52025911859651e-06,2.006055605951e-05,-1609.08507799625,0.0740141921258064,0.0629543383997424,1,0.456016381981454
"quadratic",800,"pg_apf",161,729.82,270.848786482023,690.664558206999,263.658328854424,310.20239582155,11977.570678511,272.722364722304,12943.7136723047,598.947206130119,0.371117243268235,0.946349179533308,0.361264871960791,0.425039593079869,16.4116777815229,17.7354877535621,0.00193844697399326,0.00183040467979021,4.15877976996508e-07,0.000890962520531282,0.00319360130524936,1.21694069262736e-05,1.14936265661129e-05,1.5298709232441e-11,5.86358856577895e-06,1.94384236690537e-05,-1591.15858471844,0.0854992876480067,0.0625070185516314,0.99625,0.465038810102446
"quadratic",800,"pg_apf",162,732.765,400.51366608978,1057.68196521268,234.513938934024,300.506871518537,12047.6060180615,396.618180125484,12680.3106835292,903.119024148602,0.546578597626497,1.44341223340728,0.320039765728473,0.410099924967127,16.4412956651334,17.3047439268104,0.00202561995733725,0.00189380910817403,4.84302226317865e-07,0.000895990546443951,0.00343372180418722,1.31078544714801e-05,1.25981971893079e-05,1.5817010239848e-11,6.09347647068604e-06,2.05046939793467e-05,-1594.15410516355,0.126209724849116,0.102456757609518,0.96375,0.468604232472741
"quadratic",800,"pg_apf",163,730.869,448.060000283877,1298.92202755843,264.991261274689,184.184408881328,11998.9902711945,445.29398295676,12925.3227155952,1165.72644022951,0.613051039630737,1.77722960962694,0.362570120328936,0.252007417035512,16.4174294862615,17.6848692660316,0.00187030028950246,0.00176464539540652,3.77927011244903e-07,0.000869422122451771,0.00316505061578986,1.20274268433876e-05,1.12341353828504e-05,1.65120331114648e-11,5.6085991436895e-06,1.99859000033314e-05,-1572.83602309606,0.0938594732597164,0.0766248701722258,1,0.460936900237995
"quadratic",800,"pg_apf",164,732.036,324.713173112238,959.228242817779,263.480566772764,276.125699743346,11904.2220484501,331.018279455714,12837.5270061452,845.721096542498,0.443575415843262,1.31035665297578,0.359928428072887,0.37720235035346,16.2617986662542,17.5367427368944,0.00188844275129369,0.00178484816877409,4.05495703915098e-07,0.000873951164512554,0.00309939919746916,1.25490587346523e-05,1.18183241073842e-05,1.56389016833161e-11,6.21961685466858e-06,2.01653911274496e-05,-1585.46769816724,0.0895717483968932,0.072200905399302,0.9925,0.454130870801735
"quadratic",800,"pg_apf",165,730.652,332.81193990688,805.191099338631,277.496432640049,239.666161442094,11692.9636723414,335.252095200515,12698.0196305394,713.98510827015,0.455499936915084,1.10201723849196,0.379792887229555,0.328016841727791,16.0034649495811,17.3790253506996,0.00182980010807434,0.00174340929816574,3.37480376804199e-07,0.000807785958746494,0.00297203059265537,1.25124562262634e-05,1.16860459993508e-05,1.60727371628852e-11,6.25655413026761e-06,2.07988793574551e-05,-1558.71955305497,0.0816351083130971,0.064749202908437,0.99875,0.456635313011366
"quadratic",800,"pg_apf",166,731.458,442.465433710863,1160.78232817997,190.643943219868,315.301474428113,12012.3805275092,441.481063712518,13483.9375087592,1007.19489166351,0.604908872021172,1.58694323963914,0.260635529613276,0.431058891184611,16.4225157527967,18.434329119046,0.00210795291557368,0.00197109686975193,6.21337755467679e-07,0.000849753972867744,0.00363041710690672,1.21861589277604e-05,1.1577317298301e-05,1.40729719447484e-11,6.34156132882677e-06,1.98417238830582e-05,-1616.07972232099,0.0968371336334235,0.0786581612447439,0.98125,0.464355490467997
"quadratic",800,"pg_apf",167,774.251,434.339744349452,1249.33527034448,223.243563472228,270.890813720982,12000.796506614,436.424510701365,13121.1180709728,1070.53165300513,0.560980540353776,1.61360498125863,0.288334872634621,0.349874670773408,15.4998786008853,16.9468532439387,0.00183277332813988,0.00172843334734401,4.11412061152226e-07,0.000763165550458372,0.00311728468442804,1.13442576355936e-05,1.07399832789619e-05,1.23809465783562e-11,5.91671649993442e-06,1.80487664004229e-05,-1591.42420615494,0.0835353836973736,0.0680912182321096,1,0.453660847880071
"quadratic",800,"pg_apf",168,730.796,354.149661564884,951.62259620909,163.083112742732,228.642844207295,11850.6964392556,360.699666423578,13096.2517963823,858.583770923991,0.484608100707836,1.30217269417059,0.223158190168983,0.312868220689899,16.2161484727004,17.9205302114165,0.00194929033016888,0.00182286083720813,4.65161629184619e-07,0.000889215032428161,0.00337995166373051,1.22239045326228e-05,1.15229426088871e-05,1.84382439117907e-11,5.68842008303085e-06,1.9982616715128e-05,-1605.0748477149,0.0758609442257009,0.0585847951963995,0.98125,0.459522532722083
"quadratic",800,"pg_apf",169,730.314,374.731771305563,918.856383051086,213.780409104906,267.244675815323,12022.7800484161,380.836047903129,12877.3787680246,828.978461608187,0.513110485771275,1.25816619022925,0.292723964082444,0.365931196465251,16.4624805883717,17.6326604282879,0.0018934606371071,0.00178371559394201,4.46758824279206e-07,0.000818826686339054,0.00323957271893733,1.21001479021368e-05,1.15614709876452e-05,1.45698551600466e-11,5.72382636986572e-06,1.96975840395199e-05,-1617.50111962794,0.106092217934001,0.0856648049193726,0.965,0.454091151218009
"quadratic",800,"pg_apf",16,737.247,501.188193844389,1410.19314188618,165.718185002027,274.479518648384,11912.3185428444,500.887610165059,13644.3209046069,1237.58654873812,0.679810421533609,1.91278247573225,0.224779734610012,0.372303337481717,16.157839289742,18.5071229921681,0.00214936241127273,0.00201939715531876,6.37029610113808e-07,0.000874004856999141,0.00379351742593192,1.23531445058427e-05,1.18515174360268e-05,1.32934767960977e-11,6.09651348235598e-06,1.98920507616175e-05,-1569.75482489,0.0793937618835184,0.0629933425351874,1,0.469337623601142
"quadratic",800,"pg_apf",170,732.15,370.212173950742,944.265952889068,202.670806748275,339.460895938655,11676.1020203881,369.172152064933,12624.7729428886,795.767315707449,0.505650719047657,1.28971652378484,0.276815962232159,0.463649383239302,15.9476910747634,17.2434240837104,0.00181954332846726,0.00171544429580513,3.52690089703098e-07,0.000822143690812088,0.00304053787908184,1.22417354511099e-05,1.16903917972506e-05,1.39842660805455e-11,6.33200356135492e-06,1.93338166538115e-05,-1549.02401198109,0.0807168450734669,0.0626791486045778,0.99625,0.460073210061741
"quadratic",800,"pg_apf",171,729.303,302.617485699651,829.05496187836,190.555867350471,309.718402305179,11806.8233120907,302.297632616821,13046.3110595331,740.094812076037,0.414940684049909,1.13677711716304,0.261284908125253,0.424677263503891,16.1891879124188,17.8887390556917,0.00187424449878459,0.0017638909145131,4.14891180298779e-07,0.00079692299474603,0.00312455696620258,1.16659357944789e-05,1.10789118761663e-05,1.31343882801989e-11,5.85185033691208e-06,1.89286185622801e-05,-1592.21404333598,0.0933556311160151,0.073745887185781,0.9825,0.462282697097455
"quadratic",800,"pg_apf",172,729.093,320.414806104695,876.608799063767,257.392188596225,232.905858078243,11669.5033605109,324.105305367396,12692.5975675397,769.255117282878,0.439470418869328,1.20232782246403,0.353030667687421,0.319446021396781,16.0055073365276,17.4087497308844,0.00175055613586581,0.00166137198124214,3.41367147453445e-07,0.000769262288242309,0.00288630357627822,1.16158122074708e-05,1.09616259003075e-05,1.26342019487836e-11,5.82617583529636e-06,1.85463112131484e-05,-1574.67984200945,0.0818490278981262,0.0631929914517391,0.995,0.454542455758556
"quadratic",800,"pg_apf",173,730.979,347.483770677884,816.627267441991,160.425484900002,209.324362171144,12098.4493354729,347.573608895808,13635.738404814,732.75818130661,0.47536765170803,1.11716925854503,0.219466612447145,0.286361663154679,16.551021760506,18.6540767994894,0.00205142038022627,0.00189908745608198,6.03373169979578e-07,0.000806694711045323,0.00370839588955611,1.17511173470167e-05,1.11000624783959e-05,1.3412803669158e-11,6.05373415987324e-06,1.9098846328077e-05,-1579.47167487155,0.0623026760001644,0.0496989600927998,1,0.464342731345289
"quadratic",800,"pg_apf",174,734.284,402.541039838694,971.788803041682,242.038053995334,317.651364801804,11800.2189297557,404.32924446356,12906.7676069024,872.484697466486,0.548208921668856,1.32345087601212,0.329624578494608,0.432600144905518,16.0703745822538,17.5773510071068,0.00210708037252751,0.00196567781700802,5.68254648969919e-07,0.000891404526933313,0.0035762325235314,1.30202362882114e-05,1.23510524954148e-05,1.75666511704087e-11,5.79724200090481e-06,2.12186967315847e-05,-1571.75212405306,0.0904864668660559,0.06862783245834,0.98125,0.470167828105316
"quadratic",800,"pg_apf",175,737.126,359.962974011059,944.475070188096,188.017012693508,228.946654611693,11983.5312785931,359.655432530485,13372.7460083951,820.516070953142,0.488333031274244,1.28129393100785,0.255067671868185,0.310593649676843,16.2571002496088,18.1417369735908,0.00205734602039716,0.00192646356689706,5.52689411785036e-07,0.000852264172134162,0.00357510093860197,1.24381033403083e-05,1.18526590967623e-05,1.33456724910365e-11,6.08983572918248e-06,1.97578786618949e-05,-1583.15968621442,0.0945395217061318,0.076736157120359,0.99625,0.461591965188825
"quadratic",800,"pg_apf",176,732.921,400.460093398648,1027.1388766384,211.827373492335,290.864183857773,11869.7224770407,401.98819876765,13452.924953915,926.241047227241,0.546389165269719,1.40143190963065,0.289018016255961,0.39685611936044,16.1950912540924,18.3552183030845,0.00213031044403271,0.00201086249172703,5.56102763715783e-07,0.000887872061854952,0.00360882222001152,1.24695329396119e-05,1.17507997843844e-05,1.61267071114796e-11,6.06674035169462e-06,2.03790345651114e-05,-1559.31728769167,0.0939159211477325,0.0799086557007642,1,0.472945386520233
"quadratic",800,"pg_apf",177,729.949,381.568976834326,1000.1003454086,171.668381860781,325.632527133436,11838.1065672147,380.802843926425,12754.2748644282,887.372033962474,0.52273374829519,1.37009619221152,0.235178597218135,0.446103121085769,16.2177173572602,17.4728301078954,0.00183488721059685,0.00175378447650693,3.68310936099086e-07,0.000770629060181394,0.0030102027801809,1.20657853737436e-05,1.14238674979132e-05,1.40923071424531e-11,5.99592396821672e-06,2.00009880199033e-05,-1530.57647946151,0.0943790721899918,0.0745377984541329,0.99625,0.460046815382672
"quadratic",800,"pg_apf",178,730.791,303.261566071606,771.830986482428,259.470706115404,239.011089086227,11826.1683515173,302.383059312856,12863.2623594125,645.567096644124,0.414977149515533,1.05615830857581,0.35505459989984,0.327058063230427,16.1826956701947,17.6018346687528,0.00181038803224245,0.00169830936047934,3.72850130724114e-07,0.000824168922904616,0.00305388703042196,1.17915731991643e-05,1.11750314985914e-05,1.33015928137195e-11,5.67500820766981e-06,1.89571422683811e-05,-1540.18273700835,0.0817571011559821,0.0663352151886228,1,0.460097348050265
"quadratic",800,"pg_apf",179,732.307,268.21068377673,718.171407459838,233.726355409947,275.977529226694,11954.8198280219,268.214684137505,13209.5753293906,617.44270367491,0.366254431238169,0.980697176812236,0.319164442521984,0.376860427698621,16.3248744420331,18.038302691891,0.00224877630042297,0.0021017551270935,6.68113294594655e-07,0.000993510822684408,0.00390662410320527,1.28167498869993e-05,1.20995631728827e-05,1.80285107527701e-11,6.01385309591249e-06,2.12740087610891e-05,-1593.12630501197,0.114272840871565,0.0844158524860148,0.97,0.476636782109267
"quadratic",800,"pg_apf",17,738.963,266.460419778812,768.907799043839,209.05623673014,275.283876894252,11825.4563736394,267.471568968639,12853.1276695306,601.299507640128,0.360586957369735,1.04052273123802,0.282904877145595,0.372527280654447,16.0027719569714,17.3934658021181,0.0018407087644153,0.00169664875688802,4.42131779894212e-07,0.000787000022231815,0.00317696501006398,1.21204170417451e-05,1.14807369080884e-05,1.45708179117196e-11,5.61557239273701e-06,1.96643961870232e-05,-1563.82834865649,0.0842766616615653,0.0649332001642151,1,0.459285509224167
"quadratic",800,"pg_apf",180,730.038,402.933934792079,1049.00145040835,238.663755453627,313.899635705717,11849.6515981955,402.737087994324,13085.7682702888,879.729692735291,0.551935563343386,1.43691348999415,0.326919633571987,0.429977118596178,16.2315545193477,17.9247768887219,0.00201603858349251,0.00189061730932162,4.83011795951066e-07,0.000874013429270088,0.00341733377666164,1.22730951862402e-05,1.15879689718718e-05,1.50713642118021e-11,5.8853284273746e-06,2.01955568932723e-05,-1558.92323066576,0.0901974962672363,0.0720214333785977,0.9875,0.463583539914838
"quadratic",800,"pg_apf",181,735.852,584.412792640014,1591.15917742302,189.754781137126,324.725305060539,11927.9475563071,587.999813933679,13548.9341274161,1427.86465850282,0.794198823459084,2.16233587382112,0.257870850574743,0.441291598121007,16.209710045372,18.4125804202694,0.00244270254184782,0.00228402784025183,9.23962356033288e-07,0.00088891289141628,0.00435602038113753,1.29132923940853e-05,1.22623673421564e-05,1.76030824652622e-11,5.94913948149055e-06,2.15299241812479e-05,-1574.49754622133,0.117803082846952,0.0959812641903065,0.97125,0.487126870245112
"quadratic",800,"pg_apf",182,733.549,436.749455086641,1205.43405895674,197.079495684317,222.156024703535,11555.5730439699,432.9708373787,12545.624363896,1065.04705420949,0.595392339280186,1.6432904399798,0.268665754686213,0.302850967970149,15.7529668010861,17.1026398562277,0.00187039775079082,0.00176250049455303,4.35578115728983e-07,0.000723520745275208,0.00310432826543487,1.23093975784892e-05,1.15799269944173e-05,1.65320443493435e-11,5.85880130528962e-06,2.04830881123406e-05,-1563.93828004284,0.0962648632174585,0.0774540454353824,0.97625,0.461778279896976
"quadratic",800,"pg_apf",183,730.289,300.19310926044,723.587926841407,257.176003188055,343.009640453722,11937.05153535,301.488715067666,12908.5718207094,656.074396822223,0.411060702352684,0.990824080386542,0.352156479404804,0.469690273924051,16.345654303091,17.6759773469262,0.00176700406152635,0.00166011840637089,3.67875930516081e-07,0.000796429047512163,0.00294430961898443,1.12233746452686e-05,1.06693412953487e-05,1.16785345201526e-11,5.63032731879242e-06,1.80148073121394e-05,-1575.56575263539,0.0877602874181527,0.0717241627371766,1,0.448466623669232
"quadratic",800,"pg_apf",184,736.602,540.102771345224,1488.72200703686,219.85828709433,185.117753885896,12166.9634547975,539.124560247059,13185.6031374206,1332.36436430832,0.733235548295042,2.02106701724522,0.298476364569102,0.251313129594945,16.5176899530513,17.900580146973,0.00208879230776979,0.00198138151170099,5.0317141508689e-07,0.000911837356579533,0.00352389130428767,1.23325523300556e-05,1.16726571342717e-05,1.5115635970557e-11,5.96973768489617e-06,1.96431869345613e-05,-1596.20488081807,0.100713971254708,0.0809918311315832,0.99,0.463999005853712
"quadratic",800,"pg_apf",185,733.664,400.184926687675,1038.15035763962,255.780269571182,264.896120810355,11687.794557602,401.85525054037,12828.0931504308,871.928869431164,0.545460764992797,1.41502153252663,0.348634074414421,0.36105917805747,15.9307183637224,17.4849701640408,0.00175369707045513,0.00166117251922948,3.19473718044897e-07,0.000800823407521938,0.00290728355619373,1.15494953483717e-05,1.09504285909742e-05,1.1455667395841e-11,5.95218951451365e-06,1.87477159046847e-05,-1577.76375374452,0.0861388261041901,0.0714610132800885,1,0.452881573307414
"quadratic",800,"pg_apf",186,733.411,386.364078392145,954.860862913758,193.838749337707,250.491117274433,11910.8564815438,387.706989895703,12688.8679213318,823.283532729479,0.526804313532446,1.30194510705969,0.264297575762712,0.341542623814523,16.2403570188391,17.3011693597885,0.00204150148617261,0.00193186979215992,4.9771160110643e-07,0.000865464324648386,0.00345143362728347,1.27396615217897e-05,1.20593300345111e-05,1.7183403310835e-11,6.08962077627923e-06,2.07948354655956e-05,-1571.07149285559,0.0942183950333149,0.0745482142843084,1,0.467846720058198
"quadratic",800,"pg_apf",187,729.382,368.139993437439,937.229743449359,233.428738993118,193.141991943092,11809.020433224,366.335306841916,12841.4875455919,829.055510373735,0.504728651704372,1.28496417988017,0.320036330747288,0.26480224620719,16.1904467524891,17.6059836211915,0.00183867993053794,0.00173503809609214,3.95261368470758e-07,0.000800735229409009,0.00308571441373824,1.2215612927006e-05,1.12966118229768e-05,1.80367762178101e-11,5.72107559597118e-06,2.03412185453841e-05,-1604.04887145729,0.0866944491792991,0.0738530633269526,1,0.456700385350833
"quadratic",800,"pg_apf",188,730.642,349.768445081385,811.208725675375,174.444598311591,287.865256910473,11671.7303321131,350.62415337528,12887.4968392937,723.97997183554,0.47871385039648,1.1102684018649,0.238755229389484,0.393989473518458,15.9746227730039,17.638592962482,0.00194863187001556,0.00181355267617661,4.82566158271432e-07,0.000846960610583443,0.00335983942241624,1.24323550169127e-05,1.17561698111226e-05,1.46370178613465e-11,6.24527013159872e-06,1.98969773918423e-05,-1551.07689672744,0.109638753326558,0.0856786230057855,0.97625,0.466697550054376
"quadratic",800,"pg_apf",189,737.163,467.330910985089,1277.69090739078,211.494925210793,301.438390667518,11896.8667419925,466.443068513701,13107.4099913095,1124.10903887825,0.633958718743465,1.73325425637313,0.286903880431863,0.408916875463796,16.1387193090165,17.780884270249,0.00182499542720595,0.00171121370129235,3.88607321100586e-07,0.000792677976125895,0.00311269478582259,1.153604689712e-05,1.08740669743795e-05,1.27342656690874e-11,5.90220178726104e-06,1.88646886627718e-05,-1592.9017969393,0.0906112150152651,0.0694342656778745,1,0.455362762351015
"quadratic",800,"pg_apf",18,732.894,379.089381125255,1104.88815167691,288.601376601423,402.323541789939,11892.622656482,381.806002902726,13089.0859332271,991.68510728315,0.517249944910526,1.50756883215978,0.393783243690661,0.548951883614736,16.2269341220995,17.8594529812321,0.00187090806015181,0.0017446349003718,4.28869681243374e-07,0.000845084522033396,0.00316670280477901,1.17315177377581e-05,1.1171156767649e-05,1.15082066716214e-11,6.10629367871275e-06,1.87539625796845e-05,-1577.17974429101,0.0819668585675261,0.0634094406736262,0.99375,0.453832932248043
"quadratic",800,"pg_apf",190,731.041,389.712652604348,1081.12554917364,237.061291635051,226.808876305525,12045.858234245,384.609867409328,13376.5510587191,921.967052420356,0.533092743914976,1.47888497248942,0.324279064560061,0.31025465918536,16.4776780430167,18.2979491693613,0.00192202056529471,0.00180732828099347,4.37573006061414e-07,0.000859738941048961,0.0032709369419012,1.17914568847159e-05,1.10575260130736e-05,1.4994873129255e-11,5.44584628149322e-06,1.94396311033092e-05,-1564.36526256297,0.0829007167840558,0.0675090669284789,1,0.457322929878829
"quadratic",800,"pg_apf",191,731.74,411.516613579609,1184.22124263151,206.510318391362,298.375893778783,11963.7786660881,410.742070135939,13783.4502887269,1022.47101535845,0.562380918877756,1.61836341136402,0.282218162723593,0.407762174787197,16.3497672207178,18.8365406957756,0.00220518327225077,0.00206109731904975,6.63758899187286e-07,0.000873539360241976,0.0038313718092458,1.17999036161114e-05,1.13521197005602e-05,1.06489872161526e-11,6.04009283189355e-06,1.81855907015662e-05,-1593.83285071922,0.0762702807849602,0.0624501545105031,1,0.471724823150247
"quadratic",800,"pg_apf",192,733.904,382.870193672458,987.327865370749,240.836173408083,277.745686116426,12038.0653471202,383.757668040825,13103.278178441,883.79679531339,0.521689749166728,1.34530928482574,0.328157597462452,0.378449614822137,16.4027793105367,17.8542127831992,0.00197706327133448,0.0018670520088669,4.19323709897992e-07,0.000894339516516857,0.0033038912490277,1.2047659932758e-05,1.14565517392506e-05,1.39717692046412e-11,5.78137188259522e-06,1.97316720562438e-05,-1575.35518971745,0.087226321144363,0.0718297909937642,0.98375,0.458449196124196
"quadratic",800,"pg_apf",193,731.314,417.685562113708,1105.50728887206,221.42889527021,341.749627639278,11780.0493297859,419.382564439701,12753.236383382,968.151819651465,0.571143943796656,1.51167253583558,0.302782245752454,0.467309018614819,16.1080593695539,17.4387969919652,0.00177708052934181,0.00167308281889803,3.55994362181352e-07,0.000790020544555124,0.00298329134015358,1.18590784572429e-05,1.127619231953e-05,1.25227354073744e-11,5.98562463315477e-06,1.884640734998e-05,-1549.60956050929,0.0941693010727335,0.0777871951491859,0.9775,0.45569788124429
"quadratic",800,"pg_apf",194,734.347,303.493084525878,753.171610102138,210.459833504424,163.76615389171,11890.2053730844,300.51737630842,13328.0670427447,643.031173207453,0.413282936439963,1.02563448901151,0.286594530248539,0.223009223012703,16.1915353001843,18.1495492495302,0.00213313638782126,0.0019953901608284,6.27254634108445e-07,0.000810079617736646,0.00368869977338229,1.2289315946849e-05,1.15198171349422e-05,1.67725240124137e-11,5.6345289673564e-06,2.01771715573995e-05,-1571.28923606983,0.0772550581700008,0.0605281245172675,1,0.47200549860165
"quadratic",800,"pg_apf",195,744.595,433.451414987646,1093.33830542496,235.613028364829,261.668351830419,11925.2209760997,434.382194272895,13153.1990701868,1004.03951808786,0.582130440021282,1.46836643467249,0.316431118077383,0.351423729450801,16.0157145509971,17.6649038338786,0.00225325670588066,0.00209942200702375,6.68729947740872e-07,0.000957960310659178,0.00389887820318935,1.30671139543994e-05,1.23456715768141e-05,1.82039268636677e-11,6.02672734366977e-06,2.18064487162858e-05,-1582.1585579051,0.108297026678384,0.090906861012799,0.9875,0.472635584559312
"quadratic",800,"pg_apf",196,728.755,344.687033139089,840.840201809294,273.528414404572,222.924640775131,11837.2462359905,344.112237323776,12865.1320121425,724.984636573553,0.472980676824295,1.15380368135971,0.37533658692506,0.305897922861773,16.2431080898114,17.6535763214558,0.0019241162657126,0.00181169871195936,4.53559312959922e-07,0.00083712135139075,0.00327810689709956,1.24558185248197e-05,1.17075964025421e-05,1.67259121954156e-11,6.00474899998959e-06,2.0588563583536e-05,-1572.17638127043,0.0865972863720905,0.0680002113698186,1,0.462574178506811
"quadratic",800,"pg_apf",197,733.514,477.52867550654,1215.97860455674,223.497672762709,201.661877584598,12191.3525548449,476.557925853475,13698.9649702139,1077.59781339581,0.651015080157351,1.65774423467956,0.304694488125256,0.274925737729066,16.6204769845496,18.6758057381508,0.0024928034752283,0.00234418991624995,8.32616795628282e-07,0.00101820492201958,0.00436277260805838,1.3168512395905e-05,1.22443782661511e-05,2.09541791160813e-11,6.18203517287205e-06,2.22399494930185e-05,-1593.34455577772,0.107911797869339,0.0901858140533908,0.99,0.485602796643216
"quadratic",800,"pg_apf",198,729.984,346.721873905354,890.430198515898,208.23847663957,303.315457390562,11764.9403892964,347.044615830374,12773.4498974943,790.279455032524,0.474971881445831,1.21979413044108,0.285264439548771,0.415509733625068,16.1167099406239,17.498260095419,0.00178386823870454,0.00167850755382698,3.70835117027659e-07,0.000781930049588329,0.0029809045943728,1.18279023413364e-05,1.11709658398754e-05,1.37956228248425e-11,6.01760576502514e-06,1.93029368663598e-05,-1549.68548134684,0.0883912520726968,0.0698232405279722,1,0.454149217837501
"quadratic",800,"pg_apf",199,734.037,467.380030506594,1230.73220854099,188.504449609954,264.36163600346,12018.8943430898,468.331754846245,13494.9305581539,1127.59288014023,0.636725438236212,1.67666235971892,0.256805106023203,0.360147562048589,16.3736900770531,18.3845372347087,0.00270049630675886,0.00252523678285594,1.03299279094612e-06,0.00101418092474434,0.00466102464222488,1.36005479090511e-05,1.27204379045425e-05,1.98263554865307e-11,6.47333447107327e-06,2.28347817702128e-05,-1572.29528677262,0.100916341904839,0.0795791659354494,0.98125,0.491653976448739
"quadratic",800,"pg_apf",19,739.366,397.863212790357,1034.40796564807,241.771348517378,288.191172466619,12041.2842958494,395.559042039792,13087.3243632161,904.923513180859,0.53811402308242,1.39904724540764,0.326998196451254,0.389781478275468,16.2859589105388,17.7007386912789,0.00209699033284374,0.00195142454286215,6.07697558682638e-07,0.00079752229492615,0.00360451551793735,1.23185116771935e-05,1.15256799135798e-05,1.72511013670625e-11,5.63650380198411e-06,2.09780659172065e-05,-1569.011402831,0.0785122285182573,0.0623561530668454,1,0.468641401761899
"quadratic",800,"pg_apf",1,729.55,415.7793122467,1065.66921443778,264.15189693928,310.46728066238,11877.9944063487,414.94163125663,12757.5951863509,943.797113338287,0.569912017334932,1.46072128632414,0.362075110601439,0.425559976235186,16.2812616083184,17.4869374084722,0.00177159325442373,0.00167626475071364,3.51978370847912e-07,0.000744417282759837,0.00291980604694838,1.1664296370621e-05,1.10289942771182e-05,1.19986145559781e-11,5.85034570623291e-06,1.85715767682118e-05,-1591.97288705747,0.0961780587152803,0.0740166774710174,0.99875,0.450565311843775
"quadratic",800,"pg_apf",200,731.855,486.67203485305,1170.3090430108,200.322150292494,196.904954153342,11700.9856207705,486.297141125119,12881.1657984709,1071.7792371015,0.664984231648414,1.59909960717737,0.273718359910766,0.269049134259302,15.9881200794836,17.6007075151101,0.00230067879730157,0.00215784709004556,7.01258660463462e-07,0.000971154291481196,0.00400963488010585,1.37352040351353e-05,1.29186208037304e-05,2.08538764467944e-11,6.12930429650829e-06,2.29328812963243e-05,-1587.55009857504,0.103088172209749,0.0787487063326653,0.9825,0.480432592385885
"quadratic",800,"pg_apf",20,732.929,470.67244484477,1299.99458283494,230.240487091994,267.273447409095,12135.8979736276,469.177817620038,13654.3675434681,1161.29192703237,0.642180135926904,1.77369783817387,0.314137504576834,0.364664854861924,16.5580813061397,18.6298639342529,0.0022834683323242,0.00211522445656996,7.40579832401992e-07,0.00097851182337633,0.00404946815599071,1.26089557856549e-05,1.18889379860122e-05,1.67570235863579e-11,5.89944070397419e-06,2.07590987650715e-05,-1609.8034488808,0.0830364782194463,0.0601865691635078,0.99625,0.476202438400743
"quadratic",800,"pg_apf",21,729.283,461.405520627479,1205.33531559346,214.583423510883,371.843962235964,11818.8643313926,464.411668689129,12915.9506256975,1045.1520864633,0.632683773826456,1.65276760269122,0.294238894243913,0.509876086835925,16.206142651608,17.7104781349592,0.001810806689239,0.00172741857694976,3.32670042561447e-07,0.000882686789359847,0.00300738772504749,1.18909933971535e-05,1.12840954033719e-05,1.35105739793404e-11,6.0031471822497e-06,1.88193719811912e-05,-1551.58113767882,0.0872846616304729,0.0697041371671851,0.9975,0.456269345405883
"quadratic",800,"pg_apf",22,753.369,413.822797592283,1175.43699678606,287.255807192482,345.750382144429,12114.9875302223,415.353742064942,13255.1391454484,1090.50547289946,0.549296291183049,1.56024072769926,0.381294965936323,0.458938955736736,16.0810804933868,17.5944844365091,0.00204191342860495,0.00193570672827145,4.77579125046015e-07,0.000899202545033713,0.00343666810649163,1.2667093259484e-05,1.18963607784715e-05,1.6497960680533e-11,6.10569615797478e-06,2.06820638466498e-05,-1642.5047323534,0.0917619323990239,0.0719339480505178,0.9725,0.462159564795139
"quadratic",800,"pg_apf",23,730.121,347.928890326129,1060.37265245619,238.294513995706,203.76191392432,11850.4077389111,352.120264509549,12863.1612331269,839.88005104677,0.47653593079247,1.45232454956944,0.326376743027123,0.279079651077452,16.2307449572209,17.6178485937631,0.00180503064949263,0.00170063119186094,3.84546818404077e-07,0.000759011930490428,0.00301796802804839,1.20080838185822e-05,1.12467000114945e-05,1.58416827737849e-11,5.79008718396569e-06,2.00516422687475e-05,-1579.27343582806,0.0815095418679685,0.0664051236784338,1,0.452528148896868
"quadratic",800,"pg_apf",24,729.064,405.11841202973,1067.1654572032,249.150486124145,289.813857634482,12002.8742096852,403.620288120141,12982.2003473632,944.788906165101,0.555669203293167,1.46374729406911,0.34174021227786,0.397514974864322,16.4634026775225,17.8066676551897,0.00177927219452831,0.00168573004538513,3.38432702171202e-07,0.000809478058998304,0.00290033290888123,1.16083111655627e-05,1.10340304319214e-05,1.12295152819759e-11,6.23697919879299e-06,1.86219831451645e-05,-1552.03839376158,0.0780213971599933,0.0621056726363444,1,0.453239132723747
"quadratic",800,"pg_apf",25,732.372,370.93864882633,997.113948745601,190.161456685202,323.769500291564,11611.063969339,371.36413707569,12795.2232701341,831.972732955685,0.506489391765837,1.36148562307898,0.259651456753129,0.442083395175627,15.8540522703476,17.4709345389148,0.00196500233731173,0.00183641576027091,4.69477595876195e-07,0.000820613665903754,0.00337923661729734,1.25717004639915e-05,1.20480383893823e-05,1.40641039145725e-11,6.12868200397963e-06,1.98371134839254e-05,-1552.19584201215,0.121413233781509,0.0973997620563542,0.97625,0.46880675946419
"quadratic",800,"pg_apf",26,731.391,385.83424789738,972.435956991189,265.601500754372,303.573087932864,12103.6166471157,384.768243845038,12964.8862968996,882.047520053105,0.527534858779203,1.32957058125023,0.363145705586167,0.41506265175927,16.5487634481634,17.7263410363261,0.00197321178953058,0.00186334599341484,4.45726387390573e-07,0.000843024803544347,0.00326203505332054,1.23096176602539e-05,1.15803213240868e-05,1.45922789248877e-11,6.06077020272343e-06,1.98359638084591e-05,-1581.39725854219,0.0893133102773998,0.0685737257347403,0.99,0.463234793066077
"quadratic",800,"pg_apf",27,730.158,452.594885707285,1033.88876603426,243.717086244409,354.790911278039,12002.6335156477,455.035941627594,12881.5065369719,943.794669355686,0.619858832892723,1.41597950859164,0.333786777991078,0.485909777442744,16.438405818532,17.6420809427164,0.00193686772540871,0.00181261693978665,4.23682392365996e-07,0.000906421416207978,0.00326337026728341,1.25921803974072e-05,1.19248173354702e-05,1.68677456435263e-11,5.78372130270964e-06,2.04884955697879e-05,-1570.89633662848,0.0913275174088366,0.072762567621871,0.98125,0.462073296608541
"quadratic",800,"pg_apf",28,733.486,303.115405475398,740.7322135631,257.103355074886,329.03279469251,11792.5542925189,303.060366140936,13035.2940139301,626.908936010713,0.413253157490938,1.00987914365523,0.350522511779211,0.448587695869464,16.0774088292332,17.7717011830221,0.00188954398093713,0.00176613638088529,4.27138745290688e-07,0.000852741441655748,0.00325702651025622,1.19125538848095e-05,1.14063152038686e-05,1.26692067997505e-11,5.90513670060181e-06,1.87898435172355e-05,-1567.26677720048,0.0805533021080058,0.0634009811247005,0.99875,0.456948331622546
"quadratic",800,"pg_apf",29,733.58,385.036340199505,894.432095047873,181.88216680352,270.866949332089,11856.5559355281,386.508395374824,12983.9695380582,784.164918662263,0.524873006624369,1.21927001151595,0.247937739310668,0.369239822966941,16.1625943121787,17.6994595518665,0.00213550963536016,0.00200374095525216,5.96375709756128e-07,0.000870128390190699,0.00371843804857567,1.3032364980263e-05,1.21301863432507e-05,1.79742311686289e-11,6.33636969653434e-06,2.17798580310072e-05,-1571.85207167874,0.106731555286545,0.0763568065387322,0.96625,0.473318659992792
"quadratic",800,"pg_apf",2,729.786,288.311712124809,675.537136970423,244.871123763681,230.068128097406,11716.7872013418,288.926328589416,12916.7716444613,610.2257309319,0.395063363951636,0.925664697555753,0.335538258837086,0.315254236306815,16.0550999900543,17.6993963222935,0.00183332307201676,0.00171672755282648,3.81414675782894e-07,0.00083548716868679,0.00310227421890504,1.19111674880866e-05,1.12462384430147e-05,1.37085979504798e-11,5.87354689133116e-06,1.90577702720734e-05,-1562.55249755486,0.108692704716394,0.0876664951217034,0.9825,0.460446659015936
"quadratic",800,"pg_apf",30,732.882,414.870149118986,1139.85897686035,198.108213153352,249.31767115697,11753.0745829809,415.412689953964,12542.1462327535,1030.91312392272,0.56608041829242,1.55531037310283,0.270313929327439,0.340188012745531,16.0367898010606,17.1134592373036,0.00184365853131871,0.00173249356439619,4.012540740843e-07,0.000808713091121108,0.00309929386881003,1.25575797441427e-05,1.18789014129373e-05,1.42698400185384e-11,6.31325418821621e-06,2.00431585375715e-05,-1555.38675530225,0.117043572364789,0.090014928212447,0.94,0.458511740215335
"quadratic",800,"pg_apf",31,733.301,579.40815580167,1526.71244444737,196.528407194588,319.192116015699,12176.4161006536,579.653563406223,14022.0453342376,1373.19129858344,0.790136868491478,2.08197240212051,0.268005099126536,0.435281168327466,16.6049359003378,19.1218140084871,0.00263186265220921,0.0024419098088992,1.0333199703871e-06,0.00100193398183125,0.00459067148033115,1.26878814913458e-05,1.18031539259801e-05,1.80449148851468e-11,5.99088616477354e-06,2.14981301183735e-05,-1573.6305029042,0.0872465954566746,0.0687865336821264,0.99875,0.48740769518901
"quadratic",800,"pg_apf",32,731.081,376.360726164906,888.592332148555,156.667945231765,281.904165796525,11671.5584442073,379.538688238935,12556.6666718836,739.556587957447,0.514800310998243,1.21544990520689,0.214296288963555,0.385599086553371,15.9647952062867,17.1754794227775,0.00185233943091687,0.00176369572819686,4.01490491161302e-07,0.000817695684896163,0.00302657380342319,1.24485623935705e-05,1.16978831982198e-05,1.56228287881427e-11,6.12272745441972e-06,2.05035349388464e-05,-1615.38586281748,0.0968908954941358,0.0785692246979718,0.9925,0.463827638437834
"quadratic",800,"pg_apf",33,739.385,332.761663573778,874.617159601843,274.607065347427,290.712764650068,11828.5378226853,332.777049021139,12697.5791538395,762.719270476266,0.450051953412333,1.18289816482867,0.371399291772794,0.393181853364713,15.9978060451393,17.173163039336,0.00183236601676254,0.00174037466228171,3.37426245474834e-07,0.000865045625199089,0.00299166567769683,1.21983199659758e-05,1.15160758286096e-05,1.58148249088396e-11,5.66244828277451e-06,1.95306130050913e-05,-1591.79786377075,0.100982407187605,0.0833467178822752,0.99875,0.458293944085995
"quadratic",800,"pg_apf",34,732.745,402.37676512033,1036.9174971899,256.495142581903,277.298581841449,12025.8636126466,399.883815035388,13047.4954775949,900.147065075326,0.549136145753748,1.41511371239641,0.350046936631301,0.378438040302491,16.4120718840069,17.8063248164026,0.0019242227450624,0.00182955904105158,4.22598025006931e-07,0.000841087867929465,0.00314256801380937,1.18774975733861e-05,1.1245058823235e-05,1.43984270508391e-11,5.67305695036015e-06,1.89203121345309e-05,-1592.1929665394,0.0922885904738533,0.0706708310135837,0.97875,0.461403997591059
"quadratic",800,"pg_apf",35,729.329,369.235353041715,950.545045626567,202.167964960867,329.102033135116,11633.3220254526,368.789663097101,12541.129611,830.975137966265,0.506267203198715,1.30331447896158,0.277197211355735,0.451239472357627,15.9507191205239,17.1954352713247,0.0018036795778008,0.00171660826910333,3.44347984986665e-07,0.000793989468001792,0.00296126500664188,1.236422160037e-05,1.17492583473657e-05,1.36685069616836e-11,6.28883384074748e-06,1.98065125104528e-05,-1541.94816195715,0.0909046585578805,0.0709066509902622,0.99375,0.456799480650196
"quadratic",800,"pg_apf",36,734.586,340.605131784948,893.939396505233,189.477486164537,297.107838350314,12022.0608962609,341.409824406299,13304.5435344391,780.063507593221,0.463669511513898,1.21692953106271,0.257937785588804,0.404456167624096,16.3657637039923,18.1116214227321,0.00223000943709304,0.00203725943946142,7.1050197718173e-07,0.00096968893604656,0.00395612854882014,1.2449895388705e-05,1.18064871631616e-05,1.57853145717431e-11,5.89629996523537e-06,2.04068479963132e-05,-1573.38437529809,0.0988197259850856,0.0796254462412594,1,0.474541002565425
"quadratic",800,"pg_apf",37,731.934,382.534571156797,1081.20565384174,262.993428745234,230.060093147649,11988.61941409,381.979535517802,13142.7858778826,899.621222210081,0.522635334820895,1.4771900934261,0.359313037439487,0.31431808489242,16.3793722030811,17.9562445218867,0.00192564358407184,0.00185528780906725,3.7651597620815e-07,0.000864942670141575,0.0031239606189482,1.19056011527091e-05,1.13291658911938e-05,1.35783602484162e-11,5.85979343617018e-06,1.92922629695144e-05,-1575.93549495145,0.0720584218774008,0.0580581918504035,0.9925,0.460452435955039
"quadratic",800,"pg_apf",38,738.471,349.447018452108,1019.49188158624,163.089480461989,214.876282287432,11731.8248296663,351.021565464464,13047.9685135515,904.465737648624,0.473203441234805,1.38054423475835,0.220847508516907,0.290974570819209,15.8866425758985,17.6688976460166,0.0023259735559785,0.00217877511700691,7.64955047083464e-07,0.000876455122270667,0.00407804350261263,1.35055093462714e-05,1.27105438268624e-05,2.01304857641627e-11,6.44236637436562e-06,2.2122483090199e-05,-1559.37029197855,0.0975429578993496,0.0763316958056567,0.98125,0.482546604353575
"quadratic",800,"pg_apf",39,729.643,315.481976732734,821.391097140254,207.484464348531,230.527477436364,11795.0169875159,317.298594028208,12525.0786059688,699.300502792993,0.432378542290865,1.12574381874458,0.28436435948612,0.315945575351733,16.1654630929317,17.1660368234448,0.00179779821426478,0.00169917571806314,3.45859047071066e-07,0.000808274428157948,0.00303748217335771,1.20861486672332e-05,1.15216802118029e-05,1.31890207177875e-11,5.84805530664378e-06,1.91235652837481e-05,-1569.83408122363,0.0715502964802274,0.0530052692500058,0.99625,0.454308318375016
"quadratic",800,"pg_apf",3,730.968,383.892241053447,1049.40671771431,212.629535448634,294.154007612811,11903.4596713752,384.253976890745,13070.7350523574,898.80339705409,0.525183374721529,1.43563975128092,0.290887611288913,0.402417079287754,16.2845154252651,17.8814052767801,0.00196176603538558,0.00184117754449776,5.03329655531357e-07,0.000850480337554636,0.00339847975111256,1.1806180699573e-05,1.12300696648444e-05,1.26512491606431e-11,5.93371216747585e-06,1.86622687476113e-05,-1569.38418824593,0.102782171358362,0.0743479914406618,0.95875,0.463833569374518
"quadratic",800,"pg_apf",40,733.862,370.972400838703,942.951173027864,226.734861857485,346.199802887554,12094.9273664723,371.877109484213,13408.3504273064,838.340533767795,0.50550703107492,1.28491620090407,0.30896116961702,0.471750551040323,16.4812013245982,18.2709425304845,0.00203760820233178,0.00188917122172295,4.98117906928688e-07,0.000940923191104695,0.00349964689395044,1.20581047769017e-05,1.13623663749296e-05,1.41840260741124e-11,5.9356741859728e-06,1.94989916125991e-05,-1564.00896212131,0.0854760953971313,0.0594941358705735,0.97875,0.464816643483997
"quadratic",800,"pg_apf",41,731.727,426.492154726968,990.901563538502,215.681410937182,276.028650937195,11611.8983343202,429.032586952819,12721.3262777649,858.078588359222,0.582856932608702,1.35419570897138,0.294756665993167,0.377229008820496,15.8691675096316,17.3853449138338,0.00198192898220759,0.00186158858606671,5.02689598749312e-07,0.00082130834590374,0.00342694643693205,1.28783144405592e-05,1.21174404941431e-05,1.93186360533298e-11,6.27538910565406e-06,2.13967817577725e-05,-1581.98128230349,0.123431670608852,0.0991394269061807,0.97,0.47077739226576
"quadratic",800,"pg_apf",42,738.431,498.251418201886,1265.82360542027,261.526669022608,355.735448216281,12266.1695754374,502.277639372761,13409.0569812022,1138.78948653812,0.674743365597986,1.71420702194284,0.354165343847439,0.481745008289577,16.611124905966,18.1588489394435,0.00231250153537652,0.00216230782245679,6.92106643111178e-07,0.000949667375709849,0.00401737548052349,1.26158365392173e-05,1.18847940167125e-05,1.55587453410804e-11,6.32233869998443e-06,2.05597335880769e-05,-1584.88272200542,0.099414485628292,0.0751526283039625,0.96375,0.477040400477633
"quadratic",800,"pg_apf",43,731.425,412.486027985513,1314.95806232706,227.035739357076,352.300461032054,12026.6429268906,407.777539839702,13216.641797266,1167.46454987836,0.563948495041204,1.79780300417276,0.310401940536728,0.481663138438055,16.4427561635036,18.0697156882332,0.00211379553377197,0.00197514797421555,5.51277260552131e-07,0.000940342802713308,0.00364392784516044,1.25336730965809e-05,1.19841689041659e-05,1.43727142043825e-11,6.39704793345662e-06,1.95852392014205e-05,-1556.17101171305,0.0988290538110638,0.079437387645942,0.9925,0.467356527094761
"quadratic",800,"pg_apf",44,739.054,321.185701314037,807.415654361346,230.282124982005,283.717208820003,11947.7088763879,323.348820039837,13117.7717150153,718.324709262422,0.434590302351434,1.09249886254772,0.311590391205521,0.383892393275732,16.166219080592,17.749408994492,0.0021170432093782,0.00198071855497822,6.02959144730503e-07,0.00093187340856476,0.00368637439578237,1.31496109075314e-05,1.22425293830004e-05,1.91658784621058e-11,6.36947658823489e-06,2.22816241953556e-05,-1563.99864731296,0.109436112015044,0.0877506107394602,0.99,0.47505112315597
"quadratic",800,"pg_apf",45,735.769,406.411979650993,918.003035211321,183.483490145855,280.918345958404,12160.8324713847,405.998823192772,13176.2770038356,812.031894850061,0.552363553847733,1.24767832731648,0.249376489286521,0.381802367262557,16.5280576803109,17.9081709121145,0.00212346889054209,0.00202517792299276,4.93659911897024e-07,0.000943581458354914,0.00351420827841183,1.26348787622563e-05,1.19126739631327e-05,1.48711560794851e-11,6.30419209973318e-06,2.03176047074323e-05,-1578.78087038332,0.0952382062114478,0.0820750616605899,1,0.469731725665502
"quadratic",800,"pg_apf",46,734.598,524.893735199093,1381.79328657184,204.268352230291,286.582699333333,11825.1290463277,526.976847523598,12950.6173754896,1223.6836086366,0.714531941550471,1.88101966867844,0.278068211770643,0.390121807210656,16.0974152479692,17.6295298591741,0.00187593519059127,0.00176818067044426,4.50597285112849e-07,0.000785493120532387,0.00320458661163437,1.20815261245037e-05,1.1471397509386e-05,1.4117228147581e-11,5.96049105576556e-06,1.95960460592609e-05,-1593.59365809055,0.0706737275664593,0.0542233303738663,1,0.45802746431239
"quadratic",800,"pg_apf",47,733.953,474.277774236647,1281.58166841059,226.665526618507,280.263549974814,11953.5776131355,475.181065157661,12938.6631148166,1123.45620396068,0.646196383469578,1.74613588119483,0.308828394486441,0.381854900756335,16.2865709563629,17.6287352389276,0.00213206791402308,0.00200073537408189,5.67060147935013e-07,0.000916402671379595,0.00362717033549357,1.31419566433767e-05,1.23502973852506e-05,1.9267177152275e-11,6.24187655376131e-06,2.19929519110844e-05,-1604.11388290825,0.102282098426745,0.0778911757207238,0.98125,0.467870057223237
"quadratic",800,"pg_apf",48,743.011,380.009957427635,1040.35848878222,226.805599422706,113.208318249573,11977.1533337999,378.884415456628,13063.8830811041,927.301051874747,0.511445937445925,1.40019257962833,0.305252007605145,0.152364256046779,16.1197523775555,17.5823548791391,0.00181729221214349,0.00171666870960445,3.48461960675258e-07,0.000825181321319533,0.00298883166762227,1.15105983166086e-05,1.07686763446395e-05,1.48557282367214e-11,5.7137559307459e-06,1.93554605818747e-05,-1548.74149787142,0.071432447343659,0.0576855767081725,1,0.455163270652623
"quadratic",800,"pg_apf",49,736.613,424.395864438622,1071.8257729779,225.91773901731,253.107059274281,11956.2425813563,423.781149777985,13416.0755520062,946.628259339474,0.576144955951935,1.45507311570377,0.306698006982377,0.343609275527694,16.231376016112,18.2131941087195,0.00203362096191421,0.0019080888599554,5.40196438224241e-07,0.000827038682164857,0.00345069232138584,1.20631662187731e-05,1.13211342233861e-05,1.48435699064766e-11,6.06851019873672e-06,1.97360154497248e-05,-1601.0370951826,0.0833903354298929,0.0666037130677595,0.98875,0.465691431654164
"quadratic",800,"pg_apf",4,736.68,414.668126767895,1055.80596485509,212.886871026618,300.920314840799,11981.7614548717,409.512485921298,13265.8645763041,935.788271419767,0.562887721626616,1.43319482659376,0.288981472317177,0.408481721834174,16.2645401733069,18.0076350332629,0.00204444404733177,0.00192500546797427,4.97501742244934e-07,0.000876647602148674,0.00343873633949854,1.21273376686605e-05,1.14577176493434e-05,1.4989715947908e-11,5.85860450366076e-06,2.00383614587731e-05,-1598.80929112248,0.0888258039016412,0.068346274174021,0.98,0.462923930781253
"quadratic",800,"pg_apf",50,730.858,400.804652205027,1077.63355837158,233.577116916631,319.287204132171,11884.4600068972,410.375813189586,13001.6376492398,927.539315449615,0.548402907548426,1.4744773381034,0.319593022059868,0.436866264215718,16.2609699926624,17.7895537152769,0.00174823319921533,0.00165405491977237,3.23468615123665e-07,0.000804570110267589,0.00287770986079292,1.12238602195909e-05,1.07795010282182e-05,1.07753906945144e-11,5.52718547183992e-06,1.74620745358758e-05,-1566.16442210594,0.0561154074173296,0.0468460817353312,1,0.450430553781846
"quadratic",800,"pg_apf",51,731.746,521.639597600924,1494.50314461268,275.678628176871,299.336489352505,12045.507040029,524.747497468015,13281.4833325305,1339.1181596612,0.712869763006459,2.04237965716612,0.376740874807475,0.409071575864446,16.4613226994463,18.1504010032586,0.00232708403054021,0.00219500880966707,5.86467718713452e-07,0.00105203255302809,0.00385491521542641,1.34545111195472e-05,1.25633665372112e-05,2.15180030005601e-11,5.740759357361e-06,2.28223073680739e-05,-1540.63055693568,0.0984141633797364,0.0790835562805622,0.995,0.481455275799872
"quadratic",800,"pg_apf",52,731.861,299.208879709785,671.854316268918,154.859287311333,315.580169869831,11717.8956379108,300.477760580888,12879.6179891155,576.031268332952,0.408832933726193,0.918008086602398,0.211596583656367,0.43120233195898,16.0110945082616,17.5984483243614,0.00198763558760896,0.00187478048559774,5.62133653617436e-07,0.00079531298334046,0.00334389331921676,1.22914527835673e-05,1.1681790614939e-05,1.36023991505773e-11,6.05137693149622e-06,1.96700108712464e-05,-1561.93036906125,0.121681826623463,0.0930639029913505,0.975,0.46935075924865
"quadratic",800,"pg_apf",53,733.651,405.375669158575,1034.35761781163,179.814469310988,281.389251082398,12075.9785609297,404.033511916087,13264.2852988884,943.119210623469,0.552545650668471,1.40987692760132,0.245095378198882,0.383546469755235,16.4601132703829,18.0798299176154,0.00221478452561216,0.00211378651170255,5.64821423420333e-07,0.000985734675911858,0.00370611290376005,1.29684102962509e-05,1.21994514451513e-05,1.81890924259397e-11,5.93193058722013e-06,2.16382779278238e-05,-1611.02605437264,0.0942934589748745,0.0761680347202778,0.99,0.470052970893662
"quadratic",800,"pg_apf",54,734.385,421.149314304919,1107.81659237905,272.555990678672,262.641714647145,11865.5334622079,420.488375265869,12932.5912933986,997.077686359426,0.573472108369478,1.5084956696815,0.371135018660065,0.357634911724973,16.1571021497006,17.6100972833032,0.00215377992917209,0.00202917892611104,5.96550057158461e-07,0.000892705246118885,0.00372992968412722,1.25672779156401e-05,1.19338284587767e-05,1.58612098061112e-11,5.9753436344541e-06,2.01122741975402e-05,-1575.06347290444,0.0915858542199599,0.0758580531930729,1,0.475586102245636
"quadratic",800,"pg_apf",55,733.526,432.127837778905,1147.00891570647,204.909846475838,235.116227838292,11933.6175839951,434.089381146104,13077.1570424401,1026.23725325681,0.589110457950918,1.56369224227426,0.279349125287772,0.320528826296943,16.2688406191397,17.827803025987,0.00181713975881251,0.00171615252897481,3.80267685458106e-07,0.000780450270229405,0.00305967590711878,1.12430334080997e-05,1.07101734622713e-05,1.13617232294962e-11,5.64621323654519e-06,1.80200003153449e-05,-1589.32648143143,0.0698386706764871,0.0561880981958632,1,0.456128670568493
"quadratic",800,"pg_apf",56,730.824,382.241426438995,1032.62149062114,226.968642940892,233.172848864694,11655.5854122642,385.628229062963,12793.945271628,904.43451524509,0.52302801555367,1.41295508990009,0.310565393228591,0.31905472297666,15.9485531567986,17.5061920128895,0.00176578605409165,0.00165401027977662,4.12683960679166e-07,0.000745101387665128,0.00305197740011477,1.19549950205917e-05,1.11994083123514e-05,1.55109157667735e-11,5.57381771822554e-06,2.01024133632744e-05,-1594.96301502267,0.103429323438848,0.0855313190585523,0.99625,0.450467459253329
"quadratic",800,"pg_apf",57,732.271,466.17485194167,1300.31244356172,243.735795518918,354.34699399892,11943.5605288998,464.62663354447,13229.8014170454,1169.7124946071,0.636615203854407,1.77572571296927,0.332849171302589,0.483901443589764,16.3103011438385,18.0668105346865,0.00192194354671442,0.00180775731502083,4.467805032653e-07,0.000842780020453392,0.0032450028482929,1.20456547199832e-05,1.14361373425649e-05,1.44281465643955e-11,6.07835136523022e-06,1.93487663954708e-05,-1587.38271431218,0.0882048829555597,0.0746789118354235,0.99125,0.457151473973611
"quadratic",800,"pg_apf",58,732.896,377.146626989182,907.583849538409,249.154312449046,276.930472030457,11626.6956111559,379.185877980554,12699.1851266151,759.857406453641,0.51459774236615,1.23835284888771,0.339958619570916,0.377857802512849,15.8640456642633,17.3274040608969,0.00181661826610559,0.00169220347297228,4.02594997430276e-07,0.000853343719081211,0.00307192640279632,1.20640142407936e-05,1.14384778004173e-05,1.35350370500259e-11,6.17299446002491e-06,1.94988018742041e-05,-1554.44071899719,0.0929363630625503,0.0707834222289731,0.98875,0.459019088007747
"quadratic",800,"pg_apf",59,732.92,303.500367332571,817.956433941562,236.718265599793,288.483288151434,12042.5837721913,304.643594940456,13340.5472364038,674.258886997367,0.414097537702029,1.11602416899738,0.322979678000044,0.393608153893241,16.4309662339564,18.2019145833158,0.00201757343277512,0.00188116388426279,5.15664871279812e-07,0.000896103083627644,0.00346170765938395,1.18900815619211e-05,1.12866863462768e-05,1.25555921880771e-11,6.15823813179541e-06,1.90687946843045e-05,-1577.36660195746,0.0808475752333187,0.0621017494997636,1,0.465867453197812
"quadratic",800,"pg_apf",5,740.57,378.399820146697,976.09353091665,213.009573691491,266.643275614243,12030.6535802473,377.980277117457,13484.627688567,890.732639043217,0.510957532909376,1.31803007266923,0.287629223019419,0.360051413930139,16.2451268350693,18.2084444260057,0.00218058726342916,0.00206071783305307,6.0055694586937e-07,0.000866236119109928,0.00371616236287547,1.2248426344425e-05,1.15168502739094e-05,1.56043760418521e-11,5.79871265503027e-06,2.02746282341616e-05,-1564.99395873403,0.0871053583451211,0.0682827439299882,0.98375,0.469252373938813
"quadratic",800,"pg_apf",60,731.061,391.529924124857,804.810441885247,220.040566168234,287.875279539521,11977.2301297272,395.432960889781,12835.3238553667,738.911594946853,0.535563959949794,1.10088001122375,0.300987969770284,0.393777372256927,16.3833525926389,17.5571174708632,0.00196506515673369,0.00187337701092251,4.3985471553162e-07,0.000861199157530753,0.00326619454332797,1.21741370182093e-05,1.14873993510512e-05,1.45885106301507e-11,5.88977021988331e-06,1.97613243236245e-05,-1551.15310162117,0.0887017844060543,0.0722594741688748,1,0.466471051349737
"quadratic",800,"pg_apf",61,742.661,301.219318596991,854.662629946954,192.983333451399,257.910882122827,12267.354988729,299.080729634913,13289.8699741722,756.955576737568,0.405594636849102,1.15081124489768,0.259853867984719,0.347279421058636,16.5181085161722,17.8949345315995,0.0021312846490805,0.00199101003150067,5.83083950540771e-07,0.000889040238758882,0.00365546490535733,1.23586920643837e-05,1.15871171984872e-05,1.7308451344204e-11,5.78693976461822e-06,2.04085696775553e-05,-1600.57546506619,0.10895730035646,0.0844444228272439,0.95875,0.465354312402872
"quadratic",800,"pg_apf",62,734.11,519.931705130755,1579.66957954791,237.824818558898,348.068062251141,11977.880483764,517.608529169241,13462.8147469346,1399.85347747839,0.708247681043379,2.1518159125307,0.323963464002531,0.474136113458666,16.3161930552152,18.3389611188168,0.00199172578389945,0.00185163407240141,5.44363357843307e-07,0.00085692852705773,0.00350501389772151,1.18849955953912e-05,1.12674722146353e-05,1.30282978784364e-11,5.80626056673893e-06,1.92394499677161e-05,-1593.21570120219,0.0921259949865496,0.0747290569593038,1,0.458051766581099
"quadratic",800,"pg_apf",63,735.455,444.084057628678,1287.76842501441,163.65141547355,239.618252950238,12004.4974577469,440.504503507814,13856.0731908559,1153.66806910094,0.603822202077187,1.75098194317044,0.222517238272294,0.325809536885654,16.3225451696526,18.8401373175189,0.00285998266906288,0.00261516247260652,1.33581231625266e-06,0.00112401690193584,0.00517752989270437,1.39150406615724e-05,1.30352141669101e-05,2.35707572320865e-11,6.06059372189553e-06,2.29947299270358e-05,-1572.53026503907,0.102462249687974,0.0861495573451258,0.99125,0.499090104609014
"quadratic",800,"pg_apf",64,732.708,416.759892932452,1007.77861619123,204.040621952915,328.112030316527,11904.1592291641,418.973804543407,13259.4973636176,918.652215669391,0.568793971039557,1.37541642262842,0.278474674703859,0.44780735342937,16.2467984915738,18.0965642024075,0.00209140603782531,0.00193194762353434,6.31827306114393e-07,0.000938422690705718,0.00365115713544657,1.24137600305507e-05,1.18214099243926e-05,1.45106704466794e-11,6.07565973232052e-06,1.96504096385063e-05,-1570.20081426519,0.0952596364328332,0.0699822314580431,0.97875,0.471042115546589
"quadratic",800,"pg_apf",65,737.777,339.918751484306,760.893006835905,281.486116173867,213.76137306422,11999.9505707235,340.226725546575,12969.9519381459,678.381561329943,0.460733733207062,1.03133197000707,0.381532788598542,0.289737106285801,16.2650103902988,17.5797726659219,0.00182976970163239,0.0017312708304249,3.6687116162243e-07,0.000781525848466807,0.00300060886298973,1.21271843580007e-05,1.15352673988062e-05,1.39889380376046e-11,5.85785575164033e-06,1.97680248278024e-05,-1565.65690731196,0.0836268080390098,0.0629508628064454,0.99,0.45688116197852
"quadratic",800,"pg_apf",66,730.403,376.21968709033,1236.34366773076,249.305662516762,326.222420028588,11883.520064026,390.237306958507,12791.6161635522,937.363901565282,0.515085079182766,1.69268700666722,0.341326175435701,0.446633461292722,16.2698127801036,17.5130936805465,0.00191475713359106,0.00178413868500166,4.7685734855352e-07,0.000811674112055157,0.0033057712893863,1.24842028323838e-05,1.18672036042183e-05,1.51935025461475e-11,5.97496324824686e-06,2.04649791328875e-05,-1592.1930682876,0.0954445094791439,0.0743782086738018,1,0.461995977597031
"quadratic",800,"pg_apf",67,731.564,401.678645621917,995.480080700265,217.352781094855,317.689078588008,11777.2793138619,404.443220267851,12811.8305635306,864.485379098317,0.549068359872707,1.36075597035976,0.29710699418623,0.434260131154633,16.0987682743573,17.5129319697669,0.00176499761876495,0.00166609502537916,3.44788616241968e-07,0.000762031689679068,0.0029018247445154,1.17775421169419e-05,1.10908339029391e-05,1.36527473649612e-11,5.72279842394301e-06,1.89579016933493e-05,-1576.14588537571,0.0890334404436426,0.0704776010294235,1,0.454183718777124
"quadratic",800,"pg_apf",68,731.355,507.434815214664,1394.22443364489,224.780489770971,240.04369614805,11840.8653840912,508.708881314887,13176.932280994,1240.56644443901,0.693828325798913,1.90635797067756,0.307347990744537,0.328217754917994,16.1903116599889,18.0171493747824,0.00231231838480971,0.00215275004105144,7.53374424856671e-07,0.000895466060979313,0.00406815250106762,1.31277442517275e-05,1.22533816470445e-05,2.04031963703886e-11,6.12604147855105e-06,2.20329474206329e-05,-1558.56642962349,0.100256087603922,0.0736988414864216,0.9775,0.480953397765215
"quadratic",800,"pg_apf",69,735.019,352.149890491612,863.101378368262,244.512142153465,219.2397165779,12003.5579945744,352.742213974605,13060.4371064344,767.127310336813,0.479103112289086,1.17425723466776,0.332660981761649,0.298277618099533,16.3309492605965,17.7688428549933,0.00202844989481948,0.0019086281569986,5.03553253621835e-07,0.000863296740335416,0.003410166228146,1.255796582613e-05,1.19206976643333e-05,1.6228808864981e-11,6.03394234262428e-06,2.05522232841878e-05,-1595.62866688045,0.0885368916812074,0.0719285429725659,1,0.464887776789691
"quadratic",800,"pg_apf",6,731.942,338.312734531852,905.553958111025,170.7772908018,205.798426630703,11801.0421343683,338.834685226515,13161.7601161008,785.937513576418,0.462212490240828,1.23719360019103,0.233320797005501,0.28116766988464,16.1229197591726,17.9819714077083,0.00210644585683127,0.00197736167849823,5.67304725517498e-07,0.000848407592404621,0.00357724453749548,1.25876928444613e-05,1.18919948276088e-05,1.60820338252109e-11,5.84442116632061e-06,2.03093677637571e-05,-1550.23863560685,0.115165456977674,0.0911018608954988,0.96875,0.473675523630688
"quadratic",800,"pg_apf",70,735.451,347.449152892273,978.016891955498,307.396285526949,316.741496592694,11860.5384879833,346.228969879053,12672.7225900097,842.086204100156,0.472430050257968,1.32981924282583,0.417969770286462,0.430676546218163,16.1268915100847,17.2312262679767,0.00186855300268555,0.00179745598609661,3.3744495277912e-07,0.000847311775281571,0.0030317560329692,1.26574736645854e-05,1.18171029412157e-05,1.77662037274196e-11,6.31435864118759e-06,2.14155598959192e-05,-1573.20583959894,0.0745693778253298,0.0590712221783957,1,0.459906247946829
"quadratic",800,"pg_apf",71,733.166,454.407927160929,1045.93549161114,249.702187832729,249.662358012419,12025.9111216772,457.565834361572,13282.8992619542,889.154200092371,0.619788597890421,1.42660119483329,0.340580697731113,0.340526371943624,16.4027125121421,18.1171784588405,0.0022106341187225,0.00207914307358465,6.11600176725514e-07,0.000928560504704121,0.00380904198099488,1.31688651295827e-05,1.23041545245411e-05,1.84314950642495e-11,6.21224246386865e-06,2.19974413589538e-05,-1542.2704400063,0.0851820783671731,0.0675202333056612,1,0.473720536741996
"quadratic",800,"pg_apf",72,733.707,479.824384305553,1134.23939687392,228.011178835218,293.858064754788,12081.7495639875,481.373919557024,13455.0011144381,1037.70786953453,0.653972749756446,1.5459023791158,0.31076598538002,0.400511464051438,16.4667224982009,18.3383845519235,0.00202773083682454,0.00190600993339055,5.24153383257438e-07,0.000870138370228759,0.00356546444427499,1.22315134240973e-05,1.16899761412739e-05,1.3674676885652e-11,5.89046384833279e-06,1.94464382130902e-05,-1583.85974974208,0.109941578780658,0.0840115025206731,0.94375,0.459442641311908
"quadratic",800,"pg_apf",73,742.398,300.678589041507,747.047764168734,215.43151159558,211.121958776343,11771.4444791186,301.246809077811,13041.827830103,666.219542288569,0.405009966408189,1.0062631690397,0.29018331352668,0.284378404543578,15.8559754728847,17.5671645533838,0.00196534515384331,0.00182376324998604,5.49062786564528e-07,0.000887671660755217,0.00327516505824228,1.21931351479905e-05,1.14661288400708e-05,1.58799514762476e-11,5.655878104281e-06,2.07897854594559e-05,-1609.48258320787,0.0904611603922244,0.0761651042554113,1,0.461565442542322
"quadratic",800,"pg_apf",74,732.901,423.435315884799,1090.54807466917,236.27969329195,228.481416500913,11934.3798998854,424.18311150421,13451.813744259,969.700970072821,0.577752405692992,1.48798824762031,0.322389645111618,0.311749358372976,16.2837544223373,18.3542030154945,0.00209982847165613,0.00197245320714443,6.16092070756153e-07,0.000851920075148703,0.00363971019625403,1.20087441067428e-05,1.1368025709911e-05,1.244413703282e-11,5.9778137122184e-06,1.90117739316751e-05,-1563.12019032108,0.090744581977656,0.0751999119541252,1,0.466996990768495
"quadratic",800,"pg_apf",75,732.039,421.20012276858,1019.37431800991,225.077047087681,289.889175934166,12002.6722764029,422.611246545679,13375.3207383972,894.086653801373,0.57537934832513,1.39251367483141,0.307465923383427,0.396002365904229,16.3962197046918,18.2713226185999,0.00226966344061319,0.00212296996225988,6.64527570925664e-07,0.000930279086126161,0.0038781524880715,1.29738348157533e-05,1.22695789405961e-05,1.73537419188027e-11,6.36952248088479e-06,2.13034682080599e-05,-1601.87760702224,0.0832031027702247,0.0670383095905236,1,0.472052781100449
"quadratic",800,"pg_apf",76,743.803,435.347152021009,1263.46515573828,206.149192644172,204.036591717405,12105.1695455642,412.150113323547,13307.2037282503,1119.91727311881,0.585298999897835,1.69865563292738,0.277155634817515,0.274315365382238,16.2746984693047,17.8907637213755,0.00219510221523309,0.00207097526195495,6.05961923768816e-07,0.000897012502238491,0.00371702824201676,1.29039231991363e-05,1.20719399584075e-05,1.96600857030415e-11,5.91863026891172e-06,2.1699119434086e-05,-1591.69146268761,0.0843735573919014,0.0693059872759799,1,0.470372079234525
"quadratic",800,"pg_apf",77,730.123,304.267614806692,766.753409480071,201.982182995797,193.934090411851,11793.5255209176,304.836809799404,13049.3749148513,670.077418349192,0.416734734841515,1.05017018979004,0.276641309746162,0.265618382672304,16.1527927772685,17.8728445958439,0.00199956188839359,0.00185420962140041,5.47603469000975e-07,0.000815903169320806,0.00344617983434419,1.26257247337164e-05,1.18214771222793e-05,1.78493722901683e-11,6.10382116320917e-06,2.03311146400758e-05,-1565.02340898932,0.0750374039197255,0.0596381008698277,1,0.467146929196119
"quadratic",800,"pg_apf",78,731.826,554.30440740831,1321.05640757496,218.857757253349,220.239016524012,12090.183802525,550.508430606308,13467.3007322238,1159.28057267597,0.757426502212697,1.80515096153315,0.299057094518846,0.300944509383395,16.5205715600771,18.4023261434054,0.00215295584750848,0.00200161707130513,6.07126293859982e-07,0.000930670713684602,0.00369900841090071,1.25305351645811e-05,1.18042435228851e-05,1.47431223983141e-11,6.14005036812623e-06,2.01132624186374e-05,-1594.33947768029,0.0806267134704614,0.0584447740020204,0.99875,0.467838017445655
"quadratic",800,"pg_apf",79,734.994,440.245471132806,1110.32969338943,292.666905528827,323.975060819404,11878.2294704906,438.774443326036,12789.9471263064,1005.7522323901,0.598978319731598,1.51066497602624,0.398189516552281,0.440785993925671,16.1609883488716,17.4014306597148,0.00183457353659221,0.00173644433268855,3.88805769201944e-07,0.000763274113183584,0.00298573820453645,1.19812246059052e-05,1.13566939021803e-05,1.39059377019232e-11,5.79147144232538e-06,1.92216762388195e-05,-1573.67086963771,0.102273476966094,0.0820506949909442,0.9825,0.458883568490709
"quadratic",800,"pg_apf",7,730.709,384.492683283872,971.890261272336,288.827111916806,304.336389813653,11569.7742010549,387.285264112607,12588.1671784726,876.696332140755,0.526191251625301,1.33006471970694,0.395269679060756,0.41649465083043,15.8336276151723,17.2273328759774,0.00176163735551075,0.00166415996700141,3.28840800135109e-07,0.000748537120125568,0.00291870904696702,1.20688775387e-05,1.1349239990195e-05,1.40693189705741e-11,5.73485608931473e-06,1.98232446494663e-05,-1561.91763473216,0.0952480710889192,0.0751148448037572,0.9875,0.461712694902498
"quadratic",800,"pg_apf",80,730.527,338.269589671498,920.735600447408,156.826085516033,249.235734602561,11685.7653381827,337.656190624061,13251.8839063666,803.159308903566,0.46304871643553,1.26037175963025,0.214675276226659,0.341172516009075,15.9963496738418,18.140169913455,0.00223953771578429,0.00208056934596569,7.68647159005932e-07,0.000874984002716924,0.00399583002835144,1.27410651203121e-05,1.21500297157224e-05,1.58669585540746e-11,6.06210125559273e-06,2.07101225337209e-05,-1556.65178120721,0.100784342913124,0.0794311435058235,0.98625,0.478252217441881
"quadratic",800,"pg_apf",81,730.432,349.354467101183,982.728566061324,162.888690660285,281.370977844051,11923.0552650292,348.644123057799,12996.4930683046,816.751893364673,0.478284723425566,1.34540732889759,0.223003223654338,0.385211734759774,16.3232926063333,17.792885673553,0.00203560918013651,0.00191774857535045,4.97111666553066e-07,0.000874983366388712,0.00349864335336201,1.23998814909968e-05,1.17488286875072e-05,1.52362446428285e-11,6.22986538509716e-06,2.03240947264428e-05,-1577.28705827191,0.10981164590812,0.0848941179056623,0.96375,0.469607623245835
"quadratic",800,"pg_apf",82,733.211,345.317049426365,830.352712796404,205.764238968861,211.043463161557,12345.7114353561,344.61577299178,13765.0708810224,702.871697802803,0.470965451181673,1.13248807341462,0.28063441351652,0.287834556712265,16.8378699110571,18.7736829930571,0.00242344105639826,0.00228039046326904,8.09060855342112e-07,0.000975808302543861,0.00424149583710524,1.31385589724554e-05,1.22468666391838e-05,1.99021383813376e-11,6.27246846591217e-06,2.1596937855993e-05,-1576.70741858874,0.11428265224636,0.0892213961948504,0.98,0.480303416641238
"quadratic",800,"pg_apf",83,729.827,324.947235945293,921.381952064124,270.121233152851,308.642407122703,11835.1322266595,321.522625734068,12814.4972082704,798.827934976541,0.445238715401449,1.26246624482805,0.370116799122053,0.422898039018429,16.2163529530417,17.5582668334693,0.00185425277811253,0.00175725284447491,3.4359672320953e-07,0.000882649460548112,0.00304212799142384,1.23449732592712e-05,1.16560598964005e-05,1.41851068553543e-11,6.08921610386147e-06,2.00301206178593e-05,-1573.1620491603,0.0854198767161704,0.0599667800826673,0.9825,0.460163904031728
"quadratic",800,"pg_apf",84,731.721,406.516695147954,1105.53536049233,271.062579600049,277.688982921162,12124.020373646,406.025807511286,13325.1850341402,945.974781925039,0.555562427684807,1.51087007273583,0.370445264793615,0.379501179986855,16.5691846668962,18.2107456723808,0.00204697530510536,0.00194960428685673,4.47925161583632e-07,0.000928584605528345,0.00335031591445375,1.18592520247404e-05,1.12078250931578e-05,1.35625888418411e-11,5.88850130043743e-06,1.94747100674961e-05,-1593.43705595152,0.123349551309905,0.0951831511137946,0.95625,0.466498862662417
"quadratic",800,"pg_apf",85,730.475,325.413695214611,752.688046623718,184.080288450328,333.495570995236,11698.1233667345,329.41777475208,12797.4122626218,677.604550645057,0.445482316594834,1.0304090442845,0.252000805572166,0.456546180218674,16.0144061969739,17.5193021836774,0.00176881140051222,0.00165098089620419,3.87834059851401e-07,0.000735574564175316,0.00296083901933742,1.15842527966818e-05,1.09883444899126e-05,1.15101835053347e-11,5.7751245340708e-06,1.8197970134159e-05,-1587.06415221583,0.064418506859313,0.0502158972952964,1,0.449263828266097
"quadratic",800,"pg_apf",86,729.302,314.717759467351,762.982384597469,226.451374755154,291.551001814674,11836.42340584,316.373799676706,12891.5902216679,658.360714012274,0.431532834775376,1.04618167041564,0.310504255788622,0.399767177129192,16.2297969919731,17.6766143815153,0.0017868736765063,0.00168745464639912,3.40851104563058e-07,0.000827197919538628,0.00296709240720407,1.18724583575478e-05,1.13360899184125e-05,1.21414038414974e-11,5.9438199399157e-06,1.89050424810214e-05,-1583.95908876432,0.0818749628131946,0.0590520425490917,0.99,0.456643254119199
"quadratic",800,"pg_apf",87,731.82,452.97341476964,1113.88711549322,177.504309112561,210.777252640645,12335.3858013163,452.026898727593,13290.0429937767,1014.85940168117,0.618968345726599,1.52207799116343,0.242551869465935,0.288017890520408,16.8557648073519,18.1602620778015,0.00209498899295313,0.00195898656876081,5.58424178235202e-07,0.000876576182590687,0.00358549465862561,1.20052035507172e-05,1.14678738664601e-05,1.24257353164269e-11,6.21620982029739e-06,1.92817271624629e-05,-1568.80779951121,0.0916521677588198,0.069118480710477,0.97625,0.465732047839502
"quadratic",800,"pg_apf",88,742.629,366.270123850339,900.218087702799,195.14450363496,294.235832868419,11895.1965438195,366.725724158516,12840.0637513667,809.005240075948,0.49320740753504,1.21220432773673,0.262775226438719,0.396208379781046,16.0176838553564,17.2900112322124,0.00210057135893882,0.00197924248407999,5.26896773664527e-07,0.000855268388031377,0.00356332864423743,1.27809280508038e-05,1.20983920721502e-05,1.70332503214024e-11,6.13429155399247e-06,2.11884506163025e-05,-1589.88016868602,0.100332100735263,0.081723676982587,0.99,0.469066235025471
"quadratic",800,"pg_apf",89,730.701,435.741127563875,1044.16845779347,269.380684115539,324.643929025638,12073.5999600072,437.714271600671,13206.9492135116,926.80951748051,0.596333011127499,1.42899552319413,0.368660620576048,0.444291069843395,16.5233111217956,18.0743549187857,0.00194189993365094,0.00184192909298213,4.30622590309462e-07,0.00084638167866931,0.00324689922180283,1.23497772480779e-05,1.16901346771481e-05,1.41928786632625e-11,6.13905186541049e-06,1.9881519401935e-05,-1613.2806545155,0.119963546686946,0.0825533083069813,0.94125,0.45757880420688
"quadratic",800,"pg_apf",8,733.318,444.687416515981,1290.53174559506,172.740468225983,252.785011961989,11691.2812360206,442.637421170558,13172.4266360695,1148.87619439512,0.60640461098184,1.75985281364301,0.235560109292263,0.344714042150867,15.9429895843557,17.9627755435835,0.0023645980540025,0.00221367066739084,7.94608653703569e-07,0.000869644266132601,0.00418984378070032,1.33918033572877e-05,1.27322122427806e-05,1.82003559735766e-11,5.92463769659578e-06,2.1507369569874e-05,-1544.21363771884,0.0965874909692825,0.0789203253744301,0.98875,0.481441665853082
"quadratic",800,"pg_apf",90,732.367,345.788614538596,952.572817650715,278.442583627465,298.717720045533,11974.1258148709,345.542803599963,13096.0758640514,824.337894827149,0.472152096610846,1.30067687054539,0.38019542610121,0.407879819879285,16.3498980905351,17.8818486688387,0.00178925954923802,0.00171019966870576,3.15830552929574e-07,0.000829780095266628,0.0029514489806442,1.14026458372367e-05,1.08423088046697e-05,1.19948983765379e-11,5.69840134126361e-06,1.84726871251849e-05,-1590.17472751748,0.0708011776081436,0.0567757646706109,1,0.452061841694883
"quadratic",800,"pg_apf",91,733.212,410.47870306303,1017.08750622101,171.124905681405,265.461359724641,12052.1898707492,407.9707712409,13069.8803854835,896.041021716662,0.559836313457813,1.38716702157222,0.233390759673062,0.362052666520244,16.4375240322706,17.8255134742524,0.00180245767032503,0.00171480376897628,3.29036984155523e-07,0.000833996330570368,0.00299994957496018,1.13423234491379e-05,1.06968229116256e-05,1.29169795769051e-11,5.76010224968548e-06,1.84347779860866e-05,-1558.42081344499,0.0940479252648491,0.0761123801930687,1,0.452226223144848
"quadratic",800,"pg_apf",92,734.74,370.454131017493,964.456625840036,114.269334479385,258.424820193345,11696.9742487194,373.368276529382,13318.9658964542,863.068216399255,0.504197581481195,1.31265022435152,0.155523497399604,0.35172281377541,15.9198822014854,18.1274544688654,0.00210945014880243,0.00197946157522919,6.06763341549511e-07,0.000836586844065483,0.00363687278147192,1.23517903008824e-05,1.16387219418814e-05,1.56790633688888e-11,5.99097974922195e-06,2.03176386374813e-05,-1576.49117154887,0.0983099769689758,0.0759511625096903,0.99,0.466401794909022
"quadratic",800,"pg_apf",93,730.847,370.483333117312,950.399178373919,196.306754114932,282.778824930655,11577.7349735647,363.291967773766,13037.2555628996,831.307432714536,0.50692324538147,1.30040785331802,0.268601710227903,0.386919320912113,15.8415304072736,17.838556582841,0.00199262174298067,0.00186616826359206,5.04651492238214e-07,0.000861252710700084,0.00344642885646969,1.20231066028414e-05,1.13329319721301e-05,1.40553969552441e-11,5.92802401338785e-06,1.94515084720038e-05,-1557.72522068616,0.0898956389363386,0.0739886958669023,0.99375,0.466830620555461
"quadratic",800,"pg_apf",94,733.754,506.380834012501,1347.85931026265,196.043901651477,284.19150134882,12156.4561170828,509.034277704446,13423.2609894363,1216.09297182371,0.690123439207828,1.83693623511783,0.26717932938216,0.387311689406558,16.5674819041298,18.2939527272577,0.00229482319104847,0.00216750887453996,7.03689299945051e-07,0.000942284220887701,0.00396852132866989,1.28381266224113e-05,1.18948980660326e-05,2.06959411067299e-11,6.16225732978675e-06,2.18961264545697e-05,-1629.86110140129,0.0816705827820886,0.0669159267484232,1,0.4735663155125
"quadratic",800,"pg_apf",95,735.186,388.526403824103,964.383353096607,222.725097642387,279.091519189757,11665.1834487771,388.255097723277,12810.2543655263,863.16656050621,0.528473615961272,1.31175424055492,0.302950678661437,0.379620285464845,15.8669825714541,17.4245080367775,0.00186723578302182,0.00174338149839306,4.45366511402099e-07,0.000768470912217182,0.00321993154515205,1.22119624093986e-05,1.15728003636532e-05,1.4830549372592e-11,5.92548932763799e-06,1.98202551287397e-05,-1548.38622507269,0.0918738537566611,0.0704419518113613,0.98125,0.46271377454435
"quadratic",800,"pg_apf",96,730.57,387.195583075015,1090.36094232786,236.686788675957,261.424404030468,11880.3774298001,388.28332019687,12865.8362544857,976.548957442428,0.529991079670689,1.49247976556368,0.323975510458898,0.35783621559942,16.261792066195,17.610682418503,0.0018652847132174,0.0017670650060806,3.86299127383217e-07,0.000829724137112588,0.00311700039677696,1.19201891816153e-05,1.12911227762973e-05,1.30042569324944e-11,6.0162828556738e-06,1.89690402332405e-05,-1567.58651205523,0.0892180602205649,0.0729693445890433,1,0.456758868367778
"quadratic",800,"pg_apf",97,735.602,405.907883171942,1109.44073000921,259.174051768258,315.623793899262,11980.7335436878,405.863460850203,13058.1335556554,958.93171921972,0.551803669881188,1.50820787601069,0.352329183129271,0.429068700056908,16.2869779360141,17.7516286737331,0.00192138048348793,0.00180676523557471,4.13555276781025e-07,0.000886906117890207,0.0032285958425836,1.18194785611311e-05,1.11892612881589e-05,1.43928678053559e-11,5.80937955708859e-06,1.94566968584134e-05,-1572.54705646536,0.0900286820917978,0.0739844570452986,0.98875,0.462645319473294
"quadratic",800,"pg_apf",98,736.426,342.849686152546,836.001875004704,264.89505964204,204.244446444588,12028.6313432849,345.284078090939,13028.9286819718,734.737443952596,0.465558910403145,1.13521504537415,0.359703567829001,0.2773455125764,16.3337950361406,17.6921084833668,0.00193777271182387,0.00182199562315339,4.51483196281072e-07,0.000812111291339161,0.00326253975606902,1.22044184046625e-05,1.15589550961762e-05,1.40486443234843e-11,6.15448800896444e-06,1.97347024918501e-05,-1583.61578010453,0.0987050656644213,0.0789042741499427,0.98375,0.458580665803725
"quadratic",800,"pg_apf",99,735.021,487.867723946701,1311.09929018909,133.689747342254,238.846944352959,11977.8348023356,490.097088302322,13600.5056375632,1128.48712835197,0.663746646621935,1.78375759357772,0.181885615978665,0.324952544693225,16.2959082833492,18.5035606296462,0.00246167089951161,0.00229392777384631,8.8815532866689e-07,0.0010123109343889,0.00438922721472222,1.31736105514446e-05,1.23049588926564e-05,2.03291899890707e-11,5.88498154238766e-06,2.22481119309845e-05,-1590.53488130975,0.106118421397171,0.0835247783028042,0.97875,0.487398880815178
"quadratic",800,"pg_apf",9,736.86,246.969941793923,624.367789684565,232.124781598584,276.348738002216,11556.9152513627,245.051936974021,12393.3509702661,504.240780726102,0.335165352704615,0.847335707847576,0.315018838854849,0.37503560785253,15.6840040867501,16.8191392805501,0.00181932308238353,0.00171767733265512,4.29736517901387e-07,0.000769431872018365,0.00309402356875229,1.26028467598153e-05,1.19604583455493e-05,1.46068953607227e-11,6.04676582343186e-06,1.99132263671867e-05,-1572.49440449316,0.0981249071313553,0.0759162496664339,0.98875,0.457869483316596
"sinusoidal",1600,"pg_apf",100,1470.325,301.13218591967,710.229323488328,157.470802473169,213.37449365562,11699.281095024,304.605266357335,13236.4688327911,658.761031756318,0.204806546797253,0.48304240456248,0.107099316459401,0.145120632279,7.95693543605939,9.00241023773049,0.00138590369084795,0.00132826112350696,1.56858064018628e-07,0.000693925447957962,0.00217159654908671,6.90526342952885e-06,6.69623751098352e-06,2.79591062290203e-12,3.95630756865979e-06,9.94267715687248e-06,-3191.26630670765,0.0915710402382056,0.0722047755077594,0.990625,0.421833356776295
"sinusoidal",1600,"pg_apf",101,1464.806,329.000577140622,866.882776192197,186.6281373761,183.565044153164,11566.2367491675,332.01163257604,13153.1430300544,760.089333235126,0.224603515510328,0.591807226480638,0.127408091840216,0.125316966310326,7.89608777487768,8.97944371476797,0.00131503786635704,0.00126061152942105,1.36106924040386e-07,0.000701594880641617,0.00214860035716663,6.8822622086364e-06,6.59941165830896e-06,2.87229750443191e-12,4.05250258475227e-06,1.04071483418079e-05,-3146.65280486331,0.0820765639553847,0.0647629284680534,0.99125,0.419979947209973
"sinusoidal",1600,"pg_apf",102,1475.92,347.140813791903,848.053330185487,176.0760750006,284.764455441906,11577.1110411191,348.475502940506,13014.6511945336,747.809605988273,0.235203001376703,0.574593020072556,0.119299199821535,0.192940305329493,7.84399631492162,8.81799229940214,0.00126764627812983,0.00121661024234731,1.35863283583198e-07,0.000633455289279566,0.00199455660862921,6.69501669517838e-06,6.45512425425996e-06,2.51246352041097e-12,3.97862822880207e-06,9.82680293787392e-06,-3172.68606610273,0.0729146731586287,0.0570040500296366,1,0.418427376554171
"sinusoidal",1600,"pg_apf",103,1553.682,387.244522011308,1113.61553705279,116.964629288927,196.471796455327,11949.7301863922,386.485382620714,13507.2991618598,977.136416975176,0.249243102521178,0.716758987394328,0.0752822194560582,0.126455604464316,7.69123294624783,8.69373472941039,0.00146789122427491,0.0014109592112302,1.68532176839839e-07,0.000790082295858087,0.00233802576923623,7.1240444562713e-06,6.8163571472961e-06,3.36499912411556e-12,4.16319747263348e-06,1.09018275677951e-05,-3165.7198004994,0.0811867506042977,0.065298205440004,0.990625,0.430275858341428
"sinusoidal",1600,"pg_apf",104,1470.268,315.814306858373,790.401361797764,165.065810733784,231.790245020456,11689.9846618607,316.087741359865,13145.6657626801,701.377976717457,0.214800503621362,0.537589991619054,0.112269199039756,0.157651696847415,7.95092096261409,8.94099971071947,0.00133746501730679,0.00128223396611064,1.43653056827016e-07,0.000710620077580807,0.00211165155904284,6.85556051746917e-06,6.62640622013343e-06,2.8602715549659e-12,4.19430659611714e-06,1.04026604331088e-05,-3169.65734995116,0.103612913750556,0.084411403490285,0.969375,0.426373838870346
"sinusoidal",1600,"pg_apf",105,1464.934,381.624295558618,1232.17963183071,176.828973081994,234.560838607489,11475.2281017696,377.194112836501,12881.3892554422,1052.32190226358,0.260506135811319,0.841116140270288,0.120707808735406,0.160117000907542,7.83327310429657,8.7931533130108,0.00127459780708827,0.00122117099560789,1.2094906383779e-07,0.000685220096026498,0.00198620790480653,7.07679472908842e-06,6.83019988356168e-06,2.78447591396e-12,4.21404362895241e-06,1.05364680460701e-05,-3160.61530326113,0.0919623419805636,0.0734983644141009,0.985,0.420242965386224
"sinusoidal",1600,"pg_apf",106,1477.229,488.600156747339,1356.43781772443,122.448805051909,251.468089406482,11949.0606915702,484.654950647269,13849.2903528496,1217.73626368211,0.330754511824056,0.918231240873577,0.0828908754512057,0.170229591624916,8.08883435917534,9.37518174423165,0.00149111003628307,0.00142038320148006,2.03102412170624e-07,0.000746232683507191,0.00235088677585454,6.82255005462948e-06,6.58617333227401e-06,2.65537082673013e-12,4.07534092264755e-06,1.02392312026833e-05,-3215.96658692748,0.0747663151930644,0.0589359004113589,0.99125,0.429104644901261
"sinusoidal",1600,"pg_apf",107,1464.451,337.656802443683,858.294318474997,183.273229669962,196.692436698644,11421.441061712,338.626456344599,12793.5341664181,779.714226460545,0.230568863310335,0.586086061244109,0.125148079157283,0.134311381329006,7.79912817957855,8.7360616138185,0.00124560737308802,0.0012147488470562,9.48174018764147e-08,0.000710034490992736,0.0018451753650472,6.92546626041636e-06,6.64296377292286e-06,3.18394691436793e-12,3.96937517696591e-06,1.04804080684153e-05,-3144.69373250922,0.0907147881197979,0.072621048200485,0.9975,0.417971086682055
"sinusoidal",1600,"pg_apf",108,1466.404,355.32581209948,939.812656540891,196.669562809717,326.676093167994,11708.0456490819,356.199331704895,13315.4611547837,849.582052021353,0.242310994855088,0.640896135403948,0.134116902851954,0.222773596613208,7.98418829264095,9.08034972271195,0.001370990025496,0.00132109992030939,1.54858303471591e-07,0.000689471928442767,0.00213422163200776,7.01942310961674e-06,6.80530950931457e-06,2.38235938612103e-12,4.31858514145941e-06,1.00598506567172e-05,-3131.1474140782,0.0800424490203366,0.0641667620881408,0.990625,0.425481075511423
"sinusoidal",1600,"pg_apf",109,1475.057,359.774901651649,872.652476912105,205.867004061681,236.824931248962,11430.5976628293,360.426091790598,12717.5109772272,775.500174082236,0.243905762049636,0.591605935846618,0.139565456834333,0.160553070999265,7.74925827464925,8.62170816261824,0.0012485633296363,0.00121359794755728,1.06954057231155e-07,0.000669146753327399,0.00189739692219651,7.01889697682286e-06,6.82242481273936e-06,2.75079935726317e-12,4.07851960609568e-06,1.03131735167062e-05,-3142.74063287038,0.0810967201409284,0.065094692983555,0.991875,0.418962221734738
"sinusoidal",1600,"pg_apf",10,1464.195,283.14405402556,778.138976197851,110.193289340703,137.653161615181,11592.5468580077,284.736256901102,13085.9294177375,670.244260077419,0.193378651085108,0.531444907404991,0.0752586160591332,0.0940128614120254,7.91735175848008,8.93728596104859,0.00137962266132511,0.00131101271979482,1.7835466426992e-07,0.000643960783922303,0.00223002126134739,7.10567218680324e-06,6.83694175882116e-06,3.22873815908443e-12,3.98625909262372e-06,1.07422239798613e-05,-3192.05616863169,0.0962109954428429,0.0795857301406759,0.988125,0.425584911669942
"sinusoidal",1600,"pg_apf",110,1465.414,336.809108733294,905.312150260477,144.478421917756,301.01057417776,11610.3912126714,334.623181979023,13125.012235627,759.305242788663,0.229838877432107,0.617785929614755,0.0985922216641553,0.20540992114021,7.92294274018904,8.95652166256566,0.00134051349589495,0.00126654120798651,1.640753912945e-07,0.000681337647678006,0.00219038533691728,6.88035232175945e-06,6.63427695827611e-06,2.78249639425543e-12,3.91663410881548e-06,1.00601183271389e-05,-3170.31859179806,0.0937201570719765,0.0750753051578716,0.98875,0.424951411627785
"sinusoidal",1600,"pg_apf",111,1465.134,378.281607697455,996.334180502876,166.868954601173,253.602205419477,11553.2709170154,379.564741187489,12996.0451336369,881.003875522096,0.258189085569958,0.680029390146482,0.113893305732563,0.173091475195769,7.88547048735158,8.87020923249129,0.0014087173004117,0.00134384735606911,1.58554842130411e-07,0.000711236108028547,0.00219841767618772,7.44961138059536e-06,7.11651379707104e-06,3.95927680551055e-12,4.20398644685919e-06,1.12743578002444e-05,-3140.59399376272,0.0899395986834674,0.0753315333734268,0.99375,0.42879178271537
"sinusoidal",1600,"pg_apf",112,1477.285,376.588589044237,1005.76048258519,127.816064649003,235.612372535463,11385.1566639474,378.384234826975,12940.3538953967,876.251642252813,0.254919388638101,0.680816824502508,0.086520924973179,0.159490127182949,7.70681125439395,8.75955140368765,0.00129049355633094,0.00123523398174402,1.40682355661275e-07,0.000673292533252537,0.00206639247163963,6.83355265257227e-06,6.62635343552311e-06,2.42532183689304e-12,4.09438902864186e-06,9.86311849386184e-06,-3164.91325454679,0.0817669199915124,0.06387874730464,0.990625,0.421694629052995
"sinusoidal",1600,"pg_apf",113,1463.436,448.829199624825,1134.68553677947,208.801979991375,260.077372913239,11438.517884382,449.294387930326,12805.7800354876,985.125837565967,0.306695475323024,0.775357129918543,0.142679269876766,0.177716943490005,7.81620643771373,8.75048860044964,0.00129120628567305,0.00124756396239733,1.18174739476459e-07,0.000722721197148497,0.00198426574972183,7.06718626684531e-06,6.78694641250298e-06,2.91693709942852e-12,4.11647549888974e-06,1.05824535201982e-05,-3134.09130880135,0.0876932614917444,0.0668441602551704,0.975625,0.422905228269731
"sinusoidal",1600,"pg_apf",114,1472.66,357.208215152583,871.851600074892,138.547679416848,223.473030402623,11321.9185989247,357.091736921113,12706.969042023,791.326908042725,0.242559867961772,0.592025043170108,0.0940798822653214,0.151747878262887,7.68807368905568,8.62858300084407,0.00122045597120239,0.00117470381629919,1.07264925412611e-07,0.000634876444541315,0.00182860068900969,7.03059319263915e-06,6.73504526183477e-06,2.97068577614953e-12,4.08098020563896e-06,1.04894757093286e-05,-3160.23770058697,0.083310028144732,0.0685209590661721,0.99125,0.414590486149912
"sinusoidal",1600,"pg_apf",115,1466.775,261.588347945568,796.807380442523,205.716588059171,288.160975372965,11686.8473557919,264.019616682156,13092.1948862824,646.218022166321,0.178342518754115,0.543237633885581,0.140250950595129,0.196458881132393,7.96771649079916,8.92583721857981,0.00135881095100276,0.00130764263723757,1.38170533202056e-07,0.000703147616475881,0.002092204166036,7.11346815397827e-06,6.91959784235907e-06,2.70836079071563e-12,4.25261330326673e-06,1.04805247145567e-05,-3154.87435807137,0.0895434206728612,0.0722878495376907,0.988125,0.425700253586855
"sinusoidal",1600,"pg_apf",116,1483.926,447.399003424062,1340.64393619229,131.233058538906,201.745373027751,11797.7266383914,457.128026462075,13227.3499378872,1172.25474168943,0.301496842446363,0.903443929274296,0.0884363900483619,0.135953796232259,7.95034701082894,8.91375306982098,0.00143794258786568,0.00136905438219989,1.63501549951793e-07,0.000765912682129108,0.00224135386443421,7.2080511830434e-06,6.9647462497924e-06,3.03362056414729e-12,4.12762263379334e-06,1.06120824190003e-05,-3130.10221889792,0.0858828033750395,0.0680454299618192,0.985,0.430462474005638
"sinusoidal",1600,"pg_apf",117,1463.818,461.453990275355,1303.94509816777,80.4688981332873,322.316313376042,11615.1510088992,462.053423305125,13169.0247535678,1131.41271939246,0.315240002702081,0.890783620755974,0.0549719282952439,0.220188789436967,7.9348327516803,8.99635388659506,0.00129376707916726,0.00125531911746582,1.1939124434093e-07,0.00068029896109664,0.00197067847596529,6.68763867425597e-06,6.52358975716775e-06,2.04702005524083e-12,4.1714112970434e-06,9.57777377307824e-06,-3154.5740989243,0.0824846292980872,0.0638546640983203,1,0.420046110703754
"sinusoidal",1600,"pg_apf",118,1484.093,346.054079732329,863.199324606557,186.918386066442,272.682321437893,11666.7920001809,349.554264537183,13097.3016351861,780.248457257595,0.233175467933835,0.581634253787705,0.125947892798121,0.183736680543533,7.86122702565194,8.82512189949422,0.0013061125505212,0.00125781140225051,1.19650210615482e-07,0.000720625937839056,0.00201476974678342,6.8647269223145e-06,6.64772895482032e-06,2.65518606393516e-12,4.0636611896215e-06,1.01925339496769e-05,-3164.88438374729,0.077935019581642,0.0624424918376195,1,0.420485684203142
"sinusoidal",1600,"pg_apf",119,1466.49,330.528768883535,858.490868310271,160.228123354249,257.039938127956,11592.3108249921,332.569458916454,13147.0062550571,767.50902984445,0.225387673208501,0.585405197655812,0.109259608558019,0.175275616013717,7.90480045891356,8.96494776988394,0.00135349137471936,0.00129104664012747,1.73134476468393e-07,0.000697087893257885,0.00214800569480206,6.88649233617526e-06,6.67252374418344e-06,2.55578107981512e-12,4.06102136972043e-06,1.00456702832777e-05,-3137.93741481392,0.0803081145947319,0.0608981387386581,0.975,0.42357561555704
"sinusoidal",1600,"pg_apf",11,1466.838,375.305149662361,1026.67125735507,184.735937051589,262.087327142012,11403.2392011204,374.866640552604,12891.9187040928,909.343594496819,0.255859985671465,0.699921366473376,0.125941608447278,0.178675032377135,7.77402767116775,8.78891786556713,0.00123531842760888,0.00117938398645833,1.20186106291856e-07,0.00066411937546159,0.0019346735737972,6.9240666867436e-06,6.72691824597664e-06,2.49230264126805e-12,3.97238938068414e-06,9.90283621277397e-06,-3192.60412160232,0.0806171097166335,0.0638615401976982,0.995625,0.416655007117507
"sinusoidal",1600,"pg_apf",120,1465.261,408.502791085055,1281.88067717425,122.607240110281,150.353039539504,11678.4547814718,410.756116064238,13188.2483363195,1093.76237394987,0.278791826906643,0.87484801490946,0.0836760414085145,0.102611780112556,7.97022153832787,9.00061377209897,0.00134099535157357,0.00129899558166851,1.4975962598154e-07,0.000660560923261504,0.002108301160876,7.03205492960031e-06,6.84425629853673e-06,2.52771420796695e-12,4.31433740678121e-06,1.02809379900827e-05,-3177.35628276924,0.0884682446944789,0.0627332692120225,0.9775,0.422822962482594
"sinusoidal",1600,"pg_apf",121,1471.954,270.670355079184,777.110899842104,174.164374869041,249.95604330022,11531.5546769581,269.192195363037,13080.793921998,698.77552716162,0.183885063717469,0.527945098720547,0.118321887008046,0.169812401270841,7.83418141936375,8.88668662335783,0.00135006637934786,0.00127764723552872,1.76997171895012e-07,0.000703249984643301,0.00215868483055132,7.01168513219543e-06,6.79011340742205e-06,2.89045995382849e-12,4.0798511896335e-06,1.0408285058739e-05,-3176.58255476848,0.0883092886477319,0.0702312546935853,0.983125,0.422510936393293
"sinusoidal",1600,"pg_apf",122,1464.735,283.982174430158,828.155223092866,172.827397128842,259.34961425324,11580.011145894,287.60052274685,13089.7226324583,724.699868061242,0.193879558029376,0.565395940626028,0.117992262852217,0.177062481782193,7.90587454105625,8.93658076884783,0.00132830797416531,0.00127944681570357,1.42844177223708e-07,0.000676358500328476,0.00204409911718366,7.12158729882057e-06,6.88018974798899e-06,2.8436945336434e-12,4.18511569464275e-06,1.05773102825649e-05,-3180.98109099114,0.0915510365959741,0.074097733969539,0.990625,0.422113054418589
"sinusoidal",1600,"pg_apf",123,1464.095,239.832275223184,656.584745401305,193.385942511921,292.657224792312,11529.5817536802,241.251714114214,12935.8953892151,605.251036074448,0.163809230427796,0.448457747209918,0.132085651895486,0.199889504979057,7.87488636576193,8.83542078158527,0.00126377858967753,0.00120851147459453,1.26613470902558e-07,0.000638942164366115,0.00193421023877535,6.85355332911711e-06,6.65089685359569e-06,2.25864559847575e-12,4.25060262496789e-06,1.00004057592502e-05,-3121.09259283576,0.0908449493024226,0.0686406576284961,0.97375,0.421144983544151
"sinusoidal",1600,"pg_apf",124,1474.586,369.823215105996,925.330380229679,187.76456548221,232.877983573678,11542.792188511,370.369632916107,12847.2415776598,821.459732147524,0.250797996933374,0.627518761353816,0.127333750274457,0.157927705521196,7.82781891901249,8.71243967978793,0.00128293987261353,0.00122257001468783,1.30517855276662e-07,0.000672198923563455,0.00197782458941171,6.75763941241749e-06,6.53909107996586e-06,2.54727875493328e-12,4.06538806053996e-06,9.86314873070905e-06,-3124.68737441342,0.0840039308434864,0.0653474979755772,0.981875,0.421782986870572
"sinusoidal",1600,"pg_apf",125,1471.772,330.637382335295,774.619697833759,210.974713886195,199.345549552723,11312.5038734465,331.478129218511,12619.051651469,674.68154899593,0.22465258364427,0.526317729807171,0.143347416506222,0.135445945127861,7.68631545745301,8.57405335301189,0.00119674483577406,0.00115993202715286,1.01038670918536e-07,0.00065440122835938,0.00181906333843502,6.86054771593638e-06,6.63100920169309e-06,2.70169297838388e-12,4.09855693244585e-06,1.00381701248093e-05,-3144.2421952141,0.0747141109870929,0.0583257519410407,0.985625,0.41528225971384
"sinusoidal",1600,"pg_apf",126,1469.346,381.135815426379,1113.20203406875,187.683632455754,279.806039578681,11312.2654762832,385.758201743877,12703.6503805449,1024.62925427035,0.259391467650491,0.757617357701147,0.127732768494115,0.190428966069722,7.69884389128443,8.64578552672065,0.00116088153137871,0.00112664553015464,9.28605693147279e-08,0.000594786793433215,0.00175729975943303,6.56401393784392e-06,6.3324223256449e-06,2.42655439591416e-12,3.99837998937492e-06,9.72407394624942e-06,-3144.93914786284,0.0767252426982673,0.0619950682811849,0.995,0.411735399139405
"sinusoidal",1600,"pg_apf",127,1465.341,386.197631706466,897.365954014268,171.623146954723,234.262941432048,11613.4000532392,386.087817449861,13130.4680814377,804.304272912685,0.263554784658633,0.612393943808484,0.117121644009636,0.159869232780662,7.92539078155814,8.96069111656444,0.00128446864981471,0.00123104805219516,1.28916430341738e-07,0.000676361914270614,0.00200681830242961,6.60043742139675e-06,6.39575484305298e-06,2.21240071454609e-12,4.05486134646851e-06,9.56919932555034e-06,-3176.89579500596,0.0820016060063374,0.0667445430514034,0.996875,0.418199009495982
"sinusoidal",1600,"pg_apf",128,1464.993,350.282624682803,861.688792830953,174.494349469057,235.444771295748,11489.9217020813,349.940983715392,12990.867187232,761.902684995319,0.239101910168037,0.588186286781543,0.119109340091767,0.16071392238444,7.84298744231634,8.86752850507274,0.00131400151128907,0.00126408552378493,1.37151344016658e-07,0.000689092645800048,0.00206805013779549,7.07470071103817e-06,6.83288814472061e-06,2.7151639569634e-12,4.13672508951146e-06,1.03800719695161e-05,-3138.47043231503,0.0877772348919389,0.0711313040135201,0.991875,0.42509787658339
"sinusoidal",1600,"pg_apf",129,1465.5,333.535050203496,1034.60526741753,180.921571537549,278.283238829905,11696.7042519783,338.183950404711,13261.5993148007,920.783101866507,0.227591300036504,0.705974252758464,0.123453818858784,0.189889620491235,7.98137444693164,9.04919775830825,0.00136446776649897,0.00130701415114922,1.56744585610549e-07,0.000709185524660994,0.00214324345235686,6.9607810112515e-06,6.73711257706451e-06,2.81306825241789e-12,4.04516332134142e-06,1.0179462146251e-05,-3171.42949242222,0.0949465990043771,0.0720050127425625,0.9775,0.424809542976645
"sinusoidal",1600,"pg_apf",12,1462.891,307.976573726106,788.255053077929,176.610274076975,274.146635223222,11465.3301596079,309.572014947206,12869.0310139892,697.924176883342,0.210525988420263,0.538833756635271,0.120726885377636,0.187400589123334,7.83744664476571,8.79698556761178,0.00124564186769196,0.0011837943217913,1.30002640447224e-07,0.000642586013804501,0.00197793036417277,6.81508201891106e-06,6.68303282414463e-06,2.32577586374169e-12,4.14166214208401e-06,1.00307543257303e-05,-3160.53421133239,0.0904611627494859,0.0716832880100276,0.98875,0.420040518914242
"sinusoidal",1600,"pg_apf",130,1481.886,381.348596249451,971.709590400818,158.035233301996,232.748553658066,11336.9067813065,381.499835010004,12750.7604989749,899.170704921123,0.257340035771612,0.655724927829008,0.106644663153573,0.157062387834197,7.65032315664397,8.6044139015922,0.00120905896121456,0.00115712133721742,1.07436088949215e-07,0.000670428907253467,0.001858816597956,6.93122720681853e-06,6.73781593545107e-06,2.60453884449035e-12,4.01762033279716e-06,1.01419128632232e-05,-3097.02896286553,0.083685677960622,0.0670094078604404,0.990625,0.416547385584665
"sinusoidal",1600,"pg_apf",131,1476.073,448.108355127022,1342.97285912712,139.421692425417,300.583522317823,11355.2862498631,445.78914807229,12766.1118277689,1145.45451460414,0.303581432034203,0.909828212511926,0.0944544696809829,0.203637301351507,7.69290289156641,8.64869950725265,0.00115406597820114,0.00110728643378543,9.92771493247919e-08,0.000596607796593383,0.00181681004154635,6.62160845971271e-06,6.44112612720309e-06,2.11465583992569e-12,3.96245155808937e-06,9.40809563711769e-06,-3196.51148805782,0.0810916647318543,0.0654294609039971,0.99375,0.40951612321759
"sinusoidal",1600,"pg_apf",132,1468.226,367.206842282841,1067.33801024195,169.25932535868,199.439794038246,11331.8397334258,364.470949398402,12915.6174426576,941.454357279755,0.250102397235059,0.72695757345392,0.115281520255519,0.135837258050359,7.71804867467665,8.79675025687982,0.00121073441109853,0.00114655490492676,1.2155591520873e-07,0.000633744248278819,0.00195667113478621,6.65683646906959e-06,6.45912880077758e-06,2.32886706323255e-12,4.0025461480236e-06,9.70995606619063e-06,-3182.46664547411,0.0740882149087924,0.0579462340241964,1,0.414843783165707
"sinusoidal",1600,"pg_apf",133,1471.105,368.901434312549,1195.99731182076,173.991707359177,234.76402011482,11436.5544271302,368.878600836491,12754.7897994952,1052.28147585629,0.250764856561938,0.812992486478371,0.118272799942341,0.159583456051621,7.7741251828593,8.6702103517391,0.00119625590457411,0.00114566595642268,1.02804007837628e-07,0.000653301379897304,0.00183537815975208,6.50272687502331e-06,6.27419798642435e-06,2.54540278225201e-12,3.75881195083778e-06,9.63255924579073e-06,-3145.21230120459,0.0624754748877894,0.0491678568999347,0.993125,0.413439846526682
"sinusoidal",1600,"pg_apf",134,1465.331,316.640306164538,832.962392626443,134.827341603385,246.377398909565,11494.9380188963,316.156710941287,12988.8967069283,751.26582533284,0.216087905165821,0.568446578026701,0.0920115261353136,0.16813771012117,7.84460167627406,8.86413834616775,0.00133342688020973,0.00129487891490747,1.28845011699741e-07,0.000694607279639039,0.00206633419461174,6.85277093131649e-06,6.63562670577045e-06,2.63267069743665e-12,3.99880248201205e-06,1.00702860021338e-05,-3125.35116984036,0.0824305719314309,0.0667115762322853,0.999375,0.427109696563871
"sinusoidal",1600,"pg_apf",135,1478.163,403.077847629617,997.652846574535,125.776451427185,203.309341685367,11742.417886521,402.612234640215,13261.8100984991,889.265768064235,0.272688362264254,0.674927492147033,0.0850897035219964,0.137541896046219,7.94392626964754,8.97181846555428,0.00138552085263639,0.00131214373003385,1.63805822598027e-07,0.000714943809387092,0.00222449658668555,7.03027064562609e-06,6.81496400885772e-06,2.90088033093674e-12,4.09280651017705e-06,1.0377154988092e-05,-3188.59011806309,0.0880043657844689,0.0691593744143664,0.983125,0.425901654074893
"sinusoidal",1600,"pg_apf",136,1476.85,296.550298360764,770.794408476739,198.054000168744,145.825801476555,11592.59128415,297.692595540856,13099.9846840381,693.80014813149,0.200799199892178,0.521917871467474,0.134105698052439,0.0987411053773607,7.84953873727869,8.87022018758718,0.00131872726521472,0.00126486665990617,1.29753633843843e-07,0.000699434307354303,0.00205013917448664,7.09308582041428e-06,6.8789674675694e-06,2.72743770701239e-12,4.15768868436773e-06,1.03300027094809e-05,-3162.3066576166,0.0976974245460941,0.0780044446533702,0.986875,0.423598047433052
"sinusoidal",1600,"pg_apf",137,1467.53,343.464782317045,891.059305834203,112.601113921918,241.003578695959,11278.0184369548,343.047942218324,12788.9195045012,797.956022504293,0.234042767314498,0.607183025787686,0.0767283216846796,0.164223953647257,7.68503433453133,8.71458812051627,0.0012641326861541,0.0012096134064099,1.43548235275052e-07,0.0006636230096796,0.0019871070624956,6.87840340051362e-06,6.64346338354762e-06,2.60371839558718e-12,4.02060712880227e-06,1.01169396018729e-05,-3148.74709665211,0.0857752044321124,0.0649823662165648,0.994375,0.422259117977927
"sinusoidal",1600,"pg_apf",138,1465.417,334.651343741815,877.56467338243,206.256676005593,289.582586734081,11771.5140932972,338.755127403262,13229.8288983298,777.715801832001,0.228365948901791,0.598849797281204,0.14074947677391,0.197611046367062,8.03287671242875,9.02803017730091,0.0013337753686056,0.00128972550596859,1.22207622019328e-07,0.000728453404264588,0.00205852843821655,6.88705972534977e-06,6.61620990058243e-06,2.66206136378882e-12,4.23197574738362e-06,1.01682342117053e-05,-3188.06375731857,0.0822530781465883,0.0631949640636822,0.99875,0.42178109070857
"sinusoidal",1600,"pg_apf",139,1485.082,341.607646889929,1002.43378295486,211.011762927006,245.682932287017,11362.9518662547,341.16630964202,12809.5776461121,830.559027885965,0.230026117675609,0.675002311626466,0.142087617334939,0.165433916973619,7.65139693717566,8.62550192252823,0.0011954006035428,0.0011461381971159,1.0498496685579e-07,0.00063958536998839,0.00184309646210024,6.77526654644274e-06,6.51384459183216e-06,2.64406110354828e-12,4.04667613076346e-06,1.01775716833408e-05,-3140.97114843005,0.077421068291064,0.0630264116168068,1,0.411104076462784
"sinusoidal",1600,"pg_apf",13,1474.878,293.383902451453,736.692923382292,179.00684285022,274.328564256051,11390.6920733453,294.822646051137,12729.8792356935,636.005988850348,0.198920793754774,0.499494143503593,0.121370610213333,0.186000851769469,7.72314189603836,8.63114049819276,0.00120563682254549,0.00116474920493038,9.58387321290019e-08,0.000651404122786962,0.00182898909336111,6.70614154121685e-06,6.49488935351515e-06,2.3115547346731e-12,4.11433101906555e-06,9.7636736163895e-06,-3096.5985935957,0.0945924710167697,0.0773503229176384,1,0.419248505345272
"sinusoidal",1600,"pg_apf",140,1470.721,328.949995301888,827.797540430756,162.120703638494,163.386007803332,11543.9931122699,330.62547771292,13017.3438772302,738.508387822181,0.223665804256476,0.562851513258297,0.110232126717776,0.111092455879349,7.84920668996357,8.8509947687088,0.0012993671133118,0.00124938441655692,1.05720891977597e-07,0.000755195749044341,0.0019815962422427,7.04092391541866e-06,6.84826635189593e-06,2.69519184355344e-12,4.19940764912257e-06,1.03932833952763e-05,-3106.49241613094,0.0962378724175417,0.0720721903885204,0.965625,0.423986255201492
"sinusoidal",1600,"pg_apf",141,1465.943,441.858661604841,1154.49782448771,187.53165395204,272.349064643449,11638.6613180802,440.69785917094,13204.6225670686,1030.41053343028,0.301415990665968,0.78754619005494,0.127925610990359,0.185784211694076,7.93936825516423,9.00759618011656,0.00129285688519125,0.00124296068868434,1.2519454068393e-07,0.000697015195029776,0.00201389184340403,6.77175876447388e-06,6.62071499734664e-06,2.17955763997128e-12,4.14512755304795e-06,9.74115161709985e-06,-3188.9704353966,0.0640612192338586,0.0510952314056136,1,0.419848855330702
"sinusoidal",1600,"pg_apf",142,1465.994,268.748819547391,767.767753036499,114.552218559245,161.60715280255,11618.5661998355,269.345450413007,13293.3072145282,666.285643363468,0.18332190960358,0.52371820964922,0.0781396230538769,0.110237253905917,7.92538455125706,9.06777736779839,0.00138288447069175,0.00132424828908956,1.6789980676099e-07,0.000642199920714871,0.00221364899020934,7.0199394358199e-06,6.77732326529073e-06,3.24666107001025e-12,3.93022092987826e-06,1.07028418106775e-05,-3160.96720829196,0.0768633925662352,0.0593070174443101,0.98875,0.423565504774769
"sinusoidal",1600,"pg_apf",143,1481.729,354.231572091028,868.995837870635,133.702374060931,250.916703729326,11621.4683251908,356.112918347232,13108.5595923943,783.802747930092,0.239066369147819,0.586474205384814,0.0902340266411273,0.169340482456188,7.84318072008498,8.8467996458153,0.00139673919477736,0.00132932321016356,1.73350347596312e-07,0.000694052766822215,0.00222879754851076,7.18920261053435e-06,6.93721147258527e-06,3.02519417848878e-12,4.21042700283014e-06,1.0681473361595e-05,-3149.26781096047,0.0937078209152295,0.0746110184993529,0.998125,0.426363518464156
"sinusoidal",1600,"pg_apf",144,1468.698,355.675728648659,1097.5976193326,183.852358858858,242.892491953242,11802.0363137381,355.223271234525,13355.1391613083,988.833797446514,0.242170772104721,0.747326965334331,0.125180506039266,0.165379466679496,8.03571347801798,9.09318264293157,0.00137062797815705,0.00132445737969386,1.37550321764371e-07,0.000727700899427997,0.00207046589308731,6.73247020331669e-06,6.53775058369968e-06,2.32262290963364e-12,4.12877015318452e-06,9.66324758180852e-06,-3177.8931005953,0.0697254880471376,0.0566976520440683,1,0.424582495529075
"sinusoidal",1600,"pg_apf",145,1475.901,384.094219759907,1188.69748245204,163.911095342258,222.366513112674,11707.8925965369,388.664122478976,13348.4134087318,1063.49158822907,0.260243891534667,0.805404618908746,0.11105832663726,0.15066492475625,7.93270862783944,9.04424714715406,0.0013169377380808,0.00127181387971776,1.22208000674479e-07,0.000673091800858462,0.00198509128960573,6.66586424705749e-06,6.45570409938474e-06,2.27011573442842e-12,3.99810934442072e-06,9.66820703378995e-06,-3140.90965514266,0.0791564705902214,0.0665762446366439,0.99375,0.421289536355764
"sinusoidal",1600,"pg_apf",146,1465.01,354.863420607756,919.253948037141,157.832768715039,190.751200162898,11553.2237895424,355.561166156818,13064.8874871582,778.333965441329,0.242225937439168,0.62747281454539,0.107734942911679,0.130204708611476,7.88610575323197,8.91795106324067,0.00128188458440242,0.00122223334680559,1.31889868224436e-07,0.000655364021744199,0.00199551236999621,6.85754153059876e-06,6.60134853072797e-06,2.63297690255309e-12,4.08641226098023e-06,1.01748886886628e-05,-3179.26172710344,0.0733298722920956,0.0591984443711652,0.998125,0.418044457316162
"sinusoidal",1600,"pg_apf",147,1465.115,370.386138321431,892.037230933794,164.452500437601,212.278413059971,11663.7188190534,371.04806095616,13191.6598409696,794.251352088056,0.25280345796844,0.608851339952013,0.112245455433601,0.144888567149999,7.96095789003146,9.0038391805214,0.00135013634048049,0.0013154547407371,1.24580586279787e-07,0.000726055265738258,0.00202636651692933,6.97439017454337e-06,6.7400258171126e-06,2.96065198911175e-12,3.94329747291177e-06,1.04543796650345e-05,-3135.74976481649,0.0900690254110255,0.0701654480169656,0.984375,0.427576093282687
"sinusoidal",1600,"pg_apf",148,1466.186,354.993632386674,954.77430643934,178.314647861921,263.586557603572,11724.9339284798,353.012860788171,13270.012552392,826.265501557437,0.242120462469751,0.651195896318298,0.121618026540917,0.179777025291178,7.99689393329346,9.05070199305684,0.00134763266295646,0.00129365310161947,1.3551957988286e-07,0.000726694364994475,0.00208723947618802,6.92273679101439e-06,6.72394060689897e-06,2.44106708498307e-12,4.17667899820483e-06,1.01796077060015e-05,-3162.10684972314,0.074288634164706,0.0625570188098274,0.990625,0.421860261426935
"sinusoidal",1600,"pg_apf",149,1471.123,532.948952186412,1550.39129300784,90.3018277205759,163.646087934249,11793.2439006202,534.500227554816,13522.4158157653,1378.73584926968,0.362273550332917,1.05388284528747,0.0613829215643939,0.111238888885735,8.01649073573057,9.19190021212725,0.00150500131516993,0.00142933156066126,2.04370316167597e-07,0.000768535610357411,0.0024049391805205,7.34065431271524e-06,7.07220458198702e-06,3.46500965646936e-12,4.1648838946839e-06,1.10820279899016e-05,-3211.59710806239,0.0824068403343863,0.0687977285956538,1,0.431647920370016
"sinusoidal",1600,"pg_apf",14,1470.628,394.899389164245,1020.68799028839,108.323651697224,231.811867180984,11699.6937023291,397.078770195717,13249.341761416,920.360199817858,0.268524323733973,0.694049066309355,0.0736580914393198,0.157627807427156,7.95557659879254,9.00930878605331,0.00136201414160566,0.0013117163608214,1.44548120267998e-07,0.000697327965000464,0.00210924755902251,6.95678661093058e-06,6.75441065115263e-06,2.80833190973206e-12,4.08373815120896e-06,1.04273795559955e-05,-3186.95037093093,0.0736458313594542,0.0610992763416018,0.99625,0.425950697356549
"sinusoidal",1600,"pg_apf",150,1477.041,309.939678013634,831.048424533326,189.896501689592,200.918854232148,11547.3797768467,308.361673269639,13038.1393958071,725.869228115697,0.209838236050072,0.562644113828476,0.12856549120139,0.136027946571658,7.81791417898807,8.82720208566117,0.0013247139337399,0.00126808893238907,1.37369770790228e-07,0.000691733719474999,0.00203708568774443,7.03503287546205e-06,6.86936443061295e-06,2.52718133841041e-12,4.27580722402812e-06,1.03603460378914e-05,-3155.12596895435,0.081776353544262,0.0649964128838802,0.994375,0.422096613773284
"sinusoidal",1600,"pg_apf",151,1472.698,395.575200011217,1056.70496535925,154.849952025471,258.710949191847,11907.2435989538,396.812277718424,13572.2509097961,935.310903308409,0.268605783406521,0.717529979234882,0.105147119114354,0.175671420204174,8.08532611503094,9.21590910682031,0.00144329765718979,0.00138791215127354,1.57730466224504e-07,0.000771717233978657,0.00224052252215931,7.0967465128018e-06,6.84156194456e-06,2.84562640977058e-12,4.18844460672378e-06,1.05480089467032e-05,-3182.06732113818,0.0790755659519717,0.063168505647224,0.99125,0.427246947831499
"sinusoidal",1600,"pg_apf",152,1475.7,424.213251261941,1174.5370950859,158.726055155731,206.154962350208,11846.7074324165,420.06221592976,13490.1031168146,1067.6084738087,0.287465779807509,0.795918611564612,0.107559839503782,0.139699777969918,8.0278562258023,9.14149428529826,0.00146490172664899,0.00140734425276575,1.70762480613766e-07,0.000746123099462052,0.00229450658049406,7.08935291181296e-06,6.84591560736765e-06,3.04050962292126e-12,4.2013892109681e-06,1.05050771818425e-05,-3190.98994014816,0.0923527180243142,0.0751835391196681,0.9875,0.431177786033999
"sinusoidal",1600,"pg_apf",153,1468.308,358.48232299716,964.132328581779,177.688878198654,241.684260019616,11438.1373396889,357.726090456174,12594.5619149582,844.952038174855,0.244146543502562,0.656628124740708,0.121016079867885,0.164600519795313,7.79001227241758,8.57760218902177,0.00121038398217048,0.00116767819597374,1.01829876351991e-07,0.000670365110946622,0.00185512184073573,6.85274042367779e-06,6.63966210896e-06,2.71249642061268e-12,3.95605766552956e-06,1.00604890773796e-05,-3154.52417969944,0.0896550202190173,0.0703984916023259,0.993125,0.418074857449733
"sinusoidal",1600,"pg_apf",154,1475.207,438.41263362063,1237.03362491797,161.13807102542,256.550376672354,11590.5033322674,441.494449169952,13155.2698559887,1089.71044082141,0.297187197200549,0.838549183211556,0.109230820505474,0.17390805268166,7.85686573631188,8.91757553752709,0.00133674544348485,0.00128076353083861,1.42602205946929e-07,0.000683543488815656,0.002069105463048,6.88950315400175e-06,6.69808452436912e-06,2.5643460427832e-12,4.0982729774847e-06,1.01624941011109e-05,-3148.54009718864,0.0833786573808124,0.0685162645709538,1,0.422259442894422
"sinusoidal",1600,"pg_apf",155,1464.897,447.273177055192,1157.33088654944,202.973567260312,183.097665728533,11484.0649835124,447.402050113691,13027.0140012079,1041.15279747894,0.305327389608411,0.790042498926163,0.138558251713473,0.124990129496158,7.83950338045089,8.89278495430593,0.00125864480866947,0.00122389182532877,1.1243154302316e-07,0.000653024356613201,0.00192638027341807,6.77077028886677e-06,6.56108005325662e-06,2.77511328152627e-12,3.83211668655741e-06,1.00970074285093e-05,-3171.91638777863,0.0740853924283112,0.0603242600324667,1,0.418951133832723
"sinusoidal",1600,"pg_apf",156,1464.884,442.680776615976,1184.87699313403,150.117327105708,194.21382065359,11355.4542371246,442.670924760332,12761.9839372052,1005.79942150926,0.302195106654163,0.808853802167294,0.102477279501795,0.13257965863071,7.75177709438057,8.71194165354061,0.00118847148839736,0.0011357612634666,1.00008849261952e-07,0.000632886070101544,0.00184447297873788,6.7241826157742e-06,6.58780170253615e-06,2.28941762933153e-12,4.05996158222298e-06,9.64260375749476e-06,-3186.13368668327,0.0721693511364501,0.0587462550335129,0.999375,0.413586698401815
"sinusoidal",1600,"pg_apf",157,1471.09,369.203094583252,892.687331028432,142.650681673712,207.592313479678,11865.1888162926,372.59360264269,13242.3782188536,789.153242441496,0.250972472508991,0.606820338000008,0.0969693775864918,0.14111462485618,8.06557642040433,9.00174579315584,0.00135114759591141,0.0013155204212613,1.32518123412912e-07,0.000678639204909205,0.00202549980706775,6.78054114385515e-06,6.5187365446145e-06,2.566840746946e-12,4.072229081859e-06,1.01527219066156e-05,-3187.3583543513,0.0801201248921147,0.0658114109016098,1,0.421626361985575
"sinusoidal",1600,"pg_apf",158,1467.775,398.797536764339,988.724636529861,173.662962384968,279.739235210538,11520.733315917,398.039879317442,13318.4387649698,890.555760504603,0.271702091100025,0.673621390560447,0.11831715513956,0.190587273397175,7.84911400992452,9.07389672461363,0.00135462841168219,0.00127512008203332,1.80966126480307e-07,0.000694981155458035,0.00225279338414381,6.80644263749472e-06,6.61370371861022e-06,2.39742046367689e-12,4.08182082503722e-06,9.857260338862e-06,-3148.33832854128,0.0787209299274211,0.0611781334666129,0.988125,0.422080385223573
"sinusoidal",1600,"pg_apf",159,1465.46,456.071775698093,1267.37511578618,82.766770337614,226.751300738302,11496.0504395401,454.061354205335,12994.0971835294,1120.79005623012,0.311214073190734,0.864830917108747,0.0564783551496554,0.154730460564125,7.84467023292352,8.86690676206066,0.00127054250825368,0.00121182992355306,1.33451188197626e-07,0.000666260538201537,0.00201480166551721,6.79725137566097e-06,6.55330545484853e-06,2.62628102817451e-12,3.89152455220355e-06,1.0122257385024e-05,-3174.09310216578,0.093759795228864,0.0726149751825058,0.983125,0.418446121091051
"sinusoidal",1600,"pg_apf",15,1473.152,250.605387757292,679.237850996555,197.569188626416,223.125485372218,11472.8362749372,247.488657115724,12987.2072632998,587.753487092693,0.170115091828468,0.461077913885706,0.134113240606819,0.15146127851859,7.78795146389317,8.81593159653575,0.00128651491636306,0.00123527727191235,1.28857129617002e-07,0.000656841537311693,0.0020120805043582,6.82969900627473e-06,6.66973935538447e-06,2.4222403944049e-12,4.07010746659251e-06,1.00256047192828e-05,-3155.31091240405,0.0846664923958911,0.0665806942476372,0.998125,0.422178865950141
"sinusoidal",1600,"pg_apf",160,1470.646,358.704541618811,1030.10039026638,241.854887058029,244.300941432615,11489.346864083,361.624843512138,12922.1886546844,928.360885414781,0.243909507535335,0.700440752068396,0.164454863412425,0.166118115054619,7.81244899457991,8.78674314191481,0.00122256235881924,0.0011840406423476,9.90260096072219e-08,0.000683251998435315,0.00185274073591743,6.86949181113518e-06,6.66231231061489e-06,2.62569745586212e-12,4.07886232828349e-06,1.02136648075873e-05,-3168.52023147521,0.0712978412252359,0.058666764148163,0.995,0.41599522814034
"sinusoidal",1600,"pg_apf",161,1463.956,300.413787931197,847.241345230072,133.824588939054,293.720204450206,11582.3474951064,300.191954698475,13181.9070251626,771.254795120714,0.205206842235147,0.578734159517139,0.0914129857311656,0.200634584953514,7.91167732848967,9.0043054744559,0.00134902330829815,0.00128102419099056,1.53336033559365e-07,0.000712330876330544,0.00215290117675045,7.14726889707453e-06,6.90947684804904e-06,2.67381837776035e-12,4.33212090097818e-06,1.04161762582016e-05,-3143.44948503805,0.0833140553648804,0.0656496777782107,1,0.424094737046503
"sinusoidal",1600,"pg_apf",162,1465.026,386.475577550498,1031.11063267412,165.295589601127,249.30283165392,11508.8743404628,385.826311373595,12906.0971718414,893.849013451972,0.26380117318771,0.70381729243994,0.112827751590161,0.170169561259609,7.85574750240802,8.80946629741821,0.00125831455363483,0.00121085947234399,1.1743216847531e-07,0.000684436059265048,0.00193991185444722,6.78056994919651e-06,6.54408024137208e-06,2.86732609225071e-12,3.78007495205285e-06,9.98367078826689e-06,-3146.90237777153,0.0818564771813552,0.0642908282320825,0.9975,0.421234776943993
"sinusoidal",1600,"pg_apf",163,1469.848,453.6790845653,1258.13107313894,187.796201765842,236.046745448963,12029.5834386608,454.990194898077,13798.3853698856,1140.63618335993,0.308657143163987,0.855959985752908,0.127765729358302,0.160592622807912,8.18423635550123,9.38762740765412,0.00147593907792785,0.00140506781027185,1.82724904558409e-07,0.000778311065951971,0.00233176167272064,6.88181423795098e-06,6.65951551605916e-06,2.6332038435662e-12,4.06651601344872e-06,1.00735326091099e-05,-3171.39091143494,0.0927461722518827,0.0776505146647569,0.9875,0.428054159850544
"sinusoidal",1600,"pg_apf",164,1466.514,469.021820779154,1295.47144873903,164.993716510903,218.687354293939,11772.7898830024,465.510111679964,13565.1328388412,1171.83472135439,0.319820895524458,0.883367938348376,0.112507426803224,0.149120536383518,8.02773780748251,9.24991704057458,0.00146443017676654,0.00139952648485447,1.81995671927353e-07,0.000766495348228639,0.00230623633847096,7.22039644727108e-06,7.04345775399564e-06,2.77089481890836e-12,4.06921987899077e-06,1.04672985570625e-05,-3159.32479031976,0.0832698446712426,0.0681488839995674,0.98875,0.430402132410187
"sinusoidal",1600,"pg_apf",165,1469.511,345.838190300571,871.088610863886,192.104731269541,214.28770695022,12035.3997130841,345.792224463706,13728.9042703657,779.357119809634,0.235342362391687,0.592774474545537,0.130726977388765,0.145822458593518,8.19007119584958,9.34249847082852,0.00151981243407972,0.00144542741899325,2.0404241449899e-07,0.00074353985666879,0.00240919880826006,7.14240913315376e-06,6.91753664063522e-06,2.81354935035206e-12,4.21119135836306e-06,1.05869716160949e-05,-3184.15420779958,0.082030032488255,0.0666836305170632,0.996875,0.430599606417407
"sinusoidal",1600,"pg_apf",166,1465.528,319.497018666332,869.675983037547,152.604704559189,280.389789829837,11667.2684685695,318.375045263508,13248.6862670262,738.019852622604,0.218008129947932,0.593421608483459,0.10412950456026,0.191323393227449,7.96113651091586,9.04021367522573,0.00133309975346748,0.00125984441155886,1.59933666726757e-07,0.000714101921787864,0.00210375803273278,7.04554014315754e-06,6.8419441137772e-06,2.52655516606204e-12,4.27202971517086e-06,1.02472226409316e-05,-3162.6737202298,0.0811012244812291,0.0657911324287823,1,0.42470661097812
"sinusoidal",1600,"pg_apf",167,1470.93,343.784661288533,904.850348418737,110.349334988898,203.737957604869,11873.083559484,343.025253464802,13493.0713334936,799.517722929711,0.23371925332173,0.615155274838869,0.0750201131181622,0.138509621535266,8.07182092926515,9.17315666516668,0.00147799118620152,0.00142401083489265,1.89425563979019e-07,0.000729834698692619,0.00234807862327235,7.09059486015881e-06,6.84357781155843e-06,3.03161798862917e-12,4.14579749336303e-06,1.03858979843535e-05,-3208.61052619521,0.0807022887187453,0.0605961139915533,0.988125,0.431625595479087
"sinusoidal",1600,"pg_apf",168,1463.751,338.5895106802,979.570762969123,200.149101231395,266.263827846527,11455.7256296739,334.811628461051,12861.9530692624,817.030478445723,0.231316330906145,0.669219534585543,0.136737123480288,0.18190513813246,7.82628030974796,8.78698157628068,0.00126384209911436,0.00121005151884497,1.20659240130936e-07,0.000658652065871144,0.00199263826517811,6.96763000237793e-06,6.74984235283261e-06,2.80252749416482e-12,3.97619632137281e-06,1.02387012145485e-05,-3154.30920451295,0.0900062479259,0.068740545228109,0.983125,0.422211159551254
"sinusoidal",1600,"pg_apf",169,1469.462,346.145091251521,946.909257037088,123.165254654473,259.130610945364,11643.2062351867,346.680999016828,13432.6821501235,854.244518677511,0.235559062603539,0.644391795798114,0.0838165632418351,0.176343866629667,7.92344833359876,9.14122457751441,0.00142167191647609,0.00136544786793182,1.70181723403557e-07,0.000686464037827366,0.00221559350220594,6.96738041306397e-06,6.76719466159068e-06,2.67230380098583e-12,4.14287723509026e-06,1.02400560889403e-05,-3201.18364863496,0.081330683391562,0.0636592455099376,1,0.425352281443377
"sinusoidal",1600,"pg_apf",16,1473.611,302.36843535715,813.175413050779,174.807377083652,204.803410299773,11603.6223378468,303.615448688074,13040.2673363821,710.944611925234,0.205188774620405,0.551825015591482,0.118625184722191,0.13898064706342,7.87427776926667,8.84919245064136,0.00124469208375209,0.00119810856071805,1.0845995850566e-07,0.000701905077484635,0.0019105328199623,6.67503831293398e-06,6.42316386128193e-06,2.72053495280774e-12,3.82347595850896e-06,9.91864563994482e-06,-3162.7696997,0.0773805030555249,0.0611232453421584,0.99375,0.417673697203562
"sinusoidal",1600,"pg_apf",170,1467.369,552.31224237634,1570.81139472337,121.416263210809,307.735200240574,11882.1796485362,549.156042318459,13767.9360215115,1416.07868065006,0.37639628639854,1.07049514793032,0.0827441926405761,0.209719027893171,8.09760847376235,9.38273605446995,0.00155206585157668,0.00149832531695498,2.13538778896502e-07,0.000755073196534045,0.00243348802616102,7.21022851209305e-06,6.99368704160794e-06,3.0590610700185e-12,4.24038583945641e-06,1.07251262468167e-05,-3143.66247949344,0.0841274245201286,0.0661535322044284,0.986875,0.435917926368401
"sinusoidal",1600,"pg_apf",171,1468.826,396.039309245951,1020.55614755572,199.591234893049,257.949394760374,11341.3402794986,396.89847130984,12697.9312205109,915.603283106789,0.269629833108857,0.694810785998969,0.135884873288632,0.175616032641289,7.72136405503346,8.64495264960646,0.0011922225401805,0.00114137800159605,9.76760193273577e-08,0.000651146030204069,0.00182320804041254,6.75119892307375e-06,6.55037630297171e-06,2.46173040507232e-12,3.99666210697088e-06,9.757416586971e-06,-3164.30818246579,0.0935717682821807,0.0743303161322556,1,0.416707827327855
"sinusoidal",1600,"pg_apf",172,1466.691,371.183705265364,1023.13456768817,160.025520302082,273.420346893128,11796.1443169167,372.206135948358,13337.1695632331,902.899939010019,0.253075600290289,0.697580177207177,0.109106499120866,0.186419870915638,8.04269223504927,9.09337383486578,0.00141341035249252,0.00134872653678826,1.68304345481539e-07,0.000702217394824547,0.00219382926749457,7.13685131363759e-06,6.83415652660224e-06,3.00606439624162e-12,4.17963749261886e-06,1.06712054139612e-05,-3159.07672872872,0.0854771352666619,0.0678431695279674,0.999375,0.427536971857341
"sinusoidal",1600,"pg_apf",173,1464.518,354.223122476975,992.253909888473,176.969726223853,249.243073271874,11975.5277358298,355.268474950642,13623.7191231374,838.532115381391,0.241870105029077,0.67752933722117,0.120838204941048,0.170187784152789,8.17711201626053,9.30252760508061,0.00153519328509774,0.00149826838610105,1.69699090672819e-07,0.000777587953138475,0.00234632251359242,7.19598081254785e-06,6.9403422433271e-06,3.07910508731969e-12,4.22140977101394e-06,1.08865810600107e-05,-3108.71101837646,0.105112611395919,0.0804578842835122,0.9725,0.437780644308893
"sinusoidal",1600,"pg_apf",174,1472.063,386.537739495263,978.281311757816,155.199334104404,189.491879100226,11908.6709397396,386.97486345138,13508.6295375007,898.39407635166,0.26258233478816,0.664564839791378,0.105429817952359,0.128725386821234,8.08978348055731,9.17666535841246,0.00150514069481531,0.00144407501102394,1.80980159031353e-07,0.000749803324056132,0.00239345323726328,7.1913228344198e-06,6.99439532243677e-06,2.94503108657118e-12,4.11454008961973e-06,1.06789814025708e-05,-3168.83563507783,0.0695051134460388,0.055176944251275,1,0.43200736730766
"sinusoidal",1600,"pg_apf",175,1471.4,394.308543442116,1047.12016975046,176.478512447923,222.929727969396,11591.2528031613,393.905884290808,12988.6077251535,924.464276810039,0.267981883540925,0.711648885245658,0.119939182036104,0.151508582281769,7.87770341386522,8.82738053904684,0.00127489962468295,0.00121602677512667,1.21464382136609e-07,0.0007036601212133,0.00199687872694147,6.92300844845657e-06,6.62937428577458e-06,3.12142417734555e-12,4.01807335941442e-06,1.02310234774837e-05,-3199.33611160053,0.0924144254592422,0.0745193335213733,0.975625,0.416107656437272
"sinusoidal",1600,"pg_apf",176,1466.186,419.285575367292,1196.62649983474,145.741021226437,175.831674501309,11672.6436431177,413.542710112826,13004.2855062449,1041.96509798506,0.285970248909273,0.816149178777278,0.0994014546765809,0.119924535155369,7.96122977788474,8.86946506530886,0.00137191816741162,0.00129532258152666,1.60890137719445e-07,0.000737864397442093,0.00224213263943052,7.25753225534899e-06,6.97689863257439e-06,3.36784665303217e-12,4.06691952733429e-06,1.10450512312372e-05,-3159.70016890343,0.0820019578071788,0.0670915194558459,0.99625,0.426931219180306
"sinusoidal",1600,"pg_apf",177,1480.964,383.874024207927,951.806792558084,214.484747026698,247.210237909675,11422.3955344837,385.282483243268,12841.4193178365,841.579064304722,0.259205506823884,0.642694078018158,0.144827792590973,0.166925217567527,7.71281107068348,8.67098681523423,0.0012569761004878,0.00119400746002643,1.23072422191601e-07,0.000671554275565484,0.00197842128623295,7.03835038417602e-06,6.77096733802564e-06,3.05632029983274e-12,4.03909084733404e-06,1.03853332216886e-05,-3161.6308973531,0.0840969435767697,0.0612718211733832,1,0.421046330162971
"sinusoidal",1600,"pg_apf",178,1478.439,324.148163936791,853.482369284987,170.464107886209,211.213975549942,11643.2424924183,325.511369901024,13092.5348305643,726.135056175163,0.219250279475035,0.577286157416699,0.115300061677356,0.142862827313093,7.87536211667731,8.85564763278317,0.00134730818294273,0.0012937613943436,1.47244441553392e-07,0.000706840889787061,0.00214311976306822,6.96487486786587e-06,6.72722823425961e-06,2.64650452684681e-12,4.1565539198999e-06,1.03914828671014e-05,-3151.47753586572,0.075985102762956,0.0614524357913091,1,0.425747563913843
"sinusoidal",1600,"pg_apf",179,1463.781,449.990292045827,1263.56229495505,220.766326929119,225.891208938878,11576.4788006496,449.775152976105,12790.7836866945,1134.58427762597,0.30741640453444,0.863218128227549,0.150819232473382,0.154320358673106,7.90861392561428,8.7381812488989,0.00128832821438635,0.00123875314129987,1.17380127842369e-07,0.000683586787163362,0.00198666634585644,7.00116916329696e-06,6.75779477964927e-06,2.80617223724852e-12,3.99000085391728e-06,1.03177885983023e-05,-3167.2774322897,0.0910946782604541,0.0715870585899059,0.98125,0.422369441432158
"sinusoidal",1600,"pg_apf",17,1473.109,290.987872037517,849.371479469922,178.138426542906,212.793963908749,11756.1824440058,291.362735850085,13038.1555971659,746.758917028351,0.197533157449664,0.576584271408241,0.12092684692233,0.144452286903922,7.98052448529321,8.85077451645864,0.00127476139140842,0.00123265991658887,1.03803670896638e-07,0.00071173235161938,0.00192358872249204,6.70316996148275e-06,6.4887176079491e-06,2.61364445181985e-12,3.88003277679221e-06,9.92311659199848e-06,-3187.39405976322,0.0704250061828844,0.056056191206117,1,0.418081995419262
"sinusoidal",1600,"pg_apf",180,1464.557,364.580782486738,922.29111600454,191.093180952269,290.016572792063,11545.1010893885,364.438344247231,12976.5048483785,819.550436892648,0.24893587787074,0.629740676535321,0.130478486636074,0.198023411032868,7.88299881082707,8.86036176699066,0.00123447203766149,0.00118883446356804,1.03916037074462e-07,0.000679142631727236,0.00190117303118967,6.7613409366891e-06,6.56120640795975e-06,2.41650531796044e-12,4.09821829438034e-06,9.92676958630145e-06,-3138.99271691347,0.0665644104070979,0.0534576386650401,0.993125,0.415558284683878
"sinusoidal",1600,"pg_apf",181,1467.112,434.687550881804,1116.41551992974,130.186581202568,297.147919800494,11740.1425689546,433.144581393831,13255.9461596029,1024.06508466901,0.296287911817096,0.760961344416606,0.0887366344236625,0.20253935609585,8.00221289782552,9.03540163232454,0.00136629891129592,0.00130589140207571,1.57808292824746e-07,0.000702997603288878,0.00217390739067874,6.96739075761521e-06,6.76073796358675e-06,2.53097447510841e-12,4.12696092358704e-06,1.01711690411067e-05,-3165.73873807683,0.087809608299996,0.0698765107733056,1,0.426095016379976
"sinusoidal",1600,"pg_apf",182,1464.255,309.173288341065,873.768449523228,144.217455449327,235.033824033507,11600.0880334168,305.806086459627,12997.2301853297,768.669663897025,0.211147162441696,0.596732433574226,0.0984920355056507,0.160514271102716,7.92217751239835,8.87634338645229,0.00131974992493241,0.00124359819443408,1.54598255407353e-07,0.000692046572660279,0.00209150934740828,6.90021083136163e-06,6.65426002953373e-06,2.66723902210952e-12,4.11261293938312e-06,1.0296599013735e-05,-3126.69880968809,0.0912992257255453,0.0670359265273924,0.9825,0.424775814347203
"sinusoidal",1600,"pg_apf",183,1464.052,376.969352154901,1047.0061158107,214.067405471496,313.650237865685,11608.6664919585,376.801398211799,13166.6097286929,910.17373624951,0.257483581290078,0.715142710648735,0.146215711922457,0.214234356338221,7.92913536674823,8.99326644729347,0.0012601691604336,0.00120588022795936,1.13480678599349e-07,0.000677886233313902,0.00188621582832824,6.52730165333828e-06,6.36986626624923e-06,2.33323502640244e-12,3.77018528008687e-06,9.52688390869963e-06,-3161.25911188568,0.0734962483305605,0.0579006098500298,1,0.418679862152054
"sinusoidal",1600,"pg_apf",184,1464.91,459.135425853603,1201.27262288798,208.915437044712,226.145858821831,11453.102593643,458.75375746818,12833.850285459,1061.02992389391,0.313422275671272,0.820031689924968,0.142613155104895,0.154375257744047,7.81829777504627,8.76084557103098,0.00124656356636743,0.00120084210567548,1.06092854991218e-07,0.000678678666813077,0.00188959046217917,6.83931734112973e-06,6.61679709579533e-06,2.65109756787182e-12,4.01168934862594e-06,1.00410448849344e-05,-3144.1648632911,0.108732673156698,0.0853309394508703,0.985,0.422185187798954
"sinusoidal",1600,"pg_apf",185,1474.73,315.698585424181,957.435635134342,135.770407075694,256.184846808623,12002.4424985385,316.299764995619,13532.9789967303,868.270844675066,0.214072125354595,0.649227746865082,0.0920645861111484,0.173716440845866,8.13873895461443,9.17658079562384,0.00146381504107376,0.00140196878540318,1.65789888198642e-07,0.000780775809397672,0.00228269294252176,7.25074509080245e-06,7.06074756657175e-06,2.6118465858315e-12,4.46578547197585e-06,1.04995276626877e-05,-3161.89922146068,0.101716706777912,0.0824008202013294,0.980625,0.429227637233987
"sinusoidal",1600,"pg_apf",186,1468.226,295.812665794939,783.329364098865,138.824853664927,254.412835428104,11553.0211951178,296.996109380893,12988.3201631307,686.420938093631,0.201476248067354,0.533520972996572,0.0945527825177645,0.173279069726393,7.86869405331183,8.84626764757651,0.0012945561146403,0.00123848112009266,1.26957828992228e-07,0.000687973496559517,0.00201445628452057,6.89783977280012e-06,6.66480588882513e-06,2.55598192583786e-12,4.14369913349291e-06,1.00896099752244e-05,-3154.90378549221,0.0915656681438679,0.0714785241320686,0.975,0.423951986769266
"sinusoidal",1600,"pg_apf",187,1469.899,354.369503500911,1132.94562846687,102.052138410468,222.650670023526,11818.3174439088,352.698207822194,13600.9096123434,921.684427845549,0.241084253748666,0.77076426915514,0.0694279936311734,0.151473448191696,8.04022415411455,9.25295521144202,0.00147768026412857,0.00141525973479017,1.87549716981517e-07,0.000713733853112442,0.00233509404817172,6.94185655521876e-06,6.65672432736767e-06,2.9591742433366e-12,4.07001403226885e-06,1.05366071078028e-05,-3159.000646962,0.0925993449236945,0.071450415206372,0.99875,0.432472160544332
"sinusoidal",1600,"pg_apf",188,1477.686,370.679631081174,1036.93437209303,134.654274919809,327.114251037682,11758.2714333731,371.08596641443,13284.2712881238,894.149654425472,0.250851419774684,0.701728494479229,0.0911250935041738,0.221369256416912,7.95721921529545,8.98991483178688,0.00136086416079906,0.00129892245979023,1.48808811668517e-07,0.000716256983081259,0.00213310398380919,6.72239213940295e-06,6.54498775498549e-06,2.32066986590681e-12,4.09437741314742e-06,9.72363727075977e-06,-3170.99256977397,0.0937590195714657,0.0767527686303357,0.99,0.424082774089918
"sinusoidal",1600,"pg_apf",189,1505.526,356.876572626022,1011.80863752958,201.806484095929,276.967615996925,11651.5083159885,359.055814825173,13198.9063267127,900.63219110834,0.237044443354696,0.672063210817731,0.134043838562688,0.183967341644664,7.73916114101551,8.76697335463665,0.00133870361243639,0.00128283226818817,1.44104315587879e-07,0.000696891522162053,0.00208792772995779,6.94708687469706e-06,6.7214028095596e-06,2.65883229202808e-12,4.09554438485281e-06,1.02075551340831e-05,-3180.48144494224,0.0733123691549257,0.0555150796879867,0.998125,0.424131144088081
"sinusoidal",1600,"pg_apf",18,1483.385,351.047025559831,984.25214323299,168.770771285837,200.167128866545,11752.3168275995,352.82531738628,13560.570359929,855.481003266491,0.236652673149473,0.663517659429609,0.113774085140296,0.134939431682635,7.92263426392977,9.14163912937569,0.00145114764794452,0.0014038576597353,1.55561984469963e-07,0.000710600782407928,0.00220334248619841,7.01390363263888e-06,6.71932054794848e-06,2.8414099481141e-12,4.28634217409546e-06,1.05734435273562e-05,-3145.02459716564,0.0820999365807092,0.0653009912490389,0.995,0.4301449727635
"sinusoidal",1600,"pg_apf",190,1469.645,358.291306317418,926.413951829615,191.942098616669,155.264391741429,11445.063302721,357.704255240713,12732.9071752009,821.778016426835,0.243794458061245,0.630365803870741,0.130604396719391,0.105647548721922,7.78763803688716,8.66393392635696,0.0012516482960477,0.00121256262974227,1.10571418208464e-07,0.000650814225580749,0.0018769429116963,6.96799331416724e-06,6.70733812234972e-06,2.78772444929732e-12,4.23477517099651e-06,1.06165044887059e-05,-3130.39000011943,0.0805976044605076,0.0596215378036448,0.989375,0.420114873816311
"sinusoidal",1600,"pg_apf",191,1473.641,260.78443063503,733.847155473982,211.259343698007,234.879360983428,11433.8168408759,264.949850035504,12914.8269227007,637.071799409813,0.176966052542668,0.497982314195915,0.143358758135806,0.159387096981849,7.75888892944478,8.76388952445046,0.00142234994634193,0.0013636304037205,1.58066224486492e-07,0.000705448238316331,0.00219880598123679,7.46017260616605e-06,7.10951056491421e-06,3.80552575720325e-12,4.23892363818797e-06,1.12417690467841e-05,-3160.3611419852,0.0957940479252912,0.0727946427129247,0.97875,0.432563425065208
"sinusoidal",1600,"pg_apf",192,1462.86,348.041058200534,845.364045847336,129.293460394107,294.6276392513,11649.1598361557,347.937711315604,13049.9012426721,740.614900949426,0.237918227445233,0.577884449535387,0.088384028816228,0.201405219399874,7.9632773034711,8.92081350414401,0.00131550755712607,0.00125801870650327,1.48087817024123e-07,0.00062816823436868,0.00204280890127326,6.91122026273415e-06,6.663998978569e-06,2.64889331760431e-12,4.09052556242898e-06,1.01596866702466e-05,-3190.55136229801,0.101312205027539,0.0824650745634058,0.973125,0.420867348853916
"sinusoidal",1600,"pg_apf",193,1464.212,305.407213415676,771.033721363705,147.459074518213,138.215932534913,11503.2753637314,307.883560432007,12983.681852536,700.273083083097,0.208581280180517,0.526586123705928,0.100708828037343,0.0943961205992797,7.85629086753245,8.8673510752104,0.00127944049260511,0.00123093499634958,1.4142730506497e-07,0.000622313346211231,0.00201838558737569,6.75041164868584e-06,6.48085315461411e-06,2.73089668847587e-12,3.97800975769143e-06,1.01682689941784e-05,-3180.342172964,0.081333645030798,0.0668329652265093,0.9925,0.419494412208727
"sinusoidal",1600,"pg_apf",194,1462.706,417.515364325768,1070.62979398193,153.903650953097,225.67464937043,11611.4352240702,416.832494835917,13246.7675752132,966.092006440607,0.285440385371885,0.731951461183539,0.105218445096347,0.154285720691944,7.93832473789688,9.05634322633067,0.0014634202220096,0.00139801186273617,2.13042263749202e-07,0.000727247521213232,0.00233536941569608,7.35500874195884e-06,7.04879049795213e-06,3.67897137140653e-12,4.28049300218114e-06,1.15878420268963e-05,-3133.08049835913,0.0808073131713227,0.0637463144122951,0.993125,0.432649523642346
"sinusoidal",1600,"pg_apf",195,1463.233,344.379910758602,1048.41282936789,174.387850025874,232.718900984802,11865.2185319504,339.484690918861,13463.225856436,956.378303809284,0.235355483889854,0.716504363534642,0.119179823053385,0.159044322390762,8.10890578052193,9.20101300096155,0.00149351036566837,0.00145676219388055,1.65277496156775e-07,0.000773203456360089,0.00233909955895584,7.37072567683082e-06,7.10521817342811e-06,3.40102635238672e-12,4.30692656217606e-06,1.10093187452996e-05,-3143.57734741989,0.094177636147938,0.075546565371229,0.979375,0.433640506099035
"sinusoidal",1600,"pg_apf",196,1471.28,416.130654997808,1085.45858829309,193.001717723104,265.414590630382,11402.7259947943,413.920182953238,12759.8056207661,992.980680973092,0.282835799438454,0.737764795479508,0.131179461233147,0.180397062850295,7.75020797862698,8.67258823661441,0.00118227160717959,0.00114553012125342,8.69972658884865e-08,0.00067863452430864,0.00179600803238469,6.78931974792361e-06,6.56266496374248e-06,2.48869082587999e-12,4.10078027678181e-06,9.93737718826508e-06,-3196.80143268822,0.0855340430997394,0.07205944084314,0.989375,0.413286379326849
"sinusoidal",1600,"pg_apf",197,1462.632,273.156756095531,782.28635050488,200.224180074184,261.27192732234,11311.8710388181,272.822052731198,12688.6586654499,681.182557182978,0.186756994305834,0.534848376423379,0.136893066796148,0.17863134904907,7.73391464074224,8.67522293061405,0.00117173460250027,0.001126582596213,8.91476875281065e-08,0.000667686069994463,0.00179573124997569,6.73928064232938e-06,6.58299805927863e-06,2.20238202764759e-12,4.05000360776263e-06,9.62760672735428e-06,-3145.64128070877,0.0736151341291571,0.0586760807842887,0.991875,0.414123449063239
"sinusoidal",1600,"pg_apf",198,1471.94,460.500188396442,1212.58589510364,183.698859574763,211.89605937481,11318.3399699502,461.951336726184,12717.3180853474,1071.36876124316,0.312852554041905,0.823801170634426,0.124800507883992,0.14395699510497,7.68940308025478,8.63983456210676,0.00117720833023189,0.00113863082517902,9.48543919159257e-08,0.000620072747062601,0.00177727687199325,6.67397707332523e-06,6.48111399559979e-06,2.34940787197457e-12,4.05681746906572e-06,9.75068643331983e-06,-3160.08964316121,0.0874850354486313,0.0659309812326518,0.9825,0.410987407224086
"sinusoidal",1600,"pg_apf",199,1473.505,251.265974114982,635.090682541863,157.311849403983,188.294298547284,11473.6616318674,252.77692978351,12879.7671355258,536.386808145142,0.170522647778584,0.431006805230972,0.106760309197447,0.127786670929032,7.78664587623891,8.740904941297,0.00123911872184185,0.00118975656402449,1.16069835764197e-07,0.00064379684219358,0.00188398742997496,6.70043680030311e-06,6.48056872097343e-06,2.46115323198444e-12,3.94979401566528e-06,9.66937543556763e-06,-3115.58601359994,0.0882695317242243,0.06834049101319,1,0.419765897603927
"sinusoidal",1600,"pg_apf",19,1479.673,288.84299144951,809.408170966967,151.105282968218,198.841731332512,11612.0994961522,285.982450996837,13123.9776402638,708.906991228606,0.195207313676407,0.54701827428558,0.102120727328415,0.134382212375648,7.84774710098257,8.86951214238805,0.00134325998597622,0.00128612200314034,1.54892474047521e-07,0.000658732986135443,0.00217459239884052,6.8917653328705e-06,6.63050748473599e-06,2.71580449301188e-12,4.01085310983426e-06,1.02667690385195e-05,-3165.68776692326,0.0827059830496926,0.066307515967209,0.99375,0.422220342731285
"sinusoidal",1600,"pg_apf",1,1469.502,451.794348725326,1066.33981047016,159.911288781981,255.581725948229,11539.4980656282,450.521547815229,13084.0660198331,980.874576562489,0.30744724996994,0.725647063066375,0.108820055217333,0.173924040898365,7.85265897265074,8.90374155314733,0.00128253598350704,0.00122782835632813,1.41652460912406e-07,0.000647343495953411,0.00202273183857532,6.78636876678472e-06,6.60155394278797e-06,2.35639126776883e-12,4.16100995606867e-06,9.83481776486392e-06,-3232.12629763838,0.0751828138740604,0.0579349108779317,0.99,0.417787775139247
"sinusoidal",1600,"pg_apf",200,1466.926,405.492315736383,1089.07652802306,167.559862865073,249.936305491677,11679.4175320579,407.810942212309,13144.4307026771,936.108936952525,0.276423156816624,0.742420904683028,0.114225163958559,0.170380990923657,7.96183142984575,8.96052745856105,0.0012771559002813,0.00122668586741079,1.22811779489077e-07,0.000681534002183871,0.00196228611379976,6.65386552344994e-06,6.49146996937027e-06,2.1754719621245e-12,4.08369879297851e-06,9.5536658787728e-06,-3171.94005030503,0.0864269519188264,0.0677288521922127,0.998125,0.41950512797225
"sinusoidal",1600,"pg_apf",20,1483.581,343.7773639375,941.856032257404,159.314794336159,192.730375022944,11196.9860797453,345.08188859958,12350.9725728424,779.838824314385,0.23172133098058,0.634853123798029,0.107385302410963,0.129908899495844,7.54726980174677,8.32510835124093,0.00117622932445515,0.00113430898884871,1.08894647730029e-07,0.000596453522727695,0.00183425261473935,6.94579198012389e-06,6.71748454782625e-06,2.65380024518061e-12,4.11482747211575e-06,1.01320376107682e-05,-3131.30416221008,0.0694559494423486,0.0553248560318247,1,0.413962141984976
"sinusoidal",1600,"pg_apf",21,1480.943,327.647814479261,773.358215667162,142.658324638682,237.537645415123,11750.7128733526,329.339491511245,13354.7113962723,723.248911927712,0.221242690960598,0.522206604620949,0.0963293824533977,0.160396210667881,7.93461522378149,9.01770790386413,0.00143254508536708,0.00136248193032161,1.57214629188462e-07,0.000779474609788492,0.00226262810497388,7.36700295853475e-06,7.11941781436167e-06,3.22155673925871e-12,4.35003440651263e-06,1.09296820728038e-05,-3219.4106504346,0.0948025812131335,0.0767650176286823,0.973125,0.427169089217526
"sinusoidal",1600,"pg_apf",22,1465.036,219.816767900966,594.659073413136,163.690558538315,213.260335981668,11568.6571580121,218.242593064983,13115.5453734923,526.812906523456,0.150041888322857,0.405900655965544,0.111731424032116,0.145566618145675,7.89650026211784,8.95237070863259,0.00133942765444656,0.00128849074039615,1.41401704424971e-07,0.000683650340782817,0.00207858815611888,7.08076754323382e-06,6.81457220612737e-06,3.11140097627493e-12,4.0753840245627e-06,1.05153510899686e-05,-3186.55721280029,0.0972894703478135,0.0756944881483465,0.970625,0.421387336796921
"sinusoidal",1600,"pg_apf",23,1465.804,419.833514161641,1131.53566757571,127.276854766902,218.420889392536,11637.826280856,421.265015642354,13366.7577472779,1019.0325170581,0.28641858949876,0.771955641801844,0.0868307459707448,0.149010979225419,7.9395514549394,9.1190621305972,0.00147357509233168,0.0013817798568697,2.37349640276553e-07,0.000668936576376046,0.00246180097208273,7.10249798630151e-06,6.854779563983e-06,3.1172781099177e-12,4.11421337798939e-06,1.0466821936567e-05,-3149.479273526,0.102274936814822,0.0767956482494506,0.961875,0.433689020126228
"sinusoidal",1600,"pg_apf",24,1466.641,400.945397676176,1068.5562735179,221.746469265827,264.800244304993,11778.9395358126,395.078030218293,13360.6445273883,936.540436557163,0.273376646143246,0.728573845622682,0.151193420384285,0.180548780720703,8.03123568467853,9.10968977915405,0.00135402672640208,0.00131035920916036,1.25466421076001e-07,0.000742459413353323,0.00206037635475279,6.87863679004544e-06,6.65246924716071e-06,2.65400305640744e-12,4.0345837133115e-06,1.00829916072321e-05,-3178.04660026678,0.0861272585138152,0.0661858854132629,0.995,0.42166095661749
"sinusoidal",1600,"pg_apf",25,1478.308,463.206418125303,1287.19688576841,155.965737588709,213.257424461966,11949.5197407206,464.799082030041,13597.1135970828,1152.56077570772,0.313335528269686,0.870723073790045,0.10550287057143,0.144257776093998,8.0832409353941,9.19775418727547,0.00146619725684618,0.00139929659341567,1.81404288538928e-07,0.00075568188200855,0.00233661922584531,6.89908854713658e-06,6.56299548620339e-06,3.33847837985701e-12,3.95035910218892e-06,1.07493697118347e-05,-3188.88126549583,0.0805832194197853,0.0607423806536182,0.991875,0.431163851395481
"sinusoidal",1600,"pg_apf",26,1479.862,369.70893332192,965.596244422834,134.615892663178,194.805761200963,11804.816847136,370.206187636727,13310.3331579383,836.959554741801,0.249826627970662,0.652490735232632,0.0909651661189883,0.131637788659323,7.97697139810062,8.99430700831451,0.00137451779489462,0.0013265067431076,1.49343447669843e-07,0.000693300527914253,0.00215909491661679,6.96674196697769e-06,6.75504924784656e-06,2.65448806676127e-12,3.9844271308478e-06,1.01243405952023e-05,-3195.00966320148,0.0978755102822434,0.0761456467695408,0.988125,0.424580554469149
"sinusoidal",1600,"pg_apf",27,1472.202,373.803994887031,981.696330435852,187.159649860096,210.202893419954,11646.9351681575,375.684476672667,12997.0900451397,878.838429765854,0.253908087943795,0.666821761168544,0.127129055564451,0.142781285054601,7.91123444211971,8.8283333707872,0.00134660444471894,0.00129203258914662,1.5634107550053e-07,0.000653930295113439,0.00210493220807446,6.9493831974387e-06,6.78915842006123e-06,2.53120787461524e-12,4.20379212279409e-06,1.03440569722487e-05,-3209.68335795959,0.0843550517555849,0.0653641933307578,1,0.42528629166556
"sinusoidal",1600,"pg_apf",28,1486.93,308.53829541482,770.060475033078,158.877967389449,198.972695612932,11519.5684116876,309.57459215692,13158.1279557444,681.151339072981,0.207500215487494,0.517886164804717,0.106849661644764,0.133814433505903,7.7472163529471,8.84919125698213,0.00132989368467661,0.00125883603843714,1.64487447303847e-07,0.000670616403370693,0.00217740913220508,6.90963863052523e-06,6.69960537798222e-06,2.74041052197317e-12,4.08315117373209e-06,1.02659175055585e-05,-3169.3408071289,0.0961807051335033,0.0770502064561466,0.9875,0.420982881703665
"sinusoidal",1600,"pg_apf",29,1463.579,303.243633509793,817.769144737994,206.482080252172,253.971414831047,11396.9343643346,304.846228013483,12775.6819121156,703.294099796436,0.20719321164747,0.558746159064864,0.141080242509746,0.173527643421399,7.78703053564898,8.72906888669189,0.00119546689188103,0.00115345585376398,1.08202044560258e-07,0.000616587469085852,0.00185222197152752,6.7269367819329e-06,6.51884304866623e-06,2.45162549096339e-12,3.95880685936255e-06,9.81289559052666e-06,-3172.20468996824,0.0713137816068505,0.0545005365109753,0.98125,0.412326066183124
"sinusoidal",1600,"pg_apf",2,1464.988,376.242331669329,929.653451658909,162.920137727886,183.810207488276,11652.0351555609,377.120724818034,13083.8133032134,819.146539513085,0.256822807879197,0.634580932853313,0.111209196067057,0.125468746152376,7.95367276425533,8.93100373737765,0.00139108426875266,0.00132812770935288,1.77270823954106e-07,0.000687590279061147,0.00222812775107651,7.08755573352501e-06,6.8090920083224e-06,3.2023275310441e-12,4.07949621353667e-06,1.05997850709852e-05,-3169.46430565297,0.0984327917246441,0.0821177424579017,0.99,0.427120179728437
"sinusoidal",1600,"pg_apf",30,1469.276,455.778153626545,1329.36657768093,177.060622388096,281.442128650804,11818.1137306861,456.077067901465,13509.4070649085,1179.57619841843,0.310205947437068,0.904776623099355,0.120508755596699,0.191551572781972,8.04349470806448,9.19460133079726,0.00138589675395789,0.00132614223185258,1.46425080181564e-07,0.000698782407048698,0.00214359679651121,6.90520597072313e-06,6.69006619797935e-06,2.49135713147185e-12,4.18366346410404e-06,1.01224998187325e-05,-3173.32893381286,0.0863560254185264,0.0717160546686385,0.996875,0.421906437813889
"sinusoidal",1600,"pg_apf",31,1466.57,376.839954503027,1002.93832491829,156.575572945516,214.070139665509,11699.8483562499,377.522656911933,13094.093336048,872.467756888876,0.256953268172012,0.683866658201307,0.106763109122317,0.145966533929856,7.97769513644072,8.92837937230956,0.00140770836831598,0.00133892203864841,1.61190735048086e-07,0.000762552543461212,0.00217656542862642,7.23677654160833e-06,6.96772555116221e-06,3.40862092835144e-12,4.11168045476692e-06,1.07528782454534e-05,-3153.86019325336,0.0956727314781164,0.0716897949368203,0.96,0.42940714687111
"sinusoidal",1600,"pg_apf",32,1473.404,456.196733245628,1252.76143271387,139.967880496795,264.259264077195,12062.7026392586,455.82951227063,14099.5209062607,1115.10760005357,0.309620941198496,0.850249783979051,0.0949962674845426,0.179352889008849,8.18696205471043,9.56935158738589,0.00163752792286139,0.00154213850695827,2.41000190807331e-07,0.000828873041316225,0.00261670679953114,7.36314023010759e-06,7.15832511579337e-06,2.84195294149416e-12,4.4584653573709e-06,1.07786373403046e-05,-3181.60521709947,0.0917198232263309,0.0787834633359302,0.985625,0.437922978121451
"sinusoidal",1600,"pg_apf",33,1480.056,317.84387052648,895.551814391861,161.118198582629,287.461718607723,11313.8328732598,318.226178064396,12808.7393651144,727.550348183467,0.21475124625452,0.605079682384897,0.108859528681772,0.19422354195228,7.64419243140784,8.65422616787094,0.00118671672105218,0.00113381027803509,1.03829350762927e-07,0.000635210588335505,0.00180722656585781,6.54532122576627e-06,6.34037393984401e-06,2.25535870063805e-12,3.94584503284826e-06,9.63952657062008e-06,-3153.24315014512,0.0926102925553528,0.0727680894744438,0.989375,0.416434599843978
"sinusoidal",1600,"pg_apf",34,1464.913,360.668914417661,1020.53698468259,158.005516650397,257.426358039685,11503.1676462311,360.150934224187,13011.3154006929,904.761835245816,0.246205006316185,0.696653647474346,0.107860000321109,0.175728086268389,7.85245789083112,8.88197142130137,0.00125500630729608,0.00119797291521493,1.38555789716032e-07,0.000654122482314773,0.00199164108991199,6.56200974535905e-06,6.37372825707174e-06,2.35522692824209e-12,3.82647747091765e-06,9.44880819409471e-06,-3191.39735398823,0.0744990901107243,0.0604877762462255,0.99125,0.418538790111639
"sinusoidal",1600,"pg_apf",35,1470.585,341.428671693465,887.454738172092,169.554613810681,253.720461844199,11862.3151076015,342.713181582358,13418.849059564,777.287299599779,0.232172007529973,0.603470549592232,0.115297391045524,0.172530293620701,8.06639201923145,9.12483743514591,0.00140631547071944,0.00136381464656238,1.37853344360953e-07,0.000744926316587579,0.00216067913032226,6.97957314934469e-06,6.72741663684917e-06,2.85058920959105e-12,4.054853772819e-06,1.03081886802535e-05,-3181.8555281702,0.0807481100286614,0.0636080011082785,0.985625,0.425636499061478
"sinusoidal",1600,"pg_apf",36,1476.42,478.7713767185,1351.16608075405,188.989978745106,253.447916793582,11578.0609429545,482.835644479198,13000.0169460861,1179.66094172508,0.324278577043456,0.915163761500148,0.12800556667148,0.171663833322213,7.84198327234424,8.80509404240397,0.00127863271059068,0.00124336646293315,1.21298652328093e-07,0.000658553323075954,0.00196226656705407,6.74266523164064e-06,6.51733514032178e-06,2.56052212861837e-12,3.94883283424981e-06,9.83660105925167e-06,-3186.86788176924,0.0965541291842449,0.0745711264862518,0.98875,0.418454861290796
"sinusoidal",1600,"pg_apf",37,1485.689,379.325881710113,914.952089977871,160.81706546731,326.876372090059,11454.0782332492,380.033359445899,12793.2594133227,836.663026003613,0.255319842652206,0.615843618669769,0.108244097834278,0.220016687267698,7.70960694549751,8.61099423454214,0.00122419141104859,0.00118015067520776,1.0486974102307e-07,0.000645055987335174,0.00188081801192789,6.80838649461268e-06,6.61186832780358e-06,2.35261981500225e-12,4.04370733604439e-06,9.8794338171058e-06,-3117.76572980259,0.0922904180908741,0.075748390035383,0.991875,0.418008531083317
"sinusoidal",1600,"pg_apf",38,1467.7,382.2705921277,928.057836665584,153.96028644591,92.9253686880307,11629.9784574551,384.000874109014,13259.1542988043,829.260886491015,0.260455537322137,0.632321207784686,0.10489901645153,0.0633135986155418,7.92394798491181,9.03396763562331,0.00136570737277632,0.00130548259084362,1.6551934086064e-07,0.000620881696009579,0.00215718475550605,6.95311950289589e-06,6.7091581721441e-06,2.70652566430048e-12,4.15922948186857e-06,1.03584842118684e-05,-3147.1512225607,0.0879665926122233,0.0656398633464668,0.990625,0.428475817864897
"sinusoidal",1600,"pg_apf",39,1492.494,204.697823376514,942.680592715029,169.601828887539,217.128379012769,11341.0554024179,198.707657914165,12849.3461994019,759.6746539185,0.137151521799427,0.631614326566826,0.113636523086551,0.145480235774998,7.59872763469594,8.60931179582759,0.0011714853232539,0.00112299945168594,1.05483464688682e-07,0.00060033298271578,0.001798250836709,6.38333122596407e-06,6.19106284104441e-06,2.22481527955105e-12,3.72915188036114e-06,9.38348808621301e-06,-3194.91019547342,0.0772203052960123,0.0553707098301921,0.97,0.409652617865936
"sinusoidal",1600,"pg_apf",3,1471.568,468.107507865562,1280.27851387391,222.685162945529,164.248780378623,11528.5189324273,465.972144112345,12997.3544274608,1166.75845137588,0.318101173622668,0.870009754135664,0.151325091973683,0.11161480840751,7.83417343434164,8.83231656808301,0.00126773356706161,0.0012167968690796,1.19144728941401e-07,0.000678494008462482,0.00195327194470162,6.83950722000901e-06,6.60353051357014e-06,2.68896078623373e-12,3.99956051636415e-06,1.01975413654774e-05,-3145.37776296938,0.0809479050409224,0.0679228920494445,1,0.419624178152228
"sinusoidal",1600,"pg_apf",40,1467.441,295.211238452795,758.24575133973,155.001706121396,214.04290722592,11599.0460001418,296.108900797913,13174.5871820474,660.134645129105,0.201174179031931,0.516712938605184,0.105627215078082,0.145861337679621,7.90426736076052,8.97793313805969,0.0012798394099473,0.00123436846745313,1.19056113280229e-07,0.000684850464802893,0.00193118378786747,6.74378927617216e-06,6.54886017349789e-06,2.32911343103112e-12,4.08845033641138e-06,9.80943927060001e-06,-3170.89411300007,0.0832200500700669,0.0657325642308666,0.984375,0.419248945955294
"sinusoidal",1600,"pg_apf",41,1466.563,421.711141502573,1281.91778672736,163.794262850929,232.475176643716,11601.4080529346,419.406600176526,12942.5857338048,1066.1164609509,0.2875506483544,0.874096637326429,0.111685800644725,0.158517006527313,7.91061008148618,8.82511404815535,0.00148867279623465,0.00144022688693471,1.79255293853928e-07,0.000743526925118687,0.00231861898897187,7.73270934705445e-06,7.47750120969169e-06,3.74366190274849e-12,4.17394075022247e-06,1.16350975435064e-05,-3090.19482261253,0.108544666790108,0.0872434616917994,0.963125,0.435991161658242
"sinusoidal",1600,"pg_apf",42,1492.888,441.973319014717,1195.17116523405,177.909892986725,185.264056588553,11795.2890540828,443.050184759823,13412.4516489649,1089.70337564332,0.296052563229604,0.800576577234229,0.119171627735453,0.124097759904663,7.90098725027117,8.98423166973337,0.00137568671047249,0.001313128086117,1.63105101699082e-07,0.000708906752212654,0.00221953489335985,6.66309321185468e-06,6.44201839144143e-06,2.43605773038877e-12,3.93869791247912e-06,9.94705034957637e-06,-3122.4211944677,0.0924988520605817,0.0697185377846194,0.98375,0.429109443916713
"sinusoidal",1600,"pg_apf",43,1480.356,374.660513433734,971.986197696869,207.1207555518,220.682932144682,11623.4479855165,374.37160217692,13240.3111419029,830.865296369457,0.253088117610719,0.656589494484347,0.139912801752957,0.149074230890868,7.85179239690758,8.94400478121676,0.0013075004566917,0.00124499042512431,1.41720217932563e-07,0.000710961396774176,0.00202731310686265,6.82050015826489e-06,6.53706766697806e-06,3.01030278289537e-12,3.95716604943171e-06,1.02461232114475e-05,-3145.39779257565,0.0943910151226601,0.0748535915600859,0.979375,0.422357061610889
"sinusoidal",1600,"pg_apf",44,1470.174,366.006946752779,972.035665151992,170.866026421596,277.838156521506,11567.4691526877,366.286192787027,13112.0411134882,877.588026843218,0.248954849393867,0.661170490807205,0.11622163527691,0.188983179216546,7.86809530891427,8.91870017663774,0.00127230280002791,0.00123791277188042,1.07098587306197e-07,0.000685342465972422,0.00190514517021926,6.72156065748214e-06,6.47448760779442e-06,2.49099837930651e-12,4.06575798973475e-06,9.97978942071225e-06,-3147.97410159665,0.0830863621724419,0.0658271111744492,0.993125,0.418383674624953
"sinusoidal",1600,"pg_apf",45,1478.961,289.804761605993,764.073430554286,200.045732908883,205.916688553443,11422.4770902064,290.186035376417,12669.6501903971,650.569380943244,0.195951591425327,0.516628518638616,0.135260992621768,0.13923064134446,7.72331189950676,8.56658842957797,0.0012507513018753,0.00119277359763616,1.21413287194923e-07,0.000664924870231484,0.00197758315432871,6.91826325080269e-06,6.65866065971923e-06,2.81830480727405e-12,3.84774296779727e-06,1.0216033581077e-05,-3165.3485303356,0.0960291484135316,0.0727846587255377,0.98,0.418447456457235
"sinusoidal",1600,"pg_apf",46,1466.179,439.632941754981,1217.50870969434,169.904027844249,216.820403872527,11764.8545707034,439.784719790326,13168.7717700269,1012.79605319163,0.299849432951216,0.830395681355648,0.115882186175255,0.147881264069754,8.0241597858811,8.9816944384191,0.00133746863915434,0.00129908373430581,1.27555875744698e-07,0.000753252245161552,0.00207784749849292,7.18825624761837e-06,6.94325923953812e-06,3.22409544662904e-12,4.03486215090811e-06,1.06651909352257e-05,-3198.90531632951,0.0884451362712336,0.0675072716177344,0.974375,0.419856669313243
"sinusoidal",1600,"pg_apf",47,1469.336,416.383401458841,1268.66055182533,148.019425748257,217.619364225495,11756.5438626244,416.499024933825,13471.512387198,1104.2923971797,0.283382018448361,0.86342439838494,0.100738990774239,0.148107283987798,8.00126306210725,9.16843552951672,0.00142534466232826,0.00134736804188483,2.06524901878163e-07,0.000675180608728876,0.00232367164742638,6.97467252641744e-06,6.7251621986735e-06,2.67349032327671e-12,4.18658385584348e-06,1.02926770905938e-05,-3167.01103368482,0.0907529120107007,0.0738982881755371,0.99625,0.429426454864396
"sinusoidal",1600,"pg_apf",48,1465.279,351.454958166988,1028.44845360213,174.965840956218,209.889997518586,11978.4609926487,348.423687803606,13752.6562940473,891.502760016044,0.239855316405263,0.701878927905286,0.119407867686781,0.143242343279734,8.17486703395644,9.38569125337038,0.00158500871966295,0.00152784737556214,2.09988599145826e-07,0.000769351690670739,0.00247051371829771,7.17332296368274e-06,6.93210754133229e-06,3.11133842450329e-12,4.02252441912016e-06,1.05371178296035e-05,-3181.92681375585,0.100544185336106,0.0764662352683071,0.966875,0.438102692445188
"sinusoidal",1600,"pg_apf",49,1473.462,331.388583247286,876.276789928083,117.795529759788,189.342468914557,11732.9130706383,330.928824646827,13198.8236172549,775.918296871734,0.224904736767752,0.594706066344489,0.0799447354324629,0.128501765851143,7.96282026318852,8.95769528990559,0.00130044089892239,0.00125642684549941,1.22236518095122e-07,0.000686536497310745,0.00198952042207858,6.59197010182154e-06,6.39158195069459e-06,2.24202509438282e-12,3.90257735109352e-06,9.55475349702661e-06,-3162.38110865485,0.0877911950656044,0.06933454741067,1,0.421267687686174
"sinusoidal",1600,"pg_apf",4,1509.37,282.570213450186,773.795553878162,110.668071063301,260.120532013975,11527.9642339874,282.459149910807,13116.8267884213,685.6523634729,0.187210699464138,0.512661278465957,0.0733207040442706,0.172337155246212,7.63759994831445,8.69026599735072,0.00128834645991074,0.00123045325404075,1.33284319851849e-07,0.000665577023457972,0.00202701419896854,6.80692127905939e-06,6.64085837172032e-06,2.56208502416521e-12,3.86611000811761e-06,9.96219753955549e-06,-3186.54479495078,0.0958229522916769,0.0717974002126685,0.96625,0.419301543965855
"sinusoidal",1600,"pg_apf",50,1466.167,336.395204777568,891.813949181732,145.878441384223,321.796273664551,11659.8243247054,334.368089612174,13129.7072825001,796.391485275068,0.229438532430186,0.608262189219735,0.0994964703094692,0.219481323522185,7.95258952404832,8.95512399508383,0.00130098690770511,0.00123884584772681,1.32520323933353e-07,0.000683253036355534,0.00204959726028222,6.89579134098311e-06,6.6727662192677e-06,2.42614075221858e-12,4.2227259471229e-06,1.01024473500524e-05,-3145.28559395178,0.0933132663673571,0.0711715356526921,0.97125,0.41879171067647
"sinusoidal",1600,"pg_apf",51,1470.241,422.477933449046,1160.92275283184,121.983892052413,252.668844381842,11554.7667833553,422.68871274066,13062.1701071518,1024.14409221209,0.287352844498995,0.789613915563397,0.0829686371502446,0.171855392674971,7.85909710268948,8.88437345112249,0.00131720026901192,0.0012597521550248,1.42326652326132e-07,0.000661523005207811,0.00206649139185429,7.14736488904862e-06,6.84074123730843e-06,3.2487583095636e-12,4.21374418407514e-06,1.08847827592749e-05,-3157.78431064106,0.0770793544621135,0.0626190018573403,0.998125,0.423410098599656
"sinusoidal",1600,"pg_apf",52,1468.53,380.523040984849,982.168161882152,148.904800259231,276.453056654396,11516.9215214483,379.896903778911,13079.2324151715,875.778356445049,0.259118329884203,0.668810417139692,0.101397179668942,0.18825155540193,7.84248297375488,8.90634336048397,0.00137142404758943,0.00131125437918763,1.63559040347717e-07,0.000678058386804202,0.00216242888994923,7.29764115651269e-06,7.07212585111221e-06,2.74091790945666e-12,4.44575243477313e-06,1.08006297841408e-05,-3116.35904231221,0.108502712362692,0.0861386574617201,0.983125,0.431144568497064
"sinusoidal",1600,"pg_apf",53,1468.915,295.271960407659,812.226315744942,104.939754039769,218.596425331409,11708.8486592371,297.009993881546,13234.4022942695,721.027595985415,0.201013646404087,0.552943033289837,0.0714403175403401,0.14881489080812,7.97108659060399,9.00964473388146,0.00149205278043991,0.00143792749845622,1.7669108031092e-07,0.000760311939476256,0.0023139406286449,7.4733511932545e-06,7.12754802542273e-06,3.64245487932162e-12,4.39015784874589e-06,1.14773015952449e-05,-3185.60496094359,0.0898897007470006,0.0740479890565877,0.989375,0.435534028536108
"sinusoidal",1600,"pg_apf",54,1464.124,410.073740976249,1078.83323409009,128.975691931496,248.979985166727,11674.3878018987,408.465029119704,12945.7607551205,975.277655153019,0.280081291595691,0.736845536368563,0.0880906889932108,0.170053892407151,7.9736332454756,8.84198384502984,0.00129163587281224,0.00124844687893798,1.16403234423807e-07,0.000690742805656269,0.00197198394521689,6.91390549906987e-06,6.70283931053843e-06,2.56746724774418e-12,4.10632433215941e-06,1.00391405887308e-05,-3156.26809542976,0.0751675872858918,0.0596009077672398,1,0.420363681919194
"sinusoidal",1600,"pg_apf",55,1483.455,355.753756898901,921.713546358196,216.026535479341,212.144989687422,11550.7344655838,354.265843370606,12996.5963402524,786.670324208601,0.239814323251397,0.621328955956329,0.14562392218122,0.14300736435377,7.78637334168125,8.76103174026336,0.00130355514488494,0.0012639440554738,1.27408722739205e-07,0.00068621307145443,0.0019991795875495,6.94634407111385e-06,6.67462070531222e-06,2.88773552080293e-12,4.15202430540223e-06,1.04330264363715e-05,-3176.95964973014,0.0855571109436286,0.0632197543800281,0.985,0.424251916572662
"sinusoidal",1600,"pg_apf",56,1478.546,424.460699318135,1162.27376103654,138.354224791801,208.539155979872,11659.8869911493,423.539548637958,13410.0230187773,998.330679946155,0.287079806321978,0.786092391468741,0.0935745149571273,0.141043400732795,7.88604953187074,9.0697367675928,0.00138189468957958,0.00132867741575131,1.49077379957391e-07,0.000714693065786536,0.00215742962386125,6.90897544631336e-06,6.71733565071881e-06,2.70146219977708e-12,4.04408823633953e-06,9.94490676111853e-06,-3145.6741949289,0.0847458960649943,0.067289356147864,0.998125,0.428510499952204
"sinusoidal",1600,"pg_apf",57,1471.69,378.901308321708,968.171494496126,113.063064200629,122.069250060623,11693.5177918571,378.698938219188,13315.3432676205,884.785494290618,0.257460000626292,0.657863744739806,0.0768253261220971,0.0829449476864167,7.94563922555505,9.04765491891668,0.00129560450214008,0.00122291390633245,1.47441811365377e-07,0.00066284721915276,0.00210130166639483,6.40574481346982e-06,6.24340332352507e-06,1.88531749296813e-12,3.97639581714856e-06,9.12896348446271e-06,-3172.84849210635,0.0927445567705977,0.071389210981849,0.99375,0.419998817776016
"sinusoidal",1600,"pg_apf",58,1475.068,533.689483535414,1396.72232372573,122.156869668279,196.299912374116,11834.809815154,541.117408074462,14020.3187145929,1257.26278033214,0.361806698766032,0.946886735883179,0.0828143988401068,0.133078551208566,8.02322999017946,9.50486263317546,0.00163434933642557,0.00156290614789974,2.81249691634067e-07,0.000744792006057851,0.00267732301454568,7.14027892975649e-06,6.89777844410338e-06,2.78246913898953e-12,4.24426834303782e-06,1.05681702522134e-05,-3167.18001126091,0.0805150594683281,0.0640528233758678,0.999375,0.439003557451124
"sinusoidal",1600,"pg_apf",59,1466.198,353.302358160611,896.660473178969,122.012359947109,277.692970537742,11713.2847066247,354.098619803699,13188.0248289231,780.909840564669,0.240964970734246,0.611554833098237,0.0832168369804825,0.189396637110228,7.98888329313277,8.99470932911048,0.0013059792746318,0.00124930778832153,1.53692145114197e-07,0.000629331135942105,0.00204548058719741,6.6720179009086e-06,6.48662600294951e-06,2.1978154188698e-12,3.98492851953072e-06,9.59651467490807e-06,-3176.26646794844,0.0857159082813769,0.0647995763351999,0.985625,0.420015776716897
"sinusoidal",1600,"pg_apf",5,1468.323,363.210200385095,1085.97093938948,164.428308070243,244.635863692691,11776.4204134313,363.776827205727,13498.1385602956,929.562484287754,0.247363965820255,0.739599488252573,0.111983744768858,0.16660902518907,8.02032006134298,9.19289458810872,0.00148566325386037,0.00141744811240605,1.88032201619363e-07,0.000755604527823472,0.00237984361006483,7.20834524145665e-06,6.96643109520118e-06,2.99413625182781e-12,4.29595663251346e-06,1.07154211952615e-05,-3164.14477240749,0.092069838913743,0.0733411741749956,0.98625,0.431923143107115
"sinusoidal",1600,"pg_apf",60,1479,299.564346958006,792.967244681879,179.448582458691,220.817876502542,11633.3666556593,300.922803696777,13054.5885263833,706.273714995876,0.202545197402303,0.536150942989776,0.121331022622509,0.149302147736675,7.86569753594275,8.82663186368041,0.00129642513525341,0.00125213659699517,1.21453685202497e-07,0.000677758668373916,0.00197238223499685,6.79294310432467e-06,6.57532304106386e-06,2.49871169372067e-12,3.93989036134229e-06,9.84516716765487e-06,-3161.85770874242,0.0827650669401774,0.0678722408794051,1,0.421390348163104
"sinusoidal",1600,"pg_apf",61,1477.513,354.798249921498,1015.18290926397,120.25734302592,247.086708939107,11438.8711651794,355.713434747958,12990.1197341501,908.535547071978,0.240132066466757,0.687088986197734,0.0813917326114359,0.167231495722276,7.74197666293248,8.79188185427139,0.00125643278961229,0.00117959487243955,1.46527516447979e-07,0.000632091295423771,0.00203745316585836,6.85781949692044e-06,6.65834131628531e-06,2.79335279077849e-12,3.97024461061557e-06,1.00252558331129e-05,-3153.33571438137,0.102910386478167,0.0797253055350469,0.965,0.418756312516902
"sinusoidal",1600,"pg_apf",62,1475.812,410.946754427721,1167.5788191974,206.462087684384,259.756334362545,11909.6307122235,413.773385752225,13541.7321273668,1037.24476502442,0.278454677443821,0.791143329365395,0.139897282095812,0.176009094899991,8.06988336740958,9.17578399373824,0.00148159632673401,0.00142493208783019,1.76162571088234e-07,0.000754252801485752,0.00228511298018676,7.25340859637404e-06,6.94382172595597e-06,3.20154632694627e-12,4.29447932010013e-06,1.10983571809872e-05,-3197.84128507555,0.0980799319491588,0.0797861433587807,0.988125,0.429266044442698
"sinusoidal",1600,"pg_apf",63,1466.444,370.195537490479,903.653180794167,100.785554439652,228.295134566625,11354.3681161034,372.647811001351,12781.2794141481,801.230454161121,0.252444373934824,0.616220722232944,0.0687278576199652,0.155679408532903,7.74279012093433,8.7158319132187,0.00127841065174738,0.00122787092033643,1.28639751113902e-07,0.000644488483903998,0.00199937693149838,7.3274430913221e-06,7.06837682585413e-06,3.24571703803444e-12,4.23345349744502e-06,1.10194217412265e-05,-3132.57799730133,0.100542341089247,0.0780080497268184,0.960625,0.419840977698028
"sinusoidal",1600,"pg_apf",64,1465.799,383.914145069045,1012.84615632739,167.214855759268,259.16511898027,11462.915269565,384.567226972707,13008.8620815576,891.668211684468,0.261914590656048,0.690985705630435,0.114077616207453,0.176808088271496,7.8202504364957,8.87492901929775,0.00130906367339229,0.00126001298180741,1.36165304642052e-07,0.000696395292646558,0.00202144538634148,7.06681352618629e-06,6.81381389109146e-06,2.72749009093114e-12,4.22105015483434e-06,1.05177743977918e-05,-3138.41047753827,0.0882399205365835,0.0684916485186705,0.985,0.423714195205214
"sinusoidal",1600,"pg_apf",65,1494.878,299.017010889895,732.244586915967,105.381288596771,196.859968435207,11467.4562667671,299.940893559198,12667.6338714807,656.803989617539,0.200027701852523,0.489835683524654,0.0704949090138265,0.131689655232873,7.67116531701386,8.47402521910197,0.00126442822875839,0.00122601861799258,1.05581738971157e-07,0.000687338990349164,0.00191182670967784,7.13228483805106e-06,6.89248625870679e-06,2.80845979521241e-12,4.30752949217282e-06,1.04960574321623e-05,-3180.52855029225,0.0910364610459158,0.0703837368885705,0.991875,0.420096281082466
"sinusoidal",1600,"pg_apf",66,1476.268,391.183170213625,1122.17966663842,218.590205980354,168.634429556439,11339.2480121749,391.536361213111,12822.071984242,968.745348702169,0.264981135006398,0.760146305845836,0.148069460274391,0.114230227544348,7.68102269518465,8.68546360433335,0.0012166516215677,0.00117425808855317,9.47342350761526e-08,0.000669910462233305,0.0018377519451691,6.79900942803082e-06,6.54653422893408e-06,2.80920871953284e-12,3.89519181614019e-06,1.00959730604164e-05,-3191.11142495305,0.0757612139412298,0.0606448422821412,0.985625,0.415523398788112
"sinusoidal",1600,"pg_apf",67,1469.882,330.388208585364,880.32581977008,111.445308491817,216.195978648123,11893.0018240472,331.547846416162,13421.0958656663,782.401234040567,0.224771926307938,0.598909177587099,0.0758192211972232,0.147083901053366,8.09112692314568,9.13073013049097,0.00144876407975278,0.0014013085905023,1.44470557655729e-07,0.000822169070406906,0.00220968815801744,7.20770237194679e-06,6.94355648813175e-06,3.04665873390794e-12,4.17419261292303e-06,1.06721906078054e-05,-3154.53231657227,0.087777596829768,0.068772384486247,0.996875,0.430961238184714
"sinusoidal",1600,"pg_apf",68,1488.068,386.978722492866,1058.25439199863,149.715571324054,253.622047138132,12336.4736243685,388.175613085585,14298.2472115115,924.640412937101,0.26005446155207,0.71115996849514,0.100610705508118,0.17043713535815,8.29026202053164,9.60859800191355,0.00182761337419128,0.00176038932268836,2.95721883568085e-07,0.000869850168074107,0.00295061718406104,7.44712843379795e-06,7.24698653887882e-06,3.09434944273152e-12,4.20947559156613e-06,1.10384271985109e-05,-3141.98687914745,0.0954524833773429,0.0775616488348965,0.988125,0.449243475637342
"sinusoidal",1600,"pg_apf",69,1479.352,341.568626777238,868.145488223372,233.114178931052,310.455679377392,11300.2264214742,343.432734319961,12718.7421978216,792.407677788837,0.230890705374541,0.586841730854707,0.157578574221045,0.20985923524448,7.63863260500151,8.59750904302805,0.00119873248742169,0.00115038141185121,1.05591155516431e-07,0.000639377735229302,0.0018533584287188,6.85008391316055e-06,6.67913917731991e-06,2.32285698802046e-12,4.22742756882447e-06,9.82537518135206e-06,-3172.40270814828,0.090230166329678,0.0705646379337025,0.990625,0.414511983376612
"sinusoidal",1600,"pg_apf",6,1479.724,225.313122990217,608.106359051601,186.799932369036,270.060165934375,11553.2814359676,225.082545085574,13124.0439887696,539.749403836459,0.152266992351423,0.410959313393309,0.126239712520062,0.182507120202399,7.80772727614585,8.86925128521913,0.00127172924581024,0.00121941879096002,1.34060298069673e-07,0.000688873427172187,0.00203923420302035,6.50941258309605e-06,6.29396268107765e-06,2.19088058794365e-12,3.93133704449943e-06,9.41532640665056e-06,-3148.04563724757,0.0668022337841061,0.0532607811448176,1,0.416618123106878
"sinusoidal",1600,"pg_apf",70,1466.853,347.368859219395,860.60698656481,168.977514541815,191.415003912504,11650.6694377472,346.999090149607,13077.5989090764,741.809465808098,0.236812318084631,0.586702952896309,0.115197306438897,0.130493651315097,7.94262917807524,8.91541204815779,0.00132283724774979,0.00127304819445611,1.28166889999929e-07,0.000716280948455582,0.00201982088903333,6.92951086729989e-06,6.67676185136941e-06,2.75374368399558e-12,4.17033449796756e-06,1.04044668695219e-05,-3156.35487561244,0.0976228726297235,0.0788383714073132,0.97375,0.424093937628815
"sinusoidal",1600,"pg_apf",71,1466.904,339.498418562574,982.418167812575,157.072366152557,155.738599741164,11791.899616092,339.197110836926,13474.5219469562,859.844622768231,0.231438743477811,0.669722195735082,0.107077468022827,0.106168228964652,8.03863075981247,9.18568764346963,0.00151358651843816,0.00146551997731494,1.89124595719063e-07,0.000725285378161789,0.00240600171557931,7.26036119230531e-06,6.99316982072925e-06,3.18863040036569e-12,4.14422012360557e-06,1.08210984716667e-05,-3161.67322728605,0.100309544049413,0.080030370969748,0.99625,0.433463457099392
"sinusoidal",1600,"pg_apf",72,1476.612,417.724069438607,1062.01465040806,130.856745562761,190.856722897868,11604.7339348058,417.834997741449,13256.6932354161,959.925306458335,0.282893589811411,0.719223906082343,0.088619586975293,0.129253130069286,7.85902724263777,8.97777698909132,0.00141707771254404,0.00135981836392446,1.72482169392577e-07,0.000684072943797816,0.0022340368667604,7.1872217538903e-06,6.94441853590109e-06,3.08496233038684e-12,4.14867644388944e-06,1.06323868588384e-05,-3143.86894246952,0.102140078493144,0.0833583010808206,0.975625,0.43055328427775
"sinusoidal",1600,"pg_apf",73,1466.92,297.073569690863,756.282805195396,153.653430332778,240.493969972258,11387.4111910535,296.794922904009,12807.6750146694,667.811267882494,0.202515181257916,0.51555831619679,0.104745610076062,0.163944843599009,7.76280314608398,8.73099761041461,0.00121743012516851,0.00116288564085541,1.08994461566545e-07,0.000676805135656513,0.0018899275267217,6.74864579071635e-06,6.50962079289569e-06,2.52474519119918e-12,3.95745628517774e-06,9.81986199320528e-06,-3130.42997136989,0.0757861018889638,0.0569257167418062,1,0.418233777142634
"sinusoidal",1600,"pg_apf",74,1470.336,398.232571734688,1115.30183620454,186.871476368316,286.141888819632,11384.5204230781,394.732353985178,13018.7903548733,957.497586677908,0.270844604046074,0.758535352602769,0.127094403162485,0.194609863881203,7.7428019330807,8.85429613018607,0.00123403216693014,0.00117304622152226,1.22554473749837e-07,0.000657646686906284,0.00194562130914465,6.6085061908602e-06,6.39185930883883e-06,2.21241688244547e-12,4.0665264967045e-06,9.67922808557874e-06,-3125.19363249298,0.0807023311695892,0.0657663815033227,1,0.418248431762091
"sinusoidal",1600,"pg_apf",75,1472.558,318.35134985415,1000.44394856622,149.021740223872,276.839410737088,11624.175280644,322.249771369676,13217.210429538,872.035566648455,0.216189345244228,0.679391880364792,0.101199233051514,0.187998985939493,7.893865831189,8.97568070632058,0.0013398589429075,0.00128948062049859,1.39911038408228e-07,0.000708022054335582,0.00208973784735586,7.08927986053625e-06,6.8408362528742e-06,2.8677140435123e-12,4.16571027559754e-06,1.05182881500143e-05,-3188.99698047102,0.0672357998754547,0.0537011742236321,0.993125,0.423066436503963
"sinusoidal",1600,"pg_apf",76,1480.489,357.807666898709,976.792318239436,156.367174961474,220.718742206032,11471.9319435946,355.458264530579,13097.2683600403,814.406483882252,0.24168208402677,0.659776815794941,0.105618599639358,0.149085026775634,7.74874514001425,8.84658268993574,0.0013315747872759,0.00128092983509688,1.5487252380274e-07,0.000611390766816315,0.00214716280230253,6.96061935976035e-06,6.7113057623197e-06,2.83028737691085e-12,4.09215908646675e-06,1.05350832091161e-05,-3186.78932378046,0.0844467751827567,0.0641347843158098,0.9775,0.424870418276941
"sinusoidal",1600,"pg_apf",77,1470.589,422.667243935399,1217.47204663377,137.611522510532,218.421396372844,11403.8055407508,423.451142747207,12705.5345200534,1059.2212107164,0.287413576421011,0.827880561213074,0.0935757866477527,0.148526472299768,7.75458373532697,8.63975898096166,0.00129124984570607,0.00123411277271358,1.17351575260983e-07,0.000684679621143584,0.00197861730188894,7.48435393295563e-06,7.19339723805475e-06,3.68592354570337e-12,4.27459331569479e-06,1.11864650052314e-05,-3147.89487023453,0.101665920030277,0.0759054034388967,0.96125,0.42201571502159
"sinusoidal",1600,"pg_apf",78,1479.099,379.364449247882,995.109171970394,159.714127037873,220.426039035264,11812.7801650138,377.80305286403,13521.1119312577,880.133804717116,0.2564834735524,0.672780640085886,0.107980687592834,0.14902723822764,7.98647025318372,9.1414516075379,0.00149220303163618,0.00143564057918443,1.942909077958e-07,0.000697683885040754,0.0023471508700054,7.23519993857739e-06,6.95600004192063e-06,3.17598267564475e-12,4.23720096482652e-06,1.10665460042458e-05,-3161.67446139796,0.0919813444711795,0.0744822243373663,0.981875,0.431544867011187
"sinusoidal",1600,"pg_apf",79,1470.609,348.19518194425,921.821980040532,179.799891781047,194.96688066401,11338.7069726393,348.530410631044,12696.1713709014,819.807409188567,0.236769380538437,0.626830095586612,0.122262200068847,0.132575606883958,7.71021187320305,8.63327463037516,0.00118542047827317,0.00113322156109513,1.0585865958652e-07,0.000637224690265447,0.00183109406855658,6.89803150603735e-06,6.62676711291795e-06,2.79183090588727e-12,4.16213426628489e-06,1.0347968393058e-05,-3195.71739957771,0.0843580533007596,0.0633813405602336,0.978125,0.413558731990062
"sinusoidal",1600,"pg_apf",7,1466.372,360.79617294233,918.492236044238,198.007408734715,310.750082825254,11853.9382476335,364.73136587505,13506.1056958689,819.203501593243,0.246046823686166,0.626370549931558,0.135032180602682,0.211917632650688,8.08385474329399,9.21055891401972,0.00142054148087907,0.00138390774473395,1.44478976050939e-07,0.000691723561738405,0.00216016838917223,6.91691450970996e-06,6.76599946579853e-06,2.4008878740587e-12,4.20755186207096e-06,9.99825479224767e-06,-3199.31459256872,0.0744409892102298,0.0599397414996536,1,0.427877069094899
"sinusoidal",1600,"pg_apf",80,1474.462,492.698853316301,1400.85240149543,139.788761746127,262.084222848036,12299.8293610078,492.509653400499,14164.0575113064,1229.51513881178,0.334155002513663,0.950076978243882,0.0948066221754967,0.177749052093602,8.34191003973505,9.60625469581883,0.00160419336590039,0.00152260341097337,2.08215712730346e-07,0.000855932246604678,0.00251422782528803,7.10650139681819e-06,6.88043456596481e-06,2.69046677801522e-12,4.2946798700805e-06,1.05862132912061e-05,-3198.09910257401,0.0850455292628743,0.0678044393117433,0.975625,0.433623048187722
"sinusoidal",1600,"pg_apf",81,1477.902,325.939889396101,827.330232184493,218.588180694237,276.348215633367,11343.1084366088,324.779968522044,12797.0034145962,732.950630127054,0.220542288592952,0.559800468626806,0.147904381139099,0.186986833790987,7.67514249023875,8.65889850246921,0.00118399086590095,0.00114034379560514,8.71235683782494e-08,0.000685303719210283,0.00179510000202119,6.62551154428453e-06,6.38424883339592e-06,2.33333926517259e-12,4.02425328410653e-06,9.8808321913612e-06,-3161.78775881578,0.0794544655354419,0.0633426748356573,0.991875,0.411047582174284
"sinusoidal",1600,"pg_apf",82,1470.319,352.855496078685,911.253996152401,183.516625727284,234.231682614691,11899.6819815624,351.454712251337,13588.4457898693,813.913613305198,0.239985673910686,0.619766184176632,0.12481415647032,0.159306710050466,8.09326546250331,9.24183513228717,0.00144004545688508,0.00139466255204341,1.57593089189284e-07,0.000757184400744812,0.00221561376818276,6.97991400008228e-06,6.74825844946333e-06,2.64343924837072e-12,4.22129448439087e-06,1.03249476964323e-05,-3171.91905820958,0.0737462676928462,0.0596004736368695,1,0.428654686882444
"sinusoidal",1600,"pg_apf",83,1468.112,393.294925988702,988.045397470737,195.250981773682,180.58714233907,11535.1614008002,394.603441642965,13041.686496458,885.049602981748,0.267891636325227,0.673004101506382,0.132994609248942,0.12300637985322,7.85713991902542,8.88330488168342,0.00127946141893031,0.00121945964213478,1.25925273519222e-07,0.000716814801285364,0.00202324954631019,6.83245145143039e-06,6.6245301615428e-06,2.63666318604998e-12,3.95138691514466e-06,9.93194890622554e-06,-3145.44955056645,0.0683251571407453,0.0545719606889284,1,0.419178210031224
"sinusoidal",1600,"pg_apf",84,1466.96,282.406112350128,862.253466084403,140.950406032971,197.856591596136,11870.0792536352,283.304392116788,13704.05710878,752.164269834484,0.192511119832939,0.587782534005292,0.0960833329013546,0.134875246493521,8.09161753124504,9.34180694005288,0.00153631417253194,0.00145625105914192,2.40203924005295e-07,0.000714624610281167,0.00249693618142534,6.88611435310208e-06,6.64045877277623e-06,2.64040531158429e-12,3.9860156197784e-06,1.01539311339172e-05,-3199.73025329561,0.0901612425415181,0.0696337085847557,0.9875,0.436532862446842
"sinusoidal",1600,"pg_apf",85,1471.002,341.164897475632,936.269369219005,184.344002236827,187.029174572792,11510.2951151952,336.612616677479,12979.2553377996,798.624930469652,0.231926875337785,0.636484089905388,0.125318661862341,0.127144065455242,7.82479909285997,8.82341107476371,0.00128875643114352,0.00124279374010288,1.2762278099253e-07,0.000668784347919567,0.00199901067506127,6.84765091687996e-06,6.62597864838656e-06,2.72764212282074e-12,4.04973094063244e-06,1.00305160519146e-05,-3143.3091264202,0.0711691971222793,0.05950585663975,1,0.422042631588568
"sinusoidal",1600,"pg_apf",86,1467.769,372.547285562852,1043.50420858372,126.985695695941,268.301471860794,11407.897734748,372.587799444612,12837.3917603339,924.399393564096,0.253818745022447,0.710945801814675,0.0865161314184594,0.182795434336598,7.77227052400478,8.74619354975745,0.00126150187531012,0.00122821278807945,1.16860512201709e-07,0.000651548658135842,0.00195301108288635,6.69819269669376e-06,6.45955257078716e-06,2.31017260212161e-12,4.09305662683732e-06,9.63591324523802e-06,-3154.1903071551,0.0966726790092181,0.0777568779787024,0.978125,0.421808279306388
"sinusoidal",1600,"pg_apf",87,1484.801,333.544616816852,799.28748706622,119.066216844787,206.994238875588,11572.8461484573,334.613266954836,12938.9606744553,720.28405538701,0.224639272748908,0.538312869580651,0.0801900166047753,0.139408741559029,7.79420686573976,8.71427260249376,0.00124303200248415,0.00119174711910725,1.21254818566642e-07,0.000644591602765928,0.00193435567589456,6.91794654997212e-06,6.74224694973562e-06,2.55657740570438e-12,4.1542188309078e-06,1.00395883814663e-05,-3216.75810090621,0.0971573091432242,0.0778351492322087,0.98875,0.412381086019696
"sinusoidal",1600,"pg_apf",88,1466.027,256.159413699951,690.97038569912,170.140769305276,303.868047944976,11621.1350036604,253.805237659903,13110.7793862518,577.193362912284,0.174730351964835,0.471321732614147,0.116055686085779,0.207273159324471,7.92695837365912,8.94306816058084,0.00129772833490925,0.00125519211543973,1.13289197938087e-07,0.000725378825871683,0.00202292363396619,6.82837159349208e-06,6.62553974622585e-06,2.56808517755341e-12,3.93976510652608e-06,1.01609324692025e-05,-3160.03494408881,0.0881638584386226,0.0724285867372538,1,0.422804346380522
"sinusoidal",1600,"pg_apf",89,1465.923,214.388653612254,706.677806919839,218.277051092567,200.575376732589,11671.6396695089,210.437814463854,13151.7533053564,625.406822556372,0.146248236511914,0.482070208953566,0.148900761562897,0.136825315335518,7.96197322063228,8.971653562538,0.001316455417818,0.00127553464987725,1.08351582454142e-07,0.000749823992281204,0.00196356170906286,6.93782831707233e-06,6.7032265032082e-06,2.56529204063178e-12,4.24483857294455e-06,1.02312823684522e-05,-3175.15941315971,0.0897217740582511,0.0713251229863264,0.999375,0.423215498065688
"sinusoidal",1600,"pg_apf",8,1472.435,403.246227439652,1149.76421969036,152.760953732209,250.914099744003,11454.7122892938,403.061178866989,12975.124291913,1011.52045725284,0.273863516854497,0.780859066573641,0.103747162850794,0.170407589974432,7.77943494231925,8.81201838581193,0.00130913533936693,0.00125186413304056,1.37290587789696e-07,0.000681060243666823,0.00202942539389962,6.83843112058248e-06,6.5978261162294e-06,2.79133200756855e-12,4.00767241772286e-06,1.02633716249188e-05,-3142.01308183217,0.0827754930263007,0.0645313119715417,0.994375,0.422072914273357
"sinusoidal",1600,"pg_apf",90,1474.829,357.486886051691,879.787625364808,238.434808298919,240.125416432751,11579.6974541165,358.679285605524,12937.4252164013,784.824394685416,0.242392091592782,0.596535344344876,0.161669460187533,0.162815768087522,7.85155258956561,8.77215271492582,0.00127807631520809,0.00124031240665088,1.02308874916775e-07,0.000714909288477819,0.00192894720058388,6.78070550629079e-06,6.5036506771067e-06,2.87586845165877e-12,3.96480981998454e-06,1.02363864053037e-05,-3142.89073018028,0.0815060746173012,0.0633902564079077,0.9775,0.420435887214421
"sinusoidal",1600,"pg_apf",91,1471.416,292.248483160902,822.868232036235,183.615706945269,180.873972436335,11931.8661839772,291.993587503134,13491.7114867906,714.553474157293,0.198617170916248,0.559235615241533,0.124788439805785,0.122925109171257,8.1091045523341,9.16920265022987,0.00146134175064261,0.00139146885707409,1.82214597631814e-07,0.000770617465367853,0.0022806271186621,7.17315474000684e-06,6.91381469271533e-06,2.96924794278442e-12,4.33481870276362e-06,1.08009327200556e-05,-3141.71705459892,0.0965222481132681,0.0768415465865366,0.978125,0.429499986903615
"sinusoidal",1600,"pg_apf",92,1568.68,391.492223506042,1102.98770842713,168.079122744541,215.874135233899,11465.6603117314,389.153120301536,12930.2437228109,973.950488766085,0.249567931959381,0.703131109230133,0.107146851330125,0.137615151104049,7.30911359342341,8.24275424102485,0.00130675517360357,0.00126844653861963,1.24878252394497e-07,0.000711582069361169,0.00201137018715394,6.96240488643307e-06,6.72950017075789e-06,2.98489809611791e-12,4.07714812923834e-06,1.0254778795282e-05,-3166.62200824098,0.0924331814504473,0.0755895443971492,0.99,0.423748738372883
"sinusoidal",1600,"pg_apf",93,1467.267,351.265774191462,874.985066586049,169.422159934355,248.75950146001,11688.8626467256,351.545577076841,13119.6920418819,775.204352321105,0.239401400148345,0.596336635790248,0.115467845957385,0.16953935545474,7.96641827746796,8.9415846208508,0.00132282997936973,0.00126766798677161,1.30726483054592e-07,0.000724114137865693,0.00206884320605759,6.98319544931612e-06,6.72394277989873e-06,2.75205326858355e-12,4.20735810473727e-06,1.03117065186396e-05,-3160.23232056427,0.0835369985718986,0.0657759201309937,0.999375,0.423449574242278
"sinusoidal",1600,"pg_apf",94,1465.883,365.376136103125,899.022618262943,157.292477837778,269.21817543882,11483.0566753796,369.940290012052,13071.5470339636,776.145595555694,0.249253273353416,0.613297663089717,0.107302204771989,0.183655977618146,7.83354242826994,8.91718304527959,0.00127036742947644,0.00121705180318394,1.24987460035503e-07,0.000664665456434113,0.00198209568204693,6.66420584337929e-06,6.48159700710935e-06,2.48204683745968e-12,3.86873599743653e-06,9.61301074689094e-06,-3178.06908412225,0.0714311633654295,0.056518477228463,0.99375,0.419590156742823
"sinusoidal",1600,"pg_apf",95,1467.496,426.987470263626,1123.41993485952,113.389139652884,250.247980739914,11842.5825108268,423.633528420643,13503.4152177002,987.88459487772,0.290963294117071,0.765535262010609,0.0772670860110581,0.17052719785261,8.06992489984764,9.20167088544033,0.00150669720323435,0.0014472424684556,1.94349929386851e-07,0.000745633287609457,0.00236918470565714,7.21134151938378e-06,6.94710780986513e-06,3.2521947373541e-12,4.09146197823467e-06,1.06479442099759e-05,-3177.80210707408,0.0832997023820235,0.0650656834704706,0.99125,0.433121777978507
"sinusoidal",1600,"pg_apf",96,1492.199,311.17431570456,867.88796754943,150.456252724473,239.875436114287,11598.5678454591,314.485768978588,13231.8717959313,790.530823788427,0.208534059937421,0.58161677333213,0.100828544131495,0.160752980074566,7.77280231755889,8.86736406868742,0.00135075924675049,0.00127878104423793,1.607074181845e-07,0.000655468451141399,0.00212682432526961,6.99754929315099e-06,6.81781069788133e-06,2.58104750470298e-12,4.17182248826668e-06,1.02148974093075e-05,-3160.79313900405,0.0788554863459462,0.0632385337125903,1,0.424821000676577
"sinusoidal",1600,"pg_apf",97,1470.694,379.516087219047,1021.9460978995,105.709326836245,182.007984930134,11654.2992869182,381.54243696515,13415.0446409338,911.90749801421,0.258052380181769,0.6948733712788,0.0718771728423756,0.123756529182912,7.92435359559378,9.12157433220902,0.00139902793378085,0.00133579356003076,1.6482271321369e-07,0.000727113284183757,0.00222122388837014,6.95079266149455e-06,6.6908761448336e-06,2.96883161828199e-12,4.04009620663462e-06,1.04879216521142e-05,-3145.60724594698,0.0879366580635608,0.0706094260399266,0.976875,0.428613543224705
"sinusoidal",1600,"pg_apf",98,1480.095,316.146658148305,908.66339679784,156.926768064989,160.337226738665,12051.53626205,316.713727591016,13749.7245026129,802.790141503435,0.213598896117009,0.613922347415429,0.106024794398325,0.108329010461264,8.142407252271,9.28975809161771,0.00156239079545319,0.0014988219499502,2.12477417763224e-07,0.000699984138508136,0.00249225064831813,7.01269033558777e-06,6.79236974908756e-06,2.60926371843894e-12,4.17494927064656e-06,1.02034663319588e-05,-3185.8792022583,0.0882037422999272,0.0700568985636272,0.99,0.434118814943384
"sinusoidal",1600,"pg_apf",99,1479.135,253.118600580014,1018.04192848592,203.792297627974,279.969216418947,11398.1189611723,251.431821120082,12782.8014058783,823.330466843589,0.171126097739567,0.688268432892143,0.137778024066751,0.189279015383279,7.70593553744067,8.64207892171996,0.001173616875461,0.00113194204615869,8.96105335144358e-08,0.000655241514013692,0.00175824735648366,6.66513410483348e-06,6.43655114810288e-06,2.35233915852982e-12,3.93205425559733e-06,9.71288660588466e-06,-3160.37154427092,0.0789429121190842,0.0632673440835013,0.9975,0.413562923396712
"sinusoidal",1600,"pg_apf",9,1469.727,362.023179283303,1027.80575460446,247.232617759813,172.335526254734,11569.3637004425,362.459990796657,13019.3859166534,885.824897901429,0.246320016767266,0.699317461409134,0.168216694501641,0.117256828142052,7.87177734398464,8.85837023927125,0.00122551257702341,0.00118510324778466,1.04459111247552e-07,0.000677958224072868,0.00189481122136285,6.60215412159744e-06,6.35509838396898e-06,2.54052993099051e-12,3.77269815975494e-06,9.74260276074788e-06,-3174.57901117356,0.0651276214581613,0.0548742791189887,1,0.415891123719405
"sinusoidal",200,"pg_apf",100,183.035,947.43603139025,2429.16755286406,306.3325204357,315.233455721065,10627.9319098525,942.786438752354,11419.6449264756,2346.11144378848,5.17625607883875,13.271601348726,1.67362810629497,1.72225779616502,58.0650253222196,62.3904986831784,0.00597353851345061,0.00518136328876696,1.19471012155922e-05,0.00122095502865933,0.012774092703407,4.18049554346955e-05,3.48575303880111e-05,7.31842572722245e-10,1.03043053547244e-05,8.91197188416494e-05,-383.607778363037,0.119033237270736,0.102395927388457,1,0.613111004052078
"sinusoidal",200,"pg_apf",101,183.679,667.408057595788,1896.44491810643,368.492690469585,414.168651667277,10945.2607950297,662.332174917849,10656.51325902,1746.88450189811,3.6335566809259,10.3247781080386,2.0061775732097,2.25485031858447,59.5890700353864,58.0170474524578,0.00452506976839347,0.00389850511948812,6.79406306651907e-06,0.00115236968071034,0.00952450985453154,3.75419813614183e-05,3.15493495876608e-05,5.00435404323057e-10,9.06382643320355e-06,8.1100520158053e-05,-396.963954440463,0.179914354039395,0.126128492622753,0.94,0.576835555433264
"sinusoidal",200,"pg_apf",102,183.309,697.430058927652,1783.70567501481,396.034916084815,499.473511228851,11235.709915753,695.762786505522,10879.9796296327,1648.58268364873,3.80466894111938,9.73059519726153,2.16047720561901,2.72476262065065,61.293825811897,59.353221225541,0.0045721436107527,0.00391999972205056,6.73639795977258e-06,0.00116539469105051,0.00966976207117014,3.58554530450081e-05,3.1272850456517e-05,3.6188589751422e-10,1.10070679756763e-05,7.34006019769124e-05,-388.56700942732,0.143913920611898,0.111285106029409,0.995,0.574441716501735
"sinusoidal",200,"pg_apf",103,183.663,694.686796567968,1665.19026708759,445.918330616892,398.405882050465,11483.7370858889,698.964357153568,11144.2794056665,1499.98585747614,3.7823992669616,9.06655269209144,2.42791596901331,2.16922233683684,62.5261325682847,60.6778687360358,0.00395437339676492,0.00342994300123537,4.45044885880932e-06,0.001011308388408,0.00809676610541055,3.62108157969528e-05,3.11356734320355e-05,3.79455142839578e-10,1.11616611281523e-05,7.55464726026175e-05,-396.082653025248,0.101107193626719,0.0800846037742682,1,0.554721743135507
"sinusoidal",200,"pg_apf",104,184.385,631.907764712454,1555.43005086058,366.794789921285,337.315940490227,10794.8491845904,635.514341500255,10261.4163462417,1417.49303075912,3.42711047380456,8.43577325086411,1.989287577196,1.82941096342016,58.54515922982,55.6521210849131,0.00385128107139774,0.00332605576532079,4.48174788940163e-06,0.00101184937917861,0.00808296900671264,3.90039673358824e-05,3.26079407113324e-05,5.82662998017406e-10,1.02326341468172e-05,8.33225485787874e-05,-385.322149110955,0.0979413844474055,0.0770014979378638,1,0.553741958473086
"sinusoidal",200,"pg_apf",105,183.896,772.749814199603,1944.61790941014,446.230842455319,453.271770119572,11930.8946551466,773.54802392976,11396.5207315307,1778.29255700453,4.20210235241443,10.5745525156074,2.42653914416474,2.46482669617377,64.878489228404,61.9726406856632,0.00349345372510003,0.00310939433640357,3.12092859227217e-06,0.001003880925181,0.00693877605367781,3.38571109367634e-05,2.91916917235516e-05,3.82659981881937e-10,9.70829122464946e-06,6.79041278281248e-05,-405.452986091549,0.0725416875964458,0.0564476731217934,1,0.530305547082338
"sinusoidal",200,"pg_apf",106,183.614,853.24279537156,2211.7663109614,421.020635973578,544.282904573525,11335.738586825,850.856527655976,11292.8944072594,2024.81906022676,4.64693757214352,12.045738946711,2.29296587391799,2.96427780329128,61.7367879727307,61.5034496675604,0.00409025031608149,0.00348169481297618,5.58954297514421e-06,0.00102271292859291,0.00879365813382313,3.524364150504e-05,3.05970281468042e-05,3.32444052836751e-10,1.03636942182584e-05,7.23782726542699e-05,-394.829323813323,0.100573846648692,0.0809106321862527,1,0.556233762282218
"sinusoidal",200,"pg_apf",107,184.09,683.845312688586,1621.2958674303,388.449389306855,381.070102829859,11198.0258031683,679.249981741911,10800.1366207174,1433.31845525387,3.71473362316576,8.80708277163509,2.11010586836251,2.07002065744939,60.8290825311981,58.6676985209265,0.00425530650668469,0.00363551955874569,5.69034270792913e-06,0.00103931299445061,0.00905587531331331,3.75273530091986e-05,3.21005859286939e-05,4.52074761275683e-10,1.0323532380192e-05,7.86537476770155e-05,-389.531634176206,0.0934615635975431,0.0768111155096982,1,0.570328198678452
"sinusoidal",200,"pg_apf",108,183.939,706.15657150348,2002.82043878414,487.999978489901,412.820496807593,10877.609342453,693.348505847188,9874.12049290374,1879.66877824788,3.83908019236529,10.8885034646494,2.65305334099838,2.24433370197507,59.1370472953156,53.6814949135515,0.00376476858503674,0.00329880010883588,3.78663064777959e-06,0.00107795924891712,0.0076270201471068,4.08046339924664e-05,3.44335371206324e-05,6.8910293745934e-10,1.11483345556773e-05,8.46851004390425e-05,-389.940043140997,0.14614429824194,0.104312406236605,0.955,0.558083808525907
"sinusoidal",200,"pg_apf",109,183.218,493.818232791135,1708.6786509926,373.187218211991,493.648142645855,11127.0893646465,476.907382113622,10238.0957974239,1434.63482686484,2.69524955403473,9.3259322282341,2.03684800735731,2.69432120559036,60.731420300661,55.8793120622639,0.00379318700865114,0.0033584691942817,3.6607468545117e-06,0.000992738334162098,0.00766201629129959,3.58318553735292e-05,3.1214915816031e-05,3.4476065370005e-10,1.02730803034212e-05,7.18396821239985e-05,-387.529484254377,0.111904556003845,0.0807292907631983,1,0.550203479732446
"sinusoidal",200,"pg_apf",10,187.105,792.154769936231,1738.74607229937,366.442214297114,468.426318356843,10988.5886384623,792.072694512919,10856.3350752797,1584.22481332546,4.2337445281325,9.29288940594517,1.9584843499485,2.50354783868332,58.7295296141859,58.0226881979621,0.00412479159926309,0.00345206456528826,6.31876099341731e-06,0.000977733950813307,0.00903745301817892,3.60542768823287e-05,3.13716626324666e-05,3.8783061604864e-10,1.04002407189907e-05,7.47686039531189e-05,-398.528857647061,0.0887122911861369,0.0749312291981071,1,0.555131988060904
"sinusoidal",200,"pg_apf",110,183.081,574.037938786386,1440.69459797151,503.049366871104,432.759407752522,11604.2402376708,573.095353772497,10312.5294857616,1319.27289770871,3.13543152367742,7.8691650033128,2.74768745457532,2.3637592527489,63.3830940276208,56.3276882132039,0.00367269259282232,0.00326815432706911,3.44433015952568e-06,0.00100298908300618,0.00732564061864748,3.81104594246997e-05,3.28787320474259e-05,4.41433078225319e-10,1.04112288414872e-05,8.06271775251854e-05,-395.656329610657,0.101464753939271,0.0827749478984232,1,0.551244225798323
"sinusoidal",200,"pg_apf",111,183.271,697.643168135763,1575.18981799476,434.907772303732,390.946905395859,11189.995730907,697.805005799751,11456.8752305553,1409.11573724212,3.80662062266132,8.5948667164732,2.37303104312047,2.1331629411956,61.0570997643218,62.5133012345396,0.00409266798808568,0.00355488113647068,4.68675309512369e-06,0.00107910872563928,0.00856217925217195,3.72603770675011e-05,3.14161373244416e-05,5.36901316082282e-10,9.53181663868958e-06,7.87513157877336e-05,-392.402336823791,0.139700017346999,0.112946253973193,0.935,0.541844624515804
"sinusoidal",200,"pg_apf",112,185.424,709.275370920134,1600.47292055139,307.363060588433,424.952912465414,10050.0753843394,707.622000207196,10399.911305789,1366.98586986114,3.82515408426166,8.6314226882787,1.65762285674149,2.29179023462666,54.2005100976109,56.0871910097343,0.00503996741981948,0.00410806231250509,1.03108555862218e-05,0.0010785384315336,0.0115531468045853,4.77971211821819e-05,3.91314841683372e-05,1.04349777365388e-09,1.1621994242163e-05,0.000107073831656715,-385.647113668876,0.136129899076435,0.110294781635262,1,0.593111570513882
"sinusoidal",200,"pg_apf",113,184.415,707.468700005335,1891.50256128954,420.676536237922,445.591587743353,11577.700550887,716.428485034234,11002.0629549273,1748.18366076589,3.83628609389331,10.2567717446495,2.28114055927078,2.41624373149339,62.780687855581,59.6592628307206,0.00377327037034415,0.0033472329486596,3.52452427655871e-06,0.00116606972512022,0.00749864185916888,3.4479560460394e-05,3.02499921356933e-05,3.17167256100107e-10,9.70067945228898e-06,6.96543973457378e-05,-383.401104552792,0.0979714711203112,0.0854349897187575,1,0.556746880993112
"sinusoidal",200,"pg_apf",114,184.336,673.757776588187,1681.63834931121,371.37874626044,357.169805060544,10957.1368921475,673.160228779815,10056.1484906443,1555.35501490272,3.65505260279157,9.12268004790822,2.01468376367307,1.93760201512751,59.4411123825378,54.5533617450976,0.00398373351859019,0.00342970883559754,4.87701992232449e-06,0.00110668295895179,0.00838408313309672,3.91191199168319e-05,3.38627971749904e-05,4.98984379659865e-10,9.72439721408971e-06,8.05139225448561e-05,-382.253045833688,0.111970132654974,0.0928165443387669,1,0.562603804650842
"sinusoidal",200,"pg_apf",115,182.923,560.009448912187,1211.4943930097,461.82505098962,383.362940087117,10763.6327665083,559.858264238819,9226.2886626493,1046.95103788562,3.06144907372056,6.62297465605582,2.5246964623892,2.09576127707897,58.8424242249925,50.4381005267205,0.00390186882084681,0.00337282127218016,4.61645437954509e-06,0.00109438090516325,0.00806627026999701,4.22378817120707e-05,3.63340252269894e-05,5.6650933306988e-10,1.21021854625034e-05,8.83125181259061e-05,-388.350800240708,0.138428286717504,0.106400342512381,0.915,0.559354555372542
"sinusoidal",200,"pg_apf",116,183.277,698.899670237128,1555.05600996983,446.745212374644,461.720414463611,11059.8661607295,693.575206017824,10598.616819139,1467.96385343597,3.81335175847012,8.48473081712285,2.4375410573866,2.51924908452021,60.3450850937624,57.8284062874171,0.00376764736264474,0.00329246564628198,4.0422361701578e-06,0.00105299404060738,0.00771311504370496,3.60360997751781e-05,3.12451872489377e-05,3.84663382146267e-10,1.01592232697272e-05,7.4596602172693e-05,-384.761754038687,0.0846737363079736,0.0675342506379525,0.995,0.548157760588758
"sinusoidal",200,"pg_apf",117,183.222,528.63024449906,1159.72860079515,386.969027163929,424.970229536082,10683.8554519505,541.10380626112,10748.5488683819,951.012409136002,2.88518979434271,6.32963618340129,2.11202272196532,2.31942795917566,58.310985863873,58.664073464878,0.00427392849718715,0.00366169005754194,5.76394303320785e-06,0.00109043972823214,0.0091547972802957,4.44544197133032e-05,3.76583466644294e-05,6.91477454480611e-10,1.14624476898797e-05,9.36698574342563e-05,-389.231684077678,0.165733126282601,0.131731470025084,0.93,0.570806634395065
"sinusoidal",200,"pg_apf",118,183.474,565.469514919851,1376.0281847115,325.983946258685,422.616484926538,11369.4430960058,563.853595155328,10866.3078047269,1188.6241442172,3.08201442667545,7.49985384692927,1.77673101506854,2.30341348052878,61.9675981120258,59.2253278651303,0.0039900859042093,0.00343771779360062,5.2276062631877e-06,0.000991001973980425,0.00837862527948701,3.7638795971301e-05,3.25313426064268e-05,4.40277654929329e-10,1.16566636051421e-05,7.66935220059804e-05,-392.603871179634,0.0969170205227004,0.0757269879819328,1,0.555557760717652
"sinusoidal",200,"pg_apf",119,183.115,661.654954280983,1548.43479126798,409.63956106732,418.642269434894,11162.1000319152,659.726043043021,10730.4521747805,1381.4167044309,3.61333017110003,8.45607837297863,2.23706174298839,2.28622597512434,60.9567759709212,58.5995258432161,0.0038927467647467,0.00333715091295546,4.74828830335448e-06,0.000983370489073133,0.00815785215820723,3.76157058834866e-05,3.22778010871163e-05,4.31299629787089e-10,9.82050306575286e-06,7.83292764654092e-05,-394.770096296997,0.0830476298967286,0.0638819934811863,1,0.55314863609633
"sinusoidal",200,"pg_apf",11,182.646,503.158912310134,1636.64168518515,378.220951039149,460.820425730399,10903.7176185214,497.346972153834,10354.5641215386,1311.36445935956,2.7548312709292,8.96073106000213,2.07078693778757,2.5230250086528,59.6986389985072,56.6919840650143,0.00406490883152122,0.00348780201121931,4.98924329816318e-06,0.00105172218463312,0.00839408938525135,3.83698874374602e-05,3.39567115305209e-05,3.69760210528047e-10,1.1390405239543e-05,7.60197610153679e-05,-372.490567612772,0.159874435732757,0.128213955666643,0.945,0.572583375290725
"sinusoidal",200,"pg_apf",120,184.375,749.851552790743,1948.93356343544,445.473215372247,490.753512553997,11307.7067366433,743.769324664791,10550.1623895332,1786.87176924664,4.06699147276335,10.5704871237176,2.41612591388337,2.66171396639456,61.3299348428113,57.221219739841,0.00377837206579682,0.00331633267379958,3.74719578502357e-06,0.00104381203043011,0.00767687692743411,3.57915748096734e-05,3.11561859439474e-05,3.72901326980187e-10,9.95192570001535e-06,7.31752739335431e-05,-392.86108131842,0.124950718737044,0.0942836021569154,1,0.560094642874901
"sinusoidal",200,"pg_apf",121,183.71,682.321485504355,1723.60128816912,449.318925747411,516.607851241018,11217.6137396591,686.086868422917,10402.7545475101,1545.9969767745,3.71412272333762,9.38218544537109,2.44580548553378,2.81208345349201,61.0615303448863,56.6259569294544,0.00397808185092345,0.00352018452828302,4.09575519066188e-06,0.00112908672513901,0.00811146276812934,3.58813244375613e-05,3.11112853642311e-05,4.37498463866161e-10,9.92660300034923e-06,7.22302113798063e-05,-385.937622760028,0.0827802183253574,0.059503822399039,1,0.560338131942181
"sinusoidal",200,"pg_apf",122,182.8,679.142540421163,1770.9485330933,394.088422401741,513.090045063624,11540.179427417,678.970437908713,11147.5778683042,1569.41541379947,3.71522177473284,9.68790225981015,2.15584476149749,2.80683832091698,63.1300843950602,60.9823734589945,0.00363325692694834,0.00310971133434449,3.84039937264357e-06,0.000951068479335218,0.00756049389770615,3.35492835084058e-05,2.93159164884651e-05,3.14787241962036e-10,9.91783710371427e-06,6.65536094250104e-05,-383.539998590241,0.0590148689941392,0.0501219898905081,1,0.542151961526637
"sinusoidal",200,"pg_apf",123,182.916,633.126984245336,1437.6501976741,459.883039083355,386.226515408773,11259.8727024295,631.299716425223,10362.1746532986,1296.0533734454,3.46129908944727,7.8596197034382,2.51417611954862,2.11149661816775,61.5576149840882,56.6499084459455,0.00355285363296479,0.0031107903245912,3.48701437994257e-06,0.00095216647619663,0.00714626003305659,3.56138080638995e-05,3.09656952287285e-05,3.68113889769631e-10,9.88483907213426e-06,7.24033666987878e-05,-386.040557392047,0.106498551375595,0.0809994514639881,0.985,0.541039605399548
"sinusoidal",200,"pg_apf",124,183.897,670.878797547784,1773.76576256845,415.973592813125,500.676969362936,10655.8457342749,666.086243592739,10841.2633563985,1667.12075158424,3.64812257702836,9.6454306626451,2.26199227183219,2.72259454674593,57.9446414801486,58.9529103595954,0.00548920259232872,0.00470013307939654,1.12616995719742e-05,0.00117463903009188,0.0119276416679266,3.78708078978216e-05,3.23313211761899e-05,4.65576634433313e-10,1.04388295679831e-05,8.02938030403909e-05,-401.738848510407,0.105300184867406,0.0878884557774319,1,0.583016660550279
"sinusoidal",200,"pg_apf",125,183.446,618.506755454109,1539.29850572405,368.779812278897,397.415993007815,11393.4005801988,618.643698033456,11313.4610002363,1283.42057928198,3.37160120937011,8.39101700622555,2.01029083369982,2.16639225171339,62.1076533704675,61.6718870961278,0.00395308728340439,0.00339839183031259,5.07357782640279e-06,0.00104227781887024,0.00835371548166609,3.72242113354715e-05,3.20777186230004e-05,4.14301683277067e-10,1.05002379114757e-05,7.76693374664929e-05,-401.523278065342,0.101887994373424,0.0835027620697202,1,0.551765045741086
"sinusoidal",200,"pg_apf",126,184.022,458.72963025637,1004.43301877647,432.604556548995,278.585076311106,11236.0539557434,457.434260261313,9994.26154211081,900.695463489231,2.49279776470406,5.45822248848765,2.35083064279812,1.51386832178276,61.0582101908654,54.3101452115009,0.00437417852847756,0.00365662566623674,7.09521553992769e-06,0.00103246842260977,0.00974717644073089,4.04443387456431e-05,3.44611731637815e-05,6.20135557305098e-10,1.06826601219306e-05,8.18902311048471e-05,-388.457741308549,0.114718192023782,0.0815304356722455,1,0.57837764573133
"sinusoidal",200,"pg_apf",127,183.369,684.491643696879,1783.36598097222,377.402207976198,419.46262456575,11309.5023808852,705.273638928714,10173.0302399791,1590.9524912718,3.73286457196625,9.72555874205683,2.05815709294482,2.28753292304451,61.6761959812464,55.4784627716742,0.00446322056648517,0.00386569843633959,5.91631351621791e-06,0.00114955156582998,0.00915946570152452,3.90196195252948e-05,3.36241356588247e-05,5.27825220122038e-10,1.09929183532144e-05,8.17932170150022e-05,-409.87499590582,0.116771528521052,0.0970809307260025,0.975,0.56652210875278
"sinusoidal",200,"pg_apf",128,188.877,512.599927766143,1349.82551396545,326.2617088269,416.845992859647,11125.0953683869,530.237350643543,10387.7969213103,1065.05971786978,2.7139351417385,7.14658488839536,1.72737659337506,2.20697063623229,58.9012710302838,54.9976806138933,0.00404859135358408,0.00347547625023848,4.73497491640879e-06,0.00104776975376157,0.00844738215420047,3.83210224525753e-05,3.19603642330293e-05,6.84914697166056e-10,1.04157107144998e-05,8.12508682602484e-05,-391.959368472613,0.0654165872907054,0.0519017233558012,1,0.557157305416292
"sinusoidal",200,"pg_apf",129,183.804,413.54057818867,1069.32113006304,614.5413916438,453.449269553987,11130.1951495351,415.388587280851,10144.8703272809,862.206886409068,2.24989977469843,5.81772502264933,3.34346037977302,2.46702612322902,60.5546949442619,55.193958386547,0.00328464423796193,0.00293295282480084,2.55569078978186e-06,0.000936630888486258,0.00641229436690047,3.83613298958387e-05,3.33111402564126e-05,4.09979926468498e-10,9.98347115677226e-06,7.93777886821036e-05,-371.562747558648,0.0911384994130443,0.0772561966632246,1,0.539506330428329
"sinusoidal",200,"pg_apf",12,182.677,751.794942751788,1993.77694909816,490.355782535586,495.987794958803,11209.5399063466,745.752365813585,10556.9806901868,1812.77619312626,4.11543293765382,10.9142199023312,2.6842776186142,2.71510805935505,61.3626231345302,57.7904207436447,0.00364425761847017,0.003248794048643,3.30763337858934e-06,0.00109858678816873,0.00715046364621957,3.59711742750278e-05,3.12323372476345e-05,3.50639895596736e-10,1.03556405907724e-05,7.31809084194963e-05,-377.356140792879,0.0996678156172444,0.0797649699062658,1,0.553061185147169
"sinusoidal",200,"pg_apf",130,183.169,658.26838354263,1607.37416115034,493.304439168557,437.612224457456,11062.4071874874,661.074499245437,10249.2028183408,1433.92338030028,3.59377614958115,8.77536133925685,2.69316554203253,2.38911728762758,60.3945383088151,55.9548985818603,0.00375746857238386,0.0033158094505578,3.88130952145174e-06,0.00104725763385619,0.00760750040881302,3.72926763107905e-05,3.22373730519213e-05,4.17159165777717e-10,1.04883614658341e-05,7.66194824716076e-05,-384.777231958975,0.122795524113613,0.0907446681388775,1,0.561232224444427
"sinusoidal",200,"pg_apf",131,184.578,597.535033556088,1341.04123885206,394.599419171452,379.607165156121,11396.9611927553,592.990466920782,10726.5795386147,1194.71770286139,3.23730365241843,7.26544462965281,2.137846434415,2.05662194387263,61.7460433678734,58.1140739341344,0.00419407310659298,0.00366837865276695,4.84250762173206e-06,0.00110701331840033,0.00858893807233125,3.85349058742972e-05,3.30369773453912e-05,4.89268413876723e-10,9.95439499584958e-06,8.191427611325e-05,-391.806692571109,0.113859161739175,0.0922117275116771,1,0.559290648739567
"sinusoidal",200,"pg_apf",132,182.573,571.27092754999,1270.47483086176,416.379409670701,299.449884110041,11111.2455299963,576.159546386034,10533.1737590561,1103.5486973667,3.12900005778505,6.95872243355678,2.2806187643885,1.64016521670806,60.8591934732751,57.6929434201997,0.00383343451422456,0.0033455265138818,4.01738768639207e-06,0.00101859693399216,0.00778248917104619,3.94065844739514e-05,3.37550569573219e-05,5.50288322368964e-10,1.03826353128988e-05,8.27542900368147e-05,-381.412603714252,0.136056758640323,0.0963028005583551,0.935,0.56211796793009
"sinusoidal",200,"pg_apf",133,183.957,684.092166985859,1907.69687104926,355.451482004583,383.678357560621,11442.3450871074,684.823729051952,11081.5604835108,1665.18838629662,3.71876127021999,10.3703412811106,1.93225309178005,2.085695883063,62.2011942307571,60.2399500073972,0.00384895109024262,0.00329190293376119,4.65910770660473e-06,0.000995530282534068,0.0081759959146522,3.85112805874993e-05,3.30484572397622e-05,4.49058360901793e-10,1.15657382912954e-05,7.96284162225879e-05,-410.343371395827,0.120164978742485,0.0811307149766815,0.95,0.544612267842961
"sinusoidal",200,"pg_apf",134,183.109,646.438725202045,1637.5431747601,448.378366443051,478.945304689338,11732.4471754289,648.889230884427,11193.281933811,1536.72792607911,3.5303492739409,8.9429966564183,2.44869649467285,2.61562951405631,64.0735691606033,61.129064840128,0.00411786064730585,0.00358986343920116,5.13680815541645e-06,0.00108870130575312,0.00845839572651998,3.47801555218738e-05,2.99813304220511e-05,4.10883542077881e-10,9.92414404824207e-06,7.07808222802389e-05,-396.380925052734,0.0657711811190408,0.0557267935354281,1,0.554301915931758
"sinusoidal",200,"pg_apf",135,183.556,730.559450008546,1987.25346932546,429.905747708518,347.898238165675,11376.5665190005,729.676389258616,10650.8083434042,1784.43150843021,3.9800357929381,10.8264152047629,2.34209586016539,1.89532479551567,61.9787232179852,58.0248444257023,0.00390301104377668,0.00327576565565546,5.61002598454471e-06,0.000827763749233855,0.00825229684298037,3.72507882591462e-05,3.17049558127831e-05,5.6845673232103e-10,1.18971321412914e-05,7.64039346861014e-05,-389.979904166621,0.08918637265334,0.0733056327119648,1,0.557266252328038
"sinusoidal",200,"pg_apf",136,183.358,712.69144995845,1722.93615967892,324.131123043581,292.723889158214,10130.2117980411,701.637972961236,10841.7887607386,1539.86793139175,3.88688494616243,9.39656933255663,1.7677501011332,1.59646096247894,55.2482673133494,59.1290740558828,0.0047624952922649,0.00394172773628698,1.00788050851401e-05,0.000961416527151397,0.0107659006608622,4.32571684559371e-05,3.61897309230539e-05,6.79384301910794e-10,1.12501882983334e-05,9.47961730622369e-05,-399.618087616772,0.0926752504462591,0.07368120748153,1,0.575639517064592
"sinusoidal",200,"pg_apf",137,183.106,582.061605664059,1289.97907836312,489.871148077467,495.08473443866,11490.9939214064,581.876748989688,11030.9174195214,1164.08372939608,3.17882322624086,7.04498530011646,2.6753418679752,2.70381491834598,62.7559660601312,60.2433422144624,0.00338408409820678,0.00303443115994403,2.72210872442094e-06,0.00103658289765868,0.0065652740305343,3.50655828099429e-05,3.08234933415614e-05,3.13584061655658e-10,1.06306143786063e-05,7.09342959852921e-05,-395.620466488025,0.138025798348746,0.112885756787034,0.93,0.527993813232328
"sinusoidal",200,"pg_apf",138,183.947,449.698503394088,1163.31686694407,468.315992386358,464.816227596073,11254.9589617606,448.917808547023,10746.148932271,1011.42799383323,2.44471779041837,6.32419592026002,2.54592894902531,2.52690300791028,61.1858794204886,58.4198107730542,0.00355071630994092,0.00306258703081777,3.73678089987144e-06,0.000990001842252688,0.00740538757667438,3.79775096000122e-05,3.28650966261964e-05,4.26010928177377e-10,1.09896797370855e-05,7.82173743705421e-05,-393.932009280719,0.11416536640456,0.0948214414850455,1,0.535754827277034
"sinusoidal",200,"pg_apf",139,183.171,612.22584934709,1633.15174886204,407.834596464514,493.65626299438,11389.1519466586,608.946766569293,10630.2870784667,1353.40899712707,3.34237324329228,8.91599515677724,2.22652382999773,2.69505687578481,62.1777025110886,58.0347712163315,0.00376503992455416,0.00328006785273309,3.96649409464248e-06,0.000987152495131574,0.00769999246576124,3.8853889365594e-05,3.36993316188234e-05,4.36842206939958e-10,1.00379693199309e-05,7.97878300560355e-05,-397.704183272069,0.113731872669954,0.0865957291582149,0.985,0.54359026213205
"sinusoidal",200,"pg_apf",13,183.336,511.897634094097,1471.71270622132,536.007024717302,489.129721296668,11268.937952902,508.792715798129,10199.0439491676,1247.1626389726,2.79212830046525,8.02740708983137,2.92363215471758,2.66794149156013,61.4660402370621,55.6303396450649,0.00326356433959581,0.00292818331624751,2.41517106739658e-06,0.000988795692163611,0.00634628344721577,3.63569112132137e-05,3.12762866186233e-05,4.17634923652459e-10,1.01062469633871e-05,7.59319537804003e-05,-372.637448137331,0.0676919810530152,0.0590972417597256,1,0.536440194294491
"sinusoidal",200,"pg_apf",140,183.461,562.268616013493,1380.44425856534,489.098984482748,486.546273018805,11081.2215682849,569.836897638712,10174.1125142561,1245.99653243723,3.06478551852161,7.52445619813116,2.66595616770184,2.65204197632633,60.4009656999846,55.4565412499446,0.00369752690730624,0.00327032699678645,3.18763654314022e-06,0.00116275341924131,0.00734846975258131,3.68674585172773e-05,3.1993706702715e-05,3.92332290769565e-10,1.11327796635907e-05,7.56343594861423e-05,-382.176694193875,0.137085532441092,0.116370636178723,1,0.548616546728471
"sinusoidal",200,"pg_apf",141,183.581,444.760809556948,1072.38260023526,407.427442642783,337.356687506024,11325.792012774,443.319899954499,10829.0233300537,963.151585050568,2.42269521114357,5.8414683449554,2.2193333876751,1.8376448952017,61.693704755797,58.9877129444426,0.00346549910932881,0.00301666539020191,3.61921283378872e-06,0.000895465461969211,0.00698076471882492,3.74437242414273e-05,3.21542928475937e-05,4.89367083325892e-10,9.1478950875811e-06,7.80730116232153e-05,-393.432801684534,0.0856958493352622,0.0621800098847357,1,0.545185399023307
"sinusoidal",200,"pg_apf",142,183.187,569.285619347366,1503.48186321807,472.008820435443,558.371266818893,11335.9474512842,568.88704160669,10199.1280707125,1420.90106469523,3.10767477685297,8.20736112943643,2.57665020135404,3.0480943888971,61.8818335978219,55.6760472670686,0.00382970902189441,0.00330810189836629,4.49215849029567e-06,0.00106186998320828,0.00803464860797703,3.61244113424346e-05,3.1340976753304e-05,4.28218947071575e-10,1.03373477102668e-05,7.33440119397732e-05,-382.732879140116,0.121273985614955,0.0969152568408995,1,0.561091556994591
"sinusoidal",200,"pg_apf",143,183.842,773.423786834138,1820.95791738863,441.025771523599,491.794343599896,11579.7255806115,775.134639133007,11080.0025726879,1670.01169761408,4.20700268074835,9.90501581460508,2.39893915168242,2.67509243589548,62.9873781867665,60.2691581504113,0.00382991812014464,0.00331290992667684,4.38924996137938e-06,0.000995801196613706,0.00806838470212425,3.36950721360546e-05,2.91867583920566e-05,3.57812619896268e-10,1.01673989390982e-05,6.8100404591865e-05,-395.54948067109,0.113017979425992,0.0956405840668705,1,0.549238004104555
"sinusoidal",200,"pg_apf",144,183.333,751.066320285923,1721.02977234466,320.991771454488,425.380042169461,11116.5111640511,756.958521237215,10876.5999875171,1431.95313530899,4.09673283198291,9.38745218997485,1.75086739132883,2.32025899412251,60.6356256868709,59.327016890124,0.00401048396628065,0.00340614291346118,5.1866787371345e-06,0.000926311881278053,0.00855644759171643,3.73743575241107e-05,3.22244591753806e-05,4.70298670674946e-10,1.03692052791904e-05,7.610635311705e-05,-401.169179771883,0.0754749944817318,0.0643153681853797,1,0.559608092806996
"sinusoidal",200,"pg_apf",145,183.916,679.013498855281,1673.95279174328,377.8803283949,494.699498511031,11184.3152671457,677.112218106077,11157.9311885127,1479.14318147969,3.69197622205399,9.10172465551271,2.05463542266524,2.68981218877657,60.8120841424655,60.6686269194236,0.00382145478548928,0.00328051263293291,4.28133171669192e-06,0.000992297004581317,0.00792879846071873,3.50307747428195e-05,3.02935814911988e-05,3.80227034529712e-10,1.08134865788829e-05,7.16661783889632e-05,-401.111260529439,0.102459463293588,0.0753719048256544,1,0.542799206729668
"sinusoidal",200,"pg_apf",146,182.927,727.439568450628,1707.31804407833,349.471627423289,420.285612563881,11299.8523636046,727.932135663986,10873.4462681044,1554.18295189503,3.97666592930857,9.3333299298536,1.91044311350041,2.29755920429396,61.7724686000678,59.4414507869502,0.00424097115918691,0.0035932373157265,6.39985494357563e-06,0.000954141844814636,0.00919688197691633,3.7177416164423e-05,3.1174835635571e-05,5.14593312950097e-10,1.01497991862147e-05,8.03218987014541e-05,-398.479256665374,0.0812448219259452,0.0657610764358564,1,0.561321464835149
"sinusoidal",200,"pg_apf",147,184.169,696.287052655741,1761.56185169072,382.802253487532,464.52718025875,11796.0542661703,700.870899937413,11444.201552503,1457.3370600423,3.78069627709192,9.56492054412373,2.07853793791318,2.52228757423209,64.0501618957061,62.1396736285857,0.00404317895973101,0.00345495218725061,5.37951738149245e-06,0.00102033001437565,0.0086499583922282,3.56176571205227e-05,3.10812964734691e-05,3.60987347094098e-10,1.07444216216772e-05,7.20648699068669e-05,-401.289691568556,0.0688870985750881,0.0565431928623321,1,0.548998117385398
"sinusoidal",200,"pg_apf",148,183.339,748.527548484915,1717.51363664191,505.530165602733,514.576655192091,11509.5787047273,751.575179531929,11192.0497127211,1553.84074072472,4.08275134305802,9.36796664453229,2.75735203967914,2.80669500320221,62.7775798096823,61.0456570218071,0.00365585672697202,0.00323738266264189,3.52228936305972e-06,0.00109384490666571,0.00730832235781689,3.62883617369241e-05,3.10935531774412e-05,4.16321703188392e-10,1.01564851803938e-05,7.57145399643684e-05,-384.44909876929,0.085517484525252,0.0700839050353072,1,0.55124713599001
"sinusoidal",200,"pg_apf",149,182.697,711.963810530949,1605.24833709228,387.737163694694,444.139688627381,10661.2906552663,712.54843658838,10398.280379558,1474.54062702145,3.8969649777005,8.78639680505031,2.12229628124542,2.43101796213064,58.3550395204428,56.9154413020356,0.00401550180732563,0.00344474649827265,5.3399019275133e-06,0.0010246935611032,0.00840336153279069,4.11730869911271e-05,3.54181985506852e-05,5.14028502552602e-10,1.07057820148244e-05,8.55668027952699e-05,-387.235636286394,0.13757602125135,0.0946562084187756,0.96,0.563284253112656
"sinusoidal",200,"pg_apf",14,184.358,747.911823807829,1741.17911485635,324.855951107582,400.601196659415,10673.2756104081,758.821294936762,10035.8008762823,1630.89481890259,4.05684496364589,9.44455415472262,1.76209305323111,2.17295260666429,57.8942905130675,54.4364816079711,0.00547091604163299,0.00454867067178626,1.09132927560093e-05,0.00126955188976633,0.0118679365998454,4.29523948486122e-05,3.63315239981566e-05,6.62904037098696e-10,1.10592190883863e-05,9.23330348726351e-05,-403.880310452774,0.136226895714807,0.112737972573145,1,0.588459215461573
"sinusoidal",200,"pg_apf",150,183.867,717.449426547625,1673.60236568197,371.327626757519,340.706707334935,10592.2795323796,720.698052755637,8878.91111883487,1482.08280804598,3.90200213495421,9.10224437056115,2.01954470762845,1.85300628897483,57.6083774270513,48.2898569011017,0.00521741412703926,0.00440444327818616,1.03259906882421e-05,0.00113112582846638,0.0116531897660502,4.3766719322623e-05,3.59057269714073e-05,8.80999641751462e-10,9.34631588093927e-06,9.81468654645802e-05,-380.321262935888,0.127185224646732,0.0945757698590692,1,0.5985251369791
"sinusoidal",200,"pg_apf",151,183.928,786.793638772379,2187.71250636382,310.732095607918,475.048462163167,10415.2200972469,780.275088762093,11274.2124281689,2036.17398994781,4.2777262775237,11.8943962113643,1.68942246753033,2.58279577967013,56.6266152910212,61.2968793667573,0.0054321469137664,0.00452761393934562,1.22320566445318e-05,0.00117455653048968,0.0123553555887384,3.71735026293905e-05,3.09083146991688e-05,5.73947970047529e-10,1.04135287166463e-05,8.02839040564263e-05,-401.704654392276,0.0790201091496895,0.0664017597787254,1,0.584768518859527
"sinusoidal",200,"pg_apf",152,183.404,608.030678469187,1577.11186664702,392.030649063827,281.439938991806,10954.5257251519,611.96309304184,10351.2380224721,1389.50724813435,3.31525309409384,8.59911379602964,2.13752507613698,1.53453544629237,59.7289357110635,56.4395434258364,0.00396146657721335,0.00343608434326908,4.57973550445901e-06,0.00104181946945271,0.00811451892518663,3.53732624187576e-05,3.00276467581368e-05,4.09547381354565e-10,9.91153356898077e-06,7.58329203107047e-05,-393.827602878728,0.100354363032228,0.0857840036642023,1,0.563508740221108
"sinusoidal",200,"pg_apf",153,185.667,568.18420549072,1365.26751566391,490.945338847847,350.919779718139,11129.6688446396,566.234670118315,10294.48354225,1226.69087694786,3.06023259648037,7.35331273550985,2.64422508495235,1.89004928026057,59.9442488144886,55.445951850625,0.00358543233390211,0.00315652015433256,3.45585331042293e-06,0.00102087895903809,0.00725882219766402,3.98922006336648e-05,3.42012081982722e-05,5.34029549636674e-10,1.08330068168653e-05,8.09835987634736e-05,-394.511790123267,0.146621227072225,0.11311738496658,0.905,0.552790557813187
"sinusoidal",200,"pg_apf",154,183.369,615.433390481508,1478.20132016581,532.795667259523,462.801426899752,11432.2457638843,611.307274425793,10514.77880678,1326.89903998973,3.35625645818818,8.06134799320394,2.90559291515754,2.52388040999161,62.3455751183914,57.3421832849611,0.00363168440917796,0.00325988485503875,3.16801066103311e-06,0.00108412381037147,0.00720295023881088,3.8264820471227e-05,3.32040664112848e-05,4.16868719836847e-10,1.11880988528722e-05,7.78688666953503e-05,-383.450816987184,0.0980111762752367,0.0869731207707245,1,0.557760038738043
"sinusoidal",200,"pg_apf",155,183.269,785.82446239955,1827.21765725673,378.482997480129,363.25855520123,10917.4412664658,792.808704998311,10541.8582223896,1698.31976672837,4.28781988442972,9.97014037975177,2.06517740305305,1.98210584005604,59.5705834945673,57.5212295717745,0.00397737364776966,0.00349870670974464,4.36797179843128e-06,0.00107979871573381,0.0082480204363311,3.67625525825344e-05,3.14352066720723e-05,4.41859453141288e-10,1.04217710428618e-05,7.64758055625069e-05,-379.714023259535,0.132019672336387,0.10969813965654,1,0.563918982581558
"sinusoidal",200,"pg_apf",156,183.314,639.886012194516,1816.92192983556,473.701762016898,516.613297857081,11865.977369831,637.005685368518,11494.2135250997,1638.0372321791,3.49065544472608,9.91152846937799,2.58410029794177,2.81818790630874,64.7303390348308,62.7023223818129,0.00339381507413283,0.00297224146591563,3.11150827349235e-06,0.000991203186843112,0.00690643202512171,3.11961448632673e-05,2.75183247276515e-05,2.52572924830382e-10,9.51771506675308e-06,6.07223436156745e-05,-400.53991545084,0.0565050371840233,0.0441844748932535,1,0.533984456451903
"sinusoidal",200,"pg_apf",157,183.776,683.683107397526,1576.67023183361,332.106595280793,508.587023087105,11207.5747333329,684.276626473972,10411.2570948506,1449.51797206405,3.72019799863707,8.5793043261014,1.80712712911802,2.76742895202369,60.9849748244217,56.6518865077625,0.00396403466824621,0.00346190815862631,4.3920712635371e-06,0.00110790546282661,0.00821594160102517,3.68109905302344e-05,3.19190042064693e-05,3.86682160152284e-10,1.03714133095466e-05,7.57512916078291e-05,-386.190205966557,0.112473554465237,0.0955931334320458,1,0.557754056594374
"sinusoidal",200,"pg_apf",158,183.78,693.421449550067,1672.72264170713,386.462708853944,502.765348701339,11477.9302169431,695.784405370997,10719.8851032594,1569.5307079818,3.77310615709036,9.10176646918671,2.1028550922513,2.73569130863717,62.4547296601537,58.3299875027719,0.00335432016576115,0.00291995383453583,3.02696729309032e-06,0.00101583089421078,0.00680631308847663,3.4201298729084e-05,2.98965991114033e-05,2.99237213323544e-10,1.04357078293699e-05,6.85988702391223e-05,-400.110730136276,0.0958345262884186,0.0785618150869888,1,0.538471622254112
"sinusoidal",200,"pg_apf",159,183.972,594.706879516154,1517.86869599363,475.23718053299,504.986103617018,11708.317712373,587.811012417185,11055.326150144,1328.98554617355,3.23259452262384,8.25054190851666,2.58320386000581,2.74490739687028,63.6418461090439,60.0924387958166,0.00342964286647068,0.00298672537589641,3.15035753220782e-06,0.0010281224846776,0.00702947475835658,3.56514506029331e-05,3.12608257626357e-05,3.34518738561883e-10,1.15011953458905e-05,7.34559160831838e-05,-406.474261419496,0.139067737902814,0.115025093087968,1,0.526931837878969
"sinusoidal",200,"pg_apf",15,183.494,694.182956135762,1725.70037847204,357.839872919288,479.931238060777,11437.510837693,696.581746885406,10484.1162992266,1627.91728341341,3.78313708424124,9.40466924516355,1.95014481628439,2.61551461116318,62.3317974303956,57.1360169772671,0.00379739857240635,0.00333249862858707,3.72933840127471e-06,0.00103200094225114,0.00767907379243557,3.57174828255455e-05,3.10779423837157e-05,3.74078876801113e-10,9.60964138122598e-06,7.2982145947044e-05,-373.473431879488,0.074659999029721,0.0605713149877486,1,0.551350827712049
"sinusoidal",200,"pg_apf",160,183.427,765.593200600335,1873.47336006544,475.391881034883,470.407490077528,11307.1685795957,769.390176801018,11105.7155719172,1722.65296005587,4.17383046443727,10.21372731422,2.59172248924577,2.56454878549793,61.6439705146772,60.5456970452398,0.00363510811051863,0.00317286219440437,3.61013524757455e-06,0.00106546973932245,0.00741020970948641,3.36022828907907e-05,2.95566984140572e-05,2.82593214112842e-10,1.05987916602174e-05,6.77775735757655e-05,-375.699709274919,0.0795745027375944,0.0563047077849229,1,0.544035520003503
"sinusoidal",200,"pg_apf",161,183.485,690.653901842473,1509.28239605149,390.961484021278,478.484285806004,11143.5572753163,696.073854278951,10787.6357563209,1373.15721206123,3.76408917264339,8.22564458158157,2.13075447050864,2.6077569600022,60.7327970968544,58.7930117247781,0.0035175157401622,0.00309185084818673,3.22008745208965e-06,0.00106491448404721,0.00708345623080489,3.6998221156904e-05,3.2618304821808e-05,3.74346213684829e-10,1.09633549880035e-05,7.37965598829308e-05,-383.513757172923,0.121355088127874,0.105258980403415,0.98,0.538555746700531
"sinusoidal",200,"pg_apf",162,182.702,749.171748913826,2072.96674378058,455.12873706503,435.399694325336,11290.5263185156,753.493891730917,10288.7014093069,1901.71181519314,4.10051203004798,11.3461633905517,2.49109882248158,2.38311400162743,61.7974971183437,56.3141148389557,0.00404952359522488,0.00352179173489907,4.63541070506289e-06,0.00120629402021194,0.00841012814127344,3.77658099874455e-05,3.28427661644006e-05,3.87020553577184e-10,1.0395550681056e-05,7.69474269813479e-05,-390.943600218883,0.113322982492928,0.0868306388191452,0.945,0.55512439270491
"sinusoidal",200,"pg_apf",163,183.289,611.525158141552,1376.17213962098,515.022052028003,492.200364354279,11568.2705643015,613.477064915201,10896.8015466182,1266.30034194141,3.33639857351806,7.50820911031746,2.80989067553428,2.68537863349289,63.1149199586529,59.4514757929731,0.00347070093878305,0.0030919430906073,3.05239203941512e-06,0.00100801518371278,0.00681930269874619,3.57195405738564e-05,3.10255974805153e-05,3.89470989885481e-10,1.00059002366503e-05,7.29712230149865e-05,-395.544081438005,0.0733814245821452,0.0620387951067879,1,0.545557111890207
"sinusoidal",200,"pg_apf",164,183.588,587.415156241042,1691.82318307888,373.793475571457,379.88953388651,10992.2379087577,588.715913243399,10223.3205733112,1445.73069350526,3.19963808223328,9.21532552824196,2.03604525116814,2.06925035343547,59.8744902104585,55.6862135505107,0.00438508298404659,0.00372807929005015,6.4430382582275e-06,0.00104849985934836,0.00912839171190689,3.90262683853609e-05,3.34002746086756e-05,4.84207845557339e-10,1.11469468909006e-05,7.95457744388205e-05,-398.352605041336,0.126153472959216,0.105533095940436,1,0.579312844339737
"sinusoidal",200,"pg_apf",165,183.346,560.943369707745,1423.76120883148,486.930773610569,264.510311161106,11121.9914460339,547.146945380598,9924.62411970577,1261.09268095801,3.05947972526123,7.76543370911542,2.65580254606356,1.44268383908624,60.6612167488461,54.1305734496841,0.00405362288447443,0.00352613015289337,5.03093624306254e-06,0.00101518540810941,0.00811253363881628,4.07429057446816e-05,3.48567193457514e-05,5.77614616670062e-10,1.15298460746716e-05,8.47779065912773e-05,-390.306060055888,0.131186273696216,0.116326229167623,1,0.56025852059816
"sinusoidal",200,"pg_apf",166,184.213,732.798000562713,1820.34695837032,456.016775718306,411.286006238138,11413.8119160562,731.883986750904,11823.5806799793,1606.55989250579,3.97799287000762,9.88175079049971,2.47548639736775,2.23266548092772,61.9598612261685,64.184290359417,0.00439852730480939,0.00380666336943272,5.69316368893354e-06,0.00108460295710413,0.00932573254977755,3.8812710095101e-05,3.37049166000405e-05,4.79162966396808e-10,9.79427704683945e-06,8.04750779711558e-05,-389.604320596168,0.0808869490462911,0.0667900669185807,1,0.564791300753153
"sinusoidal",200,"pg_apf",167,183.133,599.294785384639,1370.28554178093,513.68458953972,458.774142997524,11489.1033893636,598.692834194539,10673.1028379865,1217.83040396968,3.27245655007366,7.48246106262075,2.80498102220638,2.50514185317515,62.7363904340756,58.2806093821788,0.00415696136688956,0.00359834373085976,5.14251541195366e-06,0.00107997795745192,0.00866149797140841,3.76926323117926e-05,3.23250884547928e-05,4.29898763562328e-10,1.01112126588338e-05,7.98689370453541e-05,-393.276684664304,0.161524016382273,0.128561323773237,0.955,0.565974356944247
"sinusoidal",200,"pg_apf",168,183.018,605.067948215207,1473.2749090179,548.496277696663,392.090880820271,11434.2158244518,602.577032596959,10745.1469294892,1303.32741616577,3.30605704474536,8.04989077040453,2.99695263688087,2.14236239506644,62.4759085141997,58.7108750477506,0.00342476569200049,0.00302510253318052,2.75029500142138e-06,0.00113603768134405,0.00691659047305636,3.5190988083919e-05,3.05065529844507e-05,3.60625804785076e-10,1.01157691772838e-05,7.23731728171248e-05,-387.737689286751,0.124295005240497,0.0965589384832562,1,0.544263278387832
"sinusoidal",200,"pg_apf",169,182.818,486.859671317892,1146.28682481253,406.286296274998,354.550120645994,11223.7599670796,481.027461444007,11039.0280932096,964.265711361739,2.66308389391576,6.27009826610361,2.22235390538676,1.93936111677184,61.3930792759989,60.3826105373084,0.00425346691178402,0.00362618830653472,6.43778261573068e-06,0.00105486571846306,0.00901041360088984,4.00011275105896e-05,3.33032280511905e-05,5.92676865802798e-10,9.8012949588995e-06,8.61076041718396e-05,-388.540366521187,0.115023835151716,0.0971780963586764,1,0.565868410253651
"sinusoidal",200,"pg_apf",16,189.559,753.671514366005,1939.04889389654,357.550981893401,425.912589941069,11341.7352881246,741.614454419835,10787.4917186628,1798.37496441624,3.97592050161694,10.2292631523512,1.88622530132255,2.24686029120785,59.8322173472356,56.9083595010671,0.00401184995917711,0.00352067726883575,4.35655996827001e-06,0.00110578691296529,0.00827688301896927,3.5909831724737e-05,3.13878226935809e-05,3.58280704990633e-10,9.99502856038371e-06,7.31632522841266e-05,-395.595481979971,0.10854557402487,0.0830981835429764,1,0.550205664323282
"sinusoidal",200,"pg_apf",170,184.235,579.251507102925,1281.18150510802,505.9829758352,510.604013409645,11474.5363145495,578.624898775823,10593.5108796405,1102.14141695199,3.14409046653961,6.95406141671244,2.74639984712568,2.77148214730993,62.2820653760115,57.4999912049314,0.00345227489392042,0.00307425021294415,2.91229313289131e-06,0.00107687524311791,0.00675249842734548,3.59131211632513e-05,3.13234772129459e-05,3.6765825181669e-10,1.00399866545496e-05,7.29054253985662e-05,-387.88393464062,0.0744610259051817,0.0617973105142686,1,0.549501555617682
"sinusoidal",200,"pg_apf",171,183.774,593.764015738045,1521.66711700699,341.548995134361,389.163743339274,10882.9313284644,588.053908795908,11110.1685877915,1389.80480595718,3.23094679191858,8.28010010669079,1.85852729512532,2.11762133565833,59.2191024218027,60.4556062761409,0.00460023247126394,0.00383778647185396,7.99444189194821e-06,0.0011072787503129,0.010248639723743,3.77749117176071e-05,3.25065645442812e-05,4.64679062227018e-10,1.11206690283678e-05,7.7994453296849e-05,-404.121825628304,0.0865281746538985,0.0686839624303664,1,0.566805561224788
"sinusoidal",200,"pg_apf",172,184.015,756.796622619692,2075.81381720974,343.451608771164,407.668120683006,10945.586847244,753.968831796643,10755.1853326086,1839.00542132558,4.11268984930409,11.2806772122367,1.86643267544039,2.21540700857542,59.4820359603513,58.4473294710137,0.00418635892913592,0.00354919618179128,6.31227084268871e-06,0.000898395772173665,0.00905253195185128,3.63555891684472e-05,3.12852704444325e-05,4.43502752884304e-10,8.99942803522294e-06,7.63924357864056e-05,-401.439995357328,0.088721003354274,0.067696392225695,1,0.554568552071923
"sinusoidal",200,"pg_apf",173,184.027,663.584031091537,1699.30197763483,308.697740750071,309.687728233589,9678.86474592445,663.012813588189,10517.7974419128,1563.71294395771,3.60590582409938,9.23398184850501,1.67745896390242,1.68283854126617,52.5948080766651,57.1535559559892,0.00591270571764311,0.00490518288657026,1.3752416395514e-05,0.00109785526186329,0.0133017704852084,4.03033025408115e-05,3.46830446346202e-05,5.26517828692095e-10,1.02840501630048e-05,8.3745393520583e-05,-385.666054940907,0.127103154556483,0.104730038519402,0.995,0.603850916046972
"sinusoidal",200,"pg_apf",174,183.727,484.965671990852,1241.32158406677,420.672173992665,353.087509351701,11015.7309175151,485.324486328388,9730.70785029816,1134.8848840998,2.63959936204723,6.75633730516892,2.2896589722396,1.92180522923523,59.9570608430721,52.9628625640116,0.00334290289613089,0.00297628917789458,2.6227322583787e-06,0.00105699125716929,0.00653536575281168,4.01845230803375e-05,3.45369900165342e-05,4.8217870077189e-10,1.11949287543538e-05,8.27544795237904e-05,-384.207267405958,0.170098195184929,0.118662898699089,0.895,0.549544172748581
"sinusoidal",200,"pg_apf",175,183.452,605.127153083519,1701.63725727504,438.160300407068,403.474281306127,11436.5464170371,607.214539295312,11517.8471069779,1482.67735940671,3.29855849532041,9.27565388916467,2.38841931626293,2.19934523093848,62.3408107681415,62.7839822241124,0.00416337051935085,0.00361391127804594,5.09876890984262e-06,0.00100497656649034,0.00859211522635142,3.36013203123809e-05,2.89368832995651e-05,3.30364484045079e-10,1.00293220343988e-05,6.89621566661948e-05,-389.277204803073,0.0980823335319436,0.0758588234159018,1,0.564502470347478
"sinusoidal",200,"pg_apf",176,183.764,606.38426124233,1426.0187395101,493.869969328405,420.812976661573,11439.4982604784,608.50429707493,11101.9378312585,1320.58803722126,3.29979898806257,7.7600549591329,2.68752296058208,2.2899641750374,62.2510299105287,60.4141063062327,0.00361195290412151,0.00316067119320592,3.36727302155679e-06,0.00105001561069638,0.00735551615472739,3.37122318480948e-05,2.98882594229279e-05,2.7008928867264e-10,9.83277064986738e-06,6.5483590994379e-05,-382.55276713506,0.133602515469964,0.0881280138757153,0.955,0.553475259739549
"sinusoidal",200,"pg_apf",177,183.139,425.308698356517,1201.48621269926,413.769431053176,455.062441192419,10863.6660834595,424.112616871634,10621.7051970498,986.75695927334,2.32232729433118,6.56051530640258,2.25931904757139,2.48479265034984,59.3192388484132,57.9980517369311,0.00446190490401575,0.00394139515387962,5.74241483663941e-06,0.00111395212181714,0.00913430368694462,4.18744182236642e-05,3.66074791999501e-05,5.18725819757383e-10,1.20247957152009e-05,8.49384054035895e-05,-390.264421667402,0.152240483068185,0.122675711642519,1,0.568658631352535
"sinusoidal",200,"pg_apf",178,183.758,672.351601442352,1711.53432761804,437.091636472726,380.466637294583,10797.2953640565,676.028857956729,10616.7124868579,1527.04235631869,3.65889703546159,9.31406702085372,2.37862643516324,2.07047659037747,58.758232915337,57.7755117429331,0.00382908042079276,0.00325261478907271,4.52012801365364e-06,0.00108226612336558,0.008156533463151,3.79975727039059e-05,3.21786771946411e-05,5.22929268868405e-10,9.85229504262623e-06,8.10173233036298e-05,-384.346236060209,0.0950997503168138,0.0777500275713675,1,0.560935375493722
"sinusoidal",200,"pg_apf",179,182.83,482.61633988883,1171.29118702501,443.267701577355,475.999925331672,11322.8417547297,486.145880122818,10612.9665819945,1074.66799190011,2.63969993922677,6.40644963641091,2.42448012676998,2.60351105032911,61.930983726575,58.0482775364794,0.00362455361510776,0.00315729231801906,3.65186623773033e-06,0.00100698061112838,0.0073520620088416,3.57354425415209e-05,3.13181300401545e-05,3.28512047711227e-10,9.81211070928496e-06,7.22619011825183e-05,-396.345592794039,0.116775513082836,0.0980421103067693,1,0.53857216708775
"sinusoidal",200,"pg_apf",17,182.945,449.503268764502,1149.00129777824,462.988610938937,412.792759835889,10918.8441638963,449.470880302235,9934.89171318225,1024.09760883987,2.4570404698926,6.2805832232542,2.53075301833303,2.25637628705834,59.683752843184,54.3053470342576,0.00340675132357137,0.002982654203396,3.18281815510148e-06,0.000955952765336548,0.00682510490789121,3.90004618688402e-05,3.44669446619096e-05,4.0814531096056e-10,1.20920313722842e-05,7.73813567327399e-05,-370.433193908199,0.119027100401174,0.0921948502610726,1,0.545269701070374
"sinusoidal",200,"pg_apf",180,183.753,886.721753787745,2350.08142338682,499.810527096458,453.061582297913,10973.1732530757,888.217296409246,9671.17665897783,2181.15979865464,4.82561783365575,12.7893499610173,2.72001288194728,2.46560100949597,59.7169747055871,52.6313946383342,0.00369563062815636,0.00325030036047606,3.85200650256773e-06,0.00105790982935813,0.00749951451682769,3.73360576283261e-05,3.18425250114106e-05,4.45843398778163e-10,9.55538784070328e-06,7.69461609346414e-05,-388.853064597423,0.121274376113649,0.0966775607169692,0.995,0.555271378016625
"sinusoidal",200,"pg_apf",181,182.863,634.542937233958,1975.31028301,496.133076041707,357.149079468038,11122.7940335113,638.480976719627,10117.4744235589,1777.21629142168,3.47004553810206,10.802132104417,2.7131408543101,1.95309646821958,60.825831543348,55.3281660235201,0.00388511774493663,0.00346321229507884,3.65219434953988e-06,0.00118984986705801,0.00775150035290081,3.74539284184043e-05,3.20454703669474e-05,4.85188925253257e-10,1.01198694946551e-05,7.93070940927016e-05,-371.743504915925,0.105240551599116,0.0916674722337204,1,0.556917874371059
"sinusoidal",200,"pg_apf",182,183.344,749.879867224717,1645.76857929537,412.966146462877,448.551454881427,10784.6337504623,745.619155556695,10059.9142391805,1557.896632337,4.09001585666679,8.97639726031596,2.25241156766994,2.44650195742117,58.821852640186,54.8690671043528,0.00376619443163156,0.00325781521728183,4.20287063977679e-06,0.00105375396852602,0.00784385834029585,3.87785642183089e-05,3.2722320465796e-05,5.13039790994116e-10,9.84965645476855e-06,8.37045094521084e-05,-378.466627631683,0.121832680958586,0.0948425402616901,1,0.553846185239511
"sinusoidal",200,"pg_apf",183,183.024,662.179289114252,1737.84319833959,459.346336618626,499.135441366784,11237.6639699076,660.407329744071,10969.2305768313,1544.67583857875,3.61799157003591,9.49516565226195,2.50976012227154,2.72715841292281,61.3999473834447,59.9332905893833,0.00362972638822524,0.00316690912692614,3.66264401316042e-06,0.00103621153889879,0.00748097646558992,3.56001716730226e-05,3.14318236547907e-05,3.08616403598887e-10,1.13337805675102e-05,6.99408222460056e-05,-395.045364857632,0.103362792277021,0.0822329382556247,1,0.553027407676863
"sinusoidal",200,"pg_apf",184,183.74,601.553541327263,1510.50226885432,464.225879355984,437.998496386717,11393.9915968055,598.346901452996,11032.723199573,1353.05609945705,3.27393894267586,8.22086790494348,2.52653684203757,2.38379501679937,62.0114923087271,60.045298789447,0.00360079858585444,0.00317600844653699,3.67069729713038e-06,0.00101468855156274,0.0071848654541307,3.50488746503859e-05,3.04122174299048e-05,3.53189065654667e-10,1.07049373054446e-05,7.1686712858911e-05,-394.160388410013,0.0952991908451395,0.0659649194413092,1,0.545381141624031
"sinusoidal",200,"pg_apf",185,183.504,683.094518625699,1669.09655881636,393.481395615716,419.055102384341,11367.0523267736,690.331315847764,10372.6200774703,1491.81108108819,3.72250478804658,9.09569578219744,2.14426604115287,2.283629252683,61.944438959225,56.5253077724206,0.00465404146589451,0.00406862564513114,6.03844122985236e-06,0.00127626831317158,0.00955969433457562,3.9656147773457e-05,3.45403153836174e-05,4.55127320990477e-10,1.03538934694502e-05,8.13574394237861e-05,-394.10117459746,0.108582175588994,0.0858757065093093,1,0.57663797617706
"sinusoidal",200,"pg_apf",186,183.415,826.975501516774,1922.82964648248,319.46061037319,420.167120398655,11658.0093943179,836.910379784586,11123.7562358904,1813.65812282701,4.50876701205885,10.4834917890166,1.74173655575166,2.29080020935395,63.5608286907715,60.6480180786218,0.00399014520301789,0.00339875108019345,5.26197715637089e-06,0.00102109546913185,0.00847993401849315,3.54472828853925e-05,3.05234846303416e-05,3.63786921812669e-10,1.03413799823676e-05,7.34142097331576e-05,-399.784777520162,0.099468394929908,0.0845939125554427,1,0.541441907095935
"sinusoidal",200,"pg_apf",187,183.369,558.184611931251,1404.11635681327,438.980162137918,516.184684961278,11177.2347614318,557.122784416962,11474.5856305557,1285.77250118403,3.04405113149578,7.65732679358709,2.39397151174909,2.81500518059911,60.9548765681865,62.5764749251822,0.00410838034683536,0.00356349964272334,5.07847004656662e-06,0.00109683059004996,0.0086423987243471,3.74704448777287e-05,3.29829901105023e-05,3.78811656165778e-10,1.00275621580323e-05,7.56101315833132e-05,-379.595754413486,0.0996644999526214,0.0866377067366101,1,0.559794304871751
"sinusoidal",200,"pg_apf",188,182.949,666.767961885509,1591.75919645585,306.874709090427,458.348747977705,10511.3183084416,661.701457224017,10242.065962389,1447.59631628736,3.64455647139645,8.70056243245852,1.67737844476016,2.50533617553364,57.454909884403,55.9831754335305,0.0037796503577951,0.00320944113248015,4.8374160498388e-06,0.000951210702702506,0.00812333103283263,3.93185048878341e-05,3.39710355675537e-05,4.43865414463485e-10,1.12368840026674e-05,8.05721244915165e-05,-386.182084008487,0.120107456501912,0.090481414681277,0.99,0.554671767108296
"sinusoidal",200,"pg_apf",189,182.491,688.397429870798,1754.24032590354,374.142097863751,440.30808204043,10885.3304493156,690.310405406497,9746.63784862226,1628.66039510103,3.77222673924083,9.61274981179093,2.05019479242128,2.41276601060014,59.648587871816,53.4088686489869,0.00390532134241744,0.00340376246981351,4.24771705222423e-06,0.000938063759047985,0.0079177837132876,3.83602408995081e-05,3.31673127557346e-05,4.64350291572341e-10,1.00210880097596e-05,7.84631838004886e-05,-377.900896538914,0.105922090386273,0.0784747583172166,1,0.563962384094963
"sinusoidal",200,"pg_apf",18,185.295,810.043530841168,2253.71442019026,372.969858303782,412.256659364188,11244.3827407876,827.018362719023,11067.8347818129,1879.99930438759,4.37164268243163,12.1628453017635,2.01284361857461,2.22486661466412,60.6836813771964,59.7308874055582,0.0047441079586648,0.00413226201472819,6.80698321298646e-06,0.00105186734377314,0.00993081293258959,3.82014367345088e-05,3.2837586463554e-05,4.53618819764521e-10,1.19973957080043e-05,8.04079987085668e-05,-399.077652466311,0.139928760816719,0.110980890511312,1,0.581632587758583
"sinusoidal",200,"pg_apf",190,182.973,493.903614621914,1191.77649488742,438.223920015938,413.574365232172,11339.5010973108,497.496747893062,10520.0175674874,1110.71622874867,2.69932511694028,6.51340085634176,2.39501959314182,2.26030269620202,61.9736305209557,57.4949176517156,0.00343629943313074,0.00301326843809761,2.96758625063565e-06,0.000994919310028979,0.00690398677061977,3.93292724069256e-05,3.3506280143222e-05,5.53636924797213e-10,1.07169051641972e-05,8.38396415068296e-05,-374.628361343868,0.0896372637893995,0.0758563252947835,1,0.547297824658503
"sinusoidal",200,"pg_apf",191,183.218,577.341684613608,1290.71897631039,436.832393296683,408.117380293556,11083.4939126541,581.809761223865,9550.30717718921,1163.01896945119,3.1511188017204,7.04471709280959,2.38422203766378,2.22749609914722,60.4934772383393,52.1253762031526,0.0037892518524077,0.00337055910536917,3.65138270008193e-06,0.00099924552127712,0.00748823952670706,4.06465344764749e-05,3.44407717431947e-05,6.20298274154908e-10,1.06800028461806e-05,8.66335793787429e-05,-388.899604297402,0.151700708524369,0.110802698454058,0.935,0.566496584373296
"sinusoidal",200,"pg_apf",192,182.839,824.575738541021,2215.43772842397,446.091894593543,295.766798415539,11317.955770822,824.811540763558,10615.1050390333,2027.47893032378,4.50984603143214,12.1168772987381,2.43980712317144,1.61763517857535,61.9012123825988,58.0571160366951,0.00447665541678381,0.00390249941891204,5.78435008307241e-06,0.0010833375273791,0.00922356565997167,3.79112223705353e-05,3.26227047065797e-05,4.34633665202165e-10,1.03592633633097e-05,7.91484466161532e-05,-383.530503361725,0.140358654199133,0.111348449288707,0.985,0.56579563363986
"sinusoidal",200,"pg_apf",193,183.598,500.090271586572,1031.09794153442,468.198757625163,306.158093853675,11245.1256976358,500.961089364704,10216.7620026606,929.769641471008,2.72383289353137,5.61606303736654,2.5501299449077,1.66754590928918,61.2486285124879,55.6474580478036,0.00382021757542652,0.00336500379050398,3.73409696920302e-06,0.00111979713843219,0.00767630454939048,4.01017343463133e-05,3.50289955169757e-05,4.55587859001268e-10,1.07938620953959e-05,8.17840069488462e-05,-380.113002297005,0.14654962525876,0.128917291151601,0.94,0.566908294605739
"sinusoidal",200,"pg_apf",194,184.218,719.931205757674,1974.23190812257,503.374856427193,454.971978886354,11520.227569988,714.70705424737,11364.8985011374,1738.53166148888,3.90803941937093,10.7168241329434,2.73249550221581,2.46974768419131,62.5358410686687,61.6926603325266,0.00336618589979053,0.0029919821006219,2.99466065975808e-06,0.000983759576743964,0.00669942107565048,3.30610505296152e-05,2.94248633992225e-05,2.55106363371096e-10,1.02379558835278e-05,6.42462573695154e-05,-395.896607102877,0.0877213312396721,0.0750999785933978,1,0.532574460880237
"sinusoidal",200,"pg_apf",195,182.949,827.372075673259,2475.21626826543,389.028710396971,431.500033133467,11151.0224803362,829.66711950149,10191.4035458061,2190.20496024413,4.52241922980316,13.5295424859684,2.12643255987718,2.35858098778057,60.9515355663936,55.706254452367,0.00434023551313098,0.00380445108612237,5.29688849329391e-06,0.00114324614888627,0.00900987246663346,3.85115086756719e-05,3.33397934763146e-05,4.80684338057288e-10,1.07262424063353e-05,7.76352829961821e-05,-381.556558826199,0.103653534256121,0.0791444845586088,1,0.565607922782961
"sinusoidal",200,"pg_apf",196,183.231,769.667123905145,1834.51756956443,438.436748285758,520.302677792323,11795.924689685,782.909054077643,11383.9381009819,1626.93411209252,4.2005289711083,10.0120480135153,2.39280879483143,2.8395996190182,64.3773416598991,62.1288870386663,0.00344889940966115,0.00304951106418896,2.98172429072012e-06,0.00093802631436826,0.00677062510544324,3.24023186693945e-05,2.86314546730734e-05,2.47988326182674e-10,1.03551745151126e-05,6.31375339283111e-05,-379.248841730698,0.0805905038145456,0.062083640189626,1,0.537146839241014
"sinusoidal",200,"pg_apf",197,183.855,751.145566885817,1897.94813703905,445.246008054594,438.361861815552,11157.1788924674,747.839127449356,9942.05705045123,1764.9045646609,4.08553244070499,10.3230705558133,2.42172368472217,2.38428033948249,60.6846639605525,54.0755326232696,0.00396584082441577,0.00352464864015605,3.88548517986827e-06,0.0011154000731567,0.00794549400533918,4.05018944999718e-05,3.46939668108456e-05,5.13760317356452e-10,1.01906820619388e-05,8.55792223346086e-05,-378.011628565132,0.118795330849351,0.0847444073822841,0.955,0.551425780726968
"sinusoidal",200,"pg_apf",198,183.801,675.183646802427,1440.98140695218,340.596821328868,385.494231710612,11102.6593867188,677.870978259106,10769.4599897349,1321.62791143773,3.67344925654608,7.83989971192853,1.85307382075651,2.09734567119119,60.4058704072275,58.5930435075701,0.00416230680280695,0.00354916035734647,5.71801689203795e-06,0.00105184094253919,0.00905630438410117,3.90672609242e-05,3.3484350553809e-05,5.3178727808822e-10,9.88800935146261e-06,8.17581645670989e-05,-412.318245260409,0.108428055694239,0.0915132912327169,0.99,0.552325504839254
"sinusoidal",200,"pg_apf",199,183.794,838.878727011786,1917.06476027988,514.051591294,320.648380382731,11189.3413224122,843.445977458887,10819.4486889149,1780.8957890519,4.56423347340928,10.430507852704,2.79688994904078,1.7446074430217,60.8797965244363,58.8672573039102,0.003964218146627,0.0034713666771525,4.30294723855581e-06,0.00103884998946914,0.00811094526663015,3.63747704968892e-05,3.066367098586e-05,5.2726415487225e-10,9.28266085520779e-06,7.49632893663554e-05,-397.2540606017,0.110897661347058,0.0850994798936977,1,0.559110513063941
"sinusoidal",200,"pg_apf",19,183.428,750.329891543751,2192.05680596674,413.480983987104,370.351865006812,10965.4364025495,746.887232260574,10225.8470759911,1880.54822350993,4.09059626416769,11.95050268207,2.25418684163325,2.0190585134593,59.7806027572098,55.7485611574627,0.0043008189211284,0.00372194745140084,5.39218445533511e-06,0.00111335022381888,0.00897994199534148,3.77009180765354e-05,3.26878160627179e-05,4.43927661309789e-10,1.01811450797936e-05,7.69554471449043e-05,-390.956970898073,0.130439436139212,0.114884484755461,1,0.568673901133432
"sinusoidal",200,"pg_apf",1,183.234,779.34640995446,1808.30438068055,331.057424121506,411.6440808727,11323.3697301957,785.155356417619,11460.8617477274,1605.7748403661,4.25328492503826,9.86882554919145,1.8067466961454,2.24654857107687,61.7973178023492,62.5476808219403,0.00474374717851136,0.00416165657962039,6.17495396262431e-06,0.00110241647974421,0.00958697308197809,3.59065448715282e-05,3.12604724595114e-05,3.73336164583108e-10,1.04859949924646e-05,7.53780299721734e-05,-373.375709085439,0.130976905810058,0.103627060674684,0.9,0.572756030231829
"sinusoidal",200,"pg_apf",200,183.236,600.58968236216,1325.30494030381,468.206833065275,539.96345635868,11599.7567228266,604.958798626264,11235.7401473744,1162.15403838154,3.27768387414132,7.2327759845435,2.5552120383837,2.94681970987513,63.3050095113765,61.3184098505446,0.00329648237947233,0.00289384938917211,2.71583138822884e-06,0.000916965931665782,0.00658371652316006,3.23790151832466e-05,2.84492986944762e-05,2.59944159074289e-10,1.05970439025615e-05,6.4539747252882e-05,-389.806732127035,0.0671658862733792,0.0511342974355246,1,0.534190425138447
"sinusoidal",200,"pg_apf",20,183.085,721.910308435592,1723.71800355976,541.05060891286,417.007633768965,11513.5993472235,724.943078456642,11198.7365311452,1551.86121931053,3.94303360972003,9.41485104492319,2.9551880761005,2.27767230395153,62.8866337888057,61.1668707493523,0.00367047610165677,0.00325414606126979,3.41179362761864e-06,0.000987198850701517,0.00723394768669576,3.52353836166056e-05,3.03064625902746e-05,3.3916115043329e-10,1.03824391471458e-05,7.43921402315738e-05,-395.255262932402,0.0858539960401601,0.0736032980743476,1,0.541792759336409
"sinusoidal",200,"pg_apf",21,183.14,715.634347178813,1593.66863148858,358.238140137437,510.169259883754,11402.6932889029,724.412933331947,10582.4809229348,1466.38947971779,3.90758079708864,8.70191455437688,1.95608900369901,2.78567904272007,62.2621671339026,57.7835586050822,0.00373909894923861,0.00320347408605898,4.29590835040311e-06,0.00103827136781775,0.0078409086712787,3.60857976448221e-05,3.20048647205095e-05,3.63209065618311e-10,9.83527803908632e-06,7.11802583037055e-05,-396.414647825753,0.0772947357838285,0.0610069422547946,1,0.547412091127869
"sinusoidal",200,"pg_apf",22,183.838,758.036769835518,1812.89230540702,479.140815422257,512.774372857333,11546.3794117482,761.062357181207,10770.5847419177,1659.93796662268,4.12339543421664,9.8613578553238,2.60632086631848,2.78927301677201,62.8073598045464,58.5873689983446,0.00333658973730361,0.00295305463717171,2.63878061801436e-06,0.00092718614307549,0.00649970448232607,3.34089903179332e-05,2.92769135914433e-05,2.93854372213984e-10,1.04243891076606e-05,6.79238082055019e-05,-395.628117571719,0.106628429673005,0.08073030005174,1,0.534102817785054
"sinusoidal",200,"pg_apf",23,184.071,672.801786548217,1520.5788764769,412.779910647978,354.34060497648,10524.3566848406,673.792501885144,10214.9029489983,1416.41545124068,3.65512104866175,8.26082803090602,2.24250376565552,1.92502135032938,57.1755283822039,55.4943633108871,0.00406129812648387,0.00354023270710262,4.99978227533349e-06,0.00108802769691467,0.00839680988799995,4.23102205374338e-05,3.61451870596451e-05,6.36202606334016e-10,1.04235546042376e-05,8.9448787847953e-05,-391.244683396033,0.115150176431682,0.0858375968070907,1,0.568104672231686
"sinusoidal",200,"pg_apf",24,183.138,606.864070026098,1491.747704784,356.816382522778,319.028759287382,11443.041406205,605.641011872763,10993.0959861695,1338.74657375696,3.31369824955005,8.14548430573665,1.94834705262031,1.74201290440751,62.4831624578462,60.0262970337642,0.00349953327805183,0.00306768901607449,3.24489879593245e-06,0.00106263167933806,0.00706691489520439,3.46061395293632e-05,2.98661061693295e-05,3.64685806553001e-10,9.6861637382208e-06,7.09444141185081e-05,-390.009913341337,0.111603484115948,0.0939490302817969,1,0.54137661866168
"sinusoidal",200,"pg_apf",25,183.611,709.928568768566,2298.74303337561,450.590754155464,453.060564186254,11248.5857038815,702.292849484399,10748.6554688565,1944.75413392133,3.86648168556658,12.5196368048516,2.45405097818466,2.46750229662849,61.2631362166837,58.5403677821943,0.00409040525824409,0.00356765089459753,4.74945190566308e-06,0.00106819682376822,0.00851145332768068,3.93068601919854e-05,3.40152885573056e-05,5.57982376507798e-10,1.10341345924534e-05,7.92899722369421e-05,-404.880258916982,0.141553794467306,0.119304194572815,1,0.55242935800456
"sinusoidal",200,"pg_apf",26,183.577,772.440511053978,1926.64768780096,398.670238711313,486.701193654312,10827.5257156442,784.534596291567,10876.716851772,1815.30355519728,4.20771943682475,10.4950385277075,2.17167858016698,2.65121008434778,58.9808402776177,59.2487994235226,0.00479220062995651,0.00410297319031181,7.53626426828735e-06,0.00114830609819059,0.0101497402552734,3.79798672305674e-05,3.24751641430233e-05,4.6830289290522e-10,1.07827935253281e-05,8.18555184435491e-05,-386.924899003607,0.0756582853563082,0.0635683344604881,1,0.574050576486248
"sinusoidal",200,"pg_apf",27,183.708,556.216296294251,1180.94845037908,406.248940798264,453.806891509949,11719.8143941385,557.202991980742,11117.9198634755,1063.85516256135,3.02771951300026,6.42839969069981,2.21138404858941,2.47026200007593,63.7958847417559,60.5195193648372,0.00382067018246614,0.00333739336197941,4.46146014553937e-06,0.000963791023902609,0.00791496447463964,3.51778070387491e-05,3.03820949600033e-05,3.61636026778808e-10,9.52447039980511e-06,7.43724872489686e-05,-388.729983907321,0.104387639396626,0.0741103617436817,1,0.546989195747016
"sinusoidal",200,"pg_apf",28,184.237,505.232189983566,1113.34145691875,245.260038073587,268.515851978219,11064.2080635611,514.281001729588,10878.7936828387,990.271626448423,2.74229492438308,6.04298515997738,1.33122031987922,1.45744802606544,60.0542131252741,59.0478225483408,0.00415251199233962,0.00355475162788481,5.44412097005783e-06,0.00106237163223407,0.00883481308112761,3.8412964705368e-05,3.27485035830222e-05,5.54862060833816e-10,1.02473342023449e-05,7.79801199186986e-05,-385.450709649603,0.0787100338559531,0.0630926532984052,1,0.567259483895016
"sinusoidal",200,"pg_apf",29,184.208,612.02232625864,1665.95827282326,510.675792184128,479.431240300272,11658.7220322728,603.730198783694,10856.787079452,1502.32096069686,3.32245247903804,9.04389751163499,2.77227803452688,2.60266242671476,63.291073309915,58.9376524334015,0.00367848060071348,0.00322481792561069,3.56945647591043e-06,0.00105915315657386,0.00742557465432765,3.47182515194454e-05,3.02420999360502e-05,3.14138256499726e-10,1.126237675264e-05,7.13559549566865e-05,-393.229598602391,0.0693567402348114,0.0576014653489985,1,0.543117389551668
"sinusoidal",200,"pg_apf",2,183.475,749.899712790231,2111.12579420784,421.564416883589,460.293128430472,11351.0634257863,754.947058594339,11119.0229657226,1966.84044656167,4.08720377593803,11.5063403417787,2.29766680410731,2.50875121095774,61.8670850294934,60.6023870593958,0.0040294070356285,0.0034850178064459,4.80118384685844e-06,0.000976114939104993,0.00855588422856423,3.4540821006079e-05,3.06367034657091e-05,3.3084255024632e-10,9.68143592065931e-06,6.69041119964823e-05,-399.357163038649,0.130202333852326,0.0974488425172871,0.95,0.542372196543529
"sinusoidal",200,"pg_apf",30,184.132,682.004465346383,1705.293780562,486.019754394822,427.600334212061,11543.7780809758,680.241464656801,11181.949373217,1494.95854741046,3.70388886964994,9.26125703605021,2.63951814130527,2.32224889868171,62.6929489766896,60.7278983186901,0.00384117856804745,0.00334010506096455,3.88022338379651e-06,0.0010581387292434,0.00766519435243683,3.58090355106192e-05,3.10465236121385e-05,3.75148271250217e-10,1.03739446109482e-05,7.26356415880302e-05,-393.54732939263,0.0851924746812719,0.0640799757006578,1,0.548104961280942
"sinusoidal",200,"pg_apf",31,183.346,696.844972684403,1857.9041886058,397.388710140123,325.845936949827,11062.9638552401,693.541574029062,10481.6059302584,1537.04935981263,3.80070998377059,10.1333227264614,2.16742503321656,1.77721868461721,60.3392703153605,57.1684461633112,0.00444283553593042,0.00395965335781073,5.38432924205041e-06,0.0010785186472847,0.00899064848881419,3.69700345984842e-05,3.10619919715821e-05,4.7045982355211e-10,8.9618724845168e-06,7.83631173499707e-05,-381.703304385194,0.108082610096701,0.0841269973429515,1,0.573353343336692
"sinusoidal",200,"pg_apf",32,183.277,751.538129051553,1930.64532905177,481.543329165639,393.338714135928,11265.2816651897,751.069862068701,11527.5315929843,1692.34416009679,4.10055887564481,10.5340295238997,2.62740730787627,2.14614334660611,61.4658776889063,62.8967715151616,0.00405983040988676,0.00354180182756419,4.6584088880544e-06,0.00104631756557684,0.00838208058797314,3.44100687256208e-05,2.97040729250809e-05,3.42617364941007e-10,1.00048377666996e-05,6.95817833336151e-05,-395.613608498931,0.117092228898036,0.0864934529426866,1,0.549748417290784
"sinusoidal",200,"pg_apf",33,183.629,740.922576102603,1875.74339871205,368.467939976277,463.523457648414,11351.3238321319,744.623983195916,11274.5831551471,1730.60642279542,4.03488869461034,10.214853855938,2.00658904626327,2.52423886013872,61.816618465122,61.3987069316235,0.00418235758712315,0.00353387088832154,6.12306224876835e-06,0.00102026242425339,0.008840346860421,3.46404818153076e-05,2.98581938169986e-05,3.90588809111208e-10,1.0109137375072e-05,7.33671890163695e-05,-399.866417040311,0.0762032577740248,0.0608424298331613,1,0.553552058920528
"sinusoidal",200,"pg_apf",34,182.899,655.608998091036,1650.22784839124,443.384658420066,502.063200089329,11406.0423673153,656.852674730553,10431.7906271258,1534.05451526974,3.58454118442985,9.02261821218946,2.42420493507382,2.74502977101749,62.3625190258847,57.0357991411969,0.00334381925863567,0.00297045472241044,2.53651041787364e-06,0.00104625027739418,0.00654285947674108,3.5004781908929e-05,3.05107495047438e-05,3.28986886133906e-10,9.99751551058121e-06,7.1371843404298e-05,-384.75050024387,0.100560032701736,0.0770150319671624,1,0.541911370484174
"sinusoidal",200,"pg_apf",35,184.196,727.83159512987,2085.74993758997,429.661698527182,383.034519767253,11121.5625364918,729.07127864223,10435.9732434955,1913.36680240655,3.95139739804268,11.323535459999,2.33263316536288,2.0794942331389,60.3789579387816,56.6568939797581,0.00389656713257699,0.00335398079367816,4.63631087058252e-06,0.00119761308875672,0.00808222539864009,3.68588269624514e-05,3.22184927907876e-05,3.91507754777089e-10,9.53089441299617e-06,7.47800119369814e-05,-390.222388330185,0.107729129807648,0.0904842128757464,1,0.551543949798874
"sinusoidal",200,"pg_apf",36,183.422,605.815735177613,1375.71979843878,421.574839088002,369.299600394488,11273.7549996395,601.796687294022,9917.63967847851,1208.16556374317,3.30285208523303,7.50029875608587,2.29838753850684,2.01338770918695,61.4634831134732,54.0700661778768,0.00424444593585166,0.00373285642845959,4.89508584798844e-06,0.00114457077018636,0.00853108924747071,4.27250718493245e-05,3.68631380452721e-05,6.15025935180797e-10,1.11386898584528e-05,8.84327414558838e-05,-390.530750362284,0.12325005482067,0.103132535135336,1,0.565851025528654
"sinusoidal",200,"pg_apf",37,183.715,672.362624177118,1625.81234242054,435.952632403629,453.317307310642,11140.9415601583,657.899798444072,10921.7681759152,1497.18643837269,3.65981342937222,8.84964397256913,2.37298332963356,2.46750296552074,60.6425254342777,59.4495178723307,0.00409888707636553,0.00360586546409258,4.57914124395301e-06,0.0011880546490359,0.00820957244164856,3.71219399121023e-05,3.27333603504812e-05,3.68598702059441e-10,1.07492080673605e-05,7.42873765484866e-05,-370.019292096508,0.173821353157871,0.141298205360537,0.99,0.583725310930986
"sinusoidal",200,"pg_apf",38,183.204,727.647600645359,1924.69914162576,384.557604214412,377.187786765755,10986.4614624271,729.43450701373,10286.1467198844,1734.31857980477,3.97178882909412,10.5057702977323,2.09906772894922,2.05884034609372,59.9684584530199,56.1458631901291,0.00414260040293653,0.00352652163027936,5.37651774069853e-06,0.00105313809637301,0.00899157121269361,3.66607842937435e-05,3.19816941466002e-05,3.90299166805835e-10,1.07187592985402e-05,7.51656951463687e-05,-394.417439929571,0.101272693712287,0.0776405184801634,1,0.562531984476123
"sinusoidal",200,"pg_apf",39,183.569,676.907750508667,1815.74536316029,297.252656336161,380.311192765448,10840.5284381578,687.971703891475,10956.5496846122,1579.00587810862,3.68748400061376,9.89135073547436,1.61929659330367,2.07176153253244,59.0542435713971,59.6862742871193,0.00508523758751558,0.00425322791801547,1.01649761392742e-05,0.000997887370366977,0.0113215045395853,3.76399043442494e-05,3.31094804614117e-05,3.85777080882619e-10,1.04100341596512e-05,7.50202084807202e-05,-395.33136366771,0.0869279407415313,0.0699607993165982,1,0.588341403765358
"sinusoidal",200,"pg_apf",3,183.196,636.871874430292,1466.48268838968,387.116792073797,385.218650115944,11213.7083999608,637.917456513117,10163.1049026765,1265.31239544958,3.4764507654659,8.00499294957141,2.11312906435619,2.1027678012399,61.2115351861441,55.4766747236646,0.00392459338094439,0.00336894268185902,4.91660751427395e-06,0.000927144364648655,0.00829776164926804,4.00066804763543e-05,3.47927095654753e-05,4.79835809127462e-10,1.07837969224737e-05,8.1021806454773e-05,-387.849881782868,0.148000665261132,0.125982483803472,1,0.555406288320965
"sinusoidal",200,"pg_apf",40,183.692,468.168818359632,1013.25139391362,526.312588956524,327.25502596544,10896.3980215704,468.789066277059,10537.996125721,824.900459209428,2.54866199050384,5.51603441583531,2.86519058509094,1.78154207023409,59.3188490602224,57.3677466940369,0.00348586557091382,0.0030446786186861,3.52414454715766e-06,0.000992417188004001,0.00697103606267943,3.72505059767536e-05,3.19757318606925e-05,4.14011938399531e-10,9.70275763184054e-06,7.80782804503492e-05,-386.218128107984,0.174858466288613,0.129126420679104,0.87,0.551206168886269
"sinusoidal",200,"pg_apf",41,182.946,664.824702105696,1733.07089699307,367.819661896565,425.585152571383,10979.2111592885,676.354653806862,10328.7318986516,1545.86571118752,3.63399419558611,9.47312811973515,2.01053678077993,2.3262883723688,60.0133982666388,56.4578176000111,0.00377267024175269,0.00325938918427472,3.90059976400417e-06,0.00110147138490632,0.00783251037310746,3.79794576037972e-05,3.24577388293645e-05,4.96078098378032e-10,1.00566103693033e-05,8.13706471480429e-05,-380.95893766134,0.102339760367699,0.0878337237518315,1,0.544621313928496
"sinusoidal",200,"pg_apf",42,182.563,889.592355975716,2501.05413888019,412.151977593906,513.485288585627,11430.1098906458,888.098169148134,10822.4192763127,2237.18053742892,4.87279654681242,13.6996770368595,2.25758766888091,2.81264707846402,62.6091261134283,59.28046360058,0.00377363188901932,0.00330002465526565,3.84170837729699e-06,0.00108635503647682,0.00769064989441595,3.6872023752668e-05,3.21170184410398e-05,3.82226868882367e-10,1.04907031542923e-05,7.38810520638916e-05,-379.076214106477,0.106607317318107,0.0885703887597249,1,0.553415986692108
"sinusoidal",200,"pg_apf",43,183.86,752.661329578217,1847.60214253594,499.310814898998,433.574543214321,11513.2031338345,753.225071740198,11247.9340966332,1723.42946934558,4.09366544968028,10.0489619413463,2.71571203578265,2.35817765263962,62.6194013588302,61.1766240434744,0.00387489647372993,0.00337256081020039,4.04103502134246e-06,0.00116704227093978,0.00795974907676632,3.34291967057204e-05,2.95003428078647e-05,2.85779624926393e-10,9.81184632558241e-06,6.6220554541103e-05,-388.80020026264,0.104494700448453,0.0793726605280438,1,0.55037785344851
"sinusoidal",200,"pg_apf",44,183.791,599.02420832085,1435.27001595489,452.043715244469,440.837067918926,11367.2529853966,605.622754854577,10585.3971240716,1296.46004754325,3.25926845341094,7.80925081181825,2.45955305343825,2.39857810185986,61.8488010043832,57.5947523223205,0.00392819632798962,0.00337860292638344,4.88408474525298e-06,0.0011043869673464,0.00828077220983128,3.67722399797353e-05,3.12652487242351e-05,4.6650134763157e-10,9.88673316144764e-06,7.78929818740904e-05,-391.905497461307,0.0941427906994891,0.0730565721127596,1,0.55880830389942
"sinusoidal",200,"pg_apf",45,183.348,698.03588161573,1616.5071493856,367.045759249409,463.026252829094,10253.3878763161,697.374410685421,9788.28350784381,1487.84162143862,3.80716387206694,8.81660639540983,2.00190762511404,2.52539571104726,55.9230963867407,53.3863664061992,0.00529818393259435,0.00447375387542398,1.02537322588614e-05,0.00106703465149602,0.0116492954720387,4.03779843049332e-05,3.3987290638892e-05,6.43771516962951e-10,1.11792478187723e-05,8.67747693237151e-05,-392.374066727208,0.125977033800464,0.0907894623574745,1,0.593071969031152
"sinusoidal",200,"pg_apf",46,183.58,581.632252275311,1479.77908104745,498.334154792601,555.260387554818,11489.3432297829,571.662816922844,10991.7408284376,1287.28429785755,3.16827678546307,8.06067698576888,2.71453401673712,3.02462352955016,62.5849396981311,59.8743917008257,0.00410157497438663,0.00358368158590571,4.78623807390982e-06,0.00103755425700083,0.00813674480000434,3.89038861976629e-05,3.39319995601064e-05,4.29834085942017e-10,1.11188012111719e-05,7.91145338201269e-05,-395.838093524217,0.0917567566756824,0.0708369697706487,1,0.549495016122697
"sinusoidal",200,"pg_apf",47,184.776,715.953197811855,1781.30864100168,375.11368182768,373.05702505783,10939.4951491038,716.656207202395,10157.2332005291,1586.40259876661,3.8747088248033,9.64036801858293,2.03009958992337,2.01896904932367,59.2040911649986,54.9705221485968,0.00398759589115979,0.00337088364777398,5.44512248287096e-06,0.00102012034140297,0.00848517631481684,3.63662689106839e-05,3.1198657494761e-05,4.59464687901499e-10,1.03130991322554e-05,7.48288581621434e-05,-413.379684987387,0.152626912983843,0.124778326888776,0.935,0.544069366643098
"sinusoidal",200,"pg_apf",48,183.939,648.559106270591,1476.56427238742,402.453609241136,519.308373615981,11539.8394151656,643.608931214668,10507.5472306638,1365.53384708594,3.52594667944586,8.02746710804897,2.18797323700322,2.8232640908996,62.737317345237,57.1251731860227,0.00342765710754499,0.00301481450784005,3.19138686245587e-06,0.000995258459844182,0.00663153991983474,3.37290200094836e-05,2.95336031778871e-05,3.07174055335426e-10,9.22972029640115e-06,6.75123471351291e-05,-389.52793554143,0.0888731133269254,0.072349559743472,1,0.534914778339578
"sinusoidal",200,"pg_apf",49,185.497,871.52443968882,2061.59747871757,423.522063742856,453.666401693402,11203.3414497069,876.921799872421,10215.5723117011,2043.44130395039,4.6983209415183,11.113912778738,2.28317473459331,2.44568053226414,60.3963484568855,55.0713613249872,0.00384649978752406,0.0033266350657678,4.29945814917673e-06,0.00105897725164487,0.00798347791752711,3.72953724571231e-05,3.23015633337528e-05,3.9849465593552e-10,1.11322764601085e-05,7.89393578188369e-05,-387.836067399366,0.162603409766865,0.127771580476639,0.94,0.547696125169358
"sinusoidal",200,"pg_apf",4,183.243,933.92100494619,2364.72741464161,402.813507554333,307.946939798746,10521.3554141982,931.274089864617,9815.83509915972,2166.57232133043,5.09662581897366,12.9048717530362,2.19824772326546,1.68053862793529,57.417502519595,53.567312798632,0.00438956116527323,0.00372852797792046,6.45992046801125e-06,0.00114050942904554,0.00962107437121025,4.08928061938778e-05,3.46081916885963e-05,6.15578763068379e-10,1.00019744599036e-05,8.72951855108453e-05,-391.697788804532,0.104644252338592,0.0877070236095777,1,0.56244195107303
"sinusoidal",200,"pg_apf",50,184.517,669.543906888758,1397.73446915077,388.098123810704,460.726846553555,11508.7363814095,675.225749490027,10809.8705166329,1275.64222326092,3.62862991967546,7.57509860419782,2.10331906442606,2.49693441012782,62.3722279324369,58.584686054038,0.00374902989982085,0.00328572066671755,4.1494862069389e-06,0.00108998886507115,0.00749220237346259,3.44976339505842e-05,2.93621109929715e-05,3.66868973013711e-10,1.01783496950824e-05,7.14912122868709e-05,-393.887746463291,0.087778882540545,0.0706589219988076,1,0.538491254229133
"sinusoidal",200,"pg_apf",51,183.161,633.186354171158,1546.4391101201,388.971271988221,408.822651637669,11375.8230540178,653.956263344414,10520.2176938686,1367.44463742258,3.45699332374882,8.44305889419743,2.12365772183064,2.23203985366792,62.1083257572178,57.4369963795162,0.00416734695356071,0.0035442126330493,6.02900184368489e-06,0.00109836542772694,0.0090978527544571,3.65433701020913e-05,3.1768636403189e-05,3.53075895170883e-10,1.01782109464747e-05,7.54088199469731e-05,-392.8143936139,0.114857968663389,0.10049612265306,1,0.57008426777243
"sinusoidal",200,"pg_apf",52,183.953,541.219721597132,1438.56404482263,265.680907127889,360.200658767046,9692.46665108609,543.206585983106,10084.7887129047,1254.31468178768,2.94216306120113,7.82028042392693,1.44428689463009,1.95811244593481,52.6899080258876,54.8226379178634,0.00489267253361217,0.00401697176415319,1.1218622279784e-05,0.00100716588213921,0.0109200671329035,4.11621484512054e-05,3.49601251976321e-05,5.57291141367616e-10,1.18157509209332e-05,8.89890050682607e-05,-394.973353833432,0.108651544354772,0.0889305412201167,1,0.585079152516308
"sinusoidal",200,"pg_apf",53,183.135,567.037777666377,1386.75731129712,310.22408181258,401.449253028024,11334.6704150677,580.529925918197,11126.7711782216,1319.20499753858,3.0962829479148,7.57232266523121,1.69396391630535,2.19209464617918,61.8924313488284,60.7572074055836,0.00386255804546782,0.00335004959512684,4.30170009665817e-06,0.00118164427962481,0.00799686616232602,3.73082561451505e-05,3.25017730202501e-05,3.75833226035018e-10,1.03970759474227e-05,7.62731489771673e-05,-394.202900998186,0.0612821648868267,0.0452831479942929,1,0.554208157854717
"sinusoidal",200,"pg_apf",54,183.072,708.013989995989,1733.18415127503,426.347022240992,392.665039781227,11399.7824868555,702.90699903383,10838.4143480086,1555.78939632836,3.86740730420812,9.4672268357533,2.3288488804459,2.14486671791004,62.2693939371151,59.2030149231373,0.00388611199760172,0.00337488155270017,4.86195670997301e-06,0.00105966122924953,0.0080853977977101,3.70744016965632e-05,3.16825464211294e-05,4.30441861379422e-10,1.04267055297409e-05,7.81773812589399e-05,-390.750903313134,0.0756584190487242,0.0647180609727521,1,0.545135553989805
"sinusoidal",200,"pg_apf",55,183.856,673.53364700383,1828.33114670677,559.324339548162,405.591299925229,11243.8803195596,669.667576327631,10974.1588628496,1620.08241413308,3.66337594097462,9.94436486547498,3.0421870352241,2.20602699898415,61.1559063591051,59.6888807700025,0.00352933774502205,0.00312104009837539,2.96299978221869e-06,0.0011206380197307,0.00702602352774622,3.37839941486123e-05,2.95011583857271e-05,3.36639520012819e-10,9.650093028628e-06,6.71942968940345e-05,-385.741479109648,0.0741709116469369,0.0619067684467623,1,0.539827222865428
"sinusoidal",200,"pg_apf",56,183.781,644.624968312743,1631.58022872998,262.125914618938,408.973447544834,11159.1394098984,644.185997216849,11217.3668023693,1427.98506050426,3.50757133932639,8.87785042376514,1.42629496312969,2.22533040708688,60.7197665150283,61.0365968319318,0.00390413639028068,0.00335521139372471,5.29112149132084e-06,0.00101678720516435,0.00818840371562877,3.58205217177496e-05,3.06113362026135e-05,4.11384615612593e-10,9.00696702654845e-06,7.56734360575918e-05,-405.514547304093,0.06106205136901,0.0515549241219172,1,0.548417550634235
"sinusoidal",200,"pg_apf",57,183.5,484.564504329232,1193.82241058843,388.401810800059,439.315634722289,11316.180723863,485.657906402123,10571.262864666,1056.15417477094,2.64067849770698,6.505844199392,2.11663112152621,2.39409065243754,61.6685598030681,57.6090619327848,0.00376054304798898,0.00330238436374893,3.69422025774654e-06,0.00104966692047159,0.0076159964184613,3.90818691956556e-05,3.366371655284e-05,4.59489823672114e-10,9.46194375222995e-06,8.05881668866459e-05,-390.139789764754,0.108795117667973,0.0773294289529298,0.975,0.554908520046577
"sinusoidal",200,"pg_apf",58,182.838,629.753457411273,1571.04767255127,554.591257170662,430.362555036628,11372.5360659742,627.435746665526,10738.4193610836,1364.88261099007,3.44432479797019,8.59256649356956,3.03323847980541,2.35379163541839,62.2000681804339,58.7318793745478,0.00334743651803923,0.00294795478432169,2.71216231831106e-06,0.00100242173728722,0.00660739696755913,3.72794310432256e-05,3.1612117323761e-05,4.70191052737252e-10,1.07728857569617e-05,7.88245754199225e-05,-373.895621198078,0.0720716044996921,0.0596521972620906,1,0.541567260903992
"sinusoidal",200,"pg_apf",59,186.033,602.823081144175,1792.41722502669,382.251748571534,441.529006701939,11591.8485377449,591.351579215185,11323.8144047606,1670.28096763852,3.24040939588232,9.63494232220461,2.05475237496323,2.37339077852821,62.3107112057804,60.8699231037535,0.00441808491208909,0.00381866239081318,5.96722989204235e-06,0.0010514731896153,0.00931502253444404,3.47729915006423e-05,3.02554535388439e-05,3.59230628488716e-10,9.4149765827929e-06,7.05207618525483e-05,-399.885372136315,0.0864650470456381,0.0681094078054104,1,0.560791364384842
"sinusoidal",200,"pg_apf",5,183.239,799.896173388239,1800.14590401002,541.824574118097,497.569066647048,11848.8799922857,810.198648187198,11086.5712554337,1627.32925697627,4.36531619026648,9.82403256954043,2.95692824190318,2.71541029282548,64.6635268271805,60.5033385656638,0.00361485232193251,0.0031605538695678,3.47641124997531e-06,0.000974855327764775,0.00715495195974219,3.39233442728899e-05,2.91444599751577e-05,3.69961177656579e-10,9.54037557839407e-06,6.95232358438799e-05,-391.940504255107,0.100865981492878,0.0685231723374032,0.96,0.532012165626853
"sinusoidal",200,"pg_apf",60,182.824,502.371952348928,1350.78907198843,444.619006364271,507.433218764465,11228.3488965307,496.785798689809,11216.9084941523,1220.38632149512,2.74784466125305,7.38846689706182,2.43195098217012,2.77552847965511,61.4161647077554,61.353588665341,0.00378462592308153,0.00328892509533691,4.39629041497217e-06,0.0010377799117898,0.00791779677381755,3.44706663331305e-05,3.03740201078607e-05,2.89877156506226e-10,9.72382813468999e-06,6.7973390284865e-05,-384.891052163303,0.100171116917623,0.076206159657766,1,0.556015014402644
"sinusoidal",200,"pg_apf",61,182.813,482.507974972079,1113.71365279776,399.091158785213,460.669808773337,11469.5953142589,485.064966559054,11228.6485816069,994.567542536426,2.63935264435286,6.09209220787229,2.18305677815699,2.51989633545392,62.7394950810875,61.4214994645178,0.00389920698380323,0.00342585544021527,4.07229477329862e-06,0.00106519193636497,0.00778724316867433,3.80551947609137e-05,3.31356826263027e-05,4.49148513949924e-10,1.12944251824754e-05,7.70849996100064e-05,-387.615135989589,0.13148064245329,0.105358039840488,0.985,0.561568990129118
"sinusoidal",200,"pg_apf",62,183.632,773.712580285735,1924.52702715521,485.659378605684,383.492013042461,11553.5792492891,778.494345635147,10558.4605525897,1708.79207789238,4.21338644836268,10.480346710569,2.64474262985582,2.08837246799284,62.91702562347,57.4979336531196,0.00378940710238111,0.00335735279735801,3.63821696131338e-06,0.000978763945590027,0.00747716610470389,3.65353173229653e-05,3.18062179656251e-05,4.24132137366193e-10,9.73674775188851e-06,7.26626522619719e-05,-389.578375716294,0.0848406129960815,0.0692333000902504,1,0.554252251685555
"sinusoidal",200,"pg_apf",63,182.814,572.14068412262,1399.9602416115,442.974451901814,392.817029276342,10781.6500834356,579.105519593725,10204.3095952454,1301.28777863592,3.12963276402584,7.65783934278282,2.4230882312176,2.14872509368178,58.9760635587841,55.817987655461,0.00435766290075338,0.00380595929264822,5.70004069044327e-06,0.0011464947874198,0.00902125685127881,3.97383536948472e-05,3.4285415130858e-05,4.78040363011443e-10,9.43841074276975e-06,8.28745967875311e-05,-392.341788634731,0.10786337606069,0.0911724952069576,1,0.577094858492225
"sinusoidal",200,"pg_apf",64,202.316,706.782470969171,1882.78552275538,402.747207257959,522.733441665981,11445.2769527704,712.393680870015,10761.7661263809,1697.60811065317,3.49345810993283,9.30616225486556,1.99068391653631,2.58374741328407,56.5712892345163,53.1928573438623,0.0042980974800196,0.00377085415501323,5.00886346135019e-06,0.00120399519671353,0.00870028777645557,3.48709829197194e-05,3.06822738861164e-05,3.15278659601236e-10,1.01968230460616e-05,6.98796163867481e-05,-383.287106460678,0.103939436212922,0.0786498426731281,1,0.557025734170438
"sinusoidal",200,"pg_apf",65,183.532,660.570536076687,1582.88473104582,375.976982856878,401.409175009746,10875.8225145312,660.05200032107,9794.29633209805,1477.58892168034,3.59921177820046,8.62457081623816,2.04856364479697,2.18713453245072,59.2584536458558,53.3656056278908,0.00443254233103474,0.00386021676014228,5.7155916955947e-06,0.00100477435875991,0.00914720401103498,3.96841867786756e-05,3.35665885001745e-05,5.96262080241209e-10,1.03178799736698e-05,8.54693828179051e-05,-391.003655147064,0.10603744552906,0.0855833776970301,1,0.574064255595802
"sinusoidal",200,"pg_apf",66,183.366,858.887911865666,2143.46056851114,333.751011916836,470.304473637775,10782.9723753973,868.565246535014,11448.4500224931,2056.16277198683,4.684008550471,11.6895202409996,1.82013574990367,2.5648401210572,58.8057348439585,62.4349662559748,0.00504432988347783,0.0042443886338749,9.51085357819144e-06,0.00106897663166106,0.0111921315470273,3.71468814966506e-05,3.21725903366589e-05,3.8479955354475e-10,1.09940953457298e-05,7.63313618505146e-05,-396.99101202702,0.10254673775367,0.0826523292504861,0.97,0.576342668233246
"sinusoidal",200,"pg_apf",67,183.828,679.495292349549,1733.8543515711,357.710566520619,493.341229956883,11440.4211327215,687.127362589014,11580.2481676731,1539.96710635567,3.69636449479703,9.43193828780761,1.94589815762898,2.68371102311336,62.2343774219461,62.995017993304,0.00422553960567193,0.00367597707960238,5.07508051875944e-06,0.00115080399035334,0.00867923045846073,3.45181163985369e-05,3.01061325051322e-05,3.18375706217101e-10,1.05371220272136e-05,7.01821313259081e-05,-401.469152007745,0.0992164525194388,0.0816279581413691,1,0.552483872987438
"sinusoidal",200,"pg_apf",68,201.489,458.221042287453,1087.65105139131,565.889539173399,565.101740746217,11412.1267154667,462.49126283289,10727.2100342331,989.074959781395,2.27417398611067,5.3980666507418,2.80853812949292,2.80462824643637,56.6389565458499,53.2396807479965,0.0033897198144846,0.00304769515497052,2.61487859231113e-06,0.00103541276131904,0.00654849892406885,3.65630134836596e-05,3.18640833200988e-05,3.57089193516428e-10,1.10948652095045e-05,7.4873450731411e-05,-386.179585965593,0.0905024982521409,0.0576884362706819,1,0.543700167775446
"sinusoidal",200,"pg_apf",69,182.842,667.338021850931,1648.54342175096,344.438593069057,303.629375369132,10589.8151945325,666.973767205748,10447.7498899234,1479.3209028964,3.64980705664416,9.01621849329452,1.8838045584114,1.66061066587071,57.917848166901,57.1408641883344,0.00441500133439759,0.00369257989609085,7.40673100904403e-06,0.00100886960986819,0.00981279504666076,3.69101254139622e-05,3.21274474313349e-05,4.34928077374208e-10,1.02910738382616e-05,7.58354608815652e-05,-388.2921175564,0.127484908935779,0.103372345219446,0.985,0.575217460212306
"sinusoidal",200,"pg_apf",6,186.173,663.475407491496,1712.13074392444,370.662916271955,539.137644874451,11135.9230546865,659.824799744199,10470.1307511449,1491.40950427825,3.56375740570059,9.19645031193803,1.9909595713232,2.89589599391131,59.8149197503746,56.2387174893507,0.00405660813368352,0.00351538882070278,4.73718632504787e-06,0.00111843426934515,0.00852726872095792,3.86878179471088e-05,3.35633695707792e-05,4.34094967397777e-10,1.11382110249409e-05,8.06848850094188e-05,-394.994845286075,0.139740832046885,0.106645113206772,0.94,0.558708481548387
"sinusoidal",200,"pg_apf",70,183.231,682.191739063287,1697.07971463186,508.608126463524,459.260484040286,11436.7974979942,683.229917600705,10245.6657610062,1558.105611319,3.72312402957625,9.26196830575535,2.77577553177969,2.50645624397774,62.4173720494579,55.9166612691421,0.00347918677860119,0.00301028497319488,3.2870188171845e-06,0.000983254993599924,0.00712379611736324,3.49786064464751e-05,3.06609818077975e-05,3.25632599925142e-10,9.99287703145226e-06,6.9793568086177e-05,-392.641460313536,0.123783661981289,0.101665816999846,1,0.55165500550692
"sinusoidal",200,"pg_apf",71,183.383,663.609232227097,1296.37358585826,365.022300216243,331.422655047833,10916.9292949911,670.240341592435,10677.5588747044,1175.5606510689,3.61870638078283,7.06921353592348,1.99049148621324,1.80727033066224,59.5307596396125,58.2254564201936,0.0047244944484771,0.00401216917621119,7.83653422607269e-06,0.00115933728071847,0.0103990189442456,3.99640340153135e-05,3.32925327527099e-05,5.72764017042365e-10,9.73651178000164e-06,8.91010509343539e-05,-398.185134165063,0.120086622823283,0.0941051472358174,0.925,0.573268813057211
"sinusoidal",200,"pg_apf",72,183.082,553.203681946019,1239.44302073324,447.147503571776,423.855190349709,11802.6512932298,555.614367698518,10878.1744499205,1093.17571712244,3.02161699099867,6.76987918382606,2.44233460182747,2.31511120891027,64.466475640586,59.4169522395459,0.00372270728071041,0.00326055741633679,4.05149232347207e-06,0.000931229020561025,0.00742193636342456,3.60129102980793e-05,3.10445568371232e-05,4.29167839028504e-10,1.04646339234111e-05,7.38979721366837e-05,-394.872532041514,0.0533198485232304,0.0432104940529203,1,0.548761683578346
"sinusoidal",200,"pg_apf",73,183.127,634.450827219714,1417.34624523301,463.468874980554,389.481086876218,10830.9085472493,643.592671032013,10419.9849154652,1353.52834431198,3.46454005810019,7.73969018895637,2.53086041370499,2.1268359492386,59.1442471467849,56.9003200809561,0.00393191337670365,0.00338044572154116,4.67168112231294e-06,0.00100574566943342,0.00824240259880935,4.27952826562077e-05,3.61893433436656e-05,6.72975007937286e-10,1.07696489169029e-05,9.12872432668151e-05,-386.447885735874,0.127858634698632,0.0919399546387632,1,0.560650109748229
"sinusoidal",200,"pg_apf",74,183.903,639.954042954037,1376.26875113085,380.606501344421,446.356935747309,11423.2331710755,641.351234471038,10645.7577708061,1247.59344272772,3.47984558682586,7.48366666737819,2.06960463583749,2.42713243257211,62.1155346627052,57.8878961779093,0.00369617728321894,0.00320828591195877,4.08383012340942e-06,0.00107425324487508,0.00760240656918765,3.63090833982571e-05,3.13097874325812e-05,3.7760794473139e-10,1.01816768608122e-05,7.58808119732848e-05,-402.373661552232,0.0620131161986294,0.0469861672132686,1,0.547891724505932
"sinusoidal",200,"pg_apf",75,183.858,705.154993892468,1967.3778308809,322.169662994741,456.137500324764,11163.4394567194,686.932471049865,10973.5107919803,1662.95253842804,3.83532396682477,10.7005288368246,1.75227438019962,2.48092277912718,60.7177248567885,59.6847066321851,0.00442396476903139,0.00377112074760379,6.46829385558569e-06,0.00101543572852293,0.00958119084813044,3.6910963586398e-05,3.17174719125478e-05,4.3082149629752e-10,9.53052323702509e-06,7.55529540341896e-05,-396.49041842069,0.0775405420127425,0.0649993921273128,1,0.565636904526606
"sinusoidal",200,"pg_apf",76,183.814,715.969938676324,1727.03182332248,440.227804669582,406.897050897598,10918.8658701449,715.076517661822,9782.64903221726,1607.60699147675,3.8950783872628,9.39554018367741,2.39496341230582,2.21363471170639,59.4017097182202,53.2203696792261,0.00398472837770709,0.00340788416831479,5.11377819565247e-06,0.00104705330313854,0.00854000065258133,3.87983655058749e-05,3.28283474740738e-05,5.00563327990737e-10,1.06944804204129e-05,8.43831393811532e-05,-398.733014833996,0.103710926439953,0.0875138474519756,1,0.557634144101543
"sinusoidal",200,"pg_apf",77,182.863,504.674862288471,1252.95154205253,505.952717620906,424.917031620541,11151.3278436502,504.630233183368,10664.1170769038,1144.41501995403,2.75985225162264,6.85185927198249,2.766840299136,2.32369058596075,60.9818708194121,58.317522281182,0.00343521719249114,0.00297859374736493,3.21927701997336e-06,0.00101820414558892,0.00702399196588388,3.51933178385789e-05,3.09211560539861e-05,3.19024916212274e-10,1.00585810334187e-05,6.99697174118658e-05,-385.420164616294,0.0723517820227134,0.0592365824838733,1,0.543541116195286
"sinusoidal",200,"pg_apf",78,184.027,848.945497859347,1926.12659084701,349.834594963783,406.2554395183,11138.3623567488,851.724587511617,10794.2219918177,1781.89900178746,4.61315729680616,10.4665434465975,1.90099602212601,2.20758605812354,60.5256965377296,58.6556428774999,0.00443361622629891,0.00384385169298481,5.6186185833496e-06,0.00118983415986619,0.00937260269250123,3.83742896713786e-05,3.32335899998158e-05,4.28486771069982e-10,1.10923345626172e-05,7.950393813276e-05,-388.117791530536,0.106988731862817,0.0812858798412449,1,0.570605762548507
"sinusoidal",200,"pg_apf",79,183.098,563.026230601099,1467.46497601639,483.434561166376,484.770392524193,11455.6948505058,558.676851842313,10856.8197984315,1395.62006996633,3.07499934789621,8.01464230093388,2.64030497966322,2.64760069757285,62.5659201657352,59.2951304680089,0.00355000181067039,0.0031612159171942,3.07852308725259e-06,0.00105859313232427,0.00709232518220717,3.45976672402027e-05,3.03868362365268e-05,3.13193834648906e-10,9.92006994924907e-06,7.04090892713213e-05,-385.658079024108,0.120062028202513,0.0969167177698952,1,0.54516746262884
"sinusoidal",200,"pg_apf",7,183.178,510.14823063196,1308.476097188,385.275291293045,462.287421263784,11759.0831794688,510.100486085699,10468.6399873182,1172.33608752107,2.78498635552282,7.14319458225333,2.10328364374021,2.52370601963,64.1948442469554,57.1500943744236,0.00347183295637137,0.00305009444158046,3.17822693227301e-06,0.00101903524006567,0.00690838318700192,3.55820909176859e-05,3.04005684568859e-05,4.11595510548556e-10,1.00362494309108e-05,7.45586327040833e-05,-389.659688889232,0.0838529586401822,0.0663079919692118,0.995,0.539186944437471
"sinusoidal",200,"pg_apf",80,183.914,550.546892749571,1333.71805691938,456.266991929322,334.253930091828,10982.1201443253,548.974949140378,10621.3763855953,1153.97639645299,2.99350181470454,7.25185715562372,2.48087145040248,1.81744690503076,59.7133450652226,57.7518643800649,0.00383215254020771,0.00342287266228218,3.67934595678878e-06,0.00101940972786361,0.00759872681233576,4.24884405726626e-05,3.72755776928247e-05,5.03767563466396e-10,1.1083795544152e-05,8.50299033269351e-05,-388.724972972778,0.108962857027018,0.0902839074886126,1,0.557560115574012
"sinusoidal",200,"pg_apf",81,183.682,621.071140057541,1426.10112357831,398.712818081486,271.699981394115,11370.6464654153,618.533283076537,10591.2996415555,1301.71566272668,3.38123027872922,7.76396774631324,2.17066897181806,1.47918675424982,61.9039778825103,57.6610644568084,0.00408948504053771,0.00354560280321162,5.21148163742071e-06,0.00107474153427957,0.00836380126173323,3.87754324644164e-05,3.28994396307735e-05,4.78702054454151e-10,1.00942587898227e-05,8.32379488930184e-05,-387.085031102721,0.0982070816971384,0.0778741811288152,1,0.558631057452003
"sinusoidal",200,"pg_apf",82,183.288,791.905211793661,1973.48716706603,504.945747733626,375.377676091298,11704.148034945,799.088386199468,11005.9770522719,1837.96902193754,4.32055132793015,10.7671378762714,2.75493075233308,2.04802101660391,63.856597458344,60.0474502000783,0.00401001415155252,0.00356602867009105,4.32751554436522e-06,0.00103085658244762,0.00798212630823747,3.63027061660171e-05,3.09006494193758e-05,4.56231541839277e-10,1.04585590981164e-05,7.65371794282011e-05,-378.850590915383,0.119324482880265,0.0918159501438235,0.97,0.551726426568424
"sinusoidal",200,"pg_apf",83,182.999,633.17316422086,1429.22567581997,300.924838187266,526.084674753912,11301.566934401,634.712560300722,10802.3118282421,1282.53090328373,3.45998155301865,7.81001904830063,1.64440700871188,2.87479535272822,61.7575338357097,59.0293489485849,0.00360488864491252,0.00320947794825725,3.35422888573106e-06,0.00104098059685772,0.00713330859600995,3.65150067535221e-05,3.20325544303854e-05,4.09435037089989e-10,1.07236322852829e-05,7.30020767091159e-05,-384.105132774753,0.0682856260435015,0.0569759613428853,1,0.544461152450083
"sinusoidal",200,"pg_apf",84,183.18,566.590981180575,1371.43112388138,439.192572633339,459.550130494588,11447.0625427864,567.46386293219,10738.4846462994,1207.0164055728,3.09308320330044,7.48679508615233,2.39760111711616,2.50873529039517,62.4907879833303,58.6225824123779,0.003466710493625,0.00300594246680557,3.4627343185058e-06,0.00100696403719928,0.00702792608861591,3.46736311909524e-05,2.96773025913675e-05,3.5792191192499e-10,1.00591124340846e-05,7.1570840862969e-05,-395.076375243829,0.108433198742408,0.0961841544617795,1,0.530884810184562
"sinusoidal",200,"pg_apf",85,182.724,694.026409774952,1569.34961088516,399.973780182796,322.653556272545,11428.9750370895,691.563711900655,11009.7688678561,1419.05700290204,3.7982225092213,8.58863428386616,2.18895043991373,1.76579735706609,62.547749814417,60.2535456089848,0.00418103372304684,0.00357085681310709,5.76988282792355e-06,0.00107759286589945,0.00874740461849954,3.52277995902832e-05,3.04479259020163e-05,3.65270738482637e-10,1.03356642243739e-05,7.19768708395218e-05,-381.752500190897,0.0839415884762744,0.070346602529747,1,0.564754668035158
"sinusoidal",200,"pg_apf",86,185.506,547.93001234923,1299.33842656066,373.659962793971,444.057629359635,10694.6191565688,541.302213733031,10690.4216475361,1109.11744396691,2.95370506802599,7.00429326577391,2.0142742703415,2.39376424137028,57.6510687339965,57.62844138484,0.00481718614140592,0.00409175258146397,8.93104407384792e-06,0.00115467872650472,0.0105777905729429,4.11903665723193e-05,3.51423286086903e-05,5.52131848245397e-10,1.04716624493592e-05,8.57073651477711e-05,-407.41262863968,0.119402793818915,0.102211730337775,0.98,0.56936654939333
"sinusoidal",200,"pg_apf",87,183.544,493.606790755143,1152.45689643406,415.584288939877,520.458801163968,11365.7703629552,493.482796645471,11146.6725682895,1027.86112680628,2.68931041469698,6.278913483601,2.26422159776336,2.83560781700284,61.9239548171296,60.7302476152285,0.00365856076577543,0.00321240078034844,4.07899925171768e-06,0.00100125788528554,0.00731570175047926,3.30435164949912e-05,2.9026811157576e-05,2.85366691605005e-10,9.81283164789115e-06,6.70658447978487e-05,-400.698237832687,0.0770868928255675,0.0599237816302933,1,0.54193665837561
"sinusoidal",200,"pg_apf",88,183.47,655.172448407468,1434.82658281574,509.922779788632,362.569115766578,11516.7155149945,663.752308431474,11219.5192380907,1281.64922920694,3.57100587784089,7.82049699032944,2.77932512012118,1.97617657255452,62.7716548481741,61.1517917811669,0.00371778310285761,0.003304182355257,3.47406913330328e-06,0.00112200692616057,0.00732924524349246,3.62920311889377e-05,3.13225139088192e-05,4.01297637706317e-10,9.64234196210365e-06,7.50025579483939e-05,-396.601782198236,0.074283910328085,0.0576371594620968,1,0.54597498517596
"sinusoidal",200,"pg_apf",89,182.779,587.455839492126,1439.05853093233,400.348256808153,494.147221974755,11098.0916237599,581.827814816239,10829.3428426486,1292.31462006049,3.21402261469931,7.87321591064798,2.19034055776732,2.70352295381174,60.7186362971671,59.2482880563335,0.00414106224691385,0.00362062958203805,5.17811960186799e-06,0.00108780538099567,0.008565800289284,3.8679196864863e-05,3.38479750696268e-05,4.09286050037028e-10,1.06857826199014e-05,7.67955902103835e-05,-388.550954202414,0.10973843103499,0.0924787225276851,1,0.569198819353165
"sinusoidal",200,"pg_apf",8,183.144,784.160213029269,2242.38796012036,436.642285610124,475.786542388775,11744.696651053,778.176037026811,11288.149475278,2082.48399997976,4.28165931195818,12.2438516146877,2.38414736824643,2.59788222594666,64.1282086830747,61.6353769453437,0.00394715291002612,0.00341532564289433,4.93742554691367e-06,0.00106775570975875,0.00807909981845407,3.43460924479996e-05,2.99767914374205e-05,3.33817815365016e-10,9.80401895726742e-06,6.84648855400148e-05,-406.38165239521,0.109704008297184,0.0931400865243161,1,0.542444042313544
"sinusoidal",200,"pg_apf",90,182.977,762.179867217057,1741.13225362241,378.366306045481,440.865596772144,10574.8219366593,754.927371663693,9790.78621201127,1616.81850487539,4.16544083254757,9.51557984676989,2.06783533474415,2.40940444302915,57.7931758453755,53.5082890855751,0.00435059082146077,0.00367655827157119,7.15802999060829e-06,0.00103174565930661,0.00930832776855964,4.10254013698518e-05,3.44078726510944e-05,6.29459363612445e-10,1.03855590561133e-05,8.82455564079513e-05,-396.05546004569,0.117905612596818,0.0946209679475415,1,0.568871176752697
"sinusoidal",200,"pg_apf",91,184.21,735.131610154969,1655.0397191655,349.381686890287,398.268494478855,11255.0973564657,733.624112556227,10872.314313997,1511.99476385825,3.99072585720085,8.98452700268988,1.89664886211545,2.16203514727135,61.0992745044551,59.0213034797077,0.004354382658702,0.00379215582093451,5.59202910994945e-06,0.00105637265694711,0.00911450505273724,3.95054793733454e-05,3.35385034321927e-05,5.72319776738726e-10,1.04760997566094e-05,8.26018213113766e-05,-385.443818041014,0.0925898716920441,0.0781220711069482,1,0.560668224773814
"sinusoidal",200,"pg_apf",92,183.367,608.476072721742,1593.60864177135,421.572674121509,355.976316632517,11531.9437409238,608.983830746606,10839.396752174,1463.82734550315,3.31835102674823,8.69081482366704,2.29906512143139,1.94133250057271,62.8899624301198,59.1131269649067,0.00363860888717392,0.00313983800416896,3.7410901831693e-06,0.00098515517667429,0.00750046574501098,3.54500461009239e-05,3.05415797836952e-05,3.76675084481457e-10,1.05497389233411e-05,7.32114529487408e-05,-391.279080919963,0.109879153431951,0.0870866064150987,1,0.553745003542629
"sinusoidal",200,"pg_apf",93,183.065,986.448540476174,2364.24198926468,329.069785310755,465.272740022342,10593.7617049043,975.266730965976,10013.8801031925,2235.30076440261,5.38851522943312,12.9147679199447,1.79755707159072,2.54157124530818,57.8688537126395,54.7012269040643,0.00492143741424006,0.00417582642401876,8.52850221003997e-06,0.00105934242911301,0.0107536779533655,4.11695760576214e-05,3.46083423252099e-05,8.43128730795764e-10,1.11914041435327e-05,8.52799308134737e-05,-385.781402350297,0.162399763557842,0.120237715939569,0.975,0.586743791585929
"sinusoidal",200,"pg_apf",94,183.424,716.013071916848,1750.80426907794,424.274607794988,412.629526200435,11081.9622461241,718.34949083583,9842.45072947967,1597.35054451715,3.90359534148665,9.54512097150833,2.31308120962899,2.24959398007041,60.4171877514616,53.6595577976692,0.00444199081878144,0.00377953037298237,6.40498507797365e-06,0.00113459085074681,0.00946319461361554,3.96571643906095e-05,3.36491344578966e-05,5.22427445191562e-10,9.60117402608533e-06,8.36474670093873e-05,-394.516877343283,0.102547477711777,0.0828396175329113,1,0.56820229853383
"sinusoidal",200,"pg_apf",95,184.097,670.887811431304,1559.82162606351,421.304139511181,319.459839376962,10860.5362290488,672.636746474573,9188.90144623614,1445.54074813154,3.64420827841466,8.47282479379627,2.2884899781701,1.73527998488276,58.993553556271,49.9133687471069,0.0034376131563296,0.00304576715696941,3.02533730251613e-06,0.00101078817857366,0.00681356477666988,4.00437715145989e-05,3.4520839755854e-05,5.5199149446623e-10,1.03759714142145e-05,8.15949831430712e-05,-368.483686831877,0.161299821819423,0.139385547233517,0.95,0.556271363436067
"sinusoidal",200,"pg_apf",96,183.822,759.98807508087,1836.79003919987,291.250236775834,428.550998151096,10152.1476001439,767.983165321999,11537.381824102,1791.1552038444,4.13436952639439,9.99222094852559,1.58441447038893,2.33133682666436,55.2281424429278,62.7638793185908,0.00620074665209864,0.0052466818101596,1.52053520150156e-05,0.00116705065600531,0.013886143822708,4.0189258211142e-05,3.34634064521054e-05,6.50304036165729e-10,9.65304580491915e-06,8.71644493244025e-05,-408.540770175927,0.118615127813016,0.093122229245046,0.995,0.598413044834228
"sinusoidal",200,"pg_apf",97,182.924,405.715125316262,987.276290854795,414.952323636066,361.975629495949,11759.5632990682,406.882573378969,9965.20715734211,851.8317162862,2.21794365592411,5.39719386660468,2.26844112109983,1.97883071382623,64.2866070010944,54.4773083758397,0.00369663842248562,0.00318181863889314,4.07835947841356e-06,0.000966246042414638,0.00775183536124039,3.73925867615894e-05,3.1377903348891e-05,5.33882777538399e-10,9.67998424014617e-06,7.91894205025306e-05,-393.617541379493,0.0941358394886438,0.0817740729167737,1,0.541252190032346
"sinusoidal",200,"pg_apf",98,183.637,676.901844550861,1648.95493321568,515.885062395439,437.094914971849,11464.0824018073,678.931245952038,11085.1001590833,1535.96559979977,3.68608637992813,8.97942644029081,2.80926535717442,2.38021158574715,62.4279551604923,60.3641976240264,0.00384315200839807,0.00340269426169151,3.73372604507012e-06,0.00108970538486224,0.00766434468014627,3.39207070604287e-05,2.93721681199844e-05,3.23989475454002e-10,1.00325237244642e-05,6.98471198077613e-05,-390.877850651125,0.0934251618421792,0.0764560718243135,1,0.55040502397336
"sinusoidal",200,"pg_apf",99,183.061,710.101575283062,1699.88704915291,404.207667857336,529.062814576445,11747.8465517176,711.592810221156,11365.5247387929,1551.45769090992,3.87904346246913,9.28590496693947,2.20804905390736,2.89009026814256,64.1744912991714,62.0859972293001,0.00368785669871056,0.00322953662332325,3.72892698213736e-06,0.000998021558549121,0.00761176432796133,3.40196393956328e-05,2.91296374887082e-05,3.86062504954891e-10,1.0505399976182e-05,6.89102401992145e-05,-404.384148595032,0.111887297432668,0.086609518795146,0.98,0.531600010549546
"sinusoidal",200,"pg_apf",9,183.298,650.377801840318,1407.09917426939,405.723987564484,440.924424947489,11226.2021384285,657.614405064612,10582.9503732877,1342.87631662819,3.54819911750438,7.67656588871341,2.21346652753704,2.40550592449175,61.2456335498942,57.7363112160948,0.00372567797719238,0.0032738458554788,3.9556149162657e-06,0.00101630703241074,0.00741336560542467,3.69386694071621e-05,3.19915572060015e-05,4.88404040785838e-10,9.8499365000693e-06,7.42916953345257e-05,-394.022851528081,0.10560887996417,0.0789864562434434,1,0.539026458164134
"sinusoidal",400,"pg_apf",100,365.793,495.360277502402,1186.40816512956,353.122225573172,443.539585977964,11839.34469009,495.332105041808,12347.788603183,1047.34458726228,1.35420928640625,3.24338673820865,0.965360806721759,1.2125425745653,32.3662418091379,33.7562189631376,0.00241153352202423,0.00221635602716988,9.52900828427705e-07,0.000929261462580237,0.00436624031640656,1.89262730315851e-05,1.75280756728918e-05,5.49917950207732e-11,7.6525198197403e-06,3.29762076268484e-05,-782.443862899227,0.0724007766048937,0.0562320803311138,1,0.485297482746281
"sinusoidal",400,"pg_apf",101,365.855,698.983755044385,1902.71353109383,233.478945534326,372.576100226671,11790.8040386382,698.913424001381,12663.4718020521,1726.59095476341,1.91054859177648,5.20073124897522,0.638173444491196,1.01837093992612,32.2280795359861,34.6133626766126,0.00284872165760808,0.00254648891488402,1.78785737489705e-06,0.000911447683004691,0.00538823815454063,1.94460575787995e-05,1.78619046915599e-05,5.99611003304202e-11,7.38312804125488e-06,3.45554347875247e-05,-785.280642675069,0.122638267443464,0.104569390262589,0.99,0.511289843143888
"sinusoidal",400,"pg_apf",102,366.783,645.126390539331,1652.96451563978,233.658933021597,287.492691135082,11427.8395192572,645.684446860775,12583.8794347293,1517.18327073145,1.75887756667929,4.50665520386653,0.637049517075757,0.783822290387183,31.1569498020823,34.3087859435397,0.00334031029152006,0.00299750937723024,2.69547906451835e-06,0.000969539456516408,0.00637368692602108,2.20926510420723e-05,1.97989685231166e-05,1.00934581009724e-10,8.246100362647e-06,4.27002500031204e-05,-779.536202133744,0.0966057686940581,0.0803416293364928,1,0.526119306437796
"sinusoidal",400,"pg_apf",103,365.979,569.574627917953,1802.52609000197,232.833233013448,312.055263318036,11656.391942421,568.404699087562,12534.8266009067,1584.77480876789,1.55630412651533,4.92521726656985,0.636192877223689,0.852658932119154,31.8498928693202,34.2501252828897,0.0030773694362652,0.00276228366608969,2.16438972095273e-06,0.00100539557549044,0.00595433380417477,2.1458414943567e-05,1.91156590934118e-05,9.76797284430726e-11,7.70823858238744e-06,4.09243196566629e-05,-778.642068324897,0.103711248516775,0.0834085576644052,0.98,0.518789037435668
"sinusoidal",400,"pg_apf",104,365.669,518.875977861988,1322.93914269666,386.853904134989,369.34156026763,11560.2792500204,519.333324152874,12013.1016488915,1167.72698150575,1.41897721125386,3.61785971109571,1.05793464618272,1.01004340063727,31.6140532832163,32.8523928713986,0.00250106934592101,0.0022915250102095,1.07453455160642e-06,0.000920016851694817,0.00447001489191023,2.03264999688246e-05,1.86923453388742e-05,6.56273448868449e-11,8.00963648039954e-06,3.62870438888399e-05,-769.206740789032,0.0894069866156455,0.0723039444002024,1,0.50126748745715
"sinusoidal",400,"pg_apf",105,367.13,711.643317476303,1922.28449006206,237.122603427012,324.371582204384,11668.328470223,711.635588734167,12498.2140735312,1752.09214349458,1.93839598364695,5.23597769199482,0.645881849554687,0.883533304835846,31.7825524207312,34.0430203838728,0.00331566854454582,0.00304328000743202,2.11632548301872e-06,0.00116872121612245,0.00615329684401388,2.14627242382712e-05,1.95782153755408e-05,8.54589247586352e-11,7.75877457035937e-06,3.97462885264293e-05,-769.81685406851,0.108369997503874,0.0896059831513236,1,0.528411133192472
"sinusoidal",400,"pg_apf",106,365.32,453.827592827888,1115.30105637432,279.490975781521,374.466708984709,11737.1718820435,455.317941133828,12369.2971100514,987.313375714192,1.24227415095776,3.05294277995816,0.765057965021136,1.02503752596274,32.1284678693844,33.8588008049146,0.00254947579089123,0.00233516059388714,1.13412962371497e-06,0.000966689709300606,0.00465688836280585,2.07419376449088e-05,1.89609672875632e-05,7.18522564980132e-11,7.93941342018618e-06,3.79542599774027e-05,-770.556931625374,0.0836833842110141,0.0707227491056839,1,0.495391590277984
"sinusoidal",400,"pg_apf",107,366.661,504.588010876342,1178.1370597855,285.332534976461,382.478794406311,11736.827477396,505.352851367365,12685.2378316472,1031.45425440281,1.37617038865967,3.21315072992628,0.77819166744339,1.04314010600067,32.0100241841811,34.5966378525318,0.00294924643705346,0.00268117681737709,1.70968673248615e-06,0.000942999151926229,0.00554174913746006,2.03836325245542e-05,1.85025684578002e-05,7.22121084490795e-11,7.58202812985911e-06,3.80827100217012e-05,-773.17905795779,0.0888437422483177,0.0756718406607729,1,0.517322640198456
"sinusoidal",400,"pg_apf",108,365.714,594.981458931765,1802.78233556055,259.639233881628,357.997276676297,11546.3599976459,597.585813235782,12544.9156348462,1601.97220901939,1.62690369778506,4.92948679995995,0.709951584794753,0.978899568177037,31.5721027842683,34.3025304878846,0.00289301989739914,0.00255722508300927,2.02228206086004e-06,0.000934070341666431,0.00583377073754756,2.00367703752461e-05,1.80758433447009e-05,7.89926069706686e-11,7.78483449473158e-06,3.68508452692876e-05,-785.257880292277,0.109874134689409,0.079346656393654,1,0.507921069625378
"sinusoidal",400,"pg_apf",109,366.239,540.41260673079,1350.7636715521,343.023676091749,208.762313148981,11756.7441692842,545.979013794563,12534.0331880483,1226.6884150271,1.47557361922348,3.68820270793688,0.936611546262819,0.570016609779355,32.1012895111776,34.2236440904664,0.00254620086556526,0.0023336878421497,1.09203176341095e-06,0.000913762650398999,0.00466070644556013,2.01320475273932e-05,1.83140991240663e-05,7.66379471456098e-11,7.51549207496102e-06,3.73291308767982e-05,-793.311088354373,0.10285341808564,0.0824948125823653,0.9925,0.494248568954996
"sinusoidal",400,"pg_apf",10,365.815,492.195717896758,1241.67907643408,394.106049471638,346.015352681842,11852.8133979729,491.245265646152,12387.4119292765,1130.53713663529,1.345477134335,3.39428147132862,1.07733704050309,0.94587524481457,32.4011136721372,33.8625040779533,0.00265222647217092,0.00245419668818807,1.08714876689742e-06,0.00100937042074832,0.0047534423575649,1.97014040945001e-05,1.79842258034716e-05,6.37617688566261e-11,7.55872364599008e-06,3.55097938297418e-05,-780.553629042575,0.0820772172209578,0.0696150352890123,1,0.50272219951254
"sinusoidal",400,"pg_apf",110,370.963,566.258723198759,1519.11153814546,361.125689348212,350.703233069844,11951.5572925404,569.388078318109,12373.2029873324,1335.61849914605,1.5264560702786,4.09504866562288,0.973481693182911,0.94538601712258,32.2176532229371,33.3542778857525,0.00302328334705823,0.00276664779143975,1.59805475825064e-06,0.00105554026980923,0.00551510204293555,2.19184836705799e-05,1.98136568609786e-05,8.61799855508997e-11,8.16975676779817e-06,4.06478438026588e-05,-780.839717812513,0.130526813510849,0.104693409793261,0.975,0.515148764058801
"sinusoidal",400,"pg_apf",111,369.409,569.884666126049,1656.76213447531,286.86302485343,338.546373516873,11840.9856694416,567.656918360682,12661.8173066355,1430.92459700844,1.54269296667393,4.48489921597824,0.776545847159734,0.916454048268647,32.0538635210339,34.2758766208607,0.00258833621187203,0.0022907195102672,1.37999011437948e-06,0.000909030326529775,0.00501509345059591,1.93931615709127e-05,1.75790730771605e-05,6.70168435990414e-11,7.56601701302554e-06,3.54005118437088e-05,-790.233484452593,0.0730434674154247,0.0637524064920571,1,0.500225115213343
"sinusoidal",400,"pg_apf",112,366.118,790.495813644357,2030.41043707592,249.527569382306,290.058343690839,11660.6273327703,794.91488334742,12373.5479915457,1825.72835234706,2.15912851497156,5.54578151600281,0.681549580687937,0.792253709707905,31.8493691453856,33.7966119981691,0.0032420065778182,0.00296229175718881,1.94643579238985e-06,0.00106268996728351,0.00602282414076185,2.31095860352335e-05,2.05805650912151e-05,1.15766787231685e-10,7.66860422485129e-06,4.43727079309296e-05,-783.158802516851,0.129180193355141,0.0917573699064074,0.9625,0.521631382349255
"sinusoidal",400,"pg_apf",113,365.847,439.25816329101,1306.88148561593,362.488025474942,325.533051537823,11276.2538343999,433.247013003844,11467.0874219079,1160.6505976715,1.20066083168923,3.57220774153112,0.990818635864015,0.889806535348994,30.8223214469435,31.3439427463062,0.0024227188156223,0.00226197986104156,8.6119469918177e-07,0.000949160956773315,0.00429292064010672,2.03305928570312e-05,1.84342806866377e-05,7.19886848404715e-11,7.87145711310093e-06,3.7071168800682e-05,-757.28542782007,0.120547594799297,0.102092024044202,1,0.503647940943958
"sinusoidal",400,"pg_apf",114,368.767,526.369079145854,1378.47207727545,225.007930412377,276.799755375842,11997.6653284533,527.026624791402,12950.6481791567,1228.24116164568,1.42737576612293,3.73805703133809,0.610162868186082,0.750608800071162,32.5345416711725,35.1187828063701,0.00305825064426959,0.00281531947853716,1.62371294243175e-06,0.00109119222945311,0.00564498383665845,2.08518380340727e-05,1.87101233123754e-05,8.6902387512524e-11,7.77020030435001e-06,4.02027180017063e-05,-767.183392098686,0.143463993193461,0.100871666668555,0.935,0.518283821578262
"sinusoidal",400,"pg_apf",115,368.33,497.383054331957,1195.87367540993,227.24713071071,497.597535643652,11724.0392809567,494.970439930968,12400.7038266786,1069.50225141209,1.35037345405467,3.24674524315132,0.616966119269975,1.35095576152812,31.830258955167,33.6673738948187,0.00260057214348986,0.00238688237646777,1.20152023817979e-06,0.000890996037542207,0.00469282905549938,1.97685021261177e-05,1.84234833179688e-05,5.06562605306491e-11,8.68061978145338e-06,3.41087525101675e-05,-803.39949697075,0.107415863725021,0.0918003751030882,1,0.495368966553627
"sinusoidal",400,"pg_apf",116,368.456,622.150153839732,1626.21375464422,272.363437778342,292.642603022101,11141.333035291,615.461098757101,13534.4782863431,1514.75425536884,1.68853310528186,4.41359010205892,0.739202069659176,0.79424029740892,30.2378928156714,36.7329566796119,0.00374281994861086,0.00328328622563083,3.87114268048968e-06,0.00112190891436219,0.00763991699815741,2.17994485790609e-05,1.97237520464616e-05,9.87116878003557e-11,7.70964902192432e-06,4.16029497462977e-05,-799.032132710104,0.110416369769839,0.0878181388885608,0.995,0.538618854645682
"sinusoidal",400,"pg_apf",117,367.693,458.494392084419,1078.56957846271,404.027527001176,393.25836267325,11784.2702292153,459.226428510908,12255.8363328142,986.425148084816,1.24694892773161,2.93334270291442,1.09881756520025,1.06952909811514,32.0492101541647,33.3317096948112,0.00246656234580888,0.00226776709814803,9.94121929311383e-07,0.000909619901135341,0.00437093417509565,2.01888084979556e-05,1.84730176910881e-05,6.59775108218098e-11,7.80525634462929e-06,3.63402910555484e-05,-772.383358972824,0.0953508039368044,0.0827330104209268,1,0.495164314222815
"sinusoidal",400,"pg_apf",118,366.553,549.787485820695,1652.16240488715,274.792493261207,283.698181741881,11586.0223975282,553.836750212728,12930.07686293,1489.50661359443,1.49988538034253,4.50729472924011,0.749666469135997,0.773962242136555,31.6080413951821,35.2747811719724,0.00313960343199853,0.00277585931115679,2.44774218483329e-06,0.000995056881778278,0.00604224728950456,2.15370490553924e-05,1.92935878084151e-05,1.03491239179474e-10,7.79156029940547e-06,3.95029622103589e-05,-792.484293461902,0.078131724300001,0.0599743301001682,1,0.509010092213452
"sinusoidal",400,"pg_apf",119,366.913,607.32312206248,1680.95316381742,215.203725289246,396.330081950814,11763.8330872202,603.182422521326,13004.0460350051,1514.2655207013,1.65522377801408,4.58133989206548,0.586525212487008,1.08017454260496,32.0616415532299,35.4417696702083,0.00296127534584753,0.00263947936144096,1.88973528098009e-06,0.000998562968715259,0.00564538602105107,2.0009745425806e-05,1.80510223501405e-05,7.44711125127004e-11,7.35555175171853e-06,3.6954478357497e-05,-807.658180161859,0.136711109167089,0.108886006854619,0.9475,0.50151909282037
"sinusoidal",400,"pg_apf",11,370.975,487.709572066775,1219.88872281887,303.724971767007,344.265497180732,12082.0337218513,485.281866820674,12409.7114537121,1072.99674522757,1.31466964638257,3.28833135068096,0.818720861963762,0.928001879319986,32.5683232612745,33.4516111697879,0.00307913180508372,0.00284168585785783,1.7412382914489e-06,0.00100008343639332,0.00568266256313852,2.23779555634214e-05,2.0564850686176e-05,8.29986153123712e-11,8.14863438987146e-06,4.00543046302316e-05,-799.994828428527,0.116595972121778,0.0946838348767345,0.97,0.510151942994065
"sinusoidal",400,"pg_apf",120,366.539,432.123751357524,1025.16235669849,290.330697393796,329.805096065932,11676.8376756618,431.520411090815,12443.3741490403,906.908275228241,1.17892980380675,2.79687115613478,0.792086783108472,0.899781731455404,31.8570129663196,33.948295131051,0.00283132515779569,0.00257922978541167,1.53622801243785e-06,0.00104512085564858,0.00533622840408446,2.13193000299771e-05,1.90649160764231e-05,9.13506205121061e-11,8.0451005528747e-06,4.05601939296923e-05,-780.986801639445,0.0993206502724967,0.0761594529967659,1,0.514492893342984
"sinusoidal",400,"pg_apf",121,365.476,678.457173619683,1871.11005804304,292.681959637054,361.856130963077,11825.4899529475,679.813037555398,13210.3633088483,1709.59760289701,1.85636587250512,5.1196523384382,0.800824020283285,0.990095467179999,32.356406311078,36.1456383150968,0.00299505810078765,0.00272372615355406,1.78496885188425e-06,0.00100849176184604,0.00563783727122915,2.08578187739383e-05,1.88588479300731e-05,8.28460786142952e-11,7.47399815038317e-06,3.86206233354439e-05,-776.462870104284,0.0722424943955133,0.0548189390422185,1,0.507143091615068
"sinusoidal",400,"pg_apf",122,366.948,580.92499308388,1483.4091087665,316.950416335056,349.847600520889,11986.9115407599,567.971654657855,12455.408763322,1349.22178967224,1.58312620067116,4.0425594601047,0.863747496471043,0.953398303086238,32.6665128049747,33.9432528950205,0.00242837220807626,0.002264132795128,8.48799676109921e-07,0.00100695277554457,0.00423863659821905,1.90787689114475e-05,1.7312943680475e-05,6.37719466982471e-11,7.132079925906e-06,3.50831179249977e-05,-797.391923953735,0.079052346181579,0.0661416467490362,1,0.488474904164236
"sinusoidal",400,"pg_apf",123,365.807,506.092928342353,1221.33006991204,212.275027961789,443.591817261207,12064.1282906462,507.945045895695,12823.525751678,1117.55084111248,1.38349711280088,3.33872799020258,0.580292416388393,1.2126389524017,32.9794899787214,35.055441125178,0.00286621524759489,0.00260217942094327,1.66460140515608e-06,0.000920922124548849,0.00543065509598141,1.97892940213587e-05,1.81524692915416e-05,6.33456988308516e-11,7.49012142806602e-06,3.5462760190714e-05,-787.813658941724,0.102431913300927,0.0831196192891144,1,0.505651071656632
"sinusoidal",400,"pg_apf",124,367.392,469.687634662309,1323.71039597382,361.77223374818,296.631802933506,12163.1675340263,467.442944166926,12758.8081920086,1109.55423623959,1.27843729493922,3.60299188870151,0.984703623781084,0.807398644862995,33.1067838549188,34.7280512150744,0.00282208473785326,0.00260123360796402,1.37533985054194e-06,0.00109324780268725,0.00514593183879957,2.07528992965688e-05,1.88581766082285e-05,7.94140350799672e-11,7.57741299548697e-06,3.86465992906487e-05,-791.752495027971,0.0913418168696715,0.0717289833560006,0.9925,0.504495324191423
"sinusoidal",400,"pg_apf",125,370.561,877.026017537945,2445.96692323464,269.985936910547,271.69869281891,11724.4579926583,876.238626646518,12990.218285572,2275.19055217453,2.36675208005685,6.60071330559515,0.728587025916237,0.733209087893519,31.639751600029,35.0555462813735,0.00379220284730755,0.00338992019962797,3.14910242084686e-06,0.00117486098650672,0.00740545642607884,2.16288192837703e-05,1.9578285671391e-05,8.65369868136539e-11,7.91045390578981e-06,3.97015764858602e-05,-827.951215438734,0.132649708191883,0.104907780359364,0.9725,0.524332858713415
"sinusoidal",400,"pg_apf",126,366.877,516.797098703714,1293.07292371864,317.664688448758,298.702057951007,11793.4378956541,515.845733301504,12412.7836351762,1139.01118914869,1.40863858651187,3.5245407145137,0.86586155155204,0.814174935880436,32.145481716363,33.8336380726408,0.00255595887051402,0.00232562185785818,1.23303673627248e-06,0.000901799658051792,0.00469085620088596,1.91672724030834e-05,1.76604144748775e-05,6.05057868177359e-11,7.46342133996697e-06,3.48446312588879e-05,-758.540556109896,0.120265569146886,0.0983370735976454,1,0.505722651342866
"sinusoidal",400,"pg_apf",127,368.228,549.60211553549,1596.20453236275,352.725986691948,304.75621362752,11974.324142032,549.615951470212,12532.6160466655,1420.44848075784,1.49255927179761,4.33482660841312,0.957901046883854,0.827629114645057,32.5187767959851,34.0349350040342,0.00270053368631448,0.00249329012418881,1.23012522192473e-06,0.00101772131207941,0.00494919228318549,1.96143870793236e-05,1.80988517648423e-05,6.15992311214293e-11,7.73184087421564e-06,3.45706417479953e-05,-782.985309486722,0.100843213566363,0.0787059625977432,0.9725,0.508245595456297
"sinusoidal",400,"pg_apf",128,365.395,456.613583959821,1196.12663315837,388.464908009032,369.682117114257,11733.7051767438,453.937703825562,12143.537707803,1071.33283228596,1.2496437662251,3.27351669606417,1.06313690118647,1.01173282916914,32.1123857106524,33.2340007602813,0.00237077906874171,0.00218924234628128,8.41407812274726e-07,0.000947082550493412,0.00418617050354675,1.93181412022342e-05,1.78502678036296e-05,5.83607440674394e-11,7.4794062916695e-06,3.46991018152323e-05,-781.205729705513,0.128174123699978,0.104934959737711,0.985,0.490967330758668
"sinusoidal",400,"pg_apf",129,365.77,570.690051869328,1476.68965572472,393.103152542116,370.18292138028,11974.73186128,565.556732353885,12278.5485115019,1328.84980322985,1.56024291732326,4.03720823393039,1.07472770468359,1.01206474391087,32.7384199395247,33.5690420523879,0.00251182257109915,0.00229166182981535,1.16514818321329e-06,0.000913286339890863,0.00453315148065785,1.95538445482142e-05,1.78133179374129e-05,6.99912271272521e-11,7.43428742391138e-06,3.65523743822409e-05,-784.690335539919,0.0901189998023751,0.068795326374056,1,0.496256257982744
"sinusoidal",400,"pg_apf",12,378.201,610.812286026466,1680.13502758908,237.157261167341,316.848725330298,11774.9621547166,604.557542617873,12246.9156264811,1498.83962085198,1.61504672390202,4.44243941076062,0.627066721577523,0.837778655609842,31.1341380766221,32.3820286738562,0.00272905294647892,0.0025003667036248,1.3411627054199e-06,0.00092352962944545,0.00509089752617472,2.05739843161003e-05,1.87327564470976e-05,7.66575931110713e-11,7.79217445346857e-06,3.83488660377201e-05,-797.794426610485,0.114616549205923,0.0857090724485618,0.96,0.494795056288405
"sinusoidal",400,"pg_apf",130,369.456,548.594353740062,1506.69405001434,294.708470025806,420.006317485431,11619.2886909063,544.981852040911,12153.8990548658,1321.59290642466,1.48487060364444,4.07814205213702,0.797682186852577,1.13682364743144,31.4497225404548,32.8967429270761,0.00252476610081129,0.00233486263647553,1.02545250683444e-06,0.000920357629698068,0.00450453224980022,1.97866912772298e-05,1.80177298646955e-05,6.55943086518386e-11,7.65377992039315e-06,3.62293352036684e-05,-778.372603600138,0.10616880872145,0.0818523632786017,0.9975,0.503138519438064
"sinusoidal",400,"pg_apf",131,367.436,511.476382685872,1298.64397963028,309.425716768095,164.700014778384,11654.9087062622,512.128015687325,11654.6956554604,1168.3534770708,1.39201488881294,3.53434061885685,0.842121394659466,0.448241366600942,31.7195612467538,31.7189814157033,0.00299276828807692,0.00273656169941752,1.66391469211243e-06,0.00107612846455416,0.00545813083078711,2.22581010687e-05,2.03722836707244e-05,9.06072651073464e-11,8.0219310336349e-06,4.07827920561912e-05,-783.482974234887,0.107653527792362,0.0867612777697866,0.995,0.516628353884281
"sinusoidal",400,"pg_apf",132,368.627,330.664736238869,760.037275282661,353.166117215731,322.625650193532,11503.5396945016,332.255449997823,11709.4420763865,646.089644901874,0.897017137211515,2.06180576919938,0.958058192198974,0.875208951578512,31.2064490514846,31.7650147069708,0.00251344160593549,0.00231192277852898,1.02749937461174e-06,0.000946489562244806,0.00453138227922116,2.1216487169897e-05,1.92063225673101e-05,7.98520429679737e-11,7.82659065551715e-06,3.9247166063029e-05,-759.472607541745,0.109583392734145,0.0812964125196432,0.98,0.506835719214117
"sinusoidal",400,"pg_apf",133,374.808,583.526355622703,1670.87322369798,384.832372533998,367.176424315829,12147.288685666,579.866534014629,12717.0983711896,1491.386257476,1.5568673977682,4.45794439739274,1.02674535371176,0.979638706526618,32.409363422515,33.9296342959318,0.00244049553201357,0.00225532613131042,9.38017333687911e-07,0.000910985277725507,0.00441576306538633,1.81203237629882e-05,1.65680027715346e-05,5.40261326331047e-11,7.38163752570143e-06,3.28141884217656e-05,-789.032020814045,0.0654283934000055,0.0508153545792813,1,0.487150984513122
"sinusoidal",400,"pg_apf",134,368.283,446.63028905956,1108.21605664066,394.901007547944,283.891963483098,11745.6820586152,447.437304896023,12370.2459043907,1010.89946610556,1.21273664290657,3.00914257959411,1.07227596046503,0.77085275042046,31.89308781186,33.5889680066435,0.00247142495108,0.00228744210998755,9.93881985152055e-07,0.000899789305678363,0.00446349988542298,1.96721229002425e-05,1.80315451929629e-05,6.47680411112439e-11,7.61290186685834e-06,3.47976173106658e-05,-788.388482407701,0.111576183236567,0.0852990450693469,0.9825,0.490715816863193
"sinusoidal",400,"pg_apf",135,365.932,389.809213620518,922.872411725815,332.188053229351,280.021009292221,11535.4358687923,387.261007970472,11939.2167500282,818.899513411428,1.06525041160794,2.5219778858526,0.907786291522335,0.765226898145614,31.5234411551662,32.6268726157542,0.00249996770985571,0.00228896148104116,1.13985938195999e-06,0.000926061399794463,0.00463814448712463,2.13843822072689e-05,1.96036921485455e-05,8.28793847399219e-11,7.71407512912938e-06,3.91982833862831e-05,-783.866411997454,0.108578710148064,0.0769961985448861,0.9725,0.50039863632801
"sinusoidal",400,"pg_apf",136,366.84,699.874976221774,1847.11321418623,368.460717259167,354.854901891269,11646.7869812857,702.941026804842,12356.3774792595,1699.50089817214,1.90784804334798,5.03520121629657,1.00441804944708,0.967328813355329,31.7489558970823,33.6832882980576,0.00303235317094184,0.00276383232118301,1.65587969252066e-06,0.00106798308479845,0.00565384811605769,2.14949986186607e-05,1.94319976070339e-05,9.10645524212359e-11,7.39060054770617e-06,3.94792916061643e-05,-783.613358834601,0.0896066595087718,0.0702957346435916,1,0.51516282582076
"sinusoidal",400,"pg_apf",137,365.919,525.431775034907,1294.79628049676,239.970619792844,306.553956488714,11154.3755600566,527.79955469616,11923.2781503363,1180.07057858408,1.43592372911739,3.53847786121181,0.655802567761837,0.837764522992012,30.4831822344744,32.5844740238586,0.00341938511167804,0.00308939035595525,2.62924073471433e-06,0.00108618501129063,0.00663311606803407,2.27164724912743e-05,2.01103437067619e-05,1.10639969214711e-10,7.75938112873799e-06,4.35084745050031e-05,-800.642404549253,0.126659851762738,0.103276788509557,0.995,0.529833856470513
"sinusoidal",400,"pg_apf",138,367.209,565.827838449093,1427.02582590448,337.126574919394,384.498684141894,11705.159178342,564.925924300575,11839.8404687353,1260.729661853,1.54088771911662,3.88614066078031,0.918078192308452,1.0470840424442,31.8760138731403,32.2427839969479,0.0025428653822711,0.00232105420452072,1.08141339929141e-06,0.000914300951274563,0.00463065268881304,2.16956506115047e-05,1.98320332144346e-05,8.15142980976634e-11,8.16414619082494e-06,3.97457113934155e-05,-781.762975652198,0.122268879130005,0.101297413242851,1,0.493794259786304
"sinusoidal",400,"pg_apf",139,366.384,580.479253446477,1701.15287958832,303.346648443997,368.136939267785,11776.1546449506,579.287731412679,12573.0705142402,1485.95406545902,1.58434662388772,4.64308725159482,0.827947313321535,1.00478443181958,32.1415636189096,34.316647326958,0.00249315636198526,0.00228342990696571,1.15579793605032e-06,0.000852150043336853,0.00457470241154979,1.91927454684793e-05,1.75609011663248e-05,6.36470283520731e-11,7.59009215232317e-06,3.43589343019102e-05,-794.665643243583,0.0988170046948961,0.0759099687033091,0.9925,0.492841163962824
"sinusoidal",400,"pg_apf",13,369.113,626.740921415045,1601.62085401929,268.963892274962,354.301724205664,11988.9520302739,629.865548068114,12202.8793832767,1488.62238316535,1.69796490888981,4.339107140684,0.728676292287084,0.959873329321003,32.4804383217982,33.0600097619882,0.002995966405378,0.00275125421328309,1.57480895491342e-06,0.00098538846106621,0.00549700795834556,2.13585414086571e-05,1.95674881699261e-05,7.61766658969973e-11,7.80603310786952e-06,3.91462058340514e-05,-785.080086651638,0.100375785392937,0.0753398451279984,0.9775,0.513021462432395
"sinusoidal",400,"pg_apf",140,368.441,482.589106586311,1325.64036391556,297.192713172931,321.757782397355,11662.9549589542,480.43633014014,12349.0078578017,1143.60975568058,1.30981380081563,3.59797189757805,0.80662226292115,0.87329526952037,31.6548781459019,33.5169209121724,0.00259669166454117,0.0023710771974224,1.24962698880854e-06,0.000952073850904029,0.00484591326414651,2.01219760172729e-05,1.82878358705337e-05,7.05642601491252e-11,7.97947225147007e-06,3.6342992598949e-05,-764.756806111909,0.0985675185677041,0.0743373260799579,1,0.500814048725706
"sinusoidal",400,"pg_apf",141,366.005,633.663625706757,1649.33238596068,265.183813288379,432.9241012452,11619.9848390874,635.330978756007,12342.3166571099,1506.55227366913,1.73129773010412,4.50631107761008,0.724536039913058,1.182836576673,31.7481587385074,33.7217159795902,0.00245442292333718,0.00225757986762797,1.03672154326264e-06,0.000868665299375896,0.00445578541226644,1.91019020015747e-05,1.75800464467496e-05,6.6192487827362e-11,7.81465236380847e-06,3.32071045866598e-05,-780.052436939632,0.10175450478824,0.080516290775676,0.9725,0.500213682952239
"sinusoidal",400,"pg_apf",142,365.893,676.433926384563,1754.36013558004,283.457772968899,314.023615385899,11748.4300068276,678.161224527671,12372.9998332969,1577.88283967503,1.84872059969599,4.79473544336744,0.774701273238076,0.858238926095604,32.1089225725214,33.8158965416034,0.00288630172459826,0.00262747764644491,1.58043232738486e-06,0.000948679979954515,0.00548878699409982,2.19957237594216e-05,1.97256102378757e-05,9.65182360660711e-11,7.56666723452153e-06,4.07266587970364e-05,-806.012031599281,0.0970397455572787,0.0791257572727939,1,0.506797792477068
"sinusoidal",400,"pg_apf",143,365.808,739.541694430809,1885.62819222364,236.396184464278,292.743362173517,11178.6282661509,733.814209118074,12411.8635030127,1733.96851797675,2.02166626872788,5.15469369785143,0.646230220400532,0.800265063020812,30.55873099044,33.9299947049073,0.00305673315148548,0.00276020223729224,2.06352037298348e-06,0.00099399680278369,0.00592325304000165,2.09354860710066e-05,1.912447442449e-05,7.47002986240519e-11,7.74725213218479e-06,3.82686556327864e-05,-762.848889485909,0.104135795861718,0.078660248394732,0.98,0.521815527727137
"sinusoidal",400,"pg_apf",144,367.674,684.621301004625,1862.55829875179,279.197672342222,276.379846843155,11894.6302582467,686.738861850124,13105.9703866333,1722.13456259184,1.86203348891851,5.06578735170774,0.759362022721818,0.751698098976688,32.3510236194203,35.6456273400711,0.00295391467826189,0.00268093561197206,1.69862803458811e-06,0.000923223916788419,0.00556690965634576,2.06708867193841e-05,1.86185912547471e-05,7.75672891265808e-11,8.21503974990493e-06,3.855369420776e-05,-800.840051317113,0.0887413670234784,0.0671274258551885,0.995,0.508064553726946
"sinusoidal",400,"pg_apf",145,366.054,686.957693385447,1765.38963392473,286.219458544967,321.219608868983,11644.4123712472,684.004153458541,12681.6066115631,1605.03715114986,1.87665670470872,4.82275739078041,0.781905015503088,0.87751973443531,31.8106409744114,34.6440869695812,0.00276768251025508,0.00251814692290609,1.51521065138525e-06,0.000975850448180942,0.00514866956832676,1.97313397323606e-05,1.80281981068153e-05,6.25980274911534e-11,7.97076206204609e-06,3.55489720780061e-05,-780.382397928,0.111287008456342,0.0950033915988566,1,0.510895125436182
"sinusoidal",400,"pg_apf",146,366.958,556.422495157856,1316.30419797876,363.720608518398,353.532183075634,11836.7226390601,553.081601563129,12802.6530775355,1163.50959963543,1.51631111777876,3.58707044942136,0.991177760175272,0.963413205532061,32.2563417041189,34.8886059917907,0.00260341274899123,0.00235396752677137,1.26292187371987e-06,0.000984930930061613,0.00487061872788333,1.99415203349047e-05,1.82321268528168e-05,6.82475438234024e-11,7.84486553112704e-06,3.61308059397779e-05,-789.307595077359,0.0602063662997813,0.049621303114538,1,0.499996978561272
"sinusoidal",400,"pg_apf",147,367.517,716.959544380862,1976.09086758172,361.311144337017,325.624976524328,11804.2523785561,711.6080488729,12291.1389573685,1840.32201357565,1.95082008282845,5.37686928109915,0.983114099040363,0.886013372236734,32.1189288619468,33.4437290176196,0.002704081487874,0.00245862955618756,1.29328501220084e-06,0.00104262419292096,0.00508197576651551,2.10368459408779e-05,1.92072102309539e-05,7.82701120478598e-11,7.98484375565031e-06,3.84575699172254e-05,-773.953699052217,0.106584817053374,0.0788526483040751,0.965,0.501427411374887
"sinusoidal",400,"pg_apf",148,366.435,518.417258081667,1337.14668923317,328.670146775666,306.190282780003,11708.428419336,518.06448419595,12145.0834288075,1223.78804117125,1.41475911984845,3.64906924620512,0.89693983046288,0.835592350021159,31.9522655295919,33.143895721772,0.00274122052452554,0.00251411457139718,1.32969557425601e-06,0.000986523157822887,0.00500525382955692,1.9928986456014e-05,1.82733988168297e-05,6.17729819605198e-11,7.70007679574556e-06,3.58706865986597e-05,-788.310617962335,0.123332742909616,0.0946924517494559,0.9675,0.506614206874007
"sinusoidal",400,"pg_apf",149,366.164,617.60366381704,1640.16601742781,369.833555006944,294.717439486693,11666.5547982959,613.457404298253,12085.8502629416,1471.88393078701,1.68668592165543,4.47932078912129,1.01002161601617,0.804878249873535,31.8615560194226,33.0066589368194,0.00287042081314447,0.00261308939852707,1.49112030907162e-06,0.00104558741878086,0.00537989834580118,2.21728631805731e-05,1.99410852932913e-05,9.25646158616261e-11,8.79231357867047e-06,4.1801861387262e-05,-761.986685055634,0.118701888935432,0.0993687577090487,0.9675,0.510399831384221
"sinusoidal",400,"pg_apf",14,366.219,611.216926678592,1596.56138835466,332.684125914263,294.872750116748,11932.577026246,611.627506986507,12520.0667831059,1341.49603937343,1.66899294323504,4.35958098393218,0.908429453180373,0.80518146277705,32.5831729818662,34.1873763597898,0.00304517009757836,0.00280177955506886,1.60191215277228e-06,0.00106302961167524,0.00562769525319018,2.17737647315112e-05,1.93923805076367e-05,1.04048572260703e-10,7.03516730685985e-06,4.14455235371572e-05,-775.183465355333,0.102769039713521,0.088952284918787,0.9825,0.513583008623297
"sinusoidal",400,"pg_apf",150,366.94,505.561230140164,1213.30726458045,321.5940988942,260.490495967385,11768.8507268832,514.923632854367,12685.9841071194,1116.75288892203,1.3777762853332,3.30655492609269,0.876421482787922,0.709899427610467,32.0729566874236,34.5723663463221,0.00294101557896268,0.00265679147870106,1.7386250540253e-06,0.00106019263595167,0.00555501516569529,2.01982350444948e-05,1.83367925843511e-05,7.83834069749974e-11,7.68682576630654e-06,3.65299757881472e-05,-792.126303846313,0.0949140412603298,0.0762412762607355,0.9825,0.512658415878979
"sinusoidal",400,"pg_apf",151,369.397,437.708309945537,949.636158985187,314.639366486514,366.450772091686,12124.3502929355,437.088649747689,12529.3208762643,850.825297254378,1.18492654229877,2.57077388009428,0.851764812617628,0.992024223509356,32.8220053030629,33.9183070687209,0.00273789323142105,0.0024839113098633,1.35203092955758e-06,0.00100773833435068,0.00509803020658345,1.968692575831e-05,1.79845019177852e-05,6.32328124608602e-11,7.38104573055728e-06,3.49595863381725e-05,-792.238576020191,0.110541436045282,0.0907655646841381,1,0.501631254580437
"sinusoidal",400,"pg_apf",152,368.658,618.23913307335,1590.66207895003,320.703680302248,281.15770952582,11965.4999162005,617.278301620479,12722.5877205149,1298.04529223974,1.67699909692276,4.31473636527629,0.869921933885194,0.762651860330767,32.4569110563191,34.510542889385,0.00312751326944395,0.00285474013168477,1.78566754524324e-06,0.00108879673894994,0.00579771472236596,2.1251927617004e-05,1.94733436485023e-05,8.29524138813169e-11,7.86295463548115e-06,3.87789327516907e-05,-812.330475716551,0.0945757360423907,0.0794491670724247,1,0.521171658169584
"sinusoidal",400,"pg_apf",153,367.502,513.390453811836,1397.47992866421,400.900817184708,336.105898262148,12213.4633691857,507.187919090627,12594.3995820679,1208.86770449926,1.3969732241235,3.80264577788478,1.09088064060796,0.914568895576481,33.2337330659035,34.2702885482744,0.00265571145373507,0.00249481861467378,1.02825853944791e-06,0.00102717391577907,0.00461513080850812,2.02259279681064e-05,1.85713062116614e-05,7.08579791590543e-11,6.94947817127518e-06,3.68297982384187e-05,-793.378550004346,0.104798493230873,0.0732617214812423,0.97,0.490762613317509
"sinusoidal",400,"pg_apf",154,367.237,314.082979370967,960.39771087093,264.777726411729,327.627488622751,11549.1347052264,313.982611935988,12302.9024175833,819.872267827325,0.855259626265782,2.61519866154807,0.720999589942542,0.892141828363567,31.4487230459525,33.5012605417844,0.00286755738086464,0.00258213564650354,1.57575235483172e-06,0.00102064802263691,0.00538016326119649,2.13278769619445e-05,1.92920549999918e-05,8.64627125330574e-11,7.91880492204729e-06,4.01156426433149e-05,-785.198328427864,0.105756403855941,0.0839437347071077,1,0.51666475570426
"sinusoidal",400,"pg_apf",155,366.701,581.58612701306,1671.64744538155,353.081823373884,307.525067815601,11686.7401053067,584.449701009193,12930.5575975719,1484.79222019571,1.58599547591378,4.55861163558743,0.962860268649073,0.838626204497944,31.8699433743204,35.2618552923823,0.00304880746095635,0.00276865234109388,1.78208168536198e-06,0.00105351477020275,0.00577568261953665,2.06014493579451e-05,1.87484246025286e-05,7.88418056322947e-11,7.83521323065629e-06,3.72395613104001e-05,-780.169324163365,0.0911734792999954,0.0702884996876813,1,0.511095028858946
"sinusoidal",400,"pg_apf",156,370.525,608.974734073209,1487.7228777359,328.600192873799,356.291412679484,11411.003885844,613.052221213266,12311.4257017133,1375.80479298797,1.64354560170895,4.01517543414317,0.886850260775384,0.961585352350002,30.7968528057323,33.2269771316736,0.0029145693169411,0.00267402195562795,1.57207616213914e-06,0.00100826683700705,0.0053643744748504,2.13213253723599e-05,1.95443267173093e-05,8.21374396820523e-11,7.64992373588249e-06,3.91071046336845e-05,-787.170888843412,0.140744692999127,0.105592433989967,0.94,0.516416768461148
"sinusoidal",400,"pg_apf",157,368.17,659.697675844443,1760.55217888443,249.429442525118,322.63133491477,11740.9682280826,659.310821978349,12703.2438897425,1573.08845174292,1.79182898075466,4.78190015178974,0.677484429815352,0.876310766533858,31.8900731403499,34.5037452528518,0.00287836447579555,0.00260368607273874,1.61660391826121e-06,0.000971524744385746,0.00543641321826986,2.02861208215919e-05,1.83923684907104e-05,8.2346454615275e-11,7.68105769639162e-06,3.63193676775153e-05,-791.640768898047,0.0852188339807849,0.0634306954943243,1,0.511257034082111
"sinusoidal",400,"pg_apf",158,368.84,558.873379254886,1471.88404625392,288.327251562386,365.383012937103,11983.9168095608,543.952235173259,12919.3206418844,1275.1033477424,1.5152190089331,3.990575984855,0.781713619895852,0.990627407377461,32.4908274849821,35.0268968709587,0.00283960449968907,0.00262218338044965,1.41232736663827e-06,0.00101142048566513,0.00507370933916552,2.05128179033845e-05,1.83831870374553e-05,8.51702940151176e-11,7.49873492290338e-06,3.8185695202101e-05,-789.255914584692,0.0879885611398857,0.0647406377557964,1,0.504537216513681
"sinusoidal",400,"pg_apf",159,367.229,437.264930885824,1061.88836490231,318.309579481561,308.468586489297,11602.1233376042,438.088970356693,12104.7741759292,922.837907581651,1.19071459739243,2.89162447655906,0.866787697816787,0.83998972436626,31.5937013079148,32.9624680401853,0.00247059315184154,0.00225764573587133,9.93471305976055e-07,0.00101245375909723,0.00453482161978923,1.96791819119578e-05,1.78366435951749e-05,7.15237862442401e-11,8.06793132885139e-06,3.59538703319611e-05,-771.755362885378,0.119631538243252,0.0978461195293538,0.995,0.503585549587297
"sinusoidal",400,"pg_apf",15,368.832,571.283734153756,1431.42516015541,201.692389088501,347.578354226581,11838.1451352149,571.471989612024,12669.9574154564,1286.08806075755,1.54889959155864,3.88096792077534,0.546840808521225,0.942375808570245,32.0963070861934,34.3515676933031,0.0031762541975994,0.00292661149544201,1.840613724141e-06,0.00109141379420481,0.00587531905655348,2.1361745126346e-05,1.93497362703998e-05,9.7024110780884e-11,7.58267068823518e-06,3.94259395494829e-05,-797.032512539546,0.104356908960287,0.0846564785471637,0.9825,0.514670654112162
"sinusoidal",400,"pg_apf",160,368.662,612.501617188429,1538.34228324585,339.536846943287,389.006523885654,11914.9461356863,611.8369432517,12603.1780422537,1362.07680314051,1.66141782225569,4.17277149054106,0.920997680648634,1.05518475971392,32.3194311745889,34.1862682952236,0.00268824458266267,0.0024884095108075,1.20763703205312e-06,0.000977837603286385,0.00479742902217208,1.9716362411328e-05,1.79938225910823e-05,6.81050497119461e-11,7.65449897814225e-06,3.59085013578262e-05,-787.59770259263,0.0912143397255247,0.0776818870006335,1,0.507007163201812
"sinusoidal",400,"pg_apf",161,368.968,636.821254738173,1701.751595458,312.536087507335,377.407227489293,12003.2790701657,640.770551010248,12829.0300599958,1502.29746164785,1.72595253446958,4.61219291498993,0.84705472427781,1.022872518726,32.5320327783594,34.7700344203179,0.00261411206067757,0.00238221215497415,1.22996868927511e-06,0.000961434924017789,0.00489207843506847,1.95556415236715e-05,1.79255037925969e-05,6.31763581110535e-11,7.9883390411713e-06,3.54581318888047e-05,-810.345576693541,0.0800098658897166,0.0653409888439475,1,0.494440378461775
"sinusoidal",400,"pg_apf",162,367.026,616.083118280202,1552.55935068248,313.561517857015,332.263813595424,12291.4467312622,624.872852830205,13499.9442713644,1473.00587163807,1.67858167617608,4.2301072694645,0.854330532052265,0.905286855959588,33.4893079271283,36.7819834871763,0.00311478283078469,0.00276201546241359,2.23100207656554e-06,0.00105712505840041,0.00605542098886867,2.00252893261621e-05,1.83819979047471e-05,6.97412312582158e-11,7.76062471646883e-06,3.53690255241883e-05,-815.798199422822,0.105960546377345,0.0875525224302888,1,0.514302366611794
"sinusoidal",400,"pg_apf",163,369.167,523.121151959605,1302.33868983603,298.514128172253,235.75272331632,11760.7932195279,525.904578554857,12100.7537069336,1131.54050500174,1.4170311863184,3.52777656138286,0.808615418421076,0.63860725177581,31.85765038459,32.7785357492235,0.00262094955305332,0.00242668363192478,1.14447518608525e-06,0.0009650559769421,0.00476221592532468,2.03461980359812e-05,1.85379790133165e-05,7.06303047717299e-11,8.13647793475002e-06,3.68644256470356e-05,-779.516289669186,0.0945464445797836,0.0833038375408851,1,0.501575274762767
"sinusoidal",400,"pg_apf",164,365.439,524.10124703519,1360.52478304718,352.870705962682,415.261506385861,11928.9352639777,525.716057135839,12511.3091448893,1193.13290246316,1.43416889558911,3.72298737421891,0.96560768271225,1.13633604072324,32.6427536852326,34.2363818445467,0.00249070937781064,0.00227959143210308,1.00980480011835e-06,0.000968177786393288,0.00453321241804065,1.95004494819167e-05,1.78630824994746e-05,5.95154808349371e-11,7.7322157781577e-06,3.51425920483997e-05,-799.61104115645,0.0783282744811444,0.0645000050728262,1,0.495328037162273
"sinusoidal",400,"pg_apf",165,367.558,582.715253835291,1500.48264650734,338.320955941379,374.087298739916,11684.9843251254,578.849474409235,12841.976014555,1365.4045532749,1.58536953034702,4.08230169526263,0.920455971415065,1.0177639957229,31.7908583818755,34.9386382953302,0.00282350582848501,0.00259691308882271,1.42295245833942e-06,0.000940482252531076,0.00518853786994082,2.06288585281684e-05,1.87961526185154e-05,7.14788083286188e-11,7.91950163538797e-06,3.74048553658492e-05,-791.639965908868,0.0937428855700396,0.073316894738852,1,0.50770077492504
"sinusoidal",400,"pg_apf",166,366.218,540.040730763059,1344.67493182849,321.363585126426,346.147515476816,11668.7996633084,542.330757919512,11777.4511970885,1246.03297984428,1.47464278315937,3.67178820218692,0.877519906521324,0.94519525385649,31.8629877922668,32.1596731921656,0.00256273629158076,0.00234264605467217,1.09429799863494e-06,0.000973065006952371,0.00467173948888027,2.11763502790136e-05,1.87354373285291e-05,9.04923980562211e-11,8.17558159602683e-06,4.07553385734436e-05,-778.1451752289,0.1034543893111,0.0872046760657934,1,0.498479413878343
"sinusoidal",400,"pg_apf",167,366.414,383.784951031656,1139.49522640207,327.712962328034,267.016255422174,11906.6006118854,386.321489230083,12571.7355323159,925.755865111859,1.04740798940995,3.10985722816833,0.894378932922961,0.728728311205834,32.4949390904425,34.3101942947483,0.00281037954570759,0.0025770462083354,1.44536548593033e-06,0.000970320857350338,0.00512618809012507,2.05347530490586e-05,1.86352446774602e-05,8.222074677318e-11,7.92926394247703e-06,3.81534722326576e-05,-811.062724116546,0.0811839676094865,0.061959120592748,1,0.502199214096525
"sinusoidal",400,"pg_apf",168,367.081,645.426959533993,1803.50120538619,329.586473169095,321.234430293604,11774.2752994561,651.752315710589,12886.8462211158,1613.93730897427,1.75826850077774,4.91308786176945,0.89785762044098,0.87510503211445,32.0754146890089,35.1062741496178,0.00293351193483994,0.00263909629393663,1.72353966793409e-06,0.00100341264061054,0.00556395545584345,2.00734693839688e-05,1.81747871747155e-05,7.55494865110815e-11,7.1621453630973e-06,3.78814225296399e-05,-786.219395644857,0.082965836069348,0.067731143558532,1,0.512812064023257
"sinusoidal",400,"pg_apf",169,365.314,432.020261457524,1211.4291969032,352.726775077689,365.962715749072,11689.0555765375,433.420391200009,12099.4174542906,1031.90791699107,1.18259979485463,3.31613131964064,0.965544093786959,1.00177577576844,31.9972833686569,33.1205961290577,0.0024014817960913,0.00219633715449341,9.46266901456813e-07,0.000972352002098758,0.00437449674135661,1.89785228459834e-05,1.75018870988089e-05,5.70023513078224e-11,7.60096613522853e-06,3.34013713381795e-05,-761.888543735198,0.0730929158821274,0.0590747420642992,1,0.495601752060042
"sinusoidal",400,"pg_apf",16,366.855,568.665521991221,1638.94065696745,224.362839212561,380.397206376467,11575.2282991773,571.898818039122,12671.8568767198,1438.98677265945,1.55010977631822,4.46754346258727,0.611584520348805,1.03691432957563,31.5525978906579,34.5418677044602,0.00319796728007947,0.00285316193619105,2.2664048938267e-06,0.00098558452282839,0.00614699857913185,2.02185806622552e-05,1.85588290944882e-05,7.02738026286997e-11,7.61092753585265e-06,3.57105697401055e-05,-780.118405148537,0.0970592635991946,0.0784084446659772,0.9925,0.514249847650853
"sinusoidal",400,"pg_apf",170,368.754,652.254692660515,1600.97590363942,302.064937297191,256.971102117887,11730.0637657296,654.733737674534,12213.6523628415,1412.53278194067,1.76880709812101,4.34158247405974,0.819150266294578,0.696863226210122,31.8099973579395,33.1214098364805,0.00286338318122847,0.00259529783608074,1.50244999731707e-06,0.000985039449300051,0.00531362440758503,2.13870569048593e-05,1.92701889690544e-05,8.84677908996157e-11,7.83172629134769e-06,4.07699533983712e-05,-803.703143239618,0.0928826392263197,0.0709882065737441,1,0.509017134241995
"sinusoidal",400,"pg_apf",171,366.144,369.961225213894,1008.23857977529,246.208998084339,402.585352035704,11614.9218013624,373.097511523775,12268.2895966534,894.146515611326,1.01042547526081,2.75366680807357,0.672437614939311,1.0995273773043,31.7222781238048,33.5067339534537,0.00235072807074601,0.0021424351091084,1.00984738279248e-06,0.000892349717784204,0.00438399755076598,1.89654629219117e-05,1.75205818658663e-05,5.09779537685855e-11,7.83474031727753e-06,3.29575939606272e-05,-771.161629149656,0.0931544354509829,0.0767654513855689,1,0.496093505350105
"sinusoidal",400,"pg_apf",172,365.547,553.15714996987,1480.91123418108,355.597290659389,319.015658991872,11882.0338447758,554.255271268703,12599.4658893738,1268.07249197089,1.51323126703234,4.05121977250828,0.97278131309897,0.872707638120055,32.5048047030226,34.4674306980327,0.00271939449553251,0.00248543380837027,1.25630120216039e-06,0.000970915295180859,0.00494856094822342,1.95313765380038e-05,1.779019686233e-05,6.77793741162452e-11,6.97642787685576e-06,3.51603033686062e-05,-767.826720226156,0.102635031523482,0.080092493698564,1,0.507939206887501
"sinusoidal",400,"pg_apf",173,365.911,459.111773881424,1029.95111049534,351.775417459469,409.001458319971,11657.0124974721,460.203280226787,12468.4717641392,944.270716257164,1.25470886057381,2.8147585355328,0.961368795853277,1.1177621288236,31.8575076930512,34.0751487769955,0.00263818642024095,0.00239429616044329,1.22919519387947e-06,0.0009992407371886,0.00482620535727572,1.89533177663156e-05,1.74740255179116e-05,5.65677250383803e-11,7.68381895108289e-06,3.29352691784364e-05,-782.491491935371,0.124950763808446,0.100074892689928,0.98,0.505850148400646
"sinusoidal",400,"pg_apf",174,368.852,440.665423706539,1152.6633694443,323.125994476216,323.749513095209,11841.6585686104,437.62743193134,12302.4300637376,996.47415521175,1.19469441322411,3.12500235716303,0.87603156408591,0.877721994445494,32.1040920711027,33.3532963457907,0.00257446947334927,0.00235612596169989,1.11622821218489e-06,0.000946423796543617,0.00473111289804817,2.00699312358854e-05,1.82448020282521e-05,7.37687741771408e-11,7.8995284009331e-06,3.73599297221169e-05,-766.441824037238,0.0791963346258886,0.0661811479395326,1,0.49455297158269
"sinusoidal",400,"pg_apf",175,365.551,604.918466502008,1655.71863945246,312.712423948196,380.383009477835,11760.5000512686,595.777182631368,12479.1854611341,1504.53812841179,1.6548127798912,4.52937795123651,0.855454981516111,1.0405743917479,32.1719816147915,34.1380148355062,0.00269153908016027,0.00242812447962346,1.41710330624594e-06,0.000953071718933502,0.00502126189636737,2.03745635653147e-05,1.83568513555736e-05,7.38649954344934e-11,8.30321987266258e-06,3.74295801914424e-05,-786.99715877848,0.134231396588435,0.101952121939959,0.96,0.503754373902011
"sinusoidal",400,"pg_apf",176,366.75,388.751422527781,1069.34060178535,289.994251889772,360.140979461035,11569.1916797453,381.532793256546,12900.567448477,899.970266654988,1.05999024547452,2.9157207955974,0.790713706584244,0.98197949409962,31.5451715875808,35.1753713659904,0.0034810243382898,0.00308740696909675,2.73600085737834e-06,0.00105846568229048,0.00675755801234171,2.13650919225415e-05,1.95481973053862e-05,7.80760343160988e-11,7.33227190972635e-06,3.83934117976407e-05,-803.125538796286,0.126303254817657,0.0923748722451179,0.9775,0.531570646741063
"sinusoidal",400,"pg_apf",177,367.332,588.773528167384,1423.650801665,312.262931235681,344.456830820769,11337.373538451,594.208013911036,12354.0946599838,1258.32458456753,1.60283756429438,3.87565145880295,0.850083660654888,0.937726173654266,30.864105328289,33.6319587184995,0.00284174770681512,0.002591888083303,1.63209201706745e-06,0.000883603623220377,0.0052551283567422,2.10784891037829e-05,1.92235238541415e-05,7.63778941370518e-11,8.08291110469187e-06,3.87998720932476e-05,-772.193835594996,0.0937119575624685,0.0738830713413871,0.995,0.511824477954385
"sinusoidal",400,"pg_apf",178,367.838,575.326209104017,1557.73875553987,336.22940130413,380.666737043394,11938.1908347343,574.634784944475,12791.5595311705,1379.64445417521,1.5640749707861,4.2348500033707,0.914069240546463,1.03487605153191,32.4550232296127,34.7749811905527,0.00260201017529039,0.00239118135319482,1.19450366961729e-06,0.000955880985121936,0.0047521604852297,1.97605704311065e-05,1.81388949869336e-05,6.56670695998141e-11,7.25176135496004e-06,3.47932744501946e-05,-794.712723874457,0.0875732497187389,0.0754323949879573,1,0.49939065842528
"sinusoidal",400,"pg_apf",179,367.233,652.478017596253,1638.83913620573,244.742557460062,291.617020230249,11411.2099473479,652.767421672315,11659.227692537,1490.8766479377,1.77674124492149,4.46266848623551,0.666450339321527,0.794092633914298,31.0734872610791,31.7488561554571,0.00275001336119581,0.00254041208067768,1.33509842257497e-06,0.00102606065503471,0.00500188824722044,2.18115886310857e-05,1.95611493778445e-05,9.87783330782229e-11,7.89318499961972e-06,4.05479939275501e-05,-765.846085365123,0.135543731652941,0.109852801055101,0.915,0.505254444070569
"sinusoidal",400,"pg_apf",17,365.228,404.97835695583,1072.81678898944,255.375905570003,330.752325090343,11786.9526469755,406.26308222916,12140.0816310855,930.312043855579,1.10883710163468,2.93738921711764,0.699223240195174,0.905605060647987,32.2728614645522,33.2397341690273,0.00234996773910144,0.00216369940974943,8.47288384537176e-07,0.000963950762321961,0.00426484038547419,1.92193571850908e-05,1.75849148011933e-05,6.40401092359923e-11,7.32698877233415e-06,3.39538366216586e-05,-772.750870681308,0.0680220887831713,0.0524004261245813,1,0.49212135515587
"sinusoidal",400,"pg_apf",180,367.08,484.619178996173,1199.25763100911,344.262222297695,327.426201549884,12095.9831717931,480.313818144955,12519.3982577378,1080.03604429045,1.32020044403447,3.26701980769616,0.937839768708987,0.891975050533627,32.9518992366597,34.1053673796932,0.00237258386692928,0.00218103878874733,9.48859540691924e-07,0.000865355877002408,0.00435184437522408,1.85839406078819e-05,1.6750877522597e-05,7.26724891551926e-11,7.14551133558565e-06,3.34043627558899e-05,-796.387661708036,0.0925835410955277,0.0776801876402857,1,0.481877996849291
"sinusoidal",400,"pg_apf",181,366.889,517.20095683637,1375.42121970077,304.092796287473,383.083247421948,11851.0708766197,516.320104550266,12577.1018236796,1207.12282752535,1.40969327735738,3.74887559916152,0.828841410583236,1.04413936482682,32.3015159261241,34.2804004036087,0.00250242682981311,0.00232279392628989,9.9962510793833e-07,0.000902717871045559,0.00446217144550536,1.98637155918486e-05,1.80272272280746e-05,6.49760692651762e-11,7.93053966992796e-06,3.60105582258668e-05,-767.980202753106,0.0706160833018231,0.0585815277418638,1,0.499296071187056
"sinusoidal",400,"pg_apf",182,370.145,420.814883684522,1031.90028238886,341.196391269395,384.068786749452,11972.1371313802,423.482199132195,12817.8375085118,908.591784073666,1.13689198472091,2.7878271552739,0.921791166352091,1.03761711423753,32.3444518536794,34.6292331613605,0.00260761418622144,0.00242709752058499,1.06760764092879e-06,0.000948258029163041,0.00474415150700264,1.995338175029e-05,1.80189590564506e-05,7.99073643432331e-11,8.30526364782635e-06,3.64886201764162e-05,-787.626244938504,0.0893213064500743,0.0696900058708793,1,0.496734066944309
"sinusoidal",400,"pg_apf",183,368.601,575.739652071713,1659.64439532468,273.995214717592,236.519657524791,11704.5524343899,571.481236620234,12162.6810573553,1527.58584990576,1.56195900735948,4.50254989900916,0.743338229461103,0.64166851832955,31.7539899088442,32.9968748249607,0.00267331805094129,0.00243540712036544,1.35994291718632e-06,0.000980145406136666,0.00491676190251314,2.03786048012941e-05,1.81667006969919e-05,8.59077483022165e-11,7.79201582616365e-06,3.89667908332518e-05,-789.013250856348,0.0810655281806704,0.0667255643830681,1,0.498195996045649
"sinusoidal",400,"pg_apf",184,367.482,607.922527077016,1591.55579164755,279.706217749996,228.428286092788,11467.8506768371,612.308854419804,12389.4664837004,1438.0722910925,1.65429198457888,4.33097618835084,0.761142634877344,0.62160401351029,31.2065643401231,33.7144852909813,0.00324450686529956,0.00292041397844353,2.25165557134586e-06,0.00109606164925017,0.0060966113541193,2.21192415198351e-05,1.9620673870544e-05,1.17502184667365e-10,8.1902919785189e-06,4.17988011451821e-05,-780.142711069494,0.107155673537725,0.0908027716987309,1,0.528414865510908
"sinusoidal",400,"pg_apf",185,365.895,509.900788943149,1270.40810682462,303.930057135961,433.111104369944,11867.8572581636,510.913067906415,12692.3850213031,1103.06828908474,1.39357134954878,3.47205648293807,0.830648292914527,1.18370326014278,32.435144667633,34.6885992465135,0.00262812095928378,0.00237396272585079,1.40558240091629e-06,0.00091075562579792,0.00481552493723265,1.89036819627221e-05,1.74539860220048e-05,5.31009109544741e-11,7.89061330275694e-06,3.33875305248946e-05,-791.811005505666,0.0779273551365148,0.0539828654071372,1,0.500229005315807
"sinusoidal",400,"pg_apf",186,365.698,458.190070123225,1204.02340506617,259.573261602891,406.508123684448,11755.5293277744,454.62262462516,12516.3967056086,1070.76196606777,1.25291926705431,3.29239811283126,0.709802245576652,1.11159515142125,32.1454569830144,34.226046370526,0.00278581248502317,0.00256078803194538,1.3894764616708e-06,0.0010045970785425,0.00509135201332213,2.01741859812868e-05,1.86010323454928e-05,6.0743918775429e-11,8.30935269667874e-06,3.57087587884734e-05,-775.598588033464,0.100035966148917,0.0802753571007967,0.985,0.507499772641347
"sinusoidal",400,"pg_apf",187,365.799,613.079750725886,1571.02105144309,294.700775207065,328.65550348134,11678.0759247575,612.104681772382,12375.8040366729,1361.57507649683,1.67600171330672,4.29476584529507,0.80563581422329,0.898459272664332,31.9248437659957,33.8322522387236,0.00286454012164772,0.00260841906562011,1.43637724037098e-06,0.00110030674784257,0.00532938930699328,2.17496174643997e-05,1.99045936148975e-05,9.6842414968093e-11,7.62123637429001e-06,3.87209899780032e-05,-778.795646611966,0.115592206953475,0.0834393541755802,0.975,0.514390652698682
"sinusoidal",400,"pg_apf",188,366.015,512.616480692794,1358.2533236121,316.247088800495,467.441146375777,11811.3619982672,514.085351496395,13201.0037248376,1225.46879453584,1.40053407836508,3.7109225676874,0.864027673184147,1.2771092615761,32.2701583221103,36.066838038981,0.00286877251233114,0.0025767058362108,1.72447710644904e-06,0.000989618327945457,0.00553281462027712,1.87286382338232e-05,1.73426774231436e-05,4.97006914051336e-11,7.90601784355421e-06,3.31089956999095e-05,-803.278866939087,0.0795615324775101,0.0657048503739006,1,0.503609405630665
"sinusoidal",400,"pg_apf",189,367.351,598.54971406647,1730.94429761233,310.430277705418,276.615410767054,11594.2652504068,597.78051429948,13198.1350871559,1548.90989811708,1.62936731917558,4.71196293902107,0.845050857913597,0.753000293362626,31.5618175815685,35.9278594237008,0.00334944203555151,0.00304748089701122,2.36400231431736e-06,0.0010642401625662,0.00642270043420202,2.09294118272905e-05,1.890615673658e-05,8.58639275154826e-11,7.60380955070968e-06,3.93465020987914e-05,-792.033479362141,0.0902529138486516,0.076177739418368,1,0.519065070484107
"sinusoidal",400,"pg_apf",18,365.926,555.176959508255,1545.22094673237,201.799293527421,354.574450285562,11853.5384635398,551.67693058133,13000.9437639761,1396.30758163484,1.51718369153396,4.22276893889029,0.55147569051508,0.968978564752332,32.3932665717654,35.5288877094716,0.00301270263311403,0.00271662617114766,1.96765233925958e-06,0.00100712678511725,0.00583571270904766,2.02057935070626e-05,1.84544052221973e-05,6.85137291856995e-11,7.69870879236446e-06,3.60890655941261e-05,-792.055872450099,0.113549778050827,0.09652907535958,0.995,0.510134003914229
"sinusoidal",400,"pg_apf",190,365.96,547.882749469361,1542.4261198263,289.344295567351,274.080736224262,11527.4892766588,545.989952902703,12084.8009096932,1299.338443163,1.49711102161264,4.21473964320225,0.79064459385548,0.748936321522195,31.4993148886731,33.0221907030637,0.00261474173118211,0.00236615098009661,1.35541298542478e-06,0.000873755499220337,0.00489561578259345,2.15175077757619e-05,1.93678029895847e-05,9.19481626959167e-11,7.56613679275238e-06,4.04238127188598e-05,-760.872367130074,0.0932930342416589,0.0735689292675799,0.9925,0.501337747917245
"sinusoidal",400,"pg_apf",191,368.211,619.360362222772,1684.9025094334,325.81351698801,349.896105004729,12061.770171505,624.957506302728,13318.5531662125,1465.85484493437,1.68208000907841,4.57591573699157,0.884855468706829,0.950259783126329,32.7577670724258,36.1709812205842,0.00323189920249958,0.00297014531489915,1.89983903853997e-06,0.00112635766477909,0.00597850531292762,2.03776831195051e-05,1.8710976098104e-05,6.98356759072076e-11,7.73505408867282e-06,3.64110253791198e-05,-797.676464991872,0.0885262874230397,0.0712120905372493,1,0.514041468745627
"sinusoidal",400,"pg_apf",192,366.327,615.833098901157,1684.67060689039,385.628946142289,348.716301123088,11951.998687121,612.308017297633,13015.845329508,1435.11430624578,1.6811021270645,4.598816376872,1.05269048184351,0.951926287505665,32.6265841369077,35.5306743142273,0.00271943258981296,0.00249992261509093,1.30001514101804e-06,0.000926956476844549,0.00494465548638857,2.00423860504524e-05,1.83328131800882e-05,7.028582253422e-11,7.65987315409803e-06,3.65810433395342e-05,-783.412585268018,0.0750151032953256,0.060651404298234,1,0.499480332775329
"sinusoidal",400,"pg_apf",193,367.027,557.915013637689,1470.89842284441,395.995752328745,412.969209568883,11838.4541744577,559.081481339243,12111.9161777879,1324.14766482066,1.52009256440995,4.00760277266908,1.0789281233499,1.12517392335954,32.2549953394645,33.0000685992798,0.00266170211511196,0.00244373391610483,1.16718639484517e-06,0.00102915532387628,0.00488844705841167,2.06198883542118e-05,1.87398945286093e-05,7.37109276724826e-11,7.26519604820408e-06,3.71594709721807e-05,-784.16187099543,0.0731521521494356,0.0587035613373865,1,0.499276571479984
"sinusoidal",400,"pg_apf",194,369.043,621.023299425612,1441.85921336769,345.451701311014,253.832397022129,12010.6409755098,627.336529311773,12383.5153696606,1331.62431130395,1.68279387341207,3.9070222531458,0.936074390548022,0.687812523261866,32.545369985367,33.5557519575243,0.0027759031698901,0.00256286072491277,1.22450217782671e-06,0.000977853701309683,0.00499588229907327,2.02307928910269e-05,1.83208591736933e-05,7.11068432854739e-11,8.03630696804085e-06,3.64452149621587e-05,-778.780988915809,0.119500143219851,0.0976593743529561,1,0.503991477897572
"sinusoidal",400,"pg_apf",195,365.936,616.760219453006,1936.71133264334,238.534292305477,278.939048211588,11181.8418572962,602.717496514845,13661.6125402513,1768.14823731905,1.68543193195806,5.29248648026798,0.651847023264935,0.762261838713841,30.5568237541433,37.3333384533122,0.00400699507598512,0.00364211365351266,3.80333026642685e-06,0.00114289022308677,0.00783382087412397,2.18428242746197e-05,1.92955379321889e-05,1.04351523480651e-10,7.47103382133367e-06,4.24548635857713e-05,-779.127993949454,0.107255510474514,0.0836629017282263,1,0.545617880467816
"sinusoidal",400,"pg_apf",196,368.196,447.016394150902,1283.33589786143,289.271908852812,321.771288159961,11752.5695343983,447.869891410298,12337.3216053679,1115.08495927813,1.21407183714897,3.48546941808557,0.785646527536453,0.873913046746737,31.9193297439362,33.5074840719831,0.00260440492359982,0.00238970677916632,1.11841354264473e-06,0.000965371640842843,0.00463290703087916,2.06698680545701e-05,1.87184586391023e-05,7.68970188850362e-11,7.82613556938368e-06,3.84690321052214e-05,-787.437790921228,0.0876243871575447,0.0711970709473242,1,0.5014027818967
"sinusoidal",400,"pg_apf",197,367.834,506.739609326099,1449.96343209487,260.70590173968,271.469611406629,12242.6324435022,503.65248524253,13073.704337461,1276.29079010248,1.37763123943436,3.94189615993865,0.708759662618683,0.738022073562065,33.2830364879327,35.5424031967165,0.00282277229064933,0.00257719215980494,1.44253820101407e-06,0.000958388660632117,0.00519545931905769,2.03125060794159e-05,1.86501418158684e-05,6.45991973410348e-11,8.32615451526085e-06,3.6444259332003e-05,-788.371446785021,0.10750348251079,0.0873119347307034,0.9925,0.513759463702022
"sinusoidal",400,"pg_apf",198,366.806,540.314386668326,1340.49462371307,203.776776085785,416.566214643467,11564.5657801493,542.299470116196,12243.2755436283,1211.42468768745,1.47302494143587,3.65450571613623,0.555543737250168,1.1356581262124,31.5277443121141,33.3780678168522,0.00258125371283127,0.00237735320286775,1.10454678556711e-06,0.000946995529646169,0.00463498587217075,1.96017648860895e-05,1.8065832744515e-05,6.42192637593543e-11,7.53919130028237e-06,3.52615833511854e-05,-783.189468497259,0.098420652251267,0.0786366666531384,1,0.491854265054779
"sinusoidal",400,"pg_apf",199,366.195,717.9706386707,2158.66544050717,271.204418508683,317.042753614167,11714.3711747253,733.220188895812,12651.4447396183,1883.11764271635,1.96062381701197,5.89485230685064,0.740601096434094,0.865775757763396,31.9894350679974,34.5483819812349,0.0033665999159069,0.00303221079779682,2.41453920145206e-06,0.00106086477555041,0.00651520700997222,2.1176063970434e-05,1.89332092840882e-05,1.01815183905347e-10,7.33824298632942e-06,3.96296787983144e-05,-795.904962953408,0.13557922483739,0.0963680313336153,0.9325,0.531196847449744
"sinusoidal",400,"pg_apf",19,366.286,755.183406267046,2347.99469301532,365.083010855904,299.668411019732,11559.4799147131,746.611702101652,12817.9711645913,2172.63022653992,2.06173156022083,6.41027692299275,0.996715710826796,0.818126849018887,31.5586178961606,34.9944337610265,0.00365594925488118,0.00337105925542719,2.47305579000631e-06,0.00112105004086127,0.00674963845356238,2.33887247269615e-05,2.08456650635721e-05,1.2321828899219e-10,8.16720902696255e-06,4.38751477971593e-05,-778.063032418326,0.0982836458162289,0.0804578256088941,1,0.52933801786344
"sinusoidal",400,"pg_apf",1,367.915,551.37227072371,1371.50816828176,265.587898772348,322.441354127517,11516.6450692351,550.073306640139,12695.4408218132,1166.60403360095,1.49864036726883,3.72778540772124,0.721872983630316,0.876401761622976,31.3024613544843,34.5064507340369,0.00326362085811726,0.00293030357976178,2.20336794582225e-06,0.00103671335976296,0.00624038732217989,2.24182804908309e-05,2.02503612711779e-05,9.68573667727428e-11,8.24085299077161e-06,4.19473744054472e-05,-796.26308326218,0.0820163157265301,0.0677881033044663,1,0.523146731748758
"sinusoidal",400,"pg_apf",200,366.381,602.869932149854,1571.2213750016,358.035171367826,351.335717212416,11918.9674415426,608.74784566183,12794.6539038957,1439.77181502984,1.64547269686434,4.28849032837838,0.977220902196964,0.958935417536432,32.5316199299162,34.9217178398872,0.00245009351244232,0.00228908618052804,8.66044198330067e-07,0.000964794724414449,0.00433396265337674,1.95843105651301e-05,1.79268978036701e-05,6.62786448629686e-11,7.13765312968361e-06,3.52997766755093e-05,-777.610848104654,0.0888864872802132,0.0721144006709495,1,0.492048888636818
"sinusoidal",400,"pg_apf",20,366.588,557.525276543188,1435.33718725404,370.606837802457,320.470532160358,11874.4446687878,557.055000259517,12417.8518124365,1269.49742369092,1.52084977288724,3.9153959956519,1.01096281875691,0.874198097483708,32.3917986098504,33.8741361213037,0.0024597350337888,0.00226091962610384,1.06514397194387e-06,0.000826351145381414,0.00454115767099252,1.93497504764362e-05,1.78025852272077e-05,5.87113886030435e-11,7.51926843654299e-06,3.49129679906793e-05,-781.165106763657,0.0759317842195579,0.0620988398622993,1,0.49234537001337
"sinusoidal",400,"pg_apf",21,369.957,503.410351081715,1276.7526447905,228.48235722436,325.181844306257,11653.6529243277,505.054267198764,13235.5695316637,1163.78606968729,1.36072665494021,3.45108389567031,0.617591658555887,0.878972000276401,31.5000200680827,35.7759672925871,0.00330841653573371,0.00293141634818431,2.49744471347137e-06,0.00101992294522885,0.00641062482534568,2.11458103089553e-05,1.89419220958878e-05,8.72818230542438e-11,7.61466056551369e-06,3.99283139388377e-05,-803.980666393922,0.0937935829242053,0.0777433774308394,1,0.525393404459692
"sinusoidal",400,"pg_apf",22,365.804,615.813235793851,1688.94071387636,254.682172127551,262.854866808357,11468.394921789,603.417201301885,13001.8729617944,1413.44481114679,1.68345134496575,4.61706464083596,0.696225771526696,0.718567502838561,31.3512015226432,35.543277169726,0.00311051456510693,0.00285772876062357,1.92691427465964e-06,0.0010177664529632,0.00593119917524663,2.09850326021181e-05,1.92675754071784e-05,7.38297280709588e-11,7.58172134279668e-06,3.81660340327244e-05,-783.286121733248,0.0888691661071536,0.0668612891789813,0.98,0.515387007130698
"sinusoidal",400,"pg_apf",23,366.566,589.373856090996,1690.40445884163,280.985887713692,255.214769752147,11452.0008280216,579.824701807725,13176.6564849248,1466.83856328913,1.60782466483797,4.61146003405017,0.766535597174022,0.696231428316175,31.2413066897138,35.946204735095,0.00324341861024432,0.0028286472940205,2.68703365315538e-06,0.000988829465159846,0.00656450754298813,2.07423194823435e-05,1.86454890612733e-05,8.53357823899712e-11,7.41706777548225e-06,3.86489773028972e-05,-796.540637135922,0.083258572192745,0.0687137807452596,1,0.518537532864097
"sinusoidal",400,"pg_apf",24,367.951,569.034826374743,1586.83797314412,376.056071807691,385.807504114492,11753.9936868992,568.188951807715,12542.6601573135,1407.02341174657,1.5464962083939,4.31263394621599,1.02202758467212,1.04852957082462,31.9444537095951,34.0878545168066,0.00246676466578147,0.00227807483681066,1.02838293173261e-06,0.000880942140967162,0.00433591373115941,1.90456766553234e-05,1.75939830595094e-05,5.60169259956173e-11,7.66577884566223e-06,3.28050829771075e-05,-775.361137259426,0.0611414657183125,0.0476653166248957,1,0.492012748347896
"sinusoidal",400,"pg_apf",25,367.617,511.400220697286,1305.50331472714,393.632809837383,401.859497592854,12068.5948454129,518.641289184278,12650.9753544284,1197.20349217453,1.39112233845901,3.55125936702367,1.07076878881386,1.09314720916838,32.8292620999923,34.4134666090751,0.00277325607011697,0.00256308014709967,1.32109563375253e-06,0.000950479557783428,0.00501143408788418,2.01882594147904e-05,1.83669667042232e-05,6.49130316787337e-11,8.06807994579327e-06,3.70562053214073e-05,-775.660704492473,0.13072335452362,0.101493291175813,0.9625,0.509409647822848
"sinusoidal",400,"pg_apf",26,370.392,415.383138966782,951.72199773839,370.679388522209,357.211382155536,11735.0437822096,416.259908423998,12093.7836639002,831.273037896174,1.1214689814218,2.56949933513248,1.00077590369719,0.964414410018403,31.6827679383184,32.6513090560817,0.00251793237203435,0.00230893445555343,1.08154054601458e-06,0.000896301297812436,0.00454380327686062,2.02336623540088e-05,1.83680661509807e-05,9.02421286056055e-11,7.73934778132884e-06,3.66925975743721e-05,-767.028125218079,0.113260530353403,0.0914627349646566,0.9775,0.502397182139239
"sinusoidal",400,"pg_apf",27,367.177,473.904303945424,1207.79613160684,256.510813825188,297.295231848355,11833.643240033,476.028866026793,12639.1815244909,1085.83495323257,1.29066990564612,3.28941118753855,0.698602618969021,0.809678252854495,32.2287159599675,34.422585087004,0.00276987860186852,0.00254298859356239,1.37870479367937e-06,0.000925778873869466,0.00506686423886887,1.97894955712201e-05,1.81283827340876e-05,6.84313252077169e-11,7.68273342330378e-06,3.51463897757296e-05,-789.557275364254,0.107573131176745,0.0930213236007988,1,0.514990175201985
"sinusoidal",400,"pg_apf",28,365.696,753.389435440573,1927.15197092793,300.665682264297,318.433364492608,11679.6418105977,752.809390328225,12667.9268376876,1747.66594820273,2.06015224514507,5.26981966148912,0.82217383363312,0.870759769022926,31.9381174817272,34.6405944765258,0.00294521803476533,0.00265461486823803,1.8164302894433e-06,0.0010036577987354,0.00556824796354024,2.06471225729952e-05,1.88960110847732e-05,7.62058466332814e-11,7.71577047685268e-06,3.76039021751929e-05,-780.674020412503,0.0887446604845484,0.0643237016280494,0.985,0.509703442069899
"sinusoidal",400,"pg_apf",29,379.078,418.895388733645,1212.88578445702,293.887198748789,380.553633042675,11564.8650893833,419.215922674845,12331.6936289319,1042.67450516991,1.10503745596855,3.19956785795277,0.775268411115362,1.00389268974373,30.5078772426341,32.5307552243387,0.00279109189905361,0.00250654055335397,1.64648885823649e-06,0.000865307073126311,0.00536465754772385,2.06058454019363e-05,1.91018066135983e-05,6.44262051367713e-11,8.18892760559615e-06,3.66099411659485e-05,-772.933470471993,0.0963719820004347,0.07295137323899,1,0.511351827237231
"sinusoidal",400,"pg_apf",2,366.389,670.488215781859,1873.17744651273,267.072916624432,313.542745082436,12137.1156985744,663.269575354435,13077.9028223937,1715.80220316394,1.82999002639779,5.11253734831759,0.728932682543505,0.85576462470881,33.1263102838086,35.6940378188039,0.00264575516028482,0.00245126515852698,1.12848697406078e-06,0.000943353730704239,0.0047965267930893,1.93689902434746e-05,1.8013306054987e-05,5.51442927988603e-11,7.62459525563862e-06,3.3859732244238e-05,-807.484942535128,0.10057837182461,0.0820553140831495,1,0.493930370366084
"sinusoidal",400,"pg_apf",30,365.991,590.239996896228,1540.25800005875,383.087212356024,364.243550654975,12028.1496366707,588.34643671408,12879.2214840256,1363.28717658128,1.61271724412958,4.20845867810615,1.04671211137985,0.995225430830197,32.8646049675283,35.1899950655223,0.00255676973699759,0.00231502004245079,1.22741428109355e-06,0.000908967788931037,0.00471943806981473,1.91965328136553e-05,1.77005767768018e-05,5.67423713920756e-11,7.89188301887941e-06,3.37547958683031e-05,-806.389505393429,0.109837121315587,0.0826182284323426,0.9775,0.488404811063826
"sinusoidal",400,"pg_apf",31,365.9,584.040374673544,1624.52367191136,279.096843985776,350.061264098069,12039.9528159375,589.626724303371,12910.9886269429,1440.97940540223,1.59617484196104,4.43980232826281,0.762768089603104,0.956712938229214,32.9050363922862,35.2855660752744,0.00294237840259871,0.00269054620880439,1.48489631155126e-06,0.00106293594339401,0.00538953191214002,2.04630382675879e-05,1.85585641039091e-05,7.40938298376619e-11,7.93628016090434e-06,3.75595915651231e-05,-794.892140699567,0.0857590330563308,0.0651775815597532,0.965,0.503660267954173
"sinusoidal",400,"pg_apf",32,376.358,615.563385981949,1723.73455502635,306.211279893808,429.101412000418,11909.9163467263,615.507028911832,13128.4644595306,1584.30854432052,1.63557938447422,4.58003962989057,0.813617034562327,1.14014159922313,31.6451791823909,34.8829158926623,0.00276642864815069,0.0024859424503191,1.63420033263731e-06,0.000913817286519933,0.00528301879222869,1.90880296037641e-05,1.73534462632117e-05,5.89282453272893e-11,8.02514703957778e-06,3.44960919462715e-05,-811.558927300415,0.0723079198144282,0.0576384372249211,1,0.502263619468911
"sinusoidal",400,"pg_apf",33,371.364,700.710505429087,1826.16922950049,381.252228371187,286.228070650942,11835.2632523735,700.527185814381,12625.1537899659,1695.16227029939,1.8868563065593,4.91746434630305,1.02662678227073,0.770748027948165,31.8697107214849,33.9967088623719,0.0032581934854767,0.00298323761278411,1.95474413354587e-06,0.00112252616291531,0.006004991561809,2.20714717253825e-05,1.9822309561159e-05,1.04318225346984e-10,7.45721248491127e-06,4.02540467581432e-05,-799.954955711775,0.124815137603232,0.089808658779166,0.9475,0.524701002705634
"sinusoidal",400,"pg_apf",34,366.273,554.359660535621,1482.74152961754,345.961012330804,359.737740333131,12091.9307990212,558.12709173315,12749.5351247934,1263.10746611473,1.51351494796401,4.04818681589289,0.944544130555089,0.982157408089406,33.0134375152446,34.8088314584842,0.00260136751486839,0.00238516111610811,1.17399077464145e-06,0.000931216621342038,0.0046847909007186,2.0163370044701e-05,1.86171102164505e-05,5.81948335396563e-11,8.04015217734343e-06,3.49468097438839e-05,-800.957011660983,0.0970799038577777,0.081166600421513,0.9825,0.491297291795216
"sinusoidal",400,"pg_apf",35,367.035,625.782268484693,1605.53028725946,260.008359565311,395.151959080976,11663.7472899914,624.595661080458,12427.0226039889,1462.85746904252,1.7049661980048,4.37432475720152,0.708402085810103,1.07660566180603,31.7782971378516,33.8578680615988,0.00270332156294845,0.00246959340855725,1.32482556212183e-06,0.000960884193932442,0.00494775467333747,1.98637625252562e-05,1.79122333236188e-05,7.4129086378949e-11,7.12609172684356e-06,3.61964756860808e-05,-766.495237873828,0.110444893599443,0.0918588085451314,1,0.509533369852804
"sinusoidal",400,"pg_apf",36,365.965,748.060721124028,1964.53006449144,281.534691821454,302.809973846487,11745.4548960334,753.341459845522,12462.6694343082,1787.94671120594,2.04407722357064,5.36808182337502,0.769294035827072,0.827428781021373,32.0944759636397,34.0542659388416,0.0027840129592419,0.00256556547215028,1.42844930049037e-06,0.000901010148868705,0.00504287848412868,2.01409338480644e-05,1.80600155236767e-05,7.73957699254208e-11,7.3442716383126e-06,3.83371919819256e-05,-794.90006280668,0.129959187479484,0.109739497974765,1,0.501191142322622
"sinusoidal",400,"pg_apf",37,365.407,620.090809066148,1687.70475266518,332.331457744983,404.560073415748,11935.6677456435,616.022649606784,12839.2818792649,1471.59003826609,1.69698667257646,4.61869847229303,0.90948300865879,1.10714921557537,32.6640369386562,35.136934648939,0.0028203944043206,0.0025613851277183,1.47401650931919e-06,0.0010229553238011,0.00527239926071182,1.95013300721496e-05,1.78694775646457e-05,6.10554342569155e-11,7.64233521770899e-06,3.48273545472052e-05,-775.923126061652,0.102116879443524,0.0782907344606974,0.9825,0.504895968491854
"sinusoidal",400,"pg_apf",38,366.468,462.74910075469,1325.918059122,317.733522658246,314.498543975867,11487.9947685505,465.790285059883,12182.1686305911,1225.17004307146,1.26272717059795,3.61810051388388,0.867015735775691,0.858188283767933,31.3478796744887,33.2421074434633,0.00315905791594553,0.00288962282219783,1.86166120444805e-06,0.00105870097310524,0.00597040044351842,2.33217762406972e-05,2.12872509624211e-05,9.28730462626012e-11,8.82755652442353e-06,4.33220247830237e-05,-791.937100898855,0.148083726132109,0.127164257955648,0.98,0.523323674948077
"sinusoidal",400,"pg_apf",39,369.762,541.584389255016,1405.51923119027,264.056745607391,315.25926651786,11301.2041088886,548.885262852191,12647.5437722545,1351.40305745308,1.46468374050069,3.80114568611775,0.714126236896682,0.852600501181462,30.5634546245655,34.2045525831603,0.00328668644249976,0.00297172087657526,2.39211204660258e-06,0.000951925377665614,0.00621265553532465,2.16893198308097e-05,1.96065984701854e-05,9.12310240552993e-11,7.2318439032322e-06,4.06879604933609e-05,-782.585389111492,0.0883491427014816,0.0746133751437416,1,0.521284425342639
"sinusoidal",400,"pg_apf",3,368.113,556.730664136322,1767.97369247048,226.520819572066,275.666656289668,11480.6574273925,558.690737996593,12411.6967496417,1533.28543359066,1.51239066302011,4.80280156492837,0.615356750704445,0.748864224544277,31.1878619537819,33.7170834761112,0.00307064449102898,0.00278345741046858,1.76893579176755e-06,0.000997050570170897,0.00572804820997788,2.19365395306745e-05,1.9741576886805e-05,9.28461700135714e-11,8.05769381790668e-06,4.16241259606752e-05,-812.773947025808,0.0932456147011466,0.0771810568891705,1,0.517064629337286
"sinusoidal",400,"pg_apf",40,366.043,628.965997989508,1520.68076711076,294.308833413943,422.576529769347,12126.2632542443,636.113288413245,13126.807941051,1396.52227928176,1.71828445835464,4.15437740131832,0.80402803335658,1.15444505090754,33.1279747304123,35.8613822448482,0.00301416689142814,0.00273671847157652,1.6948635899159e-06,0.00102863103834903,0.00564659600323843,2.02203532348843e-05,1.88218317596867e-05,5.99185789875894e-11,8.67912565919162e-06,3.59618907883233e-05,-785.310610292022,0.0839349083235553,0.0656861951665362,1,0.508352402903606
"sinusoidal",400,"pg_apf",41,371.131,617.595979979626,1657.37437309045,360.725638579263,430.471287022254,12054.0343227234,621.218384480142,12957.8844076201,1486.10458346711,1.66409160102397,4.4657395180959,0.971963103538273,1.15989040802912,32.4791901585247,34.9145838197836,0.00306051816387011,0.00283095402897514,1.61738054833073e-06,0.0011534858299898,0.00565887390168525,1.99279419896746e-05,1.86050106653453e-05,5.50988279456654e-11,8.0759456965147e-06,3.49228757983691e-05,-805.839768692692,0.0782571938880395,0.0614704296121384,1,0.511516117883426
"sinusoidal",400,"pg_apf",42,366.091,388.08793451025,1034.12203202073,356.984362832275,384.006481180883,11809.0543510606,385.398542141566,11876.6165738642,880.942701885764,1.06008597455346,2.82476769989081,0.975124662535475,1.04893723467904,32.2571556008222,32.4417059525206,0.00248529402989391,0.00228583799203662,1.12629936631195e-06,0.000888477699069659,0.00446443184125954,1.98435157861951e-05,1.83577761446843e-05,6.21913018986236e-11,8.06378040020515e-06,3.46325055443956e-05,-796.011144548059,0.10635050425981,0.0884771385286659,0.96,0.48709579705515
"sinusoidal",400,"pg_apf",43,365.687,548.341414704834,1450.30334355253,284.994699543185,313.298440856995,11760.6743979056,550.462167100819,12400.2100383894,1271.38631307226,1.49948293131786,3.96596910350252,0.779340527673079,0.856739345005413,32.1604935310953,33.9093542794505,0.00251179210330888,0.00233797539958263,9.82165684772446e-07,0.000950585107104073,0.00450495437626044,1.97173850099384e-05,1.80256633332608e-05,6.21223069160676e-11,8.00688736173392e-06,3.5875959485174e-05,-787.35367156927,0.0910961675089695,0.075047394955933,1,0.492882764356122
"sinusoidal",400,"pg_apf",44,394.698,542.141466865834,1326.19974598413,417.381629628787,379.054757671552,11815.5456434958,543.046616903985,12141.1204597515,1196.81669206072,1.37356020771789,3.36003665076622,1.05747085019125,0.960366552836731,29.9356612992613,30.7605320010527,0.00267666850649491,0.00247579224000816,1.09790317265662e-06,0.00103178305117806,0.00477285909962878,2.24007232707697e-05,2.06356921018729e-05,8.53851515262028e-11,8.39842093739771e-06,4.0917032003989e-05,-776.99114743611,0.112346471761758,0.082055699770129,0.9625,0.507526748796458
"sinusoidal",400,"pg_apf",45,366.821,546.39117170193,1438.41131580042,291.637386271781,256.956312397728,12022.221958289,550.37109885061,12355.1244872809,1314.33323493535,1.48953078395711,3.92128944580714,0.795040050247345,0.700495098147947,32.7740831585133,33.6816171573626,0.00259491973048891,0.00238125295146246,1.12112363134203e-06,0.000979675521292023,0.00467967660364872,1.99846734025263e-05,1.82465244882697e-05,7.23180109737505e-11,7.29913431890996e-06,3.66033977001826e-05,-783.554306985156,0.102739814846405,0.0720673332927917,0.98,0.49027799498387
"sinusoidal",400,"pg_apf",46,366.111,374.575972181759,1094.28122575131,349.022918550812,349.97939855598,11681.6526867171,374.708218794683,11878.2489516189,906.4611952979,1.02312132708867,2.98893293496045,0.953325408280036,0.955937949299474,31.9074070069381,32.4443924154665,0.00257144211616593,0.00233289998747111,1.18929063886872e-06,0.00103003512894053,0.0047997667461372,2.02067749239904e-05,1.8642737560756e-05,6.72383610456865e-11,7.48732735122163e-06,3.67730666487647e-05,-807.437615715007,0.0955703319518469,0.0690879251880268,1,0.493909830851917
"sinusoidal",400,"pg_apf",47,366.686,587.290262803986,1581.31464444546,279.277353408467,348.068550852049,11960.3502548013,593.117749990404,12919.3110695993,1395.84105626829,1.60161626788038,4.31244891936277,0.761625350868227,0.949227815766211,32.617417231095,35.2326270149372,0.00266562218349008,0.00241816013335938,1.34525093983324e-06,0.000926690466196625,0.00508112201868838,1.92647555864779e-05,1.75244056207046e-05,6.78415384208286e-11,7.16913196844472e-06,3.46068196655228e-05,-798.311476921329,0.0835410890032832,0.0632883792965571,1,0.497593037492792
"sinusoidal",400,"pg_apf",48,375.922,607.784813806512,1521.5432684189,350.097972550148,312.650632588925,12042.2786614908,611.110908179271,12712.9966694394,1347.07632084781,1.61678436964719,4.04749726916462,0.931304825336501,0.831690171335875,32.0339822130409,33.8181768277445,0.00248041899349904,0.00229756496181165,9.63373409948951e-07,0.000873489893273625,0.00444068672447405,1.92036684700381e-05,1.74175302889855e-05,6.63849344145648e-11,7.39536469825221e-06,3.53309524444274e-05,-800.631587284962,0.0793322963319766,0.0622781087641174,1,0.499525824999597
"sinusoidal",400,"pg_apf",49,366.087,423.468258274721,919.372028980342,378.814723638704,259.148573839384,11910.3868967106,425.301436356371,12280.1322731969,796.774357703229,1.15674213581668,2.51134847448924,1.03476693692675,0.707887944230152,32.5343071365839,33.544300325324,0.0027343587463433,0.00251795639229904,1.21835581538006e-06,0.00104752025412191,0.00489770576872921,2.15450812807628e-05,1.92473391313531e-05,9.90549043546525e-11,8.0929877776327e-06,3.96279983718648e-05,-786.57578620495,0.11539176783074,0.0931693081019195,0.9875,0.501413212618996
"sinusoidal",400,"pg_apf",4,368.709,649.792688240479,1528.08135531979,327.653025231809,305.146319785945,11788.508495623,650.300622513364,12594.7612841207,1371.65344731134,1.76234561196087,4.1444102403787,0.888649382661689,0.827607462215311,31.9723914947099,34.159082865134,0.00265875252222843,0.00243021977430185,1.21951387373872e-06,0.000988074115436046,0.00489961925454066,1.9331268660153e-05,1.79511387817207e-05,5.17819587885842e-11,7.99053888703229e-06,3.35472108910558e-05,-785.486356774367,0.0711254662852755,0.0590331417076521,1,0.503144324949466
"sinusoidal",400,"pg_apf",50,369.607,472.372916277199,1204.41025857509,261.954413653324,356.416567175363,11630.8950786774,469.701637670307,12245.4438638995,1088.95520563063,1.27804104434494,3.25862404817843,0.708737696129468,0.964312275404315,31.4682759760433,33.1309847051044,0.00271478371797331,0.00247998628139701,1.3041019568368e-06,0.00100444169938907,0.00505631906910333,2.02236477789216e-05,1.85351643733112e-05,7.57146333845872e-11,7.82212888777193e-06,3.60151553699926e-05,-773.797536668508,0.133358645421297,0.0934557673570789,0.95,0.510368723089723
"sinusoidal",400,"pg_apf",51,366.462,702.338769004692,1870.6523936709,290.31238564089,313.431314558259,11814.0515729065,696.179258427253,13200.5974186031,1681.45433309542,1.91653914731866,5.10462856632037,0.792203245195654,0.855290083441828,32.2381353944106,36.0217360015585,0.00341041297987855,0.00302651431743491,2.70159927932603e-06,0.00101817299636639,0.00662784042520873,2.07013960007404e-05,1.8739220397231e-05,8.18631006531799e-11,7.38086208923918e-06,3.85034692528599e-05,-805.05373221234,0.101809247328693,0.0790353056200568,0.9925,0.520816577987713
"sinusoidal",400,"pg_apf",52,365.784,359.636570794505,893.052194291844,290.734344965159,386.75533687936,11550.8168516638,358.511612606857,12121.7381858443,812.514148471631,0.983193826942962,2.44147418774972,0.794825210958269,1.05733257025829,31.578245225772,33.1390607184686,0.00280169387540352,0.00253564745351494,1.576877233508e-06,0.000952547344102997,0.00531099927165473,2.05373618772923e-05,1.88646104206421e-05,6.49390281549151e-11,8.14889938551697e-06,3.72320682415838e-05,-784.635696019797,0.13299778266018,0.10870292858015,0.9175,0.512135599362385
"sinusoidal",400,"pg_apf",53,366.72,595.367083988292,1514.56890706917,322.04354813577,456.15125039493,11553.7488089197,598.288262754612,12101.4095255058,1382.11262322977,1.62349226654748,4.13004174048093,0.878172851591868,1.24386793846785,31.5056413855793,32.9990442994814,0.00299926925213335,0.00275343242521132,1.57762299126414e-06,0.000973710939186362,0.00545453141968581,2.16729692591938e-05,1.98978333905172e-05,8.01523915835688e-11,8.25890127103263e-06,3.9276517805266e-05,-780.791770339454,0.100621708893001,0.0804389329432588,1,0.517604727803248
"sinusoidal",400,"pg_apf",54,366.185,513.137609088432,1552.31164289131,356.620254359244,381.958666193405,11907.035070608,513.741036012993,12422.5686183445,1339.55486120696,1.40130701445562,4.23914590409577,0.973880017912377,1.04307567539196,32.5164467976787,33.9242967853532,0.00292113600961201,0.00268342935541095,1.58510027277308e-06,0.00101106905733,0.00535610608872278,2.04545697235028e-05,1.87777785918274e-05,7.67015517096407e-11,7.08532949731182e-06,3.66196584449206e-05,-782.867483952547,0.0945417753547942,0.0770375698936584,0.9825,0.503240495091605
"sinusoidal",400,"pg_apf",55,365.827,618.474745644629,1628.78173862222,293.076996847406,338.378111345353,11754.3084697762,616.292622520583,12233.6251156511,1479.84436473968,1.69062082799965,4.45232784518973,0.801135500789734,0.924967570314255,32.1307844138791,33.4410120511912,0.00290096541019757,0.00262189272629325,1.661763811778e-06,0.000990644464128928,0.00547972587960531,2.18780429441629e-05,1.98618034578347e-05,8.65385545021275e-11,7.80549911288551e-06,4.01345847279387e-05,-775.343727258885,0.116868046680059,0.0957362739526056,0.9975,0.505264083072629
"sinusoidal",400,"pg_apf",56,366.031,634.464853057109,1706.14942262802,345.089071483734,298.879213326217,11882.9503257778,637.186421880927,12772.1672715628,1546.24141525056,1.73336371251918,4.6612156419211,0.942786462031178,0.8165407119239,32.4643276820209,34.8936764141911,0.00277499982106173,0.0025210218550726,1.43543132698895e-06,0.000933915971628993,0.00520698538972962,2.01681517765355e-05,1.82863448288299e-05,7.83379848478691e-11,7.15574950751275e-06,3.81673655000486e-05,-794.245634693045,0.0833653074419765,0.0682699525542849,1,0.502021875576054
"sinusoidal",400,"pg_apf",57,366.832,517.922215023424,1333.21702911111,272.581041560279,346.428681402902,11576.2995166045,523.933710441959,12895.6199991176,1245.10386480703,1.41187850302979,3.63440765557833,0.743067784599706,0.944379665358808,31.5574963923663,35.1540214570092,0.00294020360716278,0.00263598579785475,1.77756210649063e-06,0.000974100325794758,0.00547640159909511,2.06131029523637e-05,1.90902485862839e-05,6.89397383192443e-11,7.83255490777556e-06,3.75315188097455e-05,-794.497701033264,0.092482716740082,0.0722871684242151,1,0.505029665678401
"sinusoidal",400,"pg_apf",58,365.333,564.979044594455,1673.16537719432,294.600608031285,294.492012050797,11640.5861100654,562.69102519125,12585.9329655119,1442.52774275769,1.54647689804769,4.57983641552863,0.806389261389704,0.806092009347081,31.8629472565177,34.4505778714541,0.00291025064814245,0.00266169881588626,1.5059967219295e-06,0.00102898556609815,0.00541218627873315,2.04297177323463e-05,1.856500009304e-05,7.48968125050199e-11,7.98322787866864e-06,3.82836822144875e-05,-768.578236797325,0.10388543783082,0.088038409366712,1,0.519831564131027
"sinusoidal",400,"pg_apf",59,369.832,637.953947870289,1756.6337596944,219.532397065749,336.020224122522,11609.5013593044,637.757700393627,12870.41613592,1558.13058845272,1.7249830946762,4.74981548296092,0.593600329516506,0.908575310201718,31.3912840406034,34.8007098788639,0.00338122931156291,0.00302400790424625,2.62790603014852e-06,0.000992894021910419,0.00661384495088441,2.1988816014538e-05,1.9903483677526e-05,8.52630561427479e-11,8.3128684642327e-06,4.12532163639767e-05,-789.500257981724,0.110582932456562,0.0832263036692656,0.9825,0.528042722742843
"sinusoidal",400,"pg_apf",5,365.972,421.779501740686,1185.22751230153,335.959498608063,247.900373067059,11517.7635966648,420.730814878155,12435.6243021567,1047.49518703443,1.15249117894453,3.23857429612519,0.917992356267863,0.677375244737464,31.4717071160219,33.9797151207105,0.00260680967584697,0.0023692552051709,1.28069213422789e-06,0.000887437208210147,0.00481449419869002,1.96168171910112e-05,1.78829680051262e-05,7.26638144907554e-11,7.33121288749472e-06,3.62827644603953e-05,-788.367403784797,0.0998413792885919,0.0758657564157534,1,0.502967205313136
"sinusoidal",400,"pg_apf",60,371.865,448.891800116676,1171.07301401871,302.350521762471,344.415447047131,11817.4925653422,444.549151013393,12683.9431067194,1013.61022170241,1.20713646112615,3.14918858730643,0.813065283805874,0.926184091127508,31.7789858291104,34.108999520577,0.00268806321473815,0.00246799564615093,1.24338387530791e-06,0.000983974288290002,0.00497940806392182,2.00055889054378e-05,1.8298328304948e-05,7.05071555916611e-11,7.47731952211607e-06,3.73109608869657e-05,-768.188168794334,0.0991822002427286,0.0819551741168301,1,0.497156763322388
"sinusoidal",400,"pg_apf",61,365.741,519.47266273541,1330.27947568344,285.496647226625,454.154257137585,11897.3620995213,518.623209584251,12440.1382072019,1205.98844095168,1.42032931154946,3.63721725396781,0.780597874524936,1.24173734182819,32.5294733145074,34.0135183290961,0.00268064186096138,0.00243858196533891,1.23839388019595e-06,0.00104359921311174,0.00496382382581067,1.93937868003195e-05,1.79942113879509e-05,5.46948971506191e-11,7.75283920534782e-06,3.42336237719013e-05,-790.656270958115,0.116945402726677,0.101785438197203,1,0.500886850630661
"sinusoidal",400,"pg_apf",62,366.432,531.530373049065,1297.27695350744,229.342137972716,261.142575372374,11658.0153591675,531.58903062435,13240.7518587254,1177.6586984839,1.4505566463875,3.54029384307987,0.625879120744684,0.712663128144852,31.8149489104867,36.1342673640005,0.00333937279875648,0.00291978525350359,3.19639257973389e-06,0.00096925394937714,0.00657404820002187,2.08418855012498e-05,1.89520210911057e-05,8.23770865534731e-11,7.75018215848838e-06,3.83257591803377e-05,-803.628477828476,0.0857190523600546,0.0639614163248697,0.9925,0.525507128472536
"sinusoidal",400,"pg_apf",63,377.161,430.208682428487,1089.80110127735,369.697931668112,326.951957850072,11978.9333000952,429.094090226796,12743.3143490169,990.772849709356,1.14064996759603,2.889485130428,0.980212513139247,0.86687636804991,31.7607952574503,33.7874656950663,0.00296744214138998,0.00275716991680522,1.38605640947852e-06,0.00107010416312106,0.00531557366726332,2.04542110112247e-05,1.81997891232954e-05,9.58164562336425e-11,7.23841030486203e-06,3.81524219647066e-05,-769.95115721806,0.0998760723814651,0.07906160159466,0.9875,0.516803152784287
"sinusoidal",400,"pg_apf",64,366.117,539.945802304016,1426.56024521471,317.502215928832,345.677211388127,11942.5860514691,539.4058266415,12568.3878284983,1306.81549519221,1.47479030556903,3.89645999834674,0.867215168727026,0.944171429865664,32.6195889605483,34.3288834675755,0.00248751377263333,0.00230028984275015,1.07181596517131e-06,0.000891203646359298,0.00448114108150355,2.01356646503763e-05,1.83855607532107e-05,7.02252568645318e-11,7.41407901562965e-06,3.68863274573796e-05,-778.073943127312,0.0774388905994709,0.0649030489890585,1,0.491933707688223
"sinusoidal",400,"pg_apf",65,366.907,638.850601439978,2081.35424706251,379.470619194579,405.377465838978,12066.9636013071,648.64593502394,12535.1557515855,1871.16027207313,1.74117855870828,5.67270247518446,1.03424197192907,1.10485072740225,32.8883439163251,34.1643952052851,0.00243800807738548,0.00221869949304841,1.00178121576127e-06,0.000940427698886672,0.00446222051415385,1.92198804181128e-05,1.77400127819403e-05,5.5540658292396e-11,7.55741525224439e-06,3.41922900456902e-05,-788.124890614454,0.0938799487669282,0.0762228841551437,1,0.486883833017173
"sinusoidal",400,"pg_apf",66,366.211,565.969155556375,1522.27825086198,334.790890083143,252.470409073743,11831.305211227,571.541522367495,12206.0619222411,1389.08503377791,1.54547284367858,4.15683376758748,0.914202167829865,0.689412412717648,32.3073452496704,33.3306807338969,0.00282798937592008,0.00258085543275423,1.48943165621421e-06,0.000991805778682396,0.00528670174473792,2.10910674628556e-05,1.87498382151313e-05,9.85917260167410e-11,7.88329667985172e-06,3.90636332970263e-05,-795.46082682093,0.086907035324785,0.0730647849970857,1,0.510087933156312
"sinusoidal",400,"pg_apf",67,367.704,646.187784711269,1841.17263500099,344.505032988803,284.431254817334,11892.7110220743,651.164355411406,13014.8064818231,1652.24511068516,1.7573585947155,5.00721404989064,0.936908581328469,0.77353320827985,32.3431646706979,35.3947916852227,0.00291040232290109,0.0026220640721227,1.75844454922105e-06,0.000986463982152576,0.00536503930959242,2.05580484818244e-05,1.87251287080186e-05,7.09281712359562e-11,8.09315267189339e-06,3.70824073870893e-05,-811.524843736617,0.0935112195012781,0.0769651230695213,1,0.50241672818756
"sinusoidal",400,"pg_apf",68,365.347,558.290218965922,1323.39593419895,339.709310009728,454.049731692305,11722.1839081385,560.035356292718,12442.3746680758,1151.7562195204,1.52810949307349,3.62229862076041,0.929826466372319,1.24279036557658,32.0850695589084,34.0563208896633,0.00226625357908371,0.00209936767183977,7.55301947941922e-07,0.000869270617186109,0.00402548283841076,1.86617953758809e-05,1.71876833946298e-05,5.25863089403982e-11,7.70400845328416e-06,3.35320985589802e-05,-800.092183037899,0.0971915394879589,0.0752124683967594,1,0.481398356304067
"sinusoidal",400,"pg_apf",69,366.235,782.437624146143,2000.20663379677,228.843171325383,315.671463866598,11735.8409822357,787.236804403623,12858.2633976875,1878.62058870168,2.1364359609162,5.46153872185008,0.624853362800886,0.861936908997223,32.0445642339911,35.1093243346144,0.00310428228650969,0.00279852729884927,1.97921848817615e-06,0.00105690067904334,0.00593522870926867,2.0161880820353e-05,1.81189572747878e-05,7.3365881565365e-11,7.7319560881878e-06,3.76481662023501e-05,-790.910793895285,0.107343642850716,0.0839411254773874,0.9975,0.514321640857925
"sinusoidal",400,"pg_apf",6,367.958,528.65886215314,1298.13483035784,263.574889218321,318.624774041217,11643.4256258993,525.077540315663,12653.0532733155,1222.78230034588,1.43673697039646,3.5279429455477,0.716317865675759,0.865927018956557,31.6433550185057,34.3872215669057,0.00369901000878371,0.00331625650577761,3.12529268983637e-06,0.00113396514011366,0.00725090043112196,2.22791062588889e-05,1.9781707657262e-05,1.06912038125473e-10,7.81454151047618e-06,4.30247442631522e-05,-784.565857277688,0.140120226266937,0.116001127138761,0.9775,0.543130149960084
"sinusoidal",400,"pg_apf",70,366.554,487.49610110911,1183.66989573586,339.801163956692,421.416679577216,11716.9828926647,491.161146649526,12733.2923826806,1067.59216693435,1.32994347656583,3.22918286455982,0.927015293672126,1.14967147971981,31.9652299324648,34.7378350329845,0.00281436531308604,0.00253374914487483,1.64757938173288e-06,0.000909420389109969,0.00535841811477074,1.98927777552226e-05,1.84442419361001e-05,5.74477630221583e-11,8.1450029583638e-06,3.53993480891975e-05,-789.602120305355,0.102329372073128,0.0827548184588321,1,0.507833903155487
"sinusoidal",400,"pg_apf",71,366.757,474.555024552358,1248.34210773837,228.985519064671,373.553249249589,11562.0032047915,477.331701452265,12442.1376202124,1103.13430935518,1.29392220067336,3.40373082923672,0.624352143421043,1.01853065994538,31.5249694069684,33.9247447770933,0.00276918471208872,0.00248257066754065,1.63272977813379e-06,0.000922665527731944,0.00528710883278254,2.00484485614525e-05,1.82737297868238e-05,6.7533780523305e-11,7.70696529653455e-06,3.72546067329784e-05,-787.03016911046,0.106489265065178,0.0862724949051908,1,0.499092812214756
"sinusoidal",400,"pg_apf",72,366.572,484.618675602481,1382.66416506777,354.020215217499,377.775910838636,12081.6957680071,476.338530126341,12642.3850687513,1190.41429285726,1.32202862085069,3.77187609819563,0.965759019285431,1.03056401154108,32.9585886756412,34.488136215399,0.00244125447641386,0.00224857536754953,1.01462559993171e-06,0.00088928738950865,0.0044227730204074,1.80956022959964e-05,1.66974728935753e-05,4.69184325334981e-11,7.53412863172537e-06,3.20086484701989e-05,-841.347697744063,0.07031013281715,0.0575116290361475,1,0.487520070101028
"sinusoidal",400,"pg_apf",73,365.914,506.649201368906,1265.89707006735,363.120589392115,327.748979853769,11752.294855743,515.812150813281,11982.8415409711,1154.87530162712,1.3846127816069,3.45954806339016,0.992365936783275,0.895699480899251,32.1176420026098,32.7476990248286,0.00245857183660934,0.00224767527917027,9.98028409430117e-07,0.000964202416381633,0.00438176512749055,2.02232247111098e-05,1.83243902328791e-05,7.61739395383506e-11,7.5843948989319e-06,3.66087543065895e-05,-772.924915836035,0.0950424252054073,0.0743063077099687,1,0.49304957390196
"sinusoidal",400,"pg_apf",74,366.468,395.043372864487,1126.21149871914,171.890790420253,344.213521941848,11825.9886039638,399.251094282118,12795.4320381521,962.831866351616,1.07797508340288,3.07315099468206,0.46904720308527,0.939273065975331,32.2701807632967,34.9155507115275,0.00291480719646018,0.00263359785735011,1.71948861929621e-06,0.00101350396142394,0.00545183471121779,1.99370507185156e-05,1.80769999088771e-05,7.83122301179498e-11,7.89161787810734e-06,3.65941643359534e-05,-796.064235157866,0.0973950079341733,0.0785299031431651,1,0.503959153070622
"sinusoidal",400,"pg_apf",75,365.948,507.282738018784,1338.06175141465,298.269482380287,340.020673445166,11833.2916017543,509.625210509236,12565.6292997798,1206.09563480571,1.38621535851756,3.65642591683697,0.815059741767373,0.9291502438739,32.3359920036571,34.3371990003493,0.00260610354711637,0.00238803324812016,1.13145754430156e-06,0.00095218536720911,0.00467683856822299,2.01609648436242e-05,1.85001345803403e-05,6.98807217680816e-11,7.37976694925253e-06,3.72721662381854e-05,-793.157342550066,0.0914465443161524,0.0665193815992461,1,0.490807927002297
"sinusoidal",400,"pg_apf",76,365.953,497.428548947485,1306.16735115588,397.176447426492,360.427517242867,11729.1123651424,498.4391279295,12030.5134824161,1173.27323432251,1.35926894696173,3.56922159718838,1.08532092215802,0.98490111364811,32.0508709182392,32.8744770022819,0.00272444953247295,0.00253547498802092,1.14111057756408e-06,0.00102260882501312,0.0048675317431401,2.08910883785875e-05,1.90193323543746e-05,7.90679317116179e-11,7.82137278914146e-06,3.75394228928041e-05,-765.739726475904,0.10134220664283,0.0846283760942423,1,0.50958796853619
"sinusoidal",400,"pg_apf",77,367.592,554.849230660043,1363.04207861318,275.501949131689,292.966186202964,11709.6868358358,554.798759175262,12095.5441024502,1272.15471427996,1.50941595752912,3.70802976836597,0.749477543395092,0.796987383302585,31.8551188160672,32.9048077826781,0.00275685996177343,0.00249304729642273,1.50415789818824e-06,0.000874682386974095,0.00522248136171323,2.09600440865469e-05,1.89486368733228e-05,8.03207391781514e-11,7.92069393896789e-06,3.88139914427249e-05,-778.910339867789,0.124258924415872,0.100489441761069,0.9875,0.503934905519493
"sinusoidal",400,"pg_apf",78,366.997,529.695317146418,1504.3423866853,336.4698002054,339.126307104638,11417.8254586291,531.008310963968,11736.1398639323,1366.80354290212,1.44332328914519,4.09905908409416,0.916818939134106,0.92405743672193,31.1114953490875,31.9788441429555,0.0027604879371267,0.00248496381836908,1.49160992476919e-06,0.000966084997804777,0.00530356368729024,2.03913782628038e-05,1.86424607348439e-05,7.15102341486099e-11,7.61891549105262e-06,3.73939743085694e-05,-769.795677382891,0.125724801974433,0.0917086167574304,0.9625,0.514489028873677
"sinusoidal",400,"pg_apf",79,368.062,557.50920578516,1485.97893047094,255.130608597005,336.438949467441,11349.0423501883,553.696836640959,12473.242985994,1386.03768668884,1.51471547126615,4.03730602580799,0.693172912707655,0.914082272735141,30.834594036299,33.8889724720129,0.00317444392516692,0.00283519768145244,2.28477078045965e-06,0.000966761739938432,0.00617241023382559,2.12443887808282e-05,1.90498039533669e-05,9.2247563241316e-11,7.76724999369517e-06,3.93920031628227e-05,-788.431845772531,0.134177757160155,0.108204762252072,0.965,0.526217308236869
"sinusoidal",400,"pg_apf",7,366.12,487.016412460909,1354.03052728109,328.634882046711,298.974667365798,11520.9628337501,481.073453541635,11868.2985807378,1215.85634055663,1.33020980132445,3.69832439440919,0.897615213718755,0.816602937194903,31.4677232430626,32.4164169691299,0.0029031242190239,0.00266079928993447,1.53074746835452e-06,0.000961833933301202,0.00533209849566696,2.20237809506543e-05,1.98118246286784e-05,9.45403263421482e-11,8.51989087811136e-06,4.16487441356734e-05,-783.642279558971,0.12523794716978,0.0966829276768573,0.9775,0.515577428708269
"sinusoidal",400,"pg_apf",80,367.546,472.110236312014,1120.05235758337,289.33711480522,328.669973723938,11717.795004746,478.848908493158,12515.2917884579,1037.50212726708,1.28449292418368,3.04738007646219,0.787213341473503,0.894228133958574,31.8811659077938,34.0509535907285,0.00294581612975459,0.00269940970364242,1.49698868420447e-06,0.00105075233401145,0.00540963680239064,2.10225893864592e-05,1.93262138937525e-05,6.95488078071351e-11,8.35430434197266e-06,3.82653458801212e-05,-788.566690190694,0.0979854100982667,0.0750006138189423,0.9975,0.511192889751526
"sinusoidal",400,"pg_apf",81,367.357,523.581427601235,1287.71699730757,366.891735151668,495.759497558506,12042.1238670075,525.351894274368,12999.8463343571,1194.48774768738,1.42526596090788,3.50535581820292,0.998733480379217,1.34953055898896,32.7804393737088,35.3875013525184,0.00268076128381328,0.00246209888937076,1.23919386907153e-06,0.00101118615827703,0.0049632569046459,1.93372126478318e-05,1.79625726226599e-05,5.25804473032535e-11,7.81647214600608e-06,3.38780290952622e-05,-773.393517787113,0.134966318123812,0.110577635992494,0.9275,0.501612462872842
"sinusoidal",400,"pg_apf",82,367.636,621.248701178557,1603.98316855803,270.486678794969,334.003746958455,11546.8008868194,624.119726574721,12141.4542156189,1524.21639657342,1.68984729781239,4.36296545647878,0.735745897558915,0.908517519933997,31.4082431721034,33.0257488810097,0.00282085458737302,0.00256140860482047,1.49014137754262e-06,0.000979933758822903,0.00521654062773045,2.04358038550967e-05,1.85538351990522e-05,9.07660421772311e-11,7.28564209054453e-06,3.73951709148648e-05,-784.160162155041,0.0891964869310404,0.0687234912577346,0.985,0.509504886001509
"sinusoidal",400,"pg_apf",83,367.956,747.105702158633,1985.43318295829,330.253388154156,295.736729864505,11759.4224900776,745.406192120083,12565.0454602174,1820.94179890857,2.03042130623942,5.39584402199799,0.897534999168802,0.803728516084818,31.9587735763993,34.1482282126598,0.00296329787198487,0.00269195345283371,1.68734153866271e-06,0.000997955746808301,0.00556210469037034,2.09192305735139e-05,1.92458891996901e-05,7.51543832919467e-11,8.02760213620769e-06,3.86495854664052e-05,-777.877534213691,0.104286256742754,0.0866231831134904,1,0.508690413784275
"sinusoidal",400,"pg_apf",84,365.658,331.522881763921,822.831863759874,376.928940134713,394.773476293983,11696.1857842335,332.395022367174,12216.7384562861,715.19371132653,0.906647418527478,2.25027720919513,1.03082372089415,1.07962488525886,31.9866809538789,33.4102862682783,0.00262315074819924,0.00241084451654881,1.19347497738328e-06,0.000858492773465062,0.00476150447823642,2.14532517605286e-05,1.96264051119537e-05,7.69402261525367e-11,8.35273776765835e-06,3.87034904509918e-05,-780.216406483775,0.109582204468102,0.0878235435987515,0.99,0.503813727760251
"sinusoidal",400,"pg_apf",85,369.244,579.582988250764,1421.91035089134,380.610572738751,334.336910682273,11663.7869753477,582.46942471336,12546.52522329,1253.99246332189,1.56964768080392,3.85086921085067,1.03078336476355,0.905463353994303,31.5882911444672,33.9789549005264,0.00266436992976028,0.00244224981255674,1.24804971855775e-06,0.000949774271502672,0.00489917782403171,2.08619116048026e-05,1.89824296007793e-05,7.67987243142732e-11,7.85082625498114e-06,3.85504410468881e-05,-787.13244980264,0.115225013383732,0.0919273420202633,1,0.50313672206223
"sinusoidal",400,"pg_apf",86,367.295,445.452140461935,1094.07762862493,252.700761637691,332.355672594042,11993.8788771729,447.172227356088,12556.0524820606,971.309879842488,1.21279119090087,2.97874359472611,0.688004905151692,0.904873936737614,32.6546206106069,34.1851984972859,0.00265904571839071,0.00240814560861395,1.32550312728806e-06,0.000921494964965897,0.00497667193629767,2.00219233294777e-05,1.79328023914006e-05,7.76749772464664e-11,7.67357318761056e-06,3.78215437003474e-05,-788.792233809129,0.0936388988567983,0.0717950662918829,0.9575,0.501402025717815
"sinusoidal",400,"pg_apf",87,365.786,496.771889414195,1299.47446413629,373.749883035914,408.544085509204,11966.7984024251,496.498025934684,12765.9498933043,1133.88959360047,1.35809432130862,3.55255385426531,1.02177197332843,1.11689371793673,32.7152991159451,34.9000505577148,0.00254822529939628,0.00232293576856311,1.28597574356784e-06,0.000956036280476803,0.00466086473524104,1.98419838538804e-05,1.79892627966086e-05,7.25995826078307e-11,7.59698517353214e-06,3.7018375526786e-05,-805.559688683793,0.0947438492851432,0.078321918251709,1,0.488608847350997
"sinusoidal",400,"pg_apf",88,365.841,618.236428678306,1478.33033164473,285.961082532281,279.631078292406,11899.9384218584,615.22939630004,12472.495365116,1322.49716339868,1.68990470909031,4.04090938862712,0.781654004150112,0.764351393890806,32.5276238088635,34.0926669375931,0.00266959013873205,0.00237540854718387,1.50488780204965e-06,0.000965032842395524,0.00509412053158327,1.99743804024798e-05,1.81955841954558e-05,6.83341405830292e-11,7.70083057726969e-06,3.69197809113663e-05,-812.037267103273,0.107177430870952,0.0807715571239869,0.965,0.498314404733705
"sinusoidal",400,"pg_apf",89,369.735,609.242745273127,1537.32661453399,300.538958251299,386.522385720581,11940.5001316789,609.757541496996,12917.310240789,1361.25777621541,1.64778218257164,4.15791476201602,0.812849630820179,1.04540383171888,32.2947520025935,34.9366715101058,0.00282359367121759,0.00258765550480834,1.42170488883143e-06,0.00102844840249069,0.00514998227718779,2.03851328648215e-05,1.85515592422988e-05,7.54713308772255e-11,7.75483650809918e-06,3.67050970870701e-05,-797.898610783474,0.115865638497129,0.0895795291593705,1,0.510503386580846
"sinusoidal",400,"pg_apf",8,365.874,585.961710817449,1588.94778564576,232.424006111619,313.657088843541,11721.7154270846,581.581607787777,12740.1730895536,1423.48176562386,1.6015396306309,4.34288248316569,0.63525696308461,0.857281711309196,32.0375742115717,34.8212037191865,0.00280829592404476,0.00251860810462006,1.61587512178228e-06,0.000952104624587549,0.00538068755380074,2.03272032650507e-05,1.85698745151039e-05,7.37478486247948e-11,7.87952122726834e-06,3.73459720137864e-05,-775.114080671344,0.118756062284981,0.0897181121195334,0.975,0.507138832071495
"sinusoidal",400,"pg_apf",90,366.744,606.594807579162,1799.47037512776,281.573928653709,366.158315399542,11949.0426587706,605.912441144865,13590.3475555661,1618.63158849617,1.65400063144636,4.90661162862313,0.767766967295194,0.998403015181003,32.5814264412523,37.0567686330685,0.00334352787864261,0.00295832654733519,2.43233828742557e-06,0.00114439980796519,0.0065110858814786,1.99907514180026e-05,1.85094237938023e-05,5.9345984806645e-11,8.43404788257263e-06,3.47405882403149e-05,-814.482727685427,0.0932655590279773,0.0805411199980502,1,0.523773179444603
"sinusoidal",400,"pg_apf",91,366.413,409.471301725748,1027.44086594007,297.025361021127,339.052106610111,11617.8750387605,410.894447733967,12234.0625638497,942.809204956412,1.11751302962981,2.80405134626793,0.810629974976671,0.925327722024359,31.7070492552407,33.388724100536,0.00277203129805063,0.00252982313487507,1.3573303571416e-06,0.000964110535363471,0.00524518773625648,2.0803049723025e-05,1.85952577061817e-05,8.63531528794278e-11,7.55233774533101e-06,3.90045985923863e-05,-792.857180154706,0.118862089252295,0.0962532430281112,0.9775,0.509221094370096
"sinusoidal",400,"pg_apf",92,365.935,492.59938971704,1332.31363794207,233.378174941885,456.911005814471,11825.0792553855,496.477548216787,12684.323590622,1083.68979159225,1.34613904031328,3.6408477952152,0.637758549856901,1.24861247438608,32.3146986633842,34.6627777901047,0.00272224796356752,0.00251548131148551,1.20724910253518e-06,0.000968069685787841,0.00490363941884922,2.02209119660718e-05,1.84143159511603e-05,6.85842257524888e-11,8.05773462974406e-06,3.70377184163435e-05,-778.12334245133,0.102322318914292,0.084586396179647,0.99,0.499286620792994
"sinusoidal",400,"pg_apf",93,369.062,731.323159881819,2121.0489117425,253.16416004281,385.476865136292,11878.2965117056,727.794025365127,13576.5741459918,1915.3721416967,1.98157263517192,5.74713438864608,0.685966477293273,1.04447725622332,32.1850976575903,36.7867029008454,0.00335971744935389,0.00300159587339713,2.61240805192631e-06,0.00103078558359421,0.00655016830217046,2.0129364169819e-05,1.84012487562984e-05,6.81346972563338e-11,7.64958250931561e-06,3.66848711462202e-05,-808.845999778284,0.082569065755195,0.0672945150628334,1,0.519081214315667
"sinusoidal",400,"pg_apf",94,366.381,648.178137150457,1866.95472969773,271.465015777887,318.220455471304,12087.4797252921,639.178925576369,12943.7377848645,1669.78952418343,1.7691368743206,5.09566470340364,0.740936390745937,0.868550649382211,32.9915572185568,35.3286272619608,0.00280370806698062,0.00256772795658099,1.43826196625663e-06,0.000947371475931909,0.00506577347567609,2.03652124811301e-05,1.84951676911866e-05,7.69082623198913e-11,7.25757129561736e-06,3.76745684851225e-05,-799.5379427622,0.0845262537488641,0.0662182602815426,1,0.506494738634951
"sinusoidal",400,"pg_apf",95,365.875,632.141542542547,1758.61021053147,218.021258232048,350.720832700208,11562.557282337,626.59057803354,12296.9813098738,1568.16929918128,1.72775276403839,4.80658752451374,0.595890012250216,0.958581025487416,31.6024797604018,33.6097883426684,0.00320942975056079,0.0028999587548307,2.05761215642774e-06,0.00110766841506297,0.00610641299185333,2.18638461998615e-05,2.04664076597075e-05,6.79150259117563e-11,8.40050510838435e-06,3.78862449102136e-05,-781.075619335912,0.146578102284994,0.114758016732225,0.9,0.522818242923088
"sinusoidal",400,"pg_apf",96,365.948,479.463278896899,1203.63024194931,289.291912783699,266.187491362859,11574.1382862202,481.284112223542,12567.9718285089,1067.69647188171,1.31019510667335,3.28907451864556,0.790527377615671,0.727391573018186,31.6278222212451,34.3436002615368,0.00259073463504727,0.00238137817420783,1.12564903227692e-06,0.000916518631527734,0.0047223268161876,1.94987577793441e-05,1.78482648996001e-05,5.94203293447504e-11,7.79521070258707e-06,3.54089359932439e-05,-767.104842306879,0.0999210356300674,0.0771677548692469,1,0.50547382138118
"sinusoidal",400,"pg_apf",97,368.838,586.66711701359,1382.14866137031,243.661104341105,248.281039060209,12056.6427524881,585.755788699909,12221.871662585,1249.29661006088,1.59058209027701,3.74730548742349,0.660618223559138,0.673143870914085,32.6881795056045,33.1361510001275,0.00274721607253861,0.0025424440192638,1.24811978664759e-06,0.000894022244611074,0.00486045500082916,1.98952959586948e-05,1.82086622752926e-05,6.74721183226266e-11,7.30186114428541e-06,3.65923664287656e-05,-784.513102443738,0.0982614774926106,0.0861076627497446,1,0.506670582842055
"sinusoidal",400,"pg_apf",98,366.296,510.909119156401,1276.93377622626,319.214491719042,360.654272452484,11816.7829322205,509.612830238738,12710.7683708754,1148.95239558913,1.39479852129535,3.4860707630612,0.871465950267111,0.984597900202251,32.2602019465693,34.7008112861604,0.0027097801374855,0.0024661385013973,1.32829527267671e-06,0.00092292319104588,0.00501724051056697,2.02747542797371e-05,1.8696356785129e-05,6.01945011490054e-11,8.18818817345131e-06,3.57839528656025e-05,-778.992216930221,0.0747395167871243,0.0582316680892002,1,0.505890196377898
"sinusoidal",400,"pg_apf",99,365.262,521.05156601387,1310.99125006921,273.852909410256,328.000587900419,11922.6219495781,523.265566208723,12426.9513700025,1175.42169937063,1.42651457313892,3.5891805062372,0.749743771348392,0.897987165104552,32.6412874856351,34.0220208234159,0.00247689333149599,0.00226136990201084,1.04750224838601e-06,0.000886025309280861,0.00452513495257668,1.93671774676235e-05,1.75889509132525e-05,7.20084247202819e-11,7.52836647609836e-06,3.44037320705389e-05,-789.372548946808,0.0716363798338838,0.0595574008638421,1,0.495822822944914
"sinusoidal",400,"pg_apf",9,365.838,725.404027560274,2023.33649794603,364.36062879357,460.041611096914,11779.958008639,722.643649999939,12332.6919113155,1783.24747686665,1.9828558748962,5.53068980790959,0.995961679195628,1.25750089136972,32.1999300472859,33.7108007131995,0.00240073411475744,0.0022073664202736,9.68576344220336e-07,0.000857950414194877,0.00437408119359071,1.92048291038518e-05,1.77393695033796e-05,5.67283493816692e-11,7.51769862325061e-06,3.36846345618946e-05,-776.359865492537,0.104294689037375,0.0784811339407304,0.985,0.495312806441133
"sinusoidal",800,"pg_apf",100,733.03,485.352571262036,1209.42538692614,248.078935060464,277.246191372619,11934.8023845237,486.974928385757,13399.7659168727,1074.31544770297,0.662118291559739,1.64989889489671,0.338429443625041,0.378219433546539,16.2814651303817,18.2799693285033,0.00204306472242908,0.00188031889748752,6.15713180974578e-07,0.000840230239610467,0.00358096563420691,1.17224041519659e-05,1.11438221658564e-05,1.20120690619519e-11,6.07127506768435e-06,1.88062196936265e-05,-1571.15896085871,0.0849048924228665,0.0707259106051915,0.995,0.464220152112487
"sinusoidal",800,"pg_apf",101,736.447,626.948755614817,1521.74383049408,191.028499996834,305.1507124608,11835.9879402426,630.030353561832,12903.8417145621,1401.76993353837,0.851315513016982,2.06633176656851,0.259392054006377,0.414355292995694,16.0717443892671,17.5217520263672,0.00204480068135815,0.0019196317462867,5.27520449566314e-07,0.000848118503813999,0.00353593115104252,1.27379891647946e-05,1.19632770195025e-05,1.69617392531575e-11,6.10417395167677e-06,2.08898703062275e-05,-1581.05781210677,0.089816993206183,0.0704368912235621,1,0.46771273270805
"sinusoidal",800,"pg_apf",102,730.658,437.830624530232,1076.56068042575,200.355605535615,289.35558635448,12111.7219385897,441.329964436224,13377.7334496814,979.432484023865,0.599227852880871,1.4734125684325,0.274212566666778,0.396020554561067,16.5764583958428,18.3091589357558,0.00193319524453927,0.00180064367538703,4.82973465920928e-07,0.000826127546504725,0.00329683346525544,1.1265312106328e-05,1.06350302599868e-05,1.19694814435609e-11,5.84915783833188e-06,1.85272764143905e-05,-1587.57942736707,0.0773334087727129,0.0623516182665672,0.9975,0.459727846618691
"sinusoidal",800,"pg_apf",103,731.978,435.165882616674,1104.72533467077,285.325052591817,206.852630931234,11765.8405722973,438.253816921713,12729.8410016051,1012.3697521688,0.594506778368577,1.50923297513145,0.389800038514569,0.282594054645405,16.0740357938317,17.391015852396,0.0019900556071074,0.00186370693787923,4.66245214542747e-07,0.000904387251824469,0.00334603577725984,1.23676336532933e-05,1.16374015419747e-05,1.66272111771007e-11,6.05184673427519e-06,2.04114886779986e-05,-1580.31424245352,0.0986708248649335,0.082893589433175,0.9875,0.465779132060765
"sinusoidal",800,"pg_apf",104,781.752,331.570464432929,924.537244338206,259.908371713228,236.757195552732,11981.4461242692,326.450383077166,13112.486782127,781.702882774597,0.424137660578968,1.18264775061427,0.332469084458023,0.302854608050548,15.3264029056135,16.7732052903312,0.00184915096494868,0.00173303227746272,3.97728948017409e-07,0.000855684804535548,0.00312920664280877,1.17743449197231e-05,1.11994314055021e-05,1.15940568875846e-11,5.9603943740213e-06,1.84939842851006e-05,-1580.80100373254,0.0897777281057972,0.0716549865173132,1,0.457567906084255
"sinusoidal",800,"pg_apf",105,738.66,500.790987346615,1404.85093732221,188.354630412614,241.602085387511,12108.9247568553,496.157457316698,13651.0116753618,1242.4978229388,0.677972256987808,1.90189117770315,0.254995032102205,0.327081587452293,16.3930966301889,18.4807782678929,0.00233971094916676,0.00218963481656009,7.82412542505831e-07,0.000942768252047524,0.00399762061892224,1.25491172327911e-05,1.19547869133473e-05,1.40965778784113e-11,6.41058336761921e-06,2.01742603758454e-05,-1586.11460218668,0.0935017515496623,0.0753692267909215,1,0.478333711678297
"sinusoidal",800,"pg_apf",106,747.688,405.142599250743,987.724311119995,151.510117017755,286.610788454277,11768.4077218972,405.180848130493,13512.6584082176,887.733461880969,0.541860507659268,1.32103806817816,0.20263815524357,0.38332939468639,15.7397306388456,18.0725896473095,0.00215504075218974,0.00197884193646341,7.23966077064386e-07,0.000844305157734282,0.00388507829749812,1.17532761964468e-05,1.10341805515027e-05,1.53717298101738e-11,5.92923477088704e-06,1.91777256964737e-05,-1582.73462972001,0.0810023095452687,0.0661069859956829,1,0.469498605484746
"sinusoidal",800,"pg_apf",107,731.442,514.975910797659,1320.31042009216,219.991328483214,346.529391821777,11726.7346618606,515.321066662565,13020.4387670795,1150.88161529139,0.70405570202102,1.80507876235185,0.300763872573921,0.473761954907945,16.0323507015738,17.8010543106351,0.00189943250757333,0.00178458143277764,4.4680435439619e-07,0.000854639511432253,0.00329700821623652,1.16833172072094e-05,1.11079270790635e-05,1.22307081112407e-11,5.99933696083253e-06,1.87908097061409e-05,-1553.68487345671,0.106639577556655,0.0839501486871479,0.98875,0.46365190072907
"sinusoidal",800,"pg_apf",108,738.446,461.596084094158,1196.41129175513,264.871255383566,240.198908865509,12015.3901624734,461.409774247635,13204.1822450083,1065.00786113348,0.625091183504491,1.6201743820877,0.358687372378707,0.325276200108754,16.2711832178296,17.8810397036592,0.00205089266377587,0.00194947704247357,4.83730382797074e-07,0.000851875669149163,0.00346268041115784,1.21736192316825e-05,1.14850665508678e-05,1.51290717657441e-11,5.86963094149975e-06,2.01713634159705e-05,-1596.01223188548,0.0873356709582817,0.0711299748074352,1,0.467088348226425
"sinusoidal",800,"pg_apf",109,731.551,495.900549639322,1242.7924769262,231.314635430279,370.417663327528,11963.4452468791,497.405398325212,13754.0532695729,1109.93599608446,0.677875567990915,1.69884598192907,0.31619755209176,0.50634564552236,16.3535354977015,18.8012227029597,0.00208449359096799,0.00194701386271507,5.77623758423293e-07,0.000909348104844461,0.00363614853488163,1.17034689811496e-05,1.10507166915858e-05,1.25981172767961e-11,6.07771402169972e-06,1.91891148969532e-05,-1585.50647544927,0.0834808591443218,0.0696803811253378,1,0.464354943678717
"sinusoidal",800,"pg_apf",10,744.446,509.660207837527,1388.39880545587,248.177295410382,263.540433100804,11965.1834870891,508.191462688295,13419.2618516634,1231.81879296474,0.684616759090017,1.865009423727,0.333371789774385,0.354008797281205,16.0726009503565,18.0258364631731,0.00200273414225009,0.00190563947011024,4.33910081479525e-07,0.000852166390751902,0.00328301681775479,1.23650794198569e-05,1.16454962223874e-05,1.70326324332215e-11,5.60923152123638e-06,2.02943861826304e-05,-1592.8115536597,0.0847426161362166,0.0625438856129,0.98625,0.460545678713492
"sinusoidal",800,"pg_apf",110,731.812,405.414253361709,1036.9022462883,195.913450760421,299.809538348494,11916.5889406639,405.405059380749,13372.8403393987,879.03925441714,0.553986889203386,1.41689702585951,0.267710082316799,0.409681090701566,16.2836752344372,18.273600787359,0.00205307890531593,0.001915687276923,5.24198904539022e-07,0.000887124199029887,0.0035685441077982,1.18147302098979e-05,1.11235576851252e-05,1.42781042428662e-11,5.77349564045456e-06,1.95883366577726e-05,-1559.0671186518,0.0986558419274538,0.0772676600733797,0.99625,0.470976737654975
"sinusoidal",800,"pg_apf",111,744.737,372.591543813055,957.145562605852,230.370792561179,274.961605454434,11789.3347898122,373.700583441102,13328.1994102888,814.107868712101,0.500299493395729,1.28521285045036,0.309331740683193,0.369206317739596,15.8301988350413,17.8965183820446,0.00204864265936541,0.0018890774639513,6.06478522747302e-07,0.000819303564843959,0.00356580593652754,1.18176613171463e-05,1.11492390186692e-05,1.48786626431867e-11,5.58963253159735e-06,1.92073804591884e-05,-1550.36718134392,0.0670607494050307,0.0550667303778117,1,0.467691572635455
"sinusoidal",800,"pg_apf",112,730.853,605.882520727284,1669.96532282126,229.961334601234,271.012456375436,11877.742138966,609.703883888681,13073.6478949245,1495.87519083908,0.829007366361339,2.28495377705402,0.314647862978237,0.370816643532196,16.2518894209452,17.8882044609853,0.00198136798405277,0.00188714060788544,4.15108898856842e-07,0.000869427568541159,0.00319060371569797,1.24859547475278e-05,1.17406325838796e-05,1.80792602533381e-11,5.87379831397733e-06,1.98895011536463e-05,-1598.41922338731,0.0856408976449504,0.0687446097135939,1,0.4606818762481
"sinusoidal",800,"pg_apf",113,732.54,458.099994860564,1607.34374035649,158.715137447302,298.948646748323,12136.9006065561,443.844809620345,14219.7065823584,1384.50481510215,0.625358335190657,2.19420610527273,0.216664124071453,0.408098734196525,16.5682428352801,19.4115086989904,0.0026520083476723,0.00246294717060896,1.039289669354e-06,0.00104226443457404,0.00470170115375132,1.27910734104301e-05,1.20729683413165e-05,1.77478322095233e-11,6.45362906566163e-06,2.13717235513007e-05,-1554.80342856678,0.0916571508723654,0.0754475344457906,1,0.489540750411308
"sinusoidal",800,"pg_apf",114,733.428,560.719475948724,1460.2430395792,220.197458759353,286.181559665045,11795.6160494557,562.110574781078,13124.6851034143,1386.56695026866,0.764518774779153,1.99098349064829,0.300230504915756,0.390197210448803,16.0828548261802,17.8949877880504,0.00179599511426724,0.0016836224673523,4.19370359724048e-07,0.000724128548244912,0.0030760356715005,1.15015857308819e-05,1.09674849275786e-05,1.14193623747199e-11,6.05404872737319e-06,1.83876426147411e-05,-1587.27389585937,0.0904273504617411,0.0697341664592938,0.9725,0.451563285420677
"sinusoidal",800,"pg_apf",115,731.107,514.344356305307,1387.18248880142,155.763733079937,292.419429159322,11850.4372172257,512.826526110118,13085.5125407069,1225.52843830923,0.703514473675271,1.89737273586687,0.213051896753741,0.399968033624793,16.2088958486592,17.8982181003696,0.00189727734642852,0.00177371574572734,4.79422658500992e-07,0.000812207979781942,0.00326435210565262,1.16672164901202e-05,1.09629249651733e-05,1.43264949911607e-11,5.67979101530833e-06,1.90184902113216e-05,-1569.87499045246,0.0840435813302565,0.0672649634241665,1,0.46127539289569
"sinusoidal",800,"pg_apf",116,740.491,364.601543832871,1033.90447345113,246.002040389289,312.135456596943,11860.2543762663,364.566914876499,13295.8831159168,911.437473434468,0.492378089447232,1.39624178207585,0.332214760732121,0.421524983554078,16.0167434530147,17.955495901931,0.00194368149610705,0.00181359303183011,4.77606985943669e-07,0.000930602664896669,0.00326727368728982,1.19712680591181e-05,1.12622727941678e-05,1.49389839605768e-11,5.84154028912666e-06,1.97750164538474e-05,-1603.59536007979,0.0759083698961494,0.0590887159608949,0.9975,0.463054781359961
"sinusoidal",800,"pg_apf",117,730.983,441.827575281901,1291.1853635231,184.211092055488,305.325919517126,11799.5426625191,442.118576126611,12994.9643193453,1173.22622008606,0.604429344159715,1.76636852501781,0.252004618514367,0.417692230212093,16.1420206249928,17.7773824006103,0.00183439414749045,0.00174791900500769,3.6598975422354e-07,0.000812148185413258,0.00303751875998769,1.16729930079894e-05,1.11644120049801e-05,1.13396265609686e-11,6.03637447431317e-06,1.83527025114337e-05,-1576.08293592314,0.0759869624723677,0.0611624370238352,1,0.457924964390943
"sinusoidal",800,"pg_apf",118,754.857,434.730039647384,1173.90468932224,244.896549091053,366.49787546606,11926.3456282865,436.140150128806,13269.4719672132,1054.92402214312,0.575910456745296,1.55513519689456,0.324427738089537,0.485519608967076,15.7994767595538,17.5787890517187,0.00187112155630967,0.00178555450102311,3.8125347862771e-07,0.000826351868633366,0.00313041341301118,1.16285322100154e-05,1.10769246906335e-05,1.13134477765203e-11,6.0044336024244e-06,1.84090673069433e-05,-1597.47692860232,0.0966998512484217,0.0747716790267847,0.97875,0.456978786635274
"sinusoidal",800,"pg_apf",119,731.926,426.210004556562,976.62806611435,211.611378870242,304.252926566485,11728.2773045169,429.082251440363,12903.3680647398,898.740387939109,0.582312972290316,1.3343262380546,0.289115810710703,0.415688097658076,16.0238566528814,17.6293342014628,0.00179888829624465,0.00168979054090453,3.7470316476142e-07,0.000767083046398575,0.00300534362022639,1.15784455434338e-05,1.08256740181409e-05,1.32538488201668e-11,6.11177182391332e-06,1.9083840147768e-05,-1559.95379456004,0.0834129739303947,0.0686421530811387,1,0.456575918800719
"sinusoidal",800,"pg_apf",11,740.578,556.517304330491,1664.72032380979,215.360165790393,292.820942964708,12353.5788292152,555.586689244752,13695.9645249509,1572.00760288862,0.751463457367747,2.24786629336787,0.290800112601769,0.395395141314903,16.6809962343132,18.4936151559334,0.00215464121720515,0.00202077516710549,5.36569281150345e-07,0.000939618268854918,0.0036560393435058,1.15081877665093e-05,1.09154048665803e-05,1.29801332957662e-11,5.87195667468481e-06,1.85904263725152e-05,-1613.71368502455,0.0734444396665385,0.0608352312039933,1,0.463616001491785
"sinusoidal",800,"pg_apf",120,731.875,301.254154500332,829.896726772714,278.033492113594,229.365451921764,11689.0533819619,300.625830501614,12485.047614423,738.055587843135,0.411619681640078,1.13393233376289,0.379892047294407,0.313394298099762,15.9713795142092,17.0589890547197,0.00180181428956353,0.00173223528314364,3.13068018352749e-07,0.000850835923506675,0.00291629813212612,1.18921577703782e-05,1.13108466748105e-05,1.50870746749552e-11,5.60299401850999e-06,1.90262545615301e-05,-1548.68789288274,0.123659649788228,0.0915466282447237,0.94125,0.45967440712637
"sinusoidal",800,"pg_apf",121,740.896,524.648552747391,1493.60011243151,227.28684983388,245.01500500812,12279.5969803492,528.001644452549,13939.9418663749,1372.23510361003,0.708127122764047,2.01593761125922,0.306772947665908,0.330700941843552,16.5739820168408,18.8149779002383,0.00228317322006718,0.0021689167647128,6.3757204654681e-07,0.000940788184456637,0.00382004677332881,1.19470923168023e-05,1.13708837391187e-05,1.45444219016811e-11,5.78640056647955e-06,1.96248416458577e-05,-1615.22647154933,0.0922748670748356,0.0733085360633191,1,0.469947405364166
"sinusoidal",800,"pg_apf",122,734.338,651.775358513499,1849.30101972961,215.228771521515,145.582146666612,12313.3546411434,652.750451167003,13635.7588507113,1642.81109713079,0.887568610794347,2.51832401391404,0.293092242974646,0.19824950726588,16.7679660335478,18.5687773895825,0.0022134622861727,0.00209993226479995,5.60486414537433e-07,0.000959236425935819,0.00369331581893185,1.19731540778685e-05,1.13967145970391e-05,1.53802676574322e-11,5.68758155496577e-06,1.98967175836248e-05,-1581.79556846742,0.0866680895162322,0.0708545642394947,1,0.472054049844853
"sinusoidal",800,"pg_apf",123,731.002,432.084380978316,1146.5863494093,306.46002421732,273.891395814348,11703.2340539745,435.245284121087,12875.9323997362,1061.8060008778,0.591085087288839,1.56851328643328,0.419232812245821,0.374679406915916,16.0098523040628,17.6140864180073,0.00179987628506519,0.00169105394337734,3.71783148454027e-07,0.000804499594542899,0.00307518461812375,1.12252154022329e-05,1.07147269173093e-05,1.12782197792127e-11,5.75852318050033e-06,1.77259762832241e-05,-1555.09510113425,0.116645603305047,0.0899156692154439,0.9825,0.463145023360753
"sinusoidal",800,"pg_apf",124,736.971,438.291219906139,1336.43805605355,217.369222985994,271.58005808507,11612.2822065562,436.332140039073,13070.3545948254,1156.48626366151,0.59471976496516,1.81342014279198,0.294949493244638,0.368508473311799,15.7567695425685,17.7352359791978,0.00206073940982547,0.00191797061251681,5.78889141941164e-07,0.000866760680648911,0.00354551082601144,1.24493472810364e-05,1.17200975327224e-05,1.5995650360918e-11,5.70381237690652e-06,2.04714014340822e-05,-1540.95368487991,0.118134426752376,0.0923473054993424,0.97375,0.474945825162835
"sinusoidal",800,"pg_apf",125,730.35,387.28579236315,1171.32613998293,248.725090758146,341.912964522939,11956.3717635787,388.629340449314,12877.0294020005,998.113727893478,0.5302742416145,1.60378741696848,0.340556022123839,0.468149468779268,16.3707424708409,17.631312934895,0.00179866464458443,0.0016982988477722,3.20204998811765e-07,0.000853928271476193,0.00288215672785971,1.16814373623141e-05,1.1146043834908e-05,1.23534432268408e-11,5.77234696613823e-06,1.87363407444008e-05,-1591.26120879148,0.109075939895251,0.0904596353438493,0.97125,0.456460701439262
"sinusoidal",800,"pg_apf",126,740.123,573.509326807874,1426.5528460651,206.607214036104,246.398312941589,11986.8152990328,569.878644734338,13413.1667709033,1301.01996932812,0.774883805540261,1.92745374223622,0.279152538207979,0.332915357233309,16.1957070636,18.1228887237707,0.00202304931872977,0.00186271271295682,5.69371253515568e-07,0.000857643967104629,0.00353433384881122,1.21228444061352e-05,1.14122254165118e-05,1.48369706088389e-11,5.94149154913374e-06,2.01876186627713e-05,-1594.50768051534,0.0987044879032799,0.0803784690038937,0.97875,0.465235312331388
"sinusoidal",800,"pg_apf",127,729.955,455.783921415956,1056.66829138532,284.505491846085,230.117386477717,11915.4705480833,458.448780686406,13021.9699539816,965.618813849582,0.624400026598839,1.44758004450318,0.389757576626073,0.315248729685689,16.3235686420167,17.8394146954012,0.00173914929166659,0.00166335771055453,3.21670367212135e-07,0.000773604516146578,0.00283809640883979,1.12379920038181e-05,1.05426495892852e-05,1.42307718243897e-11,5.42723872421348e-06,1.85217018536424e-05,-1546.0623333227,0.0868590027108393,0.0726159834213027,1,0.453500711140539
"sinusoidal",800,"pg_apf",128,730.377,388.895360036566,1024.26581026262,277.640508325911,244.567392763894,12042.6071523414,391.406444661626,13289.2030770766,925.781089985323,0.532458387978491,1.40237960705583,0.380133148122012,0.334850895857748,16.4882069839842,18.1949911854791,0.00189304526800147,0.00178740092066336,4.01385534894034e-07,0.000884082666294691,0.00317508632871366,1.16305113423625e-05,1.0945696275355e-05,1.31327417569811e-11,5.81469764033742e-06,1.9020230228824e-05,-1569.51532773397,0.0771638808813254,0.0594297088955024,0.99625,0.456762578102907
"sinusoidal",800,"pg_apf",129,733.897,531.42120427535,1455.35710131723,194.716928484761,323.249785367511,12048.8874818738,529.404865893923,13650.8643973029,1292.46314783973,0.7241087022775,1.98305361831052,0.265319150350473,0.440456610897049,16.4176818843432,18.6005180526735,0.00214007128035838,0.00201085856521975,5.9582693802785e-07,0.000861021505738872,0.00366229448698228,1.20265413718587e-05,1.13734366197227e-05,1.35898877200592e-11,6.20671210059717e-06,1.96400867510642e-05,-1589.27277281823,0.0841870704601219,0.0681940041758924,1,0.470205400173186
"sinusoidal",800,"pg_apf",12,729.646,358.055366042681,1148.24703401979,250.309592683163,272.423528056629,11768.4887765013,355.713367526898,13148.4064444935,979.621987924748,0.490724770700697,1.57370428128132,0.343056211756336,0.373363971099176,16.1290389812337,18.0202542664436,0.0018915302100578,0.00179731122382809,4.04501205728559e-07,0.000835261151324655,0.00311444804010357,1.18555014616724e-05,1.11650178957832e-05,1.67186231691486e-11,5.82411640061661e-06,1.89993843547358e-05,-1560.1430739964,0.0826526244635866,0.064811949401529,1,0.46390594907703
"sinusoidal",800,"pg_apf",130,728.53,335.837496992966,821.745509376355,258.539989780996,257.038135684164,11423.3397419169,337.24602274427,12490.7238448518,735.862893304477,0.460979639813002,1.12795013160248,0.354878988896814,0.352817503306884,15.6799853704266,17.1451056852179,0.00167857297671555,0.00159053843719564,3.05978142655876e-07,0.000772868308543947,0.00278891779020781,1.15027481227612e-05,1.08634394138902e-05,1.23573757669296e-11,5.7104354896139e-06,1.86268607461231e-05,-1531.72921463801,0.0904178957975248,0.0698060075236941,1,0.456310939320268
"sinusoidal",800,"pg_apf",131,734.954,471.298233313202,1263.83190546748,232.038044009729,236.520348027505,11842.7685249824,472.601790660473,13159.7371474157,1130.09862735858,0.641262219558233,1.71960681276308,0.315717778268748,0.321816532772807,16.1136187094462,17.9055249000831,0.00188070435101859,0.00177514136804046,3.82161197248928e-07,0.000925060003935578,0.00317550345926859,1.14026848960142e-05,1.08376600541096e-05,1.29577034958551e-11,5.4240622738586e-06,1.84300140972531e-05,-1553.23394953268,0.096264646335443,0.0746681962898158,0.99625,0.465081590801127
"sinusoidal",800,"pg_apf",132,730.451,525.665420942725,1442.72860236258,202.39264229054,247.700181183191,12059.5618321286,526.33415001621,13379.2276043383,1324.08014718634,0.719645015124526,1.97512030562293,0.277079013226815,0.339105814330039,16.5097478573219,18.3163930288798,0.0020626728847776,0.00193026279585294,5.09212649656877e-07,0.000921604334513467,0.00343923753676678,1.18803036379801e-05,1.1247781493915e-05,1.4096936737998e-11,6.01968653811288e-06,1.92291491933912e-05,-1591.71203836554,0.11144214313879,0.0865873651175676,0.97375,0.468794804155657
"sinusoidal",800,"pg_apf",133,731.329,519.922524819251,1544.4888803504,161.033553629877,311.371826653243,12294.5287942647,518.601386983064,13683.318992733,1348.41637542958,0.710928357578123,2.11189338909082,0.220193037100781,0.425761629380543,16.8112146438398,18.7102097588541,0.0021041612355989,0.0019774936005184,5.15872032949998e-07,0.000963333185961193,0.00356783378393878,1.15323418180241e-05,1.0922921050479e-05,1.31447845001338e-11,5.57765790482696e-06,1.86697428012212e-05,-1590.26873186221,0.0919593366942374,0.0783805229715531,1,0.462664613257222
"sinusoidal",800,"pg_apf",134,734.29,352.688610272974,848.737727773233,211.478372170242,350.627346701764,12145.2229948987,351.505452845904,13923.3116204023,738.001243813665,0.480312424618303,1.15586175458366,0.288003884255868,0.477505272714819,16.5400904205405,18.9615977616505,0.0021836176267903,0.00201107003014067,7.14966715489649e-07,0.000898461499814518,0.00385994792644469,1.15625932863881e-05,1.10499200507714e-05,1.17626412504025e-11,5.80608819828953e-06,1.82904561996888e-05,-1587.0292866284,0.0765923534900712,0.0605516855683463,1,0.468592920030058
"sinusoidal",800,"pg_apf",135,743.857,400.250354006918,1073.83655210477,176.759399199875,303.36290185551,11888.2948144447,400.509224052817,13099.9402504253,940.727138824942,0.538074326123056,1.44360616637978,0.237625510279361,0.407824221396733,15.9819626815969,17.6108314507026,0.00181667145070215,0.00168998720503871,4.21521889041259e-07,0.000750430853562311,0.00309336388066093,1.14216984852569e-05,1.08390011966216e-05,1.22990358325909e-11,5.45781484134581e-06,1.85076459374701e-05,-1590.90572088654,0.0754138851528188,0.0629232060174032,1,0.454841893855668
"sinusoidal",800,"pg_apf",136,751.529,541.369829841516,1646.93999066424,173.366744655466,259.978025945045,11747.8357878872,547.856457593862,13120.1346314088,1441.37459932545,0.720357870210618,2.19145234670152,0.230685368968418,0.345932127629201,15.631912790973,17.4579219583128,0.00195246799177371,0.00185077273627491,4.42481562737313e-07,0.000868434347653524,0.00324264447095945,1.21351553187547e-05,1.13098442644265e-05,1.72781351212604e-11,5.69594743052176e-06,2.10206685601695e-05,-1599.82560626009,0.0912636452455938,0.073180840131056,0.99375,0.463457781214199
"sinusoidal",800,"pg_apf",137,730.186,470.957058585021,1225.97561109283,251.75515415067,280.66833733553,11825.7469164376,469.448911135348,13161.8805720372,1086.79023077095,0.644982317635535,1.67899084766461,0.344782225557145,0.384379236708907,16.1955267787078,18.0253806181401,0.00196675564577865,0.00183726163831813,4.84172117395089e-07,0.000854973631332289,0.00336279229918541,1.20684178629101e-05,1.14861187961421e-05,1.46961520147747e-11,5.95788794112837e-06,1.96381391255976e-05,-1565.45469370821,0.0718954656541918,0.0566761340989543,1,0.466810089381366
"sinusoidal",800,"pg_apf",138,732.838,694.741228790899,2009.57727987321,217.744048033256,318.816287719178,12068.7151798312,693.488043723539,13645.4724239395,1780.00489171652,0.948014743764514,2.74218487561127,0.297124395887298,0.43504333525169,16.4684625794939,18.6200393865214,0.00216561190508059,0.00206088888164307,5.96254700055136e-07,0.000864436380454156,0.00359705850859419,1.23851032761636e-05,1.16341418762343e-05,1.58930844187659e-11,5.87358251315819e-06,2.03393166562522e-05,-1601.5693634736,0.0929292109207834,0.075772108902119,0.99875,0.468601942980571
"sinusoidal",800,"pg_apf",139,738.15,417.131051684227,1320.18203892352,201.160022225476,281.162698443677,11929.0910643526,419.137502570795,12878.1024877133,1061.61869049276,0.565103368806106,1.78850103491638,0.272519165786732,0.380901847109228,16.1607953185025,17.44645734297,0.00200458567456327,0.00187064650705184,4.81169892385058e-07,0.000893420592119062,0.00350066910201335,1.25323113770431e-05,1.18931070508354e-05,1.49598912629258e-11,6.09654481670375e-06,2.00626464360908e-05,-1608.73197292094,0.124349092040401,0.0987994553072539,0.96125,0.465121020974351
"sinusoidal",800,"pg_apf",13,733.937,475.301814328659,1440.22458021283,246.132839355656,256.366928059468,11972.5541237349,476.014916660617,13298.4127996777,1243.72176860512,0.64760574045001,1.96232725726163,0.33535962808205,0.349303725060146,16.3127817833613,18.1192838072991,0.00209354948051116,0.00198558184704635,5.02724328391937e-07,0.0009176965977614,0.00351851851100577,1.22788824112195e-05,1.15393283813455e-05,1.64430384927841e-11,5.70320262992976e-06,2.01707634623566e-05,-1566.23467117168,0.082996998092293,0.0665005597220546,1,0.466831731555765
"sinusoidal",800,"pg_apf",140,733.814,533.709277239757,1494.22646355078,244.726667139853,418.802386115796,11990.1064743792,533.152110998336,13299.3171725675,1341.39482533599,0.727308660286881,2.03624687393641,0.333499588642153,0.57072008181337,16.3394354351092,18.1235533426283,0.00190393921414228,0.00180071969804295,4.62821203495876e-07,0.000724090918318727,0.00321634260685091,1.16014240477356e-05,1.11337566434058e-05,1.0701577399328e-11,6.22636300240913e-06,1.80931228700884e-05,-1583.38289030455,0.0962528087021924,0.0783452986950844,1,0.461079938603424
"sinusoidal",800,"pg_apf",141,730.202,437.566344250889,1150.61775816984,243.17534001022,261.667830766346,11881.0871219722,435.762220476944,13279.9625941063,993.898262544527,0.599240133895673,1.57575267962816,0.333024752068907,0.358349923399753,16.2709594358441,18.1866970976611,0.00190141907287232,0.00177671758518214,4.527211027298e-07,0.000839671703348194,0.00321248472755955,1.17411048259265e-05,1.11967477666186e-05,1.2389007173063e-11,5.75328292520737e-06,1.86321283361267e-05,-1581.3674672623,0.10027805499241,0.08354376841398,0.97625,0.459143727491915
"sinusoidal",800,"pg_apf",142,729.492,356.29290943584,783.326443845506,261.73395865692,301.216894336824,11692.3417461126,356.155772152238,12622.6110764952,715.040698658588,0.48841236015726,1.07379716822872,0.358789347459492,0.412913225007024,16.0280602749758,17.3032892430557,0.00169568689695843,0.00160731371955371,3.02009122181521e-07,0.000814962257571429,0.00280224926946644,1.1641680408523e-05,1.10855885550624e-05,1.23855414566421e-11,5.64646671269366e-06,1.85926564501135e-05,-1592.14164731267,0.0843308150211547,0.0698068609216314,1,0.4500321728375
"sinusoidal",800,"pg_apf",143,734.73,361.313175773039,1007.27188217005,234.579573686453,274.349985612734,11844.1182754576,364.341958321526,12630.7125668315,884.809033291793,0.491763199778203,1.37094154610545,0.319273166586981,0.373402454796639,16.1203684012599,17.1909579938638,0.00180378178495252,0.0017191154043646,3.32578454525563e-07,0.000826766908284769,0.00292587521116696,1.20184846559725e-05,1.14133646580666e-05,1.34192604912107e-11,5.8241527865401e-06,1.92334385225132e-05,-1564.89255615966,0.112531938706305,0.0959300347049612,0.99,0.458322069399133
"sinusoidal",800,"pg_apf",144,730.173,391.349993781529,1164.32187084106,294.848384751545,308.880810159368,11785.660937769,394.85596526195,12732.6261618132,1021.20824821769,0.535968864613631,1.5945835724425,0.403806200382027,0.423024146550705,16.1409158346981,17.4378211215879,0.0017486175866485,0.0016390754745463,3.42598662987087e-07,0.000806644078102409,0.00290202895470496,1.15494152561182e-05,1.07799948312212e-05,1.45707403020934e-11,5.37582494225347e-06,1.87619353613261e-05,-1587.24904675977,0.0951980243275392,0.071900004788053,0.97625,0.451042039116837
"sinusoidal",800,"pg_apf",145,734.889,369.103925033905,1066.70642385636,127.865963356505,215.613353935644,11582.0465331164,371.924960556081,12919.5179467691,949.162341723915,0.502258062148032,1.45152046616068,0.173993573664193,0.293395810708343,15.7602665615031,17.5802304113534,0.0019132619743024,0.0017794418318943,5.1055961306165e-07,0.000824260403219236,0.00323737709093646,1.18929846088673e-05,1.12382819911055e-05,1.34240848804881e-11,5.91913313988198e-06,1.96511966713893e-05,-1575.5305347185,0.11899864141607,0.0879394672815178,0.95625,0.468605569782396
"sinusoidal",800,"pg_apf",146,730.796,480.381280869936,1227.09188381319,203.740543955141,287.257491637357,11744.019990737,480.697886929934,12951.3620410039,1083.98470535237,0.657339778638547,1.67911685862155,0.278792637008332,0.393074800132125,16.0701755219472,17.7222672825301,0.00206295840354212,0.00194943059914056,5.38051473584649e-07,0.000900568297859219,0.00348258221860518,1.25085812971044e-05,1.19444226141199e-05,1.53296693550895e-11,5.9484209271341e-06,2.02195481341148e-05,-1556.25364298619,0.117067063481406,0.0868692046033567,0.95125,0.469443365094624
"sinusoidal",800,"pg_apf",147,731.057,405.402298744963,899.961065489662,249.294126134793,284.79425994014,11992.9928583948,409.370342071817,12924.3584092077,823.802475440316,0.554542667322744,1.23104089761764,0.341005046302536,0.389565054352998,16.4050037936779,17.6790023338915,0.0019373785812336,0.00183567242177787,3.82476304416252e-07,0.000927469181191499,0.00323194075835319,1.23350525868122e-05,1.16527781829337e-05,1.6399635782676e-11,5.72448723401309e-06,2.0189161774166e-05,-1580.41333287912,0.10866272438531,0.0832519407158187,0.965,0.466520406761151
"sinusoidal",800,"pg_apf",148,729.922,381.103056883872,1012.87284859628,229.221862558351,363.259735882569,11750.3964998874,380.955441805221,12696.9013094825,867.349424393058,0.522114769638224,1.38764532182382,0.314036105992628,0.49766925217019,16.0981536381797,17.3948741228275,0.00172833847860402,0.00163882983680954,3.37612546892616e-07,0.000792737043227159,0.00290382932412796,1.11617251972507e-05,1.07194412431293e-05,1.06632203463012e-11,5.51328016417527e-06,1.75500238398763e-05,-1575.65856795355,0.0831394202728055,0.06070886755208,0.9925,0.453578913201813
"sinusoidal",800,"pg_apf",149,733.83,379.265455707995,1047.77503390216,135.799225495579,321.786227075446,12263.4636930512,377.218949557436,13686.2397556712,945.348692837714,0.516830131921555,1.42781711554742,0.1850554290443,0.438502414831018,16.7115867340544,18.6504227895714,0.00206296572671292,0.00194749593797608,4.66052319978665e-07,0.000909330460808212,0.00341350323840108,1.13942719381328e-05,1.07108628629712e-05,1.27609863541334e-11,5.45951315292484e-06,1.88245011196157e-05,-1609.92454036399,0.0904192882161487,0.0728780967499263,0.98875,0.460765022897218
"sinusoidal",800,"pg_apf",14,731.256,450.241943447849,1213.37002068622,186.947858288235,259.108380465474,12022.541116982,456.564984648155,13137.9799560526,1066.43055155875,0.615710426236297,1.65929581526336,0.255653093155112,0.354333339439915,16.4409469692994,17.966320900003,0.00218578100863508,0.00203194788584841,6.26832523990125e-07,0.000911049089111764,0.00376404891909638,1.29024147007251e-05,1.2099486708177e-05,1.81705780447484e-11,6.09367410780027e-06,2.08772155280315e-05,-1599.64405554397,0.123619985319444,0.0967830062704007,0.9525,0.47530739542643
"sinusoidal",800,"pg_apf",150,734.715,534.530259202747,1352.8034596361,200.60352360049,324.358945582136,11913.0685809482,535.03917247546,13700.0666099112,1196.60045237361,0.727534158418907,1.84126288375234,0.273035835120407,0.441475872388798,16.2145438448218,18.6467767908797,0.00228222822541205,0.00213781470524871,6.98384120449591e-07,0.000955217547402352,0.00396470925912785,1.23678605618174e-05,1.17361280717557e-05,1.48179685504272e-11,6.00330501797966e-06,1.99220915910344e-05,-1596.49396339117,0.0863269580320378,0.0711260199407163,1,0.477093757690578
"sinusoidal",800,"pg_apf",151,732.852,521.002740650966,1385.26243940413,214.903583798113,284.375344837265,11775.1123850756,523.175876246457,12875.6393451616,1230.4324731109,0.710924907963635,1.8902349170148,0.293242815463576,0.388039255998844,16.0675175684526,17.5692218144477,0.00174507548981758,0.00166361359346037,3.20771600641944e-07,0.000790173541740066,0.00284829187876,1.15159954924257e-05,1.09181683581198e-05,1.25960265234711e-11,5.77645644772012e-06,1.83401613537031e-05,-1578.51257348556,0.0997900462293962,0.0756696632135405,0.98375,0.452000209209813
"sinusoidal",800,"pg_apf",152,769.338,386.578950296572,945.917939567976,216.53686830981,224.285483846245,11744.1269381866,385.655302271657,12763.2640373272,835.407862553951,0.502482589312594,1.22952192608187,0.281458693460885,0.291530489649862,15.2652370455984,16.589930612198,0.00168724070589124,0.00160416582739983,2.84982669761748e-07,0.000789761918641289,0.00276298230049599,1.1180893145085e-05,1.05573254304183e-05,1.22835187528564e-11,5.38964529243858e-06,1.82406119004729e-05,-1567.4758923288,0.0900734041161074,0.0702542376612545,0.9925,0.44914324078991
"sinusoidal",800,"pg_apf",153,731.924,509.427734309339,1335.36114075594,231.312830052863,273.137219965891,12244.9742932085,509.657615901072,13402.1430762822,1235.70676010772,0.69601179126431,1.82445327760251,0.316033946219639,0.373177023797404,16.7298439362673,18.3108397542398,0.00216664877022562,0.00205623424928194,5.21591983467593e-07,0.000960309488178996,0.0036118386766762,1.24293379403947e-05,1.17358733802211e-05,1.53317876950932e-11,6.0042267293759e-06,2.01924619337546e-05,-1608.87225626245,0.103646010702804,0.0747583337356945,0.9575,0.470840599264849
"sinusoidal",800,"pg_apf",154,737.07,423.885290182959,1025.92257451076,206.120909917636,253.836840764009,11593.2338247221,424.671604781505,12927.4968010944,917.947144353266,0.575095025144097,1.39189300135775,0.279649029152775,0.344386341546948,15.7288097802409,17.5390353712597,0.00174710803300716,0.001622829226013,3.63759270109955e-07,0.000789689694902347,0.00298811138293181,1.12034868771454e-05,1.06061837221069e-05,1.17048405687834e-11,5.52772099336012e-06,1.79892167127573e-05,-1572.37071752462,0.0754913784071876,0.0588743074813104,1,0.45568239730892
"sinusoidal",800,"pg_apf",155,730.82,452.345811611215,1398.9938075655,237.244466449427,332.139947453638,11868.6729670286,450.111224049487,12812.020498349,1214.95160859634,0.618956530487966,1.91427958671834,0.324627769422603,0.454475722412684,16.240213687404,17.5310206320968,0.00181158123677091,0.00170699140116455,3.37622428786806e-07,0.000822267332344112,0.00297996195634331,1.17061740402761e-05,1.11093450268569e-05,1.26203195308159e-11,5.83826635743331e-06,1.87901285271731e-05,-1586.0769496474,0.099188905694829,0.0794717560937353,0.99375,0.452667154419643
"sinusoidal",800,"pg_apf",156,732.865,496.762768871483,1409.88505267449,295.042454035756,208.261672446252,12113.9762569849,498.400610365754,13135.4845268488,1237.57574263012,0.677836666877914,1.9237991344579,0.402587726301237,0.284174673979862,16.5296149454332,17.9234709350956,0.00190482058879359,0.00179601597117214,4.24343687599985e-07,0.000892482903791203,0.00325131372681135,1.16811560443736e-05,1.0844336394926e-05,1.62476977031221e-11,5.56650856204806e-06,1.95696174883467e-05,-1580.03692470172,0.0682456024117846,0.0542091845624311,1,0.460986438412557
"sinusoidal",800,"pg_apf",157,734.52,418.582155917598,1107.19957398065,226.008455718014,258.227099881879,11696.9429583292,418.612885857244,13021.5875829913,964.343243161103,0.569871692966288,1.50737838858118,0.30769544153735,0.351558977130478,15.9246078504727,17.7280231756675,0.00180893261408888,0.00169514673885226,4.09868507360385e-07,0.000767839513315896,0.00307074644620929,1.12185785078725e-05,1.05476057303691e-05,1.22225459081966e-11,5.53053729366641e-06,1.84764312888519e-05,-1578.96888922517,0.126765876189985,0.101419518525414,0.9675,0.460060790487802
"sinusoidal",800,"pg_apf",158,733.514,399.987437334643,970.342181845783,249.954903138578,190.725673254692,11786.0172279127,402.056759157866,12949.7888688892,895.273704305815,0.545303071699576,1.32286797776973,0.340763643418636,0.26001640494209,16.0678831323092,17.6544535876469,0.00182370563678428,0.00171368009325957,4.0395751108585e-07,0.000764632248630412,0.00307075679993134,1.18433953096658e-05,1.12135771645423e-05,1.44668625693209e-11,5.63940683630771e-06,1.91915351356845e-05,-1588.52919585371,0.0704274534963105,0.0559472418384864,1,0.457249525397979
"sinusoidal",800,"pg_apf",159,732.472,507.723675567297,1350.08925047363,247.30326348211,298.526439083393,12135.391246087,509.114626381801,13438.8610535012,1196.75129358226,0.693164620036393,1.84319571324723,0.337628282694916,0.407560205828199,16.5677203307252,18.3472693201942,0.00198693949742729,0.00187651027565998,4.88641034172063e-07,0.000857355942994561,0.00336628781095349,1.17620402814968e-05,1.11850426689791e-05,1.37801009092558e-11,5.61505496930056e-06,1.91322761174782e-05,-1596.41716193066,0.0916059841710096,0.0708699821050301,1,0.464265953876551
"sinusoidal",800,"pg_apf",15,735.185,425.770535734561,1146.80876254268,154.766134496066,220.466025804134,11687.4235213179,425.379991424351,13306.146578313,984.491152923654,0.579133872065618,1.55989140494254,0.210513183071018,0.299878297032902,15.8972551416554,18.0990452448199,0.00217893223986999,0.00204544839403396,6.32866862620668e-07,0.00091379771809499,0.00374093253413839,1.27110163518917e-05,1.1777089607834e-05,2.00091785509541e-11,5.79256257736697e-06,2.16480058315177e-05,-1586.44912083494,0.0862943315027641,0.0668623236900797,1,0.475419300472797
"sinusoidal",800,"pg_apf",160,731.698,357.529027919749,1048.69249492324,292.386247992895,242.235194815492,11793.2377393845,351.117039161289,12869.3527277959,826.453066614707,0.488629226702477,1.43323132620731,0.399599627158875,0.331058981732206,16.1176301416493,17.5883393528421,0.00172235688018592,0.00162203989204558,2.85323342626314e-07,0.000891156005290096,0.0028711372487227,1.13245745230641e-05,1.06585154001697e-05,1.25366457399164e-11,5.68975437637457e-06,1.85135277304354e-05,-1619.28498819675,0.0827787008463498,0.0663979710257586,1,0.448974568448316
"sinusoidal",800,"pg_apf",161,732.464,440.532361649449,1083.00989528014,180.450756661033,281.822632800979,11963.2594626098,439.865712907988,13368.3005610238,979.415963394216,0.601438926212686,1.47858447006289,0.246361263708569,0.384759705324739,16.3328975384589,18.2511366579433,0.00205232432857634,0.00192131636994249,6.07589977881708e-07,0.000834503082531292,0.00359688598463141,1.19217562705681e-05,1.11708187608521e-05,1.51943152733503e-11,5.91093372841704e-06,1.96700809467113e-05,-1590.00843989273,0.0884276875557808,0.0675054233258579,0.995,0.469611518078028
"sinusoidal",800,"pg_apf",162,729.895,373.643730327572,897.308583289926,289.200784463653,287.943786966237,11672.8765307244,373.895863953389,12565.6755832798,787.991542432923,0.511914357993371,1.22936666683554,0.396222449069597,0.394500286981329,15.9925421200644,17.2157304588739,0.00182172638169459,0.00171990254386932,3.64276247152155e-07,0.000886364590051327,0.00310320015786988,1.24250801239784e-05,1.16677865869121e-05,1.80243231177083e-11,5.56573440815014e-06,2.05977299855919e-05,-1591.69564608827,0.112566674302265,0.0913836686207983,0.95,0.459970818234079
"sinusoidal",800,"pg_apf",163,737.04,504.795621086966,1278.65065431987,210.890307037293,228.29896348383,11983.4773758733,505.360922413991,13093.4003227249,1138.94648091031,0.684895828024213,1.73484567231068,0.286131427110188,0.309751117285127,16.2589240419425,17.7648435942756,0.00194348016509488,0.00179169679491491,5.00352636639209e-07,0.000857879313646975,0.00335032832947727,1.17129010252114e-05,1.09437811047089e-05,1.67135090296846e-11,5.31458898247249e-06,1.95752705091796e-05,-1579.88952489967,0.0929056943074036,0.0736717414866903,1,0.46550691403582
"sinusoidal",800,"pg_apf",164,730.684,416.775783231885,1318.36611384665,210.737883018292,292.611255982203,11985.1515068137,412.018306903213,13288.0070756595,1135.4057841059,0.570391281637323,1.80429038250003,0.28841179363212,0.400462109451148,16.4026467074873,18.1857096578816,0.00201658768805798,0.00185444142665005,5.56926300428802e-07,0.000877717505198985,0.00350427974623807,1.19328861750569e-05,1.12860081802526e-05,1.43591547426649e-11,5.87808361935143e-06,1.96181493647551e-05,-1591.31597601379,0.0923813551845903,0.073128483421338,0.9925,0.459886551565896
"sinusoidal",800,"pg_apf",165,741.289,369.346375535276,1069.79000335626,256.057554490831,333.118724502554,11725.0436876278,363.177594086321,12826.6801406276,962.000690839386,0.498248828102503,1.44314835827357,0.345422034443828,0.449377671195113,15.817101950289,17.3032112180642,0.00178037504058464,0.0016844695184626,3.5201556888506e-07,0.00079964913255083,0.0029789399406391,1.18360409926922e-05,1.12473814209886e-05,1.2521921842539e-11,5.87405748542735e-06,1.90222666944714e-05,-1558.92829961036,0.0794597017955472,0.0632262548377911,0.99125,0.45356138544478
"sinusoidal",800,"pg_apf",166,730.349,584.85476740722,1537.46559562332,180.199517435575,223.531759295888,11951.9047128363,585.792421799911,13351.6322803831,1382.50543375017,0.800788071739977,2.10511083827502,0.246730696469188,0.306061566861716,16.3646485623124,18.2811673328547,0.00205090825100413,0.00191300051024838,5.49600638939528e-07,0.000835873646377313,0.0035843734536308,1.20161792592433e-05,1.12735546247659e-05,1.65542398307097e-11,5.50815691908151e-06,2.02123363273725e-05,-1610.04273188451,0.101386834436994,0.0775599341283286,1,0.463906402714087
"sinusoidal",800,"pg_apf",167,730.279,565.828086805199,1468.8633459703,218.576619894016,243.70735999525,11859.999267651,567.475274454861,13093.0166635667,1319.07998264125,0.774810841890838,2.01137283965485,0.299305635098388,0.33371815428795,16.2403674043084,17.9287870301169,0.00182170053448285,0.00171053690165894,3.95717912011291e-07,0.0008261483662719,0.00304868996724798,1.12702651113487e-05,1.0555319506606e-05,1.44890119050698e-11,5.25579777069289e-06,1.87972881958105e-05,-1597.75994881913,0.0922091318728871,0.0730598222618608,1,0.455012348112807
"sinusoidal",800,"pg_apf",168,731.982,579.271135314477,1573.01283592701,172.146543945869,200.989451399372,11999.5671971846,581.017453255761,13311.0536759922,1399.71837691937,0.791373469995816,2.14897748295315,0.235178657324728,0.27458250530665,16.393254475089,18.1849467281876,0.00204902608651065,0.00190588768654241,5.44868171081842e-07,0.000852611169397324,0.00349553581731653,1.23058537601944e-05,1.17161105377346e-05,1.4827992223508e-11,5.93838829758637e-06,1.99486673129488e-05,-1615.28297689155,0.0698296036250008,0.0513807919246764,0.98375,0.464184793246098
"sinusoidal",800,"pg_apf",169,738.402,543.712682892516,1439.36083463839,90.097661578195,271.244056836492,11956.1088849543,542.680172311408,13617.0757101065,1288.10648266693,0.736336958584234,1.9492916252101,0.1220170876815,0.367339277028627,16.1918695845275,18.4412768520487,0.00209026157398901,0.00190107507896926,7.19012769659519e-07,0.000814861232606202,0.0036883190325196,1.16987314335122e-05,1.10580027801954e-05,1.36808488913205e-11,5.63845191520342e-06,1.88391523811569e-05,-1630.41738762879,0.109467828566124,0.0841169928937056,0.9725,0.460984122055146
"sinusoidal",800,"pg_apf",16,737.338,365.149733427842,1097.90618968981,206.495899210081,298.09259459527,11982.8403519445,373.38403277403,13474.9325575496,941.106823610266,0.495227064694675,1.48901343710729,0.280055956983203,0.404282153632757,16.2514889398682,18.2751093223863,0.00208914246596539,0.00198669649931228,5.30929619072638e-07,0.000855745015188944,0.00358295298201884,1.18657543880733e-05,1.1139227966567e-05,1.46802288919733e-11,5.7559627860597e-06,1.99251892042534e-05,-1574.02216851783,0.072980556407782,0.0587571847971522,1,0.468472391102673
"sinusoidal",800,"pg_apf",170,730.835,441.211710560006,1062.64403889856,246.792695917529,225.809838366033,11699.3032370835,440.067011499658,12680.7866507462,983.908383734826,0.603709059582541,1.45401361305706,0.33768592899564,0.308975128949809,16.0081321188551,17.351093818367,0.00185953478484385,0.00174631218814976,4.10343325338794e-07,0.000805261656123297,0.00313407875870512,1.18265116825816e-05,1.11992489869479e-05,1.38553202344089e-11,5.5057181657049e-06,1.92296161600418e-05,-1548.80559017441,0.077734583925898,0.0625271363900737,1,0.461690491589266
"sinusoidal",800,"pg_apf",171,731.782,380.06372010246,1094.59359806056,229.536848450896,363.880136821277,11987.9011618065,380.816402297773,13075.1771804296,906.960249168276,0.519367407373315,1.49579191352146,0.313668344467199,0.497252100791324,16.3817928861417,17.8675851283984,0.00184033878786224,0.00172643357127631,3.78921905581561e-07,0.000857531540895369,0.00309373329160326,1.11561995157445e-05,1.04577614403026e-05,1.23061800771078e-11,5.82311532993454e-06,1.82539523803201e-05,-1589.18007071784,0.0984918049986179,0.078640922003964,0.97125,0.462888491966825
"sinusoidal",800,"pg_apf",172,731.57,355.930533891756,885.705169123071,223.489133231879,325.145810300536,11857.1907117706,353.892157569963,13034.229514889,786.54339094329,0.48652970172609,1.21069093746746,0.305492479505555,0.444449349071908,16.2078689828323,17.8167906213882,0.00177539067038771,0.0016733722515822,3.49505907202698e-07,0.000812452566676388,0.00297586034878716,1.14262183612904e-05,1.09646683959279e-05,1.07453044813797e-11,5.87518930924003e-06,1.80399188719291e-05,-1582.24164040577,0.0913719840761615,0.0652052174086695,1,0.455947442872677
"sinusoidal",800,"pg_apf",173,731.427,557.13612156604,1504.59342301437,134.223782476996,363.092266817372,11744.780085682,556.483668505169,13438.4620927266,1354.3651012704,0.761711177692428,2.05706574000463,0.183509471863899,0.496416275058716,16.0573510216085,18.3729368655062,0.00196425272276797,0.00179628444640985,5.73830249882553e-07,0.000836090613230051,0.00354112353685132,1.13710056132865e-05,1.0809078433826e-05,1.11048732756328e-11,5.72794651732849e-06,1.80664136616892e-05,-1585.18786621156,0.0570805350414649,0.0457102337025249,1,0.461950303535317
"sinusoidal",800,"pg_apf",174,738.444,396.100460905094,1056.23629740119,129.952212546013,270.839750238311,11711.6964385161,396.448118690851,13100.1024341831,925.191857239104,0.536398780280014,1.43035395697059,0.175981134041326,0.36677087258927,15.8599656013403,17.7401433746948,0.00211801554000713,0.00195944722673658,6.96996351552709e-07,0.000782499893081771,0.00379285897222802,1.26661492306928e-05,1.18839521644687e-05,2.02455190953381e-11,5.86352823143005e-06,2.12091619508587e-05,-1578.47848102755,0.0935123629375864,0.0726088709085942,0.98,0.471031429423625
"sinusoidal",800,"pg_apf",175,731.024,569.072973887834,1474.4429563796,274.206073425441,297.33075364911,11985.0082066789,574.05577398487,13214.433253637,1365.99722821352,0.778460042198114,2.01695560799591,0.375098592420277,0.40673186331654,16.3948217933733,18.0766065869753,0.0018846579113283,0.00178221825051176,4.06833750724956e-07,0.000834116455176305,0.00312256815710491,1.17408161807375e-05,1.11154976248267e-05,1.25434690341837e-11,5.93985975847767e-06,1.91329285002442e-05,-1578.86916436616,0.091267824917188,0.0741595163679045,0.98875,0.454423695150664
"sinusoidal",800,"pg_apf",176,736.547,532.368292178614,1485.11261954712,204.278119905954,254.787479515078,11909.5711030556,535.194267932631,13277.6262151198,1321.45688115026,0.722789302215085,2.01631751883738,0.277345668241069,0.345921549493893,16.1694652249695,18.0268553332236,0.00227535427503127,0.00213393068388219,6.7998272021223e-07,0.000927349666293359,0.00390702847286093,1.27285984708824e-05,1.19194970642982e-05,1.79796089709021e-11,6.16588583614323e-06,2.12818620194825e-05,-1564.17155175546,0.101089705901598,0.082826319616397,1,0.483304567508668
"sinusoidal",800,"pg_apf",177,732.806,429.8307259571,1278.35912470012,232.174990898389,409.65898243722,12055.9896004829,428.707830578215,13347.7968192555,1122.09854533009,0.586554594199692,1.744471421768,0.316830089953397,0.559027877005947,16.4518161702864,18.2146390985547,0.00183246526409365,0.00173225175992375,3.52187508183471e-07,0.000884590002044894,0.0030829341981208,1.10689813352546e-05,1.06002359953402e-05,9.80078704983132e-12,5.68811477241859e-06,1.72091653548629e-05,-1538.5254892113,0.0905401269049659,0.0715093784916921,1,0.456657318234748
"sinusoidal",800,"pg_apf",178,729.168,296.133741036311,684.933564383149,271.981192924826,246.660221454854,11687.4761807093,297.01946408359,12708.027912293,631.143320276564,0.406125530791685,0.939335742082962,0.373002096807356,0.338276256575788,16.0285094528413,17.4281206968669,0.00168367378801648,0.00159491995370184,2.88155376401392e-07,0.000794107888879216,0.00275650930105019,1.10989940592084e-05,1.04642260529448e-05,1.18864673440499e-11,5.59269229750252e-06,1.814928921203e-05,-1542.30422810521,0.0862679631426118,0.069528333336469,1,0.454707991818739
"sinusoidal",800,"pg_apf",179,739.727,426.423680548086,1042.84638744594,234.380437503128,287.878477966647,11863.3421700357,425.692358040927,13101.4958361577,948.021416200132,0.576460884283101,1.40977196647674,0.316847211881042,0.38916854186294,16.0374599954249,17.7112581211146,0.00202445578523569,0.00188671993328865,5.4490158759049e-07,0.000862737964301789,0.00353835528994492,1.2176165376076e-05,1.14544884269425e-05,1.51058888196616e-11,5.65315343639795e-06,1.9762983861747e-05,-1597.85105534343,0.103155218734695,0.076001604204955,0.97625,0.466381165271448
"sinusoidal",800,"pg_apf",17,732.554,403.683957916372,974.826439182935,244.574845848225,315.937562832694,11927.0873479914,404.798628074368,12890.2704452834,891.936753219239,0.551063754912774,1.33072297630337,0.333865961892536,0.431282284763572,16.2815128277115,17.5963416284444,0.00177565500479745,0.0016795682276924,3.49944362029294e-07,0.000809394671297475,0.00294124036319606,1.13916536133406e-05,1.08352806656768e-05,1.16554399744545e-11,5.66187644300209e-06,1.82372215172277e-05,-1568.36235565913,0.0730064935194242,0.0591574011187711,1,0.454190897821096
"sinusoidal",800,"pg_apf",180,730.696,453.76726226669,1192.27007875278,249.643165353963,310.614590294964,12013.2466186993,454.169852249855,13358.1440128861,1042.59115730936,0.621006906109641,1.63169098880079,0.341651200162534,0.425094143522017,16.4408271274228,18.281397479781,0.00199743966083717,0.00186932935049524,4.48839191158694e-07,0.000901988649701459,0.00328762100939366,1.17811143117802e-05,1.11807120399559e-05,1.34261576174372e-11,5.88797934901121e-06,1.90169782274527e-05,-1563.19351719848,0.0963151233757056,0.0740952751406158,0.985,0.465494693349908
"sinusoidal",800,"pg_apf",181,734.202,644.035968539949,1543.19511553871,199.159723156305,271.652246333081,11922.65282407,651.455391511498,13215.7029575518,1433.37215754361,0.877191792640103,2.1018672184749,0.271260120724685,0.369996603568338,16.2389271945187,18.0000911977246,0.00225117243570737,0.00209340054325402,6.65997646383191e-07,0.000902287375172671,0.00392887022263523,1.24745108923705e-05,1.17382371218507e-05,1.52142994964542e-11,6.32571351548289e-06,2.04923738355971e-05,-1572.54491341975,0.118985062537253,0.0980550572056952,0.9775,0.480824347227328
"sinusoidal",800,"pg_apf",182,739.628,453.726909265998,1437.25210142865,320.501305672428,293.643906182936,11902.7214882244,454.801201750608,12838.3295154682,1270.45163753204,0.613452856389966,1.94320942612861,0.433327707540045,0.397015670286868,16.0928486863997,17.3578197627296,0.00189783595118321,0.0017829088581193,4.1430321108006e-07,0.000876890551788857,0.00320024197023108,1.19859343762968e-05,1.13125125019747e-05,1.42578262472268e-11,5.91560901597024e-06,1.94924134509621e-05,-1566.46511909384,0.109773975287208,0.0829476091556418,0.9725,0.465248903461055
"sinusoidal",800,"pg_apf",183,732.346,369.287093376754,889.031559975181,300.878655880661,266.039939448986,11721.6309937728,371.408297826021,12863.1503655682,821.822323235585,0.504252215997294,1.2139501819839,0.410842219225148,0.363270830248252,16.0055916107589,17.5643075343733,0.00165712403977283,0.00155873842303858,2.93080424985233e-07,0.000761443322032676,0.00274326020888576,1.10206368234349e-05,1.03440379062924e-05,1.2616313184158e-11,5.74382703553544e-06,1.81023931692866e-05,-1587.83070329804,0.0842423852257095,0.0679698393114176,1,0.444163648670981
"sinusoidal",800,"pg_apf",184,732.732,528.968105825551,1302.60020197239,210.881537547031,310.451926098725,11797.6553370558,530.596637668326,12862.9054800156,1188.43849722614,0.721912112239606,1.77773074189798,0.287801730437637,0.423690962178157,16.100914573208,17.5547205253976,0.00195954760532798,0.00184006545930221,4.93088952505832e-07,0.000807401151368159,0.0032905187484286,1.20669564082111e-05,1.14273494740187e-05,1.411567590102e-11,5.89904043811898e-06,1.95469101194951e-05,-1590.47610525336,0.0954058655087206,0.0722186531270696,0.9975,0.461074228163487
"sinusoidal",800,"pg_apf",185,735.257,316.847604894565,877.577578333632,280.160295226988,292.375196912928,11825.0132445489,317.827661152818,12982.4918249056,765.267321018978,0.430934496229978,1.19356575773319,0.381037236268391,0.397650341190805,16.0828298738386,17.6570802112807,0.00173443241489672,0.0016188927341726,3.65990370792108e-07,0.000775368549651934,0.00298074054360026,1.12025650225184e-05,1.0567441525508e-05,1.22508605946573e-11,5.58401312906644e-06,1.8408281569385e-05,-1592.56071947276,0.0797064388703822,0.0666701011844142,1,0.452234521976893
"sinusoidal",800,"pg_apf",186,731.9,353.358921482626,1012.40347013473,213.281622375391,327.232564335734,11980.496216367,347.986662572465,13161.1065195381,914.027550185678,0.482796722889228,1.38325381901179,0.291408146434473,0.447100101565424,16.3690343166648,17.9821102876597,0.00200372683231865,0.00189466973811535,4.94408182826285e-07,0.000827576628935332,0.00348537270460876,1.18983382934708e-05,1.11741112140681e-05,1.41677424040313e-11,5.79563305182933e-06,1.95428577485872e-05,-1579.77790016621,0.0922460964861217,0.0743244683412584,1,0.464940143532668
"sinusoidal",800,"pg_apf",187,730.635,482.95230814224,1277.1213804114,270.084134857448,295.350435907989,11934.9158305131,483.322564518453,13193.7251400579,1149.60883591046,0.66100352178891,1.74796085653083,0.369656716222804,0.404238006539502,16.3349905637057,18.0578881932263,0.00185282006902119,0.00175283660325806,3.74652470465072e-07,0.000867797741454596,0.00312559210569606,1.1621191512159e-05,1.0959094298377e-05,1.26692455548854e-11,5.87003555418449e-06,1.91481571364075e-05,-1610.65939478941,0.100117906628157,0.0794519456270252,0.9725,0.457675650366066
"sinusoidal",800,"pg_apf",188,738.953,336.7814912862,974.812795251682,232.355517424354,296.669005023572,11863.192766642,339.394685016476,13143.8719691392,804.6335863243,0.455754955032594,1.31918105109754,0.31443883091936,0.401472089596459,16.0540558961692,17.7871555689458,0.00198646653318284,0.00187944847850043,4.74307628354278e-07,0.000821290576325553,0.00328532675902604,1.17725442596765e-05,1.1075777286016e-05,1.44889067574363e-11,5.71610048677095e-06,1.95898457333689e-05,-1566.59141684477,0.113968329759541,0.0883026491719793,0.9875,0.468710675465989
"sinusoidal",800,"pg_apf",189,729.974,458.982692562452,1310.64925651635,207.381398365739,330.104098507252,11970.7405263291,450.50813845291,12955.2901627832,1139.84336523597,0.628765808867784,1.79547388881844,0.284094225774806,0.452213501449712,16.3988587625438,17.7476049322075,0.00172226444903238,0.00161475188140044,3.13902693518536e-07,0.000835336259618939,0.00288711130394849,1.10605817086756e-05,1.04809626811168e-05,1.0896308503526e-11,5.73623599397019e-06,1.76204184556353e-05,-1586.83193869987,0.089176569438638,0.0664608235784892,1,0.451201235204488
"sinusoidal",800,"pg_apf",18,730.332,475.501667997353,1246.99086708266,232.674287186706,352.387669277348,11796.4026234708,475.118699349724,13159.6862987979,1104.13829693763,0.651076042125161,1.70743013736583,0.318587008629919,0.482503394726437,16.1521097575771,18.0187726935118,0.0018597367913186,0.00174292137402982,4.52951292066457e-07,0.000750293186396017,0.00320158600977817,1.13783190024225e-05,1.07282896730401e-05,1.32550277143353e-11,5.3645979003048e-06,1.87645275774215e-05,-1582.05789456388,0.0848694801456301,0.0670915029938602,0.99625,0.456597658456546
"sinusoidal",800,"pg_apf",190,729.923,490.2764858277,1219.87219656997,255.68048624058,215.084392693675,12008.4674804144,495.204912727677,13113.6146259299,1127.32698819422,0.671682473120727,1.67123408437598,0.350284189209793,0.294667235713459,16.45169076795,17.9657506694951,0.00184167133165138,0.00172736777876441,3.50219136892648e-07,0.000899518990365096,0.0030805331547271,1.19744483423885e-05,1.12615831324977e-05,1.50728205644341e-11,5.63566148426996e-06,1.97648864222343e-05,-1559.53518169597,0.0866713981875686,0.0672505282848951,1,0.455396712299845
"sinusoidal",800,"pg_apf",191,739.572,581.203696907784,1505.90443494906,209.392893828648,272.877793559856,12039.0763491607,584.76105652005,13727.608832735,1390.65230336524,0.785864928509711,2.03618367778805,0.283127124645941,0.36896717771881,16.2784371895646,18.5615583509584,0.00227740766923671,0.00213294974249906,7.09075544607798e-07,0.000913039030193012,0.00392554321580009,1.22918294161053e-05,1.16845090499508e-05,1.49927706236864e-11,5.65122049749226e-06,1.97307521354479e-05,-1594.50752016903,0.0685037707435767,0.0562733797313352,1,0.476026206686566
"sinusoidal",800,"pg_apf",192,738.2,507.543645795268,1250.10684646118,170.621068999951,259.122174398464,12012.0204924551,511.804507012713,13486.3842775313,1150.11740032318,0.687542191540596,1.69345278577781,0.231131223245666,0.351018930369093,16.2720407646371,18.2692824133451,0.00213496450484107,0.00195213796622958,6.65890539268141e-07,0.000865493763781344,0.00378729572681333,1.20800614688416e-05,1.14327249197858e-05,1.42359312993624e-11,5.94298511040676e-06,1.95397691087865e-05,-1578.91864573237,0.0899345272914105,0.0717743384918639,0.9825,0.466209618519482
"sinusoidal",800,"pg_apf",193,731.341,451.329935496229,1165.08435541362,266.576041191659,343.698368385363,11685.2788909586,452.363899608246,12702.3706769859,1049.24848021012,0.61712653262463,1.59307950109952,0.364503072016555,0.469956379288681,15.9778802104061,17.3686018929417,0.00166163758877691,0.00156931543781226,2.82834318508978e-07,0.000791535423468539,0.00277092442638401,1.12697712613625e-05,1.06735778886462e-05,1.21969778711044e-11,5.47027644857888e-06,1.81812148201589e-05,-1540.97847792078,0.0967293274342038,0.0763266215741688,0.9775,0.452659880074871
"sinusoidal",800,"pg_apf",194,738.251,371.184024414706,884.961588213255,242.551159456178,225.542099420643,11976.0829681554,371.151846182044,13266.5378945497,784.333465381521,0.502788380123706,1.19872724617136,0.328548365604893,0.305508694767286,16.2222373801801,17.9702267854018,0.00203965104232242,0.00191223494111173,5.16348921479631e-07,0.000883843151930102,0.00349330935205713,1.20346983253455e-05,1.14259979656847e-05,1.48892270162277e-11,5.4739599555376e-06,1.970267837075e-05,-1568.92157588193,0.0784328398967011,0.0617356494638147,1,0.469984032094043
"sinusoidal",800,"pg_apf",195,737.598,393.073756786689,980.849109768008,210.624988604794,274.186836012043,11823.1869924563,391.809286489594,13032.3743863847,868.034332089096,0.532910551257852,1.32978819054283,0.285555259917724,0.371729364792263,16.0293099933247,17.6686682805331,0.00223516140106823,0.00207049337722114,7.60076386145268e-07,0.000838678820294122,0.00400848891596877,1.28846060936751e-05,1.21999224992121e-05,1.65346976678384e-11,6.32628321564645e-06,2.08537625665147e-05,-1571.83418029438,0.108084195994829,0.0900553343649855,0.9925,0.474595282197674
"sinusoidal",800,"pg_apf",196,732.774,360.802469394653,900.135649504931,212.507222200538,231.387631359867,11716.3521721169,356.212291035083,12918.3052217121,772.154909283604,0.492378918185761,1.22839463395935,0.290003769512207,0.315769434177342,15.9890391472908,17.6293171178455,0.00191190454741776,0.00181118992615626,4.41626686741143e-07,0.000843122280346481,0.00327033880796073,1.20952321633265e-05,1.13660993148452e-05,1.55107876730567e-11,5.87869531400517e-06,2.02088408634169e-05,-1571.67766284608,0.0896829988369114,0.0705872031707869,1,0.4643108168568
"sinusoidal",800,"pg_apf",197,732.716,341.386177921314,905.002557280142,226.887544242588,234.837878489413,11988.2358554216,341.521387272779,13419.4521628545,821.774860563917,0.465918825194638,1.2351341546795,0.30965277712318,0.320503276152579,16.3613676450652,18.3146705720286,0.0020910505426964,0.00194713057859638,5.47710707418771e-07,0.000928790313633087,0.00359578445047591,1.17445295195281e-05,1.10947084102942e-05,1.43585542756851e-11,5.74177244782656e-06,1.90266524269731e-05,-1589.70409878892,0.104524769736783,0.0849813075182759,0.985,0.468573378010239
"sinusoidal",800,"pg_apf",198,729.333,452.429025471916,1138.00855553718,302.749595720016,338.751054437865,11791.6911072767,452.990465293929,12677.4780695665,1035.29199708256,0.620332585351158,1.5603415114045,0.41510475423437,0.464466923117238,16.1677739897642,17.3822904894835,0.00161740516728233,0.00153760531217376,2.62614372012431e-07,0.000777157544418451,0.00259192379007346,1.09805188660461e-05,1.04181056780395e-05,1.10952318987009e-11,5.53838747335859e-06,1.73660239119095e-05,-1553.95306842407,0.0968241520665086,0.0746308108869486,1,0.44601609320038
"sinusoidal",800,"pg_apf",199,736.825,411.402488433999,1159.91222616159,201.108975484202,271.028921011777,11982.6953931996,409.828435904673,13549.191763794,1025.91073023959,0.55834491016727,1.57420313664926,0.272939945691585,0.367833503222308,16.2626069870045,18.3886157008706,0.00218845389737615,0.00203256732670742,6.47943490710033e-07,0.00095653004859036,0.00374233581666977,1.18886339122178e-05,1.10644849130573e-05,1.60363831006434e-11,5.77874853902731e-06,2.04126128806463e-05,-1575.29118549083,0.0978724841848987,0.0777786525791645,0.97875,0.470524252019988
"sinusoidal",800,"pg_apf",19,737.5,485.018410191583,1538.17037036414,238.377221618619,248.784175562291,12070.8789939892,486.100465956165,13453.233803266,1341.81209437677,0.657652081615706,2.0856547394768,0.32322335134728,0.337334475338699,16.3672935511718,18.241672953581,0.00212009647059861,0.00200878931322931,4.99666287109161e-07,0.000901433733650901,0.00351002138742089,1.19718392725538e-05,1.11987721899281e-05,1.57582349602848e-11,5.66331697257172e-06,1.99306874282163e-05,-1582.93249590584,0.0922461765850793,0.0709832982531831,1,0.470738089954062
"sinusoidal",800,"pg_apf",1,731.582,510.524490668549,1450.58494915218,254.518470267908,255.841308870955,12013.0697014171,511.772007983006,13073.6449573144,1280.33892179625,0.697836320014092,1.98280568569508,0.347901493295226,0.349709682401912,16.4206742394115,17.8703753746188,0.00182767125315409,0.00171441166203145,3.96452909616834e-07,0.00084287968414572,0.00304726397175735,1.14231222014257e-05,1.06928692004739e-05,1.40949793385517e-11,5.73756524995364e-06,1.84485750111384e-05,-1594.14795964711,0.0833234910956178,0.0662800883305261,1,0.453889486367188
"sinusoidal",800,"pg_apf",200,734.017,509.258027662606,1287.43366277117,168.725055222149,258.434612003703,11893.8286528575,511.803658715259,13200.3111669,1125.60707723182,0.693795957944579,1.75395619280094,0.229865323585352,0.352082597547063,16.2037509388168,17.9836586440096,0.00221231886306651,0.00201531236197637,7.94595204981125e-07,0.000812913008249937,0.00401009488091432,1.24381217855688e-05,1.18731556160365e-05,1.37058633053513e-11,6.06514924078893e-06,1.97539245768093e-05,-1579.23128198925,0.0955280031700747,0.0769855318201261,0.9875,0.477055870763072
"sinusoidal",800,"pg_apf",20,737.897,445.732236586747,1098.2893158938,288.067987934704,235.783104364977,12343.7927313678,445.472352283214,13671.526989857,975.457543554518,0.604057526438984,1.48840463627552,0.390390512408513,0.319533897501924,16.7283411253438,18.5276901652359,0.00224498600152778,0.00212663100112221,5.66222231954885e-07,0.000957964693464842,0.00376099198434976,1.2070524553344e-05,1.14040084860067e-05,1.50605778350616e-11,5.80936709263989e-06,1.97087660458922e-05,-1605.14238148354,0.0761467525195862,0.0582975085092457,0.995,0.473540776336347
"sinusoidal",800,"pg_apf",21,731.123,484.125401799447,1305.4705907737,239.263199246577,328.761941564058,11702.3265183431,488.184969141416,12954.9416357776,1132.18591268332,0.662166833486906,1.78556903663775,0.327254373404444,0.449667075942157,16.0059614023128,17.7192368941719,0.00183444857060415,0.00171624810981635,3.8223179493656e-07,0.000856569081342545,0.00312653835132135,1.20190010280113e-05,1.13262580809702e-05,1.46925950699058e-11,6.01648475101013e-06,1.97173823025803e-05,-1563.59735608469,0.0806286016884808,0.0647436155014853,1,0.457494128629957
"sinusoidal",800,"pg_apf",22,733.376,404.145109901619,1211.31656230275,143.111323865503,291.378953811969,11999.224033605,408.342287334721,13353.0564120911,1016.40937970429,0.551074905507705,1.65169921336769,0.195140451644863,0.397311820692208,16.3616262784779,18.2076539348044,0.00212205297854795,0.00200077627844067,6.64205321753345e-07,0.000806954464182822,0.0036239105045245,1.21047087800391e-05,1.13521053060911e-05,1.5356877338772e-11,5.81387472828361e-06,2.00275705861443e-05,-1633.46061460618,0.0921826523863477,0.0728964203100141,0.97375,0.465473680587397
"sinusoidal",800,"pg_apf",23,732.14,435.34427667532,1077.53009140916,276.486174144394,222.974006355045,11937.5449377519,438.738940592325,13006.3111600587,964.901280192803,0.594618893483924,1.47175416096534,0.377641126211372,0.304551050830503,16.3050030564535,17.7647870080294,0.00171396319012827,0.00163871957756631,2.83132432604899e-07,0.000793569525889185,0.00277490784807065,1.08235148516022e-05,1.03373562144613e-05,9.90228565839361e-12,5.48530003068369e-06,1.7157602687866e-05,-1584.58870447507,0.0797335642754304,0.06308979598405,1,0.447890295639317
"sinusoidal",800,"pg_apf",24,729.779,473.955476090901,1154.37463297395,242.927689486044,341.884980997632,11783.3718768515,472.905003128164,13075.3319110246,1034.65248840141,0.649450691361222,1.58181399159739,0.332878432355609,0.468477417132628,16.1464934957727,17.9168377152872,0.00177770858587419,0.00166108420385576,3.76161774978104e-07,0.000736387079096248,0.00296201067121918,1.13102113462226e-05,1.0766695375407e-05,1.19298787744157e-11,5.62385326293375e-06,1.79436408784229e-05,-1556.73003206581,0.0749167510033329,0.0613331800120589,1,0.45599091958159
"sinusoidal",800,"pg_apf",25,734.49,573.834839488806,1578.0410284604,165.671721036547,233.791673526049,11700.7961401431,575.249010503243,12884.2928652824,1411.71371690579,0.781269778334363,2.14848538232025,0.225560213258924,0.318304774096378,15.9305043501519,17.5418220333598,0.00187232610519682,0.00174348507443482,4.46010767479412e-07,0.000840105419238429,0.0032731212118161,1.20475400915602e-05,1.14442755118466e-05,1.41629353422387e-11,5.92205576072795e-06,1.99667379346556e-05,-1562.24748756317,0.109228757546991,0.0891217172402096,0.96625,0.462867063374648
"sinusoidal",800,"pg_apf",26,729.664,490.727555782186,1308.23672492111,210.337571956058,231.619820629435,11754.5224430047,491.962961517661,12575.5418089684,1159.40227520309,0.672539080703154,1.79293034180268,0.288266341708044,0.317433531912544,16.1095003220726,17.2347022862144,0.00185773133634196,0.00173427258713673,4.93365590182511e-07,0.000729553571525482,0.00318838224428057,1.18102003415653e-05,1.11084807337558e-05,1.36470678223781e-11,6.07059093750897e-06,1.93374629878463e-05,-1583.17825503608,0.0908022528827891,0.0701947373885023,0.99,0.459795647402542
"sinusoidal",800,"pg_apf",27,730.396,547.527486195326,1413.23706560773,213.82820912687,324.078635834849,11872.2474853082,548.498555375351,13162.216479872,1257.9523704543,0.749631003175437,1.93489157334888,0.292756544568796,0.443702643271388,16.2545351909214,18.0206579442822,0.00196917201259093,0.00181838220253073,5.63711029150215e-07,0.000776310093547695,0.00337693660406338,1.17522279110175e-05,1.10990398787878e-05,1.3232245014543e-11,5.79977809468865e-06,1.92030816507499e-05,-1574.4671922929,0.0922330363430568,0.0728201472502821,0.9925,0.4637563993201
"sinusoidal",800,"pg_apf",28,729.666,385.789085564029,932.919789081682,262.086705839703,262.087694466411,11738.2956964488,387.231719409791,12878.5312445512,837.489787532411,0.528720106958565,1.27855729756037,0.359187225168369,0.359188580071445,16.087217571394,17.6498990559396,0.00182261836400139,0.00170096466108453,3.94498418504484e-07,0.000854442280697509,0.00315564117036365,1.17270183965787e-05,1.11735390907702e-05,1.15834016568517e-11,6.22164192253585e-06,1.89530224371485e-05,-1569.52872178784,0.0916603518363849,0.0704962232117959,1,0.457701015936909
"sinusoidal",800,"pg_apf",29,737.182,524.974331180151,1398.53793262283,228.726092031584,249.931233046487,11975.3243992927,523.600417938546,13601.1722873977,1255.36705237333,0.712136665274181,1.89714064182635,0.310270858528266,0.339035995244711,16.2447325074306,18.4502229943185,0.00223705684036457,0.00210596080590239,6.50959070128406e-07,0.000946322823867826,0.00381056267445181,1.21814078444881e-05,1.15191499775469e-05,1.44375974535719e-11,5.9653005704491e-06,1.99019625019628e-05,-1590.5268260022,0.0948192969482771,0.0698312712499279,0.965,0.473808512706832
"sinusoidal",800,"pg_apf",2,734.86,422.936606566191,1206.02534365008,193.855410001869,330.683754028277,11861.15450648,423.917294651782,13218.0754946598,1023.95518283742,0.575533579955626,1.64116341024151,0.263799104593894,0.449995582870584,16.1406995978553,17.9872023169853,0.00194209849635143,0.00182670714974174,4.71852877514554e-07,0.000814453860601667,0.00327880694975083,1.16926240700141e-05,1.11711578209139e-05,1.21785215472833e-11,5.96314957134132e-06,1.8520352877799e-05,-1565.64048113752,0.128887563133672,0.100292269550269,0.955,0.466527533959123
"sinusoidal",800,"pg_apf",30,730.021,506.274166835239,1261.58482883614,222.225608371787,205.615236123813,11871.2934353756,507.41118884929,12625.1789486937,1102.61238927644,0.693506305757286,1.72814868179976,0.304409884608507,0.281656604568654,16.2615780030651,17.2942681767973,0.00189214978666722,0.00178581814469224,4.07237824518589e-07,0.000883581730837877,0.00317475303148013,1.23204246662684e-05,1.15870440941855e-05,1.59969131190912e-11,5.73014749567045e-06,2.01834967059999e-05,-1565.27671630483,0.121712288693662,0.0903295661459988,0.93375,0.461706234735758
"sinusoidal",800,"pg_apf",31,734.879,606.984876815432,1877.63181509132,209.964159699613,265.190119450819,12056.1964457879,609.410773632437,14135.3724984236,1636.49693530148,0.825965739686985,2.55502173159298,0.285712559073824,0.360862290868046,16.4056891621449,19.2349658901991,0.00267546481064898,0.00253188726734571,9.58753375332891e-07,0.00100960917718317,0.00461458122668879,1.2984543985841e-05,1.21855015880795e-05,1.90081092318233e-11,6.17507688818429e-06,2.15457456343775e-05,-1558.95732175477,0.0945434587222624,0.0734433509018467,0.9975,0.492384366090268
"sinusoidal",800,"pg_apf",32,731.059,236.471894385276,568.103927095975,265.916697310137,261.141902282875,11591.0752001252,235.552387557808,12387.2090796984,509.995531970751,0.323464856304726,0.777097234417434,0.363741773660043,0.357210433470999,15.8551843286591,16.9441988672575,0.00184054507782324,0.00172828264260394,4.04730739292743e-07,0.000790804139801542,0.0030943111573856,1.22973956990925e-05,1.16098711116161e-05,1.6278435041111e-11,5.71283861242844e-06,2.01741136032311e-05,-1620.37997048745,0.0979738197113409,0.0787500220077791,0.99625,0.463448032373657
"sinusoidal",800,"pg_apf",33,731.265,457.50463067616,1144.90495668375,227.233637258191,260.113565722945,11722.7702500577,457.120303158351,12681.6573088119,1055.39851026814,0.62563452466091,1.56564987615126,0.31074048020648,0.355703562624965,16.0308099663702,17.3420816103764,0.00180822631241206,0.00169017253071217,4.04823465018063e-07,0.000852057475154921,0.00308276416455182,1.16352380872611e-05,1.10114519981554e-05,1.39894931698972e-11,5.56205527051363e-06,1.88318371645239e-05,-1598.32482291395,0.102640548274082,0.0808980485287203,0.99,0.4568268889086
"sinusoidal",800,"pg_apf",34,730.993,546.851977719969,1537.87930314419,216.313505133984,227.765118736024,11984.9895831261,546.643614043302,13271.435662631,1395.71655891202,0.74809468451814,2.10382220232505,0.29591734138902,0.311583173485962,16.3954915890113,18.1553525993149,0.00207585908615147,0.0019527296790705,5.64147563594876e-07,0.000874565223535171,0.00360489180189877,1.2095326265389e-05,1.15058054941484e-05,1.46308562333038e-11,5.95087005055103e-06,1.98337289270445e-05,-1592.02452685733,0.105822434917568,0.0787028888491626,0.9775,0.471501183491083
"sinusoidal",800,"pg_apf",35,729.716,414.010741495,1049.16965796951,155.83605506552,316.791547288519,11657.691770368,415.76035997111,12591.4047951754,939.132234133705,0.567358727909214,1.43777806430105,0.213557130535058,0.434129918061985,15.9756559680314,17.2552127062794,0.00169244139865492,0.00160934117245577,2.87059676220687e-07,0.000806576148263362,0.00276793180263056,1.11401664563008e-05,1.06097912252337e-05,1.05491576047798e-11,5.78205246375915e-06,1.78443818937808e-05,-1546.30757230805,0.0863789099771359,0.0710910482794686,1,0.452878838716032
"sinusoidal",800,"pg_apf",36,734.583,357.813890188923,921.951277491666,202.069670696984,334.042072598415,11806.4093344288,359.397287979498,13097.2348709789,800.483189291876,0.487097972848436,1.25506753830631,0.275080788279859,0.454737003985138,16.0722604993974,17.8294826738149,0.0019128425785784,0.00181210755652654,4.24924168386272e-07,0.00081220120082394,0.00324812946425453,1.19265337456809e-05,1.13529294703382e-05,1.2921317078869e-11,5.72839020106419e-06,1.88228638287698e-05,-1572.17520215377,0.0912931928073963,0.0738326319957993,1,0.465279472471445
"sinusoidal",800,"pg_apf",37,733.167,385.084296215988,895.816854527015,207.805514999945,247.441137005167,12129.2187173851,386.238963045254,13477.713342779,790.361450138444,0.525234082024951,1.22184557478312,0.283435445130434,0.337496282572957,16.5435960939119,18.3828695819356,0.00217566409044487,0.00201443968454074,6.46096158362614e-07,0.000939100911098281,0.00384913537393812,1.21714498751979e-05,1.13972854892989e-05,1.76939803123663e-11,5.64595056802109e-06,2.01711511345065e-05,-1576.30850894705,0.0815325462720238,0.0634635209044538,0.99625,0.471324528855536
"sinusoidal",800,"pg_apf",38,734.659,499.400567005082,1277.6793791442,245.574625461902,233.132297894477,11915.6746854989,496.892715763299,13226.3629166421,1181.33988040648,0.679771930929972,1.73914616052373,0.334270219873304,0.317334025574419,16.219327178322,18.0034041870338,0.00205032796201979,0.00192714346309383,4.77793612506905e-07,0.000932240847428982,0.00339459389716034,1.23515843300506e-05,1.16311491151451e-05,1.55563999303665e-11,6.27224065264725e-06,2.04731205177993e-05,-1564.72801577451,0.0854656973958589,0.0702392368158092,1,0.47016011168068
"sinusoidal",800,"pg_apf",39,731.269,370.948593217991,949.593993624369,277.887653866384,248.138437230456,11884.8010106294,370.355491240831,12901.0127816907,838.180565796982,0.507266947208197,1.29855633648407,0.380007430735316,0.339325798345692,16.2522970488691,17.6419522524416,0.00178287917345945,0.00167320662245197,3.19387200259183e-07,0.000868822481585622,0.00296076600253062,1.15316813850711e-05,1.09150318817531e-05,1.28945456492522e-11,5.58059497615747e-06,1.87226288340791e-05,-1575.95860019403,0.0745128387341723,0.0544258523711511,1,0.453775579517431
"sinusoidal",800,"pg_apf",3,731.898,482.13954790634,1251.38277754746,246.546152799914,269.319817650702,11824.8025861518,479.123317639702,13292.5876281868,1092.92082634629,0.658752377935641,1.70977756128239,0.336858623469273,0.367974523295189,16.1563531887665,18.1618034592072,0.00201440905021012,0.00188651712784585,5.3870163148331e-07,0.000869169612651312,0.00346890966749673,1.18267794169037e-05,1.12241867285224e-05,1.45832912350825e-11,5.65754074789363e-06,1.91023911990085e-05,-1567.62156436052,0.102129308607437,0.0765267050613083,0.95875,0.467720659252915
"sinusoidal",800,"pg_apf",40,730.953,503.707146222836,1386.44591009036,216.017792885955,262.329369053558,11829.5557518007,504.778016214988,13246.5168956934,1221.70643946838,0.68911017017898,1.89676478527396,0.295528977767319,0.358886780755477,16.1837433484789,18.1222553237943,0.00196771727051333,0.00184792853845346,4.83566244552393e-07,0.000872761446174223,0.00343107446759055,1.18267962379861e-05,1.11624176462466e-05,1.40556836121883e-11,5.64310191898416e-06,1.95570211500173e-05,-1568.20337491368,0.0787155300332114,0.0560878471955991,0.97625,0.461927830624314
"sinusoidal",800,"pg_apf",41,735.74,361.194934590736,1156.83565311152,210.647236519068,275.233693588412,11791.5244842332,362.383306359982,12860.4355685079,963.039117351161,0.490927412660364,1.57234301942468,0.286306625328333,0.374090974513296,16.0267546745226,17.4795927481283,0.00192444099779896,0.00183746850080739,3.9351602563241e-07,0.000858611661132652,0.00317339439913081,1.23393106934595e-05,1.17313034798475e-05,1.49890534243225e-11,5.56072702172911e-06,1.95833331131677e-05,-1573.52501741681,0.121317653844425,0.0958652347885776,0.975,0.468817662506797
"sinusoidal",800,"pg_apf",42,736.03,569.682565908882,1441.13523207122,236.897825535638,234.89137799766,12009.2045440198,568.206259797791,13156.6163708482,1323.86674708058,0.773993676764374,1.95798436486451,0.321858926315012,0.319132885884624,16.3161889379778,17.8751088554111,0.00202986528533444,0.00187813450563009,5.64616080890346e-07,0.000909644650723254,0.00346682297561201,1.18797632445155e-05,1.1305996174456e-05,1.25119280879715e-11,6.00174597156423e-06,1.87569707352667e-05,-1600.24085192204,0.0974247702540584,0.0715492567734092,0.9675,0.465773397358418
"sinusoidal",800,"pg_apf",43,736.064,405.994085672248,1059.11496855779,251.59562042749,249.043980672458,11970.2765929844,412.353080988289,12978.7048521264,969.959741001073,0.551574436016771,1.43888978208116,0.341812152784935,0.338345552387372,16.2625486275438,17.6325765859035,0.00198525233214587,0.00189170849075816,4.26806842217125e-07,0.000881751377426801,0.00331712764812606,1.20171987306981e-05,1.11958866805289e-05,1.78034165159902e-11,5.83008173565213e-06,2.04734872859119e-05,-1559.48587186537,0.0921314223929977,0.0755373141554949,0.9925,0.464393849156226
"sinusoidal",800,"pg_apf",44,739.161,388.314197648502,1037.37949107709,286.306606781127,341.12061866163,12072.837914621,386.93687056021,13040.846983272,912.738087043004,0.525344542864818,1.40345539209602,0.387339979762361,0.461497046870208,16.3331641071716,17.6427692793207,0.00198212180277371,0.00189161022275792,3.90767013027817e-07,0.000903894458711471,0.00317445163328421,1.20760186307135e-05,1.15116677521912e-05,1.28949603675014e-11,6.04814163650723e-06,1.92133815342134e-05,-1568.54475788526,0.11533120773858,0.0908730226871151,0.98375,0.469078817275545
"sinusoidal",800,"pg_apf",45,738.114,332.104686554783,892.310935372381,248.505159363197,250.83355993302,11975.3662883795,333.45286349927,13191.2570871838,791.034087525181,0.449936847905313,1.20890666668344,0.336675851376884,0.339830378414472,16.2242773993984,17.8715714472071,0.00194583174985719,0.00185027920037912,3.77361610065368e-07,0.000895620795730491,0.00315937818407459,1.20251208119751e-05,1.12608117066985e-05,1.55142480776156e-11,5.72901244218299e-06,1.9913419197111e-05,-1579.35430744288,0.0856635188920685,0.0720186310706829,1,0.463882739438883
"sinusoidal",800,"pg_apf",46,736.968,479.026287453654,1165.75735187934,264.588837229285,339.178234789674,11804.9913179181,476.070965859979,13029.5870264382,1042.20842156315,0.649996047933769,1.58182899648199,0.359023508794527,0.460234684259933,16.0183228008789,17.6799902118384,0.00181194737607933,0.00170587323580195,3.85949399566878e-07,0.000797566724266308,0.00304784085084942,1.11681427207429e-05,1.06184590351391e-05,1.11449220730118e-11,5.90422702915843e-06,1.75601618163213e-05,-1588.55943098234,0.0737909985912139,0.0586869650265105,1,0.457105203951574
"sinusoidal",800,"pg_apf",47,737.38,384.906031570036,913.745703852572,245.546501527534,213.379320998154,11959.9810917802,389.605775550753,13063.8974499945,846.886197653868,0.52199141768157,1.23917885466459,0.332998591672589,0.289374977620974,16.2195626295535,17.7166419620744,0.00192485192907873,0.00180614934868574,4.11408928508174e-07,0.000885576593636543,0.00321263583645253,1.22961267678955e-05,1.16498254821633e-05,1.5106230446321e-11,6.18338476352467e-06,2.02779468993385e-05,-1606.34400320054,0.0977904571788997,0.0766241226621645,0.98875,0.460054393747108
"sinusoidal",800,"pg_apf",48,731.103,405.541194278025,1109.18188001622,190.527633068231,286.175638148984,11721.7157774244,403.284400410625,12774.4842941035,937.42452294669,0.554697757057521,1.51713490440639,0.260602997208644,0.391429987496952,16.032919817624,17.4728927307145,0.00176403670896536,0.0016515267760137,3.66930334870445e-07,0.000826321545188028,0.00304437673408418,1.17154826287154e-05,1.1175403927879e-05,1.22602346652083e-11,5.8254427563308e-06,1.88056796741377e-05,-1551.24222943425,0.0614289878374341,0.0486413575252798,1,0.454254439546109
"sinusoidal",800,"pg_apf",49,733.897,416.899923696209,1084.42269165754,232.43358301624,280.793336390789,12174.0211368406,418.127048494319,13767.6843485626,988.163714440988,0.568063261869457,1.47762246154099,0.316711449993992,0.382605919346706,16.5881876296546,18.7596956365302,0.00211411796855038,0.00201998485763808,5.16091465990177e-07,0.000867506044006793,0.00349217978525926,1.18681943673366e-05,1.1377160270721e-05,1.15805991931356e-11,6.27239402917774e-06,1.87526483212199e-05,-1604.66454366862,0.0934470245443566,0.0721774879328941,0.98,0.470756774710542
"sinusoidal",800,"pg_apf",4,732.248,444.751214400671,1106.65665085169,180.319144871642,233.735705893305,12052.5499551362,442.035590445331,13537.3622643117,1004.91784993762,0.607377847943143,1.51131399587529,0.246254199221632,0.319202928370312,16.4596556837796,18.4874008045248,0.00214214794201363,0.00200087530567791,6.04794740691355e-07,0.000910109161920112,0.00372994652734601,1.22378300651038e-05,1.14821294060275e-05,1.65856142614823e-11,5.67852561640016e-06,2.04272079436668e-05,-1595.16094286507,0.0923412136670082,0.0735597904219762,0.98625,0.465830661297515
"sinusoidal",800,"pg_apf",50,735.982,372.969485359391,1000.46584424163,260.810704919347,242.436341865284,11844.508408538,371.957705742052,13040.4134281815,883.124529496246,0.506764411846201,1.35936183798195,0.354371037497313,0.329405259728206,16.0934756672555,17.7183863575216,0.00172738182270592,0.00163238138232767,3.37072245670925e-07,0.000799463124283452,0.00286197791796021,1.07630505774083e-05,1.01520638091359e-05,1.11913567379211e-11,5.41166885746246e-06,1.74456404987722e-05,-1567.65711832451,0.0605629555251437,0.0526855331054376,1,0.452169419826255
"sinusoidal",800,"pg_apf",51,733.744,601.163756086714,1550.01280963582,254.400755875207,245.050618029712,11851.0913669156,599.619360402978,13040.1668041125,1440.45117529205,0.819309944731015,2.11247084764689,0.346715960710012,0.333972908847926,16.1515342775076,17.7720932697405,0.00210273485290873,0.0019944595772068,5.05126841440461e-07,0.000929055005355638,0.00352399745392762,1.24514863897984e-05,1.16614897204387e-05,1.61325959354552e-11,6.07881263162555e-06,2.06633867455779e-05,-1556.01101267357,0.0933775712065627,0.0723188508161651,0.9925,0.474008532516368
"sinusoidal",800,"pg_apf",52,731.339,338.778685033875,791.555437632946,289.778212881492,334.183311083562,11832.5062357877,340.140750981708,13062.3034839888,709.613241007038,0.463230711111912,1.08233724392238,0.396229673081146,0.456947203805024,16.1792359436427,17.860805295477,0.00191034952919442,0.00177838999631931,4.33276758180974e-07,0.000862008146715652,0.00321488453573575,1.17333019385844e-05,1.11618421736909e-05,1.14918224531278e-11,6.024992538029e-06,1.85701943956142e-05,-1571.43877116387,0.120958267485362,0.0958383447450602,0.97625,0.464771856592139
"sinusoidal",800,"pg_apf",53,731.014,494.638642811881,1238.83679264426,156.116938292036,204.046867098821,12001.3954608456,501.761083659739,13197.9648409839,1126.44050954952,0.676647291039407,1.69468271831219,0.213562172943385,0.279128535293197,16.4174632234753,18.0543256914148,0.00212811695752861,0.00200300203707057,5.54782720047545e-07,0.00095184887891857,0.00356190187939211,1.21063084842247e-05,1.142666595727e-05,1.56035576161641e-11,5.65654513854244e-06,1.98389265683247e-05,-1612.821443906,0.0916040442031645,0.0737317180868707,1,0.469328295785914
"sinusoidal",800,"pg_apf",54,733.743,467.088640076457,1391.25245481739,223.706445250841,226.125388235733,12035.2014387968,468.728813636128,13272.2877611753,1222.50242018407,0.63658343599388,1.89610320618717,0.304883924277084,0.308180641226877,16.4024753064722,18.0884693430469,0.00219125590034275,0.0020765748092259,5.64832627073878e-07,0.0009407092292752,0.00367212201447714,1.22068182788678e-05,1.15166230307994e-05,1.57613868695439e-11,5.63484588950066e-06,1.98402716992538e-05,-1586.25509518885,0.0889804338963179,0.0730960333973789,1,0.475994512003213
"sinusoidal",800,"pg_apf",55,738.579,391.262182694356,969.775998150044,278.601242732527,283.391941524749,11904.3984182275,393.256282540353,13032.8824670416,929.165505098186,0.52974994238173,1.31302947707699,0.377212515834496,0.383698888710279,16.1179757591639,17.6458882083591,0.00180312304127949,0.00169929154703352,3.64232176031293e-07,0.000821668458332487,0.00301711090441355,1.1128923197047e-05,1.05867965122734e-05,1.06597279927894e-11,5.63899264828983e-06,1.73294177570735e-05,-1592.60618000924,0.0739228437426333,0.0573705919626101,1,0.45785224420612
"sinusoidal",800,"pg_apf",56,731.231,385.015795107629,968.110047146873,231.684449384464,279.217729427867,11832.2125543188,386.02747457049,12776.1885850116,842.56531801484,0.526531007448575,1.32394557553888,0.316841667522936,0.381846132655573,16.1812239283055,17.4721648631029,0.00179707682129679,0.00169138145026574,3.71487730024955e-07,0.000791621992465689,0.00305782176863412,1.19292849976062e-05,1.12881034639663e-05,1.51631208470865e-11,5.7618080047902e-06,1.95082081737491e-05,-1593.22409179445,0.0915076080847313,0.0762328411571877,0.99,0.452081343185305
"sinusoidal",800,"pg_apf",57,735.777,376.541766341942,958.006445689182,217.049301448416,237.981753120162,11720.3748340699,378.184866879132,12947.6593103589,843.988828590331,0.51176071872584,1.30203369456939,0.294993321955452,0.323442772905598,15.929248718117,17.5972601893766,0.00176278766295159,0.00166010734346257,3.57413772279831e-07,0.000781465170589248,0.00294799944757702,1.16834137115966e-05,1.10772888123188e-05,1.22550824110765e-11,5.99181808971234e-06,1.8772080144836e-05,-1580.75298617527,0.0948823651098654,0.0784955460962548,1,0.452203063801814
"sinusoidal",800,"pg_apf",58,729.869,391.648354609338,948.08216607475,234.24504119842,324.120614384609,11562.5356755761,392.64255194482,12571.3906245687,844.201168025889,0.536600889487481,1.29897579712901,0.320941211639924,0.444080532786855,15.8419328339416,17.2241739607638,0.00172122568483269,0.00163599865779019,3.24283043916734e-07,0.000736819085440952,0.00284378395279291,1.12775655372893e-05,1.07466822957455e-05,1.03849440793764e-11,5.9632787527906e-06,1.76793067549988e-05,-1555.57024478429,0.103041248105585,0.0772241144515998,1,0.456386446263716
"sinusoidal",800,"pg_apf",59,735.585,408.671376837092,1059.28202618093,277.723949762762,268.449625784792,12175.9720562039,406.711032035026,13426.4261145046,958.139844643576,0.555573287705829,1.44005387029498,0.377555210835949,0.364947117987441,16.552773719154,18.2527187401926,0.0019474780991954,0.00184466461203222,4.11922037869878e-07,0.000849821834978408,0.0032271265069117,1.1387564947468e-05,1.07317766677515e-05,1.21037795476940e-11,5.66344532060049e-06,1.83216178158257e-05,-1575.82581362878,0.0750396064151981,0.0581477443574629,1,0.463109245317006
"sinusoidal",800,"pg_apf",5,731.006,449.346729494144,1205.28075051543,218.792906305914,215.466059352506,12104.4205468896,446.699151801641,13548.5108522481,1097.06856414904,0.614696362949339,1.64879734299778,0.299303844709776,0.294752791840978,16.5585789266977,18.5340624457912,0.00227993096371595,0.00210905807704838,6.93411021367058e-07,0.000987640272404247,0.00391172710672652,1.25943910024292e-05,1.16864035534112e-05,1.84463601124732e-11,5.82394946526587e-06,2.13633787817748e-05,-1558.00031846962,0.0868300963759766,0.0657767030725791,0.98,0.476283148043495
"sinusoidal",800,"pg_apf",60,732.543,408.312295479366,1020.06633162837,165.55613254415,214.419964481556,11567.3745640427,408.398374095728,12687.1419814733,928.96561659235,0.557390208464713,1.39250027865718,0.226001931004938,0.292706318238733,15.7907106668724,17.3193136532234,0.00175937476316964,0.00164324685914387,3.43325030435191e-07,0.000756686768112005,0.00293236410565911,1.177374151121e-05,1.11124342018295e-05,1.44859229035956e-11,5.69015318445562e-06,1.94332608677783e-05,-1555.63489921997,0.0838906036619129,0.067341700779344,1,0.45759136275995
"sinusoidal",800,"pg_apf",61,735.187,367.240782662911,1030.07903869981,251.103734945929,284.162028227945,11885.5589508445,365.537779845998,12906.7977360188,865.438954745866,0.499520234529325,1.40111160657059,0.341550836652347,0.386516666137928,16.1667153402393,17.5558024502866,0.00186043984496451,0.00173430749135086,4.13710352142411e-07,0.000821575947589758,0.00317106836826702,1.17917077371144e-05,1.1154903421629e-05,1.36717510157513e-11,5.73922728717506e-06,1.92623698710782e-05,-1608.34353499601,0.112389756134623,0.0873747036435646,0.9625,0.456936891623312
"sinusoidal",800,"pg_apf",62,730.96,452.382669718125,1184.9235650815,188.314304209045,297.088352968463,12031.703565464,452.460652922701,13152.8490416033,1069.63017744742,0.618888406640754,1.62105117254228,0.257626004444901,0.406435855544028,16.4601394952719,17.9939381657044,0.00197060236015918,0.00184891499889717,4.86025999831218e-07,0.000815232887085148,0.00334913080915107,1.21105991499307e-05,1.14379523967431e-05,1.54714790404064e-11,5.79524428080866e-06,2.00423019289549e-05,-1590.40165736275,0.0887124234180365,0.0741905755049091,1,0.461424733964572
"sinusoidal",800,"pg_apf",63,740.547,557.245498541908,1532.36382766714,202.715509455653,212.255253312765,12175.2656567709,557.866953004789,14083.3979917738,1383.04729659673,0.752478233713604,2.06923237507834,0.273737533817102,0.286619557317449,16.4409087563259,19.017561332061,0.00262575164354212,0.00241466734587711,1.12583434246683e-06,0.00102235869589997,0.00491191615228763,1.22519235699697e-05,1.15750067297604e-05,1.5694623485265e-11,6.19487076437849e-06,1.97757292104259e-05,-1575.11637744662,0.119941726409874,0.0965323954118813,0.995,0.493484635398173
"sinusoidal",800,"pg_apf",64,731.423,470.610352259326,1311.15987455325,254.207557960044,232.51898059832,11971.6625995147,470.511687893601,13288.9691192169,1150.46736041594,0.643417492011224,1.79261504567569,0.347552043017575,0.317899465286599,16.3676321355969,18.1686508616996,0.00198549333550478,0.00188422648227828,4.72188212610322e-07,0.000839418284665518,0.00333690884418496,1.18791202459214e-05,1.1125867995848e-05,1.42566797593234e-11,5.88242598596058e-06,1.93808317064191e-05,-1583.98463111497,0.0862791678030022,0.0654474901361752,0.99625,0.465091216377818
"sinusoidal",800,"pg_apf",65,735.205,429.053096563833,984.445570790884,253.878565117669,284.159613344942,11694.7803741038,427.879206586747,12828.9602042755,898.823572308344,0.583582941579332,1.33900826407721,0.345316700944185,0.386503918424034,15.9068292164822,17.4495007573065,0.0017690043804181,0.0016676059353653,3.56296177237622e-07,0.000840894340560349,0.00299869484518514,1.20414217445104e-05,1.15968152473194e-05,1.31284055946044e-11,6.08005839040142e-06,1.86537141031486e-05,-1566.47376086616,0.0830378755699351,0.0601814386294195,0.99625,0.45684503787532
"sinusoidal",800,"pg_apf",66,733.25,459.467240546577,1147.06769601117,282.785546452654,306.485876728969,11862.0211856452,462.574494730738,12855.7360815535,1027.35190675797,0.626617443636655,1.56436099012774,0.385660479308085,0.417982784492286,16.1773217669898,17.5325415363839,0.0018380159689756,0.00172876349842723,4.21961494001935e-07,0.000798837943537993,0.00317045189589795,1.16610134823875e-05,1.10643680574941e-05,1.32133798123867e-11,5.70480767288116e-06,1.87683044911446e-05,-1586.74100806952,0.0847706204799632,0.0678873166970126,1,0.458102955362989
"sinusoidal",800,"pg_apf",67,734.452,443.384154784825,1205.08347737395,293.434749142436,340.663695955674,11964.7523860872,444.763262464635,13104.5537751036,1086.62450814343,0.603693848998743,1.64079269628778,0.399528831213526,0.46383384612701,16.2907206816609,17.8426279390669,0.00177677454543019,0.00169001670462644,3.09621461659401e-07,0.000827868602567821,0.00288583357557261,1.12615777827472e-05,1.07932504356716e-05,1.03286767820705e-11,5.63399576738879e-06,1.7763892848228e-05,-1573.27136016089,0.0815958582177073,0.0661968791962132,1,0.45493679698465
"sinusoidal",800,"pg_apf",68,774.475,476.172779520671,1464.8762758346,195.203157559922,277.300237284132,12038.3689589355,481.204379484716,13590.7137485336,1282.87311965079,0.614832989471152,1.89144423749585,0.252045782704313,0.35804930731674,15.5439090466904,17.5482923897267,0.00239533265318787,0.00224092841579202,8.06069235768147e-07,0.000920197921175724,0.00416062456742256,1.29900142359422e-05,1.20662892338799e-05,2.06227715963038e-11,5.96079669214946e-06,2.23798773911784e-05,-1555.44887589845,0.102541202004293,0.0768494580004995,0.975,0.485253669898531
"sinusoidal",800,"pg_apf",69,740.718,424.94811949313,1092.36519452922,119.481505916989,204.729924293904,12087.6666739222,427.227047695462,13364.0656551924,1001.47720580043,0.573697573831242,1.47473828707985,0.161304985050976,0.276393883088981,16.3188509985207,18.0420425252152,0.00197942734548272,0.00187588943091746,4.37909628086324e-07,0.000834553909974828,0.00327386777692636,1.19202143245916e-05,1.12892122960142e-05,1.38819557332525e-11,5.84592079445527e-06,1.91174364260672e-05,-1596.0200834909,0.0917647920955296,0.0741626712035049,1,0.461844056879468
"sinusoidal",800,"pg_apf",6,731.375,434.789595373893,1134.47067986586,249.355418490188,251.653250786467,11952.1807375104,436.797601585872,12939.299953655,969.019455977521,0.594482441119663,1.55114774208287,0.340940582451121,0.344082380155826,16.342069030949,17.6917449374876,0.00201099235236189,0.00193104277880366,4.03677080958285e-07,0.000911977752954687,0.00328407797388239,1.26548226272562e-05,1.19453755546334e-05,1.61196425993257e-11,6.2089931765977e-06,2.06309922562904e-05,-1553.25175450571,0.128508751546128,0.10230345370413,0.96625,0.475986014544377
"sinusoidal",800,"pg_apf",70,733.822,377.986453157714,868.933062422024,274.221133998856,314.215827819408,11741.7337975867,377.907486008222,12459.3735967204,797.092358663374,0.515092833354293,1.18411966719726,0.373688897305962,0.42819079806739,16.000792832031,16.978740889099,0.00175788267563007,0.00164292356565738,3.54977112081121e-07,0.00079430636922763,0.00299245821624725,1.17512278971863e-05,1.11820761545268e-05,1.26353170308558e-11,5.71739071179498e-06,1.86515128939927e-05,-1574.09472752846,0.0734849781875694,0.0571000894690665,1,0.453797134761047
"sinusoidal",800,"pg_apf",71,754.984,571.954556961866,1579.88481163307,264.75148266637,277.920905854731,12003.663883212,574.352305619211,13078.3736923716,1389.95482619334,0.757571759086107,2.0926070110533,0.350671646904265,0.368114961184252,15.8992294978595,17.3227163653422,0.00202291139938468,0.00192139123827091,4.27280624592304e-07,0.000892312782829538,0.00331514926038435,1.23303367897165e-05,1.15290425973823e-05,1.74738409292756e-11,5.95663867981811e-06,2.10272901449934e-05,-1544.48082125596,0.084676435751244,0.0668891485054717,0.99625,0.465029485213941
"sinusoidal",800,"pg_apf",72,732.956,443.932957484979,1150.28382160553,169.534893358532,282.234449144571,11766.2135639671,442.420247448456,13038.0372630556,1016.69425863576,0.605674771043526,1.56937636311802,0.231302961376306,0.385063290490249,16.0530967260888,17.7882946084834,0.00185629042953954,0.00173797757197501,4.25809163700506e-07,0.000761174539930089,0.00313386999038291,1.17005672923852e-05,1.09688935669362e-05,1.45350629649354e-11,5.74969943461105e-06,1.9227123623573e-05,-1591.46954163287,0.112815298819041,0.083285462422368,0.945,0.452539464043286
"sinusoidal",800,"pg_apf",73,730.501,409.065426143898,1135.40537577315,161.971164278166,273.35028498477,11889.551488024,412.030417587093,12903.9309791756,944.88229188661,0.559979282908439,1.55428312318963,0.221726136279301,0.374195634208262,16.2758866695926,17.6644946128419,0.00192162160049366,0.00179395847325194,4.67501651548417e-07,0.000839646598426062,0.00334074477464644,1.17330370830171e-05,1.11576560471887e-05,1.28121279609189e-11,5.84931915176036e-06,1.91488459883119e-05,-1590.38068927693,0.0851755788418901,0.0714071411527437,1,0.459723817713594
"sinusoidal",800,"pg_apf",74,730.78,488.966631881665,1223.71902164179,245.410150179847,272.591009531659,12104.437877511,494.435891547153,13470.5442677472,1083.31318105481,0.669102372645207,1.67453819431538,0.335819467117118,0.373013779156051,16.5637235248789,18.4331047206372,0.00207990758804464,0.00196737854486676,5.07907925880354e-07,0.000928999198040023,0.00348608248098414,1.17735709075095e-05,1.11017506641367e-05,1.40904118464268e-11,5.89639434344778e-06,1.89247863823931e-05,-1550.05182036884,0.104800039923457,0.0839001880498648,1,0.470970838457666
"sinusoidal",800,"pg_apf",75,737.52,477.022791867799,1226.18055846769,177.644492557582,278.724985951425,12050.0863958198,477.710939434842,13844.7687007054,1099.48978562491,0.64679302509464,1.66257261968176,0.240867356217569,0.377921935610459,16.3386571154949,18.7720586569929,0.00229402859885847,0.0021396251183562,7.29683512933149e-07,0.00096824769678015,0.00404533787703564,1.23834259835742e-05,1.17349853138236e-05,1.4831956668395e-11,6.18592267147727e-06,2.02438933976156e-05,-1607.44836838792,0.0815435597321992,0.0671375494138102,1,0.474464360764018
"sinusoidal",800,"pg_apf",76,735.396,564.693157373525,1529.23779547979,229.209040456705,303.212353063465,11938.3708017677,563.454379988149,13352.958822404,1352.21763545798,0.767876297088269,2.07947526975914,0.311681108486726,0.412311670261282,16.233934916382,18.157508094148,0.00204607194912769,0.00191592135325254,5.2010027248115e-07,0.000858738058610864,0.00350510719016774,1.2637127363694e-05,1.18475301999039e-05,1.64881629637642e-11,6.22304021444524e-06,2.09400748654555e-05,-1588.07635485357,0.0876622700750082,0.0706843004898185,1,0.46529254869699
"sinusoidal",800,"pg_apf",77,734.358,420.482239377579,1081.90215561185,217.163382191092,277.496456263978,12060.9451919839,420.155200022638,13235.931257203,969.919523495689,0.57258481473284,1.47326257167737,0.295718685152326,0.377876262346128,16.4237949228903,18.0238129865855,0.00193162401034552,0.0018154964488261,4.45192772954326e-07,0.000779460311345052,0.00324648833265877,1.12423601303864e-05,1.05732469606332e-05,1.30705846228482e-11,5.42926482680458e-06,1.86306584149642e-05,-1559.08617445321,0.0751288464936085,0.0614332960933596,1,0.463104866497075
"sinusoidal",800,"pg_apf",78,735.228,526.80107440457,1399.081921792,235.862458626633,173.923588549207,11921.3095035377,523.823289304407,13135.6644752462,1166.82892988425,0.716513890119215,1.90292252443052,0.320801790229198,0.236557351663984,16.2144389271595,17.8661102069646,0.00202080010890684,0.00189402570869163,5.65405677651729e-07,0.000870223327623998,0.00347268845526444,1.20737508359815e-05,1.12821084764094e-05,1.61760245322163e-11,5.61562268540989e-06,2.00562353399326e-05,-1594.97262925369,0.0843710795912074,0.0647544109775583,0.9975,0.462947342284026
"sinusoidal",800,"pg_apf",79,730.45,429.100037821903,1106.25439918855,322.730790641792,257.126431312529,11703.9324803936,428.67815311433,12702.4771101149,945.796493772944,0.587446146651931,1.51448339953255,0.441824615842005,0.352010995020233,16.0229070852126,17.3899337533231,0.00170015325426682,0.00160274335523514,3.29815317556451e-07,0.000734396275588022,0.00279143211103101,1.11947543020182e-05,1.06546867115885e-05,1.078101160165e-11,5.76317256881817e-06,1.80816227101135e-05,-1585.10850887894,0.110131257696005,0.0851871281546926,0.97375,0.454971139532422
"sinusoidal",800,"pg_apf",7,731.589,412.473324952967,1046.8979647684,224.019567763285,275.298387899441,11675.1682933444,412.084529338877,12873.1676649752,919.141460997657,0.56380471132421,1.43099194324737,0.306209590033865,0.376301978159104,15.9586438469474,17.5961744435403,0.00180566376057173,0.00169003519061657,4.07372815145692e-07,0.000813680162157374,0.00314175475778939,1.14509826559678e-05,1.08497133089231e-05,1.27042923190454e-11,5.64890065170619e-06,1.86482591771782e-05,-1564.8154392934,0.0864136875213871,0.0683590079753516,0.995,0.463679917716209
"sinusoidal",800,"pg_apf",80,772.453,456.661941000704,1215.30270748559,198.78047590107,234.436180090816,11971.2086647549,459.855893999443,13657.6225721714,1061.87971478166,0.591184112173432,1.57330311033239,0.257336661131577,0.303495720892813,15.4976531449226,17.6808460478131,0.00239500379672146,0.00223252281719883,7.55830985339134e-07,0.000975834123488347,0.00407489594109922,1.25193238374618e-05,1.17223478939921e-05,1.75981034114589e-11,5.88858239837534e-06,2.08362872169993e-05,-1561.57046279701,0.100695501409799,0.0781603062187368,0.9825,0.484303432660395
"sinusoidal",800,"pg_apf",81,730.429,332.605099937523,1106.82956674516,167.994538224646,238.999662359604,11714.7360330844,333.446574098517,12747.8022483079,952.806930929679,0.455355825052842,1.5153143792828,0.229994343358007,0.32720450907563,16.0381584426199,17.4524864816538,0.00196694059435299,0.00183348915226674,4.89937545480941e-07,0.000843377147659304,0.00335773020186471,1.25632251379726e-05,1.18412561683586e-05,1.74235710451587e-11,5.71541914846561e-06,2.08607322740018e-05,-1579.79128485722,0.116913695386112,0.0864567915893468,0.95375,0.470466934502768
"sinusoidal",800,"pg_apf",82,737.562,377.507210724322,792.13130972315,194.977723189163,217.393622851308,11980.7682406525,379.87239088966,13428.3875497101,729.515220406629,0.511831155515498,1.07398606452495,0.264354350128074,0.294746235369105,16.2437439030922,18.2064525419017,0.00218404687986914,0.00205335751844703,6.46626422678697e-07,0.000848289743931118,0.00379187679615347,1.24250861499371e-05,1.171409681819e-05,1.60685268925498e-11,5.85337304330927e-06,2.04820017560881e-05,-1580.63155764718,0.117068167514161,0.0904137587432796,0.965,0.471595121621974
"sinusoidal",800,"pg_apf",83,730.46,332.423614444872,904.865694361796,229.78814703058,287.375188520628,11887.4729556119,335.01532315723,12983.3903795657,785.046637399252,0.455088046497921,1.23876145765928,0.314580055075678,0.393416735373091,16.273954707461,17.7742660509347,0.00171871538037826,0.00160480062973847,3.22091370890842e-07,0.00082182929718278,0.00289786495209565,1.08362488614991e-05,1.02439709936151e-05,1.0566231437323e-11,5.61762065324252e-06,1.7612881808933e-05,-1580.68769278015,0.0762696955863471,0.0555178840635897,1,0.450563205908387
"sinusoidal",800,"pg_apf",84,745.206,407.565967337184,1089.66854823985,241.648797007854,344.130473127844,11918.0596787807,409.473629964749,13248.6606775177,984.463265717689,0.546917184425762,1.46223802309677,0.324271137118937,0.461792407908477,15.9929733238603,17.7785212109373,0.0019718068651475,0.0018714771199184,4.15759334977705e-07,0.00080439472750286,0.00323167017853065,1.19486036584427e-05,1.13189693752279e-05,1.35755296835017e-11,5.79661254000323e-06,1.92522597393e-05,-1597.07087463881,0.115502366886566,0.0895639016055116,0.96125,0.466180588832384
"sinusoidal",800,"pg_apf",85,731.295,421.920129454433,1056.38101652517,223.649573594679,336.407695011165,11849.52369176,423.792524397519,13352.278761621,955.405834479154,0.576949287844759,1.44453471789793,0.305826750620036,0.460016402424692,16.2034797062198,18.2584029175927,0.00189515124887182,0.00175675437901063,5.00874584339011e-07,0.000773122720352171,0.003346927523264,1.15686483137364e-05,1.10012832679154e-05,1.19833598200445e-11,5.85157166359245e-06,1.85244188967159e-05,-1587.92992387123,0.0747390817667773,0.0563665760050436,1,0.454520474768344
"sinusoidal",800,"pg_apf",86,736.25,380.963631183846,976.844843725163,272.028823733335,348.94103760953,11770.14676531,382.42989027421,12833.3674029417,873.066114272056,0.517437869180096,1.32678416804776,0.369478877736278,0.473943684359294,15.9866169987233,17.4307197323486,0.0017241497559068,0.00164280994099942,3.04258421840426e-07,0.000800261165295027,0.00281309167611237,1.1043418260553e-05,1.05016464377655e-05,1.07021748251794e-11,5.66394903862081e-06,1.79437471481111e-05,-1590.45893580891,0.0765556347124004,0.0527051779087478,0.9875,0.450619783744412
"sinusoidal",800,"pg_apf",87,731.132,378.898768652855,1060.50184275188,229.875638814842,315.980249437676,11921.7712330381,379.078365657054,12984.9236100827,894.692128652353,0.518235788685018,1.45049299271797,0.314410583608489,0.432179482552639,16.305908143862,17.7600263838577,0.00187708612208252,0.00176963391887867,4.08057781810431e-07,0.00081439594475782,0.00318014543952514,1.17526543741469e-05,1.12556297695272e-05,1.27867897373005e-11,5.8014814002299e-06,1.88436422468177e-05,-1562.91640890506,0.0900804506962626,0.0694342791410325,0.97,0.458996564424301
"sinusoidal",800,"pg_apf",88,742.521,376.100645860805,1172.49242841302,153.332446488328,266.686979177047,11679.7630163582,372.78599303402,13229.229861951,998.970030408853,0.506518530601565,1.57906972114326,0.206502504963937,0.359164224549942,15.7298756753792,17.816640690231,0.00209259059524531,0.00192423263235888,6.1592491497003e-07,0.000857751476603687,0.00376224539393881,1.24579876960679e-05,1.18258698333493e-05,1.57173706029065e-11,5.59349225218286e-06,2.01802914485745e-05,-1597.33710064828,0.0967015025834901,0.0801286928034789,0.98125,0.469767539832547
"sinusoidal",800,"pg_apf",89,729.736,457.404410385807,1283.01112386604,220.251419290129,256.965021268067,12067.3794750382,461.550948509211,13309.566346098,1156.22708702455,0.6268080653631,1.75818532163143,0.301823425581483,0.352134225621412,16.5366371880217,18.2388786439178,0.00186687998167866,0.00176402023539881,4.11512703586336e-07,0.000796200838461901,0.00316196821523643,1.14185397740146e-05,1.08494769606781e-05,1.21135924056832e-11,5.76535030986496e-06,1.83754188606724e-05,-1612.94613508004,0.123759950006765,0.0883159382192456,0.94125,0.452297830301205
"sinusoidal",800,"pg_apf",8,731.506,504.115880155848,1258.63848588114,171.765498534632,231.538807932064,11950.0941830631,499.73785252431,13391.1346459434,1107.39362295377,0.689147977126433,1.72061266193461,0.23481078560481,0.316523456994288,16.336290041453,18.3062540101427,0.00231489784512939,0.00218666850158257,6.63435602540749e-07,0.000959190247809662,0.00397068227197064,1.29674077909384e-05,1.2209937331203e-05,1.89822611313143e-11,6.0016977874856e-06,2.12500606256116e-05,-1549.25739681917,0.106672767520201,0.0882802329877876,0.98625,0.483187198359018
"sinusoidal",800,"pg_apf",90,730.658,440.974789044769,1210.4281893077,240.42439082561,283.40239333158,11945.3452624859,442.827076167815,13143.7608254722,1047.77802415148,0.603531048787215,1.65662757310218,0.329051883132205,0.387872839730188,16.34875039004,17.9889371299188,0.00170185354701103,0.00160711533780489,3.14276959611633e-07,0.000782750594591524,0.00279265680672769,1.06094915700444e-05,1.002039107409e-05,9.92720288262089e-12,5.51809397058419e-06,1.68839684253582e-05,-1579.22194155092,0.0622107170684604,0.0491292322022893,1,0.446841359392967
"sinusoidal",800,"pg_apf",91,731.752,493.633256400384,1240.65707226545,144.555429800127,232.187679568155,11782.1251867785,491.950997767963,13011.5368200539,1127.01555185778,0.674590922061551,1.69546112926982,0.19754702385525,0.317303785391983,16.1012545053222,17.7813478064343,0.00175308563040759,0.00165549571957853,3.43873892646609e-07,0.000737481878978832,0.00288588125387259,1.13625606586974e-05,1.062809208331e-05,1.33926112871431e-11,5.75896688604312e-06,1.88114483824522e-05,-1562.02290596182,0.0939665152966259,0.0751172647667252,1,0.448627224342151
"sinusoidal",800,"pg_apf",92,734.198,535.525644381082,1330.81977668049,136.309023904715,336.620227963889,11922.6150084632,535.45243418944,13382.5815073164,1189.75342566026,0.729402210821988,1.81261700070075,0.185657035165875,0.458486985750287,16.2389641601627,18.2274829232937,0.00208063245564455,0.00196077212618073,5.60355852990798e-07,0.000854040377103944,0.00354182535332978,1.20829058381604e-05,1.15152934433872e-05,1.29416003735177e-11,6.00737913765483e-06,1.90849358676568e-05,-1575.03995496619,0.0899101264591617,0.0724720960984345,1,0.464271250802191
"sinusoidal",800,"pg_apf",93,735.911,481.030888714548,1296.94313521474,209.695157696766,328.126141731231,11890.0542574562,480.838131226554,13184.9385735738,1157.50163469931,0.653653619411245,1.76236411089756,0.284946355872879,0.44587747938437,16.1569187815595,17.9164852455987,0.00200474289370041,0.00190023034889569,5.12075512844619e-07,0.000805988128614342,0.00340030431405939,1.18805316378311e-05,1.12484687256895e-05,1.34116758924741e-11,5.82348742922741e-06,1.93096584820664e-05,-1555.97704931544,0.0878658579357713,0.0729244302938895,1,0.468474504172297
"sinusoidal",800,"pg_apf",94,734.766,474.951659422271,1366.3039039145,150.753592231754,270.75473669736,12129.7578422605,479.129698216951,13728.5290352935,1246.40163533369,0.646398526091669,1.85950888298384,0.205172248350841,0.368491106961073,16.5083276066945,18.6842192416273,0.0022125692303075,0.00206652852508633,6.74750440698164e-07,0.000918057466695263,0.00384311518053395,1.18323458010078e-05,1.11477882731117e-05,1.41173128976672e-11,5.78896308667645e-06,1.93039905686691e-05,-1624.35031285634,0.0812095484219617,0.0666627197968745,1,0.469628518796418
"sinusoidal",800,"pg_apf",95,731.54,411.977024707332,1180.91268635019,218.20924226444,321.952368118639,11939.1809895332,413.340840167403,12875.6589858132,995.985951218808,0.563164043944736,1.61428313742268,0.298287506171146,0.440102206466685,16.3206126657917,17.6007586540902,0.00184118574099449,0.00174461166683471,3.42567908911823e-07,0.000907209710549379,0.00301691111108001,1.16887353701527e-05,1.10706886521344e-05,1.27821223116256e-11,5.87659053100045e-06,1.88017878823687e-05,-1554.42845696917,0.0839587789890161,0.0666983845315901,0.97875,0.459511960948448
"sinusoidal",800,"pg_apf",96,730.089,476.424248828961,1188.49094265494,188.88508514496,352.584525313599,11784.6222777157,476.352544605447,12920.6987283236,1038.26986563506,0.652556399054034,1.62787131795568,0.258715149995357,0.482933622220851,16.1413502706049,17.6974296672372,0.00186376785466813,0.00175605019223146,4.10233184497454e-07,0.000855689739720236,0.00319963158766223,1.25318567251198e-05,1.18237387918367e-05,1.61941693228445e-11,6.04066770091551e-06,2.05307316119485e-05,-1575.69476525198,0.0932484752439999,0.075655020056632,0.98375,0.457786230484634
"sinusoidal",800,"pg_apf",97,730.401,486.008807937749,1336.10598761844,219.292982548542,303.262353970269,11756.1550776392,487.655652937664,12949.8946251483,1223.43599302003,0.665399976092241,1.82927732522058,0.300236421566431,0.41519980664083,16.0954805341712,17.7298424086883,0.00185924853092496,0.00175042003163149,3.90531336978411e-07,0.000804913427585718,0.00308745132732282,1.15649335356346e-05,1.10135468763373e-05,1.32309400865398e-11,5.51674549315218e-06,1.85916004887551e-05,-1569.23736074525,0.0870377378420379,0.0718238065839654,0.99,0.462308867490521
"sinusoidal",800,"pg_apf",98,737.524,396.349696578634,1034.55907552241,133.925553207766,267.406456993935,11806.2673660877,395.23597915489,13118.0363876861,891.838329364887,0.537405828933884,1.4027463181163,0.181588061144811,0.36257322743929,16.0079771859461,17.7865891654863,0.00187005479910649,0.00175150465811174,4.42405542998784e-07,0.000806569521137375,0.00317272519481036,1.16203273510729e-05,1.10291147866702e-05,1.22600728837878e-11,5.7861457015362e-06,1.84967421281593e-05,-1591.78156974277,0.100289501339959,0.0817370483409014,0.97375,0.455360281007054
"sinusoidal",800,"pg_apf",99,735.951,633.522115913075,1879.63539612079,210.575470286102,304.278280738126,12193.9684132516,633.463947651084,13859.1808839729,1678.93626147633,0.860821054544494,2.55402247720404,0.286127025149911,0.413449102913273,16.5689949646806,18.8316625481491,0.00258263736135451,0.00244746010279043,8.96198551560569e-07,0.000935256744204646,0.00444641788686432,1.26869607120105e-05,1.18258256552876e-05,1.71468011066968e-11,5.86864480398344e-06,2.09265525464923e-05,-1593.60374973511,0.112574322200293,0.0906816153877944,0.98875,0.493236073693588
"sinusoidal",800,"pg_apf",9,730.658,444.234624436153,1117.42754325956,199.598410962168,280.609124312301,11790.658422294,441.982175761967,12972.4223559566,997.053398317328,0.607992555253146,1.52934415726586,0.273176247932915,0.384049889705308,16.1370414370253,17.7544382679127,0.00190536572270711,0.00180061069975852,4.01437297469076e-07,0.000845756187976534,0.00315155509045974,1.19540581932878e-05,1.13822227443121e-05,1.29054739894508e-11,6.0734947110518e-06,1.88239820623475e-05,-1576.57557052054,0.0903212353206401,0.069485307897737,0.98375,0.462993986914961
"constant",1600,"sir_collapsed",100,34.744,3072.51757341427,3246.34404283455,1186.12659422815,1171.72192053654,7432.16766375195,3267.78657195601,7197.11007379388,3122.8792103176,88.4330409110715,93.4361053083857,34.1390339117012,33.7244393430963,213.912262944737,207.146847622435,0.00220295513648236,0.00211062111704219,4.83328043970493e-07,0.00100699519362753,0.00352923600023975,1.20259128611584e-05,9.49497651300681e-06,1.02176377990616e-09,4.97870704802718e-06,1.85145940188672e-05,-3185.4229576379,0.129015441989606,0.091102604913492,0.958125,0.462784679484454
"constant",1600,"sir_collapsed",101,36.38,3950.20703031797,3944.28824681422,1324.78197943434,1360.46798933944,7651.72663339185,4020.7005317244,7463.33922988289,3397.28447924498,108.581831509565,108.419138175212,36.4151176315102,37.3960414881648,210.327834892574,205.149511541586,0.00248684466456224,0.00236699572396505,6.69580518673642e-07,0.00115535641793662,0.00424488671351529,1.2954727954932e-05,9.00819685429649e-06,9.28521169049592e-09,3.82297777556036e-06,1.91287389889291e-05,-3164.49035778629,0.123922585139732,0.0824607482897568,0.963125,0.475177755091297
"constant",1600,"sir_collapsed",102,34.728,3284.47930684085,3072.57268320885,1481.16647881539,1382.62271770925,7387.09575641568,3437.63305397867,7264.09408047878,2912.46908820384,94.5772663798908,88.4753709746848,42.6504975470913,39.812909401902,212.712962347837,209.171103446175,0.002046216495533,0.0019557102769185,3.95633721538955e-07,0.000979798426153002,0.00332760824111624,1.08269133050996e-05,9.0171902744073e-06,5.09117421792777e-10,4.51669926258123e-06,1.71573758466358e-05,-3182.39255017711,0.116404430369619,0.0770290758158977,0.963125,0.457986528191029
"constant",1600,"sir_collapsed",103,34.712,3560.40036826044,3707.04573873764,1388.71944787446,1143.67143576276,7652.38929440205,3769.99458457025,7357.38183048446,3474.28279465319,102.569727133569,106.794357534502,40.0068981295939,32.9474370754425,220.45371325196,211.954996268854,0.0024611608335486,0.00236273420234554,5.81957465189631e-07,0.00101368745167002,0.00387022183675994,1.51805830721272e-05,9.52571284098232e-06,1.52621355938779e-08,4.22633618049889e-06,2.13917256404043e-05,-3154.00802768365,0.127480490703932,0.0930618263911238,0.958125,0.47735013915242
"constant",1600,"sir_collapsed",104,35.156,3108.77769397697,3197.16564608369,1197.24117433573,1057.8660030539,7441.64021407682,3271.71550822623,7235.89565477059,2839.5679831383,88.4280832283812,90.9422473001391,34.0551022396101,30.0906247313089,211.674826888065,205.822495584554,0.00222878527973029,0.00212124824626517,4.83421336465746e-07,0.00102847273300034,0.00359998150047342,1.36012149070809e-05,9.59437652946854e-06,8.26133996765121e-09,4.26996400959106e-06,1.91499729553432e-05,-3169.5839363242,0.13527877990155,0.09497960742138,0.966875,0.470467246531352
"constant",1600,"sir_collapsed",105,34.519,3776.63805630489,3658.97131216,1699.02230353305,1057.74756376804,6939.83521903095,4017.52174183761,6705.57156462269,3206.7866417741,109.407516333176,105.998763352357,49.2199166700381,30.6424741089847,201.043924187576,194.25741083527,0.001696803530846,0.00163304487501132,2.60227902650186e-07,0.000837405633980853,0.00272823958192099,1.194490397467e-05,8.92702872412541e-06,3.79867515905677e-09,4.40112484433533e-06,1.83724469086387e-05,-3162.10845142025,0.137335739738859,0.0930150286531695,0.94375,0.441914396784945
"constant",1600,"sir_collapsed",106,35.1,3799.22118679792,4141.5764491923,1458.33792194267,1424.27165235147,7709.9487420627,4037.00184136093,7575.84631460813,3846.97051923957,108.239919851792,117.99363103112,41.5480889442356,40.5775399530332,219.656659318026,215.836077339263,0.00246765674292469,0.00235204371677641,6.55527048782209e-07,0.00106953793769458,0.00408064728061585,1.34309292877423e-05,8.93184985755755e-06,8.01649574424159e-09,3.71406366736881e-06,1.79693079994574e-05,-3198.10070512425,0.120609177044743,0.0821991317079678,0.9625,0.474211852718181
"constant",1600,"sir_collapsed",107,34.535,2936.19858669482,2877.23119560315,1432.15222103968,1187.58065228541,7024.37211412069,3096.82697678927,6970.51029440958,2666.69754236201,85.0209522714585,83.3134847431057,41.4695879843544,34.3877414879226,203.398642366315,201.83901243404,0.0017888880543839,0.00171906486073661,2.92752159034128e-07,0.000821484419707163,0.00286486058906438,1.22916709766941e-05,9.14491228885323e-06,6.96584321286269e-09,4.2347003235952e-06,1.89183806113427e-05,-3139.94769488927,0.128708361585897,0.0926566181034424,0.9475,0.446546176584927
"constant",1600,"sir_collapsed",108,35.076,3954.76109048489,3966.48937962197,1635.04471892793,1107.69586069851,7748.11201664544,4216.68330411919,7564.57662429594,3549.94084322451,112.748349027395,113.082716946686,46.6143436802353,31.5798797097307,220.894971394841,215.662465055763,0.00249889875133013,0.0023941207084531,6.16584890347575e-07,0.00114624229526297,0.00404135684764056,1.19231265199359e-05,9.12553336676704e-06,2.32219869666508e-09,3.88796317232623e-06,2.00923912528631e-05,-3135.3047842917,0.121142844515935,0.0843977918302836,0.96625,0.476801157743514
"constant",1600,"sir_collapsed",109,34.704,2974.28795141721,3241.49083200318,1392.44541980642,1067.38059653381,7162.18511498657,3102.31737627504,6955.957904519,2986.77487501179,85.7044707070426,93.4039543569381,40.123484895298,30.7567022975396,206.379239136312,200.436776870649,0.00182930460216773,0.00176412693267437,3.14270484042546e-07,0.000832268605291219,0.00292644278418116,1.32251756862446e-05,8.63149650480499e-06,6.00498704769502e-09,4.01038656028975e-06,1.94719700153416e-05,-3149.94789886805,0.124190387118708,0.0787956795461996,0.944375,0.447328513109557
"constant",1600,"sir_collapsed",10,34.891,3270.44692817013,3676.19209037854,1731.98602845233,1471.32723154135,7626.65756301666,3397.27355368694,7478.48283678706,3266.84656948537,93.7332529354313,105.362187681022,49.6399079548401,42.169247987772,218.585238686672,214.338449364795,0.00235690256366184,0.00225414999947788,5.62083196610458e-07,0.00114881169063477,0.00391323999178929,1.36485032908173e-05,9.36009866231877e-06,1.1142271160026e-08,4.09868518073724e-06,2.03843637175458e-05,-3204.56567562863,0.126512691946816,0.0902428704240463,0.958125,0.470618049616068
"constant",1600,"sir_collapsed",110,34.869,2868.54862378625,2954.77393559776,1634.1773206303,1027.14330987821,7264.91674293343,2849.0670594524,7034.65993465297,2740.09952057565,82.266443654428,84.7392794630691,46.8661940586279,29.4572058240332,208.348869853837,201.745388013794,0.0019974446171989,0.00192081388932653,3.69860496095327e-07,0.000926021902931309,0.00316394884056991,1.25799536247022e-05,9.5459275369109e-06,1.62458562966874e-09,3.79271489969824e-06,2.11319081865107e-05,-3144.54469257695,0.128835884404899,0.0905334085757587,0.959375,0.460410932491253
"constant",1600,"sir_collapsed",111,35.02,3323.0957316204,3628.44886862165,1531.58848483361,1185.68124130922,7534.09960995476,3500.36968014521,7119.80039789005,2771.56852694228,94.8913686927583,103.610761525461,43.7346797496747,33.8572598888984,215.137053396766,203.306693257854,0.00241369495673018,0.00231831372815162,5.44165228279255e-07,0.00121148381122358,0.00399957632372157,1.28600834490647e-05,1.04599360183182e-05,4.64534501420422e-10,4.0701380478888e-06,2.23625877008038e-05,-3145.23119049667,0.125234980607036,0.0941969287892932,0.96375,0.477220577752387
"constant",1600,"sir_collapsed",112,36.755,3595.77765413932,3615.76222797048,1459.47250122738,1374.09142211349,7655.97366405557,3861.40233217955,7515.39253748391,3437.87436446179,97.8309795711964,98.374703522527,39.7081349810197,37.3851563627666,208.297474195499,204.472657801222,0.00241956611393816,0.00231316376352881,5.7111391120478e-07,0.00117122792920362,0.00398372175925625,1.18261659998433e-05,9.05157638857216e-06,1.6075346934964e-09,4.46756041613977e-06,1.94375406968296e-05,-3178.97192528369,0.119825913691366,0.0850394007091718,0.969375,0.473231424175708
"constant",1600,"sir_collapsed",113,34.959,3132.01411423514,3338.29075203066,1807.33034389424,1192.05445258824,7229.49628803154,3248.62277571598,7015.38204681276,3098.28383732998,89.5910670853039,95.4915973577808,51.6985710087314,34.0986427697658,206.799287394706,200.674562968413,0.00194332654178958,0.00185467454087694,3.44297315131866e-07,0.000914147195212182,0.0031204156754809,1.13611962786474e-05,8.94713569371827e-06,5.51028713717693e-10,3.60727091199961e-06,1.86075251893005e-05,-3132.75655576603,0.12848763405093,0.0850920007570417,0.9275,0.457122239764735
"constant",1600,"sir_collapsed",114,34.962,3870.62262956123,3841.96683183225,1644.3265974327,1426.26458959553,7562.77896346588,4057.67180928097,7422.65416399978,3493.65876819859,110.709416782828,109.889789824159,47.0318230488158,40.7947082431076,216.314254432409,212.30633728047,0.00228106435933597,0.00218447992161927,4.92887205532183e-07,0.00104178371124129,0.00362945847074363,1.22473987019178e-05,9.52470463522819e-06,1.80709332473603e-09,3.73508556663555e-06,1.97253477067876e-05,-3164.37381971779,0.129225121840941,0.0911143412806101,0.9675,0.465735814633343
"constant",1600,"sir_collapsed",115,35.277,2936.38096203075,3569.53740873937,1154.20939419994,1174.33888005486,7435.69039239008,3063.86071672063,7253.97066848048,3076.29857062772,83.2378309388765,101.18596844231,32.7184679592919,33.289080138755,210.780122810615,205.628898956274,0.00218012353298461,0.00208633770279643,5.01796180269833e-07,0.000940794336793615,0.00352761710095875,1.19805685129766e-05,8.98026500879092e-06,1.93721285564436e-09,4.5704219474085e-06,1.87714387598117e-05,-3145.31320037849,0.127876487181557,0.0934873262362121,0.9425,0.464784645182563
"constant",1600,"sir_collapsed",116,34.753,3346.92716700425,3761.48875513575,1801.07237702606,1445.09840949958,7443.60602669819,3483.63658197753,7350.54650304133,3362.8555051285,96.3061366501957,108.234936700019,51.8249468254844,41.5819759301234,214.185999099306,211.508258367374,0.00216088932745877,0.00205466102525581,4.7844260748746e-07,0.000923055917447906,0.00347081185736227,1.20428078494992e-05,9.05789272087537e-06,4.47525303522721e-09,3.9610625840558e-06,1.89528443136099e-05,-3140.89109063439,0.119769914168272,0.0863842139579195,0.955625,0.463151488096966
"constant",1600,"sir_collapsed",117,34.691,2790.0465166573,2948.33153638415,1680.49728908164,1235.67672531077,7407.91331656803,2969.41359094542,7198.52715575195,2693.15039182718,80.4256584317921,84.9883697899787,48.441880864825,35.6195187602194,213.539918611975,207.504169835172,0.00216498056857672,0.0020946394846325,4.36322888541257e-07,0.000989518672212737,0.00343047316435582,1.39935703086014e-05,9.37211767505807e-06,1.37091037102809e-08,3.9105688011838e-06,1.93972283513557e-05,-3143.84344752957,0.120809367399064,0.0865553926641615,0.9625,0.465064584031747
"constant",1600,"sir_collapsed",118,35.271,2534.4772952909,2741.13441695533,1250.04000939633,1342.49233238727,7356.50802580962,2585.84669871022,7148.66137357077,2532.34057533073,71.8572565362734,77.7163793755587,35.4410141304848,38.0622135008157,208.571008074895,202.678159779161,0.00206256512409561,0.00198669196561162,3.97233676370459e-07,0.000995797001786825,0.00337712434206978,1.16656669937623e-05,9.19195285262988e-06,6.42410766808168e-10,4.1601571953018e-06,1.87062149292199e-05,-3166.11160397082,0.123044078847143,0.0870902098229401,0.965625,0.458089961045755
"constant",1600,"sir_collapsed",119,35.114,3050.78271692752,2940.37479314626,1578.81690445284,979.239263686562,7574.0480115956,3267.91345441743,7342.32977816894,2724.17463010615,86.8822326401867,83.7379618712268,44.9626047859214,27.8874313290016,215.698809921843,209.099782940392,0.00226180513142585,0.00217325129104706,4.71731196427242e-07,0.00111248079704274,0.00359011958832739,1.29266644259247e-05,9.32727252005866e-06,5.84656990153137e-09,3.44098837837079e-06,1.8372851483531e-05,-3152.70241360501,0.121998842866733,0.0815699375932932,0.948125,0.467268042897227
"constant",1600,"sir_collapsed",11,34.925,3279.05335939957,3358.22882117306,1457.84615647922,838.373868867945,7312.00638057628,3485.15688142208,7036.62785776753,2759.51657985149,93.8884283292648,96.1554422669453,41.742194888453,24.0049783498338,209.363103237689,201.478249327631,0.00207674026686678,0.00198679357713081,4.51105843079764e-07,0.000966814128698746,0.00340407589294806,1.30786175811333e-05,9.32678962515534e-06,8.85788796606016e-09,4.0699602801394e-06,2.04975865183446e-05,-3190.73079637718,0.118320359041479,0.081541263508938,0.965,0.46009039848781
"constant",1600,"sir_collapsed",120,34.713,4446.21065581054,4002.47654214463,1222.70232306198,1401.83305176571,7680.2881510003,4225.44905062667,7583.75511271309,3443.34866905857,128.084886233127,115.301948611316,35.2231821813724,40.3835177531676,221.25106303115,218.470172924066,0.00246534181491335,0.00237142957398023,5.87487286814462e-07,0.00117741956424442,0.00396504007003646,1.07376804275884e-05,9.19081397190919e-06,3.04142954820282e-10,4.39735316836665e-06,1.74692377442777e-05,-3177.20852139994,0.121521346844166,0.0811355654952078,0.949375,0.475223645911476
"constant",1600,"sir_collapsed",121,35.858,3627.36449451986,3778.56336225423,1790.26126894401,1195.30316945139,7559.99416713742,3810.82250313072,7173.09256901827,2870.72921436096,101.159141461316,105.37574215668,49.9264116499529,33.3343513149475,210.83145092134,200.041624435782,0.00231475702567846,0.00222308349483721,5.09467477927738e-07,0.00107638177544967,0.00368222535856696,1.35849738331238e-05,9.74845460710956e-06,2.75398893754644e-09,3.78198706968936e-06,2.22857313549839e-05,-3180.53473030264,0.12752484958203,0.0916192618448195,0.945625,0.469075373491624
"constant",1600,"sir_collapsed",122,35.198,3154.21055170555,3854.71628528378,1169.2800059815,1186.65943953369,7624.68718373568,3311.69279969608,7419.59267985887,2877.44417277381,89.6133459772019,109.515207832371,33.2200694920592,33.7138314544489,216.622739466324,210.795859988035,0.00247092368266426,0.00237549586616308,6.4485741331634e-07,0.00103693054908682,0.00398530895332923,1.70334350993281e-05,9.77502289925196e-06,2.44878384232124e-07,4.76546861439152e-06,2.00089504776063e-05,-3197.75162891974,0.12086354988242,0.0870034846557594,0.956875,0.475172563973829
"constant",1600,"sir_collapsed",123,34.873,2548.0871393712,3103.50257978151,1555.49605158474,1102.22340551831,7347.14611088101,2826.80648136802,7089.10111799264,2761.26986404756,73.0676207774268,88.9944249069913,44.6045952910486,31.6067847767129,210.682938401658,203.283374472877,0.00214468152264571,0.00206705514963414,4.38574904452293e-07,0.000975727870523344,0.00341576254650274,1.28986258297241e-05,9.77591763409472e-06,1.13470232662837e-09,4.26060534675888e-06,2.08546247963231e-05,-3122.59137135868,0.120651575830853,0.0844822011190383,0.95125,0.466085941610866
"constant",1600,"sir_collapsed",124,34.642,2940.5217421575,3128.10700136453,1980.92044263608,952.344098579945,6980.39071443795,3117.25107273076,6841.51739058068,2749.00794475533,84.8831401812107,90.2981063842886,57.1826234812102,27.4910253039647,201.500800024189,197.491986333949,0.00161887663086569,0.00154804108188394,2.35146076874538e-07,0.000783210452179621,0.0025819476110068,1.11544567791262e-05,8.34315929290178e-06,1.86186608702455e-09,3.46362014186889e-06,1.76105014124332e-05,-3140.83633232788,0.126351352881516,0.0851783940866226,0.929375,0.43852779410199
"constant",1600,"sir_collapsed",125,34.805,3057.18343874244,3005.71977398003,1717.69834048342,1008.85772913275,7073.05360359562,3213.54482213583,6934.7184465034,2879.17050975576,87.8374784870692,86.3588499922433,49.3520569022676,28.9859999750827,203.219468570482,199.24489143811,0.00176917400395583,0.00169800488731807,2.87252693180748e-07,0.000850841758757274,0.00278803893847678,1.10788032281113e-05,8.58659936110011e-06,8.35945953148378e-10,4.14028220680984e-06,1.83087340689355e-05,-3152.91725078499,0.120960857892319,0.0810665952712023,0.949375,0.44577096637692
"constant",1600,"sir_collapsed",126,35.249,3359.91227621257,3392.48046820327,1363.85994335696,1427.96595442672,7160.63579607797,3569.9212326768,7015.88656709221,3098.81910191389,95.3193644135313,96.2433109649427,38.6921598728179,40.5108217091752,203.144367104825,199.037889503027,0.00182340539264464,0.00174512599316571,2.92203233070755e-07,0.00083481377788034,0.0028436148521426,1.05753862844889e-05,8.7354080030149e-06,4.07745944074871e-10,4.0961148975443e-06,1.71798000176006e-05,-3147.14162039579,0.118698288055072,0.0809659925046999,0.958125,0.448201090525684
"constant",1600,"sir_collapsed",127,34.736,2828.83074965024,3171.53812203783,1703.44421981442,1151.0128276311,7262.77368373427,3000.90538562523,7151.13880876803,2918.9567877689,81.4380109871671,91.3040684603243,49.0397345639802,33.1360210626181,209.084917196404,205.87110803685,0.00189185399950981,0.00180482042291943,3.34952269962184e-07,0.00090439126140085,0.00304008781540084,1.22748714245415e-05,8.75541943498584e-06,2.99317492999914e-09,3.51523289842154e-06,1.75098537348504e-05,-3169.93025058734,0.128107389029254,0.0868711571394726,0.94875,0.450211324698768
"constant",1600,"sir_collapsed",128,35.141,4003.88814700145,4254.01384616184,903.713843166194,1031.12455749302,7813.31996321855,4264.63624042756,7567.42793687836,2509.72275615424,113.937797643819,121.055571729941,25.7167935791865,29.3424933124561,222.341992635911,215.344695281249,0.00290065709822232,0.00276615944743517,8.67180520166736e-07,0.00124301502001866,0.00469500384345144,1.36523509209674e-05,9.95471603416376e-06,2.71519263601845e-09,3.94122261907764e-06,2.00967442175915e-05,-3136.62549083593,0.127349904482582,0.0922903416822084,0.975625,0.494224933134238
"constant",1600,"sir_collapsed",129,34.926,3836.50462057538,4251.97915087772,1554.41120282243,1002.46708437223,7543.40941789204,4010.45407548536,7252.32782942054,3290.42023123105,109.846664965223,121.74251706115,44.5058467280086,28.7026021981398,215.982632362482,207.648394589147,0.00234136467395405,0.00224230642603074,5.57481385998726e-07,0.001091036965647,0.00382649807319696,1.3388613455683e-05,9.38155439086112e-06,3.66705892146532e-09,4.2786362194393e-06,1.93016892068797e-05,-3191.51236471635,0.121760808832358,0.0849100954559945,0.9575,0.469963271469165
"constant",1600,"sir_collapsed",12,34.774,3017.73740003158,3259.66401643743,1656.95615423088,1063.2271710179,7098.91436165043,3101.81229860875,6894.32795079957,3091.21635072734,86.7814286545,93.7385407614145,47.6492826315891,30.5753485655345,204.14431361507,198.260998182538,0.00178357705313443,0.00171418148673455,2.9482161866491e-07,0.000890242747443855,0.00286879274531471,1.17694851842824e-05,8.66167712511308e-06,1.32514092513438e-09,3.6044400320312e-06,1.90086189764117e-05,-3169.21631500895,0.125927344483258,0.0879604112344445,0.953125,0.448569352869487
"constant",1600,"sir_collapsed",130,34.946,4380.75803039007,4468.189888975,1579.04713376699,1046.2804530258,7752.23119562482,4764.84221596093,7538.43275728584,2534.83802605527,125.357924523266,127.85983772034,45.1853469286039,29.9399202491214,221.834578939645,215.716612982483,0.00271913545234939,0.00261669816507142,7.00369707567447e-07,0.00124766828394771,0.00434099162066795,1.37227990728566e-05,9.96610843114372e-06,2.45918941761223e-09,4.22226435317641e-06,2.34103834070941e-05,-3107.36952396775,0.126210062532274,0.0935172459437548,0.9625,0.488321171224727
"constant",1600,"sir_collapsed",131,34.91,3215.34810018567,3238.2469808135,1887.09838794366,1009.66173059812,7226.91230368397,3398.61104216961,7086.12166539982,3063.92989803432,92.1039272467967,92.7598676829993,54.0560981937456,28.9218484846211,207.015534336407,202.982574202229,0.00189344591857108,0.00181558353473686,3.32521601254884e-07,0.000971483153285658,0.00311511092911585,1.25690529634272e-05,8.73058796977041e-06,4.23720210744149e-09,3.60879729652535e-06,2.08480203695999e-05,-3186.21742756019,0.120735265780269,0.0833763279606734,0.955625,0.449472204049262
"constant",1600,"sir_collapsed",132,34.967,3989.402313737,4182.4021319959,1628.19657363502,1550.1576651326,7730.64824337064,4331.11157292136,7759.04711186997,3765.55998229016,114.090494287099,119.609978894269,46.5638051201137,44.3320177633939,221.084114833147,221.896276828723,0.00240266502101739,0.00229774636266347,5.98406570686257e-07,0.00110212317335653,0.00402244568770485,1.23032031693663e-05,8.83754430094418e-06,5.44576655115518e-09,3.43886459541326e-06,1.67243166274954e-05,-3185.43015062264,0.116591622642984,0.0814447818421769,0.970625,0.471837754044189
"constant",1600,"sir_collapsed",133,36.927,3585.52842652274,3297.2336229403,1200.42770907839,1256.7551120283,7194.48013938552,3862.60174240179,7014.1362398819,3070.01816551238,97.0977449162603,89.2905901627618,32.5081297987487,34.0335015578926,194.829803108444,189.946008066778,0.00190531886515929,0.00183585989084924,3.2514133920087e-07,0.000922663083225,0.00302882892808845,1.12937483796411e-05,9.20847107077167e-06,9.20500971707149e-10,4.38010865355771e-06,1.80211188064172e-05,-3136.29072558061,0.107494108365969,0.0672131761886572,0.96625,0.453003414046379
"constant",1600,"sir_collapsed",134,35.075,3990.66477523996,4339.71062406277,1366.98934412524,1038.39522551412,7697.08810466177,4139.9465669664,7457.6167271413,3128.03094444642,113.775189600569,123.726603679623,38.9733241375693,29.6049957381075,219.446560360991,212.619151165825,0.00244142274713602,0.00235330553204071,5.30115115544951e-07,0.00114647283773228,0.00391358924837228,1.22438542037131e-05,9.25674162514061e-06,6.92092254694374e-10,3.90316446178504e-06,2.11970737036311e-05,-3131.85593028483,0.118767367738925,0.079755968598749,0.97,0.476962882783266
"constant",1600,"sir_collapsed",135,34.726,2865.01657010167,3092.55479795651,1582.01587627943,1388.74416753388,7273.38228593602,3012.30070048718,7146.28902957679,2528.63292253772,82.5035008380369,89.0558889004351,45.5571006242998,39.9914809518482,209.450621607326,205.79073401995,0.0019477813685206,0.00186749234226531,3.71820151472924e-07,0.000886318773078805,0.00311612479521983,1.23592019267178e-05,9.00540328160253e-06,2.30704383716128e-09,3.42902078047042e-06,1.99000903605265e-05,-3183.36240808703,0.118761587582239,0.0832537066949732,0.955625,0.452735807001666
"constant",1600,"sir_collapsed",136,36.293,3109.59551808094,3236.34035848841,1629.58750869524,1130.99254193714,7175.76078987794,3291.62308201821,6986.84854538647,3025.89392136472,85.6803107508593,89.1725775904007,44.900876441607,31.1628286980172,197.717487941971,192.512290121689,0.00191684000000663,0.00181203975426931,3.62089238898946e-07,0.000966652453122342,0.00316634373475199,1.26752319597274e-05,9.33921622408337e-06,1.60946187781992e-09,4.10927823420364e-06,1.98258676534825e-05,-3176.62675055,0.126148561108037,0.0905984858087914,0.949375,0.454684697480731
"constant",1600,"sir_collapsed",137,35.077,3003.29732324203,3135.83926697501,1903.71447127396,1483.52055727347,7278.87127768741,3232.45143646271,7172.82666141805,2854.4369088843,85.6201306623152,89.3987304209313,54.2724426625414,42.2932564721461,207.511226093663,204.488030943868,0.00193097693903555,0.00184463601433261,3.50856849209669e-07,0.000897260435204249,0.00312611626967498,1.07958547505333e-05,8.33413873142021e-06,6.39510757651666e-10,4.20265797538919e-06,1.84567997467631e-05,-3165.09277416985,0.13156094155424,0.0867798982429426,0.950625,0.453859467441252
"constant",1600,"sir_collapsed",138,34.735,3064.36539910472,3488.28751046449,1489.48963576208,1391.0044842974,7809.68702645787,3286.98918359166,7702.42579746404,3312.94206065434,88.2212580712458,100.425723635079,42.8815211101793,40.0461921490543,224.836246623229,221.748259607429,0.00258866446108286,0.0024600140935332,6.87410054253201e-07,0.00111146302608123,0.00411872667189748,1.13757037114237e-05,9.22969832181774e-06,1.20160037695364e-09,4.1280536876978e-06,1.80758847969808e-05,-3196.49183907919,0.113705954599448,0.079702177362041,0.9725,0.479535504737799
"constant",1600,"sir_collapsed",139,34.918,4052.64210924644,3607.72232533855,1600.83788118583,1275.23895064037,7361.94876163485,4042.89595257087,7193.36611754225,3388.68856052842,116.061690510523,103.319844359315,45.8456349500494,36.5209619863786,210.835350295975,206.007392105569,0.00205069744366963,0.00198471924632659,3.75609983014825e-07,0.000973896099881372,0.0032616711237396,1.16585461676843e-05,8.96084577934698e-06,1.36080857287303e-09,4.51260873396356e-06,1.94355441003745e-05,-3146.57579091793,0.116994295477257,0.079077518168373,0.96875,0.455216633817361
"constant",1600,"sir_collapsed",13,34.818,3155.65672297961,3491.05938355542,1473.99347667744,1192.23522530758,7078.25320559067,3316.23088527945,6963.61359931549,3204.7137221907,90.6329117979095,100.26593668664,42.3342373679545,34.2419215723929,203.292929105367,200.000390582902,0.00176187755554775,0.00167346170527222,3.02040203559618e-07,0.000858224030120971,0.00287418734886072,1.09762329695908e-05,8.42910241488006e-06,1.2448843603494e-09,3.87823802885218e-06,1.64580351381771e-05,-3126.58851234934,0.130492077821679,0.0977261725844887,0.958125,0.447581117228772
"constant",1600,"sir_collapsed",140,35.302,2979.94968620246,2949.39587667844,1311.19360770272,1174.08980292445,7016.77941219773,3173.25635314363,6780.67072860058,2739.66841053032,84.4130555266688,83.5475575513692,37.1421904623737,33.2584500290197,198.764359305357,192.076106979791,0.00174263439147156,0.00166244767241052,2.74391211117519e-07,0.000863704533889023,0.00281384495764799,1.12383845953456e-05,8.90013496613672e-06,6.68292888758787e-10,4.31913501311257e-06,1.77007796126924e-05,-3120.08100967388,0.132152253294401,0.0937583039126177,0.921875,0.445812826928341
"constant",1600,"sir_collapsed",141,34.769,3588.67116610495,3707.30388946532,1559.17423533471,905.024644163135,7280.50674771702,3757.05744114472,7071.52740117544,3266.78695054031,103.214678768586,106.626704520271,44.8438044043462,26.0296426173642,209.39649537568,203.385987551423,0.00203222528112204,0.00192355058924293,4.24113310407139e-07,0.00096005175165491,0.00333633348814992,1.28830472352132e-05,9.29321123422356e-06,1.92020293397259e-09,3.8484425860085e-06,2.03565518202923e-05,-3190.21957867085,0.110145834446443,0.0734837730372603,0.96875,0.457542353343074
"constant",1600,"sir_collapsed",142,34.978,3682.9841153304,3658.30231694495,1836.4881766076,1101.3267590904,7374.82265448144,3977.93799401176,7144.76487438516,3467.04110399479,105.294302571056,104.588664787722,52.5040933331695,31.4862702009949,210.841747798086,204.264534118164,0.00213829927035579,0.00204595378461554,4.3106275772712e-07,0.00097215615200041,0.00343780001023262,1.25448382977895e-05,9.27952791982562e-06,8.96007101607336e-10,4.41831152531018e-06,2.20241875168114e-05,-3168.27792135074,0.127701867178243,0.0868226045686785,0.945,0.460263003426564
"constant",1600,"sir_collapsed",143,35.233,3144.55240026634,3121.93135914834,1580.53690823098,1048.28765520908,7312.88240046044,3423.01121716164,6974.05508027461,2784.64624828264,89.250202942308,88.608161642447,44.8595608727891,29.7530058527255,207.557755526366,197.940995097625,0.00210670552333101,0.00201426810364763,4.15491955063675e-07,0.00103733680946965,0.00339165958525647,1.30973510471562e-05,9.96000463253781e-06,1.26310104006796e-09,4.0080072210388e-06,1.98904923779286e-05,-3153.47160330508,0.133230814307846,0.0957958724729892,0.954375,0.462484070665669
"constant",1600,"sir_collapsed",144,34.826,3282.45736730938,3358.75834728634,1857.1693649575,1481.16115470471,7311.20037851445,3456.22055674838,7149.71559355124,3213.0809584636,94.2530686070574,96.4439886086928,53.3270936931461,42.5303266153078,209.935116824052,205.298213792891,0.00209594341539585,0.00200283916984818,4.24477457454528e-07,0.000959198768851876,0.00333170148927054,1.24741931364993e-05,9.6298444064434e-06,1.03300977095149e-09,3.42903215273729e-06,2.14621328216936e-05,-3171.92734364163,0.112674721332885,0.0790737257958201,0.966875,0.461900833427189
"constant",1600,"sir_collapsed",145,37.269,3972.80304295288,3943.76637215434,1134.48640197086,929.663519019124,7500.20254583328,3995.16632645864,7317.7137834693,2826.26628017083,106.598058519222,105.818947976987,30.440484101287,24.944686442328,201.245070858711,196.348541239886,0.00215017560210889,0.0020528566124112,4.47630784430997e-07,0.00103193729591737,0.0034912864237721,1.15669840698821e-05,9.01015790886357e-06,8.52898233894723e-10,4.19415459418227e-06,1.9921803143516e-05,-3145.82604128687,0.124893047300095,0.0884416973174411,0.96125,0.461144982029397
"constant",1600,"sir_collapsed",146,35.181,2912.90129182936,3150.85584337703,1665.45986102283,855.940853509807,7321.86757213705,3242.33612155188,7045.70866138491,2886.56405808738,82.7975694786777,89.5612928392322,47.3397533049893,24.329633993059,208.119938948212,200.270278314571,0.00201911611278812,0.00192724542641329,3.88273615620085e-07,0.000959792756229063,0.0032156935276887,1.37596490563623e-05,9.02675387530428e-06,1.58877293631241e-08,4.04425261801716e-06,2.02608128989485e-05,-3182.2349462728,0.115276011992516,0.076036936093527,0.96375,0.456382466159192
"constant",1600,"sir_collapsed",147,34.926,3350.4966667338,3551.0654020703,1705.69544260555,1117.64088889099,7247.01543863186,3604.14191484119,7016.64254598693,3129.9730890607,95.9313023745577,101.673979329734,48.8374117449908,32.0002545064133,207.496290403478,200.900261867575,0.00207848883085803,0.00199772303569248,4.31151867305458e-07,0.000921531034175903,0.00337028502533108,1.77789961076624e-05,9.24667431831974e-06,2.45337148187473e-08,4.07477198112208e-06,2.14338265248655e-05,-3137.04923566161,0.124915492984184,0.0832335441469265,0.964375,0.464150563682217
"constant",1600,"sir_collapsed",148,34.797,3350.96177414546,3251.02709944589,1807.28196906569,1381.86551289101,7534.48605737333,3561.80863836228,7433.5651793072,2901.91725802767,96.3003067547623,93.4283731196909,51.9378673180358,39.7122025718023,216.526886150338,213.626610894824,0.00217728228071202,0.0020688587856051,4.79894258014682e-07,0.000923800972865737,0.00347467390407605,1.16628027513178e-05,8.95444523301224e-06,7.8002713129776e-10,3.75217160826645e-06,1.8429816105187e-05,-3161.98953298182,0.125020267701803,0.084961786315045,0.955625,0.463283581407331
"constant",1600,"sir_collapsed",149,34.663,4300.55372405568,4432.40187140942,1276.00122717259,1230.72695146571,7893.59730671567,4593.03846253109,7641.26787592137,3430.66368136926,124.067556877814,127.871271136642,36.8116212437641,35.5054943734157,227.724008502313,220.44450497422,0.00289082075075287,0.00274476915805154,8.70159876506304e-07,0.00133375663180721,0.00483309220089827,1.49516043273694e-05,9.63958844186267e-06,4.3390188563356e-08,4.43200493738638e-06,1.99009908516396e-05,-3206.12389637001,0.126415387595771,0.091132061817727,0.964375,0.489138620000595
"constant",1600,"sir_collapsed",14,34.774,3627.62334298543,3219.44463812669,1461.5844804669,1419.41287535312,7415.56459326902,3875.876772932,7287.26273891094,3087.29585082606,104.319990308433,92.5819473781183,42.0309564751509,40.8182226765146,213.250261496205,209.560670009517,0.00207034489784214,0.00197055860696068,4.02461271605653e-07,0.00096527705535309,0.00330338514825708,1.14731210301851e-05,9.05428540606938e-06,2.01137977914901e-09,4.06548956212551e-06,1.90302352378591e-05,-3201.86543776727,0.115467715994017,0.0797980004824663,0.958125,0.458909330281292
"constant",1600,"sir_collapsed",150,35.186,2954.39076566071,3217.71486572345,1293.50916031356,1241.25570455275,7205.84971006815,3076.21493291385,7042.12758372604,3074.10489899882,83.9649509935971,91.4487257921745,36.7620405932348,35.2769767678268,204.793091288244,200.140043873303,0.00195829325803493,0.00187631288804535,3.54573391780731e-07,0.000891566684459049,0.00309752774239501,1.20976483914668e-05,9.48273547628501e-06,2.76456802092717e-09,4.58807671671013e-06,1.78106819805589e-05,-3155.27074678504,0.127396636558031,0.0887684829613617,0.956875,0.455643917533067
"constant",1600,"sir_collapsed",151,35.329,3390.1452271521,3531.46218030782,984.201420637605,1161.5418040233,7624.93381189838,3608.23961439951,7414.24434009637,3165.64671004282,95.9592750191657,99.9593019985796,27.8581737563363,32.8778568321577,215.826482829924,209.862841860691,0.0024273914823021,0.00229895540446905,6.29913734667548e-07,0.00106522140454536,0.0039048417946862,1.29982016546444e-05,9.35170924115961e-06,3.0265431023077e-09,4.27307074099931e-06,1.90610330355274e-05,-3171.59609177677,0.124511388980245,0.0826630351506491,0.960625,0.473553933205101
"constant",1600,"sir_collapsed",152,35.038,4272.58541968339,4202.59528066751,988.613955269032,1095.08197630788,7744.69932030578,4480.33483005956,7501.78782671596,3562.61392008512,121.941475531805,119.943926042226,28.215479058994,31.2541234176574,221.037140256458,214.10433890964,0.00268502822913757,0.00252911755487864,8.23791850225674e-07,0.00104461622751941,0.00444370338136079,1.39367785890372e-05,9.82530774771866e-06,8.58466255508964e-09,4.70634665494457e-06,2.02519370059729e-05,-3179.95628945316,0.130306405059938,0.0970968754655872,0.95875,0.486049164604572
"constant",1600,"sir_collapsed",153,34.768,3795.283569405,3667.56593329315,1707.41302383127,1155.61756853961,7321.37405256513,3825.7966549286,7027.31589152741,3437.16582755692,109.160249925362,105.486825048699,49.1087501101953,33.237965040831,210.577946748882,202.12022237481,0.00207050437990399,0.00199593526115689,4.25128930210343e-07,0.000941208716269644,0.003351841768113,1.36097904144992e-05,9.31805792454139e-06,5.21473093559531e-09,3.71766833063621e-06,2.11980277623292e-05,-3154.76224935006,0.137649954181298,0.0970370284064163,0.946875,0.463403108159778
"constant",1600,"sir_collapsed",154,34.685,3673.22340799374,3487.68235715327,1455.5829399368,1501.92156136054,7475.19592618554,3929.17143337921,7387.09804807259,3188.08761153848,105.902361481728,100.553044749986,41.9657759820326,43.3017604543906,215.516676551407,212.976734844244,0.00222577101007853,0.00214587103800646,4.63784210078646e-07,0.00104295533082106,0.00355138691558933,1.19257413498859e-05,9.69658273472848e-06,9.94085285670299e-10,4.74948955859875e-06,2.16040780072405e-05,-3156.69373299093,0.1227441048566,0.0889288732222922,0.966875,0.46553987121218
"constant",1600,"sir_collapsed",155,34.558,2997.00463068939,3114.92357208919,1682.09705060182,1326.50065198352,7525.47163884984,3132.46216830969,7380.14361663706,2829.10743202575,86.7239027342263,90.1361066059723,48.6746064761218,38.3847633538838,217.763517531392,213.558180931682,0.00216784004212024,0.00207551500207469,4.65438929000323e-07,0.00101139212749786,0.00352466628722352,1.15564471475239e-05,8.47064219836376e-06,3.43596934625045e-09,4.26757492435206e-06,1.84349711140513e-05,-3175.1632319346,0.115116289738237,0.0776557142502627,0.965625,0.46278468729343
"constant",1600,"sir_collapsed",156,34.71,3031.86129830964,3014.51570533232,1517.5517059694,1257.02937076446,7085.59963982961,3227.29482837152,6932.97228995365,2743.16179662406,87.3483520112254,86.8486230288769,43.7208788812849,36.2151936261729,204.137125895408,199.739910399126,0.00184772243688867,0.00176143967355853,3.3883642770582e-07,0.00084760216863911,0.00296841962681993,1.37539987041838e-05,8.94107402200836e-06,1.15588327644856e-08,4.25964569951169e-06,1.92495505418971e-05,-3186.84094969749,0.118293559790271,0.0817598094944618,0.953125,0.449703446856349
"constant",1600,"sir_collapsed",157,34.805,3114.10568337085,3001.20471395954,1713.71322222089,1277.06600607365,7586.03193164189,3262.00481366769,7356.5336722042,2833.35610170287,89.4729401916637,86.229125526779,49.2375584605915,36.692027182119,217.958107502999,211.364277322344,0.00224916612904841,0.00214765283745649,4.93337875212521e-07,0.00103772645645369,0.00366384631352848,1.19216535992593e-05,9.40612558780355e-06,1.20598399640497e-09,4.39879374689926e-06,1.912631835126e-05,-3193.66622571361,0.124677569840198,0.0876187691303234,0.968125,0.465010990493077
"constant",1600,"sir_collapsed",158,35.313,3642.95215561224,3504.271986864,1571.72688753451,1399.30522450231,7690.09431919599,3870.57345204432,7565.36661701494,3231.29643976083,103.161786186737,99.2346157750404,44.5084497928387,39.62578156776,217.769499028573,214.237437119897,0.00247029130854032,0.00236465268884383,6.29979796909504e-07,0.00118222527637309,0.004146990644078,1.2363023787953e-05,9.41465588963595e-06,5.83804627605161e-09,4.50133054938012e-06,1.86191351743425e-05,-3152.83821900697,0.118734915104815,0.0840140777872005,0.96375,0.474665933348502
"constant",1600,"sir_collapsed",159,35.124,3520.53465155055,3609.41125792319,1718.24830033377,1351.52867396562,7210.46498047019,3423.01717960452,7172.68697504333,3172.59149161869,100.231598096759,102.761964979023,48.9194938029202,38.4787801493457,205.285986233635,204.210425209069,0.00187662946588136,0.00179405173373641,3.16851243551807e-07,0.000920864737561621,0.0030059256838739,1.09050647017647e-05,9.0106427943863e-06,4.46777111426648e-10,3.20620757792086e-06,1.72838650623566e-05,-3170.66202004943,0.128211676738258,0.0911401416511387,0.938125,0.449836819408448
"constant",1600,"sir_collapsed",15,34.864,3009.65552443222,3302.11847063233,1516.7779250316,1365.92071925539,7285.83241693018,3266.76392585467,7078.72246817416,2872.44493462404,86.325594436445,94.7142746280498,43.505562328809,39.1785428882339,208.97867189451,203.038161661719,0.00200185029557025,0.00190990181470359,3.99030133552749e-07,0.000967948293102307,0.00325651527348838,1.21479352127978e-05,9.36001344112584e-06,1.71897841033746e-09,4.35178462809126e-06,1.83753727591366e-05,-3167.66734042423,0.128933016488895,0.0881036855319036,0.95,0.458605092963125
"constant",1600,"sir_collapsed",160,35.257,2717.4325183176,2762.36072912117,1880.72333560857,1063.04393538518,6940.25279802481,2963.07189409641,6770.38151083914,2548.90010299816,77.0749785380944,78.3492846561298,53.34326050454,30.1512872730289,196.847513912835,192.02942708793,0.0016466450779117,0.00158057969155272,2.39873179343742e-07,0.000770702168944739,0.002569546845766,1.14985027712375e-05,8.724119346903e-06,1.68438581641477e-09,3.52056695379892e-06,1.82463901705116e-05,-3161.9994206932,0.114141793048308,0.0755003523903398,0.959375,0.440035653256378
"constant",1600,"sir_collapsed",161,35.026,3235.79493512823,3876.59471336888,1635.53473449047,1242.88033187688,7594.27130312668,3535.17686105512,7356.83786938204,3156.32748409292,92.3826567443679,110.677631284442,46.6948762202498,35.4845067057867,216.818115203754,210.039338473764,0.00240819123383883,0.00231956648857078,5.9399871471957e-07,0.0010577877622144,0.00386009926989119,1.22322553656254e-05,9.43096982528912e-06,1.41401809998886e-09,4.14127933194245e-06,2.14449692596213e-05,-3144.59024710161,0.117277468028851,0.0814309515327305,0.970625,0.472589957194657
"constant",1600,"sir_collapsed",162,35.112,3784.20725701125,3956.01281612917,1685.73479252454,1132.95770192118,7258.94863026651,3991.25911904889,6986.70690441943,2612.37492218807,107.775326299022,112.668398727762,48.0102185157366,32.2669657644447,206.736973976604,198.983450228396,0.00212626969453414,0.00204407492291649,4.408284482588e-07,0.00101906827081811,0.00353782518071992,1.37350803029433e-05,9.87295593506442e-06,1.14222211123815e-09,3.56804810721025e-06,2.26629814633149e-05,-3142.48148771092,0.126264162621884,0.0867356592329229,0.95625,0.468863284088538
"constant",1600,"sir_collapsed",163,36.105,3119.11926186472,3744.44546201815,1366.05984242649,882.364585040622,7493.93665915463,3342.74920244024,7265.86348550111,2992.19000006895,86.3902302136745,103.709886775188,37.8357524560724,24.4388473906833,207.559525250093,201.242583728046,0.00227161896348118,0.00217206023111486,5.34556347744697e-07,0.000984604348244432,0.00366469346692925,1.28919906456908e-05,9.2441491732089e-06,2.34349094222155e-09,4.41620341961876e-06,1.93491271913148e-05,-3185.94190194021,0.126962608775426,0.0908827613031828,0.966875,0.465599259669741
"constant",1600,"sir_collapsed",164,34.954,3535.1428180044,4065.44755736988,1509.05635911659,1400.22338250338,7580.78480996203,3684.95106821879,7392.15261548679,3203.96816283196,101.137003433209,116.308507105621,43.1726371550206,40.0590313698969,216.878892543401,211.482308619523,0.0023676902780302,0.00227406787221377,5.37212951539618e-07,0.00108776050891778,0.00381891866166377,1.58785714136777e-05,9.49714302884693e-06,1.50460588700616e-08,4.23038663430211e-06,1.96532650533895e-05,-3176.04982928568,0.124601360368072,0.0891182843389235,0.95125,0.471276787529156
"constant",1600,"sir_collapsed",165,34.782,3587.95770379028,3785.25485973282,1277.16667267498,1117.46057214547,7636.58476615673,3682.49176766361,7510.01958198548,3496.28591611606,103.155589206782,108.827981706998,36.719184425133,32.1275536813716,219.555654250955,215.916841526809,0.0023596322612609,0.0022487397078255,5.61101723346834e-07,0.00110706626864765,0.00386239088022896,1.1514369744179e-05,8.80525187402206e-06,1.47639137641449e-09,4.21430906943147e-06,1.81172720974508e-05,-3194.52940235952,0.125809089934146,0.0859135742331644,0.963125,0.469245191072007
"constant",1600,"sir_collapsed",166,34.856,2881.80947189631,2987.72711399536,1899.6888756659,1320.55959141651,7191.90725211317,3042.72626897914,7159.88844752523,2716.90196927846,82.6775726387511,85.7162931488226,54.5010579431346,37.8861484799319,206.33197303515,205.41337065427,0.00180448264971564,0.00171146590856895,3.28787936423868e-07,0.000805628950890695,0.00291226387386106,1.14177173962597e-05,8.59306492159533e-06,1.37255983743638e-09,4.21713771612626e-06,1.78895041963867e-05,-3173.59034293556,0.124868272957212,0.0837690979954612,0.9525,0.447327508846063
"constant",1600,"sir_collapsed",167,34.908,3518.80537903399,3426.88451999897,883.934727838782,950.839114237329,7714.65376043041,3736.92367646795,7276.19589127017,2931.57243761798,100.802262490947,98.1690305946765,25.3218381986588,27.2384299941941,220.999592082916,208.439208527277,0.00269733403555506,0.00257961560747253,7.54340608249148e-07,0.00121119787952329,0.00445280395597762,1.51159656207631e-05,9.65131455278568e-06,8.53332868498953e-09,4.39986266338845e-06,2.17885947480373e-05,-3189.26789482127,0.119105448023622,0.0798167491875568,0.961875,0.487045981069217
"constant",1600,"sir_collapsed",168,34.937,3282.1531037386,3304.80403743766,1433.19496845665,1205.00836435744,7594.09722558087,3439.5094949181,7376.17828757905,2978.83885099517,93.9449037907833,94.5932403308144,41.022267752144,34.4908940194477,217.365464280873,211.12798144028,0.00252159948219741,0.00242768309047043,6.41539326800957e-07,0.00109050242461996,0.00409050767570899,1.32370069462033e-05,9.98253485181429e-06,1.84738352709836e-09,4.6779095074558e-06,2.07774897985714e-05,-3163.4008700289,0.113044768853652,0.0780074073659642,0.96,0.479963284310231
"constant",1600,"sir_collapsed",169,34.916,2853.40408323023,2841.61036989469,1259.38630208227,1058.43616374766,7536.32536396858,3034.49057369163,7320.35997233635,2533.04305146908,81.7219636622244,81.3841897667169,36.0690314492574,30.3137863371424,215.841601671686,209.6563172281,0.00239452013711222,0.00229884963458339,5.6194332802533e-07,0.00104614338523186,0.0038731493470535,1.36573527217304e-05,9.1922314894162e-06,6.27145503918166e-09,3.84242100788552e-06,1.95564228001084e-05,-3185.01281284685,0.126760446144491,0.0876743062152709,0.96625,0.472011332265538
"constant",1600,"sir_collapsed",16,36.372,3534.14336983113,3593.40660201654,1345.99879393348,1080.70549963407,7685.77867832936,3739.15751843825,7379.40511550115,2825.64479951782,97.1665943536547,98.7959584850033,37.0064553484407,29.7125673494465,211.310312282233,202.886976671647,0.00241437869518359,0.00232471013953488,6.08572625736802e-07,0.00110673498802647,0.00395030517435608,1.2621285439917e-05,9.20746396279243e-06,3.60470600244574e-09,4.61454006447774e-06,1.95593696059016e-05,-3183.07598048862,0.115321514402887,0.0798680285620949,0.96375,0.472783453787794
"constant",1600,"sir_collapsed",170,34.721,3875.15058059935,3878.47023260226,1751.81863019613,1234.42330837046,7565.4521282503,4082.17456866309,7393.83320101343,3635.22902112407,111.608265332201,111.703874675334,50.4541525358178,35.5526427340934,217.892691116336,212.949892025386,0.00230445002037263,0.00219346289638442,5.4287196069299e-07,0.00105386109798826,0.0037317381924162,1.29466888468682e-05,9.26181081819427e-06,6.64184164582041e-09,3.54950928101766e-06,1.9930440650786e-05,-3144.4500271354,0.127189924081509,0.0859439193982527,0.95,0.470075676038152
"constant",1600,"sir_collapsed",171,35.167,3173.40989036506,2952.70479274468,1218.26432044706,903.925611327898,7267.91542829744,3390.56441204528,6910.81805881913,2290.40978125803,90.2382884626228,83.9623736100515,34.6422589486466,25.7038021818153,206.668621955169,196.514290636652,0.00204587997313595,0.00194945703160643,4.15375169074133e-07,0.000865496824139415,0.00327756316892537,1.42021302852671e-05,9.25618130339663e-06,3.85137861363204e-09,4.12932060623343e-06,1.91888799802241e-05,-3186.1165807091,0.117097204757368,0.0854628615193757,0.968125,0.458610755040016
"constant",1600,"sir_collapsed",172,34.81,2978.53637706469,3244.39117616771,1498.38568598541,1368.6165271839,7221.874704918,3143.0944576607,7103.96084810668,3086.87316967358,85.5655379794509,93.202849071178,43.0446907780927,39.3167632055128,207.46551867044,204.078162829839,0.00184702849679092,0.00176979789253612,3.25990271302821e-07,0.000873891870592266,0.00299481166335953,1.08559056749306e-05,8.47377170005574e-06,5.43713336408997e-10,3.91037467425691e-06,1.71145289616006e-05,-3162.9178569116,0.134921293095344,0.0923033313060932,0.940625,0.449291482726611
"constant",1600,"sir_collapsed",173,34.719,3759.40364315914,3836.53329398751,1486.83709329944,1002.42106065386,7440.85161074597,3749.50801007579,7131.05689961796,3187.40176780621,108.280873388034,110.502413490812,42.824882436114,28.8724059060993,214.316414952791,205.393499225726,0.00226854389713918,0.00216370576513576,5.20976567595404e-07,0.00099557207840133,0.00367768682115436,1.34323577051113e-05,9.21018026980086e-06,5.025965451661e-09,3.88271779060493e-06,2.1697462628824e-05,-3119.44035224978,0.133734251346295,0.096308803672734,0.945,0.471551484636198
"constant",1600,"sir_collapsed",174,35.213,2724.5013227226,2801.74572210892,1342.08172824833,1171.23404424531,7307.18883297107,2852.16771720878,7107.00775238853,2610.5164992156,77.3720308614034,79.5656638772307,38.1132459105538,33.2614103951752,207.513953169882,201.829090176598,0.00200381383554928,0.00191881148969486,3.68701407348253e-07,0.000936940801315799,0.00314258943597581,1.24325688805766e-05,9.0612708875784e-06,4.22894520518869e-09,4.46145148013586e-06,1.7995737659397e-05,-3181.24364966738,0.115350159031437,0.0783946818608682,0.963125,0.456135411438317
"constant",1600,"sir_collapsed",175,34.589,3539.65758732885,3684.7393720921,1530.52789708909,1328.15264495539,7106.66813274043,3518.50456919494,6996.7029291323,3115.49477432925,102.334776585876,106.529225247683,44.2489779146287,38.3981220895486,205.460352503409,202.281156701041,0.00180535637741608,0.00172566159037937,3.10926595129236e-07,0.000909251200759445,0.00291092812388634,1.13835239804802e-05,9.22870470376684e-06,1.33374140473962e-09,4.68669947065027e-06,1.83051262318703e-05,-3198.10270919592,0.134834585538565,0.0953956396612689,0.94375,0.445356739913479
"constant",1600,"sir_collapsed",176,34.648,2871.9895157803,2873.81969497221,1539.9007280872,1007.30004398879,7109.83853911926,3105.78586559744,6891.89746673667,2564.14524390536,82.8904847546842,82.9433068278749,44.4441447727778,29.072386400046,205.201989699817,198.911840993324,0.00184901459735643,0.00175923277270961,3.30008458229551e-07,0.00087522584362138,0.00296260404003505,1.19630513826875e-05,8.66839642986325e-06,1.29805136086851e-09,3.48837120773639e-06,1.89898624080781e-05,-3163.10294617953,0.123015774714781,0.0884694488742581,0.954375,0.451233983593469
"constant",1600,"sir_collapsed",177,34.75,2926.35204695052,3003.67433816545,1769.68669483412,1002.37084957305,7096.29683111871,3130.09392753172,6914.24031367526,2806.32769366607,84.2115696964179,86.4366716018835,50.9262358225645,28.8452043042603,204.209980751617,198.970944278425,0.00186224292316257,0.00178135280002809,3.2431329448105e-07,0.000928894532907677,0.00303503108998476,1.3137048942174e-05,8.98043931024305e-06,1.1839287263744e-08,4.11972753611764e-06,1.99037680694796e-05,-3159.53658921731,0.119690118065526,0.0784678969504327,0.96375,0.452170221407962
"constant",1600,"sir_collapsed",178,34.915,3722.28124772077,3793.65107694714,1373.06888350549,1417.2630509527,7831.44069176206,4041.36010081667,7631.12662823703,3580.97948084961,106.609802311922,108.653904538082,39.3260456395674,40.5918101375542,224.300177338166,218.562985199399,0.0028616035864921,0.00274025568365298,8.61767470491091e-07,0.00129434149331489,0.00469558724194391,1.41140858701181e-05,9.64596196318557e-06,3.43037868634843e-09,3.84475292759412e-06,2.20797665106558e-05,-3162.9430522368,0.118638637269035,0.0846423214273323,0.969375,0.492453448847752
"constant",1600,"sir_collapsed",179,34.743,3884.22008080607,3805.09265774873,1560.58865780137,1757.70773624228,7465.29134825011,3609.2097626752,7456.43513969731,3686.82869698744,111.798638022222,109.521131098314,44.9180743689772,50.5917087252764,214.871811537579,214.616905267171,0.00218348239012326,0.00208872927829166,4.54171406153226e-07,0.00102499023363552,0.00352526587276218,1.11067318335965e-05,9.23035741176189e-06,5.06712672642322e-10,4.50595628563708e-06,1.88967033127967e-05,-3181.64649501105,0.127268385912265,0.0906873516380405,0.945,0.46504473618126
"constant",1600,"sir_collapsed",17,34.756,3326.08421374465,3676.02518509266,1574.70995581492,1308.91321884832,7228.55506150234,3543.27427174661,7089.39564399236,3139.29667778928,95.6981302147731,105.766635547608,45.3075715218931,37.6600649916077,207.980062766208,203.976166532177,0.00185992561211793,0.00178368741288727,3.03317084258849e-07,0.000968396842034246,0.00294524476447915,1.08091735437587e-05,9.5228730953669e-06,1.85442479234314e-10,4.1091315125475e-06,1.77488632368049e-05,-3190.85625183228,0.112722499898376,0.0770450132339366,0.968125,0.448250109484638
"constant",1600,"sir_collapsed",180,34.592,3018.3296674659,3127.2697975124,1475.04995525053,1369.87596694262,7112.16277201704,3212.93810605233,6913.66317369695,2951.65962868159,87.2551360853926,90.4044229160615,42.6413608710259,39.600947240478,205.60137523176,199.863065844616,0.00182510614430287,0.00174531266491354,3.23325022495855e-07,0.000884839009968699,0.00293235865835101,1.37618247494497e-05,9.34096014216309e-06,7.68969943134861e-09,3.68991000124302e-06,1.88207355511599e-05,-3161.28611573025,0.118572893658903,0.0749642623337322,0.953125,0.447270653980431
"constant",1600,"sir_collapsed",181,34.961,3360.54337664446,3539.38914065917,1788.73474667088,1133.97311888423,7416.86338135763,3577.13124525202,7203.74242581301,3129.75152150209,96.1226331238942,101.238212312553,51.16371804785,32.4353742422764,212.146774444599,206.050811641916,0.00218546309455393,0.00208578924691524,4.8604992809095e-07,0.000970064921562956,0.00356568486694692,1.31538493227428e-05,9.63368263069069e-06,1.90112209779837e-09,4.38309456294901e-06,2.2190635676617e-05,-3165.19557025326,0.119458518952371,0.0834089227999673,0.96875,0.464963725729495
"constant",1600,"sir_collapsed",182,35.253,3214.61340616783,3579.44541312443,1412.84048404277,1294.75578146669,7480.0287293673,3366.75784487868,7255.72984162532,3075.13440127536,91.1869459668064,101.535909372945,40.0771702845935,36.7275347195043,212.181338591532,205.818791070982,0.00225050049791692,0.00216222963196711,4.87403290390129e-07,0.00101219193594606,0.00360128054733162,1.28572047983717e-05,9.38025009118171e-06,2.78196491933725e-09,4.42644405034506e-06,2.06334093109421e-05,-3145.55932898294,0.124380953384781,0.0854988771454789,0.96375,0.470052407670817
"constant",1600,"sir_collapsed",183,34.835,4117.89397022943,3829.21423571585,1822.09056863407,1251.36060951452,7630.07896133394,4335.87530161023,7474.08759528739,3557.80321581063,118.211395729279,109.924335746113,52.306317457559,35.9225092439938,219.034848897199,214.556842121068,0.00242706293049013,0.00231471359722156,6.27889879490421e-07,0.00107948733458221,0.00404460150383964,1.39323566043561e-05,9.16433761170603e-06,1.04346895346489e-08,4.01293978774549e-06,2.00626313480037e-05,-3170.55663271618,0.10972902991871,0.0757681137257181,0.973125,0.475033929304
"constant",1600,"sir_collapsed",184,34.978,3500.33680111575,3658.64726547868,1594.56648753548,1386.64714669143,7367.89227492687,3655.07721295155,7299.16391171601,3264.43728632816,100.072525619411,104.598526659005,45.5876976252353,39.6434086194587,210.643612411426,208.678709809481,0.00190424601479399,0.00182351521167416,3.71971142527127e-07,0.000886484474619237,0.00313434267764116,1.08992788812419e-05,8.41660813749284e-06,1.18351229328711e-09,3.65272495304953e-06,1.71094092945066e-05,-3156.74892766418,0.139707470607405,0.0994951525946696,0.945625,0.45266741977802
"constant",1600,"sir_collapsed",185,34.743,3387.67366837172,3420.65378692839,1504.42110269848,1335.07199241632,7424.81199470599,3608.16470739893,7272.1710175158,3236.63490699095,97.5066536675508,98.4559130451715,43.301416190268,38.4270786177451,213.706703356244,209.313272242345,0.00216234883095634,0.00204910631551602,4.74663392441489e-07,0.000922113937863347,0.00348960509180463,1.19714139092571e-05,9.65302867449418e-06,4.26752202095813e-10,3.8794993833415e-06,2.07614906736011e-05,-3156.09857468599,0.132702716957984,0.0889543648552444,0.965,0.462374285475383
"constant",1600,"sir_collapsed",186,35.018,3674.52551008785,3955.61514077639,1398.27322775148,1707.53282704604,7412.62428572232,3645.24029561212,7366.97643729105,3498.66746038079,104.932477871033,112.959482002867,39.9301281555622,48.7615748199794,211.680401100072,210.376847258297,0.00224392310119315,0.00213985411295448,5.39962054291325e-07,0.000981258282341018,0.00365282703366228,1.25193779788877e-05,9.34107712635147e-06,1.14490645832407e-08,4.05090845524139e-06,1.82100354552928e-05,-3165.62476728935,0.12053132089909,0.0845863220468887,0.95875,0.46955765502281
"constant",1600,"sir_collapsed",187,35.233,3967.590289862,4046.04832585827,1252.67196979135,1248.16425487477,7753.40450494212,4149.8769045511,7654.91319151127,3708.1868198953,112.610061302245,114.836895122705,35.5539400502753,35.4259999112983,220.06086637363,217.265438410333,0.00266119724533548,0.00253088815211401,7.63237084629118e-07,0.00121311391273309,0.00454529877465584,1.29926333598231e-05,9.06786754704594e-06,1.21871974739214e-08,4.269974712314e-06,1.83455653391471e-05,-3152.12629771392,0.127156319851068,0.0865590987303388,0.961875,0.483485785141422
"constant",1600,"sir_collapsed",188,35.134,4063.14589230203,3831.76314305738,1585.40870126138,1198.28064796402,7583.18765595568,4289.63911010287,7348.07541567413,3084.96586579147,115.647119380145,109.061397593709,45.1246286008248,34.1060126363073,215.836160299302,209.1442880308,0.00230810538937347,0.00221586107167762,5.35865113267026e-07,0.00102377683106813,0.00370542402593172,1.33869626819008e-05,9.21498414660744e-06,3.65424446414837e-09,4.22571210967589e-06,2.06451949704871e-05,-3169.33911642698,0.126411643186764,0.0912134140961432,0.970625,0.468805056266337
"constant",1600,"sir_collapsed",189,34.829,3829.62955695038,3773.4513207666,1341.03340811117,1047.46385115386,7369.88106097079,3866.434232616,7039.15354919857,2644.28014748463,109.9551970183,108.342224030739,38.503356631289,30.0744738911211,211.601856526768,202.10610552122,0.00222779491015431,0.0021342722854776,4.85761401082189e-07,0.00100841195189126,0.00364241956170574,1.42994173389812e-05,9.40162098062176e-06,3.11954027286296e-09,4.59495239369344e-06,2.33815853257952e-05,-3172.29282105605,0.111204361623851,0.0742033320203309,0.964375,0.468442807556561
"constant",1600,"sir_collapsed",18,34.819,4186.51739777153,4192.21508874928,1169.86169029052,982.092871938132,7919.00338964314,4455.94673182518,7727.79647816534,3296.13564236738,120.236577666548,120.400215076518,33.5983712998801,28.2056598965545,227.433395262447,221.941941990446,0.00282762953463779,0.00271359935848489,6.99262683144522e-07,0.00140954729895845,0.00459964744178383,1.15992320728698e-05,9.17184377531061e-06,9.70529253039461e-10,4.43958791385528e-06,1.781079281518e-05,-3151.90064757033,0.122754463923297,0.0831659949481856,0.9675,0.48833742221138
"constant",1600,"sir_collapsed",190,34.864,3162.83976712512,3413.5758880037,1434.15499047305,1269.72904645046,7212.37469295594,3311.0029061203,7042.84118730786,2874.22747234045,90.7193600024415,97.9111945847778,41.1356984417464,36.419488482402,206.871692661655,202.008983114613,0.00210089508819198,0.00201676428754079,4.4678350478777e-07,0.000961996420888364,0.00339766380364937,1.2568388475021e-05,1.00648905619643e-05,6.8831626237137e-10,3.91171949877893e-06,2.05258003274356e-05,-3139.53715901423,0.13346290493017,0.0897635123253638,0.943125,0.465115482645646
"constant",1600,"sir_collapsed",191,35.157,3639.23461242115,3605.42906977317,1400.68837168741,1712.01149333376,7771.60084847876,3904.85328184014,7505.32972426121,2897.65699612964,103.513798458946,102.552239092447,39.840952632119,48.6961769586073,221.054152757026,213.480380130876,0.00283318686730489,0.00271305030627508,8.55660746434909e-07,0.0012322422627221,0.00466036016015087,1.33729572511442e-05,1.07870852105887e-05,1.00535382454422e-09,4.8487502485594e-06,2.23501875871767e-05,-3161.24607890332,0.116687467969739,0.0830073648868646,0.973125,0.494102949138628
"constant",1600,"sir_collapsed",192,34.75,3911.4551790654,3466.33739533792,1555.45040268983,1090.00547450364,7594.6055886359,4285.13542236107,7263.38117506992,3163.2847703704,112.559861268069,99.750716412602,44.7611626673332,31.3670640144933,218.549801111825,209.018163311365,0.00249827663886965,0.00237350171851619,6.76119019681988e-07,0.00103760814994831,0.00408384396764402,1.53733441417735e-05,9.79381451784268e-06,7.70602035057895e-09,3.58854777243103e-06,2.15328841041424e-05,-3198.20345780146,0.132073634681125,0.0974783816193011,0.959375,0.477991775304229
"constant",1600,"sir_collapsed",193,34.561,3664.03680281218,3274.40221040257,1741.01273430496,1058.2995396819,7322.27524922177,3908.9812649485,7112.70532296789,3001.04670956938,106.016515807187,94.7426929314131,50.3750682649506,30.6212071317931,211.865259952599,205.801490783481,0.00213301426079632,0.00204127363911064,4.17579913380926e-07,0.00104993957094017,0.00348500258861918,1.54919112970454e-05,9.4529034202053e-06,1.3915925878363e-08,4.16947427043046e-06,2.11985960549024e-05,-3175.40959959805,0.120126146110658,0.0826601162668312,0.9575,0.463660855213337
"constant",1600,"sir_collapsed",194,34.774,3870.18043102356,3667.59586269782,1656.62238546813,1365.85601773686,7622.23423900493,4050.18620600945,7374.28869011255,3404.3951970882,111.295232962086,105.469484750038,47.6396844040987,39.2780818351888,219.193484758869,212.063285503898,0.00246254034069854,0.00235827883730145,6.28685543332029e-07,0.0010405730353742,0.00405260857244909,1.22539432287042e-05,9.86518421735506e-06,7.09505216489321e-10,4.07078596590875e-06,2.1489217925714e-05,-3127.81297039807,0.123079227549014,0.0832423212096671,0.96125,0.478572845229661
"constant",1600,"sir_collapsed",195,34.864,3549.1332520542,3718.95441877508,1677.98516021455,1744.84802635764,7612.99887235548,3919.68592638261,7521.80359290717,3579.86509991024,101.799370469659,106.670330965325,48.1294504421338,50.0472701456412,218.362748748149,215.74700530367,0.00238036376162902,0.00227278537380521,5.85720661037256e-07,0.00107281407522213,0.00389990969733134,1.3491119929442e-05,9.59819089250735e-06,4.45362180067923e-08,4.45581407176554e-06,1.92271884452619e-05,-3136.94969864903,0.128887184102923,0.0940800923079419,0.954375,0.475395002060657
"constant",1600,"sir_collapsed",196,34.863,3189.8616061812,3505.19323733119,1183.32788108438,1134.41750355709,7255.12419004636,3264.51309112655,7226.3684239667,3250.55248067426,91.4970486240771,100.541928042084,33.9422276076179,32.539296777589,208.103840462564,207.279018557402,0.00193408829343157,0.0018443811577593,3.98015813281459e-07,0.000898581685095853,0.00320440736420353,1.01787265850427e-05,8.72194421959173e-06,1.77834201085068e-10,4.66364456794031e-06,1.62547998218619e-05,-3215.82258334386,0.129327691631569,0.0921160858878205,0.955,0.451126713642542
"constant",1600,"sir_collapsed",197,35.038,2833.73100455066,2913.7371506879,1842.80768047348,1261.46098725914,7035.72759649318,2980.21869629306,6870.61476893116,2674.7030488754,80.875934829347,83.1593455873024,52.5945453642754,36.0026538974582,200.802774030857,196.090380984393,0.00175809321295491,0.00168497174969101,2.89838686573873e-07,0.000808546031371426,0.00279503753754411,1.19078083638987e-05,9.25787741922653e-06,1.97783339861024e-09,4.2628077236944e-06,1.92905929411353e-05,-3163.68828679124,0.114837426146685,0.072989829631089,0.955625,0.446772882290028
"constant",1600,"sir_collapsed",198,34.778,3395.48981641411,3379.35482226359,1387.04717497625,1163.16823401158,7331.14838186284,3655.65850085574,7052.49968915232,3117.89222424662,97.633268629999,97.1693260757831,39.8828907635933,33.4455182590022,210.798446772754,202.786235239298,0.00208909528519026,0.00199024529109625,4.33757482283084e-07,0.0010229419892628,0.00345875181461434,1.32478293485966e-05,9.25594705718704e-06,2.60935245450656e-09,4.07874061230567e-06,2.03930368801687e-05,-3162.02674163529,0.127996322284539,0.08319906325637,0.96125,0.459085774718658
"constant",1600,"sir_collapsed",199,35.086,2877.67932293193,3130.49282103472,1395.36852376145,1435.46649301505,7246.71403675929,3055.36722345671,7176.71374350765,2969.44689859552,82.0178795796594,89.2234173469394,39.7699516548324,40.9127997781179,206.541470579698,204.546364461827,0.00197503916058969,0.0019043091722464,3.38113623197644e-07,0.000935827260478688,0.00308012375693245,1.10173246100516e-05,9.54777051822121e-06,1.98908954399581e-10,3.92332692793889e-06,1.72334585149345e-05,-3120.10839271175,0.122902874748224,0.0869933954926848,0.96,0.457121988928276
"constant",1600,"sir_collapsed",19,34.571,2751.98657115445,2717.22098807532,1559.95281279443,951.320704157931,6929.42741087587,3029.95068647445,6816.89653010387,2490.27481862569,79.6039041727012,78.598275666753,45.1231614010134,27.5178821601322,200.440467758406,197.185401929475,0.00170950396340497,0.0016471130190077,2.49240438180613e-07,0.000845158660084535,0.002693395666624,1.25970519236718e-05,9.04334026518032e-06,3.37800601225909e-09,4.26676424423201e-06,1.84979896485516e-05,-3158.36644522712,0.124354122315075,0.0865625075660746,0.95,0.444873661931711
"constant",1600,"sir_collapsed",1,34.852,3213.46467711582,3239.24502573139,1995.64155032258,1024.9696871208,7122.95783303413,3438.86579545386,6955.87636943177,3137.15179778311,92.2031641545914,92.9428734572302,57.2604599541657,29.4092071364858,204.377304976303,199.583276983581,0.00177340357799581,0.00170002501608756,2.89428711324955e-07,0.000876946515211903,0.00286819832831095,1.25133750519477e-05,8.15391712890926e-06,4.38257161843607e-09,3.35249117379789e-06,1.99571361516243e-05,-3219.62380248113,0.130203805252726,0.0860979099996591,0.949375,0.444287199340307
"constant",1600,"sir_collapsed",200,34.9,3141.94399398902,3288.85392679421,1728.58565620467,929.053621770114,7252.93840953237,3299.66495870989,6903.77419304709,2826.88566545807,90.0270485383675,94.2365022004073,49.5296749628845,26.6204476151895,207.820584800354,197.815879456937,0.00204921013560767,0.00195416764208624,4.3026393619199e-07,0.000902307708662834,0.00336675987164245,1.38451318565633e-05,9.3170876962669e-06,3.05940047622148e-09,3.69377114819178e-06,2.2368734534701e-05,-3173.16453018283,0.128920882703776,0.0916009866296891,0.95625,0.46177388493533
"constant",1600,"sir_collapsed",20,34.774,3259.72295703267,3123.04947166848,1625.23058659804,932.999453028425,7257.67588744017,3526.87589309171,6958.5869200587,3048.86322596674,93.7402357230306,89.8099002607833,46.7369467590165,26.8303747923283,208.709837448673,200.108900904662,0.00201472011834276,0.00193815681856642,3.79594278488447e-07,0.000917155937666277,0.00323709975095888,1.37888152749019e-05,9.18852034672427e-06,6.04043238692329e-09,3.09263889524062e-06,2.12999460507682e-05,-3142.05302298647,0.118654390857212,0.0786641365918437,0.9575,0.458435844590721
"constant",1600,"sir_collapsed",21,34.931,2963.7734987849,3017.62253717048,1410.20705080807,1459.81058339472,7595.58856852025,3179.43907171935,7438.22984577614,2868.07475152935,84.8465116596976,86.3880947344902,40.3712189976831,41.7912622998117,217.445494504029,212.940650017925,0.00220732982683097,0.00211266827955149,4.72557275571826e-07,0.000998657538517495,0.0035598874819325,1.03259384742505e-05,8.92420278363424e-06,1.19598975114282e-10,4.24092715938966e-06,1.73858204770312e-05,-3217.76860082503,0.127971773822637,0.0916626362210119,0.939375,0.463971677793936
"constant",1600,"sir_collapsed",22,34.926,3466.95599730023,3259.1267148195,1731.36156985803,1706.06162380512,7723.21180564538,3707.60041069818,7496.42919179928,3100.54593835894,99.2657618192815,93.3152011343843,49.5722833951219,48.8478962321801,221.130727986182,214.637496186202,0.00256831420720522,0.00248831399576553,5.895574546846e-07,0.00118006006239205,0.00407790193926018,1.26172909451763e-05,1.02340512786149e-05,4.25533142722917e-10,4.74133695454366e-06,2.14832177496585e-05,-3180.68787243853,0.129960209825554,0.0933885768678497,0.956875,0.477522436332027
"constant",1600,"sir_collapsed",23,34.753,3621.10012006499,3683.57019006908,1553.98745552987,1386.16227044529,7863.3770988357,3842.17845432093,7727.87239335328,3374.37684063634,104.195324722038,105.992869394558,44.7152031631765,39.8861183335336,226.264699416905,222.365620042968,0.00278326327077979,0.00268538816957651,7.65324722250833e-07,0.00122112152076493,0.00449710671301598,1.30163877313179e-05,9.63502045821199e-06,2.04065666740543e-09,4.51294018062488e-06,2.21244440136676e-05,-3149.19154966575,0.123598972791845,0.0854013708223177,0.95875,0.488980220173353
"constant",1600,"sir_collapsed",24,35.503,4206.67001605603,3663.48179643128,1614.89416301851,1203.93371001245,7708.57744526548,4446.16219682056,7519.65695212498,3490.13954942025,118.487733883222,103.187950213539,45.4861325245333,33.9107599361309,217.124678062853,211.803423714193,0.00242582069663726,0.00231896103323757,6.08353045546174e-07,0.00117325795842662,0.00408423154010996,1.24777535727429e-05,8.92991568237115e-06,3.9895760803264e-09,4.10249773419117e-06,2.02760675734976e-05,-3183.89007389102,0.126459483571272,0.0867229837491007,0.96875,0.47199090621035
"constant",1600,"sir_collapsed",25,34.692,2972.79078326595,2897.12359696285,1450.70188666429,1259.006773556,7512.28176084977,3101.33393860045,7327.25444642884,2486.77888944576,85.690959969617,83.5098465629785,41.8166115145938,36.2909827497981,216.542193037293,211.20876416548,0.00233728897560914,0.0022320402084351,5.90100099483434e-07,0.00100341045169612,0.00376377696890972,1.29175577017241e-05,9.34918285834712e-06,1.40203999848353e-09,3.90532064514389e-06,2.19506324277821e-05,-3165.5682308249,0.118265112089659,0.0771916955463201,0.95875,0.474217059737323
"constant",1600,"sir_collapsed",26,34.696,3373.58711926432,3473.46397056507,1849.42939378455,1215.09117688597,7243.64242045944,3611.52105070349,7103.33919625373,3288.15743551267,97.2327391994558,100.111366456222,53.3038215870577,35.0210738092566,208.774568263184,204.730781538325,0.00181270124585617,0.00173159180504768,3.00629018133055e-07,0.000928672198736305,0.00295439801744784,1.16312036266456e-05,8.36564589590464e-06,1.66275501638728e-08,3.91851077215633e-06,1.75165775705022e-05,-3200.12111898025,0.131984339866717,0.090061163919301,0.955,0.445164627543367
"constant",1600,"sir_collapsed",27,34.726,3760.457470981,3735.67189308812,1650.74666765781,999.619813154317,7542.54003216994,4022.35822770676,7266.64145862725,2898.7602198944,108.289393278264,107.575646290622,47.5363320756151,28.7859187108886,217.201521400966,209.256506900514,0.00217244144053004,0.00206240679042302,5.25764276911848e-07,0.000847125797030638,0.00355887880429834,1.20778729829409e-05,8.97863331386182e-06,8.66099636082053e-10,3.96255721000366e-06,1.94017975571552e-05,-3219.35773565374,0.123575914864171,0.0851807109770098,0.965,0.464221498570154
"constant",1600,"sir_collapsed",28,34.781,3916.85446522065,4057.4752535876,1655.52735089549,1676.68219770524,7716.25550669235,4065.60705398714,7684.89427948914,3798.31525448684,112.614774308406,116.657808964308,47.598612774086,48.2068427505028,221.852606500456,220.950929515803,0.00249756857055989,0.00238305158704418,6.31488243778798e-07,0.00112641519772065,0.00411639849764193,1.11348270706686e-05,9.36278852504004e-06,4.88065392251428e-10,4.80238665618016e-06,1.82641402729732e-05,-3180.78220670197,0.136787712746876,0.100481005861046,0.96125,0.475674463536771
"constant",1600,"sir_collapsed",29,35.083,3120.96315669009,3381.99778375889,1392.97346836465,1088.33885928436,7205.62958651729,3290.1982429304,7049.59845683861,3055.57478717094,88.959415006986,96.3999026240314,39.7050841822151,31.0218299257292,205.388067910877,200.94058252825,0.00190026702362866,0.00182853847068621,3.40580601947357e-07,0.000899066969894738,0.00304910002622495,1.21322795098176e-05,8.89742921839992e-06,2.59030145043635e-09,4.28929072629907e-06,1.83818856091921e-05,-3177.6822937445,0.118052863352178,0.0765151051955186,0.958125,0.449240972632477
"constant",1600,"sir_collapsed",2,34.973,3422.0187270119,3110.19966255076,1446.08395435089,1239.60508159039,7819.50177235371,3575.87889287538,7631.62106114213,2994.22795763255,97.8474459443543,88.93145176424,41.3485818874814,35.4446310465328,223.586817612264,218.2146530507,0.00270245610980102,0.00257377112295344,7.95856295189022e-07,0.00112573352089056,0.00442621131652605,1.30076272747371e-05,9.60489619376894e-06,1.75732872507134e-09,4.71775103843999e-06,2.16920187359531e-05,-3179.35380060162,0.130850704743419,0.0991849334812964,0.966875,0.483958899583962
"constant",1600,"sir_collapsed",30,34.844,4011.71244515113,4080.73080057105,1499.65245492128,1469.01175050883,7915.87486825168,4253.31470060234,7749.95937048728,3777.68002767714,115.133522131533,117.114303770263,43.0390441660338,42.1596759989906,227.180429005042,222.418762785193,0.00262469347334952,0.00252994416319376,6.00832808475968e-07,0.00121823589428244,0.00404160615068228,1.10017043333044e-05,8.9810740805366e-06,7.35765743046324e-10,4.15889653920278e-06,1.75621960794811e-05,-3175.03082319391,0.131040598857797,0.094091662209315,0.965625,0.477059521598505
"constant",1600,"sir_collapsed",31,35.145,3671.78012876695,3692.19194982458,1584.19848238361,1371.70888643739,7640.15743397737,3894.33873310686,7450.55563510276,3370.79136267598,104.475177941868,105.055966704356,45.0760700635542,39.0299868099982,217.38959834905,211.994754164255,0.00243009649863262,0.00231844008596114,6.4787134215864e-07,0.0010694061728226,0.00403257549605783,1.24929028287926e-05,9.79874823741677e-06,1.1672889218533e-09,3.69027216838693e-06,2.10153734423916e-05,-3175.36127896525,0.126979951624219,0.0918571903935313,0.931875,0.477271367255913
"constant",1600,"sir_collapsed",32,34.929,4439.25445727658,4034.73115085664,1825.17312326768,1476.81847495021,7992.04927832168,4358.64715016281,7818.51936268241,4028.76495606917,127.093660204317,115.512357950604,52.2538040959571,42.2805827521602,228.808419316948,223.840343630863,0.00279660584204245,0.00269455756033804,7.41337719505087e-07,0.00132003511152365,0.00452678832112828,1.20361542036141e-05,9.36473075816954e-06,1.79513824218855e-09,4.54260790348011e-06,2.02823404757782e-05,-3175.8836898314,0.133832642543857,0.101745872603371,0.946875,0.485637333378811
"constant",1600,"sir_collapsed",33,34.923,3254.43302141051,3389.64799669077,1648.80508108619,1091.04008139533,7039.35125784115,3427.32693228523,6770.21948704345,3026.31251973911,93.1888160069442,97.0606189814955,47.2125842878959,31.2413046243259,201.56777074825,193.8613374293,0.00176277607815266,0.00167883298051648,2.86201167001782e-07,0.000900035311504916,0.00290978607691154,1.22337863854216e-05,9.11789017484229e-06,1.6109684251778e-09,4.47732455977341e-06,2.03484584056498e-05,-3155.23421377921,0.126141305180493,0.088502682729631,0.9475,0.449175543182558
"constant",1600,"sir_collapsed",34,35.549,3551.12467687445,3587.47078595929,1463.21071723534,933.183342091996,7498.61800250773,3912.31764141946,7237.55733802824,2309.41324734933,99.8937994563686,100.916222283589,41.1603903692182,26.2506214546681,210.93752292632,203.593837745879,0.00229717036924306,0.00219098078759715,5.77412569346031e-07,0.000975037527487989,0.00374352967188279,1.47258961890635e-05,9.22294232766339e-06,5.65889408001033e-09,3.57344725662315e-06,2.50969062311066e-05,-3199.37168584608,0.114638060693867,0.078435588511551,0.96,0.470191175584188
"constant",1600,"sir_collapsed",35,35.28,3130.27646931004,3374.24494276492,1546.42399807736,1255.21733862337,7725.11261176906,3350.44415652032,7524.21967786206,3093.06880549847,88.7266572933685,95.6418634570556,43.8328797640975,35.5787227500957,218.965776977581,213.271532819219,0.00259198398955364,0.00249164498403144,6.49058418586572e-07,0.00113399840353329,0.00414665123404006,1.34631342195579e-05,9.80732558859081e-06,5.3120327885314e-09,3.84234662458514e-06,1.98230003605493e-05,-3183.5238771776,0.124074424803294,0.0854204098967582,0.956875,0.479092456889184
"constant",1600,"sir_collapsed",36,37.513,3665.50732278808,3695.21260186193,1441.58788360811,1268.79959407901,7501.21649835653,3971.78643889331,7341.6968313304,3017.44897729958,97.712988105139,98.5048543668042,38.4290215020955,33.822930559513,199.963119408113,195.710735780407,0.00235954541308263,0.00225653244221515,5.56966737205642e-07,0.0011293175313541,0.00385686430685954,1.23196428409792e-05,1.0031301165108e-05,6.51213396265756e-10,3.86807234294651e-06,1.98106426474503e-05,-3181.85841618406,0.132561907731635,0.0940531477008691,0.950625,0.471844143572114
"constant",1600,"sir_collapsed",37,35.061,3083.02596690625,2973.68247968997,1147.26359875343,908.161982620414,7115.78335349602,3291.09918624246,6855.20829687027,2713.37653306572,87.9332011895339,84.8145369410448,32.7219303144073,25.902341137458,202.954375331452,195.522326712594,0.00199444819075939,0.00192594271381676,3.83527473597997e-07,0.000967432734410045,0.00325228579117934,1.34146738319169e-05,9.78984225668993e-06,2.50984622358598e-09,3.90419243634775e-06,2.14618039724945e-05,-3117.75469493644,0.126700476775624,0.089778909836672,0.95125,0.459344804609926
"constant",1600,"sir_collapsed",38,35.012,2851.25989549495,3217.19443074146,1123.4954715935,1015.95391685912,7308.8910837333,2993.45784085167,7105.7416287788,2935.00412069334,81.4366473064934,91.8883363058796,32.0888687191107,29.0173059767829,208.753886774057,202.951605985913,0.00193205032458223,0.00184799290805793,3.48408274987475e-07,0.000959708666448209,0.00311188291976516,1.06165945424902e-05,8.5366167063553e-06,5.8620153355417e-10,4.25062204792108e-06,1.76043402294197e-05,-3147.59771222652,0.12227044599056,0.0833573923321461,0.946875,0.455824970673502
"constant",1600,"sir_collapsed",39,34.636,3273.9426225209,3380.57178819754,1681.31942100375,1363.63575120213,7440.01379003834,3521.29173856491,7303.17896983496,3111.7155280226,94.5242701963534,97.6028348596126,48.5425401606349,39.3704743966431,214.805802922922,210.855149839328,0.00211573104162227,0.00202763888638217,4.41470322402503e-07,0.00101537407281091,0.00344914001786791,1.21198603492629e-05,8.97300993187987e-06,1.79261861655222e-09,4.27092180294873e-06,1.80113272630038e-05,-3208.97181634243,0.11691016117155,0.0749961476204508,0.956875,0.45848770813579
"constant",1600,"sir_collapsed",3,34.767,3653.0823905753,3834.54924743235,1144.86870412877,1040.76215134129,7652.03350933739,3832.31489847224,7360.42587533297,2661.76767468718,105.073270359114,110.292784750837,32.9297524701231,29.9353453372823,220.094730903943,211.707247543158,0.00244909820687945,0.00234110535428557,5.96734758898725e-07,0.00116331684941627,0.00395149906732058,1.28691773737306e-05,9.61342050086049e-06,9.40752873314250e-10,3.91756075371039e-06,2.15194408403296e-05,-3155.6767988211,0.121043897157212,0.0855909476762137,0.965,0.473917980935363
"constant",1600,"sir_collapsed",40,34.782,3620.30503799305,3461.77928009963,1731.37057032626,1374.54818824082,7643.58136683037,3800.70999574428,7423.61089113032,3217.59749074397,104.085591340149,99.527896041045,49.7777750079426,39.5189519935834,219.756810040549,213.43254818959,0.0023109441248958,0.00222077132829326,5.25553029650022e-07,0.00105051153855753,0.00378554967213263,1.21206747981435e-05,9.26837359063099e-06,1.00414335712801e-09,4.09283969554866e-06,2.02186646611614e-05,-3169.15193156449,0.115388708620622,0.0827404442129634,0.96625,0.46811331664168
"constant",1600,"sir_collapsed",41,35.21,3901.55428512058,3721.52936499592,1219.24413291178,1265.7608955114,7471.5799693451,4165.19605375925,7177.54564839413,3561.172948025,110.808130790133,105.695238994488,34.6277799747738,35.9489035930531,212.200510347773,203.849635001253,0.00235619908686815,0.00226463327799637,5.48721948452664e-07,0.00106281213003535,0.00383207229343159,1.21109803226591e-05,9.92599710633953e-06,3.19833936031193e-10,3.78803704669151e-06,2.03783900052038e-05,-3109.42398904301,0.139586288696743,0.106587055527535,0.941875,0.473627585237686
"constant",1600,"sir_collapsed",42,35.234,3750.0190958444,3489.96134679918,1354.84954830058,1352.55594808804,7607.64075096319,3995.92503270419,7432.43846176404,3212.18199202369,106.431829932577,99.0509549525792,38.4529019782194,38.3878057583028,215.917600924198,210.945066179373,0.00240951554923786,0.00230718509375323,6.25651900687405e-07,0.00112473058415454,0.0040455049346907,1.27119309569539e-05,9.25330753377277e-06,2.15697492464155e-09,4.51395654773643e-06,1.90018544532251e-05,-3123.32934743005,0.118711270937356,0.08233952527689,0.9675,0.475643539376814
"constant",1600,"sir_collapsed",43,35.055,3020.43834021787,3321.92963687027,1931.4594427286,1493.78010340339,7077.61112324967,3175.69332927988,7051.83564299149,3085.92997414498,86.162839544084,94.7633614853879,55.0979729775668,42.6124690744085,201.900188938801,201.164902096462,0.00177753691987449,0.00168917643399008,2.91382240275077e-07,0.000888040771420019,0.00292272645170961,1.05572590011251e-05,8.91283884883513e-06,2.35343869431432e-10,4.37218608602922e-06,1.70997581448469e-05,-3131.49671782946,0.130238966250238,0.0860378420848993,0.943125,0.447674129414628
"constant",1600,"sir_collapsed",44,34.931,2976.76724876269,2966.38561939417,1348.03331022063,1022.59057057965,7375.5593204074,3122.66305627684,7192.78210765084,2818.47074201653,85.2184949976435,84.9212910994294,38.5913174607263,29.2745862007858,211.146526592637,205.914004971253,0.00199985207555502,0.00190759677466307,3.79206861853499e-07,0.00095867236688395,0.00319504021694607,1.15365444033164e-05,8.95630944690268e-06,9.42161375846909e-10,4.72964342694132e-06,1.81860624225722e-05,-3157.9912553456,0.123378904570194,0.0836424957093231,0.953125,0.456496595419468
"constant",1600,"sir_collapsed",45,34.623,3007.16530801442,2895.64312394374,1533.80010106193,930.958091119737,7171.03687332802,3202.68911020877,6875.7773074785,2471.85943386111,86.8545564513305,83.6335130966047,44.300034689713,26.8884294001022,207.117721552957,198.589876887575,0.00189536393391582,0.0018098319338598,3.33223592014496e-07,0.000947159187461743,0.00308951631789594,1.50885361765932e-05,9.43854544247037e-06,1.6248670930087e-08,4.54412882345687e-06,2.02321947796005e-05,-3172.49145597118,0.13053288184968,0.0933307084817057,0.9475,0.451057054910645
"constant",1600,"sir_collapsed",46,35.072,3433.42905687224,3477.9436917513,1711.03088535858,1374.71590610627,7524.7155271118,3503.05059161681,7381.72612485228,3294.42756421296,97.8965857912935,99.1658215029455,48.7862364666566,39.1969635637051,214.550511151682,210.473486680323,0.00210982153237106,0.00200322763334924,4.52589171137853e-07,0.000948623095537647,0.00347110824596116,1.22651650537384e-05,8.74467157651197e-06,3.01188834026365e-09,3.77864263382055e-06,1.83027605589314e-05,-3201.37208364019,0.12949663591989,0.0898672513993864,0.93375,0.45719214650864
"constant",1600,"sir_collapsed",47,34.998,3079.63331906523,2007.09723028281,968.193866840503,775.939093699731,7596.88655911709,1808.35790371648,6855.94876192536,2029.67303111924,87.9945516619586,57.3489122316363,27.6642627247415,22.1709553031525,217.066305477944,195.895444366117,0.0029672350188837,0.00283949989529362,9.81718165368628e-07,0.00142723211394607,0.00501279013647241,2.01150787573944e-05,9.34175219773313e-06,2.69996479071867e-08,4.47065719896925e-06,2.09811988383025e-05,-3153.12639556329,0.123734661979292,0.0938946682288328,0.974375,0.496176183354755
"constant",1600,"sir_collapsed",48,35.069,5014.87275458022,5082.49886665936,1691.28985888699,1162.74827831069,8298.06075937432,5310.97567755298,7947.9049002157,3482.98856114462,143.00016409308,144.928537074321,48.227490344378,33.1560146656789,236.620968929092,226.636200068884,0.00396926062255518,0.00381323902928475,1.61381980487929e-06,0.00175059435594083,0.00645031627278387,1.59551856572919e-05,9.88632637407755e-06,5.81056054622967e-09,4.44657321928186e-06,2.28813649832804e-05,-3176.50847422381,0.120263036985009,0.0844627053837429,0.97625,0.525062365001272
"constant",1600,"sir_collapsed",49,34.645,2442.05621983852,2722.54873023904,1641.43061049406,1258.64715914495,7330.06194383718,2510.86149229848,7130.1769320869,2357.44505138261,70.4879844086742,78.5841746352733,47.3785715253011,36.329835738056,211.576329739852,205.806809989519,0.00203852267757204,0.00195518263963315,3.97236299181926e-07,0.000924098294542347,0.00327522584463823,1.16423290638457e-05,9.12721400137416e-06,1.31954963321017e-09,3.90543185401258e-06,1.94295927132831e-05,-3147.17658756099,0.124926600390593,0.0880654621322204,0.96625,0.460446262685687
"constant",1600,"sir_collapsed",4,34.753,3045.34733189801,3135.14724649094,1762.32902752534,1288.95677571203,7157.84734888725,3226.48348669799,6871.46487261635,2850.23696370091,87.6283294074758,90.2122765370166,50.7101265365678,37.0890793805437,205.963437656814,197.722926729098,0.00193181627688235,0.00184688640514049,3.65195308537414e-07,0.00086774299575189,0.00308870740772,1.31622462288352e-05,9.53319214642644e-06,1.3248128361329e-09,3.8842471045264e-06,2.15724290379455e-05,-3177.29968334301,0.123945618562165,0.0866596104629106,0.93375,0.456528746448706
"constant",1600,"sir_collapsed",50,34.678,2622.01126189651,2962.59668028222,1176.462695318,891.921547652202,7461.59609209483,2923.69418800668,7243.10002435979,2816.5063041426,75.6102215207483,85.431590065235,33.925332929177,25.7200976887999,215.168005424039,208.867294087311,0.00217267457572751,0.00206639807125681,4.75311083478033e-07,0.00107990123466512,0.00358652803960626,1.22342043632448e-05,9.09441456850851e-06,1.83078021412035e-09,4.52330753872729e-06,1.88441256289127e-05,-3153.84696650193,0.131693680866729,0.0926238896372511,0.94,0.460619079517888
"constant",1600,"sir_collapsed",51,35.365,3919.63562282196,3615.97285039232,1263.02291868026,987.122922167815,7480.86098519618,4150.67156815275,7229.10141342695,3126.54680975793,110.833751528968,102.247217599104,35.7139238987773,27.9124253405292,211.532899341048,204.414008579866,0.00225429592907752,0.00214125192369626,5.71889225952753e-07,0.00101011065048843,0.00374709087856532,1.27403477183585e-05,9.2794871509443e-06,1.4572070944054e-09,4.27969652349212e-06,1.93625945928307e-05,-3171.89417042503,0.117484557430959,0.0838168095400806,0.968125,0.467204064347275
"constant",1600,"sir_collapsed",52,34.872,3279.22575575614,3423.68842503238,1237.32793341083,1101.33810199083,7345.83848648256,3500.56032193876,7165.73704681309,3287.70617985443,94.0360677837846,98.1787229018232,35.4819893728729,31.5823039111847,210.651482177178,205.486838919852,0.00214320480670899,0.00203781817039097,4.84350592536983e-07,0.00101737701206877,0.00351991033128688,1.25918641383707e-05,9.0399393193682e-06,6.9908036414367e-09,3.86106661063046e-06,1.79804804887537e-05,-3129.92758857287,0.136980955725041,0.099018739979164,0.935625,0.466689443050827
"constant",1600,"sir_collapsed",53,35.445,3836.98352234693,4048.38213856449,1055.13789660145,1171.18172336912,7698.49702878133,4043.05658831561,7484.45428386077,3054.00766363141,108.251756872533,114.215887672859,29.7683141938624,33.0422266432253,217.195571414341,211.15684254086,0.00275168891410479,0.00263556341707176,7.92767498163721e-07,0.00111333809590452,0.00442821499403703,1.44621029394071e-05,9.80776989711473e-06,7.01933223409631e-09,4.33161732219793e-06,2.07229465629281e-05,-3179.82276908509,0.123092578313774,0.0867229975472128,0.965625,0.488680022468959
"constant",1600,"sir_collapsed",54,34.728,3309.32444060231,3445.17302271417,396.690976685306,1231.45524649487,7458.71165208601,3475.61869587593,7218.82562985683,2698.29549461375,95.2926871861988,99.2044754294567,11.4227993747209,35.4600105532962,214.775156993953,207.867588973072,0.00230621930002123,0.00219594830654716,5.60945672870832e-07,0.00100880629847705,0.00369585727181399,1.23693678399146e-05,9.90874002378129e-06,1.41574001160496e-09,4.54078857638489e-06,2.05742564302909e-05,-3168.60140164077,0.114512403568169,0.0762136572731776,0.97125,0.469165827334094
"constant",1600,"sir_collapsed",55,35.125,3237.21466447875,3175.57525490524,1564.77233599429,1224.77293398119,7181.67345405621,3225.92180177698,7080.55532065577,2991.22896453213,92.1626950741281,90.4078364385834,44.5486786048196,34.8689803268666,204.460454208006,201.581646139666,0.00194416225606179,0.00185249601730827,3.71428292945459e-07,0.000909392517884216,0.00318280802710266,1.17658940033004e-05,9.11484331442171e-06,9.5266265812266e-10,3.70587647127489e-06,1.85881068601989e-05,-3176.30989853882,0.119628039768085,0.0773384723075713,0.9575,0.457234961227349
"constant",1600,"sir_collapsed",56,34.951,3623.99938399444,3536.9971063296,1653.92458645921,1159.25720096588,7428.07692759446,3782.84271726025,7187.84761244716,3333.85920308833,103.688002746543,101.198738414626,47.3212379176335,33.1680696107659,212.528308992431,205.654991629629,0.00228870803838764,0.00218960039973951,5.0317092145041e-07,0.00106713860453761,0.00373601674891033,1.24259501078653e-05,9.5815894379708e-06,7.16508412610587e-10,4.51771858144654e-06,1.94295397045125e-05,-3144.33858923676,0.125597400847703,0.0873668141723885,0.96625,0.472172485970881
"constant",1600,"sir_collapsed",57,34.99,3350.09467839322,3882.5081798995,1390.55598641999,1029.55553868666,7549.95853691495,3542.11948998054,7389.46639140942,2892.14865796073,95.7443463387603,110.960508142312,39.7415257622175,29.4242794708962,215.774750983565,211.187950597583,0.00228292826164392,0.00217931602727638,5.29784755096951e-07,0.00107054509658285,0.00382797300375744,1.39581953747584e-05,9.29663674394066e-06,8.45909190282959e-09,4.36537639035041e-06,1.97583914952995e-05,-3180.72213957354,0.113689499732721,0.0811970977685675,0.96875,0.468175718290001
"constant",1600,"sir_collapsed",58,35.031,3984.17340858121,3853.59499747429,1396.39926039892,1371.37594556894,7936.56298141183,3957.65415885019,7754.54804718325,3711.84863672028,113.732791201542,110.005280964697,39.8618155461998,39.1474963766077,226.558276424077,221.362451747973,0.00279446353533107,0.00266771717093498,8.08723077914108e-07,0.00127968775655711,0.0046266327677756,1.24249541338869e-05,9.10293994897712e-06,2.02086627589062e-09,4.05280354178357e-06,1.85254924787536e-05,-3175.32517895052,0.125464594204125,0.0903917608523949,0.965625,0.4891131745268
"constant",1600,"sir_collapsed",59,34.801,3719.65872680013,3836.8436328839,1675.71290304085,1288.00127789927,7715.01467632375,3987.37407138844,7530.60792058634,3496.28080498688,106.88367365306,110.250959250708,48.1512859699679,37.0104674549371,221.689453645693,216.390561207619,0.00251288613886243,0.00241496365377966,6.20679190867984e-07,0.00117492363575381,0.00414548514888931,1.44834606309384e-05,9.06834835182318e-06,1.74510325677975e-08,3.4325050827531e-06,2.08311431628552e-05,-3190.09047779314,0.116705086623459,0.0807796519774773,0.97,0.475514166112973
"constant",1600,"sir_collapsed",5,34.649,3427.68439135335,3742.66958520541,1619.37094390023,1554.9477123995,7637.15461870012,3624.51506352373,7564.49636186699,3523.91069749352,98.925925462592,108.016669606783,46.7364409910886,44.8771310109815,220.414863883521,218.317883975497,0.00230278107078052,0.00219694157061868,5.29968258591465e-07,0.000967051484412832,0.00369731189672316,1.14339958892638e-05,9.04004820562418e-06,1.20010686832764e-09,4.18313872107481e-06,1.79620925580115e-05,-3171.30280138466,0.140218507802513,0.0977931097521784,0.950625,0.467814494938633
"constant",1600,"sir_collapsed",60,34.881,2768.78694250477,2945.09105518432,1759.049566078,1165.90810391311,7224.70829922894,3035.1906434523,7049.24425795285,2692.22244050268,79.3780838423432,84.4325293192374,50.4300211025486,33.4253061527223,207.124460285798,202.09409873435,0.00195422044070957,0.00188116033600903,3.34689087354822e-07,0.000943179512236755,0.00307421198899105,1.29340338704673e-05,9.4549456742767e-06,2.91872304922564e-09,4.62405162764363e-06,2.14634742973483e-05,-3173.66668659905,0.117505099657662,0.0831960777002273,0.960625,0.456327231585448
"constant",1600,"sir_collapsed",61,34.8,2944.01924989238,3263.35065214066,1408.57824750623,1226.7893762056,7359.54929742166,3091.3732896711,7043.00365071543,2989.68679964045,84.5982543072524,93.7744440270305,40.4763864225929,35.2525682817701,211.481301650048,202.38516237688,0.00212908390623832,0.00203545570565181,4.57406014993649e-07,0.000961633682717573,0.00344963667793997,1.29636085391147e-05,9.75764501846791e-06,1.12340137926987e-09,4.3298692918451e-06,2.01298891776217e-05,-3150.26259420041,0.130779670868365,0.0936770144906099,0.945625,0.461850489501316
"constant",1600,"sir_collapsed",62,34.648,3861.97581993329,3715.75132125949,1335.80860768137,1638.08120332925,7866.95037715784,4015.5204299866,7720.07787282212,3439.34427554316,111.463167280458,107.242880433488,38.5537002909655,47.2777996804795,227.053520467497,222.814531078911,0.00279275452563602,0.00269732411113568,7.90133804234921e-07,0.0011948387184893,0.00446760974757023,1.28966571639692e-05,9.91940074056189e-06,2.46173167840931e-09,4.72395105744435e-06,1.9478710165011e-05,-3200.24130347961,0.136305228958921,0.100648855123021,0.964375,0.486178895856516
"constant",1600,"sir_collapsed",63,34.83,3402.0656567368,3384.29313296152,1215.41425838483,1047.51900515883,7247.62731120566,3585.91992594209,6985.35548337284,2486.52190075803,97.6763036674361,97.1660388447177,34.8956146535983,30.075193946564,208.085768337802,200.555712988023,0.00209321512878636,0.00199603570543111,4.35606671083391e-07,0.00102949598136091,0.00342368906836474,1.35415433496994e-05,1.0007308237717e-05,5.14191792512818e-09,4.26093464033058e-06,1.99844459531232e-05,-3143.18198727094,0.12875915521379,0.0928763796369846,0.949375,0.461049116288613
"constant",1600,"sir_collapsed",64,35.057,3198.26030316866,3253.53527240726,1855.75581884215,1369.4157481683,7357.64494918512,3338.75190534147,7168.02837609112,3043.7945821584,91.2302907598669,92.8070077989348,52.9353857672404,39.0625480836439,209.876628039624,204.467820295265,0.00198403210759765,0.00190202621675833,3.36764479531904e-07,0.00100531118005359,0.00312335564026311,1.30761862302359e-05,9.05953236762951e-06,7.93113493844322e-09,4.40879752740574e-06,2.03278191685903e-05,-3137.27126592306,0.12415192905165,0.0830469469049372,0.95625,0.456336781196971
"constant",1600,"sir_collapsed",65,34.733,3361.21438373626,3109.30216978882,1395.05693409095,1203.14857860246,7319.01127038039,3558.17338495329,7131.11879209082,2915.75802008114,96.7729359322908,89.5201154460835,40.1651724322964,34.6399268304627,210.722116442011,205.312492214632,0.00208694801812347,0.00199788552015559,4.31329682647909e-07,0.000966050289765559,0.00336842226414674,1.24696565025005e-05,9.54430389590107e-06,8.91606305946705e-10,4.41291849519882e-06,2.00511903252935e-05,-3178.40371934765,0.134378649609355,0.092603872977416,0.953125,0.461241412288916
"constant",1600,"sir_collapsed",66,35.154,3484.45797747574,3528.17844599542,1648.86157252398,1125.46231876753,7343.17388616999,3793.33147486911,7139.49498812073,3249.54722988894,99.1198150274716,100.363499061143,46.9039532492457,32.0151993732586,208.88587034676,203.091966436842,0.0019969898315942,0.00190790665038561,3.93287891285475e-07,0.000941196632408762,0.00324965295038588,1.35004689775843e-05,9.03814851904603e-06,4.31992006206585e-09,4.15835875108107e-06,1.86492396724008e-05,-3174.69021832091,0.114509044379915,0.0750889446411133,0.955625,0.456358933167579
"constant",1600,"sir_collapsed",67,35.342,4105.7396149577,4138.45393246677,1521.75390739994,1298.43598902614,7963.26630753167,4375.02553246685,7772.37921631488,3763.76005924524,116.171682840748,117.097332705188,43.0579454303644,36.7391768724503,225.320194316441,219.919054278617,0.00303347438599709,0.00290381976950936,9.67062838392911e-07,0.00132719542673878,0.00497184284713976,1.39018603966401e-05,9.71482511392991e-06,8.43449530674305e-09,4.622554781405e-06,2.06886053580011e-05,-3150.69458599902,0.124163572858825,0.0892854526252935,0.96625,0.496950549275028
"constant",1600,"sir_collapsed",68,34.905,4088.47890395653,3974.93073123943,1753.01949134531,1344.94604092435,8211.4693659128,4286.4089167856,7966.15757545385,3136.47865427409,117.131611630326,113.878548381018,50.222589638886,38.5316155543432,235.251951465773,228.223967209679,0.0033099982872546,0.00320988855490761,9.46056236003859e-07,0.00143074229470465,0.0051217338319461,1.19484645122083e-05,9.89567395094877e-06,5.80043751246015e-10,4.82683755253312e-06,2.09647029673517e-05,-3136.34166031218,0.133848889805787,0.0987914639762107,0.969375,0.508698894671097
"constant",1600,"sir_collapsed",69,34.586,3024.23260303812,3222.17197673181,1840.65679442628,1330.40236449532,7114.69754712678,3195.26257211662,7064.89786285279,2959.03314203438,87.4409472919135,93.1640541471059,53.2197072349008,38.4664998697543,205.710332132273,204.270452288579,0.00172686698124059,0.00164310155230523,2.92643396309327e-07,0.000835166266846639,0.0028244791235783,1.05241922332825e-05,8.33367735012429e-06,1.28501784250434e-09,4.18781269669782e-06,1.7057648846256e-05,-3182.00604298097,0.129756747833839,0.0881890715017188,0.943125,0.442052713835247
"constant",1600,"sir_collapsed",6,35.093,3751.22382576549,3967.56797306798,1693.06995695266,1375.22636870239,7896.0595964013,3905.15676609019,7765.97266750727,3551.00807715182,106.893791518693,113.058671902316,48.2452328656046,39.1880537059353,225.003835420206,221.296915838124,0.00273180021909839,0.00261749820714478,7.55019554663663e-07,0.00126148722347863,0.00443547243883986,1.25039213231864e-05,9.59625989258351e-06,2.77163871862188e-09,4.17448286818209e-06,2.13153145060807e-05,-3147.3218716026,0.107544840876851,0.0732117996426318,0.970625,0.484911674127138
"constant",1600,"sir_collapsed",70,34.86,2981.54562045163,3364.58096553531,1189.88555933749,776.219944825672,7448.6982769889,3180.42844455343,7131.36051051703,2765.33241777257,85.5291342642465,96.5169525397393,34.1332633200656,22.2667798286194,213.674649368586,204.571443216209,0.00223642235617858,0.00213913328917324,4.69554665153039e-07,0.000966529205191981,0.00352813220188486,1.38995087191835e-05,9.12444973554991e-06,4.3685424282809e-09,4.44880421528599e-06,2.0873324254804e-05,-3157.66001360134,0.131490807674983,0.0980947868023995,0.950625,0.467797699637494
"constant",1600,"sir_collapsed",71,35.07,3540.02424502469,3625.64603792341,1096.66525825242,969.30134743712,7656.20207065028,3735.83089633548,7392.75649621766,3025.42648529839,100.941666524799,103.383120556698,31.2707515897467,27.6390461202486,218.312006576854,210.800014149349,0.00258135574614126,0.0024796599972942,6.73602273244678e-07,0.00117713964278362,0.00418950794403267,1.22065010284629e-05,9.26793717333147e-06,1.49001776307986e-09,4.41617624498617e-06,1.84403820582863e-05,-3167.530225588,0.138299993462691,0.099405119318043,0.966875,0.482113364393699
"constant",1600,"sir_collapsed",72,35.1,3549.23142064725,3796.25159526071,1759.2145412123,1238.52207988214,7632.29405567409,3871.5678697821,7465.49570306489,3361.63214168148,101.117704291944,108.155316104294,50.1200723992109,35.2855293413715,217.44427509043,212.692185272504,0.00248257355755029,0.00238437344050101,6.38689851514099e-07,0.00113722116599054,0.00412456711330009,1.33289351150273e-05,9.73393702870593e-06,1.83637277424499e-09,4.05534151166278e-06,2.1883428186464e-05,-3145.64692905311,0.129519919036341,0.0968279871153827,0.948125,0.480479629249325
"constant",1600,"sir_collapsed",73,34.563,3074.73209278422,3332.21421035986,1681.44631804687,925.67284240571,7253.14753216987,3287.78436122624,7041.20103626516,3110.93636893138,88.9602202582017,96.4098663414592,48.6487376109387,26.7821902730003,209.852950616841,203.720771815675,0.00188161856420418,0.00180085616768915,3.30056678172821e-07,0.000940953817433069,0.0030421203476581,1.14487201444656e-05,8.91663357714062e-06,1.47844868389086e-09,3.77617870046508e-06,1.81594120502504e-05,-3123.22835964954,0.118280369384889,0.078148172657543,0.95625,0.452375328950953
"constant",1600,"sir_collapsed",74,34.923,3404.79840229535,3446.02421615691,1494.83748139462,1277.06946653325,7458.45475175898,3571.03929482327,7284.64104181496,3269.32477690224,97.4944421239686,98.674919570395,42.8038107091207,36.5681489715444,213.568558020759,208.591502500213,0.00212339305101853,0.00202121117887899,4.32450030899836e-07,0.00109616699218149,0.00353281454495591,1.19279604739257e-05,8.60614863269074e-06,2.95206092581124e-09,4.35475836543065e-06,1.80609044218407e-05,-3137.74218233511,0.127981196240329,0.0926608101155429,0.965625,0.462822258471023
"constant",1600,"sir_collapsed",75,34.817,3307.88143220663,3494.64621835795,1135.87062666608,1236.31932997483,7355.27265043542,3484.60154218097,7175.88866852812,3305.31302191373,95.0076523596699,100.371836124823,32.624023513401,35.509071142684,211.255210111021,206.103014864236,0.00205222733031041,0.00196062001599927,4.27554926605994e-07,0.000942167898622557,0.00337599746436235,1.14148751271884e-05,8.91304885944334e-06,7.76729989385916e-10,3.73335681941959e-06,1.834990276517e-05,-3188.14913557278,0.123123599963486,0.082526102448179,0.963125,0.459088812635426
"constant",1600,"sir_collapsed",76,34.652,3327.153653602,3354.15073761875,1483.73249083689,1191.05637148514,7582.98954325392,3524.06287504412,7420.09475107724,3109.9027499352,96.0162084036132,96.7953000582577,42.8180910434286,34.3719373047773,218.832666029491,214.131788961019,0.00234898051679409,0.00224963595103584,5.68832830094901e-07,0.00109253593831812,0.00382751118188036,1.31922391055254e-05,9.00451085154727e-06,4.91927951361433e-09,3.99447753202753e-06,1.95158373387226e-05,-3195.4884633011,0.120083133110267,0.0800432903177496,0.949375,0.470560229261219
"constant",1600,"sir_collapsed",77,34.782,3523.85671058721,3419.57812321554,1597.1451471498,828.026074149977,7237.19825953352,3757.00460695559,7066.15617318475,3164.60432983728,101.312653400817,98.3145915477987,45.9187265582714,23.806166239721,208.073091240686,203.155545201103,0.00189343253001056,0.00181405129964521,3.36814268420974e-07,0.000892238507746908,0.00301268442425238,1.19694553062466e-05,8.74663788320388e-06,1.99408889311095e-09,3.66737416100446e-06,1.81343422070702e-05,-3165.94260671226,0.129569678507339,0.0913249090093774,0.92625,0.45039399181454
"constant",1600,"sir_collapsed",78,35.06,3225.50751393492,3336.4208738561,1684.01860987957,1533.14347006499,7334.31324211745,3385.62870132001,7320.17627419577,3105.57803011868,91.9996438657993,95.1631738122105,48.0324760376376,43.729134913434,209.193190020463,208.789967889212,0.00214705436230893,0.00205217057069047,4.73104633448951e-07,0.000959338372736504,0.00348848723302193,1.24794573825053e-05,9.55019016758547e-06,4.64846511074208e-09,4.06382274310869e-06,1.89909478115427e-05,-3162.43834185672,0.133494022069097,0.0971298641564019,0.943125,0.464694859526172
"constant",1600,"sir_collapsed",79,34.774,3528.44913374023,3569.61209887228,1203.52571581931,1056.48142909696,7335.27673501681,3727.30725028175,7080.36316994576,2984.71495308927,101.46802593145,102.651754151731,34.6099302875513,30.3813604732548,210.941414131731,203.610834817558,0.00215269195801651,0.00204363216927572,5.06337594460683e-07,0.000940009361471614,0.00353324346144274,1.37731278371131e-05,9.69900793484227e-06,6.0328215697735e-09,4.04732028754484e-06,2.10328410804989e-05,-3199.22324524001,0.118486580260415,0.0779228171315107,0.969375,0.462265244425837
"constant",1600,"sir_collapsed",7,34.906,3719.00377467469,4027.68144010006,1524.06403905655,1266.97028321967,7629.61101711324,3946.9813569367,7524.62923842956,3587.57111781993,106.543395825207,115.386507766575,43.661950353995,36.2966333358066,218.575918670522,215.568361841218,0.00237782049959985,0.00226671255711927,5.98352255652347e-07,0.00106115248495278,0.00385810604644558,1.69534857326573e-05,8.86661929961718e-06,4.93273020830101e-08,3.92260688389461e-06,1.82818084758805e-05,-3199.97507783481,0.11481160978595,0.0762437480272342,0.9675,0.472143212108011
"constant",1600,"sir_collapsed",80,35.497,4774.54618983875,5218.6193676755,1014.25558843108,1338.12458419548,8383.87517228766,5053.345730591,8463.98744383395,4225.9604658172,134.505625541278,147.015786339,28.572994575065,37.6968359071324,236.185457145327,238.442331572639,0.00383134310784229,0.00372431782042832,1.19659238126468e-06,0.00184153399392253,0.00605835421697281,1.25000700443033e-05,9.49452656119827e-06,1.83785388377929e-08,4.91908160424424e-06,1.71974614218591e-05,-3165.08323450122,0.12929183516822,0.0937148988850904,0.955,0.518479677106891
"constant",1600,"sir_collapsed",81,34.752,3584.42362964393,3538.4978921763,1775.54928519583,1190.92759862473,7576.81530744921,3773.93132528534,7373.86614080909,2612.40744865973,103.14294514399,101.821417247246,51.0920029119427,34.2693254668717,218.025302355237,212.185374677978,0.00231513374525747,0.00222702351446019,4.9741223390389e-07,0.00106527494251452,0.00365226129421691,1.37875727328356e-05,9.92122870393947e-06,2.14454874367125e-09,4.64288799566609e-06,2.36123877358841e-05,-3163.56635380733,0.109032859017503,0.0745635632455763,0.970625,0.467936927679209
"constant",1600,"sir_collapsed",82,34.742,4043.65958458929,4352.70107967002,1494.30663542048,1532.66214184559,8006.65449812814,4342.73409419668,7862.29068864585,4003.04522286828,116.391099665802,125.286427945139,43.0115317316355,44.1155414727302,230.460379314033,226.305068466002,0.00299277060742611,0.00284583551813156,9.5542385589896e-07,0.00117776288692823,0.00483699462489725,1.24862597031563e-05,9.42785486721281e-06,6.1368536057428e-09,4.22911926710489e-06,1.98790427627731e-05,-3158.04270168834,0.12655615993455,0.0885330251908428,0.97375,0.495491079095353
"constant",1600,"sir_collapsed",83,34.735,2825.9859204103,2739.78450942474,1494.04757237395,1081.00014733645,7376.6888893396,3033.32844414294,7226.15086424254,2743.25528074313,81.3584545965252,78.876767221095,43.0127413955363,31.1213515859061,212.370487673517,208.036587426012,0.00215268055200137,0.00206356370066793,4.78583926394875e-07,0.00102589660261865,0.00363929346365496,1.27810604221028e-05,9.17732250896129e-06,6.72073320075185e-09,4.48969541948642e-06,2.10091882608548e-05,-3153.41175551361,0.111087810312618,0.0761069765045837,0.96875,0.463202311052552
"constant",1600,"sir_collapsed",84,35.008,3764.72641622335,3899.72744470215,903.961279862124,1334.03893485973,8016.27320488146,4018.80659569552,7947.26444630066,3599.94093737857,107.539031542029,111.395322346382,25.8215630673596,38.1066880387263,228.984038073625,227.012809823488,0.00320691653152826,0.00308270197749489,1.12087473896219e-06,0.00143013077590066,0.00528957906866922,1.15371943790019e-05,9.61102792272682e-06,8.57409275978312e-10,4.74355232113698e-06,1.8456000821213e-05,-3185.33951245446,0.121155230291083,0.0854998839578506,0.96625,0.504184821484076
"constant",1600,"sir_collapsed",85,34.827,3439.92344038238,3631.3232964084,1412.89618211297,1402.59240207194,7649.46410077991,3639.48880580236,7471.01224585106,3260.6140887864,98.7717414759348,104.267473408804,40.5689890634556,40.2731329736107,219.641775081974,214.517823695726,0.00242620745903831,0.00232411751545634,6.44327505957967e-07,0.00116749265471104,0.00412887018846358,1.1376694848268e-05,9.25418610869447e-06,6.69465475666527e-10,4.25257510589727e-06,1.79532516168537e-05,-3145.2056279348,0.118616923896637,0.0801931843245768,0.971875,0.476749254542879
"constant",1600,"sir_collapsed",86,35.016,3675.20098644125,4102.17560096881,1572.59352306994,1244.76703672673,7704.37103562414,3876.81063864606,7468.52939893767,3349.93627469702,104.957761778651,117.151462216381,44.9107129046704,35.548521725118,220.024304193059,213.289050689333,0.00266786565835603,0.00255785437747317,7.31885065899767e-07,0.00124493644382276,0.00442232377109685,1.46849534385511e-05,1.02187930511931e-05,4.68707006916133e-09,4.45367834796551e-06,2.04869346170776e-05,-3141.69568560907,0.133368771783875,0.0972165009381559,0.961875,0.490480913239896
"constant",1600,"sir_collapsed",87,34.769,3658.36307833457,3941.87978483221,1204.13929689356,1273.75860095147,7691.37603031034,3810.69834508474,7426.3300831739,3242.16761782909,105.219105477137,113.373401157129,34.6325547727446,36.6348931793112,221.213610696607,213.590557196753,0.00241018516245177,0.00231575304273751,5.59064657315475e-07,0.00114110740582755,0.00395593114756989,1.27971603763753e-05,9.43964915393354e-06,3.96265066378328e-09,4.43273605442625e-06,1.96248084714151e-05,-3216.32759075807,0.126283258449017,0.0893905990564865,0.966875,0.46838756690894
"constant",1600,"sir_collapsed",88,34.862,2771.77214569511,2887.43603554219,1401.65955661897,1083.86440475133,7195.35077953869,2895.71818282492,6957.7870797663,2737.3153014414,79.506974519394,82.8247385560838,40.2059421897473,31.0901383957124,206.395237781501,199.580835286739,0.00198553177719218,0.00189240897861909,4.1711808885179e-07,0.000874888696565151,0.00323001523929103,1.32808197794317e-05,9.34249512397732e-06,4.43220019907889e-09,3.48444057090388e-06,2.25890505412192e-05,-3165.56286451966,0.126482142535393,0.0886594501148556,0.956875,0.459829645740248
"constant",1600,"sir_collapsed",89,34.812,3051.86549691782,3123.69751352833,1636.48174063798,1220.74980278074,7477.06464484747,3287.13243637093,7294.52703522214,2904.03773678109,87.6670543754402,89.7304812572771,47.0091273307474,35.0669252780863,214.784115961377,209.540590463695,0.00223472296798617,0.00213872806233775,4.85998741043587e-07,0.00104578322604349,0.00367473036050426,1.37041549126025e-05,9.45549155663814e-06,4.94247850651826e-09,3.99185186820118e-06,2.00957400517112e-05,-3167.95386045064,0.115694233144399,0.0810282501942309,0.97,0.467207963392919
"constant",1600,"sir_collapsed",8,34.783,3582.57756044545,3661.87494187208,1365.25940157726,1197.45280088924,7462.13717815907,3782.24221878522,7352.3600067349,3267.13605145352,102.997946135913,105.27772020447,39.2507662242262,34.4263807287825,214.534030364232,211.377972191441,0.00211774651346214,0.00202127532792747,4.38202979400645e-07,0.00102664794260471,0.00348340110394842,1.1951599813648e-05,8.77710455001711e-06,1.25494664139439e-08,4.02110633782543e-06,1.76212390058804e-05,-3160.84549819987,0.1224676434166,0.0803729764615714,0.956875,0.461496715270202
"constant",1600,"sir_collapsed",90,34.815,2980.830040917,3378.85271678336,1784.78334790914,1011.6143105902,6964.6892532661,3210.29034840996,6775.36054848224,2971.43118363867,85.6191308607497,97.0516362712441,51.2647809251511,29.0568522358236,200.048520846362,194.610384847975,0.00180512362363476,0.00173004998592058,2.90028058495814e-07,0.000894338875804092,0.00288668277271984,1.49147237265534e-05,9.00138389756334e-06,1.46044430533654e-08,3.48323181586291e-06,2.17474568040519e-05,-3129.89464516377,0.138419086703821,0.0985984806420349,0.936875,0.451864209732073
"constant",1600,"sir_collapsed",91,35.772,3124.73480336639,3337.60848844977,1554.77337892874,1142.4972587838,7422.4611747357,3307.44872018343,7214.52356150021,2930.73713771669,87.351414608252,93.302261222458,43.463417726958,31.9383109354746,207.49360322978,201.680743640283,0.00219710810819286,0.00211058298842199,4.72439681479834e-07,0.00107783500593658,0.00367866463546234,1.28342334696187e-05,9.67601180093434e-06,6.12624784292392e-09,4.29792915793489e-06,2.01580016539519e-05,-3139.51873720931,0.123953279222258,0.0882804670489338,0.9475,0.465421918072249
"constant",1600,"sir_collapsed",92,36.343,3352.81228642307,3674.99504300616,1551.42025423089,1122.22058027289,7192.25619311903,3493.73171274157,7043.9033474853,3229.9748565133,92.2546924145798,101.119749140307,42.6882825917203,30.878589557078,197.899353193711,193.817333392546,0.00197333886122231,0.00187327601738196,3.80931054087128e-07,0.000938699723241339,0.00321711842066805,1.48113291185978e-05,9.28816942805744e-06,2.35156715444276e-08,4.45671448866684e-06,2.03321421194577e-05,-3166.8024637243,0.126993074134192,0.0910797778473165,0.96625,0.457157202609296
"constant",1600,"sir_collapsed",93,34.926,3369.43258762489,3389.10021951122,1560.40948532407,1094.27777031022,7532.9978415705,3616.06598026185,7401.39487627307,3235.59853636638,96.4734749935547,97.0365979359566,44.6775893410088,31.331322519333,215.684528476507,211.916477016351,0.00236999055059777,0.00226853038371914,5.36030998375299e-07,0.00111783967625297,0.00381325784774976,1.29175839978203e-05,9.88058997214207e-06,1.28374057410529e-09,4.32545469391909e-06,2.04527870638168e-05,-3163.5546142527,0.12560453868484,0.0891921864732243,0.96875,0.4749736214923
"constant",1600,"sir_collapsed",94,34.734,2999.92444675961,2995.78232399291,1372.4948041612,1122.64155565713,6983.82831630309,3148.75278465705,6814.4688173668,2801.11564862832,86.368527862026,86.2492751768557,39.5144470594001,32.3211134812325,201.066053904045,196.190154239846,0.00166778628065132,0.00158829910850933,2.513072231875e-07,0.000830702234033946,0.00269037596718036,1.0362737997523e-05,8.61088907898397e-06,3.7985408801195e-10,4.4213571740786e-06,1.78615438545129e-05,-3172.41112392033,0.114369479328028,0.0704954061118382,0.9525,0.441473360071979
"constant",1600,"sir_collapsed",95,34.824,3933.35461407026,3758.01409557409,1183.70262321966,1155.50463733399,7817.42300348241,3970.00066438345,7343.65082833456,2885.96504497659,112.949535207623,107.914487008215,33.9910011262249,33.1812726089476,224.483775657087,210.879015286428,0.00294892456408303,0.00284088195684946,8.50072098729421e-07,0.00133300502125714,0.00477712638149641,1.46266157609202e-05,9.94803860823683e-06,2.55333001544469e-09,4.67105519767143e-06,2.44129947171156e-05,-3168.92083798571,0.12409095699942,0.0873162470142166,0.965,0.495940303579422
"constant",1600,"sir_collapsed",96,35.118,3341.61242779735,3479.54087415819,1329.6411810118,1094.68045837643,7418.58204125117,3556.23065862387,7258.55756577061,3252.21046593391,95.1538364313841,99.081407658699,37.8620986676862,31.1714920660751,211.24728177149,206.690516708543,0.00213441524039759,0.00204299755881734,4.88670450270194e-07,0.00095520000507127,0.00356716986818542,1.21155673534628e-05,9.00044422438489e-06,2.42434991389237e-09,3.61183783217962e-06,1.81499113322983e-05,-3156.28310067195,0.127427850062655,0.0858998283967582,0.95625,0.462907165651423
"constant",1600,"sir_collapsed",97,34.767,3476.48310578966,3214.24510606065,1607.42239050939,1022.38224161986,7207.41663887846,3657.0070510703,6929.31123773897,3057.22186754353,99.9937614919223,92.4510342008413,46.2341412980525,29.4066856967774,207.306257050607,199.307137162797,0.00203130319780493,0.00194323147723261,4.26480224252936e-07,0.000929785640601469,0.0033271256541969,1.54365996012296e-05,9.43778262428162e-06,9.82359398867882e-09,4.18439051006509e-06,2.05377127711771e-05,-3152.45454707217,0.118174206913427,0.0821089330422061,0.94875,0.461523290915299
"constant",1600,"sir_collapsed",98,34.843,3262.7452988744,3207.22128858465,1535.25921762578,1188.56701577284,7663.52053231689,3478.03866916766,7510.8875647978,2926.65603886091,93.6413425616165,92.0477940643645,44.0621995128369,34.1120746139208,219.944336949083,215.563744935792,0.00237788366795221,0.00226709319387381,5.95291590835742e-07,0.00108115744908806,0.00388339065707419,1.43041045742239e-05,8.78901134860199e-06,1.34698174720553e-08,3.98935748669428e-06,1.8862179982103e-05,-3188.02761617474,0.134263321174336,0.0972126894172322,0.95375,0.472695202412345
"constant",1600,"sir_collapsed",99,34.831,3093.27638107949,3182.9582634723,1373.49108540872,1250.13734985291,7167.41580080731,3269.40882555961,6950.4224353527,2742.99688748074,88.808141628994,91.3829135962878,39.4330075337695,35.8915147383914,205.776917137243,199.547025217556,0.00192792963464659,0.00184080488837681,3.60652702163963e-07,0.000893090451046832,0.00313075879232305,1.2873678222794e-05,9.12375237761953e-06,4.29779739205597e-09,3.23970095118097e-06,1.95897646053781e-05,-3154.27193507982,0.121787398689446,0.0833646115341713,0.963125,0.454554497271807
"constant",1600,"sir_collapsed",9,34.756,2928.13470034126,3099.5077836803,1908.68626612064,1100.92014610764,7206.8229286849,3141.86022556606,7095.58904616381,2894.22182996448,84.2483226016015,89.1790707699477,54.9167414581838,31.6756861004615,207.354785610683,204.154363165031,0.00181100039336604,0.00173436001547854,3.03894100375755e-07,0.000871122360173721,0.00290196581124396,1.12705931888968e-05,8.68165165031428e-06,9.1388601969133e-10,3.81745903050352e-06,1.76355074010336e-05,-3189.99269053513,0.110224803543895,0.0691333389396244,0.9625,0.446204399183174
"constant",200,"sir_collapsed",100,4.69,5575.17202038294,5752.32368046989,1799.49355561736,3909.94063419756,8668.78061246184,5129.92088610144,8107.16384019269,4874.16996521297,1188.73603846118,1226.50824743495,383.687325291548,833.676041406728,1848.35407515178,1728.60636251443,0.0232197030591418,0.0213433077635662,0.000128540314332935,0.00402031795184177,0.0442332954273622,0.000131888648670581,4.69325280426176e-05,1.43324126538452e-05,7.85987456656953e-06,0.000185604330908376,-383.504522126818,0.199297684939847,0.162153865157269,0.96,0.813713637929636
"constant",200,"sir_collapsed",101,4.869,5487.94376450548,4505.55142868662,1553.1372940553,2231.80672178391,8210.58421714952,5378.27434925331,6513.46611626641,2564.06868888224,1127.11927798428,925.354575618529,318.984862200719,458.370655531713,1686.29784702188,1337.74206536587,0.0195860337586813,0.0177346306171085,0.000108592728869167,0.00306250517250821,0.0399942734736579,0.000130985209915475,5.13919844641475e-05,9.50349924446783e-07,9.69622594293901e-06,0.000282201016030924,-390.642552355131,0.218937156869848,0.163334351046965,0.94,0.779370803694045
"constant",200,"sir_collapsed",102,4.711,4845.41280273567,5675.61557200584,1592.55254551325,2715.68962652605,8083.33351966436,4442.11888014803,7269.44213518862,3265.82660660569,1028.53169236588,1204.75813457989,338.049786778445,576.457148487805,1715.84239432485,1543.07835601541,0.0211280279443307,0.0186104277552753,0.00016004480600514,0.00254084357067403,0.0451139555699365,8.94913480427044e-05,5.19196495651729e-05,8.49556092890524e-08,1.07824820796388e-05,0.000202622140976225,-386.465763259166,0.220073602968243,0.167625298488056,0.92,0.790338804427938
"constant",200,"sir_collapsed",103,4.727,5013.73529441082,4644.7506893696,1202.63670159757,2029.68291130735,8296.5347179779,5061.16799931677,6179.68832743339,2390.62725831536,1060.65904260859,982.600103526465,254.418595641543,429.380772436503,1755.13744827119,1307.31718371766,0.0172702985459784,0.0159082379014091,7.76758634328578e-05,0.00288486693412444,0.0342523863841769,0.000106561290007018,5.53855620533605e-05,2.10575172751909e-07,1.05359145682288e-05,0.000258716394620055,-392.097714571799,0.195899619664333,0.135787129755822,0.95,0.744374407312558
"constant",200,"sir_collapsed",104,4.453,4359.41108799778,3916.26167132227,1329.72308355494,2214.78201916162,7542.20298095741,4177.42600081211,6063.29705635047,2675.13784630875,978.982952615715,879.46590418196,298.61286403659,497.368519910537,1693.7352303969,1361.6207177971,0.0118561606576894,0.0102796869085387,5.39633526383693e-05,0.0020803978161792,0.0266706122956256,0.000113683967172786,6.13284452828885e-05,2.88716185894939e-07,1.27275575353839e-05,0.000223527642502685,-389.152064127572,0.197255375595969,0.145102019803195,0.925,0.688380676402015
"constant",200,"sir_collapsed",105,4.44,3062.67621843484,3146.23251129774,1693.27776341356,2746.4246645423,7147.23257626856,3394.41905891604,6141.4347122267,2965.85270256036,689.791941088928,708.61092596796,381.368865633685,618.564113635652,1609.73706672715,1383.20601626727,0.00673472435412692,0.00555812076008326,1.93379606877846e-05,0.0013106596351953,0.0153772954714215,9.94794157298495e-05,6.05158600581872e-05,1.14871000184985e-07,1.00790617189513e-05,0.000214432163915979,-405.66953079124,0.206055478078886,0.141003194582862,0.86,0.600933624022862
"constant",200,"sir_collapsed",106,4.504,4282.52796419542,4069.27404780261,1068.19255207105,2189.16731343968,7861.98671412535,4267.44198264672,6121.11768394114,2209.2535727759,950.827700753869,903.480028375359,237.165309074389,486.049581136697,1745.55655286975,1359.04033835283,0.0129625440198373,0.0116603133298332,5.42679662786414e-05,0.00198508296539115,0.0271130607000643,0.000100515817687585,5.80072226290181e-05,8.68991605078784e-08,8.28730593848278e-06,0.000253090804094342,-389.163962896474,0.192927015190824,0.134689756021719,0.93,0.69748492118885
"constant",200,"sir_collapsed",107,4.797,4859.26805613553,4432.56222567339,429.263796194657,3445.83273036222,7756.05147623089,2526.06986542003,7168.02575807294,2491.06299428115,1012.98062458527,924.027981170187,89.4858862194406,718.330775560188,1616.85459166789,1494.27261998602,0.0155190457651602,0.0134345546489432,8.75241649169898e-05,0.00326579229604092,0.0331920757860107,8.82731746098939e-05,5.22169667503245e-05,1.20906248862434e-07,8.39226029434962e-06,0.000194005578146118,-390.226006150257,0.183099570059939,0.128346366006967,0.925,0.734291093563584
"constant",200,"sir_collapsed",108,4.772,2979.51648574373,2856.79832878917,1404.41700255402,1795.07242503825,6789.02112022378,3271.74147984885,5411.87600466383,2385.56087969021,624.374787456775,598.65849304048,294.303646805117,376.167733662667,1422.67835712988,1134.08969083484,0.00782382333777257,0.00668001900410673,2.36048090478496e-05,0.0014182141165912,0.017192178146636,0.000161324044854817,6.88032285920703e-05,1.47757192812735e-06,1.25579106541273e-05,0.000314649848041361,-396.815080093107,0.227797140093153,0.148639881001055,0.855,0.636748441690612
"constant",200,"sir_collapsed",109,4.517,2530.04293993252,2455.67029560925,5.93380343766532,47.8777599388623,3763.96297105354,12.8243119459969,2730.91724889567,18.6588219038945,560.115771514838,543.650718532046,1.3136602695739,10.5994598049286,833.288238001669,604.586506286401,0.0113187928362006,0.0101809405462315,7.64803475561916e-05,0.00136662073288818,0.027113953907191,0.000131011074388707,7.39509814752498e-05,2.59140465924469e-07,1.04870247306768e-05,0.000305399276142583,-389.083365861089,0.208591366554495,0.136817967158919,0.92,0.686601147763396
"constant",200,"sir_collapsed",10,4.836,4269.43109772029,4452.83475478403,1741.19505172419,2488.00688930745,7799.96426199411,4873.38016073914,6809.92846660446,3244.17521116444,882.843485880954,920.768146150545,360.048604574894,514.476197127264,1612.89583581351,1408.17379375609,0.0137364166193753,0.0117430819140542,8.20592515118247e-05,0.00156891172875654,0.0311691517660895,0.000139187645596362,5.05612269596394e-05,3.02054726119788e-06,8.46786026325361e-06,0.000245440073325401,-402.169969862817,0.201686996249912,0.148861576530337,0.915,0.706083376840135
"constant",200,"sir_collapsed",110,4.443,2595.53214244992,1926.89615685745,851.927127394836,1822.84935710296,6746.54968471367,3113.68777427295,5245.11483847804,1919.76275443853,584.184592043645,433.692585383177,191.745921088192,410.274444542643,1518.46718089437,1180.53451237408,0.00786424222704359,0.00623867531323488,3.12487219426289e-05,0.00115753611582749,0.0196527617171512,0.000120808765968211,7.71387440416528e-05,8.48816087461175e-08,1.20106306674358e-05,0.000275677829766203,-400.909720481271,0.215899265448281,0.164975901475521,0.9,0.636175533885595
"constant",200,"sir_collapsed",111,4.436,4592.78487818969,4642.85132096602,1503.93026233272,2803.94110106576,8035.62371692087,5009.80006104933,6753.9507290972,3301.7439561374,1035.34375071905,1046.63014449189,339.02846310476,632.087714397151,1811.45710480633,1522.53172432308,0.013133035040596,0.0117570176559193,5.42843505411947e-05,0.00224815868842028,0.0275107098824644,8.87786471828233e-05,5.23944034943025e-05,7.26326594209438e-08,1.03262319326776e-05,0.000223017481447345,-395.240964798385,0.228508711417004,0.149928386939288,0.885,0.686085131023013
"constant",200,"sir_collapsed",112,4.498,5219.18696189891,5143.15404374984,1891.33854840301,2445.38669661125,8450.27248011137,5372.10864728678,6934.55275333924,3507.2867158816,1160.3350293239,1143.43131252775,420.484337128282,543.660892977157,1878.67329482245,1541.6969215961,0.0212128772843831,0.0197096076479353,0.000111470041367131,0.00318430154560285,0.0412177878636632,0.000110283616202593,4.731833940192e-05,8.21776670332235e-07,8.02028450886312e-06,0.000234294626716622,-377.615165299697,0.239916006411883,0.191715968266076,0.94,0.793740042026194
"constant",200,"sir_collapsed",113,4.505,3438.30597396843,3033.50733588081,1333.25562161681,2140.3768580696,6972.51511631602,3988.32379916888,5599.80920863394,2728.51421482294,763.219972024069,673.364558464108,295.950193477648,475.111400237425,1547.72810573053,1243.02091201641,0.00863408784262415,0.00717204092145232,3.29454264550417e-05,0.00130762462190883,0.019671003156488,0.000154250957165525,6.03117072760304e-05,9.72703556322664e-07,1.09333391620784e-05,0.000300630184605983,-386.26365873788,0.207827983525228,0.157205216082054,0.89,0.649596273420456
"constant",200,"sir_collapsed",114,4.552,4224.95460512459,3886.18853254999,1230.38027441059,1971.64645086911,7566.63171943442,4552.84239935219,5910.2457708623,2449.24470545048,928.153472127547,853.732102932775,270.29443638194,433.138499751562,1662.26531622022,1298.38439605938,0.0124557467713512,0.0110130434510128,5.24226876086438e-05,0.00190998544595143,0.0260933036705755,9.02574865519191e-05,6.30140814862038e-05,1.09368069394825e-08,1.12097421787265e-05,0.000237368886464892,-383.646457529849,0.218863360733829,0.160715088607982,0.9,0.702875529566564
"constant",200,"sir_collapsed",115,4.851,3164.61246095121,2668.22627541386,1079.67775221263,1594.775934551,7619.88752665765,3593.24834876829,5668.35651768394,1772.05567209544,652.362906813279,550.036337953796,222.568079202769,328.751996403011,1570.78695663938,1168.49237635208,0.0134140330434131,0.0118350738248883,6.2104585401321e-05,0.00191409255055936,0.0282872382035766,0.000117717471080526,6.46695589535784e-05,1.44418368059134e-07,1.0140656315249e-05,0.000280086882250021,-387.413811388362,0.228351223551403,0.172503846795285,0.905,0.715953191443528
"constant",200,"sir_collapsed",116,4.668,4306.72381631108,3837.85084867517,1069.78883508246,1538.94908923716,7466.37696815733,4703.58246081108,5671.71602936537,1664.69559632153,922.605787555929,822.161707085511,229.174986093071,329.680610376428,1599.48092719737,1215.02057184348,0.0125121733500855,0.0114189853962388,4.9417431699624e-05,0.00158621489088434,0.0253424495598693,0.000432445895060329,6.55015514008082e-05,0.000886574780445767,1.04864735885031e-05,0.000394963505039891,-385.672549137862,0.185769712552989,0.122228468939042,0.92,0.696017435394039
"constant",200,"sir_collapsed",117,4.554,3774.92185321041,3685.12396598014,1591.23022304496,2291.62953741338,7699.05611286364,4335.40270581941,6207.71335783497,3252.8674899517,828.924429778306,809.205965300864,349.413751217601,503.212458808383,1690.61399052781,1363.13424634057,0.011247100881524,0.00981172917803649,4.85026614735062e-05,0.00144763027389592,0.0245002105030701,0.000156880145368794,5.2485962497548e-05,6.50227388223077e-06,8.50840017396349e-06,0.000273195915000484,-394.542959809115,0.244259606351829,0.181681895702413,0.89,0.678548480480478
"constant",200,"sir_collapsed",118,4.448,3415.29876848096,3777.34492257697,1224.82327189608,2422.60214147474,7314.96871223826,3642.3355935809,6097.68459604622,2744.5506419218,767.827960539784,849.22322899662,275.36494422124,544.649762022199,1644.55231839889,1370.8823282478,0.00914739885300896,0.00788337145296598,3.30213369116572e-05,0.00155351078576172,0.020540546389809,9.52114275685517e-05,6.43050202170543e-05,2.92746926671686e-08,1.23306897956107e-05,0.000241771404718583,-383.440436479011,0.203327485236293,0.15321326312528,0.91,0.656093476108105
"constant",200,"sir_collapsed",119,4.755,3156.99717161537,3088.83288035424,1201.4553272739,2375.43479622345,6969.30121874924,3397.80194396073,5723.80355480987,2779.60259529815,663.93210759524,649.596820263774,252.671993117539,499.565677439211,1465.67848974747,1203.74417556464,0.00730843972055984,0.00610569762712818,2.24725677367135e-05,0.00143548992646312,0.0167209574626723,0.000127635564096375,6.12888625758748e-05,1.57429836079423e-06,9.90862309774784e-06,0.000254538108003431,-397.380242057094,0.211447861474093,0.152659943526291,0.885,0.62104732206837
"constant",200,"sir_collapsed",11,4.498,3582.145518222,3656.71285584743,1262.49718773837,1904.48888142852,7256.59876531277,3956.7547543527,5458.73881339979,2104.49667797351,796.386286843486,812.964174265769,280.679677131695,423.407932731996,1613.29452319092,1213.59244406398,0.0129604502348998,0.0112420165916689,6.69390845362366e-05,0.00130469344645179,0.0282974732716127,0.000133966532717263,7.37776066616689e-05,2.4485935319784e-07,9.43211670407766e-06,0.000319603059276241,-376.014376890413,0.218784888588399,0.170512714203102,0.915,0.724858210665389
"constant",200,"sir_collapsed",120,4.457,4276.26382458398,4214.66859983436,1434.25209235414,2401.41754472336,7693.21603516766,4260.24499115285,6365.0881169649,3194.66597400852,959.448917339911,945.629032944661,321.797642439788,538.796846471475,1726.0973828063,1428.11041439643,0.0148387251558822,0.0127260005851011,8.80830010919811e-05,0.00210072228244064,0.0331258615943227,0.000133695436533615,5.16298989836517e-05,8.99787593634609e-06,9.07939761000085e-06,0.000241839824120988,-390.771320947087,0.200455476757226,0.149086421276591,0.945,0.725448277606866
"constant",200,"sir_collapsed",121,4.465,4361.48594177749,4502.2867701233,690.473930932854,1876.48075621948,8088.55677544822,4629.91017194653,6084.90283715845,1672.86300702785,976.81656030851,1008.35090036356,154.641417902095,420.26444708163,1811.54687020117,1362.80018749349,0.015761356575026,0.0145337374842029,6.97242589688281e-05,0.001831959178677,0.0308060928834087,0.000107196521545004,5.63344637757076e-05,1.1188014999163e-07,9.72513996100174e-06,0.000295755138012688,-389.8613521975,0.171093603270343,0.11901048899165,0.955,0.735114586779475
"constant",200,"sir_collapsed",122,4.585,4370.68088663996,3899.33181691886,1667.11258487743,2621.44906968881,7619.34536965125,4637.84146466625,6434.00762605314,2989.14516518311,953.25646382551,850.454049491571,363.601436178283,571.744617162227,1661.7983358018,1403.273200884,0.0112355330421537,0.00994275309303276,4.68130626896702e-05,0.00173837840099993,0.0245545151329134,9.81325183975343e-05,5.93751607684245e-05,7.56053606527903e-08,1.03846220972532e-05,0.000244476649507402,-381.532720291902,0.186257052558256,0.119287366957076,0.925,0.676627173566906
"constant",200,"sir_collapsed",123,4.81,3866.39327596467,4005.47781651405,1420.06986647993,2923.53218526386,7441.60930177633,4225.20724964297,6488.15090137309,3787.85817154087,803.82396589702,832.739670792942,295.232820473998,607.802949119305,1547.11212095142,1348.88792128339,0.0089996181041509,0.00765953598058085,3.20781621545192e-05,0.00129240364850098,0.0199392972978399,8.96038593071646e-05,5.0620870338634e-05,1.47754798141995e-07,9.65238506895414e-06,0.00022496297291446,-389.635171744692,0.233452963721079,0.146836273621348,0.89,0.640111028309659
"constant",200,"sir_collapsed",124,4.813,5044.48718225031,4019.09280710252,1458.17575927206,1454.78764056344,8081.52277845267,4625.58343435896,6328.47103653616,2708.32177489928,1048.09623566389,835.049409329423,302.966083372545,302.26213184364,1679.1030081971,1314.87035872349,0.0182889302705884,0.016799586793664,9.79439189054677e-05,0.00268892430726517,0.0371257485094983,0.000126400984593662,6.01323184117095e-05,7.88294626322896e-07,1.1296349844133e-05,0.000300640671108081,-398.765898418559,0.19691716359342,0.15346954359577,0.955,0.754104112147734
"constant",200,"sir_collapsed",125,4.459,5534.13449764208,5581.73911798313,1638.69900725482,2460.58304681881,8308.24763820602,5305.91054507819,6984.67262265611,2833.36302785004,1241.11560835211,1251.79168378182,367.503702008256,551.823962058491,1863.25356317695,1566.42131030637,0.018117220079249,0.0164013920766814,9.59590834517432e-05,0.0028336388178187,0.0366652993715234,8.60980354727158e-05,5.01035216447413e-05,7.87420050646707e-08,9.32640449195634e-06,0.000227902807430696,-396.345950450283,0.188792463506525,0.13658030660854,0.96,0.748662507740483
"constant",200,"sir_collapsed",126,4.817,2807.52310570327,2449.30105556409,973.687005164551,1749.99170622574,7221.46204212536,3263.14366069811,5668.65276711594,1822.63994476941,582.8364346488,508.470221209069,202.135562624985,363.294935899053,1499.16172765733,1176.80148787958,0.0145205946115927,0.0126861509362626,9.14535832037787e-05,0.00187551126424926,0.0321909950867746,0.000197672978197039,6.16453693064396e-05,7.56979379086312e-06,9.06687091215234e-06,0.000312353880509287,-389.477680884733,0.212458762936003,0.132963585424227,0.935,0.731761997454108
"constant",200,"sir_collapsed",127,4.456,3861.74244636079,3833.25389205052,1244.13712615733,2035.36105204709,7503.29015009515,3234.40160200326,5913.94957301944,2183.06682775815,866.638789578275,860.245487444011,279.204920591861,456.768638251143,1683.86224194236,1327.1879652198,0.011757505236577,0.0102530134966976,5.41401322328262e-05,0.00157322182267598,0.0260245618244079,0.000119361505354736,6.73553276888798e-05,3.3073111194399e-07,1.03825228470802e-05,0.000269417678614392,-405.852866599918,0.211279301294311,0.153408521290818,0.905,0.689668964696891
"constant",200,"sir_collapsed",128,4.536,4170.58090414132,3632.04997642729,1453.01420361458,1911.25809827778,7430.49721938031,4639.45992535905,5882.65683442884,2537.73888879343,919.440234599057,800.716485103019,320.329409967942,421.353196269353,1638.11667093922,1296.88201817214,0.0117284091294185,0.0103567929241603,4.70056150001228e-05,0.00171050092754492,0.02568806898177,0.000178458437455396,6.24541911417759e-05,4.17534542234294e-06,8.32320501925559e-06,0.000344550100372108,-394.548815825877,0.184986846818845,0.132951515622503,0.92,0.68559033363917
"constant",200,"sir_collapsed",129,4.643,2850.36857573908,2782.25829226791,1168.66215594142,1798.51316377209,6574.2880862724,3169.27550514769,5263.37311376032,2293.89196342675,613.906649954573,599.237194113269,251.704104230331,387.360147269457,1415.9569429835,1133.61471328028,0.0073772342891079,0.00615823261097583,2.31197130819675e-05,0.00131996211618227,0.0163457040679877,0.000208548374573645,6.89870327571985e-05,2.07094194167494e-05,1.14197502543463e-05,0.000370789504731722,-382.955992020667,0.197295527228211,0.146449399610271,0.9,0.631993224953046
"constant",200,"sir_collapsed",12,4.498,3387.81803692318,3600.00333061305,1374.38317697125,2003.81585107121,6770.14105058981,3766.57169921904,5392.02520909286,2821.25732700761,753.183200738814,800.35645411584,305.554285676133,445.49040708564,1505.14474223873,1198.76060673474,0.0073549898903023,0.00610403852150531,2.20473068594507e-05,0.0015709435558822,0.0167558758413663,0.00013077515428463,6.80052032983377e-05,2.60667604093312e-06,1.04072811170061e-05,0.000251986524311673,-380.221023352404,0.219527289933696,0.162016600295316,0.855,0.629035293432529
"constant",200,"sir_collapsed",130,4.469,3445.47533246445,1704.1296607689,1175.001366947,927.102506200624,6218.88225748114,1838.82076659813,4015.87637822943,1050.05489530917,770.972327693992,381.322367592055,262.922659867309,207.451892190786,1391.56013816987,898.60737933082,0.0128715643814492,0.0109487106154666,7.13247884812095e-05,0.00161255129543155,0.0294014559001035,0.00051437325417492,5.88836437301076e-05,2.07432795439831e-05,6.76600823267318e-06,0.000702996579098358,-391.074962096866,0.223063801972355,0.165872494791756,0.895,0.722263359886179
"constant",200,"sir_collapsed",131,4.454,3372.15222812989,3288.49476967686,1067.21451483836,1898.7453792967,7402.66789295699,3727.35366798087,5893.01877284589,2191.84288598419,757.106472413535,738.323926734813,239.608108405558,426.301162841647,1662.02691804153,1323.08459201749,0.01063195788516,0.0089715920756255,4.6959791898953e-05,0.00133937803425093,0.0241328325683036,0.000108221384613138,6.41966644230783e-05,2.22703985519008e-07,1.08531395765107e-05,0.000253492380461634,-394.524125238093,0.212981618994329,0.157800523925644,0.89,0.675724157747584
"constant",200,"sir_collapsed",132,4.452,3293.87992710973,3588.85234862093,1416.0063120162,3150.16810600847,7242.95790836463,3674.09100160511,6394.91910859887,3324.75914963296,739.865212738034,806.121372107128,318.060716984771,707.584929471804,1626.89979972251,1436.41489411475,0.00719853824430554,0.00610147516750585,1.94850689705926e-05,0.00171048453944827,0.0155441800265608,9.52792986927629e-05,5.38847397281356e-05,1.42247846781148e-06,1.105499761597e-05,0.000183964356235343,-391.560783249519,0.213955627009249,0.162019766482728,0.87,0.619197341685549
"constant",200,"sir_collapsed",133,4.696,6035.56779728313,5545.60332725149,1146.59995646766,3827.53235745523,8342.25570607086,3916.81320554928,7709.40251437534,3672.44008179371,1285.25719703644,1180.92064038575,244.165237748651,815.062256698304,1776.45990333707,1641.69559505437,0.0210018167799014,0.0186268385684857,0.000150514067205702,0.00278846363314424,0.0442951762816855,6.42151843623966e-05,4.83542933867137e-05,3.95155175607063e-09,1.10652070450744e-05,0.000157840949710048,-415.147271796009,0.18467858024097,0.12045475862272,0.935,0.77334133473467
"constant",200,"sir_collapsed",134,4.435,4048.3847998878,3875.73326339428,1329.01971627179,2642.5555137294,7578.8025859827,4535.75599805381,6170.82649534783,3361.42011914299,912.826335938624,873.897015421485,299.6662268933,595.841153039323,1708.86191341211,1391.39267087888,0.00975456092243164,0.00843802752107259,3.61231798908467e-05,0.00172176978886893,0.020954234940238,9.87786635384805e-05,6.23049461727668e-05,1.07796930510782e-07,1.03813395950856e-05,0.000236673826930072,-395.460932908391,0.192383077858331,0.130696079630215,0.895,0.655284339737454
"constant",200,"sir_collapsed",135,4.788,4491.61163919037,3719.89276346896,1287.35669581788,1840.48843415395,7717.53508583773,4045.85358480819,6048.20312295216,2285.16719073548,938.097669003836,776.919958953417,268.871490354611,384.396080650366,1611.84943313236,1263.20031807689,0.0157690782157537,0.0137787856093811,9.68884221308566e-05,0.00191542252742,0.0350422442610951,0.000183566621205173,5.60460009041816e-05,1.50593663558142e-06,9.02861163682508e-06,0.000346373717205217,-390.711941125343,0.174616178483231,0.12642242992886,0.955,0.740519678144456
"constant",200,"sir_collapsed",136,4.551,6225.5152578383,6220.24910627622,2308.45190327186,3857.8943060314,8917.88117813217,5861.49571275788,8307.81621553922,4658.15778166851,1367.94446447776,1366.78732284689,507.240585205857,847.702550215644,1959.54321646499,1825.49246660936,0.0253271679902701,0.0235699248845841,0.000139637105229829,0.00658852997408115,0.047423167935567,7.45260130531012e-05,4.77914709197235e-05,3.32798744531524e-08,9.73251774918537e-06,0.000184053999076274,-398.587168748085,0.17790970770704,0.127258514797096,0.96,0.808385586854893
"constant",200,"sir_collapsed",137,4.431,4614.76637942963,4332.38246314695,1344.9207795089,2835.95973011406,7850.58815533923,4852.32025100231,6760.75971851512,3052.62974657422,1041.47289086654,977.743728988254,303.525339541615,640.027021014231,1771.74185405986,1525.78644064886,0.0121130146870671,0.0108333579036081,4.51009808064213e-05,0.00252088210974817,0.0249503156005394,9.94016587441443e-05,5.37702452599914e-05,9.12141713079088e-07,8.81877346607553e-06,0.000207847301287947,-401.058328024765,0.237625383842742,0.176474846757475,0.92,0.677828568343343
"constant",200,"sir_collapsed",138,4.431,3214.79675705591,3528.84855016664,1033.939033938,2918.87664700894,7355.99983796288,3500.31331166406,6593.65238618995,3434.98382627725,725.523980378224,796.400033890012,233.342142617469,658.73993387699,1660.1218320837,1488.07320834799,0.00756061493926454,0.00632633717734605,2.23096313338854e-05,0.00152567576498865,0.0167844900753954,8.22752915223068e-05,5.06101078325301e-05,1.0992742788692e-07,1.08186919064043e-05,0.000166363384056905,-407.160611699843,0.240793775497345,0.182019549764258,0.86,0.607822837890889
"constant",200,"sir_collapsed",139,4.61,3672.77130471125,3485.54162014831,830.591359271342,1620.67036192189,7143.87426280219,3820.16579644239,5416.2317942501,1987.10111252206,796.696595382051,756.082780943235,180.171661447146,351.555393041625,1549.64734551024,1174.88759094362,0.00927304858619836,0.0081434533150469,3.03139207056461e-05,0.00156400472982748,0.019988493356926,0.00011650716592648,6.92514084664861e-05,1.3187967590395e-07,1.02875804142183e-05,0.0002755379940247,-401.876329645556,0.220762753794376,0.169699116418507,0.915,0.642575032169918
"constant",200,"sir_collapsed",13,4.529,3552.8389520019,3643.64028073087,1447.15609593269,2734.04581607605,7118.98188943558,3863.01742236716,6026.33481206805,3217.54427412787,784.464330316162,804.513199543138,319.5310434826,603.675384428361,1571.86617121563,1330.61046855113,0.00786947294782847,0.0065581355148062,2.62780754552644e-05,0.00131852377675942,0.0182354606649591,9.87913352971536e-05,6.26250774025529e-05,5.41582505342441e-08,9.46394810299284e-06,0.000243102105759533,-382.848709124189,0.182093952414651,0.12101504590092,0.895,0.633342339256488
"constant",200,"sir_collapsed",140,4.696,4005.71543862624,3680.1262109013,901.700218310506,2066.07624357065,7127.37893988719,4293.56220155439,5682.37777043544,2023.67630908051,853.005842978331,783.672532134007,192.014526897467,439.965128528674,1517.75531087887,1210.04637360209,0.00999383935438401,0.00851465462906324,4.08075144876541e-05,0.00133069785917625,0.022780500950511,0.000115289622583074,7.12794391420049e-05,1.22101355061081e-07,1.2586922689519e-05,0.000270497800718665,-383.948974407877,0.212816419494077,0.152510441681054,0.88,0.668705858053572
"constant",200,"sir_collapsed",141,4.719,3681.339590204,3447.25559235088,1694.32877493599,2341.30081747577,7709.86047390515,4008.70594163549,6540.46759897372,3146.5669880002,780.110105997881,730.505529211884,359.044029441829,496.143423919427,1633.79115785233,1385.98592900481,0.0126926442507024,0.011036599944767,6.12754109958936e-05,0.00134725068507699,0.0276344968856068,0.000117387594966667,5.21160538271628e-05,1.36109091224996e-06,8.58941741931463e-06,0.000242110756887895,-397.514420555009,0.215469908456804,0.155484334503974,0.93,0.698423436135071
"constant",200,"sir_collapsed",142,4.818,2582.76538974664,2507.94261326354,1050.72186708056,2411.04611982081,6640.65130929493,2974.77290077451,5669.34595241255,2368.13914640324,536.065875829522,520.536034301275,218.082579302731,500.424682403655,1378.30039628371,1176.70111092,0.00682119818417818,0.00565408011947445,2.10463863375536e-05,0.000856765663281834,0.0157495075944557,0.00011860662957865,7.20874852422899e-05,1.20962399473475e-07,1.05845778859016e-05,0.000264835453219286,-387.646132467879,0.226768407069237,0.17100052492027,0.86,0.618168735408269
"constant",200,"sir_collapsed",143,4.737,6388.95095658361,6125.41832907198,1519.7322065858,3340.61797095878,8629.7784236549,4003.28584498197,7744.52275898481,4427.22017007538,1348.73357749285,1293.10076611188,320.821660668313,705.218064378042,1821.78138561429,1634.90030799764,0.0212133855587576,0.0191764803048333,0.00012384673355697,0.00458546486741206,0.0421460564076156,8.22622906076964e-05,4.75168304203019e-05,1.88128058617502e-07,1.01722230476737e-05,0.000192182825146094,-391.092913011954,0.198297606902849,0.160794289387292,0.97,0.781798649249303
"constant",200,"sir_collapsed",144,4.954,4640.71956566099,4385.13128314289,1049.77568525652,2223.2218225672,7805.54876999962,4610.22775313232,6504.22530852542,2294.95650576554,936.762124679248,885.169818963038,211.904659922592,448.773076820186,1575.60532297126,1312.92396215693,0.0134985198942446,0.0118718241079693,6.41387823343293e-05,0.00175390827019313,0.0291477813640174,0.000112871700804458,5.58703954605878e-05,5.77386841499709e-07,8.70517136562489e-06,0.000265850660169497,-402.010527372946,0.202337108161539,0.155164433123238,0.93,0.710015191717303
"constant",200,"sir_collapsed",145,4.643,4778.7979628514,4546.75343995209,232.637594001927,2545.25931748733,7583.53128991766,1492.48397153803,6999.87702709475,1334.04640678021,1029.24789206362,979.270609509389,50.1050170152761,548.192831679373,1633.3257139603,1507.61943293016,0.0133880284607713,0.0120315838203876,5.95652465003271e-05,0.00257444472248829,0.0281154391513007,6.15724629592813e-05,4.64050046147256e-05,4.08782906216457e-09,9.12736427208873e-06,0.000146014950273262,-405.607517860734,0.212192480000925,0.154626674819382,0.94,0.693265504201963
"constant",200,"sir_collapsed",146,4.527,5130.98760673968,5297.55630464844,1644.02289926108,2892.92116264273,8203.94926761387,4894.09703740373,7078.99282912918,3512.82393979533,1133.41895443775,1170.21345364445,363.15946526642,639.037146596583,1812.22647837726,1563.72715465632,0.0167483955725849,0.0145722666812479,9.98021789414357e-05,0.00254066102524764,0.0372043295031378,0.000165919616279823,5.01336803472797e-05,1.12626493256105e-05,7.56163542834295e-06,0.000232606865889995,-399.358534991308,0.20129599357652,0.142519755179087,0.935,0.745584626857545
"constant",200,"sir_collapsed",147,4.714,3712.73288803733,3178.54470918223,1663.90594477306,1864.21171620206,7465.00688674616,3496.0867055094,5828.56447807563,2315.68073739121,787.597133652382,674.277621803613,352.971138051137,395.46281633476,1583.58228399367,1236.43709759772,0.0147222908401077,0.0132497940094682,6.49520451512274e-05,0.00174824617874723,0.0302373969435642,0.000358546148638831,5.02807732351072e-05,1.34363827890748e-05,7.96489320611784e-06,0.000217504344538175,-397.756106493261,0.196927078583202,0.138438807018601,0.93,0.713304118876232
"constant",200,"sir_collapsed",148,4.812,3109.93225988815,3110.60799348864,1791.98242275976,2779.19243348701,7056.79303038285,3541.58570307418,5918.80403722324,3090.20473608754,646.286837050739,646.427263817256,372.398674721481,577.554537299877,1466.49896724498,1230.00915154265,0.00625844631104344,0.00526716239532319,1.48460122314056e-05,0.0012019357219585,0.0138380895281546,9.16153525983954e-05,6.23783469231324e-05,7.87687835228104e-08,9.91471570673842e-06,0.000204985508268076,-388.807710888614,0.212467652568367,0.139240543171948,0.86,0.603486371691475
"constant",200,"sir_collapsed",149,4.439,3598.71382225518,3726.80590329984,1662.7928554389,2870.62042419237,7700.37122378012,4021.2448226561,6560.81892100033,3474.58496778719,810.703722066947,839.55978898397,374.587261869544,646.681780624547,1734.70854331609,1477.99480085612,0.00975170553167758,0.00847877216865837,3.51106806164861e-05,0.00145518978779525,0.0208736142596098,9.18700131309616e-05,5.2805665605442e-05,2.00398777525339e-07,8.79014230026051e-06,0.000209357011133037,-393.170458155111,0.239490748046947,0.169587817787673,0.82,0.65617803284476
"constant",200,"sir_collapsed",14,4.705,3118.75478762983,2276.21093187057,1159.4250536836,1874.48640672377,7174.42407196572,3664.35539972164,5468.41534007905,2106.3868766885,662.859678561069,483.785532809898,246.424028413092,398.403062002927,1524.85102485988,1162.25618280107,0.0110674455457319,0.00907423295620551,6.00548589952017e-05,0.00147082825147201,0.0265455405176229,0.000155697261644202,6.54421371347693e-05,1.01213022780346e-06,9.99854725725894e-06,0.000334661647007473,-406.205418114583,0.240726979189397,0.196237307453815,0.855,0.679453549956128
"constant",200,"sir_collapsed",150,4.597,4989.28309925144,4946.88300895886,1572.58306299708,2950.93921558157,8284.85899229435,5163.97571120986,7105.3456854899,3701.53049126799,1085.3345876118,1076.11116140066,342.088984772042,641.927173282917,1802.23167115387,1545.64839797475,0.0211280661557583,0.0194302830637463,0.000121451621224129,0.00344077069057231,0.0421310692667578,8.34569943462174e-05,5.22698043564814e-05,5.01119967281371e-08,9.29461814742761e-06,0.000208656325126966,-370.353792769467,0.206789523514732,0.163057295243446,0.955,0.796118714168627
"constant",200,"sir_collapsed",151,4.483,4380.98955825515,3167.10648753983,1251.43801526157,1350.38197154422,7760.04431353641,3145.41827746513,5713.95661974086,1619.75912613954,977.24504980039,706.470329587291,279.151910609318,301.222835499491,1730.99360105653,1274.58322992212,0.019641305130814,0.0178739610102784,0.000122691023838062,0.00186065435784801,0.0409304849421079,0.000242987899406721,5.30325523558295e-05,5.8101192229555e-06,8.29657263343828e-06,0.000367805283938519,-393.592454354512,0.178210378206821,0.128149848617883,0.945,0.770250980518599
"constant",200,"sir_collapsed",152,4.947,3101.58289535801,3090.03901542818,1447.98561932052,1666.90966453503,6701.10534368173,3348.62716246098,5430.17480004769,2433.28689751787,626.962380302812,624.628869098076,292.699741119976,336.95364150698,1354.57961263023,1097.67026481659,0.00658096105724668,0.00544134157056481,1.82262951129719e-05,0.0013694793854282,0.0155615169057663,0.000129530360647622,6.80220802030231e-05,6.74352141197937e-07,1.00999612642841e-05,0.000282114792072601,-393.157031708708,0.213998656200715,0.163477308232208,0.875,0.619678751426858
"constant",200,"sir_collapsed",153,4.543,2683.24344833706,2808.89033662299,1671.97131178836,2140.54035131361,6939.45595269435,2973.30155128524,5533.06366995037,2567.29623430064,590.632500184253,618.289750522339,368.032426103536,471.173310876869,1527.50516238044,1217.93169050195,0.00789557658725109,0.00658788583824496,2.47726886032535e-05,0.00161544083242586,0.0180943329591098,0.000189127453355068,6.58334367474552e-05,3.24477679752836e-06,9.99466798636698e-06,0.000300518695237878,-397.980005744047,0.212813428559643,0.158088172912338,0.9,0.640721279547269
"constant",200,"sir_collapsed",154,4.494,3615.42750608532,3347.12157881822,687.117584924333,2081.47946709692,7306.03495175124,3831.63685573849,5954.73413329822,2420.73186313535,804.501002689212,744.797859105077,152.896658861667,463.16855075588,1625.73096389658,1325.04097314157,0.0111514012052723,0.00947020967857635,4.99846812191957e-05,0.00184403738587426,0.0247511375939732,0.00010951038225513,6.31494375029271e-05,1.00374784846519e-07,9.35030671236822e-06,0.000280936048566766,-385.271063020739,0.191114219283949,0.140861692084561,0.93,0.689581223072584
"constant",200,"sir_collapsed",155,4.473,3453.35210404032,3654.75181380557,1257.99201488805,1959.92334168862,6850.02156200371,3820.16800783456,5487.99867944915,2446.17062463336,772.043841725983,817.069486654497,281.241228456975,438.167525528418,1531.41550681952,1226.91676267587,0.00822305629248859,0.00694311175150902,2.77260938600413e-05,0.00132038675937869,0.0181202851245199,0.000125532287149301,7.66272386149076e-05,8.72226589830539e-08,1.0737726293336e-05,0.000313840218124004,-378.242416964627,0.217088378034228,0.158271925030151,0.88,0.647052848167928
"constant",200,"sir_collapsed",156,4.595,4848.52751693832,4132.31783652183,1354.63524667263,1796.36554460878,7634.14494292368,4804.57807937209,5747.75551911025,2144.96431143499,1055.17465004098,899.307472583642,294.80636489067,390.93918272226,1661.40259911288,1250.87171253759,0.0146496239532128,0.0129918887575478,7.77575615653785e-05,0.00172775147894097,0.0312104013128999,0.000229939015589617,5.81080147670576e-05,8.44409920768865e-06,1.07689895476284e-05,0.000399282287573264,-403.890662276204,0.17113724484315,0.112359074481415,0.955,0.724966274633542
"constant",200,"sir_collapsed",157,4.687,4137.21479850414,3861.92926544742,1382.36345172035,2405.88724300983,7578.67353410894,4103.38464962523,6179.78542981601,2809.19495182375,882.699978345241,823.966133016305,294.93566283771,513.310698316583,1616.95616260058,1318.49486447963,0.0136212173503589,0.0117660243975146,7.43895135692304e-05,0.00199201269946445,0.0306197522214271,0.000113670912986845,5.58896559516845e-05,7.33892814761843e-07,8.72037020508772e-06,0.000240988312899648,-394.01923335201,0.206065927121353,0.143864039462713,0.925,0.714379845442464
"constant",200,"sir_collapsed",158,4.447,3130.39849246932,3389.00597753932,1472.80151873889,2859.14616173976,7585.30523255114,3618.00711988826,6359.57313145085,3080.56619226521,703.93489823911,762.088144263396,331.189907519426,642.938196928213,1705.71289241087,1430.08165762331,0.00933222648259409,0.00796496834597052,3.40443506758192e-05,0.00143709544829151,0.0207282410483985,7.91560846977854e-05,5.65067264078683e-05,8.6001305024441e-09,1.12156644469841e-05,0.000199109334211357,-406.47659291001,0.213831979617595,0.147038269829131,0.915,0.651831507115087
"constant",200,"sir_collapsed",159,4.762,3957.12152125112,4292.85365097064,1425.34450325871,2368.18006828666,7732.62058033622,4309.24801823853,6689.2539670761,2833.32524662191,830.978899884738,901.481237079093,299.316359357142,497.307868182835,1623.8178455137,1404.71523878121,0.0149171411239265,0.0129445405913872,8.90085542956307e-05,0.00175367434460496,0.0344104028689751,0.000123240546952123,4.9240604658383e-05,9.88615047598144e-07,9.0715861276498e-06,0.000244657703245796,-407.01645726135,0.230485588139307,0.16862056853449,0.925,0.716214865528919
"constant",200,"sir_collapsed",15,4.785,3301.69407828565,3495.445988815,1507.67373918703,2245.62883915004,7024.78972488904,3634.55341937662,5641.83254510435,2815.92467616567,690.009211762937,730.500729114942,315.083331073569,469.305922497396,1468.08562693606,1179.06636261324,0.00734217849794257,0.00610869068006766,2.12796861645454e-05,0.00129004322630429,0.016959634319828,0.000112573377242014,6.94031296455054e-05,7.31073481088297e-08,9.60561329666094e-06,0.000276063510927537,-375.641740030361,0.211441671404769,0.148968776208845,0.865,0.624429045536574
"constant",200,"sir_collapsed",160,4.45,4492.67685152554,4128.80178595064,1571.25151529995,2635.32155063115,7949.09528669012,4903.17625443242,6487.02158433495,3294.90707780473,1009.5903037136,927.820626056324,353.090228157293,592.207090029471,1786.31354757081,1457.75765940111,0.0117257401412118,0.0105574385689379,3.99443016607773e-05,0.00291108401253628,0.0241328337715616,9.57505727916211e-05,5.92021794269594e-05,2.09437709801839e-07,1.04975519394182e-05,0.000222825527642986,-377.58540731066,0.192849946239464,0.131761087721537,0.925,0.683197213463713
"constant",200,"sir_collapsed",161,4.757,4215.9376075296,3819.67470474363,1246.89527400852,1895.26130711631,7392.07489675665,4822.51810663184,5769.12824590412,2338.27615008023,886.259745118687,802.95873549372,262.117989070531,398.415242193885,1553.93628269007,1212.76608070299,0.0103633955909923,0.0090128581982307,4.05753504123177e-05,0.00121705865880723,0.0223613897586502,0.000109757182775288,5.3438158373611e-05,1.29278823804357e-07,7.21472314443192e-06,0.000264202994148954,-389.993470365226,0.215080365170966,0.172376921679404,0.92,0.659019969827555
"constant",200,"sir_collapsed",162,4.715,3642.19994922833,2924.79493753293,1457.45492639825,1954.35309475752,7825.29937018457,4606.15292464384,6173.93661363789,2413.37045464041,772.47082698374,620.317059922149,309.110270710126,414.496944805412,1659.66052389917,1309.4245203898,0.0151255189654191,0.0136661889841142,7.30347883600304e-05,0.00246758392945528,0.0316309156543552,0.000124971744584111,5.23210706673974e-05,9.20235815236073e-07,9.71635236440901e-06,0.000235464012416503,-388.985119374498,0.222734928261408,0.147258451874229,0.945,0.723892896739413
"constant",200,"sir_collapsed",163,4.462,4343.78022881754,3942.60935372938,1066.37153938094,1813.23343827997,7563.70367758482,4409.91348732157,5834.71063017219,1879.41502717436,973.50520592056,883.596896846567,238.989587490125,406.372352819357,1695.13753419651,1307.64469524253,0.0140185101705954,0.0121968974475164,7.10083112511475e-05,0.00236316798010292,0.0311407968307046,0.000153829038040507,6.3272943304738e-05,4.86358413477637e-06,1.0386301862814e-05,0.000317193288883354,-397.750853194893,0.172300126237612,0.128536712161213,0.955,0.719565091493047
"constant",200,"sir_collapsed",164,4.482,3112.83880947454,2755.02389476293,984.991255726935,1530.4267927903,6947.08354690321,3444.36863833382,5031.41623306985,1690.7371565583,694.520037812257,614.686277278655,219.766009756121,341.460685584628,1549.99632907256,1122.58282754794,0.0118749853626976,0.0100056973173317,6.38982598103391e-05,0.00116184060351785,0.0277126604980566,0.000178837869151437,6.97350383939548e-05,1.35633810741568e-06,1.02041848872577e-05,0.000376466020972725,-396.629093459747,0.229985904409755,0.180081541632282,0.93,0.710225385113377
"constant",200,"sir_collapsed",165,4.478,2592.62849034853,2487.94598652393,781.793947514817,1521.96606156119,6785.22079986647,3030.9458912172,5052.54163411186,1794.25773352015,578.970185428435,555.593118920037,174.585517533456,339.876297802856,1515.23465829979,1128.30317867616,0.0109186509834253,0.00926452446336114,5.18132523442256e-05,0.00128736306335239,0.0249866088571932,0.000164811139729889,7.88045783052663e-05,1.14238068136181e-06,9.53235503166921e-06,0.000379602067881715,-391.64168923247,0.231055855535715,0.17502384413554,0.92,0.693067660800742
"constant",200,"sir_collapsed",166,4.43,3673.34882253858,4096.56793809959,1621.51835322388,3659.81755021891,7569.07874342489,4038.86968860179,6474.28029019972,3957.03483480757,829.19837980555,924.73316887124,366.031230976044,826.143916527971,1708.59565314332,1461.46281945818,0.0083773428675486,0.00712729316627554,2.68652696550158e-05,0.00167756307310882,0.0183289326655443,7.13231696605743e-05,5.12033217715349e-05,1.26171184044936e-08,1.02213772950266e-05,0.000167417359382257,-388.43360511324,0.21354771792393,0.147371712564567,0.845,0.633758958170782
"constant",200,"sir_collapsed",167,4.494,3144.49095031707,2814.22820948133,1143.33329694001,1729.52077012483,7446.02977889543,3419.89620486372,5744.87294616495,2441.32680903227,699.708711686041,626.219005225041,254.413283698266,384.851083694889,1656.8824608134,1278.34288966732,0.0112973217463547,0.00985524005835281,4.63293597344288e-05,0.00205782346020277,0.0247852544562021,0.00015212719686662,5.5398550138468e-05,1.70980019623555e-06,9.90914995923362e-06,0.00032070997701,-397.462393740726,0.23237140754246,0.170063009572461,0.895,0.682915345760689
"constant",200,"sir_collapsed",168,4.482,3385.49508245443,3532.63200111122,1801.78518627058,2781.43869906795,7193.84132340757,3743.49556146476,6201.57588578744,3190.70030219633,755.353655166094,788.182061827581,402.004726968,620.57980791342,1605.05161164828,1383.66262511991,0.006910627725622,0.00592580924558666,1.75442485065401e-05,0.00125445942073996,0.0150218782461336,8.6306781635064e-05,6.15605423533289e-05,3.16801952172894e-08,1.14033119844621e-05,0.000203026110617737,-396.677014757023,0.2400492930936,0.180433165746012,0.82,0.610916213301569
"constant",200,"sir_collapsed",169,4.636,4829.15171527288,4765.0162633644,1341.20097872457,2019.01065209907,7907.41753500574,3899.46283544717,6276.72229957948,2246.2660936781,1041.6634416033,1027.82921988016,289.301332770614,435.507043162008,1705.65520599779,1353.90903787305,0.0176273597783523,0.0157403405396446,0.000101266773949002,0.00249000072996018,0.0372574915891946,0.00013452269305939,5.48203452578354e-05,6.60642519425536e-07,9.32444222373122e-06,0.000274032888287734,-383.265126758527,0.200975000716753,0.151050616409139,0.955,0.762269291549294
"constant",200,"sir_collapsed",16,4.559,4801.22894010857,4958.46378132246,1497.00972315278,2174.83644439134,8113.18644040197,5348.10555492102,6763.3183999777,2435.50277906107,1053.13203336446,1087.62092154474,328.363615519364,477.042431320759,1779.59781539855,1483.50919060709,0.0151657309898485,0.0136750238816214,7.08129270762849e-05,0.0025664490697441,0.0315527742841973,0.000109683327311095,5.04756173436535e-05,3.50767507191183e-07,9.99502675300849e-06,0.000257728827740082,-393.506257603693,0.210078206576586,0.149396847528161,0.925,0.72033072160296
"constant",200,"sir_collapsed",170,4.536,4411.76270647386,4346.43128435652,1178.52359234485,1969.13856002876,7409.86161893455,3952.52759253016,6165.66704091635,2269.97818556695,972.610825942209,958.207955105053,259.815606777966,434.11343915978,1633.56737630832,1359.27403900272,0.0146262859438625,0.0129367913567583,7.91163444374525e-05,0.00146457102754163,0.03190347589052,0.000125508012050399,6.18387332887314e-05,4.82207808720184e-07,9.12450439690244e-06,0.00026455085724383,-390.671677819057,0.175323910673209,0.128270052014717,0.955,0.729773149620437
"constant",200,"sir_collapsed",171,4.461,4236.73540608934,4261.40170370276,1525.12567365308,3198.76811770761,7992.10527821433,4565.92917535374,7183.74202120838,4161.00358833561,949.727730573714,955.257050818821,341.879774412257,717.051808497558,1791.55016324015,1610.34342551185,0.0135108653535263,0.0118634534436821,6.31216109418427e-05,0.00217296051039561,0.029042833600225,8.59869278300669e-05,4.97474949252051e-05,1.37580162050097e-07,9.57216671426861e-06,0.00019027766906041,-408.462727462501,0.220315300724318,0.158657036811146,0.91,0.702813752001781
"constant",200,"sir_collapsed",172,4.43,3006.39151491809,3009.91923194677,1465.31830843434,2533.07478626175,7175.93502988312,3385.6791606595,5986.70374469266,2904.59744510733,678.643682825754,679.440007211462,330.771627186082,571.800177485722,1619.84989387881,1351.40039383582,0.00727967768374376,0.00614013467426582,2.09328737163327e-05,0.00120846962017187,0.0164913272208388,0.000102004124212584,5.49586322095945e-05,1.3447496059541e-07,1.05456714675839e-05,0.000227197252952733,-399.221351315787,0.226961453605289,0.15377552921053,0.87,0.61455834435167
"constant",200,"sir_collapsed",173,4.701,4633.81984188463,4510.14104389365,807.13031996997,2566.44887766244,7456.1114924052,3751.53641510667,6295.14344267919,3182.21162179105,985.709389892497,959.400349690205,171.693324818117,545.936795929046,1586.06923897154,1339.10730539868,0.0130752427047362,0.0114840837825357,6.30867948513263e-05,0.00125997390616196,0.0278735471317238,0.00010288084418912,5.21598594660944e-05,1.46871906577407e-07,7.87722290770722e-06,0.000246200104969505,-387.778742930988,0.246007900094321,0.178652250636877,0.91,0.70680685370752
"constant",200,"sir_collapsed",174,4.832,2946.43963725594,2933.80532204754,1039.43493285322,1314.71744919245,6439.27232459568,3266.52414971667,4692.87951925813,1510.07334499871,609.776414995021,607.161697443613,215.114845375253,272.085564816319,1332.63086187825,971.208509780243,0.00899614322209339,0.00768422766139593,3.51143400753602e-05,0.00105117724458586,0.0198725146458081,0.000203673802524882,9.88861451880317e-05,8.59732519048051e-06,1.14092180577409e-05,0.0004108993552614,-380.845457669783,0.240800174017142,0.164923199412886,0.86,0.665285615089445
"constant",200,"sir_collapsed",175,4.435,4598.20853527162,4629.18562933301,1499.07195355907,2633.12682976517,7588.72746402723,4699.65691172804,6503.18793070641,3062.64755217215,1036.80012069259,1043.78480931973,338.009459652552,593.71518145776,1711.09976640975,1466.33324254936,0.0128765798173937,0.0106802507617735,7.64217791442706e-05,0.00113729371986702,0.0299268556013306,0.000102819101520311,4.96182702231777e-05,4.79424028229246e-07,9.69155152080099e-06,0.000210755661339995,-393.459467892995,0.202489963652214,0.140042455160174,0.895,0.702636352517851
"constant",200,"sir_collapsed",176,4.461,4780.42066131993,4766.63655487047,1373.69302924078,2390.77573909187,8083.73796957955,4762.00597527226,6798.47920906193,2752.94028734163,1071.60292789059,1068.51301386919,307.933877884058,535.928208718196,1812.09100416488,1523.9809928406,0.0155546203433003,0.014003735784608,7.13988666117762e-05,0.00261385887948204,0.0312419474758257,9.81559467845383e-05,5.36429373698199e-05,1.35978196415124e-07,8.84372006965915e-06,0.000242123999033702,-384.113664152255,0.19048161144866,0.132578998077247,0.95,0.733272655001026
"constant",200,"sir_collapsed",177,4.703,4582.23347678952,4657.44263806595,954.64503686557,1825.59530851901,8062.15718719435,4916.38430242766,6142.72466083029,2051.12012917581,974.321385666494,990.313127379534,202.98639950363,388.176761326603,1714.25838553994,1306.12899443553,0.0206639134025744,0.0186914798089085,0.000121044162973254,0.00228293642004798,0.0417687079943554,0.000132263903638265,5.76403509705525e-05,3.40904823452023e-07,8.88928489045578e-06,0.000298461202004826,-381.388749086886,0.227874862041614,0.17806336956768,0.925,0.793702441156405
"constant",200,"sir_collapsed",178,4.568,4774.0608260263,4466.20179087794,805.995799970499,2921.79713246407,7877.58181253508,3607.04583435263,6959.64735528117,2990.28018703561,1045.10963792169,977.714927950512,176.443914179181,639.622839856407,1724.51440729752,1523.56553311759,0.0167552810932017,0.0154843611752409,8.38623140137852e-05,0.00232423644494985,0.0341997627072855,8.27168022885201e-05,5.16947386178497e-05,6.94195388614887e-08,9.36142506022107e-06,0.000205394300664246,-383.134310638383,0.179139560137689,0.136827861112593,0.95,0.749993597933672
"constant",200,"sir_collapsed",179,4.637,3930.39804239817,4380.72698030193,1574.44946966988,3026.7374709209,7741.12194599757,4366.12204965765,6618.86646784208,3626.57212342514,847.616571576055,944.733012788857,339.540536913926,652.736137787556,1669.42461634625,1427.4027319047,0.0115997000438072,0.00998425799012261,4.97524522317944e-05,0.00161413982502972,0.0250893521960963,9.67205215936042e-05,5.42743366250008e-05,2.61705978609064e-07,9.25807203091898e-06,0.000215338013632076,-398.80419577345,0.229871056909127,0.165567599874219,0.92,0.680528974916146
"constant",200,"sir_collapsed",17,4.433,3283.26407715968,3322.5707119693,2215.80599930404,3163.72444182794,7092.93348471783,3617.11189352167,6297.85631317336,3063.51691518992,740.641569402138,749.508394308436,499.843446718709,713.675714375804,1600.03011159888,1420.67591093466,0.00613071426862759,0.00524416664082836,1.29152062266273e-05,0.00132723588288969,0.0131726939387312,7.90385755312314e-05,5.62609300406471e-05,1.44908286482947e-08,1.15516207109971e-05,0.000185779835147956,-380.974121149165,0.233314932641002,0.145459529974034,0.825,0.597453201124745
"constant",200,"sir_collapsed",180,4.715,3629.11321463891,3337.69375678078,1124.18472228236,1872.56688469198,6853.24267113064,3796.80678084703,5437.7783630539,2115.92981059018,769.695273518327,707.888389561142,238.427300590107,397.150982967547,1453.49791540417,1153.29339619383,0.00880604375607624,0.00723886878060157,3.44172227975148e-05,0.00117591142180746,0.0203393637638876,0.000162734650141724,7.51465688801155e-05,2.99711154853072e-06,1.06753470617884e-05,0.000297845867105663,-393.333932902153,0.211623259250795,0.14189976979868,0.91,0.646995007145744
"constant",200,"sir_collapsed",181,4.473,3142.91526203158,3254.00557750484,1179.90209630496,2163.34935027671,6633.14995749685,3481.47903732586,5290.21525323129,2538.47086751045,702.641462560156,727.477213839669,263.783164834555,483.646177124236,1482.93090934426,1182.69958712973,0.0080437668057594,0.00660743746798185,2.91636502805898e-05,0.00136814529004275,0.0192066236122627,0.000137208709301458,7.83859529315559e-05,5.35823088406576e-07,1.17272405164043e-05,0.000306014096669446,-381.41848679022,0.18916299466259,0.142521274392512,0.895,0.639021983963991
"constant",200,"sir_collapsed",182,4.485,2797.97713334267,2710.54685128201,1469.56827589422,1804.01961286093,6289.62691091022,3047.32527302069,5019.92379398481,2163.66152862284,623.85220364385,604.358272303681,327.662937769056,402.234027393741,1402.36943387073,1119.26951928312,0.00664637482193233,0.00559452452717973,1.77550451182451e-05,0.00113611458136348,0.0146543479406004,0.000144751229058849,9.29290749586357e-05,1.915970731036e-07,1.23755899355419e-05,0.00034369401243958,-377.516856324223,0.215823428861989,0.14927100421027,0.885,0.620104727198963
"constant",200,"sir_collapsed",183,4.44,3527.52357580696,3587.1684826168,888.048309430361,2108.90281683568,7142.66096859513,3656.07901979426,5725.32946793581,2254.03690535892,794.487291848413,807.920829418199,200.010880502333,474.978111899928,1608.70742535926,1289.48861890446,0.0101505214800388,0.00855806786073412,4.59211730684662e-05,0.00140764991218519,0.0235168397032441,0.000127727137484805,6.09052537428008e-05,8.44476583608816e-07,9.18932845183738e-06,0.00027673455669595,-396.788554076427,0.202153498320487,0.136792154798752,0.91,0.671179471230377
"constant",200,"sir_collapsed",184,4.595,3626.24770368967,3250.94538796871,6.99682081715304,65.3576696478659,4498.42994842417,38.9036759409142,3155.67013442457,29.1654354660369,789.172514404716,707.496275945313,1.52270311581133,14.2236495425171,978.983666686435,686.761726751811,0.0113427820872443,0.00950634284311865,7.59090224470694e-05,0.00216248844507148,0.0276622781425449,0.000108862030166177,7.14671759002974e-05,5.22579322181964e-07,1.15590335424801e-05,0.000242055960402898,-401.774683719285,0.201321572872519,0.143362487178895,0.925,0.683771714020391
"constant",200,"sir_collapsed",185,4.696,2771.8469653697,3227.54733373147,806.081999541761,2842.25873736694,6910.225461101,3176.31766313418,5869.59712140311,2838.14321871444,590.257019882814,687.297132395968,171.652895984191,605.251008808973,1471.5130879687,1249.91420813524,0.00671808546194985,0.00563305268624177,1.75620420220279e-05,0.00126104865694827,0.0149384821838269,0.000116873618860287,5.7867618959647e-05,6.12439652060529e-07,9.01940967202057e-06,0.000232139664333053,-393.677998859584,0.230901426511373,0.162255838957426,0.845,0.609862676211351
"constant",200,"sir_collapsed",186,4.484,3363.76509526655,3362.81629894909,1789.91331844282,2530.0841960261,7147.01892018105,3743.74235852001,6086.83070252528,2887.10423525871,750.170627847134,749.959031879814,399.177814104108,564.247144519648,1593.89360396544,1357.45555364078,0.00723776130957998,0.00590700001027439,2.28558667978083e-05,0.00155198789832441,0.0162517158484561,0.00011277308933048,5.68792684210768e-05,4.85980283386293e-07,7.6124724871886e-06,0.00025301118412872,-406.521390714825,0.229658869975696,0.167817510983257,0.835,0.605619497927155
"constant",200,"sir_collapsed",187,4.589,3919.89819643547,4264.24187524908,1268.39087689217,2538.21235133427,7633.48338583605,4123.2731108757,6468.64393467302,2830.49909095886,854.194420665825,929.231177870795,276.398099126645,553.107943197705,1663.43067897931,1409.59771947549,0.0110544744259598,0.00966576424223674,4.34426057186739e-05,0.00185158776892648,0.023389730727935,9.55403420393133e-05,5.96516677939663e-05,5.75026953528333e-08,1.09455531063454e-05,0.000232743290608847,-386.57493580466,0.197846204276327,0.136546206708873,0.91,0.676857535030003
"constant",200,"sir_collapsed",188,4.436,3241.54356385622,3570.74423103071,1311.11208701823,2350.88056108534,7000.0680307463,3703.53804736869,5799.12717768437,2576.92354182004,730.735699697073,804.946850998808,295.561786974353,529.955040821763,1578.01353262991,1307.28746115518,0.00856075581988095,0.00716172137909071,3.17573002272407e-05,0.0014564210864039,0.0202662581454922,0.000114148621310818,6.11573526554076e-05,6.4255967351434e-07,9.27388967225022e-06,0.000261273009603281,-386.7525411703,0.202110556330004,0.145830691416948,0.885,0.641118368804964
"constant",200,"sir_collapsed",189,4.473,3389.55954475894,2815.20594185989,1339.26833215767,2074.66622041009,7047.76603904518,3932.88478684683,5678.88945246376,2232.86726316917,757.782147274523,629.377585928881,299.411654853045,463.819857010976,1575.62397474741,1269.59299183183,0.00933446984099568,0.0079616849881089,3.61657828565439e-05,0.00161205577091294,0.0211800618034772,0.000186041630675698,7.29663250897293e-05,1.73710627678749e-06,9.55614976044325e-06,0.000345764852359854,-382.969996946997,0.194235348115895,0.146958585960198,0.905,0.666251176480437
"constant",200,"sir_collapsed",18,4.768,7063.67259044136,7335.7408957893,2935.55167180992,4340.14427439547,9286.83992830202,6549.0096082771,8494.21384516684,5450.53381229694,1481.47495604894,1538.53626170078,615.677783517181,910.265158220525,1947.74327355328,1781.50458162056,0.0330799913661496,0.0306516780049159,0.00020872652427349,0.0093459290260224,0.0621626268138332,7.10055750342518e-05,4.69415856997287e-05,3.90215826737666e-08,1.05508875965052e-05,0.000170818281193897,-389.415046880021,0.21270698532903,0.162687600669032,0.98,0.878977407744022
"constant",200,"sir_collapsed",190,4.694,2968.3084759722,2955.46779995849,1177.64227637474,2091.96175515465,7024.65679256944,3269.93963985762,5604.5054500821,2365.78395200526,632.362265865402,629.626714946419,250.882461946047,445.667182606444,1496.51827707061,1193.97218791694,0.00824935106530838,0.00716670009486343,2.37129901881543e-05,0.00162228839325207,0.0179177742393375,0.000114122393464066,7.57320917758429e-05,3.10595354816087e-07,1.35854340956714e-05,0.000274520528950035,-378.816668208223,0.219122094055125,0.152812108272659,0.895,0.641632138958892
"constant",200,"sir_collapsed",191,4.742,2857.77650462474,2808.70521247435,1203.99081472111,1968.81855109136,7139.15584422242,3221.82203183744,5501.97299205473,2277.84972431735,602.652151966414,592.303925026224,253.899370459955,415.187378973295,1505.51578326074,1160.2642328247,0.0113121893134194,0.00973833378048257,5.1754646835369e-05,0.00181777330677579,0.0251209343454776,0.000142609731426829,7.81599814332791e-05,3.26332038939233e-07,8.25155604678149e-06,0.000347921485358743,-390.132864104538,0.229714876690071,0.175642843959994,0.93,0.701525650542898
"constant",200,"sir_collapsed",192,4.513,2001.9873917141,1556.65400923461,858.432112761566,709.808607551615,6949.69073912307,2220.6887229585,4190.28999056594,851.237244279581,443.604562755175,344.926658372392,190.213186962456,157.280879138403,1539.9270416847,928.493239655648,0.0166034370513174,0.0151090268455515,9.21113519087794e-05,0.00210714853398624,0.0345469915655482,0.000299703336779724,5.577816444929e-05,4.86997375779947e-06,9.75957092841984e-06,0.000408734415696804,-380.842226376282,0.191874143965527,0.144440219928071,0.94,0.745708477931146
"constant",200,"sir_collapsed",193,4.435,2730.29414978614,2963.82175474938,2035.90324338277,2568.02178871341,6832.81960500591,2982.06353467352,5710.03244953487,2730.74760221889,615.624385521115,668.279989796928,459.053718913815,579.035352584761,1540.65831003516,1287.49322424687,0.00618025798995963,0.00516370680261908,1.44553916823398e-05,0.00121042151736619,0.0136523673741131,0.000129455391273492,5.68121500493327e-05,4.07176549227137e-06,7.02575817817732e-06,0.000257697137397951,-381.954950123077,0.243161011689635,0.194005763692489,0.805,0.609096450809611
"constant",200,"sir_collapsed",194,4.444,3834.00053809159,3524.38342186186,372.677306981789,2548.82225391382,6983.17074940857,2304.42704719154,5982.1629578481,2771.41147319374,862.736394710079,793.065576476567,83.8607801489175,573.542361366747,1571.3705556725,1346.12127764359,0.00850386309500897,0.00720025663401048,3.2201040556162e-05,0.00125109018055925,0.0188112350555718,0.000118363148516954,5.62382123877594e-05,3.48363181974416e-07,1.01755399296245e-05,0.000247266023238739,-403.393318772008,0.216902380803116,0.157165927798917,0.91,0.62871120678091
"constant",200,"sir_collapsed",195,4.522,3857.25694468371,3705.93425554555,1081.01909444888,2351.0568631561,7540.12584907783,4158.81078115298,6389.01283354919,3168.38095387599,852.997997497503,819.534333380263,239.057738710501,519.915272701482,1667.43163402871,1412.87324934745,0.0108504207634068,0.00951934349845718,3.86338434362006e-05,0.00262403335163291,0.0231813132162628,0.000104613306702595,5.59396918631635e-05,8.67572242707972e-08,1.09827715970666e-05,0.000256742356110492,-388.049565135982,0.221364375865379,0.140927385034373,0.9,0.672862718664136
"constant",200,"sir_collapsed",196,4.481,4143.12985938341,3664.32897852501,1171.79630120836,2086.86141888306,7199.03025583148,4282.70116839637,5551.25620736193,2333.72734761748,924.599388391744,817.748042518414,261.503303103851,465.713327133019,1606.56778750981,1238.84316165185,0.00970811320973703,0.00812911000877728,3.97670323879924e-05,0.00170537696787215,0.0221799680529136,0.000138287356614473,6.43082351668359e-05,4.63586838041118e-07,9.40980587014169e-06,0.00030626062155943,-388.300765721552,0.182510368884558,0.128475201170601,0.925,0.658003831142151
"constant",200,"sir_collapsed",197,4.762,6377.33904963878,5954.78301846506,1610.27105975773,2499.11619374842,8600.9907726325,3990.99727753566,7615.38949477364,3018.09303697946,1339.21441613582,1250.47942428918,338.150159545933,524.803904609075,1806.17193881405,1599.19980990627,0.0257545561359934,0.0240732230870588,0.00014335557667807,0.00564752051800666,0.0495348278008452,8.87406951417491e-05,4.96502109627622e-05,9.07829986773233e-08,1.04678313280828e-05,0.000216981090653037,-374.820602464605,0.197241725599532,0.144874965661458,0.95,0.822419643842732
"constant",200,"sir_collapsed",198,4.714,3311.55065923831,3205.28083944477,1430.65589848262,2699.9519109641,7279.73435309596,3688.37760021281,5910.11152628999,3013.7427992885,702.492715154499,679.949265898339,303.490856699749,572.751784252037,1544.27966760627,1253.73600472847,0.00860769100789847,0.00727111597811288,2.98262587197736e-05,0.00142465777022877,0.0194543959024876,0.000108421939131038,6.01626019130354e-05,4.27099005483896e-07,9.24138010617315e-06,0.000234498422800599,-416.180643250531,0.217194470884788,0.171553482067562,0.87,0.629792637424048
"constant",200,"sir_collapsed",199,4.505,4246.9918862381,3613.33847055684,1142.1506516246,1393.90578079481,7287.81709543008,3634.14267781683,5588.95543443987,1589.36140534642,942.728498610011,802.072912443251,253.529556409456,309.413047901179,1617.71744626639,1240.61163916534,0.00976810985235728,0.00810985660738982,4.11265310930044e-05,0.00150427052172015,0.0220872602738233,0.000120624821591846,6.25816905010869e-05,1.77211655861616e-07,1.0358965932605e-05,0.000299570839072044,-401.135150466849,0.197361854045058,0.144913746919138,0.905,0.664182486050624
"constant",200,"sir_collapsed",19,4.833,4798.84258573558,4473.92682284288,1403.46708242072,2488.28215883928,7926.38641107236,4434.79421393014,6664.58784796114,3006.81575282041,992.932461356421,925.703873958799,290.392526882002,514.852505449883,1640.05512333382,1378.97534615376,0.0176919713431132,0.0157865607649164,0.000104752709930961,0.00234077535442674,0.0371411959594821,0.000101339966503869,5.76589078010011e-05,1.02241296295145e-07,7.73848270701712e-06,0.000253450837911366,-389.528769301326,0.195307867087115,0.151233749599682,0.955,0.75943163950412
"constant",200,"sir_collapsed",1,4.737,5281.84487191861,5130.45501992958,996.685082390457,1552.89200167846,8275.28552180696,4864.82521724931,6370.71132642577,2111.01277686507,1115.01897232819,1083.05995776432,210.404281695262,327.821828515614,1746.9464897207,1344.88311725264,0.0171350609687958,0.0157826472855787,7.05180009974543e-05,0.00365557040459629,0.032095111177121,9.3448981700565e-05,6.0584036382886e-05,1.62238706915147e-08,1.06774342501704e-05,0.000265240503015072,-369.422146892793,0.223568555825597,0.162821017411626,0.93,0.751212623161735
"constant",200,"sir_collapsed",200,4.449,3378.35376618856,3061.27116890761,689.547624271908,1904.438097003,6978.14685910115,3712.50535822096,5585.1393510775,1882.35399947482,759.351262348519,688.0807302557,154.989351376019,428.059810519892,1568.4753560578,1255.36960015228,0.0100088770738808,0.00857320868043948,4.1453827396711e-05,0.00107947018696723,0.0224891642874386,0.000157583249820097,6.77139840692538e-05,2.53203653274837e-06,7.13054162714027e-06,0.000337540867918735,-396.325031490351,0.180826291644523,0.115179209432577,0.92,0.665349152243346
"constant",200,"sir_collapsed",20,4.439,3692.44653068446,3527.22395535347,1315.57438088588,2206.2922218887,7414.46729060056,4072.1887394833,6267.61296146947,2565.83895433525,831.819448228082,794.598773452009,296.367285624212,497.024605066163,1670.30125942792,1411.94254594942,0.00984133096832301,0.00851992854957719,3.48018221990808e-05,0.00160256878453555,0.0214924388316049,0.000105258168051253,5.45918267085572e-05,1.69535231610857e-07,8.57212888401302e-06,0.000244260531376013,-395.049484374226,0.20485229744532,0.144946084986271,0.895,0.656300710287717
"constant",200,"sir_collapsed",21,4.681,3251.07775714828,2874.19772632443,1214.23601546719,1657.98938772765,6872.90488652993,3597.59399015103,5465.54142563865,2016.68087509336,694.526331371134,614.013613827052,259.396713408927,354.195553883284,1468.25569035034,1167.60124452866,0.0102394851211436,0.00851012894789572,4.51908268366899e-05,0.00152956942831343,0.0234837897314948,0.000212284370916055,7.27159299922651e-05,2.82386560208359e-06,9.27609640359225e-06,0.000426207911634546,-395.501413011694,0.197076675197368,0.130854446285107,0.915,0.667557699683515
"constant",200,"sir_collapsed",22,4.81,3026.94439934486,2966.64622458918,1179.92363539619,2595.41656380851,7123.04213847615,3272.21236612915,5673.56102247447,2594.56955841684,629.302369926166,616.766366858457,245.306369105238,539.587643203433,1480.88194147113,1179.53451610696,0.00755934169937238,0.00642792226492312,2.16511454083839e-05,0.00148458951393376,0.0167158269070039,0.000101838884961865,6.44007831586151e-05,9.62548533494619e-08,9.60726231149302e-06,0.00022257600527242,-401.618634315146,0.230809076710073,0.152245509980818,0.88,0.616372236966543
"constant",200,"sir_collapsed",23,4.475,2554.2942205857,2431.07136118959,1418.62893179065,1335.98506900734,6230.54888391458,2200.07700405563,4016.85438246445,1290.39440715996,570.792004600157,543.256170098232,317.012051796794,298.544149498846,1392.30142657309,897.621091053509,0.00997228850822346,0.00841531103989487,4.17985521815493e-05,0.00110891667566495,0.0228114886493016,0.000362610144563173,6.93584671159988e-05,5.52397970506357e-06,1.14571578148056e-05,0.000460602828552822,-400.252183676614,0.217060350328124,0.162236757616643,0.92,0.682187356257052
"constant",200,"sir_collapsed",24,4.633,4461.83871914091,4334.50691062594,1386.31097964882,2159.96387142298,7805.75208058626,4507.30908327783,6396.60935045931,2625.24299006839,963.056058523832,935.572395990923,299.225335559858,466.212793313831,1684.81590342894,1380.6624974011,0.0126020610001868,0.0113126906418245,5.29887754006756e-05,0.00205124895149818,0.0260323147093733,0.000131114973611653,5.27341373561173e-05,5.95853079308942e-07,8.59625643120271e-06,0.000263165025658408,-397.409596896492,0.199092481022816,0.148470815614609,0.92,0.692296372231233
"constant",200,"sir_collapsed",25,4.45,3610.66631143861,3235.51079426454,1086.26489440575,1716.39370096283,7021.81684401138,3916.14308900679,5189.34837668721,1886.73711644337,811.385687963732,727.081077362818,244.104470652978,385.706449654568,1577.93636944076,1166.14570262634,0.010255319159052,0.00852404274600605,4.74924711161605e-05,0.00171091002103043,0.0237870615867069,0.000113127256072074,8.56175560503319e-05,2.03531533087281e-08,1.12767438190857e-05,0.000271914825272212,-403.73650092366,0.224457756584868,0.179286591307669,0.9,0.666716798921252
"constant",200,"sir_collapsed",26,4.764,6043.21042309177,5798.49303023488,1321.51204098913,2572.65498102175,7919.84734427828,4141.22726745069,6361.7335218681,2908.79735787117,1268.51604179088,1217.14799123318,277.395474598893,540.019937242181,1662.43647025153,1335.37647394376,0.017534574689394,0.0156652581630807,9.60727978861109e-05,0.00233815309392024,0.0367505144042978,0.000109377250671818,5.10692803512685e-05,1.09314230862813e-06,7.99763151425856e-06,0.000230312158001769,-386.34560756271,0.188179569751088,0.140296143078565,0.95,0.7509545021065
"constant",200,"sir_collapsed",27,4.589,3982.62799467708,3946.38678535344,1345.12974298345,2167.66627956404,7377.54426505197,4361.62372297107,6159.79215382646,2915.91899676578,867.864021502958,859.966612628774,293.120449549673,472.361359678369,1607.65837111614,1342.29508690923,0.0120404939009228,0.0102900925719329,5.815189523592e-05,0.00207166319396016,0.0268985261657805,0.00011345823423945,6.3938726385955e-05,3.54779315423386e-07,1.12694869500055e-05,0.000283000857505171,-388.102926055928,0.191233674315108,0.131850874898414,0.93,0.687520560628231
"constant",200,"sir_collapsed",28,4.605,4904.35370220324,4424.5416066196,1180.9073710292,1876.97848826515,8252.28753131662,4618.95644592492,6845.48321675152,2171.72352825576,1065.00623283458,960.812509580803,256.440254295157,407.595762924029,1792.02769409699,1486.53272893627,0.0200289765239557,0.0185953020979739,9.92485015415355e-05,0.00228493388043178,0.0384816546120506,0.00010958196403534,4.86864658361164e-05,1.77726411342679e-07,1.02813110180943e-05,0.000229386468613019,-377.914841451318,0.180331956704074,0.133706679574186,0.955,0.78323522145924
"constant",200,"sir_collapsed",29,4.79,4827.55049759032,4489.31134611006,772.569730144165,1636.15555544241,7507.00282915983,4204.40276923091,5856.44541238657,1785.43766638565,1007.83935231531,937.225750753666,161.288043871433,341.577360217621,1567.22397268472,1222.63996083227,0.0131953248144304,0.0117826647481883,6.28380748459793e-05,0.00160205550352107,0.0283244865643241,0.000156306465249699,6.51820624941085e-05,1.35707687169639e-06,1.03173720041173e-05,0.000326254109483411,-398.09170775375,0.175262543714193,0.125258502893767,0.94,0.695580414544435
"constant",200,"sir_collapsed",2,4.474,4042.43420349324,3873.10932180922,1918.38607364236,2712.93306619634,7271.37106963771,4343.76429587253,6223.05837042627,3764.0123821331,903.539160369521,865.692740681542,428.785443371112,606.37752932417,1625.25057434906,1390.93839303225,0.00764788646562498,0.00642324565949137,2.38850052447016e-05,0.00139621797292145,0.0173477363015573,9.64380687398944e-05,5.75522763951977e-05,1.44462393491868e-07,1.04201675089065e-05,0.000208793110981657,-401.785090875302,0.254257308357206,0.18175179761693,0.82,0.608395842491088
"constant",200,"sir_collapsed",30,4.48,3838.82689747679,4149.82715155224,1527.34952983197,2248.61655643001,7520.43842487552,4299.61248550017,6006.34702362859,3152.18471923432,856.88100390107,926.300703471481,340.926234337493,501.923338488842,1678.66929126686,1340.70246063138,0.0114818505826344,0.0100836470890273,4.54800016507945e-05,0.00191181453704266,0.0246184209075883,0.000162656490891135,5.84166139738066e-05,2.52873133618461e-06,8.14201569170614e-06,0.00029103133264669,-390.998650533243,0.215518645986659,0.138626789799768,0.91,0.678009914555605
"constant",200,"sir_collapsed",31,4.918,2736.83479133143,2373.42905962887,1118.39755928607,1939.84026982007,6769.61912945705,3081.62034070987,5392.6751787463,2224.01727090581,556.493450860396,482.600459460933,227.409019781634,394.436817775534,1376.4983996456,1096.51792979795,0.00772114521643256,0.00639518617982281,2.3493910731635e-05,0.00174904596950163,0.017153828096761,0.000131128297926801,7.31588968558262e-05,8.95354249649064e-07,1.04742310032611e-05,0.000274383672918051,-382.219005828246,0.213835878569193,0.154387978013633,0.895,0.644094532569848
"constant",200,"sir_collapsed",32,4.561,5455.26161623907,5264.81804335213,1844.40345369413,2703.87486852892,8246.76968114626,5010.28568868367,7191.4681792284,3225.22115674009,1196.06700641067,1154.31222173912,404.385760511759,592.825009543723,1808.10560867052,1576.73058084376,0.0185477926635504,0.0168494441663108,9.60862590553341e-05,0.00230960793732535,0.0372711769392628,0.00012044450997633,4.90639153552207e-05,5.11040910246825e-06,1.02179689159904e-05,0.000215029619200874,-393.923454946759,0.207114531699431,0.156008478049408,0.95,0.75155344159777
"constant",200,"sir_collapsed",33,4.479,6104.61955147582,4612.17369363754,1116.59602107638,1452.25293297632,8340.4443659564,4630.32420208838,6037.99611354776,1626.51238012227,1362.94252098143,1029.73290771099,249.295829666528,324.235975212395,1862.12198391525,1348.06789764406,0.0243334866090892,0.022455467142541,0.000150956358580445,0.00364941696015824,0.0469203634108565,0.00024714045721649,4.83057001346593e-05,5.45047218120875e-06,9.23050528108183e-06,0.000228572540872948,-396.128684940473,0.166165984757427,0.11356878218994,0.965,0.803231185296549
"constant",200,"sir_collapsed",34,4.451,4147.38319855798,3501.90947919229,594.010704696512,1898.53440514138,7222.45794867933,4035.73140106163,5537.57865650548,1937.76676702091,931.786834095254,786.769148324487,133.45556160335,426.54109304457,1622.65961551996,1244.12012053594,0.0131995148400066,0.0116129751151333,6.65954985452104e-05,0.00238301497449855,0.0286973746203435,0.000115545258782609,7.53396761466031e-05,3.08252998852911e-08,1.01369810106617e-05,0.00030486580870471,-387.332638824314,0.200253117938657,0.144440226039991,0.935,0.712274184417712
"constant",200,"sir_collapsed",35,4.53,4119.01464796949,3551.57915469826,975.164183046375,1317.33666767164,7037.98786823072,4628.00243238303,4751.77881516903,1551.254259978,909.274756726157,784.013058432287,215.268031577566,290.802796395506,1553.6397060112,1048.95779584305,0.0106212994616641,0.00930669759803574,4.12242252392018e-05,0.00170348749996165,0.0233115422771268,0.000160440610039748,7.94305467434328e-05,4.87779476416999e-07,9.25314322090605e-06,0.000362609556592435,-386.575726544681,0.207885159430611,0.151254895735625,0.9,0.677078938022097
"constant",200,"sir_collapsed",36,4.634,3170.76017135715,2638.95858912639,1373.0599796443,1933.85493517158,7744.44899194982,3548.7151832542,6082.20780664587,2404.68619179554,684.238276080525,569.477468521016,296.301247225788,417.318717128091,1671.22334742119,1312.51786936682,0.0131347075647325,0.0115905906626083,5.88626204881464e-05,0.00229241817172122,0.0283085143275497,0.000105817976216246,5.83097751368159e-05,6.1638331508077e-07,9.79911278028666e-06,0.000281964447903751,-384.821797822155,0.225106330349446,0.166364906950518,0.925,0.710307982704708
"constant",200,"sir_collapsed",37,4.743,3794.90579249002,3629.61508036184,1309.92501081573,1817.39605487687,7385.68655605235,4182.7650127944,5634.15175889543,2049.54280736472,800.106639782842,765.257238111288,276.180689609051,383.174373788082,1557.17616615061,1187.88778387,0.0121970705514579,0.010856122084436,5.28599170974043e-05,0.00162495796227019,0.0258051400609421,0.00014533677942178,6.11128926931946e-05,3.52089539324504e-07,8.26741336009302e-06,0.000347403473836193,-376.7026030148,0.218603439287229,0.167710247701144,0.91,0.716285892234414
"constant",200,"sir_collapsed",38,4.463,4051.0979299482,3683.92886693563,1089.3322596792,2275.09678487376,7820.54692953111,3725.79169726349,5997.96765303628,2334.54350289552,907.707356026933,825.437792277757,244.080721415909,509.768493137747,1752.30717668185,1343.93180664044,0.0162256358545063,0.0145909544418182,8.98711905399377e-05,0.00244223590080992,0.0351534071420657,0.000107925683645507,5.7413811646031e-05,1.51311863872624e-07,9.69197773025665e-06,0.000225565375861308,-393.897984458124,0.201180504312728,0.159186658468777,0.95,0.74097859583574
"constant",200,"sir_collapsed",39,4.941,5598.83102978423,5474.2009711951,1453.86268122077,2139.48286088415,8307.72943717477,4440.15373649624,6602.38651410301,2855.87628587911,1133.13722521438,1107.91357441714,294.244622793112,433.006043490013,1681.38624512746,1336.24499374681,0.0233494807193436,0.0213530556083716,0.00014161412952943,0.00355341423229471,0.0472339769528741,0.000148184886769006,4.84492543168995e-05,1.44770674176742e-06,8.32359342993388e-06,0.000250212403618968,-387.640843398756,0.18477654885274,0.139058273414376,0.965,0.808868239733107
"constant",200,"sir_collapsed",3,4.477,4140.59151006317,3653.95541836019,1319.50308537684,1816.94427844929,7860.57671995354,4687.80951023045,6283.26760766762,2111.51955911314,924.858501242612,816.161585517129,294.729302072112,405.839686944223,1755.76875585292,1403.45490454939,0.0142481888959211,0.0126480122823795,7.05666638150017e-05,0.00193229509159701,0.0308548127906719,0.000143009613532275,5.48934170272592e-05,2.92419743360127e-06,8.38134809113092e-06,0.000259625332292567,-389.793173411379,0.222186021285903,0.168504762567716,0.885,0.715512222017485
"constant",200,"sir_collapsed",40,4.804,3601.00854401974,3865.87030486443,2035.80331553424,3810.55125576041,7798.43219112263,3987.44120853637,6934.41028399554,3600.92956496116,749.585458788455,804.719047640389,423.772546947177,793.203841748628,1623.3206059789,1443.46592089832,0.00959925353364758,0.00832472067940761,3.30778254435828e-05,0.00142878585513082,0.0207650669908162,6.67100077001344e-05,4.78696874147331e-05,1.29365590851549e-08,1.05751032420858e-05,0.000162342996332593,-388.445004186917,0.257429898926431,0.193624376115467,0.825,0.652521280059429
"constant",200,"sir_collapsed",41,4.45,4413.61103995264,4133.48439590755,1525.71287881994,2378.28072541927,7904.46196281591,4838.21006735765,6559.03787612318,3058.82877391868,991.822705607335,928.872897956753,342.85682670111,534.445106835792,1776.28358714964,1473.94109575802,0.0143021281404929,0.0127781169528008,6.74715379004437e-05,0.00266296671205509,0.0301578585304683,0.000106584802048997,5.98343676772102e-05,1.72667047632562e-07,9.90162685276515e-06,0.000257334756034958,-386.164467209072,0.192761838409934,0.147637845637565,0.955,0.715669474135633
"constant",200,"sir_collapsed",42,4.46,3627.42818165756,2882.25332163938,1006.26679033591,2030.04645164906,6724.63491635246,3892.03485763304,5148.20224059804,2360.17050136407,813.324704407524,646.245139381027,225.620356577558,455.167365840596,1507.76567631221,1154.30543511167,0.00741743922650827,0.00628212799719146,2.08579120684704e-05,0.00124929929181861,0.0162376431994496,0.000125988327868694,7.94034458922474e-05,7.06366709110765e-08,1.24710281502589e-05,0.000308888648761152,-374.432987899744,0.206351668517779,0.151203976139336,0.875,0.631671617782058
"constant",200,"sir_collapsed",43,4.454,3527.88837210884,3589.69084411159,1258.01122438014,2190.05591871445,7146.93800913871,3983.8633888331,5758.58285088165,2869.3944227026,792.071929076974,805.947652472292,282.445268158989,491.705415068354,1604.61113810928,1292.901403431,0.00884300223930205,0.00752607810510738,3.17098286249067e-05,0.0015305900714098,0.0195231680418163,0.000106635798811332,6.38758378782381e-05,8.88750600868652e-08,1.13226954635095e-05,0.000254174153481226,-396.686856447367,0.217842578058811,0.15595981917684,0.9,0.644090888724192
"constant",200,"sir_collapsed",44,4.553,4117.88590920786,4034.0338264158,1397.67564463342,2271.82817563934,7590.29419302364,4465.8910325711,6096.09320145533,2582.55473371709,904.43354034875,886.016654165562,306.979056585421,498.973901963396,1667.09734087934,1338.91790060517,0.0137175423028382,0.0120687003467003,6.97153698694099e-05,0.00186303231712932,0.0307289730004069,0.000128470841471174,5.80243914331178e-05,4.60921850941755e-07,9.19911010521126e-06,0.000270864785942564,-390.066659891144,0.197190816447738,0.148948313038399,0.93,0.717869731999017
"constant",200,"sir_collapsed",45,4.708,4752.37368582203,4304.00027168265,969.059202108543,2098.03849515549,7875.61750340132,4268.61666640896,6336.9450500328,3014.89999823096,1009.42516691207,914.18867282979,205.832455842936,445.632645530054,1672.81595229425,1345.99512532557,0.0173460728502374,0.0154143283932938,0.000106236237689506,0.00233267029040385,0.0369762432746953,0.000123980661993897,5.52520434768922e-05,1.08854658113186e-06,1.00083771169642e-05,0.000238667525467902,-394.369552192606,0.215240749222739,0.154110678292768,0.955,0.753626851472301
"constant",200,"sir_collapsed",46,4.471,4303.09526629681,3815.91518124387,1351.40445877416,2389.21603504094,8096.31861887753,4698.47772630842,6896.05040834494,3002.85961195662,962.445821135498,853.481364626228,302.259999725823,534.380683301486,1810.851849447,1542.39552859426,0.0183574727992251,0.0169613914757,9.00608926000995e-05,0.00251450776531904,0.0362350774589661,0.000124306492293587,5.27700078256711e-05,6.34381290742607e-07,9.75159875893206e-06,0.000264998197076118,-390.034035670852,0.195154903569895,0.139396185845718,0.95,0.748373130248936
"constant",200,"sir_collapsed",47,4.542,3477.12411555011,3338.2433529745,1574.35469890988,2531.64369751209,7393.98084624106,3832.63921479145,6176.79652760001,3208.43729432905,765.549122754318,734.972116462903,346.621466074389,557.38522622459,1627.91300005307,1359.92878194628,0.00955013469691392,0.00808562854238203,3.74777056218595e-05,0.00152492898008033,0.0217860196726541,0.000108094204298209,5.89595565919775e-05,2.43706081167438e-07,9.88750011776651e-06,0.000251622301846764,-415.365204724798,0.269531425570399,0.195818212409772,0.79,0.646087427045487
"constant",200,"sir_collapsed",48,4.562,3542.77895929279,3593.26590802292,1657.45438300439,2360.32734049455,6919.60195984775,3991.10874163308,5786.56367323916,3016.43191424324,776.58460308917,787.65144849253,363.317488602453,517.388719968117,1516.79131079521,1268.42693407259,0.00700111129227554,0.00580573219140556,1.94755286837391e-05,0.00118023304919481,0.0157503044127133,0.000127192771005215,6.52457955087041e-05,2.36806664002052e-07,8.79823624010894e-06,0.000296060290424073,-400.339733322652,0.211751097116306,0.144482290998029,0.885,0.611623804880739
"constant",200,"sir_collapsed",49,4.795,5334.31286946094,4850.87076403519,1025.15189557457,2716.95824836193,7969.94999129994,5135.65221700138,6320.1480380622,2791.49344394858,1112.4740082296,1011.65187988221,213.796015761121,566.623200909684,1662.13764156412,1318.07049803174,0.0153788843864331,0.0138496001853545,7.20609813056385e-05,0.00284597662070663,0.0317378587204645,0.000102674355939223,6.81425631816091e-05,4.99805762099702e-08,1.19872457032638e-05,0.000250465393122034,-383.562261670044,0.22976645193743,0.166983064539614,0.895,0.723765214552331
"constant",200,"sir_collapsed",4,4.467,3772.66562864092,3764.5739678889,957.884560839294,2578.85243460692,7246.82024695632,4195.62910755473,6159.36823084393,3028.80340840811,844.563606143032,842.75217548442,214.435764683075,577.311939692616,1622.30137608156,1378.8601367459,0.00884620940521025,0.00755779203833733,2.99711820629183e-05,0.00162522945896068,0.0192574397002199,0.000106255366055082,6.09555971652077e-05,2.45143514910844e-07,9.88061326060374e-06,0.000243750550402146,-392.236532633027,0.214052145648593,0.164517340968879,0.885,0.641993443766405
"constant",200,"sir_collapsed",50,4.628,3948.11583746622,3920.10609032224,811.11249978782,2581.18751151688,7338.39537298637,4179.60158610215,6152.89663177203,2410.65815384372,853.093309737732,847.041073967642,175.261992175415,557.732824441849,1585.65154991062,1329.49365422905,0.0097550322045137,0.00849921908409387,3.35037593474505e-05,0.0014456223450958,0.0204845448290427,0.000112794885730997,5.88080625337984e-05,2.45992110215723e-07,9.057049154074e-06,0.000220120044519335,-397.243710501109,0.200800306163373,0.139586915036331,0.92,0.648310123655062
"constant",200,"sir_collapsed",51,4.589,4142.90288267192,3794.37839966424,1231.89226265119,2337.81915538736,7499.33740974577,3988.63583037024,6529.12684478511,2924.87382368351,902.789906879912,826.842100602362,268.44459852935,509.43978108245,1634.19860748437,1422.77769552955,0.0144440006614562,0.0120680716901296,0.00010545963160873,0.00178115080449735,0.0350581397034018,0.000101243805051624,5.63830502873081e-05,2.37385353542809e-07,8.6124025534378e-06,0.000227528076172947,-391.778874999828,0.214531284817844,0.173839016803404,0.93,0.732677284402318
"constant",200,"sir_collapsed",52,4.528,6824.04411541222,6965.20537866194,680.93900553416,4466.92242124719,8475.64331129905,3414.74696527591,8131.5382786509,4184.05169500953,1507.07688061224,1538.25207125926,150.384055992526,986.511135434451,1871.82935320209,1795.83442549711,0.0293912367723118,0.0275481374419549,0.00016807044791236,0.0060091672699337,0.0532085383959804,7.2593023262887e-05,4.99134142968734e-05,1.59545636300703e-08,1.01110749008966e-05,0.000178605197301953,-384.798393147757,0.207683954013438,0.157923731695979,0.955,0.853667123621562
"constant",200,"sir_collapsed",53,4.679,3119.71608963229,2451.43446529466,605.278483599162,615.488378331059,7383.95928582156,2136.30061294353,3908.62054097212,645.381636060803,666.748469679909,523.922732484433,129.360650480693,131.542718172913,1578.10628036366,835.353823674314,0.0228662278961969,0.0211044459671156,0.000156143126022987,0.00190452005486187,0.0461398120654788,0.000365848541832759,4.95637905828987e-05,8.87519351944791e-06,8.10004713670048e-06,0.000411340918796432,-387.421925462539,0.172716732972616,0.115124782867583,0.96,0.808961648757832
"constant",200,"sir_collapsed",54,4.445,3811.05481975289,4131.24062482202,630.893542079837,2473.00790235031,7556.55082339169,4105.14182754752,6154.20632610707,2198.39679569775,857.380161924159,929.412963964458,141.9333053048,556.357233374648,1700.0114338339,1384.52335795435,0.0124969569995984,0.0108597123398552,6.15955433043877e-05,0.00242692902560144,0.0273309864596632,9.2106626768207e-05,5.84059013042314e-05,7.12660290734345e-08,1.00354665484035e-05,0.000229219686398527,-391.733803191693,0.19379436088068,0.130448649565334,0.93,0.685623454781806
"constant",200,"sir_collapsed",55,4.705,5167.1412764325,4882.94168175943,1369.51249050481,2213.81141848051,7828.29371047493,4165.75034674627,6259.08945570682,2275.06828154977,1098.22343813656,1037.81969856736,291.075980978705,470.523149517643,1663.82438054728,1330.30594170177,0.0154796989677348,0.0141060596758563,7.31998742657277e-05,0.00175378999208669,0.031836402209829,0.000138817442970611,5.78789674096015e-05,5.37006361793115e-07,9.09797840148994e-06,0.000277017901187958,-386.945887516136,0.187132888235122,0.129340178129054,0.945,0.727174287179073
"constant",200,"sir_collapsed",56,4.715,4020.01918562325,4309.81704801839,1247.76010758387,2608.32494159128,7486.88498497257,4710.37892933851,6539.61318235804,3283.15181595987,852.602160259439,914.065121530942,264.636290049602,553.197230454143,1587.88652915643,1386.98052648103,0.0111443162833209,0.00926707643711488,5.23874735916936e-05,0.00197116048476932,0.025584602255651,0.000104191342255505,5.51169013264026e-05,6.9091299604662e-07,8.40943170954484e-06,0.000222719602525714,-409.514074180043,0.199317186765396,0.123295778456146,0.92,0.673609433641937
"constant",200,"sir_collapsed",57,4.475,3910.81108159301,4565.16729868218,1407.56116726278,2575.62725316807,7616.60835345913,4105.6897655291,6793.02774592711,2947.79657339211,873.924264043131,1020.14911702395,314.538808326879,575.559162719121,1702.03538624785,1517.99502702282,0.0137121989039566,0.0115350899005313,8.36276124592615e-05,0.00187629796976754,0.0315578016761662,0.000156014180021924,5.22185201818314e-05,8.60119811421008e-06,1.08153119966844e-05,0.000230016976271625,-397.328228937385,0.203426492952507,0.152622482113354,0.94,0.718363099809149
"constant",200,"sir_collapsed",58,4.442,3628.8286911391,3810.20093033383,1479.30006850033,2667.55114875754,7315.65878676366,3880.96043391461,6022.14689068849,3236.79629086787,816.935770179895,857.766981164753,333.025679536319,600.529299585219,1646.92903799272,1355.72870119057,0.00845157707790054,0.00713756984091831,2.80786961141427e-05,0.00144617443574152,0.0188644510372473,0.000105227098570266,6.10892221423101e-05,1.50259760020363e-07,1.03260057670868e-05,0.000244596368545949,-384.048361161614,0.204372291809878,0.128942050004526,0.895,0.6392752138794
"constant",200,"sir_collapsed",59,4.805,5051.37376984067,3892.51440360581,1394.93737079601,2259.26910732286,7858.53938413032,4407.20885082481,6418.91757675205,2502.03665515886,1051.27445782324,810.09665007405,290.309546471595,470.191281440761,1635.49206745688,1335.88295041666,0.0145203338829112,0.0127476694472172,7.55147434850448e-05,0.0019583707366252,0.0313440000672196,0.000114528945867846,5.34495603476775e-05,9.08514133061688e-07,9.97980378531401e-06,0.000207686947189239,-394.877506815695,0.211516883545632,0.157439821762925,0.915,0.71335314312834
"constant",200,"sir_collapsed",5,4.687,1286.60371144777,59.0534157853087,1.68012024952458,8.30144078974221,1462.70378109045,4.41778020577408,1350.17514614357,4.17272493635348,274.50473894768,12.5994059708361,0.358463889380111,1.77116295919399,312.076761487187,288.068091773751,0.00609771002102402,0.00135645056077567,6.9977802975937e-05,0.00135645056077567,0.0249015235535374,0.000105691022034667,8.03147230574304e-05,1.83393138722282e-07,1.18249632901878e-05,0.00021214579589682,-406.680113411731,0.21056324103573,0.141677360634864,0.895,0.597229510844737
"constant",200,"sir_collapsed",60,4.501,4087.45922727085,3892.81520059463,1032.70270040332,3330.33723488981,7327.27331656319,4509.92646578248,6382.62721331273,3210.43894090647,908.122467734026,864.877849498918,229.438502644595,739.910516527396,1627.92119896983,1418.04648151805,0.00820183996354934,0.00698000151147812,2.55924252756213e-05,0.00148951030376948,0.0182736095455463,7.6867748821983e-05,5.82825251809288e-05,8.5347570978913e-09,9.3813771849643e-06,0.000178969508855965,-388.974470634032,0.200087679713361,0.140158257021425,0.875,0.634332139651386
"constant",200,"sir_collapsed",61,4.436,3609.3515520532,3427.1572287252,1029.00624454749,2163.87558986943,7425.05000282486,3924.52817289524,6079.82709563325,2914.29808664618,813.650034277096,772.578275186023,231.967142594114,487.798825489051,1673.81650198937,1370.56517034113,0.0101861431506723,0.00882421758891903,3.81720367517947e-05,0.00187330140693956,0.0221823741011145,8.81422438409493e-05,5.40202177949615e-05,3.40780723901436e-08,9.29033426325606e-06,0.000208903823439219,-387.790690486426,0.22304843941461,0.15387718191225,0.87,0.672441060113501
"constant",200,"sir_collapsed",62,4.463,4658.72057363281,3821.82666660531,767.698935843045,1938.41757856654,7457.28031130426,2523.8698780974,5805.6392995098,1901.89301011041,1043.85403845683,856.335798029423,172.014101690129,434.330624818852,1670.91201239172,1300.83784438938,0.0173719708938248,0.0152813967192859,0.000118970860729757,0.00215411089513771,0.0383357272988357,0.000128392745532346,6.4625204082527e-05,1.77638512023967e-07,9.31466893394613e-06,0.000298887169108755,-384.555400919614,0.184505339789387,0.131375953405592,0.95,0.758809349115435
"constant",200,"sir_collapsed",63,4.448,3520.54313874512,3345.17594955635,1703.40811077506,3055.93537139941,7174.37187908594,3900.60502772248,6200.94587709424,3254.7678291069,791.489015005648,752.062938299538,382.960456559142,687.035829900947,1612.94331813982,1394.09754431075,0.00766944956846632,0.00644796943865097,2.43327362945889e-05,0.00132783664476948,0.0170301551141105,8.38387444625699e-05,6.05664591982148e-05,1.52501617724809e-08,8.79891855580734e-06,0.000206657562091489,-392.966280158111,0.225406265039572,0.178773599600637,0.875,0.634139052115405
"constant",200,"sir_collapsed",64,4.771,4713.16390290571,3984.56532564336,806.97977794364,1394.23179192574,7924.97992170731,4451.09293009389,5509.14548902224,1493.93093185672,987.877573444918,835.163555993159,169.142690828681,292.23051601881,1661.07313387284,1154.71504695499,0.0172339147556991,0.0160705938015984,8.17099475658402e-05,0.00263265705897705,0.0342020056760513,0.000172744263030243,6.64415029626098e-05,1.93934469278096e-06,9.85157030094776e-06,0.000440020200751689,-378.20191009112,0.199032890214374,0.141515633853917,0.925,0.753066054645903
"constant",200,"sir_collapsed",65,4.548,3444.00425981239,3438.70055792097,1535.90822491409,2792.06641767458,7114.1135491137,3863.89909866784,5944.99519448689,2887.68544747762,757.256873309673,756.090711943924,337.710691493864,613.910821828185,1564.22901255798,1307.1669293067,0.00807432385922095,0.00658747765289083,3.12448732680791e-05,0.00135470023797123,0.0191850171611948,8.07635338099126e-05,6.01721660732681e-05,1.1983870620752e-08,1.11079952114642e-05,0.00019091372032177,-395.252801802122,0.206973436051855,0.158444456938494,0.885,0.634268033136013
"constant",200,"sir_collapsed",66,4.57,5763.00842864689,5219.87825085398,1780.96488180025,2563.36954377266,8354.24838731048,5467.64890772682,7364.85510592978,3617.61456126739,1261.05217257043,1142.2053065326,389.70785159743,560.912372816774,1828.06310444431,1611.56566869361,0.0223609794759535,0.0205944063050189,0.000128971403717241,0.00379410450534221,0.0445633958548047,0.000131102760719767,4.78112618839967e-05,1.71044914471432e-06,9.89646700087302e-06,0.000257629530504769,-388.202502992028,0.202286854567787,0.149445194883589,0.95,0.793486333496128
"constant",200,"sir_collapsed",67,4.486,5980.72832648881,5676.25244260314,2140.60122605267,3149.78155380552,8859.86292923257,5207.77298968991,8255.30613072741,3908.95554882952,1333.19846778618,1265.32600147194,477.173701750484,702.135879136318,1975.00288212942,1840.23765731775,0.0262182066737481,0.0243385039651402,0.000136122145236577,0.00707743022161462,0.0509290794972879,8.09395313149553e-05,4.56214303738747e-05,2.29691731494864e-07,9.10119587317019e-06,0.000185463246340306,-393.113665737778,0.182587156112684,0.138832766367713,0.965,0.815866364352113
"constant",200,"sir_collapsed",68,4.654,3219.51710326764,3364.88761569753,1038.65795910972,2651.91673417781,7197.04647935663,3415.76871756879,6141.70500481831,3138.61398641849,691.774194943627,723.009801396117,223.17532426079,569.814510996521,1546.42167583941,1319.66158247063,0.00797812471083771,0.00677344921789599,2.61331883805533e-05,0.00167299634064221,0.0178155828062151,9.95227412699218e-05,5.64415066464869e-05,1.8832368267212e-07,9.50884800652176e-06,0.000241041060819305,-394.67122722124,0.216166397914967,0.144163428849781,0.885,0.634114491466189
"constant",200,"sir_collapsed",69,4.456,3616.01640791242,4029.57190562575,1228.11232392892,2877.70182756917,7368.07609372246,3901.83915985319,6345.82179635313,3543.43904289948,811.493807879807,904.302492285851,275.608690289254,645.803821267766,1653.51797435423,1424.10722539343,0.00950287506577427,0.0078842195201214,3.8602588252712e-05,0.00160668635340336,0.0211408130572463,7.74029022734065e-05,5.54425032105981e-05,1.64300546226068e-08,1.0354712262371e-05,0.000185685667242782,-392.081440740462,0.229200282306206,0.177722858875952,0.885,0.659202036522532
"constant",200,"sir_collapsed",6,4.457,4138.62706289882,3896.5350958214,599.674546549535,2350.03461677174,7197.4618220078,3503.33202544781,5762.09117389439,2072.43818567757,928.567884877457,874.250638506036,134.546678606582,527.26825595058,1614.86691092838,1292.81830242189,0.0111028098537403,0.0095691151060208,4.88273154559571e-05,0.00195266786946017,0.024289549155481,9.12468558842884e-05,6.61291245690622e-05,5.26758391269928e-08,1.08953877370992e-05,0.000222005788668754,-399.926318443414,0.204722276036995,0.156038329633385,0.905,0.678440825155893
"constant",200,"sir_collapsed",70,4.604,2746.89548573873,2590.12630771078,1311.39491036578,1730.19226847572,6593.93964976377,3244.85722011666,5085.32227950025,2228.8858196436,596.632381785128,562.581734950213,284.838164718891,375.801969694988,1432.2197327897,1104.5443700044,0.00738386594257863,0.00615896081056339,2.18571258147023e-05,0.00113227571639718,0.0172622270379728,0.000141924525525817,8.33456419542143e-05,1.4338909039586e-07,1.15433580542735e-05,0.000341061661761141,-392.08674037684,0.224045093434784,0.167503056761748,0.85,0.639878189339513
"constant",200,"sir_collapsed",71,4.457,5680.81508966563,5304.16188430855,1704.37653917881,3535.33056787128,8455.04014627015,4875.79665706617,7624.84293933646,4478.97170213559,1274.58269904995,1190.07446360973,382.404428803862,793.208563578927,1897.02493746245,1710.75677346566,0.0194495320561077,0.0178489151733698,9.88519389750532e-05,0.00361418880639212,0.0384524752007131,0.000102845251810835,5.16288490829309e-05,1.86508084470354e-06,9.29813425341601e-06,0.000198587788101219,-393.27165860506,0.236896907725376,0.189265784761997,0.9,0.766278439998004
"constant",200,"sir_collapsed",72,4.7,4381.50030335287,3551.05129325423,1097.46963876182,1855.4765694298,7863.43853679251,4128.02579162175,6232.08768200354,2242.86412538275,932.234107096356,755.542828351964,233.504178459961,394.782248814851,1673.07202910479,1325.97610255394,0.0174859418408929,0.01562487340517,0.000112853511476405,0.0020437422301894,0.0372355627278883,0.000103044138293638,5.59760296924533e-05,2.68788937686579e-07,9.71345688148357e-06,0.000251198474093629,-393.755581802456,0.158326332427495,0.104922959370716,0.955,0.755829745218565
"constant",200,"sir_collapsed",73,4.48,4093.90175867699,3849.29761148736,1304.17765653808,2729.03648876253,7529.4449515991,4535.29030558339,6579.79966883109,2756.0633740349,913.817356847543,859.218216849857,291.111084048678,609.159930527352,1680.67967669623,1468.70528322123,0.011254514406498,0.00971477038693183,5.1096370636572e-05,0.00177647852346781,0.0248416229445219,0.00010323585432052,5.42840286393486e-05,3.77530401520709e-07,8.96684769993733e-06,0.000229326153946551,-395.947390753636,0.22411323110097,0.161554938941813,0.91,0.677957581056825
"constant",200,"sir_collapsed",74,4.462,5139.84978115624,4850.50994530869,710.363111978841,2989.09685650887,7989.08664154143,3259.38099908162,7180.5421081307,3243.86203703377,1151.9161320386,1087.07080800285,159.202848941919,669.900685008711,1790.47212943555,1609.26537609384,0.0183466430418073,0.0163600241059489,0.000117128030438056,0.00231730987175237,0.0388915408286801,7.14074289623769e-05,4.87372902044133e-05,1.3723764555672e-08,9.41881042042099e-06,0.000170757303184603,-403.99162553792,0.169998254979399,0.115745506749529,0.955,0.759501817731968
"constant",200,"sir_collapsed",75,4.492,5106.46690372746,5328.86348686921,1401.96967585484,2202.99333486457,7923.16673246912,5301.73679602051,6405.57044051461,2730.18171800938,1136.79138551368,1186.300865287,312.103667821648,490.425942757029,1763.8394328738,1425.99520047075,0.0156125003159252,0.0139847273179424,8.29476954323939e-05,0.00241569194425458,0.0325073414955637,0.000133007111687719,5.59156844690653e-05,4.61360131402007e-07,6.50142651469122e-06,0.000308091544130956,-393.466905070215,0.17502567814641,0.126851850604812,0.945,0.732807267218833
"constant",200,"sir_collapsed",76,4.488,4522.04372012091,4218.01989967725,1118.68528687594,1748.7229877154,7406.47637421201,3611.41642149423,5957.49389397733,1995.26559867805,1007.58549913568,939.844006166944,249.261427557027,389.644159473129,1650.28439710606,1327.42733823024,0.017992063154276,0.015289672825783,0.0001538737800008,0.00190314201439952,0.0420540232675271,0.0001845692180858,5.92297257234039e-05,5.34437481265376e-06,7.60685132704004e-06,0.00032066055717237,-397.665578667749,0.163015189011452,0.113622050070923,0.965,0.758801120596433
"constant",200,"sir_collapsed",77,4.614,3429.65559519971,3240.61831653569,1430.63808306258,2146.6148056452,7148.67313670755,3888.53735776784,6092.70693638621,3029.95192759486,743.315040138645,702.344671984329,310.064604044772,465.239446390378,1549.34398281481,1320.48264767798,0.00886270718220352,0.00741723410184445,3.24783433776282e-05,0.00152067789704456,0.0199542002721349,0.000120897372674267,6.02064013479948e-05,8.2546545372708e-07,1.01476239305097e-05,0.000246373970479342,-390.17155088612,0.203059725651229,0.136156974995779,0.9,0.648185460726986
"constant",200,"sir_collapsed",78,4.764,3660.03073322975,3519.13985922802,1097.67236095965,1611.45187011042,7255.61161646447,4129.09567977458,5370.78156601789,1875.23631982773,768.268415875262,738.694344926117,230.409815482714,338.256060056764,1523.00831579859,1127.36808690552,0.0127769948036737,0.0111899955681334,6.41080191314992e-05,0.00133038420929952,0.0271568959271555,0.000160989558062141,6.64468162167998e-05,7.66165266065047e-07,1.13712687134806e-05,0.000348324512390702,-392.293457941641,0.206436458813105,0.152945967854351,0.925,0.706395104425123
"constant",200,"sir_collapsed",79,4.449,3420.27382861749,3417.14147259722,753.070229630589,2019.71425596395,7132.59504455524,3862.55837495752,5800.49248879453,2298.93810080752,768.773618479992,768.069560035338,169.267302681634,453.970387944246,1603.19061464492,1303.77444117656,0.00891202471346074,0.00759041412084784,3.15892963280503e-05,0.00129734646196566,0.0194694625516827,0.000107660458305671,6.29787661352258e-05,4.71554206357464e-07,1.09159662618445e-05,0.000244280287173539,-396.363983105325,0.194567625637264,0.135084859834955,0.9,0.646522335620649
"constant",200,"sir_collapsed",7,4.767,3451.60795997425,3394.22281906469,1396.79978099403,2896.47102331068,7592.4495737906,3815.07959392413,6390.66310418892,3008.82729087517,724.062924265629,712.024925333478,293.014428570176,607.60877350759,1592.71021057072,1340.6048047386,0.00997018022885185,0.00860317027468883,3.76725618534492e-05,0.00170834772291722,0.0213809870075007,8.34637799940406e-05,5.94837102442737e-05,1.83073884423173e-08,1.2368580674756e-05,0.000201702735929121,-396.766670522414,0.186429200318084,0.135734986596402,0.93,0.657987102965168
"constant",200,"sir_collapsed",80,4.483,2925.78053440048,2795.64860021692,781.194022200906,2516.70724300619,7059.20547286288,3129.58676430845,5700.00769085804,2665.7117148345,652.638977113647,623.611108681,174.25697573074,561.38907941249,1574.66104681304,1271.47171332992,0.00779915212600091,0.00645681662718076,2.59224555179831e-05,0.00115806680678043,0.0176203315512508,0.000124576139891188,6.49119183330263e-05,2.97024254727854e-06,1.08296377610602e-05,0.000246912970451573,-394.252372314645,0.22104402262079,0.165293591170438,0.875,0.634181313103869
"constant",200,"sir_collapsed",81,4.443,2596.85064144347,2778.19173790873,2147.159641739,2706.0687881997,7006.63266782788,2799.39775676479,6012.66916885967,2579.76893147426,584.481350763778,625.296362347228,483.267981485258,609.063422957395,1577.00487684625,1353.29038236769,0.00644876583401355,0.00540953046343493,1.5847429532011e-05,0.00130249076828374,0.0141878287363784,0.000152018377932173,5.41266303460703e-05,5.97080979761741e-06,1.11000536745702e-05,0.000243197320698039,-393.593063323819,0.224617584470725,0.168342081020015,0.86,0.605118877851333
"constant",200,"sir_collapsed",82,4.466,2953.2186866261,2592.0033771367,858.419754336329,1521.84226854703,6873.87824213032,3215.52778697814,4868.37450553961,1641.79764467495,661.267059253493,580.385888297515,192.212215480593,340.761815617338,1539.15768968435,1090.09729188079,0.00986942372483983,0.00843326358260056,4.1662391063892e-05,0.0017187992068019,0.0226016194773656,0.000159987612823219,7.99074334620623e-05,7.21224205635502e-07,1.13213176662983e-05,0.000366059555190326,-385.002976996228,0.217562847195145,0.154616936338658,0.9,0.665052310185926
"constant",200,"sir_collapsed",83,4.459,5049.01239466159,4862.93374414163,1210.9901300034,2373.06251417642,7944.64333677316,4548.39428505511,6891.34478181757,3134.53109090389,1132.31944262426,1090.58841537152,271.583343799821,532.196123385606,1781.70965166476,1545.49109258075,0.0153550586292716,0.013840099740621,7.16264595152015e-05,0.00184947923091712,0.0315410804271195,0.000144224047186785,5.48240572466747e-05,8.42638073303319e-06,9.26500687108058e-06,0.00025777072806024,-384.762787760939,0.159507671015384,0.10507738224096,0.955,0.724674813149904
"constant",200,"sir_collapsed",84,4.656,2738.19704696386,2485.44211828158,1650.35646923138,2096.65342574398,6748.03553314949,3288.21913251339,5536.27164056695,2319.06361790469,588.10074032729,533.814887947075,354.458004560005,450.312161886593,1449.32034646682,1189.06177847228,0.00656475487608275,0.0054506492561888,1.76914764323936e-05,0.0011245336276845,0.0148588012378749,0.000142294704539262,6.93068468475494e-05,3.62885663251221e-06,1.04255131168716e-05,0.000272969339273491,-398.02906521568,0.219131715422871,0.162516592278448,0.87,0.60287177239099
"constant",200,"sir_collapsed",85,4.453,3237.40632617488,3329.47960918701,1126.67683251771,2296.56243893837,7076.10700914877,3466.88827154867,5679.45195572064,2461.71198055282,727.016915826381,747.693601883451,253.015232992973,515.733761270687,1589.0651266896,1275.42150364263,0.00954568388721095,0.00772810253204196,4.53647472717785e-05,0.00136190954675611,0.0232838415822093,0.000106065387209681,6.00545030425444e-05,6.79816077661424e-07,1.04779529806061e-05,0.000211907306502239,-386.21611017817,0.198080141246025,0.133721337551541,0.895,0.660314843671462
"constant",200,"sir_collapsed",86,4.521,4690.08270265297,4603.1000763959,1281.51865703022,2011.96152644953,8445.47596744059,4506.80454676667,6626.31572252414,2355.80824876785,1037.3994033738,1018.15971607961,283.459114583105,445.02577448563,1868.05484791873,1465.67478932186,0.0221510308757176,0.0201567022714649,0.00013043876756426,0.00464343660863609,0.0442732728622438,0.000129022720373043,5.91948203257904e-05,5.82090482465037e-07,8.43819847942631e-06,0.000297498693578965,-403.279073575541,0.20515834669335,0.16208831098669,0.935,0.783145027533279
"constant",200,"sir_collapsed",87,4.672,1935.50555833093,1675.03732056356,659.007837501042,657.277249489302,6569.66275946497,1002.67483363036,3734.04436925404,703.691189485512,414.277730807133,358.526823750762,141.054759739093,140.684342784525,1406.1778166663,799.238948898552,0.0161331844003513,0.0144029660048395,9.4972917946188e-05,0.00174747572212592,0.0346004679163298,0.000431182036424105,5.50850050498036e-05,8.4121792842644e-06,7.89404456588854e-06,0.000340364877574704,-398.013592950649,0.181190683173222,0.132513776899934,0.95,0.745092232343458
"constant",200,"sir_collapsed",88,4.803,4341.35718714541,4359.76627566671,931.171751299952,2145.30976358934,7790.01457221948,4580.37796336741,6313.09850339889,2424.85850889088,903.884486184762,907.717317440499,193.872944263992,446.66037134902,1621.90601128867,1314.40735028084,0.0120390594292833,0.0106063025945886,5.08557175968796e-05,0.00203595875869939,0.0255152199384612,9.83381842624136e-05,5.58680138248816e-05,8.48315692374176e-08,1.00197500575229e-05,0.000239095704523183,-399.21718417573,0.185983587582135,0.130975350556058,0.92,0.6858459447082
"constant",200,"sir_collapsed",89,4.553,2836.34771577726,3359.42433147226,1604.71470823731,2421.86901000459,6928.29092615555,3044.59540480104,5716.70206395269,2455.9852180861,622.962379920328,737.848524373437,352.452165217947,531.928181419853,1521.69798509896,1255.59017438012,0.00760993311794495,0.00624767608108277,2.64491093570571e-05,0.00140271031541155,0.0178595085528365,0.000130021829460399,6.27812115738944e-05,1.2160748104762e-06,9.30871442306611e-06,0.000270225077631009,-392.779473602979,0.220267422513903,0.165175925972677,0.855,0.635006144127904
"constant",200,"sir_collapsed",8,4.629,4718.21456106233,4978.85223820874,1420.65940834389,2754.61022979959,7572.84424114037,4955.31782701109,6519.67292980088,3117.54166515237,1019.27296631288,1075.57836211033,306.904171169559,595.076740073361,1635.9568462174,1408.4409007995,0.01139654181465,0.00964661739208514,5.60149628313695e-05,0.00165836043392706,0.0257638599785365,0.000176718243581012,5.09111929900788e-05,8.71634426562323e-06,1.01141107457302e-05,0.000199478751364187,-405.855994559363,0.212945432711524,0.152207791122672,0.905,0.666760983462021
"constant",200,"sir_collapsed",90,4.63,5016.67710981033,4951.22468440244,1011.67550863831,1448.41542581648,7878.58970163923,4460.7346648372,5863.68785666562,1469.51290092687,1083.51557447307,1069.37898151241,218.504429511515,312.832705359932,1701.63924441452,1266.45526061892,0.0205691668813712,0.0191742968768271,0.000114532674284241,0.00311182302392051,0.0409233129393986,0.000173916535726255,6.21959846927582e-05,4.2161167492759e-06,1.01205863647891e-05,0.000327301243708052,-384.325806906179,0.222021919147368,0.153251804875491,0.935,0.790835165526263
"constant",200,"sir_collapsed",91,4.484,4755.97191375413,3173.24976423324,1440.53381765621,2110.53344484893,7952.31458020794,5128.50447198955,6411.10188403283,2636.90938410476,1060.65386122973,707.682819855763,321.260887077656,470.680964506898,1773.48674848527,1429.77294469956,0.0141160206525218,0.0126539998846788,6.2109332017507e-05,0.00256677988147855,0.029234552099045,0.000117167748360935,6.15754163763993e-05,3.54117345731998e-07,9.06999628162146e-06,0.000282057706858061,-387.768234652343,0.221534505853258,0.169442515847306,0.925,0.712326828564055
"constant",200,"sir_collapsed",92,4.481,3124.77880591792,3061.51144046291,1341.28949721944,2325.34322702448,6962.80210504149,3606.14654964939,5562.56743662452,2523.19203804125,697.339613014489,683.220584794221,299.328162735871,518.933993980021,1553.8500569162,1241.36742616035,0.00849682056651153,0.00700107808267153,3.28039318241459e-05,0.00165878654832398,0.0204237674168438,0.000124477185523634,6.1655960806583e-05,9.20998458567683e-07,1.11294725003398e-05,0.000268710927353128,-395.966604821648,0.200293772061742,0.150256612589177,0.9,0.65381863440642
"constant",200,"sir_collapsed",93,4.72,6287.75695040578,6024.19285073415,1503.81755197718,3912.41087517734,8505.08033604251,5381.01869552169,7783.628865765,4915.0148591898,1332.15189627241,1276.31204464706,318.605413554487,828.900609147741,1801.92380000901,1649.07391223835,0.0196310850002679,0.0180430174790586,9.7642934228909e-05,0.00438347206488888,0.0384179107280941,7.31473631397868e-05,5.17110026706652e-05,1.01956168745988e-08,9.60305726031995e-06,0.000181631912543406,-381.203242753066,0.237750516876556,0.179580509124192,0.925,0.773567899716695
"constant",200,"sir_collapsed",94,4.809,4817.88567429228,4905.0955714351,1013.52911273823,1738.49059831904,7693.69534978578,4319.28175760457,6150.44654843151,1773.79595552407,1001.84771767359,1019.98244363383,210.756729619094,361.507714352056,1599.85347261089,1278.9450090313,0.016334629572883,0.0144869863339204,9.7966871159167e-05,0.00153138237166134,0.0348422674076162,0.000112755074757837,5.94312294961318e-05,2.64233875259044e-07,8.51890839044501e-06,0.0002677589658394,-390.615406076288,0.221338858525284,0.158014270737074,0.93,0.744264244354012
"constant",200,"sir_collapsed",95,4.64,2511.42301771773,2677.49573053878,1017.55081571676,1724.54260078458,6468.23097657372,2810.21005599406,5071.32997988643,1873.10452945349,541.254960715028,577.046493650599,219.299744766543,371.668663962194,1394.01529667537,1092.95904738932,0.00680048078964289,0.00570126751038881,1.97971446486831e-05,0.00110769142362737,0.0153642005130008,0.000123327499951129,7.69805223472672e-05,1.04557109575271e-07,1.07082679362626e-05,0.000293238636038389,-376.752348197698,0.226646465507956,0.179424499943421,0.855,0.62438090159593
"constant",200,"sir_collapsed",96,4.864,5575.90906673463,5631.87436340007,1117.42868905441,1248.10924514639,8688.41340234058,5579.20662776598,5782.47556199093,1126.8589633815,1146.3628837859,1157.86890694903,229.734516664146,256.601407308058,1786.26920278384,1188.83132442248,0.0280886075206085,0.0263898409554427,0.000165318762849232,0.00424742394042876,0.0511585601087389,0.000135537330402933,4.7233616458583e-05,1.47486117170437e-06,9.49311007031635e-06,0.00024134012569819,-390.048809510598,0.197838289490757,0.153055147921661,0.96,0.835413823494704
"constant",200,"sir_collapsed",97,4.843,5625.32203431844,5081.67612598226,1743.63803479375,2710.54196778406,8392.77250036383,5102.14466080571,7343.68402290572,3781.11722918921,1161.53665792245,1049.28270204052,360.032631590698,559.682421594891,1732.96975022999,1516.35020088906,0.0191907865821959,0.0173521817283312,0.000114090672291973,0.00238580486948964,0.039187508746292,8.84804622083924e-05,5.00462150208784e-05,1.56509144808556e-07,1.05875617359075e-05,0.000205451637032328,-392.387742434881,0.198301682404926,0.149259266234294,0.95,0.759337993664198
"constant",200,"sir_collapsed",98,4.609,3390.93249619447,3243.18195698956,1218.54781650614,1886.53366987236,7010.43814073694,3738.03208533092,5409.67629870079,2538.08498075241,735.719786546858,703.662824254622,264.384425364751,409.315181139589,1521.03235858905,1173.72017763089,0.0100049119864485,0.00823371274718837,4.51242458010492e-05,0.00166327381814643,0.0235700324491971,0.000179809706657027,6.90251900682721e-05,3.05781327536663e-06,9.40733206473849e-06,0.000405098521071385,-390.296922696914,0.207460359818988,0.148064363359592,0.91,0.668686706609953
"constant",200,"sir_collapsed",99,4.441,3745.77847715823,3527.98345563675,1219.24174451728,2737.36290461189,7301.55722595256,4038.78599967454,6146.64010088756,3229.58000837979,843.453834082016,794.411946777021,274.542162692475,616.384351410017,1644.12457238292,1384.06667437234,0.00844928573569037,0.00702508007078784,3.10277716067426e-05,0.00134868219109848,0.0191879887436003,9.28321636597217e-05,6.06054621245485e-05,1.03265646964995e-07,8.41964971034614e-06,0.000214309651650611,-406.665098243774,0.216143810165414,0.154951526645113,0.855,0.627183863706603
"constant",200,"sir_collapsed",9,4.502,3474.09169285933,3698.18016492997,1432.37876217552,2185.8025702554,7426.90238967264,3600.2216244376,5887.59784872947,2807.6357046343,771.677408453872,821.452724329179,318.164984934588,485.518118670679,1649.68955790152,1307.77384467558,0.0098832956466383,0.00839230700389493,3.95313041519932e-05,0.00129394665463849,0.0219754431354316,0.000149566404324203,5.47252013597299e-05,1.20162844912542e-06,6.25579373130951e-06,0.000276093596766438,-400.17604255627,0.233149806421556,0.164596066817772,0.875,0.649124705539498
"constant",400,"sir_collapsed",100,9.034,3716.81384831228,3691.55636164315,1602.22861674742,2577.33838429114,7618.02791104092,3698.25811943844,6839.42538239984,3527.58405929948,411.425044090357,408.629218689744,177.355392599891,285.293157437585,843.261889643671,757.076088377224,0.00561331528240766,0.00514835081273418,7.43112025741146e-06,0.00146608697002236,0.0111576597119314,5.00169984516287e-05,3.43785946809817e-05,2.96239992980142e-08,8.06833144512275e-06,0.000107202377823972,-786.568252769046,0.160116442992678,0.0994043960357371,0.94,0.572823030709035
"constant",400,"sir_collapsed",101,9.402,4664.08441694966,4649.66680521444,1956.37079059997,3308.01082276454,8060.07100420115,4896.72707023409,7859.65967509111,4609.90413803504,496.073645708324,494.54018349441,208.080279791531,351.841185148324,857.271963858876,835.956144978846,0.00740723165492871,0.00661169534141912,1.5994479868364e-05,0.00146665615369404,0.0145794975893346,4.80018594097959e-05,2.84892129877962e-05,1.88037350860768e-07,6.3920143651037e-06,8.25517844491301e-05,-803.264935839097,0.207665647641702,0.164753137073618,0.9025,0.609263871369064
"constant",400,"sir_collapsed",102,9.027,4254.78121328565,4294.88270151384,1878.75493894008,3870.67058183838,8384.92342333961,4600.53085731247,8020.42398789896,4137.38334557411,471.33944979347,475.781843526513,208.126170260339,428.788144659176,928.871543518291,888.492742649713,0.00922769291911919,0.00840069299094001,1.95165347946118e-05,0.00250210296987994,0.0178948928034625,3.81441567152313e-05,2.8510042402715e-05,4.57435825078703e-09,9.43209131119096e-06,8.56889951033385e-05,-774.314817727549,0.177400122697131,0.128096866346323,0.9475,0.644844959083992
"constant",400,"sir_collapsed",103,9.343,5180.54732799353,4793.69360700358,1641.08200817867,2470.26252190725,8419.13650487459,5232.91779076567,7584.90545576417,3041.35574548004,554.484354917428,513.078626458694,175.648293714939,264.397144590308,901.117040016546,811.827620225214,0.00984506105985429,0.00931089702303303,1.89376184548741e-05,0.00218305589553372,0.0182356256107972,4.61708784062441e-05,2.9387170838932e-05,1.52339910119478e-08,7.72615419975925e-06,9.50407696141067e-05,-778.667067784178,0.175509296706175,0.139381003699434,0.9475,0.650004057176808
"constant",400,"sir_collapsed",104,9.243,3541.65913875249,3518.80736259001,1188.5844637469,2084.92585443328,7185.5102417051,3715.51641123448,6346.17494771892,2589.47674502461,383.172037082386,380.699703839663,128.592931271979,225.568089844561,777.400220892037,686.592550872976,0.00527170060518079,0.00474920823545104,6.67979956333459e-06,0.00132865998950612,0.0103570147846007,5.60963864281469e-05,3.61463030775035e-05,3.23443971734712e-08,7.65008721287203e-06,0.000120288191795231,-776.726617689315,0.165926289923101,0.116077699199231,0.94,0.581607100629638
"constant",400,"sir_collapsed",105,9.18,4462.05503577439,4534.69717822947,1701.80871356583,2483.20619013077,8173.16771540063,4992.89177313938,7573.01282511022,3694.79902979871,486.06264006257,493.975727475978,185.382212806735,270.501763630803,890.323280544731,824.946930839893,0.00801987183817968,0.00736125707407423,1.36863206415125e-05,0.00239456596000113,0.015669438622595,5.22307912916608e-05,3.11441831844849e-05,1.16464410399768e-07,6.67748927476589e-06,0.000101651221077522,-775.91044421344,0.159379155660446,0.116093482946859,0.95,0.626554244326338
"constant",400,"sir_collapsed",106,9.438,3272.6512698658,3480.06608570851,2378.71867814753,2839.68064166591,7210.53263084154,3547.46890444245,7007.18389160819,3253.77848760751,346.752624482496,368.729188992213,252.036308343667,300.877372501156,763.989471375454,742.443726595485,0.00396835155497423,0.00359297168296408,3.46019547423915e-06,0.00113338617615335,0.00763670616416827,4.61335986594972e-05,3.00261775143576e-05,4.64863164950187e-08,6.66146321352041e-06,8.97871080940864e-05,-775.812677565782,0.184383305545589,0.12339985630259,0.8925,0.533997939782877
"constant",400,"sir_collapsed",107,9.022,3592.51203203368,3972.45242507837,1547.78671570312,3349.45138162947,7659.58650378003,3938.65770622999,7422.17369869586,3689.40371851733,398.194638886464,440.307296062776,171.556940335083,371.253755445519,848.989858543564,822.674983229423,0.00631599253930317,0.00574323805710256,9.78503687507527e-06,0.00128066942096699,0.012330871975048,5.05557706369586e-05,2.98105163478905e-05,7.49817469790187e-08,7.62894833233903e-06,9.47496032457493e-05,-771.162004879487,0.178123708475974,0.124003852716207,0.9375,0.600758574273703
"constant",400,"sir_collapsed",108,9.003,4202.73677047073,4835.45682712942,344.942977439576,2698.21641688487,7521.91775658769,2245.68136749869,7378.53852026875,4293.25136756388,466.815147225451,537.093949475665,38.3142260845914,299.701923457166,835.490142906552,819.564425221454,0.00588870490670661,0.00527341346073977,9.36989607964369e-06,0.000820307201908963,0.01183877598685,5.12953765045881e-05,2.89253497146346e-05,9.3801173862376e-08,6.96914251251266e-06,8.39986657907717e-05,-792.037936046979,0.189220716099765,0.133016044777439,0.9075,0.580799042744649
"constant",400,"sir_collapsed",109,9.171,3902.77564584076,3549.14293227379,1372.06959313079,2326.70361157021,7730.93924623904,4156.30573883216,7059.45816474378,3040.86501121893,425.556171174437,386.996285276829,149.609594714948,253.702280184299,842.976692426022,769.758822892136,0.00674899614790887,0.00605608005428557,1.19697211894216e-05,0.00133881875711232,0.0135965293279593,5.82923061207722e-05,3.40807398995461e-05,5.03090225841812e-08,8.30449630029239e-06,0.00012177705076964,-799.760411342317,0.149171584179532,0.103815299161812,0.9525,0.601656648719329
"constant",400,"sir_collapsed",10,9.013,3568.3876536893,3810.15445717792,1933.9364397029,2539.64507289415,7562.43616787154,3847.48022593501,6953.92445194606,3571.63425277785,395.915638931466,422.739870983903,214.571889459991,281.775776422295,839.058711624491,771.54382025364,0.00556008576182162,0.00507249016816466,6.94558079310296e-06,0.00155539951355462,0.0107014850781774,5.71670816743916e-05,3.14986309052952e-05,5.70644917459024e-08,8.31829664838106e-06,0.000112613061953307,-779.869309686109,0.174618165856985,0.113992440710289,0.92,0.578673196009579
"constant",400,"sir_collapsed",110,9.128,4136.08706262632,3988.27599189187,1599.0744245839,2171.03698462348,7486.47191244786,4014.09854859299,6731.65659522015,3227.2292913757,453.120843846004,436.927694116111,175.183438276063,237.843666150688,820.165634580177,737.473334270393,0.00535139277368576,0.00482215817572427,7.05482657531023e-06,0.00132646961732385,0.0105837684815723,5.68149047595097e-05,3.27879050225647e-05,6.0274619817401e-08,7.83868783683975e-06,0.000114885761210289,-794.881521270224,0.199485007152912,0.151088614571568,0.9125,0.571911253361741
"constant",400,"sir_collapsed",111,9.322,4672.40630090489,4360.84329708425,1839.55914371419,2007.28266634934,7778.27654599133,4952.18255152526,6877.05561008781,3327.00209482201,501.223589455577,467.801254782691,197.335243908409,215.327469035544,834.399972751698,737.723193530123,0.00790359243789945,0.00714555738736289,1.59018955093314e-05,0.00148831057460417,0.0156279960827926,8.18886264641708e-05,3.10812195737894e-05,4.10525029414986e-07,5.63064363857691e-06,0.000114523966076149,-788.935886118044,0.158983971958096,0.11467237556095,0.945,0.626585062123379
"constant",400,"sir_collapsed",112,9.136,3706.77447586452,3577.87697017718,1842.66335526245,2330.96834687717,7535.33749690095,4246.89206049947,7249.85090400046,3473.9498832659,405.732757866082,391.624011621846,201.692573912265,255.141018703718,824.796135825411,793.547603327546,0.00550253518100274,0.00490936433302675,8.15143610918011e-06,0.00127154706578132,0.0110282266817128,4.60849663011116e-05,3.04251552534683e-05,1.56674529620481e-08,8.69127804318786e-06,0.00010322977589434,-797.987211386177,0.194912280501905,0.133052643113776,0.8875,0.57309746516343
"constant",400,"sir_collapsed",113,9.004,2906.11059376979,2913.23417503122,1286.69827582652,2187.59739048963,7088.07453828657,3155.1252749225,6310.03522436931,2717.57523214989,322.757729205885,323.548886609421,142.902962663985,242.958395212087,787.213964714191,700.803556682509,0.00538881688242204,0.00480352486049385,8.06570189246608e-06,0.00121640626724412,0.010997814385521,6.80931218527166e-05,3.87311232922814e-05,9.51136319840152e-08,7.05240746607578e-06,0.000133739612348398,-765.103089034478,0.20487065653064,0.164660867893872,0.895,0.591668284456098
"constant",400,"sir_collapsed",114,9.069,4280.95828291426,4347.780551764,951.429333062773,2596.9957291,8259.14896429365,4729.85655854453,7711.60035467055,3248.49632535102,472.043034834519,479.411241786746,104.910059881219,286.359656974308,910.701175906236,850.325323042292,0.00895031315463649,0.00832543922272177,1.63058658740434e-05,0.00219242169302379,0.0161913160376601,4.99521548659154e-05,3.18985391391246e-05,6.10424984789182e-08,8.83779474779047e-06,0.000101474639425513,-767.477840205568,0.174065167651446,0.119961115572901,0.925,0.642027203849532
"constant",400,"sir_collapsed",115,9.272,3166.55679983056,3388.49286242487,1062.5347931188,2021.78914166568,7149.41369207778,3397.47684074416,6631.1928385595,3020.46632853194,341.518205331164,365.454363937108,114.59607345975,218.053186115798,771.075678610632,715.184732372681,0.00447496181130245,0.00400159214272767,4.97067415837685e-06,0.00126547243132236,0.00873011476513441,5.3462211584407e-05,2.97522852484752e-05,1.01015196165705e-07,7.14411270427308e-06,0.000105975263496614,-806.949810863667,0.175890109315448,0.128213570256056,0.915,0.55050438055941
"constant",400,"sir_collapsed",116,8.93,3995.23134048637,4089.64362695712,1836.76517218474,2491.96623025752,7690.9760064751,4328.44434447674,7158.86674699694,3532.3269357079,447.394327042146,457.966811529353,205.684789718335,279.055568897818,861.251512483214,801.66480929417,0.00606107566052081,0.00552059386743611,9.10936495701346e-06,0.00132896163955515,0.0119044745598912,6.013896603688e-05,3.03905909800107e-05,1.52321769482802e-07,8.39262150264274e-06,0.000116362462988204,-796.302652913651,0.183815305846499,0.133752041127347,0.9175,0.587065321235853
"constant",400,"sir_collapsed",117,9.367,3128.61523329522,3451.26056333022,1214.44775580847,3527.87107076221,7294.91947522166,3521.62026956965,6851.67555875438,3293.06940412656,334.003974943442,368.448869790778,129.651730095918,376.627636464418,778.78931090228,731.469580308998,0.00462627449934726,0.00418776013109167,4.97018536835626e-06,0.0013813540658901,0.00872574495849929,4.13839396920983e-05,3.21357745114402e-05,2.9200690678916e-09,8.96617211327856e-06,8.5905968592034e-05,-769.391650931482,0.182126166462607,0.124005549414111,0.91,0.556762809662098
"constant",400,"sir_collapsed",118,9.039,5568.57200025952,5457.39703045978,2205.00348137412,1956.34424368397,8498.61362460466,5666.65991285844,7799.02839163086,3785.69608972545,616.060626204173,603.761149514302,243.943299189526,216.433703250799,940.216132824943,862.819824276011,0.0107490633495041,0.0100208858923643,2.15740359331126e-05,0.002977417036485,0.0198692936731616,8.79760535679741e-05,3.01659254055433e-05,7.35098860730371e-07,8.19374915322709e-06,0.000107874293053884,-788.412509354379,0.183089010982362,0.128271268870631,0.9425,0.654880411935467
"constant",400,"sir_collapsed",119,9.24,5257.11573289432,5358.19310477237,1512.40613821829,2397.73755368572,8394.64989366617,4195.03815662278,7802.24260733927,3987.59359455063,568.951919144407,579.891028655018,163.680317988992,259.495406243043,908.511893253914,844.398550577843,0.0107204948843841,0.010001188195096,2.28157086622436e-05,0.00234351088927342,0.0198879654509179,5.74179986229955e-05,3.14226710063516e-05,8.66080339318012e-08,8.70090685203841e-06,0.000114992431049661,-798.782604181649,0.173007260712621,0.127140521211963,0.955,0.65989013242958
"constant",400,"sir_collapsed",11,9.147,3730.48372377273,4207.48096808788,1732.74956714098,2497.68049259239,8010.95741847804,4405.28048929822,7471.84969791975,3990.725253357,407.836856212171,459.984800271989,189.433646784845,273.060073531474,875.801620036956,816.863419473024,0.00749405756499933,0.0068881181052605,1.2800666133682e-05,0.00206870635727771,0.0144065100687821,6.25468930219469e-05,3.10890952944912e-05,5.14734089937978e-07,6.56983649378945e-06,0.000110232446829442,-796.427599900587,0.176357421302302,0.132675919022525,0.9225,0.608346754186941
"constant",400,"sir_collapsed",120,9.055,3585.72676919763,3493.22517225598,1538.76596528322,2429.52458324719,7754.5531109867,3885.04932497256,7022.51324637869,3375.8691429313,395.994121391234,385.778594396022,169.93550141173,268.307518856675,856.383557259712,775.539839467553,0.00645366502395727,0.00576014693274493,1.05068411635297e-05,0.00166242102030428,0.0126752226833984,4.86743066285619e-05,3.33350396354545e-05,2.93615589700836e-08,8.72499679377115e-06,0.000102125045478913,-785.606715717448,0.177838663402061,0.121392353182262,0.9375,0.600093751617311
"constant",400,"sir_collapsed",121,9.37,4270.8603496149,4689.91348696569,1755.63032854193,2627.74609113369,7806.9623692547,4651.66695808206,7432.16883122894,3920.62907547097,455.801531442359,500.524384948313,187.367164198712,280.442485713308,833.187019130704,793.187708775767,0.00619140628032162,0.00556492185226958,1.00420677931788e-05,0.00157241332569258,0.0121715342827887,5.58317146365568e-05,2.94719655065105e-05,1.84969527943971e-07,7.6914759926298e-06,9.59047965378368e-05,-789.953771174628,0.1673201379239,0.115191464902182,0.93,0.587316690770255
"constant",400,"sir_collapsed",122,9.085,3835.88790913118,4135.73345975013,1702.49240995754,2686.29408213858,8008.65166572011,4125.16137538621,7256.95682875576,3899.07396817342,422.222114378776,455.226577848116,187.39597247744,295.684543988837,881.524674267486,798.784461062824,0.00696124466288723,0.00637827995104073,1.05021253612538e-05,0.00157107071959866,0.0130776166778258,4.23245533845871e-05,3.00461822502167e-05,7.93075130708758e-09,8.15023888855052e-06,9.31719156250386e-05,-799.562012944897,0.163456367489614,0.107309914666645,0.94,0.598740364506337
"constant",400,"sir_collapsed",123,9.15,4564.35875791636,4755.9219890254,1634.97456056235,2602.56199397281,8180.83821724162,4920.41911339066,7688.99101906584,3447.64936787835,498.8370227231,519.772894975453,178.685744323754,284.433004805772,894.080679479959,840.3268873296,0.00916779841066839,0.00850278239485968,1.99718252567476e-05,0.0016594155567737,0.0175350588781922,5.85882609885283e-05,2.94070685152412e-05,8.98934952190785e-08,6.95554041406193e-06,0.000112697918062031,-793.996080925179,0.165645399325081,0.108762760920368,0.96,0.641913375794204
"constant",400,"sir_collapsed",124,9.195,3243.80500021713,3162.79696901497,1416.25465273072,2378.8560035844,7869.86225557246,3693.45709300847,7095.72069628121,2835.98606991561,352.779227864832,343.969219033711,154.024432053368,258.711909035824,855.884965260735,771.693387306276,0.0079982465374253,0.00718820209089184,1.62728701905005e-05,0.00140365323607668,0.0155744341775469,6.14810223482131e-05,3.40598013314699e-05,7.83837225189459e-08,6.85020774588628e-06,0.000119364053031389,-784.236730923349,0.178634856310769,0.130510343795235,0.94,0.628541933132915
"constant",400,"sir_collapsed",125,9.026,4314.82562100989,4667.11755051407,1995.33145608133,2512.94928803129,8086.43210521629,4704.21579405321,7517.08107414754,4370.96765251891,478.044052848425,517.074844949487,221.064863292858,278.412285401206,895.904288191479,832.825290732057,0.00704259055432232,0.0063807136031225,1.19695192525402e-05,0.00183924065736824,0.0135653033182482,7.12473522797301e-05,2.87079188216528e-05,3.76233290071388e-07,6.36371091117489e-06,0.000113975913422263,-822.485675912133,0.205677457689199,0.150867808041889,0.8975,0.59357154014555
"constant",400,"sir_collapsed",126,9.362,4998.27826088083,5139.22461773668,1858.92438130939,3529.27424968652,8384.17222928675,5005.38991743902,8155.45159449262,4827.65170944004,533.890008639269,548.945163184863,198.560604711535,376.978663713579,895.553538697581,871.122793686458,0.00929911493485996,0.00874076405302573,1.74651293912937e-05,0.00227203549661305,0.0171230382436632,4.24520387098965e-05,3.12323412903823e-05,3.57367389219146e-09,8.79425289813732e-06,9.35097405829065e-05,-754.743063583468,0.192201243629086,0.145258369893423,0.935,0.652406212518418
"constant",400,"sir_collapsed",127,8.961,3838.9581079537,4024.38428523081,1762.70010270637,2605.84848358945,7872.19413733304,4080.17556949019,7247.54852101138,3716.65561957385,428.407332658599,449.099909076087,196.707968162747,290.798848743383,878.495049362017,808.787916640038,0.00728157606283303,0.00656168856952767,1.44813650924058e-05,0.00179805300317999,0.014706835961209,4.55300547108933e-05,3.05804987671151e-05,1.14271556951265e-08,7.61410468620131e-06,9.81773086028728e-05,-789.520227313256,0.179327893837874,0.133697010306677,0.93,0.618196823625096
"constant",400,"sir_collapsed",128,8.972,3149.92720229765,3300.08436644833,1525.240180167,2556.7192493106,7299.46446551822,3404.49261065681,6799.28043668941,3096.39591696644,351.084173238703,367.820370758842,170.00002008103,284.966478969082,813.582753624412,757.833307700558,0.00457951615497459,0.00411418393806898,5.27882184659014e-06,0.00124533873485406,0.00885914052760515,4.44321633480845e-05,3.06703332212942e-05,1.62880277791567e-08,7.35209848665131e-06,9.08145285685102e-05,-792.07042499989,0.191294513134984,0.126850808293488,0.9075,0.551745780261398
"constant",400,"sir_collapsed",129,9.18,3630.77205083428,4666.86053971117,1710.63507610381,2629.07947453421,7994.49695254594,3916.90646191057,7365.78754100064,4034.8876041454,395.508937999377,508.372607811675,186.343690207387,286.392099622463,870.860234482129,802.373370479372,0.00700145875365122,0.00639131181532564,1.14193840587872e-05,0.00141434647220645,0.0132481903182668,5.42210803470863e-05,3.22123702601839e-05,5.67977697513979e-08,8.79567047869873e-06,0.00010501418911873,-775.598567183774,0.147966777894231,0.0971660719331666,0.95,0.606829628070265
"constant",400,"sir_collapsed",12,9.269,4716.7007089766,4722.69622148578,1914.74120031613,2960.82518927055,8042.97999826444,5044.22776161635,7618.85834331594,4476.45403907718,508.868347068357,509.515181949054,206.574733015011,319.43307684438,867.72898891622,821.971986548272,0.00713811163693602,0.00661684770267585,1.10553482963253e-05,0.00166689732183648,0.013390885629258,5.53529944335464e-05,3.09827202243203e-05,1.34949054551407e-07,5.64527112284187e-06,0.000101013613552456,-790.485367819759,0.1899659379025,0.135974361600521,0.8975,0.598304205941146
"constant",400,"sir_collapsed",130,9.341,3967.86846903872,3882.98924639353,1762.11182224327,2220.28616654553,7732.01562270536,4409.61484340066,7086.16940196464,3549.54631618004,424.779838244162,415.693099924369,188.642738704986,237.692556101652,827.75030753724,758.609292577308,0.00679310048176507,0.00623116673339753,1.08765053722041e-05,0.00182082445876981,0.0134409307186266,6.87379991055946e-05,3.42124514081478e-05,2.99931421427202e-07,7.87575237877624e-06,0.000126464703018165,-777.633460815709,0.171997119139923,0.120127652347513,0.94,0.61155983423782
"constant",400,"sir_collapsed",131,9.057,3721.02839636312,3855.36258636307,1759.05316286966,2596.01009586204,7676.30785389774,4115.19213777773,7172.0302716013,3718.74496974449,410.845577604407,425.677662179869,194.220289595855,286.630241345042,847.555244992574,791.877031202528,0.00566016855278248,0.00506106705847179,8.54318271587487e-06,0.00162841286691061,0.0115391384581679,7.6003594359631e-05,2.97594043677496e-05,1.31827567351768e-06,7.63562575902692e-06,0.000103041162308692,-783.628758217654,0.195098458148071,0.15369869988272,0.9225,0.580815778503463
"constant",400,"sir_collapsed",132,9.105,3694.8344132671,3907.03020594029,1722.72588737283,2456.1937473226,7960.60013552333,3914.31206353031,7389.85444791826,3487.91535964894,405.802791133124,429.108204935781,189.206577416017,269.763179277605,874.310833116236,811.625969019029,0.00700568296758207,0.00654327478135051,1.0047608648923e-05,0.0016584166597871,0.0129128902897292,6.09400932385009e-05,3.25066346949351e-05,2.44759600017578e-07,8.42060360052809e-06,0.00010908127892953,-759.524242044701,0.169012397236055,0.120570709867282,0.95,0.616159301888652
"constant",400,"sir_collapsed",133,9.225,3673.14223917197,3731.2130848451,1914.41690042538,2419.7270350914,7480.70603039938,4193.78851154032,7044.14561144858,3355.59322334607,398.172600452246,404.467543072639,207.524867254783,262.301033614244,810.916642861721,763.593020211228,0.00491994269223637,0.00440791677542388,5.93015470256318e-06,0.00133825183504829,0.00959085286137113,4.40943543773425e-05,2.9706882443665e-05,8.76799552008409e-09,7.09112075401462e-06,9.45381426302338e-05,-796.624433701243,0.164825216264813,0.100261436447109,0.9225,0.558806618155344
"constant",400,"sir_collapsed",134,9.34,3767.40554871793,3969.64082983191,1543.4496458681,2769.21465503964,7709.34943700135,4106.51056843151,7082.18914709275,3867.94126430846,403.362478449458,425.015078140462,165.251568080097,296.489791760133,825.412145289224,758.264362643763,0.00595772973768621,0.00545223891282138,8.35957086325674e-06,0.00124872883977181,0.0115130037586451,4.8947539936835e-05,3.14722713051748e-05,3.3732458262848e-08,7.82454984439818e-06,0.00010055908891388,-799.675303564364,0.178903127307872,0.127482507989173,0.9225,0.579870696012642
"constant",400,"sir_collapsed",135,9.173,2781.95962775357,2848.33524320215,1022.55327906915,2010.92624066951,7439.12779838138,2952.41241372799,6855.17055929122,2785.40275389217,303.276968031568,310.512944860149,111.474248236035,219.222309023167,810.980900292312,747.320457788207,0.00590406297122422,0.00530835907552158,8.77695466086723e-06,0.00140559810134133,0.0116995023516353,6.95345750573207e-05,3.26921271486092e-05,1.36082748846039e-07,6.99179010308354e-06,0.000120742898785506,-797.159537390939,0.197396348619414,0.130718329003876,0.9,0.592503134236593
"constant",400,"sir_collapsed",136,9.044,5477.8234728712,5706.54101652221,2164.08092758458,2901.19088870039,8767.0989023535,5943.58419095275,8091.22583168334,4579.12580319604,605.685921370102,630.975344595556,239.283605438366,320.786254831976,969.38289499707,894.651241893337,0.0124685054954071,0.0118299454151523,2.61984871434561e-05,0.00359962923480998,0.022043862444134,5.53619942973697e-05,3.12272245463495e-05,1.68306745623734e-07,7.22110522219996e-06,0.000105517412199854,-778.30328003757,0.163728986914788,0.11296257865384,0.97,0.692318889807653
"constant",400,"sir_collapsed",137,9.381,4277.05065142551,4301.14945097535,1358.97600641534,1893.002027198,8074.97657188547,4735.37017722756,6778.26637547705,2511.47701587304,455.926942908593,458.495837434745,144.864727258857,201.791069949686,860.779935175938,722.552646357217,0.00860794746041832,0.00795895639708124,1.62654058572991e-05,0.00211115024314127,0.016664902769344,5.93474679143289e-05,3.36960592627273e-05,3.38976552584546e-08,7.90179079889395e-06,0.000138379914343177,-802.436554964718,0.19436591046087,0.132297861215828,0.945,0.630766182865411
"constant",400,"sir_collapsed",138,9.291,3408.89691927115,2938.7692964901,1313.05988108381,1684.96924138517,7324.78348452574,3734.8215961514,6276.4193194013,2154.91191368603,366.903123374357,316.302798029287,141.326001623486,181.354993153069,788.374070016762,675.53754379521,0.00625950905158594,0.00575721220408307,9.40944517522462e-06,0.0015939802979301,0.0123476756456128,6.64893852416248e-05,3.94635126380833e-05,7.08918347085275e-08,7.67490886327615e-06,0.000142186620683314,-784.22427610443,0.186843501825424,0.132909527031943,0.93,0.590919888235802
"constant",400,"sir_collapsed",139,8.906,3606.3174151694,3612.44002518193,1820.61797716509,2664.98767971555,7602.03410101055,3957.57635982506,7058.28454236336,3577.81861114247,404.931216614575,405.618686860761,204.426002376498,299.235086426628,853.585683922137,792.531388093798,0.00530381029081457,0.00480843840450019,6.87541672669988e-06,0.00113087468828403,0.0103703091649861,5.37370937493857e-05,3.15768139696024e-05,6.27447698335487e-08,7.68148921091701e-06,0.00010078878665889,-790.216652334632,0.172065879305248,0.120020394598464,0.925,0.568336458036858
"constant",400,"sir_collapsed",13,9.031,4281.12926884069,4379.91923104196,1438.86085139291,2444.64466222382,7814.61166924791,4747.90648992767,7256.68734293375,3514.6997742136,474.048197191971,484.987180936991,159.324643050926,270.694791520742,865.309674371377,803.53087619685,0.00623750681174746,0.00571310272715985,9.69416249684272e-06,0.00155634171060274,0.012431676961722,5.50174089559112e-05,2.83988388398855e-05,1.21080681939336e-07,6.51987857645507e-06,0.00010721177305804,-794.311283406477,0.191960287893184,0.140948841720235,0.8625,0.58963592848121
"constant",400,"sir_collapsed",140,9.234,3553.83437459295,3968.28832439006,2077.55856068319,2852.88449672848,7428.2360926389,3571.37879131309,6986.28577662718,3377.04277928684,384.864021506709,429.747490187358,224.990097539874,308.954353121993,804.444021295095,756.582821813643,0.00458878787866283,0.0041480067004888,4.7219533973038e-06,0.0011910374083125,0.00896127535181294,4.60961554806308e-05,2.78230890112267e-05,6.59357994414403e-08,7.82067433222572e-06,8.80833688449019e-05,-774.230025594912,0.179580224693094,0.123173644750788,0.8975,0.553252586426053
"constant",400,"sir_collapsed",141,9.1,3743.37021903917,3792.78168775979,1988.33976727508,2381.48990442536,7697.48039437842,4027.8924823858,7091.95054898131,3616.77523593359,411.359364729579,416.78919645712,218.498875524734,261.70218729949,845.876966415211,779.335225162782,0.00608688280601495,0.00554001961761968,8.93172961327513e-06,0.00152045776953441,0.0120214495082626,5.99187519635355e-05,3.19182266749033e-05,2.11409328311464e-07,7.8213726717639e-06,0.000113974801131193,-782.773462244161,0.178283574941059,0.130053569455833,0.915,0.594822577011252
"constant",400,"sir_collapsed",142,8.939,4276.90574111287,4523.54641135904,1539.20195345621,2333.8588468871,7943.88033919458,4757.06650100968,7206.05480716497,3401.26564923541,478.454608022471,506.046136185148,172.189501449403,261.087240953921,888.676623693319,806.13657088768,0.00799676003559822,0.00729351331688978,1.51129989060473e-05,0.00206871346755815,0.0159048048521236,6.30142264993324e-05,3.28560764314113e-05,1.34829015058596e-07,7.04956216392071e-06,0.000123320625656345,-812.026027989271,0.17927762402351,0.133160725003103,0.945,0.621468089498395
"constant",400,"sir_collapsed",143,9.356,3354.31928395013,3488.61207477826,1966.38720740325,2457.02743217113,7345.13453808138,3746.76528339096,6847.57575617189,3261.95380031793,358.520658823229,372.874313251203,210.173921270121,262.61515948815,785.072096844953,731.891380522862,0.00503222172358827,0.00452835266268627,6.41482818525747e-06,0.00118639439543073,0.00991051431631335,4.86452936280066e-05,3.17952973735069e-05,3.57713789209005e-08,9.0542327889659e-06,9.89995185336412e-05,-763.147646415022,0.18493454829444,0.129919565998673,0.8975,0.574186661996922
"constant",400,"sir_collapsed",144,9.061,3942.17182716224,3860.17357802092,1337.33241076211,2072.11621265289,7675.38668672989,4323.23372856082,7103.36577491116,3597.59668198612,435.070282216338,426.020701690864,147.592143335405,228.685157560191,847.079426854639,783.949428861181,0.0064345988491007,0.00589174865562335,1.02557244017628e-05,0.00166263902485225,0.0124757934864066,7.57378805425138e-05,3.25226184061192e-05,6.54481559933803e-07,7.57510752266518e-06,0.000110422336023301,-803.835477262033,0.168239073059561,0.112936578445677,0.9225,0.589824337106904
"constant",400,"sir_collapsed",145,9.198,3698.41237768999,3466.5453009574,1596.23253286613,2569.54098813972,7250.72242202965,4187.54164757657,7017.43365891747,3452.4998469854,402.088756000216,376.880332785105,173.541262542524,279.358663637717,788.293370518553,762.930382574198,0.00439304243656728,0.00387275114512239,5.11233735162864e-06,0.00114440272929397,0.00886386945484631,4.78663000150859e-05,2.74899745144424e-05,5.56033674407768e-08,6.539334352405e-06,8.48893161847111e-05,-783.839438825009,0.18242140856879,0.134883019790224,0.8675,0.559171012533093
"constant",400,"sir_collapsed",146,9.013,3920.35111151131,4167.12421113731,1717.14667827222,3913.54903661404,7945.22604840559,4404.75111010346,7697.6284223083,3842.65954998933,434.966283314248,462.345968172341,190.518881423745,434.211587330971,881.529573771839,854.05840700192,0.00646184423437776,0.00585599770244528,9.3905325047331e-06,0.0018553226784546,0.0125764253171725,4.19750559401547e-05,3.06384265917893e-05,1.01771426287003e-08,7.94624725058537e-06,8.41652622016699e-05,-795.077451776491,0.15963862167352,0.0959803024410823,0.935,0.592054183081744
"constant",400,"sir_collapsed",147,9.302,4353.92320448342,3542.84944639386,1152.51429734292,1827.85247315438,7422.8020179928,4713.96186904973,6545.01634030727,2720.47963982699,468.063126691402,380.869645924947,123.899623451185,196.50101839974,797.979146204343,703.613883068939,0.00586876685237363,0.00527325934282609,8.81388738219396e-06,0.00132058275167995,0.0114292628908894,7.46967802756506e-05,3.23291484651388e-05,2.31557361798563e-07,6.909476633263e-06,0.000141012581461988,-784.749546343523,0.192204602356934,0.123190958175315,0.9125,0.58588544516538
"constant",400,"sir_collapsed",148,9.161,4246.10727745125,4463.8604477469,1645.76787839667,1812.80563411898,7910.40907473962,4586.35113594282,7213.39470640179,3281.60199947701,463.498229172716,487.267814403111,179.649369981079,197.8829422682,863.487509522936,787.402544089268,0.00704523950871764,0.00649511557559927,1.1162029546065e-05,0.00165675017363105,0.0133625274914204,7.91733920875701e-05,3.1498247904263e-05,4.95716200910797e-07,6.45953884426203e-06,0.000137834931331854,-797.302502221106,0.167973882700907,0.124714601026485,0.9275,0.606124855648965
"constant",400,"sir_collapsed",149,9.137,4203.5281722863,4103.31871754934,912.822961510179,2718.79776724525,7804.69443602973,4495.99145329891,7278.8694963515,3451.78564195918,460.055616973438,449.088181848456,99.9040124231344,297.559129609856,854.185666633438,796.636696547171,0.00745476813097709,0.00682645499983547,1.32001642334657e-05,0.00163305226614163,0.0141236657032531,6.46133492541597e-05,3.2554089216894e-05,2.60024156427769e-07,8.09120404656765e-06,0.000106320538807744,-769.188491162104,0.198452607243884,0.155544708340008,0.93,0.616920890291869
"constant",400,"sir_collapsed",14,8.992,3697.02419920839,3691.4082980235,2039.98194253837,2913.89605460838,7560.78096379027,3900.58691520391,7339.37284886184,3387.50869181634,411.145929627268,410.52138545635,226.86631923247,324.05427653563,840.834181916178,816.211393334279,0.00514937048178725,0.00469477356346739,5.8929434645802e-06,0.00136816868706118,0.00992904999219971,4.49716736978127e-05,2.86860694787067e-05,3.69667890150764e-08,7.72511414826937e-06,8.94807442667415e-05,-787.060911048294,0.190791946635316,0.134781501179861,0.9075,0.564868644421079
"constant",400,"sir_collapsed",150,9.247,4879.11805364226,5184.62618574003,1729.03032051385,2843.47272168151,8407.93569863677,5270.80240582449,7893.68616783557,4371.56378188867,527.643349588218,560.681970989513,186.982839895517,307.502186836975,909.260916906756,853.648336523799,0.00964176837395426,0.00892925987004057,1.8988798399482e-05,0.00244361521640163,0.0180324155387981,5.2773013202636e-05,2.97472640796444e-05,1.81667724424081e-07,7.00404805436363e-06,9.91565605171944e-05,-787.736618711438,0.160404383296945,0.112915216467039,0.9375,0.648152449907992
"constant",400,"sir_collapsed",151,9.378,2786.76400488795,2984.98972633623,689.654481645001,2194.90891854823,7352.38634814059,2934.29436285141,6373.62679010308,2520.78609350046,297.159736072505,318.297049086823,73.5396120329496,234.048722387314,784.003662629621,679.636040744623,0.0054167596955685,0.00491550908232503,6.97596208657155e-06,0.00117633561052285,0.0105177093886353,5.02685456070318e-05,3.3141180455152e-05,3.11435933348344e-08,8.8430337674437e-06,0.00010453741259675,-788.53104269563,0.189443545425568,0.14202685753113,0.91,0.571052910487412
"constant",400,"sir_collapsed",152,8.972,5306.2970334099,5286.5000184884,1824.90848442639,2514.31426919654,8436.6407568852,5675.91914093375,7776.27261576285,4254.35505737986,591.428559229815,589.222026135577,203.400410658314,280.240110253739,940.329999652831,866.72677393701,0.0106113448372729,0.00984944487337746,2.44901656623958e-05,0.00272005279787806,0.0201527919268582,5.02466288571602e-05,3.16040345967883e-05,2.94455894851915e-08,9.1992191851619e-06,0.000106418723235161,-799.6924735534,0.16339396586477,0.121470217987591,0.9625,0.671038992251537
"constant",400,"sir_collapsed",153,9.403,3940.8086702721,3676.7449415041,1821.21219494769,2452.72839823586,7889.1014602971,4444.56940059686,7216.01629347353,3625.19685876016,419.101209217494,391.018285813474,193.684164091002,260.845304502378,838.998347367553,767.416387692601,0.00682750475359005,0.00624770071665304,1.00616936273334e-05,0.0020445735946892,0.0131975227060675,6.07576487453924e-05,3.22679624313119e-05,8.44630139573274e-08,6.01981759350549e-06,0.00012547858901472,-794.937552276633,0.182178645079001,0.128538561850695,0.9175,0.595467066633656
"constant",400,"sir_collapsed",154,9.235,3975.41456808628,3786.83827674607,1703.71665923156,4013.55700944293,8035.92372963262,4339.00427612874,7765.5005727387,3780.86600141912,430.472611595699,410.052872414301,184.484749240017,434.602816398801,870.159580902287,840.877160015019,0.00830017654445844,0.00751353820197366,1.73751001101493e-05,0.00207335691421018,0.016921921749625,4.08857498968929e-05,3.29123985535943e-05,1.5526693252543e-09,9.07908780034135e-06,8.57217714440658e-05,-781.464846142997,0.182351671803043,0.130001041867406,0.955,0.638037332694099
"constant",400,"sir_collapsed",155,9.029,4089.49657337951,3899.87130929798,1860.30008783755,3504.58724073885,7707.18074470826,4409.59841450203,7459.12166607457,3848.41921351894,452.92907003871,431.92726872278,206.03611560943,388.147883568374,853.602917788046,826.129323964401,0.00559341251031438,0.00508300373444887,7.44982704957884e-06,0.00125513138717281,0.0107943532597086,3.89883522786817e-05,2.96814454782298e-05,2.70497699316143e-09,9.35693000616505e-06,8.48981037776563e-05,-784.048319479753,0.181161507463024,0.125155865911006,0.9125,0.570106514231142
"constant",400,"sir_collapsed",156,9.109,3196.90299946339,2952.77566021918,1623.97957345373,1318.43603215865,7373.29260472535,3691.69292286909,6119.82380955167,2630.63147494884,350.960917714721,324.160243739069,178.282969969671,144.739931074613,809.451378277017,671.843650186812,0.00679347034854915,0.00618532991016667,1.13254869736973e-05,0.00140515907262817,0.0132205794997539,0.000100251579788349,3.44478530718767e-05,4.81362842073858e-07,6.05778846817843e-06,0.000148346618210298,-779.301286685497,0.204328435056348,0.152123603988953,0.8975,0.614574094460818
"constant",400,"sir_collapsed",157,8.972,3694.5488315206,3861.61256944876,2476.4366090121,2476.80858710429,7089.48364528411,3839.74331415701,6662.90716597358,3599.68270257723,411.786539402653,430.407107606861,276.018346969695,276.059806855137,790.17873888588,742.633433568165,0.00398765848699501,0.00359419093368307,3.68537223982807e-06,0.0011602555076751,0.0080095510653287,5.08169926895746e-05,2.97553428435305e-05,5.57130888084877e-08,7.50089293360773e-06,0.000102115432286837,-796.292337881257,0.179158910617876,0.117949737333917,0.895,0.540651037988
"constant",400,"sir_collapsed",158,8.929,3489.23916868263,3652.1101887027,1488.9492234623,2090.55463859414,7206.14564252773,3717.0431955851,6769.91444827361,3262.15610002881,390.776029643032,409.016708332702,166.754308820954,234.130881240244,807.049573583573,758.19402489345,0.00478265969640662,0.00425617187448066,6.05347270073106e-06,0.00134083709657233,0.00963571113312396,5.24691473892888e-05,3.11035392833562e-05,3.36178256261343e-08,6.51060359392796e-06,9.91559857597221e-05,-790.207537145674,0.185577192656615,0.112731938090062,0.905,0.560250011357575
"constant",400,"sir_collapsed",159,9.258,4014.70447820116,3693.0972050896,1503.27791295036,1825.60422859319,7681.72609470212,4255.53942412964,6951.77307799156,2350.73899017861,433.647059645837,398.908749739642,162.376097747932,197.192074810239,829.739262767565,750.893613954586,0.00757023630728801,0.00698552950655775,1.37883579782033e-05,0.00181600803306971,0.0149155568055333,6.94491136372934e-05,3.39245056752315e-05,2.03118965870191e-07,8.02967253750315e-06,0.000143074068610197,-774.673887613471,0.159704914164691,0.11703616980676,0.9525,0.626425858665768
"constant",400,"sir_collapsed",15,9.5,5201.93083664249,5235.79771118665,1347.12637722783,2280.4161050779,8329.46578452141,4690.97049257437,7443.19627698454,2982.35701749066,547.571667014999,551.136601177542,141.802776550298,240.043800534516,876.785872054885,783.494344945741,0.0123948485458608,0.0116454750144536,3.07287048092451e-05,0.00237463154679839,0.0227497106438021,6.60967867497923e-05,3.39283211186735e-05,1.96982031676799e-07,8.03455264897989e-06,0.000115003287437092,-787.605737890524,0.174587033580523,0.130627967922745,0.9625,0.689196116364424
"constant",400,"sir_collapsed",160,9.624,3902.33025314781,4110.67636230323,1886.89212582038,3124.85789632167,7605.32163747384,4175.06104500073,7339.13756432097,3985.43215624346,405.479037110122,427.12763531829,196.061110330463,324.694295129018,790.245390427457,762.587028711655,0.00556888051008549,0.00495998010273108,7.97703625322212e-06,0.0015984734464089,0.0111306645595705,4.06424697149615e-05,2.79732013650268e-05,8.31992474613393e-09,7.21273988121031e-06,8.30390909082511e-05,-791.643723548875,0.168198263226717,0.122462226369414,0.9325,0.580295904258549
"constant",400,"sir_collapsed",161,8.983,3565.30684744142,3941.13882908966,1784.51913088851,2493.64954944615,7530.99147008593,3811.27465611582,7171.57292991811,3837.10688180956,396.894895629681,438.733032293182,198.655140920462,277.596521145068,838.360399653337,798.349430025393,0.00467452739086444,0.00418908803776626,5.49367179686584e-06,0.00129295831637952,0.00919924352043438,4.27473586983658e-05,2.80535894730722e-05,2.3963236923862e-08,6.93278193146609e-06,8.2334525766949e-05,-803.592554635351,0.184952825871276,0.124000532539597,0.9025,0.550321824671964
"constant",400,"sir_collapsed",162,9.016,4221.63115157059,4271.44823459074,1197.08219546033,3666.08004104395,7871.9695278042,4458.03668406063,7581.99477820558,3995.987498908,468.237705364972,473.763113863214,132.773091776877,406.619347941876,873.111083385559,840.948844077815,0.00676317824896189,0.00589212241578425,1.49966743683933e-05,0.00142422605937213,0.0139821942689066,4.04611920332893e-05,2.97402354768511e-05,1.47034228650066e-08,8.79143245993408e-06,7.69925912508703e-05,-815.331858073527,0.175452424561125,0.131047799388731,0.92,0.601321620794513
"constant",400,"sir_collapsed",163,9.225,4475.64912869289,4515.01140111072,1308.0976078751,2325.00122290783,8184.02670591409,4627.77030971199,7304.92723803361,3246.57053966382,485.165217202481,489.432130201704,141.799198685648,252.032652889737,887.157366494752,791.862031223156,0.00941802422558283,0.00883745280202732,1.92818568084174e-05,0.00210180288840683,0.0178617732127829,5.64871633607246e-05,3.41200844770868e-05,8.30036398799466e-08,9.24294881213534e-06,0.000111567939692918,-771.826570742425,0.174850314038915,0.138359661602422,0.96,0.653458442659249
"constant",400,"sir_collapsed",164,9.072,4330.89640779274,4485.4250932512,1521.56890186333,3877.3773661137,8097.16630061536,4496.18502469529,7747.66700380301,4289.32571158357,477.391579342233,494.4251646,167.72143979975,427.400503319412,892.544786223033,854.019731459767,0.00736093512012551,0.00664141464219172,1.22478217158345e-05,0.00195557007466247,0.0142078021736637,3.9150357506307e-05,3.14147556387794e-05,2.16859036371773e-09,9.93839091907006e-06,8.23555604590562e-05,-806.088302853815,0.162596203749562,0.108036866402291,0.955,0.611696623829926
"constant",400,"sir_collapsed",165,9.215,3421.28190714392,3274.05302950577,2195.5544864568,2054.96317924208,7222.62670927548,3736.59562110574,6688.04242670001,3160.90869089203,371.273131540306,355.296042268667,238.258761416907,223.001972788072,783.790201766194,725.777799967446,0.00488634341426019,0.00444259821768135,5.39941359484292e-06,0.00134011458354694,0.00963741428883103,9.33342199996722e-05,2.99095597650529e-05,1.41631905077679e-06,4.28750118827444e-06,0.000137314839883096,-800.584459331735,0.177988707962322,0.126914962604894,0.905,0.560894771566266
"constant",400,"sir_collapsed",166,9.114,4734.26765612649,4849.40732469386,1749.42764100391,2325.56303962526,8021.48107102388,5164.1677640747,7455.9265701654,3705.24584291498,519.450039074664,532.083314098515,191.949488808855,255.163818260397,880.127394231279,818.074014720803,0.00693550305067413,0.0064692987957921,9.91520837156984e-06,0.00160962823853412,0.0127407440746955,5.30809150872721e-05,3.02604109823356e-05,9.73927735567093e-08,7.77152893268204e-06,0.000109349932653108,-782.051377616079,0.185858024200578,0.134540964790043,0.9375,0.598559420236082
"constant",400,"sir_collapsed",167,8.97,3887.65232215153,3919.90351387983,1750.63974278583,2087.05109289061,7680.99397925309,4219.18753948957,7150.03998511584,3568.23513935656,433.406055981218,437.001506564084,195.16608057813,232.67013298669,856.298102480835,797.105906924843,0.0064855470092219,0.00572258011664575,1.23511118265356e-05,0.00171448141481952,0.0137998867280562,6.7216298946712e-05,3.09506144685677e-05,4.94797097759917e-07,7.47928504493605e-06,0.00011951842650298,-815.900497746803,0.164974721963504,0.114336498905194,0.9225,0.59148151278226
"constant",400,"sir_collapsed",168,9.015,4020.52927861317,3770.07486783261,1756.28656552002,2431.71789329591,7884.85757003651,4431.15064342655,7570.00555556297,3762.512600961,445.982171781827,418.200207191637,194.818254633391,269.741308185902,874.637556299113,839.712208049137,0.00736249793696038,0.0065208112817012,1.42941831739182e-05,0.00161932942813305,0.0149341087518155,5.62509754684516e-05,2.87076623017893e-05,1.31409653305991e-07,5.29456195321736e-06,0.000108153175209347,-790.132851465112,0.171504641236375,0.120496789062347,0.935,0.616495208595077
"constant",400,"sir_collapsed",169,8.982,3013.54029466469,3106.29471959373,1299.27343893638,2086.18849032064,7300.56824181934,3204.25711566708,6465.21715286473,2828.8848725586,335.508828174648,345.835528790217,144.653021480336,232.263247642022,812.799848788615,719.797055540496,0.00527308301981995,0.00474798125784683,6.63323676278061e-06,0.00142913507770634,0.0101636243651787,6.30375711929593e-05,3.50880833850508e-05,2.19392574573766e-07,8.11589311139233e-06,0.000126447737345423,-775.394419370717,0.150613408289971,0.102892320221407,0.9375,0.576150370403175
"constant",400,"sir_collapsed",16,9.205,3938.22270240747,4451.10772615556,1837.1171933688,1832.22230679459,8002.06869107295,4347.76768168109,7057.80341841681,3088.22841727645,427.83516593237,483.553256507937,199.578185048213,199.046421161824,869.317619888425,766.735841218557,0.00755767119324583,0.00706306906264828,1.16700777090852e-05,0.00164042916176658,0.014053801419921,6.9722421537403e-05,3.15855874558741e-05,4.08813013036651e-07,7.78132008811298e-06,0.000135424969496762,-781.207204465207,0.192891554877703,0.138691038461049,0.9425,0.611685481523884
"constant",400,"sir_collapsed",170,8.973,3839.59343634937,4019.175393416,1041.54792006081,2899.46657555167,7625.29454598565,4161.76999157952,7280.92319416457,3556.320033591,427.905208553368,447.918800113228,116.075773995409,323.132349888741,849.804362641887,811.42574324803,0.00540929460568763,0.00494078383678058,6.84483795676648e-06,0.00140038021068297,0.0104084259365882,4.36791179464151e-05,3.14892076350354e-05,1.82272823841664e-08,8.96519033299921e-06,8.68518358112104e-05,-809.567285479568,0.184458070549326,0.125454406564856,0.91,0.570074101676959
"constant",400,"sir_collapsed",171,8.989,2501.52125328214,2492.93571251438,2203.57124865599,1615.91174844461,6861.27796125483,2731.91794082189,6234.79311282462,2381.95780497793,278.286934395611,277.331818057,245.140866465234,179.765463171055,763.297136639763,693.602526735412,0.00418019436999837,0.00377043028208969,4.16460561788306e-06,0.00104835307997665,0.00812363710846662,7.59216043717621e-05,3.16928521677053e-05,1.60423499692279e-07,6.75999260840235e-06,0.000150987314997729,-767.670850174238,0.178610603415386,0.118937317110121,0.92,0.553060134123905
"constant",400,"sir_collapsed",172,9.162,4827.89194663643,5060.34849048372,2061.65764571045,3895.88890250086,8411.9773676789,5269.49419728185,8038.74040943959,4940.02909735762,526.947385574813,552.319197826209,225.022663797255,425.222539019959,918.137673835287,877.400175664657,0.00888682407099703,0.00827628798344269,1.44143046451753e-05,0.00256687666267741,0.016584055205843,3.89842968214698e-05,3.02743667836032e-05,2.51315091004041e-09,9.44471396046817e-06,8.44852567711236e-05,-770.566826006385,0.16356235758642,0.112031968126527,0.9475,0.637901655672346
"constant",400,"sir_collapsed",173,9.197,3511.28735669238,3656.2510998354,1994.80669175319,2825.70925466861,7586.09532526628,3637.20812334065,7106.37775731375,3583.38504546999,381.78616469418,397.548233101598,216.897541780275,307.242498061174,824.844549882165,772.684327206019,0.00580031597715714,0.00523660157494609,7.9214110121355e-06,0.00135634816386803,0.0111685646929255,4.86670116224073e-05,3.10428039966109e-05,1.87687844373782e-08,6.8611772910981e-06,0.000106362626032719,-779.270077457729,0.187843465411289,0.132625851330808,0.915,0.582484553298638
"constant",400,"sir_collapsed",174,8.981,3677.453188274,3438.43784260942,1911.93148722409,2421.14274632918,7479.97907244852,4094.23162026286,6920.6886984645,3348.15520747037,409.470347207884,382.856902639954,212.886258459425,269.584984559535,832.867060733607,770.592216731378,0.00546045984226957,0.00490280297263243,7.15952806875558e-06,0.00156620795573821,0.0107580288802354,6.2011320037067e-05,3.25722162366326e-05,8.19821318991356e-08,8.03202388140595e-06,0.000138229189105721,-773.309956350065,0.166394197357526,0.113317841747995,0.93,0.574632407340907
"constant",400,"sir_collapsed",175,8.94,2880.19670070623,2924.0750928443,2491.65980064227,2682.76192016698,7089.95361925322,3153.7787127437,6773.01430326669,2981.66280181683,322.169653322845,327.077750877438,278.709149959986,300.08522596946,793.059688954499,757.607863900077,0.00360305980179314,0.00327949574208735,2.71779452097079e-06,0.00126547278867944,0.00689523620970577,3.9043969686369e-05,2.61770378617549e-05,1.77902203968327e-08,7.49342021746583e-06,7.86700855729298e-05,-784.332204958775,0.203873062544997,0.144186527411126,0.865,0.52321579557151
"constant",400,"sir_collapsed",176,9.109,4372.1981140136,3944.33595991445,1563.55862138478,2020.87522693145,7866.11801257665,4694.3782027731,7113.00749805393,3973.21582024716,479.986619169349,433.015255232677,171.649865120735,221.854783942415,863.554507912685,780.87687979514,0.00717936955024733,0.006477227823447,1.40453616256904e-05,0.00140162196418865,0.0141649785418245,7.91594614757082e-05,3.15888164547429e-05,3.2953897556662e-06,8.03296998769857e-06,0.000110902909132113,-798.943999299794,0.203439847850731,0.155372412503511,0.9075,0.61390846696079
"constant",400,"sir_collapsed",177,9.095,3562.57556198432,3722.41388844567,2183.45786299609,2399.17676072015,7398.18379127894,3995.41391124602,6915.12247883889,3560.13561725572,391.707043648633,409.281351121019,240.072332379999,263.790737847185,813.434171663435,760.321328074644,0.00518263673668388,0.00457573218461179,7.15738285335057e-06,0.00135138936222799,0.0106476457854037,6.58404254002559e-05,2.8785224832555e-05,2.08647857542272e-07,7.16084656466227e-06,0.000111545741893974,-776.65252965388,0.172757185510254,0.121180690253642,0.89,0.57190823961946
"constant",400,"sir_collapsed",178,9.527,4266.37211274342,3614.48073184702,1486.51833170574,1893.00039672603,7933.87383449003,4385.53375283863,6784.73386272871,2358.30705637247,447.819052455486,379.393380061616,156.032154057494,198.698477666215,832.77777206781,712.158482494878,0.00797751534751653,0.00727591113779741,1.60575742642175e-05,0.00178778776717071,0.0157596867079826,6.59105451746273e-05,3.05181540680444e-05,1.59908319598974e-07,6.30741639472852e-06,0.000109771174992795,-799.346555104157,0.158353351220177,0.113568036634493,0.9575,0.620245917169939
"constant",400,"sir_collapsed",179,8.908,5166.94325985675,4695.45651280166,1840.00342817871,2525.0468704702,8095.23464227689,5489.15349915391,7618.11584539974,3999.88853602165,580.034043540273,527.1055806917,206.556289647363,283.458337502268,908.760063120441,855.199353996378,0.00814925772260401,0.00761899738412238,1.37326050374767e-05,0.00205406216442463,0.0153719218641463,5.17421288650413e-05,3.10401568567649e-05,3.71420183949817e-08,8.26649087515666e-06,0.000111693200704765,-777.048362512353,0.211306825360309,0.142878437588703,0.91,0.624336065360791
"constant",400,"sir_collapsed",17,9.429,3627.15804528322,4237.26250194719,1091.06881100851,3669.48296226261,7827.85576742422,3758.6945944511,7653.22104007281,3659.91792254277,384.681095056021,449.386202348838,115.714159614859,389.169897365851,830.189390966615,811.668367809186,0.0059849658818453,0.00536597494026157,9.0686554842218e-06,0.00116625828318232,0.0118499054678321,3.61935586400233e-05,2.90462098484511e-05,1.96328390758223e-09,8.39739500473663e-06,7.21369215670487e-05,-786.404796910443,0.14869652310692,0.0984430514211887,0.9475,0.586567339100889
"constant",400,"sir_collapsed",180,8.911,3478.69162381206,3643.49638473062,1900.34388606842,2300.54804090664,7496.21744496603,3724.19139273405,7064.69961805496,3373.77523829664,390.381733117727,408.876263576548,213.25820739181,258.169458075035,841.231898211876,792.80660061216,0.00486503496991687,0.00438543672771702,5.78139092034144e-06,0.00129326715089347,0.00978768556606808,4.65224056925568e-05,3.01331069532768e-05,2.02624900755273e-08,7.84470255665509e-06,9.85577178779334e-05,-802.194092605797,0.180498354048573,0.132039615150499,0.915,0.550083758585945
"constant",400,"sir_collapsed",181,8.978,3116.10453113447,3075.00739430452,1361.51497029556,1706.00785758197,7418.20553218866,3424.4944889082,6516.3911034405,2799.99364797532,347.082260095174,342.504722020998,151.650141489815,190.020924212739,826.264817575034,725.817676925875,0.0055917160238122,0.00514084612755977,7.13421501368923e-06,0.00143217768585441,0.0109752203397688,7.14884418612564e-05,3.4267843843068e-05,3.38267689665717e-07,6.02744574556794e-06,0.000143263892308813,-767.860752271973,0.151503352149123,0.0995268448667909,0.9325,0.583019558352779
"constant",400,"sir_collapsed",182,8.994,3784.12049873506,3855.40007951653,1175.35117139999,2053.65770852137,7744.3327975714,4126.34527793784,7022.43744677463,2972.40034699699,420.738325409724,428.663562321162,130.681695730486,228.336414111783,861.055458924994,780.791354989396,0.00628717098007197,0.00573451464402821,9.11011872930308e-06,0.00141268223098461,0.0121197007184548,5.80264754790921e-05,3.00189905971613e-05,7.98014246956957e-08,8.6475309515764e-06,0.000105445246591098,-789.42209719,0.172442485151226,0.10934247658364,0.93,0.590415781371712
"constant",400,"sir_collapsed",183,9.369,4690.39553624478,4748.65492991365,1759.13823652269,2697.52229825837,7861.52330343627,4834.33316780931,7522.83106215234,3804.52113405497,500.629259925796,506.847574972105,187.761579306509,287.919980601811,839.099509385876,802.949200784751,0.00739485946384935,0.00663246750449842,1.46695974180784e-05,0.00177987842220575,0.0153195199831375,4.88106722147805e-05,3.03747690834503e-05,6.78945325346603e-08,8.26382390659861e-06,9.50152847736284e-05,-802.589280624679,0.156709229325992,0.114716475666601,0.9525,0.609677235015744
"constant",400,"sir_collapsed",184,9.237,4081.20886007902,4064.93298318537,1594.49241144025,1801.72741539485,7816.5579101371,4582.3721639846,6686.88612149181,2437.72079116795,441.832722754035,440.070692127896,172.620159298501,195.055474222675,846.222573361167,723.924014451858,0.00756738147696544,0.00710733028582551,1.25537697817229e-05,0.00175049261404074,0.0142293858501682,7.24561523529912e-05,3.23156703284257e-05,1.42282240780619e-07,4.8717895622219e-06,0.00013670278882367,-774.50630744274,0.158944016899925,0.112651092390109,0.945,0.623172884080058
"constant",400,"sir_collapsed",185,9.26,3901.03125249236,4251.81469076429,1468.73869886496,2636.61091901288,7827.18002092386,4465.6050370984,7338.67316432667,3391.42542556106,421.27767305533,459.159253862235,158.611090590168,284.731200757331,845.26782083411,792.513300683225,0.00724720107107793,0.0065425813871322,1.36212439952251e-05,0.00190867147042784,0.0146679078831827,5.01754272397191e-05,3.23927913337702e-05,3.47298520860204e-08,8.11491297116756e-06,0.000102815967482536,-785.805371222594,0.16858238221975,0.117289972816,0.9425,0.61683474840404
"constant",400,"sir_collapsed",186,9.108,4327.95044700369,3952.33772714003,1456.30408367717,2352.83072049069,7927.66078167512,4548.73776725191,7391.87703112221,3195.65626656481,475.181208498429,433.941340265704,159.892850645276,258.325726887427,870.406322098718,811.580701704239,0.00821580351486702,0.00750568598305301,1.64337337847227e-05,0.0018110075856775,0.0160997239398214,6.03644230417844e-05,3.44734268269134e-05,7.07831482503761e-08,8.72548913694905e-06,0.000126840471207494,-779.226201969638,0.133463099158373,0.0911143232242269,0.9575,0.629953021806657
"constant",400,"sir_collapsed",187,9.176,4385.97544673286,4087.49347832199,1348.06655498585,2213.05888901388,7998.47482038733,4868.6009868088,6874.92946365437,3090.21822068538,477.983374752927,445.454825449214,146.912222644491,241.179041958793,871.673367522595,749.229453318915,0.00839392220328034,0.00781040350338959,1.48688267272664e-05,0.00251964822694257,0.0158045607507651,6.58912819769296e-05,3.72777542743329e-05,1.65033993870911e-07,8.97969831238922e-06,0.000132212049580403,-774.747791148763,0.189248003564965,0.138903847836563,0.9075,0.638002345259459
"constant",400,"sir_collapsed",188,8.929,4874.19405182933,4935.4845599297,1693.08605629053,2937.17698435267,8209.10109709069,4944.44531008809,7963.8841764171,3843.5880310355,545.883531395378,552.747738820663,189.616536710777,328.948032741927,919.375192864899,891.912215972349,0.00898159158024591,0.00824429977134715,1.89984863460962e-05,0.0020281311624083,0.0174158055236934,5.58711497075045e-05,2.98854140137896e-05,3.64917677381674e-07,8.08708607566173e-06,9.91033235136863e-05,-797.688215626272,0.153056232604774,0.108227494084014,0.94,0.63841959960926
"constant",400,"sir_collapsed",189,9.306,4465.00454289875,4109.85508567402,1622.5263862422,2587.9954219485,8201.77258614131,4883.49541761767,7452.68108551888,3499.33303115768,479.798467966769,441.634975894479,174.352717197743,278.099658494359,881.342422753203,800.84688217482,0.00868521398903961,0.00820231249943872,1.42800837923087e-05,0.0023817005333308,0.0157911588465361,5.77525441172308e-05,3.25855142977809e-05,9.448782097743e-08,7.51790948715009e-06,0.000120247170435319,-784.520978379226,0.169697164309717,0.121281239596765,0.9375,0.634292958788596
"constant",400,"sir_collapsed",18,9.374,4968.3590038622,5077.40363223333,1694.08000683638,3080.71732663687,8563.60755144887,4952.87651876407,8376.35281825242,4656.03366804994,530.014828660359,541.647496504516,180.721144317941,328.644903630987,913.548917372399,893.572948394754,0.0118266053105361,0.0110272443156202,2.87176937187299e-05,0.00261547787704105,0.0224692777539271,5.72261441199695e-05,2.78641680485736e-05,2.35011687863038e-07,6.75083617604633e-06,8.71833524436371e-05,-795.707897019853,0.16619837506433,0.130437995238666,0.96,0.674258973906767
"constant",400,"sir_collapsed",190,8.999,3914.84560228125,4126.23098765821,1924.7225296295,2792.67040520296,7730.76716053602,4254.27673518476,7254.12073159931,4024.77810236495,435.031181495861,458.52105652386,213.881823494777,310.331192932878,859.069581124127,806.102981620103,0.00653635524154313,0.00593491109982857,1.01993114498504e-05,0.00171600319343509,0.0126991888221169,5.08377572591828e-05,3.51765323733286e-05,1.60576050947071e-08,6.61655025789966e-06,0.000115255616530479,-765.779476333966,0.166563670875704,0.120429417590772,0.935,0.602474159944674
"constant",400,"sir_collapsed",191,8.985,4354.706338635,4385.81099202606,2027.70244995143,3203.16103110957,8384.37026886997,4311.3796320698,8313.89150699945,4256.66068853244,484.664033237062,488.125875573296,225.676399549408,356.500949483535,933.151949790759,925.307902838002,0.0098224775135032,0.00900357440249068,2.20628591456345e-05,0.00219138078382467,0.0189630611027283,4.56366462195364e-05,2.81373087448683e-05,4.7126745439124e-08,8.73646131209105e-06,8.40132391776054e-05,-796.618792364289,0.164703444638379,0.12504418473518,0.9575,0.647734539341909
"constant",400,"sir_collapsed",192,9.061,4840.69867447401,4508.39504639242,1666.40418304848,1864.33181073123,8336.87508842967,4950.89364253444,7233.07546434468,2609.37232330877,534.234485649929,497.560428914294,183.90952246424,205.753427958418,920.083333895781,798.264591584227,0.00985299841166052,0.00924577897867936,1.75048822529919e-05,0.0029237897833088,0.0177801546089636,6.71274518805616e-05,3.14072165786536e-05,4.56665233899817e-07,8.06348430358376e-06,0.000113303270378797,-785.691318318244,0.154684238669526,0.105119271921966,0.965,0.647513111182595
"constant",400,"sir_collapsed",193,9.035,3289.16487131465,3196.05665856905,1383.39278704132,2274.82328416337,7505.03622567537,3720.63442700266,6729.32824449322,2982.31407824819,364.04702504866,353.741744169236,153.114862981884,251.779002121015,830.662559565619,744.80666790185,0.00600094951789417,0.00547205544565889,8.80493760337244e-06,0.00134310659247382,0.0117591354228333,6.34148681911085e-05,3.33469906730666e-05,1.53259447729901e-07,7.98031336545958e-06,0.000116423066936767,-794.494357568488,0.17063878992172,0.118603035722773,0.9275,0.582636630744983
"constant",400,"sir_collapsed",194,9.164,4448.4646805275,4301.94778686797,481.082053451515,3259.26823462946,7421.39699322461,4564.61258493705,7333.15822722951,4045.52180931525,485.428271554725,469.439959282843,52.496950398463,355.659999413952,809.842535271127,800.213686952151,0.00515497169435106,0.00463325715420364,6.27729966376525e-06,0.00101136196315235,0.0100059569864562,3.55360571922221e-05,2.83667188692134e-05,3.40883243043067e-09,7.27288617622028e-06,6.9807059764567e-05,-787.25551772681,0.196313927260961,0.14559816047943,0.895,0.564225982591211
"constant",400,"sir_collapsed",195,8.938,4520.73914481065,4255.43611036165,1824.26515980955,2537.61765056127,8231.07153952179,5088.87468173271,7494.36704843771,4086.31186806339,505.788671381814,476.106076343885,204.102166011362,283.913364350108,920.907534070462,838.483670668798,0.00844542623984539,0.00791206902921709,1.28050342864925e-05,0.00251200510383012,0.015071628864041,4.64697286427478e-05,3.19386678515691e-05,1.86136982176154e-08,8.03386743368897e-06,0.000103343942226121,-771.282777360776,0.184791109963966,0.141037168203245,0.9325,0.631620423400672
"constant",400,"sir_collapsed",196,8.963,3740.26238545478,3582.76260384038,2153.52648375225,2541.05729831048,7279.75123604589,4118.199270325,6957.02012449221,3518.35527381393,417.30027730166,399.728060229876,240.268490879421,283.505221277527,812.200294103078,776.193252760484,0.0046752752550753,0.00416863702334083,5.31765622590446e-06,0.00124164609953527,0.00910494116058136,5.99373093913825e-05,2.91855664972122e-05,1.22344010313672e-07,7.83502070315447e-06,0.000106517845652768,-798.884284174997,0.17942897080707,0.128166804831257,0.8975,0.559202324662552
"constant",400,"sir_collapsed",197,9.045,5407.31788602381,5324.47397428137,2230.07166475751,2856.25696273172,8640.31452514679,5425.61584423163,8341.67039755983,4773.71050514607,597.823978554319,588.664894890146,246.552975650361,315.782969898477,955.258653968689,922.241061090087,0.0123884441222659,0.0114099219466576,3.35695400224465e-05,0.00248309366513413,0.0233035107672288,5.57788129723004e-05,2.93542877317464e-05,5.96771139096834e-07,9.03023335720733e-06,9.06846055529371e-05,-788.259178728664,0.163436756563638,0.125960040325519,0.96,0.693924105176531
"constant",400,"sir_collapsed",198,9.016,3720.29533526628,3964.00759092499,1625.02756221331,2378.36795265995,7762.06584618063,4105.58753940658,7010.71479840964,2817.02517787887,412.632579332994,439.663663589728,180.238194566694,263.794138493783,860.921234048428,777.585935937183,0.00635554733369881,0.00594543339327635,8.35451720328284e-06,0.00157987644491655,0.0121054714867683,4.85463199841364e-05,3.49002798830414e-05,6.71028617674836e-09,8.7709533173661e-06,0.000105545277301719,-785.190870150993,0.175228228948135,0.117263734574777,0.935,0.586741091963524
"constant",400,"sir_collapsed",199,9.114,3617.76064755475,4205.00672813619,1828.14461463454,2900.04754614363,7525.9074539231,3894.80281287147,7347.90577620381,3832.12144183207,396.945429839231,461.378837846849,200.586418107805,318.197009671234,825.752408813156,806.221831929318,0.00627858319991137,0.00549677120802823,1.19644795733456e-05,0.00131112917982259,0.0130087747365939,7.21893136360148e-05,2.90189023594974e-05,1.8513813633547e-06,7.0567269362841e-06,0.000107860063459853,-798.669665774131,0.220058296869716,0.159257833930434,0.84,0.599916668025872
"constant",400,"sir_collapsed",19,9.413,5421.84585054921,5132.11869877223,1827.48446436053,1990.71701627182,8657.66118600964,5521.2719593204,8136.17615197984,3670.3903409888,575.995522208564,545.216052137706,194.144742840809,211.485925451165,919.755783066996,864.355269518734,0.0128325751407815,0.0120634171664026,2.72159607821666e-05,0.00390917876158422,0.0228048718105601,5.80868432894994e-05,3.22838695350029e-05,1.42430570457642e-07,8.02765759488344e-06,0.000108845362241762,-772.990493010305,0.156882201255246,0.114577683122813,0.955,0.689038625508717
"constant",400,"sir_collapsed",1,9.196,4373.57606158876,4580.5478562207,1341.86607959773,2490.56086347036,8121.51067068364,4823.32068427666,7502.62862678912,3677.38071529111,475.595482991383,498.102202720824,145.918451456909,270.830889894558,883.156880239631,815.857832404211,0.00878886965007985,0.00797913624505697,1.94589906223134e-05,0.00209389797498327,0.0169061140017894,5.32330703029167e-05,3.04625850062278e-05,1.52991470264507e-07,8.55721879557271e-06,9.75230569563286e-05,-806.101746758322,0.190305557089144,0.135204521287545,0.9225,0.636625546999663
"constant",400,"sir_collapsed",200,9.01,4083.86843052264,4182.61686663653,2062.38952945526,2325.09041806552,7887.03061251166,4406.42732186742,7169.22424608753,3768.03146776018,453.259537238916,464.219408061769,228.90005876307,258.056650173754,875.364107936921,795.696364715597,0.00651742171212279,0.00600915851732927,8.97061990709965e-06,0.00141832565870346,0.0121794719839182,6.66741443339523e-05,3.04497740237548e-05,2.51900604988113e-07,6.21542841024486e-06,0.000118632685623189,-781.509813660561,0.163759386775156,0.107302662225589,0.9425,0.593662304386747
"constant",400,"sir_collapsed",20,9.093,3907.89372079545,3683.01383186964,1759.20392108286,2654.2751716501,7704.47287060654,4252.16007826921,7112.38400290594,3494.50903674715,429.769462311168,405.038362682244,193.467933694365,291.903131161344,847.297137425111,782.182338381826,0.00584228292892218,0.00522940660247277,8.75050059061217e-06,0.00134047309965038,0.0114313195768964,5.01970415849525e-05,3.1786049321939e-05,2.8870003618048e-08,7.70539490701305e-06,0.000101910269417995,-784.09848095096,0.154674445828172,0.102530783834014,0.9325,0.579146038412349
"constant",400,"sir_collapsed",21,9.168,5003.62879792121,4915.54155060118,1736.94404493152,3109.75124523112,8150.76889364064,5004.94169279627,7642.80094635651,4156.94342815717,545.771029441668,536.162909096988,189.457247483804,339.196252752086,889.045472692042,833.638846679375,0.00830434909327175,0.00756596403602581,1.6284875451708e-05,0.00174146744262961,0.0158253003992346,4.46221444661712e-05,3.06960821988633e-05,1.3473328594757e-08,8.67170870189486e-06,9.41930091967491e-05,-803.660200841016,0.171261825135258,0.128322894806995,0.9375,0.631227192777247
"constant",400,"sir_collapsed",22,9.304,4407.09857491931,3842.43064632008,1517.29152116528,3096.46460117818,8026.99577769063,5061.91627281695,7769.7912448174,3751.10503435509,473.677834793563,412.98695682718,163.079484218108,332.810038819666,862.746751686439,835.102240414596,0.00699108080076226,0.00641369669777937,1.07683101699286e-05,0.00216877011039831,0.0132315839928172,5.50860954826432e-05,2.84209881185931e-05,4.62634885373966e-07,7.35527193543698e-06,9.24682198649519e-05,-783.122665060636,0.171274675869698,0.121703210675991,0.9125,0.605326216653767
"constant",400,"sir_collapsed",23,9.45,4342.42467309392,4282.95926405414,1617.3921392232,1896.64041067783,8019.73125407411,4546.29574302323,7182.08096874033,2829.11994673402,459.515838422637,453.223202545411,171.152607325206,200.702688960617,848.648809954933,760.008568120669,0.00817696089592384,0.00759597293708197,1.42382251257493e-05,0.00179800082097847,0.0155871085997917,6.45553438330704e-05,3.16776576163586e-05,5.50789243494009e-08,6.33443973131551e-06,0.000128151217303938,-797.165865642411,0.170736965234402,0.116907389958157,0.9425,0.626001354031272
"constant",400,"sir_collapsed",24,8.982,3962.1919360499,3951.34260664756,1967.22666392567,2451.5247059687,7509.24998382183,4378.23064817405,7013.67032919751,3556.3311094127,441.125800050089,439.917903211708,219.01877799217,272.937509014551,836.033175664866,780.858420084337,0.00551361967694167,0.00492393808150661,8.1614526045163e-06,0.00125959230266157,0.0109602128468654,5.29037201614267e-05,3.27429306404857e-05,2.76102607853158e-08,6.89432543864725e-06,0.000116004046227726,-784.761318970569,0.152587941962562,0.0991056848228505,0.9325,0.574909893255757
"constant",400,"sir_collapsed",25,9.003,3807.79607451037,3877.95498120538,1670.62091678754,2333.99406229148,7667.76073475006,4103.15108596267,7033.34936478381,3523.40465536373,422.947470233297,430.740306698365,185.562692079034,259.246258168552,851.689518466074,781.222855135378,0.00654449953888093,0.00582893630222711,1.10621354200027e-05,0.00158527708483357,0.0132448957074708,0.000129780884257564,3.20601368726087e-05,4.15876018541616e-05,9.25358907039381e-06,0.000115412427380558,-779.799591747543,0.192530929459375,0.141233188462177,0.9375,0.601285397180509
"constant",400,"sir_collapsed",26,9.056,3158.27672852397,3536.97264987165,1649.20792552362,2665.11534034326,7511.43212415349,3497.74794998201,6995.88965905253,3357.04403603451,348.749638750439,390.566767874519,182.112182588739,294.292771681014,829.442593214829,772.514317474882,0.00575615661378124,0.00519174469290211,8.31107832939437e-06,0.00135533684055156,0.011474122332284,4.97942447941201e-05,3.25962699063879e-05,2.51921939603357e-08,8.44900919314219e-06,0.000107945102173358,-772.266860673357,0.184420645497886,0.138575258788972,0.9275,0.588653363877675
"constant",400,"sir_collapsed",27,8.924,3220.47603480978,3349.49566494484,1193.14425429317,2048.22301303434,7137.96120981885,3460.73777576845,6708.00552559716,3172.16432274366,360.87808547846,375.335686345231,133.700611193767,229.518490927201,799.861184426138,751.681479784532,0.00471489754688731,0.00417272291621477,5.54316203016492e-06,0.00106268548811052,0.00944825491375649,5.41994404307675e-05,3.2286410354283e-05,4.55734427909282e-08,8.51316516022794e-06,0.000105207591809455,-790.567198208487,0.170794997449243,0.117890789002051,0.9175,0.56843941389462
"constant",400,"sir_collapsed",28,9.291,5447.44611259174,5299.77814851477,1481.51514957783,2069.1447089873,8127.52398339057,5104.43845463959,7399.5174519134,3005.54734318918,586.31429475748,570.420638092216,159.457017498421,222.704198577903,874.773865395605,796.417764709224,0.00921125874163457,0.00866461177570266,1.75205115026307e-05,0.00198167589185533,0.0171925149913293,6.47383634252696e-05,3.26001654792673e-05,3.13696249964506e-07,7.91051437488144e-06,0.000119334742879887,-782.595441214751,0.158936096709372,0.114865303701928,0.9525,0.641374419938141
"constant",400,"sir_collapsed",29,8.996,3511.43224604402,3507.7392726489,1600.94125044092,1919.8869235356,7798.81075835906,3880.95917492333,6780.30866864052,3314.71551500844,390.332619613608,389.922106786227,177.961455140164,213.415620668697,866.919826407187,753.702608786185,0.00699785477922454,0.00648609344831004,1.06404974632532e-05,0.00194856959611816,0.0135852291714131,6.87224648584531e-05,3.48413854897696e-05,1.29822846993023e-07,6.96929330313489e-06,0.000134853789217654,-778.567432662698,0.171316421397223,0.120538133134848,0.9525,0.614848930475865
"constant",400,"sir_collapsed",2,9.147,4206.95147998769,3822.43775398236,69.6314895961907,1867.36421591756,6515.43558465249,861.278097366603,6417.04643230257,1758.66200151533,459.926913740864,417.889773038412,7.61249476289393,204.150455440862,712.303004772329,701.546565245717,0.006256496720784,0.00576334186628678,1.0429179856153e-05,0.00144715257029432,0.0123494342477717,6.63248345129126e-05,3.31826571385297e-05,2.16925229276469e-07,8.10379639757235e-06,0.000113464803459294,-798.315260093922,0.180747895745659,0.130459251582493,0.9225,0.588835917114372
"constant",400,"sir_collapsed",30,9.093,4365.81750811528,4280.55216073984,2067.32951086928,3088.91351681563,7998.58195560697,4779.60785283294,7691.01984455847,4192.36704454006,480.129496108576,470.752464614521,227.35395478602,339.702355307999,879.641697526336,845.817644843118,0.00626214273610723,0.00571660926266706,8.89840072285639e-06,0.00156261145862524,0.0120250401139413,4.52317715523234e-05,2.81829126239786e-05,3.14538561662076e-08,7.29954276063502e-06,9.51610739594284e-05,-809.990315510635,0.189476642860019,0.134401499471029,0.915,0.578207215899854
"constant",400,"sir_collapsed",31,9.192,3230.66768210779,3251.171925042,1908.14764171439,2427.92394253545,7396.30948410287,3703.49476348707,6824.82244969705,3034.52188094031,351.465152535661,353.695814299608,207.587863545952,264.134458500375,804.646375555142,742.474156842586,0.00503509747201985,0.0045143821959196,6.39787969870972e-06,0.00135886143001029,0.0100076658506396,6.80346064871076e-05,3.10309643859219e-05,3.92805145210773e-07,7.70810608311009e-06,0.000115823644199351,-792.531315790591,0.1811464927127,0.12032182025903,0.8825,0.56103661891221
"constant",400,"sir_collapsed",32,9.134,3845.03719311327,3596.53358458263,1559.71861414176,2175.29231705032,7734.23517569715,4362.27451749232,7270.13775410605,3364.71027675131,420.95874678271,393.752308362451,170.759646829621,238.153308194692,846.752263597236,795.942386041827,0.00711222666948083,0.00639000213184541,1.34005318440292e-05,0.00156286787132234,0.0144836568898627,7.78436669851153e-05,3.08374712650895e-05,4.01984171423013e-07,8.3152913877919e-06,0.000116684919339333,-815.539308094636,0.157388915196292,0.103262723925949,0.9425,0.610858707877855
"constant",400,"sir_collapsed",33,9.126,4681.36304296228,5173.26999539081,1438.70214654791,2837.08879328256,8091.03805722977,4912.5016284937,7777.86325974374,4670.00068933454,512.969871023699,566.871575212668,157.648712091596,310.879771343695,886.591941401465,852.275176390943,0.00817079219225672,0.00740486445916711,1.72052400516743e-05,0.00209642691813898,0.0159771204227491,5.16542981086597e-05,2.85347066837299e-05,3.9264744574185e-07,7.36141636025766e-06,9.59909231687031e-05,-797.267645908545,0.189512242729155,0.138838196162224,0.8925,0.627186982077594
"constant",400,"sir_collapsed",34,9.209,3847.96745555076,3923.94584068005,1232.34550755561,1322.8667872283,7374.72411646803,2913.70003374158,5705.49448453016,1521.69642190239,417.848567222365,426.099016253671,133.81968808292,143.649341647117,800.817039468784,619.556356230879,0.00682356783524172,0.00625628633260559,1.09083184016308e-05,0.00132638125225887,0.0128527513580179,9.26995198733444e-05,3.29911050937178e-05,2.39045232285975e-07,7.81562172492244e-06,0.000143036463324033,-797.147640469322,0.172026930773191,0.116642822140518,0.9325,0.602543627845468
"constant",400,"sir_collapsed",35,9.022,3702.08516915997,3813.41315131197,1630.99845290262,2689.43739474064,7233.87142840548,3882.69164131064,6965.68779232694,3572.46081466468,410.339743866102,422.67935616404,180.780143305544,298.097693941547,801.803527865826,772.078008460091,0.00424573473850091,0.00377859807448443,4.23405017740692e-06,0.00118657463106684,0.00821499719846445,6.59983633651698e-05,2.73153029533568e-05,6.9230088176018e-06,7.38149511291458e-06,8.40330658240171e-05,-773.480131933806,0.180359765260394,0.125735368157955,0.895,0.550067605303201
"constant",400,"sir_collapsed",36,9.222,3196.21701385493,3553.85286421505,1930.04351576743,2141.27554982075,7293.624825287,3467.85278627946,6988.01369005826,3345.16621233321,346.586099962581,385.366825440799,209.286870068036,232.192100392621,790.894038742897,757.754683372181,0.00441709553721971,0.00392506118561718,4.96594963667466e-06,0.00120640384964863,0.00889465217982741,7.51263684576536e-05,2.80375397189323e-05,5.7997598097432e-07,5.56437472762608e-06,0.000120682199618318,-802.1973803784,0.21498000804212,0.166940555937723,0.8825,0.543458992812712
"constant",400,"sir_collapsed",37,9.093,3596.3083686336,3542.56027832888,1873.16357082954,2156.95563340447,7208.44784873146,3981.40065569612,6717.94628116158,3192.89453647765,395.502954870076,389.592024450553,206.00061265034,237.210561245405,792.746931566201,738.804165969601,0.00523633934926899,0.0046933197934132,7.31712546350989e-06,0.00138855686646361,0.0108705338867198,6.8826090426208e-05,3.32169874430241e-05,1.26069447842434e-07,7.36006046222055e-06,0.000140735636720312,-776.162354382482,0.159716997749988,0.114545726969337,0.93,0.57838926205493
"constant",400,"sir_collapsed",38,8.965,4546.81304904084,4363.09236446671,1285.32409199374,2394.07970193962,8060.22600837052,4445.8354111117,7470.20744960401,3777.82963097762,507.173792419503,486.680687614804,143.371343222949,267.047373334035,899.077078457392,833.263519197324,0.00882156266043205,0.00814947865057652,1.69063191199368e-05,0.00243314898279153,0.0170743740997892,6.55625608736067e-05,3.37404570822939e-05,1.44961756063547e-07,8.27780684423861e-06,0.00013312619475266,-786.65966994493,0.196085462645278,0.149704043230787,0.95,0.64245356181731
"constant",400,"sir_collapsed",39,9.013,3826.89043848311,4059.93621461289,1775.90444123566,2907.7549187982,7889.50310860817,4271.8964759128,7342.98234759518,3714.60932111939,424.59674231478,450.453368979573,197.038105096601,322.617876267414,875.347066305133,814.710123998134,0.00640990955776038,0.00585998243919435,9.2825298180047e-06,0.00146191824928091,0.0119826264428919,4.59035179386014e-05,3.17845395218594e-05,1.40875627956593e-08,8.88198163369708e-06,9.96963319350162e-05,-783.900521745677,0.177874285838095,0.13371421481942,0.93,0.59198884001131
"constant",400,"sir_collapsed",3,8.983,3682.33819884751,3827.26286883007,1488.9989229751,1933.5825774808,7534.92538160567,3745.76404992922,6496.74931975269,2974.22956710077,409.922987737672,426.056202697325,165.75742212792,215.249090223845,838.798328131545,723.227131220381,0.00620762269488901,0.00549255660794131,1.08546779492424e-05,0.00135951521501268,0.0126515070878553,7.52418746267508e-05,3.38296154819136e-05,1.62556933936698e-07,7.3759011516155e-06,0.000138156080110385,-812.257215554077,0.169971274808281,0.11701917246496,0.9275,0.593814602493003
"constant",400,"sir_collapsed",40,9.129,4571.33911224723,4777.6717911178,1928.05176714998,2774.29849358343,8338.70440907175,4879.1059122243,7918.58138883486,4085.52070133997,500.749163352747,523.351056097908,211.200763188737,303.899495408416,913.430212407903,867.409506937766,0.00950831577679808,0.0088856363703135,1.82709356988356e-05,0.00219066771726045,0.0178061877649,4.80286999744733e-05,3.20441148112915e-05,4.25803843203061e-08,8.43222232633428e-06,0.000100244370614996,-781.197502619922,0.154846714001995,0.112455217658818,0.955,0.643781767552083
"constant",400,"sir_collapsed",41,9.053,5456.45097289735,5804.51044995162,1654.31548094267,3352.88469287028,8484.32270179541,5379.60991643127,8412.1933106567,5086.97601052294,602.722961769287,641.169827676087,182.736715005266,370.361724607344,937.183552611887,929.216095289595,0.0112301375409671,0.0104370535372052,2.28165683277875e-05,0.00310789712715743,0.0201637388991102,4.41082231309539e-05,2.91542650208244e-05,2.49646360494417e-08,8.05413933530675e-06,9.08958816170912e-05,-802.162773596862,0.152060420507138,0.107803855957103,0.9625,0.667893801513601
"constant",400,"sir_collapsed",42,9.246,4211.53689858472,3967.61351324006,1172.31460528121,2172.91228923101,8139.09509176247,4022.34835101157,7165.08530971222,2722.42997107776,455.498258553399,429.116754622546,126.791542859746,235.011063079279,880.282834929967,774.938925990939,0.00831767137067619,0.00769123488937932,1.56946130937811e-05,0.00217831437480868,0.0162933944294559,5.23253122814015e-05,3.19305924349467e-05,6.36874523196717e-08,7.93027074183177e-06,0.000113164224949994,-789.733491297384,0.181527229555492,0.125135384497419,0.93,0.620402117874392
"constant",400,"sir_collapsed",43,9.463,3836.89308352679,4107.25419688158,1622.02954472066,3444.28590112435,8011.853295249,4241.91978004354,7583.98311673068,3604.45738723606,405.462652808496,434.032991322158,171.407539334319,363.973993566982,846.650459183029,801.435392236149,0.00689097620909376,0.00636756595390224,9.85602692738382e-06,0.00214472999340946,0.0130816748820097,4.13005859886448e-05,3.17661674242198e-05,2.81049482761602e-09,8.07652169599428e-06,9.17692234054317e-05,-790.214197147866,0.162482271980737,0.11446126387069,0.945,0.597143309542235
"constant",400,"sir_collapsed",44,9.002,3893.82864229512,3544.81289920098,1258.66534883434,2471.05168208703,7861.27861563672,4169.29148487323,7208.6466259658,3462.49045452326,432.551504365154,393.780593112751,139.820634173999,274.50029794346,873.281339217587,800.782784488536,0.00724610471727021,0.00661241530027712,1.20597676320677e-05,0.00174774045467124,0.013746167317916,4.59243270661107e-05,3.47377043898874e-05,3.94109159152123e-09,8.73256424873033e-06,0.000101474465666338,-787.535579475448,0.150430564548263,0.107506092152666,0.9525,0.611085659431698
"constant",400,"sir_collapsed",45,9.192,3490.45665643821,3534.43502593062,1325.46592768949,2133.76605079389,7422.92391329396,3808.23125788444,6871.89062476138,3381.87819992932,379.727660622086,384.512078539015,144.197772812173,232.132947214305,807.541766024147,747.594715487531,0.00490303957403503,0.00441647347140159,5.80890710747521e-06,0.00146901065339459,0.00967906375384057,5.03588723640816e-05,3.03908347479555e-05,6.12572710044887e-08,7.59737067993645e-06,0.000103066828894226,-787.201279666053,0.203018311825647,0.133881429353699,0.86,0.553660593110921
"constant",400,"sir_collapsed",46,9.054,4784.37897189641,5299.25620980423,1904.61934455073,3468.10258824809,8531.81089131421,5419.59401407731,8152.28050007478,4267.79546014574,528.427100938415,585.294478661832,210.36219842619,383.04645330772,942.325037697616,900.406505420232,0.00981135092758083,0.00916065703065178,1.85961455983705e-05,0.00316480677623365,0.0181028250694043,4.17224675400175e-05,3.07433820003032e-05,8.00093895267684e-09,8.18380694734331e-06,8.53719572839885e-05,-798.12999504034,0.180200321354165,0.120849412733602,0.9275,0.646657344954864
"constant",400,"sir_collapsed",47,9.289,4333.57167429092,4161.95415783343,1813.4166900373,2366.09227594974,7765.86554924795,4598.68623522629,7079.36649554733,3544.81240489013,466.527255279462,448.051906322901,195.221949621843,254.719805786386,836.028156878884,762.123640386191,0.00639249925355459,0.00583117762137683,9.72364843361159e-06,0.00148101015443839,0.0126436950567637,6.08575403462524e-05,3.06008027199142e-05,1.21123433483605e-07,7.19103404354585e-06,0.000118414398523486,-794.610842299366,0.160385545963211,0.101183907069063,0.9325,0.588814444654778
"constant",400,"sir_collapsed",48,9.37,3846.851098439,4058.28107546458,1658.81205438544,2094.79888076664,7590.3016473978,4126.24371220462,6880.45195143293,3339.46824960695,410.549743696799,433.114309014363,177.034370798873,223.56444832088,810.064209967748,734.306504955489,0.00576229533459842,0.00527755830353147,7.44582085883646e-06,0.00150119767970478,0.011134561394462,0.000106326003324718,3.35768952191928e-05,1.78861014523081e-05,6.77264272980237e-06,0.000131148866562279,-798.666741811344,0.145270721255139,0.0945999507194625,0.9375,0.587654666483117
"constant",400,"sir_collapsed",49,9.427,2708.59421618667,2580.88445098379,11.4971796833065,263.162208063765,5503.06522093639,64.5138913303747,5173.81026857744,76.8560379890626,287.323031312896,273.775798343459,1.21960111205118,27.9157959121423,583.755725144414,548.82892421528,0.00696158166360646,0.00656268299479665,1.50454863849171e-05,0.00222640864702571,0.0141858140118321,4.48966160633975e-05,3.6202418276689e-05,1.81309676531663e-09,1.04387323628291e-05,0.00010088815529517,-785.063040898831,0.182463795277104,0.129347970989533,0.9275,0.604043133005903
"constant",400,"sir_collapsed",4,8.974,4796.64737741256,4982.45822313464,1926.87298357757,4738.16213884188,8418.49852932946,5016.96401711092,8501.86715572187,4691.94766283246,534.50494510949,555.210410422848,214.717292576061,527.987757838409,938.098788648257,947.388807189868,0.00946848665039456,0.00883047787366525,1.87316716864679e-05,0.0024616523476604,0.0176388557528658,3.48206498600301e-05,2.81995802721466e-05,9.96674162239867e-10,8.11407897544506e-06,7.16727594546222e-05,-790.594196372428,0.143259019606564,0.100137807263829,0.9575,0.646659831711785
"constant",400,"sir_collapsed",50,8.874,3516.53853534445,3577.47360985875,1935.33552390461,3301.15980737868,7487.3568878355,3794.09116226101,7209.57838478539,3394.48632661327,396.274344753713,403.141042355054,218.090548107349,372.003584333861,843.740915915653,812.438402612733,0.00490230881384632,0.00444421287356775,5.768975461769e-06,0.00117812605539941,0.0095077396252883,3.80793934455491e-05,2.87702860320457e-05,3.66853431003517e-09,7.85940281588633e-06,8.03030375273586e-05,-784.252072152173,0.190220369207661,0.138573574922941,0.8625,0.565217259440186
"constant",400,"sir_collapsed",51,9.014,4502.52961472302,4366.58857790188,1518.32662968367,1958.55358974937,7872.00273759629,4917.9994045068,6924.3257807976,3065.45842612225,499.504061983916,484.422961826257,168.440939614341,217.279075854157,873.308490969191,768.174592944042,0.008145422272866,0.00737770686509875,1.68846573085871e-05,0.0015807599972915,0.0161591152703329,6.71706744092152e-05,3.32458868117354e-05,9.36748190804409e-08,6.91654195929145e-06,0.000136092065388411,-806.769751605878,0.176302176164739,0.124751227388109,0.9175,0.623247931495353
"constant",400,"sir_collapsed",52,9.128,3343.65570119126,3339.48000767767,1691.76004877262,2197.40990916644,7479.78276891117,3713.36272901334,7090.87499908974,3058.1575103591,366.307592155046,365.850132304741,185.337428656071,240.732899777218,819.432818680014,776.826796569866,0.00628045620252515,0.00554364427824344,1.08807540062229e-05,0.00145719463298662,0.012857317227603,7.81114507287552e-05,3.37076490005737e-05,2.15771688029537e-06,6.66643011262253e-06,0.000112539609030502,-781.464797381817,0.195252075116484,0.147485154481638,0.89,0.603331887908578
"constant",400,"sir_collapsed",53,9.416,5638.39120418814,5559.69116327727,1644.01121681188,2975.99071906855,8434.61784834937,5642.02920355964,7830.20900071967,4128.30361823216,598.809601124484,590.451482930891,174.597622855977,316.056788346278,895.775047615693,831.58549285468,0.0103132647893133,0.00955003602071801,2.03851756362534e-05,0.00295283557197146,0.0188403686105332,4.74658414343691e-05,3.34683424333614e-05,1.2467271856418e-08,7.3999611772608e-06,0.000111794504036388,-784.559654412666,0.152591542682105,0.113939017306148,0.965,0.663149781266232
"constant",400,"sir_collapsed",54,8.987,3826.55017504815,3912.97385778568,550.484846336567,2465.97088412913,7502.0411089498,4151.87994019579,6988.65273801015,3453.15656183355,425.787267725398,435.40378967238,61.2534601464968,274.393110507303,834.76589617779,777.64022899857,0.0057687263409319,0.00516937406208942,7.67592126727952e-06,0.00191385718020614,0.0111420926819376,4.66229700143094e-05,3.39921085102639e-05,8.9548393183133e-09,9.35067551518726e-06,0.000101255742339808,-783.399445826963,0.179192146623073,0.12810335905168,0.91,0.578121696508312
"constant",400,"sir_collapsed",55,9.342,3897.83031426369,3837.25794047949,786.942338817877,2358.46916611429,7544.57974589691,4028.02532842337,7380.07252019903,3691.7781341537,417.237241946445,410.753365497698,84.2370304878909,252.458699006025,807.5979175655,789.988494990262,0.00566747022608852,0.00505330823444523,8.54112752329271e-06,0.00152087489304415,0.011172365910896,5.36365209840203e-05,2.79640028617064e-05,4.56782249439738e-07,6.54748917003739e-06,8.09238428479437e-05,-778.852631782463,0.210211447152269,0.150344794110027,0.8875,0.573220402109007
"constant",400,"sir_collapsed",56,9.964,4895.22669061746,4777.07327635232,1806.4369147784,3616.77766567035,8291.10911594483,5195.45659758036,7885.80135499275,4538.22309815868,491.291317805847,479.433287470125,181.296358367965,362.984510805936,832.106494976398,791.429280910553,0.00800693307808367,0.00731923002077853,1.3386529944596e-05,0.00229665675685894,0.0149290909388805,3.94123200945832e-05,2.90519461304555e-05,1.38293869917731e-08,8.32179758961053e-06,8.3247680170057e-05,-792.037724271495,0.170074503524456,0.127401159114275,0.9375,0.617022989135858
"constant",400,"sir_collapsed",57,9.398,3854.10149853943,4226.80830838235,1907.7203913119,2291.37796577324,7898.92736909605,4203.95460888505,7066.30768636991,3963.11061444861,410.098052621774,449.756151136662,202.992167622036,243.815489016092,840.490249957017,751.894837877199,0.00633129926886036,0.00585428523122973,8.8636442407472e-06,0.00155937170284822,0.0118236024922648,5.62796891762368e-05,3.01603678077706e-05,5.62799780812599e-08,7.9492479190669e-06,0.000118527292271042,-795.483744074974,0.166564553930709,0.116973899788631,0.9275,0.585561918132009
"constant",400,"sir_collapsed",58,8.982,3866.81785908295,3747.7858039588,797.389883551421,2014.0031094584,7406.8445901608,4273.08683832181,6672.0648683982,2865.08400222272,430.507443674343,417.255155194701,88.7764288077735,224.226576426008,824.631996232554,742.826193319773,0.00604163984041776,0.0055060846870426,8.45871959869175e-06,0.00156986074405593,0.0117423838147208,5.26784348837004e-05,3.46887189690253e-05,2.01286105406644e-08,9.2785709314621e-06,0.000112587934764379,-770.476203984203,0.174650871748352,0.131622735403982,0.94,0.596589080675702
"constant",400,"sir_collapsed",59,9.13,5245.2980509285,5024.42077687601,1670.44458183993,3757.89876190056,8598.01279071736,5374.10274151821,8247.10964535336,4559.05547112679,574.512382357996,550.319909844031,182.962166685644,411.598988159973,941.731959552833,903.29788010442,0.0117281432361386,0.0108358417951001,2.89812436976186e-05,0.00259129918665136,0.0219359700667266,4.45674518874006e-05,3.19089118064458e-05,2.35871587474346e-08,8.61360838586914e-06,9.28466056372191e-05,-787.307739043473,0.175224944077764,0.125255198989808,0.95,0.683197953163286
"constant",400,"sir_collapsed",5,9.091,4111.57485368972,3550.33652889603,1559.89911745836,2222.08118390227,8024.24206754079,4351.08756565141,7247.94607132773,3202.49516344911,452.268711218757,390.533112847435,171.587187048549,244.42648596439,882.657800851478,797.266095185098,0.00789561442858254,0.00728287844604327,1.50197736585169e-05,0.00153574519520046,0.0155520527126762,5.72152521482234e-05,3.22478305750883e-05,1.25668167796435e-07,8.59819038555786e-06,0.000114330741991569,-791.895440350009,0.150886601410109,0.107038560061326,0.955,0.621912552855257
"constant",400,"sir_collapsed",60,8.956,4440.21974363228,4468.98091251964,1948.43060466202,2334.98822400365,8069.60919663099,4812.17285233313,7383.39013619978,3677.94249475173,495.781570302845,498.992955841854,217.555896009604,260.717756141542,901.028271173626,824.407116592204,0.00722933046876501,0.00665884259128879,1.04339693404707e-05,0.00199724710034678,0.0133469954550455,4.8393606177602e-05,3.1946365993173e-05,9.60296002174572e-09,5.75603009225647e-06,0.000110849396086573,-774.926091483825,0.163771171118431,0.123130487193545,0.95,0.604517125161895
"constant",400,"sir_collapsed",61,9.235,3658.44961864361,3677.55622118952,1652.28661743523,2636.55619255991,7460.60874681592,3934.80842335279,6984.10775316157,3544.89985403353,396.150473052908,398.219406734111,178.9157138533,285.496068495929,807.862343997393,756.265051777106,0.00520966456012686,0.00465818883059725,6.98891496489892e-06,0.00149594691639077,0.010585235743978,4.99276735594187e-05,3.09911629333369e-05,2.56176252763218e-08,8.53848007003588e-06,0.00010413881151305,-793.62105879836,0.181857363761128,0.134558022505813,0.92,0.568071236441719
"constant",400,"sir_collapsed",62,9.073,4241.8950309508,4206.37875753858,1078.90282961964,2713.05959847301,7972.43914011289,4577.1258699089,7579.45494513664,3714.46076728377,467.529486492979,463.614984849397,118.913570993016,299.025636335612,878.699343118361,835.385753900213,0.00827730724874873,0.00745468134151295,1.97132839465454e-05,0.00201571388966579,0.0173991300329029,5.19115833577539e-05,2.98413026980331e-05,8.18003135558704e-08,8.1013723830471e-06,9.41140270759888e-05,-808.025386062867,0.171522148133772,0.109315600435335,0.9325,0.633407803989353
"constant",400,"sir_collapsed",63,9.208,5199.06151376207,5138.91992985021,1924.58802647963,2908.69127608887,8450.03628451172,5481.93932062536,8019.76263228015,4330.48206757815,564.624404187888,558.092955022829,209.012600616815,315.887410522249,917.68421856122,870.955976572562,0.00981250678279981,0.00913571348106036,1.77453987903873e-05,0.00287621404070366,0.0178438037903884,5.78767735443892e-05,3.05014070189559e-05,1.43453683562981e-07,6.92506589472959e-06,0.000105680732703822,-767.257410173933,0.165752594457016,0.115298418482621,0.955,0.659189825433148
"constant",400,"sir_collapsed",64,9.39,3651.60165153409,3873.23720417486,1713.19145293764,2840.92925927791,7741.14808342884,3887.52688378791,7265.97655445629,3724.00804621348,388.881965019605,412.485325258238,182.448504040218,302.548376919905,824.403416765585,773.799420069893,0.00577903638841616,0.00522424822524647,7.97477304043202e-06,0.00146441801819529,0.011406658654522,4.47007281517119e-05,3.24060060174906e-05,1.30647022806257e-08,7.75967211083554e-06,9.75913484704686e-05,-785.780204458067,0.170101020225066,0.113674729558881,0.925,0.57765125172447
"constant",400,"sir_collapsed",65,9.368,3421.86051432773,3568.25998023607,1583.89604091335,2678.8868505149,7255.56761322817,3371.52928044731,6817.79474634347,3437.97467089436,365.271190684002,380.898802330922,169.07515381227,285.961448603213,774.505509524783,727.774844827441,0.00416306003875536,0.0037659485791271,3.86892194836945e-06,0.00142844511742354,0.00799545471439013,4.5890945692416e-05,3.0868885035146e-05,2.57591519576231e-08,8.06400398980098e-06,8.90038966158485e-05,-797.858550551519,0.173516148337914,0.121804634712537,0.9075,0.540071653156591
"constant",400,"sir_collapsed",66,9.435,4105.30882012349,4162.3472181812,1823.06138787188,2414.53989089035,7844.4919525655,4493.92406865137,7200.34262429812,3422.97930410037,435.114872297137,441.160277496682,193.223252556638,255.913077995798,831.424690256015,763.152371414745,0.00667820964434081,0.00599360879660393,1.15726102813239e-05,0.0017740684900305,0.0134465193606936,7.30276557029578e-05,3.3024195493207e-05,2.35772837634754e-06,7.14705315159934e-06,0.000105948592301291,-792.591929123606,0.178274123223874,0.118038349381203,0.9375,0.602422314345367
"constant",400,"sir_collapsed",67,8.981,4346.19017104676,4215.874860952,1715.3428113187,2852.58719795897,7885.90829161457,4810.18075426346,7506.84980022881,4164.56731082231,483.931652493794,469.421541137067,190.996861298151,317.624674085176,878.06572671357,835.859013498364,0.00664986056923991,0.00610320834504429,1.05175475161353e-05,0.00180236126537094,0.012740266500367,4.63553775601516e-05,2.89791763740177e-05,2.74460515819033e-08,6.95570322156399e-06,9.2646979384014e-05,-814.253121565517,0.17283956303102,0.122526639924115,0.9325,0.588757763078743
"constant",400,"sir_collapsed",68,9.14,2869.92793603337,3182.13598532592,1712.65813820867,2706.70015390627,7496.97775706544,3332.78688623841,6958.7100003566,3008.11817774642,313.99649190737,348.154921808088,187.380540285413,296.137872418629,820.238266637356,761.346827172495,0.00497494882012181,0.00448416047112488,6.26082769117977e-06,0.00124906356884008,0.00945745138655977,4.87048995566851e-05,3.2933335621984e-05,1.10829747613884e-08,8.74066090140314e-06,0.000107119682746505,-807.640464314179,0.173937277397121,0.114770609747136,0.93,0.558598148035071
"constant",400,"sir_collapsed",69,9.454,4202.40610308082,4667.13557751553,1914.20374417368,2337.45282304902,8070.37407916417,4633.92894688984,7571.79461296177,3390.25599615675,444.510905762727,493.667820765341,202.475538837919,247.244851179291,853.646507210088,800.90909804969,0.00808706619964497,0.00750358292143313,1.30756937467208e-05,0.00179165377144185,0.0146078913143635,5.59666845544424e-05,2.99184522600397e-05,3.9249736260222e-08,7.60298828395866e-06,0.000115904295748477,-784.7922654173,0.192462770195772,0.146122547633723,0.9325,0.622710714075755
"constant",400,"sir_collapsed",6,9.408,5157.62256378904,5428.3147453428,1788.34215184025,3436.65771140723,8679.66442582294,5448.89947108529,8354.37573904805,5091.70294161204,548.216684076216,576.989237387628,190.087388588462,365.290998236313,922.583378595125,888.007625323985,0.0134783231645215,0.0124212101978798,3.78916045245691e-05,0.00365693637881245,0.0257580987690763,4.59510025473037e-05,3.04159213085901e-05,2.34007229952429e-08,8.69564419894476e-06,9.48179091173168e-05,-781.441509650841,0.184209551494984,0.144136083555326,0.9575,0.712668052374838
"constant",400,"sir_collapsed",70,9.27,3891.81169985529,3666.16103657881,1385.0971319864,2337.18960598452,7727.91476987395,4185.61197201934,7077.84205693523,3240.86167608784,419.828662336062,395.486627462655,149.417166341575,252.124013590563,833.647763740447,763.521257490316,0.00641260047125883,0.00580412749906662,1.02374270183077e-05,0.00196555608663169,0.0128369658990934,5.20734800018485e-05,3.19482839771821e-05,3.87292600880507e-08,7.82712200148072e-06,0.000106945976907571,-789.979620449583,0.164119839389399,0.118129203815336,0.94,0.596209809541394
"constant",400,"sir_collapsed",71,9.097,3826.40985828595,3821.49550028349,2007.06303001619,2227.49612648826,7570.77015856807,4222.22319219896,7086.83949624626,3402.80016260964,420.623266822683,420.083049388093,220.629111796876,244.860517367073,832.227125268558,779.030394222959,0.00569540333012195,0.0052148581026155,7.53892484211541e-06,0.00129332721286338,0.0109120392335615,6.75379798196764e-05,2.91470737438808e-05,1.8814945194896e-07,7.80338600646907e-06,0.000131900309618073,-795.145250942736,0.186873158568508,0.137935964486535,0.9225,0.57356313049267
"constant",400,"sir_collapsed",72,9.122,3756.00116176956,4030.21063741936,1989.74626711504,2320.54862170195,7358.5537935092,3961.41881446727,7064.20482012241,3812.99622216756,411.75193617294,441.812172486226,218.12609812706,254.390333446826,806.682064624994,774.414034216444,0.00466091857321105,0.00412174345307926,5.6127546037744e-06,0.00134032212664078,0.00931590604708249,5.90780489254375e-05,2.75433334761414e-05,1.64708916426912e-07,6.1323890576121e-06,0.000106435024509807,-844.248777504719,0.177933675468154,0.11868377289257,0.9025,0.547778732487207
"constant",400,"sir_collapsed",73,9.312,2982.32356476801,2831.60373292519,1719.27971567633,1471.20190045426,6988.68478300349,3364.21723458232,5915.38466387889,2644.53877369124,320.266705838489,304.081156886296,184.6305536594,157.989894808232,750.503090958279,635.243198440602,0.00508350385928014,0.00459130774837759,6.00063271685458e-06,0.0014180615077155,0.0100622957198404,8.5358982934007e-05,3.72986466840969e-05,4.71555511349903e-07,7.22819396265708e-06,0.000129350466278343,-771.057262540363,0.1782160987737,0.122615920829555,0.9275,0.573673330976634
"constant",400,"sir_collapsed",74,9.169,4687.86244796388,4684.34198234898,1634.22791526664,2394.53917176862,8276.62980076102,5152.64453944385,7542.92107155504,3612.60349597493,511.273033914699,510.889080853853,178.234040273382,261.155979034641,902.675297280077,822.654713878836,0.00984385315547171,0.00911847780106699,2.06236242207184e-05,0.00217965761290859,0.0184695560856202,7.31293939418907e-05,3.04608077558176e-05,3.56570668523465e-07,7.8069641864902e-06,0.000123443804691412,-795.21960397366,0.178044844818084,0.129695243261904,0.95,0.649480515289311
"constant",400,"sir_collapsed",75,9.036,3503.09403924075,3394.50692740374,2145.01430181944,2359.81144478362,7421.18017538977,3771.06033774509,6960.06494113924,3281.98319007243,387.681943253735,375.664777269117,237.385380900779,261.156645062375,821.290413389748,770.259510971585,0.00453005324232735,0.00408609282530362,4.84704852754579e-06,0.00123385298382933,0.00876210081685522,4.71019766679761e-05,2.95897316198967e-05,5.70914530546552e-08,6.65745683043125e-06,9.16973254624547e-05,-795.671663557793,0.194416336200059,0.115746811699722,0.9025,0.541584430038285
"constant",400,"sir_collapsed",76,9.068,3887.83116212827,3977.37583569845,1619.81393913066,2007.3508670048,7899.53008147308,4083.78735156777,7033.60975349875,3275.0966213135,428.741857314542,438.616655899697,178.62968009822,221.366438796295,871.143590810882,775.651715207185,0.0080346742371833,0.00746442444305244,1.44989157157955e-05,0.0019032227558492,0.0153373843918713,8.01938480031888e-05,3.33499907648201e-05,4.06958943197626e-07,7.68035704447156e-06,0.000124962389745957,-769.083434653088,0.172380665019963,0.12827270845857,0.9575,0.631525216693647
"constant",400,"sir_collapsed",77,9.404,4618.39671061313,4537.53414092919,1313.77206915877,3264.68303852862,8054.48884586398,4576.73574648889,7533.15967434476,4109.30043817316,491.109816100928,482.511074109867,139.703537766777,347.158979001342,856.496049113566,801.059089147678,0.00772681921165543,0.00696490300541063,1.38515903734773e-05,0.00243345264905873,0.0150479925069874,4.44956448666828e-05,3.21524488167861e-05,1.37294234035752e-08,7.76552067671373e-06,9.06331134591748e-05,-784.353421455167,0.170082782143749,0.123900261889009,0.92,0.617034221197254
"constant",400,"sir_collapsed",78,9.46,3512.15932240084,3605.94416892184,1613.78284220623,2659.82258436533,7650.70324611581,3867.090062613,6882.334033172,3320.86024400416,371.26419898529,381.178030541421,170.59015245309,281.165178051303,808.742415022813,727.519453823678,0.00662874728228524,0.00592910679077122,1.19666805359993e-05,0.00147003751350604,0.0132779156643782,5.10668540469194e-05,3.68718458410616e-05,1.40222460003906e-08,8.66386596325642e-06,0.000110604363683449,-780.349723383383,0.18343598774441,0.129680604331565,0.9375,0.607977688250305
"constant",400,"sir_collapsed",79,9.073,4808.9690972501,5062.81789113023,1736.45406898592,2527.35009907921,8462.37164989369,5256.84783584218,7751.86553205002,3884.27815158923,530.030761297267,558.009246239417,191.38697993893,278.557268718088,932.698297133659,854.388353582059,0.0114026103600848,0.010766650855982,2.46391781309591e-05,0.00307013754079275,0.0211762990867299,6.16755905106215e-05,3.14754217010903e-05,3.12331893155159e-07,8.07652890651977e-06,0.000107242185005715,-779.207291863892,0.166075867424943,0.126151816440763,0.965,0.684525141315862
"constant",400,"sir_collapsed",7,9.266,3594.08747963726,3574.54943949257,923.154883825909,2998.63719807327,7434.98416600283,3902.87481631252,7020.5111439672,3250.57491667154,387.879071836528,385.770498542259,99.6281981249632,323.617224052802,802.394146989297,757.663624429872,0.0051239856493995,0.00464584221784498,6.49182726234345e-06,0.00105996020423571,0.00986541357887001,4.61182207034942e-05,3.20602520499329e-05,1.42768896219038e-08,7.79632167998989e-06,9.70552940349248e-05,-781.772587951565,0.187764654983418,0.133620518735429,0.9,0.568081511107331
"constant",400,"sir_collapsed",80,9.143,4888.90418225911,5377.4731894093,1831.21114444391,2595.05936948984,8529.53574316257,4943.54109558255,7937.74471216882,3788.10807046621,534.715540004277,588.151940217576,200.285589461218,283.830183691331,932.903395292855,868.177262623736,0.0108755939082324,0.0100920299255852,2.12079824417597e-05,0.0033323874010123,0.0194219206866954,6.80395194509465e-05,3.12098873448581e-05,4.24563130167148e-07,5.84507361273982e-06,0.000106242910758464,-792.263397147411,0.16684852821258,0.122587251571592,0.955,0.66783101314778
"constant",400,"sir_collapsed",81,9.064,3563.99729874736,3803.9036534392,1263.15352703412,3889.47933618929,7696.1326642881,3843.29476367549,7552.44138010647,3730.07029966629,393.203585475216,419.671629902824,139.359391773403,429.11290116828,849.087893235669,833.234927196212,0.00588025619622965,0.00524036260705757,9.90062632289378e-06,0.00111979281397479,0.0118016658226805,3.44878697068525e-05,2.84973161603115e-05,1.25826781929465e-09,8.64573526002853e-06,7.01163990457398e-05,-786.524473740846,0.193310319007794,0.140112299339783,0.8975,0.58388936456063
"constant",400,"sir_collapsed",82,9.084,3960.11164188883,3897.32312882849,1439.73027991115,1592.4376863411,7764.82437360291,4259.99337154157,6484.68979205988,2271.53823627849,435.943597742055,429.031608193361,158.490783785903,175.301374542174,854.780314135063,713.85840951782,0.00713568742285832,0.00667873169154423,1.083661689941e-05,0.00147253224411084,0.0132090858664329,7.58360694035424e-05,3.66542275955013e-05,1.03886808655636e-06,9.95044253249622e-06,0.000148552906748258,-777.419624541047,0.155051009846263,0.109300052378096,0.945,0.617445068000106
"constant",400,"sir_collapsed",83,9.044,4262.16574802662,4126.08427829347,1575.78971263627,2552.46372097636,7768.03121949251,4381.67566010464,7175.24435787338,3958.07219438445,471.269985407632,456.223383269954,174.235925766948,282.227302186683,858.91543780324,793.370672033766,0.00702719678682214,0.00638743083957596,1.24250209717767e-05,0.0013298948334071,0.013738621974423,4.96468563009062e-05,3.16957115302232e-05,2.63082021188229e-08,9.13352050305372e-06,0.0001049647290036,-780.955687515924,0.19840523135571,0.150084584869812,0.9375,0.605134879127973
"constant",400,"sir_collapsed",84,9.182,2850.60863533223,2787.59624837869,1533.89057887483,2187.04661175133,7421.81240989287,3023.29763071049,6579.19748904586,2683.90778263245,310.456178973233,303.593579653528,167.054081776827,238.188478735714,808.300197113142,716.532072429303,0.00550275362553251,0.00495398829479616,7.4712642574812e-06,0.0015315426654976,0.0110658827638863,6.47622983324107e-05,3.35151017422972e-05,2.60829262832247e-07,6.39845713148507e-06,0.000125180892300747,-782.636675183388,0.193377500237401,0.143634129056191,0.9175,0.577376511178588
"constant",400,"sir_collapsed",85,9.094,3749.94168689072,3784.4600156634,842.223734537365,2084.31473547492,7367.56422200808,4123.15228949352,6765.91899907301,3696.10619457886,412.353385406941,416.149111025225,92.6131223375154,229.196694026273,810.15661117309,743.99813053365,0.0056729656007023,0.00508308177444069,8.48518989997551e-06,0.00121337404124666,0.0111714611902883,6.52221135745018e-05,2.9893606852446e-05,4.26089125859397e-07,6.21492302038469e-06,0.000117630493578675,-800.220138834212,0.194801721671671,0.129748822041423,0.9175,0.577955452433794
"constant",400,"sir_collapsed",86,8.996,3733.99271321345,3721.76532525391,1798.87729535702,2434.36132789201,7758.71235759393,4120.32382305631,7170.45651503355,3463.89001384156,415.072555937466,413.713353185184,199.96412798544,270.60486081503,862.462467495991,797.071644623561,0.00650063228554768,0.00587313339552546,1.05053322259619e-05,0.00171945187998801,0.0130813779371603,5.51875383036304e-05,3.24607675143771e-05,1.74087719619953e-07,7.47186349745847e-06,0.000105831787019554,-783.976406466932,0.170189482872876,0.11739451059729,0.9325,0.600993459689708
"constant",400,"sir_collapsed",87,8.984,3699.70612283486,3579.05316011519,1764.416961151,2104.15687688883,7589.19814018473,3990.3645786274,7029.45838966195,3438.84524717142,411.810565765233,398.380805889937,196.39547653061,234.21158469377,844.746008480046,782.441940078133,0.00577565995784757,0.00516733034229691,8.35210759387235e-06,0.00161552764195388,0.0118071319258068,5.84834006616818e-05,3.20924271241507e-05,9.81750346351924e-08,8.70504347409208e-06,0.000112785708357282,-797.642762246952,0.181581867698153,0.128825192020255,0.9175,0.57589666384196
"constant",400,"sir_collapsed",88,9.146,3899.01973672735,4219.65027525739,1875.70644518185,2060.55144834632,7329.61263318721,4090.90753793219,6625.14752928612,3370.33430337789,426.308740075153,461.365654412573,205.084894509278,225.295369379654,801.400900195409,724.376506591528,0.00542974884509022,0.00479075232899947,8.09173204632747e-06,0.00146771561702206,0.0111980228820831,8.7700386903828e-05,2.85735821108957e-05,5.19413944801463e-07,7.07914307125956e-06,0.000108239455765382,-815.698728649554,0.203238226286488,0.135331358862227,0.8675,0.571068887056089
"constant",400,"sir_collapsed",89,9.204,5265.76789608128,5565.56963254415,1470.81883275459,2176.65837981481,8475.26709950673,5282.8751615515,7878.84377555927,3264.30055956982,572.117328996228,604.690312097365,159.802133067643,236.490480205869,920.824326326242,856.023878265892,0.0116312462990878,0.0106180493440825,2.96148767677922e-05,0.00297285716845749,0.022561026473593,6.53300974449166e-05,3.05635960174481e-05,4.58208232171379e-07,7.32040709864826e-06,0.000101019375164635,-798.12098510644,0.163067650954347,0.116076301980807,0.97,0.679653940788067
"constant",400,"sir_collapsed",8,8.989,4133.82696967722,4181.92547805075,1837.20348569793,2623.60010979004,7645.26695249499,4587.21200480412,7330.73961084095,4009.12698581871,459.876178626902,465.226997224469,204.383522716424,291.867850683062,850.513622482477,815.523374217483,0.00570542201685689,0.0051712773796198,7.8933705455564e-06,0.00132107097993115,0.0110842986007386,4.7293787832462e-05,3.16779360101682e-05,6.27171358423328e-08,7.9767087975458e-06,9.30382503112503e-05,-787.68742781308,0.188567618153532,0.137383948861355,0.9075,0.577112936427921
"constant",400,"sir_collapsed",90,9.094,4597.71756562223,4656.54683289887,1194.98955220731,3181.2458079302,8075.83141367811,3883.82024904308,7910.23705997501,4177.55601696522,505.577036026196,512.04605595985,131.404173323874,349.818100718078,888.03952206709,869.830334283595,0.00828594222104454,0.0073881290548757,1.96695747417325e-05,0.00180202706770857,0.0173519556450701,4.69349631594927e-05,2.92929586040381e-05,4.38731003146483e-08,7.58602736712127e-06,8.82193515465019e-05,-813.195768423364,0.175336347171663,0.128807507056594,0.94,0.62982759008016
"constant",400,"sir_collapsed",91,9.041,3580.52010372925,3855.11573701868,1971.58300517046,2853.33140699915,7883.05317079006,3824.39668071781,7576.44767352888,3604.86847007115,396.03142392758,426.403687315417,218.071342237635,315.599093794841,871.92270443425,838.009918540966,0.0062688659968216,0.00567889737424843,1.02656533945692e-05,0.00129980009103257,0.0125618139605692,4.74339546732037e-05,2.91730919995693e-05,8.10984582886446e-08,7.02196536420455e-06,9.14172692669917e-05,-798.307684974194,0.207162336627367,0.151114287047964,0.89,0.597917760616419
"constant",400,"sir_collapsed",92,9.116,4752.37591049641,5131.74162823978,1469.28870991604,2650.68447341986,8343.86984995,4664.37045207225,7621.1559447925,4031.63332116941,521.322500054455,562.937870583565,161.176909819662,290.772759260625,915.299456993199,836.019739446303,0.00940562100102092,0.00877218759773035,1.82258360439361e-05,0.00233477646452948,0.0178461148430467,4.43216403471656e-05,3.14093851279941e-05,7.38191399588713e-09,8.11001955744532e-06,9.89495040024629e-05,-785.025993700123,0.172037795022321,0.12399623745915,0.94,0.641491429834845
"constant",400,"sir_collapsed",93,9.279,5054.55245359669,4673.74798334185,1974.8494245759,2939.71470630135,8447.22527674896,5580.49024265148,7740.95573292003,4162.60459913102,544.730299988866,503.690913174033,212.82998432761,316.813741383915,910.359443555228,834.244609647595,0.0103742738226492,0.00953087457673886,2.36939780826083e-05,0.00246834164337482,0.0194701113461329,7.9805853893094e-05,3.10350317998953e-05,3.40008437745314e-06,7.27408581911401e-06,9.5343004435797e-05,-795.260727162294,0.153174204295552,0.107604116958614,0.9625,0.659013249767956
"constant",400,"sir_collapsed",94,8.996,4445.04646759024,4036.54126461632,1532.21492002154,2466.98784188144,8001.39805640498,5030.64569615417,7365.46290614647,3667.08731400506,494.113658024705,448.704008961351,170.32180080275,274.231640938355,889.439534949419,818.748655641004,0.00736426128625228,0.00670047395522502,1.28953575147302e-05,0.00193149662836504,0.0144016774956339,5.20075251915042e-05,3.22625887484352e-05,3.44025354469385e-08,8.28591442724027e-06,0.000113144148704197,-799.072984995778,0.152377514332568,0.102114003893992,0.945,0.612914470664091
"constant",400,"sir_collapsed",95,9.139,5105.72179930986,5251.58582000997,2168.26441750895,2728.69181322686,8595.14298862177,5357.1463022255,7934.3771628854,4551.22634325826,558.674012398496,574.634623045188,237.254012201439,298.576629087084,940.490533824463,868.188769327651,0.0111195168625408,0.0104782975432197,2.28700474629611e-05,0.00297573468144124,0.0202676108269562,5.88972276615401e-05,3.15148506005872e-05,1.30673539505324e-07,7.83951953376092e-06,0.000116426832547069,-777.221726500548,0.18433695198558,0.143821099681294,0.915,0.673894244789091
"constant",400,"sir_collapsed",96,9.292,3641.53907267001,3767.35319960119,1682.01051975855,2541.62199027306,7725.62341296546,3890.58731015976,6973.67360965607,2816.37871032552,391.900459822429,405.44050792092,181.017059810434,273.527980012167,831.427401309241,750.50297133621,0.00684549092148158,0.00630170648536638,1.07219221196759e-05,0.00147561973010511,0.0127057135999658,5.39767623576736e-05,3.17010195338806e-05,1.98873481642425e-08,6.96886309058402e-06,0.000116402394303104,-764.601045123683,0.161391772593962,0.117586162186522,0.945,0.610701118200053
"constant",400,"sir_collapsed",97,9.084,3461.62800586842,3455.34258029146,707.2435951412,2402.56003981816,7734.36615893781,3739.39364177604,7218.05500343815,3352.08224696649,381.068692852094,380.376770177396,77.8559659996917,264.482611164482,851.42736227849,794.589938731633,0.00662645277328568,0.00593360988580786,1.18178994213072e-05,0.00139362848324876,0.0134374623491933,5.78364297532098e-05,3.11402088310972e-05,1.26044870565544e-07,7.66041496550099e-06,0.000100217905699924,-789.437614598985,0.18432309159729,0.126046013552693,0.915,0.600327538247737
"constant",400,"sir_collapsed",98,9.063,3319.11767261407,3346.68557845326,1710.30534493177,2822.05016043522,7315.25573362374,3457.99725827444,6860.70494437605,3132.12268415565,366.227261680908,369.269069673757,188.712936658035,311.381458726163,807.156099925383,757.001538604882,0.00492258011572284,0.0043933361100871,5.95031345309711e-06,0.00128109171870927,0.00968404805058876,4.26843484396229e-05,3.31102851618667e-05,3.19162169601299e-09,9.45966897573144e-06,9.11926187033047e-05,-781.715520299324,0.16533047257,0.111883495904521,0.9225,0.566697441297661
"constant",400,"sir_collapsed",99,9.015,4353.28099210937,4654.49900283964,1668.50255331652,2774.11274774615,7736.79136569587,4604.49217270144,7462.89776113537,3966.87229009312,482.893066235094,516.306045794747,185.080704749475,307.721879949656,858.213129860884,827.831143775416,0.00597914564051876,0.00533275998254246,9.24845013576972e-06,0.0013846960706795,0.0119511904767331,4.84633749815731e-05,2.90120642674813e-05,3.50897435988198e-08,7.28598950570636e-06,9.45905078010878e-05,-792.424493576667,0.171145758389628,0.12050742832474,0.93,0.585797638726028
"constant",400,"sir_collapsed",9,8.961,4247.83110715793,4097.52682949303,1717.42931468669,2082.47518255553,7557.08732915041,4769.55372240335,6807.89180402484,3005.61918287763,474.035387474381,457.262228489345,191.655988693973,232.393168458379,843.330803386944,759.72456244,0.00616152131579264,0.00555108623361736,9.49866733518477e-06,0.00157097007013201,0.0121281995016865,7.04325600596564e-05,3.4396698365225e-05,4.87354192714366e-07,8.43542417057474e-06,0.000150203089875582,-782.885004590604,0.178305662016069,0.127199815518047,0.9125,0.595842515075828
"constant",800,"sir_collapsed",100,17.706,3563.07563839254,3858.49444462022,1537.89705845784,1732.90385343104,7469.32723869943,3779.22801002023,7299.96483083395,3710.84654075001,201.235492962416,217.920165176789,86.8573962757169,97.870995901448,421.852888213003,412.28763305286,0.00328847154289157,0.00307247175763388,1.65960312743121e-06,0.00111604090411917,0.00587695034506359,2.41957682243657e-05,1.58845758227991e-05,9.248635815354e-09,5.88944150572445e-06,4.15501580847935e-05,-1584.46736287109,0.15401899255089,0.105701883540568,0.92875,0.509136499057111
"constant",800,"sir_collapsed",101,17.74,3805.34303495328,3575.6434882453,1785.30668699025,2001.58671475876,7537.33378027751,3953.73507769771,7377.61528168001,3314.40789740762,214.506371756104,201.558257511009,100.637355523689,112.829014360697,424.877890658259,415.874593104848,0.00338114713696494,0.00316077990793044,1.87546656956094e-06,0.00120858195553341,0.00608881255256323,2.50337318068e-05,1.67673552059918e-05,7.16453547856332e-09,5.49813985555328e-06,4.66389612731997e-05,-1585.41798398801,0.156218826139501,0.10976166313973,0.9375,0.511036804432415
"constant",800,"sir_collapsed",102,17.762,3467.41150772993,4056.99861515539,167.825081555314,2310.47306735227,7697.54649679529,2160.05130752892,7708.98879466432,3621.39612369602,195.215150756105,228.408884987918,9.44854642243633,130.079555644199,433.37160774661,434.015808730116,0.00417980713198419,0.00392818381885721,2.87555172882457e-06,0.00130283520246895,0.00733286931669199,2.00340190552396e-05,1.62111617395823e-05,1.33631613212054e-09,6.54956806875025e-06,3.58416677932e-05,-1595.38862789521,0.140827725840695,0.0987266364397853,0.95,0.531774731743475
"constant",800,"sir_collapsed",103,17.811,3050.79132745858,2592.74660150497,1392.22598430297,1589.9767281602,7516.02471312725,3211.92025641623,6907.8616145594,2418.16981418134,171.286919738284,145.569962467294,78.1666377128164,89.2693688260174,421.987800411389,387.842435268059,0.00374178890756481,0.00351015334714944,2.09941121319625e-06,0.0014116717842084,0.00668848395453303,2.8856787670045e-05,1.93128274295224e-05,1.74890927610388e-08,6.41572230637074e-06,4.92572503706619e-05,-1582.1694229932,0.147157945149754,0.105183212318294,0.95125,0.525098286542807
"constant",800,"sir_collapsed",104,17.92,3211.65922700978,3428.18793280764,1550.98595360182,1785.63938963298,7418.1987359124,3464.59239423479,7119.08127253061,3130.92341827367,179.222055078671,191.305130178998,86.5505554465301,99.6450552250545,413.961983030826,397.270160297467,0.00322602384007333,0.00300832541854825,1.5713133180055e-06,0.00102006775060704,0.00559756389595296,2.44884107516098e-05,1.80701410556676e-05,2.98064581803849e-09,5.41696274403746e-06,4.47939702513525e-05,-1592.98572869786,0.147597611117191,0.107876502345611,0.94875,0.505054917204101
"constant",800,"sir_collapsed",105,18.088,4138.59811757339,4659.02786728843,1600.76365205595,2096.82024956565,8322.00260971491,4345.69559985418,7926.84605543799,4296.13490882488,228.803522643376,257.575622915105,88.4986539172903,115.923277839764,460.084177892244,438.237840305063,0.00586989205132332,0.00552717701137368,5.32418752670739e-06,0.00177050269938711,0.0103355375043033,2.86503274584285e-05,1.7617722469558e-05,2.20932988035711e-08,5.81433346272111e-06,4.65205767955279e-05,-1583.3176408526,0.14281349212297,0.103084070056324,0.97125,0.574807154558506
"constant",800,"sir_collapsed",106,17.947,5147.40667859094,5149.87706416359,1632.93893643467,2130.52851005555,8549.56862390072,5098.81499473832,8395.22750805671,3975.34262406018,286.811538340165,286.949187282755,90.9867351888712,118.712236588597,476.378705293404,467.7788771414,0.00711092328696318,0.00679270019600057,6.95451962461471e-06,0.00258626743219725,0.012344082026702,3.12809577124551e-05,1.66978833445059e-05,1.21618895399043e-07,5.85831525693883e-06,3.91846328413945e-05,-1573.59795457477,0.138699209501928,0.100372637977508,0.9725,0.599348481274863
"constant",800,"sir_collapsed",107,18.121,3869.01512002422,3983.1566161354,1694.45569938866,1766.07927562165,7384.75289654255,4007.73771985378,6997.50550117278,3073.8518491365,213.51002262702,219.808874572894,93.5078472153116,97.4603650803845,407.524579026685,386.154489331316,0.00328603203838714,0.00305638603842569,1.56915454425635e-06,0.00117763927786652,0.00581615247627203,2.59561723561043e-05,1.87894380947637e-05,3.11566515431283e-09,5.58607586212406e-06,5.232876257189e-05,-1549.66663002044,0.142111125549751,0.100343496656051,0.94625,0.515811215546909
"constant",800,"sir_collapsed",108,17.979,4179.3067639379,4053.28708534238,1581.43085412787,1969.29366874356,8097.73692109945,4581.11199014639,7853.51082338576,3799.01795606704,232.454906498576,225.445635760742,87.9598895449064,109.532992310115,450.399739757464,436.815775259234,0.00490757937157043,0.00461539601790355,3.71665602699577e-06,0.00162411249466241,0.00847237291351206,2.36870890319247e-05,1.75876539228231e-05,2.75488179136101e-09,5.38619675287911e-06,4.53585403205342e-05,-1600.16930363048,0.140400601219141,0.0983172097878373,0.955,0.550836244311975
"constant",800,"sir_collapsed",109,17.823,4037.7846885769,3689.69741730509,1537.71830200381,1839.25431311808,7588.81245878926,4485.13080673148,7258.38533413487,3600.86699179979,226.549104448011,207.018875458963,86.2771868935539,103.195551428945,425.787603590263,407.248237341349,0.00360403878226354,0.00334675791698037,2.14787709538436e-06,0.00133115391086099,0.00658078915516977,2.74199438909067e-05,1.72816768995968e-05,8.63415655275305e-09,3.98248470638684e-06,4.97265637109238e-05,-1586.6816721027,0.137004869484073,0.0962271781577462,0.9525,0.521728954652566
"constant",800,"sir_collapsed",10,17.811,4915.7475618147,5098.36807045935,1687.33797478939,2220.74469247313,8286.20929711105,5430.35670519833,8059.09694394831,3896.89158116125,275.99503463111,286.24827749477,94.7357236982418,124.683885939763,465.229874634274,452.478633650458,0.0052634150409802,0.00498369091370605,4.03326527943241e-06,0.00198667800200392,0.00929250762743565,2.48255587296897e-05,1.71103942065175e-05,1.20566133665447e-08,6.22751592228895e-06,4.25833147671272e-05,-1597.03366080349,0.139737335311608,0.0963100260676095,0.96625,0.558287047891448
"constant",800,"sir_collapsed",110,17.851,3946.51777325829,3624.12214011476,1610.70050883127,2118.87872407256,7607.64355587906,3694.81223349063,7331.64989086181,3467.98554221035,221.081047182695,203.020678959989,90.230267706642,118.698040674055,426.17464320649,410.713679393973,0.00368534575935597,0.0034798403792201,1.97025345954488e-06,0.0014358014909064,0.00651768347496747,2.53070810055889e-05,1.77528943551586e-05,7.44600814754695e-09,4.98501971799552e-06,4.34679479365268e-05,-1568.54390931934,0.155683153875038,0.108328801439771,0.9575,0.527343849226754
"constant",800,"sir_collapsed",111,17.712,3851.20389685699,4109.81739202936,1694.85894829649,2548.90609114155,7842.48165253245,4292.03136278334,7763.98827541121,3865.28356553055,217.434727690661,232.03576061593,95.6898683545894,143.908428813322,442.777871077939,438.346221511473,0.00385492961040253,0.00357361739319329,2.5331075745432e-06,0.00127622880899271,0.00696236598211876,2.45535335260013e-05,1.54481320372267e-05,2.31971455037948e-08,5.51188437267681e-06,4.11901670163365e-05,-1555.93457711678,0.135424854893495,0.0939236600752133,0.94125,0.527319428391002
"constant",800,"sir_collapsed",112,17.711,4224.44483515261,4371.96638824861,1801.57493950712,1957.41566645888,7710.977421802,4530.16085547843,7400.86938005003,3636.96241346152,238.520966357213,246.85034093211,101.720678646441,110.519771128614,435.377868093389,417.8685212608,0.00397792221255906,0.00372242193934497,2.3542748183377e-06,0.00133185155211678,0.00695061102774701,2.65293776257027e-05,1.7607602961943e-05,1.93807682079721e-08,5.67415674447055e-06,4.61171254226778e-05,-1593.81673320989,0.148416247424377,0.105785725465542,0.9575,0.529326685886482
"constant",800,"sir_collapsed",113,17.848,3836.12918382015,4375.98666844797,1756.65314055882,2217.59878768029,8091.09572981628,4156.38271051329,7726.93662781737,3747.95526214942,214.933280133356,245.180785995516,98.4229684311307,124.249147673705,453.333467605126,432.930111374797,0.00478448946228331,0.00455092598777331,3.11321659106507e-06,0.00177805235507702,0.00813203155226726,2.66745942561718e-05,1.85395875831559e-05,2.49216831783314e-08,5.2165464299305e-06,4.7225996215314e-05,-1550.64604817185,0.145861054849325,0.102911633526196,0.9575,0.552052281158173
"constant",800,"sir_collapsed",114,17.746,3510.38333685909,3648.16211980395,1567.25614148901,2196.97335125758,7764.22561006224,3955.51291621733,7578.25773775145,3582.83389714187,197.812652815231,205.57658738893,88.3160228496004,123.80104537685,437.519757131874,427.040332342582,0.00406923951288933,0.00380343313893018,2.64142187450089e-06,0.00148613219482353,0.00734127615190303,2.36990915749835e-05,1.73348993753432e-05,4.17307336886488e-09,6.64236137310436e-06,4.21353104205636e-05,-1602.63035150743,0.149302292747554,0.107343210268983,0.95125,0.529194221714199
"constant",800,"sir_collapsed",115,17.918,4153.4812678772,4246.22699349461,1571.16189890876,1766.44348636142,7868.77750902599,4417.33434722718,7391.6984473027,3437.08451831788,231.804959698471,236.981080114667,87.6862316613883,98.5848580400389,439.154900604196,412.529213489379,0.00423220564286562,0.00396643243349357,2.65900454201941e-06,0.00130343756322064,0.00730695814940562,2.91600019523099e-05,1.78482274933858e-05,1.58423540433001e-08,5.35062234255039e-06,5.55039265029712e-05,-1572.53417483354,0.142520873130654,0.0965934210986552,0.96,0.540753089542205
"constant",800,"sir_collapsed",116,17.967,3123.10240102448,3128.64275506456,1923.90855836569,1530.65938406365,7401.98030274402,3341.89193186566,7076.84236132181,3039.29108395007,173.824366951883,174.132729730315,107.080122355746,85.1928192833334,411.976418029945,393.880022336606,0.00316985282361171,0.00288054619079936,1.72761366590654e-06,0.00114938299275433,0.00580604131796059,2.75203206997017e-05,1.72950457876123e-05,2.06114527913595e-08,4.77763686617068e-06,4.77557292429586e-05,-1605.85002551275,0.137613311043489,0.0890214124610583,0.9475,0.508581659147489
"constant",800,"sir_collapsed",117,17.792,3038.78729408111,3344.63666620182,2161.02839274719,1671.55829243321,7241.86365001965,3184.28674013963,7064.83502060909,2973.86873197701,170.795149172724,187.985424134545,121.46067854919,93.9499939542045,407.029206948047,397.07930646409,0.00281483507074752,0.00261090277127933,1.25556281254062e-06,0.00101755033663821,0.00496746415511471,3.44414795271269e-05,1.56414961038884e-05,5.78221550658559e-07,5.09664347533025e-06,4.75598574609511e-05,-1580.67125562507,0.13766785836299,0.090882782783921,0.93,0.495763769696028
"constant",800,"sir_collapsed",118,17.854,3721.5550167916,3875.38383515145,1483.06203812213,1921.4025490011,7680.85123020013,4251.90761662218,7381.70207795796,3428.24510009738,208.443767043329,217.059697275202,83.0660937673425,107.617483421144,430.203384686912,413.448083228294,0.00366262747933704,0.00340422799494814,2.28380013859867e-06,0.00122664632754457,0.00670927492487368,2.61988852128662e-05,1.64823707355838e-05,1.48617396533e-08,5.2315856502736e-06,4.08762179332008e-05,-1603.02926421148,0.161355756481433,0.111619675468332,0.925,0.520534835441859
"constant",800,"sir_collapsed",119,17.915,4025.05605392587,4004.29021272274,1592.29721385584,2039.22350116001,7888.07402362722,4221.89588052026,7656.5162125822,3804.33935750213,224.675191399713,223.516059878467,88.8806706031726,113.827714270724,440.305555323875,427.380196069338,0.0040862068119903,0.00381481808471954,2.56995965121112e-06,0.001454166161638,0.00719977463882432,2.43637662415705e-05,1.67038469977768e-05,5.86726013734982e-09,5.54810991573948e-06,4.69964903647957e-05,-1566.11780609215,0.144458337302658,0.0999344113308833,0.955,0.535851036540367
"constant",800,"sir_collapsed",11,18.001,4035.02088631646,4434.77973402662,1164.41964012658,2134.64754467088,8156.59057110221,4364.18548978509,8014.87219869053,4261.90392213395,224.155373941251,246.362965058976,64.6863863189037,118.584942207149,453.118747353048,445.245941819373,0.00506899958257404,0.00481921788130228,3.77055210815364e-06,0.00188917074435952,0.0088462900187133,2.38714604003265e-05,1.65723544041757e-05,7.38554488257595e-09,6.2367630778071e-06,4.06514480181162e-05,-1611.51574767757,0.130688924741873,0.0895345281733476,0.965,0.552327430727873
"constant",800,"sir_collapsed",120,17.957,3748.30205641384,4008.61618642607,1523.9979503153,1603.92741114083,7754.76710032945,3931.67499801273,7115.16576963076,2623.16788750695,208.737654196906,223.234180900266,84.8692961137884,89.3204550393069,431.852041005149,396.233545115039,0.00402022586409879,0.00376945969158356,2.57629692648474e-06,0.00143808202515951,0.00735856682494235,2.68284507527339e-05,1.81771495462592e-05,1.74460794779025e-08,5.24872534830796e-06,4.89881348773504e-05,-1546.12094673436,0.168221415814266,0.122581313712321,0.91125,0.536072023006021
"constant",800,"sir_collapsed",121,17.844,3724.60709961591,3565.84981994414,1329.87610696697,2452.89603553321,7894.30591237471,4035.946175314,7592.98777952353,3257.12828457931,208.731624053794,199.834668232691,74.5279145352485,137.463351016207,442.406742455431,425.520498740391,0.00419181250942244,0.00394204953030976,2.82106328123337e-06,0.0014557009828615,0.00754870192136409,2.3049016224114e-05,1.86751259610902e-05,8.84208543480432e-10,6.69431807797473e-06,4.3829399171697e-05,-1610.48910846276,0.15588139947841,0.113817503749952,0.9575,0.53134198730307
"constant",800,"sir_collapsed",122,17.773,3496.9405049144,3583.4816671244,1941.22984679376,2639.10984029531,7486.56510127162,3678.74619222091,7356.26223941575,3462.0868623556,196.755781517718,201.625030502695,109.223532706564,148.48983515981,421.232493179071,413.900986857354,0.00322553479433974,0.00300383883537275,1.6325041600001e-06,0.0011226129778929,0.00563343838113038,2.1256929887352e-05,1.64788362022879e-05,2.11242003860637e-09,5.38353156304494e-06,3.8414113286543e-05,-1576.65858102327,0.155762087074615,0.104951983656494,0.94125,0.509418823065584
"constant",800,"sir_collapsed",123,17.846,3667.1218975247,3766.53373101403,2403.1134893566,1911.98256828425,7459.26182358741,3953.7587714775,7218.9520328021,3578.55686946326,205.487050180696,211.057588872242,134.658382234484,107.137877859702,417.979481317237,404.51373040469,0.00299170686614313,0.00278711053930095,1.27934624855359e-06,0.00122691143969255,0.00530590020151413,2.45637320165783e-05,1.51510062715605e-05,2.9425171833053e-08,5.38699944528766e-06,4.28902708423954e-05,-1573.90915846478,0.146975994132584,0.101829739623273,0.91375,0.505650057765636
"constant",800,"sir_collapsed",124,18.013,4281.96592099421,4390.8352165896,1723.70747851137,1801.26938935555,7937.68920643275,4618.87231269078,7488.45187336316,3027.76843166553,237.715312329663,243.759241469472,95.6924153950687,99.9983006359599,440.664476013587,415.724858344705,0.00463671059979136,0.00444390167133536,2.94481818712662e-06,0.00163807112850604,0.00792101703623866,2.99524775621537e-05,1.90452849282119e-05,3.57093869778405e-08,6.20400217139741e-06,4.84309534085226e-05,-1541.3490199227,0.163512284509381,0.120615492304549,0.92625,0.555537930609602
"constant",800,"sir_collapsed",125,18.059,3655.16448294141,4126.67247901014,1466.05730209134,1633.99462938133,7588.46240341072,3831.48056234551,7252.67170075596,3339.96500923857,202.401267121181,228.510575281585,81.1815328695574,90.4809031165251,420.203909596917,401.60981786123,0.0037829373404116,0.00351361933353362,2.45222349097597e-06,0.00114689404581432,0.00684132176934817,2.7719473416571e-05,1.73511320516799e-05,1.29983071416851e-08,5.74521133785746e-06,5.08274469753639e-05,-1594.819209458,0.167552114144382,0.120028888694878,0.91875,0.528982974337594
"constant",800,"sir_collapsed",126,18.377,4098.67241357763,4285.55291901458,1586.2581274147,2442.24110718396,7671.48911186446,4080.4564321332,7549.24620240314,4108.13462789416,223.032726428559,233.20198721307,86.3175778100179,132.896615725306,417.450569291204,410.798617968283,0.00360104774102554,0.00331753464650386,2.52065204117397e-06,0.00107742498933748,0.00674773337893153,2.41472078325298e-05,1.5776890797424e-05,3.09261663257243e-08,6.10648989695155e-06,3.86699396525902e-05,-1605.57913584976,0.143443361088415,0.102519151766598,0.9425,0.517841229452049
"constant",800,"sir_collapsed",127,17.979,2750.47103676812,2694.08466566793,1430.08683307328,2171.67361918036,7379.59209649102,2926.06806528198,7042.93411187649,2602.48308085325,152.982425984099,149.846190870901,79.5420675829178,120.789455430244,410.456204265589,391.731136986289,0.00308139174621355,0.00287832498038128,1.46501178296551e-06,0.00114583674706724,0.00549106294311648,2.22530731090629e-05,1.71504232361429e-05,1.04484314083386e-09,6.92123191256366e-06,4.46411444078518e-05,-1553.61787868544,0.143283691131472,0.10046656762789,0.945,0.502428917792845
"constant",800,"sir_collapsed",128,17.85,2977.07989572723,3350.99125524582,1481.46827215806,1857.02891081672,7823.02142940849,3158.50987214268,7431.55533513603,3157.01394454529,166.783187435699,187.73060253478,82.995421409415,104.035233098976,438.264505849215,416.333632220506,0.00390274829734517,0.00365846549610806,2.40084886632604e-06,0.00148839591748776,0.00717193919402647,2.62217801262065e-05,1.65231979716783e-05,1.5173332395558e-08,6.43174356938498e-06,4.89140465626893e-05,-1587.32360484279,0.137903248081085,0.0902364935427307,0.94375,0.527571342252873
"constant",800,"sir_collapsed",129,17.901,3586.41159439328,3412.73231875345,1682.96591352216,1628.82508168751,7444.05841328623,3878.44951315004,6947.44643899896,3222.00154276044,200.346997061241,190.644786255151,94.0151898509668,90.9907313383338,415.845953482277,388.103817607897,0.00349523409953995,0.00322230588389745,2.13332902589736e-06,0.00107270463304443,0.00628519543089035,3.53817564844621e-05,1.59159878607812e-05,4.74357259458825e-08,3.52744638809406e-06,5.04635291922034e-05,-1590.08820777523,0.146002237752873,0.104223827612072,0.94125,0.519676785276374
"constant",800,"sir_collapsed",12,17.778,4158.87152797026,4023.28515589026,1479.66997666279,1900.76455053367,7747.14563103736,4382.46804785775,7478.80790007575,3877.42852056384,233.933599278336,226.306961181812,83.2303958073341,106.91666950915,435.771494602169,420.677685908187,0.00420500868352966,0.00393303817030396,2.68467924040975e-06,0.00147377160921675,0.0073591826496505,3.09089822447852e-05,1.84097973504795e-05,5.30851134705322e-08,5.91041706443657e-06,5.0912855405662e-05,-1551.54784691423,0.129988474839422,0.0874374035535608,0.95625,0.541550048249742
"constant",800,"sir_collapsed",130,17.747,3107.368211746,3267.8102710849,1732.08899036096,1726.36890969005,7138.42859831206,3262.74782361615,6885.42307089878,3055.70305087556,175.09259095881,184.133108192083,97.5989739314229,97.2766613900969,402.232974492143,387.976732456121,0.00278836908881604,0.00260062200275582,1.1177137643145e-06,0.00103381302998493,0.00479574301105313,2.4049144795218e-05,1.69421067864259e-05,1.52000206684337e-08,5.57501592229009e-06,4.02347370009477e-05,-1538.16930366693,0.139566723959307,0.0966878646541505,0.945,0.500246853034097
"constant",800,"sir_collapsed",131,17.831,3598.64906282276,3604.07024859487,1810.99330248454,2048.18059000513,7627.85322492291,3814.86331186158,7206.15616189684,3442.77162606768,201.819811722436,202.123843227798,101.564315096435,114.866277270211,427.786059386625,404.136400756931,0.00358304872094094,0.00335706260242366,1.93947734030333e-06,0.00140708366067423,0.00636153414981676,2.52349808415395e-05,1.69335137084452e-05,5.98849716119537e-09,6.13024979547237e-06,4.91042250785838e-05,-1570.04701393528,0.143764845814117,0.105916722556192,0.9525,0.524229857193877
"constant",800,"sir_collapsed",132,18.073,3875.91793428531,4374.63634270089,1642.69874638173,2171.52350751482,7682.47878641428,4399.69478978266,7306.53694165396,3515.39731037413,214.459023642191,242.053690184302,90.8924221978493,120.152908068103,425.080439684296,404.279142458582,0.00400338706006112,0.0037270875253287,2.59459962014777e-06,0.00138062858239877,0.00710107404629763,2.63463727399709e-05,1.84676112041577e-05,7.30516294633973e-09,5.82348678495572e-06,4.83284950433315e-05,-1589.35723051744,0.144602683860642,0.10382540124105,0.94125,0.535668572206053
"constant",800,"sir_collapsed",133,17.813,3713.48354722604,3946.84846105788,1739.34334541319,2209.97945071378,7528.40188899161,3977.70208558077,7178.50241195176,3723.45889085667,208.47041751676,221.571237919378,97.6446048062196,124.065539253005,422.635260146613,402.992332114285,0.00344021362374877,0.00319892840954975,1.92028064024457e-06,0.00108157746341916,0.00618797911540556,2.53454288516998e-05,1.77199873672634e-05,1.59045511050601e-08,6.10235395556075e-06,4.70711116136194e-05,-1588.68811656191,0.144948600671849,0.100265275308902,0.94875,0.513640255192415
"constant",800,"sir_collapsed",134,18.153,3226.13965473862,3391.71088761622,1745.77838911276,1881.15564001165,7634.47174935915,3414.40552227443,7295.53503526667,3101.45944552348,177.719366206061,186.840240600243,96.1702412335571,103.627810279934,420.562537837225,401.891424848051,0.00354004009335384,0.00333829994415821,1.82782914778167e-06,0.00120110584337986,0.00619082466780595,2.98560149810767e-05,1.68100097856485e-05,3.7620016226084e-08,5.59708003633162e-06,4.99222122228833e-05,-1586.96233505553,0.149054129360419,0.102735235274841,0.95125,0.51525507692771
"constant",800,"sir_collapsed",135,17.926,3964.17447011064,4478.85094146313,1408.00153359878,2399.84189644791,8050.2326223871,4375.47105521677,7917.29946511911,3603.89540520897,221.141050435716,249.852222551776,78.5452155304465,133.874924492241,449.081369094449,441.665707080169,0.00488866083340305,0.00452866630556403,4.3591992036885e-06,0.00169889751351597,0.00912230148467668,2.35516473847705e-05,1.69703264231114e-05,5.70883076918774e-09,5.84757974484092e-06,4.23943870474829e-05,-1591.12583257739,0.122001065855279,0.0859884636437494,0.9625,0.552302163267795
"constant",800,"sir_collapsed",136,17.964,3940.26869393988,4410.69449166197,1858.36346268504,3244.05730368638,8217.60501798445,4439.86956144123,8054.18614853481,4291.99344184655,219.342501332659,245.529642154418,103.449313220054,180.586578918191,457.448509128504,448.351489007727,0.00479704673649673,0.00451252300216027,3.29217759556894e-06,0.00181829411906739,0.00834804144532089,2.07635195485925e-05,1.71895912656857e-05,1.05350453262524e-09,6.41175621373658e-06,3.78618000622584e-05,-1608.08732624718,0.147213523752105,0.10583788979982,0.9575,0.552480040612234
"constant",800,"sir_collapsed",137,17.908,3487.64285151024,3616.48396598731,1588.11356711634,1641.07725466238,7705.80649589585,3618.94170646038,7333.46531229533,3327.40752579876,194.753342166085,201.947954321382,88.681794009177,91.6393374280979,430.299670309127,409.507779332998,0.00384197620790116,0.00359931624586926,2.28205091142051e-06,0.00125790288680914,0.00680835507087043,2.49028742133618e-05,1.71640085312994e-05,1.75220308630525e-08,4.88772319904847e-06,4.42493913227695e-05,-1571.42069609485,0.136347597979053,0.0922471793674215,0.94875,0.530721113222896
"constant",800,"sir_collapsed",138,17.805,4325.58016286576,4590.00037696412,1464.54440694355,1831.54518751903,8224.26397448423,4542.43976722471,7910.05356374396,3851.81748142924,242.941879408355,257.792776015957,82.2546704264843,102.866901854481,461.907552624781,444.260239468911,0.00526249075272568,0.00495002974868157,4.58284145887867e-06,0.00174992189524738,0.00960400213335263,3.58287025301733e-05,1.66071645928153e-05,3.24049565054509e-07,5.64173641799739e-06,4.62457573295366e-05,-1595.67162031735,0.148802698620299,0.10833942352444,0.9475,0.560317644041598
"constant",800,"sir_collapsed",139,17.697,4274.06695182016,4397.58605176454,1829.3927738217,2859.40411166048,7861.02639506917,4607.11972298658,7737.15068403716,4224.41732043544,241.513643658256,248.493306874868,103.37304479978,161.575640597868,444.201073349673,437.201259198574,0.0037372085069511,0.00345195833501383,2.24738040870478e-06,0.00134807393521715,0.00684636025080762,2.08326954882646e-05,1.6060478728541e-05,3.42311385450381e-09,5.81143375171804e-06,3.68063411391367e-05,-1620.24365763485,0.177992221363726,0.128193874084348,0.9125,0.519171738123293
"constant",800,"sir_collapsed",13,18.159,3628.49778372002,4063.75937665458,1645.94176164714,2220.5877036743,8018.93097083689,3962.62855173573,7569.22312988797,3468.08104926927,199.818149882704,223.78761917807,90.6405507818237,122.285792371513,441.595405630095,416.83039428867,0.00472654397535651,0.00443797247315897,3.4104413203537e-06,0.00170857620176119,0.00840583959473932,2.5875499381034e-05,1.81045157172517e-05,8.37263125012172e-09,6.74316737007949e-06,5.04037428451364e-05,-1573.17382622511,0.131180842869711,0.0948397141119974,0.96625,0.548804569104379
"constant",800,"sir_collapsed",140,17.952,4073.64278931692,4026.85467370061,1532.60809216113,2169.29054604418,7660.54487798013,4142.83684163802,7491.49636779099,3501.71533079369,226.918604574249,224.312314711487,85.3725541533604,120.838377119217,426.723756571977,417.307061485684,0.00385366318616389,0.00362224442913245,2.27760361986732e-06,0.00133701269521005,0.00686118434110521,2.27923446394348e-05,1.75973721899278e-05,1.25841624958912e-09,5.81204408844994e-06,4.33559525814716e-05,-1582.87372216447,0.143303869185937,0.101976559377402,0.9575,0.531905942304983
"constant",800,"sir_collapsed",141,18.029,3674.70213002165,3893.87330247402,1914.56257953573,2067.42566250111,7724.13224824497,3951.71223385201,7599.04557004719,3686.31956778054,203.821738866363,215.978329495481,106.193498227063,114.672231543686,428.428212781905,421.490130902834,0.00365787777153818,0.00340339491712809,2.18596000510335e-06,0.00134900176633678,0.00662116907504688,2.13216298812235e-05,1.56299998478545e-05,1.90005654640263e-09,6.40207882063765e-06,4.13845361051938e-05,-1596.35742522399,0.1500526611802,0.11119230012906,0.92,0.518199097904876
"constant",800,"sir_collapsed",142,17.833,3255.76310111518,3215.71959359609,1600.47612350169,1898.59541753063,7542.44499170824,3486.0851844567,7187.94714907072,3129.38468018848,182.569567718005,180.324095418387,89.7480022150894,106.465284446287,422.948746240579,403.069990975759,0.00330069376131092,0.00306200748396731,1.86200172100053e-06,0.00108264076075082,0.00599258492657016,2.63203437798538e-05,1.70571917428997e-05,9.82022801186318e-09,5.9474711500196e-06,4.67756510470604e-05,-1599.12164622885,0.148090117964858,0.107381098411296,0.93875,0.510085204049036
"constant",800,"sir_collapsed",143,17.865,3185.77324444448,3329.81634354528,2010.67422970857,2003.84602627576,7431.64910658439,3366.64894025157,7148.53187109648,3123.36627935703,178.324838759836,186.38770464849,112.548235639998,112.166024420698,415.989314670271,400.141722423537,0.00297012926065897,0.00275208952676508,1.46321630014125e-06,0.00110626792583691,0.00546581227592585,2.04031048256066e-05,1.58513093105357e-05,1.49696586700214e-09,5.57254181408302e-06,3.7387264693473e-05,-1581.34722736382,0.165852764567746,0.124794803942554,0.92375,0.49859194408117
"constant",800,"sir_collapsed",144,17.952,4854.0111231913,4440.83339889107,1381.68796789608,1861.93469509333,8132.38820733993,4856.11319867221,7822.2532051504,3569.39493036374,270.388320142118,247.372626943576,76.9656844861901,103.717396117053,453.007364490861,435.731573370677,0.0051209802631352,0.00486722814179616,3.92391852506266e-06,0.00159488585193105,0.00884282380247409,2.74303396064735e-05,1.82270630549503e-05,1.49920390835699e-08,6.18260463597432e-06,4.46456718962075e-05,-1598.12198332732,0.142228786501403,0.0951023718401564,0.96375,0.554831704058021
"constant",800,"sir_collapsed",145,18.111,2996.42881403813,3337.91609523577,1977.14354789785,1555.32955938253,7507.96338120915,3315.69252797354,7211.11661606685,2969.41884907054,165.448004750601,184.303246382628,109.168104902979,85.8776190924039,414.552668610742,398.162255870291,0.00350355225311605,0.00323532673588561,2.10528441027637e-06,0.00127399976972293,0.00640326037230361,4.39989470383038e-05,1.58657568803131e-05,6.08274946686809e-07,5.09796343155968e-06,5.4136069322783e-05,-1585.29239135661,0.152474378199618,0.107038323103387,0.94125,0.520783897892754
"constant",800,"sir_collapsed",146,17.835,3704.78293901919,3847.60416946879,1593.98856957947,1987.48131049645,7896.68643459625,3968.52033317725,7538.57582963065,3279.27224031459,207.725424110972,215.733342835368,89.3741838844673,111.437135435742,442.763467036515,422.684375084421,0.0042556231848939,0.00399036817729167,2.71092414986757e-06,0.00149906318617269,0.00744306259758075,2.46129857261166e-05,1.80748468857905e-05,2.1861270586265e-09,5.57192663833651e-06,4.74140258665898e-05,-1557.39471833293,0.170637475911194,0.12380672468965,0.915,0.542595768682216
"constant",800,"sir_collapsed",147,18.029,3087.28903579427,3238.14577724579,1651.26961081886,2299.04131933361,7319.57230372411,3333.13765276402,7183.33826796709,3006.67549721399,171.2401706026,179.607619792878,91.5896395151624,127.519070349637,405.988812675362,398.432429306511,0.00295614887666449,0.00274158035899465,1.41056872334578e-06,0.00106096678848848,0.00532395440952305,2.17873116805533e-05,1.6706307359815e-05,2.33633270203284e-09,5.73231475529847e-06,3.85067124171388e-05,-1602.30291372044,0.155648284854373,0.114084450917461,0.9325,0.500264211411189
"constant",800,"sir_collapsed",148,18.054,3807.65064834757,3820.43780586901,1268.32061462288,1695.65066417347,7799.38996934056,4098.88810853141,7340.45572239023,3182.93114449683,210.903436819961,211.611709641576,70.251501862351,93.9210515217387,432.003432443811,406.583345651392,0.00442703314487999,0.00418046772976471,3.03119495521138e-06,0.0016172388288096,0.00791455394771982,3.16422352216968e-05,1.82159624091584e-05,4.88721625437279e-08,5.50759655276505e-06,4.90028202116167e-05,-1576.7371791791,0.139408834712159,0.0902332355490495,0.9625,0.544653113747345
"constant",800,"sir_collapsed",149,18.722,4142.50304343856,4319.93015475667,1905.4981636051,1880.23673149532,8078.46441567236,4372.52540260814,7764.11351745393,3608.41140295316,221.263916431928,230.740847919916,101.778558038944,100.429266718049,431.495802567694,414.705347583268,0.00511103767893031,0.00487760128490958,3.78525715628629e-06,0.00180355338927369,0.00883628222244483,3.16818690724815e-05,1.81215977143695e-05,1.07762141865452e-07,5.20551989174195e-06,5.30704853741471e-05,-1607.7025208232,0.137564452567508,0.0968263686985402,0.95375,0.556880468529977
"constant",800,"sir_collapsed",14,18.026,3816.46722390488,3703.08256524154,406.579474476492,2552.50365314932,7931.38296315271,4118.08387966107,7779.72227683528,3632.50753886351,211.720138905186,205.430076846863,22.5551688936254,141.601223407817,439.996835856691,431.583394920408,0.00509523340145549,0.00476376705408369,4.44035512410911e-06,0.00146852576673247,0.00908547052460938,2.49632266201593e-05,1.77231957187343e-05,1.36083620131782e-08,5.61467543450159e-06,4.30115855854116e-05,-1593.59113055193,0.183709748992855,0.137377311079764,0.9075,0.565063367209481
"constant",800,"sir_collapsed",150,18.033,5155.85587980875,4953.09831467688,1675.95629553985,2243.09871175829,8604.20914675824,5459.39823919528,8276.73419550724,3831.57175289977,285.912265280805,274.668569548987,92.9382962091638,124.388549423739,477.136868339059,458.977108385029,0.00715262917962583,0.00686767798724106,6.51233382997717e-06,0.00261126303864566,0.0122061343941467,2.87034817561129e-05,1.82006380134852e-05,9.21088665067842e-08,5.78896899894235e-06,5.13792959466383e-05,-1576.95809349495,0.137705787287508,0.102393494693775,0.975,0.606838678371942
"constant",800,"sir_collapsed",151,17.876,3705.71682872969,3713.82651580558,1606.74811659523,1750.13090479266,7588.61135525722,3927.31739714515,7277.34479477352,3549.2638367171,207.301232307546,207.754895715237,89.8829781044547,97.9039441034157,424.513949164087,407.101409418971,0.00358876683550317,0.00337105664455325,2.08802098793067e-06,0.00121068775121272,0.00636379552930252,2.60826176485022e-05,1.65561416500394e-05,4.63454546567588e-08,5.69914030105615e-06,4.54071638381644e-05,-1598.40532591562,0.144830608616664,0.0952536598112264,0.93875,0.518188575594489
"constant",800,"sir_collapsed",152,17.862,3187.97645674815,3250.43756075628,2037.96524839915,1743.11509695419,7301.76583834917,3411.97640844623,6987.27636349718,2919.96681514536,178.478135525034,181.975006200665,114.095020064895,97.5879015202214,408.787696694053,391.181075103414,0.00299477290285703,0.00277806506769663,1.37862539919899e-06,0.00111201739252989,0.00535471310150109,2.45522707222728e-05,1.69497262648124e-05,8.08555850656681e-09,4.96176671655644e-06,4.63654144749475e-05,-1583.67176281322,0.147337257886343,0.0971099439793286,0.945,0.50038580218321
"constant",800,"sir_collapsed",153,17.977,3601.79163909457,4137.58622606085,1631.15625988574,1850.89058880005,7932.75433230662,3870.86579645142,7640.91552301455,3775.3649647495,200.355545368781,230.159994774481,90.7357323182809,102.958813417147,441.272422111955,425.038411471021,0.00413895475458715,0.00386052372692659,2.65727901073719e-06,0.00140194245190309,0.0073062703687805,2.32649282679879e-05,1.60832362497502e-05,3.30711707067888e-09,5.7097236911795e-06,4.49046631884202e-05,-1594.26876938963,0.142896223372083,0.100956383462578,0.93,0.534128428688555
"constant",800,"sir_collapsed",154,17.694,3985.96072323767,4141.57575256716,1853.2634945931,2020.86810528564,7970.91965811647,4289.33447414345,7717.06477350351,3878.10273765594,225.271884437531,234.066675289203,104.739657205443,114.212055232601,450.487151470356,436.140204221969,0.0041954723331446,0.00394538986528285,2.60241968835374e-06,0.00163381668190976,0.00763483832773561,2.4598748579443e-05,1.67461046994072e-05,2.55710365220435e-08,6.13092698949001e-06,4.23410490661374e-05,-1574.65830533851,0.129715078045154,0.0820696353707178,0.95875,0.537434111961708
"constant",800,"sir_collapsed",155,18.244,3790.50869386756,4212.79448435331,1473.53102921264,3086.73617178248,7676.06954463221,3960.00650207423,7702.54827873873,3968.38130527883,207.767413608176,230.913970859094,80.7679801147031,169.191853309717,420.744877473811,422.19624417555,0.00374168073308444,0.00348509377176177,2.27396257630436e-06,0.00127910265293454,0.0066156748180388,2.04112164220856e-05,1.70480066853242e-05,2.13600159297011e-09,6.75172369698766e-06,3.81468697987366e-05,-1591.9392195011,0.16376284102815,0.122528521432298,0.93625,0.520271053090526
"constant",800,"sir_collapsed",156,17.948,3960.31003403303,3532.15226697757,1746.32350735269,1625.57316297162,7782.15602163678,4304.83128211617,7419.44309248466,3454.73730747688,220.654670940107,196.799212557253,97.2990588005736,90.5712705020958,433.594607846934,413.385507715882,0.00415006666171326,0.00389940122695126,2.60173949375508e-06,0.0015032783862236,0.00741280865647761,3.43982739931333e-05,1.69849075167932e-05,5.25072468783711e-08,4.34772863666989e-06,5.15625479284861e-05,-1585.32001503462,0.12932375119204,0.0818648502065489,0.95875,0.535885762062825
"constant",800,"sir_collapsed",157,17.713,3182.85013420694,3245.16335740003,233.657123702308,2037.74273989386,7412.30765452924,1751.55827794252,7239.97880098061,3099.89416014636,179.69006572613,183.208003014737,13.1912789308591,115.042214186973,418.46709504484,408.738147178943,0.00354924931364941,0.00338603930112925,2.11031626085601e-06,0.0008211271143802,0.00618472879102869,2.33353400519008e-05,1.68406217826147e-05,2.22674060140318e-08,6.75839353740102e-06,4.0437357884369e-05,-1596.8482613371,0.158935814091124,0.110056866181071,0.94,0.517112028381879
"constant",800,"sir_collapsed",158,17.885,3613.59348711155,3647.38072577432,2140.15609904375,2210.63211886441,7599.41591293155,3786.89331030707,7521.35558277886,3408.55760174564,202.046043450464,203.935181759817,119.662068719248,123.602578633739,424.904440197458,420.539870437733,0.00315794804600885,0.00294820730807538,1.48693473300892e-06,0.00111140206396018,0.00549880481336365,2.13518969913111e-05,1.51253274658507e-05,6.9570975969803e-09,6.33674640010556e-06,3.89908934488895e-05,-1598.13622965885,0.142513120413135,0.0923803555983746,0.9425,0.503426233056744
"constant",800,"sir_collapsed",159,17.822,3541.75887521281,3745.52985756167,1780.80777636008,1708.98985072558,7591.04231789235,4036.18181902769,7375.00334112578,3603.96335261918,198.729596858535,210.163273345397,99.9218817394277,95.8921473866893,425.936613056467,413.81457418504,0.00345426702319492,0.00321491772238749,1.99866505935873e-06,0.00118187401778156,0.00622702482924805,2.89049293629876e-05,1.54721272196745e-05,5.08682632786476e-08,5.11711768136807e-06,5.02080415517907e-05,-1602.66167324642,0.144738082745902,0.0973686984847049,0.9425,0.51332628204731
"constant",800,"sir_collapsed",15,17.895,4209.78892048784,4224.13581803804,1565.1230212548,2290.58769888846,8084.51774555407,4583.11915626594,7808.23755859368,3914.16228216385,235.24945071181,236.051177314224,87.46147087202,128.001547856298,451.77523026287,436.336270388024,0.00475561785659752,0.00448105064187923,3.4582549164215e-06,0.00140102282861233,0.00825841444652597,2.52045060074976e-05,1.75978732176639e-05,8.07954787267386e-09,5.47355758506925e-06,4.69343867527481e-05,-1587.81433785483,0.134388041673681,0.0924604191622963,0.96,0.552685604342655
"constant",800,"sir_collapsed",160,17.814,3251.79565446639,3206.93089020501,1847.99326792788,1762.58444144393,7539.34110337609,3457.80380411135,7338.90416273092,3006.62557137721,182.541577100392,180.023065577917,103.73825462714,98.9437768858164,423.225614874598,411.97396220562,0.00316695237388131,0.00295290757530145,1.54723142754503e-06,0.00122827770298462,0.00571364633515712,2.13248856570442e-05,1.5941394659869e-05,2.42460052906826e-09,5.67377156735122e-06,3.95824309100169e-05,-1625.87674712081,0.145724170313739,0.0999984802333661,0.9375,0.502919748486098
"constant",800,"sir_collapsed",161,17.976,3529.61589493458,3632.12602641825,1513.56778930693,1528.86862010095,7627.94166931051,3729.04392619957,7375.22777107557,3497.54044925001,196.35157403953,202.054184825225,84.1993652262425,85.0505462895501,424.340324282961,410.281918729171,0.00367594886849593,0.00340794060945765,2.28376088503196e-06,0.00128396855988129,0.00674086173400806,3.11248350473352e-05,1.60147831801636e-05,1.26860847108595e-07,5.05233111059776e-06,4.53984375872595e-05,-1600.58600777871,0.140801533531054,0.0915159013963951,0.93875,0.524496368211189
"constant",800,"sir_collapsed",162,17.791,3260.31525815889,3388.64490679964,1700.56761669213,1523.33547632089,7529.30012700748,3543.79704097732,7360.22787656258,3268.15011720402,183.256436296942,190.469614231895,95.5858364730556,85.6239377393566,423.2083709183,413.705124870023,0.00356559428081031,0.00336352704445453,1.94451699635162e-06,0.00129205032283136,0.00627841047865053,2.49789827592177e-05,1.58460328083598e-05,7.66912872364503e-09,4.76464068401323e-06,4.43515226663034e-05,-1595.60897966513,0.167786717046258,0.122163416754252,0.9075,0.518948777544742
"constant",800,"sir_collapsed",163,18.037,3903.50747458482,4312.49197847917,1443.65723774306,2692.90241534363,7745.64163414236,4142.30143173827,7734.17099896576,3936.45260648807,216.416669877741,239.091421992525,80.0386559706749,149.298797768123,429.430705446713,428.79475516803,0.00352547551355914,0.00332185482379121,1.75664038681734e-06,0.00128931498900411,0.00596192841559095,2.00296667266616e-05,1.60263830599348e-05,1.78024958620413e-09,5.93049625230858e-06,3.42968613480213e-05,-1583.71822833789,0.143645902689382,0.103496174828657,0.945,0.517696679247025
"constant",800,"sir_collapsed",164,17.874,3913.26425695507,4130.93195462008,1774.2584334174,2110.43170396768,7806.39577645312,4186.69221029945,7553.07401188456,3415.10407893061,218.936122689665,231.114017825897,99.264766331957,118.072714779438,436.745875375021,422.573235531194,0.00426511621983711,0.00397786033066053,2.89271282252317e-06,0.00151784375002486,0.00770500407302934,3.0110050078525e-05,1.77704790134682e-05,2.27232110453226e-08,4.73616716536636e-06,5.42836668910911e-05,-1592.78580666888,0.154937500899937,0.10812846398154,0.955,0.535886180586394
"constant",800,"sir_collapsed",165,18.004,3275.42166500404,3321.16921087623,1989.00574443458,2064.81240988653,7298.11668785277,3512.12770326435,7009.09913621059,2926.45762648152,181.927441957567,184.468407624763,110.475768964373,114.68631470154,405.360846914729,389.307883593123,0.00292913617186482,0.00273025986063403,1.31141509397775e-06,0.00111859490917145,0.00520416118292996,2.3582449298056e-05,1.66033306796895e-05,6.30014685347252e-09,3.9666214525144e-06,4.29591792064109e-05,-1567.69506443685,0.150584657432783,0.102060636122354,0.9375,0.498988618987445
"constant",800,"sir_collapsed",166,17.939,4557.18008795992,4934.38001520802,1445.64340550452,1937.47913926828,8297.41707355783,4192.60179208184,8190.57721910243,4177.64389349586,254.037576674281,275.064385707565,80.5866216346797,108.003742642749,462.535095242646,456.579364463037,0.00580739979367535,0.00544800844884911,5.61181148955333e-06,0.00173369406008324,0.0103625136076122,2.51027447836853e-05,1.70929077130717e-05,1.82918311726234e-08,6.03397679103469e-06,3.85377029828937e-05,-1604.60199502537,0.155448239551367,0.116087569821322,0.955,0.57239628630088
"constant",800,"sir_collapsed",167,17.86,3852.89832537542,4048.9543047232,1566.50928217388,2059.95028805783,7624.75413930617,4093.05950285722,7336.64011332914,3690.65699926803,215.727789774659,226.705168237581,87.7104861239576,115.33876192933,426.917924933156,410.786120567141,0.00356973675779536,0.00327920421499641,2.14976662328756e-06,0.0012948152609823,0.00651004604299086,2.4273051081149e-05,1.79485367830765e-05,7.28218675993674e-09,6.63726397733773e-06,4.29497727120638e-05,-1604.98211229077,0.137679689174627,0.09923592179327,0.9575,0.51818784830056
"constant",800,"sir_collapsed",168,17.996,4608.72055086523,4862.56787557121,2031.88587258965,2472.88210132037,8453.70204665843,4917.17892798896,8147.44654939908,4398.34770183816,256.096941034965,270.202704799467,112.907639063661,137.412875156722,469.754503592933,452.736527528289,0.00577669052723762,0.00546903840659409,4.6048952604319e-06,0.00207577255777644,0.00988448041969484,2.47376330952013e-05,1.78174560011127e-05,9.40717053576481e-09,6.13851731118539e-06,4.58824207811598e-05,-1603.9906500851,0.132379647406516,0.0892578374017533,0.965,0.573348462114887
"constant",800,"sir_collapsed",169,17.774,4294.10117558539,4395.79740289099,1496.91499892299,1562.47723863186,8270.91582290633,4618.88785634351,7833.94062627297,3149.41009206522,241.594529964296,247.31615859632,84.2193653045456,87.9080251283819,465.337899342091,440.752820202148,0.00519530792857101,0.0048816881502991,4.1256308095674e-06,0.00180272260047551,0.00923971382215984,2.70907968482496e-05,1.70530753916188e-05,1.8127068832465e-08,5.65504760088028e-06,4.41399820555548e-05,-1627.51431017748,0.167103680334796,0.11873491254594,0.9425,0.555584066400609
"constant",800,"sir_collapsed",16,17.876,4786.3775687742,5058.69504448714,1471.49389180106,1969.19887617957,8176.11805599954,4912.15862255041,7829.14325846054,3120.60335195497,267.754395210013,282.988087071332,82.3167314724244,110.158809363368,457.379618259093,437.969526653644,0.00546517468575426,0.0051401114337515,4.23086622145041e-06,0.00203353519694916,0.00965156198858816,3.25458112507295e-05,1.73206481765212e-05,7.65722634268244e-08,5.21444094024651e-06,4.96302819423419e-05,-1571.82289776111,0.124012806480922,0.0852361544391808,0.9675,0.56847235197351
"constant",800,"sir_collapsed",170,17.786,3080.16120774604,3469.60182731686,1271.06084133219,2455.88959594516,7784.50122699699,3278.99286174259,7521.18176683497,3181.65032227999,173.178972660859,195.074880654271,71.4641201693576,138.079927805305,437.675768975429,422.870896594792,0.00398260877468893,0.00376991213455856,2.25919413488428e-06,0.00144814409165845,0.00676004673642246,2.30736521852737e-05,1.83618998029512e-05,2.08299294569108e-09,6.60692512479691e-06,4.34405990687701e-05,-1554.80936680239,0.129957735650013,0.0898580588580832,0.96,0.534414410676946
"constant",800,"sir_collapsed",171,18.026,3439.98816616118,3296.44740854707,1674.0239288395,2309.82183119482,7794.89129267573,3709.30840157559,7496.19816195465,3145.34460369851,190.834803404038,182.871818958564,92.8671878863584,128.138346343882,432.42490251169,415.854774323458,0.00398256399710647,0.00371980498871497,2.53818778727994e-06,0.00133987665034189,0.00704498174608501,2.42174939023555e-05,1.61938820717989e-05,1.09139113504488e-08,5.79825749657278e-06,4.1746630786535e-05,-1586.29954765516,0.143083343236333,0.0983847147051111,0.94375,0.536828180562686
"constant",800,"sir_collapsed",172,17.786,2926.97063737966,3123.18509428023,1176.39240497852,2080.4436419273,7199.06923077338,3146.61514331595,6978.37914649768,2800.06677351754,164.565986583811,175.597947502543,66.1414823444573,116.970855837586,404.760442526334,392.352364022135,0.00289204444939223,0.00268591488780286,1.24301508801315e-06,0.0010801853514742,0.00509129728050923,2.28890239094034e-05,1.71233464130838e-05,1.60796066856345e-08,6.58556707229195e-06,3.9519374466035e-05,-1586.522906978,0.14216795076041,0.0927030227406499,0.945,0.502502937150826
"constant",800,"sir_collapsed",173,17.937,3673.11701118676,4027.17462658106,1639.0422355518,2093.0642556055,7846.92020805671,4024.1518690292,7561.12823163822,3684.05918335193,204.77878191374,224.517735774158,91.3777240091317,116.689761699587,437.471160620879,421.5380627551,0.00413451883709962,0.00389322291486049,2.71457459701993e-06,0.00129810213921833,0.0073682682309799,2.51511530473777e-05,1.67578966303501e-05,1.42750349021078e-08,6.47474556291112e-06,4.45750132486177e-05,-1584.59146393752,0.130324341948255,0.0842061456709421,0.96,0.533031538599585
"constant",800,"sir_collapsed",174,17.809,3966.48874877557,4246.13005960509,1645.73662628597,1991.62069816423,7811.97958304246,4242.74219811654,7525.17238014358,3789.87146651112,222.723833386241,238.426080049699,92.410389482058,111.832258867103,438.653466395781,422.548844974091,0.00389293398509572,0.00366232621220766,2.20966139130044e-06,0.00144368357242681,0.00689417553772732,2.47120754112087e-05,1.66454189168687e-05,5.29310463863698e-09,4.53798526547705e-06,4.91614343360811e-05,-1582.55685084044,0.154645802608448,0.108587530389697,0.92125,0.527568951709634
"constant",800,"sir_collapsed",175,18.04,3852.40285198243,4098.2419147311,1649.12387406164,1799.08185851622,7999.98777811954,4034.96986108979,7752.58447683389,3887.84802027089,213.547829932507,227.175272435205,91.4148488947692,99.7273757492362,443.458302556515,429.744150600548,0.00442832740053018,0.00418314497094729,2.78023705051818e-06,0.00152726433983185,0.00766940230970515,2.33168917635871e-05,1.62932631792348e-05,6.49818438528271e-09,5.85924701575273e-06,4.12776572308013e-05,-1590.6567120019,0.155514316844435,0.110607792243592,0.95,0.536686536294778
"constant",800,"sir_collapsed",176,17.718,3400.15257974826,3074.77730053689,1731.01626126085,2031.15553755427,7638.54240761762,3797.75155043097,7327.08664082368,3006.28506861375,191.903859337863,173.53975056648,97.6981748087173,114.637969158724,431.117643504776,413.539148934625,0.00386585509619928,0.00361687029864698,2.41027484304517e-06,0.00128789427774821,0.0069069364331889,2.6834235630197e-05,1.79702312580118e-05,2.1429298647376e-08,6.63893389169454e-06,4.95298009974023e-05,-1570.058270067,0.145400682129231,0.106846397820695,0.94875,0.534033546786422
"constant",800,"sir_collapsed",177,18.114,3076.07245662039,3331.18754969142,1559.46074837329,2005.06708288948,7557.94090106003,3354.96130321307,7252.20514422282,3152.96822018768,169.817404031158,183.901266958784,86.0914623149658,110.691569111708,417.24306619521,400.364643050835,0.0033338520527618,0.003126307141218,1.60006610317467e-06,0.00125992351700261,0.00578286209753452,2.31922245906808e-05,1.72698342703929e-05,4.90384760897204e-09,6.26720320912068e-06,4.2074025370817e-05,-1550.93482569248,0.151577665247738,0.104396998424966,0.94375,0.510467836692992
"constant",800,"sir_collapsed",178,18.038,3530.67765257216,3851.19770565812,1966.19913640839,1709.67970018548,7560.34445247706,3932.35469090402,7241.02017475528,3314.87679943555,195.735539004998,213.50469595621,109.003167557844,94.7821100003036,419.134297176908,401.431432240563,0.00362423214344696,0.00336838079670973,2.040079102458e-06,0.00141288959388225,0.00653751163838481,4.02024956028805e-05,1.73789868901324e-05,4.63158322263009e-07,4.18825597733438e-06,5.41014825257897e-05,-1550.65590792063,0.13809769817775,0.0962135514701845,0.95625,0.526752935963107
"constant",800,"sir_collapsed",179,17.775,3864.35753518798,3982.72733334577,613.790897082847,2092.62058433355,7980.24054390003,4084.24699485156,7767.06450920315,3879.36113897036,217.40408074194,224.063422410451,34.5311334505118,117.728302916093,448.958680388187,436.965654526197,0.00464000324892457,0.00439196689606412,3.49085922579382e-06,0.00163502989867438,0.00813373823680847,2.53519811635133e-05,1.6953436198539e-05,7.36853209981608e-08,5.59879179073004e-06,4.00902992789555e-05,-1605.10850566112,0.164134330210078,0.113951530146668,0.94625,0.547813792488995
"constant",800,"sir_collapsed",17,17.565,3454.10855739523,3802.50259575687,1759.39574415061,1775.68336966744,7358.91503824136,3635.64750251339,6974.10320194201,3237.22782744145,196.647227861955,216.481787404319,100.164858761777,101.092136047107,418.953318431048,397.045442752178,0.00297488330109767,0.00277481035779327,1.27822755058669e-06,0.00102753164883067,0.00500259597314442,2.57797277211527e-05,1.67549444626991e-05,9.68954151532634e-09,5.12948529971666e-06,4.6413854473091e-05,-1576.58293258455,0.133941371417793,0.0882482092986261,0.9475,0.500135440075649
"constant",800,"sir_collapsed",180,17.844,3501.76886026224,3530.03675342271,1737.78367745581,1958.64034113264,7602.63265360829,3697.10330298853,7307.33836901419,3408.83904837617,196.243491384344,197.827659348953,97.3875631840287,109.764645882798,426.06100950506,409.512349754214,0.00347018005178445,0.00322034819890382,1.92697243687834e-06,0.00128802070743239,0.00630641136929204,2.35654455707231e-05,1.6780556449687e-05,5.30282855270084e-09,6.33354391964914e-06,4.14741607789148e-05,-1571.4823719329,0.146707941663473,0.100806763815155,0.93375,0.515457448325766
"constant",800,"sir_collapsed",181,17.721,3352.00047734567,3888.3954320455,1921.09511361312,2032.08842914064,7706.30879293844,3668.42020513697,7426.73207882259,3617.06072994717,189.154137878544,219.423025339738,108.407827640264,114.671205301091,434.868731614381,419.092155003814,0.00366598750911703,0.00343340865167394,2.07450905352508e-06,0.00134471537861816,0.00650380871975647,3.73681762348907e-05,1.61921873094919e-05,3.2842133069379e-07,4.19077222460134e-06,4.41065965115092e-05,-1576.32893546258,0.165322210391225,0.125387358459946,0.9125,0.524804458224212
"constant",800,"sir_collapsed",182,18.122,3327.5692823671,3278.99224333153,2271.07912445681,1830.32442861733,6958.20671199985,3513.86292584045,6736.01640122246,3031.9907575213,183.620421717641,180.939865540864,125.321660106876,101.000134014862,383.964612735893,371.70380759422,0.00237808272101077,0.0022247428848284,7.69024699740562e-07,0.000958750625129848,0.00415186515367411,3.01394031268725e-05,1.48714135216085e-05,3.67449678499589e-07,4.86706320653819e-06,3.96090941159694e-05,-1559.65103223995,0.163687585739871,0.118851241311069,0.905,0.48485358578436
"constant",800,"sir_collapsed",183,17.862,3068.2478885322,3289.50457970962,1745.80251519203,1721.63111012702,7389.53915233783,3318.86857840322,7100.46751678157,3063.7746180454,171.775158914579,184.162164355034,97.738356017917,96.3851254130009,413.701665677854,397.518056028528,0.00310581162210562,0.00290898756471747,1.43918101516551e-06,0.00113134936257966,0.00550440735930742,2.79071759840029e-05,1.79646528188286e-05,2.53779030495396e-08,5.68181033959876e-06,4.64281341649197e-05,-1585.90517330305,0.145327386168962,0.0991137921149638,0.95125,0.503137056337397
"constant",800,"sir_collapsed",184,17.939,4022.13916277732,4221.54719236458,1301.35574036884,1405.23879203225,7637.65741908859,4438.96887890348,6979.83430591908,2627.96300679495,224.212005283311,235.327899680282,72.5433825948403,78.3342879777161,425.757144717576,389.087145655782,0.00434252757736686,0.0041259946605051,3.05740906170283e-06,0.00165973063590776,0.00801503703200646,3.97225628986922e-05,1.93677088079785e-05,5.9790723750282e-08,5.39011362327617e-06,6.42861620092516e-05,-1585.38472962324,0.149767833875901,0.10616329785675,0.9575,0.542834291853517
"constant",800,"sir_collapsed",185,17.661,3011.05966139096,3182.27928666301,1739.36413252439,1767.43583640087,7486.84826132058,3269.49989971719,7184.65757975653,3076.65393374605,170.492025445386,180.186811996094,98.4861634405974,100.075637642312,423.919838136039,406.809216904849,0.00317305628109032,0.00296541713924722,1.47922661432609e-06,0.00118466999111707,0.0055391484680104,2.64923643748461e-05,1.67437083830983e-05,1.69007778406518e-08,5.92536536281759e-06,4.54260483002313e-05,-1598.84916071252,0.144410153927506,0.102620915109481,0.94375,0.505190841122701
"constant",800,"sir_collapsed",186,17.697,3523.24257252343,3720.53664294408,1579.57594175277,1843.02779935827,7744.90209514993,3698.49723859265,7323.92334928751,3463.59882818727,199.086996243625,210.235443461834,89.2567068855045,104.143515813882,437.63926626829,413.851124444115,0.0038095640506368,0.00360133002391242,2.1682799636022e-06,0.00129911142027303,0.006626513589712,2.66227415673308e-05,1.71419075276379e-05,1.18643740405263e-08,4.80964241569916e-06,4.86679929850348e-05,-1580.05066619239,0.14442671150693,0.0950730798169381,0.945,0.526273830941599
"constant",800,"sir_collapsed",187,17.996,3410.82376397828,3608.90752664418,1678.18492946121,1754.36674454482,7645.24054552556,3617.90562042748,7459.2395771182,3353.11425727441,189.532327404883,200.539426908434,93.2532190187381,97.486482804224,424.829992527537,414.494308575139,0.00369722589851718,0.00340122032011857,2.37521005782219e-06,0.00133807444139735,0.00689617142550917,2.68375578208169e-05,1.72147301188635e-05,1.73208667419518e-08,5.6146064084849e-06,4.5143321782078e-05,-1619.71267080319,0.144273258010124,0.105233034531075,0.9525,0.521193919552237
"constant",800,"sir_collapsed",188,17.811,4232.8770670167,4018.93158728659,1704.19083226045,1995.11461082973,7764.36789822023,4526.91371493741,7434.88269854644,3449.01618923165,237.655216833232,225.643230996945,95.6819287103727,112.015867207328,435.931048128698,417.432075601956,0.00433522134025974,0.00407500721868608,2.89310852419974e-06,0.0014923690600203,0.00762653525617224,2.78516548411038e-05,1.93175366718099e-05,8.21570306772819e-09,5.13865927434689e-06,5.05673020583946e-05,-1564.83328057751,0.150100756980989,0.105049278549471,0.9425,0.54782331715248
"constant",800,"sir_collapsed",189,17.956,3679.44273549205,3812.44667409652,2012.41284865447,2089.70948534376,7534.36309458853,3987.45578097037,7321.93790737628,3369.25678323012,204.914387140346,212.321601364253,112.074674128674,116.379454519033,419.601419836741,407.771101992441,0.00331862479391001,0.00309035032382971,1.71354840136821e-06,0.00115954593759315,0.00590032506646346,2.49118413353581e-05,1.65421080066358e-05,4.41779372750966e-08,5.8194522255787e-06,4.41832558516758e-05,-1594.74712327444,0.137530246553652,0.0943731579183661,0.94875,0.511309988616512
"constant",800,"sir_collapsed",18,17.569,3766.67784852889,3720.247849386,1697.27441134232,2494.45174273639,7616.65360446085,4018.57214561347,7405.83666439732,3542.98448309648,214.393411607314,211.750688678126,96.6062047550979,141.980291578143,433.528009816202,421.528639330486,0.00342732939230373,0.00321395201794602,1.8605019260865e-06,0.00121748860950552,0.00614816489155389,2.07187783310692e-05,1.67984051856213e-05,8.12778202496351e-10,6.23738827548478e-06,3.81807566147229e-05,-1584.38040784361,0.149935506266517,0.0991503290257496,0.9325,0.511453651774002
"constant",800,"sir_collapsed",190,17.782,4114.70492257369,3839.27921672474,1825.84020433752,1974.319681578,7762.82211958377,4408.36881035404,7503.4766043572,3726.26932415751,231.397195060943,215.908177748551,102.67912520175,111.029112674502,436.555062399267,421.970341039096,0.00361934742180177,0.00341542170649373,1.90277334650646e-06,0.00126495665938301,0.00626914388889129,2.34254750524485e-05,1.62385006727582e-05,1.29723487412342e-08,5.90903746393373e-06,4.09460335314552e-05,-1571.01745298088,0.149463310590395,0.100421603286227,0.94375,0.517463339708245
"constant",800,"sir_collapsed",191,18.049,3954.75900272921,4190.54685797037,844.142462602777,1412.59233668011,7912.00122901973,4045.60953433612,7100.43142284689,1801.35860828085,219.112360946823,232.176123772529,46.7694865423445,78.2642992232315,438.362304228474,393.397496971959,0.00483360382221287,0.00458088680946223,3.61112279901331e-06,0.00176448748345211,0.00886568808118824,3.11193911626974e-05,1.77413051034546e-05,2.88510028639209e-08,6.0610642336466e-06,5.5140221102187e-05,-1585.13796398327,0.130295338795559,0.09209706371877,0.96375,0.553242404397783
"constant",800,"sir_collapsed",192,18.02,3676.01964832292,3917.78625702165,1418.37958741047,2827.28746552247,7671.30609921111,3896.75785003158,7523.72746631319,3622.86663629356,203.996650850328,217.413221810302,78.7114088463079,156.897195644976,425.71066033358,417.520947076204,0.00338390679609025,0.00318321970832203,1.80086407367189e-06,0.000982071389076605,0.00584958111533377,2.06668493227662e-05,1.63161744546135e-05,1.39185410785431e-08,5.95594690462263e-06,3.6270077679225e-05,-1575.57103195796,0.164657337007688,0.106752666569714,0.91875,0.508535164796351
"constant",800,"sir_collapsed",193,18.367,3679.08842024468,3906.69972773472,1822.09742285703,1966.07531383708,7474.58366460184,3782.9659823677,7138.71365376062,3651.37199329802,200.309708730042,212.702113994377,99.2049557824921,107.043900138133,406.957242042894,388.67064048351,0.00305908145584545,0.00287273384049164,1.303252489649e-06,0.00116110389558194,0.00523583184372413,2.10494804111874e-05,1.59138059236882e-05,1.95605105234002e-09,6.75805860526644e-06,4.13664470257953e-05,-1543.58940626037,0.151180480443747,0.106701599985673,0.91625,0.504442949469772
"constant",800,"sir_collapsed",194,17.868,3356.88330654752,3676.74061988885,1649.61545135712,1925.89666190909,7791.1813275538,3522.68082796359,7460.75519840514,3297.78173670074,187.871239453074,205.772365115785,92.322333297354,107.78467998148,436.041041389848,417.548421670312,0.00415814217548661,0.00392724264337829,2.70378310289893e-06,0.00142276935430654,0.00751150521955724,2.94707109000062e-05,1.71693657372348e-05,9.41178018539474e-08,5.15400185583017e-06,4.76813844068611e-05,-1562.45370460945,0.142966914431844,0.0983442076599785,0.94875,0.54076038139977
"constant",800,"sir_collapsed",195,18.178,4792.9906641086,4741.09196420872,1722.20926785239,1519.77289239318,8598.46792720909,4972.72385108564,8030.44053989175,4237.18129178889,263.669857195984,260.8148291456,94.741405427021,83.6050661455155,473.015069161024,441.767000764207,0.00689958762842504,0.00653355451662026,6.58214259134547e-06,0.00246645320129491,0.0119576865023128,3.38805683359631e-05,1.84967327411077e-05,1.14841829917262e-07,7.56094422345489e-06,4.83897064078264e-05,-1576.38340054367,0.165176529597395,0.122868692585164,0.96,0.596895154371846
"constant",800,"sir_collapsed",196,17.733,3011.69094274709,2965.13016515256,1774.39227081568,1554.20859638271,7207.40507177708,3136.99815921199,6721.38922828172,2655.30109564641,169.835388414092,167.209731300545,100.061595376737,87.6449893634866,406.440256683983,379.032833039064,0.00298724314021349,0.00280698313892424,1.25744539333638e-06,0.0011697766833827,0.00526087738376042,3.29802833397329e-05,1.60939930072408e-05,6.84269459634269e-08,5.35257368483767e-06,4.85175445083318e-05,-1580.14510418891,0.147934291673953,0.102130034868012,0.9375,0.504303820672767
"constant",800,"sir_collapsed",197,17.934,3403.90819314136,3777.69559676917,1156.937485682,1730.28708648934,7910.81980506068,3580.69333681946,7486.28498357627,3277.55466600925,189.801951217875,210.644340178944,64.5108445233635,96.4808233795771,441.107382907365,417.435317473864,0.00461297012765965,0.00431419540706449,3.37716406431094e-06,0.00164632011245663,0.00841662762216433,3.45518533605607e-05,1.75424644335152e-05,1.11637355610932e-07,6.13542789008675e-06,4.69564843176617e-05,-1584.6266736875,0.155540657133254,0.112364776791995,0.95,0.547820006658229
"constant",800,"sir_collapsed",198,17.824,4205.22553322159,4015.55385359397,1387.90731718681,2375.06921781637,7771.63756172045,4485.4329223192,7446.78778468029,3816.85091832182,235.930516899775,225.289152468243,77.8673315297808,133.251190407112,436.020958355052,417.795544472638,0.00377367302988313,0.0035301780449502,2.21721790941567e-06,0.00143941995314963,0.0068114483972857,2.17513458225685e-05,1.65746924165024e-05,1.90440987033448e-09,4.95999103619462e-06,4.09547589750773e-05,-1571.22467941638,0.140046072133745,0.0958543245559667,0.9575,0.521362730960505
"constant",800,"sir_collapsed",199,17.831,3603.95263897158,3386.98553083263,1685.01196044226,1932.14743617277,7765.06809951376,3927.68319919662,7599.96695193821,3230.39586041839,202.11724743265,189.949275465909,94.4990163446951,108.358893846266,435.481358281294,426.222138519332,0.00419744100995943,0.00392182649372924,2.9869717650084e-06,0.00139643775161426,0.00758035989518605,2.70914353961553e-05,1.71792264265006e-05,1.43923336464833e-08,5.11296399613685e-06,4.485487383494e-05,-1591.03641951627,0.154969451754076,0.111297197176257,0.9275,0.53467418030503
"constant",800,"sir_collapsed",19,17.899,3917.62045906077,4408.59127513599,1562.26514281688,2352.36811273828,7983.25563856272,4308.61480768732,7751.57294734192,4061.56158968929,218.873705741146,246.303775358176,87.2822583840931,131.424555156058,446.01685225782,433.072962028153,0.00472863651062322,0.00444993902092076,3.55791130568751e-06,0.00137810516597186,0.00825633878492802,2.59902127053764e-05,1.7854981868625e-05,1.04948555941462e-08,5.85584264106292e-06,4.72872142985713e-05,-1572.92513699676,0.141829122602171,0.0968562815115426,0.96375,0.553499899969759
"constant",800,"sir_collapsed",1,17.916,4693.93121192899,4630.91223966758,1436.03017655118,2212.05733213357,7914.61781365942,4770.77693137251,7516.23930241556,3127.1477034652,261.996607051183,258.479138181937,80.1535039378866,123.4682592171,441.76254820604,419.52664112612,0.00453463836553574,0.00417190244641553,3.8111411633342e-06,0.00143715496812254,0.00835217555588583,2.37949048125253e-05,1.63960148106283e-05,4.21384434380189e-09,6.17116794521781e-06,4.42715747903277e-05,-1599.20714182748,0.147143459656035,0.0974544306575294,0.9525,0.543147873853125
"constant",800,"sir_collapsed",200,17.93,4440.01548017504,3936.26720187103,1617.18148931541,1716.82912586126,7699.44206333423,4721.99186961194,7488.25012236171,3932.3374429869,247.630534309818,219.535259446237,90.1941711832355,95.7517638517158,429.416735266828,417.638043634228,0.00397056896168474,0.00371102147322743,2.57861546154533e-06,0.00130093359517234,0.00713427616314992,3.28951086022336e-05,1.67816901332406e-05,3.1030718113625e-07,5.4559601508687e-06,3.97150698588997e-05,-1590.79292173231,0.148133319717768,0.104837421692747,0.945,0.530405217862282
"constant",800,"sir_collapsed",20,17.921,4032.82339028337,4019.61644672638,1762.94778380954,1558.04975109067,7670.8332745412,4241.40072369708,7391.97345511116,3520.12632518772,225.033390451614,224.296436958115,98.373292997575,86.9398890179493,428.036006614653,412.475501094312,0.0038419747949198,0.00360964991558831,2.34262074548727e-06,0.00134389131289421,0.00685156149816017,3.6043646075794e-05,1.6521430657718e-05,8.15429679292049e-08,5.64215723666864e-06,5.65657956074291e-05,-1605.20255928679,0.143804748480948,0.0942559676313097,0.95,0.528884017380075
"constant",800,"sir_collapsed",21,18.033,3271.22037137991,3519.54205185901,1732.39417856903,1660.61637738198,7227.72104647,3601.85233995954,6880.43805632779,3287.87853602631,181.401894935946,195.172298112294,96.0679963715981,92.0876380736419,400.805248514945,381.547055749337,0.00301475703889675,0.00281072333728008,1.30402990783095e-06,0.00112888937112913,0.00534061540875244,2.77479640462972e-05,1.75997554086522e-05,1.38253481360141e-08,4.95036790159522e-06,5.07197937965362e-05,-1563.05094201788,0.141001898077761,0.101337409216547,0.945,0.504936907126914
"constant",800,"sir_collapsed",22,17.755,4040.16254865314,4220.88473062726,1533.32314999042,1491.51411798265,7877.02799485263,4378.84157031999,7537.10180391635,3241.35956622406,227.550692686744,237.72935683623,86.3600760343804,84.0053009283384,443.65125287821,424.505874622154,0.00443588796765919,0.00421424946929197,3.20555041463476e-06,0.00151816515993675,0.00812120851957093,3.09035174637098e-05,1.71377757609283e-05,2.95644745893472e-08,6.01383312475525e-06,4.9199001470491e-05,-1632.79227516031,0.157847324379214,0.103042024072954,0.9275,0.538539533836965
"constant",800,"sir_collapsed",23,18.014,3608.3892513575,3321.42601157307,2080.89606561661,2419.03564288716,7587.71023669573,3831.79511242912,7477.97083966478,3192.23392900459,200.31027264114,184.380260440384,115.515491596348,134.286424052801,421.211848378801,415.119953350992,0.00334058519095597,0.00312453225466281,1.69363537775624e-06,0.00127240487849253,0.00601708040769189,2.24551916581875e-05,1.58106791196911e-05,4.33664342344167e-09,5.64148189014388e-06,4.10732980485217e-05,-1592.95548564296,0.147094080970406,0.0987793344124298,0.945,0.508532864213737
"constant",800,"sir_collapsed",24,17.705,3503.52466360002,3524.72671193259,1523.98217436688,1778.62241178881,7558.50484951993,3869.38024239227,7176.14564153812,3294.37101157762,197.883347280431,199.080864836633,86.0763724578862,100.458763727128,426.913575234111,405.317460691224,0.00360125598562685,0.00333484648666712,2.06818177666171e-06,0.00119257077510982,0.0063632956957296,3.32920647454321e-05,1.77300214850398e-05,6.36635281299584e-08,5.46796898020595e-06,4.98759014566575e-05,-1556.44930038417,0.127496455379033,0.0863006490824857,0.96,0.521290143421686
"constant",800,"sir_collapsed",25,17.869,3616.78760478558,3704.64808689997,1524.16576477,2059.29112492444,7544.2551332694,3992.71670400801,7242.71848372601,3500.5328129107,202.405708477563,207.322630639654,85.2966458542727,115.243781125102,422.197948025597,405.323100549892,0.0037844493737289,0.00352515220396577,2.32180965429858e-06,0.00106271637922539,0.00657730393700849,2.58214948262837e-05,1.83323028579512e-05,1.28731443659702e-08,6.25236426632056e-06,4.72392153326625e-05,-1552.83663754207,0.145795386326191,0.108303125549463,0.95625,0.532667522226979
"constant",800,"sir_collapsed",26,17.602,2994.72666258766,3208.95246000545,2069.02483436252,2316.00892255766,7233.97584400483,3158.25657071713,7018.4783301643,3054.81949662128,170.135590420842,182.306127713069,117.544871853342,131.576464183483,410.974653107876,398.731867410766,0.00280688929627571,0.00262839125563375,1.16427156201082e-06,0.000971869766782133,0.00483915278802754,2.58383898713752e-05,1.67633379859498e-05,3.9384650280903e-08,4.68203402957688e-06,4.1948151521697e-05,-1589.25300533636,0.152114687447904,0.101711062030286,0.9325,0.496702725204495
"constant",800,"sir_collapsed",27,17.713,3375.54411474372,3106.39832516461,1792.15866026178,1808.2868992226,7297.57701263421,3640.02206709945,7192.61265995108,2910.80304140861,190.568741305466,175.373924528008,101.177590485055,102.088121674623,411.989895141095,406.064058033708,0.00318935049258528,0.00294685679175735,1.62006071494965e-06,0.00109882684021957,0.00569314378913929,2.48901780972517e-05,1.64185375386351e-05,9.8684862181678e-09,5.67897919211151e-06,4.53150497176041e-05,-1579.12217837558,0.15617695032671,0.105022803374531,0.925,0.507438727374863
"constant",800,"sir_collapsed",28,17.728,2948.43917539159,3047.88315832957,1787.72077152786,2040.95357516088,7209.7498448224,3254.76780487527,7075.9759983274,2761.87605772002,166.315386698533,171.924817144041,100.841650018494,115.12599137866,406.687152799097,399.141245393017,0.00269899245067548,0.00250321599396673,1.09568043472001e-06,0.000972508129037483,0.004758908395397,2.06229252535044e-05,1.57615238792446e-05,2.86073300210043e-09,5.16313081270762e-06,3.55985690397819e-05,-1581.30153895417,0.14734609634338,0.0975557243164129,0.92875,0.491146204664285
"constant",800,"sir_collapsed",29,18.928,4165.12490067528,4271.6031805098,1746.50626246188,1911.55257882801,8314.19456053563,4297.51326800467,8018.9745116364,3562.01946892863,220.050977423673,225.676414862098,92.2710409162025,100.990732186603,439.253727838949,423.656726100824,0.00573104347083354,0.00541615501652129,4.88685613927344e-06,0.00177977155742725,0.0100075279947657,3.00286918602254e-05,1.7539044787499e-05,3.19766793977461e-08,5.16362325597544e-06,5.17310834618458e-05,-1582.71463794703,0.13377831001356,0.0927256222931412,0.9575,0.574977763881707
"constant",800,"sir_collapsed",2,17.827,3924.62542726553,3918.93385252478,1267.32118129929,2531.64146756086,7942.10425218341,4235.10644807411,7704.92736968093,3994.48877028101,220.150638204158,219.831371095797,71.0899860492111,142.011637828062,445.509858763864,432.205495578669,0.00418095829869751,0.00393292393799322,2.45025640795614e-06,0.00165507965390709,0.00758073984560666,2.27685242094976e-05,1.85904417467495e-05,2.5911211073783e-09,6.63636400082339e-06,4.32509263593112e-05,-1560.14077157748,0.145787430462655,0.106381872774719,0.94,0.537851666474805
"constant",800,"sir_collapsed",30,17.924,3444.03413781525,3490.91159045331,1201.64919179387,2414.35333465885,7414.78843685121,3703.13153077909,7153.07405236434,3245.90088674888,192.146515164877,194.761860659078,67.0413519188723,134.699471918034,413.679337025843,399.077998904505,0.00329978728322801,0.00307131627057061,1.81194508579561e-06,0.000966408550272166,0.00581796050381883,2.2647449109362e-05,1.79033165962957e-05,1.60531710095494e-09,6.19091165284442e-06,4.20509753119677e-05,-1573.97165758575,0.163140269971859,0.117105950396493,0.895,0.513573669393562
"constant",800,"sir_collapsed",31,18.012,5451.95725200571,4900.19272594881,2028.69231916002,2089.53894774616,8673.54210100643,5894.97752638597,8386.87508414566,4923.1041321968,302.684724184194,272.051561511704,112.630042147458,116.008158324792,481.542421774729,465.627086617014,0.00720714500386102,0.00694959661858603,6.00471554570027e-06,0.00253063627543116,0.0118019833504725,2.84103422700714e-05,1.77019267949327e-05,1.6798485699374e-08,6.4095372296309e-06,4.59606422248284e-05,-1560.14251022579,0.136479361297057,0.0988920655335508,0.96875,0.601276620406206
"constant",800,"sir_collapsed",32,17.918,2466.89793057725,2559.42168743644,1899.17228129114,1766.93038915185,7044.27644137115,2695.58137433753,6735.87047987031,2335.26058464084,137.677080621568,142.840813005717,105.992425565975,98.6120319874901,393.139660752939,375.927585660805,0.00260851974496408,0.00244004928807834,1.01109071472226e-06,0.00105523131725777,0.00460438998220323,2.32214295559997e-05,1.66358390778454e-05,3.89511648124858e-09,5.54879780926395e-06,4.24738903811049e-05,-1628.67224921439,0.150413457996294,0.107679895228083,0.90625,0.490288960303622
"constant",800,"sir_collapsed",33,17.626,3554.22401778858,3403.13396643086,2049.23733374117,1740.47098710181,7532.15799042058,3947.83959015984,7223.7998757121,3194.04100869492,201.64665935485,193.074660525977,116.262188456892,98.7445244015553,427.33223592537,409.837732651316,0.0032526315822779,0.00302418056005393,1.66109945030941e-06,0.0011419245443405,0.00586291484339495,2.69966859938025e-05,1.62462156400392e-05,1.89779009606762e-08,4.25597627135008e-06,4.52822846768977e-05,-1604.29965628757,0.162327975803878,0.114487640556282,0.90125,0.508400855203763
"constant",800,"sir_collapsed",34,17.887,3882.74054236185,4526.28459967927,1659.47767559409,2026.03703334193,7839.5674479904,4132.22240764911,7609.09685051451,3901.32301795283,217.070528448697,253.04883992169,92.7756289816118,113.268688619776,438.282967965025,425.398157908789,0.00432521875719108,0.00398573254335407,3.06109586153722e-06,0.00160334164960395,0.00779961733917093,3.17731960676499e-05,1.74329764210755e-05,7.66739334265924e-08,5.45587118464102e-06,5.19904615692129e-05,-1599.62142130337,0.15303195692111,0.106837095479618,0.9325,0.542862757761133
"constant",800,"sir_collapsed",35,18.055,3356.82704307586,3431.37634481924,1780.52010914403,1858.19617875951,7540.38070717296,3499.43878815362,7119.79200104053,3199.46890122965,185.922295379444,190.051306830199,98.6164557820009,102.91864739737,417.63393559529,394.339075106094,0.00345926828352121,0.00325506149260677,1.73835600463642e-06,0.00119404627168644,0.00599734386772025,2.6479475074918e-05,1.81599890657452e-05,7.13530365268724e-09,5.65221057795673e-06,5.11368711575803e-05,-1546.65665043377,0.132196063514209,0.0947836386053938,0.95,0.521490345533421
"constant",800,"sir_collapsed",36,17.816,3561.41780164028,3838.96566745204,1753.87479370877,2156.81271955327,7624.32198397388,3786.8769511749,7435.04310219297,3639.5462711918,199.899966414475,215.478539933321,98.4438029697336,121.060435538464,427.948023348332,417.323928053041,0.00364120093515791,0.0033806998327721,2.21225478294401e-06,0.00127916132140166,0.00667911707942089,2.46169091243332e-05,1.69007755395703e-05,1.42472475531209e-08,5.9187029598707e-06,4.4712559734628e-05,-1564.50797165784,0.145827938436816,0.104452895391381,0.95,0.525407372686912
"constant",800,"sir_collapsed",37,17.84,2905.92536817672,3205.32878851626,1648.40440511308,1656.07547211837,7740.29615457357,3129.01224782547,7428.35716424281,3071.80658050584,162.888193283448,179.670896217279,92.3993500623925,92.8293426075317,433.873102834842,416.387733421682,0.00367006111954969,0.00344025969072882,2.09394829301716e-06,0.00122468412433373,0.00640799175601612,2.79504361514055e-05,1.68781105970694e-05,4.98418848919841e-08,5.59506414730478e-06,4.23447690621514e-05,-1588.22136133968,0.144522757867142,0.0919952871257394,0.945,0.520382923923227
"constant",800,"sir_collapsed",38,18.118,3604.86663527022,3638.53027053288,1917.79343280014,1849.88805679306,7759.77987118215,4156.04292475797,7434.85309063862,3469.54803277288,198.966035725258,200.824057320503,105.850172910925,102.102221922566,428.291195009502,410.357274016923,0.00412126321218103,0.00389599252216665,2.54304344338991e-06,0.00137351363631007,0.00723024209155586,2.67282381892652e-05,1.68500339064534e-05,7.82356949831082e-09,5.85550824024486e-06,4.85301529816617e-05,-1557.68318925009,0.145085818715398,0.100527233858275,0.94625,0.537252729622363
"constant",800,"sir_collapsed",39,17.955,3439.77386093423,3798.69927551847,1723.44836731974,2532.67393224521,7669.59974150956,3643.93153125298,7487.72203926143,3527.25976747237,191.577491558576,211.567768060065,95.9870992659281,141.056749220006,427.15676644442,417.027125550623,0.0036857036938471,0.00346282338519748,1.90122400857638e-06,0.0014016438643129,0.00649296089616995,2.32042699968259e-05,1.76069479007481e-05,7.76203143292507e-09,6.49412523924713e-06,4.08292314536954e-05,-1574.55738960704,0.134631081523159,0.0842201245806381,0.95375,0.519530682608855
"constant",800,"sir_collapsed",3,17.68,4138.61530107242,4191.12193405511,1999.53687011825,2394.42025865134,7810.82992896878,4461.97347901129,7667.59303237161,3995.49067843549,234.084575852512,237.054408034791,113.095976816643,135.431010104714,441.789023131718,433.687388708802,0.00393449379929173,0.00365081508126872,2.48105018784181e-06,0.00135767716910281,0.00706859286945986,2.51164953184194e-05,1.66836878980375e-05,2.86403349918102e-08,6.02932089648207e-06,4.27931525808607e-05,-1564.04227899179,0.158946213424508,0.110995139207952,0.91625,0.532410657759598
"constant",800,"sir_collapsed",40,17.97,3501.03289077566,3739.24672068831,2032.7857495541,2075.76715270134,7514.76745930722,3469.30472748764,7391.52431722842,3509.81736862022,194.826538162251,208.082733482933,113.121076769844,115.512918903803,418.184054496784,411.325782817386,0.00324570151020206,0.00300376270674034,1.58617382417606e-06,0.00119999875056862,0.00576636811504038,2.39727534415081e-05,1.60445754965849e-05,1.17554441357878e-08,4.94132934684367e-06,4.34499653945841e-05,-1572.33664548785,0.139235700465667,0.091744431707346,0.9275,0.507098203567756
"constant",800,"sir_collapsed",41,18.648,3581.65850057684,3639.11284796477,1323.73608991017,1493.75952321117,7680.94309788055,3832.80894327077,7219.60673947348,3450.56646967064,192.066629160062,195.147621619733,70.9854188068517,80.1029345351336,411.89098551483,387.151798556064,0.00433047418622026,0.00405712154985301,3.3754855111353e-06,0.0012523026264398,0.0078338646481807,3.34734724482516e-05,1.80661579905735e-05,1.50396823181298e-07,6.54935761645349e-06,5.12734079260941e-05,-1583.63127836093,0.173587095955209,0.130100327177914,0.92625,0.548046836865612
"constant",800,"sir_collapsed",42,17.74,4308.63745064805,3941.02191319628,1476.96653757499,1779.6838895878,7694.47752077596,4628.84996266362,7407.26653386816,3590.08229313528,242.876970160544,222.154561059542,83.2562873492103,100.320399638546,433.736049649152,417.546027839242,0.00397083569093797,0.00371540449182698,2.66373399562265e-06,0.00128760984529309,0.00718688293246977,3.94847783734598e-05,1.73238934335519e-05,1.95515889715825e-07,5.33900809452761e-06,4.92861539797369e-05,-1595.06244174833,0.169960638437452,0.111109189650267,0.9125,0.531488595796597
"constant",800,"sir_collapsed",43,17.927,4965.28963078322,4583.05262263595,1906.31280274861,1945.19467657643,8042.48721231537,5111.30988722152,7856.23804401422,3822.51819637368,276.972702113193,255.650840778488,106.337524557852,108.50642475464,448.624265762,438.234955319586,0.00453822027031011,0.00429725799361931,2.80534694087858e-06,0.00169512354154325,0.00782596854488922,2.46943761812354e-05,1.75187746903824e-05,7.48372123535153e-09,5.54687191235527e-06,4.43014771430511e-05,-1552.33065230849,0.148245251623285,0.105789596952692,0.9575,0.545371226670911
"constant",800,"sir_collapsed",44,17.694,3547.27219752337,3338.73318530353,1087.90828087752,1467.90952544709,7400.58140074393,3817.0727952802,6591.67663348145,2149.38487846791,200.478817538339,188.69295723429,61.4845869151982,82.9608638774213,418.253724468403,372.537393098307,0.0037641205368379,0.00350745818622989,2.32240931385909e-06,0.00138363893602808,0.00683265753929929,3.23422391726846e-05,1.79920723823334e-05,3.43740423747366e-08,5.55094801712203e-06,5.17753945176866e-05,-1575.71390941406,0.152559000295919,0.114381830647532,0.94375,0.530300011002527
"constant",800,"sir_collapsed",45,18.136,3278.95432874565,3529.18217076645,1411.64203086997,2086.28621552217,7607.97215063164,3506.01662560259,7463.92461632679,3361.29461896083,180.798099291225,194.59539979965,77.8364595759796,115.035631645466,419.495597189658,411.55296737576,0.00368307788731664,0.00342691909552536,2.07426451388002e-06,0.00147376012513048,0.00637065594592749,2.28085615562489e-05,1.70840189582216e-05,2.57957176973297e-09,5.52986835679793e-06,4.16578708780982e-05,-1580.7254741675,0.157647136206172,0.112168846259718,0.93875,0.525495113138124
"constant",800,"sir_collapsed",46,17.92,4184.22893202071,4205.82968422687,1540.34656030662,1637.90675170785,7676.4490439836,4433.52736926228,7340.09058772092,3290.38964710398,233.494918081513,234.70031720016,85.956839302825,91.4010464122683,428.373272543728,409.603269404069,0.00369724709156249,0.00345938816824657,2.18071667435062e-06,0.00131328671142948,0.00659878924143034,2.89681555528749e-05,1.71519043026353e-05,1.24729028302739e-07,5.22309199429745e-06,4.60197731985645e-05,-1589.43015046389,0.133984089417168,0.0872730789983705,0.9525,0.522798882208333
"constant",800,"sir_collapsed",47,17.833,3990.19742759895,3896.47922341219,1433.78216902966,1467.70390261939,7787.52992303151,4486.43422491472,7248.86643674317,2349.2473461793,223.753570773227,218.498246139864,80.4005029456432,82.3026917859806,436.692083386503,406.486089650825,0.00441919974953633,0.00420921052068023,2.88440278419624e-06,0.00153362807060708,0.00777180753915818,3.31577010328002e-05,1.88470278449465e-05,4.73350655159258e-08,5.52447189945997e-06,5.73004879271324e-05,-1608.53204077895,0.152152384053682,0.102419849914794,0.955,0.542369357261312
"constant",800,"sir_collapsed",48,17.684,3806.76311365711,3835.94213970886,1559.92170502709,1730.39608140983,7707.09695708193,4134.50514617384,7347.24816099362,3616.13706444026,215.265953045528,216.915977138026,88.210908449847,97.8509433052379,435.823171063217,415.474336179237,0.00378197993412156,0.00356441218265597,2.31497933390432e-06,0.00117824697637614,0.00670939320898554,2.89048696150904e-05,1.63075326177219e-05,4.52915889068761e-08,5.25316482099584e-06,3.98995823743364e-05,-1561.38238597766,0.139437849366958,0.0879167129215468,0.95125,0.524745719291543
"constant",800,"sir_collapsed",49,17.707,3757.89568479413,3722.18595375923,2002.62960003063,1504.36518408809,7370.79814293445,3910.08279231746,7027.12428461139,3324.2911665246,212.226559258719,210.209857895704,113.098187159351,84.9587837628108,416.264649174589,396.855722856011,0.00325561833480832,0.00303603663094295,1.64599929599914e-06,0.00122317919836995,0.00576870463713372,3.33386784455305e-05,1.72106352331694e-05,7.88454458536231e-08,4.77015083842463e-06,5.26655267784894e-05,-1607.44359914798,0.149948700764475,0.101599276046066,0.935,0.513591829200317
"constant",800,"sir_collapsed",4,17.792,3914.85290875795,3749.26149831839,1584.16121460489,1886.33111636817,7981.51589386129,4100.88587478346,7648.58945101921,3408.23890184422,220.034448558788,210.727377378507,89.0378380510843,106.02130824911,448.601387919362,429.889245223651,0.00436878894018995,0.00411600565127398,3.04427106814641e-06,0.00151119391767328,0.00787149016880468,2.65663188612636e-05,1.75282557179514e-05,3.17227118743831e-08,5.93594941233546e-06,4.58199348880548e-05,-1599.58965803496,0.144169068087501,0.100144027770103,0.95625,0.537480667023656
"constant",800,"sir_collapsed",50,18.082,3756.73624834412,3763.68238504344,1323.6444094657,2520.27776363473,7577.68014475362,3909.45614163978,7410.48939293194,3507.90039116853,207.761102109508,208.14524859216,73.2023232753955,139.380475812118,419.073119386883,409.826866106179,0.00343028553524024,0.00319136921879891,1.98152704853334e-06,0.00116240401779768,0.00608883997581026,2.31903883745503e-05,1.68634568421293e-05,7.35407420726941e-09,6.65168128327405e-06,4.05702458169895e-05,-1567.92080664942,0.124495536070331,0.0831769708364763,0.955,0.514947694951437
"constant",800,"sir_collapsed",51,17.908,3702.50768166235,3889.15475010954,1854.88375469988,2252.2979562736,7776.15935064796,3864.20678451698,7499.9945285511,3682.74037363652,206.751601611701,217.174154015498,103.578498698899,125.770491192405,434.228241604197,418.806931458069,0.00396873416681716,0.00373890365920551,2.36279953676652e-06,0.00134136203846945,0.00695637200284943,2.39541571440972e-05,1.7062073590661e-05,4.4362192538861e-09,6.38288648680337e-06,4.69579534713077e-05,-1549.79329891502,0.150755687147887,0.105888860695491,0.9575,0.536097767531039
"constant",800,"sir_collapsed",52,18.083,3449.6106656162,3510.23990545566,1516.65520957885,1860.44399344618,7676.20113472241,3601.89619870011,7282.73742994029,3172.21904466695,190.765396539081,194.118227365794,83.8718801957007,102.883591961853,424.498210182072,402.739447544118,0.00374740693396212,0.00352225585345142,2.11895511220052e-06,0.00138466396641071,0.00666932539951722,2.41545146509316e-05,1.71573535580277e-05,3.65395478899485e-09,5.9546677276476e-06,4.67400451973545e-05,-1569.28608654232,0.170873394061718,0.127361581779044,0.93125,0.531089249072854
"constant",800,"sir_collapsed",53,17.921,4314.10288330249,4089.80846229949,1524.01383389275,1815.19121779328,7969.30186818674,4552.27780066312,7550.28019915865,3151.75221482524,240.728914865381,228.213183544416,85.0406692647032,101.288500518569,444.690690708484,421.309089847589,0.0047044533284761,0.00441189173010798,3.68791735061421e-06,0.00148260398681346,0.0083216771504651,2.74407383112691e-05,1.85077992459763e-05,7.67174555978876e-09,6.54386861154917e-06,5.18352119006073e-05,-1615.6242324783,0.149454440734222,0.105935049594339,0.9525,0.549066759060361
"constant",800,"sir_collapsed",54,18.104,5225.3746816611,5689.3096186854,1996.19576660579,2552.99719866739,8654.65470848356,5526.95280615568,8554.82338783817,4953.56387745164,288.630947948581,314.257049198265,110.262691482865,141.018404698817,478.052071834045,472.537747892078,0.00780977669243742,0.00753558074348035,8.4683778148321e-06,0.00265088221609543,0.0135766206685279,2.86028843421997e-05,1.71957897569178e-05,1.12981174535566e-07,5.5318748855827e-06,4.15212733469839e-05,-1573.49695715242,0.142231034434624,0.107283314720874,0.97875,0.620639343600843
"constant",800,"sir_collapsed",55,17.899,3379.73540050654,3449.66486432971,1513.21082208581,1908.57101932867,7751.44433529184,3617.07923558041,7406.03377113283,2997.67264073813,188.822582295466,192.729474514202,84.5416404316334,106.630036277371,433.065776596002,413.768018947026,0.00410685871083785,0.00378769377470596,2.82885610775574e-06,0.00140172766524278,0.00738262747258378,3.1617312948753e-05,1.81350337639636e-05,7.84401467043635e-08,4.45286499255028e-06,4.86604683068309e-05,-1609.74367364425,0.121815404335253,0.0798619631945204,0.9625,0.537587445175718
"constant",800,"sir_collapsed",56,17.549,3714.17245595582,3823.20355909772,1106.11749307438,2311.00947501731,7619.7361578205,3994.55514541662,7556.35051262041,3643.01670345461,211.645817764877,217.858770248887,63.03022924807,131.688955212109,434.197741057639,430.585817574814,0.00335650628076151,0.00315347324113201,1.65994948020007e-06,0.0012757859390489,0.00582661213740828,2.18265595209012e-05,1.60338367726963e-05,1.08919866501904e-08,5.37254861782566e-06,3.73075307827626e-05,-1605.86777470872,0.153781929960043,0.101304503827456,0.93625,0.506042113567819
"constant",800,"sir_collapsed",57,17.741,2825.49235824854,2778.03928212706,1990.148575988,1712.16555809413,7047.09533806549,3151.28422072193,6774.83280940841,2794.36501658062,159.263421354407,156.588652394288,112.177925482667,96.508965565308,397.2208634274,381.874348086828,0.00258062095343176,0.00240932654631908,9.87815650939689e-07,0.000997580792422791,0.00451359921469372,2.67528837262148e-05,1.61088672967967e-05,1.44327063277636e-08,4.21083348735049e-06,4.75772768654333e-05,-1590.95010374732,0.156119879079921,0.106261566703809,0.935,0.486477918205954
"constant",800,"sir_collapsed",58,17.951,3515.43507315334,3221.38711002981,1701.49196377991,2150.18161327862,7638.38515250981,3767.89421217041,7441.54613736864,2994.51844038395,195.835055047259,179.454465491048,94.7853581293469,119.780603491651,425.513071834985,414.547720871742,0.00332912376765947,0.00312656785081787,1.714125597065e-06,0.00116877020770378,0.00587051563827411,2.09982035203908e-05,1.58875638182469e-05,3.3230685336535e-09,5.66895057035749e-06,3.94947070138871e-05,-1574.76425650733,0.151640131257936,0.109567282849805,0.9425,0.513817560342922
"constant",800,"sir_collapsed",59,18.086,2517.7169708955,2946.32642466445,1737.15192701003,1991.63719140913,7302.97372458613,2711.79662558446,6979.83951614078,2490.02300673538,139.208059874793,162.906470455847,96.049537045783,110.120379929732,403.791536248266,385.924998127877,0.00297213468493255,0.00275591637219869,1.44863878404449e-06,0.00107986538453053,0.00528416582759687,2.33287070347499e-05,1.64557786685347e-05,5.09273149798292e-09,5.00892579508486e-06,4.30017887576258e-05,-1583.32822938027,0.152120451184009,0.0991504681694224,0.93,0.502004202639043
"constant",800,"sir_collapsed",5,18.125,4277.75868699066,4757.60637259266,1809.70297569216,1714.43897958421,8080.28398994898,4453.69227938716,7649.78851370617,3578.05012797627,236.014272385692,262.488627453388,99.8456814174986,94.5897368046463,445.808771859254,422.057297307927,0.00483148341878239,0.00462086791635209,3.20005104143273e-06,0.00180218771452485,0.00832313821846266,0.000306886595067445,1.66407141529466e-05,0.000783972096754225,5.61139616734931e-06,4.7789257612306e-05,-1543.7294533186,0.149907215354244,0.108120478333229,0.93875,0.554461339319261
"constant",800,"sir_collapsed",60,17.77,3521.64558666724,3148.20701078028,2160.20248524084,2103.41189128585,7341.62372339635,3759.00526498993,7217.91935492223,3044.05305252132,198.179267679642,177.164153673623,121.564574296052,118.368705193351,413.147086291297,406.185669944976,0.00293177786265555,0.00273622923320433,1.24190467460667e-06,0.00107953874980144,0.00505544279780658,2.37397209080154e-05,1.54814486680263e-05,8.42906527537006e-09,5.6808483466244e-06,4.13414473907325e-05,-1558.81011136361,0.148078439944603,0.107898925281952,0.93,0.501635096765881
"constant",800,"sir_collapsed",61,17.974,3315.79110699384,3260.386198873,2018.7156581933,2177.14950727519,7691.54812313881,3557.88465095303,7507.19364743815,3026.63648946544,184.477083954259,181.394580998832,112.313099932864,121.127712655791,427.926344894782,417.669614300553,0.00349316424721989,0.00325189773837705,1.93441481005206e-06,0.00133747645273471,0.00632386386034812,2.2700024747212e-05,1.5749516074288e-05,7.21310323756349e-09,4.8593932600927e-06,4.29003228648949e-05,-1604.44114135215,0.169551795097266,0.117047295943902,0.91625,0.515952850404558
"constant",800,"sir_collapsed",62,17.695,3543.84980696105,3801.58274946396,1676.94207974472,1559.2699125388,7345.98310002147,3775.91152951772,7002.94057141125,3494.10206540451,200.274077816391,214.839375499517,94.7692613588428,88.1192377812265,415.144566262869,395.758156056018,0.00296007804100253,0.00276704163216031,1.2751412858384e-06,0.00120071210428748,0.00529792790881872,2.360859481664e-05,1.58076379148588e-05,1.1677100730396e-08,5.08095030767855e-06,4.12562752036833e-05,-1599.2931010465,0.150872427699057,0.101500875644852,0.92375,0.496809226867026
"constant",800,"sir_collapsed",63,17.883,4154.04890023316,3946.91981732032,1305.24442925468,1577.00470373572,7962.3571280941,4319.93226327647,7572.38718785621,3234.1762221365,232.290381940008,220.70792469498,72.988001412217,88.1845721487287,445.247281110222,423.440540617134,0.00558380354162668,0.00525723044380009,5.28835120642644e-06,0.00171628707149865,0.0100039188307245,3.28253564318869e-05,1.89236012988474e-05,4.40821011212411e-08,6.30256203295951e-06,5.04852243872845e-05,-1568.82822346932,0.153748317734215,0.114859816400831,0.96125,0.578025875049289
"constant",800,"sir_collapsed",64,17.779,3501.31109410837,3837.24019482148,1788.6752407859,1687.52852195924,7764.52179544688,3681.56811575284,7224.07342711263,3258.45243380493,196.935209747925,215.829922651526,100.606065627195,94.9169538196321,436.724326196461,406.326195349155,0.00404527299119202,0.00381020306567114,2.65808114735446e-06,0.00149255681897736,0.00732103845780922,3.50269326700601e-05,1.78807346331784e-05,5.82304348316218e-08,4.2238712237161e-06,5.65581912920456e-05,-1585.11328317415,0.137497231273669,0.0931275195205961,0.94375,0.534219131482671
"constant",800,"sir_collapsed",65,18.082,2694.29649070022,2839.56033079149,1455.30707942553,1578.11341379166,7234.36301652441,2856.42800654317,6787.97239440103,2601.28235360472,149.004340819612,157.037956575129,80.4837451291635,87.2753795925043,400.086440467007,375.399424532741,0.00299932169744487,0.0028446048098436,1.26464037122395e-06,0.00124576718267291,0.00528311156384018,2.85577376199556e-05,1.72416737511598e-05,1.74734951764612e-08,6.50516436667604e-06,4.69497673181009e-05,-1579.74250943628,0.139399528995425,0.0916656568605926,0.935,0.500842170414725
"constant",800,"sir_collapsed",66,18.159,3486.02433902645,3885.99384895521,1784.44542278795,1862.76413610512,7583.01692420709,3837.9440285135,7351.83362527806,3546.58961751916,191.972263837571,213.998229470522,98.2678243729254,102.580766347548,417.590006289283,404.858947369242,0.00354299865626058,0.00330936955834008,1.95966825008282e-06,0.00126891649551662,0.0063380507672041,2.76633525166433e-05,1.61868922536145e-05,5.61975151988317e-08,5.92216721243897e-06,4.92563761734991e-05,-1597.92100979055,0.140055276364628,0.100889634535137,0.95375,0.516444376994313
"constant",800,"sir_collapsed",67,17.816,3232.93543589815,3365.39982407928,1862.16774285083,1986.89191109668,7430.04976850091,3525.53247497352,7203.60920785453,3129.9736328188,181.462473950278,188.897610242438,104.522212777887,111.522895773276,417.043655618596,404.333700485773,0.00322026664552474,0.00298472898524375,1.67683581284684e-06,0.000994826178769302,0.00569074766269978,2.63384762825648e-05,1.63083019461011e-05,1.97027621749146e-08,5.29549105417886e-06,4.58686642250982e-05,-1582.43837479747,0.141544387496589,0.0923942787156143,0.93625,0.508843125528415
"constant",800,"sir_collapsed",68,17.839,4660.15261470989,4837.36818392158,1703.46710392293,2181.29080066967,8448.01000005396,4886.9755376961,8176.76036844736,4150.37638276635,261.233960127243,271.168125114725,95.491176855369,122.276517779565,473.569706825156,458.364278740252,0.00615916712662369,0.00585437860624569,5.11284810453375e-06,0.00208775352187341,0.0103377410213966,2.49625212673681e-05,1.80948686637152e-05,5.91878536687778e-09,5.93267275282074e-06,4.47928285126309e-05,-1551.20713857865,0.142170436710241,0.106256120859098,0.955,0.587234074844336
"constant",800,"sir_collapsed",69,18.08,3204.64478886401,3612.19946335866,1746.64661902956,1533.79837593139,7330.48327399363,3547.88360246418,7105.69346510585,3351.6974495829,177.248052481417,199.78979332736,96.6065607870331,84.8339809696565,405.447083738586,393.014019087713,0.00291581283767347,0.00271210574522874,1.27387040138064e-06,0.00108001361734643,0.00506073497091296,2.72166236592327e-05,1.64350891539586e-05,3.33402244587269e-08,6.00006011583211e-06,4.38521343829764e-05,-1602.73729219615,0.144956553301501,0.102617451540335,0.93625,0.497877630658829
"constant",800,"sir_collapsed",6,17.809,3898.69901141866,3975.11083425735,1820.78717583278,1593.1822824395,7666.84109805542,4113.86774982575,7194.37393457162,3252.32120351837,218.917345803732,223.207975420144,102.239720132112,89.4593903329495,430.503739572993,403.974054386637,0.00408816895778118,0.00384916769550137,2.63823980817893e-06,0.00141695110906677,0.00719785367229937,3.52174219739565e-05,1.78876656698301e-05,7.71629643346457e-08,4.94342633480201e-06,5.83324491030707e-05,-1556.71412161243,0.148891743699349,0.107955032504686,0.925,0.54142193096159
"constant",800,"sir_collapsed",70,17.838,3092.98316699507,3185.37588534242,1293.16648862645,2039.50394783832,7469.94203143025,3284.78766129633,7159.22359087003,3035.13299825926,173.392934577591,178.57247927696,72.4950380438642,114.334787971652,418.765670558933,401.34676482061,0.00327435811547383,0.00305978952750963,1.60014206976624e-06,0.00129939806285851,0.00586046548406328,2.25243709482774e-05,1.65437758354946e-05,2.89032621317367e-09,5.9684879218682e-06,4.0034280321233e-05,-1574.43863943046,0.14366608585564,0.0896829890432178,0.945,0.508917897347972
"constant",800,"sir_collapsed",71,17.867,3930.23803100123,3616.41695753335,1519.09222441802,1472.23001632643,7699.30081615999,4284.11422678838,6974.8496415608,3088.67638954988,219.971905244374,202.407620615288,85.0222322951821,82.3993964474409,430.922976222085,390.376092324442,0.0043145127149227,0.00407426095788922,2.60887378329298e-06,0.0016565432797109,0.00761084683312681,3.08861175231702e-05,1.79695604623235e-05,4.289305199654e-08,5.27709702637781e-06,5.50009300322797e-05,-1550.74807302174,0.144437895908675,0.0949623177903533,0.95,0.540474105537648
"constant",800,"sir_collapsed",72,17.771,3784.41140831852,4205.82503528819,1818.99436830075,1780.67790887735,7757.35239097801,3999.51670334018,7401.07498474677,3708.62430954207,212.954330556441,236.66788786721,102.357456997397,100.201334132989,436.51749428721,416.469246792345,0.00392640443727162,0.00364568981215693,2.43815687668309e-06,0.00130077014490539,0.00702221484281088,2.93175524297321e-05,1.63935396918141e-05,3.06286750819978e-08,4.26427156982216e-06,5.19776075190312e-05,-1589.55893878612,0.160449884322882,0.111133255127757,0.91875,0.523037448618656
"constant",800,"sir_collapsed",73,18.103,4368.30164104832,4252.89681866555,1626.37512400558,2241.60424906079,8041.08445958288,4840.57203272064,7811.55053166048,3817.59833041894,241.302637189876,234.927736765483,89.8400886044072,123.825015138971,444.18518806733,431.505857131993,0.00510562458540067,0.00480033017963987,3.83410553075731e-06,0.00189456889763109,0.00915622980534792,2.62365809003303e-05,1.84687028709939e-05,3.9986044667402e-09,6.32629067272871e-06,4.52781729254514e-05,-1595.83946075624,0.141136112318904,0.104548188758307,0.97,0.561413802086131
"constant",800,"sir_collapsed",74,18.122,3925.02993957576,3967.2730865709,1369.181183905,1730.04363689345,7811.83537760344,4376.75124726906,7569.71744651986,3193.75505793989,216.589225227666,218.920267441281,75.5535362490343,95.4664847640134,431.069163315497,417.70872125151,0.00430512597702056,0.00400764488130029,3.22537103272343e-06,0.00135136545289958,0.0077622623572532,2.6838885810934e-05,1.744271129193e-05,2.13613707012895e-08,6.05574459872126e-06,4.42754277910891e-05,-1567.15501358465,0.141413854456979,0.0990948976824955,0.95625,0.54409468971771
"constant",800,"sir_collapsed",75,17.736,3866.74646387157,4153.88189712,1749.77418402615,2121.54222006292,7757.31651825488,4051.92996157617,7602.61474973097,3856.72816699996,218.016828138902,234.206241380243,98.6566409577217,119.617851830341,437.376889842968,428.654417553618,0.00378906130901263,0.00354264467342603,2.268229745893e-06,0.0013964855625593,0.00689950034524131,2.41958834238244e-05,1.61695067062329e-05,8.89639260536633e-09,5.52392702400928e-06,4.05469066463288e-05,-1591.93905314861,0.143982249030185,0.103458165031372,0.94625,0.522082098398067
"constant",800,"sir_collapsed",76,17.88,3616.60142816318,3666.79715142619,764.532036444163,1773.8146664546,7511.9987217656,3887.61537063144,7074.8300908721,2548.61282128915,202.270773387202,205.078140460078,42.7590624409487,99.20663682632,420.1341566983,395.684009556605,0.00369746350734555,0.00345407238592404,2.14648719547715e-06,0.00130707732903701,0.00639884317080134,2.51865896484995e-05,1.89555842165525e-05,5.82320030792871e-09,6.76800365340698e-06,4.85767987949829e-05,-1591.53564667147,0.145681969662518,0.106230764647376,0.95125,0.521832419343507
"constant",800,"sir_collapsed",77,18.011,3965.35600927155,4097.54618188295,1172.46610046399,2150.45540216567,7958.5270676638,4108.67319201746,7824.2697502132,4016.54401104628,220.163012007748,227.502425289154,65.0972239444781,119.396779865953,441.870360760857,434.416176237477,0.00448874209870453,0.00420931382314336,3.40367475412823e-06,0.00162261597521436,0.00804137350731146,2.33190647564698e-05,1.68425023908678e-05,1.02750581139677e-08,5.81710623133358e-06,3.86034953733362e-05,-1553.04282796004,0.127952634101658,0.0906768554427886,0.96125,0.545443755164845
"constant",800,"sir_collapsed",78,18.108,4138.11496499805,4583.76972773476,745.827300066553,2408.44739766943,8233.50596473853,4988.42007097792,8179.67814085772,4148.95493319199,228.524131046943,253.135063382746,41.187723661727,133.004605570435,454.688864851918,451.716265786267,0.00556794142791907,0.00534060643696107,4.14706843382951e-06,0.00161803820675578,0.00931089817217854,2.21494921680418e-05,1.72585453374835e-05,1.47280990320083e-09,5.16606806386643e-06,4.15517778523501e-05,-1587.70733315797,0.138100495319669,0.0916510423285632,0.96375,0.567911144050655
"constant",800,"sir_collapsed",79,17.844,2956.34853540561,3038.01882439413,1668.77986560009,2101.26236282901,7712.86784625785,3085.316654138,7416.9464453736,2853.20436224128,165.677456590765,170.254361376044,93.5205035642284,117.757361736663,432.238727093581,415.654922964223,0.00346269285305653,0.00325214533533438,1.74356589199576e-06,0.00124670988639472,0.00595736252557331,2.36432722137953e-05,1.70082243911858e-05,4.22600175401161e-09,5.5662920580686e-06,4.19899233275967e-05,-1595.86628557708,0.148254619022874,0.109182048983995,0.9375,0.515709579145684
"constant",800,"sir_collapsed",7,17.892,3286.78069272019,3240.34678093973,1406.94547434144,1225.76359971845,7412.95564964136,3599.69044944266,6762.12549742067,2398.95893438735,183.701134178414,181.105901013846,78.6354501643997,68.5090319538594,414.316770044789,377.941286464379,0.00360758721639685,0.00338585626373851,2.00241867896095e-06,0.00117701703914305,0.0063862893803308,3.86952449011224e-05,1.89063152262777e-05,5.94944209728133e-07,5.60732904370694e-06,5.42549443541262e-05,-1563.58740066987,0.131910880632779,0.0925830788829205,0.95875,0.530689410099326
"constant",800,"sir_collapsed",80,18.076,4065.99666375113,3936.4499832164,1714.11254999302,1661.93654966242,7711.09898371855,4263.0021376365,7320.26242693549,3464.21110441341,224.93896126085,217.772183183027,94.8280897318554,91.9416104039845,426.593216625279,404.97136683644,0.00415796595377341,0.00392271067051106,2.63910547574001e-06,0.00143261688651206,0.00742207076948187,3.03212681292773e-05,1.92654308679083e-05,2.36094259750049e-08,5.64139637027402e-06,5.4609024344326e-05,-1560.23496518182,0.15193682643249,0.104733686087749,0.94625,0.540998832872817
"constant",800,"sir_collapsed",81,18.286,3767.82635219878,3888.53427657836,1810.23915291814,1952.1048855243,7669.37209505667,3998.20579447994,7212.73484932007,3681.48653969924,206.049784107994,212.650895580136,98.9959068641658,106.754067894799,419.412233132269,394.440273942911,0.00390058716245559,0.0036757914376116,2.37153079799911e-06,0.00144202317158948,0.00688746476935231,2.77652612942971e-05,1.87364919039898e-05,1.43920842691872e-08,6.1594183642455e-06,5.13386885269293e-05,-1587.99480211641,0.154680338120312,0.1097388317007,0.92625,0.534906594174713
"constant",800,"sir_collapsed",82,18.112,3764.67819163383,3904.82793580278,1828.04187456615,2233.09064991247,8362.04853758157,3981.81864308029,8013.451528105,3520.73263311856,207.855465527486,215.593415183458,100.929873816594,123.293432526086,461.685542048452,442.438799034066,0.00591494180050282,0.0056062585956928,5.16158405976777e-06,0.00215544925293042,0.0104476766517506,2.5208998262832e-05,1.75101855853476e-05,9.75197125329779e-09,6.23846249910645e-06,4.40438555552762e-05,-1580.5568426199,0.158753672862353,0.112459083129187,0.95125,0.576645721386221
"constant",800,"sir_collapsed",83,17.674,2560.14533141356,2706.87632775438,1700.89832998011,1585.11640150732,7157.97500788152,2735.38320778426,6778.04005268226,2475.05049674191,144.853758708474,153.155840656014,96.2373163958418,89.6863416038995,405.000283347376,383.50345437831,0.00280285219310819,0.00262900279919751,1.13987823368588e-06,0.00103934939143428,0.00489601443133039,2.50894297352545e-05,1.71806158242437e-05,6.59125265579205e-09,6.45435131134083e-06,4.67132584208601e-05,-1589.48670520141,0.137178764680864,0.0887856092102226,0.9325,0.495981297515257
"constant",800,"sir_collapsed",84,17.858,3439.37546330772,3889.76748387052,1957.2388863268,1642.8742250273,7579.29851390033,3813.15326252962,7215.10403469714,3573.13565186588,192.595781347728,217.816523903602,109.600116828693,91.9965407675719,424.420344601878,404.026432674271,0.0035752175533223,0.00335791355921956,1.85810743303847e-06,0.00145439462970285,0.00642975324939534,2.78337514099369e-05,1.68414357551608e-05,1.81039825385949e-08,4.56531435763756e-06,5.10498636449941e-05,-1594.83751706264,0.163796011438194,0.117663739292198,0.91625,0.520611614363597
"constant",800,"sir_collapsed",85,17.665,3741.32452899273,3796.26372172324,1968.99805174595,1701.08342879385,7549.88258268336,4066.97397963453,7282.00086828381,3428.85006528751,211.79306702478,214.90312605283,111.463235309706,96.2968258586951,427.392164318334,412.227617791328,0.00328743186394611,0.00306091282716613,1.68683513235747e-06,0.00108965929890175,0.00578024653538999,2.91660821905148e-05,1.58435738869539e-05,6.41380596997777e-08,5.54781408026597e-06,4.38563418929097e-05,-1597.74730639251,0.144957879941567,0.0911328094484666,0.94375,0.506825887206813
"constant",800,"sir_collapsed",86,17.796,3191.71056279037,3206.25399668607,1756.03334372985,1685.49498622787,7538.95129244434,3537.28714628364,7349.84906716454,3169.62782935959,179.349885524296,180.167116019671,98.6757329585218,94.7120131618266,423.631787617686,413.005679206818,0.00336628726239696,0.00316099358518057,1.69056307174834e-06,0.00134901793256061,0.00592630938807103,2.66902627741759e-05,1.63964415313379e-05,1.84649524169339e-08,5.20181028146652e-06,4.30246838153276e-05,-1596.11815979378,0.140245383277849,0.0876582285870445,0.94375,0.512157270559639
"constant",800,"sir_collapsed",87,17.991,3579.61582395433,3290.08340641549,1820.26401653796,2008.42681666961,7709.14067527398,3840.20612160209,7420.94869471353,3156.59407965174,198.967029289885,182.873848391723,101.176366879993,111.635085135324,428.499842992273,412.481168068119,0.00384091311037386,0.0035969578643913,2.46249907603519e-06,0.00133469581955162,0.00687747888508036,2.70223849873833e-05,1.73860895825284e-05,1.14427715584156e-08,5.6305917919273e-06,4.59965535275415e-05,-1573.71109666505,0.131544199403593,0.0846368689990459,0.93875,0.525877185851397
"constant",800,"sir_collapsed",88,17.738,3630.06492498738,3654.02287820859,1409.18484357998,1697.87065426646,7479.66746376421,3884.66893786996,6913.44330395278,3101.47942024475,204.649054289513,205.999711253162,79.4444043060085,95.71939645205,421.674792184249,389.753258763828,0.00363937703052016,0.00340133118250224,2.10512044365128e-06,0.00116350658956371,0.00633046166672057,2.84500910218506e-05,1.92616923859369e-05,9.95206870079537e-09,6.60736920933284e-06,5.3923430066314e-05,-1584.92741592384,0.152621301324847,0.105701563424735,0.93125,0.526072258013518
"constant",800,"sir_collapsed",89,17.762,3895.80405062668,3950.55255170483,1571.17300518976,2193.8393411937,7932.08738414418,4235.35157011194,7711.47577133622,3647.853387368,219.3336364501,222.415975211397,88.4569871179914,123.513080801357,446.576251781566,434.155825432734,0.00439110976253927,0.00416461723356336,2.96270718290372e-06,0.00153134865789654,0.00776523605128923,2.50372824841792e-05,1.74518863827787e-05,8.74376088961466e-09,5.43822339134247e-06,4.47511753193974e-05,-1606.15926145755,0.159201725319448,0.108777435354202,0.92125,0.536496285366528
"constant",800,"sir_collapsed",8,18.021,4118.67248691535,3822.16268825057,1732.34215593714,1973.20000090496,7862.34959234588,4361.47123532243,7288.53421567882,3222.90043890103,228.548498247342,212.094927487408,96.129080291723,109.494478713998,436.288196678646,404.446713039167,0.00487685704874416,0.0046387245484968,3.37175137228841e-06,0.00171272680343564,0.00839607822001859,3.53141731216987e-05,1.79505562436814e-05,3.64147450050819e-08,4.82714226250202e-06,5.39886059810374e-05,-1552.70241484541,0.152596144918849,0.111652755449741,0.94375,0.559110484519102
"constant",800,"sir_collapsed",90,17.572,3000.56502358414,2905.81526232158,2164.55420769396,1965.53827981685,7269.67140976664,3188.91650097518,7022.28592109148,2877.08034046971,170.758310015032,165.36622253139,123.18200590109,111.8562645013,413.707683232793,399.629292117658,0.00259730025097816,0.00242158876040882,9.1985560639263e-07,0.0010571118319043,0.00449315551929941,2.05805980985112e-05,1.52375761949185e-05,5.04145902199164e-09,5.25992277838781e-06,3.65161156940835e-05,-1586.81525874008,0.142159691535254,0.0886839434365716,0.92875,0.481658789628965
"constant",800,"sir_collapsed",91,17.774,3457.21042259598,3972.38591323847,1662.57684922064,1951.20276815628,7786.97425532162,3727.49887264557,7586.5620656047,3633.83974614384,194.509419522673,223.494200137193,93.5398249814698,109.778483636564,438.11040032191,426.834818589214,0.00363661763379737,0.00341416106124963,2.0278358638094e-06,0.00136659046633304,0.006427788865161,2.37601515633203e-05,1.68918696904265e-05,1.45183444211912e-08,6.29476442222661e-06,4.02890430754788e-05,-1571.79133546973,0.147779294272366,0.0983757055788425,0.95125,0.51565231851174
"constant",800,"sir_collapsed",92,17.813,3559.34565520243,3946.84651874521,1788.33927311275,1777.13223060067,7561.33184582401,3726.14616629174,7320.8189112329,3793.58239012641,199.817305069468,221.571128880324,100.395176169806,99.7660265312224,424.483907585696,410.981806053607,0.00319275422529184,0.00296707926031135,1.629420873119e-06,0.00111397407991514,0.00566020446557805,2.47732675190953e-05,1.57060021636984e-05,3.2590676365103e-08,5.86730837820757e-06,4.15733388905166e-05,-1590.29925332337,0.157757007664433,0.106103936112911,0.93,0.503574899431743
"constant",800,"sir_collapsed",93,17.891,3747.38165248318,3553.65198268671,1697.89003564213,1801.78017486928,7525.41667404963,4026.70604717313,7241.9438271341,3393.66204649785,209.456243501379,198.62791250834,94.9019079784322,100.708746010244,420.625827178449,404.781388806333,0.00333263464334121,0.00310021609919451,1.81382348273819e-06,0.00120801334916586,0.00592811239569788,2.4882043955746e-05,1.66287085679344e-05,5.92689121896663e-09,5.4392346636511e-06,5.08625525925065e-05,-1571.27973817823,0.14572650738563,0.102818961061869,0.94625,0.515660791820083
"constant",800,"sir_collapsed",94,17.705,3652.85954858407,3746.36124803691,1446.29975617687,2836.80743173532,7586.23084889841,4293.93496847025,7377.54321722398,3788.80807157265,206.317963772046,211.599053828687,81.6887747064033,160.226344633455,428.47957350457,416.692641469866,0.00360787216953296,0.00337900637864942,2.06841855961402e-06,0.00122874242597572,0.0065918753583775,2.17477695371413e-05,1.78259153030361e-05,7.44790943102586e-10,6.90605984539184e-06,4.21643146441562e-05,-1624.68063336311,0.141389226198728,0.098230985798984,0.9525,0.515481779724048
"constant",800,"sir_collapsed",95,17.817,4218.85872791862,3744.33049685754,1465.05444538777,1359.0095771532,7628.23372294098,4500.50754821667,7076.35694452327,2769.16632374402,236.788389062054,210.154936120421,82.2278972547438,76.2760047793231,428.143555196777,397.168824410578,0.00406148311009555,0.00381844485841414,2.60484308817815e-06,0.0012672588970826,0.00704027350843381,2.89495435589492e-05,1.90076169806648e-05,1.80778527017011e-08,5.35700691660255e-06,5.81936809178476e-05,-1561.37209163893,0.131614149601596,0.0935594067785231,0.95875,0.537751560393938
"constant",800,"sir_collapsed",96,17.953,3352.63789147917,3159.82597196317,1865.70358891778,1570.54362256347,7519.48473670465,3601.51481978614,7087.95183374354,3116.53753468411,186.745273295782,176.005457136031,103.921550098467,87.480845683923,418.842797120517,394.805984166632,0.00327023673250875,0.00302605845390314,1.72730844258283e-06,0.00109228072932542,0.00585459250110165,3.06077630098081e-05,1.66438797461876e-05,5.21721337309181e-08,5.3550219474473e-06,4.5354694502175e-05,-1579.1302984576,0.152055410948257,0.105107394323589,0.9425,0.510665653735845
"constant",800,"sir_collapsed",97,17.885,3862.73056947996,4309.18524895999,1608.84751598603,1929.56066111733,7674.21917132376,4105.73166151003,7467.08134525803,3735.73436057825,215.975989347496,240.938509866368,89.9551308910278,107.887093157245,429.086898033199,417.505247148898,0.00357512549808488,0.00331889226971878,2.11701291627744e-06,0.00128642790164556,0.0064547985775873,2.21989112386402e-05,1.65098669225465e-05,2.33720634811302e-09,5.66196392957248e-06,4.21323108598339e-05,-1576.22107701653,0.151121948250779,0.105280366022068,0.935,0.52053396619396
"constant",800,"sir_collapsed",98,17.953,3164.10842658411,3368.59571009732,1865.09233512562,1913.30660384036,7355.38378844044,3490.84641063531,7080.55662178622,3073.46039161337,176.24399412823,187.634139703521,103.887502652794,106.573085492138,409.702210685704,394.394063487229,0.00311378311996889,0.0029184523621022,1.44111094106566e-06,0.00114973003885027,0.00542288937089905,2.28699552817382e-05,1.70148610619658e-05,2.30353593764256e-09,4.95404761530466e-06,4.38258381449735e-05,-1577.85963451882,0.155377096112804,0.11133847964738,0.925,0.503064884953491
"constant",800,"sir_collapsed",99,17.701,3497.94568205671,3714.83007569519,877.251139289708,2020.67291665258,7680.76754562212,3741.85375093989,7350.31297167109,3526.5933233888,197.612885263924,209.865548595853,49.5594112925659,114.155862191548,433.917154150733,415.248458938539,0.00418647234791092,0.00391959629188041,3.0336716191921e-06,0.00111447799125883,0.00743205962472776,2.6083368529052e-05,1.78482223424289e-05,2.18840535948229e-08,5.65300770575001e-06,4.88638798246333e-05,-1587.27769233043,0.160055933456756,0.112288051190333,0.94,0.542573401623908
"constant",800,"sir_collapsed",9,17.772,3133.97309975752,3144.75787128913,1925.74579905234,1809.13554963206,7524.97283307999,3322.50357255086,7101.57206356863,2955.83706673927,176.343298433351,176.950139055206,108.358417682441,101.796958678374,423.41733249381,399.593296397065,0.00338224121938183,0.00317883126875992,1.70680850513936e-06,0.00121566741679187,0.00592677048581154,3.18928550241209e-05,1.66968564031169e-05,7.15419809853663e-08,5.90640616715401e-06,5.09153367591243e-05,-1583.17063690014,0.151048234944068,0.101483875292329,0.94375,0.513699215217978
"linear",1600,"sir_collapsed",100,34.953,2618.61201402541,2599.20768210058,1523.72077279363,1128.73817678833,7029.32339762377,2721.6511979151,6983.87782853703,2512.53074333736,74.9180904078452,74.3629354304516,43.5934189567028,32.2930271160795,201.107870501066,199.807679699512,0.00140335208105679,0.00134345537562879,1.68804333119967e-07,0.000703209274114907,0.0022385160056488,8.93845103685311e-06,6.89502218997309e-06,1.922905424717e-09,3.59664504640485e-06,1.27243941408706e-05,-3214.59893390596,0.0843958213271479,0.0678200816993758,0.989375,0.415179196661187
"linear",1600,"sir_collapsed",101,34.523,2997.81649467329,2934.90216090699,1907.39443197138,1128.04592794761,6961.37463802856,3125.05241309854,7031.94471471838,2783.11414143708,86.8353415019925,85.0129525506761,55.2499618217241,32.6751999521364,201.644545318442,203.688692023242,0.00144893531235979,0.00138661464285048,1.7987085205839e-07,0.000703367894300942,0.00230208475676569,1.09164071137567e-05,7.01926084031779e-06,2.74085126817094e-08,3.3440728785601e-06,1.42830007133197e-05,-3183.92790199812,0.0778258475302305,0.0636321102466897,1,0.419399265055661
"linear",1600,"sir_collapsed",102,36.546,2789.65069761066,2880.32715591424,1981.40226943826,1242.6143800553,6830.08140705479,2946.0052573708,6886.66411241645,2723.2928097044,76.3325862641782,78.8137458521929,54.2166658304126,34.001378538152,186.88998541714,188.438245291316,0.00131122675109175,0.00126432492204962,1.29796076855319e-07,0.000680594689420876,0.00200295246502449,8.1725701675891e-06,6.5509870717599e-06,3.8995399579231e-10,3.09275862635399e-06,1.28385454796095e-05,-3215.70364388627,0.0735351811223556,0.0582388810764146,1,0.411932726595823
"linear",1600,"sir_collapsed",103,34.648,3121.55999590202,3053.31324320901,2030.93889493202,1020.24481811225,7032.75526568411,3313.14128818157,6952.90906182593,2897.02199780384,90.0935117727436,88.1237948282443,58.6163384591325,29.4459945195177,202.977235790929,200.672739027532,0.00150319523906035,0.00143789372747402,1.93949677340266e-07,0.000791482186080373,0.00241527303434953,9.81066552051933e-06,7.02587315661896e-06,8.7931304903019e-10,3.23330803454531e-06,1.49415709331861e-05,-3180.08838696685,0.0902138940710972,0.0727140711153893,0.9875,0.424597864048585
"linear",1600,"sir_collapsed",104,34.662,2607.05535730847,2654.39254298077,1485.12386349209,929.648967040355,6984.16296089371,2887.90209313984,6921.69640771158,2468.53247612853,75.2136448360876,76.5793244181171,42.8458791613896,26.8204075656441,201.493363363156,199.69120096104,0.00146215724145796,0.00138814547233894,1.82334264519504e-07,0.000746486516938714,0.00229014020447297,9.10058814075963e-06,7.04217673126186e-06,6.60899846038921e-10,3.63130441695113e-06,1.42352598666646e-05,-3205.24925553241,0.0934241013109992,0.0784103377620245,0.996875,0.423770013903093
"linear",1600,"sir_collapsed",105,34.541,3214.33186103978,3198.99799814604,2311.82599094303,1112.74881135588,6755.78310642637,3413.79078543849,6719.97940945522,3009.18473811734,93.0584482510574,92.6145160286627,66.9299091208429,32.2153038810654,195.587363030207,194.550806561918,0.00131955829476866,0.00125780128991509,1.36601483725453e-07,0.000724795451712762,0.00208988371315867,9.83578599155289e-06,7.06846943663568e-06,1.10911706952532e-09,3.48754145291678e-06,1.56626887339883e-05,-3190.91648413671,0.0929494448507004,0.0758530224096235,0.980625,0.412509018062841
"linear",1600,"sir_collapsed",106,34.731,2818.34727836619,3110.96101926092,1607.05377074913,1407.42329034056,7189.42185497911,2924.07246393988,7269.34691364293,2867.27498421362,81.1478874310038,89.5730332918984,46.2714511747179,40.5235464092759,207.00301906018,209.304278991188,0.00157859982092422,0.00150493405991988,2.29305895003877e-07,0.000746154699474039,0.00248886630178919,8.93373640971333e-06,7.01746439639574e-06,1.01106224243545e-09,3.52362943518759e-06,1.37498091414974e-05,-3229.46819783927,0.0758312726970566,0.0607193873584801,0.9975,0.425456615350646
"linear",1600,"sir_collapsed",107,34.581,2988.39133227119,2878.49009531395,2057.46213975238,1199.80484952132,6799.15131048599,3097.43234337828,6772.23019771603,2678.3990853008,86.4171461863794,83.2390646688629,59.4968953978306,34.6954931760595,196.615231210375,195.836736870421,0.00130327855411596,0.00124665953822102,1.32766545908192e-07,0.0006754449645411,0.00200334253375495,8.35958670261242e-06,6.87186243745517e-06,5.44212652797956e-10,3.34669756954946e-06,1.3057080541322e-05,-3186.86805670658,0.0910477830831147,0.0736691619152843,0.99875,0.411674533119771
"linear",1600,"sir_collapsed",108,34.633,3041.43739918297,2758.62185015616,1905.87218406013,1037.56908643057,6980.83101338332,3233.61232786724,6896.30611196185,2591.63545102094,87.819056945196,79.6529855962858,55.0305253388424,29.9589722643308,201.565876862626,199.125288365485,0.00147398712390423,0.00141264763464382,1.89371980883663e-07,0.000718408518803073,0.00228695345969969,9.69368737183696e-06,7.2097893451799e-06,7.77942343469434e-10,3.55284296630775e-06,1.66519900022067e-05,-3167.28364497261,0.075382978176487,0.0621428939128756,0.994375,0.423982585756133
"linear",1600,"sir_collapsed",109,35.061,2628.31370154287,2861.56164764086,1876.50734019615,1179.06788671536,6932.58610417033,2831.76367215307,6883.06160761116,2627.52819747924,74.9640255994659,81.6166580428641,53.5212156012707,33.6290432878513,197.729274811623,196.316751022822,0.0013931317141312,0.00134217437519071,1.57791725625382e-07,0.000742497772358283,0.00221820732191083,8.82037041430295e-06,7.23537897716628e-06,3.30973065527613e-10,3.82777087221518e-06,1.39613263437466e-05,-3170.70807702667,0.0839050680862824,0.0626518141263758,0.988125,0.417789343491513
"linear",1600,"sir_collapsed",10,34.876,2733.62000507982,2827.34482469919,2079.33189732078,1016.82648919609,6981.09526120482,2911.66651829825,6977.35247826495,2620.62552282003,78.3811218339208,81.0684948015595,59.6207104404397,29.1554791029959,200.16903490093,200.061718037187,0.00141365112612219,0.00134830467675556,1.70177906849113e-07,0.00067592513936759,0.0021806769117502,9.69560172068862e-06,7.13616192738629e-06,1.64452324823579e-09,3.08314311909687e-06,1.44057277817263e-05,-3237.25705137548,0.0956100841648333,0.0793314252089671,0.99,0.419851886344015
"linear",1600,"sir_collapsed",110,34.731,2462.34732231977,2564.69565149526,1874.72615874797,1027.02483768213,6938.46483751333,2606.64252054751,6935.86235919338,2362.47100552837,70.8976799493181,73.8445668565621,53.9784676153283,29.5708398169396,199.777283623084,199.702351190388,0.00138907227517292,0.00133987522331234,1.60332983535188e-07,0.000712995090035205,0.00217864139137191,9.11166089452195e-06,6.79130392975974e-06,1.57261174168781e-09,3.62753484025339e-06,1.33321545371448e-05,-3192.75119630978,0.0890547660380857,0.0701650509786002,0.99,0.418561660268717
"linear",1600,"sir_collapsed",111,34.592,2916.04360818533,2908.29295254034,1961.76099604562,1397.30382571573,7159.92653674944,3121.4376029855,7103.95643515757,2757.74026392126,84.2982079147008,84.0741487205231,56.7114071474797,40.3938432503391,206.982150114172,205.364143014499,0.00160392856574083,0.00153308763218302,2.21710236945733e-07,0.000791255631620134,0.00253515565721232,9.37959941706568e-06,7.43216483748131e-06,6.59568360327953e-10,3.42619790441498e-06,1.5200356699018e-05,-3181.61132075071,0.0947631427316772,0.077941946420041,0.99125,0.428902713074895
"linear",1600,"sir_collapsed",112,34.606,2792.07904569973,3005.5537544452,1770.66623862241,1574.42984639062,7021.2674280655,2909.70969268362,7024.8847950524,2858.40388943419,80.681935089283,86.8506546392301,51.1664520205285,45.4958633297873,202.891620761299,202.996150813512,0.00143434182928673,0.00137828966890525,1.74380112065941e-07,0.000703493294365991,0.00225208127899085,8.58051311136928e-06,6.84800536998482e-06,6.86407227443411e-10,3.52351090310717e-06,1.36842778895367e-05,-3211.25458702916,0.0781298462945792,0.0624944489638992,0.98875,0.420620909990173
"linear",1600,"sir_collapsed",113,34.778,2435.46056124017,2350.32479315563,2125.66255173169,1073.45214378461,6909.50601464237,2601.35079932766,6859.66980666285,2123.6970527589,70.0287699476728,67.5807922581986,61.120896881123,30.865838857456,198.674622308424,197.24164145905,0.00136406790881301,0.00130511090916499,1.40751050077495e-07,0.000748919724888233,0.00213197468454142,8.5120886591345e-06,6.95150776011949e-06,3.05109234232437e-10,3.1832134807861e-06,1.33003774647431e-05,-3149.82812334175,0.079014741023973,0.0604786982151502,0.965,0.417108927191246
"linear",1600,"sir_collapsed",114,34.67,2556.84301401685,2868.77118546322,2221.64165442659,1116.88462775165,6822.40772569065,2620.26755832262,6910.54225983015,2608.85977183155,73.7479957893524,82.74505870964,64.0796554492815,32.2147282305062,196.781301577463,199.32339947592,0.00133522210485484,0.00127866971688186,1.36624112091365e-07,0.000728843371053961,0.00210666624785917,7.9775436161359e-06,6.9784060867155e-06,8.29691447479870e-11,3.57066873901587e-06,1.22768252679914e-05,-3183.04425546531,0.081350319167389,0.069305807149235,0.991875,0.411838920541472
"linear",1600,"sir_collapsed",115,34.565,3136.61926179382,3063.4955024458,1390.29009555566,1174.59011627031,7075.60041333301,3289.49362689678,7034.51288511239,2896.36156294999,90.745530501774,88.6299870518096,40.2224821511835,33.9820661440853,204.704192487574,203.515489226454,0.00151487558100364,0.00145529420667079,1.95939603085662e-07,0.000757918141452779,0.00238511802666839,9.80724803353006e-06,7.23361145089162e-06,4.59638923800582e-09,3.93600583978679e-06,1.38664684742893e-05,-3172.6747634095,0.087577626346196,0.068935215566905,0.978125,0.424191162180127
"linear",1600,"sir_collapsed",116,34.742,2995.68051631531,2997.08809571666,1947.99910749834,1170.6789425931,6978.31774843639,3041.42564232412,6963.77494730185,2794.84713790495,86.2264842644438,86.2669994737395,56.0704365752789,33.6963600999685,200.861140649254,200.442546407859,0.00149283928963522,0.00142466028229796,1.98350435399572e-07,0.000741002398848428,0.00235747413727991,9.6454076960108e-06,7.33647202826729e-06,1.11316142312049e-09,3.66311704151408e-06,1.49688956379576e-05,-3151.51287217436,0.0869420592761298,0.0706461350196417,0.985625,0.424946198971039
"linear",1600,"sir_collapsed",117,35.049,2701.52426182277,2611.19572923571,2014.38049880718,759.995582065889,6846.69683592594,2725.92219418212,6794.9390740267,2397.66821816208,77.078497584033,74.5012904572373,57.4732659649971,21.6838021645664,195.346424603439,193.869698822412,0.001316112030303,0.00126248668988933,1.36244568282857e-07,0.000722086538121245,0.0020810656038567,9.22133464041294e-06,6.71922295166268e-06,2.32846579691167e-09,3.78851462303388e-06,1.25179086649823e-05,-3185.39368438116,0.0819233659435961,0.0642444411345625,1,0.414610996694754
"linear",1600,"sir_collapsed",118,34.524,2666.50059419917,2724.3104991535,1876.40158342166,1051.44927204114,6921.56412148935,2765.72490768588,6822.0589479155,2558.8854026341,77.2361428049813,78.9106273651229,54.3506425507373,30.4556039868248,200.485578770981,197.60337585203,0.00138574824473788,0.00133133276430239,1.54183417615173e-07,0.000724067585827496,0.00218290182114017,9.35067224791469e-06,6.9651800159769e-06,7.56347628586781e-10,3.25554249103622e-06,1.45312479405996e-05,-3181.44336127607,0.0771237553250506,0.0623215112268577,1,0.416238284648354
"linear",1600,"sir_collapsed",119,34.694,2607.26715489316,2933.47029696973,1973.52720194583,1243.53750807844,7057.06502123231,2730.06272600136,6964.92387243918,2386.12361091444,75.1503762867688,84.5526689620607,56.8838185837848,35.8430134339783,203.408803286802,200.752979548025,0.00142289944417871,0.0013553891424212,1.76675737116815e-07,0.000750962550535602,0.00232385399889726,1.13978135069084e-05,6.79065077361665e-06,1.49540791732671e-08,3.24695599307325e-06,1.43468886337035e-05,-3181.63647763335,0.073184725607476,0.0558062364356234,0.97125,0.418801399425487
"linear",1600,"sir_collapsed",11,35.008,2369.28728137261,2929.19066926151,1956.66027354403,1245.77140350033,6934.65041423238,2486.1392719269,6926.6999779796,2436.25866690875,67.6784529642543,83.672036941885,55.8918039746352,35.5853348806083,198.087591814225,197.860488402068,0.00136674751258792,0.00130991015927587,1.49810288166321e-07,0.000721909050099302,0.00215837785193197,1.33970330533786e-05,6.83672901079729e-06,1.71137950665434e-07,3.22790206089495e-06,1.32024979193482e-05,-3223.2997122158,0.0798762778020488,0.0608807225333433,0.996875,0.415835393287881
"linear",1600,"sir_collapsed",120,34.652,3224.4988658314,3456.29526949262,1687.45985842322,1123.32366021142,6953.82013973728,3306.49763971159,6946.24307211555,3194.67689140748,93.053759258669,99.7430240532328,48.6973294015704,32.4172821254595,200.675866897648,200.45720512858,0.00137016741328277,0.00131251700411901,1.55232730151596e-07,0.000703889127779881,0.00210752788440435,8.75539637597663e-06,6.92629581917195e-06,8.46113968676088e-10,3.56068049712332e-06,1.28454414502381e-05,-3201.11893749579,0.0868362330752081,0.0619742275007581,0.97125,0.41498622968036
"linear",1600,"sir_collapsed",121,34.584,2975.25717242431,2880.11238493696,1866.71170345312,1352.7556526481,6899.89664781713,3200.29273079914,6936.66353319066,2592.3080213063,86.0298742893914,83.2787527451122,53.9761653785889,39.1150720751823,199.511237792538,200.574356152864,0.00139656417789651,0.00133475184474175,1.58641337578268e-07,0.000757329049361558,0.0022102319609094,8.9593336467964e-06,7.21912687121093e-06,5.68459310801228e-10,3.06241259355344e-06,1.3732439947097e-05,-3207.44999236386,0.0849010618367415,0.0683557712784465,0.9875,0.418318067032805
"linear",1600,"sir_collapsed",122,34.836,2986.74804854028,3145.68834157885,1740.63331342139,1234.07330561876,7051.92925975083,3096.23779653042,6961.96411580227,2932.92435575852,85.73739948732,90.2999294287188,49.9665091692902,35.425229808783,202.43223274058,199.849699041287,0.00143935550470815,0.00137881846003133,1.71440792090592e-07,0.000730090665442285,0.00225205421316417,9.6823852679712e-06,7.26945011511626e-06,1.20822509709844e-09,3.38522871753712e-06,1.3544930006413e-05,-3221.43834613614,0.087653251261209,0.0713536858868158,0.99,0.419784762308592
"linear",1600,"sir_collapsed",123,34.787,2421.5355663479,2678.08265647202,2197.52031587127,1258.04741032438,6757.92489384694,2559.10282973731,6793.98375198251,2502.16753909648,69.6103592246501,76.9851569974997,63.1707337761599,36.1642973042913,194.265814639001,195.302375944534,0.00128498098458337,0.00123988606645982,1.21153126780927e-07,0.000685493955541217,0.00197232621647135,8.26093846387068e-06,6.87111907101744e-06,4.30272941144741e-10,3.49863633740573e-06,1.24911159285102e-05,-3156.78560920723,0.0880338203838395,0.0682730183634383,0.988125,0.413193605098711
"linear",1600,"sir_collapsed",124,34.82,3051.10226907075,3187.69312564293,1763.82327865476,1140.12149076459,6870.50108150965,3177.28213564463,6917.70749735514,3018.55944625606,87.6249933679136,91.5477635164541,50.6554646368398,32.7432938186269,197.314792691259,198.670519740239,0.0013958511538178,0.00133260158056786,1.66837746689596e-07,0.000748273601088261,0.00227923668430787,9.02431297748432e-06,6.93218884848215e-06,8.49228068388435e-10,3.03334172641543e-06,1.44845468790246e-05,-3167.12566982514,0.0820794046794303,0.063452919833471,0.98875,0.4195783318998
"linear",1600,"sir_collapsed",125,34.504,2823.45322620571,3042.92359209584,2004.09234035612,817.516643730097,6764.1204909984,2970.06948047493,6707.79748879426,2764.87177660597,81.829736442317,88.1904588481288,58.0828988046638,23.6933875414473,196.038734378576,194.406372849358,0.00128145337841851,0.00123856230923761,1.21726965045798e-07,0.000644830874054279,0.00194175750022886,9.98962326876375e-06,6.87749575857158e-06,4.70590288750313e-09,3.36017268774825e-06,1.43025983940188e-05,-3180.96779495334,0.0772227305550187,0.0591103283804821,0.98625,0.411818197775017
"linear",1600,"sir_collapsed",126,35.621,2960.69256982091,3061.54023617875,1746.13075833676,1308.89076694067,6752.35774454498,3093.23062612917,6814.1196399657,2786.43692731753,83.1164922326972,85.9476218011496,49.019700691636,36.7449192032977,189.561150572555,191.295012491668,0.00128160486856507,0.00123624970009181,1.21955870787187e-07,0.000698679193328825,0.00196495252544424,8.0467333549661e-06,6.78632612599126e-06,3.2688889759773e-10,3.45328196872351e-06,1.21440861727154e-05,-3180.59428985518,0.0786819287378947,0.0636878655688568,0.993125,0.411040875083282
"linear",1600,"sir_collapsed",127,34.503,2897.45307103136,3087.69989481762,2148.12141647992,1209.97096424897,6893.97318390622,3056.36547008199,6978.50958033276,2824.31701395731,83.9768446520986,89.4907658701451,62.2589750595577,35.0685727110387,199.807935075391,202.258052352919,0.00135589590766656,0.00130730941288134,1.44214472432184e-07,0.000719926749546885,0.00212609582959144,9.13791457558779e-06,6.76652786168421e-06,1.37947699119081e-09,3.46416638213183e-06,1.29654247915853e-05,-3205.69275695566,0.0802172486047974,0.0635435896031755,0.990625,0.413279412612743
"linear",1600,"sir_collapsed",128,34.902,2482.78339885164,2933.42428871269,1892.2557525292,1076.81632890373,6897.59059749884,2636.6346507794,6871.30558359081,2531.17515870715,71.1358489155819,84.0474554097957,54.216255587909,30.8525680162665,197.627373717805,196.874264614945,0.00141884673737984,0.00136051207762705,1.65231625974883e-07,0.000736068482343296,0.00224648829254326,9.86226267764606e-06,7.04038463950047e-06,2.3519246558891e-09,3.30097680200047e-06,1.49513027704261e-05,-3183.64149058288,0.0848743382530541,0.0700642526658613,0.99625,0.420948621412365
"linear",1600,"sir_collapsed",129,35.466,2613.16322864258,2734.02447763855,1872.0547812107,1219.44663039024,6958.79408445551,2911.93146988319,6969.75750846064,2663.54522653114,73.6807993188569,77.0886053583305,52.7844916599192,34.3835400211537,196.210288288939,196.519413197447,0.0014491875974649,0.00139209095431853,1.68717554626015e-07,0.000742755103986493,0.00225427891502867,9.36363558694142e-06,7.05093309023158e-06,9.047793977253e-10,3.39592489842145e-06,1.49741294602509e-05,-3220.3571315016,0.081535524238894,0.0626072838395838,0.97875,0.421001998710209
"linear",1600,"sir_collapsed",12,34.707,2264.84086430726,2740.03064639224,2543.67698716308,1033.4080714752,6803.22846787979,2404.43578438587,6753.89096342637,2549.65358828077,65.2560251334676,78.9474931971141,73.290027578387,29.7752059087562,196.018914567084,194.597371234229,0.00127541746227126,0.00122507935722366,1.22920845639461e-07,0.000659033806997723,0.00194975733090457,8.43931123028362e-06,6.95346919278112e-06,5.17139643860889e-10,3.48696069105348e-06,1.36715117704994e-05,-3172.39535924195,0.0830443865979268,0.0669353444051803,0.985625,0.412466675595063
"linear",1600,"sir_collapsed",130,34.642,2633.51208663273,2861.37993042201,2133.73457314671,925.606462255253,6742.11854388246,2778.99405595057,6740.0516149599,2742.12923814229,76.020786520199,82.5985777501878,61.5938621657731,26.7191981483532,194.622670281232,194.563004877314,0.0013141199500606,0.00126765452702158,1.33943210142959e-07,0.00067795652870241,0.00203393879037113,9.32630081716771e-06,6.93812853815823e-06,2.04061628335021e-09,3.37516359139628e-06,1.40418245693479e-05,-3128.13710158948,0.0842031302505724,0.0690130646943337,0.99125,0.414042434609965
"linear",1600,"sir_collapsed",131,34.772,3261.78177475411,3125.18322593737,2115.96493814894,845.570886324589,6654.23504197008,3157.31967519807,6639.59963835559,2912.68014642953,93.804836499313,89.8764300568666,60.8525520001421,24.3175798436843,191.367624582137,190.946728354871,0.00122539105216819,0.00119079683832435,1.09599217294043e-07,0.000654546631580595,0.00188772662453322,1.1133836133671e-05,6.62181304106329e-06,1.26843706046221e-08,3.11536687603418e-06,1.37298445555472e-05,-3210.84372945198,0.0777916279233608,0.064344794168953,0.988125,0.40733120423965
"linear",1600,"sir_collapsed",132,34.545,2737.43517913076,3266.31274811996,2154.62982626129,864.106456579591,7053.83485515353,2874.60969039543,7016.12491232315,2746.2619111574,79.2425873246709,94.5524026087699,62.3716840718277,25.0139370843708,204.192643078695,203.101025107053,0.0013943677666657,0.00133653435191853,1.63658253600421e-07,0.000681617331015486,0.00219218134284183,8.91500529564371e-06,6.64900422772338e-06,6.26308269498786e-10,3.41560597445638e-06,1.34006429099642e-05,-3204.95008991123,0.0742222653724127,0.0607178429507892,1,0.415440017672336
"linear",1600,"sir_collapsed",133,34.421,3401.97169456109,3378.2046322198,1803.50298697438,1252.79789203328,6854.02753630251,3094.47308165866,6884.09765289521,3032.51099525257,98.8341911786727,98.1437097184801,52.3954268317127,36.3963246864787,199.123428613419,199.997026608617,0.00132386763822047,0.00126974372397151,1.35747928606837e-07,0.000669914491592394,0.00204635751568451,8.15328941418691e-06,6.78612607687848e-06,2.82930544751027e-10,3.53649670275041e-06,1.24918569315063e-05,-3170.624471381,0.0702669091054592,0.0524242035810861,0.991875,0.414050048953995
"linear",1600,"sir_collapsed",134,34.601,3337.03988416754,3116.14861375475,1691.15643240544,1035.01510663941,6946.1963235966,3379.10616998166,6860.31675388979,2937.9104939332,96.4434520438004,90.0594957878314,48.8759409382804,29.9128668720386,200.751317117904,198.269320363278,0.00148152348213264,0.00141249117818317,1.93703615919491e-07,0.000743125204816811,0.00233158164184545,9.5284284554038e-06,7.08012152090379e-06,6.39815846646515e-10,3.10731434702585e-06,1.60116329563189e-05,-3165.64733891814,0.0761530636250646,0.0600263677807508,0.993125,0.425059271190911
"linear",1600,"sir_collapsed",135,34.58,2876.7173932321,3096.2837623675,1906.90623805847,1326.28297952722,6991.8454607963,2985.2241764223,7007.47494149803,2565.86120230398,83.1902080171227,89.5397270782968,55.1447726448373,38.3540479909548,202.193333163572,202.645313519318,0.001412013831738,0.00133667863164414,1.6888119140047e-07,0.000697601907297564,0.0022050665278586,9.08454992075051e-06,6.82213592420127e-06,1.33702040676935e-09,3.81857649489136e-06,1.36114571825797e-05,-3220.85539340713,0.082571961786707,0.0659426726625359,0.9825,0.417245675719566
"linear",1600,"sir_collapsed",136,34.809,2876.9817187669,2863.64753315093,1859.54628978736,1325.56322542415,7035.68484412682,3082.8132616902,6955.00030073517,2606.94714680033,82.6505133375535,82.2674461533205,53.4214223271957,38.0810487352166,202.12257876201,199.804656862741,0.00148225097478142,0.00142855585795388,1.87719598900292e-07,0.000680643933130443,0.00229982729622362,1.01338861401515e-05,7.25707785329949e-06,1.97048839740544e-09,3.2011521502553e-06,1.43606245302133e-05,-3196.10803687374,0.105064459547875,0.0839619677793687,0.975,0.425267649499564
"linear",1600,"sir_collapsed",137,34.506,2678.74021723136,2850.96142667963,1684.44481768442,1297.28250963083,6921.918599194,2751.65620310776,6894.38315678213,2603.11542102664,77.6311429093885,82.6221940149433,48.8159977303779,37.5958531742545,200.600434683649,199.802444698955,0.00141521943478317,0.00135511924542598,1.67794255183728e-07,0.000749551091898362,0.00230417555159907,8.99526832690601e-06,6.82324157328424e-06,6.6987347977034e-10,3.43813303007852e-06,1.33217554650476e-05,-3181.80108112519,0.0906408007241748,0.0691034347273063,0.9875,0.421695069246335
"linear",1600,"sir_collapsed",138,34.647,2944.40877935291,3037.19128094228,1752.64787577197,1585.87632148698,6883.25964816978,3115.26116614992,6955.71756865253,2889.84241819519,84.983080190288,87.6610177199262,50.5858480033472,45.7723993848525,198.668272813513,200.75959155634,0.00132155480366718,0.00127187105280032,1.43760294810976e-07,0.000692814503542267,0.00206194225930554,8.50086242477744e-06,6.76979777516693e-06,3.45600477534305e-09,3.55860423575379e-06,1.2105119814974e-05,-3213.99672390012,0.0734643452387412,0.0572610198478054,0.995,0.413402803395142
"linear",1600,"sir_collapsed",139,34.853,3129.74928720041,3274.68255623704,1978.95778332699,796.36709364435,6873.85758973405,3328.17590181396,6826.45091960696,2868.21605211743,89.7985621668268,93.956978057471,56.7801274876479,22.8493126458081,197.224273082204,195.864083998708,0.00130514404519937,0.00125329827272468,1.22639609535839e-07,0.000735173170736722,0.00202974341736824,8.86550437721289e-06,6.82982921532813e-06,7.42446947614716e-09,3.58298430031299e-06,1.29952921205371e-05,-3178.06958140526,0.0693406456611864,0.0561468132699542,1,0.41011632896189
"linear",1600,"sir_collapsed",13,34.485,2634.41966269985,2873.22581005528,1751.78261092792,1054.1486626958,6802.84574965144,2762.18429769974,6740.06597954715,2664.44867526184,76.3932046599926,83.3181328129703,50.7983938213112,30.5683242771002,197.269704209118,195.449209208269,0.00129191437985123,0.00124228887036868,1.30155347589481e-07,0.000677449630982968,0.00199328823980407,8.95824994825659e-06,6.86236109798011e-06,8.2239784194188e-10,3.64447808472597e-06,1.28307912286385e-05,-3131.24521771971,0.10402667648896,0.0843514673572263,0.979375,0.417475076019635
"linear",1600,"sir_collapsed",140,34.662,2442.2421702067,2378.60155956528,1638.24190564346,1196.21078404301,6786.94622481087,2554.1904873152,6720.9770734196,2242.72002168024,70.4587782068751,68.6227442030258,47.2633404201564,34.5107259835846,195.803653130543,193.900440638728,0.0013022566601895,0.00125224346838576,1.29275811462194e-07,0.000687838727694348,0.00200293876552091,8.32454769670972e-06,7.04696451578211e-06,6.52553549304481e-10,3.66396141980203e-06,1.25556521706148e-05,-3132.10877796097,0.096856776737005,0.0735738657697823,0.94375,0.412802081218286
"linear",1600,"sir_collapsed",141,35.057,2841.29945463967,2931.2660113559,1769.93212590269,1262.53268051669,6997.78024928844,3018.11433106632,7033.19671878383,2703.95161657608,81.0479919742041,83.614285630713,50.4872671906521,36.0137113990554,199.611496970318,200.621750828189,0.00137399923965734,0.0013156651977057,1.48126429947502e-07,0.000734017675395518,0.00215409693548255,7.95377350459756e-06,6.74493161828411e-06,2.41181943390983e-10,3.57101794295895e-06,1.20824630578198e-05,-3215.40026928526,0.0686285487317404,0.0546305824657868,1,0.413397571295249
"linear",1600,"sir_collapsed",142,34.715,3269.53562392633,3363.06258826209,2080.70268839164,1322.06054441675,6991.38960738653,3284.51463215085,6975.12061375038,3068.57209683032,94.1822158699793,96.8763528233353,59.9367042601652,38.083264998322,201.393910626142,200.925266131366,0.00141113314302215,0.00135463752099195,1.61856083383937e-07,0.000732331508610159,0.00220318392434221,8.77581125914803e-06,6.99945317386211e-06,5.54571909957832e-10,3.40843273596068e-06,1.31942105112719e-05,-3186.11879989524,0.0833288392573932,0.0637836566024397,0.985625,0.416773970726259
"linear",1600,"sir_collapsed",143,34.969,2996.55322597254,2909.89430668862,1931.73911965049,1021.8517673321,6877.89492242929,3075.92000789219,6809.1021348963,2813.06761646985,85.6917048234876,83.2135407557727,55.2414744388027,29.2216468109496,196.685490646838,194.718240009617,0.00140657991808615,0.00135598433353372,1.57194042570938e-07,0.000722946453908537,0.00217409937512191,1.02962953029855e-05,7.11507885572576e-06,1.55157232286735e-09,3.68403018591407e-06,1.50794600167808e-05,-3184.34943789226,0.0846188929764176,0.0686687878066957,0.999375,0.42002779974558
"linear",1600,"sir_collapsed",144,34.846,2310.48219642176,2535.13553333433,2373.21805595345,1108.89112790522,6930.69216473144,2506.61914595673,6854.40820546841,2495.4262638697,66.3055213344936,72.75255505178,68.1058961129958,31.8226231964995,198.894913755709,196.70573969662,0.00140689428273367,0.00135544106827161,1.62069707427699e-07,0.0007122386838173,0.00218816282640503,9.83905257944087e-06,7.02317440733732e-06,1.54982440827465e-09,3.05463198937887e-06,1.49587095615702e-05,-3195.8600995753,0.0740738108232295,0.0589983396765509,1,0.419504175097174
"linear",1600,"sir_collapsed",145,34.512,2713.02583353068,3020.39440002464,2103.23802862365,1188.95136349092,7033.49305772783,2928.76841294501,7110.57625927516,2712.61565547543,78.6110869706385,87.5172229956141,60.942223824283,34.4503756227085,203.798477565132,206.031996386044,0.00141357514080433,0.00134438548851764,1.76617945997373e-07,0.000736413978123887,0.00223950680660476,8.69725997361874e-06,6.75026435975231e-06,6.69618841569441e-10,3.2175961567705e-06,1.31774516347523e-05,-3179.88288485566,0.0786233734207245,0.065491777294903,0.995625,0.417236874439781
"linear",1600,"sir_collapsed",146,34.588,2597.38580229176,2977.04708911675,1680.99338886241,1374.49768641948,7118.81059211993,2738.66739220933,7115.38703641475,2637.72972767032,75.0949983315532,86.0716748327961,48.6004796132302,39.7391490233457,205.817352611308,205.718371585947,0.00150104768271864,0.00142449380614656,1.98875692937147e-07,0.000791959442165187,0.00241400191830811,9.77159665742069e-06,7.09789327384282e-06,1.74954941293622e-09,3.73306148243669e-06,1.39885613013615e-05,-3215.89653410498,0.0756775622212102,0.0620529035044987,0.99875,0.423003650523159
"linear",1600,"sir_collapsed",147,34.298,2860.24479912327,2977.5011509926,2093.09797048125,1331.8744003721,6909.83257814417,2983.18256661244,6897.83625226429,2782.06595013204,83.3939238183938,86.8126756951601,61.0268228608445,38.832421726401,201.464592050387,201.11482454558,0.00138167167407008,0.00132974938103001,1.60942912908832e-07,0.000649297519691569,0.00214197720780872,9.26529144966005e-06,6.92589781141501e-06,1.09411351894871e-09,3.27952242157414e-06,1.36556913505624e-05,-3169.14600016326,0.0794593734481134,0.0636777271235562,0.991875,0.418866033512304
"linear",1600,"sir_collapsed",148,34.852,3445.10668700324,3516.87289188713,2176.34432316796,1023.62716431744,7137.05489979355,3622.69325511691,7154.12501414713,3214.6751514178,98.8496122748548,100.908782620427,62.4453208759313,29.3706864546493,204.781788700607,205.271577359897,0.00154903591113314,0.00148087918451867,2.1130461590569e-07,0.00073772327048916,0.00243937354149583,9.88384453377455e-06,7.01521309841505e-06,1.57889809936366e-09,3.38887412784535e-06,1.46502975988116e-05,-3197.14611643527,0.0825614806704135,0.0685297875256171,0.985625,0.426117711764326
"linear",1600,"sir_collapsed",149,34.76,3006.70334382646,3137.97231960789,2002.97066654228,1014.01351304368,7106.57152723725,3247.13295144411,7186.2341258269,2902.03926961694,86.4989454495528,90.2753831877989,57.6228615230804,29.1718502026375,204.446821842269,206.738611214813,0.00156023906473407,0.00150376241763955,2.14676174109194e-07,0.000758255197350289,0.00243972463885002,9.27379985574264e-06,7.18602050411461e-06,5.57981737032809e-10,3.81496729369504e-06,1.46886694003874e-05,-3238.59864807121,0.0869103461310036,0.0721919645883942,0.999375,0.424702281455005
"linear",1600,"sir_collapsed",14,34.732,3218.22905927719,3358.01338372311,1938.89906311762,1103.44579837048,6968.20547628376,3231.78105376549,6959.45205816195,3222.30129392246,92.6589041597717,96.6835593609095,55.8245728180818,31.7702924787078,200.6278209226,200.375793451628,0.00140878491066645,0.00135843139218947,1.62603928126491e-07,0.000699431746323401,0.0021910630979041,9.80861676880175e-06,6.94955044932617e-06,5.01299057562521e-09,3.63095485149275e-06,1.29080454447414e-05,-3213.10939231763,0.0764729893855112,0.0633600303079375,1,0.419778204379912
"linear",1600,"sir_collapsed",150,34.502,2465.96332940564,2567.93728227098,1785.98767204709,1078.43983663349,6940.74797933959,2659.70720403465,6860.74396288212,2315.07684572066,71.4730545883032,74.4286499991588,51.7647577545386,31.257313681337,201.169438853968,198.850616279698,0.00138314509866263,0.00132854778331172,1.48161098080865e-07,0.000721160501002649,0.00213316548943546,9.81727892003637e-06,6.95857376135826e-06,8.04274002958046e-09,3.29773754652349e-06,1.33468836142955e-05,-3171.44161225622,0.0765775390831446,0.0616469764593375,0.988125,0.417028781319983
"linear",1600,"sir_collapsed",151,35.013,3296.26735601986,3649.41469408739,1815.58256881688,1267.51615727231,7218.04566495367,3141.73772615334,7223.05328417534,3168.07405870118,94.1440995064651,104.230277156696,51.854527427438,36.2013011530662,206.153304913994,206.296326626548,0.00154744536662129,0.00148253514372194,2.14923407379486e-07,0.000790722865467236,0.00250926325493677,8.70074226826638e-06,6.95386489886152e-06,5.50321172488094e-10,3.54863698090346e-06,1.34676930339009e-05,-3208.3821210555,0.0729007544035092,0.0582576970975796,0.9925,0.423018509117446
"linear",1600,"sir_collapsed",152,34.653,3494.11063421785,3677.74523107767,1552.60094483435,1065.20214427073,7261.50120096234,3669.07574934113,7183.83537689097,3508.45184600867,100.831403751994,106.130644708327,44.8042289220082,30.7391032311987,209.548991457084,207.307747580036,0.0017163949679176,0.00164048501788503,2.75089766702831e-07,0.000823894782014237,0.00276326548076568,9.28725640696385e-06,7.68917430011864e-06,6.80174747232091e-10,3.7164779378376e-06,1.45328938598404e-05,-3208.19713227701,0.0976172783109555,0.0797571524843312,0.984375,0.437519560021401
"linear",1600,"sir_collapsed",153,35.982,2871.47598624864,3059.20220870727,1928.06873284789,1362.22290865475,6944.90137802115,3005.63799519056,6901.95527174298,2844.9618669882,79.803123401941,85.0203493054102,53.5842569297951,37.8584544676434,193.010432383446,191.816888214746,0.001446610843697,0.00138525350154891,1.74836094801261e-07,0.000751915025757826,0.00228650468348949,1.23469709258506e-05,7.3339996414714e-06,1.19213863176038e-08,3.20657553219335e-06,1.57609783729836e-05,-3197.30669161308,0.0932430852601868,0.0720227469206462,0.9825,0.421790699461866
"linear",1600,"sir_collapsed",154,34.757,2781.67683362885,2717.29711877031,2004.19929025514,1398.77826173248,6932.65044084492,2881.78087410824,6919.61930002747,2596.18599433034,80.0321326244741,78.1798520807409,57.6631841141392,40.2445050416457,199.460553006443,199.085631672108,0.00136941139073492,0.00131257006729157,1.53740956102391e-07,0.000727828459597184,0.00217876860993426,9.27479673859538e-06,7.11832774143067e-06,2.60883088551455e-09,3.54920456654825e-06,1.26830923859015e-05,-3195.25522186505,0.0894090706825041,0.0720971442038409,0.9975,0.41627065757547
"linear",1600,"sir_collapsed",155,34.8,2970.10903719122,2907.90869348956,1997.34538098326,1083.96449268937,6927.5069654156,3115.13713435458,6984.20151428046,2761.05042937807,85.347960838828,83.5605946405047,57.3949822121626,31.1484049623383,199.066292109644,200.695445812657,0.00135797843679587,0.0012949068056141,1.52996352159624e-07,0.000704317555268502,0.00215006890638026,8.71846901767113e-06,6.79977734071678e-06,8.51651087654926e-10,3.66742252292523e-06,1.29316884565399e-05,-3204.40020108328,0.0683246882516771,0.0563279676085007,1,0.414552219491163
"linear",1600,"sir_collapsed",156,34.911,2838.43799865944,3098.41965068278,1707.41889190859,985.3286243568,6853.24660333354,2942.05176624462,6819.18012811779,2895.56297456681,81.3049754707526,88.7519592874103,48.9077623645439,28.2240160510097,196.306224494673,195.330415287955,0.00131931900010818,0.00126562842670632,1.39899249382142e-07,0.000681497866126011,0.00206372920552808,9.01666266868539e-06,6.77061572893739e-06,1.26158782409528e-09,3.34016834934991e-06,1.35529114194278e-05,-3224.55254286156,0.0755990932523954,0.0610853894013265,1,0.413413117869108
"linear",1600,"sir_collapsed",157,34.696,3130.84686863306,2966.07708588632,1965.06247994385,1029.99476797894,7011.2933248009,2786.16997372874,6952.47019942724,2690.60726602892,90.2365364489582,85.4875802941642,56.6365713610748,29.6862683876798,202.077856951836,200.382470585291,0.00145783508256736,0.00139510521588597,1.83528094363058e-07,0.000700787887554638,0.0022802144014255,9.06336195296142e-06,7.00888477289463e-06,6.94337974935706e-10,3.42742078268325e-06,1.48930110764678e-05,-3212.60130082467,0.0830586160559903,0.0669171938285647,1,0.419805683889431
"linear",1600,"sir_collapsed",158,34.515,3308.23011156658,3417.29478353237,1832.35670481848,1321.63269578945,7115.68141940886,3406.67562673102,7122.45450141663,3144.74259451973,95.8490543695951,99.0089753305046,53.0887064991593,38.2915455827743,206.161999693144,206.358235590805,0.00148401476340404,0.00142006112579074,1.8943090593299e-07,0.000783130869155297,0.00240047502416724,8.80379426186316e-06,6.91316543554106e-06,5.7871210763145e-10,3.31547040590462e-06,1.39042144231929e-05,-3182.88861585425,0.0721792894714988,0.0567745453466238,0.995,0.421539396033269
"linear",1600,"sir_collapsed",159,34.329,3107.30845659169,3465.23420487145,1979.08138112301,1156.58243833356,6878.99486190978,3135.6621256271,6836.3845031285,3016.34060828448,90.515554096877,100.941891836973,57.6504232900174,33.6911194131363,200.384364878376,199.143129806534,0.00138399200799317,0.00133307494244244,1.53321286670688e-07,0.000724186582408717,0.00218622581840074,8.94111628965397e-06,6.89021342481225e-06,1.29427843999325e-09,3.62643487190207e-06,1.30910281871621e-05,-3202.11813933772,0.0867364643940339,0.0718081861507075,0.985,0.416656112734791
"linear",1600,"sir_collapsed",15,34.68,2581.98443378185,2593.84904421533,1740.73672924839,1406.64019192001,6961.69133097464,2725.89978447951,6973.83731097604,2525.3943554782,74.4516849418066,74.793801736313,50.1942540152361,40.5605591672436,200.740811158438,201.091041262285,0.001398803011343,0.00133803030812143,1.64266610035781e-07,0.000728621997270419,0.00220127030245329,7.93443855531229e-06,6.78488282800819e-06,3.35916684193213e-10,3.61155286138897e-06,1.19018212110145e-05,-3196.28817766772,0.0802681014444365,0.0628910454470987,0.995625,0.417517069033955
"linear",1600,"sir_collapsed",160,36.029,3066.61844577215,3259.69536075342,2006.01772677093,1213.83536382059,6817.97140451939,3243.37299134607,6789.1261182874,2992.50624960577,85.11528062872,90.4742113506736,55.677863020648,33.6905094179852,189.235654737001,188.435041724372,0.00129453509299801,0.00123971253234934,1.26461641944395e-07,0.000678525108418022,0.00200057568737697,8.37204369189082e-06,6.54715172291267e-06,5.43068576753774e-10,3.42143845974928e-06,1.22921138193497e-05,-3174.88418233314,0.0731501383311132,0.0591554230167064,0.99,0.411015603409217
"linear",1600,"sir_collapsed",161,34.539,2957.95440739294,3183.96434365385,1813.16935469081,1363.61619332478,6886.65780337845,2747.73130980554,6918.66506640999,2475.9727473373,85.640997347721,92.1846128623832,52.4962898373089,39.4804769485155,199.387874674381,200.314573855931,0.00138984291931812,0.00134010892266412,1.52246437785946e-07,0.000694075768770662,0.00215362149786692,9.14294685869532e-06,7.08086669064739e-06,8.8110020516345e-10,3.37588944660004e-06,1.30927042957924e-05,-3174.99603065444,0.080471295197216,0.0647961985977574,0.998125,0.416280297695931
"linear",1600,"sir_collapsed",162,35.106,2434.48564521784,2527.00943351259,1770.60022172035,1077.64274022736,6713.48319202829,2549.87525314403,6654.58191429214,2388.95260600098,69.3467112521461,71.9822660944735,50.4358292519898,30.6968250506282,191.234637726551,189.556825451266,0.00127610508876733,0.0012255300814584,1.19740525596569e-07,0.00068902211345165,0.00197097030819361,9.85041837554969e-06,6.81162153203148e-06,5.88129560350451e-09,3.49288300047864e-06,1.34353966035427e-05,-3187.31913210267,0.079931814164191,0.0631434267381931,1,0.414574073358617
"linear",1600,"sir_collapsed",163,34.849,2513.92601209085,2811.50084246842,1419.26131128573,939.298255294285,7178.62850896518,2709.77809435742,7163.38376009486,2573.91727540305,72.1376800508148,80.6766576506765,40.7260268956276,26.9533775802544,205.992381674228,205.554930129842,0.00156712393459133,0.00148702655009191,2.23080811999716e-07,0.000774015633270256,0.00253325220718451,1.14670627871911e-05,6.84676078145353e-06,1.27387929741575e-08,3.18113099098401e-06,1.41346993481958e-05,-3205.69074825809,0.090221380783521,0.0732903731809462,0.990625,0.425880115685088
"linear",1600,"sir_collapsed",164,34.561,3159.1743708346,2890.95785675572,2087.41210912743,1349.63130918395,7104.06358989434,3383.23495067275,7122.37526380556,2675.38250070627,91.4086505261594,83.6479805779843,60.3979083107383,39.0507019236698,205.551447871715,206.081284216474,0.00154528367172404,0.00147404631474167,2.13692544045209e-07,0.000723014797316241,0.00240204792443126,9.38547316791112e-06,7.14285399371021e-06,4.76459167169015e-10,3.59313781072079e-06,1.52338755184056e-05,-3193.44018603708,0.0837963203995431,0.0667085852230215,0.9825,0.424648213383277
"linear",1600,"sir_collapsed",165,34.749,3321.53391170294,3405.98054042505,1574.34648085844,1118.38227284587,7288.82684148383,3458.56512803557,7254.86413992109,3204.10088388132,95.5864603788005,98.0166491244368,45.3062384776091,32.1845887031531,209.756448861373,208.779076805695,0.00164573065533098,0.00157522927954005,2.40885586379099e-07,0.000777768607166744,0.00258619087402131,9.13884831560103e-06,7.12364235542008e-06,5.6450243222466e-10,3.5855485563044e-06,1.43978332514145e-05,-3229.88894464403,0.0806048152251063,0.065559839564486,1,0.428465243711437
"linear",1600,"sir_collapsed",166,34.754,2713.20511666341,2779.01246702954,2004.87403098598,1111.62539870205,6808.14164963258,2849.32641374538,6830.49806465791,2598.22585557613,78.068858740387,79.9623774825786,57.6875764224544,31.9855383179504,195.895196225832,196.538472252342,0.0013290348530792,0.00127506540457678,1.35955384545121e-07,0.00068309625133034,0.00204004152430598,9.17092888736639e-06,6.95768423560495e-06,2.00639043685604e-09,3.34152581103231e-06,1.37019231828083e-05,-3191.37139311768,0.0762942909572444,0.0626315119555658,0.994375,0.413957607282268
"linear",1600,"sir_collapsed",167,34.67,2710.45074332353,2793.31425630754,1805.98192844201,1273.70178757823,7072.81071114945,2864.16746524864,7034.82178797932,2658.78535389557,78.178561964913,80.5686257948527,52.0906238373812,36.7378652315614,204.003770151412,202.908041187751,0.00150021771842652,0.00144083696244474,1.93179488591833e-07,0.000749747074423485,0.00236541402277225,9.17671372927654e-06,7.15961897945682e-06,1.12540656425977e-09,3.32917811539346e-06,1.43688895776416e-05,-3240.03727716447,0.0779885467934871,0.0601564809342919,0.99125,0.425719711538402
"linear",1600,"sir_collapsed",168,34.581,2939.15023931519,2993.91015915108,2138.56829521097,1092.10934291317,6829.60763105289,3092.1805435615,6803.07389239925,2808.475271903,84.9932112812004,86.5767374902714,61.8422918715761,31.5811961167454,197.495955323816,196.728662918922,0.00134775938732811,0.00129402747383646,1.47463381085342e-07,0.000708932542352296,0.00213718768762739,9.18921900610447e-06,7.09424027072724e-06,8.57203967829333e-10,3.00624550858888e-06,1.31831468619075e-05,-3183.02902376694,0.0887232205515332,0.0691159398326835,0.985625,0.418249296910143
"linear",1600,"sir_collapsed",169,35.45,2803.14906822266,2862.96946584199,1582.78407789518,1047.03720886928,7265.95397093284,2959.9739647277,7274.40055194085,2747.8249473163,79.0733164519792,80.7607747769249,44.6483519857596,29.5356053277653,204.963440646907,205.201708094241,0.00170367399201897,0.00161978528674091,2.90055582546572e-07,0.000835206769303879,0.00279311372543523,1.13942935177312e-05,7.26099616854725e-06,8.36618235447359e-09,3.27167233386814e-06,1.44938796231707e-05,-3226.13566275939,0.0846959471111214,0.0669709628624069,0.990625,0.433261748350486
"linear",1600,"sir_collapsed",16,34.625,2734.5581581959,2899.07589879373,2346.89900070943,1222.77423867615,6947.47142323062,2821.77048259994,6965.56043283283,2818.64582007819,78.9764089009646,83.7278237918767,67.7804765547849,35.3147794563509,200.648994172725,201.171420442825,0.00135844294836108,0.00129730406318499,1.51757556967972e-07,0.000734984873464961,0.00215528024983211,8.6670725737214e-06,6.77612532596789e-06,6.12391533225816e-10,3.34114610711377e-06,1.32632605290592e-05,-3196.68500985537,0.0820953224941018,0.0644524451472336,0.98875,0.414971020051987
"linear",1600,"sir_collapsed",170,34.617,3366.75302807312,3457.28048508516,1963.02620343504,1296.77680950188,7359.21043993764,3310.91465109358,7403.18255982419,3275.65633123829,97.2572154742791,99.8723310825652,56.7069995503666,37.4606929977145,212.589491866356,213.859738273802,0.00170986349434892,0.00163302683746293,2.64562004781955e-07,0.000860645004707678,0.00272565322616301,1.01940597547217e-05,7.3332272129361e-06,4.58070578059851e-09,3.68337554350508e-06,1.57667476830935e-05,-3165.73669655913,0.0831909088037742,0.0657111959303119,0.98375,0.434712805371626
"linear",1600,"sir_collapsed",171,34.865,2775.00239153128,2817.94633754519,1513.5315291577,814.288607797149,6695.97361135888,2964.78266088882,6669.45485506591,2711.81105452641,79.5927833509618,80.8245041601946,43.4112011804876,23.3554741946694,192.054312673423,191.29370013096,0.00127082743355803,0.00121703373348142,1.25349740373849e-07,0.000663326048623771,0.00197275704580744,8.71836371051031e-06,6.84955535012452e-06,4.32451218005925e-10,3.28216361202593e-06,1.30743611471845e-05,-3209.70794791619,0.0817498614204725,0.068558182702361,1,0.41013270406875
"linear",1600,"sir_collapsed",172,34.944,2856.74283580094,2842.39139262085,2068.42340870604,1006.22519390146,6990.89775817808,2900.31581146798,6932.04740148065,2713.22231460622,81.7520271234244,81.3413287723457,59.1925197088496,28.7953638364658,200.060031999144,198.375898622958,0.00147144366734703,0.00141857953622482,1.92188934717973e-07,0.000763747517421085,0.00238085156086277,9.75915102964609e-06,6.98027310377792e-06,1.37260438823793e-09,2.89308716866452e-06,1.44110037538463e-05,-3175.92270839254,0.0800103274319288,0.0642708470485298,0.995625,0.423225520741634
"linear",1600,"sir_collapsed",173,34.783,2771.74644388349,2820.3732071817,1886.95493878457,1177.35496658891,7084.3179480649,2927.28436872942,7040.9028068237,2622.3275408557,79.6868137849953,81.084817502277,54.2493441849344,33.848574492968,203.671849698557,202.423678429799,0.00157366247003074,0.00150251246619647,2.19365045936416e-07,0.000769124018918033,0.00250319738295179,9.20360103436146e-06,7.43184725647489e-06,3.10728466712567e-10,3.36832785603173e-06,1.48309351486892e-05,-3154.01996111198,0.097794576668995,0.0753147350790113,0.9825,0.429973814616563
"linear",1600,"sir_collapsed",174,34.762,2768.21664427541,2766.97136987141,1304.02837008228,1271.36937233164,7154.88872834547,2907.99442441266,7129.90979246606,2522.07910353248,79.6334113191246,79.5975884549626,37.5130421173201,36.5735392765561,205.825002253768,205.106432094415,0.00150403693010379,0.00144871883315498,1.89444775056952e-07,0.000753974972506435,0.00232478988168312,8.56325917502578e-06,7.11600352132002e-06,5.13738666873645e-10,3.4798587731762e-06,1.28497167979559e-05,-3184.84552868556,0.065977048031759,0.0543561267475773,1,0.42216848011996
"linear",1600,"sir_collapsed",175,34.633,2691.9768514165,3059.50185656317,2144.6034613368,935.592088254209,6911.20540680579,2798.46460694804,6889.79536176452,2697.52635032922,77.7286648981173,88.3406536125421,61.9236988229953,27.0144685200303,199.555493512136,198.937295693833,0.00133471008983574,0.00128699803898625,1.37644159470288e-07,0.000687675614699603,0.00206988667220822,1.15173083655774e-05,6.94547394773105e-06,3.5853002291129e-08,3.34519062270932e-06,1.37981554831385e-05,-3213.76987088962,0.0922562067424988,0.0771129233684896,0.985625,0.411235444854879
"linear",1600,"sir_collapsed",176,34.778,3427.77833750209,3431.04852013883,2125.95105159873,1028.32871848948,6951.64941066911,3228.950653607,6907.31018860269,3117.75893754912,98.5616866266632,98.6557168364722,61.1291923514499,29.5683684653943,199.886405505466,198.61148394395,0.00143596448285172,0.00137197611352734,1.76770462114508e-07,0.000718301156523687,0.0022707960494511,9.15163109643591e-06,7.24959611634405e-06,8.9028842353816e-10,3.37539993269909e-06,1.41681496630913e-05,-3175.96018306383,0.0833433156887941,0.0682013060595166,1,0.421795818551685
"linear",1600,"sir_collapsed",177,34.686,2804.65541801287,2899.51238465462,1852.92058053456,900.597577434117,6821.03674115156,2919.8892182549,6778.11496242409,2758.83447835621,80.8584275503913,83.5931610636748,53.4198402967929,25.9642961838816,196.651004473031,195.41356635023,0.00129552568617259,0.00124604728834759,1.31666404763337e-07,0.000699657610646321,0.00202323956401381,8.78923030802399e-06,6.745486149987e-06,1.68476970986295e-09,3.3394921796257e-06,1.23989610806402e-05,-3187.6124890262,0.0774774207080033,0.0593014535856921,1,0.413417707460264
"linear",1600,"sir_collapsed",178,34.88,2945.78959049229,3058.55107710911,1445.71613933583,989.510785391229,7074.53731014889,3086.5335370339,7070.97699789601,2838.10229534692,84.4549767916367,87.6878175776693,41.4482838112336,28.3690018747485,202.825037561608,202.722964389221,0.00148502781064061,0.00141094218954689,1.89074620606027e-07,0.000734690405534289,0.00231626670847145,8.16999599538171e-06,6.87713872194377e-06,2.70415611140656e-10,3.90033194104979e-06,1.23598835228194e-05,-3189.95218597708,0.0739299446688408,0.0607642119324149,1,0.422172888869562
"linear",1600,"sir_collapsed",179,34.674,3234.22169730852,3250.15280586148,1889.7376927978,1429.74822463104,6927.73400366452,3263.98294138446,6908.03618732544,3072.6441189495,93.2751253766084,93.7345793926713,54.5001353405376,41.2340146689463,199.796216290723,199.228130222225,0.00138239094256675,0.00132220375263973,1.56357564783915e-07,0.00072701968224961,0.00217889604417208,8.80838593479897e-06,7.14111311594548e-06,5.3670160169288e-10,3.72958475477988e-06,1.3214098446648e-05,-3218.85803649201,0.0949853381971701,0.0747432785207315,0.965625,0.418198523156324
"linear",1600,"sir_collapsed",17,34.455,2467.68432536336,2484.18305150364,1945.45320955251,1438.89954241218,6897.15950087823,2624.41911005215,6867.16238217729,2261.47559041081,71.6204999379875,72.0993484691233,56.4635962720218,41.7617049023996,200.178769434864,199.308152145618,0.00129008924645374,0.00124132910929406,1.25167517508602e-07,0.000695157991190752,0.00202106692283599,7.56331223029528e-06,6.67669622388006e-06,1.71133957645205e-10,3.71269988284817e-06,1.18804011584051e-05,-3215.07668785382,0.071559607029125,0.0570023146184881,0.99875,0.409661615500424
"linear",1600,"sir_collapsed",180,35.027,2983.40255944858,3103.5147051925,1597.07553340765,1323.10319423084,6895.37602368724,3102.99050972817,6931.6157573343,2685.1873329854,85.1743671867011,88.603497450324,45.5955558114496,37.773808611381,196.858880968603,197.89350379234,0.00132828393434787,0.00126586331129609,1.44174444704908e-07,0.000712279873878804,0.00211415782770716,7.99789067329804e-06,6.70343159289412e-06,1.47605941494321e-10,3.56551789385854e-06,1.32915294803543e-05,-3190.50173551955,0.0719341851790883,0.0551691016073584,0.99125,0.411179975126442
"linear",1600,"sir_collapsed",181,34.52,2955.67142468423,3101.30375676798,1740.2920517928,1463.59669521746,7066.11360356114,3098.86956009234,7065.84221809381,2956.56580258666,85.621999556322,89.8407809028962,50.4140223578447,42.3985137664386,204.696222582884,204.688360894954,0.00141956156998004,0.00135925824977578,1.72919289828087e-07,0.000698421306527438,0.00225533837891203,8.18003083411205e-06,6.90722002180501e-06,6.01356621447565e-10,3.56176369056952e-06,1.23272782069342e-05,-3207.14837899539,0.0772350445175523,0.0618554009164486,1,0.417924075385904
"linear",1600,"sir_collapsed",182,34.752,2576.51518669931,2889.8529085009,1797.63241595846,1021.96401159144,6946.43506405017,2695.77084572031,6811.32422970847,2771.63037954932,74.1400548658873,83.15644879434,51.7274521166683,29.4073437957943,199.88590769021,195.99804988802,0.00139777074737859,0.00134692498077607,1.54401176872082e-07,0.00073468096221564,0.00217841201428844,9.48487548971645e-06,7.02155437120184e-06,1.2088652791516e-09,3.57981135703873e-06,1.54302230494476e-05,-3174.89406222116,0.0794365295657564,0.0638022609209448,0.995625,0.418832780980478
"linear",1600,"sir_collapsed",183,37.054,3223.12675394578,3200.97519454912,1940.92517540947,1148.49633235252,6939.2506403528,3360.6756631654,6919.27579184933,2924.01886336242,86.9845834173308,86.3867651144037,52.3809892429824,30.9952051695505,187.27399579945,186.734921785754,0.00137896775147467,0.00131750714714189,1.62239816942482e-07,0.00072078512989545,0.00219537335675828,1.02835759613831e-05,6.6963180345642e-06,5.60102225732729e-09,3.48456423833378e-06,1.4129075561588e-05,-3188.99846717819,0.0735182314675209,0.0581491422327887,1,0.417366101461748
"linear",1600,"sir_collapsed",184,34.797,3112.08822548041,2862.30898092912,1805.60503080329,1272.36685305107,6933.06492695328,3004.40135896482,6862.38789222459,2353.57343253957,89.4355325309772,82.2573492234709,51.8896752824465,36.5654180834862,199.243179784271,197.21205541353,0.00136968124705268,0.00130259412045596,1.57561239984113e-07,0.000702555160725216,0.0021602355293102,9.45848468933782e-06,6.84989683640884e-06,3.03967364698765e-09,2.91721508919528e-06,1.27988682096132e-05,-3187.79203293039,0.0984610756917162,0.0811937617295131,0.985625,0.417745003971334
"linear",1600,"sir_collapsed",185,34.721,3143.35169504925,2934.93566105838,2161.4535945799,820.773121582353,6989.90609875227,3293.76114182936,6937.5928264102,2828.82912310876,90.5317155338052,84.5291224635921,62.2520547962301,23.6390979978213,201.316381980711,199.80970670229,0.00148384175626731,0.00141392913784943,2.01152073851103e-07,0.000701709996311329,0.00236155645614706,1.10882807116348e-05,7.35196367507194e-06,5.89965898424188e-09,2.76780345429622e-06,1.52366665147875e-05,-3198.12184366297,0.0921231020440117,0.0743701424809001,0.985,0.422967316252755
"linear",1600,"sir_collapsed",186,34.666,2694.11573737635,2826.77441344844,1646.30454659528,1175.42911995027,7035.88453944522,2837.32806298609,7065.78688045814,2519.47423539802,77.7163715853097,81.5431377559696,47.4904675069312,33.9072612920518,202.962110986131,203.824695103506,0.00147846851023617,0.00141119039637092,1.95196392717963e-07,0.000698589092259226,0.00232630932104393,8.43407415514498e-06,6.91410453729717e-06,2.85665230051556e-10,3.71028754937171e-06,1.27358699712278e-05,-3188.22768508495,0.0869171751882386,0.0652994531890739,0.974375,0.4246987324507
"linear",1600,"sir_collapsed",187,34.889,3192.04152226916,3322.13760073556,1529.5794711832,1279.25675164702,7119.08104002329,3345.70344645609,7131.52382660702,3001.51669241758,91.4913446148975,95.2202012306331,43.8413101889765,36.6664780202075,204.04944366486,204.406082908854,0.00151043875891201,0.00144411861630223,2.04164246975853e-07,0.000770347526006726,0.00239151807220294,9.33221702195572e-06,7.00588365733837e-06,5.68814674700991e-09,3.44642582131658e-06,1.2812475306629e-05,-3179.76108837702,0.0725673836485099,0.0593134008424612,1,0.42368213074528
"linear",1600,"sir_collapsed",188,34.586,3122.87063562549,3074.74974895118,1847.5807040594,1527.0709914529,7086.38248629209,3280.29249150815,7160.35932119563,2909.74759603634,90.2929114562393,88.9015714147685,53.4199012334298,44.1528650741023,204.891646512811,207.030570785741,0.00145787454757833,0.00139539140540922,1.75311735868827e-07,0.00076991836720704,0.00231426562895174,8.15565734297385e-06,6.87395075587803e-06,3.5626048598225e-10,3.34233143931044e-06,1.24317027655477e-05,-3192.57369750481,0.0841046007936355,0.0701580008049747,1,0.418675679387481
"linear",1600,"sir_collapsed",189,34.6,3079.38703096349,3139.9891616225,1917.1572952182,1284.49320906432,7003.45695335527,3255.40779846501,6906.5861186533,2923.33614168488,88.9996251723553,90.7511318388006,55.409170382029,37.12408118683,202.412050675008,199.612315568015,0.0014534465939399,0.00140612578804672,1.65940094074727e-07,0.00072700663270716,0.0022481975283463,9.63715632706846e-06,7.13488254395119e-06,1.45097115850419e-09,3.24941002509731e-06,1.47673592572079e-05,-3204.34724191425,0.0728065506381231,0.0567134726972591,0.99875,0.421844779705518
"linear",1600,"sir_collapsed",18,35.143,2628.21350117744,2827.26067630386,1591.83295990693,1131.52835249301,7078.13178126628,2751.79098227511,6999.78277035136,2625.30152737758,74.7862590324513,80.4501800160447,45.2958757051741,32.1978303643118,201.40943520093,199.180000863653,0.00149313481003562,0.00143473720897115,1.81187795173923e-07,0.000779127731270203,0.00235898823078812,9.82705572603445e-06,7.04581215051585e-06,5.00880381308187e-09,3.26642733042174e-06,1.38843327565898e-05,-3183.70466978314,0.079133902889254,0.0641710482979968,0.98875,0.423097127250086
"linear",1600,"sir_collapsed",190,34.708,2938.66549399872,2893.41742848511,2091.22212653174,1193.65233741139,6866.38460749374,3064.93673517062,6824.51438123322,2734.48419917239,84.6682463408644,83.3645680674516,60.2518764126929,34.3912739832714,197.832909055369,196.626552415386,0.00136417303477091,0.00130602546035674,1.51423453378931e-07,0.000709656064022535,0.00215155074993557,8.87782330467538e-06,7.11841208591377e-06,2.82332655393929e-10,3.50664097400122e-06,1.41730336891678e-05,-3168.79494260571,0.0873675363680027,0.0660212750044124,0.9925,0.419400429718975
"linear",1600,"sir_collapsed",191,34.547,3041.47865783941,3019.34521409554,1926.81425629641,1085.9193418885,7127.05824614797,3271.83162063455,7028.44339060453,2738.19106765352,88.0388646724582,87.3981883838117,55.7737070164243,31.4331010475149,206.300351583292,203.445838729977,0.00167770449728463,0.00161001141057668,2.54790563551438e-07,0.000822811687724811,0.00266223209259333,1.05772657007072e-05,7.90461228959982e-06,2.27507046030686e-09,3.00791646737674e-06,1.61215953478244e-05,-3185.40158987326,0.0918304925686855,0.0691200456789949,0.9875,0.436341525918217
"linear",1600,"sir_collapsed",192,34.724,3271.95643912512,3382.06162072206,2009.67510086462,1115.63683015015,7010.83282589013,3342.67591061367,6939.86337939749,3100.51039079134,94.2275209977284,97.398387879336,57.875679670102,32.1286957191036,201.901648021257,199.857832605618,0.00138629378917203,0.0013380469735567,1.46126718213468e-07,0.000724745790593401,0.00212487081223546,8.85189812786566e-06,6.94688623171634e-06,6.50247750449536e-10,3.42521149088824e-06,1.24479736258615e-05,-3231.74720642954,0.0906881840060725,0.0739113297388566,0.98,0.415973943029868
"linear",1600,"sir_collapsed",193,34.754,2839.36320627647,2932.31518561784,1875.70733840226,1100.98075554258,6964.57644336429,2993.82391732518,6913.27105350549,2236.76634841374,81.6988895170762,84.3734587563401,53.970977107736,31.6792529073655,200.396398784724,198.920154615454,0.00136992223963838,0.00131152990313128,1.4962541623536e-07,0.000711617758576519,0.00214300121505344,7.84319402370404e-06,6.70379876654168e-06,2.13918189030106e-10,3.41721191412233e-06,1.22129235351286e-05,-3193.17061195171,0.076280432683016,0.062666886329009,0.99375,0.414902351711634
"linear",1600,"sir_collapsed",194,34.934,2910.59016268658,2947.2575084761,2266.77875342493,1149.36457551335,7068.1327560944,3020.79045265133,6987.84145168526,2759.36085023937,83.3168306717403,84.3664484020181,64.8874664631857,32.9010298137445,202.328183319814,200.029811979311,0.00155921520231,0.00149206933344317,2.15839051986536e-07,0.000789136792057697,0.00249440510500172,9.83680856834914e-06,7.32630461062069e-06,2.07930827929977e-09,3.50022376035812e-06,1.62498637851749e-05,-3163.29211383511,0.0796793751733852,0.0608533789062375,0.99375,0.427891136133851
"linear",1600,"sir_collapsed",195,34.455,3435.20789878262,3406.63459268856,2212.26708386889,1824.3187649736,7089.65807024308,3554.55796362491,7134.17681787949,3255.34959877203,99.7012886020205,98.8719951440591,64.2074324152922,52.9478672173445,205.765725446033,207.057809254955,0.00158835973489299,0.00151535988852122,2.29394355385833e-07,0.000753614506861305,0.00248707864983222,8.98039815938838e-06,7.39542883075697e-06,2.98817976874496e-10,3.41834089075515e-06,1.42090845855646e-05,-3162.68683118836,0.0921847278106833,0.0748478797248972,0.983125,0.430242364693546
"linear",1600,"sir_collapsed",196,34.718,3111.55089805275,3191.32367736527,1810.34195588558,1187.68007317414,6772.54828869369,3273.92409833488,6808.88980066646,2805.60506676557,89.6235640893125,91.9212995381436,52.1441890628946,34.2093459638845,195.073111604749,196.119874435926,0.00129548356437559,0.00124249302278837,1.27752240146955e-07,0.000679367864372461,0.00199464340535629,9.05253338273107e-06,6.91575315188969e-06,1.62045128587207e-09,3.85893946486507e-06,1.24005990165555e-05,-3226.97474398289,0.0893476371589811,0.0727390719904164,0.98875,0.409356106974582
"linear",1600,"sir_collapsed",197,34.661,2515.05259789987,2580.31953290485,2012.49866505327,1185.11511949534,6726.97450810531,2608.75690169699,6674.20745356943,2413.55751475624,72.561455177285,74.4444630248651,58.0623370662495,34.191602074243,194.079066042679,192.5566906197,0.00122367399982765,0.00117503042314537,1.12406552621929e-07,0.000629053907114859,0.00186328366226714,7.89640882099013e-06,6.61807632012799e-06,2.71909330014936e-10,3.3704907821908e-06,1.19305727195934e-05,-3187.92433101295,0.073420785677744,0.0579267835623828,0.994375,0.409053323830644
"linear",1600,"sir_collapsed",198,34.544,2909.6646631995,2938.94041332113,1919.49372318461,929.882935998179,6962.48667799061,3054.79755241792,6985.30151630057,2743.87145086683,84.2306815423664,85.0781731507968,55.5666316345708,26.9187973598361,201.554153485138,202.214610823893,0.00131983873205633,0.00126342207506664,1.38102980519367e-07,0.000663765098730773,0.00205449653323103,8.31043522132409e-06,6.73096818967547e-06,2.62192697446002e-10,3.28584266525118e-06,1.24245343981195e-05,-3186.96279680033,0.0844183103214942,0.0661868432840961,0.986875,0.410589747956967
"linear",1600,"sir_collapsed",199,34.56,2896.69360571492,3104.09643369244,1746.52685570266,1022.04785479835,6744.1474050292,3023.09373932372,6765.02416045675,2843.10949821427,83.816365906103,89.8176051415638,50.5360780006558,29.5731439467115,195.143154080706,195.747226865068,0.00128451197099701,0.00123572958275073,1.30582842536048e-07,0.000686988858466519,0.00203521881184644,8.63145609877695e-06,6.89089684224071e-06,5.41979502550133e-10,3.07995503246416e-06,1.35997115101484e-05,-3162.83475804864,0.0852360660830945,0.0699724904590987,0.990625,0.413706557292436
"linear",1600,"sir_collapsed",19,34.443,3053.44715631239,2960.93584033046,1611.97359356128,1031.72337663632,6862.29374617271,3266.71826340276,6773.67715753497,2715.9612217155,88.6521835006354,85.9662584655942,46.8011959922562,29.9545154788003,199.236238021447,196.663390457712,0.00141116288059416,0.00135618192692145,1.71085472071759e-07,0.000661136881703711,0.0021876372857654,1.04575596077409e-05,7.02422874581025e-06,1.8065322599084e-09,3.4211410842413e-06,1.44765278099314e-05,-3187.92025651932,0.0879985745418205,0.0685043114779624,0.99375,0.419217716505558
"linear",1600,"sir_collapsed",1,34.533,2754.79380794059,3304.18596278654,1815.96788516129,1098.49269691233,6898.45619821544,2972.29290486863,6873.57570628691,2951.19698906189,79.7727914731008,95.6819842697288,52.586450211719,31.8099411262367,199.76417334768,199.043688827698,0.00135307093839719,0.00129779164903291,1.48471296673637e-07,0.000690544965014641,0.00210184924179103,9.06133816139733e-06,7.00304719701914e-06,3.66095687881789e-09,3.26824048840902e-06,1.38980061808544e-05,-3242.51330973231,0.0790145828311445,0.0614944252085471,0.98375,0.412994985722975
"linear",1600,"sir_collapsed",200,34.589,2987.3351332786,3006.890399175,1747.45987929093,979.017787976729,6880.2393458152,3124.30459135605,6863.27892503067,2829.50669602384,86.3666232986962,86.9319841329614,50.5206822773406,28.304310271379,198.914086727434,198.423745266723,0.00138902578652074,0.00133253549085676,1.52350790879986e-07,0.000741311829449286,0.00217470030594072,8.77640034864063e-06,6.92672095016444e-06,8.47686223287681e-10,3.5258630063961e-06,1.32651611851595e-05,-3191.49065682991,0.0896211521373583,0.0711897781281543,0.98875,0.419750068541139
"linear",1600,"sir_collapsed",20,34.435,2685.82892794251,2823.03417247209,1971.79795609121,1305.14889078617,6756.40951372296,2787.34802177803,6755.21570568515,2702.12454591075,77.9970648451433,81.9815354282588,57.2614478318924,37.9018118422004,196.207623456453,196.172955007555,0.00128387195800933,0.00123126131533099,1.24277070942243e-07,0.000690390192454943,0.00199248504420831,8.94502946301319e-06,6.80924163020239e-06,1.38502223622849e-09,3.49305187466509e-06,1.3081404823889e-05,-3165.95903760556,0.0732664718233702,0.0569617385839229,0.99375,0.410494034410605
"linear",1600,"sir_collapsed",21,34.498,2970.0573712052,3074.81037847407,2061.88390983025,1231.69352807742,7015.43878877365,3094.9362796521,6943.49847300606,2763.36308654384,86.0936103891588,89.1301054691307,59.7682158336787,35.7033314417478,203.357840708843,201.272493275148,0.001433634185648,0.00138135399453411,1.64658335393754e-07,0.000762936540606261,0.00227968659520809,8.40134130489706e-06,7.35004911214161e-06,8.72735986146671e-11,3.57689492691021e-06,1.36487366876734e-05,-3227.76139565772,0.0907119015894941,0.0743850964712502,0.98625,0.419502165190865
"linear",1600,"sir_collapsed",22,34.825,2890.59440420591,3310.5132839473,2003.57797376282,1098.89872022059,7050.91168962679,2977.87644616881,6972.33129379734,2851.29741198307,83.0034286922013,95.061400831222,57.5327487081929,31.5548806954943,202.466954476003,200.210518127705,0.00147415597656916,0.00141680502332886,1.85314447445513e-07,0.000725356185516568,0.00232383069062114,1.1560133815036e-05,7.1443031539373e-06,1.60606463870729e-08,3.1847623577418e-06,1.5571156629041e-05,-3223.54463453363,0.0936575895487975,0.0754660715391665,0.96125,0.418967178741661
"linear",1600,"sir_collapsed",23,34.632,3152.97860447757,3363.48933941264,1836.91426735042,1618.15309576827,7373.47604134699,3403.86817027997,7424.38739151438,3204.50336276968,91.0423482466382,97.1208517963917,53.0409525106959,46.7242173645261,212.909333603228,214.379400309378,0.00165385183962135,0.00157295589955876,2.48491652312144e-07,0.000881163804363168,0.0027256703256331,8.75800744070901e-06,7.17900130092483e-06,3.23053847770144e-10,3.46708857298682e-06,1.4273011025413e-05,-3192.22390346438,0.0857892644592774,0.0690199627435325,0.98375,0.431573103265836
"linear",1600,"sir_collapsed",24,34.564,3213.13124358817,3568.79160605815,1941.71401940675,1400.21840237839,6969.42684240207,3110.65842546121,6971.11785504357,3027.64528694889,92.9617880913138,103.251695580898,56.1773527197878,40.5108900121049,201.638318551153,201.687242652574,0.00138952373084059,0.00133584037618004,1.51784613519618e-07,0.000728388915689056,0.00216814492263689,9.02250292001452e-06,7.01126881042306e-06,3.19068066686729e-09,3.50595744465513e-06,1.40514003611085e-05,-3190.37923197081,0.083277688153108,0.0663920311236177,0.996875,0.416743623759843
"linear",1600,"sir_collapsed",25,34.632,3371.01163859191,3476.96416697169,1681.17803644095,1196.13442665301,7118.37738157076,3550.70081599099,7145.08321824396,3366.57740613859,97.3380584023997,100.397440718748,48.5440643462969,34.5384161080217,205.543352436208,206.314484241279,0.00152211430957558,0.00146131879515152,2.16144833542137e-07,0.00077532747462616,0.00243633393778837,9.44844866709585e-06,6.99547390594836e-06,1.45806473025694e-09,3.23459306832919e-06,1.34759293340608e-05,-3215.86025283592,0.0773207342013422,0.058617689635227,0.991875,0.425678136101128
"linear",1600,"sir_collapsed",26,34.504,2913.52804043782,3209.05937426223,1850.76004670938,1201.58168468444,7040.18696115575,3053.16807735145,7045.62416014639,3042.7341148278,84.4402979491601,93.0054305084114,53.6389997307378,34.8244170149677,204.039733397744,204.197315098145,0.00141433323680488,0.0013572430879301,1.64133891882731e-07,0.000740876938528032,0.00225104953886835,8.44345230942144e-06,6.78254351262959e-06,3.33098896506251e-10,3.66378680592304e-06,1.44222109699153e-05,-3240.58083061459,0.085588125095315,0.0665546731092196,0.98375,0.417996358168021
"linear",1600,"sir_collapsed",27,34.519,3428.87865667909,3605.44891924037,1658.35760939123,1166.91344805591,7184.15626702984,3614.13434014116,7184.04109596936,3335.9667705633,99.3330819745383,104.448243553995,48.0418786578761,33.8049609796318,208.121795736546,208.118459282406,0.00155380220827543,0.00148943470542006,2.19628029405635e-07,0.000729426376703876,0.00247904600499933,9.41684505705046e-06,7.03041503257451e-06,2.50173314447015e-09,3.79830305468261e-06,1.35949423525739e-05,-3248.87246519601,0.0826343945308027,0.0661515674015273,0.995,0.425161288573728
"linear",1600,"sir_collapsed",28,34.903,2724.06643254908,2994.76428774382,1898.7797536314,1386.32872347354,7074.97516536077,2890.70240741326,7148.4718689457,2731.16738108707,78.0467705512157,85.8024894061776,54.4016203086095,39.7194717781722,202.703927036666,204.809668766172,0.00145105709098567,0.00139442712033431,1.78748088040712e-07,0.000693738203243382,0.00227152141753384,8.06530858895328e-06,6.99963915466229e-06,1.23146721543139e-10,3.61811923994235e-06,1.23227422086969e-05,-3223.77752953484,0.0984605627608932,0.0792431561961177,0.975625,0.418813519157866
"linear",1600,"sir_collapsed",29,34.705,2630.55594337723,2685.2366935075,2005.34555544391,1147.84134083636,6769.94364984539,2746.79455700194,6759.11091820689,2452.37067045752,75.7976067822282,77.373193877179,57.782612172422,33.074235436864,195.071132397216,194.758994905832,0.00125616546080904,0.00120636082703214,1.16252452079769e-07,0.000693707050383296,0.00194505242778032,8.39112872970454e-06,6.78460649882384e-06,4.23041315680862e-10,3.51413149608788e-06,1.29326403277616e-05,-3195.14715325559,0.0739810360019472,0.0584218065976925,0.9825,0.407070291230298
"linear",1600,"sir_collapsed",2,34.81,2883.82253157994,2857.66352820009,1878.69682081186,986.00059274042,6878.70449927355,3069.11857479774,6831.52227802197,2690.37530220734,82.8446576150515,82.093178058032,53.9700321979849,28.3252109376737,197.607138732363,196.251717265785,0.00146705842245,0.00140760409001003,1.86706606913608e-07,0.000727719501046488,0.0022799372222587,1.00849012923096e-05,7.26483686124256e-06,8.79227080557557e-10,3.46550981134836e-06,1.46840695814168e-05,-3208.11982816288,0.0980733197818492,0.0825165665743181,0.998125,0.424332579741506
"linear",1600,"sir_collapsed",30,34.505,3269.21979611645,3167.1167260997,1980.02070145183,1324.72974932935,7099.76919109732,3436.85565443127,7176.07249934535,2884.83060973107,94.7462627479047,91.7871823242921,57.3835879278896,38.3923996327881,205.760590960653,207.97196056645,0.00146811471121996,0.00140132909470245,1.81782764025406e-07,0.000722902021810009,0.00232649833221341,7.98208936030308e-06,6.95437303440667e-06,4.9066598901523e-11,3.10533867738862e-06,1.28637445429511e-05,-3209.08895774157,0.0890093892098707,0.0720380021942901,0.990625,0.418661073197214
"linear",1600,"sir_collapsed",31,34.823,3002.27969365692,2878.16680749155,2006.94298824756,1104.10035941297,6978.57898682762,3182.03260426812,7012.77331827391,2641.39995802525,86.2154235320599,82.6513168736625,57.6326849567112,31.7060666632102,200.401429711042,201.383376454467,0.00151944004801338,0.00144744165022933,2.0604443025351e-07,0.000731801173958055,0.00241080065661881,1.04016847652501e-05,7.38193632826705e-06,2.11508012624232e-09,3.65288598385597e-06,1.56463312316148e-05,-3192.00900252676,0.0925764725215514,0.0725571258787827,0.95875,0.427505497243548
"linear",1600,"sir_collapsed",32,35.358,3566.4352048302,3475.75509947757,1986.4403990375,1292.87598268307,7382.23676489815,3815.36598908028,7336.38367407696,3159.57635882785,100.866429233277,98.3018015577117,56.180790741487,36.5653029776309,208.785473298777,207.488649642993,0.00174637673838351,0.00166773893964071,2.97737696328078e-07,0.000856521436103236,0.00283315693458672,9.65047705622186e-06,7.49293082659767e-06,1.09457426017504e-09,3.82479939120118e-06,1.45264094118038e-05,-3198.89847006772,0.0947605261934151,0.080103257552822,0.983125,0.435585234016496
"linear",1600,"sir_collapsed",33,34.505,2709.44279661323,2830.29527959745,1834.23023251194,898.584237582503,6797.30470869207,2857.20514704316,6711.76163289384,2616.44856622718,78.5231936418846,82.0256565598449,53.1583895815661,26.0421457059123,196.994774922245,194.515624775941,0.00125731075126281,0.00120017703885484,1.19907086701659e-07,0.000689671270733233,0.00194390214851014,8.39608527006954e-06,6.56509995605979e-06,7.22682876305688e-10,3.21319616628244e-06,1.28570365981059e-05,-3205.80517026433,0.0963734163571074,0.0747254935236214,0.984375,0.411530699197837
"linear",1600,"sir_collapsed",34,34.752,3260.40540922591,3288.22738976219,2019.90280991961,1495.33161572484,6898.61680169309,3172.68170673421,6881.19235737268,3035.83662283226,93.8192164256996,94.6198028821994,58.1233543370055,43.028649163353,198.509921779843,198.00852777891,0.00130941359011848,0.00126495650066462,1.39935252948532e-07,0.00066488908006116,0.00200547751228714,7.87571723114185e-06,6.64596003669227e-06,1.54580254649758e-10,3.24430560250236e-06,1.2241993578366e-05,-3213.31419144184,0.0853673993214749,0.0632435674102849,0.9725,0.413382899340276
"linear",1600,"sir_collapsed",35,34.967,2957.13474540867,3277.1599293364,1952.81011928511,979.75286273192,7091.59369212857,3072.61038853488,7143.61001077861,2979.2443393142,84.569300923976,93.7215068303371,55.8472307971834,28.0193571862591,202.808181775061,204.295764886282,0.00153303930099854,0.00145855990944853,2.03978328919809e-07,0.000767650444213353,0.00244611066151821,8.94554569764093e-06,7.32717634194405e-06,3.89631801115585e-10,3.56894620511994e-06,1.45748767902032e-05,-3215.91641507175,0.0841270261923438,0.06530629935883,0.9825,0.424466398559965
"linear",1600,"sir_collapsed",36,34.392,2952.34699988434,3084.12848755355,1922.70532139098,1118.32833918151,6847.077809977,3107.66206381713,6942.54165571639,2802.35389702029,85.8440044162694,89.6757527202126,55.90559785389,32.5171068615234,199.089259420127,201.865016739835,0.00130443448462958,0.00125493348651529,1.29395358432949e-07,0.000714433617758674,0.00203632046038988,7.90255477582135e-06,6.66409851152436e-06,3.15113482871502e-10,3.58243210425531e-06,1.17859080751947e-05,-3215.50834476385,0.0932459476295466,0.0740255250750181,0.986875,0.411464603686678
"linear",1600,"sir_collapsed",37,34.631,2316.78045475697,2648.88618746346,1677.6883297915,698.020945150534,6765.64478051938,2445.61199797284,6726.19490164208,2368.71213606756,66.8990342397555,76.4888737681111,48.4446978080766,20.1559569504356,195.363829531904,194.224680247237,0.00127480226099628,0.00123060734996731,1.26076665153113e-07,0.000673541466890417,0.00198658200683878,9.12416647402034e-06,6.87067747111401e-06,9.35298390951944e-10,3.00570413408032e-06,1.30420426733161e-05,-3157.33436793805,0.0915715633369959,0.0724689425881185,0.981875,0.411945675593103
"linear",1600,"sir_collapsed",38,34.739,2414.67708126976,2762.175770065,1648.28544480211,1151.54941254953,7046.84775755682,2565.80559441094,7053.85951016996,2606.60880568914,69.5091131371011,79.512241862604,47.447694084519,33.1486056751642,202.851197718899,203.053038664612,0.00142046197138553,0.00136851358564949,1.74595547248883e-07,0.000761314587848886,0.00228687573481618,8.83636130400094e-06,6.81785277153364e-06,4.29753101829151e-09,3.53380448609231e-06,1.28874448229062e-05,-3189.56836794689,0.0830225752782901,0.0633130550132833,0.989375,0.421232236557623
"linear",1600,"sir_collapsed",39,34.804,2535.71305531338,2794.48603306162,2047.01440661574,1090.35993580083,6781.11771746848,2651.0127381987,6806.05083552559,2558.93879893784,72.8569433201179,80.2920938128266,58.8154926622152,31.3285810769116,194.837309431918,195.553695998322,0.0012987686324082,0.00124096209884608,1.32392795880283e-07,0.000697677509863174,0.0020824615792567,8.88819556722408e-06,6.74803687801804e-06,6.85789383135336e-10,3.20505780595067e-06,1.26241081276226e-05,-3224.4144871331,0.0692394642033009,0.0532448736007615,0.984375,0.409274205542733
"linear",1600,"sir_collapsed",3,34.68,3123.64630106405,3335.95665104967,1837.62885587699,1193.95447433388,7043.58224503517,3257.87735016081,7094.43344262235,3164.47175743058,90.0705392463683,96.1925216565648,52.9881446331313,34.427753008474,203.102140860299,204.56843836858,0.0014559631855768,0.00139036865310148,1.87423112762491e-07,0.000726204296492578,0.0023071161436838,8.61028815083166e-06,6.93728820221394e-06,1.26374394328364e-09,3.62353746659142e-06,1.31840055210656e-05,-3177.94757275227,0.0812465396255881,0.0663282256400243,0.994375,0.419759352873714
"linear",1600,"sir_collapsed",40,35.047,2899.84098177694,3053.07410615935,1959.88411385783,1163.97252678613,6938.13503504258,3014.44315540686,6940.91499408138,2829.14750611645,82.7414894791833,87.1137074830756,55.9215942550812,33.2117592600258,197.966588724929,198.045909609421,0.00140319816912095,0.00135532335804561,1.62118990604912e-07,0.000704441204083705,0.00220137760947928,1.10033483424994e-05,6.94809761043165e-06,1.33796908138204e-08,3.03822496993677e-06,1.33223096208324e-05,-3185.28153774441,0.090810266633917,0.0717284784037764,0.995625,0.418305640356798
"linear",1600,"sir_collapsed",41,34.91,3363.34047143745,3390.51984937451,1895.49875897084,1198.98963183444,7032.61843445708,3453.7445286706,6952.16954887971,3100.99393779326,96.3431816510299,97.1217373066316,54.2967275557389,34.3451627566439,201.44996947743,199.145504121447,0.00161100192193324,0.00154229686865195,2.29359784771701e-07,0.000764731460594965,0.00255690795439894,1.0638303841431e-05,7.80862978079646e-06,1.81065861945471e-09,3.43303173852216e-06,1.67652386646607e-05,-3120.6724201369,0.105751663395561,0.0847676510534382,0.958125,0.433039228216309
"linear",1600,"sir_collapsed",42,35.021,3364.7817019749,3356.32703223721,1901.41419595537,1151.14516486633,7097.12701140762,3523.98542202217,7124.69535302037,3065.70615336443,96.0789726728221,95.8375555306018,54.2935437581843,32.870139769462,202.653465389556,203.440659976025,0.00150571195448831,0.00142890540210225,2.06420651283126e-07,0.000728311924580605,0.00238473087362878,8.80751265084698e-06,6.96815417690743e-06,7.50239369046304e-10,3.1383688006659e-06,1.37852035838e-05,-3170.16697001399,0.0878581641602732,0.0681495977103406,0.985,0.425594103354288
"linear",1600,"sir_collapsed",43,34.839,2807.08738413377,2838.06299306183,2320.10059407587,1546.09333151973,7009.5118279654,2940.84089898919,7059.93673217072,2618.43438422654,80.5731331018045,81.4622403932901,66.5949250574318,44.3782350675888,201.197273973576,202.644643421761,0.00142582430516957,0.00136977413236075,1.66845498929351e-07,0.000733198717849463,0.00224193627883357,8.53358763718455e-06,6.83732128873883e-06,4.58123374984428e-10,3.49150748390833e-06,1.33693650939074e-05,-3172.39368314779,0.0865613957231731,0.0683180105759963,0.980625,0.420639454708861
"linear",1600,"sir_collapsed",44,35.117,2702.82189360588,2958.11833227413,1819.14537298823,1281.39700372751,7038.0032974405,2739.58580809422,7001.80145995333,2675.75720852091,76.9661956774746,84.2360774631696,51.8024140156684,36.4893642317827,200.415846952772,199.384954863836,0.00147078566266343,0.00139563410256887,1.88912016724146e-07,0.00077518457561264,0.00237987347331309,9.24143241853544e-06,7.14475134192107e-06,1.31800720747716e-09,3.48571126178556e-06,1.37316462493464e-05,-3187.56788370595,0.0841995964290607,0.0674912453176049,0.984375,0.421200001305944
"linear",1600,"sir_collapsed",45,34.728,2017.5480254945,2221.85408954677,1893.49286032689,1059.55736058889,6790.59539785502,2111.72561986491,6672.76773746764,1925.83359460456,58.0957160070981,63.9787517146618,54.5235216634096,30.5101750918247,195.536610166293,192.143738121045,0.00129803386791631,0.00125094363225553,1.28101826806996e-07,0.000684490466254938,0.00199851767455317,9.63437780519987e-06,7.09898451708121e-06,1.21957432634029e-09,2.9600483737221e-06,1.48548214492308e-05,-3198.37876479768,0.0945299761962507,0.0733199465251183,0.978125,0.412242266555699
"linear",1600,"sir_collapsed",46,34.758,2896.94606538331,3025.32995060505,2385.72187102811,1394.64997551435,7022.42429549284,3051.6376489382,6914.82011934589,2775.094501187,83.3461667927761,87.0398167502459,68.6380652232036,40.1245749328025,202.037640125808,198.941829775761,0.00145292710563775,0.00139317429449513,1.66399080015967e-07,0.000747398647539644,0.00228050445689634,9.35591642836911e-06,7.13237213248982e-06,3.55699294978781e-10,3.326268672866e-06,1.51615643301206e-05,-3211.7831785716,0.0862772335629359,0.0683332187918355,0.983125,0.418816300969338
"linear",1600,"sir_collapsed",47,34.638,2879.68736666203,3025.87877723566,1593.75056926463,1086.51828260916,7032.82546209443,2845.85332906196,7052.50772801528,2576.8915723309,83.136652423986,87.3572024145637,46.0116221855946,31.36781230467,203.037861946256,203.606089497525,0.00145914144526503,0.0013836876806514,1.89306608771574e-07,0.000728824794996065,0.00235603423112636,9.64292533848408e-06,6.82304568121894e-06,4.31462824331566e-09,3.52254802943714e-06,1.3049044609891e-05,-3191.75418892391,0.0863556616154303,0.0701020445262266,0.998125,0.420799927098515
"linear",1600,"sir_collapsed",48,34.868,3310.12701663659,3290.73650593399,1918.37080244352,1130.35171201985,7452.67820098967,3467.85678005645,7446.42003645207,3122.97093477987,94.9330909899217,94.3769790620049,55.0180911564621,32.4180254680467,213.739767150099,213.560285546979,0.00182013448315653,0.00173658463281606,3.32292268123171e-07,0.000909259805541305,0.00302941695519714,9.7631407381017e-06,7.2962949950275e-06,7.43128156686806e-10,3.4755571911734e-06,1.5038158562554e-05,-3225.89335235612,0.0946070608308484,0.0743620334809024,0.978125,0.438486766437768
"linear",1600,"sir_collapsed",49,34.58,2564.00061939729,2424.40601647256,1795.81130104957,1421.64891823204,6917.25609248322,2716.15903499907,6962.82387963091,2336.6990854266,74.1469236378627,70.1100640969508,51.932079266905,41.1118831183355,200.036324247635,201.354074020559,0.00133322302628304,0.001272073294971,1.42930520288804e-07,0.000710805960566697,0.00209624763131377,9.02824452265299e-06,6.71782640300473e-06,2.47509693803368e-09,3.05895043865689e-06,1.18104896405245e-05,-3184.53464086776,0.0784841873426798,0.0642209106787138,0.995,0.414743280748083
"linear",1600,"sir_collapsed",4,34.35,3110.54533149437,3081.24150271663,2165.23288319419,1280.36127803666,7032.98849091019,3262.92554272538,7055.60747279931,2932.12548400618,90.5544492429221,89.701353790877,63.0344361919707,37.2739818933526,204.744934233193,205.403419877709,0.00141836394631462,0.00136182538420663,1.56686230830029e-07,0.000755472302192634,0.00223762918546127,8.45960094226327e-06,6.87284917952234e-06,3.37859044677618e-10,3.49559771463456e-06,1.41313880507227e-05,-3195.9481464128,0.0925835082593411,0.0722026889607597,0.971875,0.420504646603588
"linear",1600,"sir_collapsed",50,35.044,3068.49667441467,3136.08705341976,1624.49433883496,1313.97067008083,7031.81353254304,3229.49253053601,6984.90017288065,2922.91892311549,87.5612565464749,89.4899855444514,46.3558480434585,37.4948827211742,200.656703930574,199.31800516153,0.00138377598285947,0.00133182296384927,1.58717716733452e-07,0.000735724242520798,0.00218781471562254,8.19898097532035e-06,6.82277332848843e-06,5.96765207516803e-10,3.52894548182019e-06,1.25692450717508e-05,-3168.67347866885,0.0817517018553913,0.0652371788059393,0.971875,0.41524466255802
"linear",1600,"sir_collapsed",51,34.601,2807.07311236266,2790.37744155182,1820.76176152855,1030.81007447408,6873.2989041807,2961.25368267089,6844.34647899545,2544.8235459768,81.1269359949905,80.6444161021883,52.621651441535,29.7913376629024,198.644516175275,197.807765064462,0.00140437048241744,0.0013401326557572,1.71904267590244e-07,0.000722738322890998,0.00221881830959972,8.69976046764402e-06,6.83683124829002e-06,7.81526537631167e-10,3.58027868073177e-06,1.32502740745702e-05,-3171.32783812197,0.0803020289120987,0.0650218928849045,0.994375,0.419481972909005
"linear",1600,"sir_collapsed",52,34.826,2924.53845504845,3051.13892798796,1740.77268985769,875.353865244417,6950.98668088003,3022.69953773682,6950.99863631484,2548.11423419592,83.9757208708566,87.6109495201274,49.9848587221526,25.1350676289099,199.591876209729,199.592219500225,0.00144487983539305,0.00137848306190776,1.81608103388919e-07,0.000713304670381236,0.00228329015633116,9.61937282654278e-06,7.04133949258935e-06,1.80781575716315e-09,3.24972973152996e-06,1.4356288869533e-05,-3144.73497235322,0.09342319984323,0.0765089190793123,0.99,0.424851725016463
"linear",1600,"sir_collapsed",53,34.688,2891.21068518934,3165.12946950429,1744.0212797153,1267.23737514879,7223.57811955795,3029.53085872432,7174.95362951935,2916.06005965044,83.3490165241392,91.2456604446578,50.2773662279548,36.532442779889,208.244295420836,206.842528526273,0.00163368103458481,0.00154521140311643,2.61823790606702e-07,0.000805733497141534,0.00268330311662574,9.76408456225961e-06,7.25254697132921e-06,2.80055829081603e-09,3.21210610207703e-06,1.41852150308164e-05,-3205.61972322682,0.0892760488217939,0.0710585058037289,0.98625,0.430801010911331
"linear",1600,"sir_collapsed",54,34.588,2773.7243951004,2946.61963379404,2470.68462151111,1128.76416833224,6808.46453421465,2897.87229190797,6776.04840379476,2498.69420275752,80.1932576356076,85.1919635074024,71.4318440358247,32.6345602038927,196.844701463359,195.907494038243,0.00128730075369646,0.00124306108289677,1.26890552213581e-07,0.000651016145963708,0.00198323355753591,8.80758854668091e-06,7.05895331722988e-06,3.21061286973476e-10,3.06788206495096e-06,1.3796880086181e-05,-3184.81496154059,0.0759258767807869,0.0607578345379341,1,0.411586822680274
"linear",1600,"sir_collapsed",55,34.977,2830.86203950922,3061.30019691839,1815.12275048232,1062.73399030102,6843.93676809479,2961.26025430296,6797.81152889468,2739.57779784259,80.9349583872035,87.523235180787,51.8947522795643,30.3837947880327,195.669633418955,194.350902847434,0.00137116176441673,0.00132148201116878,1.52022161629647e-07,0.000705791527769326,0.0021123420296277,9.06466329763008e-06,6.81228155294572e-06,8.71116820204821e-10,3.60603624975867e-06,1.30678819911947e-05,-3210.3926477677,0.0806406270226691,0.0629879140891117,1,0.418016154484339
"linear",1600,"sir_collapsed",56,34.411,2652.07033613111,2875.2655216345,1780.86526220271,1346.29604939587,7069.81615555191,2787.67576387389,7118.96693251367,2621.56991996606,77.0704232986868,83.5565813732382,51.7527901602019,39.1240024816446,205.452214569525,206.880559487189,0.00154983501171867,0.00147338475332558,2.17449511576558e-07,0.000765009195077104,0.0024904464950197,8.80227418938273e-06,7.06388264055369e-06,2.90393357549352e-10,3.203169672451e-06,1.42179145556202e-05,-3185.863922533,0.0836718223992214,0.0684723334776614,1,0.429681952715779
"linear",1600,"sir_collapsed",57,34.527,2922.7563432089,3107.71374471914,1864.22317319217,1002.35930770042,6891.73600549674,3046.84116260947,6902.52658588155,2744.5107306752,84.6513263014134,90.0082180530928,53.9931987485786,29.031172928445,199.604251904212,199.916777764693,0.00132613498100967,0.00128135146942706,1.37767334864617e-07,0.000699699902875273,0.00208374368588313,9.18305191783635e-06,6.7269336572929e-06,1.68813499038899e-09,3.27741101328049e-06,1.34411897223608e-05,-3199.27887585194,0.0819810637655586,0.0672112445695277,0.995625,0.413656547711405
"linear",1600,"sir_collapsed",58,34.792,2749.59334085826,3256.52116038543,1414.09368380169,1147.81162595234,7351.2818456881,2988.75320415719,7379.71906239185,3006.82421946586,79.0294705926151,93.5997114389925,40.6442194700417,32.9906767634036,211.292304141415,212.109653437338,0.00176028810519281,0.00167230315278982,3.1766159420096e-07,0.000886495131929956,0.00297454742796555,1.01450567572457e-05,7.15665871358809e-06,5.19676188365129e-09,3.01574105501991e-06,1.44797465387009e-05,-3213.46617690038,0.0794161850866877,0.0637608362485742,0.999375,0.436331109644873
"linear",1600,"sir_collapsed",59,35.308,2715.04659970887,2942.98725438624,1833.68163211184,1239.96624061024,6936.44886149559,2891.67275117448,6920.2595320139,2551.36696873224,76.8960745357672,83.3518538117776,51.9338855815069,35.1185635156405,196.455445267236,195.996927948734,0.00137928080537147,0.0013147843073121,1.62402926072894e-07,0.000730591064317597,0.00220063953199049,1.28082365064827e-05,6.80403672948333e-06,3.96642663123412e-08,3.24786584165372e-06,1.45655404414386e-05,-3222.58762330038,0.0740190589284102,0.0602566459007869,0.99875,0.415868184886757
"linear",1600,"sir_collapsed",5,34.657,3210.77937904606,3375.78031035741,2143.15100183482,1657.62652398857,7121.46269246361,3392.86856444648,7136.38536276879,3070.84497822025,92.6444694880129,97.4054393155037,61.8389070558565,47.8294867988737,205.484106889333,205.914688598805,0.00151439833593584,0.00146015730816443,1.81521283871288e-07,0.000761084522876338,0.00235281059938629,8.20430539752639e-06,7.08952684543373e-06,5.97732867102366e-11,3.52010627237358e-06,1.36359029825683e-05,-3198.12955824458,0.100604779650106,0.0795700318727164,0.9725,0.424245433496102
"linear",1600,"sir_collapsed",60,34.512,2459.78868311262,2453.02526246711,2050.70848171928,1090.56791912527,7016.71216207636,2658.88230497743,6941.27557710086,2385.2999539429,71.2734319399808,71.0774589263766,59.4201576761498,31.5996731318172,203.312243917372,201.126436517758,0.00137687769361528,0.00131992686039316,1.46593312665348e-07,0.0007706684481785,0.00220025387178031,8.67338141309772e-06,6.91712774265322e-06,1.20101722507633e-09,3.56236720811413e-06,1.33790627642276e-05,-3186.59552012427,0.0710994616553517,0.0589291688880081,1,0.417178449328156
"linear",1600,"sir_collapsed",61,34.936,2369.30856368421,2273.99304887923,1937.91318830861,952.484830578173,6880.85748002846,2563.02945531753,6859.55521804342,2172.11934034128,67.8185414381786,65.0902521433257,55.4703797890029,27.2637059359449,196.956076254536,196.346325224508,0.0013023292419955,0.001247991961041,1.32651615813517e-07,0.00068428597398631,0.00202899586514382,8.76538545032823e-06,6.84732414235357e-06,7.05248875165676e-10,3.66632624484387e-06,1.35734099914375e-05,-3184.09908554322,0.0928322813056549,0.0745071609317664,0.9675,0.411885222745156
"linear",1600,"sir_collapsed",62,35.39,3235.46242499567,3419.11769056906,1961.02840556537,1478.71217777753,7219.46206482304,3372.93188960635,7219.119765921,3153.07193881043,91.423069369756,96.6125371734689,55.4119357322794,41.7833336472882,203.997232687851,203.987560495083,0.00161035877821713,0.00153751790990956,2.28091955029698e-07,0.000815538403086683,0.00256106294897794,9.31422301562154e-06,7.34610550253386e-06,5.73168126482225e-10,3.63998502687217e-06,1.49480865742158e-05,-3228.73951936368,0.0960339303971549,0.0782373979295127,0.980625,0.426945014028232
"linear",1600,"sir_collapsed",63,35.151,2855.43960284504,3074.03718118158,1615.36234948873,1060.09211956534,6921.80818443455,3011.96002164094,6897.59341624113,2951.39463064997,81.2335240205126,87.452339369622,45.95494721313,30.1582350307343,196.916394538834,196.227516037698,0.00143045250212974,0.00137591855093235,1.60623476508906e-07,0.000713184973601315,0.0022117167743397,8.81542867401647e-06,7.44844369651051e-06,1.6569289741295e-10,3.93609437167643e-06,1.42517110886086e-05,-3175.14542809885,0.0916594288968046,0.0720487413768477,0.97125,0.4198219161491
"linear",1600,"sir_collapsed",64,34.385,3303.13958297831,3398.01465234084,1831.23359157017,1303.24484313916,7030.69913665116,3509.90554187716,7071.75922792421,2932.38268077181,96.063387610246,98.8225869518929,53.256757061805,37.9015513491104,204.469947263375,205.664075263173,0.00153530300222371,0.00147410854729782,2.03881005322733e-07,0.000781401461136959,0.00245560391204916,1.09693581472068e-05,7.36759515873501e-06,1.07516396627672e-08,4.01501230426114e-06,1.58586907098733e-05,-3182.69547484298,0.085083434580622,0.0681149151849457,0.993125,0.425630955114102
"linear",1600,"sir_collapsed",65,34.557,2443.7557901297,2520.23695431662,2244.01558878807,1191.23323341624,6820.87969438403,2594.26449928963,6773.22119721972,2354.80299938328,70.7166649341581,72.9298537001656,64.9366434814385,34.4715465293931,197.38055081124,196.001423654244,0.00133136781052529,0.00129198405475154,1.31333250865487e-07,0.000675664395153646,0.00203336820813874,8.72291121135102e-06,7.31557905855743e-06,2.41981196802154e-10,3.78800275921982e-06,1.39415917033391e-05,-3201.64309968444,0.0934959744279551,0.073997337119679,0.984375,0.415290840755828
"linear",1600,"sir_collapsed",66,34.528,2770.21619424046,3037.83547959588,2030.42684384398,1361.81024414294,6888.19486731273,2897.95338527532,7002.428232122,2805.67230938007,80.2310065523765,87.9817967908908,58.8052260149439,39.4407508150759,199.49591251485,202.804339438195,0.00133686302176258,0.00128524155419307,1.43804199157625e-07,0.000677279193435476,0.00204207103415391,8.48582166895944e-06,6.82270105695329e-06,7.52644634610392e-10,3.20207251996689e-06,1.26331543813531e-05,-3212.30477178883,0.0738835242359947,0.0603632528195447,0.9925,0.413224227494022
"linear",1600,"sir_collapsed",67,34.898,3154.86824932705,3299.42844942845,2046.45410706816,1413.7762084923,7169.82793375757,3310.59423292802,7175.75503051563,3040.33660091041,90.4025517028784,94.5449151650081,58.6410140142175,40.5116685337926,205.4509695042,205.620810089851,0.00154362422566457,0.00147680981275197,2.13816510805349e-07,0.000750984425765572,0.00247750817856976,8.73903514112732e-06,7.19050815430251e-06,3.35952913768968e-10,3.49113972787705e-06,1.28993529441334e-05,-3171.19070127091,0.0864747829948211,0.0682570627004559,0.994375,0.425658609755637
"linear",1600,"sir_collapsed",68,34.689,3061.48698649691,3286.64732981409,2028.15578070969,1661.13612290755,7412.24638629939,3149.67404766933,7449.66906313486,3036.26649310367,88.2552678513913,94.746096163455,58.466827545034,47.8865381794675,213.677142215094,214.75594750886,0.00182318014227905,0.00174335455995995,3.13613877829663e-07,0.00092812192863943,0.00297499230186872,1.00054981420918e-05,7.51913445205467e-06,1.59179616302378e-09,3.69086682460249e-06,1.5442776561274e-05,-3165.50563084013,0.103258664106472,0.0812575235250725,0.986875,0.443066754075415
"linear",1600,"sir_collapsed",69,36.515,2859.9577942127,3129.27051710147,1778.74507195988,1241.57920437766,6874.81073772715,3000.94806711632,6895.17604984339,2745.06613312376,78.3228206001013,85.6982203779671,48.712722770365,34.0018952314846,188.273606400853,188.831330955591,0.00136424007169437,0.00129946758602025,1.52342785676121e-07,0.000720148051465797,0.00217603214041578,8.64009198190924e-06,6.85235180444397e-06,1.44926469342748e-09,3.43677601716297e-06,1.25169716941303e-05,-3210.0745437696,0.0842278545396549,0.0671853692984359,0.988125,0.41485965004912
"linear",1600,"sir_collapsed",6,34.508,3082.82327714528,3466.2458022311,1708.48513751149,1175.78096275912,7178.51791723445,2870.44791042442,7177.3110292404,2769.34027732696,89.3364807333164,100.447600621047,49.5098277938882,34.0727066987111,208.024745486103,207.989771335354,0.00154175717320093,0.00146545316251358,2.22600806705563e-07,0.000797794426519519,0.00249296440178377,9.03126616921992e-06,6.88543366056775e-06,1.53119320334186e-09,3.19763515554171e-06,1.31317601952002e-05,-3188.0933865085,0.071910827539251,0.0566568914471057,0.998125,0.423668172319299
"linear",1600,"sir_collapsed",70,34.706,2705.71150519215,2875.93736572978,1535.43773371243,1090.41564472175,6941.34126755718,2855.73935193249,6940.09758274709,2732.50500763992,77.9609146888764,82.8657109931935,44.2412762551843,31.4186493609678,200.004070407341,199.968235542762,0.00139325581330105,0.00134355354034614,1.56484020181436e-07,0.000751305149755048,0.00221549881603425,8.49451481779006e-06,6.92272794439648e-06,3.61504018841044e-10,3.58706241526586e-06,1.29192229428313e-05,-3198.99046059134,0.10117153206474,0.0816229345096438,0.9675,0.419417639071099
"linear",1600,"sir_collapsed",71,34.948,2633.64313455646,3008.60282798589,1429.78562777246,1198.26602221146,7247.06194769102,2744.60186023484,7262.40936354056,2673.64180858974,75.3589085085401,86.0879829456876,40.9118011838292,34.2871129166608,207.367000906805,207.806150954005,0.00167356733650439,0.00161953723449543,2.40179142306092e-07,0.000832577567370566,0.00263602574460081,8.86240778779161e-06,7.2765886994425e-06,3.11355014513654e-10,3.67855902634116e-06,1.32525996739887e-05,-3199.54040193861,0.100493858124776,0.0815656178831635,0.974375,0.433275912223585
"linear",1600,"sir_collapsed",72,35.035,3163.34298731105,3620.46130825349,2122.02910304577,982.56601906094,7084.33741554516,3340.57659246852,6975.92013730706,3303.99208261462,90.2909372716156,103.338413251134,60.5688341100549,28.0452695607518,202.207433011136,199.112891032027,0.00161710856449095,0.00153911300363001,2.34827779522313e-07,0.0008125213036056,0.00262870392127614,1.46211305924844e-05,7.64963908694925e-06,4.03178604272608e-08,2.86517977862731e-06,1.78559343821262e-05,-3190.52517581782,0.0993745244835097,0.0817916388755776,0.9775,0.433373532920097
"linear",1600,"sir_collapsed",73,34.548,3014.94173862948,3037.14361491469,1753.58402600148,1270.59924912467,6812.96881488906,3204.27818381478,6816.6645884567,2790.47687644185,87.2681989877702,87.9108375279232,50.7579028019415,36.777794637162,197.202987579283,197.309962615975,0.00129018361237445,0.00122783088427525,1.33930988743973e-07,0.000688790940625364,0.00202376009617769,7.92271462686688e-06,6.73866580369983e-06,1.61474125127984e-10,3.22745632274758e-06,1.23652087791707e-05,-3159.39847540954,0.0658899309767561,0.0507706408454814,1,0.411224551044566
"linear",1600,"sir_collapsed",74,34.419,3086.09714522533,3305.40065162498,1670.32702671262,972.423749937169,6976.94618300493,3217.95839952552,6934.2484426964,3073.44585336588,89.6626033651569,96.0341861072367,48.5292142918917,28.2525276718432,202.706243150729,201.465714945129,0.00137972024022651,0.00132327072322844,1.46776565017449e-07,0.000695768181099391,0.00212226879687406,8.35746914116991e-06,6.87582046803646e-06,2.53264720138632e-10,3.21590156474108e-06,1.28230189470774e-05,-3173.9245427341,0.0770257182472876,0.0628306926531179,1,0.41785480461128
"linear",1600,"sir_collapsed",75,35.331,2936.74824979046,2871.50873342282,1660.23111412218,1247.12909029063,7006.56709343434,3094.10741698979,6924.27762181873,2815.43268003449,83.1210056265167,81.2744822796644,46.9907762056603,35.2984373578623,198.312164768457,195.983063650016,0.00140159275672274,0.00133838426610227,1.62369490558145e-07,0.000729333939032589,0.00220519253084075,8.65897780448639e-06,6.90873875900063e-06,1.10717652764792e-09,3.61743915480612e-06,1.27421896518459e-05,-3210.10851150274,0.0692382388159499,0.0557802061532864,0.99375,0.416770821789021
"linear",1600,"sir_collapsed",76,34.634,2737.55600678295,3106.11005144196,1655.79066234401,1299.64933242563,7157.37043905529,2870.64240190782,7116.6528262112,2906.4484619468,79.0424440371585,89.6838381775701,47.8082422574352,37.5252449161412,206.657343623471,205.481689270982,0.00149854386941184,0.0014244486487536,2.01349260368843e-07,0.000696272728452314,0.00235081765373897,1.03313860211629e-05,6.99361065845991e-06,2.20917565970974e-09,2.32056811423367e-06,1.38036744609248e-05,-3242.61531479798,0.0831045892712738,0.0641903305590655,0.98375,0.423332673149629
"linear",1600,"sir_collapsed",77,34.506,3252.57930908993,3389.53838558391,1765.4134635105,670.888567893672,6878.62432772228,3431.47839382091,6839.48295146106,3074.49572205403,94.2612678690643,98.2304058883647,51.1625069121458,19.4426641133041,199.345746470825,198.211411101288,0.00138673705640272,0.00132649555574758,1.58598912234521e-07,0.000734480398023967,0.00218976310000948,1.1105853483556e-05,7.13522968228909e-06,5.3499719581666e-09,3.08501964364756e-06,1.41178126796587e-05,-3189.07767994257,0.0863699533578133,0.0676389196271606,0.96625,0.417493532956093
"linear",1600,"sir_collapsed",78,34.593,2762.69923765338,2866.76784980929,1958.98280286243,1294.26068699649,7155.37975441194,2912.84105630085,7150.48968089871,2667.3491176459,79.8629560215472,82.8713280088252,56.6294569092716,37.4139475326363,206.844730275256,206.703370071942,0.00154699402131302,0.00147956225354433,2.13055085774287e-07,0.000751445656188703,0.0024665086212368,9.68824183228908e-06,7.27229521918706e-06,1.63039758455607e-09,4.08042062497602e-06,1.47779728805277e-05,-3181.7521218224,0.100634322052487,0.0791272563232183,0.975625,0.426284351408393
"linear",1600,"sir_collapsed",79,35.222,3189.52268801922,3196.25836945311,1823.75758531426,1067.79537324829,6773.85922075513,3413.27545929248,6779.89312363696,2990.46319223126,90.5548432235314,90.7460782878063,51.7789332040845,30.3161482382684,192.318983043414,192.490293669779,0.00129900278562147,0.00125060665541181,1.27280663761194e-07,0.000702849235553233,0.00199564908718266,9.22607434883885e-06,6.7992950369632e-06,2.74916723887905e-09,3.50298452317772e-06,1.24478675521922e-05,-3223.33494428624,0.0867282317727965,0.062083541169028,0.975,0.410776562732558
"linear",1600,"sir_collapsed",7,34.639,2724.00178289551,3015.43429118197,1631.67178722294,972.542870434093,7008.71754409899,2851.35749006973,7038.64933549418,2789.10879317732,78.6397350643932,87.0531565917597,47.1050488531119,28.0765284919915,202.33602425298,203.20013093606,0.00149607860023709,0.00142314343562068,2.02310500542146e-07,0.000725530891112347,0.00241226410356649,9.61360421149676e-06,6.95060579306591e-06,1.4750083626293e-09,3.3857163403233e-06,1.30706371660917e-05,-3219.07120364435,0.0728967079441956,0.0587721857888486,0.99875,0.424052300333052
"linear",1600,"sir_collapsed",80,34.649,3247.98713125995,3407.9341473368,1478.58905394274,1008.01735585742,7421.0862269765,3415.76005655083,7340.1444015743,3161.76392674981,93.7397076758335,98.3559163998037,42.6733543231477,29.0922495846177,214.178943893806,211.842893058221,0.00181612694615882,0.00172793777181386,3.31692365829514e-07,0.000898446716373991,0.00301725589738151,9.60977568445125e-06,7.27610457781213e-06,1.13803305448864e-09,3.57366765872209e-06,1.44097744869389e-05,-3225.70004910677,0.0876041319761172,0.0686870168349949,0.9725,0.436307639942141
"linear",1600,"sir_collapsed",81,34.782,2886.91890723077,2747.79330009691,2110.59228521015,1190.83795368616,6697.64434159469,3126.30370088339,6668.59491656708,2549.25618888886,83.0003710893786,79.0004398854841,60.6805901101187,34.2371903193077,192.560644632128,191.725459046837,0.00120174659549022,0.00115256075822432,1.07488578015239e-07,0.000621609150043956,0.00185743988621157,7.9023082352737e-06,6.60141134143221e-06,3.50581355568794e-10,3.54716984530996e-06,1.23753259631544e-05,-3183.24641824367,0.0794840848860096,0.0615013090929597,0.9925,0.401790595896911
"linear",1600,"sir_collapsed",82,34.8,3483.57044444689,3278.50679521908,1896.39678850969,1109.41696952703,7192.01772487217,3701.22963294626,7140.29257121288,3056.49561122133,100.102598978359,94.2099653798585,54.4941605893588,31.8797979749146,206.667176002074,205.180821011864,0.00159507146048991,0.00151118267854352,2.49606154307725e-07,0.000767068345158078,0.00256953480327822,1.02383951200609e-05,7.06135354982049e-06,1.66491036138368e-09,2.99769998493456e-06,1.50221784174943e-05,-3186.86860903629,0.0771768013660513,0.0635003182241984,1,0.427379614004979
"linear",1600,"sir_collapsed",83,34.519,2407.40830465851,2719.82103276344,1940.77535740376,959.073682580225,6855.3529315066,2570.10395091301,6809.39748310865,2525.82158487265,69.7415424739567,78.7919995586036,56.2233945770087,27.7839358782185,198.596510081596,197.265201283602,0.00134320450840201,0.00127654695439141,1.43556300966803e-07,0.000716673633102811,0.00211746875847695,9.30071708091851e-06,6.96527202396086e-06,1.08465397282453e-09,3.06275931677175e-06,1.3798971719634e-05,-3186.63075271182,0.0724651570078539,0.059401146986863,1,0.41472328274894
"linear",1600,"sir_collapsed",84,35.047,3086.97967974529,3147.59103350471,1764.38252878803,1156.67749031127,7148.10776237452,3318.42637768511,7126.16414892792,2845.25984170834,88.0811390345904,89.8105696209293,50.3433254997012,33.003609162304,203.957764213043,203.331644618025,0.00150704004186035,0.00143629738228507,1.98718789237811e-07,0.000720671097505033,0.00241177075031144,9.17540667602423e-06,6.77315351142622e-06,1.12370487672854e-09,3.50780443104754e-06,1.30716629360234e-05,-3211.66813690014,0.0760523956825547,0.061261562395551,1,0.425099799278694
"linear",1600,"sir_collapsed",85,34.58,3002.08621937017,3330.13652355141,1793.13460787853,1073.80075360455,6976.84321810943,3040.75593065345,6966.11505648578,3007.95695079704,86.8156801437296,96.302386453193,51.8546734493501,31.0526533720228,201.759491558977,201.449249753782,0.00138125708290064,0.00132517120842736,1.56602825116626e-07,0.000673316827595127,0.0021192897218366,8.65287161757727e-06,6.70635313142057e-06,1.0657586419751e-09,3.4575960536824e-06,1.31041635527022e-05,-3176.44750400817,0.0679756101520523,0.0558451285952314,1,0.417785614418517
"linear",1600,"sir_collapsed",86,34.738,2759.66625392466,2689.62544217716,1573.99906379277,1003.76839967956,6838.68239496228,2906.86205185448,6813.77085883397,2616.83802530538,79.4422895366646,77.4260303465129,45.3105839079042,28.8953998410835,196.864597701718,196.147471323449,0.0014281086604797,0.00136702674770811,1.68388732970496e-07,0.000752468638676305,0.00224217095812377,9.87786494479988e-06,7.15161317085435e-06,1.50090299880259e-09,3.37280973343269e-06,1.41703528840636e-05,-3194.17856804441,0.100017696997171,0.079224652129117,0.97375,0.425240308842147
"linear",1600,"sir_collapsed",87,34.423,2560.20671551451,2858.92382122702,1967.96457501834,1063.34721838849,6906.66260771064,2625.48051267278,6912.33187918485,2501.7770746812,74.3748864281008,83.0527211813909,57.1700483693559,30.8906027478283,200.640926348971,200.805620636924,0.00136427261944927,0.00130728263340252,1.50035947307937e-07,0.000697264358939566,0.00213285703514977,9.70949916555185e-06,6.94367417558519e-06,1.64579009290154e-09,3.40250360515309e-06,1.40334132452838e-05,-3241.18984772544,0.0921186303913378,0.0724249493055715,0.9775,0.411313901784159
"linear",1600,"sir_collapsed",88,34.968,2922.82864104476,3145.93126400385,1849.84332561746,1272.67085863817,6952.33302574724,3023.57824453702,6934.08352552086,2910.84992762278,83.5858110571025,89.9660050332834,52.901033105052,36.3953002355917,198.819864611852,198.297973161772,0.00137033917287882,0.00131612824413415,1.54466828460285e-07,0.000704643629490741,0.00215298933134023,8.68580468602958e-06,6.98885924030784e-06,3.04022122875064e-10,3.31654565948741e-06,1.46712061467711e-05,-3178.41121098124,0.0828780474880865,0.0674970311065266,0.999375,0.417773402002776
"linear",1600,"sir_collapsed",89,34.548,2482.01924994431,2950.56159615676,2193.83616422868,1131.66796277415,6859.66573327664,2552.02093938289,6869.04740569162,2524.77362960448,71.8426319886623,85.4047005950201,63.5011046725911,32.7563958195596,198.554640884469,198.826195602976,0.00136590624150592,0.00131014692771191,1.54902115905244e-07,0.000671908384414212,0.0021366301554395,1.01485981261448e-05,6.8728748399608e-06,3.88355651453974e-09,3.30826811935712e-06,1.41695264917851e-05,-3189.69539762424,0.085699051516963,0.069821354382528,1,0.418144966822753
"linear",1600,"sir_collapsed",8,34.835,3244.33043943237,3137.69781159248,1771.58962072616,1060.14536545331,7012.91655455688,3095.24121437103,6979.33076421544,2890.21620201547,93.1342167197465,90.0731394170369,50.8565988438686,30.4333390398539,201.31811553199,200.353976294401,0.00142805013291985,0.00136845753082569,1.68000253758239e-07,0.000718344519459051,0.00224524071030084,1.02506042047325e-05,7.05966848147222e-06,8.26262660327137e-09,3.80351105398107e-06,1.37213722249408e-05,-3173.87214722791,0.0802396057869527,0.0622457787800078,0.99,0.420185251332649
"linear",1600,"sir_collapsed",90,34.808,3208.10800582651,2883.41168703713,1999.62002034538,954.958028948234,6912.49172030719,3370.59378980729,6798.2896452715,2821.86679193487,92.1658241159077,82.8376145437007,57.4471391733331,27.4350157707491,198.589166867019,195.308252277393,0.00143668480920318,0.001371836537076,1.72368917834135e-07,0.000759731040980912,0.00230063743394128,9.47244637086369e-06,7.13971502105388e-06,9.92655072886937e-10,3.71869322854116e-06,1.43135088043599e-05,-3166.41036971023,0.0854248534925446,0.0650550229660395,0.97875,0.421874981640788
"linear",1600,"sir_collapsed",91,35.218,2483.17873237467,2792.68283777335,2181.55352755987,1005.78628524839,6984.49761154188,2594.41656828965,7000.06917484728,2575.49182578806,70.5087947178905,79.2970310004358,61.9442764370454,28.5588700451017,198.321813037137,198.763960896339,0.00149064241856154,0.00143079198274901,1.89345235900528e-07,0.000736434046770772,0.00235225904241558,1.2104005562613e-05,7.22900127826775e-06,8.04962541480943e-09,3.28799148027246e-06,1.47829251210754e-05,-3169.86840306078,0.0986068281879796,0.0771080365242605,0.9775,0.425446453398612
"linear",1600,"sir_collapsed",92,37.185,2840.42317732661,3020.43994596752,1809.76615731765,881.526641421687,6936.07261254265,2901.90545032737,6854.8193370673,2762.23289140622,76.3862626684579,81.2273751772899,48.6692525835054,23.7065118037297,186.528778070261,184.343669142592,0.00137963384340371,0.00132041353145815,1.54492890587843e-07,0.000684977990691978,0.00213963092087213,8.93604362232923e-06,6.95768859670598e-06,3.98808531268807e-10,3.47555278888315e-06,1.35198022959386e-05,-3207.72223600951,0.0917885919746524,0.0754871838450238,0.991875,0.41808575266437
"linear",1600,"sir_collapsed",93,34.773,2275.93339006257,2457.75182238397,1822.93810853249,1234.77507646052,6937.41115969586,2317.72194286834,6955.92082505469,2189.46099913216,65.4511658488646,70.6798902132105,52.4239527372526,35.5095929732987,199.50568428654,200.037984213461,0.00137269235952176,0.00132043066185604,1.46008687086263e-07,0.000751762812315239,0.00215206435151858,8.72513825239636e-06,6.80911898798639e-06,2.12016741823456e-09,3.56854704622625e-06,1.27723553263338e-05,-3200.24318564016,0.079025600877969,0.0642007459011744,0.999375,0.416931223004116
"linear",1600,"sir_collapsed",94,34.622,2844.10560232232,3074.46916034576,1801.42022139665,820.993980727555,6782.62686309583,3000.55266097184,6655.81267239783,2755.24121011953,82.147351462143,88.8010271025869,52.031084899678,23.7130720561364,195.905114178725,192.242293119919,0.00127579950399669,0.0012128789894298,1.26017178811041e-07,0.000693495232999344,0.00202177274470811,9.14540655887103e-06,6.73279116561636e-06,8.85333192804415e-10,3.79332420843696e-06,1.37630542672766e-05,-3195.9502288356,0.064742756813347,0.0496062186630656,0.990625,0.411457727377086
"linear",1600,"sir_collapsed",95,34.64,3119.61712440888,2905.75980945975,1566.52509370473,1193.97461256903,7293.81630970974,3263.68097820176,7204.96988883547,2794.31155259257,90.0582310741593,83.8845210583069,45.2230107882427,34.468089277397,210.560517023953,207.995666536821,0.00164783412892649,0.00157424108050265,2.46126051257865e-07,0.00080576537787641,0.00262328467203298,9.52012965328376e-06,7.2660736245554e-06,1.03158089952368e-09,3.57235306337614e-06,1.52005941696945e-05,-3187.86567850671,0.0816264713122735,0.0642128388129996,0.9925,0.430906847799388
"linear",1600,"sir_collapsed",96,34.933,2922.94833860304,2801.08400331339,2060.85227269368,1048.05452143225,7084.94602134692,2767.04873657827,6969.61686127267,2648.42425337777,83.672983671687,80.18446750389,58.9944256918582,30.0018470051884,202.815275565995,199.513836809683,0.00154225717627271,0.0014729572672534,2.06604555949341e-07,0.00077587414156063,0.00244587134016797,1.26251473098643e-05,7.16435921072933e-06,6.3544839235709e-09,3.23656077380916e-06,1.68514085379932e-05,-3193.76116468043,0.0822432403315334,0.0648231192787667,0.99,0.426930020639117
"linear",1600,"sir_collapsed",97,34.714,3180.45971610036,3180.14404278873,2120.40799481408,1082.58413874788,7089.0541265125,3341.46718052921,7055.98548044577,3005.50545180988,91.6189351875429,91.6098416428164,61.0822145190435,31.1858079952723,204.21311650955,203.260513926536,0.00152850720382967,0.00145550292389562,1.93728897180332e-07,0.000762254807921241,0.002380579277307,8.87965891483118e-06,7.17738626965601e-06,3.39492250974057e-10,3.70571467071403e-06,1.42295326045875e-05,-3171.85234271044,0.0917212389108085,0.0713266128241273,0.9775,0.428375768898697
"linear",1600,"sir_collapsed",98,34.774,2691.48421446938,2969.71009875446,1468.83489265164,1190.81160477512,7202.4510052393,2813.24910223371,7215.80769762923,2730.39655767411,77.3993274995509,85.4003019139145,42.2394574294485,34.2443091037878,207.121729028564,207.505828999518,0.00160218592186879,0.00152607805158459,2.3148752284251e-07,0.00079420173380186,0.00252668079258002,8.61903596842922e-06,6.99883594788228e-06,8.93278309227729e-10,3.68468382080297e-06,1.37156045324501e-05,-3220.50122097184,0.0899934688320288,0.0710656498806992,0.9875,0.429306778050309
"linear",1600,"sir_collapsed",99,34.57,2392.96157116363,2596.13622283357,2207.00406205566,1105.73565527923,6670.28148660189,2491.40301847104,6658.52595215413,2404.76009238036,69.2207570484128,75.0979526419894,63.8415985552692,31.9854109134865,192.949999612435,192.609949440385,0.0012344761647763,0.00118549610410474,1.12874051163589e-07,0.000646039407359656,0.00188239389615747,8.76218123506087e-06,6.6336388010491e-06,7.10915268038693e-10,3.40649286123694e-06,1.33030924898375e-05,-3189.67652664917,0.0775679313175984,0.0655640106851102,0.998125,0.408031384136929
"linear",1600,"sir_collapsed",9,34.98,2721.77968644837,2877.72480499309,2001.78153963707,1422.56602647385,6756.41715276259,2808.57036955574,6766.45630691203,2522.08857356447,77.8095965251105,82.2677188391392,57.2264591091216,40.667982460659,193.150862000074,193.437858974043,0.00120734706333553,0.00115677724479666,1.13819068230007e-07,0.000601224184247177,0.00185987900470969,8.24217003565699e-06,6.42723137308158e-06,1.12419300817535e-09,3.64390326312874e-06,1.22124735477616e-05,-3199.51904847221,0.0629228080219403,0.0536984182158125,1,0.405238594089447
"linear",200,"sir_collapsed",100,4.514,4020.24745331717,3961.85838179263,1153.60984856206,3032.97346930575,7195.16298696523,3942.63348913535,6249.34150368089,3920.85942845606,890.617512919178,877.682406245597,255.562660292879,671.903737108054,1593.96610256208,1384.43542394348,0.00750446817413355,0.00629312714655558,2.35615357213683e-05,0.0013324769761855,0.0172008358075402,9.27998762133202e-05,4.75549715351155e-05,2.16303708246109e-07,9.25500443381419e-06,0.000204828975037176,-390.963019140555,0.128057779071472,0.113314886620117,1,0.629666539098445
"linear",200,"sir_collapsed",101,4.476,3452.480799417,3492.72161420817,1844.67676469228,2412.74451836915,6898.6838054763,2928.32499000668,6015.12362295926,2968.38116952126,771.331724623994,780.322076454015,412.126176204709,539.040330288014,1541.26090381508,1343.86139923129,0.00579524056627359,0.00490523913130504,1.21104390514677e-05,0.0013136141264493,0.0126765639307347,0.00014568139694708,5.31978133382647e-05,2.52002327546672e-06,8.42303881332347e-06,0.000244943873331534,-392.861880452063,0.148624032478074,0.111187575126185,0.965,0.599129647985454
"linear",200,"sir_collapsed",102,4.44,2840.8127466007,2949.69672469806,2458.55003545976,2918.2178827839,6979.74529645803,3086.98430179807,6274.44462352877,2467.81199326961,639.822690675833,664.346109166229,553.72748546391,657.256279906285,1572.01470640947,1413.16320349747,0.00556925712246394,0.00462560871429107,1.23418785501859e-05,0.00121656858166267,0.0127618110657381,0.000121388766788424,4.93817532716246e-05,3.58837262657565e-06,1.08867797444971e-05,0.000212139124325985,-390.471707519525,0.137054085311012,0.10566024467455,0.995,0.588689974982659
"linear",200,"sir_collapsed",103,4.731,3189.57902151847,3449.31787097154,2520.17197669245,3379.27319909245,7060.38432468264,3399.15178128031,6520.76939628794,3237.82031047801,674.187068594053,729.08853751248,532.693294587286,714.28306892675,1492.36616459155,1378.30678425025,0.00462567560341962,0.00399454582806525,6.6404574276857e-06,0.000877215698165998,0.00942675474861572,7.10954652491889e-05,4.15894675207093e-05,1.20022397308223e-07,8.98560411356763e-06,0.000145134085096517,-394.425095036641,0.109953681974434,0.0819070102200683,0.995,0.552127957086776
"linear",200,"sir_collapsed",104,4.506,2716.80182816555,2865.45815402687,2472.17333883615,3283.37202049362,6773.17668104345,2996.66452462032,6145.50929153353,2758.0303686739,602.929833148146,635.920584559892,548.640332631192,728.66667121474,1503.14617866033,1363.85026443265,0.00409689948849121,0.00360701942566585,4.73042361228196e-06,0.000892125774477471,0.00819291263101038,6.3820267917038e-05,4.60533631463383e-05,8.09988034593933e-09,1.09760633171977e-05,0.000148836399666435,-384.568503308855,0.105520264462617,0.0810889896000934,0.995,0.549441756673479
"linear",200,"sir_collapsed",105,4.884,2827.10207858516,3338.75355663401,2941.59737545829,3409.43612266155,7035.02946245694,3113.92037265256,6539.10026289506,3134.51662330419,578.849729440041,683.610474331287,602.292664917749,698.082744197696,1440.42372286178,1338.88211770988,0.00408619910072313,0.00354091507305375,5.11421239223823e-06,0.00110868832821646,0.0084809912984885,6.4861596374372e-05,3.87815540414359e-05,5.39821646408046e-08,8.91184307289889e-06,0.000125803079900038,-404.311274162165,0.0851714904102172,0.0676347158401272,1,0.531190235010012
"linear",200,"sir_collapsed",106,4.812,3121.05335586172,3167.94916733141,2628.79695883852,3543.57329145356,7151.42585441381,3394.23423941264,6594.50966656867,3121.67366744054,648.597954252229,658.343550983252,546.300282385394,736.403427151613,1486.16497390146,1370.43010527196,0.00492988831261254,0.00417231666060552,8.56082229933408e-06,0.00114596601836911,0.0108395569844655,9.32950465620946e-05,4.09855312796813e-05,2.83100124741732e-06,9.88103441624817e-06,0.000161026766120167,-396.590381066438,0.109462383624746,0.0920044538597496,1,0.559983598702508
"linear",200,"sir_collapsed",107,4.503,3223.98343041091,3434.06130861008,1415.76424648829,3637.15686227187,7211.51325960549,3596.30945817493,6470.96989555312,3231.60182947742,715.963453344639,762.616324363775,314.404673881477,807.718601437234,1601.49084157351,1437.03528659852,0.0057430339097252,0.00486216343032143,1.2897397001625e-05,0.00117283253667807,0.0127315535429478,6.28372470150465e-05,4.31542082528403e-05,3.07115817819017e-08,9.35741935735011e-06,0.000137111107429739,-388.317416673745,0.0987762263297853,0.0833333200622998,1,0.587403775461251
"linear",200,"sir_collapsed",108,4.778,3135.31601877592,3380.32097846216,3348.52052653901,3673.8043212703,6888.88910164505,3348.16122903416,6507.00185249447,3071.10706678429,656.198413305969,707.476136136911,700.8205371576,768.900025380975,1441.7934494862,1361.86727762547,0.00381260092551586,0.00333126655658505,4.08893925157988e-06,0.00107111140323322,0.00782160195494395,6.25521962289183e-05,3.52942094864509e-05,1.6095665395906e-07,8.6072395601449e-06,0.000119085749177503,-399.595921503054,0.132043695732987,0.0958071381990873,0.94,0.532286392410266
"linear",200,"sir_collapsed",109,4.914,2972.48515239136,3104.75086803943,2546.93177203555,3410.44212626926,6859.6081231301,2982.11620643802,6268.39594629068,2955.40684737075,604.901333412975,631.817433463458,518.301133910369,694.025666721462,1395.93164898862,1275.61985069,0.00454895023694023,0.00396320386213587,6.2581104151345e-06,0.0011652489631481,0.00944457595515727,6.89007357494107e-05,4.60551775250864e-05,3.31330888086151e-08,8.12206383386952e-06,0.000148280282386482,-384.281225114781,0.129581920008048,0.0969393784671757,0.99,0.556956065449442
"linear",200,"sir_collapsed",10,4.443,2861.2815943524,2989.51160371744,2608.97135563415,2915.08580842494,7048.90757443593,3089.92301786804,6511.05307489238,2794.52682768096,643.997657968129,672.858789943155,587.209398072057,656.107541846711,1586.51982319062,1465.46321739644,0.00446891481258854,0.00381220787637219,6.88301310040433e-06,0.00112738332669721,0.00962069305721847,7.80334738041027e-05,3.63176286886035e-05,2.07992899898583e-07,6.89258517337231e-06,0.000158164101386432,-403.151353791818,0.117176771480966,0.102304473928371,1,0.54560802885646
"linear",200,"sir_collapsed",110,4.405,3401.71492062321,3424.58348547492,2573.96928694818,2967.50704683375,6737.95392281337,3276.15135498482,6266.65515830415,3127.60104784505,772.239482547835,777.430984216781,584.329009522856,673.667888043984,1529.61496545139,1422.62319144249,0.00427632763821616,0.00361689638339743,5.90788250191885e-06,0.00125621138030114,0.00900571165525379,6.52609035731032e-05,4.08896682904705e-05,5.7458607094964e-08,8.13270517840335e-06,0.000133846798742968,-397.980000795517,0.11543998736385,0.0980918935634408,1,0.548211038035273
"linear",200,"sir_collapsed",111,4.637,3378.56592926355,3248.17791882848,2472.37643376161,4551.15298678643,7291.44594010208,3604.24649275344,6698.41730719776,3179.90036827986,728.610293134257,700.4912483995,533.184480000347,981.486518608245,1572.44898427908,1444.55840137972,0.0051704658277237,0.00440104021305934,9.64689215083153e-06,0.00122328368148176,0.0108343144285847,5.55293489857161e-05,4.20658715441052e-05,9.6135719871509e-09,1.02021782045613e-05,0.000123199396742908,-395.605475880741,0.124826246380337,0.104079101207556,0.98,0.553118047746636
"linear",200,"sir_collapsed",112,4.438,2870.29002988335,3071.1783173194,1888.43180981292,2593.8533605712,6980.37862881459,3105.72069396208,6230.31390828813,2902.00593724923,646.753048644289,692.018548291889,425.514152729364,584.464479623974,1572.86584696138,1403.85622088511,0.00623842206783383,0.0051380704720262,1.75305067681925e-05,0.00123697216676543,0.0142162519153747,9.12967249782502e-05,5.20552505212749e-05,8.06307361752845e-08,9.46438841362243e-06,0.000215866560509926,-385.927286380598,0.156514533936822,0.12913345800119,0.975,0.601656975027367
"linear",200,"sir_collapsed",113,4.755,3002.69777011291,3087.0327046916,3019.29151950605,3540.03498545677,7001.03101672007,3260.66914032732,6351.83050549944,3070.38910397287,631.482180885996,649.218234425153,634.971928392439,744.486852882603,1472.35142307467,1335.82134710819,0.00460075357989913,0.00403030540698084,6.33507196281075e-06,0.00114990429926482,0.00941979683040232,6.25592016723141e-05,4.26886060374813e-05,2.26352914760122e-08,8.59345243962397e-06,0.000141539588495873,-385.787743353136,0.109727042003042,0.089020367213092,1,0.564530928864745
"linear",200,"sir_collapsed",114,4.415,3237.42496252564,3415.66523893229,1524.97572865134,2897.42551660653,6980.18275747226,3557.55914497826,6173.23211210852,3447.55996610802,733.278587208525,773.650110743442,345.407866059194,656.26852018268,1581.01534710584,1398.240568994,0.00542956020817234,0.00465347653773725,9.89262031297078e-06,0.00105227412114168,0.0114309936978283,7.79957842357117e-05,4.82554271148502e-05,4.73918883438476e-08,1.09532123173757e-05,0.000173802433584972,-381.80669270971,0.144998305637622,0.11335307904767,0.975,0.586206896752218
"linear",200,"sir_collapsed",115,4.592,3023.82719520686,3117.29991349632,1769.51544953816,3080.22370389835,6844.65939091321,3319.90437032034,5957.10095036244,2940.54250170934,658.49895366003,678.854510778816,385.347441101516,670.780423322812,1490.56171404905,1297.27808152492,0.00623253982000577,0.00518924870237653,1.58091397055973e-05,0.00109500833693054,0.01417091724084,7.74465771701336e-05,5.98604145948882e-05,7.29571968547275e-09,1.18480894741527e-05,0.000182011846340323,-392.873504818113,0.173377931918497,0.134426302038709,0.93,0.600980278150448
"linear",200,"sir_collapsed",116,4.59,2853.89425616958,3183.87311403786,1709.89893135629,2884.55621528774,6796.16068130775,2801.64007043974,6049.83969131647,2898.31805583815,621.763454503176,693.654273210864,372.527000295487,628.443619888397,1480.64502860735,1318.04786303191,0.00491832083482653,0.00419523692304068,8.14584221485729e-06,0.00119936489845271,0.0104726407441088,7.33548327237605e-05,5.00248280346309e-05,5.98127084105455e-08,1.22852933556673e-05,0.000174318673124364,-384.022959731552,0.0928225366315374,0.072978377839613,0.985,0.563056191580965
"linear",200,"sir_collapsed",117,4.479,2975.77827374669,2972.91594429394,2945.55006363727,3051.36336143635,7007.43957959802,3291.07719135515,6539.60169746777,2809.71719552197,664.38452193496,663.745466464377,657.635647161704,681.259960133143,1564.50984139273,1460.05842765523,0.00502506051152267,0.0043033645059491,8.45342007661256e-06,0.00119658086824959,0.010648460330665,8.08823165999636e-05,4.17341535518666e-05,8.73705246935859e-08,9.86762358685352e-06,0.000171135758307654,-396.587854809659,0.171039474865571,0.145600926831938,0.91,0.562769278934701
"linear",200,"sir_collapsed",118,4.491,2517.34282260137,2675.08220831733,2872.47689076955,4560.25675109734,7190.88553985559,2768.56543634563,6828.16919668949,2422.87934062091,560.530577288215,595.654021001409,639.607412774337,1015.42123159593,1601.17691824885,1520.41175610988,0.00496104101374417,0.00424523950024954,8.01539864853377e-06,0.000861511979089204,0.0103891293335657,5.12619534025635e-05,3.97315227116439e-05,3.6196846907102e-09,9.43931337265557e-06,0.000115942384190978,-397.15410938471,0.10444212251604,0.0844658668393382,1,0.56423693041803
"linear",200,"sir_collapsed",119,4.415,2796.12409962421,2934.81201460493,3270.75670934719,3257.30985719806,6847.30103355411,2982.13742184673,6303.66235728401,2839.03531372267,633.323691874114,664.736583149474,740.828246737756,737.782527111678,1550.91756139391,1427.78309338256,0.00418637847580926,0.00361237384571045,5.41933133534056e-06,0.00103575653319535,0.00871358733828908,6.69325034376301e-05,4.35596649233178e-05,4.17062977404531e-08,1.01181605881146e-05,0.000146438305230747,-395.245313895623,0.10684586679715,0.0769182125906955,1,0.548650789962614
"linear",200,"sir_collapsed",11,4.607,2534.61086496464,2948.74159705912,2462.46024077152,3481.09990815385,6742.44782616649,2727.55603487492,6110.62482291356,2719.19678457849,550.16515410563,640.056782517717,534.504067890498,755.611006762285,1463.52242808042,1326.37829887423,0.00463712263621962,0.00390710147219602,7.7514002375364e-06,0.00124651271878337,0.0104213410057908,8.07936126224387e-05,4.89346338671904e-05,1.99663232144278e-07,8.44511652627199e-06,0.00017663969827296,-374.888854338179,0.175674261664836,0.145406159675739,0.93,0.578288271376106
"linear",200,"sir_collapsed",120,4.733,3529.47933180312,3764.21782049049,2851.85651488911,3798.075030631,7158.37219176347,3564.3617322654,6664.68262938003,3590.11489264149,745.717162857199,795.313293997568,602.547330422376,802.466729480456,1512.43866295446,1408.13070555251,0.00457070927454482,0.00393747074980507,6.20957062656089e-06,0.00109108960714653,0.0096310299419769,5.71274323070572e-05,3.83923471560989e-05,3.83240706888159e-08,8.15351455777447e-06,0.000121262668016692,-392.003919939547,0.106612346093708,0.0858740955544952,1,0.556591949812705
"linear",200,"sir_collapsed",121,4.516,2796.81128250465,3040.29548648348,2971.18049405372,2630.68853293012,6746.45437118007,2995.39321361562,6232.4087805791,2789.91485831076,619.311621458071,673.227521364809,657.923050056183,582.526247327306,1493.90043648806,1380.07280349404,0.00467082305390033,0.00403312096706106,6.78921656136113e-06,0.00120780264448406,0.00966749800951879,8.87670936539946e-05,4.54395948357066e-05,2.09650630873026e-07,8.40307498679607e-06,0.000177693175453754,-387.852460004321,0.0855236771808748,0.0660100829396482,1,0.562166569371012
"linear",200,"sir_collapsed",122,4.429,2952.78923435081,3315.04560558971,2538.17441120774,3462.62040304582,7110.21108414336,3204.74542993638,6536.52115187461,3086.56159758907,666.694340562387,748.486250979839,573.080697947109,781.806367813461,1605.37617614436,1475.84582340813,0.00449665339977975,0.00387940095654729,6.03390880017665e-06,0.00103048618768336,0.00913247619724479,6.56404841966832e-05,4.05955705282987e-05,4.65682744072862e-08,7.44501458203534e-06,0.000148849289417783,-384.852110368768,0.0775995057803586,0.066106691575566,1,0.548107898815458
"linear",200,"sir_collapsed",123,4.401,3110.12320308003,3421.39386679995,2930.76277715083,3944.74441330489,7066.1866464487,3517.40020581493,6724.03117667775,3188.34077918996,706.685572160878,777.412830447614,665.931101374877,896.329110044283,1605.58660451004,1527.84166704789,0.00426512036739249,0.00370334089584936,5.55305865452128e-06,0.00117391205328847,0.00888090917100599,5.02796258530928e-05,3.66123202430209e-05,4.57554786487589e-09,8.83861949610752e-06,0.000117469336340048,-390.651205035147,0.124249915626577,0.0876986839072137,0.935,0.538490292494572
"linear",200,"sir_collapsed",124,4.589,3032.57742803672,3181.10226230179,2181.96285287372,3276.07040475931,7203.02618145175,3285.33066671063,6596.86247381805,3032.50572621938,660.836223150299,693.201626128086,475.476760268842,713.896361900045,1569.62871681232,1437.53812896449,0.00587779404388814,0.00501757152611714,1.28073752704697e-05,0.00122143250657464,0.0125705177480645,7.42941808335527e-05,4.42284345900568e-05,1.92827528927752e-07,9.42818011396966e-06,0.000161707201778596,-400.956184928223,0.102451124313435,0.0864559730961668,1,0.578470271422476
"linear",200,"sir_collapsed",125,4.696,2953.30962388479,3005.80510817133,3482.49645134026,2556.84282821833,6896.16390523108,3212.68425708902,6344.82511609452,2879.89089354154,628.898982939692,640.077748758801,741.587830353547,544.472493232182,1468.51871917186,1351.11267378503,0.00426770494864655,0.00365823211586751,5.8834656291646e-06,0.000975205341250924,0.00881777232479317,0.000123170379433396,3.8702269973746e-05,2.76326783157937e-06,5.51362621572025e-06,0.000209984792058998,-405.018636533143,0.13215507007441,0.103668933435102,0.95,0.542323805129428
"linear",200,"sir_collapsed",126,4.732,2500.24541995418,2924.08459117955,2253.25425620648,3903.27269325191,7015.7813984485,2726.57025798911,6399.8666890353,2684.95781861285,528.369699905787,617.938417409034,476.173765047861,824.867433062533,1482.62497853941,1352.46548796181,0.00477228089769792,0.00404865210982066,7.86882062234318e-06,0.00113618885611529,0.0103543645301375,5.53853525466021e-05,4.11625437528268e-05,6.7752738237779e-09,1.0992454809005e-05,0.000124819223543294,-395.440915683996,0.114420933487012,0.0800319108641634,0.96,0.565525479095083
"linear",200,"sir_collapsed",127,4.428,2952.04844358024,3806.51275147444,2321.04554152653,3043.49762198258,7125.52273905258,3223.06067502887,6406.04411115216,3291.14387064184,666.677606951273,859.646059501906,524.174693208339,687.330086265262,1609.19664386915,1446.71276222949,0.00560598368438449,0.00472261761221115,1.16579003120986e-05,0.00123364328001661,0.0124857753797273,0.00012088917551676,4.31307001908493e-05,1.42637026679993e-06,6.62362308578311e-06,0.000200646974468791,-413.168167130178,0.126471230187768,0.105861302469812,1,0.578837826565814
"linear",200,"sir_collapsed",128,4.481,2967.92059250036,3257.75796265413,2715.12948364975,3643.93648548768,6937.78051131746,3257.50713166892,6440.12258289326,3057.69970626754,662.334432604411,727.015836343257,605.920438216861,813.197162572569,1548.26612615877,1437.20655721787,0.00458846400927186,0.00396264612601153,6.7018448108589e-06,0.00113713647959342,0.0095720469551399,5.82427506302193e-05,4.27583930619929e-05,8.36116854784881e-09,1.08280973039161e-05,0.000136439216605134,-400.435407010786,0.0708084104573636,0.0580208928340851,1,0.555151590419505
"linear",200,"sir_collapsed",129,4.415,1898.25177724322,2230.19687640021,3123.44019755612,3514.11544846002,6589.83802860271,2131.90682992152,6085.40096974564,1998.94229612609,429.955102433346,505.140855356787,707.460973398894,795.949138949042,1492.60204498363,1378.3467655143,0.00367710882021297,0.00324160872678367,3.59090695328896e-06,0.000968577708341126,0.00733325764102436,6.1077257898307e-05,4.17270813710786e-05,5.1709202495029e-08,1.02988153009041e-05,0.000133333735065692,-377.629768162787,0.0906673379263084,0.0733551280317799,1,0.535560345570164
"linear",200,"sir_collapsed",12,4.642,3434.01438549031,3737.82891846682,2372.71105153261,3903.74002628496,6970.56047227587,3644.16902288994,6437.99544531118,3522.91187654061,739.770440648495,805.219499885139,511.139821527922,840.960798424161,1501.62871009821,1386.9012161377,0.00501938114943059,0.00427365958208919,9.10648339830036e-06,0.00111646238266053,0.0108759943679031,6.07480925245022e-05,4.37959398997245e-05,1.91069031827863e-08,1.01662611026274e-05,0.000140552530794783,-382.053007856103,0.111335303368332,0.0926077372442663,1,0.572891435946906
"linear",200,"sir_collapsed",130,4.426,3212.32959944411,3450.14807275772,2570.80136789782,2842.43352661469,6905.79907253689,3305.04984484466,6284.8164642558,2848.27294703511,725.786172490761,779.518317387646,580.840797084911,642.212726302461,1560.27995312627,1419.97660737818,0.0051413997926286,0.00435838007109305,9.39869138788318e-06,0.00113596190951964,0.0110412577784838,0.000104927697634644,4.36734867609065e-05,1.21584219893872e-06,8.59156476548453e-06,0.000172281735417326,-392.660372579176,0.121254935961908,0.0915853530298311,1,0.579891317156929
"linear",200,"sir_collapsed",131,4.644,2755.05386332643,3120.46820317158,2725.9380292209,3272.73111481906,6984.56155221056,2980.14819224775,6518.68251685079,2946.51658173405,593.250185901471,671.93544426606,586.980626447222,704.722462278006,1503.99688893423,1403.67840586796,0.00497557125921769,0.00427962232593182,8.01521885979767e-06,0.00121848743931649,0.0108011311653721,7.88270558014951e-05,4.47365108838289e-05,1.45280635661379e-07,9.20533758593e-06,0.000153723240737294,-395.571591566638,0.116057629980766,0.0900075869696392,0.995,0.568902090477841
"linear",200,"sir_collapsed",132,4.691,2490.12488067142,2916.94386551669,2532.54660293067,4202.03849201204,6770.71778643623,2725.18866882644,6315.92810011242,2704.41505112541,530.830287928251,621.817067899529,539.873503076246,895.766039652961,1443.34209900581,1346.39268815016,0.00394209233390187,0.00345210072941779,4.27391388282425e-06,0.00101214681563145,0.00812393066500738,5.0613282869214e-05,3.83805814695111e-05,7.94279304324844e-09,1.04200927709071e-05,0.000113569131655694,-384.640042086237,0.108246968597237,0.089258019145691,1,0.541499324787848
"linear",200,"sir_collapsed",133,4.464,2808.30211204674,3258.79298849494,2841.59329133865,4357.19323343698,7091.70583627901,2974.27152114189,6812.11654213072,3070.57321415983,629.099935494342,730.016350469296,636.557636948623,976.073753010075,1588.64378052845,1526.01177019057,0.00429788986391393,0.00367210873041867,6.39200204424371e-06,0.00112411467620316,0.00920774875482737,4.99211370883602e-05,3.91960738935724e-05,2.85683846708056e-09,9.76457263318336e-06,0.000108802340399036,-419.145313593102,0.118742062688881,0.0830779182890114,0.955,0.537554289333195
"linear",200,"sir_collapsed",134,4.395,3054.64220215493,3293.17479141677,2245.30919632542,3913.4018780192,7043.75120195196,3336.34396118468,6735.92239147773,3085.79640334674,695.026667156981,749.300293837717,510.87808790112,890.421360186393,1602.67376608691,1532.63308110984,0.0044332355161484,0.00379419868706236,6.75733241594779e-06,0.000979080840886238,0.00954688988386048,5.5969407259759e-05,3.5607435696944e-05,7.77973605011276e-08,7.68297980078053e-06,0.000110542520667386,-399.627287053935,0.0786690999497049,0.0670410671942118,1,0.547963383218364
"linear",200,"sir_collapsed",135,4.4,2889.39423242997,2510.94669734266,2327.71649570206,3144.04740436242,6881.98795829204,3136.79525477254,6291.93114566936,2537.1097048587,656.680507370448,570.669703941515,529.026476295922,714.556228264185,1564.0881723391,1429.98435128849,0.00435463614720187,0.00371934165049213,6.12757260178558e-06,0.00113788616300596,0.00921783729167063,6.59817982374097e-05,3.9494604558982e-05,5.47001147794985e-08,9.25258910370302e-06,0.000143054079141228,-397.854374209463,0.108228745421195,0.0898968957142975,1,0.550952543688159
"linear",200,"sir_collapsed",136,4.589,3508.26990440846,3685.90403397603,2218.66362178532,2678.00754926997,7209.00893100175,3923.30620338385,6609.36678992527,3563.54993670969,764.495511965235,803.204191321863,483.474312875424,583.571050178682,1570.93243212067,1440.26297448797,0.00595962356062272,0.00506599060115336,1.26363402669052e-05,0.00135238134422589,0.0130709803587661,0.000115647850976807,4.76594373272921e-05,1.5923926236338e-06,9.27600184715058e-06,0.000228017441120868,-402.740068870004,0.0902156836790489,0.0732860473629342,0.995,0.584309825597625
"linear",200,"sir_collapsed",137,4.404,2885.88094558804,3087.55199370209,3509.01121510761,3470.30101824413,6882.63448581891,2967.52973953834,6484.61576074789,2909.96576878739,655.286318253416,701.079017643526,796.778205065308,787.988423761157,1562.81437007695,1472.43772950679,0.00383847259012116,0.00336075295173178,4.10059221980155e-06,0.00107462936641754,0.0078271388230097,6.17898783120675e-05,3.62779243909175e-05,4.82486258535723e-08,7.79682550972936e-06,0.000131058197527031,-404.070759836189,0.183594938820653,0.143133035530126,0.895,0.52379422263206
"linear",200,"sir_collapsed",138,4.411,2742.51278424542,2914.30266218392,2479.03728991561,3019.58951068544,6875.51183962062,2909.56936332391,6425.04890963452,2702.77581220055,621.744000055639,660.689789658562,562.012534553527,684.558945972669,1558.71952836559,1456.59689631252,0.00388931314466708,0.00339216228191812,4.29142764033317e-06,0.00105863964619215,0.00790708685704452,5.31473899342073e-05,3.90563581809678e-05,8.45082861270563e-09,9.59691720469403e-06,0.000112966158658892,-401.99319330365,0.133887362955625,0.107234174865685,0.955,0.52714195504007
"linear",200,"sir_collapsed",139,4.4,2303.55420107587,2553.19549631305,2718.52829052389,2874.84602812124,6675.88476533498,2494.60973391069,6219.91891318053,2380.16777481089,523.535045699062,580.271703707512,617.847338755429,653.374097300282,1517.24653757613,1413.61793481376,0.00387917661866808,0.00338188986037985,4.15472848710655e-06,0.00098247371787959,0.0078815661243325,7.52020642426864e-05,4.2885528264679e-05,1.38018391213976e-07,9.51409422138079e-06,0.000149618181920148,-404.141953853887,0.133506609119264,0.10513793572768,0.935,0.530560219937525
"linear",200,"sir_collapsed",13,4.626,3044.11548916604,2940.29233617763,3293.02404781315,3462.5046305466,6731.2991692834,3320.93465173359,6395.29907073526,2837.98851954304,658.044852824479,635.601456155994,711.851285735658,748.487814644748,1455.10142007856,1382.46845454718,0.00379968963505175,0.00332633859453653,4.01564056963848e-06,0.000927442182582613,0.00758296642013062,5.98324963746146e-05,3.84466424110646e-05,2.33654762877723e-08,8.43589748659972e-06,0.000132772560962332,-378.820167714325,0.0710918124800675,0.0577116623689587,1,0.53544919274147
"linear",200,"sir_collapsed",140,4.522,2892.89234288053,3067.68603542014,2490.24365086277,3373.31829793221,6565.92685730582,3180.55880392223,6093.31295345471,2944.83463897628,639.737360212413,678.391427558633,550.695190372129,745.979278622781,1451.99620904596,1347.48185613771,0.00408953053750368,0.00354574416112032,4.92881813864079e-06,0.00110486556356797,0.00856258225979408,6.23542491468578e-05,4.50355330115698e-05,2.89867659042861e-08,1.12700511887712e-05,0.000141777203482293,-381.677378048567,0.133457665352465,0.107430569084274,0.945,0.547263491095432
"linear",200,"sir_collapsed",141,4.828,2714.12861914065,2702.71870296579,2769.42825669213,3598.31323415303,6901.77785046955,3004.72718345081,6614.47270180581,2596.30474350106,562.164171321594,559.800891252234,573.618114476414,745.301001274446,1429.53145204423,1370.0233433732,0.00438592938655001,0.00375441091819478,6.35980376052447e-06,0.00106844832005226,0.00939747276967444,5.6139261096755e-05,3.90233771506382e-05,1.89061221623511e-08,1.04451133038747e-05,0.000118127506326718,-399.883208140826,0.108940445723433,0.082947988841208,1,0.549063734696517
"linear",200,"sir_collapsed",142,4.556,2678.7913821243,2726.62691347991,2648.86279497983,3223.52875202907,6641.883995008,2976.87010030801,6134.9996519415,2555.16742691878,587.970013635711,598.469471791026,581.400964657557,707.534844606908,1457.83230794732,1346.57586741473,0.00416010126176141,0.00362966646164543,5.06986191230675e-06,0.00125708836267496,0.00856490938358067,6.76463375689048e-05,4.43142127187956e-05,4.36819170277563e-08,9.88251670560463e-06,0.000148025741785781,-387.247907596486,0.108766927538432,0.0922783322362159,1,0.551189273714691
"linear",200,"sir_collapsed",143,4.421,3553.63966549957,3752.24314124328,2527.36625507785,3432.32696672888,7166.66014934352,3442.3711669133,6440.40029057648,3545.09497233818,803.80901730368,848.731766849872,571.672982374542,776.368913532884,1621.04957008449,1456.77455113695,0.00525101773404686,0.00452080378162228,9.40144486818904e-06,0.00110794620764024,0.0111311829705927,6.21300719074003e-05,4.58461331344902e-05,1.4180396069708e-08,1.06682583599131e-05,0.000138548812075664,-394.098360619213,0.124180370518245,0.102003979542544,1,0.573188285304846
"linear",200,"sir_collapsed",144,4.408,2700.21921297386,2630.42879400505,2929.42329870594,3465.79326049428,6974.94675947303,2967.72141090736,6407.14606098367,2447.19102028229,612.572416736356,596.739744556499,664.569713862508,786.250739676561,1582.33819407283,1453.52678334475,0.00447897729064192,0.00376014686655088,7.22154245268244e-06,0.00106470099086415,0.00961148782242651,6.7740392614557e-05,4.2057605609694e-05,4.18378546705504e-08,9.55879909232875e-06,0.000148692549658848,-404.462302072987,0.103465850477043,0.0881962133899528,1,0.555256112445011
"linear",200,"sir_collapsed",145,4.716,2758.47313751767,2798.07508072303,2996.58612443001,4524.78351029099,7053.55938710349,3028.6441263519,6589.94120891045,2725.90895853268,584.917968091108,593.315326701237,635.408423331215,959.453670545163,1495.66568852915,1397.35818679187,0.00411121260944171,0.00359521545900025,4.78547082108352e-06,0.00114134139188408,0.00849808819893849,4.71315076674172e-05,3.76249183043043e-05,3.87549708669731e-09,1.00672041602897e-05,9.98388724532088e-05,-398.573943072989,0.100813228585615,0.0829693506733885,1,0.533773786617978
"linear",200,"sir_collapsed",146,4.727,3377.54073402617,3790.93843720073,2728.30479747236,3993.92885397,7352.88073911869,3714.94421799439,7041.40950640592,3541.85380495663,714.520993024364,801.975552612805,577.174698005577,844.918310550033,1555.50682020704,1489.61487336702,0.00581266615788,0.00480988536527675,1.4013796934477e-05,0.00116431721558027,0.0135996694884395,6.59976657999796e-05,3.78989028780383e-05,8.69670663589694e-08,8.54309073364067e-06,0.00013820662512417,-407.802671787988,0.113980872691761,0.0857524516827688,1,0.579273239952552
"linear",200,"sir_collapsed",147,4.427,2583.6026724557,2723.97556538434,2698.7903754599,3497.96032028105,6989.07777459856,2886.74956884539,6572.3745116615,2507.40095195783,583.601236154438,615.309592361495,609.620595315089,790.142380908301,1578.73905005615,1484.6113647304,0.00472239227338965,0.00395311649263555,8.23205490190556e-06,0.00111256973813082,0.0104109018562957,5.88693198986141e-05,4.00195845613799e-05,1.19442955408369e-08,8.80711220908724e-06,0.000129218774676718,-405.461031919467,0.10244082663865,0.0881720762859095,1,0.54803079117224
"linear",200,"sir_collapsed",148,4.576,3289.93968546911,3312.34616081132,2982.32242717002,3923.84235779549,6927.05358687385,3541.8078132926,6469.06708371054,3207.73529342808,718.955350845523,723.85187080667,651.731299643797,857.483032735028,1513.77919293572,1413.69472983185,0.00388467454299023,0.00339012008878418,4.43591978035072e-06,0.00089647035735972,0.00782870256475347,4.98996484169306e-05,3.669582082585e-05,7.48904912877843e-09,1.05347061915855e-05,0.000109533613560113,-385.863866194489,0.0859194152246413,0.0676931344029299,1,0.537248779447588
"linear",200,"sir_collapsed",149,4.392,2961.21447504027,3240.5830825447,3110.38734905314,3504.79467025365,7026.6601052406,3192.69326152323,6568.68488575165,2852.38182348279,674.229160983668,737.837678175022,708.193840859095,797.995143500376,1599.87707314221,1495.60220531686,0.00435703847090895,0.00377175938453452,5.85499514808263e-06,0.00111637173222169,0.00904076440972308,5.88549760075076e-05,3.83650221297302e-05,5.68095171419182e-08,1.05164823555201e-05,0.000136902395027663,-392.749400040829,0.150075194352482,0.115614693299358,0.905,0.547029773615761
"linear",200,"sir_collapsed",14,4.609,3529.69841858151,3435.36128290825,1583.12016725519,2485.95740359172,7031.48685967355,3486.76998041534,5999.84470733065,3261.57345708938,765.827385242247,745.359358409253,343.484523162332,539.370232933764,1525.59923186669,1301.76713111969,0.00668247941413973,0.00567337922828672,1.78182648372211e-05,0.000920811234949001,0.0151488850843316,9.90199966170293e-05,4.92682852238796e-05,1.84741807705828e-07,9.19999146436373e-06,0.000216251910688036,-402.64203438004,0.15088035384468,0.124482224810695,0.985,0.603921024327178
"linear",200,"sir_collapsed",150,4.458,3445.62210469565,3072.21893740739,2047.289271152,3852.30069139069,7241.11145185727,3798.35459409472,6594.00302059771,3121.6239356906,772.907605360174,689.147361464198,459.239405821444,864.132052801859,1624.29597394735,1479.13930475498,0.00581952168321106,0.00481859990606672,1.45636601382195e-05,0.00123718853137021,0.0130760101424812,6.51130644492004e-05,4.26365242604241e-05,2.65086159200216e-08,9.71593195982054e-06,0.000144022735331612,-381.829316034296,0.116072420767791,0.0963751718165947,1,0.591864725498826
"linear",200,"sir_collapsed",151,4.438,3163.06467281831,3062.92641787871,2410.87744301038,2766.55231713188,6943.84179091174,3517.29842880731,6273.24379063509,3025.38336771314,712.722999733733,690.159174826207,543.235115594949,623.378169700739,1564.63312098056,1413.5294706253,0.00560670670266497,0.00473038764418866,1.16872493449155e-05,0.00116646654285206,0.0127557946882238,0.000134477182459711,4.46422581817991e-05,1.7829472110535e-06,6.65252543159074e-06,0.000203591091708238,-403.008401437071,0.0826968487249233,0.0671217811627103,0.98,0.577757372099348
"linear",200,"sir_collapsed",152,4.425,2865.15114803913,3075.92123055094,3004.49692664587,2893.6242229774,6841.52645013663,3096.891553093,6256.57739186619,2892.92868440847,647.4917848676,695.123441932416,678.982356304151,653.926378073988,1546.10767234726,1413.91579477202,0.00447776006807971,0.0038321742692533,6.43252999009191e-06,0.00117739536917605,0.00952804151211765,9.00229015745507e-05,4.19845552735398e-05,3.69100989495471e-07,7.53159120612928e-06,0.000179066401473235,-395.624071833761,0.102356231374055,0.0853939093456884,1,0.563201694290723
"linear",200,"sir_collapsed",153,4.711,2543.52601074639,2730.8052788305,2687.66573434752,2972.74529729422,6484.43864011007,2671.80396910466,6005.93845393522,2500.88239969306,539.912122850009,579.665735264381,570.508540511043,631.022139098753,1376.44632564425,1274.87549436112,0.00431029953398843,0.00370409385371994,5.76495276199708e-06,0.000946681134876495,0.00899415915614144,7.97117172671698e-05,5.14738459439887e-05,1.24073116555321e-07,1.14598212851536e-05,0.000167717732671719,-393.104636856489,0.157347479940241,0.122656583460037,0.98,0.565907549525432
"linear",200,"sir_collapsed",154,4.734,3193.38817992449,3351.55601292449,2495.74934496012,4516.89769003675,6745.65001248532,3429.55769971059,6278.83638530274,3261.41688005115,674.56446555228,707.975499139099,527.196735310545,954.13977398326,1424.93663128122,1326.32792253966,0.00396819137862426,0.003440146788073,4.65272576210354e-06,0.00098599173046728,0.00811429612345626,4.95094530557128e-05,3.92742247212869e-05,2.68077401703845e-09,9.54206897909348e-06,0.000105913700143252,-389.126934308717,0.105188462291506,0.0865623535486635,1,0.54568826636152
"linear",200,"sir_collapsed",155,4.715,3081.4146366223,2914.01368685852,2588.00792114898,2957.96569923579,7060.20964698783,3545.19280963518,6204.68251032885,2871.69542295596,653.534387406638,618.030474413259,548.888212332763,627.352216168777,1497.39335036858,1315.9453892532,0.00516232164271728,0.00444980653563103,8.37903766130846e-06,0.00116909073867459,0.0107463005732605,8.20160186003761e-05,4.65118954019711e-05,3.36513975084919e-07,8.99744600526973e-06,0.000170846832221289,-379.715452941095,0.129973879722301,0.108632821508936,1,0.576356695666969
"linear",200,"sir_collapsed",156,4.473,2798.88664086146,2965.70237318595,2262.07499200427,2760.8156999572,6622.89204411721,3058.81798196214,6133.96016863684,2774.94233864907,625.729184185437,663.023110481993,505.717637380789,617.217907435099,1480.63761326117,1371.33024114394,0.00408074176031332,0.00352737180557761,4.869135969703e-06,0.00113212273339373,0.00836620620052784,9.03007188890718e-05,3.94942773422729e-05,2.93895333716621e-06,7.99950890822399e-06,0.000144623336925693,-406.04666510027,0.0683476233311587,0.0547869797463459,1,0.540777986434076
"linear",200,"sir_collapsed",157,4.472,3061.43867924608,3417.68882267381,3071.65781801792,3390.87187964174,6951.17146115216,3369.74409231682,6597.59391954106,3035.61533470527,684.579311101539,764.241686644412,686.864449467335,758.245053587151,1554.37644480147,1475.3116993607,0.00401019522911253,0.00346235585717333,4.89603752719825e-06,0.00119376453186367,0.00845481695893807,5.25693344882437e-05,3.49419884759817e-05,2.88689202832085e-08,7.58740974014331e-06,0.000113119058942096,-395.353882920158,0.137292078120344,0.112504159040692,0.93,0.539383498288502
"linear",200,"sir_collapsed",158,4.386,2569.53404469609,2679.29387847046,3483.90866892489,4222.98355580438,6706.59710971978,2765.74573500883,6366.05519487829,2470.46750233545,585.849075398105,610.874117298327,794.3248219163,962.832548063013,1529.09190828084,1451.44897284047,0.00363804589236998,0.00318924388111854,3.48183094486815e-06,0.00101425527624586,0.0073162269921429,4.69131197962054e-05,3.71109483684989e-05,1.7895042162165e-09,1.06195611486374e-05,0.000103612989184324,-402.237278777393,0.112083608340107,0.0849289852546044,0.98,0.528729840070264
"linear",200,"sir_collapsed",159,4.671,2705.58265908101,2952.74117661954,2408.3155953732,3276.8403894157,6849.1633559702,2924.04303579689,6253.29515859892,2799.09925762214,579.229856365021,632.143261960937,515.58886648966,701.528663972532,1466.31628258835,1338.74869591071,0.00484899974503305,0.00405779950537882,9.62349389002932e-06,0.00110091778185797,0.0105507597087571,0.000106421915530853,4.76455094825824e-05,1.99015102934181e-06,8.95925687741524e-06,0.000178868147459937,-408.880473325652,0.121640054882632,0.100512332062675,1,0.55994391259342
"linear",200,"sir_collapsed",15,4.499,3242.19919991613,3752.30821471224,1944.35801241003,3787.05861918451,7052.46333383882,3538.39772390443,6661.57560034856,3491.85517837239,720.648855282536,834.031610293896,432.17559733497,841.755638849636,1567.56242139116,1480.67917322706,0.00445559683257495,0.00387805480623674,5.7720479103292e-06,0.00101884575928721,0.00910039908818231,5.56220472114143e-05,3.97178127574785e-05,2.11730969787583e-08,9.3399393499698e-06,0.000119359985426962,-375.205334933233,0.0897912606350124,0.0745895154270824,1,0.551812409835526
"linear",200,"sir_collapsed",160,4.407,3337.66589524901,3631.18555332765,2137.24542990706,3450.10192593077,6929.48443684667,3486.05273229237,6394.01962455164,3434.53277381747,757.355546913775,823.958600709701,484.966060791255,782.868601300379,1572.38131083428,1450.87806320663,0.00466091663225003,0.00398720344047568,7.34793218830282e-06,0.00109370080493331,0.0101052899313475,6.17568086258055e-05,3.98421172133841e-05,6.32767915685622e-08,8.84570257965421e-06,0.000127033273526269,-381.58955822413,0.09363140536468,0.0639758872906066,1,0.555832411713677
"linear",200,"sir_collapsed",161,4.531,2973.63190864319,3182.97493728176,3354.57865836574,3099.25712882043,6897.00621504483,3202.84613480607,6596.65317208745,2869.03095910565,656.28600941143,702.4883993118,740.361654903055,684.011725627992,1522.18190577021,1455.89343899524,0.00387089693865389,0.0034008224593305,4.28895776811819e-06,0.00101182991881733,0.00814805332872567,5.38728146475781e-05,3.64991623229855e-05,4.90179850717657e-08,7.23111005448637e-06,0.000116282524719103,-386.437707143082,0.141172620335978,0.127231831538829,0.945,0.529817319540757
"linear",200,"sir_collapsed",162,4.479,3329.37531344066,3643.14125375214,2030.66748759684,2966.49020528601,7052.24694451862,3545.48319320809,6470.13021813073,3378.60658664335,743.330054351564,813.382731357923,453.375192586926,662.310829490067,1574.51371835647,1444.54793885482,0.0046142262986247,0.0040205599794291,6.90601423666371e-06,0.00108991360878218,0.00984965676062231,6.45005040991485e-05,3.83460878328542e-05,4.21820554022199e-08,7.2902936912717e-06,0.000130847702164589,-395.210883727013,0.146541563668385,0.101782713707262,0.935,0.550763964620049
"linear",200,"sir_collapsed",163,4.414,2615.44527092158,3053.01979262808,3300.07167531857,2969.72847161145,6533.47622078187,2979.78317696408,6126.78541766196,2818.77655235724,592.53404415985,691.667374859102,747.637443434202,672.797569463401,1480.17132324012,1388.0347570598,0.00399531371394423,0.00349175355694677,4.64726792922425e-06,0.00108351817995486,0.00800709005836376,8.24534497741353e-05,4.43629215584835e-05,1.53408651123989e-07,8.2283887031121e-06,0.000165397291847566,-393.776843942645,0.0930969141949571,0.0794968400816553,1,0.548336482049749
"linear",200,"sir_collapsed",164,4.424,2891.81602641685,2827.84625410033,2505.72980243894,2672.26621521423,6775.31016704912,3144.52007664233,6156.56417577912,2599.166647719,653.665467092415,639.205753639314,566.394620804462,604.038475410088,1531.48963992973,1391.62843032982,0.00474370947787915,0.00394095463603636,8.86165886791453e-06,0.00107079005202701,0.0104459500044838,8.13232864510336e-05,4.43457515201024e-05,1.24286535514477e-07,9.11393020976787e-06,0.000165376662246616,-406.402079332768,0.134743834560089,0.111124648080733,1,0.571724617395069
"linear",200,"sir_collapsed",165,4.738,2650.38146484041,2674.42388757647,3171.14781229306,3452.45184032831,6831.23594910784,2874.70774423336,6316.02563789478,2565.90673841767,559.388236564038,564.462618737119,669.30093125645,728.672824045654,1441.79737212069,1333.05733176336,0.00413463467416588,0.003593446711024,5.20152445176763e-06,0.0011010221633551,0.00856560472456879,6.1241517906341e-05,4.26722227741627e-05,1.75010425084915e-08,1.00957611375312e-05,0.00013794219237612,-391.303493249272,0.130540364646544,0.106553471573286,0.985,0.549135332350275
"linear",200,"sir_collapsed",166,4.586,2887.72073169885,3185.38531334684,2266.14376325148,4234.4860428953,7211.4728593421,3142.43020623718,6739.2743505762,3068.2124358408,629.68179932378,694.589034746368,494.143864642713,923.350641712887,1572.49735266945,1469.5321305225,0.00520325405958766,0.00435614996270763,1.02344207850771e-05,0.00122079401657306,0.011438513536901,5.08996672168122e-05,3.85087569868694e-05,1.27742589865577e-08,9.63293477870978e-06,0.000110731357245227,-393.5373961122,0.103038458273829,0.0793404790532498,1,0.566596899153907
"linear",200,"sir_collapsed",167,4.429,2481.47146131081,2685.01797348771,2014.05300805438,2433.72010820335,6726.26275317108,2675.45891746383,5914.74256727461,2441.70131101555,560.278045001312,606.235713137889,454.742155803653,549.496524769326,1518.68655524296,1335.45779346909,0.00496308561039049,0.00419779334078828,9.17031856827213e-06,0.00109160864525714,0.0108232741823129,9.61564634534274e-05,5.55495500423255e-05,4.62742206301914e-07,9.88587484460881e-06,0.000200552161170202,-394.785028607598,0.143061327176126,0.12250257815389,1,0.578253559131749
"linear",200,"sir_collapsed",168,4.651,2872.60921133682,3205.26504549755,2339.11811404994,3291.29747548594,6655.37282350114,3083.12954124491,6122.53138235722,2896.64913237848,617.632597578331,689.156105245656,502.927997000631,707.653725109856,1430.95524048616,1316.39032086803,0.00394945119788295,0.00346234033350667,4.47145015432752e-06,0.00107131253842809,0.00804708488371855,6.62846731420744e-05,4.4116108383551e-05,9.05186280103005e-08,1.13294163137027e-05,0.000136775128389067,-387.572625250437,0.124921225198077,0.09871306539642,0.985,0.545706391618909
"linear",200,"sir_collapsed",169,4.555,2663.40637015472,2776.13942305364,2168.54005293832,3484.03308785199,7137.84048100275,2968.39255762722,6270.48649009696,2700.50328496914,584.721486312781,609.470784424509,476.079045650565,764.881029166189,1567.03413413891,1376.61613394006,0.00533817728158139,0.00448142882065449,1.13047572680632e-05,0.0013414585411446,0.0119849768727242,7.83246921973658e-05,4.83669787910072e-05,7.26818154085057e-08,1.0668367672829e-05,0.000166477702358259,-391.688030872468,0.127634125804338,0.100754596924176,1,0.580537734351715
"linear",200,"sir_collapsed",16,4.526,2933.6220007308,3114.98124516639,2151.20487317296,3487.52584301407,6942.74615675063,3225.9527555138,6374.8979998445,2977.58498867266,648.171012092531,688.241547761022,475.299353330305,770.553655106954,1533.96954413403,1408.50596549812,0.00459060266750999,0.00397056816991588,6.46489384951382e-06,0.00115324671691795,0.00968051155029665,6.05105189637505e-05,4.11603594720967e-05,3.60349771073807e-08,9.43092400472447e-06,0.000126934836226347,-394.921198528836,0.106235555742074,0.0859727080613747,1,0.551049925579366
"linear",200,"sir_collapsed",170,4.87,3137.14847233444,3253.6439197536,3125.86316614178,3421.87940039544,6896.39848863375,3476.58703872944,6496.04977473962,3021.87876078654,644.178331074834,668.099367505872,641.861019741638,702.644640738284,1416.09825228619,1333.89112417651,0.00410895639306122,0.00356526779490517,5.27806628043045e-06,0.000941573429315853,0.00857943164940994,6.08448393215176e-05,3.76435761873777e-05,1.12758602545638e-07,7.13928071140252e-06,0.000128639174467937,-393.632115721804,0.0799331364161,0.067198661061769,1,0.543718058280468
"linear",200,"sir_collapsed",171,4.629,3307.77559713091,3347.65387829688,2435.38489769026,3542.37215399742,7179.67084505437,3653.03449617001,6797.42392747886,3194.94865662451,714.57671141303,723.191591768606,526.114689498868,765.256460142021,1551.01984123015,1468.44327662105,0.00520403549308998,0.00432915474054654,1.06303830487183e-05,0.00105268215683747,0.0116047931849111,5.93564630201191e-05,4.00460589594871e-05,2.14302064886147e-08,9.48263091761614e-06,0.000130304881108488,-408.015221124226,0.113571165406864,0.0886727605041299,1,0.56495979197971
"linear",200,"sir_collapsed",172,4.41,3869.40150733458,4044.26483594099,2413.72384336592,3705.06332513575,6969.96264405419,3899.46709754195,6858.81377654318,3853.39242251906,877.415307785619,917.066856222447,547.329669697488,840.150413862983,1580.49039547714,1555.28657064471,0.00526772601928978,0.00440079732873427,1.09324334349808e-05,0.00104957757314894,0.0117318085343879,7.18335089294261e-05,3.95142162220904e-05,6.7298433201518e-08,7.84019707700653e-06,0.000151549069782582,-408.794185696025,0.110909435787037,0.084474901181205,0.995,0.566585999920575
"linear",200,"sir_collapsed",173,4.88,3987.11455632692,4254.49848321631,2034.38018096327,3857.28558802552,7565.03575834959,4282.33387433761,7043.40102229715,4184.01620732721,817.031671378467,871.823459675473,416.881184623622,790.427374595393,1550.21224556344,1443.31988161827,0.00768197290354477,0.00636491744995021,2.4911980906168e-05,0.00137874984738234,0.0184322751904489,6.69590362587826e-05,4.09559269349927e-05,7.39141643775966e-08,7.05945435019393e-06,0.000142875881658502,-395.307078505427,0.143425870033133,0.115243937671276,0.98,0.622228779983673
"linear",200,"sir_collapsed",174,4.529,2717.83345170218,3042.52277765168,3672.57076995714,3803.34978848646,6784.63051147247,2941.20996607732,6481.7192901735,2813.80309102031,600.095705829582,671.786879587477,810.901031123237,839.776946011583,1498.04162319993,1431.15903956138,0.00362859922745032,0.0031805605313458,3.59249331696921e-06,0.00101879557532038,0.00725153940255467,5.18405079808578e-05,3.66527940353606e-05,1.47750959809728e-08,8.92909299976218e-06,0.000110814538455805,-386.459351991196,0.143501376578154,0.112093828692288,0.96,0.528291575406239
"linear",200,"sir_collapsed",175,4.902,3504.71975118919,3626.30613950612,2148.09658527136,3619.80465103594,7411.55047822591,3711.05453036314,6701.25020568287,3452.70082896923,714.957109585717,739.760534374974,438.208197729776,738.434241337402,1511.94420200447,1367.04410560646,0.0065332689412074,0.00535529187009563,1.92766851636851e-05,0.00125288516503541,0.0152868819512806,6.73399566701494e-05,4.27036804925542e-05,4.42725559914032e-08,9.11276672975989e-06,0.000150219050342748,-394.973568323548,0.0896650695600769,0.0647106450831215,1,0.602875144186422
"linear",200,"sir_collapsed",176,4.433,3113.16573365796,3362.90091066297,2103.38619474191,3677.21097369119,6756.65541210409,3012.43440746916,6247.39818332795,3102.94043907546,702.27063696322,758.606115646959,474.48368931692,829.508453347889,1524.17221116718,1409.29352206811,0.00428198089006035,0.00366237920736198,6.1008574854696e-06,0.00104205719425287,0.00888138602981273,5.69746097603362e-05,4.18395186651595e-05,1.01341963478883e-08,1.09459564147993e-05,0.000123549240616055,-386.275802960981,0.131389050760756,0.0965860281834797,0.96,0.553532362310314
"linear",200,"sir_collapsed",177,4.677,2437.91450136805,2695.67549734064,2628.0489628275,2561.9417257712,6779.71109661121,2602.09630687614,6030.7043204318,2493.54672245219,521.256040489213,576.368504883609,561.909121836114,547.774583230961,1449.58543865966,1289.43859748381,0.00512238777272295,0.00438020525494614,9.22383107436464e-06,0.0010719711373292,0.0110488776842924,9.4673625969983e-05,5.33424954725488e-05,1.16264217616989e-07,1.04717257979693e-05,0.000232513933320361,-390.716900983482,0.157317016033301,0.122378843956994,0.96,0.580845839853755
"linear",200,"sir_collapsed",178,4.419,3207.60025091822,3469.04584578567,1952.74722382124,3758.55090817522,6924.62173791771,3581.33384817328,6363.37560006223,3234.85832883396,725.865637229741,785.029609817983,441.897991360318,850.543314816751,1567.0110291735,1440.00353022454,0.00481394194147491,0.0041109204629551,7.77678275202429e-06,0.00100843432046337,0.0102774316188363,5.86325907612542e-05,4.14920236441414e-05,2.22021188842039e-08,1.1075583416505e-05,0.000130602003437254,-390.971949253605,0.0920497090069463,0.0754190766645491,1,0.567419299585658
"linear",200,"sir_collapsed",179,4.829,2609.42957376306,2504.16778062246,2665.84979745233,3089.66931916042,6962.01056191588,2810.03986084387,6348.32475621995,2420.0279395605,540.36644724851,518.568602323972,552.050071951198,639.815555841877,1441.7085446088,1314.62513071442,0.00425739749859036,0.00371872798348543,5.24848843640693e-06,0.00116572992857728,0.00870575830917045,6.53458352340333e-05,4.2050243763384e-05,6.18683638458857e-08,9.9389754186765e-06,0.000131122848949943,-399.45598951375,0.123887205643742,0.0984465546739497,1,0.54229734398485
"linear",200,"sir_collapsed",17,4.404,2789.99068098553,3083.4162379497,3818.75932884141,3442.65015937132,6845.68432807997,2999.49122942476,6382.62093319044,2901.27957938855,633.512870341856,700.13992687323,867.111564223753,781.709845452162,1554.42423435058,1449.27814105142,0.00353039338573382,0.00312327727925555,3.08585631184058e-06,0.00108135950905842,0.00698023555163188,4.90282575251002e-05,3.31823380296013e-05,2.77572772845524e-08,9.00388133316371e-06,0.000101745810175071,-376.404931730772,0.133487423703808,0.104342584572397,0.94,0.525155200625315
"linear",200,"sir_collapsed",180,4.7,3072.78449059016,3288.06578927205,2976.94395008258,3059.98444741241,6695.70693835787,3348.26022983744,6261.68166872362,2966.3774689428,653.783934168119,699.588465802564,633.392329804804,651.060520726046,1424.61849752295,1332.27269547311,0.00416465497636599,0.00367349278802715,4.65691286804138e-06,0.00111698381020987,0.00849225562988133,7.83813392405838e-05,4.27743260623815e-05,1.3358083932625e-07,9.89192949787632e-06,0.000172181456241342,-392.058820277288,0.10115080913431,0.0746359322429997,0.99,0.54630383069151
"linear",200,"sir_collapsed",181,4.444,2992.83583799249,3293.15862402106,2220.52678387484,2934.96596477992,6687.63716784741,3278.58099323528,6135.38902246279,3052.80777347825,673.455409089219,741.034793884127,499.66849322116,660.433385414023,1504.86884965063,1380.60059011314,0.00438918185588598,0.00383120260495369,5.67238120348102e-06,0.00100040471229487,0.00916659077195655,7.8032496046843e-05,4.6033009239299e-05,8.56186816123857e-08,8.36422200854577e-06,0.000175668213198739,-377.365644834825,0.11032780445998,0.0979821298134326,1,0.556936204779389
"linear",200,"sir_collapsed",182,4.783,2772.75996215792,3087.31897246906,3211.63486042803,3002.64294898605,6667.46899224066,3150.28785152124,6055.9177542026,2831.42276696927,579.71147024,645.477518810174,671.468714285601,627.77398055322,1393.99309894222,1266.13375584416,0.00433724411223067,0.00380658972919365,5.3650941274954e-06,0.00124817219434007,0.00901670958030138,7.3208299855498e-05,4.70758438273079e-05,1.57941920254035e-07,1.11625380738327e-05,0.000161054922308238,-381.333912781238,0.13276138076289,0.0977209056663532,0.945,0.557664052423878
"linear",200,"sir_collapsed",183,4.414,3097.78910853324,3445.87389014703,3280.37109697198,4408.9362444725,7071.58447990603,3333.11909015052,6671.13982754953,3105.70534806828,701.80994756077,780.669209367248,743.174240365198,998.852796663457,1602.08076119303,1511.35927221331,0.00418404001278574,0.00362478216530939,4.94925765753668e-06,0.00114142783413812,0.0086957544620478,4.85657012791974e-05,3.72369713384362e-05,8.43500461403241e-09,9.54876774944137e-06,0.000104264546189598,-399.897626309496,0.0952467327583646,0.0757230596833809,1,0.547616888024427
"linear",200,"sir_collapsed",184,4.607,3079.45394590736,2857.04178205373,2679.80078699325,4019.81539125721,7186.72203276297,3411.13938841417,6376.72444385127,2831.82467208005,668.429334905005,620.152329510251,581.680222920175,872.545125082963,1559.95702903472,1384.13814713507,0.00461930009500819,0.00394178528987577,7.54746556322836e-06,0.00119900402060036,0.0100544021225596,5.84209482207586e-05,4.29037084355839e-05,2.33842649059523e-08,1.00844757517659e-05,0.000129045612931993,-398.533585918523,0.103219205281172,0.0769292152670979,0.995,0.554646426276128
"linear",200,"sir_collapsed",185,4.418,3083.23124504877,3352.11783907737,2888.93101051342,3426.80932030216,7135.60746452662,3376.26727373783,6760.68273505424,3139.59272950973,697.879412641189,758.741022878536,653.900183457089,775.647197895463,1615.12165335596,1530.25865438077,0.00496046279357944,0.00423699838485847,8.53729729821759e-06,0.0010754375526985,0.0108593324050982,6.38700755366521e-05,3.75763955428728e-05,1.27517655312872e-07,8.21016097242458e-06,0.000131876656600397,-400.81345487342,0.11111871140416,0.0894597872674388,1,0.562008992084769
"linear",200,"sir_collapsed",186,4.47,3227.27946046599,3346.81430020116,2632.68123015231,3847.27126195321,6895.89321189939,3666.51898730444,6294.51335470405,3172.68450341155,721.986456480088,748.728031364913,588.96671815488,860.687083211008,1542.7054165323,1408.16853572798,0.00467958774308056,0.00399092610629367,7.67750726744795e-06,0.00116247103754321,0.0098300438027682,6.60409161420335e-05,4.4613278190253e-05,3.35832318438609e-08,9.99632862963873e-06,0.000146460463157915,-405.107760904436,0.105344882873993,0.0855734241549178,0.995,0.549048405931859
"linear",200,"sir_collapsed",187,4.401,3033.66351265884,3317.86720222452,2731.25927725749,4202.87490473908,6894.59287171628,3255.79777660513,6375.31780282278,3110.96973451966,689.312318259222,753.889389280737,620.599699445011,954.981800667821,1566.59688064446,1448.60663549711,0.00440174120861936,0.00375005196567644,6.32964783367404e-06,0.00102223208605961,0.00936483600655305,5.43735121852572e-05,4.07503696594993e-05,9.97227963583252e-09,1.14446815185298e-05,0.000119786563558094,-384.28459771799,0.106311086747089,0.0897853931983368,0.995,0.551782747382718
"linear",200,"sir_collapsed",188,4.459,3054.03520216244,2971.57487849083,2961.85901148914,3834.52043239894,7129.17370067003,3351.68964205051,6548.00612111185,2885.30793236399,684.914824436519,666.421816212341,664.242882146027,859.950758555492,1598.8279212088,1468.49206573488,0.00426938505844634,0.00374572047501875,5.06909518593175e-06,0.00108929549976577,0.0087125153202829,5.87618919526422e-05,3.93680904757791e-05,1.97463664176477e-08,9.24506122604043e-06,0.000127138410488466,-384.21921182042,0.112088727042311,0.0876587077014719,0.98,0.546129462341798
"linear",200,"sir_collapsed",189,4.411,2640.14256474826,2878.62344438105,2533.93147034665,3297.28657406194,6843.10727753811,3007.91120054893,6106.13993546659,2741.33307139385,598.536060926834,652.601098250069,574.457372556485,747.514525971875,1551.3732209336,1384.29833041636,0.00470572109955788,0.00400967920963567,7.01276829638052e-06,0.00115515606229829,0.00993575361656849,6.6965387522657e-05,4.59966117686243e-05,2.82876609307836e-08,9.74225432187748e-06,0.000151487208192151,-386.769459707982,0.0976178114319416,0.0762626141832249,1,0.569948861454411
"linear",200,"sir_collapsed",18,4.513,3337.43846473087,3454.70391204398,2787.74833876914,3598.20032074271,6908.95446716028,3587.60084147755,6379.87555560572,3360.83837277249,739.516610842205,765.500534465762,617.715120489505,797.29676949761,1530.90061315318,1413.66619889336,0.00516729202162274,0.00427876119351046,1.04736753548943e-05,0.00114944115900325,0.0113769981175878,6.3383490657939e-05,4.24278828326373e-05,2.18831931044167e-08,9.4849417329332e-06,0.00013841720765879,-403.276277628557,0.140912503544688,0.110466990187581,0.99,0.575078606320642
"linear",200,"sir_collapsed",190,4.527,2617.14831384623,2916.94189663929,3054.5602226744,3823.40220706164,6913.49737763123,2910.11971808738,6252.65465428872,2792.67398394058,578.119795415558,644.343250859133,674.742704368101,844.577470082094,1527.16973219157,1381.19166209161,0.00405665033452009,0.00352529402869428,4.57764110746043e-06,0.00111131550259353,0.00846056012867309,5.6679665094602e-05,4.23571733891198e-05,5.87417418036093e-09,1.06078083616428e-05,0.000125374245043656,-383.259290494568,0.108167286737432,0.0843315868624684,1,0.545554658811661
"linear",200,"sir_collapsed",191,4.406,2453.45644788738,2716.08004959333,3128.9951054825,2929.30331536161,6527.16944083416,2781.19434093777,6023.46260948079,2572.67790753148,556.844404876846,616.450306308063,710.166841916138,664.844147835136,1481.42747181892,1367.10454141643,0.00414351875589766,0.00361380313967116,4.97605643570235e-06,0.00112777663265315,0.00848584747380225,7.07802105746201e-05,4.25333259460978e-05,6.4367345450652e-08,8.61198799124147e-06,0.000154504228454601,-393.496350896822,0.147331206325607,0.116062319043896,0.92,0.56002506638704
"linear",200,"sir_collapsed",192,4.671,3618.6732081585,3944.72162045133,2210.2677597225,2647.37297637613,6937.47575718128,4049.68632408751,5918.99791088491,3636.10518973941,774.710599049132,844.513299176051,473.189415483302,566.76792472193,1485.22281249867,1267.18002802075,0.00574380505908152,0.00497992358248432,1.11297900708723e-05,0.000978702705776698,0.0121286413752728,0.000116178666743443,5.45824790732837e-05,2.04416374849696e-06,8.5310021698472e-06,0.00020254827891605,-377.08825236725,0.169209250339063,0.130946071947556,0.95,0.591314096533095
"linear",200,"sir_collapsed",193,4.39,2553.36316133955,2774.53301231267,3124.25411146005,3174.80992985662,6755.90859692677,2741.24833053827,6393.92954785511,2460.93620835203,581.631699621765,632.012075697646,711.675196232358,723.191327985563,1538.9313432635,1456.47597901028,0.00406830952364365,0.00356085402478624,4.74950477173396e-06,0.00114657497782451,0.00832504481335879,5.48241908303874e-05,3.92333230121571e-05,1.66708610373042e-08,9.54196511607914e-06,0.000116352570559056,-380.601398218504,0.141008237487756,0.12289438186441,0.915,0.550566124960124
"linear",200,"sir_collapsed",194,4.391,2771.50522944148,3090.38787636448,3211.94146336871,3586.87653791745,6710.29093675682,3026.51949204906,6186.68134396622,2968.7581538548,631.178599280683,703.800472868248,731.482911265932,816.870083788989,1528.19196919991,1408.94587655801,0.00359990117212504,0.00317244164284671,3.51159411047104e-06,0.000939704123049921,0.00716309912481757,5.44785472560256e-05,3.70315809106423e-05,1.70600217370839e-08,8.79927008745193e-06,0.000119432186668159,-400.418193874061,0.102065784398414,0.0846963964751978,1,0.524662932227587
"linear",200,"sir_collapsed",195,4.411,3219.00559985041,3232.86671669865,2197.19442551419,3401.14416563234,7339.22049450968,3617.06704544446,6728.24037464524,3086.92232229737,729.767762378238,732.910160212797,498.117076743186,771.059661217942,1663.84504523003,1525.33220916918,0.00552606451103287,0.0047868655788312,1.00928494531291e-05,0.00130853563323735,0.0117777767744899,5.76899826296216e-05,3.97000429936159e-05,1.18467811174196e-08,1.02165038269451e-05,0.000133408188234227,-389.220687644309,0.106290853257781,0.0772928840418116,1,0.571132710882861
"linear",200,"sir_collapsed",196,4.54,3173.23085041932,3386.67615588512,3139.87799079854,4259.76612223128,6871.08213119169,2909.13813097927,6345.06764149026,2932.58714310529,698.94952652408,745.963910987912,691.603081673686,938.274476262396,1513.45421391887,1397.59199151768,0.0040226966496507,0.00348421122903195,4.80112083775986e-06,0.00099446689033712,0.0082467604692367,5.60130881088652e-05,3.9700230702933e-05,1.46132589742644e-08,9.89674069017528e-06,0.000118993126186453,-379.415909060311,0.0815483864800987,0.0651518559364209,1,0.539660930943778
"linear",200,"sir_collapsed",197,4.922,3295.39111987803,3445.21982011982,1450.1259829574,2642.82256335061,7108.73939251005,3536.25565910543,6081.75243315765,3387.5917867158,669.522779333204,699.963392954048,294.621288695125,536.940788978182,1444.27862505283,1235.6262562287,0.00600476495097942,0.00515902105275145,1.31201810252248e-05,0.00123394209293614,0.0128681984073426,8.83517824941713e-05,4.91492685687638e-05,1.11022714363949e-07,1.03630434941442e-05,0.000210805280510799,-383.448298064706,0.125854474405555,0.0941807964965957,0.96,0.588282515297536
"linear",200,"sir_collapsed",198,4.799,2645.86956493903,2635.6671833945,2891.83681361527,2305.89568882458,6728.82647218817,3034.67359647965,6153.38899304843,2565.50696813314,551.337688047307,549.211748988226,602.591542741252,480.495038304767,1402.13095898899,1282.22317004552,0.00435339305665806,0.00369784599380271,6.50925234489332e-06,0.000943876489805567,0.00941955624492298,9.64934361259926e-05,4.40802184956938e-05,2.10034912440399e-07,7.4727320672502e-06,0.000214828485977069,-410.526832278783,0.105710321571938,0.0830958449378228,0.955,0.548415607421541
"linear",200,"sir_collapsed",199,4.706,3184.82635457437,3493.97849893958,2153.43743225311,2948.13243757742,6875.14122767192,2953.77270393205,6151.37353820436,2665.52528231858,676.758681380018,742.451869727918,457.594014503422,626.462481423166,1460.93098760559,1307.13419851346,0.00468697881191856,0.00397512766193062,7.26795544245749e-06,0.00103042466507025,0.0100116721896921,8.19324953096624e-05,4.41746485069056e-05,1.91388280503802e-07,8.29819613181903e-06,0.000180008069572479,-400.358458864591,0.11306150227019,0.0927756958077562,0.995,0.565467642283182
"linear",200,"sir_collapsed",19,4.55,3390.75415870606,3751.59149636521,2437.46233232164,3181.73946916741,6962.4907656727,3432.8335424004,6477.06511984509,3510.48525034539,745.220694221112,824.52560359675,535.706007103658,699.283399817013,1530.2177506973,1423.53079557035,0.00502550287099351,0.00422980139045381,9.34753700613103e-06,0.00118470054392597,0.0111329963686078,8.52193435315923e-05,4.21394819201826e-05,4.85370765623936e-07,8.02338476480095e-06,0.000171824422980962,-397.397596535069,0.120073593931758,0.103408784094482,0.995,0.568282698970775
"linear",200,"sir_collapsed",1,4.809,3140.83033803322,3341.27716637895,1981.72859817018,4078.48211115697,7138.55154366514,3396.35994741565,6831.97901202121,3060.17555658174,653.115063013769,694.796665913693,412.087460630106,848.093597662087,1484.41496021317,1420.66521356232,0.00499535773967352,0.0042697237090774,8.11307554033072e-06,0.00130288597724609,0.0107439679925964,4.84449224343128e-05,3.67731728340504e-05,3.683833015201e-09,9.51886092152758e-06,0.00011079684690049,-376.347402754455,0.149515661386742,0.117990299573227,0.895,0.565586464360138
"linear",200,"sir_collapsed",200,4.445,2389.28878559766,2581.4121045077,2888.54537954375,2905.43044638724,6726.1983317837,2633.92840097959,6128.6107491165,2442.94230700432,537.522786411172,580.745130372936,649.841480212317,653.640145418952,1513.20547396709,1378.7650729171,0.00402272639603008,0.00350466941130515,4.53271590327214e-06,0.00110856873275069,0.00824382498965919,6.49304295232486e-05,4.29053833113157e-05,5.29469959251394e-08,1.00125769520157e-05,0.000139226570973355,-394.379773321663,0.0625401509048368,0.0496315636720019,1,0.542060267412744
"linear",200,"sir_collapsed",20,4.403,3117.56232823558,3305.43098466774,2609.68173252728,3275.50299284962,7114.16408161209,3506.2593514631,6522.60289903281,3094.08864872413,708.054128602222,750.722458475525,592.705367369357,743.925276595418,1615.75382275996,1481.3997045271,0.00443505690599728,0.00378312581729246,6.87647719862958e-06,0.00104361956361312,0.00944182498137878,6.7979564825086e-05,3.88000252448422e-05,1.27235322251779e-07,8.14412809948824e-06,0.000141970795914457,-400.69893256519,0.101576382207929,0.0879595406740113,1,0.547680827381513
"linear",200,"sir_collapsed",21,4.439,3018.68348282223,3044.8291231173,1596.7418241747,3272.05342945022,6871.2964888807,3364.90367967614,6221.76231924424,2853.7919563175,680.03682875022,685.926813047376,359.70755219074,737.114987485971,1547.93793396727,1401.61349836545,0.00426844081158255,0.0036857755947629,5.77989237175945e-06,0.000827420116746534,0.00897979470150014,6.6367091176728e-05,4.2926993263427e-05,2.9309561856455e-08,1.02868256733964e-05,0.000154951660962006,-394.027516528004,0.0891746456919239,0.0772345053095228,1,0.543822521142969
"linear",200,"sir_collapsed",22,4.393,2527.75912289149,2645.23962413878,3768.11027085377,4009.04229382355,6796.42684954716,2689.43415103592,6314.63559575435,2404.04324778933,575.406128589002,602.148787648254,857.753305452713,912.597836062726,1547.10376725408,1437.43127606518,0.00363083977645322,0.00321859844703378,3.31156903255969e-06,0.00109862607739012,0.00714884994796318,4.81601451282311e-05,3.7615091005719e-05,3.26115334205413e-09,9.40025530005646e-06,0.000104159819874228,-395.732567659315,0.116886991937683,0.086782734207446,0.965,0.522929312687877
"linear",200,"sir_collapsed",23,4.758,2540.19137095922,3239.03393523909,2674.66799146512,3347.48571979266,6859.30651552179,2801.06680152815,6462.65283933279,2736.61468533243,533.877967835061,680.755345783752,562.141234019571,703.548911263695,1441.63651019794,1358.27087838016,0.00459912921910261,0.00388779692074984,7.33969222752662e-06,0.00101412476919805,0.00982314981064868,6.68249055707544e-05,4.17987110299882e-05,4.22668234614902e-08,9.29579682601547e-06,0.000152488485114451,-394.841000186406,0.128216064518996,0.0989089986598861,1,0.563936390372916
"linear",200,"sir_collapsed",24,4.403,2962.09221785874,3210.71202490964,3489.57165577924,4032.31521827158,6697.5213262362,3186.1369732832,6254.11515148767,3052.39879154963,672.744087635417,729.210089691038,792.54409624784,915.810860384189,1521.12680586786,1420.42133806216,0.00364705768892208,0.00322783586535521,3.33962939144183e-06,0.00107189376422069,0.00721810279320097,5.32934400485541e-05,3.97755873908405e-05,7.8503562374798e-09,1.03128325138876e-05,0.000114421694842468,-387.972637343338,0.10470219334437,0.0838390014288374,0.985,0.530836770474811
"linear",200,"sir_collapsed",25,4.399,3200.32470848658,3572.08473237763,2431.96862800697,4462.6115171083,7064.84208904419,3495.02065662106,6567.294827862,3362.90368483524,727.511868262463,812.021989628922,552.845789499197,1014.46044944494,1606.01093181273,1492.90630321937,0.00448674591258961,0.00382956751367278,6.75320719670699e-06,0.001038368131102,0.00944330399675416,5.41472972587383e-05,4.18107416715325e-05,5.83653559580934e-09,1.04954871938237e-05,0.000117383441011745,-410.8365529534,0.156568653571837,0.130816110227634,0.98,0.54484599325158
"linear",200,"sir_collapsed",26,4.717,3188.26764198565,3376.17851954767,2352.04373435618,3450.46990304582,7021.40377309919,3396.91920586429,6806.09224162744,3207.50182834887,675.910036460811,715.746983156174,498.631277158401,731.49669345894,1488.53164577045,1442.88578368188,0.0050771894362713,0.00423878067838024,9.81526405843204e-06,0.00110328705813407,0.011397864935131,8.22147640658863e-05,3.75386922592443e-05,5.88882793205446e-07,8.34745841075263e-06,0.000158284711930128,-389.220991758183,0.0930442292923298,0.0783372087652089,1,0.563878430613042
"linear",200,"sir_collapsed",27,4.454,2802.96434358518,3100.63557661307,3024.2328549527,3499.21509756201,6900.71674974627,3006.05900362788,6500.24924535406,2906.47137171017,629.3139523092,696.146290213981,678.992558363875,785.63428324248,1549.33020874411,1459.41833079346,0.00404431172380029,0.00348227699570752,5.00904636184056e-06,0.00114196497764464,0.0084564935715174,7.21243410316631e-05,3.98701488289811e-05,2.08894119931161e-07,8.63632104668562e-06,0.000133706149049845,-393.022609974167,0.0992874461647407,0.0725596430175313,1,0.542654787001131
"linear",200,"sir_collapsed",28,4.479,2886.28386264261,3186.46023989785,2489.79255219207,3362.19960119354,6834.59755512622,3171.85209336096,6439.45668645116,2870.27997461212,644.403630864615,711.422246014255,555.881346772062,750.658540119121,1525.92041864841,1437.69963975244,0.00492435042832873,0.00414564647527524,9.3186739673378e-06,0.000966664976767311,0.0108064787748273,6.94908735274035e-05,4.3642184115273e-05,3.82102093273203e-08,7.37873149279449e-06,0.000153195178491614,-388.586114955339,0.0975753817373167,0.0759378871541979,1,0.573895736863359
"linear",200,"sir_collapsed",29,4.745,2957.58564402663,3114.12883393895,2368.08663842543,2908.59989650132,6817.9694395744,3253.78800511938,6329.88599370605,2871.57951127065,623.305720553557,656.296909154678,499.069892186603,612.982064594588,1436.87448673855,1334.0118005703,0.0044252553540517,0.00380116216050418,6.4151188206065e-06,0.00105664814320512,0.0092190632321804,7.99918672739137e-05,4.22055677714765e-05,1.50907084794162e-07,8.57052102558865e-06,0.000159606056589363,-395.903236296596,0.0846730039982977,0.0711334340137309,1,0.549654856418699
"linear",200,"sir_collapsed",2,4.784,2961.93865540512,3579.82221858649,3222.73849747985,3137.93006504539,7015.75677440977,3263.18840622487,6543.07474407914,3265.37130483303,619.134334323813,748.29059753062,673.649351479902,655.92183633892,1466.50434247696,1367.69957025066,0.00434089300605759,0.00376524965489303,5.84548263126488e-06,0.00102166608132083,0.0088486483810171,6.44913094971752e-05,3.8202167158835e-05,8.82046437906168e-08,8.21212130167678e-06,0.000138100283215835,-400.031776304049,0.139903417356945,0.108794925748927,0.995,0.538676740802799
"linear",200,"sir_collapsed",30,4.688,2442.05151020455,2482.51469351603,3396.531704514,2964.61299475355,6889.7365002319,2634.12189257992,6490.72048732708,2534.34792927248,520.915424531687,529.54664964079,724.516148573805,632.383317993504,1469.65369032251,1384.53935309878,0.00414812541949542,0.00357129108067667,5.14714029287002e-06,0.00111641673525419,0.00881096638228119,7.1470198118535e-05,3.56964453065005e-05,3.7736316443474e-07,7.70397391916143e-06,0.000132335730962187,-397.386273862884,0.121274915497399,0.0900569198463326,0.945,0.540208490934256
"linear",200,"sir_collapsed",31,4.412,2488.59571500117,2422.20677819945,2972.23216637279,3386.30556800899,6805.76852829548,2745.70467470742,6410.43708909719,2404.10514369575,564.05161264759,549.00425616488,673.670028642971,767.52166092679,1542.55859662182,1452.95491593318,0.00427327158264007,0.00366135529070754,5.81023363946288e-06,0.00096860075569921,0.00891126003235948,5.87888569856523e-05,4.05943701866188e-05,1.28871574438726e-08,9.29351181928812e-06,0.000132445898228845,-387.253885313227,0.130623949203865,0.100283799103983,0.97,0.55580451708315
"linear",200,"sir_collapsed",32,4.516,3290.97024966093,3355.619235082,2977.56469759866,3504.47822650163,6736.44936703571,3653.9279449393,6421.07230937317,3160.89431856524,728.735662015263,743.051203516829,659.336735517861,776.013779119051,1491.68497941446,1421.84949277528,0.00426480395722044,0.00363307367840046,5.91061790927524e-06,0.00108993568267025,0.00914653223526646,5.64710853735002e-05,3.88703739475347e-05,1.44655029759982e-08,8.80964534105912e-06,0.000124119154186958,-396.165415369702,0.113384563749095,0.081354236592006,0.995,0.539652168990683
"linear",200,"sir_collapsed",33,4.609,3331.51983610581,3457.54085686807,2801.2557023642,3277.29142703616,7016.57283543227,3625.23989751466,6600.75938527368,3251.47575646065,722.829211565592,750.171589687148,607.779497149968,711.063446959461,1522.3633836911,1432.14566831714,0.0044463878890754,0.00382812818490082,6.43368359962764e-06,0.00116176398396774,0.009447966598972,6.44210359591291e-05,3.99148816406069e-05,1.16705511613961e-07,9.50112605829973e-06,0.000143929611573873,-400.431252969651,0.0816233598661711,0.064160354726874,1,0.547006987366746
"linear",200,"sir_collapsed",34,4.661,3050.6832186745,3038.28871194357,3079.17379299327,3285.58468210481,6824.03068589391,3424.21564887457,6209.90955990609,2950.35517059369,654.512597870522,651.853403120268,660.625143315441,704.909822378205,1464.07008922847,1332.31271398972,0.00396420186834706,0.00348256934017991,4.32649753834708e-06,0.000996021540627519,0.00809791183550354,6.31694117201784e-05,4.16798233680398e-05,5.43672758587737e-08,9.91855226231665e-06,0.00013291692541193,-388.969636191405,0.0959233666193224,0.069067619196194,1,0.540877561362521
"linear",200,"sir_collapsed",35,4.413,2835.87374095663,2933.9620967108,2723.62029121541,3389.38158019992,6892.56094566275,3054.69213440626,6331.76253792714,2642.85470988235,642.618114878003,664.845251917245,617.181121961343,768.044772309068,1561.87648893332,1434.79776522256,0.00481694629702775,0.00415776332671032,7.59481311444194e-06,0.00112503766800211,0.0104250352099406,7.8253021983662e-05,4.42325100412374e-05,2.21231192778434e-07,7.44471634753345e-06,0.000169981992491697,-395.230201091104,0.110445585154664,0.0903015737819685,1,0.557335350699699
"linear",200,"sir_collapsed",36,4.625,2104.73712268801,2289.18021978592,2004.91979509335,2388.49238290079,6598.16040460041,2306.14668853199,5730.68741138221,2029.87389556469,455.078296797408,494.957885359118,433.496171912076,516.430785492062,1426.62927667036,1239.06754840696,0.00544319857841344,0.00449018782176819,1.20456453852396e-05,0.0013482643253332,0.012516059259199,8.51671395431648e-05,5.9579698546515e-05,1.97652422718614e-08,1.10331418513003e-05,0.000202026376718124,-389.545246862618,0.138287371668252,0.110790324433206,1,0.587655596397716
"linear",200,"sir_collapsed",37,4.763,2999.39489401268,3311.10425045291,3096.26454385727,3069.23824501711,6631.06027932615,3178.18712641843,6128.92373690871,2875.36248133696,629.728090281899,695.172003034413,650.066039021051,644.391821334686,1392.20245209451,1286.77802580489,0.00397217079392822,0.00343425321653309,4.5186457589325e-06,0.000928590044012744,0.0080338590091263,6.94973150727387e-05,3.87438054284067e-05,6.24412161183591e-08,7.7676520895306e-06,0.000148582835529226,-377.58532628677,0.128213130823311,0.110855672040879,0.995,0.554955503179941
"linear",200,"sir_collapsed",38,4.42,2793.94394450827,3296.29097533459,2903.60532769832,3194.07231428742,6894.99532414624,3040.45845844617,6322.94216519704,3042.2038373538,632.114014594631,745.767188989727,656.924282284688,722.640795087651,1559.95369324576,1430.52990162829,0.0047588999454244,0.00401115557154884,8.12134660965071e-06,0.00121199693735968,0.0103354457916713,7.39296224924883e-05,4.19366206558836e-05,1.52597052259133e-07,7.49592917884543e-06,0.000146425233701474,-400.87070432077,0.110711497110992,0.0936046882824956,1,0.55866605667815
"linear",200,"sir_collapsed",39,4.563,3210.69477351353,3408.60665301923,2225.11782416811,3399.90977522879,7111.68628176226,3364.22419666889,6440.19971890346,3284.38183199384,703.636812078353,747.010005044757,487.643616955537,745.104048921496,1558.55495984271,1411.39594979256,0.00559415846641241,0.00463290350437231,1.3273706789675e-05,0.00107809430198892,0.0128031220733166,6.95775444495325e-05,4.37140317105968e-05,3.9377858973744e-08,1.04541786310716e-05,0.000152405803464602,-398.590263794857,0.0961089210065644,0.0785179287688915,1,0.58247461072455
"linear",200,"sir_collapsed",3,4.923,2775.55285782149,2951.03810525258,2042.47297300938,3172.34964124658,6652.10551719203,2987.61828360614,6026.47710189611,2816.61815745024,563.792983510357,599.438981363514,414.883805201986,644.393589528048,1351.2300461491,1224.14728862403,0.0046792526547672,0.00394982050804419,7.98732614286861e-06,0.00128493242348825,0.0105945086820927,8.73935276686822e-05,5.30026822697683e-05,9.24929969306702e-08,1.05377641057727e-05,0.000179042449216879,-389.933522857872,0.180504666556217,0.14997812274692,0.925,0.568339437130804
"linear",200,"sir_collapsed",40,4.402,2824.99397276042,2856.72028025693,3114.17362342687,3327.06281078817,6932.26005099266,3013.37346671669,6502.91241622077,2568.59301091058,641.752379091418,648.959627500439,707.445166612193,755.807090138158,1574.79783075708,1477.26315679708,0.00427546903392978,0.00367825974983648,5.89830370243325e-06,0.000977661116936736,0.00882867146460157,6.03079486794145e-05,3.78210873984658e-05,2.14135845798424e-07,8.07394499800856e-06,0.000126891108350727,-392.986104049585,0.16546596459281,0.128984045235667,0.9,0.547074961106552
"linear",200,"sir_collapsed",41,4.762,3038.54008171202,3100.19099848069,2601.49274511008,3185.83754225095,6970.07172779778,3341.29888961559,6466.43538916468,3066.04426686336,638.080655546413,651.027089139162,546.302550422109,669.012503622627,1463.68578912175,1357.92427323912,0.00438354273307381,0.00374750364998159,5.95409020714301e-06,0.00105308368797255,0.00922037061193174,6.36299720768338e-05,4.21501071117191e-05,3.34123427426551e-08,1.01386528127583e-05,0.000135250483534759,-386.168906975247,0.0991936696655147,0.082951687002127,1,0.547956991173269
"linear",200,"sir_collapsed",42,4.401,3284.87505793754,3375.05786869119,2924.97674321725,4087.77483305567,6940.16308349117,3561.14617986416,6318.75946294636,2910.76279646609,746.392878422527,766.884314631036,664.616392460179,928.828637367796,1576.95139365853,1435.75538808143,0.00416929538028251,0.00365955242603926,4.83896558274174e-06,0.00112428523219448,0.0086347642798692,7.34703573249783e-05,4.22471944875458e-05,2.65629773811542e-07,8.97614927689159e-06,0.000137845498562209,-379.499525338393,0.0899586116669728,0.0718835396730396,1,0.547988612977414
"linear",200,"sir_collapsed",43,4.929,3071.82336063918,3157.76143288214,1404.9243318071,3769.98727779153,7121.21062910447,3342.68482649867,6567.59063927204,3011.53902977737,623.214315406611,640.649509612932,285.032325381842,764.858445484182,1444.75768494714,1332.43875822115,0.00463523251905988,0.00401639684782771,6.62525807408356e-06,0.00116122212536979,0.00953841144899231,6.01673799369464e-05,4.09804377342613e-05,3.2281948412513e-08,9.00902591534441e-06,0.000129909073400331,-391.539955152271,0.104679600829243,0.0857537693230308,1,0.554088704853294
"linear",200,"sir_collapsed",44,4.705,2923.1970847253,2947.05938412405,2322.59723509132,2808.58746777223,7031.17186050507,3249.15987324325,6324.89894899967,2839.73942995484,621.295873480405,626.367563044431,493.64447079518,596.936762544577,1494.40422114879,1344.29308161523,0.00567214015101004,0.00469767178479469,1.337036227869e-05,0.00117130381106185,0.0128725563683615,0.000107886420144413,4.40067059076205e-05,7.88347901378222e-07,9.98225029316675e-06,0.000185054812766904,-397.736278639374,0.0945213204927087,0.0742336162427844,1,0.585608611008923
"linear",200,"sir_collapsed",45,4.447,3870.06051195132,3945.86909569363,2456.35738482017,3739.47982298815,7413.98171310614,4243.25761447352,6838.47681989956,3827.10654964497,870.263213841087,887.310343083793,552.36280297283,840.899442992614,1667.18725277853,1537.77306496505,0.00592936635280189,0.00499692990441021,1.35056147045075e-05,0.00109240305378899,0.013146074168244,6.1082988943042e-05,4.0891930315486e-05,3.30137090429784e-08,7.42027397588751e-06,0.000135797031703146,-398.430467319102,0.119762569867548,0.0926455578981279,1,0.585844341509534
"linear",200,"sir_collapsed",46,4.677,2765.76043629827,3260.52906053673,2495.01984381647,3088.15559157806,6980.99047914699,3128.23765236975,6618.9285342385,3004.93660575995,591.353524972903,697.141129043561,533.46586354853,660.285565870869,1492.62144091233,1415.20815356821,0.00475488837129365,0.00407010967744847,7.65550258166304e-06,0.00124365764364778,0.0104723556842935,6.60160195846557e-05,4.00369188289234e-05,4.71603326425326e-08,8.03474056246086e-06,0.000141297714230106,-399.434893169167,0.114567684637495,0.0865509908113842,1,0.5476525879537
"linear",200,"sir_collapsed",47,4.437,3207.32935497516,3501.7262705508,2112.80935784605,2941.92478849526,7015.70142337667,3454.07891045242,6207.0912581387,3378.35946090001,722.859895193861,789.210338190399,476.179706523789,663.043675568009,1581.18129893547,1398.93875549666,0.00563389369485087,0.00473089270422287,1.28624072724487e-05,0.00135636993292828,0.0123704288046088,9.29370065112126e-05,4.85619294406465e-05,1.78621843496079e-07,9.6825288907468e-06,0.000191475465353109,-415.326284225352,0.145640577466154,0.119034594070829,0.935,0.57441448952029
"linear",200,"sir_collapsed",48,4.886,3045.36867070434,3247.5830888851,2362.5164005728,3469.15635967927,6644.1765516563,3338.57641441778,6190.01463434694,3164.7639368584,623.28462355799,664.67111929699,483.527711946951,710.019721588061,1359.83965445278,1266.88797264571,0.00418650659391458,0.00371179849137466,4.67599456855854e-06,0.00110769558164238,0.00831018027893787,7.06249454977394e-05,4.29188329514437e-05,1.01806261566306e-07,9.23712383031375e-06,0.000150550969983423,-401.777561926432,0.0968068800690426,0.0803285383806937,1,0.546260245196795
"linear",200,"sir_collapsed",49,4.473,3402.47840428253,3365.3068425131,2598.10660259186,3407.89853726682,6887.21634827246,3330.87252808516,6422.46820756316,3121.69664458163,760.670334067187,752.360125757456,580.84207524969,761.882078530476,1539.73090728202,1435.83013806465,0.00378007362586964,0.00330052533242305,3.86147585341069e-06,0.00113799839601432,0.00777291039565901,5.49078792071877e-05,3.72167625803487e-05,1.60506217132343e-08,9.71642716007356e-06,0.00011434840464681,-392.833519999698,0.184485082001243,0.150136204897832,0.905,0.523480959814385
"linear",200,"sir_collapsed",4,4.867,3118.8093805611,3346.04306265288,2537.96709216071,3005.23617493426,7059.48901876689,3388.22292787187,6516.500414316,3180.3712287803,640.80735166655,687.496006298106,521.464370692563,617.471989918689,1450.48058737762,1338.91522792603,0.00504800954011693,0.00431552093683256,8.50120590178458e-06,0.00100771613163124,0.0109509755789655,9.09827862152073e-05,4.42069750890497e-05,3.37194996910384e-07,1.04704935592977e-05,0.000173391714009302,-393.517881718433,0.12226043734052,0.10329306438347,1,0.562401550459244
"linear",200,"sir_collapsed",50,4.902,2672.80322344652,2792.44243025781,2453.91095951911,3033.96429812721,6986.76167596603,2882.83149149219,6324.66955549407,2642.4919896396,545.247495603125,569.653698543005,500.593830991251,618.923765427827,1425.28797959323,1290.22226754265,0.00431188501272811,0.00375879995640022,5.64750165225443e-06,0.00103178071166274,0.00897385214148379,6.2679095646994e-05,3.95255469392475e-05,3.3704508259888e-08,7.51461637844377e-06,0.000134509824749135,-402.172499718352,0.0898815087581279,0.0720100234995515,1,0.539169000298889
"linear",200,"sir_collapsed",51,4.9,3918.01742576982,3596.43193346679,1993.97871478149,2247.54975957832,7040.48708771929,3440.97842926586,6195.63826363906,3366.06075321847,799.59539301425,733.965700707508,406.934431588059,458.683624403738,1436.83409953455,1264.41597217124,0.00590339597003712,0.004920507010844,1.40519162056412e-05,0.00120352495325189,0.0131122431196597,0.000104501478102932,4.84935894075183e-05,3.82277913390642e-07,9.28245075143822e-06,0.000202916690259734,-395.023115610394,0.115642969352424,0.102019588300287,1,0.598609194658772
"linear",200,"sir_collapsed",52,4.583,3571.77921544623,3886.08408892284,2187.43083131224,3994.90308077398,7436.79826209936,3813.16212147367,6598.41401999334,3705.2930920656,779.353963658352,847.934560096626,477.292348093441,871.678612431591,1622.69218025297,1439.75867772056,0.00638299348350517,0.00544539364824335,1.44361877600577e-05,0.00150384608934435,0.0140458311052105,6.49388830264953e-05,4.80801908892422e-05,1.60964768943138e-08,1.19554240965207e-05,0.000150346620299808,-393.008006103005,0.1147789833385,0.0969988552385382,1,0.597326381911898
"linear",200,"sir_collapsed",53,4.886,2597.93126531823,2903.43486140609,2891.18565847787,2718.44610451577,6989.09065191435,2948.61040690098,6254.33266504187,2507.81473941696,531.709223356166,594.235542653723,591.728542463747,556.374560891479,1430.43197951583,1280.05171204295,0.00525167768002804,0.00453736944255903,8.93074788255188e-06,0.00125811292529693,0.0114894800986184,8.24286711850772e-05,4.4537820651645e-05,1.14015155974587e-07,1.03365231379101e-05,0.000186885493080676,-400.337579975193,0.072754467487197,0.0539420362073562,1,0.573862420430112
"linear",200,"sir_collapsed",54,4.468,3287.1152107415,3527.19155634517,2161.30318935087,4471.76227323282,7215.28134006162,3619.64973406802,6783.23642738807,3363.99291579399,735.701703388876,789.434099450575,483.729451510938,1000.8420486197,1614.87944047932,1518.18183245033,0.00509220798503404,0.00436522792304577,8.59355147220855e-06,0.00113329552382026,0.0107494014027583,5.08118914153664e-05,3.86884239727862e-05,4.39690939377546e-09,1.03651103253006e-05,0.000111419361677495,-393.322273557443,0.0952355651712445,0.0848122710803602,1,0.555856647527149
"linear",200,"sir_collapsed",55,4.413,2980.42915473031,3053.57084641191,3252.91846959609,3349.10388668503,6962.82274550909,3302.32931276059,6434.18301534173,2869.17361491104,675.37483678457,691.948979472448,737.121792339924,758.917717354414,1577.79803886451,1458.0065749698,0.00447274432995931,0.00389298131115063,6.03875269154507e-06,0.00112924981059448,0.00944576363835132,6.57012018865695e-05,4.13415122102712e-05,7.91597351815293e-08,8.66967475337972e-06,0.000141249243591578,-388.323946712081,0.101780017524879,0.0790157789117939,1,0.548487860884581
"linear",200,"sir_collapsed",56,4.41,3461.92744681895,3469.17984754324,3548.19637014247,3349.59447679413,6871.11853856884,3784.400070505,6592.53429698991,3377.08608763174,785.01756163695,786.66209694858,804.579675769267,759.545232833137,1558.07676611538,1494.90573627889,0.00406249166832942,0.00354851608072308,4.87689489540835e-06,0.00105018802866431,0.00813747111870063,8.61386121790502e-05,3.90958503296516e-05,1.58475213865991e-06,8.26470428567963e-06,0.000143991990132928,-407.982322568018,0.0807838078245229,0.0576571119543563,1,0.540759164348118
"linear",200,"sir_collapsed",57,4.78,2407.16434800656,2590.17674790796,3088.5305011218,3100.67077928369,6686.41349167496,2659.52499322184,6091.22970885581,2363.36932412225,503.590867783799,541.877980733884,646.136088100794,648.675895247635,1398.83127440899,1274.31583867276,0.00416778286335383,0.00357007754287047,6.06781023523168e-06,0.00121939322577101,0.00897358338783896,6.73447563653375e-05,4.405646333534e-05,4.8733586334254e-08,9.05859798820745e-06,0.000144609776916137,-389.110034369585,0.122111922514789,0.0854745253915883,0.985,0.552725859995115
"linear",200,"sir_collapsed",58,4.434,2502.24119119907,2513.07823571248,2460.25568582413,3382.15008182081,6585.24067922295,2767.00028790743,6170.20407106961,2442.74933215466,564.330444564517,566.774523164745,554.861453726688,762.776292697523,1485.16930068177,1391.56609631701,0.00355557564784089,0.00313663734046796,3.4257664185342e-06,0.000718118703811107,0.00714563137394978,5.54605447003518e-05,3.64838645242768e-05,4.00242251972134e-08,8.60277756640818e-06,0.000115077147868759,-380.561194186172,0.0890061496716374,0.0696504046269771,0.985,0.528866661747025
"linear",200,"sir_collapsed",59,4.557,3818.34181460973,3965.44740050891,2751.45354795991,4104.76061147934,7168.69562101259,3464.58898192147,6761.7218434257,3598.7353317189,837.906915648394,870.188150210426,603.786163695395,900.759405635142,1573.11731863344,1483.80992833568,0.00481622175016842,0.00416245655239444,7.78184460570295e-06,0.00107224859375298,0.0102641616602037,5.14973617260949e-05,3.77413060731681e-05,7.99936884517710e-09,8.68726061145463e-06,0.000116366738491528,-402.027275520598,0.111581941832175,0.0874610644855709,0.98,0.555544701025072
"linear",200,"sir_collapsed",5,4.757,3499.4073924783,3610.58416379881,2041.94518053989,3361.09875767219,7167.38217131133,3156.28129978621,6498.37196065994,3223.58804467919,735.633254672756,759.004448980199,429.250616047907,706.558494360352,1506.70215919935,1366.06515885221,0.00463056918401101,0.0040069603552452,6.27887536531268e-06,0.00114955921148233,0.00938713730536313,5.89621598261266e-05,3.96798227436055e-05,2.42491090265831e-08,8.71803663791437e-06,0.00012742693683879,-396.736513170895,0.109645965933766,0.078096114856866,0.96,0.543168561581604
"linear",200,"sir_collapsed",60,4.699,3278.49826091615,3621.03004465594,2184.67019310852,3831.0189885949,6919.89098846395,3551.28702675109,6688.47388381336,3359.81176297609,697.701268549937,770.595880965299,464.922364994365,815.283887762268,1472.63055723855,1423.38239706605,0.00421634858938706,0.00365464047055795,5.30923352001996e-06,0.00111214573275005,0.00851263270453293,4.92058136591614e-05,3.63924493526768e-05,1.34605544323322e-08,9.64963408886871e-06,0.000107887271398134,-386.933952085769,0.100965174260993,0.0784221754987082,0.985,0.543607688197219
"linear",200,"sir_collapsed",61,4.441,2222.72251569269,2340.7829464077,2203.16602640458,2735.4596011391,6632.04621564158,2389.58371753313,6056.5728887969,2137.0535405497,500.500453882614,527.084653548231,496.096830985044,615.955775982683,1493.36775853222,1363.78583400065,0.00453517487238991,0.00383073779131196,6.82014851249914e-06,0.0011501885330241,0.00986795931886444,7.76066781132766e-05,4.95168313105771e-05,8.53823468035304e-08,1.14468896463137e-05,0.000173057968489153,-383.606267434056,0.158437832927926,0.119269419532212,0.955,0.572763065617374
"linear",200,"sir_collapsed",62,4.542,3714.316485565,3472.00768704172,1462.35617760663,3470.02157506112,7052.92698890021,4029.62877630478,6456.46661989748,3277.10218957424,817.771132885292,764.422652364976,321.963050992212,763.98537539875,1552.82408386178,1421.50299865643,0.00481930764432966,0.00412819267779074,7.83353317421117e-06,0.00105406350653218,0.01034038189306,5.8486708966898e-05,4.04762974345572e-05,1.94837196205846e-08,9.79433296198635e-06,0.000130637447449217,-390.488128025579,0.0887720256850654,0.0729242297085293,1,0.55971273015493
"linear",200,"sir_collapsed",63,4.429,3639.76334557106,3711.59389500244,2327.78888366399,3772.0652016529,7063.401073855,3798.72123501737,6436.05979854048,3503.56511363755,821.80251649832,838.020748476506,525.578885451341,851.674238350169,1594.80719662565,1453.16319678042,0.00574009727896397,0.00482349791560058,1.30146998671312e-05,0.00112496581645916,0.0125734377068542,6.21973380277608e-05,4.59706576970236e-05,3.47548602435053e-08,9.17125260965927e-06,0.00013625228352198,-388.871924992815,0.122467366777996,0.103913764417147,1,0.595131356875238
"linear",200,"sir_collapsed",64,4.481,2978.89727950535,3357.88154873437,1680.85953176977,4294.60021228172,7202.57595464894,3358.99178369278,6660.51009900417,3382.36667565841,664.784039166559,749.359863587229,375.108130276672,958.40218975267,1607.35906151505,1486.38922093376,0.00542859859384428,0.00463956433520787,9.80598323854216e-06,0.00135851172329756,0.0116559432149954,5.67666353909572e-05,4.28320523933025e-05,8.56662821635018e-09,1.00049164502855e-05,0.000125843797409852,-384.249084534983,0.0955345493292347,0.0705874021129136,0.985,0.571752230293438
"linear",200,"sir_collapsed",65,4.407,2985.67932126294,3198.34498963696,2783.71579961918,3877.91088935987,7004.3756133754,3270.71832980227,6378.21478032149,3014.51485881878,677.485664003391,725.741999009975,631.657771640386,879.943473873354,1589.37499736224,1447.29175863887,0.00466769142263755,0.00400494885380873,6.97257202032205e-06,0.00114500013254962,0.0100162959410583,5.40773636408574e-05,4.33497291732729e-05,2.20084469377921e-09,9.22048486325756e-06,0.000121704380527225,-392.01977477479,0.0931191157186346,0.0772861546192619,1,0.562146983161073
"linear",200,"sir_collapsed",66,4.78,3737.01517928639,4146.9618989542,2460.01344481917,3493.11829498674,7359.75402720367,4180.43927792,7049.02013862529,3904.80328641826,781.802338762843,867.565250827239,514.647164188111,730.77788598049,1539.69749523089,1474.69040557014,0.00583155797745894,0.00486345919421782,1.37742332437571e-05,0.0013627617381074,0.0128449289871422,6.67134478796609e-05,3.68448826345182e-05,1.08009311153841e-07,9.08541831911409e-06,0.000153705917969104,-406.287679743174,0.123203135454272,0.101444828795364,0.955,0.576948733100182
"linear",200,"sir_collapsed",67,4.452,2765.88853296848,2979.78509107015,2543.00114253988,3495.3371361576,6923.35617511793,3009.33154030698,6662.65022393299,2833.8018090849,621.268763020772,669.313812010366,571.204209914618,785.116158166576,1555.11144993664,1496.55216171002,0.0044628909484929,0.00384409663413668,6.43281431107511e-06,0.00115743737635012,0.00949642135473211,6.38673686758145e-05,4.03871987986921e-05,3.72035026465522e-08,7.33153763759374e-06,0.000144017283331337,-406.835253984603,0.101623982412652,0.0831206511841491,1,0.545503670399726
"linear",200,"sir_collapsed",68,4.506,2508.59555014044,2508.12168728135,3059.82909222982,2930.4172222905,6664.04112781481,2717.25735268537,6157.45595870073,2461.82892057897,556.723379969028,556.618217328308,679.056611679941,650.336711560252,1478.92612690076,1366.50154431885,0.00380469400269853,0.00331879974079663,4.25122071416643e-06,0.000985673446280849,0.00786305458743066,6.56355924155886e-05,4.28914497777643e-05,4.71670372593495e-08,1.03053578755502e-05,0.000136533396808592,-387.130687847614,0.0933722133837704,0.0632440509450803,1,0.542427225520689
"linear",200,"sir_collapsed",69,4.459,3084.98377631271,3296.25576624774,2006.35585394377,4154.99480346472,6962.11479347529,3290.86145913831,6360.26178889499,2976.76640061804,691.855522833082,739.236547711984,449.956459731726,931.822113358313,1561.36236678073,1426.38748349293,0.00447816049423233,0.00387088089084675,6.85619375856652e-06,0.00103081825292322,0.00966342774405609,5.58803939611762e-05,4.00023767831262e-05,1.15937584132447e-08,1.06262857624692e-05,0.000124534079605742,-387.872469115252,0.137918221827947,0.11060667852313,1,0.559484253276893
"linear",200,"sir_collapsed",6,4.416,2825.20559022975,2938.49140983379,2416.90307900524,3751.33932026072,6855.33848557304,3069.18894318988,6206.7380833986,2879.44085878922,639.7657586571,665.41925041526,547.305950861694,849.488070711215,1552.38643242143,1405.51134134932,0.00479941964818786,0.00407423420482912,7.8469874173729e-06,0.00100038734300885,0.0102045482167202,6.10836629201095e-05,4.91619291016874e-05,2.91197214155354e-09,1.25402025890127e-05,0.000138259472639209,-391.428138072721,0.142385343967089,0.103948274587912,0.94,0.565802587679271
"linear",200,"sir_collapsed",70,4.653,2916.63149113536,3017.70864963214,1969.32762509583,3414.12199853806,6835.61017308456,3249.64385848418,6194.15025350719,2910.38650245631,626.828173465584,648.551181954038,423.238260282791,733.74639985774,1469.0759022318,1331.21647399682,0.00437962837638263,0.00374654489176849,6.36586145315505e-06,0.0010642908614017,0.00920592291352049,6.14166399243452e-05,4.30558506385984e-05,2.64254231216792e-08,8.37516098532658e-06,0.000133217327261258,-396.878372970209,0.121924763105319,0.0977075576518329,1,0.56247607137619
"linear",200,"sir_collapsed",71,4.707,2991.48105148665,3070.80818496355,3005.11596139205,3133.73643696732,6896.69303947827,3210.80188203883,6427.15856770922,2995.98330075235,635.538782979956,652.391796253143,638.435513361388,665.760874647827,1465.19928605869,1365.44690199898,0.00440389052011973,0.00376758651784886,6.5507786613382e-06,0.00105936824590176,0.0094036756747625,8.34589011754698e-05,4.02705096757037e-05,5.35995388921506e-07,8.06679635282334e-06,0.000160320855248932,-400.050379235683,0.140162262240561,0.111674771982754,0.9,0.548705196430293
"linear",200,"sir_collapsed",72,4.466,3261.62028158963,3129.88427274862,2920.07582130319,2740.25410979773,6916.68603614776,3588.15850257123,6513.47938977136,3121.89265729819,730.322499236371,700.824960310931,653.845907143571,613.581305373427,1548.74295480245,1458.45933492417,0.00469205631604854,0.00397345626716812,7.9167765302895e-06,0.00102945278189207,0.0100331585923471,9.03648560289582e-05,4.2813256407922e-05,2.52338419682369e-07,7.8695980236653e-06,0.000184149443562672,-397.650992829621,0.0774303810288009,0.0625348057424745,1,0.56176086920514
"linear",200,"sir_collapsed",73,4.867,2774.99742875077,3015.31127766309,3106.57657094501,3908.75555845697,6843.49772602413,3070.86696412076,6445.62574945203,2943.35724326398,570.165898654359,619.542074720174,638.293932801522,803.113942563586,1406.10185453547,1324.35293804233,0.00412906779757312,0.00355862749952399,5.23801090417191e-06,0.00115756531234986,0.00853192890836018,5.643192042668e-05,4.04820547902025e-05,9.64980107889447e-09,9.14599510042941e-06,0.000124358748714057,-385.933534862424,0.129735609229106,0.103261501330968,0.96,0.541846879828732
"linear",200,"sir_collapsed",74,4.722,2765.31893038595,2935.40675059222,2664.13761346587,4120.80114201709,7010.50869070342,3017.46823253372,6460.23838572696,2733.81270765929,585.624508764496,621.644801057226,564.196868586587,872.68130919464,1484.64817676904,1368.11486355929,0.00440942775852132,0.00372843244453892,6.8707469010346e-06,0.0011058164419708,0.00918144898698455,5.37400113759192e-05,4.05344253192193e-05,1.26296847674939e-08,1.11397550346863e-05,0.000117309877854437,-409.240296472509,0.086291333394994,0.0667200016631159,1,0.554326621063423
"linear",200,"sir_collapsed",75,4.842,2704.26217922386,2843.75114137,2498.98207240683,3326.12260750565,7073.19484516614,3090.33208608016,6445.39211229044,2646.84315195528,558.501069645572,587.309198961172,516.105343330614,686.931558757878,1460.80025715947,1331.14252628881,0.0055435743800286,0.0048027196148295,1.05366499890739e-05,0.00121414800457137,0.0119700279343496,6.4986623624104e-05,4.36735781692196e-05,4.57159254007542e-08,9.66000488472795e-06,0.000150895508306241,-398.343705687732,0.0929025178602995,0.0764838936574835,1,0.580294971291399
"linear",200,"sir_collapsed",76,4.443,3163.42574771748,3655.34672551298,2575.50984581646,3808.43865710226,7007.92083582018,3513.39739128162,6545.59925365785,3579.52643928597,712.002193949467,822.720397369565,579.678110694679,857.177280464161,1577.29480887242,1473.23863462927,0.00431183316559014,0.00374011966578028,5.94945015491328e-06,0.00108555997973751,0.0088194452303909,5.30866020987144e-05,3.809303232095e-05,1.67131168415613e-08,9.48264712135569e-06,0.000115150922677545,-397.05734069256,0.106230462890003,0.0851274644877233,1,0.545914995910796
"linear",200,"sir_collapsed",77,4.571,2520.32192709586,2892.55678599864,3353.28702099578,3754.97510509476,6870.96069707166,2826.19126333289,6465.97096166479,2723.72753223012,551.372112687785,632.806122511189,733.60031087197,821.477817784896,1503.1635740695,1414.56376321697,0.00398942147238994,0.00348450989910621,4.60161401615057e-06,0.00112271478101909,0.00817057633623329,5.49501830259396e-05,3.83385830869307e-05,1.35831008671641e-08,9.89115696331966e-06,0.000125651250594158,-388.100661108943,0.0896043507816855,0.0696253406533432,1,0.540109009615602
"linear",200,"sir_collapsed",78,4.59,3084.23487148997,3352.32880769276,2371.34637982917,2949.94711159033,7015.04030778178,3345.45598419981,6351.99235037272,3175.39108909016,671.946595095854,730.354860063782,516.633198219863,642.690002525126,1528.33122173895,1383.87632905724,0.00544420561451467,0.00459903012705536,1.08218567354682e-05,0.00120977838447008,0.01202109000563,7.37214777452569e-05,4.53244921878594e-05,3.38451002634612e-08,7.27474221519506e-06,0.000172374906986083,-389.137341311079,0.104469756601412,0.0796525633497952,1,0.579303405926604
"linear",200,"sir_collapsed",79,4.781,2926.85022857769,2925.15848712211,3517.48689819824,2707.40827920532,6563.93732079334,3112.06104164253,6012.24836897066,2783.23249127213,612.183691398805,611.829844618722,735.722003388045,566.284936039599,1372.92142246253,1257.52946433187,0.00373113711307495,0.00327480049356115,3.70600524557443e-06,0.00116307118006257,0.00765229088836587,9.58184393834949e-05,4.22955745785681e-05,4.00433964814232e-07,7.92014296125003e-06,0.00017253911214682,-394.092544167192,0.111007133646083,0.0822417993780936,0.99,0.540188208678159
"linear",200,"sir_collapsed",7,4.721,2922.10958577402,3324.59623437012,3431.37482601167,4120.12003342232,6979.04150291789,3209.17892315989,6504.97904153446,3033.77069248074,618.959878367722,704.214411008287,726.832202078304,872.721888036924,1478.29728932809,1377.88160168067,0.00403116195725294,0.00348315852263605,4.89799649270229e-06,0.00109840562293469,0.00831662513704486,4.8812055387611e-05,3.88097542100218e-05,3.02945400794061e-09,9.30216143152986e-06,0.00010704470895529,-395.251246210559,0.108787938853105,0.0861476962597108,1,0.535420761722404
"linear",200,"sir_collapsed",80,4.653,2156.72200240561,2171.61932151792,3070.55558134088,2889.07086037986,6784.67137073893,2367.86696499019,6396.70889576578,2033.31568776966,463.512143220634,466.713802174495,659.908786017813,620.904977515551,1458.12838399719,1374.74938658194,0.00428679269832672,0.00369356214352826,5.65152780854229e-06,0.000980424390980135,0.0089099330423693,6.59873823067754e-05,4.07538704688521e-05,3.33047129269166e-08,7.82137140920474e-06,0.000148324553601315,-389.4733522978,0.104247738680324,0.0842338049185247,1,0.549727875991437
"linear",200,"sir_collapsed",81,4.414,2946.94031382002,3372.96928986551,2496.33741406702,4189.69574153124,7233.81352725302,3350.55235926644,6640.81853203498,3071.1372246262,667.634869465341,764.152535085072,565.549935221346,949.183448466524,1638.83405692184,1504.48992569891,0.00520242102692181,0.00439685326490682,9.50043727376333e-06,0.00139389394058908,0.0113302722387904,5.82332102471072e-05,4.3942593764621e-05,4.60255658970609e-09,1.07351475868943e-05,0.000133187831388117,-392.336537937366,0.0898340120930462,0.0726304293637036,1,0.568556256366848
"linear",200,"sir_collapsed",82,4.568,3220.28459230884,3486.67783095472,2276.36187581273,3280.51975564309,6851.83598210126,3568.52534866956,6154.37782896769,3269.17346914926,704.965979051848,763.283237949807,498.327906263732,718.15231078001,1499.96409415527,1347.28061054459,0.00448054340954008,0.00392392223236512,5.71693012167314e-06,0.00116507535820865,0.009155648231025,6.63889137797179e-05,4.64716076738662e-05,6.32536447900424e-08,1.12644646888645e-05,0.000145282013980698,-379.514522264089,0.110663301911206,0.0912124831394911,1,0.551227474893074
"linear",200,"sir_collapsed",83,4.409,3059.33218836383,3111.13917855838,2654.13134041597,3431.33002693115,6760.75468581566,3359.43976707936,6237.89678892131,2894.60741703001,693.883462999282,705.633744286318,601.980344843722,778.255846434826,1533.39865861095,1414.80988635094,0.0043667865343727,0.00378866865293045,6.08492498489845e-06,0.00101939595487136,0.00905293942388958,6.52100460054188e-05,4.35956430432603e-05,2.24582951929494e-08,1.04138586502566e-05,0.000148992281148365,-387.817714581661,0.0676857748459392,0.0571127663939935,1,0.551346884587279
"linear",200,"sir_collapsed",84,4.505,2963.1625771627,3215.69663541652,3321.18211036637,3655.85548848087,6728.33962688422,3177.51856048371,6299.81858297367,3021.89096267247,657.749739658756,713.806134387684,737.221334154577,811.510652271004,1493.52710918629,1398.40590077107,0.00383336906795347,0.00335291194202753,4.30090701457789e-06,0.00104659155694735,0.00782297093684618,6.1144901998896e-05,4.0066916128335e-05,5.72561912660149e-08,9.78742608890508e-06,0.000131529038686892,-395.359260891299,0.0992848307963164,0.0869029411474705,1,0.530441410387537
"linear",200,"sir_collapsed",85,4.436,2602.07637524724,2869.21248025725,3442.3662739834,3579.33671234322,6767.37451779461,2825.92694528129,6309.22493481103,2744.01376492084,586.581689640948,646.801731347441,776.006824613029,806.883839572412,1525.5578263739,1422.27793841547,0.00395490143634237,0.00346909018010638,4.54258275134617e-06,0.00116550427091475,0.00818453322111219,6.28173710372821e-05,3.95478851689744e-05,2.63042965450146e-08,9.64829274399738e-06,0.000143115480081842,-384.410600276936,0.0923286605190581,0.0725153882915582,0.985,0.544293137081699
"linear",200,"sir_collapsed",86,6.479,2677.12279843009,2877.51591518111,2431.59730215066,2995.3761692141,7005.53234201228,2895.1230232691,6513.50477053315,2703.92629429628,413.199999757692,444.129636545934,375.304414593404,462.320754624803,1081.26753233713,1005.32563212427,0.00518811691618958,0.00432069941466615,1.04662112772076e-05,0.00108294168815947,0.011442777176771,7.68509376630905e-05,4.34845178688979e-05,8.78081133639911e-08,8.61638094600855e-06,0.000162430809126512,-411.234345280852,0.141151701690269,0.113881574110746,0.925,0.561292909076906
"linear",200,"sir_collapsed",87,4.715,3171.41575182575,3318.75168074881,2934.06294024917,3066.74278384408,7033.35373927711,3522.39901216659,6451.24400341256,2936.8101157278,672.622640896235,703.870982131244,622.282702067693,650.422647686973,1491.69750567913,1368.23838884678,0.00476889373405213,0.0039839332238938,8.32017966153616e-06,0.00106214596084795,0.0106674309273657,9.18923500255752e-05,4.33263360203137e-05,8.62241801432535e-07,9.66759640474678e-06,0.00017165044624567,-400.085250683436,0.0835487512297549,0.068660115628188,1,0.562722521181725
"linear",200,"sir_collapsed",88,4.666,3028.91502729833,3099.84587236345,2365.00897039395,3136.89183258791,6727.36217801031,3257.66620302636,6455.2609999131,2927.40030085891,649.145955271824,664.347593734129,506.860045090859,672.287148004268,1441.7835786563,1383.46785253174,0.00414248469756122,0.00356946582766979,5.65875318237686e-06,0.000992143496099888,0.00838375822028753,7.38561809932317e-05,3.91390859092865e-05,1.73076300078864e-07,9.39212713707604e-06,0.000145580713517749,-402.023339634699,0.0836854549705117,0.0661989580506431,1,0.542206533164228
"linear",200,"sir_collapsed",89,4.638,3164.62516076564,3095.40553575779,2387.43902371963,3194.31798305121,7047.32653222912,3427.75386242329,6324.43464836636,3016.4213124196,682.325390419501,667.400934833504,514.756150004233,688.727465082193,1519.47531958368,1363.6124726965,0.00504685247818055,0.0042541626215951,9.72994469575904e-06,0.000935035579692216,0.0108565044086741,7.58864579630168e-05,4.32739387317166e-05,1.42929876777517e-07,1.01099589410396e-05,0.000157957553550329,-396.912693919859,0.11671307071322,0.0972806204949281,1,0.574491992581996
"linear",200,"sir_collapsed",8,4.42,3546.92585058465,3605.55624591091,2611.64645600599,2491.60385746578,6759.95926482203,3640.39488478789,6007.48701856759,3425.593057396,802.47191189698,815.736707219662,590.870238915382,563.711279969634,1529.40254860227,1359.15995895194,0.00472293467650816,0.00405138185034622,7.43600714774967e-06,0.00117536536704623,0.0101236058288737,0.000103428061930504,4.81121871268405e-05,2.60566696846399e-07,7.28861979672948e-06,0.000201334628657404,-403.437911488868,0.102363404013429,0.0858376528733244,1,0.555154404449272
"linear",200,"sir_collapsed",90,4.431,2938.05375896382,3214.53964043462,2043.60865053174,2782.34797186274,6909.41613411236,3178.20997858714,6146.56763645169,2980.61609790762,663.067876092038,725.465953607452,461.20709784061,627.927775189064,1559.33562042707,1387.17391930754,0.00510587273184808,0.00439318757149814,8.83309306976205e-06,0.00109836939155071,0.0109377850055845,7.12488303544628e-05,4.58211141578721e-05,2.84779878007856e-08,9.27220145117485e-06,0.000164412756823851,-397.173283939001,0.150723005098225,0.114477782861421,0.94,0.576790973122447
"linear",200,"sir_collapsed",91,4.427,2573.0125408542,2610.13413697617,2367.18019135287,2473.8992418127,6650.06087516309,2771.10518602651,6074.24222594939,2420.14077333889,581.209067281274,589.594338598639,534.714296668821,558.82070065794,1502.1596736307,1372.0899539077,0.00468897741119196,0.00401664264895583,6.95257465087696e-06,0.00120556578802679,0.00996134638140449,0.000119389498597799,5.02100778885426e-05,3.34458728466458e-06,6.88216438423127e-06,0.000228268809779442,-393.97434197841,0.106547501914727,0.0871261477654057,0.985,0.562102269566936
"linear",200,"sir_collapsed",92,4.423,2568.47113069125,2938.13241881754,2914.20623674954,2754.23621306436,6640.10905663201,2756.74599937795,6000.83711021731,2618.78454089043,580.707920120111,664.284969210387,658.87547744733,622.707712653033,1501.26815659779,1356.73459421599,0.00440017951651134,0.0037561745112831,6.72409164499405e-06,0.00102355725362483,0.00919643222873618,0.000101109017144961,4.6048660813915e-05,1.36406202258111e-06,8.98324458663248e-06,0.000180421796414474,-396.568107473078,0.117956121781078,0.0967969114455477,1,0.567370990038427
"linear",200,"sir_collapsed",93,4.418,4099.29866074767,4261.03531727102,1548.74533756993,2928.23343767149,7534.81577450781,4532.90231757599,6721.35896410314,3969.91406784642,927.862983419572,964.471552121101,350.553494243987,662.796160631845,1705.48116217922,1521.35784610755,0.0072805500890661,0.00607255136633817,2.26820088062151e-05,0.00152530614623822,0.016648332633011,7.97397380732242e-05,4.15083314073103e-05,2.7548004610375e-07,9.31394554758777e-06,0.000173466484171691,-389.661064951235,0.155589184494728,0.115089934603353,0.92,0.609639765364106
"linear",200,"sir_collapsed",94,4.752,3256.65404676748,3266.66829186886,2434.36469217627,3551.43204388189,7125.71337319648,3575.08747689404,6407.0776023742,3130.82794391374,685.322821289452,687.43019610035,512.282132191975,747.355228089623,1499.51880749084,1348.29074124036,0.00570995234182302,0.00484851533203186,1.14914208698013e-05,0.00131623093249615,0.0122054977862718,6.62212780665525e-05,4.39783508085728e-05,9.51082025166562e-08,1.01942966674836e-05,0.000142791421448227,-392.26381313077,0.114794009046407,0.0957522224434472,1,0.582428357004596
"linear",200,"sir_collapsed",95,4.513,2870.76947963218,3001.23602323175,2404.46405251103,2982.9436400015,6437.53067652315,3008.23228864571,5668.64414557634,2835.03011070848,636.111118908084,665.020169118491,532.786184912703,660.966904498449,1426.44154144098,1256.0700521995,0.00400387469469997,0.00347695324360994,4.90638535515702e-06,0.0010698026316307,0.00822758813109092,7.29067040771528e-05,5.29149086974412e-05,1.34613063760662e-08,1.12726742908023e-05,0.000163885558087115,-374.959268496298,0.136170590482863,0.115330135426108,0.96,0.554435758535479
"linear",200,"sir_collapsed",96,6.503,3270.96989528319,3575.45786059272,1754.01531581482,3205.44969277493,7153.58253280374,3675.15093229844,6658.10230198239,3371.11335801994,502.993986665107,549.816678547243,269.72402211515,492.918605685826,1100.04344653294,1023.85088451213,0.00621657870412369,0.00524619627147887,1.5012218019986e-05,0.00117581695411585,0.0134880169222546,7.73405067722674e-05,4.76472462394587e-05,7.13164192364982e-08,9.71909223727505e-06,0.000165604140171019,-402.133236083191,0.108805792673298,0.088056432636757,1,0.593803274503934
"linear",200,"sir_collapsed",97,4.781,3280.06951846821,3324.4336582269,1971.9039594771,3589.06729440982,7201.4357393114,3553.68096167312,6382.30179813439,3197.4534064406,686.063484306256,695.342743824912,412.445923337608,750.693849489609,1506.26139705321,1334.93030707684,0.00532825837437814,0.0044800457995195,1.1455935257886e-05,0.00119628312662257,0.0116147354886001,5.98188319215534e-05,4.3188466544082e-05,9.48482186312885e-09,1.02974460440867e-05,0.000136419325957369,-397.29489725416,0.0942579634556564,0.0814575796398808,1,0.569292105113485
"linear",200,"sir_collapsed",98,4.615,3225.72624870861,3545.55495738427,2819.66846812747,3012.6768284515,6744.05732023883,2925.19749505728,6252.00833213429,3072.88820851503,698.965601020284,768.267596399626,610.97908301787,652.80104625168,1461.33419723485,1354.71469818728,0.0042970820962958,0.00372885706940275,5.63961872242033e-06,0.00109451073641374,0.0089357261910066,7.26470647868557e-05,4.05706507176142e-05,1.23645250263694e-07,8.96149845245398e-06,0.000145341891322874,-390.82848446993,0.103622391429796,0.0798479457173198,0.975,0.55103583580847
"linear",200,"sir_collapsed",99,4.612,3474.66605465603,3803.25128205346,2833.51633663235,3476.20734725532,7113.43968364694,3893.57617141684,6787.32324081599,3642.20052523038,753.396802830881,824.642515623039,614.379084265471,753.730994634718,1542.3763407734,1471.66592385429,0.00449081114432618,0.00382450521557814,6.79997131364159e-06,0.00124279575904339,0.00973230674987732,5.85700959106527e-05,3.62235119230856e-05,3.62107488257915e-08,7.9576348853599e-06,0.000116435471379691,-409.925339718283,0.125995864771378,0.0992979858751606,0.96,0.5356594943073
"linear",200,"sir_collapsed",9,4.406,2702.83942597872,3068.63931617673,1901.0293208342,3734.65615590514,6929.92279410939,2911.85721519543,6487.24658179604,2882.81971122556,613.445171579373,696.468296908018,431.463758700453,847.629631390181,1572.83767455955,1472.36645070269,0.00458184096494015,0.00391888130343346,6.83698321255192e-06,0.00123959967615219,0.00970299588650253,5.57515554438404e-05,3.96035899995175e-05,1.72612806410037e-08,1.09512757781573e-05,0.000124307900456758,-400.729951144478,0.134591914230086,0.106883820915402,0.975,0.542195627400936
"linear",400,"sir_collapsed",100,9.218,2527.49656417867,2903.00333426019,3036.01086901966,2107.2263086156,6967.64847202396,2708.11949241621,6810.91292535722,2550.23182094647,274.191425925219,314.927677832522,329.356787700115,228.599078825733,755.8742104604,738.871005137472,0.00255398818684623,0.00234005299347151,1.11089888432448e-06,0.00098984516950913,0.00463486507390541,3.35893879341661e-05,1.94510397758357e-05,4.64670004468966e-08,4.93550630373643e-06,5.43329397692312e-05,-787.37658766613,0.0868577286821828,0.0681457271132108,1,0.477375135377423
"linear",400,"sir_collapsed",101,8.998,3581.06365117563,3791.2420565257,2230.72677142238,2257.58352511534,7012.58268854483,3429.3105023841,6856.12042716902,3089.40367841328,397.984402220007,421.34274911377,247.913622074059,250.898369094836,779.349042958972,761.960483126141,0.00299442032940193,0.00271257641634245,1.82665230620453e-06,0.000934217948178003,0.00569611549605798,3.64182170397886e-05,2.08804988245905e-05,3.6700433860245e-08,4.66930495167244e-06,6.58495484528827e-05,-795.169469511146,0.131564506770953,0.1127361636152,0.9725,0.50118670609007
"linear",400,"sir_collapsed",102,8.935,2750.73437751613,2963.33145501949,2150.80825877789,4077.87262676117,7463.84055979171,2969.83005180469,7209.43078700644,2894.67775551964,307.860590656534,331.654331843256,240.717208592937,456.393131142828,835.348691638692,806.875297930212,0.00380214101861348,0.00342847975617645,3.37686077286673e-06,0.00105625530587105,0.00720422201698368,2.76100123982187e-05,2.31829038091762e-05,4.20646145831885e-10,7.9849827822519e-06,5.51500461467375e-05,-786.135058337204,0.104342882484837,0.0823937227930836,1,0.527945801853361
"linear",400,"sir_collapsed",103,9.155,3284.60160086877,3472.95474169943,3187.60145800924,2888.54662744271,6991.0260765284,3559.83935294106,6922.71575806568,3397.64418175532,358.776799657976,379.350599857939,348.181480940387,315.515743030334,763.629281980164,756.167750744476,0.00275556177122134,0.0025140524395828,1.36652723423186e-06,0.00102395677120837,0.00505824678564783,2.94004473249126e-05,2.08184388726031e-05,1.19050061742181e-08,6.92574732706318e-06,5.38351117765487e-05,-786.502933961451,0.102632304531283,0.0811948360810373,0.975,0.492910067585373
"linear",400,"sir_collapsed",104,9.165,2120.54716067964,2226.58037505318,2766.72683256869,2654.68630481527,6911.4430397046,2278.7752460609,6657.82926655628,2055.32379702999,231.374485616982,242.943848887418,301.879632577053,289.654806853821,754.112715734271,726.440727392939,0.00293035827088124,0.00265920787989564,1.64749130247617e-06,0.00096011231888595,0.00548771290647306,3.63286877975588e-05,2.24020354474227e-05,1.02414431871506e-07,5.14290705844403e-06,6.62072916701272e-05,-779.86545289813,0.0983679909392434,0.0755924607834728,1,0.506316773125284
"linear",400,"sir_collapsed",105,8.987,3335.42390614097,3127.27617257329,2463.6710210125,3078.29284707659,7094.82331901715,2955.76503691311,6994.37953129534,2952.34590302161,371.138745536995,347.977764835127,274.137200513242,342.527300219939,789.454024592984,778.277459808094,0.00299336083171867,0.00273106339865056,1.72809299933905e-06,0.00106081140056347,0.00560141364772584,2.86972978864042e-05,2.17790311294935e-05,2.53216093292487e-09,6.48484640629975e-06,5.57819614526933e-05,-773.133038260972,0.101412976862889,0.0785322214096923,0.9975,0.502850915377845
"linear",400,"sir_collapsed",106,9.048,2425.60506416,2705.78488884732,3444.0110244836,2601.07019760046,6940.68585343747,2634.82351636367,6776.53150468885,2531.9999392504,268.081903642794,299.047843594973,380.637823218789,287.474601856815,767.096137647819,748.953526159245,0.00255879527722791,0.00235881045425011,1.10143440205094e-06,0.00101344962016889,0.00470944303278913,2.93379204268377e-05,1.99420969617842e-05,7.75107755694085e-09,6.22432033595833e-06,5.58547372114735e-05,-780.400998340179,0.0810001206701026,0.066519578381977,1,0.4797158288216
"linear",400,"sir_collapsed",107,9.034,2944.37826528653,3019.08595325745,3092.83352708715,2477.34943072592,7035.29459288388,3164.38606962194,6887.23518038667,2922.60016993933,325.921880151265,334.191493608307,342.354829210444,274.225086420845,778.757426708422,762.36829537156,0.00291752420714787,0.00265019635409233,1.5941043710306e-06,0.00100941904660789,0.0054379985096628,3.43860873162814e-05,2.04431944088407e-05,7.87744615573427e-08,6.44295741587777e-06,6.62585060060584e-05,-777.416916471237,0.0900044514042526,0.0751869992630761,1,0.501393656063668
"linear",400,"sir_collapsed",108,9.067,3045.70583607954,3342.34490924243,2692.21784890725,2640.28439257332,7144.06018363533,3316.00356675052,6948.0499471583,3052.08561912503,335.911088130533,368.627430157983,296.92487580316,291.197131639276,787.918846766883,766.300865463582,0.00321664791992058,0.00290178037181922,2.21985092264495e-06,0.00108309529383259,0.00610454079603716,4.40662535928921e-05,2.20227388335018e-05,7.50837561418334e-08,5.98736963291105e-06,7.96766198353479e-05,-796.106293945879,0.102901232818922,0.076558070925173,0.995,0.505759607633742
"linear",400,"sir_collapsed",109,9.235,3167.46916355462,3172.93366642501,3071.59251136174,2681.81595190859,6943.54196853059,3452.22064887217,6890.94883771115,2710.44376138492,342.985291126651,343.577007734165,332.603412166945,290.396962848792,751.872438389885,746.177459416476,0.00270519579622626,0.00245552544345191,1.40330351120049e-06,0.000981141801930392,0.00500447138541924,2.98620082289802e-05,2.04316498750036e-05,1.22833556463901e-08,6.91594639842424e-06,5.63842442834519e-05,-802.847434093024,0.0946407654489365,0.0779067591957503,1,0.488237652909887
"linear",400,"sir_collapsed",10,9.219,3021.34482244405,2906.50661528552,3083.58729544674,2508.42885110212,6978.34172218385,3343.18158422532,6918.16088552193,2775.9457435715,327.730211784798,315.273523732023,334.481754577149,272.093377926252,756.952133873939,750.424220145561,0.00288162514145152,0.00259825556055663,1.61233844858514e-06,0.000953016458534156,0.00534340868644238,3.51462952748076e-05,2.12449885162745e-05,4.08510396358613e-08,6.72870545018373e-06,6.50200044858273e-05,-793.027450735375,0.0868534420202796,0.0705357166926415,1,0.496266719706522
"linear",400,"sir_collapsed",110,9.18,3259.38818965695,3264.78660676023,2846.07708994849,2658.95801178342,7002.09240771702,3189.42909719298,6804.28640000197,3008.46174381351,355.053179701192,355.641242566474,310.03018409025,289.646842242203,762.755164239326,741.207668845531,0.00306104804716068,0.00276729799902906,1.88813573579209e-06,0.00109343286482907,0.00580285357857006,3.96602650282182e-05,2.37766370127112e-05,1.54308251245803e-07,6.86252042711958e-06,6.726846447924e-05,-789.084348160851,0.133795045027201,0.108678510586323,0.98,0.506301750936626
"linear",400,"sir_collapsed",111,9.092,3080.1413882168,3395.32293519421,3037.21652765148,2549.85491809995,6953.70070495842,3361.273726542,6843.51133522771,3206.31587238189,338.774899715883,373.440709986165,334.053731593872,280.450386944561,764.815299709461,752.695923364244,0.00286270691547128,0.00257650115783849,1.62282380639381e-06,0.0010334025894336,0.00539274727097421,3.92136219345894e-05,2.11024555842257e-05,5.50620332989209e-08,6.83131953195125e-06,7.27920735739569e-05,-803.176312650725,0.0826476138287614,0.0695095323152936,1,0.502050989643391
"linear",400,"sir_collapsed",112,8.936,3422.73531627526,3410.14031699147,3139.76819735079,3370.47944470535,7307.16267608047,3667.25959983914,7136.22909700767,3105.25682480924,383.027676396068,381.61820915303,351.361705164591,377.179884143392,817.721875120912,798.593229298084,0.00310749652678076,0.0028416467054323,1.88718743845319e-06,0.0010592916799017,0.00577996666023415,3.06229508224641e-05,2.16760005615764e-05,5.75308848361148e-09,6.90779122456238e-06,6.16693858103479e-05,-787.362632412952,0.123192664137948,0.0901196032144666,0.96,0.498927450236721
"linear",400,"sir_collapsed",113,8.958,2722.37681762871,3310.10539302916,2945.55519070808,2387.42683831586,6632.0032518789,2881.46959224765,6407.69922583069,2969.97474573405,303.904534229595,369.513886250186,328.818395926331,266.513377798153,740.344189760985,715.304669103672,0.00273898341294302,0.00251728518192651,1.27863921561217e-06,0.00100469117029844,0.00486465463214204,3.82131566387599e-05,2.25807405368277e-05,3.5357546427073e-08,6.56359584263101e-06,6.77986179640687e-05,-761.85282551103,0.15065771625392,0.127159159579981,0.95,0.507488935650669
"linear",400,"sir_collapsed",114,8.952,3714.19467966436,3790.76205484404,2605.59543032564,2183.38971983684,7033.95783998579,3773.34485548249,6933.26871415318,3418.95861723314,414.901103626493,423.454206305188,291.062939044419,243.89965592458,785.741492402345,774.493824190481,0.0031581696662452,0.00285649936498627,2.04415977415699e-06,0.000947563891755357,0.00586422647548949,3.97418828882513e-05,2.12664653345713e-05,3.11958587148313e-08,5.34665721539857e-06,7.79892053661502e-05,-781.281938936304,0.120335626287199,0.0853652795583481,0.9475,0.509596350107239
"linear",400,"sir_collapsed",115,9.077,2790.65061410184,3153.91383755992,2967.84629449029,2915.49929252341,6935.16915116049,3026.15113525483,6785.22063408976,2872.12535162663,307.441953740425,347.462139204574,326.963346313792,321.196352597048,764.037584131375,747.517972247412,0.00273908171652185,0.00248517138074477,1.44047271586426e-06,0.000957992755441752,0.00506119689566297,2.97423153786515e-05,2.11210079290109e-05,5.65370351794112e-09,7.07965916574107e-06,6.0481646796338e-05,-809.577366482677,0.101280887735028,0.0833589267740012,0.985,0.489652124299789
"linear",400,"sir_collapsed",116,8.956,3567.6605833699,4117.13685817981,2941.48045710681,3136.43525459768,7590.05827055942,3559.54041743494,7437.03968292736,3648.60443372046,398.354241108743,459.707107880729,328.436853182984,350.20491900376,847.483058347412,830.397463480054,0.00405771308822785,0.00358823867630551,4.004306388366e-06,0.00119074405386929,0.0080213066391392,4.00263331507002e-05,2.21770626735137e-05,4.79859695975283e-08,5.8865847576122e-06,7.25362203136563e-05,-798.465874618077,0.114595819672641,0.0867948042453871,0.9725,0.536585809003866
"linear",400,"sir_collapsed",117,9.217,2449.00775557029,2769.60574808104,2598.36708875946,4346.78909792168,6990.65523533663,2545.17409626641,6964.71820586965,2642.258834519,265.705517583844,300.488851912883,281.910284122758,471.605630673937,758.45234190481,755.638299432532,0.00266340019902573,0.00244103807146545,1.31350799811459e-06,0.000947199777600965,0.00489421320807459,2.37096861967196e-05,1.9857187475301e-05,1.51139432418188e-09,7.06177501500298e-06,4.58064798029039e-05,-781.296644992913,0.104586262192201,0.0878478523565644,1,0.485585868416954
"linear",400,"sir_collapsed",118,9.014,2930.97875535107,3084.39029992671,2590.4469051433,2727.82523185446,7394.21702627629,3186.91156446063,7354.62912398162,2845.50893104084,325.158504032735,342.177756814589,287.380397730564,302.620948730249,820.303641699167,815.911817615001,0.00361254903870208,0.00321459987022163,2.98034924590721e-06,0.00109694349881412,0.00710894741434811,4.03359791399391e-05,2.26447115971518e-05,3.53088601355543e-08,6.15984046815841e-06,7.83361495896301e-05,-804.329189557703,0.105319563895181,0.0815825846084493,0.985,0.510724959242897
"linear",400,"sir_collapsed",119,8.922,3288.19542960661,3415.51597824474,2727.39451023234,2435.31915958944,7069.62510764085,3547.09535243726,7007.8850479152,3224.69329617491,368.549140283188,382.819544748346,305.69317532306,272.956641962502,792.381204622377,785.461224827976,0.00289990020095765,0.00264910372256844,1.61072058195479e-06,0.00108640628936348,0.00541242185161133,3.36587881738491e-05,2.05085885268903e-05,1.68336112999245e-08,6.85265415957997e-06,6.10645071983244e-05,-813.432179548228,0.116945018459598,0.0957423830116902,0.9575,0.488731342952465
"linear",400,"sir_collapsed",11,9.204,2780.19563095154,2854.97482832829,2438.09221742883,2113.58471420857,7258.11479957825,3128.41241385038,7043.11353305292,2800.40440300872,302.063845170745,310.188486345968,264.894851958804,229.637626489415,788.582659667346,765.223113108748,0.00348362671303202,0.00314026243256766,2.54935239522994e-06,0.00114466356731074,0.00670179549434124,4.46209266237537e-05,2.38559686043691e-05,5.65616124911748e-08,6.41809862741837e-06,7.61364207584647e-05,-807.34507497751,0.12064905117903,0.0966985319800842,0.96,0.510734748921931
"linear",400,"sir_collapsed",120,8.952,2476.03171784502,2838.36426060664,3371.5651547238,3298.23072159443,6961.02644469189,2671.74062753084,6925.11418306324,2667.78061548952,276.589780813787,317.064819102619,376.627028007574,368.435067202237,777.594553696591,773.582906955232,0.00292908440254458,0.00265383982811894,1.69691657208903e-06,0.00102072716363483,0.0055832501766519,2.73998752932882e-05,2.14975150440988e-05,1.74581342303296e-09,7.11298387819629e-06,5.41234873436131e-05,-787.814795096386,0.10681093702261,0.0818761761587524,1,0.503399126339838
"linear",400,"sir_collapsed",121,8.894,2926.75002252674,3147.08776016653,2848.40885289008,2878.62401162333,7137.64232587619,3269.57828326395,7168.74621216422,3002.65563644059,329.070162190998,353.843912768892,320.261845389036,323.659097326662,802.523310757386,806.020487088399,0.00309170214480852,0.00275677316789648,2.07072002118947e-06,0.00104072867493618,0.00596422396784554,3.41969351435703e-05,2.1375638761761e-05,5.28993443222158e-08,6.34296014974842e-06,6.0445089664777e-05,-793.511949557647,0.0829259515990217,0.0670642425022502,1,0.499233415020031
"linear",400,"sir_collapsed",122,8.975,2542.52883187569,3020.55218247616,3205.73784560705,1983.7135426283,6819.44041895221,2697.10541138802,6780.99377178808,2649.40340790422,283.290120543253,336.551775206257,357.185275276552,221.026578565827,759.826230523923,755.542481536277,0.00247332288587748,0.00227889157789825,1.00299162644728e-06,0.000977908299485062,0.00449422327953233,4.65342843038525e-05,2.0227348375423e-05,5.5599208793305e-07,5.20265735225679e-06,6.27593916680555e-05,-798.094532828186,0.0816765900109952,0.0665054210238339,1,0.478684871288527
"linear",400,"sir_collapsed",123,9.055,2629.13182180992,2891.70679114449,2781.24599437493,2847.93047886779,6947.84838677943,2749.93101557493,6879.97977939896,2654.07909020684,290.351388383205,319.349176272169,307.150303078403,314.514685683909,767.294134376525,759.798981711647,0.00264815077085418,0.00240841018963082,1.32714017448964e-06,0.00103351652243275,0.00493355521222152,2.63807476740734e-05,1.90362119924229e-05,8.39745471320645e-09,6.51300415749462e-06,4.86794856378106e-05,-801.812554512107,0.10834256638558,0.0914132346610387,0.985,0.48430258656911
"linear",400,"sir_collapsed",124,8.972,2714.25672525138,2717.25546151538,2764.39060915405,2377.97403889632,7052.4298142025,2898.37734851246,6775.97374505983,2570.93021878007,302.52527031335,302.859503066806,308.113086174103,265.043918735657,786.048797837996,755.23559351982,0.00296140240665549,0.00266834488886325,1.85503705908906e-06,0.00101090770012147,0.00560538563139917,3.37479302634735e-05,2.29241500518394e-05,5.92546134695795e-09,6.76523485591497e-06,6.59256493751189e-05,-795.02629601918,0.0954752360641103,0.0745666990874983,0.985,0.501989984310363
"linear",400,"sir_collapsed",125,8.904,3842.22284306197,3661.22252795426,2413.06279292236,2815.25996768242,7551.57845799522,4123.75874747571,7497.68383669788,3431.36771921326,431.516491808397,411.188513921188,271.008849160193,316.179241653461,848.110788184548,842.05793314217,0.00385572016295088,0.0034593066228228,3.64696075389886e-06,0.00112924798238483,0.00753598225288773,3.52279566471213e-05,2.20768438255845e-05,9.33516684471897e-08,6.63681098195818e-06,6.45443961372342e-05,-826.405749839562,0.122567768656463,0.094643569161911,0.9675,0.514409354677006
"linear",400,"sir_collapsed",126,8.875,3363.83569710367,3173.23440198189,2601.16783155042,2752.90115532391,6956.07991366635,3476.24916272144,6809.08284232701,3031.61015645679,379.023740518724,357.54753825148,293.089333132441,310.1860456703,783.783652244096,767.22060195234,0.00283542287789404,0.00258763556315893,1.43475629646474e-06,0.000934277342431608,0.00523164968940576,3.06248752644232e-05,2.15056731932004e-05,1.72943665712791e-08,6.63804007588451e-06,5.8375260071758e-05,-762.686401037869,0.128289513110127,0.107725943950008,0.95,0.500929122682535
"linear",400,"sir_collapsed",127,9.069,2694.71027247647,2975.61152337181,3109.0428185442,2599.50394761467,6851.45542979741,2959.01269624495,6720.76253183653,2877.42202044284,297.134223450928,328.108007869865,342.820908429177,286.636227546,755.480806020224,741.069856857044,0.00281028671644057,0.00255978256928025,1.53399283955275e-06,0.000949904278804312,0.00518730953701775,3.50770020934229e-05,2.15672341090158e-05,3.47367352137382e-08,7.09523786346121e-06,6.73113759185085e-05,-788.732655507214,0.112508482255873,0.086997477755667,0.9725,0.50380817778538
"linear",400,"sir_collapsed",128,8.98,2890.64769305629,3094.10920457749,3794.27427076412,2089.89569150837,6906.82612277926,3094.27690217124,6843.25394421772,2740.60133503738,321.898406799141,344.555590710188,422.524974472619,232.727805290465,769.134312113504,762.055004924022,0.00254149564067409,0.0023445589540506,1.08651141368681e-06,0.000934702011097502,0.0045775345882682,2.87727831354448e-05,1.9247017609717e-05,1.1527478555118e-08,5.67663778910496e-06,5.46865842790261e-05,-797.081969409158,0.113900145686297,0.0945425418654577,0.9675,0.478835992294224
"linear",400,"sir_collapsed",129,8.981,2864.97320959399,3066.82585245357,3014.03531475876,2713.29188366944,6990.0211690773,3124.5948021006,6881.59870283402,2793.07015553312,319.003809107448,341.479328855759,335.601304393582,302.114673607553,778.312122155362,766.239695227037,0.00266614691095049,0.00242783435780835,1.3355075916133e-06,0.000948706359000957,0.00492486273065451,2.91896856860742e-05,1.98429680001839e-05,4.13362481632448e-08,5.80865692699963e-06,5.02958449175043e-05,-788.644340486559,0.076954996653267,0.0622319560916428,1,0.485646029006896
"linear",400,"sir_collapsed",12,9.232,3463.59838185976,3596.00789684872,2535.34474321,2803.92403394233,7299.94090616113,3900.77443974905,7071.84945726857,3487.49478534085,375.173134950148,389.515586747045,274.625730417027,303.717941284915,790.721501967193,766.014889218866,0.0033342352955271,0.00300188294517421,2.39000909952141e-06,0.00114859037030087,0.00631677183888669,3.65747045948809e-05,2.22706478231109e-05,4.66786955907726e-08,6.14110957536255e-06,6.50536956327001e-05,-798.961838260837,0.113513804856684,0.0880624084938827,0.9475,0.504223624787703
"linear",400,"sir_collapsed",130,9.077,2983.75008287588,3338.23919910734,3114.25277555319,2317.68918651328,6859.12205385135,3147.80478313659,6615.04510778044,2860.23494655075,328.715443745277,367.768998469465,343.092737198765,255.336475323706,755.659585088835,728.769979925134,0.00276119973954391,0.00253267830644822,1.37427928558319e-06,0.000988353876654721,0.00504158659372495,4.07328808717481e-05,2.15961486553477e-05,1.53757322614642e-07,5.56841785489707e-06,6.99818525570182e-05,-797.670218195672,0.104486526018627,0.0814680321193499,0.9775,0.498074755809613
"linear",400,"sir_collapsed",131,8.875,2976.16693894148,3044.06590449902,3140.81114091324,2488.85877295634,7149.70437347089,3237.61817756722,6884.23390858359,3033.20130073416,335.342753683547,342.993341352002,353.894213060647,280.434791319025,805.600492785453,775.688327727729,0.00324681617691194,0.00294092485111965,2.10762941804475e-06,0.00110314964491739,0.00605322525346482,4.03509239786636e-05,2.42289284020736e-05,3.98202721165096e-08,5.91309412356134e-06,7.99457484239032e-05,-791.589512980235,0.120995973486233,0.101052385924148,1,0.512387814927634
"linear",400,"sir_collapsed",132,8.936,2647.87480190273,3007.59911946224,3239.54771149375,3550.71219029721,6746.2591218893,2786.24967201888,6689.19126224642,2648.26304388203,296.315443364226,336.571074245998,362.527720623741,397.349170803179,754.952900838104,748.566613948793,0.00261276648088082,0.00241210435806638,1.16741010568379e-06,0.000899537582980271,0.00475785325469369,2.60583788423759e-05,2.14442389590026e-05,1.18971563247565e-09,6.92221686914326e-06,4.98981391316862e-05,-762.780758238538,0.100019957567264,0.0710153381934398,0.985,0.493917547227117
"linear",400,"sir_collapsed",133,8.893,2531.60187334841,2854.6344101605,3419.97910786892,2256.4146918497,6803.88927272961,2745.84233023026,6753.97396101009,2688.56847056327,284.673549235175,320.997909609861,384.569786109178,253.72930303044,765.083691974543,759.47081536153,0.00258601027768769,0.0023627437907318,1.1629906319473e-06,0.000962825838888636,0.00481566381197685,3.98486328397702e-05,1.98653328508987e-05,9.23151492617589e-08,5.38184743282788e-06,6.87034282303509e-05,-797.467004142636,0.0659712037486702,0.0518872478293649,1,0.483454031445139
"linear",400,"sir_collapsed",134,8.883,2909.0474193365,3200.1723410594,3487.57940980727,3189.26713740105,6949.68354691548,2995.77977291495,6849.65415224163,3034.61905473594,327.484793350951,360.258059333491,392.612789576413,359.030410604644,782.357711011537,771.096943852486,0.00270881376196545,0.00248677882199648,1.29281904166232e-06,0.00104607138488377,0.00498466569331595,2.80267336309896e-05,2.08874156940873e-05,6.55806464273175e-09,7.28157332433215e-06,5.53996898012998e-05,-802.048320597372,0.104810350302921,0.0844675827354874,1,0.487766838327347
"linear",400,"sir_collapsed",135,8.914,2017.86692550392,2444.18303673105,2631.22195071765,2002.95976519345,6800.43487684867,2157.26419859331,6582.38133346319,2228.36114513592,226.370532365259,274.195987966239,295.178589939157,224.698201165969,762.893748805101,738.431830094592,0.00277270113805144,0.00254254472447829,1.31823863476752e-06,0.0010052751523363,0.00499770271000116,3.52377816739089e-05,2.29945337533782e-05,1.06608469178101e-08,6.64043796680535e-06,6.77809128623579e-05,-798.640295527972,0.113998727358673,0.080240665863211,0.9725,0.501081804738667
"linear",400,"sir_collapsed",136,8.908,2932.48361698816,3098.1921459606,2237.3236797952,2737.56617897959,7168.77735211063,3200.49158994357,6869.345819575,2958.70787938651,329.196634147751,347.798848895442,251.158922294028,307.315466881409,804.757224080673,771.143446292658,0.00322535107658812,0.00292662787940796,2.06955233551316e-06,0.000940362757776633,0.00598860655582501,3.69396567297778e-05,2.22816381993645e-05,2.84908639351343e-08,5.79296279324852e-06,6.68817049904504e-05,-791.557025582661,0.0946676522279388,0.0745340370332374,0.9825,0.513096499263357
"linear",400,"sir_collapsed",137,8.986,2933.70589919053,3370.49446467854,2453.19648015244,2408.2199145538,7378.52246326413,3205.31982332497,7137.55716636957,3043.47130718151,326.47517240046,375.082847170993,273.002056549348,267.996874533029,821.113116321403,794.297481234094,0.00370885238478611,0.00333791953098255,3.11385477086136e-06,0.00107775655620655,0.00713927131072865,3.82268004007089e-05,2.28004899310075e-05,2.27445305926669e-08,5.91214315108788e-06,8.08055392092924e-05,-812.83857815192,0.12642224222322,0.10371498252069,0.99,0.522521448394769
"linear",400,"sir_collapsed",138,8.977,2993.28637785866,3163.5766157979,3403.5903854435,3054.26839974077,6930.87664685664,3252.02830696399,6701.25804152618,3023.55591715002,333.439498480413,352.409113935379,379.145637233319,340.23263893737,772.070474195905,746.491928431122,0.00249448447928066,0.0022993430536039,1.03223363181802e-06,0.000921327952492784,0.00451586378646446,2.81250583907251e-05,2.13162613727012e-05,2.56494722045772e-09,7.47258314403041e-06,5.51299973721745e-05,-795.637039073935,0.108015769971388,0.0887101411054495,0.9975,0.479552822621247
"linear",400,"sir_collapsed",139,8.908,2902.59420218526,3395.6736734578,3357.69948948491,2502.10938122134,6956.89223541237,3033.07617984805,6784.6982887083,3057.08193750688,325.841288974547,381.193721762213,376.930791365616,280.883406064362,780.971288214232,761.64102926676,0.00255286831896051,0.00230969542423884,1.20044350971481e-06,0.00100544031858344,0.00469043124333314,3.39182253424417e-05,1.96336681552172e-05,2.59290889885545e-08,4.54283086654022e-06,5.92934981226296e-05,-798.21208300638,0.100546676114388,0.0821235234608048,1,0.481785464203876
"linear",400,"sir_collapsed",13,9.05,3211.41510196304,3579.2740357649,2707.92296078703,2945.96284669115,7327.3322341577,3419.53489271016,7123.40198984323,3407.82552038866,354.85249745448,395.499893454685,299.218006716798,325.520756540458,809.64997062516,787.116241971627,0.00351434165471362,0.00320500374117215,2.59210576990475e-06,0.00121861976309432,0.00660312810029235,3.64416856397484e-05,2.28751681507887e-05,1.71818539836429e-08,6.454000313951e-06,7.4053102746105e-05,-795.031058837949,0.116023613037483,0.0923534083775349,0.945,0.516163653503446
"linear",400,"sir_collapsed",140,8.895,2638.51633369489,2667.0806601075,2809.62705486752,2841.94757957981,6824.19666565114,2836.86599516245,6739.2144573463,2445.96577334602,296.629154996615,299.840433963743,315.865885876056,319.499446833031,767.194678544255,757.640748436909,0.00270966429799138,0.00248191094631566,1.28384371440997e-06,0.000963469010390973,0.00499187513932936,3.29569128085743e-05,2.08238485507417e-05,4.05488323946248e-08,5.82866694029516e-06,5.99166493683297e-05,-774.091312587335,0.0744507481075835,0.0593107934263024,1,0.491360270991352
"linear",400,"sir_collapsed",141,8.929,3219.62832412069,3301.30600509547,2866.37624058756,2314.1595265581,7084.94533995742,3404.1839365564,6834.88920266769,3188.69681553356,360.581064410425,369.728525601464,321.018730046765,259.173426650028,793.475791237251,765.470848098073,0.00289392203162538,0.00260033892577623,1.68923123459955e-06,0.000967703210056694,0.00539572933612334,3.87485328311188e-05,2.06261621916126e-05,3.23657591751827e-07,5.85987814028253e-06,6.3418859815004e-05,-789.290276934021,0.109575492552084,0.0876298561591802,0.9625,0.499493411438517
"linear",400,"sir_collapsed",142,8.975,3500.82248835508,3628.81152430952,2431.90432771373,2281.02466630661,6880.61275098382,3615.392023022,6734.21347905495,3336.34168858875,390.063787003352,404.324403822788,270.964270497351,254.153166162296,766.642089246108,750.330192652362,0.00284192292194187,0.00257227633179267,1.52988271893412e-06,0.00103045639095076,0.00526685661854764,3.77429893060625e-05,2.174311497247e-05,2.08140300058258e-08,6.02186804033764e-06,6.60440102181969e-05,-819.032647664351,0.106764171010375,0.089613665623197,1,0.493753068274983
"linear",400,"sir_collapsed",143,9.084,3069.0810840999,3328.40628028793,2498.0164855041,2587.77013052563,7252.85497697679,3218.17767682931,7101.14657091979,2918.63482619106,337.855689575067,366.403157231169,274.990806418329,284.871216482346,798.420847311404,781.720230176111,0.00380033889568385,0.0033879349400149,3.63554632847004e-06,0.0010156314623081,0.00755744883172212,5.3755979406951e-05,2.22676229691233e-05,5.54438028466355e-07,6.66704798158684e-06,7.57408839186523e-05,-771.156601280515,0.0977432170012007,0.0749166477330766,1,0.529637955016816
"linear",400,"sir_collapsed",144,8.87,3451.95671243514,3632.76956707352,2469.48727046417,3250.177644866,7310.58703138356,3685.65384378773,7172.68712608109,3422.49926749804,389.172120905879,409.556884675707,278.40893691817,366.423635272379,824.192449986872,808.645673740822,0.00345116748382389,0.00313157369697183,2.485411396827e-06,0.00104888547530117,0.00653578843607104,3.43599629277117e-05,2.29265650445932e-05,1.49746375874371e-08,5.98707863638527e-06,6.80756139112897e-05,-807.182656463799,0.0881517959669129,0.0659542957160109,0.9825,0.510575973083612
"linear",400,"sir_collapsed",145,8.928,3045.13945245374,3311.64945157678,2656.78190469786,2290.99768332097,6928.54561926992,3192.36280734259,6756.52864529704,2952.82629018982,341.077447631467,370.928477999192,297.578618357736,256.60816345441,776.046776351918,756.779642170367,0.00298162038034496,0.00269638457261844,1.82277369622984e-06,0.000937738560571246,0.00550756028770912,3.63093916485368e-05,2.13492489474625e-05,3.44230368635763e-08,4.83469224677084e-06,6.7587585920174e-05,-791.212690932367,0.0967165005376942,0.079969496788323,1,0.506349241462857
"linear",400,"sir_collapsed",146,9.112,3203.1120189103,3475.41449954215,3412.48594174372,3513.32535250991,7087.40697089917,3388.77793253364,6966.44399702167,3167.98989650639,351.526779950648,381.410722074424,374.504602913051,385.571263444898,777.810247025809,764.535118198164,0.00270821289611467,0.00246203288850511,1.31258859626763e-06,0.00100614817251526,0.00500712450139782,2.5019351726479e-05,2.00408315822664e-05,7.08532149052466e-10,7.12415922440396e-06,4.96447390076812e-05,-798.204549154763,0.0638753437946565,0.0495992658025702,1,0.487899958253358
"linear",400,"sir_collapsed",147,9.051,2786.21311712718,2976.88007357875,2414.97309945399,2285.55660580596,7025.0279815911,3087.10158653386,6883.2468221547,3001.74668930946,307.834837822028,328.900682088029,266.818373600043,252.519788510216,776.160422228605,760.49572667713,0.00316887965300467,0.00285169886443526,2.04451512102489e-06,0.00103905173277253,0.00601304032440643,4.38443746198378e-05,2.31346350234499e-05,7.61448970337856e-08,5.53513023652689e-06,7.66455069080698e-05,-789.027604022478,0.12679035165126,0.0942351823547767,0.94,0.505414754193955
"linear",400,"sir_collapsed",148,8.889,2864.59316706483,3104.09371804484,2912.89381312008,2093.76860629747,6930.47879083053,3093.25225222869,6664.58580412433,2978.59209636324,322.262703011006,349.206178202817,327.696457770287,235.546023883167,779.669118104459,749.75653100735,0.00304511892756897,0.00275234758646251,1.83022539480974e-06,0.00103635992264051,0.00580801318538075,5.22421305854562e-05,2.26948472067732e-05,2.40602675535798e-07,2.46342961204764e-06,8.51061991390289e-05,-796.328917333697,0.108429128023636,0.0872309981761108,0.9675,0.501888099218452
"linear",400,"sir_collapsed",149,9.008,3249.02182764094,3319.30651126542,2355.1122936744,2599.30633607423,7111.15335875699,3564.16942164283,6844.61266561438,3168.75139897828,360.681819231899,368.484292991277,261.446746633481,288.555321500248,789.426438583147,759.837107639252,0.00339362440422499,0.00305421092347845,2.44338574195454e-06,0.00103667558202197,0.00646858815730584,3.68856201678168e-05,2.43540564559981e-05,2.2292476960398e-08,6.36899696155185e-06,7.04379978013166e-05,-775.734570515893,0.138936692698892,0.113411068812882,0.95,0.517935950862012
"linear",400,"sir_collapsed",14,9.146,2744.70576405829,3189.54103774495,2930.5254362023,3080.07409758197,7414.15571505671,2964.58583677619,7080.67764981548,2912.02239612755,300.099033900973,348.736172943905,320.416076558309,336.767340649679,810.644622245431,774.182992544881,0.00342988009186855,0.00310528944480473,2.46087187132992e-06,0.00100324339517452,0.00647220011750198,3.14532053378661e-05,2.20781617412513e-05,5.08816789719331e-09,6.88570866387946e-06,6.50438738383986e-05,-796.248434057552,0.0960239224194081,0.0825775455826344,0.9875,0.510904186135559
"linear",400,"sir_collapsed",150,8.949,3272.00368180074,3592.49599448498,3378.22140741287,2035.83160589107,6849.65058470565,3520.69617144747,6750.58272208282,3381.69036323455,365.627855827549,401.441054250193,377.49708430136,227.492636707014,765.409608303235,754.339336471429,0.00289920313229209,0.00264649395668261,1.69196105365718e-06,0.000954274036975321,0.00539992408796471,5.01087097762112e-05,2.10500592978065e-05,3.20315414888179e-07,4.65808792255076e-06,7.61526389461268e-05,-803.145408687683,0.113614809457142,0.0868062811489538,0.965,0.501326223422933
"linear",400,"sir_collapsed",151,8.915,2415.26004810328,2589.91811669527,2789.84493192807,2325.13622852556,6947.22497889986,2535.76134893073,6822.39790635401,2344.38888593211,270.920925193862,290.512407929923,312.9382985898,260.811691365739,779.273693651134,765.271778615144,0.00304344681240663,0.00277294892241456,1.84895201220691e-06,0.00106263608409737,0.00565580864182843,4.13832785085819e-05,2.3092202306421e-05,8.46449199780814e-08,5.51127787285015e-06,7.02609136905197e-05,-795.294558957449,0.107061586899763,0.0870442750603417,0.99,0.501146055174729
"linear",400,"sir_collapsed",152,8.899,2985.17335459159,3214.12890919062,2639.14545043138,2228.70501076248,7176.60502084198,3210.1447328164,6916.19554868234,3008.80818660534,335.450427530238,361.178661556424,296.566518758443,250.44443316805,806.450727142598,777.187947935986,0.00352765101254681,0.0031448669528031,2.94149503036487e-06,0.00101731677417905,0.00702986389071666,6.26423064283175e-05,2.31811261845642e-05,4.6478885215966e-07,5.77999720173095e-06,9.18757697135449e-05,-814.116287446315,0.102693128007581,0.0849134673998891,1,0.526517496626177
"linear",400,"sir_collapsed",153,8.931,3144.98954289492,3477.98700051913,3164.8877961763,2981.27820715271,7162.82333982333,3374.10134685679,7125.13176759778,3178.1776275554,352.143045895748,389.428619473646,354.37104424771,333.812362238575,802.018065146493,797.797756981052,0.00297782719665898,0.00268493162328954,1.73460232457045e-06,0.000999889818022992,0.00547406078500127,2.75259796847114e-05,2.09094403255007e-05,3.59245724465885e-09,7.3832116307375e-06,5.56286351390259e-05,-800.059920960495,0.108327333859768,0.080176438276806,0.975,0.491435962056452
"linear",400,"sir_collapsed",154,9.092,2407.7599479098,2607.24593818936,3324.57763486192,2503.29718272413,6983.47513568685,2620.52487919332,6897.23761525767,2416.2874320168,264.821815652199,286.762641683827,365.65966067553,275.329650541589,768.09009411426,758.605105065735,0.00295218922742011,0.00266565416710285,1.72528811417567e-06,0.0010676307103865,0.00564335780426493,3.24822815976087e-05,2.0648274717464e-05,5.05879342272735e-08,7.00694916321623e-06,5.84443169983076e-05,-793.28960134876,0.0966631232758529,0.0760882621093803,1,0.503134692447888
"linear",400,"sir_collapsed",155,8.958,3013.21125304128,3318.07213722712,1449.2142647497,3696.33398017828,7364.41960590676,3266.46482851609,7303.23218452257,3118.85371216982,336.370981585318,370.403230322296,161.778774810193,412.629379345644,822.105336671886,815.274858732146,0.00343114955981487,0.00310441762608933,2.40480705658142e-06,0.00113512359106295,0.00641742624180077,2.78323660868854e-05,2.20710084111366e-05,1.55715846650833e-09,7.32299569498163e-06,5.53350602583302e-05,-783.9990146667,0.0947707877498006,0.073918346238922,1,0.507858563535381
"linear",400,"sir_collapsed",156,8.916,2735.41404325399,3170.19428432948,2410.35872510332,2197.90049381429,6961.24063909535,2820.40723586271,6686.45595760039,2699.60938335117,306.798344914086,355.562391692404,270.340817082023,246.511944124528,780.758259207644,749.938981336966,0.00308921455529646,0.00279802245603044,2.00692483414516e-06,0.00105093776158924,0.005915070099218,4.35161320637753e-05,2.17792762260395e-05,8.45697067565939e-08,5.04077715538459e-06,7.23410355383849e-05,-795.242943022467,0.125232227897373,0.0961432899309028,0.95,0.509862062733487
"linear",400,"sir_collapsed",157,8.971,3042.37473119322,3360.97801965446,2918.63235278575,1842.69545265868,7036.59693646533,3317.54350146568,6829.11453363361,3252.43438177951,339.134403209589,374.649205178292,325.340804011342,205.405802325123,784.371523404897,761.243399134279,0.00313009721071985,0.00279328213606503,2.27558490086626e-06,0.000942078297966945,0.00594771312414275,5.59853953695012e-05,2.2027371858138e-05,2.29029721247264e-07,4.53694983934204e-06,0.000105562738300143,-803.957221907008,0.08044719467286,0.0617578743233063,1,0.507307224694036
"linear",400,"sir_collapsed",158,9.078,3057.08605919617,3126.60940540337,2330.07559575417,2489.60872164544,6974.47412231695,3266.3721063671,6838.27446185354,3055.75851644219,336.757662392175,344.41610546413,256.672790896032,274.246389253739,768.283115478845,753.279848188317,0.00274171084297486,0.00248437718177665,1.37366293657571e-06,0.000967903541120331,0.00508927347089089,3.20239618467638e-05,1.99316885721971e-05,5.41057327321095e-08,5.87646936294843e-06,5.22663675098445e-05,-789.097275302658,0.0878231825780356,0.0677931022425834,0.9925,0.489966157041116
"linear",400,"sir_collapsed",159,8.911,2568.34596741582,2686.37992390638,3230.54683337337,2318.36631027205,6665.14325334126,2758.71946455523,6545.98538997364,2518.02115837306,288.22196918593,301.467840187002,362.534713654289,260.169039420049,747.968045487741,734.596048700891,0.00254232639336092,0.00234714933422162,1.02988781266135e-06,0.0010099706393989,0.00457351593999579,3.40202955918319e-05,2.00930900187949e-05,1.59167588737628e-08,5.89978321596071e-06,6.75578821227848e-05,-773.811642008615,0.118255131528542,0.0963420678091011,0.985,0.494414652176613
"linear",400,"sir_collapsed",15,8.845,3012.06002850213,3178.7617635121,2460.99176478575,2486.05867458492,7148.33889394517,3237.36753580008,6984.15431311151,2879.42494752202,340.538160373333,359.385162635625,278.235360631515,281.06938095929,808.178506946882,789.61608966778,0.00346757943517366,0.00312127413400092,2.72316812508726e-06,0.00109554758985981,0.0067407598816241,4.00914228832031e-05,2.29208812126963e-05,3.65406540567906e-08,6.51083139317202e-06,7.60965119002163e-05,-798.409554220696,0.0987276483753911,0.0792534374424408,0.985,0.513911076531464
"linear",400,"sir_collapsed",160,8.879,3157.0241947021,3310.03159463644,3120.28919615093,3752.03182295058,6961.45001340791,3102.24539431532,7080.67033773581,3118.05665703333,355.56078327538,372.793286928308,351.423493203168,422.573693315754,784.035365852902,797.462590126795,0.00269321156119621,0.00244562181462294,1.37495767387755e-06,0.000891738514981292,0.00497175712339216,2.52496174076891e-05,1.99312795341978e-05,1.39106225565068e-09,7.38339919262763e-06,4.8988961714024e-05,-793.30620617185,0.0907034424954254,0.0714133346975437,1,0.496296995331637
"linear",400,"sir_collapsed",161,9.22,3259.89144201176,3566.80706084412,3156.35798565773,2446.86239983687,6936.10432480486,3455.60142799279,6827.00183778642,2983.18506464485,353.567401519713,386.855429592638,342.338176318626,265.386377422654,752.288972321568,740.455730779438,0.00292308504919429,0.0026170429921388,1.78050300790544e-06,0.000938176002980657,0.00550717299179531,3.69494376181422e-05,2.04030910766287e-05,2.37369851070446e-08,6.16177119091423e-06,6.51740714439461e-05,-816.167099641141,0.0932227858374018,0.0764249648349908,1,0.494852413673908
"linear",400,"sir_collapsed",162,9.133,3345.31992873201,3350.84047080478,2501.81355755635,3036.55232009122,7289.04268731609,3737.50718711838,7244.06929118284,3258.56572969361,366.289272827331,366.893733801027,273.93118992186,332.481366483217,798.099494943183,793.175220758002,0.00354595440277949,0.00314098928702987,3.19409454303496e-06,0.000986342159217754,0.00712341096307949,3.54167127000948e-05,2.13879688667915e-05,4.60210593003771e-08,4.83327723867302e-06,6.18075480090646e-05,-816.417634529496,0.103263612352875,0.0827233247839397,0.985,0.518022006993798
"linear",400,"sir_collapsed",163,8.953,2949.05744168827,3188.29504444505,2907.82425076237,2571.01003959127,6846.42277203252,3150.08755521333,6717.68157095526,2989.04455197915,329.393213636576,356.114715117284,324.78769694654,287.167434333885,764.707111809731,750.327440070955,0.00288102590035759,0.0026364422276274,1.48423812156358e-06,0.000920400224035065,0.00527224408235788,3.53361008897268e-05,2.25921666267322e-05,6.0372399092486e-08,7.5157465963794e-06,6.71198210657798e-05,-783.39482416344,0.110666172174659,0.0964607829850445,1,0.501516104292585
"linear",400,"sir_collapsed",164,8.951,2625.02604942523,3067.17638926502,3197.75470791066,3350.11965664576,6878.10633199585,2730.59621127316,6712.73887398302,2723.36803907393,293.266232758935,342.662986176407,357.251112491416,374.273227197605,768.417644061652,749.94289732801,0.0025445469369062,0.0023218043742346,1.11268204013575e-06,0.000864048572529061,0.00456406038418355,2.61434321727546e-05,1.92815908023873e-05,1.61810452721727e-08,6.46384015479471e-06,5.00138469654298e-05,-808.096576616846,0.0817802818238798,0.0629884245617699,0.9975,0.482677109185439
"linear",400,"sir_collapsed",165,9.047,3029.58218322049,3009.91497637476,3089.1192531901,2081.54806558928,6945.13044168239,3288.76060095471,6689.05069958005,2936.00490999638,334.87146935122,332.697576696669,341.452332617454,230.081581252269,767.67220533684,739.366718202724,0.00307328998724739,0.00274353512725587,2.01423327023241e-06,0.00100969729033247,0.00586338616686725,5.63286790672991e-05,2.31768613025791e-05,2.34887637525098e-07,6.24258636152633e-06,9.66090646627687e-05,-802.110459088907,0.0985263503802443,0.0798950712093923,1,0.5048770260241
"linear",400,"sir_collapsed",166,8.991,2910.02910467503,3332.01198092866,2948.40506184768,2068.13820519361,6824.35686834486,3016.47357368681,6622.00600905597,2774.10178258773,323.660227413529,370.594147584102,327.928490918439,230.023157067468,759.020895155696,736.514960411075,0.00279691542701256,0.00255631231187678,1.43503341599224e-06,0.000902237455278805,0.00507513882635907,4.09894938372024e-05,2.22643174395698e-05,3.11785095114395e-08,5.73624225339532e-06,7.70287227561812e-05,-787.827478427364,0.109309691221226,0.0933159515984823,1,0.49376536967128
"linear",400,"sir_collapsed",167,8.954,2880.74410513073,3029.21679989655,3015.60955390381,2749.41384197062,7092.36643286447,3112.92034911525,7006.80430100098,2899.05914588081,321.727061104616,338.308778188134,336.789094695534,307.059843865381,792.089170523171,782.5334265134,0.00309233032582588,0.00276743907157216,2.03633189566045e-06,0.00103898400873771,0.00586569537660162,3.32482756585307e-05,2.21034268587789e-05,2.52844648941049e-08,6.07612767342694e-06,6.41346852731967e-05,-826.518522982239,0.0942257327136298,0.0733366372329795,1,0.501374757088055
"linear",400,"sir_collapsed",168,8.955,3212.56636986929,3167.61808514113,2938.00951517758,2603.41540624884,7056.36756608807,3429.34536516592,7017.1149143747,2897.54035584596,358.745546607403,353.726195995659,328.085931343114,290.721988414164,787.980744398445,783.597422040726,0.00316416218253689,0.00286519325545817,2.13026781679983e-06,0.00101340149635906,0.00593769516025363,3.85107133387686e-05,2.15608125167729e-05,9.66072086135554e-08,5.92860678348379e-06,6.31614310932203e-05,-789.432589847068,0.08677935995131,0.0686659764428947,0.9975,0.509894709898026
"linear",400,"sir_collapsed",169,8.955,2627.09813048711,2778.04332184638,3504.06856064537,2157.03188408888,6700.69775678636,2817.7422695275,6560.68256955966,2582.42172127388,293.366625403362,310.222593171008,391.297438374692,240.874582254481,748.263289423379,732.627869297561,0.00260576905905374,0.00241159067969237,1.09145999825024e-06,0.000916802138954369,0.00467093595871048,3.44976434654948e-05,2.04564496452269e-05,1.79875317184734e-08,5.39945143185013e-06,6.55326424789646e-05,-776.586347367357,0.0683955749136295,0.0552223200542623,1,0.489505818105608
"linear",400,"sir_collapsed",16,9.018,3218.64240356063,3574.67891452994,2833.90313493535,3103.73671304255,7300.22252432195,3492.53012967844,7247.06076837649,3453.80184318873,356.913107513931,396.393758541798,314.249626850228,344.171292198109,809.51680243091,803.62173080245,0.00348529998125195,0.00312993673312879,2.70409667071763e-06,0.00104848624132202,0.00665983428970692,3.44604231720418e-05,2.15927398261154e-05,3.37369360667161e-08,7.67373177228993e-06,6.65826794444229e-05,-792.914066325256,0.112051249359243,0.088642920682223,0.975,0.510394626376617
"linear",400,"sir_collapsed",170,8.933,3424.33592620022,3608.15602774835,3154.374378652,3386.80727266434,7142.93153014411,3342.69644247685,7004.78444111506,3257.10616632934,383.335489331716,403.913134193256,353.114785475429,379.134363893915,799.611723961056,784.146920532303,0.00293554958513125,0.00265035060160578,1.64908709089467e-06,0.00100495069913151,0.00544273068185662,2.91662936691111e-05,2.15882345896136e-05,7.4144080234438e-09,6.73823773383377e-06,5.47363928790054e-05,-810.243208299552,0.098164304746941,0.0749251880559517,0.995,0.496847307839099
"linear",400,"sir_collapsed",171,9.154,2479.74706014988,2752.67854157608,3661.01878159059,2598.69075631445,6758.44083990964,2582.44677573996,6656.20047478728,2522.32136364654,270.892184853603,300.707727941455,399.936506619029,283.885815634088,738.304658063103,727.135730258606,0.00241055437557308,0.00220732376909733,9.78987691849463e-07,0.000870937292473232,0.00435281843911862,2.87449878394381e-05,1.93785634211408e-05,1.71345139482715e-08,5.26224019873712e-06,5.35645728361111e-05,-777.271149730242,0.0948104061787556,0.0725540084909714,0.995,0.481795377470184
"linear",400,"sir_collapsed",172,9.046,3457.88852709179,3425.18328859256,2940.03957894797,3663.91966081112,7221.6392421663,3593.49997220026,7061.72973208397,3317.39073058407,382.256083030266,378.640646539085,325.009902603136,405.032020872332,798.324037382965,780.646665054606,0.0029917842488183,0.00270893117937777,1.84877629864494e-06,0.000982078097725028,0.00561718464520036,2.57748794869879e-05,2.09402491397016e-05,2.21283886421314e-09,6.77249548024204e-06,5.13297366406258e-05,-776.975809008563,0.0996318915469831,0.0815766348504972,1,0.500431322708828
"linear",400,"sir_collapsed",173,9.014,3156.97325062943,3262.71731076833,3212.72449700336,2587.06112959903,6992.4952088338,3358.8749094741,6881.55815667113,3177.24117746928,350.230003397984,361.961095048628,356.414965276609,287.00478473475,775.737209766341,763.430015162096,0.0027827951170726,0.00253352398370192,1.45496990546055e-06,0.000949774000466353,0.00517631241591403,2.88045633773885e-05,2.03870117833793e-05,6.08703134662885e-09,6.2466190702844e-06,5.35693967617875e-05,-781.833818495801,0.105156315088692,0.0860765105607011,0.995,0.491113733766409
"linear",400,"sir_collapsed",174,9.301,2814.79539335773,2838.70916331666,3108.09293616557,2573.34626719685,6892.14671148181,3107.22202417297,6606.27667249911,2708.8401106994,302.633630078242,305.2047267301,334.167609522155,276.674149790006,741.011365603893,710.275956617472,0.00258628431909374,0.00237829676765237,1.13078088004128e-06,0.000888283823770336,0.00461790818845521,3.28008922353176e-05,2.07413483560075e-05,1.15263018351109e-08,6.39381999627417e-06,6.1893635389055e-05,-770.03778334844,0.0795462961530963,0.0658756150860599,1,0.482507120028532
"linear",400,"sir_collapsed",175,9.1,2935.59213635724,3408.87856221436,2912.63216135344,2192.2474151096,6836.85400547763,3157.26098053043,6790.18273523395,3286.59618416931,322.592542456839,374.602039803775,320.069468280597,240.906309352703,751.302637964575,746.173926948785,0.00277437911653631,0.00255049209228891,1.35766466359205e-06,0.000910133317064471,0.00503963445124626,5.4336426833461e-05,2.10326678165083e-05,3.72938538306104e-07,3.88142283054791e-06,8.21574154055351e-05,-794.085522641978,0.1267240487497,0.104172970613971,0.955,0.492427330318926
"linear",400,"sir_collapsed",176,9.028,3303.59780912444,3391.90959971026,2632.95801058046,2872.53100048179,7359.80282180524,3536.21379541165,7173.81698907361,3316.73875966291,365.927980629645,375.709968953285,291.643554561415,318.180217155714,815.219630239836,794.618629715729,0.00358918426606072,0.00316915281486105,3.20854856382637e-06,0.00104979958946112,0.00709868964353177,4.18011715578804e-05,2.30248564332466e-05,2.3370368975709e-07,7.0314733719545e-06,7.02031283796708e-05,-800.901320776639,0.131590236243201,0.100296493792488,0.9275,0.520633234658889
"linear",400,"sir_collapsed",177,8.964,2532.07580987463,2642.05624261322,3015.25871302608,2745.47881031838,7186.35114226236,2840.34613693355,7060.6485637761,2331.38092836357,282.471643225639,294.740767806027,336.37424286324,306.278314404103,801.690221135917,787.66717578939,0.00326801495882497,0.0029732361714875,2.13611286448599e-06,0.0011153225766944,0.00615292566438963,3.11406066198532e-05,2.25286497688502e-05,5.16363873367328e-09,6.66742625944437e-06,6.30630931443219e-05,-773.815415242468,0.10261388698036,0.0827768894296712,1,0.516650065008178
"linear",400,"sir_collapsed",178,8.959,2779.04450030809,2869.32061377635,3273.34071542606,2533.17236211719,6855.90254752588,2889.53097878738,6760.57240413682,2750.86713109942,310.195836623294,320.272420334452,365.368982634899,282.751686808481,765.253102748731,754.612390237395,0.00263315489263855,0.0023993844435633,1.24799702264938e-06,0.000947408620126008,0.00485766282673597,3.56894825088378e-05,2.0618557037237e-05,1.57689057549626e-07,6.08209927969676e-06,5.82675992486699e-05,-795.427995949929,0.0904004722643681,0.0768508240985755,1,0.490497413458371
"linear",400,"sir_collapsed",179,9.101,2900.05745964759,3201.77700863581,2990.45467926754,2548.43450137734,6895.88396217675,3173.88198445344,6619.44870207152,2949.1282244763,318.6526161573,351.804967436085,328.58528505302,280.016976307806,757.706181977447,727.332018687125,0.00276746877609172,0.00253137205108331,1.329170028363e-06,0.000992970101567795,0.00506277684557887,3.52388464028529e-05,2.20153525694089e-05,3.29038146152421e-08,6.3826381050943e-06,6.64924303098571e-05,-774.38494197903,0.150922654922743,0.115182643862121,0.9075,0.491447246796532
"linear",400,"sir_collapsed",17,8.943,2716.86696589096,2970.21372892006,3295.55703348897,3345.74685009964,6919.95560344449,2875.79485736492,6710.14992484313,2652.3394485209,303.798162349431,332.127220051444,368.506880631664,374.119070792759,773.784591685618,750.324267566044,0.00247378959557477,0.00227546045636003,1.00899773216704e-06,0.000913552866127339,0.00452018222611551,2.37923014492351e-05,1.94762181422226e-05,8.35789603261779e-10,7.23695406154684e-06,4.54173057202557e-05,-781.400776120987,0.063372024693316,0.0488253720306947,1,0.482669733700421
"linear",400,"sir_collapsed",180,8.945,2571.0735264489,2884.97713726186,3338.26699950825,2592.17787511951,6940.2099199517,2774.58167585877,6885.51206439888,2603.36918043676,287.431361257563,322.52399522212,373.199217384936,289.790707112298,775.875899379732,769.760990989254,0.00257993096182819,0.00238258135778381,1.13035259031385e-06,0.000995964682824769,0.00476677174648939,3.2957135749882e-05,1.97213669663237e-05,1.91318129980598e-08,6.16549633950925e-06,5.87887663918065e-05,-800.741073730586,0.0874122499848074,0.0713345041738618,0.9975,0.479038351549761
"linear",400,"sir_collapsed",181,8.989,2516.42393035453,2823.40643959059,3677.62103876028,2551.2765189739,6745.72477576349,2658.64926792678,6687.64772942841,2609.50633200702,279.944813700582,314.095721391767,409.124601041304,283.822062406708,750.442182196406,743.9812803903,0.00248223321971925,0.00228452038926726,1.01618544676503e-06,0.000992289869800703,0.00452101681920592,3.12009221652979e-05,1.94978234921464e-05,2.10690618135091e-08,7.31621736469735e-06,5.41879428231506e-05,-761.908861604489,0.0770136855433745,0.0612311259483141,1,0.485295266881842
"linear",400,"sir_collapsed",182,8.917,2651.55573052534,2907.12548370688,3360.33542617145,3929.11623447121,6953.45855809699,2746.53456544968,7036.0764006133,2764.79002509482,297.359619886211,326.020576842758,376.845960095486,440.632077433129,779.797976684646,789.063182753538,0.00256564499626788,0.00236625147022479,1.06524089438336e-06,0.000922676284741065,0.00456762171675919,2.44915050391916e-05,1.93348341757676e-05,2.18800832063011e-09,7.2690853107743e-06,4.67317189416448e-05,-792.528290849853,0.111343298869926,0.0844532561193319,0.985,0.481578259519532
"linear",400,"sir_collapsed",183,9.098,2849.56068550603,3096.93602775328,2535.84021356133,2293.56670846649,7078.42858198743,3096.04612937029,6826.38124157014,2969.49073304366,313.207373654213,340.397453039489,278.725017977724,252.095703282753,778.020288193826,750.316689554863,0.00299234286806998,0.00272016193369483,1.82586109867835e-06,0.00096452283787358,0.0055648444138676,4.49060605364246e-05,2.15607659925135e-05,9.61149447730556e-07,5.87338604229622e-06,6.7338552451839e-05,-800.219263435243,0.0818605966358838,0.0678243872977103,1,0.498141420474832
"linear",400,"sir_collapsed",184,8.91,3170.42921844481,3418.57189138037,2931.28211530026,2973.49752233319,7263.77240785568,3378.07219580289,7181.91706856739,3265.20893885736,355.828195111651,383.678102287359,328.987891728424,333.725872315734,815.238205146541,806.051298380179,0.00322599641043715,0.00292082222894234,2.12336553270214e-06,0.00104812002156895,0.00614091076970689,3.29800923985844e-05,2.18513341576813e-05,1.74805154657022e-08,6.36615186074813e-06,6.50691048638493e-05,-781.432634177964,0.0946137611514854,0.0755775773277557,1,0.513926807893013
"linear",400,"sir_collapsed",185,8.854,3053.84857579652,3384.56984890628,3486.86615281707,1949.93211326207,6869.37411110722,3210.31625543947,6745.89699378654,3154.69009695523,344.911743369835,382.264496149342,393.8181785427,220.231772448844,775.849797956542,761.903884547836,0.00270720463104784,0.00246635092837291,1.39620283220626e-06,0.000828693194966834,0.00500986827259754,5.20648779666329e-05,2.05841912615349e-05,3.55346532063255e-07,5.08853234752652e-06,6.98479633622872e-05,-791.511386632906,0.0844528806297268,0.0624084126196342,0.99,0.493132085844721
"linear",400,"sir_collapsed",186,8.959,3118.72250279553,3157.45196702688,3166.33564261558,2974.1155531522,7017.14025549358,3417.37874210764,6858.56275201011,3006.16266073733,348.110559526234,352.433526847514,353.425119166824,331.969589591718,783.250391281793,765.550033710248,0.0030959603798631,0.00279652849265459,1.9261990363117e-06,0.00109636175282663,0.00609473664279692,3.62477675034692e-05,2.27163693617307e-05,2.29443420015979e-08,7.03228874245213e-06,7.0641101213372e-05,-787.690957293026,0.0980927398279406,0.0794705281235964,1,0.506248880415376
"linear",400,"sir_collapsed",187,9.124,2868.5196132353,2979.78968101499,2649.39774649814,2508.21473525126,6890.35502119507,3023.83497627151,6770.82045980266,2839.53392416186,314.392767781159,326.588084284852,290.37678063329,274.902974052089,755.190160148517,742.089046449218,0.00297622036414803,0.00271394634061542,1.71386789009486e-06,0.0010009356839896,0.00558363753621853,4.11308723705392e-05,2.2319574836241e-05,4.0157209322399e-08,6.0865992365119e-06,7.37163052897629e-05,-786.568459205669,0.128387602264116,0.0984410466529399,0.965,0.507121713820946
"linear",400,"sir_collapsed",188,9.014,2824.71432519836,3367.77834263013,2766.0057409467,2542.79708030676,7057.82282735293,3020.54395577581,7015.43830198432,3171.41585746263,313.369683292474,373.616412539398,306.856638667262,282.094195729616,782.98456038972,778.282483024664,0.00305590024245278,0.00275954272302616,1.98933038429321e-06,0.000989369177411871,0.00586468859831916,3.99355198887105e-05,2.12234550672847e-05,2.34849155402868e-07,6.41783048975136e-06,6.57834985129839e-05,-807.128201791099,0.0757655329793155,0.061513642062619,1,0.501563107257542
"linear",400,"sir_collapsed",189,9.173,3801.85457355425,3982.27502047471,2391.58538635615,2800.86928128829,7426.98442619719,4098.95450917269,7465.34527424849,3938.85250804192,414.461416499972,434.130057830013,260.720090085702,305.338415053776,809.657083418423,813.839013872069,0.00408310637246658,0.00364495687630405,3.90903787168797e-06,0.00130085860969361,0.00811939527770842,3.95620826624663e-05,2.32700347513874e-05,8.06015934664998e-08,6.59888381754552e-06,7.17802476698977e-05,-803.878943971271,0.0941215047244203,0.0785843341419034,1,0.529983689415392
"linear",400,"sir_collapsed",18,9.17,3355.90750944248,3284.28625598219,2753.75388975967,2236.16834482897,7302.66933189699,3740.06719708914,7048.45235236247,3193.73967411176,365.965922512812,358.15553500351,300.300315131916,243.856962358667,796.365248843729,768.642568414664,0.00322439121450055,0.00288430137726376,2.3405511196835e-06,0.00112361218332335,0.00623588378884551,3.99528216553855e-05,2.19275413396975e-05,4.21703348966774e-08,6.06337339202234e-06,6.73990599930749e-05,-803.912084291191,0.104009215865851,0.0892770971482605,1,0.502689839308475
"linear",400,"sir_collapsed",190,9.051,3534.43321321155,3723.49596109712,2569.66927254501,2977.54829500458,6871.85786800503,3754.87708802637,6798.01259690438,3356.33105102972,390.501957044697,411.390560280314,283.909984813282,328.974510551826,759.237417744451,751.078620804815,0.00284059471458729,0.00258708164874052,1.50558861650209e-06,0.000911582717426677,0.00518391339653598,3.61919488522312e-05,2.26934174698492e-05,7.76947534457952e-08,5.97688461754639e-06,6.29408849474069e-05,-777.432032067936,0.0936534566428242,0.0716441017447413,1,0.496141985272729
"linear",400,"sir_collapsed",191,8.979,3741.02651783296,4111.16796282176,2441.31669314468,2709.47769139423,7399.0276320672,3792.41257683753,7444.93176501447,3554.33748701081,416.641777239443,457.864791493681,271.891824606825,301.757176901017,824.036934187237,829.149322309219,0.00376015936771249,0.00334989530134329,3.53721574618954e-06,0.00105601724855109,0.00735282766409856,3.44418795410046e-05,2.22211397143339e-05,2.3828059708147e-08,6.35962981209447e-06,6.73130808627881e-05,-807.381432151327,0.0984785773810905,0.0779879932909013,0.9975,0.517071378952976
"linear",400,"sir_collapsed",192,9.054,3086.32098680126,3308.61666619927,2665.93422632078,2346.78775154759,7077.07739837647,3342.1578553511,6963.99327519531,2939.2342081266,340.879278418518,365.431485111473,294.448224687517,259.199000612723,781.652021026781,769.162058227889,0.00292140174324174,0.00265733853846906,1.68468437500121e-06,0.00101991993991741,0.00555320926237018,3.27775703130235e-05,2.0338191982365e-05,2.62909592532501e-08,6.8478770743745e-06,6.0554274530092e-05,-801.949384556209,0.0978767958019694,0.0719365830333659,0.9775,0.490468872367323
"linear",400,"sir_collapsed",193,8.931,2920.49846258386,3185.41236248458,3237.57981872938,2127.66126363975,7049.36482665501,3097.24724959635,6802.15019193818,2984.92782467615,327.006881937505,356.669170583875,362.510336886057,238.233262080366,789.314167131901,761.633657142333,0.00291122706196025,0.00264069154283057,1.5544994087051e-06,0.000997576878733444,0.00545096365304105,3.76085453798052e-05,2.22056393098091e-05,2.90739226180092e-08,6.03211027054169e-06,6.83415588266645e-05,-792.409869920839,0.0848445827590902,0.0678508149715599,1,0.49865777474078
"linear",400,"sir_collapsed",194,8.895,3176.86530034898,3458.81367750702,2767.33487856454,3928.91776416804,7012.49601490964,3251.38020594263,6981.99614084562,3153.5004708805,357.151804423719,388.849204891177,311.11128483019,441.699580007649,788.36380156376,784.934923085511,0.0027323500488545,0.00251015523486827,1.3152023639475e-06,0.000995692694597938,0.00497258580729887,2.51771898513426e-05,2.08894969962197e-05,5.45434428358174e-10,7.38620047802736e-06,4.98536355283088e-05,-783.608257930068,0.126148890456873,0.102954642659986,0.9925,0.491670229828498
"linear",400,"sir_collapsed",195,8.966,4186.75968757225,4287.62980029663,1968.96155351067,2947.37954471108,7539.23300079433,3656.75282641475,7408.61956376215,3629.73775320839,466.959590405114,478.20988180868,219.603117723697,328.728479222739,840.869172517771,826.301535106196,0.00420942685473965,0.00375465135105101,4.40717710857514e-06,0.00106760777884658,0.00825592896255872,3.86683945242592e-05,2.25046574577897e-05,6.17889737087016e-08,6.77624265380351e-06,7.7090254088899e-05,-793.024475249851,0.110996250115871,0.0894013833362616,0.995,0.539152703802442
"linear",400,"sir_collapsed",196,8.913,2649.55612923138,2716.77667630703,3467.42352959102,2680.39736129378,6918.80037886284,2897.37584866863,6734.3076923001,2512.87590316071,297.268723127048,304.810577393361,389.029903465838,300.728975798696,776.25943889407,755.560158453955,0.00283539078178013,0.00260841061233163,1.42439796280015e-06,0.0009493066286938,0.00513734790034447,4.31113751262379e-05,2.11003574857425e-05,2.02176708941965e-07,6.77364343751319e-06,7.18506604517591e-05,-798.868229447062,0.0869683146391943,0.0708064891978151,0.9875,0.495266817741511
"linear",400,"sir_collapsed",197,8.981,3553.54368096577,3480.69737466342,2969.71242413729,2312.64858144394,7096.75724892569,3798.64261491069,7027.1561353369,3248.35851131587,395.6734974909,387.562339902397,330.666120046464,257.504574261657,790.196776408607,782.446958616736,0.00334068912135027,0.00299715718724634,2.5963541337049e-06,0.00107211208499101,0.00655285510669288,4.59505802345023e-05,2.20987019433646e-05,1.14238574364222e-07,5.7626446969592e-06,7.53198294738171e-05,-795.932920842485,0.110121736681724,0.0910749402492782,0.9925,0.519033735531972
"linear",400,"sir_collapsed",198,8.982,2947.36643855029,3112.36114072111,2563.48463199248,2349.84559044193,6941.57801585828,3184.64803351034,6799.26934274686,2953.261154395,328.14144272437,346.510926377322,285.402430638219,261.61718887129,772.832110427331,756.988348112543,0.00276617490358082,0.0025614458823247,1.26595984726991e-06,0.00101989513085784,0.0049758896595232,3.08885437963973e-05,2.17711156023427e-05,1.00548557578482e-08,6.16536688666986e-06,5.98188521303506e-05,-788.023873505626,0.110999636049085,0.0895648191084527,0.98,0.484625095090862
"linear",400,"sir_collapsed",199,8.987,3379.24580714187,3675.17350018445,2297.77154456525,2658.17582673132,7156.59077256557,3513.90472827891,7026.16119213137,3406.03460281786,376.014888966493,408.943307019523,255.677260995354,295.78010756997,796.327002622184,781.813863595345,0.00327888441279482,0.00292040447251733,2.37272157742746e-06,0.00105966944817155,0.00638117539919055,3.58992132901384e-05,2.20252312640672e-05,8.21582129488838e-08,7.18003781133189e-06,5.97931845922537e-05,-812.011230634454,0.124942759537053,0.091237139413618,0.9325,0.513532993164282
"linear",400,"sir_collapsed",19,8.976,3011.53169977401,2932.09737332399,2586.7329071319,2489.90512291754,7279.83743590328,3281.21251066437,7025.70123542053,2830.21414727977,335.509324841133,326.659689541443,288.183256142146,277.395847027356,811.033582431292,782.720725871272,0.00354939098037805,0.00320025686823764,2.53450435695352e-06,0.00111555522505758,0.00676029214218101,5.07724020686119e-05,2.43031578971046e-05,1.30512567831824e-07,7.57812737588841e-06,7.64262634779311e-05,-788.86273350661,0.101482708903865,0.0849403874061563,1,0.515141019841702
"linear",400,"sir_collapsed",1,9.211,2477.26223932768,2925.3932717029,1908.48376506864,2719.16021971596,7300.9266807499,2657.75673186278,7029.69427077579,2655.93338635194,268.946068757755,317.597793041244,207.196152976728,295.207927447179,792.631275730095,763.184699899663,0.00385382482403805,0.00348292200859376,3.34244021187319e-06,0.00108019458300814,0.00741086851913775,4.13214620336392e-05,2.34521497011558e-05,4.72449453927461e-08,7.12397301804253e-06,7.3767725256858e-05,-803.462956959612,0.0978640887494407,0.0803581571502413,1,0.528217927638497
"linear",400,"sir_collapsed",200,8.933,2666.9126666706,2840.73241194336,2998.62380021268,2587.6412870583,6867.11383671069,2816.28535168361,6865.71762834846,2560.5214961499,298.546139781775,318.004300004854,335.679368656967,289.672146765734,768.735456924963,768.579159112108,0.00252202261306057,0.00232527493344135,1.06754880958766e-06,0.000890331148440795,0.00455393827418663,3.35662344648816e-05,1.99070531906884e-05,4.48779061289776e-08,4.83911389917098e-06,5.46218692739547e-05,-789.645443798676,0.075681871654704,0.0611648344870116,1,0.479175582685371
"linear",400,"sir_collapsed",20,9.289,2443.98816035135,2826.50978915652,2933.98305975704,2854.60588238733,6994.95222140584,2627.86898704902,6790.93289225137,2621.8697691591,263.105626047082,304.285691587525,315.855642131235,307.310354439373,753.036087997184,731.072547341088,0.00256730208699574,0.00236563654957014,1.09808402275969e-06,0.000915442605585459,0.00469384455335882,2.69451336915908e-05,2.00212227130207e-05,3.87188455909802e-09,5.69833370796339e-06,5.02726943823086e-05,-788.129061277618,0.0647038930152548,0.054243815254651,1,0.482350843808094
"linear",400,"sir_collapsed",21,9.231,3595.03227720122,3756.03375372846,2529.39935679869,2336.17255890355,7358.73010733315,3666.34735730679,7165.61310980404,3583.89999063849,389.452093727789,406.893484316808,274.011413367857,253.079033572045,797.175832231952,776.255347178425,0.00381967128184768,0.00339311375143195,3.6006650238283e-06,0.0010384840979993,0.00750584411798054,6.49508402984228e-05,2.21549512488965e-05,1.82850903383024e-06,4.34442440267319e-06,8.03250785135493e-05,-814.800852136087,0.0888861220210612,0.0746407285238377,1,0.529157706266594
"linear",400,"sir_collapsed",22,8.976,3227.47963280813,3136.13820580521,2570.4756074431,2245.50368671705,7016.45425632533,3474.32297235717,6685.91505625625,3078.36124750153,359.567695277198,349.391511341935,286.372059652752,250.167523029975,781.690536578133,744.865759386837,0.00354979825971808,0.00315469292448663,3.00742764024317e-06,0.000880088574527334,0.00694518050621851,7.03255814389453e-05,2.27471583794345e-05,2.33725291217019e-06,6.58648632628438e-06,7.98917579806641e-05,-788.423321499349,0.104700287604162,0.072751523766689,0.9825,0.523349522456144
"linear",400,"sir_collapsed",23,9.067,3585.87487262456,3582.97401750296,2740.66207172439,2637.28287260404,7288.81642892197,3860.79404601759,7163.78131997693,3476.17744244212,395.486365128991,395.166429635266,302.267792183124,290.866093813173,803.884022159697,790.093892133774,0.00339314171739743,0.00304554363027238,2.610880832416e-06,0.00105020188601692,0.00663961692038622,3.95309835310262e-05,2.19721692700608e-05,5.50931478109198e-08,5.63658509694311e-06,7.11556243793087e-05,-797.913798580101,0.0901771642237046,0.0736075847621881,0.99,0.513889178243283
"linear",400,"sir_collapsed",24,8.936,2743.85364747617,2692.23165112372,3493.13468003388,2523.92148296853,6892.56762755579,2968.91663550349,6842.079028112,2522.42368789638,307.056137810673,301.279280564427,390.905850496181,282.444212507669,771.325831194695,765.675808875559,0.00272001461374438,0.00249618971123745,1.32346102640711e-06,0.00103790843595004,0.00508053049249549,3.31161350722861e-05,2.13362483721319e-05,2.36752887374379e-08,6.29414823250562e-06,6.06153034755929e-05,-782.219227758636,0.0768359715162488,0.0593499528199656,1,0.491052917774951
"linear",400,"sir_collapsed",25,8.917,2884.89134986487,3132.04325824019,2942.50272142257,2352.78517983674,7040.03175323372,3123.8447511658,6950.00246393829,2755.76413022919,323.527122335412,351.24405722106,329.98796920742,263.853894789362,789.506757119404,779.410391828899,0.00306254022980503,0.00275981738937106,1.97064835315777e-06,0.00103288014154206,0.00580916753903894,3.50006492083635e-05,2.08889599934142e-05,4.42705467651253e-08,6.51642170794986e-06,5.99703894673616e-05,-787.162931256196,0.130935846046761,0.10580411050497,0.98,0.504127912134402
"linear",400,"sir_collapsed",26,9.28,2441.40850219466,2845.83459359456,3325.35724419902,2777.8771191537,6772.25140843066,2637.01852457196,6773.75970875761,2628.41696626055,263.082812736494,306.663210516655,358.335909935239,299.340206805355,729.768470736062,729.93100309888,0.00281732437588235,0.00257016541078801,1.48200577990315e-06,0.000871646382479916,0.00519998795798821,3.2200693706734e-05,2.23497437884947e-05,1.36630596283293e-08,7.51680264916308e-06,6.42084086476938e-05,-779.435279318897,0.126429007648182,0.0990093505774173,1,0.500785635955341
"linear",400,"sir_collapsed",27,9.282,2652.16424030936,3060.34391128741,3222.23716155186,2431.84873291297,6903.69543995783,2790.72998393265,6771.5766750225,2875.38217842648,285.731980210015,329.707381091081,347.149015465617,261.996200486207,743.772402494918,729.538534262282,0.00289274795299104,0.00261509335146805,1.65452490796257e-06,0.00105567566955095,0.00554658794973181,3.95305551458702e-05,2.13498085310985e-05,1.39825259568601e-07,5.69289302803925e-06,6.62015723864957e-05,-794.489059183772,0.0902049392911552,0.0716613185795639,1,0.502576583366399
"linear",400,"sir_collapsed",28,8.937,3390.87642978328,3525.45465364916,3047.85953804699,2497.41980116044,7168.71018196351,3663.96149323462,6976.15762940265,3484.66716245473,379.41998766737,394.478533473107,341.038328079555,279.44721955471,802.13832180413,780.592774913578,0.00305774026476554,0.00279684548291717,1.81978317803838e-06,0.00103104416381067,0.0057150060588789,4.03667507381782e-05,2.21559877934106e-05,1.72338782698327e-07,6.9026013760095e-06,6.5293777834651e-05,-789.962835365281,0.106408434786569,0.0808529174376285,0.985,0.502143536452404
"linear",400,"sir_collapsed",29,9.149,2937.00130297111,3171.45976464522,2806.51859778227,2388.47763926235,7042.42981274979,3308.84174437246,6730.48688173659,3042.80337564723,321.018832984054,346.645509306506,306.756869360833,261.064339191425,769.748585938331,735.652736007934,0.00289487853558043,0.00264617672314721,1.55729251558911e-06,0.000992152083283128,0.00530545226069788,3.32020579267028e-05,2.15592268251554e-05,1.59435265384488e-08,6.33282712886267e-06,6.34551061819938e-05,-787.777963743035,0.0925216503953081,0.0737362253706868,1,0.501034915013135
"linear",400,"sir_collapsed",2,8.935,3116.40411745858,3376.30347605714,1619.77893500499,2767.5060118159,7080.77659012012,3400.77750819033,6936.28993942939,3199.3610514832,348.786135138062,377.87392009593,181.284715725236,309.737662206592,792.476395088989,776.305533232165,0.00310156425733631,0.002816127038195,1.95783611603933e-06,0.000982896301749939,0.00575374025013356,2.94578274171525e-05,2.1689355881105e-05,3.69283411773212e-09,6.50507809870243e-06,5.74487645181254e-05,-804.185755029969,0.104812443939801,0.0804526285202255,0.9925,0.498658206854243
"linear",400,"sir_collapsed",30,9.054,2908.58794599724,2953.88439311769,2984.59370811633,2667.98281856304,6957.07161239793,3233.99991847185,6900.80668502768,2702.76923130576,321.248944775485,326.251865818167,329.643661157094,294.674488465102,768.397571504078,762.183199141559,0.00275989758419284,0.00250376300677064,1.48174680996316e-06,0.00100050763143665,0.0052419636870801,3.31753310666195e-05,2.07039649140962e-05,2.26606169884659e-08,5.55592818284878e-06,5.93415612473338e-05,-809.614616923265,0.0930688493017253,0.0764429898375024,1,0.486266953938756
"linear",400,"sir_collapsed",31,9.351,3279.72949115841,3258.65456078855,2888.8208178366,2891.8069192783,7283.85361725296,2950.15212071369,7058.42055652273,3124.85161751863,350.735695771405,348.481933567378,308.931752522361,309.251087507037,778.938468319213,754.83055892661,0.00298932965832738,0.00269570089215454,1.77864001839476e-06,0.000969570565571102,0.00552574968269705,3.1039443752894e-05,2.05770238894618e-05,2.08136149445335e-08,6.68354016853819e-06,5.72353334572516e-05,-808.939545252172,0.0999762973161847,0.0781107343961134,0.96,0.492236775199289
"linear",400,"sir_collapsed",32,8.93,2979.53398546928,2941.47927698853,2709.54661874808,2276.10707478476,7072.24961326008,3233.77788083381,6973.18460946463,2719.36350460656,333.654421665093,329.392976146532,303.420673991947,254.883211062123,791.965242246369,780.871736782153,0.00290554706845378,0.00263752555811355,1.63719344473729e-06,0.000931528735959307,0.00536695740193634,0.000156401272154479,2.01230277408207e-05,0.000146534803957021,5.57935540183089e-06,6.36854057507606e-05,-824.78103051833,0.0773737845760725,0.0608246301794229,1,0.497331162976084
"linear",400,"sir_collapsed",33,9.325,3431.06921263584,3759.31783596309,1410.59950030272,3021.01441588021,7355.68908636792,3663.63759567567,7293.88445024292,3507.02395083615,367.943079103039,403.144003856631,151.270723893053,323.969374357127,788.813843042136,782.18600002605,0.00357795525362672,0.00321209391365501,2.87657972097905e-06,0.00113511639226112,0.00668121938228419,3.16343797017838e-05,2.2085184320239e-05,8.08269784435654e-09,7.08834451835459e-06,6.26313721243987e-05,-801.086531236225,0.115626262533069,0.0862390413286754,0.9625,0.520765265689571
"linear",400,"sir_collapsed",34,9.296,2997.08513379444,3015.76961442988,2702.92402006038,2061.70872638754,7017.40612804132,3163.56185601428,6802.94920916462,2917.70500865047,322.405887886666,324.415836319909,290.76205035073,221.784501547713,754.884480210986,731.814673963492,0.00275633444173877,0.00251444875086981,1.43536014363579e-06,0.000930397403002435,0.00511460602214391,4.07110350245939e-05,2.10710286211447e-05,1.00864542536566e-07,6.72770521482865e-06,6.45608589440887e-05,-807.136995559221,0.107348001593991,0.079726307819485,0.945,0.485545653147121
"linear",400,"sir_collapsed",35,9.091,3461.0218253254,3545.70614564486,2851.19737791616,2489.3296693014,6962.8423211625,3571.69099946058,6841.91557876788,3481.26734592622,380.708593699857,390.023775783176,313.628575285025,273.823525387901,765.904996277912,752.60318763259,0.00282666238450152,0.00255653715975572,1.5040637138086e-06,0.000961655516718071,0.00525704769315615,3.4260556207667e-05,2.08404607276537e-05,4.64196470122719e-08,6.86603469551363e-06,5.96317674103945e-05,-778.826106737934,0.100912621824505,0.0802817750387431,1,0.503224295683207
"linear",400,"sir_collapsed",36,8.966,3205.58927105085,3338.34639497027,2956.57495463444,2075.04102585642,7054.47914796049,3253.68603153608,6800.03340188279,3122.16038359798,357.527244150217,372.333972225102,329.75406587491,231.434421799735,786.803384782566,758.424425817844,0.00314514339104951,0.00283407876862937,2.09932282138105e-06,0.00107363298524206,0.00606345435942205,4.91466478067657e-05,2.29583796063092e-05,9.86942914614176e-08,4.94154288466893e-06,8.96775682687218e-05,-800.758278980938,0.13367646314286,0.11395453572131,0.9825,0.502363567140124
"linear",400,"sir_collapsed",37,8.966,2819.194477997,3124.73755818524,2590.54847196387,2609.68271077948,6881.78822264396,2951.40021603302,6862.68529121078,2520.41428798019,314.431683916685,348.509654046982,288.930233321868,291.064321969605,767.542741762655,765.412144904169,0.00307045459032929,0.00275849913165447,1.88655779446456e-06,0.00103277013003163,0.00577314227096491,3.27557850340441e-05,2.20428281035052e-05,6.70012690397512e-09,6.39636589464324e-06,7.01807779861851e-05,-782.864537798637,0.105422909476291,0.0786270369347909,0.97,0.505987692998446
"linear",400,"sir_collapsed",38,9.176,2823.54215133863,3042.95242967094,2889.48874944551,2394.57935387645,7180.77781625964,3015.24918569193,7043.8533904833,2907.92073909266,307.709475952335,331.620796607556,314.896332764332,260.961132724111,782.560790786796,767.638774028258,0.00326437108870606,0.00291036287507847,2.35945864713409e-06,0.00106897129341984,0.00633633515933775,3.83433582890399e-05,2.20244571085229e-05,4.17269759221398e-08,5.8187286984091e-06,7.50162790713235e-05,-798.786716083885,0.129906038704151,0.111164665288959,0.995,0.508953115910498
"linear",400,"sir_collapsed",39,8.92,3470.83541360587,3725.88822930919,2915.82091197196,2399.62379153821,7101.98651682552,3725.19202154981,6858.96972188835,3457.70612171417,389.10710914864,417.700474137802,326.885752463224,269.016120127602,796.186829240529,768.942793933671,0.0033718131977937,0.00303552187959041,2.39331706481652e-06,0.0010031080833155,0.00622174137628284,4.5561595735901e-05,2.27169246554052e-05,4.07672904419036e-07,5.55026893730047e-06,8.11781030706116e-05,-783.250002929386,0.0930158219580552,0.0763236558516166,1,0.514915155705467
"linear",400,"sir_collapsed",3,8.904,2632.95517598778,2903.21471831858,2596.1997723174,2700.02505596114,7308.271711783,2764.05558693399,7150.87517021076,2602.34122827176,295.704759207972,326.057358301727,291.576793836186,303.237315359517,820.785232680031,803.108172755027,0.00358245219015573,0.00321058684548197,2.83731425334619e-06,0.00110014536093409,0.00691535008767903,3.80826413896142e-05,2.27842009951575e-05,3.93214441324812e-08,6.9801641701241e-06,6.84052518242816e-05,-833.407494182845,0.0937986333407512,0.0742773063984994,1,0.517396062416868
"linear",400,"sir_collapsed",40,9.001,2889.83770282531,3083.44475538195,3027.19950009985,2465.3490022823,6983.37985642395,3051.26318675866,6924.31938289006,2807.58534151412,321.057405046696,342.566909830235,336.318131329835,273.897233894267,775.844890170421,769.283344393963,0.00301115211530916,0.00272464028016693,1.86512329160237e-06,0.000948906785623046,0.00559296361177729,3.53609089731117e-05,2.18121815030828e-05,1.67151333231211e-08,6.7807852707858e-06,6.62971912444792e-05,-793.227566391908,0.0818844875053341,0.064137270844192,0.9925,0.499542422374271
"linear",400,"sir_collapsed",41,8.947,2933.50323310785,3074.75141734305,3084.3921948678,2453.38634300687,7131.08584166666,3226.28022301471,7066.39895033444,3025.19998097273,327.875626814334,343.662838643461,344.740381677411,274.213294177587,797.036530866957,789.806521776511,0.00297361895932395,0.00266681309281262,1.77000394385917e-06,0.00104995911196798,0.00564524084067001,3.4464351729927e-05,2.03343123655065e-05,2.02894847122038e-08,5.5764615122977e-06,6.56462231121833e-05,-811.920938280823,0.0844912534800264,0.0669996590369172,1,0.495750948509169
"linear",400,"sir_collapsed",42,8.878,2643.68621980144,2956.18506628921,3081.61747848931,2383.40257951261,6848.89176489842,2860.09435881888,6742.28017167237,2657.03396629629,297.77947959016,332.978718888175,347.107172616503,268.461655723429,771.445344097592,759.436829429193,0.00256749298125904,0.0023404157432005,1.14045049778052e-06,0.000901455869244396,0.0045962593024469,3.15622248622268e-05,2.06991507936163e-05,2.04545535355585e-08,6.11723097760279e-06,5.89914253603864e-05,-799.667633985841,0.120356652055617,0.093548368570124,0.9375,0.476232646271181
"linear",400,"sir_collapsed",43,8.927,2971.68889154448,3393.69023275213,3052.53640839913,2798.34629553866,6992.57376027645,3247.72873177871,6828.36157552545,3154.38050416009,332.887744095942,380.160214265949,341.94425993045,313.469955812553,783.306123028615,764.911120816114,0.00266322101309734,0.00244549099737181,1.24548508116123e-06,0.000977914893911818,0.0048763676729769,2.71649730577805e-05,2.02769500558358e-05,3.61012005795404e-09,7.27514636683099e-06,5.28214640053617e-05,-793.500652327893,0.104815065625957,0.085363990869986,0.9975,0.485415081257041
"linear",400,"sir_collapsed",44,9.005,3135.21057006317,3405.23573909376,2420.96875903959,2952.88565020856,6942.10499927891,3382.06872056036,6773.14940384859,3225.40582929414,348.163305948159,378.149443541784,268.847169243708,327.916229895453,770.91671285718,752.154292487351,0.00291436656230151,0.00264975588216125,1.63288442875567e-06,0.00104022361205121,0.00552954415784015,2.8166134812775e-05,2.2236150770916e-05,5.36305783370853e-09,8.4949970929714e-06,5.63721322736209e-05,-784.922453347877,0.100808645602656,0.0784587472175025,0.96,0.499071292565784
"linear",400,"sir_collapsed",45,8.916,3061.44138392506,3136.84439224429,3023.68506953697,2389.3263872493,7087.85229013336,3331.1864790711,6922.06663114516,3047.65082905589,343.364892768625,351.821937218965,339.130223142325,267.981873850303,794.958758426802,776.364584022562,0.00285662054161637,0.00260648724200822,1.44107332291591e-06,0.00100712069789031,0.00524109922634054,3.06296216192115e-05,2.12868841556557e-05,1.57952069116162e-08,6.85592831853083e-06,5.82213431527817e-05,-781.358108392604,0.102253388564965,0.0753229390915129,0.9575,0.488515546219921
"linear",400,"sir_collapsed",46,9.141,3333.45469740859,3504.45607995129,2915.07503848049,2297.90215262128,7098.76593599063,3552.96505512804,7067.63722874653,3196.69074115565,364.670681261195,383.377757351634,318.901109121594,251.384110340366,776.585268131565,773.179874056069,0.00310786320293457,0.00280278963328312,2.02528021522808e-06,0.000975641455690582,0.00597200102544276,4.38733157536968e-05,2.21868699324756e-05,9.54588930026972e-08,5.40484107265649e-06,7.71140172495591e-05,-812.951803127776,0.0909443677061478,0.066671705821129,1,0.503314156957657
"linear",400,"sir_collapsed",47,8.919,3125.12286264979,3160.72539631535,3299.54588400542,2441.70856404919,6916.16409916456,3425.95695692037,6797.58386063192,2990.86507020663,350.389378030024,354.381140970439,369.945720821327,273.764835076711,775.441652557973,762.146413345882,0.00274162015681537,0.00249860139816205,1.39355659663701e-06,0.00104661065766764,0.00513067126478735,4.16066645918511e-05,2.1038104300226e-05,4.38242254986522e-08,4.55460756809385e-06,7.88396840995802e-05,-806.338588803244,0.0744292236337331,0.0556160621104662,1,0.48827443921198
"linear",400,"sir_collapsed",48,9.572,2761.19280824488,2997.26081648652,2844.09282075495,2221.53338457853,6875.7385295477,2945.02256516059,6744.95656913211,2702.5532120709,288.465608884756,313.127958262277,297.126287166208,232.086646947193,718.317857244849,704.654886035532,0.00260378620547509,0.00239241828489494,1.2410792742181e-06,0.000934052672091452,0.00473898752534449,3.25924996610388e-05,2.04040614764442e-05,3.38939820209642e-08,6.83056188358949e-06,5.6275809011381e-05,-807.1549604697,0.0821988149915335,0.0665038932766773,1,0.490510119133928
"linear",400,"sir_collapsed",49,9.023,2651.49780185861,2823.84045001195,2862.79543549242,3324.3114338953,7202.43388388284,2859.45682154475,6910.33974973677,2640.5096062351,293.859891594659,312.96026266341,317.27756128698,368.426402958583,798.230509130316,765.858334227726,0.00322404547952022,0.00292407510995989,2.04022786421915e-06,0.0010953319881664,0.00615502943027161,2.88864128269212e-05,2.3839750649349e-05,7.15013118650271e-10,8.29988910499403e-06,5.91958597320241e-05,-787.1330164392,0.128630246601676,0.100869270799185,0.9725,0.509391758661753
"linear",400,"sir_collapsed",4,9.288,3256.82846678978,3490.79402235842,2846.72509514989,3620.19777838614,7037.01024740902,3416.96133987463,7014.40133714988,3299.03944771183,350.649059731888,375.839149694059,306.494949951539,389.771509300833,757.645375474701,755.211168943786,0.00296725171270156,0.00270982454933434,1.74926077222644e-06,0.00100442302793117,0.00559478852115091,2.68943976307957e-05,2.13331953829528e-05,1.21659525589453e-09,7.00593782501878e-06,5.25450440410798e-05,-799.333911144887,0.0839885214061401,0.0673685755440595,1,0.501697652013509
"linear",400,"sir_collapsed",50,9.06,2756.39832714356,2949.30392871195,3194.55488661195,2441.15588479612,6835.34157803696,2926.02184761657,6731.22755877384,2784.6271011942,304.238225954035,325.530234957169,352.599877109487,269.443254392507,754.452712807612,742.961099202411,0.00280749082395093,0.00257214721893394,1.41445239322552e-06,0.000955226743999474,0.00510213774645834,3.40269652626671e-05,2.19522375287263e-05,1.57614313739581e-08,6.87365951272053e-06,6.60808998330979e-05,-779.919071895192,0.107575642923908,0.0801379883836043,0.955,0.50034214151421
"linear",400,"sir_collapsed",51,9.355,3195.70766141974,3256.59668958953,2641.83469161718,2434.76812398287,7278.20800225035,3140.21357401196,7107.0697104374,3045.55776044071,341.60423959591,348.112954525872,282.39814982546,260.263829394213,778.001924345307,759.708146492506,0.00352313082769344,0.00316172413850958,3.06169751857556e-06,0.00109306138408044,0.00668244137375789,4.057722050033e-05,2.24695528075106e-05,3.36254149054217e-08,5.94883206115277e-06,7.6347632084121e-05,-809.038418630093,0.103695220381701,0.0814608494659024,0.96,0.514080078562977
"linear",400,"sir_collapsed",52,8.888,2308.2550790708,2356.02500163404,3096.63568319428,1957.83819053147,6834.40708886108,2493.93028183654,6570.0673301503,2388.81395177088,259.704666862151,265.079320615891,348.406354994856,220.278824317222,768.947692266098,739.206495291438,0.00286500234683999,0.00261551550648247,1.59170259137485e-06,0.000977146729891091,0.00534056747604341,3.92771136439676e-05,2.33059814161918e-05,3.70998852026405e-08,7.34161830492196e-06,7.35644708828604e-05,-783.131429841172,0.134323043772995,0.107295599646083,0.9325,0.50527492349175
"linear",400,"sir_collapsed",53,8.885,3004.00113901698,3340.09770215893,1416.06941229504,2123.34909634471,7097.66813773318,3330.91774208926,6872.74412389238,2886.54874000738,338.09804603455,375.92545888114,159.377536555435,238.981327669635,798.837156751061,773.52212986971,0.00372288768278946,0.00337435998633857,2.84444145016668e-06,0.00128233053367385,0.00713832302931687,3.93338883806883e-05,2.38897217990843e-05,2.70506950234027e-08,5.99353988116342e-06,7.48639504844051e-05,-797.201965118073,0.108110357373511,0.0891413129693415,1,0.528351163461847
"linear",400,"sir_collapsed",54,8.916,2822.16225229266,2934.41376886475,2272.39101734321,2535.29322558105,6905.68038220999,2925.13567641537,6808.6575632848,2730.2826405264,316.52784346037,329.117739890618,254.866646180261,284.353210585582,774.526736452444,763.644859049439,0.00277899752747962,0.0025267551174292,1.42283194149678e-06,0.00109295863765017,0.00522759421878399,3.08311569723067e-05,2.17721250799413e-05,1.01876737627237e-08,6.25838094757119e-06,5.83814049596668e-05,-783.306789212479,0.0892639954968435,0.0750095961825205,1,0.488989498701619
"linear",400,"sir_collapsed",55,9.07,2823.55297448601,3030.27907774048,2534.04915849082,3489.1913683422,7090.12051571782,3021.38976157597,6982.90729710364,2802.85115760834,311.306832909153,334.0991265425,279.387999833607,384.695850974885,781.711192471645,769.890550948582,0.00281863264555422,0.002600924872374,1.42566639238697e-06,0.000939804247013747,0.00509049869935578,2.76846607671485e-05,2.07974546035109e-05,1.33399822165616e-08,7.07920982547031e-06,5.17741834906462e-05,-781.208017974191,0.115102043958446,0.0941108792758854,0.9925,0.487459027892418
"linear",400,"sir_collapsed",56,8.98,3436.73307601204,3528.32461148297,2805.50514339976,2899.24004325189,7286.76393966166,3589.209758153,7099.46523378316,3309.52721184094,382.709696660584,392.90919949699,312.417053830708,322.855238669476,811.443645842056,790.586328929082,0.00323683922298786,0.00291906574186,2.19782239194193e-06,0.00114885963320378,0.00622555412904717,3.50960215574348e-05,2.16115264411881e-05,2.32902176334947e-08,5.1064698412563e-06,6.31341261940937e-05,-799.841557581187,0.0935711991389543,0.0739077321251602,1,0.505877820578456
"linear",400,"sir_collapsed",57,8.957,3000.74147316975,3075.84063147359,3084.9703737533,2404.44555549203,7013.35343006737,3202.89470525036,6966.09483841053,2976.14957625078,335.016352927292,343.400762696616,344.42004842618,268.443179132749,783.002504194191,777.726341231498,0.00302939075086574,0.00274623116301836,1.7841782593746e-06,0.00104087673379697,0.00569085837723243,4.67010546236492e-05,2.09765192879944e-05,4.54463393264727e-07,6.12615240417384e-06,6.9435522658061e-05,-804.011051201214,0.0841849216330757,0.0667769305809157,1,0.496590729648122
"linear",400,"sir_collapsed",58,8.921,2940.97711994431,2981.94747444099,3096.37293523239,1872.03007180196,6802.23377038723,3197.48085988695,6513.317777066,2897.46357873225,329.668996743001,334.261570949556,347.088099454365,209.845316870526,762.496779552431,730.11072492613,0.00302393579250124,0.00275565946232788,1.76348433419216e-06,0.00101788186654791,0.00559026322248139,5.27989771560186e-05,2.32545906296454e-05,2.47426507317025e-07,5.07392141034899e-06,8.53295124946009e-05,-780.874034208789,0.115372357249868,0.0985769498842923,1,0.51485093093605
"linear",400,"sir_collapsed",59,9.121,3242.16175392728,3407.20660879991,2092.73833611941,2804.43549120471,7470.88954923819,3470.30039846255,7121.86512348877,3315.69029559806,355.461216306028,373.55625576142,229.441764731873,307.470177744185,819.086673526827,780.820647241396,0.00397717733319089,0.00350850204645967,4.14715545659938e-06,0.00115836093275553,0.00795291387067144,3.53845309714701e-05,2.28244471711553e-05,1.55499262112921e-08,6.16942377289021e-06,6.75343093573758e-05,-804.646285357545,0.105265670822228,0.0820113034472642,0.995,0.531861827742406
"linear",400,"sir_collapsed",5,9.079,2709.09939505016,2968.57059490093,3452.06415104813,2017.31359700524,6883.13663857339,2934.65854292205,6774.5647462397,2799.9002873987,298.391826748558,326.971097576928,380.225151563843,222.195571869726,758.138191273641,746.179617385142,0.00276663315239824,0.00249832056995085,1.51196735922183e-06,0.000914583798110045,0.00517735096253207,4.07106755811691e-05,2.10553777923154e-05,3.97851033883892e-08,4.9256919043928e-06,7.34171614198222e-05,-804.133337449987,0.0744047009419878,0.0646852712578757,1,0.492232598696291
"linear",400,"sir_collapsed",60,8.85,2769.12176708595,3053.28436027697,2956.76063042268,3603.90757408645,7115.20460524348,3044.71075247701,7085.46154456676,2816.3713902933,312.895114924966,345.003882517172,334.097246375444,407.221194812028,803.977921496438,800.61712367986,0.00279593975365233,0.00253986295076979,1.48214258744833e-06,0.000841857238991227,0.0051100880666185,2.68753377278943e-05,2.01473495404792e-05,6.56143932048205e-09,6.33100060020811e-06,5.28676872280467e-05,-780.359865719512,0.0987521318857075,0.0837682129509651,1,0.487399375115874
"linear",400,"sir_collapsed",61,9.359,2573.8720180073,2718.68402043098,3211.41533003189,2846.22246961116,7007.75151365651,2813.24435461171,6904.63180705054,2508.76299467919,275.015708730345,290.488729611174,343.136588314124,304.116088215746,748.771397975906,737.753158141953,0.0028927550509091,0.00262482819586512,1.57940993767327e-06,0.000974725237803211,0.00538657544718961,3.36613084833363e-05,2.2571923350228e-05,2.11734503762154e-08,7.01827805520055e-06,6.08849922715511e-05,-791.919275310367,0.121401982859811,0.104149680449596,1,0.499649890749294
"linear",400,"sir_collapsed",62,8.916,2938.09174209717,3344.54220152622,2843.08124559494,2841.72152379327,7281.91888766723,3074.41550627996,7144.45314409078,2840.3483802117,329.53025371211,375.116891153681,318.874074203112,318.721570636302,816.724864027281,801.306992383443,0.00328017772495353,0.00293588517965243,2.43293986283659e-06,0.00104892261642495,0.00642895750736609,3.59718395158541e-05,2.0822171308404e-05,7.2390786265018e-08,4.97295786422033e-06,6.69690785610646e-05,-808.051542153898,0.0877689261485317,0.0653016497529808,0.99,0.511684620090306
"linear",400,"sir_collapsed",63,9.05,3027.19361397526,2879.07061156427,2867.08013383849,3001.51671174962,7084.25330861069,3253.05384655703,6977.92574516322,2772.35465577856,334.496531930968,318.129349344118,316.804434678286,331.659305165703,782.79042084096,771.041518802566,0.00303158985383671,0.00275750903524646,1.8263208671977e-06,0.000936831005800939,0.00564974755240798,3.8012276854576e-05,2.11481879565464e-05,1.38327411430438e-07,6.53935921828155e-06,6.19593794476084e-05,-776.609360950304,0.0994311263088598,0.0791529536380725,0.9825,0.50613316073545
"linear",400,"sir_collapsed",64,8.892,3098.15206601823,3305.08768418432,2907.84877478287,2598.64925954004,6997.59607739639,3235.31766097425,6813.00412979143,3080.90363303893,348.420160370922,371.692272175474,327.018530677336,292.245755683765,786.954124763427,766.194796422788,0.00253466721769937,0.00233092687360839,1.09310170746469e-06,0.00095945278960751,0.00459904133478543,2.73318922820791e-05,1.98272958019483e-05,1.29165693051954e-08,6.56144655901309e-06,5.1047515367243e-05,-785.615594110744,0.0856291582725763,0.0716882865331496,1,0.477409859541231
"linear",400,"sir_collapsed",65,8.945,3311.23398080903,3437.71808629499,2459.19436949929,2618.27308853561,6899.79638839326,3556.44722986923,6842.45400548015,3354.24765782762,370.177080023369,384.317281866405,274.923909390642,292.708003190119,771.35789696962,764.94734549806,0.00258296344216706,0.00236874066612589,1.17650278785999e-06,0.000983977462352669,0.00473445499142404,2.99515074790781e-05,1.97632278075547e-05,5.53920204774592e-09,4.66037317556611e-06,6.21602231968832e-05,-796.141599116451,0.104089852720718,0.0798121587018775,0.9775,0.478949790334712
"linear",400,"sir_collapsed",66,9.08,3497.3356168483,3434.78111902386,3149.84980329282,1980.23673611297,7073.82509413513,3629.85979987032,6858.29608758785,3273.29928225604,385.169120798271,378.279858923333,346.899758071897,218.087746267948,779.055627107394,755.318952377516,0.00298110899979783,0.00270369789747796,1.66827933438277e-06,0.00105237144964982,0.00559230253452382,3.97285830170658e-05,2.13497617368885e-05,7.61501070422326e-08,5.75294235368235e-06,7.20962431674299e-05,-798.210644368112,0.095900636839674,0.0738049057138818,1,0.501837321011957
"linear",400,"sir_collapsed",67,9.371,3182.57394790987,3422.51873819958,3226.28004316856,2895.16378986025,7064.39687406542,3406.9097974001,7020.62848838291,3236.43335200111,339.619458746118,365.22449452562,344.283432202386,308.949289281854,753.857312353582,749.186691749324,0.0029270545210121,0.00263753273373677,1.64205564106542e-06,0.00103873508766663,0.00555991594534263,3.08993546702064e-05,2.11925693908804e-05,8.74529798025026e-09,6.60014372172087e-06,5.89804074452078e-05,-812.052625733627,0.0910058964392602,0.0718866177997094,1,0.494805819625495
"linear",400,"sir_collapsed",68,9.126,3131.43020679456,3268.72884415957,3516.81400219056,2629.08518270851,6841.66964800667,3283.79198584494,6791.27381384056,3029.2059373024,343.132830023511,358.1776072934,385.362042755924,288.087352915681,749.689858427204,744.167632461162,0.00241676648192985,0.00223967693637457,9.33145724706724e-07,0.000956842412344773,0.00434192794012854,3.12060278889554e-05,2.0075786674366e-05,1.96107158751773e-08,7.17257354571438e-06,5.96990777388142e-05,-812.213756936917,0.0967970619948958,0.07463907758499,0.99,0.472499597342525
"linear",400,"sir_collapsed",69,8.987,3544.51850627009,3830.51331653973,1663.13460465042,2387.05060472564,6969.82153782293,3493.68513215713,6851.87623940442,3499.72477244068,394.40508582064,426.228253759845,185.060042800759,265.611506033786,775.544846758977,762.420856726874,0.00297431370031887,0.00270524701085043,1.71342224904437e-06,0.00107062234489897,0.00544171596156468,3.29638367812337e-05,2.19963868760033e-05,1.12859641058607e-08,6.69779566790093e-06,6.31678547303025e-05,-784.954703452611,0.119029094919231,0.0897389848484105,0.9675,0.49981642822006
"linear",400,"sir_collapsed",6,9.169,2876.84469057234,2863.13954330143,2218.88840472394,2333.31795699757,7215.57927768308,3195.01809438714,6948.42761837144,2747.27758690113,313.757737002109,312.263010502937,241.998953508991,254.479000654113,786.953787510425,757.817386669369,0.00398785774335452,0.00351916839897963,4.15139127892164e-06,0.0011329763894251,0.00798964410353038,4.10271641402217e-05,2.42329299732384e-05,3.463960999733e-08,5.76568382115755e-06,8.11912734275284e-05,-788.023500513676,0.136498384614133,0.107194371242436,0.9525,0.540132018043373
"linear",400,"sir_collapsed",70,8.924,2836.38798743575,3105.45423838738,3306.1130863156,2434.78999690388,6928.75016188676,3011.85878586824,6681.86422330224,2969.32587383583,317.838187744929,347.989045090473,370.474348533797,272.836171773183,776.417543913801,748.752154112756,0.0028553074100353,0.00260376888336974,1.56199952707949e-06,0.000984734713122101,0.00532175548794011,3.99943968145512e-05,2.19616150907454e-05,5.34219576108508e-08,6.37960235716071e-06,7.21553927098126e-05,-791.53970040293,0.0908069547219165,0.0735460181150604,1,0.499787929110719
"linear",400,"sir_collapsed",71,9.231,3119.28770951494,3407.69915433018,3008.80801135712,3045.27080004779,7339.29883451816,3359.3027651508,7150.80404564429,3139.34539623032,337.914387337768,369.158179431284,325.94605257904,329.896089269613,795.070830302043,774.651072001332,0.00318708499640999,0.00287325259968516,2.10132664740604e-06,0.00116720417724142,0.00611527648684384,3.11427844731619e-05,2.17917204744349e-05,6.73671175717446e-09,6.9353645731111e-06,6.05845235683283e-05,-803.704472698756,0.110789034488596,0.091412918558026,0.9825,0.500359827417541
"linear",400,"sir_collapsed",72,8.908,3258.85200867669,3506.64292553897,2895.8524421913,2047.02293238897,6952.01753621468,3305.54754439961,6731.09146544087,3250.49503949978,365.834307215614,393.650979517172,325.084468140021,229.796018454083,780.424061092802,755.623199982137,0.00268481133656404,0.00245256150725669,1.32775856327804e-06,0.000989675687472563,0.0049607105989783,4.26975175888156e-05,2.00023349296628e-05,1.35136834850431e-07,6.14195590961088e-06,6.60084179435194e-05,-841.182716870444,0.0817709644023333,0.0664151462205205,1,0.486633525934814
"linear",400,"sir_collapsed",73,9.079,2775.06347377011,2874.98347548025,3376.93283309862,2396.55994003795,6725.79350454828,3034.00754903398,6674.44844928928,2772.68326323221,305.657393299935,316.663010847037,371.949865965263,263.967390685973,740.807743644485,735.152379038361,0.00265530439010375,0.00243393392383046,1.24839122702525e-06,0.000957636008805954,0.00481527790399639,3.54609114589882e-05,2.2027925586264e-05,8.99828482980193e-08,5.57920088818567e-06,6.12316203423196e-05,-776.982267777888,0.0996755598430222,0.0816492151249852,1,0.492212813919005
"linear",400,"sir_collapsed",74,9.212,3385.80590154823,3777.84983787063,2877.11659320291,2354.75003682331,7218.12325383562,3579.42648839594,7095.50705408227,3507.26535792866,367.542976720389,410.100937675926,312.322687060671,255.617676598275,783.556584220106,770.246097924692,0.00317558267674845,0.00286080827681032,2.02061576587443e-06,0.000976509499025931,0.00600106209957877,4.97962266961159e-05,2.09322463612939e-05,2.21927671537356e-06,6.46282383626255e-06,6.62174598462403e-05,-801.1503110832,0.105211419815861,0.0824574251582281,0.99,0.498934285559377
"linear",400,"sir_collapsed",75,9.104,2718.42478073392,3315.2329960586,3073.42201423879,2802.39505956736,6975.27645920375,2884.67693720607,6914.47873623787,2932.38705915178,298.596746565677,364.151251763906,337.59029154644,307.820195470931,766.177115466141,759.498982451436,0.00273567339535814,0.00252040611887751,1.34309042513822e-06,0.000991503560426298,0.00503226734837831,2.94759333891807e-05,2.03419838994019e-05,6.81514427082889e-09,7.01694146586654e-06,5.9767959197945e-05,-800.225196005779,0.086634845843327,0.0636024369406967,0.995,0.484862006440894
"linear",400,"sir_collapsed",76,9.06,2760.7035623085,3028.0619099744,2707.22579307189,3024.71507665842,7044.84364526839,2929.6493330565,6827.94209798625,2882.60204147387,304.713417473345,334.223168871347,298.810793937295,333.853761220576,777.576561287902,753.635993155215,0.00306254833744241,0.00279953425265023,1.77745042257398e-06,0.00112290949470144,0.00568147859550356,3.32420049048415e-05,2.26749110695951e-05,1.38978809839122e-08,6.27722974532139e-06,6.50412318900631e-05,-770.460217028186,0.10291415864158,0.08456938034689,1,0.509906796592544
"linear",400,"sir_collapsed",77,9.294,3207.26322565718,3456.73449763319,2677.39418706896,2434.74470191516,7247.57835152773,3491.56061670919,7027.07214828144,3202.29498661383,345.089651996684,371.931837490121,288.07770465558,261.969518174646,779.812605070769,756.086953763873,0.00330619603673458,0.00297004974421572,2.25183283783523e-06,0.00105858466458669,0.00623590859065198,3.76484521814458e-05,2.25875107484278e-05,3.34643117938942e-08,5.68582079471613e-06,6.95007656302964e-05,-779.791608414916,0.110596429379251,0.0915560870687424,0.9725,0.511506152664563
"linear",400,"sir_collapsed",78,8.988,3341.90669837818,3377.15675785682,2574.97684663449,2848.66985829923,6933.76955074485,3560.06502959017,6807.85820396528,3216.5431452416,371.81872478618,375.740627264889,286.490525882787,316.941461760039,771.447435552387,757.438607472772,0.00303746751205259,0.00274839060412612,1.87798675695648e-06,0.000851611466356454,0.00561972733150397,3.32096234978247e-05,2.18425152640803e-05,1.5700764970442e-08,6.186742808695e-06,6.44396239714364e-05,-785.064941438797,0.103549948410627,0.0805623926072668,0.99,0.509061871751033
"linear",400,"sir_collapsed",79,8.973,2919.74380453057,3101.71802759988,2735.33512555823,3882.37775895421,7167.31980850084,3115.86918547185,7043.91335093028,2951.54064343512,325.39215474541,345.672353460367,304.840647003035,432.673326530058,798.765163100505,785.012075217907,0.00306060815050198,0.00273282166663587,2.07496549343288e-06,0.00103498364534923,0.00589554841498493,2.63763093329725e-05,2.09491930379406e-05,2.06986202848495e-09,7.50856481326583e-06,5.07112583141568e-05,-797.696837926116,0.113492691472894,0.088522718452586,1,0.505617025734406
"linear",400,"sir_collapsed",7,8.99,2756.82386303386,3106.10999934783,3052.78564254504,2647.89835063906,6876.66864208162,2974.84329469205,6787.7381934782,2932.0109382748,306.654489770174,345.507230183296,339.575711072864,294.538192507126,764.924209352794,755.032057116597,0.0028171550173043,0.00256361746876884,1.48586168255919e-06,0.00102507572195068,0.00525864968833159,3.77635988127442e-05,2.1836126884069e-05,2.92350263547705e-08,6.73789037770579e-06,6.89868773015875e-05,-786.942081640105,0.11574902298829,0.092156859017879,0.9825,0.50105016498581
"linear",400,"sir_collapsed",80,8.977,2707.1951693267,2943.31641743631,2713.27651586381,2618.57188634491,7014.57403148592,2862.72181997597,6830.94051306552,2649.23831105327,301.570142511608,327.873055300914,302.247578908746,291.697881958885,781.394010413938,760.938009698732,0.0028978525917458,0.00263856673392461,1.62776121247804e-06,0.00103246759158474,0.00546189468173358,3.29229712177704e-05,2.11962770544314e-05,1.4633386975598e-08,5.54050258215663e-06,6.35056068191652e-05,-793.451171752759,0.101266549775558,0.0792580852737735,1,0.497525019403224
"linear",400,"sir_collapsed",81,9.171,3118.17221068256,3451.72641804615,2826.73259177331,3651.23406195803,7096.32350940627,3346.34979258867,7054.40818727352,3233.39433014151,340.003512232315,376.374050599296,308.225121772251,398.128237047,773.778596598656,769.208176564554,0.00308893499994859,0.00279106087938722,1.92366333246754e-06,0.00111617800429046,0.00594774642036222,2.75314916784293e-05,2.20125245586929e-05,1.79655129059109e-09,8.20881647585808e-06,5.58389058616265e-05,-781.963850493943,0.163560343735739,0.123499641290698,0.8825,0.510947986486304
"linear",400,"sir_collapsed",82,9.157,2790.85142085959,3086.36233576118,3149.50769609539,2355.65127711335,6967.62075617551,3072.90413213889,6762.29857581395,2627.48757057036,304.777920810264,337.049507017711,343.945363775843,257.251422639876,760.906492975375,738.484064192853,0.00296835177988975,0.00269306819818402,1.66310820549895e-06,0.0010457479314914,0.00553166283729071,3.83673246976771e-05,2.14450732995098e-05,6.21163924626458e-08,6.71384299070924e-06,6.79932181012216e-05,-783.866540740882,0.0994027933560376,0.0774477418803786,0.99,0.50812109656217
"linear",400,"sir_collapsed",83,9.3,3396.67004846831,3471.18755981974,3066.55365881021,2493.59178432697,7239.08966437594,3121.46619930161,6970.49190820442,2917.09979844266,365.233338544979,373.245974174165,329.736952560237,268.128148852362,778.39673810494,749.515258946712,0.00325627828044922,0.00296031999052207,2.114259225168e-06,0.00111126771273406,0.00616359862993034,3.35793555849752e-05,2.21835766841471e-05,1.25817052259959e-08,5.96198041609482e-06,6.45263850439224e-05,-785.074434995638,0.113567841271049,0.0937473350685901,1,0.506644533024312
"linear",400,"sir_collapsed",84,8.84,2458.22654049735,2867.36422157007,3122.09815648749,3260.45436050479,7236.23963928947,2555.07469444889,7102.96892024688,2783.48832557874,278.079925395627,324.362468503402,353.178524489535,368.829678790135,818.579144716003,803.50327152114,0.00318625763732185,0.00291318556434622,1.97866585728362e-06,0.00103956757396216,0.0058497769068944,3.07027630503624e-05,2.20897528898448e-05,8.84547295528141e-09,6.81889394930624e-06,6.14846593914785e-05,-784.977452889312,0.117979738442693,0.095477376979071,0.995,0.507499094063632
"linear",400,"sir_collapsed",85,8.906,3044.1490497678,3313.66223412034,3406.60529863288,3036.2504695799,7121.08853072269,3204.51064336053,6936.29375906387,3106.80716272202,341.808786185471,372.070765115691,382.506770562865,340.921903164148,799.583261927093,778.833792843462,0.00276900174085366,0.00251001221198297,1.39833882623481e-06,0.000998068446623293,0.00513927403705232,2.71400143920278e-05,1.99505210306009e-05,4.21089926922997e-09,7.26365109552132e-06,5.20344542620972e-05,-793.055826570814,0.116124131271412,0.0933645600545902,0.9675,0.488473734189555
"linear",400,"sir_collapsed",86,9.105,2867.01032592326,3068.04163529316,3252.02443237855,2663.07757246935,7013.4221142591,3055.38038601571,6957.02955765805,2803.09307506623,314.883067097557,336.962288335328,357.169075494623,292.48518094117,770.282494701713,764.088913526419,0.00288267858880126,0.00262489330300885,1.61224310025922e-06,0.00099567151451706,0.0053653834990554,3.03077820508804e-05,2.05296136075853e-05,3.05068906551433e-08,6.45970340110233e-06,5.55223531690514e-05,-793.024805681329,0.118181693000958,0.0909586425478608,0.955,0.497247657295181
"linear",400,"sir_collapsed",87,9.32,2982.29297830702,3271.72004920581,2872.69567769601,2098.73491299783,7155.07016312408,3281.04875120853,6983.14435104377,2963.88222878505,319.988516985732,351.042923734529,308.229149967383,225.186149463286,767.711390893141,749.264415348044,0.00312319056172446,0.00284863869537813,1.93202063154214e-06,0.000958550171299019,0.00578315764704587,3.51032575498668e-05,2.15681802426777e-05,1.49999937298261e-08,6.31028956286635e-06,6.9176751957084e-05,-806.24130571273,0.102835774840665,0.0861045832784332,1,0.497239261155858
"linear",400,"sir_collapsed",88,8.949,2839.42894754095,3097.71307397546,2582.46424374638,2587.87761465979,7147.48346182813,2991.28338782288,7014.44113107475,3039.78164051186,317.290082416019,346.151868809416,288.575734020156,289.18064752037,798.69074330407,783.824017328724,0.00323176415872681,0.00291324916633636,2.27601717945966e-06,0.000994200892396312,0.00619910393516656,3.49605905359578e-05,2.23195923152908e-05,1.46172235623299e-08,6.57755514474219e-06,6.82308779218771e-05,-823.384872684197,0.114412710656902,0.0882879299522851,1,0.504171504424413
"linear",400,"sir_collapsed",89,9.36,3456.18821998959,3795.5179631707,3160.4018677771,2165.94156079095,6970.68447407568,3116.68202524774,6869.86203887088,3348.15592566732,369.250878204016,405.504055894306,337.649772198408,231.404012905016,744.731247230308,733.959619537487,0.00279174800399471,0.00252036231585187,1.49085333298128e-06,0.000922030430350688,0.00518620083254567,3.96906009187948e-05,2.03272190948009e-05,5.61871468750059e-08,4.95046916721256e-06,6.49938718798812e-05,-809.026380487149,0.101580282826485,0.0822953766239295,0.9875,0.492792263062881
"linear",400,"sir_collapsed",8,9.259,3298.53819703757,3534.05647197093,3067.01038500198,3281.15739346363,7131.99889491081,3631.99156752127,7135.61662503014,3220.05122394163,356.252100338867,381.688786258875,331.246396479315,354.37492099186,770.277448418923,770.668174212133,0.00296535313307819,0.00267755995437128,1.77731045188555e-06,0.00100079465931684,0.00560508092259537,2.85762931774046e-05,2.12314493719822e-05,5.58591360444127e-09,7.05332404265731e-06,5.54559859689804e-05,-784.659546449498,0.109974209803977,0.0830224331110925,0.9775,0.4973164250496
"linear",400,"sir_collapsed",90,8.968,3896.37348916874,4028.19190205869,2461.03983672638,2014.61535111884,7425.68165262977,3527.18366361051,7326.05966798091,3543.7339482162,434.475188355123,449.173940907525,274.424602667973,224.6448875021,828.019809615273,816.911202941672,0.00366196427965947,0.00329764503431273,3.12937060738862e-06,0.0011276112380187,0.00710034319616066,4.21813339865064e-05,2.08346296614583e-05,1.79616232592189e-07,4.34546776433638e-06,7.00573893734616e-05,-829.713987760029,0.0922196152496128,0.0772929791156295,1,0.519431644341108
"linear",400,"sir_collapsed",91,9.379,2466.74048303908,2808.84778342117,2833.49687762213,2395.08882859438,6919.39688799719,2569.05468856325,6792.55560037712,2574.88901546064,263.006768636217,299.482650967179,302.110766352716,255.367185051112,737.754226249834,724.230259129664,0.00286422830178369,0.00256627591352615,1.6647769293296e-06,0.000973262884886708,0.00544937648027512,3.84807002404006e-05,2.12124896667766e-05,3.06873433003721e-08,5.82156376020932e-06,6.60355285863036e-05,-806.944887096989,0.131048194898678,0.101597052887888,0.95,0.499473667706135
"linear",400,"sir_collapsed",92,8.926,3277.34773513208,3316.44253697543,3112.51893778223,2578.20497734557,7180.47018970902,3501.3395474782,7068.94267511604,3167.74819455847,367.168690917778,371.548570129445,348.702547365251,288.842144000176,804.44434121768,791.949661115398,0.00314884810216301,0.0028292741477991,2.12993470065122e-06,0.00106903649294199,0.00595747716968104,3.2839411603669e-05,2.14042177617756e-05,1.37844302117141e-08,5.71701750267357e-06,6.43031995800374e-05,-792.031829431257,0.10683640456128,0.0885963518119894,0.97,0.500189351250062
"linear",400,"sir_collapsed",93,9.032,2995.96977833178,2980.01161768409,2439.58678462005,2730.65362105377,7316.17617368615,3304.44104269255,7168.25913334433,2962.75442985593,331.706131347629,329.939284508867,270.104825577951,302.331003216759,810.028362897049,793.651365516422,0.00354484759509504,0.00312543988439293,3.10041963901332e-06,0.00107141705363758,0.0070809121885918,3.71655362071791e-05,2.1779111276416e-05,4.80710637803159e-08,6.00331287949603e-06,6.26725381194709e-05,-817.221238104083,0.0801628098039252,0.0653581626676598,1,0.516277323532256
"linear",400,"sir_collapsed",94,9.259,3363.35043716495,3677.20364066139,2923.40962947254,3133.40603012566,7302.6166146443,3638.90560294582,7210.45247244679,3473.13040466054,363.252018270326,397.149113366605,315.737080621291,338.417326938725,788.704678112572,778.750672043071,0.00318483457981698,0.00289149487753956,2.11883253115982e-06,0.00105929812019842,0.00607573818008003,2.98700697727647e-05,2.11094441314133e-05,3.72533145478423e-08,6.84224841731439e-06,5.59714639230878e-05,-810.946226110014,0.0783902242210905,0.057160976669773,1,0.502644857853695
"linear",400,"sir_collapsed",95,8.834,3099.85831552501,3544.02276707522,2080.54782500064,2395.39024146589,7078.62791589736,3217.35975425356,6833.01706751617,3233.63508438552,350.900873389746,401.179846850263,235.51594124979,271.155789162994,801.293628695649,773.490725324448,0.0033427580592765,0.00304505591257226,2.35868353420987e-06,0.00103376085482342,0.00626688197191085,4.08601603289033e-05,2.29430800654293e-05,7.20905458756037e-08,6.91704422689862e-06,7.67210088453879e-05,-779.847174557369,0.133597283288203,0.103505358788518,0.9075,0.515020660234745
"linear",400,"sir_collapsed",96,8.916,2658.12685802487,2705.92439970584,2666.24024071629,2635.51403263403,6835.78250643584,2873.32833203962,6740.00250939982,2524.24043803622,298.129975103731,303.49084788087,299.03995521717,295.593767679905,766.687136208596,755.944651121559,0.00278398938145412,0.00253341044788647,1.4182523798146e-06,0.00106434575572843,0.00512671713479923,3.19814400433243e-05,2.15325067243574e-05,8.43718999810557e-09,6.37432161770793e-06,5.86066342234265e-05,-765.555055207713,0.11060142535618,0.0867694351833345,1,0.501406481270176
"linear",400,"sir_collapsed",97,9.001,3212.99449374477,3247.51785421912,3131.46960643524,2856.16390647813,7131.32571025931,3389.11261654879,6994.53735209921,2915.84125755517,356.959726002086,360.795228776704,347.902411558186,317.316287798925,792.281492085247,777.084474180558,0.0027687411874495,0.00252124149749745,1.38819715767625e-06,0.000989701087754586,0.00516182679377287,2.8546365272039e-05,1.984731826854e-05,7.50154488150779e-09,6.24339344257169e-06,5.60344364959135e-05,-790.968300361115,0.105224849635941,0.0900283909124101,0.9775,0.493038325198014
"linear",400,"sir_collapsed",98,8.926,2468.34291302147,2191.79816372194,2984.70638818693,3159.40891203672,7070.71363895977,2683.07383175854,6958.38727968391,2142.73211988866,276.534048064247,245.552113345501,334.383417901292,353.955737400484,792.148066206562,779.563889724839,0.00279193389145061,0.00253882294295904,1.39920061168392e-06,0.0010367172078904,0.00512835480750359,2.85054133092565e-05,2.052266463963e-05,6.06417768969166e-09,7.29272567923769e-06,5.30577806584883e-05,-785.306170119529,0.0685377273477812,0.0508242102688772,1,0.492628756893426
"linear",400,"sir_collapsed",99,8.965,2840.36647735846,2898.64066215052,3032.89225943313,2287.57217366722,6768.79080582506,3063.03497583303,6713.07216613905,2792.14636179275,316.828385650693,323.328573580649,338.303654147588,255.167002082233,755.024072038489,748.808942123708,0.00259078759500089,0.00236084250449455,1.22718499003546e-06,0.000944467366489628,0.00483417387220004,4.69300291910469e-05,2.06276792254404e-05,6.75571267790249e-07,5.86943698508482e-06,6.84899768143756e-05,-791.63375674056,0.0802218817484775,0.0663182992210944,1,0.487159132364673
"linear",400,"sir_collapsed",9,8.924,3059.78099046986,3128.12267158297,2712.04217159775,3148.11838776747,6966.86047006447,3303.2134389423,6842.6805104014,3074.67186787482,342.871020895323,350.529210172902,303.90432223193,352.769877607292,780.688084946714,766.772804841035,0.00273344890239082,0.00247544076955656,1.41855633748052e-06,0.000866015755887016,0.0050327310184453,2.92811636900462e-05,2.05583483977037e-05,3.3461826840381e-08,6.80102581871627e-06,5.46378283663879e-05,-792.9666150737,0.10807314170276,0.0812219793448188,0.975,0.495423536023343
"linear",800,"sir_collapsed",100,17.671,2538.39068340629,2736.96451400158,2312.18825640585,1312.87783751629,6974.49096279915,2724.59395759512,6885.57363529525,2490.12850749916,143.647257280646,154.884529115589,130.846486130149,74.2956164063319,394.685697628835,389.653875575533,0.00198231482664605,0.00185867978526359,4.8753089858957e-07,0.000908360672032999,0.00343436369706706,1.86978939818003e-05,1.21885584843199e-05,6.17586174883813e-09,4.15516794460454e-06,3.10553023504022e-05,-1589.8963841962,0.0952360265642858,0.0778706176361332,1,0.45240155677489
"linear",800,"sir_collapsed",101,17.643,2807.08872328403,3054.0387538398,2425.34404391494,1836.25580075316,7143.74577771878,3051.70290202057,6950.97357504833,2820.93370874271,159.104955125774,173.10200951311,137.467780077931,104.078433415698,404.905388976862,393.979117783162,0.00224295589265437,0.00210138809300763,6.70550161567333e-07,0.00091810382041091,0.00386132867380116,1.95764664230581e-05,1.29595395796917e-05,1.06234593672286e-08,4.9695361852257e-06,3.541825941893e-05,-1595.11609673142,0.0928787335381491,0.0752439401702069,0.99375,0.46478188036135
"linear",800,"sir_collapsed",102,17.679,3295.29680037962,3354.89971131074,2522.40282393676,2095.28048238974,7064.01658439053,3454.44456442535,7095.36938177464,3173.59840641462,186.396108398644,189.767504457873,142.677913000552,118.518043010902,399.57104951584,401.344498092349,0.00201865779960639,0.00188369289230954,5.25004213051731e-07,0.00090009093062557,0.0034459166560634,1.57707401016738e-05,1.20919705615239e-05,9.85473789167934e-10,4.97674096096685e-06,2.8709370873602e-05,-1604.24749624407,0.0725536555677931,0.0586363222324527,1,0.453585556680407
"linear",800,"sir_collapsed",103,17.619,2690.77506702926,2827.67589693737,2221.63502289142,1865.23002653692,7037.82813770079,2841.28782369559,6936.85206319157,2574.29524208295,152.720078723495,160.490146826572,126.093139388809,105.864693032347,399.445379289448,393.714289300844,0.00206813694745156,0.0019527725789496,5.26229454611156e-07,0.000930177896313208,0.00354069861747541,1.87387717745055e-05,1.25988938095595e-05,6.79368297577604e-09,4.75579723763898e-06,3.03524698348855e-05,-1588.94009578801,0.0983124642426234,0.0808174261405779,1,0.459152427795112
"linear",800,"sir_collapsed",104,17.85,2798.17253034218,3147.73863641139,2709.96643251648,1781.5017691055,7034.38004141482,2899.24019079,6942.85189292114,2840.93769290961,156.760365845501,176.343901199518,151.818847760027,99.8040206781792,394.082915485424,388.955288118832,0.00190714966311293,0.00178953366794769,4.44836206908293e-07,0.000848979114495548,0.00323353924036219,1.58051942019079e-05,1.19592459608393e-05,2.9156058855912e-09,4.89595370625948e-06,2.65420048902466e-05,-1598.18985708961,0.0869285874699419,0.0718870661521198,1,0.445961957033888
"linear",800,"sir_collapsed",105,17.616,2881.31960629677,3356.90054513664,2408.54342328176,1920.15613585178,7198.22688054504,3022.6217918412,7149.69862750063,2835.17058260342,163.562647950543,190.559749383324,136.724762902007,109.000688910751,408.618692129033,405.863909372197,0.00224936419649587,0.00210765416431486,6.83117486660699e-07,0.000856006784062312,0.00385643657616608,1.86638223021276e-05,1.25852605873987e-05,6.35462965089694e-09,4.92304953972406e-06,3.13852525947127e-05,-1602.05349347928,0.0911070417545515,0.0743601483086846,1,0.462973314151723
"linear",800,"sir_collapsed",106,17.873,2970.18955118194,3094.8941177536,2258.96601941744,2043.61713559515,7184.03946152893,3191.68567172433,7194.38638311032,2957.66066769757,166.18304432283,173.160304244033,126.389862889131,114.341024763339,401.949278885969,402.52819241931,0.0023261811639007,0.00215515302116971,7.93550438549884e-07,0.000903690041666845,0.00406133149429472,1.75065420318178e-05,1.22298414729979e-05,3.05554810626448e-09,4.84578270941115e-06,2.94808504127504e-05,-1595.58549651188,0.0857459809691043,0.0707511359292668,1,0.465050460882027
"linear",800,"sir_collapsed",107,17.571,2966.80255246834,3128.81023331713,1566.40516890498,1610.49080241323,6888.19125083041,3105.17000368197,6821.08445141556,2901.01194568127,168.84653989348,178.066714092376,89.1471839340379,91.6561836214915,392.020445667885,388.20126637161,0.00195916664776759,0.00183926774295004,4.76491281530229e-07,0.000870625300375363,0.00333382484634536,1.67019367401672e-05,1.18680105390295e-05,2.4592544271627e-09,4.72549166748298e-06,2.91340387291367e-05,-1562.76505573019,0.102774048588453,0.0819266071591976,0.9875,0.457515894861763
"linear",800,"sir_collapsed",108,17.705,3140.93257275291,3212.75054818584,2126.49656720022,1875.69677394928,7168.73443761889,3303.54723108531,7142.06499952969,3087.8777107012,177.403703629083,181.460070499059,120.10712042927,105.941642132126,404.898866852239,403.392544452397,0.00224153280043706,0.00210475962344102,6.70478232277497e-07,0.000922393815365847,0.00386366610374272,1.64695741525938e-05,1.23755840249105e-05,1.49737314887835e-09,4.5909738447502e-06,2.95429311002618e-05,-1610.4971970075,0.095279247014257,0.0738390963498468,0.99,0.461132737096511
"linear",800,"sir_collapsed",109,17.902,2839.31263994388,3151.99482469101,2550.3810832603,1766.91585424107,7079.28532671757,3032.21665440407,7122.52361420695,2732.21493638543,158.603096857551,176.069423790136,142.463472419858,98.6993550575954,395.446616395797,397.861893319571,0.00214371957444541,0.00201101969412431,5.93602866783326e-07,0.00092400177161073,0.00367359568717614,2.42693637257103e-05,1.24137695035561e-05,5.64388707785258e-08,5.08504292805166e-06,3.32884384846599e-05,-1601.56443658142,0.0808367116632979,0.0678903050765148,1,0.459266661767031
"linear",800,"sir_collapsed",10,17.937,3423.71887546784,3294.97264765402,1776.82754895033,1835.27350134496,7147.76107761421,3475.72054717522,7230.58059105352,3172.93916650109,190.874665521984,183.69697539466,99.0593493310102,102.317751092432,398.492561610872,403.109806046358,0.00212239526106551,0.00199375989221286,5.54959341989661e-07,0.000965592411973799,0.00366668064635399,1.59535365623923e-05,1.19043384679169e-05,2.67592541012255e-09,5.1213552746232e-06,2.64396192372503e-05,-1605.67850185233,0.0892226894159978,0.0678611894274546,0.985,0.453051910726581
"linear",800,"sir_collapsed",110,17.744,3121.72787332765,3573.66218716549,2326.31108478339,1912.06238708927,7257.96074708123,3292.11419773819,7128.02677390263,3086.35672260382,175.931462653722,201.4011602325,131.10409630204,107.758249948674,409.037463203406,401.714764083782,0.00219214984741564,0.00206567263194803,6.22461428948277e-07,0.000925225481717965,0.00378562585347946,1.7489088516395e-05,1.22229755244948e-05,4.77630802286104e-09,4.7231830095998e-06,2.94017858992907e-05,-1581.66910640264,0.0925506133927176,0.0725525988834576,0.995,0.463996823124162
"linear",800,"sir_collapsed",111,17.862,2821.02252300569,3169.57116639165,2059.31450948609,1582.71998325509,7138.17782741147,3042.45782682229,7128.47036334472,2869.99228744189,157.93430315786,177.447719538218,115.290253582247,88.6082176270903,399.629259176546,399.085789012693,0.00219912991515903,0.00205615224879655,6.67880543607981e-07,0.000928053366497832,0.0038294259764592,2.10939687551725e-05,1.20866794367567e-05,2.86092550637049e-08,4.57749060639435e-06,3.09616639079959e-05,-1565.46340867162,0.0715226706985476,0.0568643498285413,1,0.463619309121317
"linear",800,"sir_collapsed",112,17.709,3219.27755980849,3228.25242923475,2435.17448884656,1605.07341485497,7038.36283243491,3171.97111153798,6878.96474171952,3067.85180925266,181.787653724574,182.294450800991,137.510558972644,90.6360277178252,397.445526705907,388.444561619489,0.00203853057564529,0.00193813641278379,4.96372851300363e-07,0.000859712835399024,0.00348522807468503,2.00665614067796e-05,1.24092954569657e-05,7.04891351055313e-09,3.86079419423845e-06,3.54544104967596e-05,-1607.82411971585,0.089704742750772,0.0727488967332176,0.99625,0.454417432954054
"linear",800,"sir_collapsed",113,17.622,3167.90533262288,3087.68275540138,2225.2303695463,2030.02995575676,7486.78854921714,3266.64932869205,7448.52309802906,3051.85721531388,179.769908785773,175.21749832036,126.275699100346,115.198612856472,424.854644717804,422.683185678644,0.00261964322501935,0.0024488676109285,9.45159798756001e-07,0.00109487633780286,0.00454362416465559,1.688697982927e-05,1.31556159830975e-05,1.38597075906339e-09,5.56967547340468e-06,2.9465117128189e-05,-1568.52230178827,0.0947192662297899,0.0771526735069651,1,0.478835263446664
"linear",800,"sir_collapsed",114,17.665,3179.85611596588,3006.00357219741,2320.68275356077,1760.45984285965,7039.84689373061,3461.11692982863,7000.42789440105,2926.44535320629,180.00883758652,170.167199105429,131.371794710488,99.6580720554569,398.51949582398,396.288021194512,0.00205976644446065,0.00194597833022026,5.29596693691727e-07,0.000928965076777224,0.00357108835664312,1.87791358491556e-05,1.21548201989021e-05,9.92527229485253e-09,4.59872705176398e-06,2.90739867440756e-05,-1609.06600416201,0.094726353608421,0.0721652355039274,0.97375,0.453340587032162
"linear",800,"sir_collapsed",115,17.707,3250.56049156074,3324.13800008488,2661.3998581507,1695.25802894519,7044.10851441396,3489.98175992669,7038.75170237401,3354.88576117628,183.574885161842,187.730163217083,150.302132385537,95.7394267207993,397.814904524423,397.5123794191,0.00210949831111582,0.00199127016677344,5.61921558336875e-07,0.000898873543889153,0.00358005638772132,2.07817867461867e-05,1.20245568493712e-05,1.5573514850183e-08,3.807554863061e-06,3.06277260291941e-05,-1590.19735574102,0.0854605774841598,0.0691244543322549,0.995,0.460888453997041
"linear",800,"sir_collapsed",116,17.763,3053.92752574143,2945.57156398493,2452.55219352863,1469.64928317072,7070.31436456315,3205.10070722669,6971.9510074655,2898.7735161594,171.926337090662,165.826243539094,138.070832265306,82.7365469329911,398.036050473634,392.498508555171,0.00212545971092634,0.00198354880170631,5.70848746698345e-07,0.000863990275922378,0.00358512279788738,2.40006967412737e-05,1.22001305749003e-05,3.63995832385772e-08,3.82988057068377e-06,3.47186350212858e-05,-1621.26263932884,0.0796520647999583,0.0602164480327349,1,0.459729602715603
"linear",800,"sir_collapsed",117,17.558,2813.65457905756,2828.97652779097,2843.75228602032,1543.41531506796,6888.50164370167,2880.38950050859,6918.83813719714,2490.80762743403,160.249150191227,161.121797914966,161.963337852849,87.9038224779568,392.328377019118,394.056164551608,0.00193624643158384,0.00181919185563053,4.67830851745345e-07,0.000820262015910852,0.00327359439639734,1.8059720405258e-05,1.16420237856341e-05,3.94584685749341e-09,4.36319014539278e-06,3.14163063258925e-05,-1593.00128373038,0.078056398007811,0.0620220359317622,1,0.455056800794138
"linear",800,"sir_collapsed",118,17.616,2856.26301643657,3041.22304682568,2855.07908947875,1841.6415845641,7114.00763111049,3077.12310609864,7051.48826772773,2747.72959515394,162.140271141949,172.639818734428,162.073063662508,104.543686680524,403.837853718806,400.288843535861,0.00210489736877336,0.00196439146659746,5.7344333399483e-07,0.000885177506023166,0.00363016826307111,2.32310115367426e-05,1.23988583212773e-05,4.53582579198495e-08,4.52447891692002e-06,3.21522161001942e-05,-1625.01115342726,0.0933955933658128,0.0724883754060357,0.9825,0.457515259923678
"linear",800,"sir_collapsed",119,17.848,2944.28193118573,2909.72092783189,2392.33848627972,2008.55120217384,6860.68101686377,3108.26571524884,6936.3500536786,2620.1625355783,164.96424984232,163.027842213799,134.039583498416,112.536486002569,384.394947157316,388.634583912965,0.00190038888739603,0.00177734860629466,4.46852711073243e-07,0.000841741560941023,0.00325946203773311,1.68695061200984e-05,1.1732932390943e-05,2.32523826300176e-09,4.65296489544295e-06,3.13245467941885e-05,-1575.72776105069,0.0902205297849405,0.0734390177970101,0.99125,0.449569172799565
"linear",800,"sir_collapsed",11,17.831,3414.09005458275,3639.24649725434,2348.24266574614,2434.62738461329,7386.43613642874,3647.55425572079,7475.46167817194,3391.68092980053,191.46935419117,204.096601270503,131.694389868552,136.539026673394,414.246881073901,419.239620782454,0.00243430024781956,0.00226600136248244,9.03118237865488e-07,0.00101084505869039,0.0043462368992119,1.81429989935292e-05,1.21127787719516e-05,5.40925217509763e-08,4.45591351735224e-06,2.69353484588145e-05,-1630.5523001605,0.0743377927886,0.0619771147763662,1,0.466251645700163
"linear",800,"sir_collapsed",120,17.56,2813.59620949569,3089.84387208606,2679.68103798768,1923.64819958491,6989.90506831926,2766.22609121349,6956.26296661396,2678.52899119859,160.227574572647,175.959218228135,152.601425853513,109.547163985473,398.058375189024,396.14253796207,0.00200775032811024,0.0018753983215142,5.18859823668892e-07,0.000781123468701577,0.00334899045675127,1.69118192705202e-05,1.2109653409199e-05,3.01590934734981e-09,5.12514929400843e-06,2.82229978317055e-05,-1565.27946729669,0.122369916734056,0.0924729301870802,0.9475,0.457533557375911
"linear",800,"sir_collapsed",121,17.775,3460.85984813247,3558.18436535414,2509.56062409527,2112.39284716073,7379.11298778021,3654.78996478572,7382.5880996623,3317.08980042696,194.703788924471,200.17914854313,141.184845237427,118.840666506933,415.139971183134,415.335476774251,0.0023595981064917,0.0021979451093168,8.41981414571455e-07,0.00100231838935179,0.00421836817554774,1.49862045217449e-05,1.20725768025246e-05,3.23708473037575e-10,4.81338951129005e-06,2.7347235150303e-05,-1637.1508933212,0.0995799368299959,0.0806827532961432,0.99375,0.462867188093774
"linear",800,"sir_collapsed",122,17.662,2693.32067769824,3118.11059880738,2303.74723237765,1760.56902407406,7337.11446433005,2967.97276227219,7205.91998900271,2882.87467716074,152.492394841934,176.543460469221,130.435241330407,99.681181297365,415.418098988226,407.99003448096,0.00241043449487141,0.0022551841896425,7.77820251727504e-07,0.000929013649136203,0.00410890760979623,1.95522902693415e-05,1.27516245779227e-05,9.18348074889862e-09,3.73050746340845e-06,3.28812339327859e-05,-1588.23048691137,0.0880360212813466,0.0729497562026004,0.99875,0.471548537544549
"linear",800,"sir_collapsed",123,17.968,2862.55520784374,2978.99625955211,2390.88356509445,2039.8728271392,6913.0880593824,3084.17192976314,6893.72546055898,2881.51385035738,159.314069893351,165.794538042749,133.063421921997,113.528095900446,384.744437855209,383.666822159338,0.00192161900967708,0.00179430683262004,4.53669201288062e-07,0.000795375181483364,0.00319312057781016,1.74053683394017e-05,1.18320059327433e-05,9.35507056470494e-09,4.75053610010826e-06,2.85228149307072e-05,-1570.72846807225,0.09526701819895,0.074504013937587,0.98625,0.456124404264634
"linear",800,"sir_collapsed",124,17.817,3391.62421048519,3484.45868020271,2349.65689150376,2010.93389033113,7114.72071776509,3656.365489501,7044.33340114663,3285.08171481003,190.358882555154,195.569325936056,131.877245973158,112.866020673016,399.32203613207,395.371465518697,0.00214889901158434,0.00201780923859132,5.8124728835868e-07,0.000924372200407074,0.00371501364022391,1.55958615504837e-05,1.22324227770962e-05,1.04040496666454e-09,4.9416720938939e-06,2.75638405401958e-05,-1554.60076788881,0.107650550551217,0.0854649124577646,0.9725,0.463148016297011
"linear",800,"sir_collapsed",125,17.691,2727.94119025543,2716.50040127144,2227.25820212582,1639.31726237082,6850.12749657899,2859.69166219704,6789.93984236872,2592.46218063701,154.199377664091,153.552676574046,125.897812567171,92.6639117274786,387.209739222146,383.807576867826,0.00190294204772975,0.00180032631353966,4.19937150115053e-07,0.000839790655839555,0.00318977049469404,1.72414358991786e-05,1.22729733385565e-05,3.89035193350544e-09,4.56060664782565e-06,2.82485997429668e-05,-1606.57248054937,0.114931240880856,0.091359711496657,0.96625,0.453583473994459
"linear",800,"sir_collapsed",126,17.796,3193.10785847665,3203.66073900543,2423.2206176443,1532.72703883567,7049.21915660982,3289.01162602691,6951.86375849903,3025.26632258819,179.428402926312,180.02139463955,136.166588988778,86.1276151289991,396.112562183065,390.64192843892,0.00221632663149813,0.00205475566956837,6.96257255094077e-07,0.000905964542289366,0.00386415132879072,2.14738988135443e-05,1.28389441641281e-05,8.66294339032623e-09,4.38196655012363e-06,3.71071927940569e-05,-1599.80121798012,0.0935972281200238,0.0778440648558781,1,0.466277494129819
"linear",800,"sir_collapsed",127,17.705,2482.49206739069,2859.056630381,2755.65908655626,1870.4243665644,6824.27883171822,2603.57604229285,6833.8908805342,2545.13862939438,140.214180592527,161.48300651686,155.642987097219,105.64385013072,385.443593997076,385.986494240847,0.00180503528948016,0.00169147431702781,3.51542230398125e-07,0.00085654878241483,0.00304814396828252,1.78812302403257e-05,1.12922510918624e-05,1.7989139304798e-08,4.84186689677072e-06,2.78966512702192e-05,-1558.98135666185,0.0908040084085147,0.0704093451891633,1,0.446856274571496
"linear",800,"sir_collapsed",128,17.862,2649.70829274755,3113.3061647399,2571.08611620762,1847.07787402291,7028.58522743948,2790.89671294443,6933.49517085254,2807.37053931396,148.343315012179,174.297736241177,143.941670373285,103.408233905661,393.493742438667,388.17014728768,0.00201442195888947,0.00189558269824764,4.65058226794825e-07,0.000839553639455544,0.00332930607916285,1.69940050059791e-05,1.23383549905156e-05,3.406126523223e-09,4.53625344214981e-06,2.9376327073078e-05,-1577.51458602883,0.0815478758520394,0.0642945387002657,0.99625,0.453945222397313
"linear",800,"sir_collapsed",129,17.975,3330.49367112719,3637.33980707296,2278.14438875167,2116.39805334244,7294.04986143565,3550.83672265455,7246.90094003195,3502.33399043538,185.284766126687,202.355483008231,126.739604381178,117.741199073293,405.788587562484,403.165559946144,0.00237083993842823,0.00220977759269962,8.10176337201221e-07,0.000952214859639159,0.00412826823292117,1.82710701146195e-05,1.26670068057034e-05,3.21847152773619e-09,4.69962531821919e-06,3.12460850683608e-05,-1608.18240087084,0.0797909770261579,0.0644273512311804,1,0.469419696056871
"linear",800,"sir_collapsed",12,17.644,3198.83048758796,3548.25317235001,2311.07178419663,1973.06391104862,7067.79219079673,3440.56423434501,7051.78939806894,3167.11291322222,181.298486034231,201.102537539674,130.98343823377,111.826338191375,400.5776576058,399.670675474322,0.002037024756386,0.00191029335351262,5.12119557999744e-07,0.000931435530020694,0.00350483555647334,1.62364827725367e-05,1.17953244240084e-05,1.09785514710319e-08,4.69092203790032e-06,2.634885040743e-05,-1564.86344474324,0.0907255310841785,0.067323953361169,0.99875,0.458298706567201
"linear",800,"sir_collapsed",130,17.902,2615.75776870777,2805.66173828323,2495.26144211308,1442.24245550318,6689.11495266293,2739.41093251696,6691.09905702332,2540.23663006497,146.115393179967,156.723368242835,139.384506877057,80.563202742888,373.651823967318,373.762655402933,0.00174029221648366,0.00164418659452192,3.2255104780644e-07,0.00085238044742328,0.0029250202077035,1.74035561859979e-05,1.14892571849245e-05,6.26440901344535e-09,3.90720540569589e-06,2.84263138309818e-05,-1546.93370135153,0.0783553027439268,0.0620605252144157,1,0.448312373781702
"linear",800,"sir_collapsed",131,17.597,3030.68170363856,3051.90705889818,2685.4682292002,1841.02906323135,7032.46008336363,3278.63489016848,7021.083410034,2945.20880350967,172.227180976221,173.433372671375,152.609435085537,104.621757301321,399.639716051806,398.993203957152,0.002017854538234,0.00189437087539922,4.89241977912613e-07,0.000879455737777031,0.0034517843913404,1.74309713741896e-05,1.18003529345142e-05,6.17143875477154e-09,3.92793167172373e-06,3.14594141263841e-05,-1574.62431210505,0.0971460150496433,0.0767090348421774,1,0.460924261592216
"linear",800,"sir_collapsed",132,17.776,3158.9789183216,3128.73707810709,2478.67114994096,1851.00794837088,7025.34235787835,3470.03949268748,7053.62013325595,2905.90802652084,177.710335189109,176.009061549679,139.43919610379,104.129610056868,395.215029133571,396.805813076955,0.00202954212407384,0.00191381463006175,5.13331335481886e-07,0.000923503356609513,0.00348261748764156,1.73481337410541e-05,1.18464728447616e-05,4.99010189934801e-09,4.33909031410839e-06,3.04503769076103e-05,-1612.69271714976,0.103885696026156,0.0826350193596485,0.97375,0.457358151520439
"linear",800,"sir_collapsed",133,17.652,2834.5781952014,2869.35096960021,2748.32141006065,1481.47511212535,7151.51742501973,3081.09912641392,7060.36711125546,2784.01108883293,160.581135010277,162.551040652629,155.694618743522,83.9267568618483,405.139215104222,399.975476504388,0.00220347254725569,0.00204972980144503,6.59882067043029e-07,0.000938533741693565,0.00387589879044197,2.40409684625532e-05,1.25489736884671e-05,7.57837702622823e-08,4.80317174445234e-06,3.45008306740043e-05,-1610.49694258293,0.0962938401466486,0.0785074643043116,1,0.459541907076614
"linear",800,"sir_collapsed",134,17.742,2921.72230193821,3443.058782899,2577.93372624207,1832.27172937669,7157.65095624599,3039.56147200661,7122.30500922364,3003.92511639398,164.67829455181,194.062607535734,145.301190747496,103.273121935334,403.429768698342,401.437549837878,0.00212495522478921,0.00198956143367398,6.00999550215899e-07,0.000878572648360272,0.00365106660079028,1.7101423719567e-05,1.2057304347712e-05,2.25485600489321e-09,4.53977395962004e-06,3.04131920633464e-05,-1591.98273254454,0.0798167396239948,0.0621044393841891,1,0.458501752848337
"linear",800,"sir_collapsed",135,17.867,3270.65500357475,3425.38887088608,2300.06919650463,1769.18913801467,7108.21086566404,3426.73106615095,7158.63046949812,3238.73615118028,183.055633490499,191.715949565461,128.73281449066,99.0199327259566,397.840200686407,400.662140790178,0.00208090116275487,0.00195358565257832,5.53871228623878e-07,0.000895050597285731,0.00350531766916307,1.68617682008515e-05,1.20379205616158e-05,4.78191659949387e-09,4.76000051347095e-06,2.71469488769436e-05,-1597.70622839749,0.0797192187320034,0.0635972118037511,1,0.455652606851676
"linear",800,"sir_collapsed",136,17.62,3710.20688008518,3705.30139123709,2436.50429942123,2506.74492264298,7103.35020024849,2976.72928760475,7107.91877201025,3265.34231820426,210.567927360113,210.289522771685,138.280607231625,142.267021716401,403.141328050425,403.40061135132,0.00208581961592026,0.00195769920221047,5.27898234820041e-07,0.000860510187834959,0.0035145806313978,1.64854981570842e-05,1.21424187643533e-05,4.17715254677232e-09,4.95573023982251e-06,2.63244463417074e-05,-1610.13936667809,0.0951498094562832,0.0753973781788583,0.99375,0.458568270370972
"linear",800,"sir_collapsed",137,18.004,2750.11455835981,2994.88776687617,2688.75077452865,1679.63076453914,6874.19574810912,2872.81372192493,6838.99386325825,2864.63205008299,152.750197642735,166.345688006897,149.34185595027,93.2920886769129,381.814916024724,379.859690249847,0.00194043536434327,0.00181945314046019,4.62866321019717e-07,0.000883717442591539,0.0033019895684571,1.67244496034213e-05,1.17578639940354e-05,1.88508671523625e-09,4.4622632648198e-06,2.92405932362134e-05,-1571.58421101972,0.0678164611060199,0.0538954965670247,1,0.454121053445276
"linear",800,"sir_collapsed",138,17.56,4044.4680729025,3985.45486363959,2429.02910496152,2094.48493054596,7410.80266323174,3528.57635143908,7343.71566063718,3385.72147641206,230.322783194903,226.962122075148,138.327397776852,119.27590720649,422.027486516614,418.207042177516,0.00247111409959565,0.00227920217576981,9.17288158877913e-07,0.000975386046613723,0.00441908146314253,1.86328804049852e-05,1.27193709758187e-05,3.27710386065398e-09,4.39288494944833e-06,3.31710621072804e-05,-1607.07144647695,0.0972877977750877,0.0795198695547542,0.99625,0.471171702162172
"linear",800,"sir_collapsed",139,17.602,3428.89014633532,3562.89416644125,2500.13468921877,1620.1054652649,7126.03513999878,3688.51636970748,7161.1678973763,3362.8159164708,194.801167272771,202.414166937919,142.036966777569,92.0409876869051,404.842355414088,406.838307997744,0.00207179992837021,0.00194371455425949,5.33679544547968e-07,0.000957172181672263,0.003587398881417,1.66055413196116e-05,1.21474998454004e-05,4.23885789560805e-09,4.87996974121102e-06,2.77034210428084e-05,-1636.97158530693,0.127987190171739,0.100778942945707,0.96375,0.454515135800258
"linear",800,"sir_collapsed",13,17.67,3113.76480993739,3303.73667036066,2638.61286386441,2061.87899677167,7166.95024217584,3272.0583370013,7104.44210007578,3168.79966417799,176.217589696513,186.968685362799,149.327270167765,116.688115267214,405.599900519289,402.062371254996,0.00222071282346969,0.00207724816440816,6.67448955652256e-07,0.000909467419458526,0.0038218412874668,2.07408587280598e-05,1.26096653292954e-05,5.24307970664917e-08,5.05981786949772e-06,2.96888833542852e-05,-1574.96764294554,0.0972694846804776,0.0802590459656829,1,0.464127455640114
"linear",800,"sir_collapsed",140,17.653,2920.29737679254,3240.63333931788,2436.74729003117,2487.8978791322,7062.42925906461,3062.70802924702,7057.66498838023,2924.33603156757,165.427823984169,183.574085952409,138.035874357399,140.933432228641,400.069634570023,399.799750092349,0.00197546793860799,0.00186229549185437,4.68946008343314e-07,0.000853775272467264,0.00334441954038959,1.48790984462341e-05,1.18123493924334e-05,5.01148191385261e-09,4.94496546882277e-06,2.49957849541985e-05,-1587.19763501608,0.0868700064126789,0.0721269124094897,1,0.454828620274661
"linear",800,"sir_collapsed",141,17.56,2935.59400021078,2743.53358135833,2121.93395807371,1541.26695814275,6911.20676821257,3087.6054407695,6907.8158968,2528.19367431375,167.175056959611,156.237675475987,120.839063671624,87.7714668646214,393.576695228506,393.383593211845,0.00182587356751605,0.00172965490677881,3.7628935446374e-07,0.000805009938780952,0.00301405168172962,1.86248406827943e-05,1.14767611952457e-05,2.63084550067771e-08,4.24452005310938e-06,2.68137104243302e-05,-1594.23764243517,0.109515254654173,0.085949556065106,0.96375,0.447343983333916
"linear",800,"sir_collapsed",142,18.702,2717.51970266965,2669.1649582786,2786.48774253748,1479.50689676185,6881.89523764082,2904.98910134865,6752.38234637482,2469.74393112447,145.306368445602,142.720829765726,148.994104509543,79.1095549546492,367.97643234097,361.051349929142,0.00182373498630043,0.00171615292080095,3.8530441400835e-07,0.000811849179071266,0.0030724701027223,1.84331150145097e-05,1.18730535773626e-05,3.94638508238494e-09,3.41632038038237e-06,3.02486424843921e-05,-1605.72933781048,0.0979590945760138,0.0811781341144774,0.99375,0.444494413467416
"linear",800,"sir_collapsed",143,17.664,2550.72700847565,2667.05779237883,2756.78040125921,1842.88429118991,6950.44697254322,2709.29528825814,6945.78918324251,2262.51035419835,144.402570679101,150.988326108403,156.067731049547,104.329953079139,393.480920094159,393.217231841174,0.0020508466793818,0.00193374497960536,5.03925259678096e-07,0.00089579270816285,0.00344916570142151,1.70647352816392e-05,1.26136409305561e-05,2.24539844238156e-09,5.31033895320071e-06,2.77421757269175e-05,-1591.45978426027,0.107148883660974,0.0920699733717717,0.98875,0.459754829303192
"linear",800,"sir_collapsed",144,17.783,2811.84827795071,3009.70844299316,2569.49254199235,1626.36906916055,6889.36585322655,3011.96725075769,6920.73462352592,2801.41424337613,158.120017879475,169.246383793126,144.491511105682,91.4563948243012,387.41302666741,389.177001829046,0.00181620762037329,0.00171247494844531,3.69929504973871e-07,0.000811258238861912,0.00305468156801805,1.64663828177499e-05,1.13862741348639e-05,8.30216077235654e-09,4.82081274680809e-06,2.55545364165028e-05,-1610.50395826201,0.0886537668593591,0.0732902109259207,0.98,0.440653831968438
"linear",800,"sir_collapsed",145,17.612,2633.17094317164,2922.04794236733,2693.06409798923,1498.68517795259,6938.0165033622,2817.5639224133,6868.82573129014,2656.89339942668,149.510046739248,165.912329228215,152.910748239225,85.0945479191794,393.936889811617,390.008274545204,0.00199035552091196,0.0018701671774991,4.91833457743329e-07,0.000884630129629588,0.00339496926797441,2.01109340359678e-05,1.19759081847223e-05,9.53217874223112e-09,4.77638195274776e-06,3.14308424524997e-05,-1602.17527673885,0.0969984176611897,0.0749764978060397,0.99625,0.458280777224287
"linear",800,"sir_collapsed",146,17.664,3283.53383533317,3450.45753662206,2110.91596564911,1906.58753796738,7160.20582122474,3435.36159432992,7121.10247432478,3042.53111945351,185.888464409713,195.338402209129,119.503847692998,107.936341596885,405.35585491535,403.142123772916,0.00217352287460409,0.00203294617495028,6.01023256906802e-07,0.000863575385518235,0.0036256437663051,1.73615161837011e-05,1.2149893358107e-05,1.1547948694988e-08,4.02418671791606e-06,2.77771726792275e-05,-1576.0426984216,0.107967098849842,0.0839697855313394,0.975,0.462804758160439
"linear",800,"sir_collapsed",147,17.68,2670.62386305179,3017.59468708932,2720.98073147066,2491.76480016348,7078.68229030111,2799.43614399986,7050.73312434752,2681.61548883991,151.053385919219,170.678432527676,153.901625083182,140.936923086169,400.377957596216,398.797122417846,0.00203739412756549,0.00192551718384659,4.95490779503332e-07,0.00086791809119186,0.00345763464734375,1.50913363510615e-05,1.20658050226555e-05,6.8550490756571e-10,5.04449374292429e-06,2.66889557462543e-05,-1595.53847284498,0.102297151305236,0.0790668480208363,0.9675,0.456559762315596
"linear",800,"sir_collapsed",148,17.772,2880.70010589401,2996.86915844466,2644.94849092233,1694.74986520917,6815.927687006,2974.55627475772,6787.10947808973,2849.99695119572,162.092060876323,168.628694488221,148.826721298803,95.3606721364601,383.520576581476,381.899025325778,0.00182264224127088,0.00172367056171689,3.635698961084e-07,0.000885603327032902,0.00310221732241751,1.72374074311823e-05,1.15798388408983e-05,4.5814035416824e-09,4.7433370006037e-06,2.75776486786945e-05,-1582.66947230819,0.0838194065007916,0.0632485768700805,0.99875,0.447931851741067
"linear",800,"sir_collapsed",149,17.753,2968.29582197941,3162.48684938467,2727.40106291416,1480.43721988666,7144.3798824851,3189.45613740549,7018.71326020853,2904.56911420249,167.199674532722,178.138165345838,153.630432203805,83.3908195734052,402.432258349862,395.353645029489,0.00224875751347003,0.00210048698654922,7.01184118934109e-07,0.000960177008097915,0.00388938902937065,2.70150307598928e-05,1.25165749770223e-05,3.90354723519212e-08,3.96573055086407e-06,4.13545127742731e-05,-1627.43302577606,0.0960014303874857,0.077018297093285,0.98375,0.460914760490826
"linear",800,"sir_collapsed",14,17.608,2599.39398748792,2716.21919060584,2287.17522002862,1540.59165894648,7186.12251866035,2731.21521630796,7047.36789436996,2456.03106417862,147.625737590182,154.260517412871,129.894094731294,87.4938470551157,408.116908147453,400.236704587117,0.00229869346032002,0.00215273411759292,7.37160493824873e-07,0.000940662695672373,0.00404923428040166,2.22489816401614e-05,1.30020947070779e-05,1.61052712946779e-08,3.08405675533286e-06,3.62244366489322e-05,-1606.28319723261,0.112916160843525,0.0930572166945099,0.975,0.471172206718187
"linear",800,"sir_collapsed",150,17.847,3484.48209978072,3739.67920372348,2043.77271070006,1558.10161973291,7333.52341931165,3584.58762588649,7303.72333063903,3607.12659373278,195.241894984071,209.5410547276,114.516317067298,87.3032789674967,410.910708764031,409.240955378441,0.00261128985711545,0.00244222252000527,1.04314933689658e-06,0.00100456972684717,0.00465455022923007,2.09462359540043e-05,1.29887543141376e-05,9.19762596626762e-09,3.91026189006594e-06,3.4776746146696e-05,-1605.4160396579,0.0860162703271051,0.0711811312348114,1,0.479216849606903
"linear",800,"sir_collapsed",151,17.626,2616.58640977587,2551.32733270132,2538.32202305161,1559.91197921103,6923.78147118318,2848.78449880967,6819.29300520141,2442.09482058652,148.450380674904,144.747948071106,144.010100025622,88.5006228986172,392.816377577623,386.888290321196,0.0019367801552948,0.00181161522590513,4.73570847276996e-07,0.000875511918752798,0.00333363981440773,1.75085656947406e-05,1.1513466040087e-05,8.89062517011007e-09,4.15876827825666e-06,2.8420790894577e-05,-1614.93120017902,0.0886980617765237,0.0658926772140584,0.98625,0.450037907777288
"linear",800,"sir_collapsed",152,17.575,2187.38601759541,2502.51062481725,2426.54832506808,1499.01231934088,6841.83230008203,2347.96528030511,6826.50298938569,2292.38661956068,124.460086349668,142.390362720754,138.068183503163,85.2923083550998,389.293445239376,388.421222724648,0.00173494828488096,0.00163668269787642,3.37135061538376e-07,0.00074345415337186,0.00282654191726532,1.47975209299859e-05,1.13985186314881e-05,1.84803029947827e-09,4.566995105919e-06,2.6657750990424e-05,-1578.4763203705,0.106032446977289,0.0766181080089211,0.975,0.442688840093701
"linear",800,"sir_collapsed",153,17.556,2840.86161178703,3213.8715912976,2756.89545196612,1745.32830854286,7118.45160497874,2926.85541738838,7073.71938930188,3022.21614726887,161.817134414846,183.064000415676,157.03437297597,99.4149184633665,405.471155444221,402.923182348023,0.00216399807100071,0.0020199176249654,6.2313713964804e-07,0.000888809569105317,0.00369671848644533,1.9720396933238e-05,1.20296943845931e-05,6.54805498049870e-09,3.33481800663891e-06,3.55847008282925e-05,-1620.68211889107,0.0920286509093345,0.069086593067403,0.96625,0.462277023833087
"linear",800,"sir_collapsed",154,17.682,3184.21432599207,2843.28935907545,3221.05032591323,1776.08288742003,6951.356564217,3450.27925568303,6896.11039028948,2636.50467020571,180.08224895329,160.801343687108,182.165497450132,100.445814241603,393.13180433305,390.00737418219,0.00178161213036918,0.00168463845387952,3.5173877896809e-07,0.000780153152674239,0.0029484332030332,1.83675962927172e-05,1.10053616496434e-05,1.69182897235024e-08,3.75160053338158e-06,2.75262399340174e-05,-1599.69042176781,0.0644353481549378,0.0518156508887242,1,0.444523584013196
"linear",800,"sir_collapsed",155,17.684,2845.4099128299,2992.36786237478,2873.18464024715,3158.60217325736,7001.28907955118,2952.554845176,6957.42973051302,2733.72349035585,160.903071297777,169.213292375864,162.473684700698,178.613558768229,395.910940938203,393.430769651268,0.00198130996969725,0.00185439090251613,4.74551908724787e-07,0.000858022052497293,0.0033191120104623,1.39981264815738e-05,1.2221992589274e-05,1.26326037871445e-10,5.54053578227634e-06,2.50981436910316e-05,-1598.07027197121,0.107193591470691,0.0841830877781963,0.97875,0.450541438562578
"linear",800,"sir_collapsed",156,18.003,3187.02291677225,3327.06265770477,2757.65731692804,1569.11943386185,6935.05560723483,3357.08402116049,6871.49211760461,2924.17032808054,177.027324155543,184.806013314713,153.177654664669,87.1587754186439,385.21666429122,381.685947764518,0.00192935398295341,0.00180504285271244,4.71240157942323e-07,0.000764478468741193,0.0032117357990726,1.89164441869618e-05,1.16728111760935e-05,1.13040581662455e-08,3.12570752892685e-06,3.11165879493806e-05,-1597.85131259913,0.0679411664228026,0.0532866962869989,1,0.45190993160978
"linear",800,"sir_collapsed",157,17.743,2865.10538179116,3070.70279969596,2619.79841120656,1579.12055608425,6971.0870872838,3015.83834235838,6922.77323229618,2792.88776349098,161.478069198623,173.06559204734,147.652505844928,88.9996368192668,392.892244112258,390.169262937281,0.00186373546267566,0.0017556409153092,4.17123595753262e-07,0.000812426756419466,0.00314854412909947,1.67664582723626e-05,1.15871177176744e-05,4.64808085833335e-09,4.85795257425843e-06,2.70112639761417e-05,-1599.19766632405,0.106536388838883,0.0856933552183002,0.97,0.447629145539025
"linear",800,"sir_collapsed",158,17.857,3160.8880020201,3107.04984121109,2846.08989318299,1561.73232726051,7024.69097128225,2915.46453810818,7025.74322201542,2671.97870483174,177.011144202279,173.996183077285,159.38230907672,87.4577099882685,393.385841478538,393.444767991007,0.00200535226561652,0.00187618781345857,4.88146633051116e-07,0.000906289027786493,0.00340287449785017,1.79998229698133e-05,1.21666383127384e-05,7.13577990716754e-09,4.65851559733924e-06,2.8326675662106e-05,-1599.35476475574,0.067715639747975,0.0542607549996741,1,0.455426369328997
"linear",800,"sir_collapsed",159,17.761,2723.7673732754,3079.82606673231,2307.51908714226,2026.86329829281,7063.1112350785,2953.58700234109,7080.88071856968,2783.02066331117,153.356645080536,173.403866152374,129.920561181367,114.118760108823,397.675313049856,398.675790697015,0.00207335447506132,0.00191740559248155,6.08510065911556e-07,0.00080895412274669,0.00356979656683303,2.07777366663372e-05,1.19496167473841e-05,2.58369883059779e-08,3.98615415936444e-06,2.94450186277731e-05,-1612.73837976867,0.0776386850784067,0.0661071994757027,1,0.455658353588286
"linear",800,"sir_collapsed",15,17.69,2997.38619106675,3473.56675018695,2130.90495363672,1775.22458985814,7205.45415284808,3110.27457728824,7171.13947347909,3098.43946400313,169.439581179579,196.357645573033,120.45816583588,100.351870540313,407.317928369027,405.378149998818,0.00225325309725498,0.00210858500971044,7.10286896956273e-07,0.000891504349292075,0.00390338002452281,1.85956526853079e-05,1.26175118793383e-05,1.39794539438568e-08,4.53836576760021e-06,3.12384889223257e-05,-1591.20992663999,0.0808219613878106,0.0627608859672692,1,0.467942157307238
"linear",800,"sir_collapsed",160,17.733,3230.00166583991,3358.29376417846,2436.00960927256,1890.72876421049,7040.35278748037,3407.59979820298,6975.80534292206,3224.40685046939,182.146374885237,189.381027698554,137.371545100804,106.622047268397,397.019838012766,393.379876102298,0.00196459253372009,0.00184533629128446,4.7428160945584e-07,0.000817287508638459,0.0033291388190892,1.86862198511766e-05,1.18416090938445e-05,1.6627274103611e-08,4.7252337773342e-06,2.69721250074485e-05,-1632.97226206695,0.0760066741230994,0.0630292380553911,1,0.449791560863358
"linear",800,"sir_collapsed",161,17.747,2726.73055837004,2960.31059982934,2208.64061823956,1745.32420396444,7094.66245425438,2840.02983194062,7096.59777462429,2661.39213205013,153.644591106668,166.806254568622,124.451491420497,98.3447458141908,399.766859427192,399.875909991789,0.00211815932627075,0.00198034358488021,6.03233983041854e-07,0.000949251754173872,0.00369159163745906,1.9062910559318e-05,1.21920640036417e-05,8.12900577777359e-09,4.45342949775861e-06,3.14822375128525e-05,-1612.0148583454,0.082988618130702,0.0613542306511824,0.9975,0.462424156003926
"linear",800,"sir_collapsed",162,17.743,2767.92599092761,2700.89857378774,2772.45129278742,1427.29053858158,6918.31904089408,2995.36686169086,6786.09062758268,2380.95127805209,156.001013973263,152.223331668136,156.256061138896,80.4424583543695,389.918223575161,382.46579651596,0.00204810530282529,0.00192630804376264,5.11377118269458e-07,0.000956737651912505,0.00359198547732683,2.20950573367676e-05,1.30713757331731e-05,1.19007907248553e-08,3.52911456092676e-06,3.78257136675933e-05,-1604.41547041958,0.123936195287177,0.102294146961141,0.965,0.459482723782965
"linear",800,"sir_collapsed",163,17.98,3041.41808428028,3209.91984836049,2118.01488915427,2788.9138357437,7089.79616319092,3106.05377384163,7121.63487307861,2960.40361549224,169.15562204006,178.527244068993,117.798380931828,155.112004212664,394.315693169684,396.086477924283,0.00202409999941034,0.00189393442540348,5.18535231753511e-07,0.000850968675746547,0.00339273089448926,1.39343102278383e-05,1.17255671711844e-05,8.51849594872822e-10,5.0032420576455e-06,2.40722107538559e-05,-1589.01048967746,0.0837082327589945,0.0703329707235723,1,0.455110535259611
"linear",800,"sir_collapsed",164,17.667,2972.15840429641,2952.1889766724,1997.22158301162,1867.72870604654,7086.31036579164,3209.17376990511,7129.34186418802,2849.66207470787,168.23220718268,167.101883549692,113.048145299803,105.718498106444,401.104339491234,403.540038726893,0.00199471836250863,0.00185711222047182,5.19963154250918e-07,0.000793365959520282,0.00339032284322307,1.69158007678999e-05,1.18116482161442e-05,2.80530625296274e-09,4.11391106662008e-06,2.82097408678923e-05,-1606.75164596084,0.089743540263286,0.0715145781714196,0.9925,0.446705146276769
"linear",800,"sir_collapsed",165,17.844,2764.4543283034,2935.00675781832,2758.70909890294,1560.97627483865,6812.32579714565,2745.41184856754,6721.16803870743,2538.97128140316,154.923466056008,164.481436775292,154.601496239797,87.479055976163,381.771228264159,376.662633866142,0.00189228146465464,0.00177687496356448,4.20971362653132e-07,0.000784726188982059,0.0031119809599282,2.03966887817453e-05,1.20648578384033e-05,1.96211956776217e-08,4.3271470506338e-06,3.14160215007129e-05,-1579.43665408231,0.080695526653777,0.0643914566936391,0.98625,0.449462867061082
"linear",800,"sir_collapsed",166,17.656,3483.49999226248,3724.60011785853,2268.3634476352,1697.11812834935,7221.56940992597,3788.06335524606,7289.70477012909,3511.2329941158,197.298368388224,210.95379009167,128.475501112098,96.1213258013905,409.01503227945,412.874080773057,0.00234549571410345,0.00219348442534493,8.38798155885381e-07,0.000910741272699257,0.00410430059949074,2.0503309103269e-05,1.25532980690049e-05,1.76793667868173e-08,5.21167593844763e-06,3.39516071434095e-05,-1631.76456384905,0.101489549426879,0.0827366189276433,0.9925,0.46694692718176
"linear",800,"sir_collapsed",167,17.454,3294.37804980626,3781.1417567744,2949.16318343595,2000.31942460928,7019.47168252293,3055.78303048079,7032.42554296066,2913.85615577281,188.74630742559,216.634682982377,168.96775429334,114.605215114546,402.169799617448,402.91197106455,0.00191450778370857,0.00179657369692585,4.35116744890359e-07,0.000837129606675456,0.00321119338045243,1.67468469873551e-05,1.14561571346327e-05,4.0424939032484e-09,3.74946414211482e-06,2.82647922166728e-05,-1607.1382657996,0.0852861345109047,0.0687194004602581,1,0.447173403201662
"linear",800,"sir_collapsed",168,17.708,2804.21569471319,2908.00386644374,2678.46259682153,1904.11853887819,7153.36574531845,3046.8349552823,7143.82234257757,2753.49997271594,158.35869068857,164.219780124449,151.257205603204,107.528718030167,403.962375497992,403.423443786852,0.00218965328885853,0.00205328000199466,5.9943475881339e-07,0.000865775029328667,0.00375086350162717,1.94776358648352e-05,1.23801156956262e-05,1.0878891020833e-08,4.94831918188294e-06,3.26550160494815e-05,-1626.8780678025,0.0811531238900782,0.059882356608113,0.98125,0.460787088688276
"linear",800,"sir_collapsed",169,17.601,2864.93052297749,3088.54580830988,2413.93598471135,1766.1204448162,7119.90465366303,3050.75604240628,6984.93720143161,2893.19685299423,162.770895004687,175.475587086522,137.147661196032,100.342051293461,404.517053216467,396.848883667497,0.00199784068791522,0.001882806253613,5.18027194130963e-07,0.000859153452901069,0.00345053343028048,1.87442186293973e-05,1.18447595714115e-05,9.55024323253471e-09,4.9596652784005e-06,3.11296930558177e-05,-1638.09098688024,0.110602320527781,0.0895214835197569,0.96,0.449953320344661
"linear",800,"sir_collapsed",16,17.968,3464.79213092343,3768.00812578481,2755.84204610168,1782.30500763619,7251.14212920609,3690.91951330276,7208.15718572627,3637.15417639508,192.831262851927,209.706596492921,153.375002565766,99.1932884926643,403.558667030615,401.166361627686,0.00223862090711388,0.00210095594186455,6.26117612665396e-07,0.000980379872394245,0.00387189265227189,1.73530711168768e-05,1.23167992015417e-05,1.60530481614673e-09,4.71537110793255e-06,3.16018633987601e-05,-1585.90315871455,0.0767820826076416,0.0604492257806506,1,0.465390776615026
"linear",800,"sir_collapsed",170,17.608,2921.66732541761,3292.95713606192,2642.75774240838,2031.48006134098,7012.55855214461,3036.77126182177,6968.81416041963,3130.49970697825,165.928403306316,187.014830535093,150.088467878713,115.372561411914,398.259799644742,395.775452091074,0.00205117633420737,0.00192975907846844,5.1408833542205e-07,0.000849771657229434,0.00345550270796997,1.6291306884246e-05,1.25876907588839e-05,1.33853070407185e-09,4.59169808985405e-06,3.04138384914784e-05,-1563.99435458762,0.0868455446684943,0.068585349461144,0.9975,0.460627338374907
"linear",800,"sir_collapsed",171,17.788,2458.47946025612,2662.50927465309,2419.40177752782,1686.31746204279,6919.69889696089,2577.42905533175,6935.78390724804,2463.24582169792,138.209998890045,149.680080652861,136.013142429043,94.8008467530238,389.009382559078,389.913644437151,0.00189957002593904,0.00177506061104381,4.61896501873688e-07,0.000842631012644234,0.0032901434763851,1.76111952742575e-05,1.15551203307349e-05,1.03406111459887e-08,4.41873374322843e-06,2.746766670421e-05,-1601.08914865866,0.100389787907613,0.0787347839612627,0.97125,0.452946956444529
"linear",800,"sir_collapsed",172,17.879,2749.5001495721,3003.83538225487,3081.1620440504,1361.84939003862,6796.75785285347,2597.93054814521,6645.57700617771,2550.8890087504,153.783777032949,168.00913822109,172.334137482544,76.1703333541371,380.153132325827,371.697354783697,0.00175872678951387,0.00166703086374516,3.35796932881218e-07,0.000767394014093518,0.00292336192434609,2.26953058331975e-05,1.15013024612342e-05,5.84604048020967e-08,5.20538334979285e-06,3.00053869958462e-05,-1587.33766389042,0.0762359711162053,0.0589841120674808,1,0.445478168914533
"linear",800,"sir_collapsed",173,17.926,3043.92677593733,3238.05149468873,2477.76077537497,1566.90748562168,7126.5329062212,3168.24758309421,7122.85908799231,3007.56916057003,169.805130867864,180.634357619588,138.221620850997,87.4097671327505,397.552878847551,397.347935289094,0.00203532554504404,0.00189747760263076,5.28324548867429e-07,0.000871327580577356,0.00348205089794525,1.74212141286683e-05,1.17706571353491e-05,5.61691049086396e-09,3.93137147535275e-06,2.73645411455671e-05,-1593.27231356084,0.0625637338149964,0.0509163440929485,1,0.4547884492704
"linear",800,"sir_collapsed",174,17.575,2976.88584219094,3221.94085437621,2636.16963067605,2854.66086898624,7130.88213193875,3163.80115816202,7095.58886812767,3035.62277009702,169.38184023846,183.325226422544,149.995427065493,162.4273609665,405.74009285569,403.731941287492,0.00205944012434513,0.00193851302547455,5.20501070155436e-07,0.000918785463327854,0.00355781934255221,1.45692174389002e-05,1.20027230453051e-05,6.81774560966812e-10,5.14450772163253e-06,2.6562570603845e-05,-1595.68722634237,0.0921883887263889,0.0692396312411248,0.98,0.454780908267182
"linear",800,"sir_collapsed",175,17.977,3224.13010509719,3250.31305424967,2929.30161621275,1622.84229863451,7071.46659744545,3381.8173182204,7125.71187465438,3026.34576778996,179.347505429003,180.803974759397,162.94718897551,90.2732546383996,393.36188448826,396.379366671546,0.00212035633065828,0.00199090701889691,5.93929140121101e-07,0.000852952624949571,0.00359571746809035,2.05198894411141e-05,1.22823709584579e-05,1.28881107658565e-08,4.35817544359973e-06,3.22691418904718e-05,-1599.36584910179,0.0897631233580229,0.0726059572552206,1,0.456644122403466
"linear",800,"sir_collapsed",176,17.765,3611.16410578921,3806.88497725637,2622.66433337175,2139.2831766084,7395.35901622144,3682.74469918143,7296.55886203727,3619.44722299228,203.274084198661,214.291301843871,147.630978517971,120.421231444323,416.288151771542,410.726645766241,0.00234687216768414,0.00218299484607177,7.99482155952405e-07,0.000828727053004048,0.00397425567167557,1.92422543512996e-05,1.20123570445933e-05,1.16076727672314e-08,4.49755668453369e-06,2.79237274569426e-05,-1584.74708522178,0.085626718151141,0.0726625497004644,1,0.472071476549442
"linear",800,"sir_collapsed",177,17.649,2968.26641310972,3227.55536425043,2318.97109324774,1726.23036093476,6951.46189986265,3105.58997701719,6855.40142731739,3013.42703436024,168.183263250593,182.874687758538,131.393908620757,97.8089614672084,393.872848312236,388.430020245758,0.00192754588032708,0.00180691447169896,4.44362447907194e-07,0.000831707181247608,0.00326940771598285,1.677006555335e-05,1.16022419555502e-05,4.32354967427322e-09,4.92874819549238e-06,2.78045015688239e-05,-1560.11761980027,0.0903370763607801,0.0718861767877939,0.9925,0.453103172846928
"linear",800,"sir_collapsed",178,17.812,2857.39944807395,2965.00199614973,2750.60546594294,1729.84280663726,6668.33569732695,3061.56129813132,6692.45926835434,2711.67899095179,160.419910626204,166.460925002792,154.424290699693,97.1167082100417,374.373214536658,375.727558295213,0.00177795700620744,0.00166663393231491,3.69731162589649e-07,0.000817765322427665,0.00297907350530687,1.69179099742106e-05,1.15239819594858e-05,3.25172380033082e-09,4.10870174468787e-06,2.73348970842795e-05,-1563.02499999365,0.0808962785411424,0.0659891956812479,1,0.448494450451363
"linear",800,"sir_collapsed",179,17.907,2954.47309972665,3129.24089684642,2664.41013434846,2658.93299562043,7286.50706428633,3144.44566021796,7181.45524834098,2805.11356520073,164.989841945979,174.749589369879,148.791541539535,148.485675748056,406.908307605201,401.041785242697,0.00225104626347743,0.00210773077514635,6.61743547501238e-07,0.000932380241249909,0.00379834759256625,1.50820635212992e-05,1.25277311987795e-05,1.16052886067197e-09,5.08408797475366e-06,2.60290047651836e-05,-1610.19816566906,0.1163584257309,0.0887740593513946,0.95625,0.465127889636528
"linear",800,"sir_collapsed",17,17.693,2804.81593275957,2933.03705087997,2312.04777979287,1675.91959024677,6962.64218119938,2968.19358483742,7003.12332036504,2779.34414667359,158.526871234928,165.773868246197,130.675848063803,94.7221833632948,393.525246210331,395.813221068504,0.00192717217913313,0.00181998869662799,4.5693690853855e-07,0.000898618717063244,0.00327188533001075,1.63247037765484e-05,1.18499481117111e-05,4.58173048325486e-09,4.19546165998768e-06,2.6033010312976e-05,-1579.87046266634,0.0810977800204953,0.0655629367219917,1,0.45125291563705
"linear",800,"sir_collapsed",180,17.856,2486.14137119411,3075.12160604424,2602.15582958907,1874.99125199368,7057.80137010393,2716.64983428789,7065.88468592322,2818.83587588848,139.232827687842,172.217831879718,145.730053180392,105.006230510399,395.262173504924,395.714868163263,0.00206458074640273,0.00193379823514933,5.20259823553851e-07,0.000889233299551431,0.00350141526125687,1.73621763338443e-05,1.22950067200349e-05,2.52482418884568e-09,4.54716358889687e-06,3.02438840431674e-05,-1576.74936447343,0.0864427177159007,0.069985010465655,0.98625,0.456513091708312
"linear",800,"sir_collapsed",181,18.031,3718.41190933566,3578.00341302402,2318.60124445138,1817.1538039092,7269.37956954115,3765.9150493105,7103.22827349274,3400.52313879525,206.223277096981,198.436216129112,128.589720173666,100.779424541578,403.160089265218,393.945331567453,0.00268441453719699,0.00248669675944524,1.11750350447013e-06,0.00101073153507061,0.00482868153652638,2.28975801169785e-05,1.38036178927411e-05,1.22266711208999e-08,4.91499090226992e-06,4.09114991044342e-05,-1590.79841157239,0.115281374198131,0.0955509720156064,0.98875,0.487720747167488
"linear",800,"sir_collapsed",182,17.99,2869.50806927819,3083.61432451857,2635.665595556,1665.0133662516,6865.69973765891,3000.93969291724,6836.37200349034,2870.47095861017,159.505729253929,171.407133102755,146.507259341634,92.5521604364424,381.639785306221,380.009561061164,0.00197626307083044,0.00187941526256483,4.52124086931494e-07,0.000922183520315583,0.00335178551578493,1.75879717872317e-05,1.22470422570245e-05,5.34217475683286e-09,4.8407947371703e-06,2.828637090234e-05,-1577.79492744447,0.100819796836551,0.0808127585473163,0.9825,0.458482274791023
"linear",800,"sir_collapsed",183,17.883,2664.52513940618,2761.22700771091,3031.80320440147,2277.12271441098,6966.90003425955,2852.27570533326,6888.34776163582,2419.95716612428,148.99765919623,154.405133798072,169.535492053988,127.334491663087,389.582286767296,385.189719937137,0.00179148118443189,0.00168140623318344,3.65987300438275e-07,0.000825618709118167,0.00298981867854395,2.13807983751117e-05,1.1397797347555e-05,1.70709566251692e-07,4.42183077104856e-06,2.7463582101597e-05,-1593.96428590112,0.0807930383336172,0.0672864528758743,1,0.441056515949863
"linear",800,"sir_collapsed",184,17.971,2814.81520491055,3084.29490159496,2201.89374904775,1823.91405278976,7222.15726686249,3126.63318730335,7025.76408350233,2860.04030985261,156.630972395,171.626225674418,122.524831620263,101.492073495618,401.878430074147,390.950090896574,0.00226158265329323,0.00213033558148585,6.51459279512132e-07,0.000967250525033134,0.0039190472753232,1.81507329239668e-05,1.2744817001012e-05,2.31420253489304e-09,4.44138997043077e-06,3.37395328206275e-05,-1609.8130454844,0.0987143664828705,0.0794151073412461,0.98625,0.46358125764022
"linear",800,"sir_collapsed",185,17.541,2829.43230759171,3139.74433440382,2392.27980371998,1415.75460299221,6903.60257548284,3028.63005529162,6816.20446422545,2784.89923194535,161.303934073982,178.994603181337,136.382179107233,80.7111682909876,393.569498630799,388.586994140896,0.00185742874597015,0.00175002754322472,4.11274171845466e-07,0.000831336965838996,0.00314140785159702,1.85651350200769e-05,1.15661674321197e-05,1.22508928099706e-08,3.7738905068092e-06,2.87838828440438e-05,-1601.12084817323,0.0864754688747051,0.0741039590783318,1,0.448170167646863
"linear",800,"sir_collapsed",186,17.554,2857.13531475965,3050.19566841832,2046.70909046188,1423.38358214074,7086.87550803035,3032.80935362396,6956.13815644302,2817.42185136288,162.762636137613,173.760719404028,116.595026231165,81.0859964760589,403.718554633152,396.270830377294,0.00213424503501938,0.00197576593092466,5.9968024707738e-07,0.000907040597794686,0.00369803437879285,2.32053571337573e-05,1.25080581999745e-05,2.43814111221479e-08,4.50837646356182e-06,3.27548898667529e-05,-1580.88942403893,0.0927040928296762,0.0741565028403936,1,0.462803696538587
"linear",800,"sir_collapsed",187,17.637,2634.53200786344,2744.49034383682,2378.26489351078,1413.54217655901,6923.51159714496,2786.18365146622,6903.83189919933,2478.49895582157,149.375291028148,155.609817079822,134.845205732878,80.1464067902144,392.556080804273,391.440261903914,0.00193238325148966,0.00183334452259437,4.4470051482987e-07,0.000843641325783064,0.00325891879431362,1.90724916913823e-05,1.14307736347375e-05,1.99505314300894e-08,4.74111090893739e-06,2.8174568364327e-05,-1631.0458428789,0.0899830046911881,0.0769035156017765,1,0.4507067083495
"linear",800,"sir_collapsed",188,17.584,2807.5850925484,3040.67600812038,2462.35568887146,1617.13119549194,6976.0916133275,2968.80053949663,6896.40373408394,2782.88941406187,159.667032105801,172.922884902205,140.033876755656,91.9660597982225,396.729504852565,392.197664586212,0.00205523306239704,0.00190913772182638,5.59750727912014e-07,0.000779483577177013,0.0034880399123957,2.35240138070361e-05,1.23813890756304e-05,5.62321751518082e-08,3.7157144065896e-06,3.27733970509522e-05,-1574.32610231958,0.109353808244164,0.0848196351398788,0.97625,0.461031828289941
"linear",800,"sir_collapsed",189,17.672,2920.78481464451,3330.3604014612,2401.41959578833,1460.79887445354,6882.81415037285,3060.22278957334,6868.25686747337,3084.13677793866,165.277547229771,188.454074324423,135.888388172721,82.6617742447682,389.475676232054,388.651927765582,0.00183923466045573,0.00174035938504609,3.98279962434234e-07,0.000853606207148297,0.00313332172726917,1.87053223813353e-05,1.16178147488016e-05,1.28230842572797e-08,4.76966860442919e-06,2.9473291206614e-05,-1613.49732961557,0.0877130413014427,0.0704947208116127,1,0.446387182251417
"linear",800,"sir_collapsed",18,17.868,3000.15029823763,3296.46545677604,2574.94536710308,2261.15745947425,7070.08934845057,3131.20744527752,7144.26051183766,3132.49457859808,167.906329652878,184.489895722858,144.109322089942,126.547876621572,395.684427381384,399.835488685788,0.00194225766499315,0.00182282359455036,4.60014327554865e-07,0.000884066487951257,0.00332603118910735,1.40122235765861e-05,1.14160371340096e-05,3.05296416335299e-10,5.03623422960539e-06,2.60162275694733e-05,-1601.6856866745,0.0835533368268445,0.0638582557075156,0.9975,0.44683376395609
"linear",800,"sir_collapsed",190,17.743,3198.51560846726,3241.91043050959,2443.3546141796,1826.27178187819,7023.13621607179,3235.07866339018,7019.97749694847,3081.49401732713,180.269154509793,182.714897734858,137.708088495722,102.929142866381,395.825746270179,395.64772005571,0.00199376940570455,0.00186796486281809,5.04453550413163e-07,0.000882267323280961,0.00340098774103338,1.61938421171226e-05,1.17686401331049e-05,4.58379736108499e-09,4.72825796845285e-06,2.73899811509186e-05,-1582.88765570128,0.0938173702066688,0.0759830308003103,1,0.450857651679862
"linear",800,"sir_collapsed",191,17.813,3150.70878888091,3310.05311193756,2758.06120845215,1875.13596369806,7167.06094084836,3328.63002344783,7145.61555880284,3188.44327746856,176.876931953119,185.822327060998,154.834177760745,105.267836057826,402.350021941748,401.146104463192,0.00230792169059621,0.00214768737893296,7.29072645600202e-07,0.00101997134838103,0.00409303139692132,2.17254546519054e-05,1.22488437765191e-05,2.3408298734941e-08,4.01789426637576e-06,3.55794240961682e-05,-1607.07254467845,0.0758206073134463,0.0629647353992942,1,0.468621340194171
"linear",800,"sir_collapsed",192,17.769,2889.04344283888,2983.81301095544,2080.01965868518,2217.90911398335,7152.35130142146,3026.0436848787,7151.95098238366,2576.48371994662,162.588971964595,167.922393548058,117.058903634711,124.819017051233,402.518504216414,402.49597514681,0.00204792335149458,0.0019300303532021,4.98883327044231e-07,0.000951488856414053,0.00349729234457672,1.44510256664796e-05,1.19826767847501e-05,1.44480766712703e-09,5.34688247826516e-06,2.53555289034091e-05,-1594.64833808795,0.0927436871131252,0.0737699486216577,0.98125,0.450731369021885
"linear",800,"sir_collapsed",193,17.664,2997.02181165158,3230.70948523151,2534.10068590351,1630.47090437449,6804.60189647863,3196.97834434236,6793.99843260075,2949.69687690108,169.668354373391,182.897955459211,143.461316004501,92.3047386987367,385.224292146661,384.624005468792,0.00180190234697662,0.00169845417418082,3.76378559708765e-07,0.000814416141641828,0.00305182653814043,1.7018449353328e-05,1.17481748086452e-05,7.19649576034225e-09,4.7095295161722e-06,2.81997707541691e-05,-1573.04076667883,0.0935975323559939,0.0757891921072653,0.97,0.446491214626463
"linear",800,"sir_collapsed",194,17.749,2406.27638389431,2434.65919567853,2332.96568253464,1807.89101700072,7099.93745698443,2661.48756501394,7153.07846215747,2290.96069823432,135.572504585853,137.171626327034,131.442091528235,101.858753563622,400.019012732235,403.013040856244,0.00223862307156038,0.00208868963037431,6.85739695048695e-07,0.000883449392741809,0.00389506940335035,2.02973115333936e-05,1.22044446833078e-05,2.19936349536044e-08,4.53086451097527e-06,3.04858872135255e-05,-1585.5375174118,0.0757244069027189,0.0591753013097009,0.9925,0.466485385969327
"linear",800,"sir_collapsed",195,17.712,3142.7887734831,3152.32810489873,2452.79183446774,2101.77978647772,7442.78668311228,3303.4780648542,7369.4337514318,3127.77789900937,177.438390553472,177.976970692114,138.481923806896,118.664170419926,420.211533599383,416.070107917333,0.00260131310087324,0.00241809432836377,1.00132591776316e-06,0.00100421105152316,0.00451545992030828,1.82334292508948e-05,1.27995933134166e-05,4.6824338028494e-09,4.60413225543838e-06,3.03894099464745e-05,-1600.53505102998,0.115420749885337,0.094872265380344,0.98625,0.47549295122569
"linear",800,"sir_collapsed",196,17.742,2043.26439383705,2100.33174109305,2840.71155175285,1816.32555427117,6873.24208618845,2179.43343074387,6861.62873832997,2001.62028081118,115.165392505752,118.381904018321,160.112250690613,102.374340788591,387.399508859681,386.744940724268,0.00195032790920971,0.00184360938004182,4.42763981113886e-07,0.000895762515234714,0.0033286256999995,1.70413434924001e-05,1.19676021145286e-05,3.4260404227823e-09,4.97935804392777e-06,2.99444237896803e-05,-1582.79713204826,0.0852630732752591,0.0659541512559556,1,0.454073705794124
"linear",800,"sir_collapsed",197,17.778,2952.90970465297,3316.33403329621,2160.69039725446,1767.63975821824,7206.88858213943,3128.28118686843,7148.05089521193,3099.63492500798,166.099094648046,186.541457604692,121.537315629118,99.4284935436065,405.382415465149,402.072836945209,0.00245774887959866,0.00230198135861419,9.29535087438843e-07,0.000978761869331918,0.00448055928866674,2.22519583634864e-05,1.25324760667062e-05,3.04539548945766e-08,5.00799947454476e-06,3.29052541841225e-05,-1614.48642502027,0.10521999571618,0.0876319457562329,0.98875,0.474741984838927
"linear",800,"sir_collapsed",198,17.935,2570.50131532722,2636.07560814324,2671.11485053931,1936.67979348102,6768.65259841383,2679.93436493936,6718.6527942509,2376.31560425473,143.323184573583,146.979403855213,148.933083386636,107.983261415167,377.399085498401,374.611251421851,0.00171016702771207,0.00161372591041553,3.07794780592189e-07,0.000827187817688209,0.00283518109401553,1.48417164716673e-05,1.13101497149885e-05,1.35923111109764e-09,4.81007753253292e-06,2.56380477884102e-05,-1562.13908923002,0.0898651382318554,0.0743500340615158,0.99875,0.439034372229681
"linear",800,"sir_collapsed",199,17.959,3559.45979767477,3676.62673274958,2345.95350975655,1985.14758076928,7467.38910532068,3770.20353050263,7390.63201296525,3581.07812718464,198.199220317098,204.72335501696,130.628292764438,110.53775715626,415.802054976373,411.528036804123,0.00266190311861955,0.0024845681600706,1.03661974322793e-06,0.0010422097728787,0.00464074973105795,2.04572349612985e-05,1.32186465533954e-05,1.79894716155629e-08,4.7374770054049e-06,3.37698330004873e-05,-1600.09944120717,0.101863882710096,0.0804903780925659,0.99375,0.481023801438687
"linear",800,"sir_collapsed",19,17.904,3239.62087959479,3611.80695854512,2254.48301098051,1737.91478408092,7281.31942198004,3463.31649146816,7250.39187898539,3307.06009746381,180.943972274061,201.731845316417,125.920632874247,97.0685201117581,406.686741620869,404.959331936181,0.00232109309855652,0.00215565431072498,7.92399076941287e-07,0.000896904695169051,0.00410332552084174,1.93059540784327e-05,1.23107794546333e-05,8.76090266073156e-09,4.58500819737825e-06,3.13003953722523e-05,-1595.56546913479,0.0816143266138631,0.0645597231775229,1,0.467587296765023
"linear",800,"sir_collapsed",1,17.435,2869.73423134384,3206.2362267183,2620.35604077809,2383.61805094938,6944.899369353,3096.23135777459,6963.22793535506,2853.72551177775,164.59617042408,183.896542972085,150.292861530146,136.714542641203,398.330907333123,399.38215860941,0.0018629839892062,0.0017501581345848,4.00884159048388e-07,0.000783404078772056,0.00309062501159997,1.48878377009131e-05,1.16061971137042e-05,1.40266237310736e-09,5.18550071590633e-06,2.59272550811113e-05,-1600.54018581217,0.0880488399281704,0.069375484832473,1,0.443263597085176
"linear",800,"sir_collapsed",200,18.068,2905.74679656528,3089.78108663228,2092.32036080507,1992.67067890169,7208.30175216048,3138.54748673601,7131.23501613012,2864.90481825072,160.822824693673,171.008472804532,115.802543768268,110.287285748378,398.954048713775,394.688677005209,0.00230300517803591,0.00214692210888136,7.15991634763081e-07,0.000969353425540387,0.00400137117361335,1.83913912984419e-05,1.28525195398699e-05,4.58688050011797e-09,4.85455947689344e-06,3.20512669072998e-05,-1605.2620139149,0.0961808803872157,0.0751154401413324,0.985,0.469240817650266
"linear",800,"sir_collapsed",20,17.686,3066.23765571463,3103.79735885514,2277.11147819245,1671.14229990208,7364.69201361039,3301.99024926969,7267.73347876833,3170.56561629332,173.370895381354,175.494592268186,128.752203900964,94.4895567059868,416.413661292005,410.931441748746,0.00242964595591372,0.0022418637540855,8.91498119434109e-07,0.000969118432720262,0.00434602697171269,2.24302771235817e-05,1.22229692187982e-05,1.24560892511131e-08,3.99209277891e-06,3.80282268080433e-05,-1622.14798350804,0.0864484349492003,0.0623514495492862,0.995,0.473806379808358
"linear",800,"sir_collapsed",21,17.696,2938.39856022816,3073.74709926535,2709.08774004499,1622.23805573224,6936.19826873684,3084.85569221867,6890.0069895914,2925.35147625431,166.0487432317,173.697281830095,153.090401223157,91.6725845237477,391.964187880699,389.353921202046,0.00193421426556605,0.00181674774988641,4.46815720600912e-07,0.000903100735769854,0.00335862966252555,1.8878238469502e-05,1.21481994035646e-05,9.44598520664569e-09,4.45875514480185e-06,2.96194218094811e-05,-1576.93519219311,0.078509952899693,0.0628292396017501,0.9975,0.452151238644102
"linear",800,"sir_collapsed",22,18.038,2620.54306487999,2945.41405900868,2205.01710136592,1818.99644997321,7172.42719263779,3183.44067601923,7073.43535600879,2724.44103528686,145.279025661381,163.289392338878,122.242881769926,100.842468675752,397.628738919935,392.140778135535,0.00213792011014465,0.00200494874009017,6.10227910996075e-07,0.000875018799144628,0.0036485009707609,1.87218612334781e-05,1.20935235746647e-05,3.37193850614161e-08,4.86274857156375e-06,2.94560351319068e-05,-1649.88051456622,0.0921685678628708,0.0732982143184094,0.9725,0.455872117015845
"linear",800,"sir_collapsed",23,17.511,2976.51838077829,2973.55253075961,2565.1073679787,1638.21041468113,6922.33538456963,2878.50945463642,6962.69834014493,2478.67254317608,169.9799200947,169.810549412347,146.485487292485,93.5532188156664,395.313539179352,397.618544922901,0.00187844064360005,0.0017541149475974,4.31042679580923e-07,0.000787008288039793,0.00317367554545784,1.73211313060483e-05,1.1610367829572e-05,7.4055181573045e-09,4.13857465439065e-06,2.63423383011205e-05,-1603.21852364688,0.0840460280044596,0.0693383418720456,1,0.445865096821133
"linear",800,"sir_collapsed",24,17.772,2758.03854720485,2920.82727320858,2411.48870107579,1626.43122787808,6920.66193455126,2993.88499265994,6905.56464800723,2749.30569885877,155.190105064419,164.349947851034,135.690338795622,91.5164994304567,389.413793301331,388.564294846232,0.00190944528268426,0.00178503426791666,4.48867918781126e-07,0.000814457128976229,0.00323989824789129,1.87640132761377e-05,1.17113194483693e-05,3.57745035847956e-08,4.55205307858091e-06,2.79780791980639e-05,-1564.36234698455,0.0686564097653102,0.056599555078961,1,0.450541883386593
"linear",800,"sir_collapsed",25,18.417,2652.46310410936,3071.98747862192,2660.43789647275,1845.88225387193,7032.37763445198,2860.52990845796,7058.97108031863,2801.51195361256,144.022539181699,166.801730934567,144.45555174419,100.227086597813,381.841648175706,383.285610051508,0.00219055844345229,0.00203720595318695,6.38430263013983e-07,0.000944463147708003,0.00384430545045961,1.73629441026186e-05,1.24032186734469e-05,2.43497306125434e-09,4.61688268885136e-06,3.11188223694463e-05,-1565.32425841509,0.121951040887223,0.0966816818045234,0.98375,0.469940407369279
"linear",800,"sir_collapsed",26,17.651,2436.13094393619,2797.95957394728,2524.76275980888,1798.27553468546,6946.70748276883,2651.67894354354,6905.18450492598,2378.64403387015,138.016596449844,158.515640697257,143.037944581547,101.879527204434,393.558862544266,391.206419178856,0.00192926309739576,0.00180775685917693,4.56660655356959e-07,0.000903842082709797,0.00332103990979412,1.53754560361108e-05,1.20664516168921e-05,1.46450055976991e-09,5.04326543823629e-06,2.61254060992817e-05,-1598.71027090061,0.0886906461054206,0.0678432700736783,0.99125,0.452624981723926
"linear",800,"sir_collapsed",27,17.943,2937.96065905889,3257.98165249785,2365.42247125729,1498.28485800752,6962.01791356319,3076.09457340714,6891.87403667599,2899.25155238781,163.738541997375,181.573964916561,131.829820612902,83.5024721622647,388.007463276107,384.098201899124,0.00199038686426678,0.00187245467847397,5.01623234639278e-07,0.000825096970789301,0.003319727107956,1.8982094765067e-05,1.20645132246694e-05,1.62826832743311e-08,4.34803826674017e-06,2.84095567880347e-05,-1587.98255562205,0.0910542112162235,0.0685191812089619,0.99,0.455086508418517
"linear",800,"sir_collapsed",28,17.677,2601.83347418301,2932.7382026412,2816.59884195731,1716.20836537949,7057.84037947274,2737.88120586451,7000.18028340503,2760.63080018814,147.187502075183,165.907009257295,159.3369260597,97.0870829540926,399.266865388513,396.004994252703,0.0018806483350163,0.00178422115950535,4.10736235902686e-07,0.000854122195626244,0.00317661591760238,1.63160616651449e-05,1.15358405655105e-05,3.57499639242464e-09,4.88175980607986e-06,2.59673297362305e-05,-1585.61711630057,0.0736447890766927,0.0584911776410692,1,0.447708191223563
"linear",800,"sir_collapsed",29,17.926,2940.90650555666,2855.84900796282,1655.50738553107,1430.20096094361,7264.0047779067,3148.23817226542,7266.96258334515,2774.38385912381,164.0581560614,159.313232620932,92.3523031089516,79.7836082195478,405.221732562016,405.386733423248,0.00240727151792076,0.00222472389584317,8.92555901602154e-07,0.000997273733986078,0.0041841711584866,1.98068622149249e-05,1.28751177289129e-05,1.49949285328086e-08,5.21851983553421e-06,3.26587838830586e-05,-1591.00753486185,0.108705168281363,0.0749826198083136,0.9625,0.473496369507196
"linear",800,"sir_collapsed",2,17.63,2707.99922090956,2791.16603499324,2844.11335852894,2434.32716912743,7075.28647174265,2894.59796069445,7001.09375049515,2623.54525022705,153.601770896742,158.319117129509,161.322368606293,138.078682310121,401.320843547513,397.112521298647,0.00194018347467418,0.00181545864122227,4.70811136802143e-07,0.000826834042489406,0.00328768086524777,1.58534822768682e-05,1.18580078380563e-05,4.84172004151653e-09,4.76042115675675e-06,2.65843549319224e-05,-1580.97778313777,0.0997412292789669,0.0835081959479914,0.9875,0.453743091301078
"linear",800,"sir_collapsed",30,17.568,3342.41896886148,3465.25427561949,2594.79373098788,2691.36885318413,6907.48757479244,3521.98335769685,6899.61424883163,3284.10550227049,190.256088846851,197.248080351747,147.70000745605,153.197225249552,393.1857681462,392.737605238594,0.00188960053082691,0.00177498106595136,4.30898099333047e-07,0.000842214854894024,0.00321488872547226,1.51248060548841e-05,1.22620051287187e-05,1.63914386621227e-09,5.13233338867933e-06,2.63001572817784e-05,-1574.143898639,0.113956479964272,0.0874454973495598,0.9425,0.449332890358358
"linear",800,"sir_collapsed",31,17.764,4151.33696664693,4084.47671721402,2283.5795887515,1615.58216987407,7571.68579034694,4130.67498282111,7469.90212299496,3845.82330592424,233.693817082129,229.930011101893,128.5509788759,90.9469809656646,426.237659893433,420.507888031691,0.00289425091929148,0.00270289656014315,1.23764156157087e-06,0.0010422863257832,0.005089146269448,2.29542846974771e-05,1.32429976902264e-05,7.81366532014483e-08,4.35596605695965e-06,3.55307672344891e-05,-1582.31904522444,0.0900217799974993,0.0728506232375339,0.99125,0.488415134072754
"linear",800,"sir_collapsed",32,17.896,2729.31102353174,2970.58811823179,2854.05990196261,1598.36784705561,6783.12569420698,2874.62747034533,6735.8918631526,2796.52406958468,152.509556522784,165.991736602134,159.480325322005,89.3142516235812,379.030269010225,376.390917699631,0.00184701675624792,0.0017465622503742,4.05668994505384e-07,0.00082558651845971,0.00308059684092346,1.68851309150405e-05,1.18359890365357e-05,2.15673519094841e-09,3.97565960315537e-06,2.99170731517366e-05,-1632.23750617852,0.0883854754033689,0.0736766598130091,0.9875,0.451374701250411
"linear",800,"sir_collapsed",33,17.956,2633.80075871133,2907.65651517739,2546.94643362028,1351.62762144109,6940.86169509502,2787.46087023807,6890.0840882108,2600.74689863858,146.680817482253,161.932307595087,141.843753264662,75.2744275696752,386.54832340694,383.720432624794,0.00192216055405872,0.00179637052656903,4.75382252916308e-07,0.000810672134175222,0.00326148540607438,2.47896193233394e-05,1.18239799875301e-05,4.43073982276406e-08,5.04081583180862e-06,3.50337401766624e-05,-1608.51465270163,0.0988632798349215,0.0791587903996774,0.98875,0.451786325979065
"linear",800,"sir_collapsed",34,17.734,3301.07086098648,3087.44397470425,2632.11288068488,1912.96714275926,7174.29768957049,3144.53959246164,7081.20562073245,2800.3206967594,186.143614581396,174.097438519468,148.421838315376,107.870031733352,404.550450522752,399.301095112916,0.00213174372247694,0.0019796224044685,6.12756527966429e-07,0.000857837864030329,0.00364390742263939,1.93483835529781e-05,1.20208039988405e-05,1.47011214208467e-08,4.66969670484057e-06,3.42948259790495e-05,-1615.10965390095,0.0920556265770481,0.0695231870656006,0.975,0.459807730435063
"linear",800,"sir_collapsed",35,17.689,2598.67747430799,2641.72394209085,2676.71469937744,2157.10392622766,6845.7475419276,2790.05579623655,6799.72467680268,2553.69734862963,146.909235926734,149.342752110964,151.320860386537,121.946064007443,387.005909996472,384.404131200332,0.00190320264569867,0.00178583910797655,4.4604000643679e-07,0.00084711587990539,0.00326131349597512,1.69117977877231e-05,1.22222081945161e-05,2.49779193467786e-09,5.05405067478702e-06,3.15464647712844e-05,-1559.28727722403,0.0935379961645546,0.0727239615660012,0.99,0.45139521203875
"linear",800,"sir_collapsed",36,17.697,3146.19919720986,3409.49467772845,2346.20063351513,1556.0178840819,7119.52790337385,3324.90641542175,7095.59809598455,2995.65575935468,177.781499531551,192.659472098573,132.576178646953,87.9255175499746,402.301401558109,400.949205853227,0.0022552102384686,0.00209903430499903,7.1473255108848e-07,0.000880515430530929,0.00392668564450949,2.47516695678083e-05,1.27207109123825e-05,3.64015203666588e-08,4.08481629924638e-06,3.56471132122589e-05,-1586.71452171168,0.101850640095673,0.0807926164353725,0.99875,0.46917433308143
"linear",800,"sir_collapsed",37,17.655,2190.53587316536,2269.85773150738,2032.48552949929,1474.24846519889,7073.57653887391,2515.15736859848,7010.2964437088,1980.09731846806,124.074532606364,128.567416114833,115.122374936239,83.5031699347998,400.655708800561,397.071449657819,0.00210163063583878,0.00195556666224551,5.90339396671468e-07,0.000945580453029651,0.00366331910772776,2.34857658195553e-05,1.20737846930234e-05,6.96910992376336e-08,4.37413603915493e-06,3.1696556537629e-05,-1595.49373675099,0.0768085338889671,0.0612246266312089,0.9925,0.458684809309108
"linear",800,"sir_collapsed",38,17.71,3101.92569163286,3433.27208224656,2533.83827425894,2133.20159190924,7122.17727630065,3290.07880744529,7108.47135264897,3251.73161502689,175.151083660805,193.860648348196,143.07387206431,120.451812078444,402.155690361414,401.381781628965,0.00229922065295237,0.00215019932241386,7.2089270386868e-07,0.000995804251062947,0.00404955106434594,1.75192392097041e-05,1.2597058837911e-05,3.28721134983212e-09,4.93170450101226e-06,2.91080414657409e-05,-1576.07343955634,0.0860998690773473,0.0690889747319197,0.98125,0.46784169484644
"linear",800,"sir_collapsed",39,17.7,2570.3264140592,2596.89969424562,2929.45874737538,1970.67933435972,6976.32824373175,2757.30897094852,6946.18608461933,2418.33938115516,145.216181585265,146.717496850035,165.506143919513,111.337815500549,394.142838628913,392.439891786403,0.00186418948086924,0.00176429194317344,3.85101348826184e-07,0.000800070509389937,0.00305268370056155,1.59923678220509e-05,1.17900056767098e-05,4.51250957142706e-09,4.81448763972631e-06,2.57705961320628e-05,-1583.33334260385,0.0726141359577308,0.0547902118843674,0.99375,0.447504090954781
"linear",800,"sir_collapsed",3,17.523,3009.0381237015,3133.71180738762,2412.50297741129,1851.40231952234,6989.08445959387,3109.30153890746,6981.29911031689,2991.10011827796,171.719347354991,178.83420689309,137.676366912703,105.655556669654,398.852049283448,398.407756110078,0.00197874189747414,0.00184913199811325,5.11983713308833e-07,0.000805033285869683,0.00338344545673451,1.7686489995273e-05,1.19079622637572e-05,7.92291265423547e-09,4.68827762569519e-06,2.92537615191325e-05,-1577.15646325997,0.0938973620758949,0.0684879996302591,0.96125,0.455891441836499
"linear",800,"sir_collapsed",40,17.733,3227.10494092933,3119.13830617307,2733.28836969689,1879.55604874151,7041.47382625108,3166.16583772119,6948.87158387196,2965.02928837284,181.983022665614,175.894564155702,154.135700090052,105.991995079316,397.0830556731,391.861026553429,0.0020630498968672,0.00193672267660928,5.38153550971058e-07,0.000911148743736934,0.00349277324669218,2.45259771411661e-05,1.22214499187554e-05,4.73357654815995e-08,4.2857412893935e-06,2.95798574921478e-05,-1581.83376190667,0.0847845262285806,0.0617577769584313,0.98375,0.456309547802476
"linear",800,"sir_collapsed",41,17.726,2711.46288901376,3087.43670152831,2344.0155214067,1876.86472658927,7049.60143840715,2835.03114307327,7025.14124587607,2847.36851092857,152.965298940187,174.175600898585,132.23601045959,105.88202226048,397.698377434681,396.31847263207,0.00216319604802166,0.00202519473351345,6.52181309493761e-07,0.000906621381979171,0.00380237264364769,1.96586683961381e-05,1.23773347816487e-05,1.21424263473281e-08,4.42936453432803e-06,2.98503542428933e-05,-1602.13727199195,0.123788393150955,0.100553759565063,0.96,0.467747588002045
"linear",800,"sir_collapsed",42,17.689,3239.63102903895,3510.1101706566,2745.35984986716,1738.24444807265,7106.24871830768,3443.72079547137,7109.16974306869,3352.00922831382,183.143819833735,198.434630033162,155.201529191427,98.2669708899683,401.732642789738,401.897775061829,0.00218091837063994,0.00202409220946054,6.61977605332643e-07,0.000890022142436425,0.00377487461431089,1.97056597531309e-05,1.2861831584519e-05,5.44088002903317e-09,5.13559309288882e-06,3.42317521848466e-05,-1609.67284256419,0.0957482635017957,0.0730404414694515,0.9875,0.462501253987392
"linear",800,"sir_collapsed",43,17.945,3315.42600066219,3434.00278148302,2636.9517291107,1775.82459149893,7129.43784037836,3548.09393943606,7072.69446356456,2870.12390206748,184.754862115474,191.362651517583,146.946320931218,98.9592973808263,397.293833400856,394.13176169209,0.00216244516746599,0.00202763237640262,6.34224832801041e-07,0.000885322430660267,0.0037619210110466,2.20455732277449e-05,1.28890555119908e-05,3.01622459702084e-08,3.42811773822762e-06,3.39127054471222e-05,-1581.61891643624,0.103301806353583,0.0816891998503447,0.9675,0.461870652186834
"linear",800,"sir_collapsed",44,17.77,2737.82199432437,2706.71392004485,2693.98685405313,1763.5851053579,6900.28191101755,2923.81401341331,6842.63053774783,2375.50905456261,154.069892758828,152.319297695264,151.603086891003,99.2450818997128,388.310743444994,385.066434313327,0.00201832335081971,0.00189569121742136,5.08354263632801e-07,0.000906740652585795,0.00345331450985229,1.97686919875264e-05,1.2329308077422e-05,1.1812543473863e-08,4.45100024232836e-06,3.47992672624053e-05,-1589.41219050637,0.10143057366163,0.0821913923783738,1,0.461930969684392
"linear",800,"sir_collapsed",45,17.866,2836.83040453693,3224.91745391053,2329.50035967636,1588.38914811168,7075.52814824496,2942.62176957066,6981.91232786409,2858.11344421333,158.783745916094,180.505846519116,130.387348017259,88.9056950694995,396.033143862362,390.793256904964,0.00212346318692519,0.00200383788831137,5.62851994627462e-07,0.00094608891326681,0.00362723605305721,2.11922967227823e-05,1.23205051702384e-05,3.05916549275691e-08,4.18403914762187e-06,3.2801910774691e-05,-1596.47016744659,0.0897428792675269,0.0739575011795709,1,0.459840102017177
"linear",800,"sir_collapsed",46,17.89,2694.13407594443,2573.55560993584,2571.52562790498,1304.10936571325,6913.48158629673,3015.14969561515,6821.04015996002,2433.45554716273,150.594414530152,143.85442201989,143.740951811346,72.8959958475822,386.443912034474,381.276699830074,0.00192823955707829,0.00181376756031803,4.42706638955256e-07,0.000792110262098585,0.00323288209476244,2.01575978578029e-05,1.17714010629861e-05,1.03870902638855e-08,2.87089955659379e-06,3.17378474651988e-05,-1607.85167049734,0.07253346429103,0.0565443024568503,0.99875,0.451153122212687
"linear",800,"sir_collapsed",47,18.05,3007.55633263555,2988.3701259052,1563.72739507974,1339.2876049134,7151.1659077152,3254.20933905998,7119.31882726408,2777.57131166233,166.623619536596,165.560671795302,86.6330966803179,74.1987592749809,396.186476881729,394.422095693301,0.00218301788438664,0.00205013633629153,6.14341324682344e-07,0.000918913329315704,0.00370032418498413,1.96530187221283e-05,1.24254696271333e-05,1.50180527345535e-08,5.0679229392725e-06,2.97324278722165e-05,-1625.10087371483,0.0975851007027266,0.0744939996497529,0.99125,0.460693863152396
"linear",800,"sir_collapsed",48,17.97,3143.45870417537,3196.24403249994,2208.73297594442,1858.45620326077,6977.14371717185,2912.08105348021,6981.93678428155,3045.69507976968,174.928141579041,177.865555509179,122.912241287948,103.419933403493,388.266205741338,388.532931790848,0.00197784857217062,0.00186100023538307,4.61446438143896e-07,0.00089182150481079,0.00332648710278505,1.59955809514396e-05,1.161424332899e-05,2.61141140504344e-09,4.15243021895247e-06,2.51823622323464e-05,-1570.47555640722,0.0704643312128515,0.0554453929455907,1,0.452718970983237
"linear",800,"sir_collapsed",49,17.722,3095.55568170699,2915.22686608464,2876.33294395503,1872.74040708568,7166.26631965909,3282.9180138268,7000.27922444847,2697.12818094937,174.673043770849,164.497622507879,162.302953614435,105.673197555901,404.371195105467,395.005034671508,0.00209534573406634,0.0019576973271676,5.66687173696528e-07,0.000876145640487528,0.00363813254711991,1.71545088433574e-05,1.19475537545155e-05,6.98924135749896e-09,4.24716637980071e-06,3.2082760219966e-05,-1616.05557349055,0.0920823052433157,0.074447545227811,0.9825,0.460088687198711
"linear",800,"sir_collapsed",4,17.783,3227.77210005863,3515.82118708913,2546.56884597743,2016.99865291554,7297.69860554295,3448.16224593364,7273.2678024254,3204.90836168716,181.508862399968,197.706865382058,143.202431871868,113.422856262472,410.374998905863,409.001169792802,0.00218181091682146,0.00203700814807826,6.67430929916055e-07,0.000879068802494085,0.00384928893378505,1.7934142269562e-05,1.18553674130927e-05,7.1933894302834e-09,4.78997333220047e-06,2.87235826255546e-05,-1622.64413009106,0.0844895520097186,0.0655071996507784,0.98375,0.459423148224648
"linear",800,"sir_collapsed",50,18.095,3195.23936729745,3166.37797497877,2983.42210359005,2947.80622944268,6970.88222329074,3365.68798760584,7014.51797397916,3117.34270564998,176.581341105137,174.986348437622,164.875496191768,162.907224616893,385.238033892829,387.649515002993,0.00188901721957173,0.00176931785387682,4.34884543549413e-07,0.000857220145385437,0.003217443135899,1.36507401242063e-05,1.14414744257744e-05,1.09052898135601e-09,4.59344491994953e-06,2.34639021632063e-05,-1580.12798799723,0.0640132643788825,0.0522114225586825,1,0.447483746262348
"linear",800,"sir_collapsed",51,18.028,3428.06815194927,3446.55615533332,2741.76743663902,1654.72607576077,7127.7187461762,3598.48314833472,7025.6495596675,3302.90947397235,190.152437982542,191.177954034464,152.083838287055,91.7864475128007,395.369355789672,389.707652522049,0.00230913011644522,0.00216803248493468,7.12587324985731e-07,0.000934894361737539,0.00391018163571883,2.40302295160008e-05,1.31577553400859e-05,3.19106900383888e-08,3.23690528358555e-06,3.48131082605476e-05,-1572.30032666139,0.0934686407090294,0.0738995621733424,0.995,0.471565750363599
"linear",800,"sir_collapsed",52,17.79,2498.92207697064,2741.47269580726,2791.05213224354,2047.09702973787,6908.02533902717,2616.69047107041,6868.85174442481,2549.25063763774,140.467795220384,154.101894086974,156.888821374005,115.070097230909,388.309462564765,386.107461743946,0.00196333596871173,0.00186413877060335,4.44826560491615e-07,0.00087273072721669,0.00328509509139686,1.666286987129e-05,1.23462897754933e-05,2.45040395733145e-09,4.32226983903162e-06,2.8571301662896e-05,-1566.44810966799,0.120657133662122,0.0936423733774789,0.97625,0.459261647196439
"linear",800,"sir_collapsed",53,18.201,3081.11459347272,3240.89454637955,2045.90867628328,1921.5645382572,7310.41031350991,3253.93129413598,7151.51079541428,3041.5807566881,169.282709382601,178.061345331551,112.40638845576,105.574668329059,401.64882772979,392.918564662067,0.0023268616767773,0.00217798696585698,7.28020640059378e-07,0.000891247012826495,0.00402241597794029,1.87566001517378e-05,1.2664713734463e-05,4.70452895377236e-09,4.23527986805036e-06,3.105469892624e-05,-1631.2419980962,0.0908131320352967,0.0734796560926152,0.9825,0.466136095855073
"linear",800,"sir_collapsed",54,17.699,2923.77310586508,3269.27629754142,2308.30515909378,1872.72695251079,7397.25973850378,3051.8648187273,7312.25309579831,3066.81857212843,165.19425424403,184.715311460615,130.420089219379,105.809760580303,417.947891886761,413.144985355009,0.00245622809446407,0.00228687888465378,8.61017788048383e-07,0.000971959244601837,0.00431254340966808,1.87998253994122e-05,1.25337823964107e-05,8.33904712842614e-09,4.94654356187838e-06,3.08600120305038e-05,-1597.07670518807,0.08661283606539,0.0712878947989009,1,0.476764820038359
"linear",800,"sir_collapsed",55,17.594,2598.81546314993,2892.90820043532,2442.34682190001,1587.7958316092,6857.40599845929,2727.83422616615,6844.32986426909,2628.01233736974,147.710325289868,164.425838378727,138.817029777197,90.2464380816871,389.758212939598,389.014997400767,0.00186436259450025,0.00175087854503758,4.16647619984072e-07,0.000859241055343869,0.00317303620448032,1.76944678126023e-05,1.11959391197499e-05,9.84450019356428e-09,3.76487462792386e-06,2.91651426804613e-05,-1612.93143909844,0.0639612462383329,0.0511894155797946,1,0.449060171299981
"linear",800,"sir_collapsed",56,18.01,2874.84635584044,2925.21219216214,2865.59812197979,2122.2615472148,7031.11405401848,3108.703540356,6994.29719906232,2628.75420187597,159.62500587676,162.421554256643,159.111500387551,117.837953759844,390.400558246445,388.356313107292,0.00188786763636444,0.00177101813741894,4.21570846201537e-07,0.000835246169985823,0.00319057289188257,1.42670217241153e-05,1.14459703071774e-05,1.39646290180221e-09,4.53050986113363e-06,2.34930448359801e-05,-1606.81468865894,0.0960691054213649,0.0788774298087324,0.97875,0.444441377920318
"linear",800,"sir_collapsed",57,17.707,2849.08419522423,3145.06598068501,2930.67897174293,1574.28377492324,6953.10286378198,3041.79554699493,6886.05067667425,2984.5953797646,160.901575378338,177.61709949088,165.509627364485,88.9074250253142,392.675374924153,388.888613354846,0.00186725409410432,0.00174787089890123,4.07130940031341e-07,0.0007985976942476,0.0031098901178256,1.90342664958739e-05,1.13856933036869e-05,1.32634834447195e-08,3.42549695038756e-06,3.15003414504903e-05,-1602.35720666611,0.0932770283286901,0.0772088273823664,1,0.447389755433487
"linear",800,"sir_collapsed",58,18.119,2537.58540395103,2720.70328346082,2610.40545097705,2133.85344037548,6894.91452118094,2612.17052344082,6923.56405954597,2560.26327049053,140.05107367686,150.157474665314,144.07006186749,117.768830530133,380.535047253211,382.116234866492,0.00193390938197828,0.00181690833363465,4.67123289445262e-07,0.000857772592174926,0.00336741505426826,1.61917099737704e-05,1.18035477248866e-05,1.12378068906172e-08,4.73793880169664e-06,2.63276404249679e-05,-1577.4066426784,0.0915380398062389,0.0710810430571185,1,0.453400184217761
"linear",800,"sir_collapsed",59,18.642,2387.26701045737,2578.61469180302,2278.61459359765,2300.05878384829,7164.55985640649,2520.39015883,7138.37887028573,2474.21168353144,128.058524324502,138.322856549888,122.230157364964,123.380473331632,384.323562729669,382.919154076051,0.00213102568245881,0.00198224212803521,6.21383395636605e-07,0.000890030357139016,0.00374362900932641,1.64811594218221e-05,1.18217798869104e-05,1.14983392973057e-08,4.62775416291634e-06,2.75361966556167e-05,-1592.74011406813,0.0859253157904137,0.0652349896353807,0.98875,0.461812734862715
"linear",800,"sir_collapsed",5,17.915,3333.90268221488,3628.96273407187,2625.49891223501,1947.7306797949,7214.86855877368,3481.70036904804,7206.30764753005,3403.03483730447,186.095600458547,202.565600562203,146.553107018421,108.720663120005,402.727801215388,402.249938461069,0.00235042197525516,0.00219846190360455,7.8030265226737e-07,0.000913792334109947,0.00419038285248155,1.95665943253312e-05,1.260284946472e-05,1.72359263799536e-08,3.90160910317035e-06,3.3524458512285e-05,-1573.02687764411,0.087548867963761,0.0673441268152372,0.97375,0.469157666192507
"linear",800,"sir_collapsed",60,17.994,2636.12719754213,2902.83540192085,2642.1700156711,2306.91970377494,6862.46099992285,2791.93313905406,6893.59211023721,2816.05643553445,146.500344422704,161.322407575906,146.836168482333,128.204940745523,381.374958315152,383.105041138002,0.00180302271604203,0.00170744044012378,3.63197771381669e-07,0.000798650520130047,0.00296502147459031,1.5198106132093e-05,1.14801724836649e-05,2.51750681435478e-09,4.97039302468539e-06,2.60198828693747e-05,-1563.92651408747,0.07901975421152,0.0635253124729264,1,0.446842519543865
"linear",800,"sir_collapsed",61,17.592,2828.09322169222,2857.87550273493,2315.25453478478,1183.31385609533,7094.45608804706,3020.55385296707,6946.47768137452,2826.55111253508,160.760187681459,162.453132260967,131.608375101454,67.2643165129221,403.277403822593,394.865716312785,0.00215234744532192,0.00199255555726403,6.50447013707666e-07,0.000931922141184836,0.00377552037392997,2.56659513210263e-05,1.27203487411937e-05,2.30352679106448e-08,4.19753966019464e-06,3.74546081363252e-05,-1630.65515533305,0.109294006871267,0.0842977880496127,0.96375,0.46077278103035
"linear",800,"sir_collapsed",62,17.737,2913.40461270477,3191.91551225904,2552.88024822579,2174.95063730452,6993.21342781279,3163.37923970066,6971.1245814675,2720.32776777227,164.255771139695,179.958026287368,143.92965260336,122.622238107037,394.27261813231,393.027263994334,0.00204663086576087,0.00192439938887686,4.88016004292857e-07,0.000924686732895555,0.00345238454405173,1.57596207893344e-05,1.1994982792812e-05,1.37414253747127e-09,5.04151067655903e-06,2.9346851971005e-05,-1606.58175446263,0.0933813339079727,0.0767308943531313,0.9925,0.452652147585704
"linear",800,"sir_collapsed",63,17.645,3435.35576848333,3625.6452087518,2100.02498142108,2427.09312006532,7468.13436110065,3603.7284044968,7600.79551864486,3390.80343530661,194.692874382733,205.477200836033,119.01530073228,137.551324458221,423.24365888924,430.762001623398,0.00287143341005212,0.00266190169081964,1.28567928912713e-06,0.00112187288146224,0.0052156239512319,1.92369862910721e-05,1.31211763739013e-05,5.02736737549051e-09,4.48992146592506e-06,3.31803783226423e-05,-1594.526133813,0.105874213182857,0.0888082677758916,0.9975,0.490569024014727
"linear",800,"sir_collapsed",64,17.884,3423.60617565163,3567.08803285502,2259.20330099519,2161.7514214266,7200.09415787928,3631.23844583183,7205.29253634944,3410.79219215332,191.43402905679,199.456946592206,126.325391466964,120.876281672254,402.599762797991,402.890434821597,0.00221845535364539,0.00206178584001813,6.7204874392075e-07,0.00094290637096426,0.00386394961521208,1.51651837909038e-05,1.22029318061348e-05,6.65175364913324e-10,5.2155871390373e-06,2.63842157705758e-05,-1594.9245672513,0.0877332495848716,0.068059584385518,0.9875,0.463365038548053
"linear",800,"sir_collapsed",65,17.948,3022.45289891626,3141.59029676646,2447.24574501028,1916.78066786801,6884.53673716117,2969.23439253882,6906.79554213256,2888.95699686476,168.400540389807,175.038460929711,136.352002730682,106.796337634723,383.582390080297,384.822573107453,0.00182032406910624,0.00171409575646067,3.76914866317731e-07,0.000790114542549461,0.00304294404774071,1.51011928699417e-05,1.1588720274991e-05,1.60329199285827e-09,4.29934190549454e-06,2.58742542650701e-05,-1584.80032794018,0.0814883810493083,0.0646822051721287,0.99,0.445798351208615
"linear",800,"sir_collapsed",66,17.95,2619.42198205667,2585.95737931403,2028.77938885367,1505.86201147596,6932.20679715437,2945.06955121274,6824.79738100628,2457.28765141283,145.928801228784,144.064477956213,113.023921384606,83.8920340655133,386.195364743976,380.211553259403,0.00194376547317019,0.00182230836101258,4.63499441577431e-07,0.000801873675367375,0.00331225842147702,1.92365459312816e-05,1.2111824992164e-05,1.17611563052138e-08,3.91390891874375e-06,3.02517977715726e-05,-1606.14002088719,0.0886029795624997,0.0697004473279099,1,0.453178568269577
"linear",800,"sir_collapsed",67,19.076,2331.94601749571,2668.48327310725,3141.8491231421,1705.70570481381,6908.15571691268,2538.30861094477,6915.94044171942,2138.77129398898,122.245020837477,139.886940297088,164.701673471488,89.416319187136,362.138588640841,362.546678639097,0.00181132693802603,0.00169605205595416,3.91068038589396e-07,0.000758668558535472,0.00303967970857158,1.57613034700095e-05,1.15643731846227e-05,1.6852387766251e-09,5.36124594971007e-06,2.89770302787824e-05,-1589.77223283773,0.0896962406423234,0.0691366481197317,0.995,0.445331849190156
"linear",800,"sir_collapsed",68,17.585,3111.26778319087,2860.92391572012,2512.5821983237,2031.47855354475,7313.87472013187,2985.30311419056,7188.9508720528,2801.90025805252,176.927368961664,162.691152443567,142.882126717299,115.52337523712,415.915537112987,408.811536653557,0.00249815216743058,0.00232898304492578,8.96973693491503e-07,0.00100313978225113,0.00444176726380652,2.17337996426358e-05,1.31177364533643e-05,1.22287790466558e-08,4.25148859785695e-06,3.52651349767876e-05,-1580.00138884999,0.0939137527901594,0.0709483784757062,0.98625,0.478300843444668
"linear",800,"sir_collapsed",69,17.987,3157.04489802135,3402.27702631505,2199.54588257852,1854.69043962714,7048.81473776394,3378.33783280286,7030.17113867993,2951.85271728205,175.51814632909,189.152000128707,122.285310645384,103.112828132937,391.883845986765,390.84734189581,0.00210017361495543,0.0019289729020203,6.21687440811193e-07,0.000782812965317973,0.00356953858679871,1.83192118661104e-05,1.23171976381773e-05,4.28833653857857e-09,4.50973422169669e-06,3.11336534770359e-05,-1611.00592643849,0.0870942206758861,0.0693258796350015,1,0.458090945911877
"linear",800,"sir_collapsed",6,17.634,3358.56036685336,3632.69307992867,2300.59602044523,1798.96737214099,7099.38419809456,3480.25541481987,6960.34019133167,3251.99835180284,190.459360715286,206.005051600809,130.463650926915,102.016976984291,402.596359197832,394.711363918094,0.00208340379952063,0.00195950114379369,5.22119464710821e-07,0.000894385176728266,0.00355159694301382,2.00146309506261e-05,1.22245745947238e-05,9.89785500419478e-09,4.96027183181697e-06,3.19743446617381e-05,-1574.37884906479,0.0992718896221885,0.0803790051666078,0.975,0.461983790349314
"linear",800,"sir_collapsed",70,17.674,2664.48567888242,2787.14213360503,2665.34666553954,2046.71661253104,6926.2227505496,2823.00905014999,6854.96871916817,2657.38174116955,150.757365558584,157.697303021672,150.806080431115,115.803814220383,391.88767401548,387.856100439525,0.00194337235338838,0.00182367793181968,4.43259819426833e-07,0.000891216479433455,0.00330915371695539,1.67622470702952e-05,1.24033932752229e-05,4.88661297040216e-09,4.52635378465788e-06,2.90073385279884e-05,-1580.85576568962,0.0780337825485648,0.0606012007483479,1,0.453297342698745
"linear",800,"sir_collapsed",71,17.741,3368.55164854001,3266.69291510822,2427.3643961159,2016.03794776095,7185.689438173,3259.00204730321,7073.95037029052,3090.09415982534,189.873831719746,184.13240037812,136.822298411358,113.637221563663,405.032942797644,398.734590512966,0.00216874055828767,0.00204389817142946,5.59115122034282e-07,0.000866603971519133,0.0036320285088238,1.86677405551274e-05,1.28052586566979e-05,4.11811665497912e-09,4.88806538713313e-06,3.23253577885551e-05,-1558.31004057118,0.0867693666140501,0.06817855670213,0.995,0.46343309482011
"linear",800,"sir_collapsed",72,17.603,3098.03368656388,3261.23950571109,2593.94192407993,1540.5833734692,7057.24013911586,3356.86025158455,7118.41316507653,3117.50190309051,175.994642195301,185.266119735902,147.357946036467,87.5182283400101,400.911216219728,404.386363976398,0.00211282624246147,0.001963981956815,6.20980037784332e-07,0.000849308126982598,0.00364672656365379,2.39149903245486e-05,1.18691476528404e-05,4.72216629263282e-08,2.49484982056903e-06,3.34828108308698e-05,-1605.77403517102,0.102467702898762,0.0751795943176102,0.9525,0.454284518033143
"linear",800,"sir_collapsed",73,17.718,3033.18542984402,3304.54681658744,2290.25229713432,1105.67360814133,7038.95894221258,3022.72012031657,7029.21898340989,2973.66540300017,171.192314586523,186.507891217262,129.261332945836,62.4039738199191,397.27728537152,396.727564251602,0.00212026566185821,0.00198788235693319,6.08983685151486e-07,0.00084865073741343,0.00365776295782333,2.16371112441494e-05,1.25024362278079e-05,4.67672414368799e-08,4.62383389286107e-06,3.35982704022213e-05,-1614.09810883194,0.0882206969322146,0.0752467567165328,1,0.459895690670953
"linear",800,"sir_collapsed",74,18.066,3009.30909362085,3330.59853284679,2484.26576338615,1932.60348197817,7104.63420840982,3188.13862523608,7100.15533179679,3085.15340087586,166.573070608926,184.357275149274,137.510559248652,106.974619837162,393.259947327013,393.012029879154,0.00212548640769542,0.00199132681934459,5.73084955486463e-07,0.000892884852824979,0.00362058803060125,1.83244738879671e-05,1.19435996764935e-05,1.92983222108596e-08,4.69426904023675e-06,2.8410035009791e-05,-1569.60041818962,0.095688224697786,0.0799172852621695,1,0.45932007221055
"linear",800,"sir_collapsed",75,17.538,2625.92611593619,2775.16571026129,2274.71344581905,1839.61996747853,7281.59211515497,2799.83527579535,7246.57057620529,2568.03829058458,149.727797692792,158.237296742005,129.701986875302,104.893372532702,415.189423831393,413.192529148437,0.00227764345921508,0.00213160829386208,7.14846784442282e-07,0.000849955146591426,0.00386364498506231,2.0740722083961e-05,1.23454464330366e-05,3.44931133376725e-08,4.35711570978435e-06,3.1648579752189e-05,-1614.98912842481,0.0852499162061428,0.0704577497664813,1,0.463389372988093
"linear",800,"sir_collapsed",76,17.577,3422.25174356966,3320.02719063154,2787.38043768357,1851.88936599642,7231.05168454372,3564.06937909127,7203.2361533808,3229.75978976593,194.700560025582,188.884746579709,158.581125202456,105.35867133165,411.392824972619,409.810329031165,0.00214979927204498,0.0020058906558478,5.91343660495181e-07,0.000909733955320306,0.00375576424020608,1.69335108867748e-05,1.25041619241023e-05,2.40449396935104e-09,4.83382947297043e-06,2.88115193035496e-05,-1597.30202449027,0.0870923998410747,0.0715085490751498,1,0.457629875229987
"linear",800,"sir_collapsed",77,18.842,3037.47631505418,3168.3444037726,2575.49961778526,1953.07534615791,7039.14282996276,3197.03037696345,7011.41581063631,2886.22274169977,161.207744138317,168.153296028691,136.689290828217,103.655415887799,373.587879734782,372.116325795367,0.00202436101248495,0.00190175847922014,5.18531572602868e-07,0.000853140185641435,0.00340885159878996,1.61747647431234e-05,1.19090488116341e-05,3.03282788436143e-09,4.74280303052961e-06,2.64718830272357e-05,-1575.82118876731,0.0770813448214831,0.0615753377030184,1,0.457876664704105
"linear",800,"sir_collapsed",78,17.901,3325.90899423015,3377.99109085015,1948.51252359917,2225.86940000007,7213.76485175491,3559.54461530443,7066.97597582989,3162.56028753765,185.794592158547,188.704043955653,108.849367275525,124.343299257028,402.981110091889,394.781072332825,0.00219199512182085,0.00205591749318842,6.91492821024822e-07,0.00091649003085487,0.00389584707961745,1.59505300662192e-05,1.2733290370182e-05,9.47563912546393e-10,4.29983081882962e-06,2.80904394564933e-05,-1614.45411463637,0.0825076736171897,0.0631276742554766,1,0.461446011254459
"linear",800,"sir_collapsed",79,17.692,2712.49449324056,2961.29010076824,2782.64954950316,1926.42758297378,6890.38732738118,2833.86072490422,6840.96406824246,2700.70795672377,153.31757253225,167.380177524771,157.282927283697,108.886930984274,389.463448303254,386.669911159985,0.00189264913876877,0.00177615984628144,4.03208659248246e-07,0.000850744734817081,0.00317759451194237,1.71774380369853e-05,1.20431733488065e-05,5.05613151849119e-09,4.4375895297195e-06,2.9654880820357e-05,-1588.99880639512,0.101754538873751,0.0820703016199189,0.96625,0.450607550298596
"linear",800,"sir_collapsed",7,17.691,2593.07073382032,2685.90788757225,2722.68620255154,1958.60254988816,6777.04296449179,2741.0101307631,6755.26090250025,2495.22572340477,146.575701419949,151.823406679795,153.902334664606,110.711805431471,383.078569017681,381.847317986561,0.00177420962104353,0.001670890009893,3.47561770074316e-07,0.000790142502923568,0.00295792635114064,1.75125811325979e-05,1.12452094761282e-05,6.27673417096741e-09,4.06568636448764e-06,2.60628032443762e-05,-1572.7492168911,0.0880318422650362,0.0711128957172391,0.995,0.451350827056059
"linear",800,"sir_collapsed",80,17.545,3516.65770219061,3602.62236706547,2377.10185480991,1997.99648105104,7265.23479060033,3646.36021190734,7272.007717157,3288.41592936075,200.436460654922,205.336128074407,135.485999134221,113.878397324083,414.091467118856,414.477498840524,0.00239861117699696,0.00224749623434665,7.72664052268382e-07,0.000970737140558458,0.00422474411454967,1.82709329263911e-05,1.27330730667223e-05,4.61468746652979e-09,4.92991545553029e-06,3.10360023311359e-05,-1576.01139208098,0.10446257487113,0.0826265210749903,0.98125,0.47532508062231
"linear",800,"sir_collapsed",81,17.738,3270.06174581914,3212.8700919642,2681.05612098943,1623.51221547428,7057.22917067256,3460.09952893667,6946.73794603472,3065.05800823976,184.353464078202,181.129219301173,151.14759955967,91.5273545762925,397.859351148527,391.630282220922,0.00209131696974696,0.00195302326801053,5.843895164573e-07,0.000873077888982945,0.00358395332452474,2.05078931759632e-05,1.26498614683479e-05,7.29004914371628e-09,3.69858960693112e-06,3.03381010865483e-05,-1594.94737919268,0.102676058873511,0.0811584667653737,0.965,0.462754436100085
"linear",800,"sir_collapsed",82,17.817,2598.68794249219,2986.43366857001,2700.20792080293,1737.48881514231,7187.70818603911,2710.12297461183,7156.92581361916,2659.84908729778,145.854405483088,167.617088655217,151.55233321002,97.5185954505422,403.418543303537,401.690846585798,0.00228572664187894,0.00212116793816697,7.10380262937771e-07,0.000982708531194333,0.00397174974863478,1.99011725891334e-05,1.27288418773319e-05,5.49841700184657e-09,4.12977685145464e-06,3.59400165310982e-05,-1599.2019869422,0.11555321664715,0.0878607722408408,0.9625,0.467184866931012
"linear",800,"sir_collapsed",83,17.633,2625.71711224724,2786.07581505554,2698.00669469861,1764.85149168572,6771.01713619801,2754.71171180821,6700.28501392104,2492.69232353191,148.90926741038,158.003505645978,153.008943157637,100.087987959265,383.99688857245,379.985539268476,0.00174102366095416,0.00163354788469518,3.4549398750297e-07,0.00081950996049091,0.00291085637955379,1.54394684590256e-05,1.15585458235886e-05,1.34502197348479e-09,4.26214664277597e-06,2.72110365006045e-05,-1588.93403166054,0.0745333426189825,0.0577138805329733,1,0.442184876457372
"linear",800,"sir_collapsed",84,17.79,3160.58034769472,3309.63032678543,2678.14961484494,1814.52770404288,7012.1342729746,3211.23875870286,6953.51675265149,2994.01490364489,177.660502962042,186.03880420379,150.542417922706,101.997060373405,394.161566777661,390.866596551517,0.00204675756077505,0.00191669011061899,5.33247090316918e-07,0.000822595175792863,0.00348477256758672,2.06169050769874e-05,1.18651370543652e-05,2.36386959989164e-08,4.9841444507871e-06,3.18560918740143e-05,-1610.24293135324,0.11656874851914,0.0892409964297437,0.95125,0.45697971189957
"linear",800,"sir_collapsed",85,17.621,2631.68612100719,2853.62256637667,2677.00207126779,1821.11899009146,6950.07995670722,2878.16686483659,6934.19748452561,2647.21354724409,149.349419499869,161.944416683314,151.921120893695,103.349355319872,394.42029151054,393.518953778197,0.00190622740351389,0.00177053546401424,4.6069486626016e-07,0.000842166909958824,0.00325730510797656,2.01191435546704e-05,1.17299513207506e-05,1.69438100837241e-08,3.54737761637436e-06,3.00176791161494e-05,-1609.38888936753,0.0723369221357777,0.0591372447264968,1,0.446691163841046
"linear",800,"sir_collapsed",86,17.941,2760.11162013298,2762.38399018993,2611.00333078829,1740.77079031181,6819.43119764811,2847.68870920802,6846.91520897319,2703.0989223585,153.843800241513,153.970458179027,145.532764661295,97.0275230094093,380.103182523165,381.635093304341,0.00183353286633339,0.0017281091009702,3.85789042256266e-07,0.000821263713423133,0.00310423805988268,1.73407660835957e-05,1.16545758038641e-05,1.2716676459349e-08,4.01985893240128e-06,2.73497469350571e-05,-1604.25956888482,0.0804675613345993,0.0563312943211627,0.9875,0.447937089344175
"linear",800,"sir_collapsed",87,17.722,2967.60890530718,3300.07627138291,2423.09828513679,1289.4018927178,7011.86337444962,3194.25046923339,6934.01099764175,2906.68541633809,167.453385921858,186.213535232079,136.728263465568,72.7571319669227,395.658693965107,391.265714797526,0.00200164651427834,0.00188562030982893,4.94622440790957e-07,0.000819499196794444,0.00338921977936472,2.26131449356718e-05,1.2102308196774e-05,2.72660983984081e-08,4.35067612966249e-06,3.16469343370885e-05,-1584.97713529227,0.0874639334116678,0.0680406317822675,0.97,0.454198668760185
"linear",800,"sir_collapsed",88,17.742,3057.81867736822,2988.02120814963,1831.39857992852,1425.54358750117,7073.31236445836,3272.44041113664,6954.54916504208,2779.17409109834,172.349153272924,168.415128404331,103.223908236305,80.3485282099635,398.676156265267,391.982254821445,0.00218106790476005,0.00202669345589591,6.33598916300808e-07,0.000871852398918484,0.00372450461539292,2.24283900969774e-05,1.27444060787554e-05,2.35762412008481e-08,5.00320095427113e-06,3.43744334349989e-05,-1609.08589662695,0.103453273621439,0.0851202770018788,0.9925,0.464364898943616
"linear",800,"sir_collapsed",89,17.665,2783.33455173278,2924.45196035907,2467.95261665903,1633.86875435881,6946.32651630972,2805.22756979462,6818.65359642564,2674.54208217728,157.562103126679,165.550634608495,139.708611189303,92.4918626866014,393.225390110938,385.997939225907,0.00193312458690051,0.00178795871612528,4.7597894518775e-07,0.000918280630912152,0.00335255438982065,1.89616957800182e-05,1.24249101949507e-05,7.37780215685058e-09,5.06971829237738e-06,3.07054342221374e-05,-1624.09413067948,0.104006386539776,0.0743506609818583,0.95375,0.449701242527996
"linear",800,"sir_collapsed",8,17.756,3209.70191007594,3447.25686168937,1797.49843635007,1685.38641342932,7223.17985832251,3437.18738711907,7153.95893805336,3238.96755389786,180.76717222775,194.146027353535,101.233297834539,94.9192618511669,406.802199725305,402.903747356013,0.00254653211967686,0.0023794055330608,9.19629554209604e-07,0.000988440651096421,0.00435230472850792,2.08170994713779e-05,1.32490556053497e-05,8.73588818548308e-09,4.86409676809871e-06,3.27188700285212e-05,-1573.5521369204,0.102712614375745,0.085248837449776,0.98875,0.477985121254657
"linear",800,"sir_collapsed",90,17.464,2740.68709956876,3042.65007498509,2767.3371806687,1567.36454802062,6865.099730503,2937.04173514255,6762.35381073674,2761.73549002345,156.933526086164,174.224122479678,158.459527065317,89.7483135605025,393.100076185467,387.216777985384,0.00178395931217522,0.00168217148605728,3.73549433498055e-07,0.000786247054875058,0.00301633063561779,1.8389883870476e-05,1.11209692637293e-05,1.76150016865723e-08,4.30331805882654e-06,2.62653292477689e-05,-1597.39566734924,0.0690694161377208,0.0547699481097964,1,0.443104272067714
"linear",800,"sir_collapsed",91,17.759,2993.82325460139,2880.43083397748,2584.90826613742,1466.16148574237,6917.23719317914,2701.67101379873,6836.70480467796,2630.66348357094,168.580621352632,162.19555346458,145.554832261806,82.5587862910284,389.506007837105,384.971271168307,0.00190018812551973,0.00178320339044757,4.32760884321157e-07,0.000858615640723057,0.00319524321078664,1.81342874494674e-05,1.17992033545366e-05,9.2441505063105e-09,4.7447427181629e-06,2.98596389871545e-05,-1576.32684747308,0.0932087729571636,0.0772048348401071,0.9875,0.446516554757327
"linear",800,"sir_collapsed",92,17.642,3340.07514159524,3559.54752082631,2401.76942498677,1729.56689308648,7156.8640815898,3541.22556781062,7117.11289134704,3368.38658300902,189.325197913799,201.765532299417,136.139294013534,98.0368945179956,405.671923908276,403.41871054002,0.00222401436621562,0.0020725276224743,7.11134480398091e-07,0.000920646089233536,0.00390793687073576,2.08313811518711e-05,1.19071518688723e-05,3.341563657485e-08,4.33626514914466e-06,3.16615617805309e-05,-1588.83436002783,0.0903310462788216,0.071766419717538,1,0.46231095947065
"linear",800,"sir_collapsed",93,17.75,3012.33156100444,3173.83416336734,2448.93731771591,1899.70670476524,7032.99838055316,3279.12099622386,7039.54858433166,2958.53925280837,169.708820338278,178.807558499569,137.968299589629,107.025729845929,396.225260876234,396.59428644122,0.00203300632821725,0.00191867115478964,4.94092356989732e-07,0.000835295309450386,0.00338201503744258,1.6114984492918e-05,1.20236842858129e-05,2.07768893811141e-09,4.57800532998434e-06,2.9808190860051e-05,-1576.24104458731,0.0975090752694163,0.0763833050128035,0.995,0.459532195450046
"linear",800,"sir_collapsed",94,17.754,3025.96402763486,3311.42801988282,2598.11622092444,2875.72815740623,7302.13207042102,3289.73781298586,7384.68676431817,3130.33631970191,170.438437965239,186.517292997793,146.339766865182,161.976352225202,411.295036071929,415.944956872714,0.00220934374099096,0.0020515424696702,6.73759261024332e-07,0.00097649733328471,0.00383265742032943,1.47336521717386e-05,1.21247780017228e-05,9.58176978928257e-10,4.8959439833771e-06,2.59030314837631e-05,-1659.48610664045,0.0808956682430672,0.0669099669341665,1,0.458842544281581
"linear",800,"sir_collapsed",95,17.761,2968.77465747739,3250.27255887971,2317.02337969073,1380.23992998508,6875.08748196071,3100.26503589739,6789.37292603601,2894.43087239202,167.151323544698,183.000538194905,130.455682658112,77.7118366074588,387.088986090913,382.262987784247,0.00191207872438432,0.00179671969177559,4.44775964193156e-07,0.000890909661113217,0.00327256761696244,2.04336218764842e-05,1.15245135693202e-05,1.67984813750546e-08,4.15514414874047e-06,3.03223466609067e-05,-1573.84487024738,0.0842269946858223,0.0654495132050593,0.99375,0.454964091305953
"linear",800,"sir_collapsed",96,17.826,2743.18963583021,3034.66884757779,2820.39574599355,1748.88938414977,7029.68520793686,2901.72895716405,6895.38970090596,2732.01653850076,153.886998531931,170.23835114876,158.218094131805,98.1089074469747,394.350118250693,386.816431106584,0.0019464563069322,0.00182232048256526,4.51149652166804e-07,0.000900269450421787,0.00328288438854065,1.71596835240786e-05,1.22324829193897e-05,2.78661313756481e-09,4.32487472266563e-06,2.84373292439757e-05,-1583.14190334674,0.0933821786614181,0.0740685366843457,0.98125,0.451443413416139
"linear",800,"sir_collapsed",97,17.791,3243.08437906606,3178.1404886912,2460.83755040457,1454.74434862578,6974.90848206931,3466.87070240395,6942.55156987545,2965.19907168624,182.287919682202,178.637540817897,138.319237277532,81.7685542479783,392.047017147395,390.228293512194,0.00190014003363255,0.00177568848774642,4.26735629812468e-07,0.000846490545154889,0.00319506090014538,1.58340486689915e-05,1.16670987005386e-05,1.98081067780659e-09,4.89327047640767e-06,2.74150474751167e-05,-1593.25334099086,0.0853332150571736,0.0698908405783254,0.99,0.451695284780327
"linear",800,"sir_collapsed",98,17.596,2673.7846376125,2963.8788579622,2367.80102999688,2236.24722138464,7110.11512375677,2835.94036515949,7152.02967521073,2771.91663704666,151.954116709053,168.440489768254,134.564732325351,127.088384938886,404.07564922464,406.457699204974,0.00199876498767622,0.00186625777181719,5.15650170381046e-07,0.000843676409780624,0.00342735905434633,1.50316609838224e-05,1.17021945824016e-05,6.45564162871229e-09,4.76289760750249e-06,2.49877624713389e-05,-1596.77801080327,0.0981398952707513,0.0792207553025525,0.9825,0.450061149845944
"linear",800,"sir_collapsed",99,17.774,3589.46941243862,3678.51603398978,1799.61583950036,1743.69784019057,7301.00576717445,3824.41145870611,7325.52266880623,3187.95594215723,201.950568945573,206.960506019454,101.249906577043,98.1038505789675,410.768862786905,412.14823161957,0.0027472691247827,0.00256222137187412,1.16246427819774e-06,0.00109711054883477,0.00494911551502251,2.57153029810765e-05,1.33947898056143e-05,3.42621096412471e-07,4.70560452925282e-06,3.429132987016e-05,-1606.29332842005,0.112798308204428,0.0895250088195398,0.975,0.489972100193111
"linear",800,"sir_collapsed",9,17.955,2599.0332652905,2797.73659213978,2396.12690512998,2445.17714025642,6937.90437170595,2714.89487270428,6891.41932162708,2640.46886752879,144.75261850685,155.819359072113,133.451790873293,136.183633542547,386.405144622999,383.816169402789,0.00191745456389965,0.00180952664961359,4.3416855718833e-07,0.000900739867188424,0.00325353737927412,1.52322562764798e-05,1.22977388446798e-05,1.3994256574625e-09,4.9089660019795e-06,2.54070032956314e-05,-1590.64605745356,0.0967424767888522,0.0758639389016068,0.96375,0.449220397877386
"quadratic",1600,"sir_collapsed",100,34.576,2431.30714150459,2491.97332315583,1521.37935264553,1008.95479901313,6918.3940262912,2609.92607739346,6946.16134289553,2436.10841557151,70.3177678593415,72.0723427567051,44.0010224619833,29.1807843305511,200.092376975104,200.895457626548,0.0014139106540165,0.00135755765992648,1.54064210909105e-07,0.000762013585111653,0.00219924749698815,9.01575761157109e-06,6.8727878143186e-06,1.30315838096239e-09,3.25067876802864e-06,1.27752550158714e-05,-3177.85599305502,0.089681037553912,0.0734184571559354,0.99375,0.421924086853938
"quadratic",1600,"sir_collapsed",101,35.012,3258.88078038886,3430.46090971992,1739.7323839306,1095.04534888747,7074.951356415,3382.43909652994,7071.16406148163,3227.60634994537,93.0789666511156,97.9795758517057,49.6896031055238,31.2762866699267,202.072185433994,201.964014094643,0.00155398928755883,0.00147721821527213,2.32357481086704e-07,0.000768098007601731,0.0025598822637918,9.32070369926732e-06,6.94638105368268e-06,2.16757452897223e-09,3.3958724629622e-06,1.34336615003901e-05,-3151.45331695922,0.0829016006809385,0.0672763724805234,1,0.430254411448021
"quadratic",1600,"sir_collapsed",102,34.514,2793.12365966997,2908.41006004305,2179.41422019349,1441.97185964028,6770.75099282876,2935.11145833752,6813.86078149197,2753.89593231104,80.9272660274082,84.2675453451658,63.1458022887376,41.7793318549075,196.174045107167,197.42309733708,0.00131788411289308,0.0012687155187736,1.35755250420011e-07,0.000667262139482836,0.00206043062188861,8.39355840928803e-06,6.75409307313589e-06,5.22029980243814e-10,3.34940800615791e-06,1.3412955924357e-05,-3176.38816339978,0.0764104940080501,0.0607660959333947,1,0.41796828072285
"quadratic",1600,"sir_collapsed",103,34.744,3206.30636638188,3263.08952639683,1982.9681800267,1251.12871369941,6956.43475346037,2998.5685284493,6956.55876894503,2976.67510313979,92.2837429881959,93.9180729448776,57.0736869683023,36.0099215317582,200.219743076801,200.223312484027,0.00149559698265234,0.0014254951093982,1.9029373171806e-07,0.000768668441466625,0.00239806195879458,9.66649626777313e-06,7.24602281613845e-06,1.01932420562731e-09,2.99002377882651e-06,1.55961325662977e-05,-3152.03251909334,0.0902381520141629,0.071604143763139,0.986875,0.430092625457581
"quadratic",1600,"sir_collapsed",104,35.075,2414.32703853835,2504.82396808522,1686.35368715754,1063.77122415784,6871.38354378549,2575.84844426556,6919.56406479994,2341.63006783364,68.8332726596822,71.4133704372122,48.0785085433368,30.3284739603092,195.905446722323,197.279089516748,0.00141212630028555,0.00134884988825579,1.64717959086345e-07,0.000749552726002357,0.00224596544961444,8.68171987911966e-06,6.93447379800668e-06,9.84530583585774e-10,3.57020448428817e-06,1.25494408262369e-05,-3166.31426323967,0.0963621844821584,0.0802292689622551,0.98625,0.425098725620322
"quadratic",1600,"sir_collapsed",105,34.52,3091.39320107162,3203.975527557,2267.48674089132,1129.55763595149,6833.34753276735,3260.19646542671,6838.53969756646,2831.02838417818,89.5536848514373,92.8150500451042,65.6861744174773,32.7218318641798,197.953288898243,198.103699234254,0.00132412232307455,0.00127035782824019,1.33984225324497e-07,0.000672735665558991,0.00202681515566353,1.21705280677203e-05,6.8248631621595e-06,1.83919931127127e-08,3.32580676706711e-06,1.34296226009473e-05,-3156.19497944117,0.0987961960141166,0.0814405941062615,0.980625,0.417624736870752
"quadratic",1600,"sir_collapsed",106,34.904,3404.57180984064,3373.9187687381,1828.18595835955,1042.27854096723,7049.45209317122,3664.32911393705,7078.37336598997,3074.78969798472,97.541021368343,96.6628113894713,52.3775486580205,29.8612921432281,201.966883256109,202.795478053804,0.00154775438619618,0.00147907378791098,2.24385025387076e-07,0.000764468927083625,0.00248632254096112,9.27830737951038e-06,7.09108849849033e-06,6.27280514985559e-10,3.63920081122441e-06,1.50242057681805e-05,-3180.88461357752,0.0746675368603783,0.059052314258362,0.990625,0.430101965190794
"quadratic",1600,"sir_collapsed",107,34.356,2705.72562149993,2932.22551925102,2295.19850436312,1129.39695627212,6686.36040361099,2774.83485553457,6691.41791706974,2647.322676798,78.7555484194879,85.3482803367976,66.8063367203143,32.873354181864,194.619874362877,194.767083393577,0.00131471167470092,0.00127314632754402,1.27734682347019e-07,0.000690690930249079,0.00200858403427582,9.80370184608891e-06,7.12781717174311e-06,1.16329270947139e-08,3.34449879066205e-06,1.34448343201731e-05,-3153.68972790713,0.0910658190843126,0.0734866360746488,0.9975,0.418887980518237
"quadratic",1600,"sir_collapsed",108,34.795,2926.67030178871,3103.10202455302,1753.38767802525,1159.45642650406,7011.72819025522,3114.99332903607,6967.88916854688,2915.8798428696,84.1118063454148,89.1824119716343,50.3919436133137,33.3225011209674,201.515395610151,200.255472583615,0.0014945231645156,0.0014282550166407,1.91454293845684e-07,0.000692377105521954,0.00231691213864353,1.03122497540535e-05,7.17431908897508e-06,2.49865202321415e-09,3.25649424685997e-06,1.41949967266279e-05,-3134.01884573045,0.0790820139714736,0.0643640861113909,0.994375,0.430499572189139
"quadratic",1600,"sir_collapsed",109,34.687,2883.47294142328,3012.94411512888,1687.17753776951,1341.2670341332,6845.0477396952,3023.69519551919,6891.91424522172,2728.63649198898,83.1283461072818,86.8609022149186,48.6400535580912,38.667715113247,197.337554118119,198.688680059438,0.00139392314411386,0.00134127929959999,1.61800190194605e-07,0.000719742436454949,0.00219426417708942,8.99443187495473e-06,7.04154843514902e-06,2.51536498312741e-09,3.34615979304519e-06,1.27295671813303e-05,-3141.15233452226,0.0796207846922952,0.0616659192471404,0.998125,0.423187568064672
"quadratic",1600,"sir_collapsed",10,34.643,2397.08587898384,2456.58290082649,2109.04164480186,1088.32301495259,6858.92276159962,2459.19014684788,6817.7603012631,2187.55189249507,69.1939462224357,70.911378946006,60.8793015847894,31.4153801620123,197.988706566972,196.800516735361,0.00144792551891195,0.00139325135664261,1.71336323549554e-07,0.000737884263121466,0.00226479533317872,9.7663953316339e-06,7.48824913560428e-06,9.09813120522786e-10,3.53126371245838e-06,1.60011614353137e-05,-3189.65211783651,0.102670485191071,0.0843367442166257,0.98625,0.429338291691003
"quadratic",1600,"sir_collapsed",110,34.548,2616.29723001632,2827.79447198094,1831.30082204458,1070.17999463899,6946.59333885686,2755.89086630157,7019.56655214724,2593.11539521754,75.7293397596481,81.8511772600713,53.0074337745912,30.9766120944479,201.070780909369,203.183007761585,0.00146969428644832,0.00140430494680815,1.92212575704316e-07,0.000773579032781856,0.00234530057759539,9.0391596213411e-06,6.92335808935341e-06,1.22123060193617e-09,3.3705503403115e-06,1.33642686745688e-05,-3160.85727693336,0.0921818548399107,0.0736910299374507,0.9875,0.427641174549994
"quadratic",1600,"sir_collapsed",111,34.644,2557.76196443049,2607.95748102338,1808.75781217178,1057.59099570319,6983.85813342876,2678.42429762774,6942.47475562649,2462.50660379551,73.8298685033624,75.2787634517775,52.2098433255911,30.5273927867217,201.589254515321,200.394722192197,0.00152184399872037,0.0014647791423222,2.06060885867163e-07,0.000702524121319203,0.00239322153179887,9.67777456011068e-06,7.42582017417793e-06,2.89994604837947e-09,3.39045805536803e-06,1.39452068315202e-05,-3143.62761378709,0.092572909792753,0.0770936240805965,0.993125,0.430855231789664
"quadratic",1600,"sir_collapsed",112,34.533,3028.01868327087,3089.4883337685,2091.60504786106,1082.85356621444,6762.57504443068,3236.14926589159,6832.95277703525,2892.96950367486,87.6847850829893,89.4648114490052,60.5682983772352,31.3570661748021,195.829352921283,197.867337822814,0.00139274030725252,0.00132824165342602,1.57766390012219e-07,0.000702996744137465,0.00217669665671992,1.01478985997797e-05,6.96997819981237e-06,3.11721598926125e-09,3.29158273396914e-06,1.62907785582679e-05,-3170.36249807212,0.0845077406575403,0.0684900525698953,0.99,0.426482769777164
"quadratic",1600,"sir_collapsed",113,35.133,2956.12684324427,2811.2792572474,2093.82884899234,945.221734156581,6751.98362662364,3066.48830285945,6779.49752282615,2611.0624942253,84.1410310319149,80.0181953504511,59.5972119942032,26.9040996828219,192.183520525535,192.966655931066,0.0013697806704152,0.00131569340206611,1.40134497326095e-07,0.000744348130444654,0.00208199476810996,9.03087902463782e-06,6.92451318848912e-06,3.97119831440415e-10,3.57098500168748e-06,1.39466034480982e-05,-3114.37276376374,0.0802079243833634,0.0624484629675592,0.9725,0.424516233787931
"quadratic",1600,"sir_collapsed",114,34.555,3026.50881960736,2994.10171076504,2128.78009208428,1196.37984218844,6840.43418290423,3143.05771195979,6823.19829492749,2793.72742216981,87.5852646391944,86.6474232604556,61.6055590242882,34.6224813250888,197.957869567479,197.4590737933,0.00136908795146433,0.00131579245126064,1.44325593847575e-07,0.000728045590877893,0.00214052022770879,8.87412703600572e-06,7.04186946825157e-06,3.47434996803911e-10,3.29688038991788e-06,1.36794973135439e-05,-3148.56935628125,0.0822560979098535,0.0698538934465637,0.99375,0.420413240657869
"quadratic",1600,"sir_collapsed",115,34.46,2609.24770123716,2931.44820344862,1783.99657410205,877.694748532277,6974.62857573225,2751.90410877014,6878.12271839429,2587.71657434482,75.7181573197088,85.0681428743071,51.7700688944297,25.4699578796366,202.397811251661,199.597293046845,0.0015112114949626,0.00145123092158664,1.91124761368787e-07,0.000749823722585697,0.00241883599113967,9.22981798201014e-06,7.2374827082468e-06,4.55434880265334e-10,2.59590610999359e-06,1.44233701674058e-05,-3159.75898787694,0.0915647201697054,0.0731653060066072,0.984375,0.430030612688419
"quadratic",1600,"sir_collapsed",116,34.73,3186.57233406956,3096.63267017988,2202.13464504706,1058.32041926246,6921.55925623298,3380.99531975001,6842.69945165296,2955.3015021527,91.7527306095469,89.1630483783439,63.4072745478567,30.4728021670734,199.296264216325,197.02561047086,0.00148809693830962,0.00142991444512008,1.79096434367268e-07,0.00076877155640518,0.00236246488980556,9.0023784428724e-06,7.34199501854782e-06,2.48058542262536e-10,3.05266919743643e-06,1.50869603823342e-05,-3119.44737030751,0.0861153435681965,0.0703307103627642,0.98625,0.429693583199905
"quadratic",1600,"sir_collapsed",117,34.911,2375.35785541769,2481.64960018993,1754.75765549301,1246.51445299145,6854.38057754612,2511.34142316214,6842.50433338053,2295.79439352951,68.0403842748042,71.0850333760114,50.2637465410046,35.7054926238563,196.33870635462,195.998520047565,0.00136704743747595,0.00130273838408467,1.51124520363762e-07,0.000693585672970979,0.00212022700552128,9.19328199559562e-06,6.97184526998678e-06,1.27802126571845e-09,3.25526945494029e-06,1.47861452624179e-05,-3152.6085336084,0.0872515066021424,0.0699506216260666,0.999375,0.423351013852718
"quadratic",1600,"sir_collapsed",118,35.212,2579.79684758558,2694.45517080651,1441.61090041348,1094.82120670624,6901.71498040883,2664.78418370107,6877.91083054405,2471.42087271629,73.264706565534,76.5209352154524,40.9408980010644,31.0922755511257,196.004628547337,195.328604752472,0.00141180556167771,0.00135951180514059,1.56411974921778e-07,0.000724393445356956,0.00218678574315144,8.95686192705767e-06,6.89190818934463e-06,1.83252951232015e-09,3.45760495185535e-06,1.31108102255099e-05,-3155.7027205456,0.07844126178763,0.062490080293943,1,0.422467924825877
"quadratic",1600,"sir_collapsed",119,35.011,2810.57495164328,2944.26080148657,1766.70805486591,932.329527303626,6934.73409069554,2924.28169947067,7011.31578039553,2711.5321490977,80.2769115890228,84.0953072316291,50.4615136633032,26.6296171861308,198.07300821729,200.260369038174,0.00143841956552689,0.00137808057974547,1.62086925603372e-07,0.000771118023134177,0.00226585575251319,9.16044379402226e-06,6.88261342649474e-06,3.31870492340965e-09,3.48004174487613e-06,1.25340822565107e-05,-3142.98511915628,0.0761789414286386,0.057567039724961,0.974375,0.425137509885743
"quadratic",1600,"sir_collapsed",11,35.719,2974.57005802203,3185.06712631528,1606.57861070696,844.951085358269,6883.92782504463,3148.75606969247,6951.42637882961,2891.71904922593,83.2769690647003,89.1701090824288,44.978263968951,23.6555078629936,192.724539462041,194.614249526292,0.00141279102889988,0.00135140924897791,1.71277119535102e-07,0.000720095337243511,0.00224053662546192,8.88528208020158e-06,6.7908161388936e-06,7.39391442740198e-10,3.48636844157716e-06,1.51331858408875e-05,-3201.51721121239,0.0733195870567812,0.0588371530343472,1,0.422942492481313
"quadratic",1600,"sir_collapsed",120,34.528,3013.48438814744,2798.51315572142,1792.52857296475,925.813145927543,6895.57854153557,3102.77235498327,6828.64926517154,2656.21333031128,87.2765404352247,81.0505432032386,51.915215852779,26.8134020484112,199.709758501378,197.771352675265,0.00142789666834191,0.00138053447676634,1.64432426515243e-07,0.000737922445328649,0.00222948687325737,9.73083721200746e-06,7.03939625448759e-06,8.56433779384424e-10,3.21257860172126e-06,1.5300608283479e-05,-3159.60565522546,0.0932378213107525,0.0674232317612517,0.964375,0.424940447013833
"quadratic",1600,"sir_collapsed",121,34.768,2673.83120419013,2754.26677091782,2470.26584813236,1099.61956614001,6887.71710236091,2840.82096693715,6882.79430029616,2676.02027022634,76.9049471982894,79.2184414092791,71.0499841271387,31.6273460118504,198.105070822622,197.963480795449,0.00143334556054919,0.00137156098733756,1.66112209133797e-07,0.000710336484848483,0.00225048239829074,1.09142132342739e-05,7.2198070196935e-06,7.34526121290983e-09,3.06281989124943e-06,1.4852952173479e-05,-3173.4038943075,0.0853417055753393,0.067524824811587,0.985625,0.425747192982465
"quadratic",1600,"sir_collapsed",122,34.942,2810.93107773845,3030.9637174858,1625.89850851358,1100.64868538588,7008.892856648,2996.79074100099,6989.02870980775,2908.53687696346,80.4456264019934,86.7427084163987,46.5313521983165,31.4993041436061,200.586482074523,200.01799295426,0.00147148820142993,0.00141058851679696,1.92629189737505e-07,0.000761569942356846,0.0023273695234237,9.4409008682042e-06,7.15335166914356e-06,8.6778380362216e-10,3.56089787455453e-06,1.43851531858389e-05,-3169.0722871712,0.0886389800967695,0.0717054937635999,0.991875,0.428383578668807
"quadratic",1600,"sir_collapsed",123,34.62,2563.67162659139,2524.45615611434,2155.98595123943,1107.37570049814,6768.1433040006,2664.19851036944,6714.84322478203,2416.8223270568,74.0517512013689,72.9190108640769,62.2757351600066,31.9865886914542,195.498073483553,193.958498693877,0.00135505294527186,0.00129556707848951,1.48893472302953e-07,0.000721670937445082,0.00214399387621619,1.00136221824307e-05,7.06196468100444e-06,3.63898467250768e-09,3.53345517117949e-06,1.46034170081067e-05,-3109.43015128542,0.0927084027424989,0.0727115741809694,0.98375,0.423943498674912
"quadratic",1600,"sir_collapsed",124,35.12,2691.79037285952,3044.67288430842,1997.92295749909,1137.66798364775,6912.52169078029,2835.63772465542,6928.62240899848,2600.24683503752,76.6455117556812,86.6934192570735,56.8884668991767,32.3937352974872,196.825788461853,197.284237158271,0.0013993201038715,0.00133741977734696,1.60379111410481e-07,0.000714117966995868,0.0021905578087599,8.80414701882815e-06,6.94188582403198e-06,9.89368271195823e-10,3.70658427978973e-06,1.32775389187194e-05,-3131.62681750505,0.0867811382487588,0.0673234452273827,0.984375,0.425048919847808
"quadratic",1600,"sir_collapsed",125,34.539,2702.33982292092,2785.55725012249,2076.75448282545,886.888414603136,6819.58210183743,2801.88735156746,6792.20114891772,2601.66920844656,78.2402450250706,80.6496207221544,60.1278115413142,25.6778833956726,197.445846777192,196.653092125357,0.00132805567263789,0.00127057030284688,1.397714892557e-07,0.000717629597317707,0.00206308216557898,9.54553099425816e-06,6.9148346759636e-06,3.0689602064826e-09,3.23623974487632e-06,1.30222162257518e-05,-3143.44190636939,0.077093342945978,0.0581605741503614,0.98625,0.420412232654831
"quadratic",1600,"sir_collapsed",126,35.065,2739.86659568257,3060.02764353051,1557.065895122,1167.55519978011,6758.80995484812,2912.7514882855,6707.6838497597,2715.82357924188,78.1367915494816,87.2672934131044,44.4051303328676,33.2968829254273,192.750889914391,191.292851839718,0.00131117160677338,0.00125861278010155,1.29792672384207e-07,0.000706015789848209,0.00201133480211033,8.39480085034915e-06,6.99222215938705e-06,2.3685720477592e-10,3.34807085638221e-06,1.27118814924184e-05,-3136.85228447024,0.08286247547054,0.0664992479969383,0.994375,0.418998506975143
"quadratic",1600,"sir_collapsed",127,35.273,2772.02641923516,2909.93909343745,2061.03926595931,1131.80919857479,6829.39380391739,2903.56124882218,6874.79118468401,2580.02998660955,78.5877702275155,82.4976353992415,58.4310737946675,32.0871260900629,193.615337621336,194.902366815525,0.00139740292488415,0.00133672624171109,1.61572442265193e-07,0.000708587457866601,0.00218759180825708,9.25260888773512e-06,6.9184097215831e-06,4.04841813744676e-09,3.6787389035875e-06,1.3676865179025e-05,-3176.74030851385,0.0795944536140288,0.0618631667407172,0.990625,0.421844994711781
"quadratic",1600,"sir_collapsed",128,34.841,2676.77082212371,2523.8518748236,1756.58765678632,1098.82286599097,6877.64832006354,2779.96932480599,6805.11166849461,2377.27125346762,76.8281858191129,72.4391342046324,50.4172571621457,31.5382126228,197.401002269267,195.319068582837,0.001399908146766,0.00133172426592338,1.78251854744805e-07,0.000690739785209514,0.00220907044216779,1.0622977609922e-05,7.10958487358752e-06,5.27172272609116e-09,3.13886591786398e-06,1.44971033200615e-05,-3130.9595725478,0.0857121240036901,0.0705672238283986,0.996875,0.426239071653681
"quadratic",1600,"sir_collapsed",129,34.596,2660.32578254853,2815.63385490074,1913.48530428957,1521.38226450287,6934.78971363944,2803.41430635403,6907.27123714697,2701.82608639793,76.8969182144909,81.3861098075135,55.3094376312166,43.9756695717096,200.450621853377,199.655198206353,0.00145985168706666,0.00139022907452376,1.82811829111831e-07,0.000734807862643405,0.0023499514830391,8.84698262150245e-06,7.08209400252842e-06,6.08665496233757e-10,3.39711181204181e-06,1.37575738015412e-05,-3174.20628206854,0.0804182636698062,0.0604769710956145,0.984375,0.428166411283409
"quadratic",1600,"sir_collapsed",12,34.378,2450.53260888569,2443.21669326267,2392.09821121646,776.34387246759,6715.30537546075,2553.93843431804,6728.52117633843,2294.48266770513,71.2820003748238,71.0691923108579,69.5822389672599,22.5825781740529,195.337290577135,195.721716689116,0.00134755273469117,0.00128675289135651,1.48106540562829e-07,0.000692890892373355,0.00211535663112154,1.16297944301901e-05,7.10250279749354e-06,9.89086300812048e-09,3.40343371244408e-06,1.51404065010334e-05,-3150.54146866301,0.0872228357386403,0.0697017298015415,0.9875,0.422936907601321
"quadratic",1600,"sir_collapsed",130,35.49,3037.20131595712,2878.47344031257,1914.99082375449,1194.80778910759,6743.48437111385,3307.97409064147,6723.60435050214,2689.59339690339,85.5790734279268,81.1066058132592,53.958603092547,33.6660408314338,190.010830406138,189.450672034436,0.00134962662538477,0.00129060346083035,1.47470065582519e-07,0.000701077503049048,0.00212914355303679,9.40719974874161e-06,7.03117336257945e-06,1.78109812673995e-09,3.48305326796501e-06,1.44563620731341e-05,-3089.06667438122,0.0929743488743201,0.0747386064585084,0.9875,0.42174470757162
"quadratic",1600,"sir_collapsed",131,34.612,2761.32322579383,2920.2319322433,2244.83936286816,955.556978399384,6657.26906503942,2901.57668905026,6704.73152349591,2693.22124725883,79.7793605048489,84.3705053808881,64.8572565257183,27.6076787934642,192.339912892622,193.711184661271,0.00123746166973852,0.00118386307907773,1.16705876161139e-07,0.000655390751201345,0.00193887306708296,9.47836406937922e-06,6.70804474955037e-06,2.76453830980933e-09,3.4344596584268e-06,1.38206506289069e-05,-3177.42659360885,0.0761467387385958,0.0624641035845548,0.994375,0.412910567614983
"quadratic",1600,"sir_collapsed",132,34.576,3247.33033604047,3453.72313911896,2088.37535277431,1010.69545768576,6918.3924287676,3446.75521166092,6989.39420200565,3230.95597351549,93.918623786455,99.8878742225521,60.3995648072163,29.2311273046553,200.092330771853,202.145829535101,0.00140163617300085,0.0013326813811152,1.7229504103334e-07,0.000668979639969859,0.00218347124156315,1.16390350893318e-05,6.67633496681913e-06,1.44967169129034e-08,3.45908744139519e-06,1.29180930854629e-05,-3179.56630089289,0.0742019174418296,0.0605056574792439,1,0.420603201429548
"quadratic",1600,"sir_collapsed",133,34.858,2990.21142253533,3301.02743409806,1890.68988894463,1023.46640667152,6756.7395237656,3105.97598827051,6766.59613847144,2718.53308959132,85.7826445159026,94.6992780451563,54.239769606536,29.3610191827275,193.836121514877,194.118886295009,0.00130412864363166,0.00125390775329813,1.33121794859336e-07,0.000695279555564327,0.00205329438435043,9.1015135008127e-06,6.84392481593235e-06,8.8895770814357e-10,2.94593371733359e-06,1.2982715247468e-05,-3121.19372953724,0.0747434746977108,0.0552166567449172,0.993125,0.418552869161383
"quadratic",1600,"sir_collapsed",134,34.749,2469.50143742604,2671.74487474981,1786.50543985373,1028.03298308293,6823.37634099454,2614.68178955438,6759.91412263162,2472.16243701849,71.066834654984,76.8869571714238,51.4117079586096,29.5845343199209,196.361804397092,194.535500953455,0.00140369917660555,0.00134841984694125,1.53644957328093e-07,0.000709361163131915,0.00216219568385723,1.10294871893046e-05,7.14832673002625e-06,2.24119562634565e-09,3.28841677352042e-06,1.55346552459309e-05,-3127.51716328547,0.0751644792946127,0.0587102366140967,1,0.426807792004941
"quadratic",1600,"sir_collapsed",135,34.426,3060.2750762436,3328.98260836038,2060.51362680224,1731.7786018435,7111.36189118994,2911.74961665653,7108.67621165038,2863.67193751087,88.8942972242957,96.6996632882235,59.8534138965387,50.3043804637049,206.569508255096,206.491495138859,0.00153167660701917,0.0014640522394403,2.05021986682759e-07,0.000759594672403908,0.00242337371431109,8.9798073159279e-06,7.0952374960817e-06,1.02766860848964e-09,3.29340869110926e-06,1.31743015741955e-05,-3198.86850179271,0.0898771857420088,0.0704613304990583,0.978125,0.430337938745347
"quadratic",1600,"sir_collapsed",136,34.563,3094.66609696453,3101.04226041834,2278.71817378512,1032.23183590427,6963.9700916684,3234.80527936114,6903.45021477589,2968.82389983495,89.5369642960545,89.7214437525196,65.9294093043173,29.8652268583245,201.486274098556,199.735272249975,0.00145237767458174,0.00139511720114909,1.74057868143152e-07,0.000710124774503617,0.00228154538313214,9.07392735666481e-06,7.3557488589915e-06,4.67878638465329e-10,3.54796768557605e-06,1.38085726714929e-05,-3162.8254546308,0.101285259017011,0.0812534175652979,0.978125,0.429229039143808
"quadratic",1600,"sir_collapsed",137,34.929,2984.90363543633,3346.34182124227,2140.79397179818,968.710392164294,6812.45472370319,3085.25118025471,6774.42374139215,2986.67999693559,85.4563152519777,95.8041118051554,61.2898729364764,27.7336995666722,195.037210446998,193.948402227151,0.0013887386072871,0.00133397090685535,1.58544157637801e-07,0.000713410333838606,0.00218340964671286,9.56787863980809e-06,7.1600489012134e-06,6.13457582753198e-10,3.65305120496538e-06,1.60701180321033e-05,-3144.61016671218,0.0860391514792128,0.0661754498609331,0.991875,0.427104077698814
"quadratic",1600,"sir_collapsed",138,34.583,2614.03732940455,2793.37920243457,1993.68693890005,1578.01800907558,6856.91071305797,2707.30060321853,6866.72874531522,2607.29572508041,75.587350125916,80.7731892095702,57.6493346123832,45.6298762130404,198.274028079055,198.557925724062,0.00134079971595723,0.00129743950319246,1.40283807158692e-07,0.00065888909315938,0.00202695829743385,8.35895987666594e-06,6.73860516369103e-06,9.85094199384558e-10,3.31845692025662e-06,1.23137198864205e-05,-3195.30470209221,0.0740602174099958,0.0573504896078232,0.998125,0.418216224199843
"quadratic",1600,"sir_collapsed",139,34.908,3266.21165920028,3157.62432797776,1850.36979029139,857.556606318583,6821.04854883765,3354.96439194596,6807.89871668944,2841.76008508953,93.5662787670529,90.4556069662473,53.007041087756,24.5661913119796,195.400726161271,195.024026489327,0.00135070322495373,0.00130751453410518,1.41813515470011e-07,0.000695897076137346,0.00209052806355874,9.28060720406531e-06,6.99772970372771e-06,6.7229753019492e-10,3.29065380685694e-06,1.32341629530127e-05,-3142.98067770219,0.0694406659727951,0.055576987672564,1,0.419433855831496
"quadratic",1600,"sir_collapsed",13,47.128,2760.88828478049,2792.01180522137,1638.77371059132,936.321767060611,6682.29150599576,2889.68979155012,6639.50526106884,2694.53119945032,58.5827593952745,59.2431634107404,34.7728252968792,19.8676321308057,141.79026281607,140.882389684876,0.0013033582413686,0.00124923181003781,1.39845509635526e-07,0.000682233291354633,0.00206716966686524,9.50051327695915e-06,6.98944107484058e-06,1.14130544500139e-09,3.93754769127276e-06,1.32974413309681e-05,-3088.47725448772,0.104152688572525,0.083827313727886,0.99625,0.423162534178136
"quadratic",1600,"sir_collapsed",140,34.774,2528.51697117432,2730.98102670522,1616.18513284329,939.320539655777,6724.15501141692,2632.73538482456,6652.40045111125,2501.54187944763,72.7128593539518,78.5351419654115,46.4768255835765,27.0121510224817,193.367314988696,191.303860674965,0.0013933145598115,0.00134093332748234,1.50948593992523e-07,0.000745245455619004,0.00216879513993804,9.97417725340673e-06,7.32197756790687e-06,2.44075562343966e-09,3.7306018126063e-06,1.45694936605033e-05,-3085.22681925077,0.109177639441439,0.0808976231967078,0.93625,0.426891608355341
"quadratic",1600,"sir_collapsed",141,34.801,3082.40621439042,3254.67049682677,1610.11755159838,1001.38304637497,6996.94958491944,3283.53389714243,6958.84138692947,2840.8537414616,88.5723460357583,93.522326853446,46.2664162408661,28.7745480410036,201.055992210553,199.960960516349,0.00149410287362426,0.00141449143740612,2.23584627902235e-07,0.000727019843651345,0.0024004053193502,1.3287534534409e-05,6.93394335615358e-06,2.45934932612301e-08,3.18530490846684e-06,1.51553733433059e-05,-3183.70164707263,0.0697408271003192,0.0557544461959895,1,0.427564844908781
"quadratic",1600,"sir_collapsed",142,34.436,3674.20050114629,3705.77220205193,2179.55840927371,992.669828744989,6965.38125200054,3228.40633401854,6956.5274166802,3137.69755280124,106.696494980436,107.61331751806,63.2930192029769,28.8265137862989,202.270334882116,202.013225016849,0.00148021114958033,0.00141606906418702,1.88799663352956e-07,0.000731742722389826,0.00232674338323107,9.45036760222681e-06,7.00575620660456e-06,6.81127894501596e-10,2.84572944835226e-06,1.4746272305209e-05,-3155.12010560072,0.0823738096622801,0.0624663336386074,0.98375,0.426549465595747
"quadratic",1600,"sir_collapsed",143,34.579,2821.22698843783,3063.48071822404,2077.80939169048,1064.69000890513,6937.074549979,2934.6425331978,6819.80160189054,2746.31017120689,81.5878709169679,88.5936758791186,60.088764616978,30.7900751584816,200.615244801151,197.223794843418,0.00142280326255514,0.00136496112384697,1.60177557857703e-07,0.000723529624615335,0.00223824197780744,9.23535465515285e-06,7.08752294393238e-06,2.93967922348787e-10,3.50237661256174e-06,1.49739886013517e-05,-3155.24335523661,0.0894980162429241,0.0714303317572005,0.991875,0.425922604014075
"quadratic",1600,"sir_collapsed",144,34.401,3098.35945084059,3164.75755537784,1886.62362681883,943.497669787067,6895.62180341745,3260.26621430729,6855.4640511556,2904.57350166524,90.0659704904098,91.9960918397093,54.8421158343893,27.426460561817,200.448295207042,199.28095262218,0.0014537966054027,0.00139410794463486,1.83752828067452e-07,0.000720406099400406,0.00229885213894374,1.03688136475331e-05,7.06366586894745e-06,2.66145743430489e-09,3.40690219258689e-06,1.55432083940223e-05,-3168.69665469782,0.0728155234319741,0.0592598484524913,1,0.427427852785992
"quadratic",1600,"sir_collapsed",145,34.845,3132.08108533741,3098.02698915427,1900.81809963373,935.071607989427,6916.87132923565,3336.59174120872,6965.93921568916,2934.58750754237,89.8860980151358,88.9087957857445,54.5506700999779,26.83517313788,198.503984193877,199.912160014038,0.00138275405647729,0.0013184878764963,1.6229331302977e-07,0.000684585505853026,0.00216701828638932,1.02732920582395e-05,6.55646258185786e-06,1.30642224021398e-08,2.81607734226147e-06,1.30775609810831e-05,-3142.98805375443,0.076694194737819,0.0650924252523069,0.9975,0.420654227303087
"quadratic",1600,"sir_collapsed",146,34.64,3085.86444226716,3475.17925905186,1800.11723861431,1173.69143763685,7051.37044359694,3175.80628566299,7112.37929958157,3150.43704292285,89.0838464857725,100.322726877941,51.9664329854015,33.8825472758905,203.561502413307,205.322728047967,0.00146148379565399,0.00139538329517325,1.84125651397373e-07,0.00075022317565049,0.00229797663951402,9.9772215420395e-06,6.86937408832855e-06,9.67927304377266e-09,3.36477563326428e-06,1.30901515147919e-05,-3176.46613584502,0.0725069327690503,0.0591966295340672,0.99625,0.42562708201266
"quadratic",1600,"sir_collapsed",147,34.613,2906.48695857654,2983.03190001086,1998.89711280365,1064.68232944392,6871.79781252281,3053.8029185707,6793.09901871923,2715.08472082264,83.9709634696947,86.1824141221755,57.7498949181998,30.7596085125219,198.532280141069,196.258602800082,0.00139570942864328,0.00133940724663336,1.67777221817064e-07,0.000681867884683531,0.00219555329614954,1.08100943748491e-05,6.82671399312381e-06,5.86434421852454e-09,3.71841819587098e-06,1.48767734587876e-05,-3136.26500284618,0.0841180319955625,0.0675378211416525,0.999375,0.426164748584955
"quadratic",1600,"sir_collapsed",148,34.616,3369.07403944217,3411.01122937975,1821.04626927195,1275.94948111957,7249.85009853129,3579.32242396767,7254.07013845877,3339.95159074973,97.3270753247681,98.5385726074574,52.6070680977567,36.8601074970987,209.436390643959,209.55830074124,0.00169847798370234,0.00161838476520024,2.80532679417468e-07,0.000837760723417923,0.00278596892743138,9.76116203515624e-06,7.24602460666429e-06,9.40896345841775e-10,3.24129982774998e-06,1.5376784401442e-05,-3150.22823462077,0.0817758929534579,0.0676366338257593,0.9925,0.438417412633977
"quadratic",1600,"sir_collapsed",149,35.31,3513.84339854361,3677.94889999674,2032.58341823926,1243.09114257625,7138.19873461163,3587.91136025484,7019.98826672569,3005.83238758866,99.5141149403457,104.161679410839,57.5639597348983,35.2050734232866,202.157993050457,198.810202965893,0.00159372490665117,0.00152800095881882,2.27946188495604e-07,0.000795189077190161,0.00253690705040808,9.88084039911688e-06,7.12218935615219e-06,1.48861792143697e-09,3.30977147099245e-06,1.45822866885477e-05,-3203.87018093142,0.0861706663536005,0.0709715676265034,0.996875,0.432395583722395
"quadratic",1600,"sir_collapsed",14,34.771,3295.01445139341,3173.61752660265,2085.48917375677,784.983266608753,6826.43689183569,3383.15098605038,6801.66251783268,2742.93752268497,94.7632927265079,91.2719659084481,59.977831346719,22.5758035894496,196.325584304038,195.613083254226,0.00138605719918565,0.00132403660744306,1.61214840478015e-07,0.000709811408150348,0.00219707528490092,1.17189781547576e-05,7.00703700641587e-06,1.09954445669049e-08,2.87745300067427e-06,1.48684696365264e-05,-3169.53205481087,0.0729062590390432,0.0613355763532831,1,0.425271087300327
"quadratic",1600,"sir_collapsed",150,34.914,2488.96368644858,2593.60399039641,1539.38274583587,1491.38479575816,6796.64257389302,2648.87122259412,6779.691522196,2317.40443030379,71.288414001506,74.2855012429516,44.0907013185503,42.7159533642138,194.668115194278,194.182606467205,0.00138727500582409,0.0013285173195023,1.680303391385e-07,0.000711809485127522,0.00220516816516055,8.41510844088887e-06,6.95196894213155e-06,9.90506904605874e-10,3.79961445913798e-06,1.33953483279754e-05,-3136.87867809798,0.0787609083137368,0.0632492653303331,0.98875,0.423215034237254
"quadratic",1600,"sir_collapsed",151,34.664,3184.06941590107,3235.68864283311,1883.29635054161,1031.31349013546,7035.78710785435,3389.63748133366,7017.61806692975,2991.22450452445,91.8552220142243,93.3443527242417,54.3300354991233,29.7517161936147,202.971010496606,202.446863227837,0.001545448618852,0.00148239137647224,2.19588881787015e-07,0.000757957108057281,0.00246426615995157,1.10524185346385e-05,7.21547679416078e-06,6.1059902797952e-09,3.36622745544738e-06,1.54425750994363e-05,-3169.69664787618,0.0747990232618907,0.0617501637725665,0.99125,0.430503774847961
"quadratic",1600,"sir_collapsed",152,34.817,2493.21972541478,2830.81410234591,1464.19265730984,1311.97351970312,7222.61707124749,2725.804684941,7170.66434531363,2680.65003444122,71.6092634464423,81.3055146148695,42.0539580466392,37.6819806331136,207.445129426645,205.952963934677,0.00173982355102853,0.00167306236369538,2.8463197417531e-07,0.000847486125122853,0.00284390836109574,1.18821727024099e-05,7.42705324127826e-06,1.20465724159176e-08,3.67072898149833e-06,1.42781928961854e-05,-3175.38743470266,0.0912225315605595,0.074129361443597,0.98375,0.443432936536304
"quadratic",1600,"sir_collapsed",153,34.558,3036.97209460435,3185.25265105421,1763.69092040504,1187.39476178276,6910.92251374345,3215.74973834924,6860.62570401307,2819.21555595856,87.880435632975,92.1712093018753,51.0356768448706,34.3594757156883,199.980395675197,198.524963945051,0.00139227388796353,0.00133296137304217,1.56789044119289e-07,0.00076292815723722,0.00222027458774512,1.05412194890663e-05,7.17671349934963e-06,3.86697514449228e-08,3.66239496672255e-06,1.31509928637894e-05,-3164.16421413251,0.0868378029869188,0.0672677915022881,0.99,0.423932893119618
"quadratic",1600,"sir_collapsed",154,34.565,3165.85817957791,3311.35687225863,2306.72917960153,1551.1814910701,7020.08447116033,3291.09035398843,6944.13230290424,2919.07149450615,91.5914416194967,95.8008642343014,66.7359808940122,44.8772310449905,203.098060788669,200.900688641812,0.00145846688448459,0.00140582836269492,1.70948398570204e-07,0.000786696867996357,0.0022940668702198,9.33260318840605e-06,7.40750248434853e-06,8.76419033191028e-10,3.35309742094085e-06,1.38860467039732e-05,-3154.34346333738,0.0920529741809169,0.07392758867557,0.993125,0.427536353526603
"quadratic",1600,"sir_collapsed",155,34.564,2895.88142062325,2732.4315389661,2123.30266494139,1199.06493921633,6828.08987596785,3020.4320220584,6903.07212605156,2544.18535565708,83.7831680541388,79.0542627868909,61.4310457395379,34.6911508857866,197.54918053373,199.718554740527,0.00139468827505133,0.00132975728144167,1.62247054743522e-07,0.000717846716013359,0.00219444424238839,9.20634648637924e-06,6.95367285144681e-06,1.81751856370966e-09,3.47403392036379e-06,1.28412528547766e-05,-3161.73166407366,0.0733621241758906,0.0593642758911608,1,0.421929858153487
"quadratic",1600,"sir_collapsed",156,34.502,3269.69045451757,3132.7823019769,2121.40452039127,919.69533352567,6814.99621342686,2982.82880104351,6851.02025707855,2745.515460627,94.7681425574625,90.8000203459771,61.486421668056,26.6562904621665,197.524671422725,198.56878607265,0.00132523656930935,0.00127028219938088,1.36118814746754e-07,0.000717480012211085,0.00210243383097722,9.32462752416897e-06,7.04822584668634e-06,1.00094795114339e-09,3.02697851474603e-06,1.33080402433915e-05,-3169.07924324697,0.0792011385144853,0.0632734050602678,1,0.419732779679788
"quadratic",1600,"sir_collapsed",157,34.475,3162.03182224102,3229.99115558931,2154.81740515406,1243.48290288387,6918.25275435376,3206.50429416039,7007.62401285145,2988.04358441884,91.7195597459323,93.6908239474782,62.5037680972896,36.0691197355727,200.674481634627,203.266831409759,0.00145465288246525,0.00140364899187069,1.77967701324964e-07,0.000755406162267281,0.00231193262390921,8.49282465075695e-06,7.12437985461651e-06,1.28159539907716e-10,3.70941449383874e-06,1.42845148285682e-05,-3175.74510401244,0.0855545861572989,0.0694010559930406,0.993125,0.42439996614785
"quadratic",1600,"sir_collapsed",158,34.838,2966.91515315096,2786.21767131881,2190.2081278431,1162.25716054952,6935.63207555623,3089.93945606392,6933.55740422795,2652.709086409,85.1631882757611,79.9763956403586,62.8683658029478,33.3617647554257,199.082383476555,199.02283151237,0.00143093982293997,0.00135722013335509,1.76520828824222e-07,0.000718099920964314,0.00226406813855855,1.05211526073712e-05,7.02068970315581e-06,2.3006766277035e-09,2.94880215906216e-06,1.43707067598726e-05,-3139.13158279385,0.0699603052839131,0.0542653879266882,0.995625,0.425351878785929
"quadratic",1600,"sir_collapsed",159,34.419,2903.88349692888,2915.13724495526,2301.2206092727,1028.70780167566,6875.99178682413,2967.79313832651,6851.59216069409,2764.07816628597,84.3686189874452,84.6955822352555,66.8590199968827,29.8877887700298,199.77314235812,199.064242444408,0.00137658493383517,0.0013113163384241,1.58061127170081e-07,0.000739521510146738,0.00220219578383383,9.39570328133573e-06,7.12132379314014e-06,2.23041526859529e-09,3.24186644232556e-06,1.34992220635712e-05,-3171.52998356926,0.0905321685779296,0.0747149371932312,0.985625,0.421984272659183
"quadratic",1600,"sir_collapsed",15,34.738,2217.0662270513,2785.5196339888,1605.69260502428,1682.5628207586,6958.26705192434,2337.60217654353,7003.59173862543,2524.55043308506,63.8225063921727,80.186528700236,46.2229433192549,48.435800010323,200.307071562103,201.611829657016,0.00140890601763898,0.00135449626865737,1.66576336412654e-07,0.000750531509782803,0.0022453092805859,8.33883147951302e-06,7.01726767255361e-06,3.62872341271296e-10,3.54332850139268e-06,1.29561389895133e-05,-3155.54014218248,0.0853245701800166,0.0666339849498407,0.991875,0.424979919618767
"quadratic",1600,"sir_collapsed",160,34.523,2968.02212286882,2578.2077387444,1862.48599942826,1672.3648288711,6806.05437280045,3108.88317140822,6860.53529424072,2520.17684986975,85.9723118752374,74.6808718461431,53.9491353424749,48.442048167051,197.145508003373,198.723613076521,0.00133715446815523,0.00128351787223659,1.43574800335991e-07,0.00069415194254006,0.00208546237734947,7.99435512014981e-06,6.66664958423098e-06,2.31016918631302e-10,3.00050731640778e-06,1.24427367192598e-05,-3147.46233714477,0.0723863833576391,0.0588171214833628,1,0.418791166971864
"quadratic",1600,"sir_collapsed",161,34.798,3082.64040121865,3183.19346420221,1730.19915464115,1117.42740539789,6870.77486622757,3237.78351491872,6853.21851257884,3081.16569643269,88.5867119150139,91.4763338180991,49.7212240542891,32.1118284211129,197.447406926478,196.942885010025,0.00140918171439771,0.00135334506161519,1.6643399752672e-07,0.00068099517321828,0.00218521116283879,1.02288627239114e-05,7.01794876086204e-06,2.70932044407045e-09,3.61496101952997e-06,1.4312481916195e-05,-3137.46192222349,0.0824995107556877,0.0668085134221479,0.99875,0.424227875874666
"quadratic",1600,"sir_collapsed",162,34.519,2990.7017108199,2949.35153570064,2270.40706069139,844.728404621589,6713.21218035497,3086.69883458799,6668.97224267053,2754.92825021893,86.6392917181814,85.441395628513,65.7726776758131,24.4714042881193,194.478756057677,193.197144838221,0.00135524674140902,0.00130377680282647,1.41451854394721e-07,0.000703396279081947,0.00212299151111124,1.09601039559e-05,6.99658565466824e-06,1.56054012432301e-08,2.947296384735e-06,1.58167169340931e-05,-3141.23947301023,0.0880992721311568,0.0704341939529991,0.991875,0.426647638052863
"quadratic",1600,"sir_collapsed",163,35.045,3040.81823442953,3145.69182339217,1483.12328052191,847.821617189412,7014.55036896305,3227.45439738275,7007.05185135011,2891.49870848607,86.7689608911264,89.7615015948685,42.3205387508035,24.1923703007394,200.158378341077,199.944410082754,0.0015495428345895,0.00148109982667784,2.1541211045411e-07,0.000758886104941965,0.00244938469275413,1.0096558095279e-05,6.86664345372759e-06,2.72440542530026e-09,3.43904076004828e-06,1.32275300496393e-05,-3162.09810506918,0.0944836843154487,0.0787497296231141,0.99,0.431376507237807
"quadratic",1600,"sir_collapsed",164,34.677,2723.40076949731,2496.30949414065,2036.84476457361,1135.94362951,7095.26844598692,2871.55300505935,7060.66094456303,2278.59963785978,78.536227744537,71.9874699120641,58.7376291078701,32.7578403411483,204.610215589207,203.612219758429,0.00157733566025367,0.00151268733708763,2.18206944550527e-07,0.000769366811435813,0.00248088535154713,9.66974675923465e-06,7.42394016103796e-06,1.46888541413382e-09,3.60353869574458e-06,1.50977984934352e-05,-3156.57845312655,0.0918794609317965,0.072321075420047,0.980625,0.431507238306977
"quadratic",1600,"sir_collapsed",165,34.672,2786.75349002983,2714.21284620292,1506.0669650156,1405.44363969347,7123.26421901297,2879.07509446383,7155.47601218978,2607.41289186093,80.3747545578516,78.2825578623361,43.4375566744231,40.5354072361983,205.447168291791,206.376211703674,0.00154100338735314,0.00147431983464712,2.03767240225377e-07,0.000767066036594475,0.0024258964670861,8.98665786259459e-06,7.02350202588104e-06,9.09377330070641e-10,3.82879181483599e-06,1.33363881863776e-05,-3187.07860960127,0.0820945657088036,0.0648498530204907,0.99125,0.427273101320387
"quadratic",1600,"sir_collapsed",166,34.596,2567.86311062426,2777.29397575624,2048.99786534996,1368.11644077237,6747.24204295701,2675.2699360644,6826.18507618712,2465.3774232538,74.2242776802018,80.277892697313,59.2264384712094,39.5455093297597,195.029542229073,197.311396583048,0.00133246405884348,0.00128310769925597,1.3839446417355e-07,0.000690923932171162,0.00204614640489189,8.61139751139608e-06,6.91487621103712e-06,7.47643565503467e-10,3.25107258501804e-06,1.3263290239312e-05,-3151.72190512627,0.0798351931514447,0.0674808986977875,0.999375,0.421185729748874
"quadratic",1600,"sir_collapsed",167,34.634,3191.54477215602,3198.25775418712,1832.01616688736,1072.4546253557,6914.15625555272,3381.01954152231,6854.08951935414,3114.44917001016,92.1506257479939,92.344452104496,52.8964649444869,30.9653700223971,199.63493259666,197.900604012073,0.00145814073091409,0.00138612599777419,1.8856604465913e-07,0.000717549635021545,0.00232711699423899,9.50369615302109e-06,7.12536666248967e-06,1.33388856776975e-09,3.44280846075637e-06,1.56741446833323e-05,-3186.78939534981,0.0734238014282136,0.058063863868213,0.99375,0.42832886143764
"quadratic",1600,"sir_collapsed",168,34.677,2483.97983792602,2791.35361386429,2031.10752510892,1327.16595547746,6731.31858428987,2646.67862621194,6764.95709564616,2595.44214533899,71.6319127354161,80.495821837653,58.5721811318431,38.2722252639345,194.114790330475,195.084842853943,0.00132141193509779,0.00126676418898246,1.46365667921002e-07,0.000676010226109113,0.00208678750469077,8.58065014994778e-06,6.83131635836902e-06,8.17459787530332e-10,3.08270610358279e-06,1.278821384682e-05,-3145.42455556155,0.0860250661820626,0.0668732883656936,0.981875,0.421007684566288
"quadratic",1600,"sir_collapsed",169,34.802,3178.95430753357,3327.38896065154,1382.70949274149,937.204656622817,7274.13367514498,3359.07172233722,7267.13768464228,3007.84401934226,91.3440120548696,95.6091305284621,39.7307480242944,26.9296206144135,209.014817399718,208.813794742897,0.0017554432106407,0.00166813747331926,3.18252969192868e-07,0.000868995980169926,0.00287994560093849,1.11921450792266e-05,7.28343051436502e-06,4.99989470006332e-09,3.76979334873752e-06,1.52861928162058e-05,-3200.97906681496,0.0841958243071718,0.0656864567650548,0.996875,0.439808057189126
"quadratic",1600,"sir_collapsed",16,34.458,3174.48038465361,2965.52874261464,1695.809843672,1190.52206250951,6830.71579096028,3061.4789971079,6872.12850830019,2881.79724566842,92.1260776787279,86.0621261423949,49.2138209899587,34.549946674488,198.233089295963,199.434921013994,0.00136904813354299,0.00131063462433136,1.57928859577507e-07,0.000704102044311452,0.00216866837159265,8.49028227811292e-06,6.97498268002054e-06,5.33912236442478e-10,2.81979248184935e-06,1.3070878109798e-05,-3158.69340810641,0.0800431710189698,0.0631650734308307,0.994375,0.422383899143747
"quadratic",1600,"sir_collapsed",170,34.792,3537.45565110597,3456.39440282102,1721.37116716885,1195.23294570973,7199.24875542487,3719.10873115344,7152.7563270115,3290.64023625942,101.674397881869,99.3445160617677,49.4760625192244,34.3536716977962,206.922532634654,205.586236117829,0.00165368995703395,0.00157529833508133,2.46422743880269e-07,0.000839705969375264,0.00265084737057623,8.72772323456458e-06,7.12446021121137e-06,2.69490257073274e-10,3.5102155990535e-06,1.44792052509192e-05,-3128.27801192975,0.0854101443171405,0.0676081756617342,0.985625,0.438443939564523
"quadratic",1600,"sir_collapsed",171,34.943,2635.28859991039,2892.54198414675,1720.0377110545,950.069656250527,6760.42028093861,2802.35414603798,6705.6375141094,2530.84543823728,75.4167816132099,82.7788679892039,49.2240995637038,27.189126756447,193.469944794054,191.902169650843,0.00130798795065231,0.00124728273199339,1.3493523198106e-07,0.000717686641487789,0.00206332411469139,8.39855209719632e-06,6.92717884701345e-06,5.50132177629972e-10,3.70798016775079e-06,1.29848155408451e-05,-3158.09887052308,0.0909724272899918,0.0744368039586855,0.99625,0.420125237874268
"quadratic",1600,"sir_collapsed",172,34.54,2550.50450714765,2651.9313936453,1936.38305223035,1254.50542108542,7067.04492207438,2722.94301430841,7037.83980784767,2289.00969954542,73.8420528994687,76.7785580094181,56.0620455191185,36.3203654049049,204.604659006207,203.759114297848,0.00152017487680507,0.00144933324086197,2.04189394475671e-07,0.000761931973359701,0.00239192283339804,9.55826223389645e-06,7.21647945553483e-06,2.46631862582438e-09,3.55264730895547e-06,1.38907545004658e-05,-3143.40908483867,0.081303399597879,0.0641150772158591,0.993125,0.430845814902343
"quadratic",1600,"sir_collapsed",173,34.63,2653.50208985979,2725.48792150608,1692.86018593297,1561.54265292673,7061.4808851528,2704.64957993853,7016.52468793577,2320.57525097145,76.624374526705,78.7030875398811,48.8842098161413,45.092193269614,203.912240402911,202.614053939814,0.00160274931874376,0.00154015921134699,2.19757159156332e-07,0.000769441412850739,0.00254277049519956,9.81397656676078e-06,7.42207030329266e-06,1.30701035719232e-09,3.45374895594628e-06,1.44349967939054e-05,-3092.71405448617,0.100041549203961,0.0781062530651837,0.98625,0.437702769217456
"quadratic",1600,"sir_collapsed",174,34.899,2484.26819030807,2725.39673303944,1253.54118332705,1194.77978990502,7022.95475292976,2605.95739850694,6990.59924916516,2486.59082767477,71.1845093070882,78.0938345809176,35.9191146831442,34.2353588900832,201.236561303469,200.30944294006,0.0014902680500389,0.00142653463774302,1.88731624683149e-07,0.000784596400862963,0.00243211673146234,8.67607663246137e-06,7.03203135477692e-06,2.37305435473524e-10,3.65300588072424e-06,1.36856685558972e-05,-3151.38549252181,0.0665544685953064,0.0525658211270677,1,0.428824586691355
"quadratic",1600,"sir_collapsed",175,34.525,3193.44838380909,3464.60453485974,1805.7351950617,1206.12589010978,6827.63034624373,3177.73863939657,6831.03979794306,2951.91217613322,92.4966946794813,100.350602023454,52.3022504000494,34.9348556150553,197.759025235155,197.857778361856,0.00136304472374789,0.00129532644194261,1.48662431226686e-07,0.000689660872805757,0.00210545975381973,8.40796812784644e-06,7.04116351375776e-06,3.59371783586889e-10,3.32115819313095e-06,1.35278471295365e-05,-3181.66204088578,0.0919461540428842,0.075242061021131,0.976875,0.41859660206802
"quadratic",1600,"sir_collapsed",176,34.599,2855.11729495212,3001.28191864612,1622.73281260192,1034.76897792336,6673.01836663409,3003.33600582699,6467.15440899959,2684.31942033995,82.5202258721964,86.744759057953,46.9011477962345,29.907482237156,192.867376705514,186.917379375115,0.0014551631438412,0.00139457575421542,1.77358069552345e-07,0.000715497043048262,0.00226023643643521,1.60616923735224e-05,7.37021055790158e-06,1.97660084396763e-08,3.23074635948613e-06,1.68386841704203e-05,-3149.48270416213,0.0842782654308453,0.0680830146492207,0.998125,0.429828704293976
"quadratic",1600,"sir_collapsed",177,34.827,2861.02197334563,3038.62842572755,1617.07765674574,1170.91098717091,6783.15932139952,3022.07014922946,6843.65127195577,2782.8532353059,82.1495383853227,87.2492154284764,46.4317241435019,33.6207823576795,194.767258776223,196.504185601854,0.00135293360189967,0.00129195860349873,1.5611383197666e-07,0.000686675257853874,0.00215666011486811,8.75952402889775e-06,6.78381672431878e-06,1.26029930188668e-09,3.65980609475646e-06,1.33956715736189e-05,-3157.97010110849,0.074542206688465,0.0569146937682334,0.999375,0.422038777650602
"quadratic",1600,"sir_collapsed",178,34.668,2651.29715972053,2973.67449910561,2028.02035017835,1092.50667516629,7058.49463986218,2869.24619897898,7040.67981430452,2798.33667637826,76.4767843463867,85.7757730213917,58.4983370883337,31.5134035758132,203.602591434815,203.088722000246,0.0015183440874739,0.00145155627673415,2.05862895154117e-07,0.000734617665581713,0.00238527800836077,1.03336201831076e-05,7.16652570921018e-06,1.80479964994795e-09,3.27845874872284e-06,1.53849028588134e-05,-3148.26056055194,0.0769304360784928,0.0635445912878031,1,0.430758700306286
"quadratic",1600,"sir_collapsed",179,34.68,3044.57357430028,3148.89911301798,1963.86148738079,1414.08902326948,6777.02152536214,3246.31198044187,6751.38339220901,2899.86838381982,87.7904721539873,90.7987056810261,56.6280705703804,40.7753466917383,195.415845598678,194.676568402797,0.00141437135050297,0.00135647681839593,1.66033372147252e-07,0.000713333562540224,0.00222230525045851,9.87273281901916e-06,7.29406549602071e-06,8.50725549693855e-10,3.40086217510462e-06,1.51504786531036e-05,-3174.50405377077,0.09636316985494,0.076110419600618,0.983125,0.427118280124251
"quadratic",1600,"sir_collapsed",17,34.805,2756.84426255092,2722.36554123325,1969.63225483508,1327.01132138339,6761.74970037852,2937.88342633373,6792.73095767172,2495.96356333984,79.2082822166621,78.2176566939592,56.59049719394,38.1270312134289,194.275239200647,195.165377321411,0.00132161155379689,0.0012682626303852,1.31149949489318e-07,0.000697395917045906,0.00202004055451943,8.32510201997811e-06,6.98439477287666e-06,3.98762884910704e-10,3.24190563072092e-06,1.309868033004e-05,-3181.0281406668,0.0759831763037487,0.0591209934661119,1,0.418573629643302
"quadratic",1600,"sir_collapsed",180,34.654,2449.84181770572,2791.37318162212,2009.31725873181,1064.64218723509,6905.8735452702,2604.46995733478,6924.20294518764,2354.25392448635,70.6943445981911,80.5498119011404,57.9822605970974,30.7220576913225,199.280704832637,199.809630783968,0.00136430213682912,0.00131534767125854,1.55334111090614e-07,0.000724117446609334,0.00216459948800893,9.59948847982376e-06,6.6354815953951e-06,4.17885182058206e-09,3.49997857423471e-06,1.33045249478721e-05,-3155.1665423886,0.0753173246770688,0.0565773186006185,0.980625,0.419574054272664
"quadratic",1600,"sir_collapsed",181,34.958,2941.3697339759,3083.56765201281,1912.6969817399,1372.31006190342,6888.72356270354,3088.00683121313,6861.48015038487,2993.15212540588,84.140103380511,88.2077822533557,54.7141421631643,39.2559660708113,197.057141790249,196.277823399075,0.00142517370965671,0.0013737844057585,1.7099771213832e-07,0.000718496754961827,0.00222552210132061,8.73178408435065e-06,7.06863009909233e-06,5.06403619685712e-10,3.63537948953078e-06,1.4150105212351e-05,-3162.59558451817,0.0784597525361455,0.0632521691915465,1,0.425186955972637
"quadratic",1600,"sir_collapsed",182,34.488,2972.91357010621,3118.78359341841,1886.59463891701,988.789243608975,6856.07348704002,3125.983051775,6793.13440430318,2893.24144974348,86.2013909216599,90.4309787003714,54.7029296832813,28.6705301440784,198.795914145211,196.970958139155,0.00140046901557818,0.00133688100053249,1.60113661225771e-07,0.000772777398322916,0.00227865261111872,8.79223388023212e-06,7.03085744392177e-06,6.45811323127133e-10,3.05505145221587e-06,1.29274291818046e-05,-3142.25852757503,0.0827884659133242,0.0643310692122321,0.995625,0.424384559719263
"quadratic",1600,"sir_collapsed",183,35.135,3424.30416448638,3656.39205482674,1892.37124205687,1178.77787384044,6885.23138657647,3300.89009964394,6855.17082439425,2998.14105669105,97.4613395328412,104.066943356389,53.8600040431727,33.549960832231,195.965031637298,195.109458499907,0.00137528413018355,0.00132148516978406,1.52927310195579e-07,0.000704939546891534,0.00210163715528945,9.03239347941539e-06,6.80700947784838e-06,1.11340333697032e-09,3.25631124383075e-06,1.32395874038634e-05,-3150.0967601975,0.0742469704065812,0.0600449982657199,1,0.423032966222027
"quadratic",1600,"sir_collapsed",184,34.739,2725.64075954179,3050.20276315033,1923.96343400475,1089.95437031721,6737.13406299253,2834.17029732685,6746.56588529939,2745.83586228146,78.4605417410342,87.8034129695827,55.3833856473919,31.3755252113535,193.935751259177,194.207256550257,0.0013386892100362,0.00128651454686344,1.34750488895359e-07,0.000700243533433349,0.00209001425262577,8.4585625201781e-06,6.85776260880454e-06,3.07177294852241e-10,3.48889862433647e-06,1.28023761185899e-05,-3142.39065805491,0.103020852910781,0.085195430838306,0.97625,0.422370871237365
"quadratic",1600,"sir_collapsed",185,35.196,2779.88157194733,2733.8766624972,2005.81350602239,1172.9784337502,6878.12019663251,2933.90651685612,6929.68326288241,2614.96896236264,78.9828836216424,77.6757774320151,56.98981435454,33.3270381222355,195.423349148554,196.888375465462,0.00148443850963583,0.00142540217312277,1.84297395108319e-07,0.00077874812257778,0.00237952193821287,9.28866111412624e-06,7.30057755972313e-06,1.30149427797202e-09,3.71854753067439e-06,1.39600845493584e-05,-3143.80951229314,0.0971206557229387,0.0761360045250287,0.981875,0.427526657290413
"quadratic",1600,"sir_collapsed",186,34.43,2633.08159327634,2687.13704572886,2067.68252001961,1499.07270479479,6968.00208416462,2743.68971495483,7006.27624865142,2537.58586174402,76.4763750588538,78.0463852956393,60.0546767359748,43.5397242171012,202.38170444858,203.493356045641,0.00144124284829522,0.0013876864887767,1.81482217311498e-07,0.000736266459832299,0.00228780079488294,8.13270314040842e-06,6.79829479729714e-06,6.97104105696822e-10,3.73527216752803e-06,1.18398443390632e-05,-3146.58664385364,0.0821989704677453,0.0619250024204569,0.985625,0.428085630462446
"quadratic",1600,"sir_collapsed",187,34.981,3124.28407314345,3134.66882703141,1596.34804673415,1124.88884591185,7134.17277677398,3274.88753707089,7153.64151157378,2849.23333855777,89.3137438364668,89.6106122475462,45.6347173246663,32.157138043848,203.944220484663,204.500772178433,0.00157881797814984,0.00150596212343385,2.36732797102607e-07,0.000811638229131741,0.0026099577887001,1.00319718683296e-05,7.15034965207215e-06,2.25869508080325e-09,3.34508679680629e-06,1.35023770535454e-05,-3152.85823290585,0.0807633826000775,0.0640999311841637,0.9975,0.434079279146638
"quadratic",1600,"sir_collapsed",188,34.852,3152.77012979316,3014.45950079945,2130.03237940502,1281.09520456269,6977.37014103706,3341.19697867794,6971.57210562255,2920.59116415354,90.4616701995053,86.4931568001678,61.1165034834448,36.758154612725,200.199992569639,200.033630942917,0.00144876472744608,0.00137723505546935,1.80270920736562e-07,0.000742312369376188,0.00227240735984917,9.79883437090984e-06,7.12256092735705e-06,3.88279889367607e-09,3.37213531431114e-06,1.43731020532516e-05,-3152.17124285464,0.090927011542904,0.0756532678013076,1,0.424857914124906
"quadratic",1600,"sir_collapsed",189,34.552,2823.25937482398,2864.48409633642,1788.94919994107,1517.20791922477,6896.83260756404,3033.54216829064,6873.84142494379,2713.8904073291,81.7104472917337,82.9035684283521,51.7755614708577,43.9108566573504,199.607334092499,198.94192593609,0.0014679673745538,0.00140889786089671,1.73485225051807e-07,0.000738427467097588,0.00229889034661376,8.84459841293304e-06,7.10411473719389e-06,3.02265931781547e-10,3.7570533932937e-06,1.5152179189422e-05,-3171.23801142305,0.0702812448092517,0.0542942888330507,0.9975,0.427524765634539
"quadratic",1600,"sir_collapsed",18,34.739,2707.14201354486,3082.71256926472,1539.84245741318,1179.38812427277,6915.458164229,2771.09764593463,6937.27699734084,2665.00981295091,77.9280351635009,88.7392431925132,44.3260444288315,33.949973351932,199.069004986586,199.697083892479,0.00150933098724739,0.00143976518084603,2.01310378835546e-07,0.000748617380081937,0.00237608398823124,1.04374979140972e-05,7.15259310521673e-06,2.87069484330802e-08,3.53197723497737e-06,1.37068985627574e-05,-3154.32711248075,0.0782620638441937,0.0615078365154977,0.988125,0.430134468084479
"quadratic",1600,"sir_collapsed",190,35.17,2273.94617032607,2427.2923124114,2079.87902230093,1128.88065606164,6676.73720012217,2393.02904620364,6596.0451914893,2165.59915767883,64.6558478909887,69.0159884109015,59.1378738214653,32.0978292880761,189.84183110953,187.547489095516,0.00131343993491762,0.00126464932161489,1.35773109205211e-07,0.000661594213675291,0.00203292179087146,1.02975896822589e-05,6.91643393224798e-06,4.74495209102537e-09,3.65186630071785e-06,1.49149194852276e-05,-3128.84384193814,0.0823479291788347,0.0626022816930753,1,0.421697700629706
"quadratic",1600,"sir_collapsed",191,34.989,3488.03202070284,3420.00559052951,1731.12136380988,1598.1184811037,7207.96960667437,3292.06057016475,7235.20126365867,2987.06143269669,99.6893886850965,97.7451653528113,49.4761600448679,45.6748829947613,206.006733735585,206.785025684034,0.0017035203507802,0.00163336869990398,2.76753010982445e-07,0.000812681864867922,0.00274783976609679,8.81629759232759e-06,7.68263301216335e-06,7.9266257038105e-11,3.86144465661399e-06,1.47494217470646e-05,-3151.53487801417,0.0945886977414108,0.0716448652914688,0.988125,0.443046599416837
"quadratic",1600,"sir_collapsed",192,34.865,3403.4889886147,3320.3196505118,1718.62085375004,1076.75517175658,6875.40094164573,3120.06133916833,6801.89568627049,3121.12842711006,97.6190732429285,95.2336053495426,49.2935853649802,30.8835557652827,197.200658013645,195.092375914828,0.00138313870989775,0.00132939932316916,1.52862324284125e-07,0.000713699952486314,0.00214815222103684,9.13791865468418e-06,7.0143142568586e-06,1.22357398845101e-09,3.55964481509563e-06,1.32418735539488e-05,-3186.73830079661,0.0942790159618431,0.0765744766570514,0.9675,0.423183019862917
"quadratic",1600,"sir_collapsed",193,34.623,3084.67794610817,3303.83575812478,2076.35775082606,1034.26852204479,6883.03964927568,3319.27790258997,6813.03789226841,2921.38067424142,89.0933179131841,95.423151030378,59.9704748527296,29.8722965093953,198.799631726762,196.777803548751,0.00138905912532559,0.0013317116879197,1.62355337424457e-07,0.000673497931801547,0.00212617607944271,9.54667466732069e-06,6.87711824028057e-06,2.03620116776953e-09,3.578049947152e-06,1.50712679245831e-05,-3169.08069911614,0.0803817946819063,0.0654476659083952,0.994375,0.422422083839733
"quadratic",1600,"sir_collapsed",194,35.117,2874.79790606719,3063.88293197728,1865.14651042589,1071.34181526631,7029.38416698636,3004.54199840033,6995.62390645254,2912.94598346808,81.8634252945068,87.2478552261663,53.1123532883187,30.5077829901845,200.170406554841,199.209041388858,0.00156022939105054,0.00149596036043467,2.19111225407518e-07,0.000754733449968768,0.0024854598182931,9.76858608944159e-06,7.33448795726977e-06,9.03849627393681e-10,3.52312269266397e-06,1.46618682306605e-05,-3126.04835319383,0.0769229351428829,0.0599690617378197,0.9925,0.43420063591346
"quadratic",1600,"sir_collapsed",195,34.603,3367.8376313647,3537.75963515918,1652.27080016059,1606.64167627181,7160.97888640175,3376.49253185454,7143.38357921185,2940.17734727814,97.3279088912725,102.238523687518,47.7493512169635,46.4307047444386,206.946764338403,206.438273537319,0.0016211444227175,0.00155858175487237,2.32568508014664e-07,0.000770990565286373,0.00253362566527411,8.93924609422466e-06,7.28175342552003e-06,6.78162531534158e-10,3.53559696342214e-06,1.39259631755317e-05,-3135.40913231402,0.0901765118448896,0.0718070032248718,0.98375,0.437037339019199
"quadratic",1600,"sir_collapsed",196,34.657,2777.8284527632,2785.25856070244,1624.69409015206,981.256864852553,6731.09802157523,2882.09091196859,6660.81377142246,2494.26555613867,80.1520169882909,80.3664068067761,46.8792477754008,28.3133815636828,194.220446708464,192.192450916769,0.00128610399650973,0.00122378802361992,1.23797128374718e-07,0.000704665567177255,0.00202610694579355,9.07487758926172e-06,6.86147801939595e-06,1.51593901312063e-09,3.2530211759045e-06,1.23323617515831e-05,-3188.1753449631,0.0875716466745816,0.0719586243449329,0.99125,0.41476150583351
"quadratic",1600,"sir_collapsed",197,34.357,2702.24777702892,3008.52698562387,2276.541065103,1080.03344719102,6710.86562598029,2802.71029902132,6664.52489569316,2623.97932485104,78.6520294853719,87.5666381122879,66.2613460169106,31.4356156588473,195.327462408833,193.978662155984,0.00124732802231089,0.00119719252746685,1.15658454467375e-07,0.000654611390651472,0.00191390121801034,8.02531685899708e-06,6.83952280437804e-06,1.0496944714485e-10,3.57362411662115e-06,1.28150408893087e-05,-3148.23968198817,0.0767470052451324,0.0606021961684147,0.990625,0.415563940095982
"quadratic",1600,"sir_collapsed",198,34.441,2448.39527814628,2571.02175859525,2090.90713829426,914.800264712233,6732.79555113755,2574.8188440373,6679.77421972745,2449.28187081403,71.0895525143369,74.6500321882422,60.7098266105589,26.5613734999632,195.487806716923,193.948323792208,0.00127259109196096,0.0012220481959803,1.30366277855621e-07,0.000626017147359971,0.0019821038959855,8.10829730228736e-06,6.95049025080118e-06,9.8499567605788e-11,3.4730376734787e-06,1.29462793406138e-05,-3144.6165166298,0.0844430218990449,0.0664187165576098,0.988125,0.413666001879148
"quadratic",1600,"sir_collapsed",199,34.937,2640.53997519977,2664.94079879293,1648.16534757487,1083.24878250889,6754.18362425148,2743.98169506099,6738.98390394141,2477.18070831918,75.5800433694871,76.2784669202543,47.1753541395903,31.005775610639,193.324659365471,192.889598532828,0.00134793785624279,0.00128556975473083,1.52588969599378e-07,0.000699686744359663,0.00214220337253023,1.05042711636893e-05,7.11836213071545e-06,1.75214027065166e-08,3.2797456959581e-06,1.38387393478724e-05,-3108.2285720315,0.087804655697439,0.0702330604489302,0.994375,0.424037895890053
"quadratic",1600,"sir_collapsed",19,47.244,2967.9655111047,3228.52532517023,2066.48966443763,1218.57367410198,6943.99647847715,3111.07876351833,6809.06118349131,2963.39763338222,62.8220622958407,68.3372560572821,43.7407853788339,25.7931943548805,146.981552757539,144.125416634733,0.00142322499537196,0.00136323322093707,1.61831663398406e-07,0.000752759050479366,0.00224779563278778,9.65820977649902e-06,7.1626901579302e-06,4.74255010232925e-09,3.59684750264795e-06,1.45410066149883e-05,-3150.72833543536,0.0906657918148854,0.0703863120842825,0.996875,0.425994982048115
"quadratic",1600,"sir_collapsed",1,34.547,2913.52481088297,3027.24517044389,2001.45372517706,975.644377102817,6886.97957707994,3087.15233080414,6871.24618968281,2857.5665447921,84.3351032183104,87.6268611006422,57.9342265660421,28.2410738154635,199.351016791037,198.895597003584,0.0013856525737512,0.00132707779167475,1.62389536364423e-07,0.000728528831863896,0.00220127800230072,8.5821587845905e-06,6.91977220976917e-06,6.23036631289591e-10,3.36247562251863e-06,1.32283409520159e-05,-3215.40531152238,0.077360573756264,0.0597540710257189,0.9875,0.42120565833078
"quadratic",1600,"sir_collapsed",200,34.721,2586.27985957828,2885.77768412629,1909.40688525614,1157.2715580155,6837.24888974788,2681.04691960134,6799.76759116269,2719.57958601002,74.4874819152178,83.1133228918028,54.992854043839,33.3305941077591,196.919699598165,195.840200200532,0.00139743264719511,0.00133980439381335,1.60320881204082e-07,0.000727595911238328,0.00220045155811408,1.03607172387265e-05,6.99779261384604e-06,1.14280681971858e-08,3.69474895957872e-06,1.36231411611768e-05,-3146.35689188956,0.089806864681596,0.070014491817903,0.986875,0.426636415316164
"quadratic",1600,"sir_collapsed",20,34.851,2588.53376418459,2620.91616503767,2166.59474471933,1157.5312967721,6768.44496268761,2766.72059828793,6796.65917307893,2310.19133880007,74.274303870322,75.2034709201362,62.1673623344906,33.2137183085735,194.210925445112,195.020492183264,0.00132717443325559,0.00127518821653295,1.40028726250124e-07,0.000723560433690492,0.00212371922184015,9.69980037015245e-06,6.83956302798495e-06,3.6270754149562e-09,3.54984369811172e-06,1.3482918714378e-05,-3136.86285612868,0.0736266647168212,0.0557890069465857,0.9975,0.418905357453336
"quadratic",1600,"sir_collapsed",21,34.508,2937.08883180786,3103.87107824685,1712.12746462524,1118.33766472733,6965.43338536889,3060.09815688992,6882.9079286392,2839.22321392037,85.1132732064409,89.9464204893604,49.6153780174231,32.4080695701673,201.849814111768,199.458326435586,0.00147688765817038,0.00140800184965067,1.87465832582597e-07,0.000753084312845758,0.00233336488906735,9.7224489344801e-06,7.1837393158406e-06,4.25711558680817e-09,3.27090671172672e-06,1.34081340952666e-05,-3182.17932774447,0.0935384797739317,0.0765785256237891,0.9875,0.428240083496474
"quadratic",1600,"sir_collapsed",22,34.613,3058.37717794937,3267.1415190988,1971.60947920016,929.660728966666,6853.23745677911,3261.12319712576,6804.84966027149,3187.52436275738,88.3592054415789,94.390590792442,56.9615311934868,26.8587157705679,197.996055146307,196.598089165097,0.00144254289926776,0.00138519690484693,1.71978794799582e-07,0.000715500045734867,0.00226487410336434,1.79768138410251e-05,7.10921661033772e-06,4.14707296379343e-07,3.20596955241086e-06,1.51452543996008e-05,-3183.85090154435,0.0895173719794103,0.072603074975405,0.97375,0.424174984853378
"quadratic",1600,"sir_collapsed",23,34.87,2914.53527019902,3128.22225406232,1723.45414166818,1462.89290893764,7293.56072189388,3144.01103494455,7330.3097749947,2930.61565559002,83.5828870145977,89.7109909395561,49.4251259440258,41.9527648103711,209.16434533679,210.218232721385,0.00174009240326538,0.00165600214622134,3.13226190831606e-07,0.000883209999276621,0.00294492120752016,9.52485469052054e-06,7.39465638526866e-06,6.3377922098374e-10,3.64020612038834e-06,1.48620801630339e-05,-3151.94483043464,0.0890441768653104,0.0687054251963034,0.9775,0.442160074225803
"quadratic",1600,"sir_collapsed",24,34.756,3346.10395145159,3388.97370168773,1971.63689510653,1237.70149073134,6904.40784901423,3011.29758775021,6882.95752380649,2770.02911521706,96.274138320048,97.5075872277516,56.7279576218935,35.6111603962292,198.653695736398,198.036526752402,0.00138109250284546,0.00130921530702396,1.68274669926862e-07,0.000680035811511622,0.00218366013734159,8.92057577092331e-06,6.89475290572065e-06,5.00109831719967e-10,3.2428005861196e-06,1.38949631942179e-05,-3161.57731253858,0.0789624595921691,0.0637593113770908,0.99875,0.422094891530575
"quadratic",1600,"sir_collapsed",25,34.704,3282.38643209738,3448.89179501027,1659.1830243495,855.256156103171,7064.21227049195,3445.11334620275,7035.80939156276,3185.88533735382,94.582366070118,99.380238445432,47.809561559172,24.6443106299899,203.556139652258,202.73770722576,0.00157418672946452,0.00150014844088996,2.41988956391428e-07,0.000740499067564558,0.00253542197517407,9.82495570461557e-06,7.14612197747407e-06,8.45222146380693e-10,2.56837448344826e-06,1.49746012093209e-05,-3185.73720986249,0.0774972340944579,0.0577326523255967,0.99,0.433636451953505
"quadratic",1600,"sir_collapsed",26,34.631,3110.10721552758,3283.76364201798,1746.70056514446,1120.10964257341,6969.1405401335,3188.35624422613,7026.93581676491,3176.58556748684,89.8070288333452,94.8215079558193,50.4374856384298,32.3441322102571,201.239945139716,202.908833610491,0.00146462414900461,0.00140263056218983,1.85924029001769e-07,0.000776409649962955,0.00237021430471016,9.12954873020621e-06,6.90834675178046e-06,1.25024354382414e-09,3.48232352100866e-06,1.34934919536011e-05,-3204.22012662387,0.0876178870174065,0.0693757581005414,0.99875,0.425472654657182
"quadratic",1600,"sir_collapsed",27,34.529,3271.68253245341,3272.84678401943,1344.15780206307,1023.15478882828,7134.55805969511,3418.36110116413,7122.33404842147,3144.1607683913,94.7517313693827,94.7854494488527,38.9283733112186,29.6317526956551,206.625099472765,206.271077888774,0.00155724111287332,0.00148179672026024,2.29542900756836e-07,0.000745336534534003,0.00247278505286918,9.58132426982013e-06,6.87388726668453e-06,3.81342715230778e-09,3.38012977778339e-06,1.35101296189648e-05,-3207.05056432238,0.0814021956823347,0.065563152026222,1,0.431986158330309
"quadratic",1600,"sir_collapsed",28,34.982,2869.97003617151,3094.57083071001,1450.78451253907,1135.81530935035,7081.16080523207,2965.49950253941,6994.38386968807,2811.67651595617,82.0413365779977,88.4618040909612,41.472314691529,32.4685641001188,202.422983398092,199.942366636787,0.00148203757983381,0.00141366696439392,1.96032870940864e-07,0.000726603732506257,0.00234614376907242,1.03877814567968e-05,7.12595193705961e-06,4.62137929664016e-09,3.6027067500593e-06,1.29659436871862e-05,-3178.21949538838,0.0932752819209086,0.0770888685525814,0.995,0.426165649695804
"quadratic",1600,"sir_collapsed",29,34.543,2710.86338347256,2939.49412656224,2010.22880524836,1127.77112964911,6798.80688280928,2821.31986725751,6721.52253938217,2593.73771966043,78.4779371644778,85.0966657951607,58.1949687418106,32.6483261340681,196.821552349515,194.584215018446,0.00128335486402478,0.00124197311754061,1.23007715476564e-07,0.000664874517158703,0.00196205004816234,8.19776612020688e-06,6.81461322106862e-06,1.36058870038525e-10,3.31701738018504e-06,1.32613834901425e-05,-3160.47959995237,0.0764284874096112,0.0598855536133345,0.98,0.413131475625055
"quadratic",1600,"sir_collapsed",2,34.946,2860.03668269743,3089.09317342834,1923.15524148657,972.602474490038,6941.20851667151,2985.49411560604,6899.75121595319,2737.41180482533,81.8416036941977,88.3961876446041,55.0321994358888,27.8315822838104,198.62669595008,197.440371314405,0.00150092358703762,0.00144168640234128,2.04909773153062e-07,0.000719185174814738,0.00236860824362668,1.0047795950792e-05,7.33084552326869e-06,8.60003451252401e-10,3.40379082023272e-06,1.61101779818832e-05,-3169.71132892537,0.0996487035653345,0.0847238963106455,0.996875,0.432102232117719
"quadratic",1600,"sir_collapsed",30,34.464,2712.55290908921,3035.49694428298,2356.55427647579,1376.23436565796,6941.14401700985,2873.6378334064,6911.89351965353,2794.52383887709,78.7068508904715,88.0773254492508,68.3772712533599,39.9325198949036,201.402739583619,200.554013453271,0.00145150711404402,0.00140166893731583,1.69004151826686e-07,0.00070676485908778,0.00224035808601344,8.83196957475095e-06,7.10788008940013e-06,4.10856604555435e-10,3.5207354715353e-06,1.43890034943754e-05,-3156.78485238383,0.0914517060590069,0.0740681510915736,0.993125,0.424587152055524
"quadratic",1600,"sir_collapsed",31,34.58,3031.17819595346,3061.71944521382,2122.25702637613,970.091075425436,7006.15635133512,3242.65993599759,6938.02148005485,2925.33401683742,87.6569750131134,88.5401806019034,61.3723836430345,28.0535302320832,202.60718193566,200.636827069255,0.00152895844715131,0.00145713100012424,2.04172780703436e-07,0.000777888735951121,0.0024363613250567,9.16016094603771e-06,7.42653828511787e-06,4.92307900742711e-10,3.14006279317075e-06,1.44355802074623e-05,-3157.17765698827,0.0956580218651758,0.073273646031311,0.96,0.432504827737468
"quadratic",1600,"sir_collapsed",32,34.565,3537.05349965545,3628.48577974011,1899.66471813383,1325.43720798389,7320.77203524905,3637.91233832437,7292.970574597,3360.19775623423,102.330493263574,104.975720519025,54.9591991359418,38.3462232889886,211.797252574832,210.992928528772,0.00175494526111495,0.00167406148326825,2.94468759177159e-07,0.000873884156557707,0.00289078510546407,1.00594520009014e-05,7.35912771902154e-06,2.46835509051521e-09,3.23330232356096e-06,1.53698540854319e-05,-3166.24490753368,0.0925877209652474,0.0783668713050047,0.984375,0.441892329624406
"quadratic",1600,"sir_collapsed",33,34.648,2968.69962927319,2755.01740180829,1578.782290903,1100.60238895998,6692.34973734286,2959.01437459907,6710.60207884907,2579.4726141616,85.6817025303968,79.5144713059424,45.566332570509,31.7652502008769,193.152555337764,193.679348846949,0.00128418724971031,0.00123380475322534,1.3652201201293e-07,0.000685643524609266,0.00204034516118199,9.45662382253895e-06,6.79057084230139e-06,2.50160079913148e-09,3.44781260469407e-06,1.31462566395867e-05,-3164.57835468507,0.0972652789308461,0.0782735626320538,0.98875,0.418940757323506
"quadratic",1600,"sir_collapsed",34,34.457,2855.0901950973,2942.66708470125,2102.12313605101,958.553302315071,6752.88220669787,2878.13705686029,6771.46715690939,2700.60079239039,82.8595117130713,85.4011401079969,61.0071432815105,27.8188264304806,195.979981040075,196.519347502957,0.00130471561583858,0.00125257699408589,1.37885111700529e-07,0.000661795448184938,0.00201152356442898,8.41555466233148e-06,6.73129549310592e-06,1.45666718379939e-09,3.3570677558584e-06,1.35961666359038e-05,-3193.90757269512,0.0808321366395537,0.0631516026832962,0.988125,0.418913369541764
"quadratic",1600,"sir_collapsed",35,34.791,2936.97933446333,2995.27999962739,1925.48831555048,1190.30910284365,7095.15748637252,3054.44063464148,7048.37347852032,2834.17454000067,84.4177900739653,86.093529925193,55.3444372265953,34.2131327884697,203.936578033759,202.591862220698,0.001539683434788,0.00146451304339474,2.1087735825203e-07,0.000780158129788074,0.00248754420322968,9.01417661795625e-06,7.14053582445023e-06,6.11175556011777e-10,3.67292698046769e-06,1.40628749034029e-05,-3169.95417459571,0.0833946110874515,0.0648437042919777,0.981875,0.429915608369775
"quadratic",1600,"sir_collapsed",36,34.53,3208.23371938506,3249.70491192144,1937.49261159374,1284.35910400238,6868.55998331048,3365.88598751041,6863.08025972793,3087.14120213221,92.9114891220695,94.1125083093378,56.1104144683967,37.195456241019,198.915724972791,198.757030400461,0.00135450785125178,0.0012935778698883,1.52416180976277e-07,0.00068222163068008,0.00212773458062445,8.06159371758224e-06,6.91084860783721e-06,1.91961342883489e-10,3.24042050597793e-06,1.25065728894633e-05,-3181.79048017126,0.0940135270822696,0.0771011386614492,0.98875,0.419224161275916
"quadratic",1600,"sir_collapsed",37,35.058,2940.57500320277,2918.06874389388,1899.90928132527,1211.06265968864,6689.69749875924,3091.82767093087,6711.31255350994,2819.8506993277,83.8774317759931,83.2354596352867,54.1933162566395,34.5445450307674,190.818001561961,191.43455284129,0.0013195194638884,0.00126681309466671,1.33082386561149e-07,0.000696086897750041,0.00207790164688948,8.91490622082631e-06,6.90879243133322e-06,7.19560276439719e-10,3.41812615816822e-06,1.27036200059528e-05,-3127.33030365236,0.0955552877862918,0.0763609784694668,0.98,0.419796030625188
"quadratic",1600,"sir_collapsed",38,35.101,2674.43193888325,2845.90701543975,1821.90329721865,869.330133949045,6970.9968447699,2809.26072488719,6924.69259758851,2524.91355162533,76.1924714077447,81.077662044949,51.9045980803581,24.7665346841698,198.598240641859,197.279068903692,0.00147984069628171,0.00141400193300749,2.00125987948705e-07,0.000748945967366549,0.00238599534495395,1.00008787248204e-05,7.04306109762386e-06,6.04916854303093e-09,3.14093494586921e-06,1.41013743099505e-05,-3141.39515158027,0.0899743565662622,0.0666788953694836,0.9825,0.430696415895417
"quadratic",1600,"sir_collapsed",39,34.727,2592.79419768315,2814.61314055998,2174.78937575185,1015.30685427359,6777.64644410611,2690.40925316488,6767.51096307212,2675.11124673513,74.6621993746407,81.0497060085807,62.6253167780646,29.2368144174156,195.169362286006,194.877500592396,0.00125661185109124,0.00121207428523258,1.1618738144613e-07,0.000656473045398639,0.00191712186178449,8.41653042821714e-06,6.72805187555103e-06,1.95111278611405e-09,3.34219964980388e-06,1.23713414806732e-05,-3189.98440093525,0.0732148314084193,0.0554085111660035,0.975,0.412684634600819
"quadratic",1600,"sir_collapsed",3,34.884,3058.01919685794,3178.25013787993,1735.3725062874,1065.58144925652,6977.76675603877,3283.97899654524,6917.90583231542,2960.37500362903,87.6625156764688,91.1091084130239,49.7469472046611,30.5464238406296,200.027713451404,198.311714032663,0.00147610073623289,0.00141765003784413,1.88535876088354e-07,0.000714329141633858,0.00230772747863392,8.87292668168978e-06,7.01705252683887e-06,8.62417389568598e-10,3.57352964594551e-06,1.49569814617661e-05,-3148.88814262344,0.0871991747994805,0.0700840968646734,0.995,0.428194870650237
"quadratic",1600,"sir_collapsed",40,34.446,2755.63202095586,2814.37641752752,2051.30562260053,1279.89289819839,6875.57763324158,2909.27668809067,6813.90943867029,2538.81577558572,79.9986071229128,81.7040125857144,59.5513447889605,37.1565028798233,199.604529792765,197.814243705228,0.00138446951742444,0.00132589490872556,1.55812152460043e-07,0.000734146243847187,0.00218184773613301,9.77035288413145e-06,6.91950712932699e-06,2.82611417324531e-09,3.49716078812094e-06,1.43431867858505e-05,-3158.26959875659,0.0967292778431232,0.0717314714385155,0.985625,0.423875519701498
"quadratic",1600,"sir_collapsed",41,29.796,2528.29737959691,2678.22413987761,2015.78975655635,1188.0202700235,6869.75012884242,2582.40744181527,6853.33366457322,2432.17620651358,84.8535836889821,89.8853584332666,67.6530325062542,39.8718039342026,230.559475394094,230.008513376736,0.00156753946644702,0.00150553766375683,2.09735763944744e-07,0.000821215298100317,0.00255036355046249,1.05539713575251e-05,7.53590922413546e-06,3.35515345452533e-09,3.27300620525897e-06,1.64480257921134e-05,-3092.25801619526,0.107379759236945,0.0861493070761489,0.961875,0.436624826285545
"quadratic",1600,"sir_collapsed",42,29.935,2949.39866668274,3211.57226895159,1839.12972073855,1191.53944654989,6991.02968119767,3107.76807019503,7005.59068089981,2912.97011674082,98.5267635437694,107.284859493957,61.4374384746466,39.8042240370768,233.540326747876,234.026747315845,0.00149867707269467,0.00143979205307468,1.93913151606067e-07,0.000773740131637195,0.00237490989046918,9.93693458480855e-06,6.98024225764339e-06,3.19295337844345e-09,3.08103893937914e-06,1.46005506062014e-05,-3130.27095579131,0.092451721560308,0.0720549917776257,0.98375,0.432123480409213
"quadratic",1600,"sir_collapsed",43,29.865,3059.00943715999,3156.2100155743,1975.90934098337,1382.265953295,6758.32694408666,2809.20821510959,6779.20958904723,2529.70817499974,102.427906819353,105.682572093564,66.1613708683534,46.2838089166247,226.295896336402,226.995131058002,0.00132728769306339,0.00127419817259812,1.42234681180001e-07,0.000662711246592199,0.00208164532828044,7.96518211240907e-06,6.82802621719835e-06,2.51763486667741e-10,3.61971713223309e-06,1.262840680576e-05,-3122.78351709998,0.0913444551355396,0.0722221979972993,0.97875,0.421437303711006
"quadratic",1600,"sir_collapsed",44,29.786,2936.24652953204,3107.83576430547,1872.10424665244,1221.81618552923,6965.38356453264,3123.48702533205,6918.68717234984,2757.89042762887,98.5780745830939,104.338808980913,62.8518178557859,41.019814192212,233.847564779851,232.279835236347,0.00140923330609827,0.00135403727619938,1.65812188283681e-07,0.000721568146932271,0.00221959382174356,9.61397340994648e-06,6.83997147026475e-06,2.26688229720678e-09,3.29232518223476e-06,1.3282448555574e-05,-3140.60829462782,0.0829680482200048,0.0650609333751682,0.985625,0.422472932435506
"quadratic",1600,"sir_collapsed",45,29.93,2353.57015662429,2659.79551125519,2030.12275946768,1179.81101813825,6759.28430699005,2425.61572999317,6734.7994695006,2402.80656049497,78.6358221391344,88.8672071919543,67.8290263771359,39.4190116317491,225.836428566323,225.018358486488,0.00135920246642337,0.00129622084178265,1.52684962297598e-07,0.000685696430624003,0.00214489805897975,9.19081591865348e-06,7.24462766943493e-06,8.81829072043948e-10,3.4771348175723e-06,1.36981952005709e-05,-3161.18747515898,0.0999664937118338,0.0767430497447723,0.975625,0.422424999125627
"quadratic",1600,"sir_collapsed",46,29.842,2885.4361538019,3222.15764931762,1964.34931560096,1190.82512057711,6964.27550022004,3145.85051845126,6986.75445704445,2977.62972575126,96.6904414517091,107.97391761,65.824988794349,39.9043335090512,233.371607138263,234.124872898748,0.0015108524129649,0.00144549300847446,2.08416466388593e-07,0.000743435379863087,0.00241730853122739,9.17320055420416e-06,7.28960239002276e-06,6.81940824416343e-10,3.47177692643001e-06,1.52824442864156e-05,-3179.49470980731,0.0872747687897997,0.0687596692945784,0.979375,0.42726025169862
"quadratic",1600,"sir_collapsed",47,30.631,2938.408783834,3208.18331320942,1715.34885584917,879.776954892357,6964.14228412205,3117.4285093984,6873.99392950571,2830.30035367173,95.9292476195358,104.736486344208,56.0004197006029,28.7217836470359,227.356021159024,224.412978012657,0.00153241239409292,0.0014706397241742,2.08246651319597e-07,0.000724453841079581,0.00240022647799201,1.23677992052141e-05,7.08783851285239e-06,8.31536430862305e-09,3.64368717089016e-06,1.59646572184524e-05,-3159.3234680025,0.0927015517711823,0.0742019346939557,0.9975,0.432242510779193
"quadratic",1600,"sir_collapsed",48,29.733,3052.2638362663,2854.65281663333,1694.62841225834,1351.14833676014,7301.52449985755,3252.8339934648,7270.87239765942,2798.51279700417,102.655764176716,96.0095791421426,56.9948680677476,45.4427180829427,245.569720507771,244.53880865232,0.00176223262154231,0.00168401155779346,3.01775427941508e-07,0.00084574304513199,0.00285685594524146,9.69421037426405e-06,7.26549396998737e-06,7.32707724047182e-10,3.65281519794401e-06,1.48920165000601e-05,-3182.28318413217,0.0941928258654653,0.0757029886843362,0.98,0.442930640255517
"quadratic",1600,"sir_collapsed",49,29.881,2826.41630680931,2725.71758531597,2076.90249271446,1257.10539985505,6756.7528144647,3003.94265696892,6742.77210565711,2577.40087262832,94.5890802452831,91.2190885618274,69.5057893883893,42.0703925522924,226.122044592373,225.654165043242,0.00131955883537967,0.00126410656037651,1.41338834073065e-07,0.000679098242850729,0.00205119144205078,8.12265108584471e-06,6.72522016860165e-06,2.45057373149476e-10,3.54128856905559e-06,1.28241263730144e-05,-3164.1593557779,0.0774977796173286,0.0618206787355585,0.999375,0.419004935403253
"quadratic",1600,"sir_collapsed",4,38.868,2569.30637152051,2819.26676283196,2115.83151403913,996.995705689924,6917.27854637498,2667.49803111664,6883.24717574942,2619.73626151737,66.103385085945,72.5343923750118,54.4363361644317,25.6508105817105,177.968471399994,177.092908710235,0.00146217845364468,0.00140469091878221,1.85236760460337e-07,0.000745154707421482,0.00229081525680145,1.32313809130449e-05,7.10725188319629e-06,1.48651229442914e-07,3.41611745962139e-06,1.5401932828723e-05,-3170.26732161954,0.0985038693767384,0.0766242249586355,0.9675,0.429096682990563
"quadratic",1600,"sir_collapsed",50,29.93,3035.54376871339,3022.44678430303,1502.00092549009,1372.48530684613,6886.05449831477,3247.80917943192,6901.1373020809,2822.46718657331,101.421442322532,100.983855138758,50.1837930334142,45.8565087486179,230.0719845745,230.575920550648,0.00139316783404955,0.00134094214733444,1.51171794388095e-07,0.000688873931889803,0.00215770614610093,8.50457611468477e-06,6.88773547921861e-06,4.01630986002081e-10,3.95371964244597e-06,1.33214829922599e-05,-3132.1110769095,0.0840115233759964,0.0671866275652495,0.971875,0.423030871222642
"quadratic",1600,"sir_collapsed",51,29.79,2511.87803695079,2796.23361170546,1765.94816312214,753.908462624744,6912.45734348293,2750.79953155824,6881.71248442498,2541.51788360793,84.3195044293651,93.864840943453,59.2798980571379,25.3074341263761,232.039521432794,231.007468426485,0.00139037624974741,0.00133573586679271,1.57035078064304e-07,0.000687399730184739,0.00214539761644119,9.88408672005459e-06,6.92844614265741e-06,9.09551277048437e-09,3.55846928847666e-06,1.26022448290449e-05,-3134.58831192734,0.0768792549654001,0.0619569200647323,1,0.424840162292052
"quadratic",1600,"sir_collapsed",52,30.238,2954.83674792892,2904.40352306076,1532.15397275766,1122.50983111369,6883.46373266695,3183.48687684135,6816.64018827737,2664.96666045951,97.7193183388096,96.0514426569468,50.6698185315714,37.1224892887654,227.642824679772,225.432905227772,0.00149064286199984,0.00142271227430427,1.89615112810925e-07,0.000797935908760686,0.00241109612034689,9.59508645495388e-06,7.16528922135355e-06,1.52694821447952e-09,3.69876766467875e-06,1.42792199944085e-05,-3106.03597030031,0.099485968499589,0.0808035405355375,0.98625,0.433980059378037
"quadratic",1600,"sir_collapsed",53,30.019,2913.72278098182,3122.5901455614,1596.98883835507,1114.96967545069,7108.24631430493,3078.50873470731,7107.98266389956,2708.13565600831,97.062619706913,104.020458561624,53.1992684085103,37.1421324977745,236.79157581215,236.782793027734,0.00160531818161276,0.00153204639957264,2.36872217482307e-07,0.000772536955404656,0.00255278433509103,1.01350596476201e-05,7.18784234866849e-06,3.63365473356091e-09,3.50588263934687e-06,1.57787839694306e-05,-3147.19729624173,0.0969271099977772,0.0774678613989326,0.980625,0.437100925932512
"quadratic",1600,"sir_collapsed",54,29.822,2734.42276701133,2622.99018237364,2193.46236703244,1246.34871538786,6729.460215673,2869.47539729699,6749.76771081146,2460.91222309859,91.6914615723737,87.9548716509167,73.551819697956,41.7929285556923,225.654222241064,226.335179089647,0.00130626628554046,0.0012532413602385,1.32000962197968e-07,0.000680946423946686,0.00201867894892944,8.83801499601629e-06,7.07133196376502e-06,1.20767400124673e-09,3.67092532680318e-06,1.32147302006449e-05,-3149.22213366386,0.0781258123403169,0.0645628824762066,1,0.418030171397768
"quadratic",1600,"sir_collapsed",55,29.941,3092.10058033857,3172.03680184348,1853.92979574222,1076.72804205991,6825.30795386434,2801.6856728945,6804.98693763625,2864.91795543909,103.273123153487,105.942914459887,61.9194347464085,35.9616593320166,227.958583676709,227.279881688529,0.00134640833311069,0.00130234178982288,1.35049882437414e-07,0.000710262744861391,0.00208591725059343,8.6807691595155e-06,6.79524671608239e-06,5.68248642801297e-10,2.71295278988645e-06,1.35736419413151e-05,-3176.92869448475,0.0762532390771065,0.0594011320732716,1,0.422777161390133
"quadratic",1600,"sir_collapsed",56,29.864,3415.95707368761,3445.80075478794,1689.02690980726,907.758803755297,7082.67540177961,2920.7624495293,7032.2592725435,2893.18731115255,114.383775572181,115.383095191131,56.5572900417648,30.3964239135848,237.164324999317,235.47613422661,0.00154470707025861,0.0014740477030405,2.15434184899456e-07,0.000740543261867556,0.00244852832415622,9.63198596193401e-06,7.14817185311453e-06,1.05578772774956e-09,3.42645802661611e-06,1.42662370554728e-05,-3154.52545944703,0.084346023438182,0.0687639263618655,0.996875,0.435266258498104
"quadratic",1600,"sir_collapsed",57,29.792,2675.29371994693,3053.21354002924,1963.71806151045,977.759002464626,6796.24624649118,2848.20677976481,6825.5366011484,2770.73774789927,89.7990641765215,102.484342777566,65.9142743525258,32.8195153888502,228.123195706605,229.106357449933,0.00133160338358281,0.00128010124264401,1.43254627977165e-07,0.000686052451100216,0.00207151316817522,9.88814318755363e-06,6.7624160579411e-06,3.18783950186973e-09,3.34136694584613e-06,1.31388389671716e-05,-3153.62527478925,0.0873144982190013,0.0707396243482111,0.99,0.420364170369099
"quadratic",1600,"sir_collapsed",58,30.044,3181.65103659287,3258.2226573898,1691.62159473703,1172.53919271163,7339.06430221437,3308.66663544267,7395.03765730384,3070.72121746382,105.899714971138,108.448364312002,56.3048061089412,39.0273995710167,244.277203508666,246.14024954413,0.0017422853667475,0.00166641887593711,2.87712272616582e-07,0.000833703399885667,0.00279931633804633,9.02025567751317e-06,7.27685069053439e-06,8.77610850713836e-10,3.54014808788984e-06,1.44941329005894e-05,-3182.69610960188,0.0791738869925285,0.064035693296579,1,0.439193860250737
"quadratic",1600,"sir_collapsed",59,29.733,2713.13299943673,2977.20807278673,1864.00393761997,1092.54658063167,6900.92115071235,2808.64896475013,6856.92972322019,2607.58396206564,91.2498906748977,100.131438899093,62.691418209396,36.7452520980618,232.096362651342,230.616813749712,0.00137218221277683,0.00131634440967126,1.59910678255712e-07,0.000680657083547361,0.00215667550056332,9.5506759167405e-06,6.84113805008724e-06,1.7039935406334e-09,3.25091023634277e-06,1.37209633602424e-05,-3169.94857628961,0.0703018330296419,0.0562718503192307,1,0.421045531124111
"quadratic",1600,"sir_collapsed",5,34.724,2866.44698637105,3019.83636926268,2145.23661857865,1837.88189240272,7045.80549723417,3006.13646349111,7039.05978424556,2689.5545208661,82.5494466758164,86.966834732827,61.7796514969084,52.9282885728234,202.908809389303,202.714542801681,0.00149628576422099,0.0014248745503473,2.0539596250477e-07,0.000776350219004634,0.00242161635680951,8.78251387329477e-06,7.05617848001886e-06,5.72003190125187e-10,3.37002306332836e-06,1.39209058469599e-05,-3165.51807511077,0.0941697633080197,0.0755930241073595,0.984375,0.429471275262653
"quadratic",1600,"sir_collapsed",60,29.901,2550.30604608188,2675.72538658533,1899.41506699534,996.858049681129,6907.69660646098,2672.46022603509,6878.15663337263,2506.27650969334,85.2916640273531,89.4861505162146,63.5234629943928,33.3386190990645,231.018915971405,230.03099004624,0.0013974912692159,0.00133893184710183,1.58771650520786e-07,0.000699601978253849,0.00217179498993652,8.5109784017337e-06,6.96129958742292e-06,4.15031410609598e-10,3.56042249922813e-06,1.29583777399131e-05,-3152.1602728203,0.0768855749083789,0.0643527222978418,1,0.42423286807183
"quadratic",1600,"sir_collapsed",61,34.554,2922.52102394854,3278.7803956209,2019.84177633502,1410.44683271003,6837.95450398865,3087.70907566942,6862.11504136734,2846.56700794618,84.5783707804753,94.8885916426724,58.4546442187596,40.8186268654866,197.891836082325,198.591047096352,0.00135816485968976,0.0013020778144011,1.48435317529412e-07,0.000697248655954806,0.00210600919795012,8.49510178646521e-06,6.80570514865315e-06,6.66378170125355e-10,3.34478749477406e-06,1.29931048636025e-05,-3141.77290379318,0.0956385329936565,0.0762615467734515,0.96875,0.420304134735887
"quadratic",1600,"sir_collapsed",62,35.029,3611.23518517914,3419.88935958651,1794.34898551137,1275.06938621436,7200.79488750775,3720.06940611595,7205.7637995994,3357.43327506069,103.092728458681,97.6302309396931,51.2246705732785,36.4003935657416,205.566670116411,205.708521499312,0.00169428219442234,0.00161852042549652,2.81610135779087e-07,0.000769635892704774,0.00269580434982766,9.99886733034907e-06,7.5633195202506e-06,1.84096722918403e-09,3.85643851227419e-06,1.56242974644624e-05,-3196.9448700137,0.0976670295092975,0.0799271605558014,0.9875,0.437129662430321
"quadratic",1600,"sir_collapsed",63,34.738,2621.40042119596,2864.885072824,1430.31968866972,1068.90013208445,6831.06158756073,2750.04100976598,6815.61179159183,2657.5022919051,75.4620421784777,82.4712151771546,41.1744973420957,30.7703417607361,196.645218134629,196.200466106046,0.00145520543075667,0.0013916209450245,1.71710331964648e-07,0.000747537559897253,0.00228676109589766,1.00805614958952e-05,7.49088158131394e-06,8.02674834706999e-10,3.94615158694161e-06,1.68912967763741e-05,-3134.86651873645,0.0965238237392728,0.0776610302243803,0.966875,0.426947351995767
"quadratic",1600,"sir_collapsed",64,34.611,2865.10240262299,2955.99176335248,2121.003325138,1054.79540219742,6929.33406273771,3047.4252646191,6860.07453109167,2789.28871774412,82.7801104453204,85.4061357184847,61.2811916771546,30.4757274334005,200.206121254448,198.205036869541,0.0015208533347627,0.00146006647944369,1.90558474111978e-07,0.000743374535787146,0.00237481156928128,1.16157463020247e-05,7.45106319703161e-06,4.93995635672019e-09,3.49565283273044e-06,1.64154390270758e-05,-3131.91031969886,0.0898309087989986,0.0713301291338336,0.9875,0.432044441940685
"quadratic",1600,"sir_collapsed",65,34.458,2801.45261905245,2840.57897511493,2445.0940542795,948.609260018396,6783.38270903931,2928.55621798033,6699.87564618797,2674.87763664066,81.3004997113136,82.4359793114786,70.9586759034042,27.5294346746299,196.859443642675,194.43599878658,0.00136642560315008,0.00130997273483972,1.5246269801906e-07,0.000706593506856171,0.00216699075412049,1.00908630000342e-05,7.19050650429469e-06,2.33829844523585e-09,3.05114156788505e-06,1.48976130904184e-05,-3173.13530321937,0.0886810987176398,0.0709462759926127,0.990625,0.423118905163104
"quadratic",1600,"sir_collapsed",66,34.542,3105.69628384921,3377.18972890762,1817.46617811118,1181.80357067313,6817.93893162829,3270.90551393993,6910.76146931849,3068.56067113105,89.9107256050377,97.7705323637201,52.6161246630532,34.213524714062,197.381128238906,200.068365158893,0.00135571416859568,0.00129822128154475,1.44291214659425e-07,0.000703554347609966,0.00210985724005677,8.51022182740205e-06,6.90377755283858e-06,4.81643030104435e-10,3.33409064832955e-06,1.31958797551047e-05,-3178.47815457389,0.0833388750510096,0.0686824877251179,0.9875,0.419600881570022
"quadratic",1600,"sir_collapsed",67,34.644,3062.90819449233,3156.13525118825,2033.05511856856,1054.96115055152,7010.61003386623,3227.23369231195,7040.41651614271,2911.50054685244,88.4109281402936,91.1019296613628,58.6841911606211,30.4514822350629,202.361448847311,203.221813766964,0.00152751901044923,0.00146511514133432,2.06821684533396e-07,0.000771882018424997,0.00243149868483203,9.91732102679314e-06,7.29968004802495e-06,3.23635676220274e-09,3.75006036718964e-06,1.34341803589764e-05,-3139.74937507214,0.0915171253019019,0.0732106157969539,0.9975,0.43174754167956
"quadratic",1600,"sir_collapsed",68,34.707,3190.17155693538,3433.54038822319,1861.3152836323,1473.83754817321,7392.73186190196,3372.60840594753,7388.13930627185,3150.18791031083,91.9172373565961,98.9293338007661,53.6293912937535,42.4651381039331,213.004058602067,212.871734989248,0.00193412767039239,0.00185238002287599,3.78678923899892e-07,0.000870357484825504,0.00311355751218664,1.03845767220714e-05,7.72025191934742e-06,1.57214453467904e-09,3.01713981900558e-06,1.61708733139738e-05,-3123.51892252926,0.108512899498342,0.0851174121508058,0.99125,0.454600601126374
"quadratic",1600,"sir_collapsed",69,34.614,2872.07463681288,2853.80649275813,1881.62443029098,1010.04096925679,6811.44616404241,3005.7948137821,6793.50026231839,2593.76348264765,82.9743640380447,82.4465965435409,54.3602135058353,29.1801285392267,196.782982724979,196.264524825747,0.00139962127777934,0.00133191917133605,1.67270156422971e-07,0.00071273190578108,0.00219406685531379,9.16716535918834e-06,7.12283193244994e-06,4.12083811089912e-10,3.37872035094403e-06,1.3978272988032e-05,-3183.2531123753,0.0874885565940135,0.0697060079402951,0.981875,0.42336801064764
"quadratic",1600,"sir_collapsed",6,34.371,3172.691275891,3447.32775711478,1815.56014491803,1375.61003690087,7228.67236382551,3353.41421593751,7241.63456632035,3111.01012346292,92.3072146836287,100.297569378685,52.8224417362901,40.0224036804536,210.313123383827,210.690249521991,0.0016425256206803,0.00155108045769302,2.6491598974263e-07,0.000776437056738276,0.00266864910948267,8.78370202630617e-06,7.04326802334912e-06,3.41976076512176e-10,3.454941656633e-06,1.42866890515133e-05,-3156.41580583904,0.0744500219362494,0.0595497539656303,1,0.434791160774175
"quadratic",1600,"sir_collapsed",70,34.661,2350.4496085688,2741.45334384934,1716.9068377432,1013.06412074733,6848.5215131663,2466.1606831794,6806.36776926584,2468.00105104104,67.8125157545599,79.0933136334596,49.5342557267014,29.2277811011606,197.585802866804,196.369630687685,0.00144268576606509,0.00137587815942768,1.77375734661606e-07,0.000769254605051477,0.00231464647800161,1.04600275527455e-05,7.07116760088148e-06,6.02980831087073e-09,3.73884083219013e-06,1.35982540702633e-05,-3156.7913355483,0.106253763766942,0.0860334762649752,0.965,0.429209335648081
"quadratic",1600,"sir_collapsed",71,34.649,2843.50261420244,2737.89119427913,1698.91135494732,959.78734044889,7060.92375790828,3012.16023697644,7043.90129047467,2634.78210017324,82.0659359347295,79.0178993413699,49.0320458006672,27.7002897760077,203.784344653764,203.293061573918,0.00155448189567211,0.00149066047314032,2.03260167279329e-07,0.000787774074440005,0.00242856367115019,1.03154604953177e-05,7.21858685708909e-06,1.20586052155715e-08,2.7732685783379e-06,1.50644801944251e-05,-3153.47790125919,0.0970413495857173,0.0773249133851825,0.9775,0.433398170365253
"quadratic",1600,"sir_collapsed",72,35.342,3254.90360261289,3500.52178399078,1850.89640630732,1161.81519426361,7106.89856080148,3430.7253958942,7017.08385608194,3045.63441514608,92.0973233719906,99.0470766790441,52.3710148352475,32.8734987907762,201.089314719073,198.548012452095,0.00167994248610328,0.00161316397839906,2.441292381572e-07,0.000856568685901135,0.00267739884740909,1.04567119790212e-05,7.58999737658859e-06,8.45097331640656e-10,3.77908765949328e-06,1.88682359338211e-05,-3151.6354935617,0.10095206379184,0.0826650167207739,0.96875,0.441363908549223
"quadratic",1600,"sir_collapsed",73,34.558,2955.87606587245,2870.73995576787,2112.94951703602,1057.02239432258,6775.6190884888,3071.92133891892,6759.23681788369,2660.70158840758,85.5337712214957,83.070199541868,61.142123879739,30.5869088003525,196.065139431935,195.591087964688,0.00131475543701547,0.00126848528896577,1.34700079127518e-07,0.000686289344551817,0.00201606091068445,1.01863647712995e-05,7.02807514476446e-06,4.03031040342103e-09,3.12948919030139e-06,1.40127270367587e-05,-3129.03485948873,0.0705565496670437,0.052818610493588,0.993125,0.419626457754232
"quadratic",1600,"sir_collapsed",74,34.608,2862.07876696163,2762.31485142575,2033.44505816943,1155.36076537354,6871.39434615247,2993.67837259104,6895.04609518504,2662.88317670453,82.6999181392057,79.8172344956586,58.7565030677714,33.3842107424162,198.549304962797,199.232723508583,0.00138126989221333,0.00132472704697021,1.56923458426146e-07,0.00070662169491521,0.00216773508599412,9.08640307874067e-06,7.10785798992694e-06,9.95093805502054e-10,3.70376252729703e-06,1.36238671500507e-05,-3123.94268880508,0.0775006877553257,0.0616686404562356,1,0.423759380276896
"quadratic",1600,"sir_collapsed",75,34.619,3072.46936043927,3522.78681983309,1669.0935359795,1304.45034775762,6906.57941682554,3245.18269337684,6909.80114916589,3208.33892497605,88.7509564239081,101.758768879317,48.2132221028771,37.6801856713835,199.502568440034,199.595630987778,0.00144276311516118,0.00136637968819485,1.88972281176794e-07,0.000746003809309916,0.00234141520537402,9.15196076694124e-06,6.8907345797751e-06,9.43468600022116e-10,3.27915586865601e-06,1.43163389388494e-05,-3178.7116474411,0.0685925083519821,0.0557581702305464,0.991875,0.426610010825777
"quadratic",1600,"sir_collapsed",76,34.518,2752.73092866297,2913.29101164907,1949.87698234273,1156.48791364713,6981.42517766104,2898.81704233677,6965.5684625421,2678.53330361429,79.7476947871535,84.3991833724165,56.488701035481,33.5039085012784,202.254625924475,201.795250667539,0.00147205213262195,0.00140411814240098,1.96625148967842e-07,0.000727047604174124,0.00232035695836731,9.62034424153815e-06,6.97471744110593e-06,2.0632940914849e-09,3.58877635111889e-06,1.43060825763982e-05,-3192.23816457764,0.0876943339372873,0.066948119239448,0.988125,0.427663794243063
"quadratic",1600,"sir_collapsed",77,34.538,3227.34321874884,3507.06929017082,1738.73336321869,923.456787773385,6763.46186199949,3355.67772721276,6736.30236009477,3083.94363109001,93.4432572456088,101.542338588535,50.3426186582516,26.7374135089868,195.826679657174,195.040313859945,0.00136756226772642,0.00131234427874042,1.55410980331402e-07,0.000679096065958637,0.00213958828926326,1.07876236369708e-05,7.08410121300453e-06,5.06960438651919e-09,3.61673160992488e-06,1.39311319252788e-05,-3139.82803178184,0.0862460761146712,0.0677458078344759,0.97125,0.421833751828501
"quadratic",1600,"sir_collapsed",78,34.489,2953.14716802922,3208.42086668161,2292.42333259769,1283.48870224149,6998.03262439036,3112.37643561746,7022.9736904269,2919.62948154858,85.6257696085483,93.0273671803071,66.4682458928263,37.2144365519872,202.906220081486,203.629380104581,0.00151565159349968,0.00145152453125244,2.0725134243599e-07,0.000737917200502036,0.00245030569078929,9.74605146801001e-06,6.98935936149087e-06,9.87760358201142e-10,3.2660723222828e-06,1.60200979082739e-05,-3167.04530588147,0.0935477821263013,0.0736637832291045,0.981875,0.430684368783465
"quadratic",1600,"sir_collapsed",79,34.636,2905.22224980641,3028.29591382881,1854.06359564431,1044.41135444708,6794.38905826201,3082.09492654593,6707.53544911894,2822.75840916034,83.8786883533435,87.432033543966,53.5299571441363,30.1539252352199,196.16552310492,193.657912262355,0.00132001580593065,0.00126156892989071,1.33887261801773e-07,0.000673654805476024,0.00201491269092128,9.11325347016647e-06,6.98716178959805e-06,1.33499402486681e-09,3.60704710137229e-06,1.38962866751899e-05,-3178.34308822053,0.0902853064569734,0.0672239838051046,0.97375,0.417618433965291
"quadratic",1600,"sir_collapsed",7,34.718,2990.81271120789,2936.8124848525,1911.13872586701,974.632623524307,7041.86765338215,3214.75380673581,6973.17567957868,2699.33996623773,86.1458814219682,84.5904857668212,55.047489079642,28.0728332140189,202.830452600442,200.851883160858,0.00150306073583347,0.00143492586461499,1.94902136637783e-07,0.000772295872685168,0.00237413938302603,1.05380826059044e-05,7.13133688924911e-06,2.16834562206065e-09,2.88086832331206e-06,1.4526690160334e-05,-3186.73160076918,0.0752064482166628,0.0606822885493161,1,0.430553175534405
"quadratic",1600,"sir_collapsed",80,34.508,3256.10054671496,3293.10283447078,1626.90776032297,1046.76848056487,7250.5186323249,3427.74934568406,7324.93645079411,3049.31807985805,94.3578459115265,95.430127346435,47.1458143132888,30.3340813888047,210.11123891054,212.267777060221,0.00172138807735476,0.00163271852767707,3.02273701757175e-07,0.000808363475514245,0.0027633478255994,1.07550315561726e-05,7.28951704849312e-06,3.81672747121736e-09,3.12197501152282e-06,1.41360502582019e-05,-3183.58589671239,0.083599730386016,0.0667090085550625,0.975625,0.436567215134807
"quadratic",1600,"sir_collapsed",81,34.586,2754.32707658447,2702.7153561733,2230.44682992424,1189.60939213451,6715.0761435666,2926.85596249817,6706.58937264834,2426.2388812892,79.6370518875981,78.1447798581304,64.4898753809126,34.3956916710376,194.155905382716,193.910523698847,0.00128884059332956,0.00124616732077394,1.30910117338867e-07,0.00071341802696768,0.00204983953980198,9.6790148327789e-06,6.88127693305851e-06,1.00727727487967e-08,3.43829639197525e-06,1.28070222950567e-05,-3148.05681529825,0.0833023356290591,0.0657520742660864,0.99625,0.414369920759898
"quadratic",1600,"sir_collapsed",82,35.025,3260.27022084235,3296.9039958556,1881.95201407903,1413.31664075844,7068.84488166903,3423.42161381758,7125.5917229203,3152.54610464025,93.0840891032791,94.1300212949494,53.7316777752756,40.3516528410689,201.822837449508,203.443018498795,0.00160105155559541,0.00153666058448364,2.28791172340522e-07,0.000823807052990275,0.00259655295403462,1.01370464185911e-05,7.19863425414934e-06,1.73376262386738e-09,3.4293513789393e-06,1.51248190077032e-05,-3158.57495203142,0.0762734336437883,0.0630410488703349,1,0.435102656945682
"quadratic",1600,"sir_collapsed",83,34.865,2987.10955139905,3164.35554654513,2194.43139816874,1289.05330629751,6915.89420259456,3130.95052878306,6907.00971839493,2837.363715509,85.6764535034862,90.760233659691,62.940811649756,36.9727034647213,198.36208812834,198.107262825037,0.00140568585287751,0.00135383185650308,1.64255658441715e-07,0.000719116288836225,0.00219285032374144,9.70659600580843e-06,7.02876129343954e-06,1.56791552158496e-09,3.24316968426465e-06,1.42320266592672e-05,-3143.89016171651,0.0708213733982289,0.0570717934658576,1,0.424534871984903
"quadratic",1600,"sir_collapsed",84,35.016,2850.70752731513,2951.1236618685,1695.56973916397,1122.80482589069,7056.05084395888,2993.92320755669,7029.92365314723,2742.44985363947,81.4115697771055,84.2792912345358,48.4227135927568,32.0654793777328,201.509334131793,200.763184062921,0.00152035367405016,0.00145910706110939,2.10233785702826e-07,0.00071528821638372,0.00240142994187311,1.20315615864641e-05,6.86004776570525e-06,2.89705459145474e-08,3.15230195610962e-06,1.52831713629351e-05,-3177.92011680555,0.079936362531954,0.0634811332787692,0.994375,0.432267930472867
"quadratic",1600,"sir_collapsed",85,34.419,2815.88061882545,3115.41551187525,2121.15921063223,991.955852179019,6931.1806454927,2905.69948335547,6870.3503538481,2863.25576953303,81.811807978891,90.5144109903032,61.6275664787538,28.8200079078131,201.376584023147,199.60923774218,0.00144056765683294,0.00136964005216387,1.85800179965227e-07,0.000733839225534106,0.00231622590026392,1.00606522959912e-05,6.92139696579549e-06,2.50576345616069e-09,3.33337296978825e-06,1.50461244814677e-05,-3144.39097084381,0.0679231200411716,0.0566101599808793,1,0.427146518306232
"quadratic",1600,"sir_collapsed",86,34.799,2782.48490725829,2893.02359158921,1733.5973602639,1184.42093710118,6861.61246228254,2911.75035538408,6839.6041084734,2690.11274494456,79.9587605177818,83.1352507712637,49.8174476353888,34.0360624472305,197.178437951738,196.545995818081,0.00139901802491603,0.00133363732442425,1.6599946661445e-07,0.000712761262242862,0.00223615095534517,9.60564743940629e-06,6.89483513933664e-06,2.31909979485541e-09,3.13979300340922e-06,1.32269174748493e-05,-3148.77897173165,0.0920226881510966,0.0739557087674537,0.97875,0.427238933193125
"quadratic",1600,"sir_collapsed",87,34.608,2721.9471923861,2707.27226020904,1938.67972191005,721.57545581206,6868.55657961053,2869.12106450035,6822.07044235263,2600.34902972855,78.6508088414848,78.2267758960078,56.0182536381777,20.849961159618,198.467307547692,197.124088140101,0.0013589809858791,0.00129481162029889,1.64180178902915e-07,0.00072260424402559,0.00217975049631097,9.83427191338397e-06,6.92081258591742e-06,1.74079627220146e-09,3.41512042599182e-06,1.41262030591051e-05,-3202.607715862,0.0985255240599226,0.0786597554393301,0.97125,0.415993452298654
"quadratic",1600,"sir_collapsed",88,35.027,2800.40244736804,2984.6042620959,1985.23750364097,1535.5403356068,6837.21953966988,2900.31626919417,6860.96478420542,2646.69199032355,79.9498229185496,85.2086750819624,56.6773490062228,43.8387625433751,195.19854796785,195.876460564862,0.00139130998040434,0.00132945316650279,1.64845842451503e-07,0.000687544276285655,0.00218730196579692,8.20954633908281e-06,7.04852322488727e-06,9.00306002804328e-11,3.57032224792462e-06,1.29288630673403e-05,-3150.66067772431,0.0858735063759608,0.0683604567607504,1,0.425772882423718
"quadratic",1600,"sir_collapsed",89,34.596,2695.40584178919,2652.42967994123,2046.16797166523,1106.17518005387,6802.48474416128,2863.26025529286,6852.99649337692,2530.02869226644,77.9109099835008,76.6686807706448,59.1446401799408,31.9740773515397,196.626336690984,198.086382627382,0.00133070341281123,0.00127057485917548,1.42275989247804e-07,0.000663354989973196,0.00205842292373216,8.64451899119289e-06,6.7288104795789e-06,1.16614951775366e-09,3.2766945548145e-06,1.29450835147957e-05,-3148.55766511212,0.0842813881870077,0.0681153712817665,0.994375,0.421095312452876
"quadratic",1600,"sir_collapsed",8,34.691,3190.96191587524,3220.29033849476,1649.58321900366,1237.91310714982,6962.32524345534,3077.18805452582,6972.84099237078,2838.56630677598,91.9824137636633,92.8278325356651,47.550754345613,35.6839845247996,200.695432344278,200.998558484067,0.0014395948876022,0.00138880272813508,1.68609747950353e-07,0.000712839137771839,0.00223694823189609,9.16187448428996e-06,7.02912317750934e-06,1.73800703926521e-09,3.11190468036986e-06,1.20406860119391e-05,-3146.35289215271,0.0833978113951627,0.0627009932276212,0.98625,0.426355461075856
"quadratic",1600,"sir_collapsed",90,34.602,2420.68547510373,2443.79401469397,2392.42749950064,1054.68121246071,6900.50317513923,2553.62160904276,6912.51774839293,2249.53609348292,69.9579641380189,70.6258024014209,69.1413068464437,30.4803540968935,199.424980496481,199.772202427401,0.00144682970486578,0.00138547304328601,1.68535500365668e-07,0.000743276637246392,0.00225741137692657,1.28263475884349e-05,7.28932216218465e-06,6.90861064914389e-08,3.65180975449893e-06,1.43700098878132e-05,-3140.06845573814,0.0851292321389219,0.0658837904689489,0.98,0.427535079838249
"quadratic",1600,"sir_collapsed",91,34.777,2665.5762705627,2809.35701140871,2055.7595500738,1317.56506550933,6918.25267073748,2743.43948610308,6860.62521507773,2343.14563972666,76.6476772166289,80.7820401819798,59.1126189744315,37.8861047677869,198.931842043232,197.274785492645,0.00144168352528291,0.0013854537206922,1.65828735017296e-07,0.000720243197302055,0.00226059965572806,8.95534204037408e-06,7.20176474385507e-06,8.65330831282117e-10,3.59829372365697e-06,1.40110942226567e-05,-3139.4145388969,0.104139957063484,0.0825455788528312,0.975,0.427909332826914
"quadratic",1600,"sir_collapsed",92,34.474,2974.13392485769,3226.63738506284,1959.60230579043,896.898281648926,6888.72307988178,3093.38774490827,6810.67139565141,2953.40847238056,86.2717968572749,93.5962576162568,56.8429049657839,26.0166583990522,199.823724542605,197.55965062515,0.00142384795383969,0.0013557422018898,1.58789399255885e-07,0.000733767820500992,0.00221177858125422,9.44045077464245e-06,6.95407281790039e-06,1.4082512815059e-09,3.17548248403427e-06,1.34118985392391e-05,-3173.75963506378,0.0931050337866242,0.0763400556488835,0.995625,0.426479794020352
"quadratic",1600,"sir_collapsed",93,35.075,2794.5856076668,2810.68792054599,2050.33861208486,1178.12369850255,6825.85680902376,2931.17485313912,6882.30633890833,2578.55766715798,79.6745718507998,80.1336541852029,58.4558406866676,33.5887013115482,194.607464262972,196.216859270373,0.00140962095241109,0.00135044915628032,1.65461094802458e-07,0.000725969086404034,0.00225625911615833,9.24575561100796e-06,7.1268071755548e-06,1.69261674581986e-09,3.19822486494738e-06,1.32859079696303e-05,-3169.80105198964,0.0830771256221511,0.066981763221698,0.995,0.42518958343112
"quadratic",1600,"sir_collapsed",94,34.757,2765.79572301413,2956.75482683531,1615.39328733463,1035.41620506507,6772.15871346787,2883.61104770579,6787.15977892835,2697.27786659485,79.575214288176,85.0693335683549,46.4767755368595,29.7901488927429,194.843016182866,195.274614579174,0.00131257884417049,0.00125650348750793,1.35617826752877e-07,0.000684186743593059,0.00204972948811255,8.22021332019974e-06,6.75811581987624e-06,3.58338893100059e-10,3.47958829265008e-06,1.2273738556225e-05,-3156.83543337747,0.0694462447213688,0.0521036139282186,0.98375,0.418781730325865
"quadratic",1600,"sir_collapsed",95,34.962,2862.70723808842,2953.2672824942,1437.69851411258,1187.92724898896,7178.53906448945,3126.85524101071,7178.51310612279,2703.55781089337,81.8805342397009,84.4707763427207,41.1217468712483,33.9776685827173,205.324039371016,205.323296897282,0.00171619882542188,0.00163358642913645,2.73436252837739e-07,0.00083507120555093,0.00275527055218835,1.07541955215297e-05,7.52084927626019e-06,5.05373560304219e-09,3.76816090604269e-06,1.55297279115209e-05,-3168.18424563098,0.0817428237937131,0.0656707928406282,0.991875,0.440390889230498
"quadratic",1600,"sir_collapsed",96,35.436,3265.40029472242,3448.2851157854,2158.96815093408,1112.94175536239,7049.77524403365,3279.08182666799,7036.20812979112,3041.13195672445,92.1492350920651,97.310224511384,60.9258423900575,31.4070932205213,198.94387752663,198.561015063526,0.00154555749243036,0.00147234644020028,2.13763038157961e-07,0.000779132407784178,0.00244065387853592,9.89934762752494e-06,7.12837021074015e-06,9.78204513435e-10,3.47084988716877e-06,1.51885611443843e-05,-3147.51702910336,0.0782211256073437,0.0639512680821064,0.996875,0.431216127635374
"quadratic",1600,"sir_collapsed",97,34.688,2632.38937897539,3107.01409976573,1943.96919104974,1272.87558104969,7050.33238128705,2798.94154182074,7087.10624494804,2938.35531175714,75.8876089418643,89.5702865476745,56.0415472512033,36.6949833097813,203.249895678248,204.310027817921,0.00162391781479522,0.0015493871173138,2.38310744886043e-07,0.000782453690405338,0.00256171949768846,1.12679336966006e-05,7.41006689053274e-06,1.42059394124147e-08,3.1096748407913e-06,1.48649044580983e-05,-3133.7953137372,0.0989462343989854,0.0764487551249301,0.97625,0.44086900145494
"quadratic",1600,"sir_collapsed",98,34.669,3476.1929402247,3493.94518485569,1969.63892103406,1112.27777236839,7290.69611620663,3464.93289667582,7287.84019035003,3090.58085274976,100.268047541743,100.780097056612,56.8126834069071,32.0827763237587,210.294387383733,210.212010451701,0.0017116163835595,0.00163213148778441,2.72189828717118e-07,0.000824477549668229,0.00275625554072903,1.04260847018807e-05,7.26233079385397e-06,3.28716640734986e-09,2.70027288415775e-06,1.37062471967048e-05,-3184.87516587312,0.0930792475415666,0.0747324302844938,0.988125,0.441347623963619
"quadratic",1600,"sir_collapsed",99,34.866,2754.68454189611,2703.68552488798,2273.84146916535,1169.56824435748,6779.82989974852,2909.43498859425,6749.27619300685,2594.01751392046,79.0077594761691,77.5450445961103,65.2165854748278,33.5446636940711,194.453906377231,193.577588281043,0.00125632373834796,0.00120977105688743,1.21736130020888e-07,0.000660957525776544,0.00195664128331715,8.01408791216584e-06,6.51441675650113e-06,2.16502142868083e-10,3.35738213972252e-06,1.27612319240132e-05,-3153.1635837777,0.0783324892846122,0.0651208913206275,0.991875,0.414327346271595
"quadratic",1600,"sir_collapsed",9,34.456,2773.96672031509,2885.94697543668,2158.87900689287,1218.07887536645,6745.92603412039,2992.88162300053,6822.29068143989,2704.44450272441,80.5075087159011,83.75745807513,62.6561123430716,35.3517203205958,195.783783205259,198.000077822147,0.00125526569461079,0.00120529510847119,1.17136354761953e-07,0.00065371156212796,0.00193422225240003,7.55455691382277e-06,6.42350734340391e-06,1.99390939686264e-10,3.51975954657824e-06,1.16869203787489e-05,-3160.46956906163,0.0656410507870582,0.0539169103873559,1,0.414943960643361
"quadratic",200,"sir_collapsed",100,4.451,3847.83769010329,3793.23567275982,1690.83483899059,2459.43452485996,7089.32819880563,4227.25729849003,5900.59324245636,3711.67320197767,864.488359942325,852.221000395377,379.877519431721,552.557745418998,1592.749539161,1325.67810434877,0.00788251254590423,0.00660764249925953,2.57004316190725e-05,0.00133347153454629,0.0181147179990378,9.6935936159859e-05,5.84078028341804e-05,8.13257365833143e-08,9.90701207649507e-06,0.000230177722857135,-383.386260834784,0.126832051152929,0.112434027268991,1,0.644468177614417
"quadratic",200,"sir_collapsed",101,4.721,3156.4087009612,3064.02520424841,1685.13366995492,3084.9514848648,6976.33560623184,3354.73260254112,5820.85734386486,2857.33477270913,668.589006770006,649.020377938658,356.94422155368,653.452972858462,1477.72412756447,1232.97126538125,0.00650880484584074,0.00540349585697167,1.77645581425579e-05,0.001212035912904,0.0145693498341749,8.64146627308305e-05,5.73586103513009e-05,9.79439702960918e-08,1.0384644380199e-05,0.000197304602793828,-387.940974568863,0.174398987835682,0.119738253633404,0.94,0.62004014540045
"quadratic",200,"sir_collapsed",102,4.898,2849.783537003,2951.22680937318,2210.46726488659,2884.27464250507,6766.38176822542,3154.08613104044,5781.96722885797,2794.12379524266,581.825956921804,602.537119104365,451.299972414576,588.867832279516,1381.45809886187,1180.47513859901,0.00564064180733922,0.00468282011603295,1.22586745912122e-05,0.0010756959361673,0.0124455364738583,8.45677933822992e-05,5.60901944272193e-05,5.37223001975824e-08,1.1472675054371e-05,0.000191230047819082,-379.164653835952,0.150953210910185,0.111722721629806,0.975,0.599511464414688
"quadratic",200,"sir_collapsed",103,4.417,3075.69509232651,3451.00725246378,2454.76602645143,2799.52257493959,6781.49395437238,3282.44638314734,6048.09462610956,3100.88793451057,696.331241187799,781.301166507536,555.754137752191,633.806333470588,1535.31672048277,1369.27657371736,0.00492051930483392,0.00418850747760933,8.32979517973368e-06,0.00106350925364872,0.0106524034116612,9.80824306928615e-05,4.86670075474515e-05,1.97947789410743e-07,9.62173051729418e-06,0.000210758123869962,-394.251913145681,0.119283051806394,0.0893470568540689,1,0.572599025679181
"quadratic",200,"sir_collapsed",104,4.499,2997.73132542021,3189.08704728628,1896.55442939966,3081.67585297095,6607.35000647121,3306.42575575397,5815.41270911877,3005.96246025764,666.31058577911,708.843531292795,421.550217692745,684.969071565002,1468.62636285201,1292.60118006641,0.00450376558013791,0.00381342610622114,6.89869573846359e-06,0.00100295623155635,0.00952812052639002,7.15298565855749e-05,5.45507535119563e-05,2.45269910480073e-08,1.15975764468544e-05,0.000157168431552261,-380.964096785357,0.104344024935791,0.0815810254011221,1,0.568713490926544
"quadratic",200,"sir_collapsed",105,4.465,2755.92057379773,2636.48279295652,2086.68984925868,2951.672868648,6674.84143896551,3127.25381342882,6046.203076509,2640.90366738286,617.227452138349,590.477669195189,467.343751233747,661.068951544905,1494.92529428119,1354.13282788555,0.00463814067348486,0.00396197730408176,7.58925326282387e-06,0.0011026687706811,0.0101880346757236,7.35034179609357e-05,4.44806570059838e-05,6.69890119824975e-08,8.92379025620015e-06,0.000154085080732204,-401.039715382441,0.0941226322529449,0.071932669390599,1,0.556453261320686
"quadratic",200,"sir_collapsed",106,4.427,3653.50406076178,3644.89804357267,2345.76303470879,3184.41517541886,7120.2418389317,3636.14111808214,6271.81731031415,3581.72390424394,825.277628362724,823.333644357955,529.876447867358,719.316732644875,1608.36725523644,1416.71951893249,0.00558800317197896,0.00471366689720243,1.22692492426065e-05,0.00114278144042615,0.0124860210421387,7.57263939537591e-05,4.6838403042542e-05,5.19241643568841e-08,9.47344522124458e-06,0.00016127575074304,-393.135232397966,0.110674429548057,0.0921470578199656,1,0.585383565025079
"quadratic",200,"sir_collapsed",107,4.534,3387.87989655745,3991.2467644526,1790.72714415246,2159.14710641652,6895.71250713331,3610.3790551228,5580.46151572899,3226.51574738996,747.216562981352,880.292625596074,394.955258966136,476.212418706776,1520.88939283928,1230.80315741707,0.00665764960398871,0.00553595362340367,1.8563173310721e-05,0.00110435395658759,0.0150645799123354,0.000138417340024545,5.53680990603214e-05,1.51720399026161e-06,7.95478209265006e-06,0.00026244751196389,-388.462201667034,0.0950024707179392,0.081897438579311,1,0.618335675503828
"quadratic",200,"sir_collapsed",108,4.424,3021.86598176956,3188.76830336513,2619.19519775349,2902.88921893654,6722.08688730274,3358.81614416037,6070.50674983335,3013.80870730336,683.061930779738,720.788495335699,592.042314139576,656.168449126705,1519.45906132521,1372.17602844334,0.00418096875530275,0.00361969180555349,5.10604579461997e-06,0.00110512742013214,0.00856566945465254,7.11522771634888e-05,4.23211803238944e-05,7.5342839956307e-08,9.03965666884922e-06,0.000145727381889749,-394.790914500473,0.147058110069307,0.108306285820532,0.945,0.5522497015527
"quadratic",200,"sir_collapsed",109,4.422,2834.27874773471,2965.49057432077,2983.24106983983,3031.54723639096,6798.75301348378,3122.05076389928,6085.95201030538,2866.56960504962,640.949513282386,670.62202042532,674.636153288067,685.5602072345,1537.48372082401,1376.28946411248,0.00459469783142684,0.00396912500206327,6.61948787755884e-06,0.00126364152372123,0.0100692807069025,7.98553569869374e-05,4.7267944688711e-05,1.84818607814247e-07,1.06116550872221e-05,0.000146808115563,-381.229305448306,0.131130519899751,0.0924958257558149,0.98,0.563370713443312
"quadratic",200,"sir_collapsed",10,4.615,3442.86701434304,3387.14742155651,2468.62585437181,3065.34728228409,7033.80528541629,3574.10390307214,6260.43159116742,3203.47022726699,746.016687831646,733.943103262516,534.913511239829,664.213928988968,1524.11815501978,1356.53988974375,0.00530325551054819,0.00446608423485964,1.05612304442938e-05,0.00120287217908717,0.0117344874889411,0.00011566911807033,4.75305489616821e-05,2.29068684904646e-06,8.20499075019599e-06,0.000222824042638073,-396.282084516529,0.100948427762451,0.0865045611033235,1,0.574857116256118
"quadratic",200,"sir_collapsed",110,4.471,3057.26261798984,3333.63198848132,2571.60711350712,2867.9150577826,6817.70181178473,3436.4328876774,6090.87998595211,3189.72973057475,683.798393645682,745.61216472407,575.174930330378,641.448234798165,1524.8717986546,1362.30820531248,0.00502765978216394,0.00426364056077734,9.00269190891564e-06,0.00121686011766147,0.0109480175802245,8.14478686165289e-05,4.62566394704409e-05,1.45876929561659e-07,1.01756712472579e-05,0.000169821271817777,-392.212309504407,0.126247448775647,0.105762029676718,1,0.577854539429193
"quadratic",200,"sir_collapsed",111,4.439,3209.44781780485,3155.53028456303,1450.56509172231,3019.12820359499,6914.79878865687,3506.26239636503,6217.94640018953,3011.71202828538,723.011448029928,710.865123803341,326.777448011334,680.137013650594,1557.73795644444,1400.75386352546,0.00584544631567026,0.00502247781046169,1.13627279301906e-05,0.00163731353007484,0.0128056408072365,9.18125624838246e-05,5.21893772333787e-05,2.07617004858257e-07,1.14042596333988e-05,0.00018187977019323,-390.680746197597,0.133543860908941,0.114217552397565,0.985,0.579601007319947
"quadratic",200,"sir_collapsed",112,4.831,1833.55047080265,1692.62583914017,1174.4120949887,1324.59975010681,6325.52355004279,2018.51267554406,4687.45619884346,1523.64012518297,379.538495301729,350.367592452943,243.099170976755,274.187487084829,1309.36111571989,970.286938282645,0.00785226124949528,0.00634932386344322,2.93644978801477e-05,0.00133610810701451,0.0187148094180523,0.000195028396913888,8.84878044631997e-05,1.92442694734509e-06,1.42292503587654e-05,0.000412606367056348,-383.441674998657,0.179800007474016,0.142774445968142,0.98,0.656434268225545
"quadratic",200,"sir_collapsed",113,4.605,2811.66434095306,3008.3899121636,2116.28289353534,2869.76261686827,6628.32775274273,3099.55491610444,5725.25639086152,2808.55717250003,610.567717905116,653.287711653334,459.561974709086,623.184064466508,1439.37627638279,1243.26957456276,0.00522920288578038,0.00446726853156101,9.87941660906093e-06,0.00109203117181195,0.011291279565273,8.16910326587517e-05,5.15043683126608e-05,5.16415588254909e-08,1.02264237693029e-05,0.000185792312548662,-375.606467132056,0.118054660759156,0.0945170166862576,1,0.590021235598542
"quadratic",200,"sir_collapsed",114,4.651,3117.27674903582,3017.12303960678,1772.77487281453,2520.01785695461,6962.90796132217,3365.59293297201,5915.42254374845,2789.31116816249,670.23795937128,648.704158160994,381.159938252964,541.822803043347,1497.0776094006,1271.86036201859,0.00622526739160982,0.00524644899593297,1.46930898872834e-05,0.00107997159580196,0.0136259290325638,8.82921202825549e-05,5.65600277402515e-05,1.11137949222327e-07,1.04332687744628e-05,0.00019137173868637,-379.160061355978,0.122792395258603,0.100498670109821,1,0.610307206483792
"quadratic",200,"sir_collapsed",115,4.437,2862.23605635826,2493.38138493147,1432.19479555786,2589.80122707722,6894.45071253707,3241.37023913797,5585.50551383093,2404.59146772312,645.083627757103,561.952081345834,322.784493026338,583.682945025291,1553.85411596508,1258.84730985597,0.00669851279991494,0.00547850518939967,1.93971238207845e-05,0.00101948269921822,0.0156152733106831,8.92943138805239e-05,7.00037683618085e-05,2.11535452088675e-08,1.47195904090938e-05,0.000200717991481705,-386.643850621421,0.180753256053035,0.136538760213481,0.905,0.619853604179062
"quadratic",200,"sir_collapsed",116,4.736,2743.24581483327,2710.39651902426,1905.28149087605,3039.38513483744,6826.3822753151,2959.48917430327,5902.6813982034,2598.50538234218,579.232646713106,572.296562293974,402.29761209376,641.762063943715,1441.38139259187,1246.34320063416,0.00568865360970425,0.00473924018401049,1.31120456810171e-05,0.00128146146863292,0.012985125215876,8.40663925787721e-05,5.38563100976426e-05,5.27742590588227e-08,1.11956699651705e-05,0.00018762878499021,-386.41029569891,0.100346290401258,0.084054078938832,0.985,0.587733729738215
"quadratic",200,"sir_collapsed",117,4.708,2518.87688059966,2425.71321805546,1937.08808382677,1918.14587276124,6617.90000391859,2825.9535701563,5593.14279508318,2211.50628736518,535.020577867387,515.232204344829,411.446067083001,407.422657765768,1405.67119879324,1188.00824024707,0.00584324767184002,0.00486331285518189,1.43245187949088e-05,0.00114167349984134,0.0130837414092889,0.000147964771085135,6.40810283851992e-05,1.08624491870716e-06,9.90678423335444e-06,0.000274082515989526,-386.690292467357,0.157273388395845,0.136958871190955,1,0.597432953154566
"quadratic",200,"sir_collapsed",118,4.77,2688.15996339044,3075.54829266474,2865.54028156219,3351.27555459996,7077.87664131515,2811.12981762067,6429.81535043024,2916.73409443813,563.555547880595,644.769034101623,600.742197392492,702.57349153039,1483.8315809885,1347.96967514261,0.00531145196033955,0.00452369583077346,9.54040389125258e-06,0.00110540874195062,0.0113868966211693,6.70887667342704e-05,4.87190955292176e-05,1.94350539677152e-08,1.14055727066814e-05,0.000151965375702735,-395.569348060459,0.11253818039953,0.0915916326026783,1,0.579178032358573
"quadratic",200,"sir_collapsed",119,4.422,2842.53227215854,2742.35132109251,2567.97648539239,3227.64613298459,6752.18961146699,3139.02112230234,6090.3928964866,2685.82311244204,642.815981944491,620.160859586727,580.727382494887,729.906407278288,1526.95377916486,1377.2937350716,0.00453000687227076,0.00390386774738035,6.58633662269481e-06,0.0011042819156396,0.00980324071575325,7.35925394404417e-05,4.76932432648872e-05,6.17197910307372e-08,8.97616623644385e-06,0.000155201526074667,-393.128252093971,0.097038091438072,0.0772156382185615,1,0.562673565997833
"quadratic",200,"sir_collapsed",11,4.429,2519.95146204231,2794.32757098607,2545.17804763593,3285.52686015429,6695.54903252181,2758.83323324729,6087.01366031111,2627.06105108871,568.966236631815,630.916137048108,574.662011207029,741.821372805214,1511.75187006589,1374.35395355861,0.00448879113970745,0.00383419477127552,6.60990855342699e-06,0.00104690225232861,0.00955939877552982,8.13176154363853e-05,4.6938236317542e-05,3.51791581866858e-07,1.06674147462769e-05,0.000160973221823826,-373.996611117799,0.163179082845076,0.138583512479833,0.945,0.575966408322014
"quadratic",200,"sir_collapsed",120,4.509,3206.65930286677,3400.55012485628,2422.24275468409,3039.85247940935,6921.42593632416,3414.4978736868,6021.42516890218,3212.81882509548,711.168618954705,754.169466590437,537.201764179217,674.174424353371,1535.02460330986,1335.42363470884,0.0050086752786258,0.00424964411787034,8.70831415361583e-06,0.00122098171639326,0.0109125884690913,9.48849333607532e-05,4.82348585067126e-05,2.51981596551497e-07,9.06023831368922e-06,0.000190156566330771,-388.022389708092,0.108259823288953,0.079022204045986,0.99,0.581935973851201
"quadratic",200,"sir_collapsed",121,4.425,2831.40071106723,2870.12941856551,1461.25429421805,2773.93411546665,6722.87507770139,3100.34796831289,5882.24228760482,2587.05256643874,639.864567472821,648.616817754918,330.226959145321,626.877766207154,1519.29380287037,1329.32029098414,0.00515701695268733,0.00438320255808598,9.12826622428241e-06,0.000921064653932802,0.0111475543007553,8.19779912660958e-05,5.11101710849794e-05,1.1027913322051e-07,1.10085571404919e-05,0.000192427895744936,-387.183344199442,0.0992022964819161,0.0715727864189888,1,0.584332238118263
"quadratic",200,"sir_collapsed",122,4.628,3421.49009012994,4021.3465397953,1980.43215093233,2908.17051615048,6833.44836791138,3753.56689388673,6140.99719307727,3492.71439090254,739.302093805087,868.916711278154,427.923973840174,628.386023368729,1476.54459116495,1326.92247041428,0.00536876914035626,0.00457543811617608,1.01680789126578e-05,0.001143417685451,0.011574012253877,8.53073136528353e-05,5.11595492686327e-05,4.74305046022577e-08,8.12650965182897e-06,0.00019615789929567,-382.482438921621,0.0808502884733275,0.0671139952603014,1,0.578892426172325
"quadratic",200,"sir_collapsed",123,4.743,2868.65387949181,3040.82378213146,2773.75726481907,3609.05826940859,7013.72111497416,3154.41373843245,6302.47140993069,2913.0686825423,604.818443915625,641.118233635138,584.810724187027,760.923101287917,1478.75207990178,1328.79430949414,0.00473588843521281,0.00402630510894638,7.2896839240615e-06,0.00118484271406696,0.00986902705554583,6.4513408703804e-05,4.46657815604138e-05,1.12574364851884e-08,7.72849360867959e-06,0.0001492122046662,-382.839035414976,0.125329144742733,0.0923489357265501,0.955,0.562790830177616
"quadratic",200,"sir_collapsed",124,4.44,3026.01116411101,3550.41169885208,2037.1752073081,3186.09674153043,7249.81801800365,3446.83181667465,6133.08349791843,3045.33914228155,681.534045970948,799.642274516233,458.823244889211,717.589356200547,1632.84189594677,1381.32511214379,0.00646037488940244,0.00550075884052296,1.57730671627481e-05,0.00113883606119213,0.0140054999198332,7.11906852639786e-05,4.96029765324146e-05,2.48507930566512e-08,1.10430002271935e-05,0.000157171246156903,-395.872942043627,0.112711031373623,0.0915987814396994,1,0.596830351557073
"quadratic",200,"sir_collapsed",125,4.416,2587.47183539092,2928.54128519574,2755.68001455336,2451.42706656183,6595.20079472088,2843.99986349555,5956.99285549651,2562.59033585021,585.931122144684,663.166051901209,624.021742426032,555.123882826502,1493.47844083353,1348.95671546569,0.00463380814684375,0.00394021797405315,7.50645498456004e-06,0.0010379294308664,0.00989839102635637,9.25413721792821e-05,4.78230009899677e-05,1.86845999824121e-07,9.56526873323619e-06,0.000200194407697283,-402.688369961497,0.140405733659253,0.10666026914209,0.91,0.561166834172623
"quadratic",200,"sir_collapsed",126,4.818,2708.2808115417,2778.99630646849,2692.47137360733,2698.60691540453,6949.05804767121,2931.14646354213,6334.52893806959,2591.34906517858,562.11722946071,576.794584157014,558.835901537428,560.109363927882,1442.31175750752,1314.76316688866,0.00508660138994617,0.00432629717606627,9.30613721602802e-06,0.00109552222763927,0.0109296196351309,7.95484570335108e-05,4.67682899843374e-05,1.52799142277525e-07,9.25714174928297e-06,0.000164538504055293,-392.105083539247,0.117383783997307,0.0916013077374645,0.97,0.583255348370927
"quadratic",200,"sir_collapsed",127,4.591,3158.17301813427,3264.06759386019,2243.16904797139,3487.69477587881,7208.43932058713,3466.4077088446,6536.08027653011,2971.67440334476,687.905253350963,710.970941812283,488.601404480807,759.680848590462,1570.12400796932,1423.67246275977,0.00583393814139707,0.00487082938858522,1.38599883321493e-05,0.00130775490479634,0.0127090161233955,6.74473710432058e-05,4.40730673852514e-05,7.29624744236333e-08,9.94376789349655e-06,0.000140528349514649,-408.848361004829,0.152030822215024,0.129439223489864,0.955,0.58717804695138
"quadratic",200,"sir_collapsed",128,4.841,3262.69264993177,3299.89829181596,2260.41635592828,3317.23405021654,7050.49909522519,3516.32628905505,6354.56011773539,3085.41017127636,673.970801473202,681.656329645932,466.931699220879,685.237358028617,1456.41377715868,1312.65443456629,0.00547711825739507,0.00463836783174285,1.106573468441e-05,0.00140328112601963,0.0122183369614148,6.9313725942433e-05,5.01137476153116e-05,1.45958421853748e-08,1.03360553008259e-05,0.000154985152813544,-392.546189561345,0.0836453959924071,0.0618617218579133,1,0.582446768337493
"quadratic",200,"sir_collapsed",129,4.561,2305.60573302703,2320.03715527461,2326.31521393011,2941.6998468494,6294.63755026758,2521.10360537832,5906.70774152286,2256.16101314124,505.504436094504,508.668527795354,510.044993187921,644.968175147863,1380.10031797141,1295.04664361387,0.00403559018457533,0.0035076191673112,4.68053422812797e-06,0.00117826185776698,0.00847175953637785,7.72566682135736e-05,5.22339187511907e-05,4.13731795087922e-08,9.43267985199172e-06,0.00017168985152099,-373.733249046428,0.103396161419437,0.0864887263139053,1,0.557729450623767
"quadratic",200,"sir_collapsed",12,4.502,3270.61479450696,2993.80969381615,1290.48484000502,2162.90740251247,6567.90492648748,3250.35288018337,5696.14141307058,2774.91797143478,726.480407487108,664.995489519358,286.647010218796,480.432563863276,1458.8860343153,1265.24687096192,0.00554989730118599,0.00462316180735775,1.18436832548684e-05,0.0013122942261582,0.0122026182793514,9.56349033232387e-05,5.89547963219273e-05,7.23283126436737e-08,1.07236385832565e-05,0.000225192365932527,-378.776760499068,0.112104570758412,0.0947618706469013,1,0.598176192147319
"quadratic",200,"sir_collapsed",130,4.43,3064.70915762838,3533.28914974435,2367.37496953839,2567.27612374069,7043.1006536718,3376.00395618366,6183.42257018004,3291.95117318693,691.807936259228,797.582200845225,534.396155652007,579.520569693158,1589.86470737512,1395.80644925057,0.00539355894377985,0.00457614537465791,1.0233355488277e-05,0.00131446646970908,0.0117398640157408,8.69087148868557e-05,4.93684549398891e-05,1.01549202528777e-07,8.36362045716045e-06,0.000197541682897243,-387.244707290096,0.123273550992095,0.094455879635754,0.995,0.589199371644323
"quadratic",200,"sir_collapsed",131,4.467,2478.71059955163,2526.94731640462,1967.6074238627,2124.49005350164,6730.19258769175,2834.35943182949,5894.91442651609,2421.6685398038,554.893798869851,565.692257981782,440.476253383188,475.596609245945,1506.64709820724,1319.65847918426,0.00523790491082783,0.00437516039890845,1.04456247256683e-05,0.00130079482018631,0.0115420594574609,0.000122566457831872,4.83918787161707e-05,1.67686973385211e-06,9.47890368381229e-06,0.000201757266231888,-396.439947241718,0.133202733342752,0.103917141539981,0.975,0.580750385122319
"quadratic",200,"sir_collapsed",132,4.875,2602.57534492596,2691.02188939998,2268.52734689012,2418.77846373913,6313.82003078309,2750.62629943743,5503.93769399639,2405.66077835937,533.861609215582,552.004490133328,465.33894295182,496.159684869565,1295.14257041704,1129.01286030695,0.0046008540699506,0.00390572343592443,7.09666526418971e-06,0.00105131309132495,0.0102146717663537,9.89184037129501e-05,5.72239489794345e-05,8.90439679313404e-08,1.10314866603494e-05,0.000207947661045818,-381.912711635359,0.109192021061028,0.0832627147073745,1,0.57777533745676
"quadratic",200,"sir_collapsed",133,4.512,3113.73978532327,2812.79731559461,2259.05928026931,3561.39584272926,6916.65931234788,3452.48239918031,6285.73602496362,2752.19083571719,690.101902775547,623.403660371145,500.678031974581,789.316454505598,1532.94754263029,1393.11525375967,0.00483526083701604,0.0041218576722815,8.13852925489267e-06,0.00127491342683879,0.010173163581884,6.63193734010938e-05,4.85315608086806e-05,6.09188565418104e-08,1.24934992498843e-05,0.000139169293098427,-407.983645600926,0.128036529211273,0.0902884512471176,0.95,0.558082177367572
"quadratic",200,"sir_collapsed",134,4.667,2811.87483968963,3925.70152615642,1960.09750673641,3326.15934655221,7102.38169215946,3149.80884078915,6338.25098413129,3619.97685081817,602.501572678301,841.161672628332,419.99089495102,712.697524438013,1521.83023187475,1358.09963234011,0.00506619931111468,0.00419900664807526,9.63459783478854e-06,0.00101330704433502,0.0111235038406794,6.92292760576166e-05,4.15253870531802e-05,4.71215464686522e-08,7.75927607187651e-06,0.00014360529822961,-396.113341939576,0.0845915849310234,0.0733592886572703,1,0.569943918070606
"quadratic",200,"sir_collapsed",135,4.888,3154.87181421256,3459.37289547627,879.783803096478,3241.89222500278,6705.9246720505,3439.73159464422,6004.24467013009,3258.23886243465,645.432040550852,707.727679107257,179.988503088478,663.234906915463,1371.9158494375,1228.36429421647,0.00457696611058962,0.00387500731833767,7.29357474441365e-06,0.00102645263151285,0.00970586479265995,6.61808911244613e-05,4.42271440130393e-05,7.18573255262957e-08,1.12831127860556e-05,0.00013843255582716,-387.09761714675,0.0986384720366159,0.081194525127254,1,0.562439478344795
"quadratic",200,"sir_collapsed",136,4.429,2996.65702982384,2645.29906098711,1265.20936818304,2749.41911052803,7050.24684139146,3116.85837043166,6018.9856143262,2498.4967027528,676.599013281518,597.267794307317,285.664792996848,620.776498200052,1591.83717349096,1358.99426830576,0.00787423426858357,0.0064894952708119,2.86540184319023e-05,0.00130978926410848,0.0184402091104412,8.82022900690007e-05,6.08730362177671e-05,3.946330584191e-08,1.00124196731046e-05,0.000206927183631207,-400.654315445071,0.0975534824938696,0.0815179989612666,1,0.627076435442793
"quadratic",200,"sir_collapsed",137,4.734,2703.81630485337,2970.31350965871,2778.56025171654,3884.52655591206,6811.26634764774,2925.82707008424,6479.9671747371,2845.43491731509,571.148353369957,627.442650962971,586.937104291623,820.559052790887,1438.79728509669,1368.81435883758,0.00399305109629717,0.00346557660348009,4.82886307622301e-06,0.00109813537956369,0.00846778648308529,5.29839676704523e-05,3.90509119989781e-05,6.23181025165999e-09,9.04645377383528e-06,0.000115079221053431,-400.53439255659,0.185543517041968,0.147130352532668,0.9,0.534484662303468
"quadratic",200,"sir_collapsed",138,4.575,2586.77685353987,2598.18239291478,2213.01513202804,2586.11174254922,6566.21482567539,2825.82606023639,5785.13676568672,2523.9240954581,565.415705691775,567.908719762794,483.719154541649,565.270326240268,1435.23821326238,1264.51076845611,0.00467487341235989,0.00398960414443752,7.74832406240308e-06,0.00119794001210482,0.0103003561808898,9.03512041709132e-05,5.76218548001848e-05,1.04940062872249e-07,1.25570629520731e-05,0.000187053533027142,-398.633131999722,0.136363261130697,0.11909279101444,1,0.559312185691394
"quadratic",200,"sir_collapsed",139,4.41,2242.10952603923,2458.50301472654,3174.191403708,3086.90864005827,6618.51582849978,2482.49953819674,6197.8253751921,2329.09789581147,508.414858512296,557.48367680874,719.771293357822,699.979283459924,1500.79724002263,1405.40257940864,0.00407920297027287,0.00350161528872379,5.56199784528025e-06,0.00102677041273195,0.00849548547708626,0.000100098554325944,4.48598655235712e-05,7.0696943001489e-06,8.85682123166388e-06,0.000165042131141877,-398.67555529606,0.136838206295324,0.11260088748874,0.96,0.545635271652076
"quadratic",200,"sir_collapsed",13,4.427,3228.09770917834,3407.80206785342,1961.26992997217,3480.53399268536,6667.71994878275,3261.91422685439,6014.98644246082,3068.49260838646,729.184031890296,769.776839361514,443.024605821588,786.206006931411,1506.14862181675,1358.70486615334,0.00421682332106336,0.00364019720406829,5.47739836965013e-06,0.00093500652854062,0.0086665449205025,6.5073191901909e-05,4.65990064170205e-05,2.04203982534993e-08,1.1641505071558e-05,0.000144191481283484,-366.959390970186,0.0784074186139661,0.0626458110630519,1,0.557508987256607
"quadratic",200,"sir_collapsed",140,4.421,2856.5924153145,3004.29939602711,2369.53783348469,2796.15235804963,6395.07027348136,3153.10102097222,5663.52126199576,2731.67360659439,646.141690865076,679.552000910904,535.973271541436,632.470562779829,1446.52121092091,1281.04982175882,0.00463386042076867,0.00400194808187962,6.41203045963548e-06,0.0012026845863224,0.00971705796139305,9.29496720169804e-05,5.9179161716866e-05,7.97052433441379e-08,1.00706937657879e-05,0.000210355183504542,-375.964599700744,0.133394826317631,0.111886445292143,0.97,0.573855452544033
"quadratic",200,"sir_collapsed",141,4.553,3400.33630374366,3434.07340313824,2424.73331846881,3542.3626217096,6884.70493587375,3461.62929808763,6445.5867017284,3354.24241212769,746.834241981916,754.244103478638,532.557284970088,778.02824988131,1512.12495846118,1415.67904716196,0.00488602435712911,0.0041743309986081,7.93009511232454e-06,0.00111494113904537,0.0105359041982012,7.2666996857691e-05,4.52915711979796e-05,9.65900384346529e-08,8.13806034205329e-06,0.000156694470352688,-395.657802555738,0.115497821287986,0.0889777774199772,1,0.57039092782637
"quadratic",200,"sir_collapsed",142,4.838,3254.25346545918,3231.85360453185,2781.07609191676,3037.61093130264,6674.03751363474,2778.50392033477,5885.90504134582,2867.88754132936,672.644370702601,668.014387046682,574.840035534676,627.865012671071,1379.50341331847,1216.59880970356,0.00463640298168629,0.00402445781756249,6.70445059247875e-06,0.00100502998435671,0.00958162865124962,7.89202544135807e-05,4.75982657679411e-05,9.90312629378565e-08,8.78922785290222e-06,0.000171096845888743,-382.255774546733,0.123158846657421,0.0980746948137592,0.99,0.568951722257067
"quadratic",200,"sir_collapsed",143,4.986,3169.80811332335,3207.66349534571,1470.50026021359,3270.71814653897,6860.1631006778,3337.31830954288,6077.99304077669,3083.90808918905,635.741699423055,643.334034365365,294.925844407057,655.980374355992,1375.88509841111,1219.01184131101,0.00540578306355507,0.00448660670965298,1.10088236047669e-05,0.00131564702430266,0.0121020423294432,7.91526519246593e-05,5.26627824460202e-05,9.19912651056344e-08,9.36695661310092e-06,0.000165570016618129,-387.242960865262,0.133326278922414,0.106732032039752,1,0.588470528949682
"quadratic",200,"sir_collapsed",144,4.842,2738.94204472209,2953.96175129563,2053.05452042362,2783.59365309401,6849.55253028655,3016.22412280405,5903.87433340205,2674.18198589137,565.663371483291,610.070580606285,424.009607687654,574.885099771584,1414.61225326034,1219.30490157002,0.00550285354187974,0.00455314053070073,1.26981718569975e-05,0.000952514586051327,0.0127529468179205,0.000109024391297717,5.6993365021551e-05,4.35582586745193e-07,1.10498867062987e-05,0.00021993431172112,-401.293615389714,0.0951269983605829,0.081261535009716,1,0.595441836364676
"quadratic",200,"sir_collapsed",145,4.814,3144.43823915636,3558.84640671598,2539.82928308324,3484.94184726764,6853.56246452683,3237.77591442295,6115.93753475849,2754.4565396109,653.186173484912,739.270130186119,527.5922897971,723.918123653437,1423.67313347047,1270.44817921863,0.00482864766478893,0.00414299610891924,7.89442105088532e-06,0.00118213166252907,0.0103662119841695,6.93637006507707e-05,5.29019565717665e-05,8.63361333594419e-09,1.22870309888895e-05,0.000155848258344276,-396.893531854038,0.109048174128776,0.0923501881033314,1,0.561790225780559
"quadratic",200,"sir_collapsed",146,4.627,3618.24805178642,3564.33458001999,2294.31514751851,3104.75593304993,7225.69715499074,3724.51040103166,6501.6378071706,3396.06290939435,781.985747090214,770.333818893449,495.853716775126,671.008414318117,1561.63759563232,1405.15189262386,0.00639055547645577,0.00520491892921404,1.90951088021182e-05,0.00134108275077227,0.0145071227161313,9.85106475131591e-05,4.73417421384741e-05,4.85814546694178e-07,6.82778997569544e-06,0.000184320648135358,-400.831637842904,0.103246770871773,0.079163661303955,1,0.600479525354485
"quadratic",200,"sir_collapsed",147,4.894,2511.65995735072,2834.95978982739,2045.43788183268,2941.97841640211,6832.05162056281,2907.15938139005,6081.10875903642,2648.54518436232,513.21208773002,579.272535722802,417.94807556859,601.139848059279,1396.00564376028,1242.56411095963,0.00519160989718723,0.00434979041606267,1.07117049574122e-05,0.00115259044547897,0.0115394704367987,0.000111980007804124,4.87691392771582e-05,1.0600221624332e-06,8.84991076277082e-06,0.000181751241401386,-398.426312527157,0.102827983295844,0.0899245973319718,1,0.568460160734448
"quadratic",200,"sir_collapsed",148,4.415,2766.76710351951,2946.82104526616,2933.40193975863,2476.13613547678,6581.54205121873,3026.51925937481,6039.96423385363,2793.17353657329,626.674315632959,667.456635394374,664.41720039833,560.846236801083,1490.72300140855,1368.05531910614,0.00421361953463323,0.00365196395119812,5.14304167729718e-06,0.00110660729781049,0.00872513468437965,7.35067776598692e-05,4.5513659778811e-05,5.08516460458645e-08,1.09137059502811e-05,0.000156261473654004,-385.928266830208,0.101430611189396,0.0761190941072082,0.995,0.556780015051757
"quadratic",200,"sir_collapsed",149,4.43,3252.10870259301,3415.02361483298,2356.10667920322,3346.02456949526,7133.18409842397,3497.51332861205,6264.53240183024,3180.57872525513,734.110316612417,770.885691835887,531.852523522171,755.310286567778,1610.19957075033,1414.11566632737,0.0052110084523454,0.00447838250924017,9.1703920887779e-06,0.0011111923541819,0.0111554990493769,7.12021351904316e-05,4.90579558774315e-05,2.08011449578141e-08,9.97007606337409e-06,0.000160612151716316,-387.527999722313,0.16243549195136,0.121432434871246,0.955,0.575481393469194
"quadratic",200,"sir_collapsed",14,4.428,3037.59433248065,2596.32789618517,446.754145255109,1446.22661193381,6593.19795533633,3220.0616874555,4991.3112975574,2326.39190551305,685.99691338768,586.343246654283,100.892986733313,326.609442622811,1488.97876136774,1127.21574018911,0.00667646156977571,0.00556343875169683,2.00699171497571e-05,0.000797014224025685,0.0152217079321524,9.56584652132277e-05,5.26406023010751e-05,1.0482100432903e-07,9.90826892415802e-06,0.000201321767773037,-397.967733599503,0.160399960753424,0.129993484942759,0.935,0.610287780493653
"quadratic",200,"sir_collapsed",150,4.509,3421.6762106318,3519.33560820832,2364.50699885979,3216.69783926159,6931.52548936664,3539.20498370365,6343.76702039069,3396.94138768071,758.854781688135,780.513552496855,524.397205335948,713.394952153823,1537.26446869963,1406.91218017092,0.00562062680863043,0.00464223249575667,1.38131399910559e-05,0.00120146496085948,0.0128594162431123,7.68475215847177e-05,4.60568082887459e-05,6.45317564470724e-08,1.16110034589347e-05,0.000175796470687502,-380.074652267747,0.131650747553758,0.107455885064082,1,0.596905435065268
"quadratic",200,"sir_collapsed",151,4.454,3105.95501501413,3564.9228030368,1769.04788892745,2831.03224922512,6912.53709409191,3228.09097718117,5935.42711651897,3075.29841296966,697.340596096571,800.386799065289,397.181834065434,635.615682358582,1551.98408039782,1332.60599832038,0.00679740907454079,0.00571210753309182,1.99133125081924e-05,0.00108035595417974,0.0155698161863082,0.000118812207708585,5.17820240823726e-05,1.59245260575111e-06,8.8439427285835e-06,0.000229383438323685,-393.597948558458,0.0917962555152192,0.0756476090519278,0.99,0.60844804745981
"quadratic",200,"sir_collapsed",152,4.442,2985.74750372976,3063.01685418774,2375.63321584623,3597.63328199073,6807.94345285691,3221.34530439125,6069.7510573802,2894.42148473451,672.162877922053,689.558049119257,534.811619956378,809.912940565225,1532.63022351574,1366.44553295367,0.00483362168131889,0.00412557277239424,7.86972495222349e-06,0.00120036376009547,0.0104479696203635,6.48046718977958e-05,4.60780471941393e-05,6.77643520697942e-08,1.07762093978026e-05,0.000139276831816831,-386.779554550303,0.109698450575732,0.0933903272757072,1,0.577737134908883
"quadratic",200,"sir_collapsed",153,4.63,2617.5337494532,2558.31279612858,1530.91867312975,2312.58241815584,6334.71405681138,2878.59096388682,5494.65691002754,2421.61600118009,565.342062516889,552.551359854986,330.651981237527,499.477844094134,1368.18878116876,1186.75095248975,0.0046732003167897,0.00395971928901711,7.8323231586071e-06,0.00114604113516164,0.00999670194292983,0.00010391296520809,6.44045484210788e-05,1.15509181095941e-07,1.2879067947473e-05,0.000235273253789237,-392.10916019399,0.182732917346971,0.138154529829483,0.905,0.586803384244619
"quadratic",200,"sir_collapsed",154,4.722,2854.59932652479,3123.00415495421,2329.87632002987,2694.22974310699,6443.54296491623,3174.61584256379,5831.96257817563,2905.30616527147,604.531835350443,661.373179786999,493.408792890697,570.569619463572,1364.57919629738,1235.06196064711,0.00448982717651808,0.00383870916021674,6.80065459597788e-06,0.000869981573941716,0.00938305579629941,8.69056726939837e-05,5.21940607819161e-05,1.1417633169001e-07,1.09106946684382e-05,0.000175519040113407,-385.253711191613,0.103733050951487,0.0882608846367647,1,0.571419520746974
"quadratic",200,"sir_collapsed",155,4.424,3233.90856546263,3208.4381417762,633.730577148629,1491.6095797158,6559.27225494473,3427.543494891,5236.42408844734,3147.85774589616,730.991990384862,725.234661341817,143.248322140287,337.163105722378,1482.65647715749,1183.64016465808,0.00578282296506096,0.00492318687175672,1.16162281996208e-05,0.00131247419027739,0.0124162785734289,9.57547979829861e-05,5.77799170723207e-05,5.84649126995774e-08,1.00433088715035e-05,0.000227194428991881,-372.087238415845,0.142534935060296,0.118620922082568,1,0.604764141831442
"quadratic",200,"sir_collapsed",156,4.71,2808.2725844494,3171.43438327346,2267.8556255951,3114.84610685676,6852.47380484199,3095.43453166108,6092.757818718,3052.11271034021,596.236217505181,673.340633391392,481.498009680487,661.326137336892,1454.87766557155,1293.5791547172,0.00447256954608673,0.00383742662408579,6.55377431893565e-06,0.00112333913388002,0.00982588943367837,7.85385796131644e-05,4.47006545244261e-05,2.55259994431875e-07,8.97195590329017e-06,0.000147180548304171,-395.56964168178,0.0761152284776137,0.0598293033356051,1,0.563052734073791
"quadratic",200,"sir_collapsed",157,4.405,2814.9300403193,2701.79691413994,3110.55608185116,3898.57622415424,6972.08161168875,3190.64016679787,6394.38124681849,2549.10653194227,639.030656145131,613.347767114629,706.142129818651,885.034330114469,1582.76540560471,1451.61889825618,0.0042181738009522,0.0036476803070572,5.57445932438912e-06,0.00105835523216413,0.00896964629507386,5.03956189514972e-05,3.82061549429066e-05,8.33331011169176e-09,1.04236757502906e-05,0.000113256862770105,-390.20608201551,0.148153635931973,0.118083968180982,0.925,0.549155689810349
"quadratic",200,"sir_collapsed",158,4.553,2451.74352708291,2459.59918893139,3018.62614504316,3970.36757431825,6802.74225856967,2826.10319614505,6083.73127928762,2202.81208128557,538.48968308432,540.215064557741,662.997176596345,872.033291086811,1494.12305261798,1336.20278482048,0.00412549317630657,0.00359226218974118,5.14065749640549e-06,0.00116353847102558,0.0087149000919714,5.7792653699763e-05,4.38815317537341e-05,5.57163501671721e-09,1.17213530599813e-05,0.000125573537391031,-396.219392267732,0.116679347699236,0.0895852602057771,0.995,0.551799939587746
"quadratic",200,"sir_collapsed",159,4.508,2971.59539622269,2730.13475944377,1955.09130829496,2429.27545361553,6662.1698486785,3297.65556448476,5837.38345132179,2781.7733367346,659.182652223312,605.619955511041,433.69372411157,538.880979062894,1477.8548910112,1294.89428822577,0.00549772452818951,0.00452628769262553,1.23448690156138e-05,0.00118671003132843,0.0123256364546176,0.000102962139091535,5.85753542028721e-05,2.80862750369762e-07,1.15698091202735e-05,0.00021205425216273,-408.763229840136,0.132657704403394,0.108712323506978,1,0.58328759602291
"quadratic",200,"sir_collapsed",15,4.514,3147.10505525985,3330.29378551757,2559.95357482141,2973.16459285348,6743.99672121467,3353.94294919018,6066.65463501141,3227.27616390039,697.187650700012,737.770001222324,567.114216841252,658.654096777466,1494.01788241353,1343.96425232862,0.00499633231028314,0.00430867495758472,7.51237526078833e-06,0.00112668459413561,0.0103185680859486,9.54245239162031e-05,4.67981456541134e-05,3.18167089831605e-07,9.37445540874235e-06,0.000191106860132433,-373.328597430007,0.107027048658762,0.084736479892065,1,0.577015391986618
"quadratic",200,"sir_collapsed",160,4.691,2973.2566043281,3079.0341401246,1893.00003231284,3020.62393358405,6686.50663173941,3306.08571389976,5953.1079969026,2888.70426460488,633.8214888783,656.370526566745,403.538697998901,643.918979659785,1425.39045656351,1269.04881622311,0.00493579763240885,0.00424229518495927,8.06829786566006e-06,0.00113466579032331,0.010386766874016,7.88050518392061e-05,4.72267336083044e-05,8.26418360398143e-08,9.88884932640697e-06,0.000168224486900668,-374.881757304776,0.105295252921746,0.0730611422195429,1,0.573513476906825
"quadratic",200,"sir_collapsed",161,4.409,3073.64613162743,3134.70771003969,3000.16879361388,3407.91054741963,6698.06124335736,3411.35052709135,6245.08689612973,3040.26529501906,697.129991296763,710.979294633633,680.464684421384,772.944102385945,1519.17923414773,1416.44066594006,0.00421458938239282,0.00364449663281102,5.3764243243093e-06,0.00118848107758872,0.00885535013714564,6.2740777464916e-05,4.47422825673735e-05,1.04567172817736e-08,1.07161992744755e-05,0.000136587570421865,-380.464037351236,0.143012321354331,0.126222043677752,0.96,0.546474230577365
"quadratic",200,"sir_collapsed",162,4.524,3143.76710700939,3191.63774962691,2006.53919493042,3265.59387824955,6988.29295775548,3457.50072888911,6242.1633322312,2835.19153804631,694.908732760695,705.490218750423,443.53209437012,721.837727287699,1544.71550790351,1379.78853497595,0.00542598039460906,0.00463520702507081,1.04025475295898e-05,0.00127122587481868,0.0120071440086574,8.12360210169549e-05,4.81340253020356e-05,1.64392510861659e-07,9.78788155864335e-06,0.000167661753245849,-395.32125496497,0.150244998173941,0.111991370571668,0.945,0.583581317707671
"quadratic",200,"sir_collapsed",163,4.518,2804.04575324402,2990.53844826434,2007.37498325727,2680.53420611555,6583.58442073322,3101.79491985523,5972.62636454894,2748.74477395455,620.638723604255,661.916433878784,444.306105191959,593.301063770596,1457.19000016229,1321.96245341942,0.00429315518383973,0.00369108869323103,6.10331828220814e-06,0.00105466437936779,0.00909981891930382,8.51725950040899e-05,4.67632194672882e-05,4.31828728767629e-07,7.27694913509989e-06,0.000172670984069215,-392.231643673512,0.0785210299058708,0.0683865255002213,1,0.560301705312743
"quadratic",200,"sir_collapsed",164,4.716,2650.11581478653,2676.52861933065,2586.86619746976,2404.54711200008,6581.81107753105,2845.30087433754,5923.08301637402,2532.95833661203,561.941436553547,567.542116058237,548.529728047022,509.870040712485,1395.63424035858,1255.95483807761,0.0048757219666161,0.00413330019622371,8.20886587904662e-06,0.00114112377129331,0.0106835638505975,0.000116813412698033,5.05397378727866e-05,1.19717697539143e-06,9.37751148180544e-06,0.000224564124930633,-399.46142834379,0.146284442992138,0.120732816750377,1,0.586266016390291
"quadratic",200,"sir_collapsed",165,4.421,2437.7014758267,2351.25783251083,1718.80325769757,2082.45323791266,6583.03199047858,2681.85709616355,5868.44424451101,2282.68886508619,551.391421811062,531.838460192452,388.781555688209,471.036697107592,1489.03686733286,1327.40200056797,0.00449049341929876,0.00389478822263935,6.34274940558008e-06,0.000991671726382901,0.00937103929022956,9.72367744902383e-05,5.05424292842399e-05,2.25542811572082e-07,8.96195486930274e-06,0.000194732985136962,-391.921707566654,0.149402149841373,0.130105533245967,0.985,0.567321766230418
"quadratic",200,"sir_collapsed",166,4.593,3143.98596518019,3118.50614926992,980.918720053166,3613.00827650059,7232.10997613362,3454.25241769936,6379.00635944002,3005.6850569409,684.516865922096,678.969333609823,213.568195091044,786.63363302865,1574.59394211488,1388.85398637928,0.00684979950134708,0.00572607123622209,1.93679197695467e-05,0.00110339633705963,0.0154105055581651,7.13575489980086e-05,5.296711405322e-05,2.2565330022973e-08,1.02461808835909e-05,0.000155798994441957,-387.864388102119,0.105497134294435,0.0794487337778084,1,0.613133048314768
"quadratic",200,"sir_collapsed",167,4.746,2042.57688716643,2219.75463113778,2074.67498372026,2559.21672406484,6533.08064028876,2336.43722639639,5646.40302177917,2064.3587590987,430.378610865241,467.710626029874,437.141800193902,539.236562171268,1376.5445934026,1189.7182936745,0.00541737471932826,0.00455774391549133,1.08430199312714e-05,0.0011758201945308,0.0120430448628592,0.000101150154566032,6.64597890275763e-05,8.08735295828908e-08,1.11044907004155e-05,0.000223431770097883,-388.67326816516,0.151089890507474,0.116844198104348,0.965,0.598524202971229
"quadratic",200,"sir_collapsed",168,4.536,2527.11026805945,2944.15079541824,2374.97249965155,3005.7911910457,6554.0113815772,2713.46066698094,5761.61916400199,2689.95521668696,557.123074969013,649.063226503138,523.583002568683,662.652378978329,1444.88787071808,1270.1982283955,0.00434357038693299,0.00379352025729708,5.5996258531893e-06,0.00102383881428148,0.00887932296555831,7.68517830709623e-05,5.52397822197743e-05,2.94875311383354e-08,1.20828372270207e-05,0.0001672280556616,-388.031319343132,0.139125011408544,0.112822553056356,0.98,0.566074037319034
"quadratic",200,"sir_collapsed",169,4.473,2759.00950553799,2923.4656572708,1943.18980818668,2473.45077685344,6932.36067669534,2807.29803156435,6033.69750700618,2619.92490338166,616.814108101497,653.580518057411,434.426516473661,552.973569607297,1549.82353603741,1348.91515917867,0.00641941242325951,0.00541773327021243,1.71709350109814e-05,0.00118335423141764,0.014685719297152,0.000112389964403839,6.3014398971248e-05,1.5092228210751e-07,1.15638685351389e-05,0.000247149479039079,-384.218496203609,0.137964726501942,0.111262352278129,1,0.615728549421718
"quadratic",200,"sir_collapsed",16,4.469,2862.06156793379,2756.97309754565,2238.43700673871,2691.86341767719,6740.7009763705,3192.7678373297,5806.31903736582,2550.99332675388,640.425501887176,616.910516344965,500.880959216538,602.341333111925,1508.32422832188,1299.24346327273,0.00521773204191327,0.00446650206056109,9.03339717643288e-06,0.00114892649270853,0.0112136339610037,8.94767880244383e-05,5.76367228964808e-05,1.5172859880098e-07,1.02385905684638e-05,0.000199923235439648,-389.827509409653,0.100063194728273,0.0779740085434865,1,0.580271379370053
"quadratic",200,"sir_collapsed",170,4.477,2741.06349363893,2963.97719001723,2550.29594020084,2738.97383803311,6859.70303240652,3012.23305602957,6200.62546312498,2847.6636697905,612.254521697325,662.045385306506,569.643944650623,611.787768155709,1532.20974590273,1384.99563616819,0.00489720300505788,0.00419572566029216,8.02827909403065e-06,0.00117170198045336,0.0106227714846838,9.77752956534019e-05,4.50955673493968e-05,5.15374909417412e-07,6.72891435516748e-06,0.000183147667719823,-391.366802392855,0.0807215897506113,0.070817036934946,1,0.574779298559832
"quadratic",200,"sir_collapsed",171,4.476,2826.57218556649,2640.91585983798,1821.45255940072,3076.63886561875,6869.76747320409,3139.11593701232,6123.39576228903,2588.3486232646,631.495126355338,590.016948131809,406.93756912438,687.363464168621,1534.80059723058,1368.0508852299,0.0056373741653601,0.00459555724323416,1.44376405734949e-05,0.00119190741819791,0.0131648341672434,9.57966368265912e-05,4.97387403496253e-05,1.69914770450832e-07,9.65727850029957e-06,0.000198227130666037,-405.993965039139,0.114508259948346,0.090541115649382,1,0.58663108566599
"quadratic",200,"sir_collapsed",172,4.451,3476.07720475222,3417.97698469783,2008.06345951305,2693.76933317628,7076.65492437575,3922.22538327794,6047.26500359854,3299.90627897272,780.965447034873,767.912151134089,451.148833860493,605.205421967262,1589.9022521626,1358.6306456074,0.00625188077363582,0.00513599797878316,1.73171848293482e-05,0.00136152169602834,0.0143267480971751,0.000122598894910127,4.91903008708262e-05,6.58645341247279e-07,8.7751870927521e-06,0.000224346971109157,-401.256699669335,0.113111314077392,0.0878781085176909,1,0.599482580779994
"quadratic",200,"sir_collapsed",173,4.476,4374.84275389027,4199.61186796346,274.799466915346,3357.85414048493,7137.25017187774,2835.98409803803,6329.29068259153,3481.89312711456,977.400079063957,938.251087570032,61.3939827782274,750.190826739262,1594.55991328815,1414.05064401062,0.00968817108853338,0.00814558162544381,4.18231452159461e-05,0.00117026692730901,0.0222633537140274,7.12407629073957e-05,4.78795290163913e-05,3.60223776633712e-08,9.90838429422024e-06,0.00016702061972127,-388.547293471205,0.131182775099115,0.108521306915225,1,0.662760455051065
"quadratic",200,"sir_collapsed",174,4.42,2995.37544945128,3093.36391850299,3285.6819565732,2646.9121554818,6704.56138242063,3291.51409795376,6213.62856974853,2810.11088136642,677.68675326952,699.856090159048,743.366958500724,598.848903955157,1516.86909104539,1405.79831894763,0.00383376291427699,0.00332066666613527,4.0484511055237e-06,0.000994301073973373,0.00771626000369983,7.1354541257776e-05,4.01485175597015e-05,5.19729986316152e-08,8.66741640927088e-06,0.000159592507935076,-384.89134614607,0.153037636341656,0.122424931671933,0.955,0.542834709360481
"quadratic",200,"sir_collapsed",175,4.441,3640.4695964588,3633.80213202532,1667.03235850634,3370.55903486137,7456.38523038853,3914.04649988741,6566.63014122041,3458.11901365428,819.740958446025,818.239615407637,375.373194889967,758.963979928253,1678.98789245407,1478.63772601225,0.00847285143820706,0.00678503117033209,3.42521796655781e-05,0.00145246700041087,0.020155046747749,6.910633054323e-05,4.74358986253231e-05,3.17162280453543e-08,8.91519221713129e-06,0.000157773591402762,-390.111855417202,0.0931271245515096,0.0662673580525717,1,0.648051222399811
"quadratic",200,"sir_collapsed",176,4.651,3370.77575469634,3621.20463138271,2444.01479337984,3730.18926760116,6901.6781044414,3201.846517216,6318.9540010612,3206.69117806862,724.742153235076,778.586246265903,525.481572431701,802.018763190962,1483.91272940043,1358.62266202133,0.0047438097760757,0.00405960061168141,7.60856639098576e-06,0.00113771393926752,0.0101908763226554,6.82468612359934e-05,4.62701676223101e-05,1.49879723390624e-07,1.01067377772432e-05,0.000144853155916568,-381.01103960767,0.144597086412152,0.106471182420525,0.965,0.573017021527065
"quadratic",200,"sir_collapsed",177,4.59,2249.69218593292,2365.17325635181,1711.24507017541,2142.70583825562,6577.7578778939,2532.35977666408,5377.0709891516,2190.17642224093,490.129016543121,515.288291144186,372.82027672667,466.820444064406,1433.0627184954,1171.47516103521,0.00617723115959914,0.00518024488767698,1.61816166901029e-05,0.00110493123894294,0.0134416944044587,0.000185536499768243,7.36173959251633e-05,2.46504895728529e-05,1.08055022203918e-05,0.000305865977481754,-384.615329640157,0.174483412409915,0.137372436394726,0.915,0.614056557365026
"quadratic",200,"sir_collapsed",178,4.488,3273.35647198616,3505.83902203075,1561.70185024392,3199.40390085107,6702.69813568398,3371.25534129633,5961.13878781757,3070.98465859336,729.357502670714,781.158427368706,347.972783031177,712.879657052377,1493.47106410071,1328.23948035151,0.00518202156411573,0.00436060307826211,1.01933124429035e-05,0.00100769922152735,0.0114755923617512,7.49380624006205e-05,5.08158387528481e-05,2.79923371831479e-08,9.6925671872243e-06,0.000177766411295129,-385.684375201391,0.0965059563777131,0.0796319527417221,1,0.585992835093689
"quadratic",200,"sir_collapsed",179,4.433,2816.30092627805,3102.29520762212,2118.59721565559,3040.82457226572,6774.61508497539,3134.97926259982,6025.03924053172,2900.26059143968,635.303615221757,699.818454234632,477.915004659505,685.951854785859,1528.22356981173,1359.13359813483,0.0048391799259974,0.00407861195858526,8.55200023733124e-06,0.000911589726209854,0.0104447465648207,8.85467965880064e-05,5.35243101734802e-05,2.18236058757387e-07,1.07736488507611e-05,0.000186001947645089,-394.025175242804,0.126873242267873,0.100791377818148,1,0.569212201368301
"quadratic",200,"sir_collapsed",17,4.416,2795.17368881399,2921.75885631151,3003.22964262852,3164.2061133622,6616.06083080535,3130.02601641182,6190.58057313678,2788.01408525413,632.965056343747,661.630175795179,680.079176319864,716.53218146789,1498.20218088889,1401.85248485887,0.00401871472111249,0.00352095247224316,4.384329223209e-06,0.0011359586391108,0.00824316365587681,6.38409893730911e-05,4.30568923540733e-05,4.31137164218879e-08,9.81079984049984e-06,0.000132532817198708,-372.411017676795,0.142723418926095,0.106269671034502,0.93,0.550654669435776
"quadratic",200,"sir_collapsed",180,4.713,2755.07019312997,2623.92004168856,2009.22739009447,1924.36621013148,6328.38104665817,2692.58452346454,5351.44943339814,2338.14426299043,584.568256552085,556.740938189807,426.31601741873,408.310250399211,1342.75006294466,1135.46561285766,0.00438467897375003,0.00379552137641026,6.11040353940716e-06,0.00111639614635647,0.0092754760354279,0.000100625572473782,4.37798861013003e-05,2.82006039670453e-07,8.14384742154401e-06,0.000166101603343245,-388.995886228262,0.12853253596608,0.0997365906833774,0.975,0.563010184778908
"quadratic",200,"sir_collapsed",181,4.474,2857.31398720632,2706.02353624378,2801.21728414858,2925.88126219216,6620.80763413692,3069.54796158162,5876.37563571041,2700.62806366848,638.648633707269,604.83315517295,626.110255732807,653.974354535574,1479.84077651697,1313.45007503585,0.00446689736376287,0.00384584142759873,6.0730145295204e-06,0.00107948773137933,0.00922552479260563,8.86498386724205e-05,4.64883090345657e-05,1.2787919998416e-07,1.02186638620622e-05,0.00019796525302971,-373.41105803285,0.133482377941721,0.115970618659978,1,0.568465969929418
"quadratic",200,"sir_collapsed",182,4.767,2980.50374720861,3203.550696503,2486.95880323759,3271.61407623999,6837.45400542315,3382.49408606808,6013.35402565485,2981.33463713195,625.236783555403,672.026577827355,521.703126334715,686.304610077616,1434.33060738896,1261.45458897731,0.00470572777634137,0.00409704907691797,6.6245954858142e-06,0.00126801592857501,0.00990093340190013,6.88293558479046e-05,4.75371415911372e-05,2.72998518146833e-08,1.03077314676526e-05,0.000154199200505695,-377.228650750129,0.131030418308979,0.0973283543248587,0.935,0.571147845397003
"quadratic",200,"sir_collapsed",183,4.415,3097.76890182753,3308.94980724862,2753.78714116818,4331.31356186621,6933.90057661736,3325.58586636903,6507.24330280875,3178.5935929648,701.64641037996,749.479005039325,623.73434681046,981.044974375132,1570.53240693485,1473.89429282191,0.00477221095266756,0.00406071615784958,8.08941270238298e-06,0.00123303173912169,0.0102192808033874,5.32974751264816e-05,4.1724261080503e-05,4.6415006891324e-09,1.01554281962398e-05,0.000114316378431632,-398.759248961983,0.117462209107772,0.0927507679255514,1,0.56836024157584
"quadratic",200,"sir_collapsed",184,4.595,3340.69983994831,3383.84446665147,2104.18337870891,2813.78551669163,6841.4409377029,3151.11848708622,6032.18746240019,2676.93747540231,727.029344928903,736.418817552006,457.928918108578,612.358110270214,1488.88812572424,1312.77202663769,0.00520867280540963,0.00436249191526988,1.02849202598251e-05,0.0011126903266038,0.0114423913926608,7.51810719555132e-05,5.33467195284349e-05,3.88055480175663e-08,9.53214645238621e-06,0.000167445323433478,-394.698466949222,0.106256921825231,0.083482514967857,1,0.580541818951515
"quadratic",200,"sir_collapsed",185,4.715,3081.61476847149,3194.61908370318,2338.52918951469,2547.42120752107,6927.5651634763,3356.61474316832,6114.14104394232,2990.84782680085,653.576833185894,677.543814147017,495.976498306404,540.280213684213,1469.26090423675,1296.74253317971,0.00563704943232396,0.00470560830620541,1.26554528729626e-05,0.00123835442142212,0.0126541220943848,9.58121312355132e-05,4.73292466087537e-05,4.74927893170461e-07,8.87490900302546e-06,0.000196852218995428,-394.000906472237,0.113757470750955,0.0922868910675913,1,0.58738611402301
"quadratic",200,"sir_collapsed",186,4.574,3600.15947283634,3847.35914375651,1940.52502503058,2758.09068944257,6932.61977971356,3670.99461058063,5744.4737358336,3305.7531622509,787.092145351188,841.136673317995,424.251207920983,602.993154666063,1515.65801917656,1255.89718754561,0.00555353971044906,0.00473645787583858,1.12596778412995e-05,0.00121852274415687,0.0124743555509675,8.26253605917052e-05,5.43163366096203e-05,5.95026166673408e-08,1.11411197219974e-05,0.000174849374194467,-397.72870622408,0.112279595947602,0.0931369197837549,0.99,0.578275146739696
"quadratic",200,"sir_collapsed",187,4.551,3311.84255988618,3761.96324268876,2028.70904095507,3079.18771429342,7047.18289854171,3534.42899011879,6000.93446861759,3253.3068774522,727.717547766684,826.623432803506,445.772146990786,676.5958502073,1548.49107856333,1318.59689488411,0.0061113695957153,0.00514551314360084,1.51219191177711e-05,0.00134205470897533,0.0143938522072956,8.00342142449385e-05,5.44723187081975e-05,2.91078015609861e-08,1.11736078631722e-05,0.000183011123535688,-381.859575027682,0.111917189106171,0.0927321088552389,0.99,0.602921899267074
"quadratic",200,"sir_collapsed",188,4.787,2847.75125702127,3143.35961182106,2152.77952966271,2466.31835478451,6670.06728201866,3123.73911450396,5694.25478592842,2977.87389312403,594.892679553221,656.644999335923,449.713709977587,515.211688904222,1393.37106371812,1189.52470982419,0.0054399646015206,0.00454225057495421,1.10619356191577e-05,0.00101629004497382,0.0118254134609982,0.000105166403367256,5.53072297048702e-05,6.74242395327087e-07,1.1033071466379e-05,0.00020762143956443,-386.312658194505,0.119087550408274,0.0950704562843152,0.985,0.587801157800374
"quadratic",200,"sir_collapsed",189,4.834,3106.7295366049,3217.90701968588,1533.33488927629,2947.84137449555,6675.9997117851,3306.53097902134,5653.03176726022,3109.24786482982,642.682982334484,665.682047928399,317.197949788226,609.814103122787,1381.05082991003,1169.43147853956,0.00509593191214893,0.00432960668868828,8.76536946018856e-06,0.00127470422280069,0.0110648334593125,7.54573265922122e-05,5.49416708053559e-05,1.27063847119558e-08,1.0183104741682e-05,0.000182606351482595,-377.470702367507,0.117701251124472,0.0897015690730737,1,0.586821607005197
"quadratic",200,"sir_collapsed",18,4.441,3397.67143289353,3757.43041498274,1574.70136919046,3227.45737365695,7026.63489210323,3711.27119578967,6083.11726080027,3629.99835500015,765.069000876724,846.077553475059,354.582609590287,726.741133451238,1582.21907050287,1369.76294996628,0.00584529613553675,0.00482305909355125,1.42874269406556e-05,0.00128431112270475,0.0133982031811676,7.5560760410901e-05,5.20092518832223e-05,2.94209575584833e-08,1.07710820228877e-05,0.000175478867810196,-398.23739544294,0.15095062272066,0.117824720235064,0.98,0.600856837976494
"quadratic",200,"sir_collapsed",190,4.412,3190.67060789098,3209.76908486058,1866.72833341886,3231.02878041305,6583.34589880416,3025.71199405922,5775.52783734868,2985.40446773324,723.180101516542,727.508858762598,423.102523440357,732.327466095434,1492.14548930285,1309.04982714159,0.00464441447545553,0.00397761263547236,7.40640058656711e-06,0.000815757082589833,0.00976879007251353,7.30130586575158e-05,5.0397575601744e-05,2.79616953003047e-08,1.23986348977473e-05,0.000170299407795295,-375.033757837572,0.113008118957361,0.086267422321718,0.995,0.569310541407604
"quadratic",200,"sir_collapsed",191,4.836,2309.08804235757,2156.15598671526,2879.65664148116,2919.56626168348,6645.06266447711,2627.44165833623,6105.6597337451,1916.56319806326,477.478916947389,445.855249527557,595.462498238453,603.715107874996,1374.08243682322,1262.54336926077,0.00418779524996442,0.00366742173416532,4.98553058919946e-06,0.00118015505149235,0.00851113554810033,6.89073159204874e-05,4.35031672502662e-05,3.63316734475888e-08,8.48183085144039e-06,0.000150737506068497,-386.367837665721,0.152386515853376,0.119798867050282,0.895,0.563737180860083
"quadratic",200,"sir_collapsed",192,4.426,2887.53338857618,3128.00573961347,1709.65981624802,2339.93657701854,6723.14125822381,3238.55027737959,5611.50524178148,2936.7673022182,652.402482732983,706.734238502817,386.276506156354,528.67975079497,1519.01067741162,1267.85025797141,0.00581150735122878,0.00492908445806927,1.18006841607984e-05,0.0012879715077401,0.0124297946815202,9.85549661622856e-05,6.0575160993573e-05,9.82579650026529e-08,1.16873936065068e-05,0.000224816960324824,-372.918276728905,0.154511755168451,0.124564998507157,0.995,0.598751956344299
"quadratic",200,"sir_collapsed",193,4.608,2460.35076200997,2579.98472157632,2559.5871291114,2951.2735402484,6492.33572838992,2785.99857045091,5769.15197439505,2293.03338693675,533.930286894525,559.892517703194,555.465956838411,640.467348144185,1408.92702439017,1251.98610555448,0.0048251621449878,0.00406990382492272,8.38318421082263e-06,0.00113211651425034,0.0105497867269965,8.95150354172315e-05,5.39912827648974e-05,9.46837468395715e-08,8.94630407939093e-06,0.000179157156179817,-379.109703036254,0.144040832918772,0.124291368869839,0.98,0.584969735619766
"quadratic",200,"sir_collapsed",194,4.423,1936.66539285325,2102.22884480255,2449.63868477143,2644.22511413158,6322.89532487371,2097.74712593937,5631.08825495119,1974.99969175487,437.862399469421,475.294787429923,553.84098683505,597.835205546366,1429.54902212836,1273.13774699326,0.00387642109745649,0.00338775854547923,4.18582557023686e-06,0.00112005335757899,0.00799942098043759,9.36402388946622e-05,5.07328911853006e-05,1.98867535791247e-07,1.13395512916453e-05,0.000188562438659097,-394.276582845309,0.0990681224685089,0.0837413275162961,1,0.546764462154436
"quadratic",200,"sir_collapsed",195,4.419,3643.54965631386,3895.33525574582,2372.06641880274,3039.03228592777,7201.80737643801,3583.7627567122,6323.58436710758,3529.35043706862,824.519044198656,881.497002884321,536.788055850359,687.719458232128,1629.73690347092,1430.9989515971,0.00629003424367506,0.00532283186422372,1.52179260568338e-05,0.00129921129810226,0.0135142949212856,8.0538806868074e-05,4.93928182938094e-05,5.81879357863256e-08,1.00027559810419e-05,0.000189175446139404,-385.611922090084,0.109600093590323,0.0820301402576021,1,0.597283182363779
"quadratic",200,"sir_collapsed",196,4.446,2622.21208501955,2917.92657935348,2429.23280146454,2945.33261312525,6638.94938652682,2891.34641640114,5989.9868691307,2656.03620344765,589.791292177136,656.30377403362,546.386145178709,662.467974162224,1493.24097762637,1347.27549912971,0.00411372316331237,0.00356176824056161,5.07791489856258e-06,0.00110773424660295,0.00860258670722355,8.56406427855905e-05,4.63132684457948e-05,2.93179642704039e-07,1.02017494049696e-05,0.00016187554792739,-377.191022821889,0.105411510957397,0.0812962306018934,1,0.55293664562953
"quadratic",200,"sir_collapsed",197,4.433,3548.0122941452,3925.94886522766,1606.2248459118,2701.86074185502,6966.13698131793,3824.98222622044,5636.52648974113,3129.49162111851,800.363702717167,885.618963507256,362.333599348476,609.488098771716,1571.42724595487,1271.49255351706,0.00656102726968919,0.00553249214767051,1.67727563588793e-05,0.00147160062324434,0.0143198395938449,0.000118848087266237,6.02921805160034e-05,7.83145164858257e-07,1.04548418939761e-05,0.00021398946316103,-377.445978125538,0.133820302118198,0.097127130524812,0.965,0.606904601302683
"quadratic",200,"sir_collapsed",198,4.841,2684.71394782,2594.76007011828,2287.69503781661,2670.53096251868,6773.07800313164,2940.5446163202,6034.15211410764,2502.43047374278,554.578382115266,535.996709382004,472.566626278994,551.648618574402,1399.10720990118,1246.46810867747,0.00497159774614168,0.0042503464006948,8.51601756461686e-06,0.00125250716175518,0.0111700053635308,9.12540739240042e-05,5.28769379326663e-05,8.48844715371072e-08,1.02896626696992e-05,0.000201645429532633,-405.335803320855,0.104062508442156,0.0839323606565088,0.99,0.569613153266769
"quadratic",200,"sir_collapsed",199,4.455,3037.08013238767,3118.85698544459,2262.656995434,3037.44899734531,6838.45877607082,3225.7160443005,6145.86420522635,2964.61474076101,681.723935440554,700.080131412927,507.891581466668,681.806733410843,1535.00758160961,1379.54303147617,0.00535935484696304,0.00456409601381788,9.91118918206117e-06,0.00123544406078317,0.011564543364864,8.63142348360717e-05,4.78120605898223e-05,1.39074744186407e-07,9.95486969835647e-06,0.000179450925476425,-396.093620322786,0.104517852499054,0.0768839197761966,1,0.585417122061044
"quadratic",200,"sir_collapsed",19,4.567,3527.93148840819,3624.10739379559,2701.1963043798,2740.92289452022,6803.93973771047,3168.45787986097,6128.85187372673,2888.12360564848,772.483356340746,793.542236434332,591.45966813659,600.158286516361,1489.80506628213,1341.98639669952,0.00536456367747919,0.00447874038670548,1.08694058806624e-05,0.00128074136593668,0.0118599891146205,8.6866913571574e-05,4.79735980526948e-05,1.28531838745434e-07,9.25025287692118e-06,0.000202562600578118,-387.336184155413,0.155076666330783,0.138939651201153,1,0.589877132334526
"quadratic",200,"sir_collapsed",1,4.402,2957.16731209345,2990.42498281582,797.068023447048,3022.10550426107,6766.39075617395,3289.70360655548,6225.82475923338,2830.16661132537,671.778126327452,679.333253706456,181.069519183791,686.53010092255,1537.11739122534,1414.31730105256,0.00470622738745413,0.00401345680141589,7.49378636983696e-06,0.000993607241959913,0.0100008201068968,5.73608193750385e-05,4.34868730048864e-05,4.10839008099588e-09,1.07167807275388e-05,0.000131664363056246,-369.784074449203,0.143718224153931,0.110118786217594,0.9,0.568675576815562
"quadratic",200,"sir_collapsed",200,4.448,2305.11231409625,2452.66638549738,2580.37098263734,1897.27514162963,6407.39765217103,2538.55970843343,5792.75989318862,1970.83577233535,518.235682125955,551.408809689158,580.119375592928,426.545670330403,1440.51206208881,1302.3291126773,0.00431036176567095,0.00364857461266657,6.14254540604571e-06,0.00113488013456915,0.0091810953894036,0.000106903509815035,5.51596233372369e-05,1.33012759636679e-06,1.10349846459707e-05,0.000205904104540665,-383.592309633457,0.0711460132623145,0.0523685993533091,1,0.563269017379313
"quadratic",200,"sir_collapsed",20,4.43,3274.29706883299,3473.37837562357,2002.11861902582,3114.74135697646,6844.04662715461,3500.07481634637,6299.02260314728,3378.70452325615,739.118977163202,784.058324068527,451.945512195444,703.101886450668,1544.93151854506,1421.9012648188,0.00499480817787575,0.00422932937004237,8.83189610147067e-06,0.00126997988864373,0.0108515180903687,8.0591555540671e-05,4.91932967111169e-05,2.31035428795947e-07,1.08160595641187e-05,0.000161800276099472,-392.313546708823,0.102214746850357,0.0865775104481286,1,0.570154883626865
"quadratic",200,"sir_collapsed",21,4.479,3016.47909605351,3489.12958120823,1798.81796361235,3045.4871013592,6695.34299699164,3280.80136528515,5817.51718697261,3058.12719607547,673.471555269816,778.997450593487,401.61151230461,679.948002089572,1494.82987206779,1298.84286380277,0.0047405025677613,0.00407225441656838,7.42513375951073e-06,0.00113808350751855,0.0102188746411559,7.43742301438509e-05,4.82914467153157e-05,3.8350344434653e-08,9.3807470667218e-06,0.000169332848611593,-389.638944944867,0.0943525978824404,0.081741039845876,1,0.565322069690114
"quadratic",200,"sir_collapsed",22,4.44,2727.17153391306,2620.54499997706,3010.44893368926,3280.10643015958,6625.3641934333,2787.35995514616,5920.6665149901,2377.78963682992,614.227822953391,590.212837832671,678.029039119202,738.762709495402,1492.19914266516,1333.48344932209,0.00377911601862058,0.00334270975715368,3.78786756809562e-06,0.000973000336818306,0.00757998396528419,5.7324431599849e-05,4.28187083223469e-05,8.38011051491788e-09,1.03581931334554e-05,0.000125638709991132,-391.386750650929,0.133330884494913,0.0987010307758397,0.965,0.536305545059456
"quadratic",200,"sir_collapsed",23,4.436,2639.38528198381,2895.68288477348,2464.50622105863,2172.94414659942,6585.38217950011,2778.00559759624,5766.1059102277,2453.05549057085,594.992173576151,652.76891000304,555.569481753523,489.843134941257,1484.53160042834,1299.84353251301,0.00495333936796438,0.00412157178085481,9.56086805236279e-06,0.00117811582668639,0.0106887070289135,0.000115460204026383,5.2714650415065e-05,3.99465493453832e-07,1.07597583578926e-05,0.000267320497652759,-389.325059572169,0.121875810742024,0.0974246721090899,1,0.583583019948471
"quadratic",200,"sir_collapsed",24,4.438,2257.83594658756,2424.65279889382,2306.40067430347,2570.62878362668,6164.94453936441,2464.40341224366,5425.14054120702,2298.14981226749,508.750776608282,546.339071404647,519.693707594291,579.231361790599,1389.12675515196,1222.42914403042,0.0041659944248143,0.0035768281381893,5.51909769099666e-06,0.00107887810893753,0.00870397333986988,8.82369565890256e-05,5.78496367558401e-05,6.34781299934006e-08,1.12898839570416e-05,0.00019253863775711,-384.215933229341,0.111364404958901,0.0928415851061664,1,0.562909173203657
"quadratic",200,"sir_collapsed",25,4.548,3546.98017032864,3501.16863600021,2104.87512858368,4165.89747579195,7019.7949740543,3480.47784802639,6309.38531447713,3128.74158140739,779.898894091611,769.825997361525,462.813352810836,915.984493357949,1543.49053958978,1387.28788796771,0.00457141283889813,0.00396038822375468,6.64532094170483e-06,0.0012243519968453,0.00957510520058674,5.37196066909311e-05,4.36013148694767e-05,2.07959623700433e-09,1.15384057371487e-05,0.000121906066195121,-403.633730299119,0.174521386434487,0.151651400822302,0.935,0.551089821703378
"quadratic",200,"sir_collapsed",26,4.694,3696.17901095013,3647.79878681364,2430.19384885692,3379.8204076838,7288.54194206522,3671.91912023659,6534.59735557181,3440.84293240592,787.426291212213,777.119468856763,517.72344457966,720.029912161015,1552.73582063597,1392.11703356877,0.00592092329042935,0.00494846358309364,1.43904414161554e-05,0.000987338350800962,0.013376860366264,9.02746982321538e-05,4.198153470104e-05,3.98732563279651e-07,7.4533942107264e-06,0.000177168429757289,-385.921934477582,0.099353527479445,0.0859407644876939,1,0.590331393673205
"quadratic",200,"sir_collapsed",27,4.412,2731.25842655504,2914.78053349,2520.58991551892,2049.15455053616,6615.5858109953,3001.66782114521,5975.3169144593,2745.81571127573,619.052227233691,660.64835301224,571.303244677906,464.450260774289,1499.45281300891,1354.33293618751,0.00435113360867383,0.00379913105725411,5.58459506388713e-06,0.00108453871754585,0.00904565320769902,9.07638000027286e-05,4.71916672597384e-05,2.63499223523396e-07,1.02262307775183e-05,0.000195262274743971,-387.695392842014,0.115697544240243,0.0841639865676975,0.995,0.56194654139138
"quadratic",200,"sir_collapsed",28,4.683,2783.50340839794,2571.33234245656,2303.10052660033,2776.66625043701,6833.16989730591,3184.07878938272,5955.29478357998,2667.4976201051,594.384669741178,549.078014618099,491.800240572354,592.924674447365,1459.14368936705,1271.68370351911,0.00576672602312114,0.00475736329219863,1.4063760181411e-05,0.00120448121113699,0.013265225114781,0.000126098104849333,5.2319326260716e-05,9.42135873593449e-07,8.06796134809301e-06,0.000241126067400551,-382.813765377259,0.0930426849695598,0.0774435952250725,1,0.602173054773072
"quadratic",200,"sir_collapsed",29,4.564,3173.60001941997,3267.40193475274,2606.15612535472,3356.28793303493,6894.52772126845,3351.93202823078,6131.32837663411,2953.89481789066,695.354956051702,715.907522951959,571.024567343278,735.382982698275,1510.63271719291,1343.4111254676,0.00514991054124346,0.00437856968979565,9.30793444365339e-06,0.00118740354003197,0.0108910617590746,6.70284924404202e-05,4.66058827288993e-05,2.44072190687721e-08,1.0443116602114e-05,0.000153461153979172,-394.428378166457,0.101427100660133,0.0789526155659424,1,0.572966733445332
"quadratic",200,"sir_collapsed",2,4.405,3722.89436797722,3876.17585949844,2873.85432175704,3251.25767452666,6926.26563455693,3677.6837397014,6315.72792286284,3541.75718568881,845.151956407995,879.949116798738,652.407337515787,738.083467542942,1572.3645027371,1433.76343311302,0.00458306382241703,0.00388559280828105,6.49923227050714e-06,0.00112709867859457,0.0099293985078714,7.19278704999386e-05,4.32525143307752e-05,2.10718384743057e-07,8.86648255719932e-06,0.000147718515114756,-394.433807987818,0.144820746850498,0.111591999704869,0.98,0.550034862771375
"quadratic",200,"sir_collapsed",30,4.444,2932.6397501085,2963.87202535721,1900.64934550515,3528.60360095101,6919.63776944472,3273.06686823038,6363.50600097175,2821.87668622791,659.909934767889,666.937899495322,427.688871625822,794.015211735151,1557.07420554562,1431.93204342299,0.00469502897610769,0.00399526001559326,7.30386037754972e-06,0.00100635453928733,0.0100063859526171,5.66809319588376e-05,4.1150542780628e-05,2.41327091262915e-08,1.049264815218e-05,0.000121438123789912,-391.835616407635,0.12218561618379,0.093465388691805,0.955,0.558799713654515
"quadratic",200,"sir_collapsed",31,4.753,2868.39281792107,3019.58679388609,2831.88274349767,3127.16714555121,6808.72034319199,2827.16870070758,6329.14967323156,2831.3573592682,603.49101997077,635.301240034944,595.809539974263,657.935439838251,1432.51006589354,1331.61154496772,0.00439531371362563,0.00381836796828358,5.84831594783023e-06,0.00106384335591162,0.00908741330441366,7.03913415552563e-05,4.12291455245452e-05,5.62772980916759e-07,1.03765397965339e-05,0.000147964473828477,-381.151073418176,0.137676214132816,0.1102578967979,0.975,0.564816154554571
"quadratic",200,"sir_collapsed",32,4.433,3051.77249011336,3695.29034315423,2161.36724701351,2795.78856165721,6867.74736475855,3150.75236033277,6053.1723281008,3275.80131875955,688.421495626745,833.58681325383,487.563105574895,630.676418149607,1549.23243057942,1365.47988452533,0.00493161448353442,0.00421167751041571,8.25845535083031e-06,0.00107504674727129,0.0105416599145557,7.66513393530804e-05,5.08840883448607e-05,3.5612919920276e-08,1.04051547304253e-05,0.000168441554126171,-390.192694004811,0.114274274296586,0.0835264031901496,1,0.569915901482583
"quadratic",200,"sir_collapsed",33,4.678,3105.87247878435,3404.88138822555,1285.80819584548,3522.32224782205,6822.49807658233,3395.04165615894,6053.25980182374,3199.45141717956,663.931697046676,727.849805093105,274.862803729261,752.954734463884,1458.42199157382,1293.98456644372,0.0048497187511065,0.00409985882431929,8.76967713924774e-06,0.000922337575099575,0.0108824896567902,6.95572644633267e-05,4.70124651824095e-05,3.92584151235211e-08,9.23723104951859e-06,0.000150668187706013,-395.019102246186,0.08806393110262,0.0680147802353445,1,0.564807587354679
"quadratic",200,"sir_collapsed",34,4.402,3124.22609461387,3174.44978833992,2878.04774371965,3309.0791614837,6704.2704021033,3212.52672590197,6088.09090038434,3057.37724539099,709.728781148084,721.138070954093,653.804576038085,751.721754085347,1523.00554341284,1383.02837355392,0.004050938600915,0.00351725376296161,4.76017791930896e-06,0.00109036045583262,0.00841238341416448,8.18281643271059e-05,4.37388737360692e-05,7.12764826926794e-07,7.76660388417648e-06,0.000147493216801086,-381.210265062012,0.117903200692296,0.08719545432565,0.975,0.554911742274412
"quadratic",200,"sir_collapsed",35,4.745,3001.74042891893,3334.68435073152,2246.11478038664,2642.73473361407,6712.07354719962,3188.83975214232,5777.04288062893,2940.78349369563,632.611260046138,702.778577604114,473.364548026689,556.951471783787,1414.5571226975,1217.50113395762,0.00531674984071146,0.00447036837760759,1.02064918491672e-05,0.0010247970757813,0.0117859393134117,9.24454273447261e-05,5.44562177985579e-05,8.37117978947636e-08,8.99287096051908e-06,0.000215938077957539,-388.895274724996,0.119776166411265,0.10227455785333,1,0.583615039190121
"quadratic",200,"sir_collapsed",36,4.443,2570.45556860467,2411.24680573252,1314.74159921872,2093.1968563214,6434.13039483296,2872.5571794551,5084.55473607778,2249.89102603059,578.540528607849,542.706911035904,295.913031559468,471.122407454738,1448.14998758338,1144.39674455948,0.00580624951580829,0.00478920240385212,1.33191037450856e-05,0.00124547730213311,0.0127053900895187,0.000134815597758373,7.54696801378277e-05,6.51354560186871e-07,1.39505255201321e-05,0.000288287714110356,-384.636214672091,0.127372941956441,0.106969833571143,1,0.6051904206804
"quadratic",200,"sir_collapsed",37,4.634,2960.63027932233,3079.39286861195,2335.19087229972,2791.26871735136,6491.20832635763,3208.03891009093,5787.58077465195,2928.65701214055,638.893025317723,664.521551275777,503.925522723289,602.345428863048,1400.77866343496,1248.93844942856,0.00508200344227024,0.00425830104628254,9.3734972137959e-06,0.00108022641823958,0.0111903949672138,0.000100728204886488,5.27118936666619e-05,1.97600801202667e-07,1.07874831510146e-05,0.000232112232315418,-367.885963713305,0.154919586038488,0.127500016223536,0.97,0.599674276902905
"quadratic",200,"sir_collapsed",38,4.458,3106.60432712147,3252.89118741013,2394.04744192754,3009.5554503706,6908.99747076041,3190.26770708298,6260.75983569842,3102.36192165836,696.860548928099,729.675008391686,537.022755030853,675.090948939121,1549.79754839848,1404.38758091037,0.00498050259958099,0.00422240238040451,8.90112861406954e-06,0.00119967013187174,0.0107524427811051,7.89866178232972e-05,4.46795681243691e-05,7.80939258631538e-08,9.45371404106082e-06,0.0001769814314092,-395.461866199103,0.13079515581883,0.105405755127925,1,0.57175763735427
"quadratic",200,"sir_collapsed",39,4.47,3289.61091581011,3349.76586149389,1868.58801571165,2960.54751315311,7005.98044604416,3424.89010819382,6276.35119516594,3196.50276625163,735.930853648794,749.388335904674,418.028638861667,662.314879900025,1567.3334331195,1404.1054127888,0.00631400095131437,0.00519086594888573,1.81095384750127e-05,0.00121573763393845,0.0144597805285914,0.000134723764288752,4.90233238953818e-05,1.45938666583912e-06,8.1353931855707e-06,0.000242776070584158,-394.537066838627,0.102761232479968,0.0810193261619833,1,0.609133514964711
"quadratic",200,"sir_collapsed",3,4.648,2370.82029484637,2576.31009540239,1952.13739159645,2739.28509059687,6435.16468326527,2620.12764969783,5545.01412071888,2320.156792183,510.07321317693,554.283583348191,419.99513588564,589.347050472647,1384.50186817239,1192.98926865725,0.00553598419333731,0.00452892538340614,1.27540838035776e-05,0.00111050734873402,0.0126367376318735,0.000161498835929783,7.07667229290217e-05,1.7863014650919e-05,1.31478228859844e-05,0.000263069369899368,-386.007737515965,0.181338820890571,0.155561631917859,0.96,0.600056344293861
"quadratic",200,"sir_collapsed",40,4.475,2027.41065498536,2335.64987569797,2612.67465800954,2937.14035124787,6769.48914258512,2262.96566143645,5896.65430087301,2055.63277906057,453.052660331923,521.932933116865,583.837912404367,656.344212569357,1512.73500392964,1317.68811192693,0.0047623844650642,0.00403278158170665,7.69719725970274e-06,0.00112028358911524,0.010316861012827,6.95771621183376e-05,5.38328811097361e-05,1.12933617815838e-08,1.19616259395888e-05,0.000157187284645599,-388.485319053176,0.17247301465294,0.135577334704541,0.91,0.573546815291208
"quadratic",200,"sir_collapsed",41,4.556,3286.83611626617,3318.62303545303,1938.63632055896,2998.96279859068,6672.31624892682,3071.03119971129,6134.21593112996,2796.86960432897,721.430227450872,728.407163181087,425.512800825058,658.244688013758,1464.51190713934,1346.40384792141,0.00438677254700027,0.00374679465057114,6.04961805791679e-06,0.00123321384723668,0.00951685693171934,8.13063318309481e-05,4.28177958557619e-05,5.48154963092306e-07,9.7203345076511e-06,0.000164034869297969,-379.272791204085,0.126835904331091,0.104666351318039,0.99,0.556021452146322
"quadratic",200,"sir_collapsed",42,4.777,3291.04474160804,3200.76849143619,2006.8471150351,2801.09571618532,6772.98574314242,3398.0532418294,6019.81313826321,3186.84914303746,688.935470296848,670.037364755325,420.106157637659,586.371303367243,1417.83247710748,1260.16603271158,0.00477316582141917,0.00414947028915817,6.88900909029683e-06,0.00117361483512625,0.00994065476803794,8.50989186188172e-05,4.65565887026869e-05,8.51480579879322e-07,9.61934240876082e-06,0.000161750849420842,-373.125662021718,0.105946288578584,0.0850461559159671,1,0.569984956022728
"quadratic",200,"sir_collapsed",43,4.588,3114.11132950274,3171.14354764316,2375.86978969608,3316.39664900251,6880.84568875057,3438.42847432949,6260.02166684566,3008.56236936579,678.751379577756,691.182115876888,517.844330796878,722.841466652683,1499.74840644084,1364.43366757752,0.00483101477372489,0.0041278565334922,7.93793127117256e-06,0.00101198416969004,0.010457455017264,8.29881961613321e-05,4.36493023823013e-05,1.06701414362039e-07,8.45363342428493e-06,0.000168541952825427,-390.316483461581,0.118270664208862,0.0927272569225507,1,0.568692951189127
"quadratic",200,"sir_collapsed",44,4.434,3130.1439980872,3346.53583982766,2101.83558975981,2621.15069947616,7081.46059978604,3479.15556343014,6006.3659479515,3275.58351774824,705.941361769778,754.744212861447,474.02697107799,591.148105429896,1597.08177712811,1354.61568514919,0.00608139757891579,0.00503073245612809,1.52858957473234e-05,0.00118625243706696,0.013753063826089,0.000141944905318861,5.02657835802578e-05,3.50546745500475e-06,7.10928094122587e-06,0.000256156694198129,-390.269360522407,0.110286846220257,0.0839946804627741,1,0.606370264673728
"quadratic",200,"sir_collapsed",45,4.498,3262.59954419921,3275.09403198266,2497.86661563626,3291.43972415342,7290.7802462571,3698.6748788243,6567.77684125947,3085.29862192932,725.344496264831,728.122283677781,555.328282711484,731.756274822903,1620.89378529504,1460.15492246765,0.00597771096852326,0.00500008740575324,1.41606460115302e-05,0.00126704035436348,0.0128965743066497,7.24072398488273e-05,4.44132991170127e-05,3.30938772403383e-08,8.2003840693358e-06,0.000170497532121543,-392.605934271588,0.125607076388153,0.0946686350210513,0.99,0.59543084941647
"quadratic",200,"sir_collapsed",46,4.501,2858.29946177242,2924.87895023303,2214.59322567762,2796.50458827186,6858.68119225471,3140.18147077515,6210.81629657544,2813.54664895032,635.036538940774,649.828693675411,492.022489597338,621.307395750247,1523.81275100083,1379.87476040334,0.00554075934439406,0.00462133306886763,1.19577297932757e-05,0.00121623658767572,0.0125571845768432,8.54349408360033e-05,5.49931393579802e-05,7.47704330024181e-08,1.10711834952698e-05,0.000198229674605657,-394.149499905087,0.100107941662555,0.077572871741703,1,0.578627929778556
"quadratic",200,"sir_collapsed",47,4.414,2784.80571947038,3056.96817887168,1805.98992157821,2668.81753306721,6815.78401784122,3159.1506754799,5677.94134470452,2850.14587684969,630.902972240685,692.561889187059,409.150412681969,604.62563050911,1544.12868551002,1286.3482883336,0.00540350811763497,0.00457146222649997,1.02366680128816e-05,0.0012768151925659,0.0118011353373374,9.8702246431562e-05,5.37438170193134e-05,6.57094643435269e-07,9.25511324675441e-06,0.000199383696137116,-412.28386215721,0.153799641546947,0.124778727287867,0.93,0.574624832253032
"quadratic",200,"sir_collapsed",48,4.42,3179.65135193136,3279.4005951889,2743.27926660065,3604.5582304473,6899.03405789901,2934.54380080997,6111.48546680275,3063.01136891516,719.378133921122,741.945836015589,620.651417782952,815.510911865905,1560.8674339138,1382.68901963863,0.00454173193293111,0.00391966504582457,6.44763382464607e-06,0.00104503375232663,0.00935845211773641,7.02697283195701e-05,5.13559731608593e-05,1.85719492100177e-08,1.0994378201753e-05,0.000149316038590508,-394.066425635614,0.110765166547071,0.0900305216330673,1,0.561021110113761
"quadratic",200,"sir_collapsed",49,4.654,3836.85539985548,4155.25355658466,3476.01520117988,3741.93872193148,6918.14587936683,2932.02814480587,6447.41680804977,2820.81922756927,824.421014150297,892.834885385617,746.88766677694,804.026369130099,1486.49460235643,1385.34955050489,0.00367112270448397,0.00320641155007503,3.74379136230768e-06,0.00108341969035567,0.00748071059981793,4.64233992029853e-05,3.35012564824621e-05,1.26934980140202e-08,8.8308463583922e-06,0.000102172759452511,-384.539664752552,0.199425275111946,0.163605389212684,0.855,0.527454495532209
"quadratic",200,"sir_collapsed",4,4.533,3278.66777852725,3338.40101051061,1934.78574402833,2808.37961713628,6698.2790904491,3712.19036084277,5759.19647673223,3224.76539738006,723.288722375303,736.46613953466,426.82235694426,619.54105826964,1477.67021629144,1270.50440695615,0.00585246594096399,0.00486945955687153,1.37596131941154e-05,0.00124808821824959,0.0132092715988608,9.47622190393107e-05,5.60827347310592e-05,7.31307931963912e-08,9.28447993025425e-06,0.000213999113069495,-387.590127925355,0.131412691530959,0.108262270801956,1,0.592582756379724
"quadratic",200,"sir_collapsed",50,4.429,2827.95557852996,3238.28295602327,2458.69779117478,2990.19195117572,6724.59858863262,3018.89169578617,5953.84799230062,3040.92205845828,638.508823330313,731.15442673815,555.13610096518,675.139298075348,1518.31081251583,1344.28719627469,0.00449081101565941,0.0038757064569207,6.3714433293959e-06,0.00105355613608397,0.00932902764701188,7.45451710375788e-05,4.83554865917e-05,4.45778135460114e-08,1.07923976420111e-05,0.000158941397879903,-395.521733977654,0.0905951247087394,0.0697117086047035,0.995,0.558305034334302
"quadratic",200,"sir_collapsed",51,4.434,3662.33745993412,3736.03995350665,1318.31670855408,2108.50344742306,7018.44396142877,3851.62141945467,5600.18265133202,3558.89927945509,825.966950819604,842.589073862572,297.319961333802,475.530772986707,1582.86963496364,1263.00916809473,0.00709252937250734,0.00589820115135089,2.14360360519895e-05,0.00137451598783346,0.0162862027977354,0.000120056834446689,5.55749847403496e-05,2.07950141258854e-06,8.63911663187294e-06,0.000277220866497071,-389.146520981978,0.119651169973002,0.103477963766033,1,0.632590330790336
"quadratic",200,"sir_collapsed",52,4.438,2936.73131441571,2993.21665158217,1631.91150476175,2914.25129175179,6860.1801744513,3176.11198566738,5856.94177510173,2814.03560260401,661.724045609668,674.451701573269,367.713272816978,656.658695752994,1545.78192303995,1319.72550137488,0.00624628149539581,0.00535505753929025,1.44118693721243e-05,0.0013946972413829,0.0135330394994466,7.95958805088758e-05,5.79759097948835e-05,1.04510232067141e-08,1.07455181680658e-05,0.000192488458149021,-390.101046548623,0.110412972627796,0.0954779573095832,1,0.605199152116007
"quadratic",200,"sir_collapsed",53,4.569,2477.35454740425,2841.91641877722,1808.13556497944,3093.68154230472,6901.88149440005,2726.23933220897,6044.51471342132,2761.18143171648,542.209355965036,621.999653923664,395.739891656695,677.10254810784,1510.58907734735,1322.94040565141,0.00570261312874012,0.00477837835715365,1.25586021110715e-05,0.0014751749243415,0.0129465505948284,8.19544798270265e-05,5.20801340944091e-05,1.12135010435547e-07,1.06749157949777e-05,0.000181408939305469,-397.993160381778,0.0829171589711845,0.0660671873498815,1,0.59211148926812
"quadratic",200,"sir_collapsed",54,4.598,3675.01666889633,3482.89881692646,2216.96198593607,3955.16870348502,7286.54733774389,3641.18840990884,6744.72251704352,3330.24399876102,799.264173313687,757.48125639984,482.157891678137,860.193280444762,1584.72103909176,1466.88180013996,0.00536052655294765,0.00456517761027794,1.01678960918162e-05,0.00126916845856735,0.011529694610775,5.48782121860969e-05,4.10279919006114e-05,1.01184684074784e-08,9.36676684009492e-06,0.000119728213710434,-389.886499095265,0.109099427509743,0.0972154255235539,1,0.568662112921053
"quadratic",200,"sir_collapsed",55,4.42,3324.76505119766,3647.11961227264,1862.22996385624,3703.05640757514,7045.38865028904,3646.06863808243,6290.48031053045,3511.86859526168,752.209287601281,825.140183772092,421.318996347567,837.795567324693,1593.97933264458,1423.18559061775,0.00518090667737722,0.00447324118236427,9.26927489470252e-06,0.00114868048866466,0.0109708236485231,6.8636275853544e-05,4.61762483673442e-05,8.20343409489994e-08,9.48426108642832e-06,0.000143221693858594,-381.509892252006,0.110996504113461,0.0864490351784025,1,0.571251001631716
"quadratic",200,"sir_collapsed",56,4.423,3183.90299482995,3641.81495998529,2664.47672315108,2659.17671818212,6729.51969088021,3499.11077022291,6024.03073071335,3431.02675102927,719.85145711733,823.381180191112,602.413909823893,601.21562699121,1521.48308633964,1361.97846048233,0.00463130344910116,0.00399176836906573,7.06985885023841e-06,0.00124230751244452,0.00973813448680726,0.000100216824732101,4.503830359513e-05,2.64315230742433e-07,7.81892234204335e-06,0.000200081572965945,-399.851768444513,0.0921603347392502,0.0669637157581018,1,0.564366738768756
"quadratic",200,"sir_collapsed",57,4.45,2126.96822753572,2301.20126767104,2659.08146585618,2451.17151486041,6311.62600277547,2338.69240470313,5587.12831026331,2202.94731803621,477.970388210273,517.123880375516,597.546396821613,550.825059519193,1418.34292197202,1255.53445174456,0.00440908480955263,0.00377653359790172,6.3107975717194e-06,0.00103031059385359,0.00943563325336432,0.000111060065856292,5.79012190614567e-05,2.03513462047579e-07,1.03624694626301e-05,0.000229642493702277,-387.56883038586,0.110450328359557,0.0793271324132278,1,0.570373405223283
"quadratic",200,"sir_collapsed",58,4.747,2751.32861940877,2989.03629362678,2933.15210773223,2721.74078590615,6606.09769157086,2957.86713358949,5971.29732499208,2806.85718316805,579.593136593379,629.668484016596,617.895956969082,573.360182411239,1391.63633696458,1257.90969559555,0.00397641200007486,0.00346701070044946,4.66647578837746e-06,0.000929106690291804,0.00819196994364589,7.28216821820507e-05,4.54512982720967e-05,4.2319931455375e-08,1.11239888175052e-05,0.000160941426998288,-377.765247656768,0.0957251398988459,0.0734877843751528,1,0.550882978092094
"quadratic",200,"sir_collapsed",59,4.707,3231.84703565698,3485.09431379227,2379.45353567115,2626.60377913815,7269.3304117277,3828.24873035416,6412.18161816913,3340.97436899165,686.604426525808,740.406695090773,505.51381679863,558.020773133237,1544.36592558481,1362.26505591016,0.0056185761110143,0.00477338540502961,1.10075335676601e-05,0.00136156596822177,0.0123513387598092,9.25009232285294e-05,4.50491760669085e-05,3.58364957789653e-07,7.18419026564396e-06,0.00017849852487295,-394.706982344736,0.120000366585677,0.0935096639447274,0.97,0.583316275134362
"quadratic",200,"sir_collapsed",5,4.735,3466.60064563122,3610.09448194437,2111.2456967706,3564.54220612716,7001.51378859535,3716.20093759234,6269.74542864798,3489.61698736975,732.122628433204,762.42755690483,445.880822971616,752.807224102885,1478.67239463471,1324.12786243886,0.0047082446465715,0.00402510160399625,7.03847841065651e-06,0.00114586668072657,0.00997712952439662,7.0422410917751e-05,4.35960327703357e-05,8.33306837077441e-08,8.80420342849363e-06,0.000142888671055891,-395.091456673426,0.113450544235474,0.0801401491971227,0.97,0.555470274217291
"quadratic",200,"sir_collapsed",60,4.408,2928.70841216776,2956.36616920761,2185.46426077628,3355.83562988524,6859.01284345771,3302.08204747175,6176.50569424314,2908.15095821264,664.407534520817,670.681980310256,495.794977490081,761.305723658176,1556.0373964287,1401.20365114409,0.00480795123759516,0.00411154345330221,7.72348312372338e-06,0.00120922221584349,0.0104831879703211,6.9538156549826e-05,4.7342301920605e-05,5.76079544588223e-08,1.09141515374175e-05,0.000153118247617704,-384.468524981005,0.0981221223156854,0.0731140508573598,0.98,0.56920446083526
"quadratic",200,"sir_collapsed",61,4.526,2395.32512573568,2326.50438496689,2089.26132661781,3038.53681550824,6657.66797289507,2599.71222743817,5769.0774430449,2158.3666260437,529.236660569085,514.031017447391,461.613196336238,671.351483762316,1470.98276025079,1274.65255038553,0.00514392052161255,0.00427773598713865,1.02874264756939e-05,0.00103650580726306,0.0115861295654676,9.29506272613078e-05,6.10120353888257e-05,9.7978406141569e-08,1.08013835703209e-05,0.000204690262386725,-383.782105056824,0.146955239557622,0.110120296148973,0.96,0.595263158445791
"quadratic",200,"sir_collapsed",62,4.764,3773.90722574829,3884.30426142933,2680.99848061701,3545.05296843166,7138.29193753257,3927.31395291149,6339.45342323821,3724.33593157599,792.171961743974,815.345143037222,562.762065620699,744.133704540651,1498.38201879357,1330.69971100718,0.00505616795370973,0.00428053654088737,8.95583155695205e-06,0.00125028751245615,0.0108849917284758,6.00434886711783e-05,4.39746550689648e-05,1.82982897005467e-08,1.07686002183487e-05,0.000133058136072742,-386.257037644348,0.0958231512281353,0.0816522083332589,1,0.570781018645984
"quadratic",200,"sir_collapsed",63,4.43,3426.32769416676,3447.77598157724,2120.68638274827,3617.72407467147,7090.74406497515,3699.8313516908,6162.82352871387,3363.47726436333,773.437402746447,778.279002613372,478.710244412703,816.642003311844,1600.61942775963,1391.15655275708,0.00580304693699813,0.00493559276243898,1.2477068431741e-05,0.00123290278377491,0.0129578932335147,6.64709086737873e-05,4.90417532784625e-05,1.79181487247271e-08,1.09882903680617e-05,0.000145678371030861,-384.696449985954,0.108364749874327,0.0911796973292078,1,0.600577537481136
"quadratic",200,"sir_collapsed",64,4.66,3269.25105000552,3434.37281186838,2765.75687248403,3909.64471991934,7171.82888628685,3576.73344643795,6491.14254103617,3338.17464926743,701.556019314488,736.989873791498,593.510058472968,838.97955363076,1539.01907431048,1392.94904314081,0.00528100529213672,0.00455221027583168,9.16019979168909e-06,0.0011620509175547,0.0110902335782485,6.17740065789165e-05,4.41673815906645e-05,2.18054496806508e-08,1.04774991672943e-05,0.00014105802922623,-378.763867950295,0.119231248872543,0.0877181694408951,0.96,0.574081342965316
"quadratic",200,"sir_collapsed",65,4.416,3443.08558219262,3079.06471876814,1618.85275301179,3835.1093693505,6911.63778961031,3243.62726140806,5993.30913976686,3048.85429565336,779.684235097967,697.251974358728,366.588032837814,868.457737624659,1565.13536902407,1357.18051172257,0.00514258170714387,0.00435986330875763,9.41570840654241e-06,0.000927490193893388,0.0110976831430326,5.94869449189115e-05,4.74634694690092e-05,2.38892038326048e-09,1.250941983025e-05,0.000135478009917278,-386.824235131681,0.11943844158061,0.0977653370473963,1,0.582623395356117
"quadratic",200,"sir_collapsed",66,4.638,3098.04711515091,3047.7448345818,2218.47534565912,2940.07893644515,7151.53319979731,3487.56939913684,6331.12262437735,2864.65571430797,667.970486233486,657.12480262652,478.32586150477,633.910939293909,1541.94333760184,1365.05446838667,0.0058611996130562,0.00495756008694143,1.29008322731981e-05,0.00132218446890171,0.0130202381268941,7.97473710636121e-05,4.5474603973761e-05,9.49796720115647e-08,9.71371267616973e-06,0.000170372828609353,-395.828628727432,0.119339613133736,0.0955019323750815,0.955,0.587325373393099
"quadratic",200,"sir_collapsed",67,4.425,2658.44840493455,2832.53137050285,2519.22422224701,2919.23705686541,6790.72255158485,2835.0627369199,6078.16193933268,2577.69089642461,600.779300550182,640.120083729456,569.316208417402,659.714589122126,1534.62656532991,1373.59591849326,0.00460737706394062,0.00391329480191687,6.98926737517787e-06,0.000973771187009305,0.00992145289909471,7.58997963670553e-05,4.69198611666627e-05,1.19239968169613e-07,9.85745057862024e-06,0.000171393911552473,-399.304901963748,0.116646309338999,0.0950296424279228,1,0.560709335699206
"quadratic",200,"sir_collapsed",68,4.593,2473.55949389888,2589.69465866793,1835.77897258525,2796.90068446392,6457.38274949624,2664.62954107041,5714.52282284302,2274.89503636606,538.549857151944,563.835109659901,399.690610186207,608.948548762012,1405.91829947665,1244.18088892728,0.00413926537159884,0.00352288499263299,5.22619744269658e-06,0.00112640431344677,0.00878257216583369,7.72118306704366e-05,5.25727017045259e-05,2.70096782088356e-08,1.03073793156207e-05,0.00017401626011229,-381.605285935456,0.0852974635558059,0.0613133951717619,1,0.560286045154443
"quadratic",200,"sir_collapsed",69,4.644,2720.96809189016,3131.65766717207,2817.04299138606,3915.01075359313,6932.67264510536,2944.80959127008,6211.79366788585,2908.41324500488,585.910441836813,674.344889571936,606.598404691228,843.025571402483,1492.82356699082,1337.59553572047,0.00474988980425304,0.00406037806757198,7.43402811585923e-06,0.0010902685468479,0.0100029762464845,5.91116807319426e-05,4.45424476563674e-05,7.66698267710027e-09,1.04080057351309e-05,0.000134012132810643,-382.071382108897,0.150841184008717,0.119272241692032,0.965,0.57438338036372
"quadratic",200,"sir_collapsed",6,4.427,2457.45553095532,2691.62548332381,2049.38159496548,3142.92921917822,6538.56724790115,2800.54119191004,5616.7768825027,2569.71781918809,555.106286640009,608.002142155819,462.927850681158,709.945610837638,1476.9747566978,1268.75466060599,0.00513172315328458,0.00430151422555498,9.65227693126174e-06,0.00111505071217618,0.0114469024428664,7.97982379159186e-05,6.10075607695485e-05,1.0845375173059e-08,1.37871631060412e-05,0.000184722149700628,-392.247585140604,0.148917303387686,0.105085145081968,0.93,0.586337049930081
"quadratic",200,"sir_collapsed",70,4.467,2905.30890352724,3002.33405995578,1378.94793531347,2568.79170487155,6257.45041572692,2858.23530010876,5699.03358493027,2598.59192316188,650.393754987068,672.114184006219,308.696649947049,575.059705590229,1400.8171962675,1275.80783186261,0.00465238711502946,0.00396105362214724,7.34110408467756e-06,0.00104884812792159,0.00987995079856468,9.73084757293053e-05,5.2275950461825e-05,2.0813182118592e-07,9.37423691365765e-06,0.000191920819712024,-392.073375788106,0.15132932540869,0.120601248823877,1,0.582022633157575
"quadratic",200,"sir_collapsed",71,4.424,2811.64573219762,2939.92302231217,2551.50667206023,2898.98241172499,6757.44044868655,3088.53957456658,6041.70407726993,2840.68255943798,635.54379118391,664.539562005462,576.74201448016,655.285355272375,1527.45037266875,1365.66547858724,0.00462143897084416,0.00393873395275408,7.52000320675243e-06,0.00112119100287982,0.00988657701197827,7.92212861721722e-05,4.76442795654693e-05,9.93787291659531e-08,8.81453106550002e-06,0.000174948397536507,-391.930119850465,0.136299323174031,0.108744961239156,0.91,0.562025478098432
"quadratic",200,"sir_collapsed",72,4.42,2679.48111021619,2680.79099715999,1502.59459605969,2809.87073189336,6886.98273574402,3054.93382559752,6185.94242233069,2552.35451213172,606.217445750269,606.513800262442,339.953528520291,635.717360156869,1558.14089043982,1399.5344846902,0.00461298783633696,0.00396597478620521,6.9991134723096e-06,0.00115129062085958,0.00955846389169978,7.92036098214387e-05,4.45768360168629e-05,3.05491393057049e-07,9.51604383046971e-06,0.000140412802493262,-394.382265835652,0.0918623438805442,0.0745528984438758,1,0.565874545581325
"quadratic",200,"sir_collapsed",73,4.548,2699.00764657842,3076.32770378086,2030.05728683919,2447.73953408707,6628.21019307002,3060.5043029793,5721.17223634184,2775.76913985224,593.449350610911,676.413303381896,446.362640026208,538.201304768485,1457.39010401716,1257.95343806989,0.00504260319519892,0.00423501358269053,9.06845005954293e-06,0.00102779026771481,0.0110353460609026,0.00010328323686368,5.53359794458114e-05,1.61847477105967e-06,6.74407551257843e-06,0.000202773956911463,-389.018415005281,0.119997842671301,0.0953965170403825,1,0.577307671209407
"quadratic",200,"sir_collapsed",74,4.447,2758.42842858798,3119.10636711838,2666.83492607002,4176.82493764361,6953.13970570167,2959.77407141385,6360.32495154605,2973.99128194318,620.289729837639,701.395630114321,599.693034870703,939.245544781563,1563.55738828461,1430.2507199339,0.00462172683225569,0.00389522381177535,7.74873285726591e-06,0.00103042046643997,0.0100439473414207,5.78837365453782e-05,4.64276561711845e-05,4.19668580357836e-09,1.25733049418572e-05,0.000127252595660235,-400.44600053131,0.0790190470836615,0.0653336126493465,1,0.564223703512867
"quadratic",200,"sir_collapsed",75,4.445,3437.26106879061,3553.11904202834,1850.15599542624,3134.69735534563,7018.29586545256,3889.10457572716,6089.18607113803,3371.47009832377,773.287079592938,799.351865473191,416.233069837175,705.218752608691,1578.91920482622,1369.89562905243,0.0066636172469352,0.00546479509042821,1.90640815164547e-05,0.00124016128471034,0.0155659271022107,8.87594860032218e-05,5.44156259064412e-05,1.06085583251029e-07,1.17266358035447e-05,0.000192743527588131,-396.357926086615,0.100905446769017,0.0847192290205744,1,0.611851098521052
"quadratic",200,"sir_collapsed",76,4.406,2923.06634127912,3284.10165340444,2516.71825605868,3068.05499127564,6862.50068152279,3213.74010242952,6389.15268476518,3008.11489899977,663.428584039745,745.370325330104,571.202509318811,696.335676639955,1557.53533398157,1450.10274279736,0.00456685874371304,0.00388325771443177,7.84220255936244e-06,0.00128330270358494,0.00978823962156423,7.30685540552511e-05,4.13191343215608e-05,9.03511232821534e-08,7.93183590129819e-06,0.000148144166920473,-397.351715915785,0.13235911176373,0.110550549004827,0.99,0.559321365474431
"quadratic",200,"sir_collapsed",77,4.705,3476.81942274335,3751.43560581281,2288.9090234299,3272.07346980945,6913.90974096498,3604.2224840735,6056.02528248737,3230.02120819292,738.962682835993,797.329565528759,486.484383300723,695.446008461094,1469.48134770775,1287.14671253717,0.00474699823635885,0.00407101395743926,7.55157511036205e-06,0.00112031249720968,0.0100196203391426,6.94450865199414e-05,4.59601013069806e-05,5.75770268210089e-08,1.07093995996096e-05,0.000136608410517652,-385.697917792771,0.0806147299330359,0.0608825678174691,1,0.567787202274323
"quadratic",200,"sir_collapsed",78,4.507,3028.72761652743,3086.50550395159,1431.79593387381,3183.92969583025,7106.42774496557,3298.46901911238,6194.52106242604,2915.17342625791,672.005239966149,684.82482892203,317.682701103574,706.441024146938,1576.75343797772,1374.42224593433,0.00606242336164509,0.00514098005045434,1.3528986661596e-05,0.000987622507966518,0.013112968475167,7.4147215565356e-05,5.1765428741872e-05,2.19822750993734e-08,1.00764243949379e-05,0.000172902145190861,-386.383950877491,0.111804070798734,0.084460665069692,1,0.596109667912828
"quadratic",200,"sir_collapsed",79,4.766,2664.24809728898,2656.11531930995,2547.59611223307,3564.8932705474,6672.5630256157,2964.27459056009,6044.83848272177,2495.67832871132,559.011350669111,557.304934811152,534.535483053519,747.984320299497,1400.03420596217,1268.325321595,0.00395408637795552,0.00339755249221266,4.7807556456427e-06,0.000946820650542451,0.00829380763657771,6.47189744529339e-05,4.51499636910297e-05,3.69927165245295e-08,1.09032607308139e-05,0.000138220088720827,-383.576377962684,0.124031267986929,0.0897234026839341,0.97,0.551914729902296
"quadratic",200,"sir_collapsed",7,4.417,2853.19463810413,2751.5417469819,1837.02455697161,3359.32976720467,6800.77048118756,3125.41222572643,6148.15112635522,2567.80377270563,645.957581640057,622.94356961329,415.898699789814,760.545566494152,1539.68088774905,1391.92916603016,0.00445340022149327,0.00381596737636803,6.34448971296729e-06,0.00113111532367972,0.0092606584533825,6.08560641322334e-05,4.76915742945854e-05,5.88821914162517e-09,1.21240089453184e-05,0.00013594427223452,-390.371581598551,0.119469124807186,0.0856118433702842,0.935,0.556391174783846
"quadratic",200,"sir_collapsed",80,4.763,2706.27267244454,2733.19187178018,2118.88878511408,2572.81844614763,6714.26346606708,2943.68767099532,6120.53263665484,2549.32649446697,568.186578300344,573.838310262477,444.864326078959,540.16763513492,1409.67110352028,1285.01629994853,0.00531256493459368,0.00451739996023586,9.58425089222472e-06,0.00116772667296388,0.0113732661960454,9.77809614301016e-05,5.3065315281763e-05,4.63178356365475e-07,1.06465771939647e-05,0.00021267326341402,-389.053566376463,0.118233295644158,0.0999984437279478,1,0.583987731020489
"quadratic",200,"sir_collapsed",81,4.436,2999.59158259134,3076.31294580695,2284.50785788484,2719.55606068673,6832.94165305705,3297.72956588655,6074.66417765521,2852.46191143933,676.192872540879,693.488040082721,514.992754257177,613.064937034881,1540.33851511656,1369.40130244707,0.00562503513551544,0.00481138334328956,1.1048950909638e-05,0.0011638732445803,0.0119813733106077,8.80219324984611e-05,5.62400079553581e-05,3.91307397376197e-08,1.29206592129292e-05,0.000215049918544263,-384.395094051424,0.0883934875350683,0.0709772074072503,1,0.59196899827353
"quadratic",200,"sir_collapsed",82,4.724,3503.31576602817,3706.23855308903,2185.52148152096,3655.16986705911,6825.29371474079,3410.89501520842,6037.77275499771,3153.31526145175,741.599442427641,784.55515518396,462.642142574294,773.744679733089,1444.81238669365,1278.10600232805,0.0046454753802979,0.00404313544406228,6.90731406479095e-06,0.00109329075131327,0.00971087985693329,6.91319614382985e-05,4.93735788422773e-05,1.23434297978114e-08,1.06262445045009e-05,0.000157858759544508,-374.613450535181,0.131386586867797,0.107531229554067,0.965,0.563097966398812
"quadratic",200,"sir_collapsed",83,4.697,2893.63259718587,2957.84595343075,2654.0809865081,2758.61167777107,6589.88103875931,3107.20035353368,5956.81456823789,2861.54539897711,616.059739660607,629.730882144082,565.058758038768,587.313535825222,1402.99787923341,1268.21685506449,0.00429291093362936,0.00372614783208471,5.7705282602653e-06,0.00112277913305174,0.009024768547952,7.86580874464895e-05,5.15205770584464e-05,4.59201376675323e-08,9.93818978207713e-06,0.000171841364006072,-382.09339067493,0.0809575895426768,0.066474064644708,1,0.560821786279213
"quadratic",200,"sir_collapsed",84,4.493,2483.2494390647,2681.7938182715,2889.72214261876,3439.33366031974,6848.0353720045,2764.82140038235,6282.38216532709,2583.15371518729,552.692953275028,596.882665985198,643.160948724407,765.487126712607,1524.15654840964,1398.25999673427,0.0042312584417782,0.0037074285424639,5.24095772969581e-06,0.00107936937610111,0.00891111197398465,6.78525545123241e-05,4.47173157170824e-05,4.63794335675455e-08,1.05569262125675e-05,0.000155407184586352,-392.005902491484,0.111976256383394,0.0899771617780552,1,0.54703850140533
"quadratic",200,"sir_collapsed",85,4.436,2719.86373046606,2724.94571140348,2841.23254072114,3105.21348021096,6912.53636047183,3058.28986005223,6066.73270929884,2629.39951050228,613.134294514441,614.279916907909,640.494260757696,700.003038821227,1558.28141579617,1367.61332490957,0.00462345493901652,0.00396023152759584,7.21360459550847e-06,0.00117346333666249,0.00994239032505225,6.91077175362904e-05,4.61587152119594e-05,2.13325602300485e-08,1.00164994207194e-05,0.000153277806486416,-382.048455896082,0.0972649093131312,0.0797194263256055,0.99,0.568662127167983
"quadratic",200,"sir_collapsed",86,4.473,2781.8518524439,2531.35983229111,2027.11135723096,3076.22741646538,7199.63328823009,3150.17627435689,6499.56406492746,2365.24111522035,621.920825496065,565.919926736218,453.188320418278,687.732487472698,1609.57596428126,1453.06596577855,0.00569107639582095,0.00472391783992848,1.35065849008082e-05,0.00118120776724725,0.0131412630800716,7.00944764618451e-05,4.45585077686894e-05,4.08561084640012e-08,1.03708280244015e-05,0.00015471986575495,-411.116796776334,0.154860103693708,0.132627171691134,0.945,0.579242915556541
"quadratic",200,"sir_collapsed",87,4.656,2721.22482794315,2510.95389677467,1802.12339449012,2787.06619675848,6914.4435064873,3118.35504314562,6209.78978013037,2348.46302039359,584.455504283323,539.294221815866,387.053993661967,598.59669174366,1485.06089056858,1333.71773628229,0.00542681536419553,0.00458221320000249,1.13860297412258e-05,0.00128503804975543,0.0118502721447894,8.91745082936282e-05,5.04999368036525e-05,1.29311348765236e-07,1.02945487373771e-05,0.000191796829562809,-397.709465006951,0.100585360258905,0.0756652870158414,1,0.583832406194729
"quadratic",200,"sir_collapsed",88,4.553,3068.00412342508,2900.46509193758,2565.45695206353,2128.96978156359,6680.56639114431,2931.18973485552,6002.51875776368,2888.9449917882,673.842328887564,637.044825815415,563.465177259725,467.597140690444,1467.28890646701,1318.36563974603,0.00471472424281276,0.003986014859321,8.24257115208956e-06,0.00129128720005492,0.0105210853278549,0.000126636129805835,4.89037839815933e-05,1.46442302602772e-06,8.31608886405416e-06,0.000205065344094324,-396.287053594885,0.0910844007861649,0.070928179700777,1,0.569809603512569
"quadratic",200,"sir_collapsed",89,4.781,2999.76475088103,3259.4609050752,1914.42176917135,1984.37140953296,6834.60233513532,3408.17297167838,5924.85914481354,3006.85412820269,627.43458499917,681.752960693411,400.42287579405,415.053630941844,1429.53405880262,1239.25102380538,0.00615019099954614,0.00518759923794561,1.43675935072656e-05,0.0013454013015506,0.013518595990446,0.00012501383215453,5.20079091238231e-05,1.55282392171234e-06,9.82350536247975e-06,0.000228181782726211,-391.54204485063,0.107344529990446,0.0888650564900405,1,0.607543818422342
"quadratic",200,"sir_collapsed",8,4.419,3411.15365234348,3412.71282999252,1857.33197814084,2771.41697387501,6737.57421602379,3797.53628438522,5900.02077200172,3257.3612270808,771.928864526698,772.281699477826,420.305946626124,627.159306149584,1524.68300883091,1335.14839828054,0.00521319184784665,0.00441230909477645,9.69637190337956e-06,0.00121174346608266,0.0116288802402168,0.000110748449282285,5.34153803358948e-05,4.58517241012592e-06,1.188868057953e-05,0.000196290944320182,-401.813122268289,0.107344084620743,0.0930470128155476,1,0.571660147593103
"quadratic",200,"sir_collapsed",90,4.478,2852.75242063129,3073.99000736143,1528.49627678907,2899.85536459979,6907.25928954899,3136.00967745975,6125.13502103419,2748.36495872618,637.059495451382,686.464941349136,341.334586152093,647.578241313039,1542.48755907749,1367.82827624703,0.00527794256271925,0.00450196045429148,9.8126214896274e-06,0.000998202549747011,0.0112591790265851,0.000106366808619225,4.94829462024401e-05,3.85365752876786e-07,1.12437575323018e-05,0.000206143593630991,-394.248010747436,0.153014399542173,0.121150950884676,0.95,0.584427267061625
"quadratic",200,"sir_collapsed",91,4.851,2674.19630175318,2772.60985532544,1673.22050783019,2507.6974208477,6735.22783266542,3105.15583354626,5652.96602925072,2477.21496836487,551.267017471281,571.554288873519,344.92280103694,516.944428127746,1388.42049735424,1165.31973392099,0.0054221915570887,0.00459745020934656,1.0516888178987e-05,0.0012079556527322,0.0117666249889798,8.17045557200601e-05,5.78896117397259e-05,2.00630135058487e-08,1.13115129842599e-05,0.000207335982916299,-388.719895986943,0.107973157592393,0.087456167855744,0.975,0.586203968151227
"quadratic",200,"sir_collapsed",92,4.68,2251.90691764256,2222.21824035834,1772.07537935661,2367.40749052343,6541.2923527519,2464.0719908754,5457.57160150518,2159.31415469947,481.176691803965,474.832957341525,378.648585332609,505.856301393895,1397.7120411863,1166.1477780994,0.00565857736682045,0.00467228471727987,1.34601062594213e-05,0.00114068997068741,0.0128401176754812,0.000148703165087144,6.36414616506596e-05,4.15301741967224e-06,9.79896842291055e-06,0.000241879386754493,-389.057935975055,0.160280667052614,0.125782137026427,0.995,0.61418412100472
"quadratic",200,"sir_collapsed",93,4.421,4047.21107592387,4046.31127745392,1927.18985706222,2666.0791229928,7034.77899123376,4094.9647968911,6322.04982468661,3366.02139295626,915.451498738717,915.247970471369,435.917180968608,603.048885544628,1591.2189530047,1430.00448420869,0.00666688102650373,0.00559283601028752,1.77372135932683e-05,0.0010097099983418,0.0147041379839558,0.000130049459142614,4.85637156172958e-05,2.99220747060578e-06,7.82458382361389e-06,0.00023679637864715,-386.534638426965,0.159597017844804,0.115024197265925,0.915,0.610485435852946
"quadratic",200,"sir_collapsed",94,4.699,3189.61833705391,3383.9290853105,2020.55420221661,3228.94144206966,7130.47543463122,3449.0832720125,6112.34315536631,3217.73084887268,678.786622058716,720.138132647478,429.996638054184,687.155020657514,1517.44529360103,1300.77530439802,0.00614512485230624,0.00521480130065659,1.46897181195401e-05,0.00119916928850767,0.01338203671771,8.29108764798491e-05,5.07234471892079e-05,1.81693007518498e-07,1.03955914038212e-05,0.000173016007055566,-388.12897101808,0.125713783067311,0.109253802859483,1,0.599508593948138
"quadratic",200,"sir_collapsed",95,4.494,2597.26207863286,2707.14292986187,1813.38232925762,2328.84805440792,6059.66432726776,2758.45679680731,5267.48839157245,2254.70311615505,577.93993739049,602.390505087198,403.511866768496,518.212740188678,1348.38992596078,1172.11579696761,0.00431738916342541,0.00370429702415868,5.97267746809381e-06,0.00101760962505953,0.00897665688882062,9.21677269694826e-05,6.53919735656104e-05,1.91146622466351e-08,1.3016357000424e-05,0.000211999451377877,-371.238286560223,0.151812630179531,0.122776655561511,0.915,0.574491433826835
"quadratic",200,"sir_collapsed",96,4.516,3180.02724600334,3104.33212806796,1936.09338801419,3435.24211837743,7106.97120302925,3525.96303858652,6469.91838910731,2996.59314639747,704.169009301004,687.407468571293,428.718642164346,760.682488568961,1573.73144442632,1432.66571946575,0.00629614838616103,0.00524419099927632,1.60863577817344e-05,0.00122861047436056,0.014227754515467,6.84588461524893e-05,4.96704489760527e-05,3.47398553020385e-08,1.04913057758661e-05,0.000158872542484573,-397.126535928642,0.122915048203261,0.0992500988179094,0.97,0.59721658945283
"quadratic",200,"sir_collapsed",97,4.738,3026.56611688538,3226.66425832119,1954.47990840632,2412.40801671245,6822.66539638013,3295.51621748635,5603.47219365268,2951.00565740433,638.785588198686,681.018205639762,412.511588941816,509.16167511871,1439.98847538627,1182.66614471352,0.00611984134246452,0.00502642825332047,1.59929116345995e-05,0.00108575599017101,0.0138423636336925,0.000117925799317763,5.44039944729322e-05,3.25289476719093e-07,1.13187060315187e-05,0.000266512912388617,-390.275387242364,0.10127328136765,0.0830390593587503,1,0.596386446020958
"quadratic",200,"sir_collapsed",98,4.558,3324.69050277288,3402.77191115469,2252.52521502691,3253.72650003082,7027.70971403913,3450.51724151737,6382.16415004566,3195.15303172806,729.418714956753,746.549344263864,494.191578549124,713.849605096713,1541.84065687563,1400.21152918948,0.00501564544413277,0.00425319635504312,8.9495887067349e-06,0.000946429333798237,0.0106369681753557,7.26554006025472e-05,4.48657267497231e-05,1.30431547538115e-07,9.52478021477406e-06,0.000144478158238533,-388.956484402918,0.111523213956342,0.0872847541445848,0.985,0.574278237056783
"quadratic",200,"sir_collapsed",99,4.786,3158.41525404042,3585.36907557949,2189.42662940023,2701.35279412137,6997.39458307784,3547.46294499358,6099.82365252323,3280.33930842021,659.927967831263,749.136873292831,457.464820183918,564.42808067726,1462.0548648303,1274.51392656148,0.00552794679443116,0.00459143507542616,1.24115087740022e-05,0.000973837022350056,0.0122314226334434,0.000127219929581306,4.65022796136053e-05,9.11854565734084e-07,8.41062569502707e-06,0.000181279792770865,-403.766192055281,0.120470901479226,0.096317819738161,1,0.573982306424863
"quadratic",200,"sir_collapsed",9,4.761,3178.4779987911,3322.14524194936,2186.69069115607,3468.50583708263,7022.01566302149,3487.50533824048,6344.62181542839,3200.35576809767,667.607225118904,697.783079594488,459.292310681805,728.524645469991,1474.90352090348,1332.62377975812,0.00513482909653022,0.0043607799666138,9.49782216134115e-06,0.00128080185893637,0.0116924062178667,6.41383401893938e-05,4.49397119558635e-05,2.40584389494253e-08,9.13778562390892e-06,0.000141159239118954,-398.328758530224,0.136280878955546,0.114932120576194,1,0.564427695761339
"quadratic",400,"sir_collapsed",100,8.961,2755.07034963603,3005.10129986103,3262.19052400026,2139.80172473052,6809.85752673284,2929.93935226014,6632.68328547146,2737.71887097227,307.451216341483,335.3533422454,364.043134025249,238.790506051839,759.943926652477,740.172222460826,0.0026352927709606,0.00240496160606883,1.28589682197322e-06,0.00100502551808423,0.00485793895145576,3.32721749210991e-05,2.09937819930901e-05,2.22654321509328e-08,6.71756594357599e-06,6.22159024449795e-05,-781.566686107671,0.0921754460622491,0.0710541598232203,1,0.487258621516526
"quadratic",400,"sir_collapsed",101,9.214,3020.46806205262,3394.85251678127,2817.71202402671,2647.40649511281,7146.19061903528,3229.74639517764,6915.77930091776,2912.67281013622,327.812900157653,368.445031124514,305.807686566824,287.324342860083,775.579620038559,750.572965152785,0.00326531007548911,0.00295084021676192,2.31071657818978e-06,0.00106758527084304,0.00621135492622495,5.77059641632333e-05,2.25594386097978e-05,4.63746117108208e-06,6.83079926785216e-06,6.87899264772919e-05,-789.617083909046,0.135528289256824,0.114495469132961,0.975,0.51915444184052
"quadratic",400,"sir_collapsed",102,9.004,3150.6708185675,3274.82919833564,2431.78130066494,4488.16576754412,7314.59671422461,3341.000908996,7185.03890343496,2984.95586767648,349.919015833796,363.708262809378,270.077887679358,498.463545928934,812.371914063151,797.982996827516,0.00375756734668985,0.00335870353997582,3.18870815269915e-06,0.00127558950388877,0.00736005899112196,2.90219185074811e-05,2.44007884577881e-05,4.40002083678112e-10,8.00721008620691e-06,5.71233967949014e-05,-771.622591555126,0.101279166259184,0.0807368747659627,1,0.532905212863595
"quadratic",400,"sir_collapsed",103,9.137,3094.56821817356,3298.82188251803,2518.75480309726,2608.59037725195,6874.49159878165,3267.65970271979,6638.17428662527,3078.95226856073,338.685369177362,361.039934608518,275.665404738674,285.49746932822,752.379511741452,726.51573674349,0.00302712907233431,0.00272124434074892,1.97832822954199e-06,0.000837212644724863,0.00568307177714627,4.01264495750014e-05,2.3424909045259e-05,3.09564610429813e-08,6.05535308671616e-06,6.99138685416854e-05,-779.73253773603,0.105789377291196,0.0821138277451856,1,0.510784971469391
"quadratic",400,"sir_collapsed",104,9.319,2727.59368415125,2858.42767501015,2622.03314126293,2640.49116411899,6821.66261263566,2951.54680532418,6677.34256009407,2681.5304502121,292.691671225588,306.731159460258,281.364217326207,283.344904401651,732.016591118753,716.529945283192,0.00284520356499027,0.00259678929715425,1.59425342848266e-06,0.000966145169185525,0.00533732080651538,3.78483927267304e-05,2.39093693036867e-05,5.03375844625133e-08,7.28685679081238e-06,6.69626121505267e-05,-766.705853223404,0.0828887515335084,0.0649829647037971,1,0.507312203166229
"quadratic",400,"sir_collapsed",105,8.985,3178.78523755673,3620.98518979276,2489.81333595763,2219.11130382065,7051.03213119184,3227.39882340294,6801.88415181888,3156.41097200673,353.788006405869,403.003360021454,277.107772505023,246.979555238804,784.755941145447,757.02661678563,0.00339726825735425,0.00307567338874456,2.41923166195532e-06,0.00112177185885652,0.00648669524173803,4.27011174359333e-05,2.37802190779979e-05,7.45609197202613e-08,5.39738889258698e-06,7.97657311741818e-05,-767.367557500986,0.105168637128323,0.0798831177656591,0.995,0.527955188689306
"quadratic",400,"sir_collapsed",106,8.91,3050.56051830044,3402.16683801385,2904.9636850928,2944.72401926713,6705.15757881285,3246.8739619922,6602.48605393155,3074.7330959924,342.374917878837,381.836906623328,326.034083624332,330.496522925604,752.542938138367,741.019759139343,0.00267243029319932,0.00244604674597831,1.23341155035119e-06,0.000952910636738312,0.00488388820430668,3.05815075203034e-05,2.23294827814253e-05,1.96347540916377e-08,7.22591337143973e-06,5.79252312632227e-05,-771.800154802413,0.0878585011521839,0.0741784505454766,1,0.491997541797638
"quadratic",400,"sir_collapsed",107,8.872,3044.20443355028,3174.24880460366,2916.17758431475,2844.45498708471,7040.6916171273,3063.2993001677,6878.79060788978,2990.682721369,343.124936153098,357.782777795723,328.694497781194,320.610345703868,793.585619604068,775.337083846909,0.00316648097063727,0.00286048768369688,2.07754535238124e-06,0.00104137306821899,0.00593222890483823,3.38453743805755e-05,2.24366551482099e-05,1.44868935313539e-08,7.19379770782062e-06,6.50480968024759e-05,-766.724403508107,0.0935437219945368,0.0775948556270809,1,0.517835834851457
"quadratic",400,"sir_collapsed",108,9.167,3136.02736396291,3662.40726096728,2322.72904811512,2325.53345356621,6867.09967779157,3293.76865763146,6681.96050457414,3280.7721287342,342.099636081914,399.520809530629,253.379409634026,253.685333649635,749.11090627158,728.914639966635,0.00329934320944446,0.0029814406293614,2.42911470889533e-06,0.000945342089604903,0.00623379515694291,5.60951527645954e-05,2.37267545185855e-05,7.34802969225593e-07,5.63299946394087e-06,8.86156735920165e-05,-783.376246971285,0.106041748416429,0.0744436569579265,1,0.518796616991365
"quadratic",400,"sir_collapsed",109,9.18,3196.01419204333,3459.34661083219,3274.58577327216,2451.41850041663,6905.76659710579,3407.94196200557,6758.63440887157,3110.00055536403,348.149694122368,376.835142792177,356.708689898928,267.039052332967,752.262156547472,736.234685062263,0.00274591753481074,0.00248266565957839,1.34900543546486e-06,0.000939535241555526,0.00499273159436129,3.57851631283459e-05,2.12717226147918e-05,2.79119442884889e-08,5.37503873155026e-06,6.477167994753e-05,-799.801732064964,0.111407398607848,0.0921868085738292,1,0.496313595998104
"quadratic",400,"sir_collapsed",10,8.968,2751.81337074323,2875.84047874471,1896.02546652342,2432.64757787263,6851.34712413446,2967.96164585672,6735.20648439491,2685.27281688677,306.848056505713,320.67801948536,211.42121616006,271.258650521034,763.977154787518,751.026592818344,0.00280884638169736,0.00253936977045076,1.52611088686795e-06,0.00096554661685331,0.00516283510624416,3.22619137077445e-05,2.17716130702178e-05,9.39732540686892e-09,7.77818228812563e-06,6.06083629313313e-05,-784.17139019514,0.0888514349294473,0.0718252040846104,1,0.500628863330329
"quadratic",400,"sir_collapsed",110,9.3,3175.72972777553,3286.94603069693,2459.15372629275,2877.11251686713,7076.81535225998,3319.37665001736,6701.0781910526,3094.7412228354,341.476314814574,353.435057064186,264.425131859436,309.366937297541,760.947887339783,720.546042048667,0.00340428963540202,0.00307605617202329,2.58570012274414e-06,0.00108336254475259,0.00657753793432139,3.97395466619949e-05,2.53701552500331e-05,3.37644490013161e-08,6.58158428114651e-06,7.53935419482022e-05,-775.650165281679,0.148067137673742,0.118785709175329,0.9775,0.526879752646907
"quadratic",400,"sir_collapsed",111,9.14,3266.91779044685,3390.20469197187,3508.59086011415,2115.40372530059,6831.37684723155,3409.74204876755,6588.01988854792,3231.56333456985,357.430830464645,370.919550543968,383.872085351657,231.444608895032,747.41540998157,720.789922160604,0.00302721146553701,0.00273447870671362,1.90468423055002e-06,0.000998270668726063,0.00580172791584479,4.79826554729535e-05,2.27185693741595e-05,7.45711685415648e-08,6.29666588343037e-06,9.17250677129151e-05,-785.838176370965,0.0894338184826871,0.0753255906023634,1,0.514828413450088
"quadratic",400,"sir_collapsed",112,9.069,3110.67061246687,3326.47711395944,3045.06289303851,2265.2049827206,7003.5008987858,3491.00018407638,6800.22298425892,3057.01240350285,343.000398331335,366.796462008981,335.766114570351,249.774504655485,772.246212237931,749.831622478655,0.00325422804545238,0.00294603777161602,2.20198960606551e-06,0.00107293126890989,0.00614463755253655,5.62138390377053e-05,2.46778228437261e-05,2.20480964758048e-07,5.73121454769418e-06,9.96818956187536e-05,-788.510947209719,0.135084251147978,0.0968442269095859,0.95,0.513292006080229
"quadratic",400,"sir_collapsed",113,8.937,2464.45014936971,2865.83633855163,3170.27573323269,2288.83660521336,6735.72530795602,2647.48424103202,6410.36338745113,2689.04306588475,275.758101081986,320.670956534813,354.736011327368,256.1079338943,753.689751365785,717.283583691521,0.0028048031076422,0.0025690112614995,1.44382750105493e-06,0.000973350168019691,0.00510870380072486,4.307109495906e-05,2.3571809207751e-05,1.96978181786784e-07,6.58758466658807e-06,7.72845533643796e-05,-759.993130387984,0.142696370230529,0.118110198304334,0.94,0.514606534350337
"quadratic",400,"sir_collapsed",114,9.056,3194.49089034121,3455.33569402867,2852.45614403102,2973.88703478321,7030.94474423728,3439.53564281878,6898.76417947115,3224.10374283732,352.748552378667,381.552086354755,314.979697883284,328.388585996379,776.385241192279,761.789330771991,0.00312915593838672,0.00282646052932723,2.03111590362343e-06,0.000932913471209449,0.00589295943716186,3.26636878772169e-05,2.30368023142179e-05,1.59741138806244e-08,7.06467977280458e-06,6.64258719125094e-05,-771.498073729058,0.128711286693745,0.0940819415996339,0.9525,0.517979521799603
"quadratic",400,"sir_collapsed",115,9.033,2781.06979002627,2979.16426669423,3207.21636096384,3330.05493372592,6909.40153174153,3049.3712022493,6771.0040355403,2794.41372161402,307.87886527469,329.808952362917,355.0555032618,368.654371053461,764.906623684438,749.585302284988,0.00277645413946237,0.00254285006578437,1.42214260030682e-06,0.00101472558190496,0.00518697591214724,2.83018003381476e-05,2.20354576645624e-05,2.79106372654799e-09,7.76344976223559e-06,5.6874816107814e-05,-799.146397054055,0.110639949188935,0.0941119241798523,0.98,0.497095611240778
"quadratic",400,"sir_collapsed",116,9.214,3203.67648489998,3184.8033721917,2654.81429768979,2215.58946110816,7221.40199199746,3426.46066870888,7048.03254826703,2780.18501939052,347.696601356629,345.648293053148,288.128315355958,240.459025516405,783.742347731437,764.92647582668,0.00399503082948112,0.00359494285427936,3.75368357454516e-06,0.00110114670039464,0.00766090389806309,5.18350015601764e-05,2.45983361865633e-05,3.08316967895435e-07,5.37139212558311e-06,8.58904853517914e-05,-790.654391011755,0.109236611683092,0.0836715597591517,0.9925,0.541944937121372
"quadratic",400,"sir_collapsed",117,9.117,2487.49989191924,3082.85307779452,3047.47482541699,3624.09007753487,7045.00926508657,2705.77210772174,6790.41683647698,2672.70916321521,272.841931766946,338.143367093838,334.262896283535,397.509057533714,772.733274661245,744.808252328286,0.0028760562656586,0.00261900475171154,1.54279817312659e-06,0.00101745632964334,0.00541738396153527,2.63707726617478e-05,2.15869875564084e-05,1.38078211022903e-09,7.19816200491833e-06,4.95649373801702e-05,-774.076230527696,0.114575322181554,0.0948256962734994,0.9875,0.499480153650442
"quadratic",400,"sir_collapsed",118,9.009,3243.11822116786,3271.85706247462,2695.53471880866,3047.31933642164,7401.61508326388,3451.94942019712,7303.08241792304,2724.73457119574,359.986482536115,363.17649711118,299.204652992414,338.252784595586,821.580095822387,810.642959032417,0.00350233846936531,0.0031156896165968,3.03106446424162e-06,0.00105280434084858,0.00675272291971758,3.46524625372435e-05,2.27087994401922e-05,2.2185569064921e-08,6.49484963922604e-06,6.77431176732818e-05,-793.679473692117,0.0930745445028908,0.0712553223290951,1,0.514010771622344
"quadratic",400,"sir_collapsed",119,9.174,2863.25176374618,2852.95687711385,2377.32812536612,2302.81521292024,7088.03547642115,3097.59099848477,6886.46560271777,2664.41237238399,312.105053820164,310.982873023092,259.137576342503,251.015392731659,772.622136082532,750.650272805512,0.00300409518021431,0.00271336864663706,1.82528905258141e-06,0.00112224557410601,0.00576219756158873,3.67639339926203e-05,2.14054617361522e-05,2.61321357785908e-08,5.55445862613123e-06,6.99063758073352e-05,-806.640416356998,0.132123305297674,0.106813434363209,0.9475,0.497161831833322
"quadratic",400,"sir_collapsed",11,8.908,2577.23046962651,2767.25987543668,2994.32251654802,2563.1777807372,6990.30721172353,2698.98075573227,6783.76591484633,2615.1155018915,289.316397578189,310.648840978522,336.138585153573,287.738861780107,784.722408141393,761.536362241393,0.00320069811546858,0.00290772695034629,2.04724980347594e-06,0.00104991538368983,0.00604296791750782,3.53730333568155e-05,2.41801930307076e-05,5.55446980722299e-09,6.65978538839444e-06,7.58957828780571e-05,-794.018824939652,0.117492958409179,0.0939882236911022,0.9775,0.509859814416069
"quadratic",400,"sir_collapsed",120,9.296,2398.88065264542,2872.39969171786,2816.76509041134,3713.87584605352,7015.56149853247,2601.47973493776,6799.37094090732,2709.83040126983,258.055147659791,308.993082155536,303.008292858363,399.51332251006,754.686047604611,731.429748376433,0.00321497582923028,0.00287756578043676,2.32534685234405e-06,0.00105606005179408,0.00621060004639629,3.02733813554742e-05,2.36729936297885e-05,2.43511957817082e-09,7.75399357875046e-06,6.06046760302049e-05,-776.145092436472,0.0998749670240228,0.0761722602191506,1,0.519216904120999
"quadratic",400,"sir_collapsed",121,8.984,3237.73416903877,3489.92516784345,2860.551995822,2340.55359017632,7113.48180183155,3603.31769318029,6800.45944744193,3197.47377920982,360.388932439756,388.460058753724,318.405164272262,260.524664979555,791.794501539576,756.952298245985,0.0032816422598124,0.00294873277294558,2.32300648862348e-06,0.00100850988713147,0.0062750737493169,4.42800480892537e-05,2.31099966560892e-05,6.4471913316429e-08,4.52116768303704e-06,7.69876022603605e-05,-784.506771227571,0.0758445001341673,0.0594780628773233,1,0.51293759600593
"quadratic",400,"sir_collapsed",122,8.938,2251.44036962421,2594.52021086528,3166.06289652486,2343.8648484081,6767.4555018454,2429.95135584262,6650.81883678746,2376.3387899367,251.895319940054,290.279728223907,354.224982828917,262.235941867096,757.155460040881,744.105933854045,0.00263440692313678,0.00242764134351785,1.21954871718316e-06,0.000867517296582254,0.00477630524100143,3.47733482127972e-05,2.23187076713178e-05,3.69850079081273e-08,6.16005681544508e-06,6.06039188173718e-05,-794.551371288367,0.0832506495114965,0.066946543602284,1,0.494165460016416
"quadratic",400,"sir_collapsed",123,8.87,2663.73800902956,2850.66689512078,2735.36271422799,1884.65774680621,6797.936052906,2851.60468261471,6623.38644616916,2687.47058879552,300.308681965001,321.382964500651,308.383620544305,212.475506968006,766.396398298309,746.71775041366,0.002948998393938,0.00266182727716777,1.78556265917156e-06,0.00107642230863412,0.00563344432365001,4.72619145901796e-05,2.30429926128128e-05,1.54803185458109e-07,6.58957492723354e-06,7.67991362525462e-05,-788.105815913907,0.100527433409953,0.0806378987887141,0.9925,0.508876232800867
"quadratic",400,"sir_collapsed",124,8.898,2652.31906181683,2893.44864320856,2443.53456074444,2784.77580236129,6909.14979136837,2766.20341294222,6752.45169587444,2711.55065880667,298.080362083258,325.179663206177,274.616156523313,312.966487116351,776.483455986556,758.872970990609,0.0030408605139202,0.00275411212975365,1.85042137541667e-06,0.000974339731601738,0.00564353494752198,3.57453864576396e-05,2.33129028094831e-05,5.76854978652793e-08,7.47047322674212e-06,5.95961836805532e-05,-781.244571951927,0.09869811707981,0.0762487730675306,0.98,0.508021757965585
"quadratic",400,"sir_collapsed",125,8.995,3984.59090209046,3865.3526473756,2537.69181930475,2723.06531917428,7304.04305553241,3833.38652067325,7184.0131931212,3521.04629379629,442.978421577595,429.722362131807,282.122492418538,302.73099712888,812.011456979701,798.667392231373,0.0038448854522242,0.00339787922306755,3.62624864600164e-06,0.00110172843692407,0.00769939075580315,5.23064537382627e-05,2.35255169663469e-05,4.1676717110713e-07,4.84446948993856e-06,7.86061924843877e-05,-822.55648124012,0.119092668899425,0.0924289816020575,1,0.524518373471778
"quadratic",400,"sir_collapsed",126,9.177,3000.10760877061,2888.96862497902,2800.39931984061,2851.86391019994,6774.37359855226,3239.2348219877,6589.90459338249,2819.61120450251,326.915942984701,314.805342157461,305.154115706725,310.76211291271,738.19043244549,718.089200542932,0.00288663068257107,0.00262339750791224,1.5954355065337e-06,0.00089178811418662,0.00529640780864431,3.57813431348501e-05,2.358820008175e-05,5.54698955863503e-08,8.36173313614781e-06,6.52792319354207e-05,-757.169110853974,0.127593922560709,0.106721927078331,0.985,0.511080041470246
"quadratic",400,"sir_collapsed",127,9.369,3088.392589646,3436.47059871653,3103.91185260882,2255.03460085477,6786.54165617861,3287.43828878628,6547.83107765411,3095.83710582978,329.639512183371,366.791610493812,331.295960359571,240.691066373654,724.36136793453,698.882599813652,0.00288268723081485,0.00262108004991919,1.63174106425279e-06,0.000958556829106719,0.00537364080835238,3.86600428759012e-05,2.33982931721579e-05,1.90252752973047e-08,6.26796317628801e-06,7.11162236601415e-05,-778.741910014268,0.121053286530189,0.0944683119689803,0.9675,0.513356732026353
"quadratic",400,"sir_collapsed",128,9.118,3094.55447640599,3028.18070261632,2831.06395721318,3211.68799800506,6905.5781398145,3310.97104034267,6762.6767319418,2925.57642635394,339.389611362797,332.110188924799,310.491769819388,352.236016451531,757.356672495558,741.684221533428,0.00276297775801907,0.00250972839806757,1.47626537437239e-06,0.000985637460782015,0.00509619902560068,2.92095566030664e-05,2.1683787404482e-05,7.34432252171104e-09,6.41254061338428e-06,5.6253515825156e-05,-788.158032812154,0.123752159904596,0.101814958507578,0.96,0.495648801212252
"quadratic",400,"sir_collapsed",129,9.065,2812.9703666266,2923.58523604081,3089.93159249647,2666.10876894593,6836.72290378432,3109.44284895152,6713.01436776275,2748.87674439273,310.311127040993,322.513539552213,340.863937396191,294.110178593042,754.188957946422,740.54212551161,0.00277852167410093,0.00253206118475386,1.51137823717553e-06,0.000990256663774279,0.00513818679377778,4.06406270410996e-05,2.20122542453268e-05,3.12791039781232e-07,6.35250761040976e-06,6.4723505268932e-05,-774.887000339003,0.0807161853956824,0.0653825624317567,1,0.498623835795141
"quadratic",400,"sir_collapsed",12,8.936,3426.08952816224,3485.65944423589,2163.36122506016,3074.01034141999,7109.03871284121,3608.7732365292,6959.76295359626,3250.33123548976,383.403035828362,390.069320080114,242.095034138334,344.002947786481,795.550437873905,778.845451387227,0.00326751764051167,0.00294229758131932,2.31778804026799e-06,0.00105895191281523,0.00627095200292301,3.72317027605803e-05,2.34834863252842e-05,1.54504462564044e-08,6.83357126713577e-06,7.44818411903438e-05,-788.158684410463,0.103240282255585,0.0792696637522991,0.955,0.509452126258643
"quadratic",400,"sir_collapsed",130,8.957,2543.73239081821,2807.03072097353,3119.50310989488,2906.08544560009,6752.71392566829,2771.91186344498,6648.33961442902,2724.55589320238,283.993791539378,313.38960823641,348.275439309465,324.44852580106,753.903530832677,742.250710553648,0.00271928509713851,0.00249187419209195,1.31590945663418e-06,0.00100348090869626,0.00499000694222402,2.90996184171227e-05,2.21372662856684e-05,2.95068621018086e-09,6.79373193298657e-06,5.89880720562898e-05,-780.94055461464,0.104737372483675,0.0817044905869959,1,0.501137767460422
"quadratic",400,"sir_collapsed",131,9.05,3289.48793130119,3633.76562894994,2196.05908206463,2056.31869993144,6738.64690070765,3579.80107409521,6561.75068064518,3438.30082690633,363.479329425546,401.521063972369,242.658462106589,227.217535904027,744.601867481508,725.055323828197,0.0032490258099693,0.00293201049815604,2.21560632435589e-06,0.00101312247672025,0.00636508744716238,4.72699469303767e-05,2.59619143676143e-05,6.21327178085439e-08,7.01400524874298e-06,8.23247794297769e-05,-781.552054591718,0.109518886269658,0.0900849071645342,1,0.520850340595091
"quadratic",400,"sir_collapsed",132,8.865,2260.20556651161,2374.59004912336,3197.50027040033,2509.03391990109,6570.82746086371,2429.28748417252,6354.44213475,2291.25775630918,254.958326735658,267.86125765633,360.688129768791,283.026950919468,741.210091467987,716.801143231811,0.00260367791842067,0.00240988701912064,1.09388123700289e-06,0.000994418441033026,0.00470507871592797,3.82104868426065e-05,2.39247565621652e-05,2.75111446315522e-08,7.27856305818975e-06,7.20172297350173e-05,-755.897446716507,0.100049641986959,0.0715679306129513,0.9975,0.503051242873126
"quadratic",400,"sir_collapsed",133,8.916,2536.06142764849,2920.36709677278,2664.41917108083,2275.18899030018,6983.19325239227,2724.46364363672,6736.2435551918,2777.8197524522,284.439370530338,327.542294389051,298.835707837689,255.180461002712,783.220418617347,755.523054642418,0.00270853503854908,0.00246542382166987,1.34456210397894e-06,0.000963227852662815,0.00488221317150626,4.18553542572309e-05,2.11477114207179e-05,1.76471972272766e-07,6.87947780765335e-06,6.34834890199493e-05,-791.059091448758,0.0627883314616877,0.049186455338772,1,0.494169067069448
"quadratic",400,"sir_collapsed",134,8.945,2795.0629381515,3024.92773015518,2905.91848372254,2905.0110485486,6830.58448631048,3008.4791096596,6715.40573083066,2843.51931068037,312.472100408217,338.169673577996,324.865118359143,324.763672280448,763.620400929064,750.744072759157,0.00278193271342745,0.00252464283478503,1.42826863606394e-06,0.000841496818830974,0.00510184282131649,3.18767036305497e-05,2.23025994508799e-05,7.87916288020298e-09,6.54969037114326e-06,6.09943483031629e-05,-791.913465069099,0.108952244605105,0.0898601094600137,0.9975,0.497938911505786
"quadratic",400,"sir_collapsed",135,8.828,2298.5535175797,2565.26760803122,2379.66395690908,3004.18171332215,6682.22645493197,2458.67202210713,6553.04441795539,2336.31521339599,260.37081078157,290.583100139468,269.558672055854,340.301508079084,756.935484246938,742.302267552717,0.0027758909415638,0.0025401158728781,1.39114249386851e-06,0.00100030896513456,0.00508654586232162,3.09163100793929e-05,2.46925389907583e-05,1.59913580483846e-09,7.27576686808825e-06,6.26489961695265e-05,-786.964673456478,0.128271864324032,0.0881877317631732,0.965,0.508150813636087
"quadratic",400,"sir_collapsed",136,8.94,2881.49345148977,3163.03538404141,2164.11486138758,2069.82213492779,6833.96921108224,3098.51716835367,6563.55064497954,2997.13181011459,322.31470374606,353.807089937518,242.071013578029,231.523728739126,764.42608625081,734.177924494356,0.00319325961480052,0.00291375457667523,2.0550917313315e-06,0.0010883030722098,0.00600893648633771,5.03629694222357e-05,2.41375046556052e-05,1.1984789667127e-07,4.0917718173639e-06,0.000103794176242117,-780.689929138161,0.0997842204871344,0.0766572351769925,0.97,0.520227996716499
"quadratic",400,"sir_collapsed",137,9.181,3478.8672589539,3776.75240931243,2355.78436035859,2694.5391857796,7265.79084362347,3827.89400708344,7005.29684890497,3542.57522609782,378.920298328494,411.366126708684,256.593438662302,293.490816444788,791.394275528099,763.021114138435,0.00401015144077857,0.00353435095862611,4.29168678705118e-06,0.00113313132018115,0.0079802197344183,4.54702526148359e-05,2.58756346229363e-05,4.76909812406006e-08,6.79087177645291e-06,8.78230246156962e-05,-801.338177019364,0.128802326297056,0.103051579223276,0.965,0.539853696014901
"quadratic",400,"sir_collapsed",138,9.224,2701.11650532605,2550.97070260052,3125.27698144531,2440.58157188578,6699.12507187194,2957.47669073488,6420.17924343898,2441.84090905132,292.835700924334,276.557968625382,338.820141093377,264.590369892214,726.271148294877,696.029839921832,0.00265797991117132,0.00245125918944137,1.23067698470474e-06,0.00102685978992545,0.00489955245227365,3.77450530230069e-05,2.48721029732029e-05,1.95455129817228e-08,8.33062508474751e-06,7.24148529004449e-05,-786.846683596668,0.125072044976878,0.102082828444552,0.9725,0.492433234024013
"quadratic",400,"sir_collapsed",139,9.034,3241.61778426767,3341.10675443648,3362.51366372929,2651.08076984794,6789.54526609508,3123.05428465221,6801.60253892422,3162.39731309516,358.824195734743,369.836922120487,372.206515799125,293.455918734552,751.554711766115,752.889366717314,0.00253923510249679,0.00234592342082484,1.04590748836997e-06,0.000920076939429141,0.0045309896374877,3.2253090692898e-05,2.04475400627632e-05,4.9735666821401e-08,6.21405778226085e-06,5.2603687061728e-05,-794.950436717558,0.104630233082748,0.0841444899399786,0.9925,0.488605179480652
"quadratic",400,"sir_collapsed",13,9.322,3095.69526829643,3136.00672544835,2629.87275533594,2921.7239635823,6970.89169115923,3428.08954440098,6803.18105110129,3122.70244487814,332.084881816824,336.409217490705,282.114648716578,313.422437629511,747.789282467199,729.798439294281,0.00336990165504181,0.00304393902671002,2.32423411818026e-06,0.00108083538827676,0.00637359210375221,4.14199946376484e-05,2.4648184274129e-05,2.89044908197365e-08,7.40068853245222e-06,8.0790230070779e-05,-787.885702170414,0.116529474196449,0.092064015366096,0.965,0.521108981848267
"quadratic",400,"sir_collapsed",140,9.024,2451.24493947673,2567.29432129186,3316.46936304753,2421.3126097532,6864.44579251831,2615.53033937197,6632.13423026716,2440.72044601676,271.636185668964,284.496267873654,367.516551756153,268.319216506338,760.687698638997,734.943952822158,0.00286797211798834,0.00258094207400207,1.69195830726909e-06,0.00095846552480773,0.00545983242499589,3.62059998844924e-05,2.3823396263052e-05,1.28096956505949e-08,5.51136294902748e-06,6.89642301203192e-05,-758.316785193224,0.0859842211496541,0.0683269104878544,1,0.505500287393719
"quadratic",400,"sir_collapsed",141,9.042,2963.82376329928,3115.09052446036,2778.21572720492,2525.9832230432,6943.17445839774,3228.27529376407,6840.5831558754,2787.491311404,327.784092379925,344.513439997828,307.256771422796,279.361117346074,767.880386905302,756.534301689383,0.00308077681827817,0.00274639255072476,1.96220183555109e-06,0.00106882698018571,0.00598267469015199,3.64889166664057e-05,2.2433845380168e-05,1.69579437061759e-08,5.53017260112506e-06,6.98543947869176e-05,-780.14051720513,0.106153199540956,0.085985768411573,1,0.515155248902845
"quadratic",400,"sir_collapsed",142,9.004,3234.2273326928,3206.59171900463,2748.67122020541,2350.58053871038,6947.16061547203,3280.62527567999,6834.23013396328,3046.62855446707,359.198948544291,356.129688916552,305.272236806465,261.059588928297,771.563817800092,759.021560857761,0.00297381007395491,0.00270172300670452,1.70124563944622e-06,0.00108884554290721,0.00557735535289682,3.44778497861071e-05,2.31866149184391e-05,9.04354093658993e-09,6.19465772437371e-06,6.71358763668818e-05,-810.32746759246,0.111987887796491,0.0926215439136473,0.99,0.502755566780438
"quadratic",400,"sir_collapsed",143,9.036,3583.61335144776,3579.22916240228,2880.03796370195,3095.25807539901,7363.93274713623,3277.81944860178,7168.04296001636,3352.06853077326,396.592889713121,396.107698362359,318.729300985165,342.547374435481,814.954929961955,793.27611332629,0.00378079887946263,0.00339415274390315,3.37161219855131e-06,0.00116668637101828,0.00736143264676399,3.53355984629913e-05,2.30713119708389e-05,3.32573154597074e-08,6.7222499413227e-06,7.01631325415605e-05,-755.791772438323,0.109384525493813,0.0812349463059794,0.975,0.537937914541483
"quadratic",400,"sir_collapsed",144,8.845,3433.8354972828,3677.95703730179,2616.87586843256,2543.60060661419,7121.00585130087,3655.45992319765,6876.35164373751,3040.29125247463,388.223346216257,415.823294211621,295.859340693336,287.574969656776,805.088281662055,777.428111219617,0.00345853302761319,0.00308730501903448,2.61149776089536e-06,0.00102976524691426,0.00664602818167532,5.32340814524244e-05,2.46429515573466e-05,1.46722023775749e-07,4.73700554513962e-06,8.15060448183679e-05,-801.748814853696,0.090924065444239,0.06950922994475,0.9825,0.518487792579656
"quadratic",400,"sir_collapsed",145,9.087,3341.31501363693,3329.60312579732,2947.70749962868,2213.42764192976,6939.99882382512,2949.67716473809,6637.52843925118,2836.09424787782,367.702763688449,366.413901815486,324.387311503101,243.581780778008,763.728273778488,730.442218471572,0.00312012372769963,0.00283830029666827,1.96970965670624e-06,0.00104207969608099,0.00589615104376163,4.71639712828153e-05,2.27736146110133e-05,8.93536429156212e-08,5.22825364180969e-06,8.31134093453287e-05,-779.516889607744,0.109035509985612,0.0901995020783577,1,0.520573687286676
"quadratic",400,"sir_collapsed",146,9.206,3040.77118624471,3199.15544373373,3279.69628200596,3495.45238852639,6934.09272814985,3060.79930244532,6813.80557720787,2877.26589330644,330.303192075246,347.507651937186,356.256385184224,379.692851241189,753.214504469894,740.148335564618,0.00277096409562993,0.00251485413856529,1.45617827799516e-06,0.000906127978264044,0.00507438158618884,2.58487967732172e-05,2.1518790418368e-05,4.74337424629484e-10,7.52262134040177e-06,5.03516566005621e-05,-790.632435109293,0.0657834626472242,0.055583074246203,1,0.498241737205667
"quadratic",400,"sir_collapsed",147,9.107,3217.68520719167,3112.78142644183,2828.42219619492,3115.60209819234,7041.72444202666,3456.04701450762,6929.45666673547,2977.57313241429,353.319996397461,341.80096919313,310.57672078565,342.110694871235,773.221087298414,760.893451930984,0.00300057103410636,0.00270848247389447,1.75537987099757e-06,0.0010184366409506,0.00566863716251268,3.00258464896309e-05,2.26834545758989e-05,5.33577349112118e-09,7.07945426779186e-06,6.00710470137402e-05,-779.927215410073,0.118585502236318,0.0894772924145789,0.955,0.503883951985211
"quadratic",400,"sir_collapsed",148,9.393,3215.36296533451,3581.01162676878,2841.01524739033,2458.91273345015,7033.00206949323,3417.63093927524,6826.47376103606,3376.72137274755,342.314805209679,381.242587753516,302.460901457503,261.781404604509,748.749288778158,726.761818485688,0.00327833931486367,0.00295506614223132,2.33204931023428e-06,0.00106851714481199,0.00623941815898171,3.95810704598668e-05,2.49055551434365e-05,1.96008995060245e-08,6.64645676552237e-06,8.0767238496044e-05,-785.752091167058,0.120101849045473,0.0941767022182334,0.955,0.51770412252781
"quadratic",400,"sir_collapsed",149,9.344,2958.2307074757,2951.24630655846,2297.62020123484,2706.72878430363,6942.40944832738,3267.2985529611,6748.30768499053,2835.38320993789,316.591471262382,315.843996849151,245.892572906126,289.675597635235,742.980463219968,722.207586150527,0.00320806942871089,0.00290444990666703,2.02100406623872e-06,0.00111387550834013,0.00600014554945419,3.54758563976199e-05,2.5489369219901e-05,5.87851240395476e-09,7.8991954786291e-06,7.3859846971042e-05,-765.278521980732,0.134370728270105,0.106447667165731,0.9775,0.52218848367278
"quadratic",400,"sir_collapsed",14,8.964,3500.70645653051,3628.27994509793,2540.97000360864,2327.59342141124,7203.73357633473,3704.40164688916,6948.45962933942,3468.02781743167,390.529502067214,404.761261166659,283.463855824257,259.660131795096,803.629359251979,775.151676633135,0.0035522689068493,0.00322144590655623,2.72023636308599e-06,0.0010745862487859,0.00682190868433279,3.79221077410936e-05,2.37707575009927e-05,2.36604461846639e-08,7.25951476766836e-06,7.51080498550576e-05,-786.979469030327,0.103153196635728,0.0898186295978381,0.9825,0.52207938702797
"quadratic",400,"sir_collapsed",150,9.285,3119.39709338193,3474.80564226194,3153.34830454413,3177.10762036463,7043.71914775802,3349.16529124286,6932.82413472804,3058.20965942415,335.960914742264,374.238625984054,339.617480295544,342.17637268332,758.612724583524,746.669265991173,0.00301655998139943,0.00273975743582144,1.78632020891452e-06,0.000986840396748055,0.00571207930464472,3.27890466196354e-05,2.26026829121759e-05,1.0847876322753e-08,6.78942920698692e-06,6.37457801515831e-05,-790.033455578554,0.1149842716647,0.0881439196108725,0.9625,0.512484121051177
"quadratic",400,"sir_collapsed",151,8.987,2205.40467060758,2230.09543807874,3003.35725005722,2549.73366976832,6909.08037843938,2388.46104830081,6748.48804800658,2149.76881885559,245.399429243082,248.146816298958,334.189078675556,283.713549545824,768.786066366906,750.916662735794,0.0031321641146932,0.00282545005881082,2.02143062741669e-06,0.0010694082891536,0.0058237825847008,3.5380689165121e-05,2.49615727306961e-05,5.47326546321869e-09,7.39280984566805e-06,6.93620678403878e-05,-788.827049166545,0.103171916534067,0.0871371356144244,1,0.51205026878573
"quadratic",400,"sir_collapsed",152,8.957,3347.27253445721,3350.96950524158,2640.70263605683,2787.50106232151,7159.8889446793,3665.94803348502,7106.54272834242,3286.81893882793,373.70464825915,374.117394802007,294.819988395315,311.209228795525,799.362391948119,793.40657902673,0.00348466485249596,0.00312423852469543,2.59232611670134e-06,0.00108137058994972,0.00662259554191738,3.82266636021065e-05,2.26270552760975e-05,1.60547523136506e-08,6.38433351229342e-06,7.59662131458734e-05,-799.915551243842,0.105184897715509,0.084058063128165,1,0.52686326700285
"quadratic",400,"sir_collapsed",153,9.209,2835.47532906379,3086.5441317552,2826.69701817386,2321.29842047223,7043.54762134037,3119.66631289367,6948.27504325133,2807.61095799013,307.902631020067,335.166047535585,306.949399302189,252.068456995573,764.854774822497,754.509180502914,0.0030857715694993,0.0027829365195809,2.00185746802386e-06,0.00104222048075482,0.00583875945526274,4.10303085038807e-05,2.25182202575044e-05,1.00038784262272e-07,4.75536716362897e-06,6.86789575827878e-05,-784.934854494571,0.106671618337886,0.0810925005617977,0.9775,0.505480808203406
"quadratic",400,"sir_collapsed",154,9.288,2753.87614845188,2821.08821824677,3025.41058262538,3828.40965449047,7185.61586489501,2998.12190588167,6986.37010749156,2711.50675317302,296.498293330306,303.734734953356,325.733266863198,412.188808623005,773.645118959411,752.193164027945,0.00307194853745012,0.00277889690472549,1.8975944203659e-06,0.000944758811042806,0.00571180293682583,2.6329186166057e-05,2.18563930123256e-05,5.99673132706837e-10,8.15793568123794e-06,5.30249594398498e-05,-785.674369161356,0.105721000066225,0.0853725041786,1,0.514376914188455
"quadratic",400,"sir_collapsed",155,9.082,3122.62498178392,3046.59538451074,2254.4551940909,2875.57392367071,7223.86722473419,3463.07477222043,7128.98467634596,2912.52474170945,343.825697179467,335.454237448882,248.233340023222,316.623422557885,795.404891514445,784.957572819419,0.00352285845289755,0.00314173830721544,2.85142437331318e-06,0.00108031228956544,0.00691446791330954,3.7763880937278e-05,2.37988366365153e-05,3.45409166895371e-08,7.07060137888466e-06,7.53523289859107e-05,-786.338770240227,0.0949159108096269,0.0767000546046544,1,0.522684225188113
"quadratic",400,"sir_collapsed",156,8.856,2937.99869837721,3338.60911359025,2877.99254530634,2388.64304641488,6947.58395559613,3127.95184819236,6751.15358277545,3056.07132748128,331.752337215132,376.988382293388,324.976574673255,269.720307860759,784.505866711397,762.325381975548,0.00315465818635674,0.00285193213698153,1.97301703196022e-06,0.000999374203079348,0.00588225023680304,4.30601045366075e-05,2.30811603717059e-05,4.71529377889742e-08,5.61008799840409e-06,8.0445618449428e-05,-778.996533047242,0.125188131618575,0.0960844363862417,0.9475,0.520543039343516
"quadratic",400,"sir_collapsed",157,9.83,2994.87956459156,3198.89812647885,2922.3772050249,2745.57959804729,7044.39653082717,3264.42141450804,6798.97167312241,3003.216264618,304.667300568826,325.421986416974,297.291679046276,279.30616460298,716.622231009885,691.655307540428,0.00321732276025931,0.0028829802689626,2.25015351218003e-06,0.000991591646864956,0.00620130410754254,3.63104749648184e-05,2.325994964222e-05,1.2559356656954e-08,7.22832793283471e-06,7.06088645709697e-05,-791.340875488291,0.079029975994565,0.0594651781913193,1,0.517436721474727
"quadratic",400,"sir_collapsed",158,8.838,2980.64522640543,3113.44169674576,2698.28962698585,2270.12860755859,6922.07648026509,3202.11262350514,6722.08936144374,2889.58183715509,337.253363476514,352.278988090718,305.305456775951,256.859991803416,783.217524356765,760.589427635635,0.00298549459318871,0.0027311098438021,1.73041692027484e-06,0.000940059270279446,0.00548469028485072,5.16184571853974e-05,2.17030212730423e-05,4.95867125043254e-07,5.95558809849238e-06,7.79057233341051e-05,-780.291146669798,0.0911107995064626,0.0720129438099186,0.985,0.508368536235569
"quadratic",400,"sir_collapsed",159,9.196,2592.04234265281,2855.99952570717,3068.49116694406,2188.37179107005,6593.76295453991,2839.67171786874,6477.3898575117,2699.4116916749,281.866283455069,310.569761386164,333.676725418014,237.969964231193,717.025114673761,704.370362930807,0.00272373681881811,0.00247710368231499,1.4513440301844e-06,0.00100427327992597,0.00517445341875019,3.9331895590329e-05,2.19648033174665e-05,3.25316979837267e-08,3.19936044754207e-06,7.30259312769943e-05,-765.77012457884,0.126682685592112,0.104373554143988,0.9875,0.508603616448947
"quadratic",400,"sir_collapsed",15,8.976,3218.68187413349,3567.46105934594,2796.72597522396,2456.83266468866,7184.19463916574,3481.23294984322,7048.86375191654,2998.66977691639,358.587552822358,397.444413920002,311.578205795896,273.711303998291,800.378190637894,785.301220133305,0.00367112776780161,0.00327451077986669,3.21397492165823e-06,0.00112062367104399,0.0071520700600128,4.54924470168179e-05,2.43346532503193e-05,4.58695155874125e-08,5.65776740702098e-06,9.41649956216205e-05,-790.719811377477,0.105560468032365,0.0870164797940582,0.98,0.527523572412137
"quadratic",400,"sir_collapsed",160,8.887,2704.21019731966,2979.722597407,2864.66076463211,2976.78564908707,6812.36298457518,2960.34119272327,6536.53978118981,2679.4685294635,304.28830846401,335.290041342073,322.34283387331,334.959564429737,766.553728431999,735.517022751189,0.0027833110370606,0.00252646527744866,1.51316833475067e-06,0.000956527307883956,0.0052644589225671,3.57522378658598e-05,2.22482968964981e-05,5.54622979966379e-08,7.00677983801077e-06,6.61213909093278e-05,-785.573701358893,0.0927465946151306,0.0721208417967419,0.9975,0.507232060695491
"quadratic",400,"sir_collapsed",161,8.961,3025.92971762349,3066.4320586088,2590.48595152915,2421.73706020642,6980.60043140635,3267.78542094821,6793.53414905651,2952.83223376559,337.677683029069,342.197529138355,289.084471769796,270.252991876623,778.997927843583,758.122324412065,0.00306167145872951,0.00277501692940847,1.97960919516399e-06,0.000997805986606052,0.00589928607152547,3.73554986104428e-05,2.25594685498982e-05,4.5583926718291e-08,5.7648545406968e-06,6.84192772466526e-05,-803.000811813103,0.0900855551109374,0.0746124651890558,1,0.507040684433421
"quadratic",400,"sir_collapsed",162,8.902,3496.08064716573,3647.52764574428,2832.64021489841,3867.40396251253,7264.87642177659,3514.57169618092,7115.045607556,3381.65564885622,392.729796356519,409.74248997352,318.202675230107,434.442143620818,816.094857535002,799.26371686767,0.00339869426234082,0.00301929588550353,2.6898828605817e-06,0.00108982436753691,0.00679990765747986,2.74330493353787e-05,2.18436701734821e-05,1.10106362228354e-09,8.00483226745207e-06,5.57107960930411e-05,-811.42019345394,0.0968600823099271,0.0766729681676051,0.995,0.517085766429329
"quadratic",400,"sir_collapsed",163,8.886,2858.54458440944,3031.30140481355,2630.6248828254,2536.81932616472,6801.0072421753,3119.52735841312,6611.07031844395,2908.19445002403,321.690815261022,341.132276031235,296.041512809521,285.484956804492,765.362057413381,743.987206667111,0.00300680606150378,0.00274501884180883,1.8841542962245e-06,0.000913658394321427,0.00564947569529741,3.45223326797576e-05,2.41439050102681e-05,7.45172898581484e-09,8.00397169302731e-06,6.80008891690529e-05,-773.526125986959,0.123356446911099,0.103485722320766,1,0.511690188840437
"quadratic",400,"sir_collapsed",164,8.952,2570.89875905892,2824.04093114586,3028.74313946397,3881.24393913075,6825.31424021306,2796.9320788209,6777.53796203865,2663.12373685058,287.18708211114,315.464804640958,338.331449895439,433.561655398878,762.434566601101,757.097627573575,0.00257344879717038,0.00233795512205205,1.20761637102796e-06,0.000979146731092733,0.00489529184541817,2.46356364556549e-05,2.05837831732152e-05,5.26704021250553e-10,7.37142459352752e-06,4.8789127280065e-05,-795.31641760166,0.0945486450342559,0.0723513044661453,0.9875,0.490339144402504
"quadratic",400,"sir_collapsed",165,8.984,3218.60819912553,3366.37421537707,3024.37373811734,2230.33462475449,7017.36546011913,3231.42799679291,6681.60711765066,3154.64067578866,358.260039973902,374.707726555774,336.639997564263,248.256302844445,781.095888259031,743.722965010092,0.00309632195560367,0.00282035036796094,1.80511989281929e-06,0.00110409682679922,0.00586261665574328,3.9390231741929e-05,2.32335739104878e-05,3.92428961575665e-08,4.55333936749868e-06,7.56008003737042e-05,-793.639486074841,0.104744533070721,0.079952462699309,0.99,0.509906463468613
"quadratic",400,"sir_collapsed",166,9.258,3268.91739995188,3422.70045120946,2440.50704195804,2788.63855955244,6823.61875062483,3383.12767514313,6714.06384298647,3044.28735191341,353.091099584346,369.701928192856,263.610611574642,301.21392952608,737.051064012187,725.217524625888,0.00296659991207384,0.0027100278372277,1.69821902571681e-06,0.000920169610991219,0.00552324208682532,3.13580209314079e-05,2.29984572326894e-05,7.58156937917662e-09,7.94793829013279e-06,6.10465950847158e-05,-776.959099288471,0.107374887263546,0.0882974247160383,1,0.506239191926281
"quadratic",400,"sir_collapsed",167,8.915,3184.68844241746,3080.76038627825,2771.62481234814,3029.00326871034,7131.1718768887,3448.41127822626,6955.47180007839,2922.50996123604,357.228092250978,345.570430317246,310.894538681788,339.764808604637,799.907109017241,780.198743699202,0.00315237372097618,0.00281859627865084,2.21451216522167e-06,0.000966841281541484,0.00596610255314277,3.55248089426289e-05,2.32439282645547e-05,4.73834730262502e-08,6.88602099460927e-06,6.10898935394314e-05,-819.892649349927,0.0924767445277486,0.0739133240895966,1,0.509522182064368
"quadratic",400,"sir_collapsed",168,8.951,2984.15868897526,3134.49661369,2177.69511558798,2828.43150288745,7196.26943480017,3152.25336482743,6875.32036656925,2917.94444460712,333.38830175123,350.183958629204,243.290706690647,315.990560036582,803.962622589674,768.106397784522,0.0033824639215049,0.0030344305188239,2.43241352232485e-06,0.00115569501421686,0.00657084337891076,3.52735076627162e-05,2.27191567596362e-05,1.73242409602898e-08,6.5404462093255e-06,7.03741708080244e-05,-784.280556700262,0.0847290475256964,0.068344974283546,1,0.52434990339616
"quadratic",400,"sir_collapsed",169,8.898,2453.56537205729,2863.69484322149,3116.01000315415,2409.77625467102,6635.74884343213,2646.15062118895,6547.11262957621,2459.54824630289,275.74346730246,321.835788179533,350.19217837201,270.822235858734,745.757343608916,735.795979947877,0.00256727539739858,0.00237007394347442,1.06319506259142e-06,0.00097733536218118,0.00466129875743741,3.3580326561108e-05,2.1358485986357e-05,2.90037894310421e-08,6.2240865456402e-06,6.16605362236339e-05,-769.320532487818,0.0617367006420857,0.0507031364471419,1,0.494225543015851
"quadratic",400,"sir_collapsed",16,8.91,3087.21093653383,3308.66642468931,2636.72152822462,2574.42434081498,7164.70461084269,3422.40572536276,6900.13061709131,3159.94584267608,346.488320598635,371.343033073997,295.928342112752,288.936514120649,804.119484943063,774.425434016982,0.0036311423093255,0.00327352669074886,2.85705708126061e-06,0.00122540353387717,0.00710584255308269,5.0117606766923e-05,2.43810922669606e-05,3.15848229846463e-07,5.87296616823329e-06,8.17533839957628e-05,-778.099426468163,0.106730740623222,0.0858839683039327,0.9825,0.526206703635766
"quadratic",400,"sir_collapsed",170,8.947,3449.37206541277,3468.16582504963,2492.78110254965,2765.38307660657,6988.87811628083,3016.39191892067,6876.94071961162,3050.57047156473,385.533929296163,387.634494808275,278.61641919634,309.084953236456,781.142071787284,768.630906405681,0.00318301067074875,0.00285437276714508,2.12809329627409e-06,0.00104899590973006,0.0059934506476318,3.5108486614491e-05,2.25728388289643e-05,2.80694457781e-08,6.63890864371816e-06,6.66978785729191e-05,-804.205990999871,0.0926757347402986,0.0713704937041974,1,0.509309381855798
"quadratic",400,"sir_collapsed",171,8.908,2755.2490626251,2951.86365946027,3208.34370681943,2946.10219634277,6820.97474806765,2902.74554788875,6655.98240884922,2725.53988942187,309.300523419971,331.372211434696,360.164313742639,330.725437398156,765.7133754005,747.191559143379,0.00253756033776017,0.0023437708521725,1.07088218117631e-06,0.000973039264543698,0.00464674935802054,2.67337083763417e-05,2.02614632404415e-05,2.64795213643929e-09,6.51177674756925e-06,5.04932138529066e-05,-774.581053408872,0.08981802326751,0.0682244668487869,0.99,0.492310065255261
"quadratic",400,"sir_collapsed",172,8.898,3138.55774916004,3289.74276925939,2386.76557065702,3067.73925483021,7082.43639275553,3333.55582986932,6976.32540421646,3035.10334796924,352.726202423021,369.717101512631,268.236184609689,344.767279706699,795.95823699208,784.032974175822,0.00307093700927061,0.00277724772515298,1.88011526155084e-06,0.00100970709013533,0.00582884744241434,3.35470980562593e-05,2.27982768058919e-05,2.35194470161815e-08,6.75312034077934e-06,6.43112283701543e-05,-776.716302176411,0.0949221907506372,0.0747137326496756,1,0.508506791117447
"quadratic",400,"sir_collapsed",173,8.947,2967.55041683077,3277.71841323406,2813.96752459012,2350.8565647231,6982.05920477344,3025.98960849371,6844.50551445307,3030.09536235359,331.681056983432,366.348319351074,314.515203374329,262.753611794244,780.379926765781,765.005645965471,0.00301466800364665,0.00272246499526948,1.84793459935176e-06,0.00107279444207037,0.00558150336288003,3.47876345532673e-05,2.22098858770608e-05,1.48282861503661e-08,7.02631383307063e-06,6.63923787232005e-05,-779.60890959772,0.108524126415094,0.0874193077792083,0.9925,0.506557455607267
"quadratic",400,"sir_collapsed",174,8.929,2586.59587014142,2803.12262110935,2828.81178568663,2420.58192098047,6751.07275856175,2889.28161244681,6695.85573605384,2544.08241858277,289.684832583875,313.934664700342,316.811713034677,271.092162726002,756.083856933784,749.899847245362,0.00271834277319449,0.00247336408872225,1.26374624924203e-06,0.000943622238683699,0.00483966849846724,3.67631838734121e-05,2.28237654602838e-05,1.79118008238828e-08,6.57531051829205e-06,7.39365578279553e-05,-769.148430187866,0.0852080018071285,0.0698765862242674,1,0.495767929056273
"quadratic",400,"sir_collapsed",175,8.948,3284.5236992609,3480.8590160897,2974.06319749045,3018.68819060415,6769.62534600137,3101.19622390184,6748.54275690282,3299.37405225394,367.067914535192,389.009724641227,332.371837001615,337.35898419805,756.55178207436,754.195659019091,0.00279727977221756,0.00254060208040012,1.44376890833296e-06,0.000938421096571349,0.00507651492644056,2.97713885489802e-05,2.22861892765816e-05,5.98505268124302e-09,8.28047012262826e-06,5.6260487351804e-05,-781.263650411605,0.129694334224568,0.107892469479316,0.955,0.499420303427976
"quadratic",400,"sir_collapsed",176,8.974,2629.66011860752,2589.86361839036,2332.67715937421,2442.79477582892,7065.27677199729,2830.88838817541,6794.3737707149,2505.96989439887,293.030991598787,288.59634704595,259.937280964365,272.208020484614,787.305189658712,757.117647728426,0.00353160426892804,0.00319071687918483,2.75802179723553e-06,0.00112434130765048,0.00682599233868753,5.89414996017718e-05,2.58786622733017e-05,4.0448345765152e-07,5.70452544375653e-06,9.16033025489115e-05,-788.627437051402,0.143718769033161,0.110591255562546,0.93,0.529537410940609
"quadratic",400,"sir_collapsed",177,8.903,3245.00969875218,3466.78431603776,2898.18721199704,3432.74615211889,7082.63842898623,3305.52644349335,6911.59820893705,3337.62980371234,364.484971217812,389.395070879227,325.529283611933,385.571846806569,795.533913173787,776.322386716505,0.00321082860908226,0.00291857707787638,2.08409118080843e-06,0.000986728241678513,0.00601690171242193,3.17084092197705e-05,2.31433560585072e-05,6.98663482899919e-09,7.73006338716154e-06,6.6537605926338e-05,-762.565738164134,0.109057451643106,0.0875366886430303,1,0.521164147404829
"quadratic",400,"sir_collapsed",178,8.958,2935.03062643786,2771.37708724028,3107.9204668254,2138.52684405815,6873.39036975699,3205.74356251014,6669.53235760938,2587.87447354894,327.643517128585,309.374535302554,346.943566289953,238.728158524018,767.290731162871,744.533641170952,0.0028420822701659,0.00259385284165994,1.51866319667071e-06,0.000997613894730996,0.0052478544077454,4.97981018766836e-05,2.30846343812538e-05,1.06201828434689e-07,6.38217226512237e-06,7.39053687140378e-05,-791.280124313942,0.085846800393702,0.0723792082024467,1,0.507230645599357
"quadratic",400,"sir_collapsed",179,8.89,3120.14857720632,3316.14452280187,3339.51592327346,2919.12653139509,6782.36273823111,2918.32165595909,6586.40544302197,2919.78900570333,350.972843330295,373.01963136129,375.648585295103,328.360689695736,762.920442995625,740.878002589648,0.00285847263059509,0.00262305979893931,1.50047521527957e-06,0.000835691226738112,0.00516675252019675,3.40373065458762e-05,2.42831097438006e-05,1.4738544471095e-08,6.39152545397917e-06,6.77569384325003e-05,-762.730542107799,0.137137203657792,0.111433932264824,0.9175,0.504432674725506
"quadratic",400,"sir_collapsed",17,8.857,2486.04607130661,2602.92223812609,2689.60326246147,3535.40987847719,6754.72921015586,2695.68112362391,6600.29827862762,2413.75560831883,280.68714816604,293.883057257095,303.669782371172,399.165617983198,762.6430179695,745.206986409351,0.00249713579864898,0.00230098329405038,1.03115000535327e-06,0.000931307154409869,0.00452527613080825,2.5149539508896e-05,2.08875100508229e-05,5.75761223257002e-10,6.61353930169691e-06,4.96057889221871e-05,-768.752953099748,0.0634537509329791,0.0490213718191897,1,0.490252328410404
"quadratic",400,"sir_collapsed",180,8.885,2823.63021677334,2810.70351231802,3161.33120320767,1841.48607898421,6709.4783281928,3005.39369643267,6654.23140213685,2656.87745039171,317.797435765148,316.342544999215,355.805425234403,207.257859199123,755.146688597951,748.928689041852,0.00262204921301115,0.00239348080715504,1.20000100930286e-06,0.000974779889294554,0.00481038194175196,4.69944474977237e-05,2.11708070318108e-05,6.82890093786771e-08,5.57284945321123e-06,7.59206997795371e-05,-795.399431908514,0.0960490689691243,0.0785463723739112,0.9825,0.489352365270403
"quadratic",400,"sir_collapsed",181,9.102,3026.30674389592,3312.4253919549,3299.67353356698,2774.48689508907,6662.77063544397,3197.6460392073,6608.5744726304,2990.46014420659,332.488106338818,363.922807290145,362.521812081628,304.821676015059,732.011715605797,726.057401958954,0.00268264199874253,0.00245400826403807,1.31734562512961e-06,0.00103380759404422,0.00498041665017563,3.37375688472419e-05,2.16551440310662e-05,2.37186813670488e-08,5.77450952406924e-06,6.37416789301719e-05,-757.209657027232,0.082578067530704,0.0659897174091773,1,0.501446094749808
"quadratic",400,"sir_collapsed",182,9.296,2613.30822373371,2763.55631954474,3176.69330317789,2190.4667742223,6712.25280393983,2783.0000304453,6629.56461657326,2628.58067365963,281.121796873248,297.284457782352,341.726904386606,235.635410307907,722.0581759832,713.163147221736,0.00262944539552081,0.00240396650885876,1.2358183351061e-06,0.000844594695630437,0.00473802722846374,3.57889631485712e-05,2.15772269193265e-05,2.28898987152417e-08,5.66984714488192e-06,6.42591188604429e-05,-783.566692500462,0.107049768847479,0.0805161015425966,0.9775,0.493695793068416
"quadratic",400,"sir_collapsed",183,8.882,2840.29497178646,3058.29393104598,2715.90085019175,2163.14965436481,6918.44794802132,3111.54935483892,6767.30023970982,2956.35695809718,319.781014612302,344.32491905494,305.775821908551,243.543082004594,778.929064177136,761.911758580254,0.00308326018369199,0.00278483920039341,1.95371259208765e-06,0.00107695310528428,0.00583286088846823,4.50387221970982e-05,2.29930431123191e-05,2.0072892984534e-07,5.63304143948127e-06,7.4761894559783e-05,-790.937988127073,0.0843949067160826,0.0713081665962332,1,0.508326819958945
"quadratic",400,"sir_collapsed",184,9.044,2784.17222242881,2866.9328664078,2806.56335055124,1743.54745172727,6820.31079427157,2987.56561332176,6560.77084422282,2541.92407156515,307.847437243344,316.998326670478,310.323236460774,192.784990239637,754.125474819943,725.428001351484,0.0030920663694363,0.00279626847070189,1.88653065354799e-06,0.0010129892434162,0.00576958560595521,5.43928397724966e-05,2.36269493531256e-05,1.09493698841395e-07,4.87175996028349e-06,0.000102193447991827,-778.045661851017,0.0862363076968389,0.0670154778443102,0.9975,0.519246809536795
"quadratic",400,"sir_collapsed",185,9.035,3307.32828412109,3672.1935699885,2990.30096262935,2477.08919758057,6893.39097499086,3478.49075179585,6751.44800784714,2967.52390962959,366.05736404218,406.440904259934,330.968562548904,274.165932216997,762.965243496498,747.254898488892,0.00280096152062189,0.00256157793254336,1.59090487121025e-06,0.000947157228791125,0.00522673290832144,3.58256151752327e-05,2.19532752743784e-05,1.51893576485244e-08,6.87627585523911e-06,6.68201200503407e-05,-787.558715584836,0.0807618018535641,0.062962517583893,1,0.503678515336448
"quadratic",400,"sir_collapsed",186,9.263,3327.57722779411,3291.72005454518,2757.56753677769,2273.27264674699,6882.86779231285,3300.88901014273,6746.6797128318,2954.05509530871,359.233210384769,355.362199562256,297.697024374143,245.414298472092,743.049529559846,728.347156734513,0.00310398085128714,0.00279681958038668,2.07507631596332e-06,0.000899075971309984,0.00581468942529847,4.63828153335463e-05,2.37581014416649e-05,1.10713139297904e-07,6.10664457746211e-06,8.0606826020262e-05,-779.097430959098,0.0973902891974529,0.0797571514726583,1,0.513232066279752
"quadratic",400,"sir_collapsed",187,8.921,2698.41275530939,2775.18098458163,2760.77059138629,2771.93565399498,6896.05194956032,2945.67726319986,6773.58807694429,2589.58715996871,302.478730558165,311.084069564133,309.468735723157,310.720284048311,773.013333657698,759.285738924369,0.00314493101901346,0.00285512624736286,1.90384653729175e-06,0.00106117510019273,0.0059321858200589,3.44268352783998e-05,2.48038108074521e-05,8.27734342409746e-09,7.12182724436636e-06,6.54602492914389e-05,-772.180277242474,0.126619651807646,0.0933930708358185,0.955,0.520297893475767
"quadratic",400,"sir_collapsed",188,9.236,3032.54679874644,3030.48455957421,2909.52478512631,2123.41022661545,7072.21969558311,3286.17331115813,6872.36029227329,2963.60130220992,328.339843952625,328.116561235839,315.020007051355,229.905827914189,765.723223861315,744.084050700876,0.00313797389450641,0.00277893788857123,2.19240012799204e-06,0.00107773499143213,0.00604724556464878,4.61049760985449e-05,2.19396162233402e-05,1.74057007182673e-07,6.22202208703396e-06,7.94848326435325e-05,-802.456496410519,0.074404270794989,0.0600823332632283,1,0.512167821418928
"quadratic",400,"sir_collapsed",189,9.27,3424.66478384101,3839.37091141553,2497.25542239025,1757.424073192,7197.58852766964,2754.26869299988,6792.14575561933,2428.55224787826,369.435251762785,414.171619354426,269.391091951484,189.58188491823,776.438891873748,732.701807510176,0.0041387238131736,0.00372600898210347,3.92500321418288e-06,0.00121363833010718,0.00809251072426545,0.000106718793793277,2.57603620868854e-05,1.22121241650057e-06,6.28969849864845e-06,0.000135592049488671,-792.939941076614,0.0924826353710208,0.0755154845267478,1,0.541565839506316
"quadratic",400,"sir_collapsed",18,8.937,2972.36717327578,3302.33009853218,2804.71371411016,2422.58706391171,6951.00014206541,3285.77063649984,6737.15281308639,3148.75594721386,332.591157354345,369.512151564527,313.83167887548,271.073857436692,777.777793674098,753.849481155465,0.00319248609722254,0.00287041489524423,2.23241130879766e-06,0.00104528528996642,0.00620595018996589,4.46178561517478e-05,2.35170968685052e-05,6.81650678277739e-08,5.12609203887339e-06,7.89935940447436e-05,-795.073083768189,0.112339825700702,0.0971899366127378,0.9875,0.511370930161542
"quadratic",400,"sir_collapsed",190,8.927,3359.80624778617,3232.67132986812,2317.61818895864,2622.3428154575,6849.81338402109,3085.5087440943,6660.7544887716,2887.66624612487,376.364539911075,362.122922579603,259.618930095064,293.754096052145,767.314146300111,746.135822647205,0.00275804490723879,0.00252768939379459,1.37717121928009e-06,0.00099919020088643,0.00503148844263585,3.16231785769771e-05,2.20950637518705e-05,7.52234477573725e-09,7.09357867129912e-06,5.98793964874209e-05,-764.251951422342,0.104666054869493,0.0790543733436878,0.99,0.499172914023333
"quadratic",400,"sir_collapsed",191,9.151,3235.24890073216,3616.88856798274,2435.12830119806,2134.24954517963,7146.42506283359,3525.61342300717,6977.50153822792,3356.18740089809,353.54047653067,395.245171891896,266.105158037161,233.225827251626,780.944712362975,762.485142413716,0.00369786219184484,0.00329733125132371,3.31902142363461e-06,0.00100955627294025,0.00741772932106463,5.26623774901664e-05,2.39679731794538e-05,1.46481279693671e-07,5.58456193964635e-06,9.39408593913897e-05,-801.512466289094,0.0995780844719197,0.0802480918569429,1,0.525882297526459
"quadratic",400,"sir_collapsed",192,9.027,2865.55619192793,3066.01979705241,2323.91054835903,2599.7108347038,7043.69481504344,3143.58088653144,6901.88122653231,2903.7696932006,317.442804024364,339.649916589389,257.43996326122,287.992781068328,780.291881582302,764.581945998926,0.0029816844755017,0.00271678668296067,1.70753149353356e-06,0.000993918262291639,0.00554918599189254,3.67892691430031e-05,2.15307284250384e-05,4.1088131401041e-08,6.31499406066805e-06,6.46782647845268e-05,-789.364796656082,0.0902032848216549,0.0698329798994463,0.9925,0.501960543806557
"quadratic",400,"sir_collapsed",193,8.915,2892.25253364525,3219.8779794486,2609.33999207258,2526.55333944909,6823.28946839218,3134.34871695305,6716.30979316497,3047.10913505469,324.425410392063,361.175320184925,292.690969385595,283.404749237138,765.371785573997,753.371822003922,0.00299418455749766,0.002751932959649,1.62000772225749e-06,0.000961400116252357,0.00544334712127946,3.74559459347053e-05,2.45240024534743e-05,1.50245542194548e-08,7.48271936904656e-06,7.53116239344598e-05,-782.193968621147,0.0871675428075654,0.0731405643906672,1,0.507891426248834
"quadratic",400,"sir_collapsed",194,8.952,3367.05084971187,3199.32186410648,2795.90225055294,3988.06814541071,7109.93818549895,2983.97799942923,6829.91698748819,3244.13139114617,376.122749074158,357.386267214754,312.32152039242,445.494654313082,794.229019827854,762.9487251439,0.00289727074092248,0.00263495211073742,1.58296077250029e-06,0.00114806398544317,0.00545366638689026,2.59344644026344e-05,2.18882146386259e-05,4.81584086856228e-10,8.10311168664084e-06,5.20333665858102e-05,-776.923721341137,0.141198078392498,0.112872565424027,0.98,0.503234007980899
"quadratic",400,"sir_collapsed",195,9.108,3748.07985565773,4008.01903749543,2575.46592930967,2961.48341764189,7482.97899727206,4080.09065175353,7366.12449988731,3613.16476867796,411.515135667295,440.054791117196,282.769645290916,325.151890386681,821.583113446647,808.753238898475,0.00475410713925244,0.0042350104715351,5.73541329329666e-06,0.00123011757231581,0.00933536584247189,5.31245558795205e-05,2.58553594656583e-05,1.16158543695094e-07,5.22354586121949e-06,9.56970567543299e-05,-777.680069204243,0.123353335739216,0.0977663464248966,0.995,0.563708171684518
"quadratic",400,"sir_collapsed",196,8.927,2910.43230299893,2884.08462129135,3357.97766412028,2116.04233745819,6836.05806168319,3214.60645269614,6614.5301812538,2771.88101967862,326.025798476412,323.074338668237,376.159702489109,237.038460564377,765.773279005623,740.957788871266,0.00285844595103829,0.0026088574723326,1.51774358953107e-06,0.000984444616428486,0.00514897844555122,3.51773788480248e-05,2.28446083539508e-05,1.3011596521483e-08,7.52035928326813e-06,7.09625163819436e-05,-784.239129682378,0.0870796381647559,0.0699368162381197,0.9975,0.504455605334099
"quadratic",400,"sir_collapsed",197,8.904,3197.46318694583,3126.07865381983,2453.23702861884,2713.24931116716,7121.91168502637,3642.14250412523,6915.4782270414,3017.97856526644,359.104131507843,351.087000653619,275.520780392951,304.722519223626,799.855310537553,776.67095991031,0.00358432491092585,0.00318138300832958,3.09426190967649e-06,0.00113578606962219,0.00726456562744254,4.06495853820161e-05,2.4425041944492e-05,7.33967749338583e-08,6.66524469070802e-06,7.35526811725886e-05,-793.727953944767,0.100888547969103,0.0816399147645143,1,0.531904017956319
"quadratic",400,"sir_collapsed",198,9.296,3225.04681387672,3314.75409853923,2568.52182028409,4032.8078491049,7020.84394766525,3407.56700551726,6934.27749493397,3183.9339439054,346.928443833554,356.578538999487,276.303982388564,433.821842631767,755.254297296176,745.942071313895,0.00290474825315743,0.00267016243537839,1.51599260958542e-06,0.000944125565170437,0.00524525903298561,2.71361625870335e-05,2.30248044411412e-05,5.55679452918052e-10,7.70305582020032e-06,5.38732537210659e-05,-785.626757290579,0.116474937992695,0.0935817326059078,1,0.495524263357605
"quadratic",400,"sir_collapsed",199,9.159,3004.43025931704,3216.31069820958,2831.75386818994,2566.92079346494,6977.57680752941,3148.60318118934,6850.46888062939,2987.33390238777,328.030380971399,351.163958752002,309.177188360076,280.262123972589,761.827361887696,747.949435596615,0.00330098783308728,0.00299115514034774,2.26434183842392e-06,0.00107591175235115,0.00632085190740449,3.93683426133414e-05,2.39822305293814e-05,3.93308080707113e-08,5.89789108674918e-06,7.25271006386342e-05,-793.691087067297,0.116800614215856,0.0876721712818359,0.9325,0.523274782942475
"quadratic",400,"sir_collapsed",19,8.907,3222.11765466311,3348.46452718711,2577.25683841738,2157.23562862406,7153.41549613871,3214.62423937147,6904.19333533675,2965.45510430669,361.751168144505,375.936289119469,289.351839948061,242.195534818015,803.122880446694,775.142397590294,0.00357089071632882,0.00319648213435251,2.69587896932514e-06,0.00112947206613563,0.00677167153798667,4.91919946426101e-05,2.45830705182208e-05,1.72794595222023e-07,7.55907728391843e-06,8.84683255754041e-05,-782.112361070266,0.106746264865654,0.0868284767719218,0.99,0.522769804245406
"quadratic",400,"sir_collapsed",1,8.939,2908.20628132992,3238.87981081453,2588.49009950612,2981.6370009225,7314.10380151451,3137.17116714042,7064.25489549317,3075.74407346877,325.339107431471,362.331335811,289.572670265815,333.553753319443,818.223940207463,790.273508836914,0.00412478004063893,0.00368659163792054,4.05919091348658e-06,0.00134161631250346,0.00826581323500983,4.30616755337554e-05,2.61978457758131e-05,3.75068681419131e-08,7.77705549620959e-06,8.33016409640149e-05,-795.348030503716,0.0985060470331156,0.0819650524816548,1,0.543207585608898
"quadratic",400,"sir_collapsed",200,9.07,2499.62462562066,3045.87080803661,3378.00062747785,2308.45842624232,6723.24652856745,2668.73262166744,6603.25223937578,2884.91891173703,275.592571733259,335.818170676583,372.436673371317,254.515813257147,741.262020790237,728.032220438344,0.00271726028311944,0.00247538305355044,1.45224473888858e-06,0.00097800665196573,0.00505313726487547,3.77988720071485e-05,2.28217580241403e-05,5.30935971519598e-08,8.02204254494432e-06,7.14069749590335e-05,-779.828929090608,0.0786297842118345,0.062118476574676,1,0.499561167020301
"quadratic",400,"sir_collapsed",20,8.888,2910.88017373965,3115.48850017616,3565.7079724421,2350.73894528035,6722.13572740311,3130.56971133239,6591.73998031826,3005.77112541418,327.506770222733,350.52750902072,401.182265126248,264.48457980202,756.315900922942,741.644912277031,0.00263288660383984,0.00240627749566523,1.24034560952587e-06,0.000890411822576955,0.00474222878772886,3.71880644826215e-05,2.2155281305704e-05,1.6223393649602e-08,5.16900883220234e-06,7.18877197766069e-05,-780.895363633594,0.0698257889616637,0.056705341805271,1,0.494908196406234
"quadratic",400,"sir_collapsed",21,9.023,2918.9144429201,3227.02133963454,2457.22636264366,2182.94591381517,7038.07062628453,3224.02804132282,6757.70345435613,3192.51308840512,323.497112148964,357.643947648736,272.329199007388,241.931277160054,780.014477034748,748.941976543958,0.00345633970988075,0.00308533800968921,2.77721531129596e-06,0.000979490872267824,0.00669819934079735,5.51959541187706e-05,2.30200888994054e-05,9.00581195334596e-08,4.05723484011567e-06,0.000110552254530176,-802.837584484202,0.0784904940863123,0.0667239953960645,1,0.525902848536652
"quadratic",400,"sir_collapsed",22,9.178,3307.23701479396,3700.04279350814,2576.37003617549,3208.50713851223,7196.68110583998,3609.49745344977,7157.69109211908,3372.15098193302,360.343976334056,403.142601166719,280.711487924982,349.586744226653,784.123023081279,779.874819363595,0.00368179610558377,0.00327328291641475,3.23709611384149e-06,0.00107001724035505,0.00728451228078552,3.67087514023777e-05,2.37289325530994e-05,4.68721630468151e-08,8.31844148414612e-06,7.02474110825533e-05,-783.772260547148,0.114552045679833,0.0814270809741039,0.9675,0.531690817290637
"quadratic",400,"sir_collapsed",23,8.957,3431.73939418407,3679.25817314238,2867.06617586849,2330.99051705529,7102.41311730298,3649.55463515653,7028.62698433515,3490.94447096783,383.134910593287,410.769026810582,320.092238011442,260.242326343116,792.945530568603,784.707712887702,0.00326978602718735,0.00292581930463691,2.32965381189194e-06,0.00108418389200452,0.00648172250376533,4.43096772493043e-05,2.22897350594727e-05,1.51177594699835e-07,5.44140449738126e-06,7.77385310432575e-05,-793.878370162946,0.0906135169222203,0.0714822348195659,0.9875,0.51370488423202
"quadratic",400,"sir_collapsed",24,9.245,2878.13164469396,3170.08434545169,3028.98417878699,2494.09411088537,6803.09609227274,3112.75020563644,6618.50000131625,2958.58898167838,311.317646803024,342.897170952048,327.634848976419,269.777621512749,735.867614091156,715.900486891968,0.00276980243139492,0.00251360042423291,1.44341580532127e-06,0.00100790882060483,0.00517755173095289,3.75622201058793e-05,2.23344966225978e-05,1.87317042542855e-08,5.77683154994791e-06,7.29059087746223e-05,-778.260820674198,0.0759561844459332,0.058112840906508,1,0.500762373914191
"quadratic",400,"sir_collapsed",25,9.048,2933.8391991035,3200.1212334148,2944.08822417306,3079.0331753715,7102.40149097633,3181.93630477623,6907.31312587812,3061.50262053508,324.252785046806,353.682718105084,325.385524333892,340.299864652023,784.969218719754,763.407728324284,0.00299470564049353,0.00269591216785011,1.85244929439329e-06,0.00104121390356987,0.00567371526242646,3.19118164508011e-05,2.15346429800123e-05,9.85707740282192e-09,6.68599371988052e-06,6.2620030779222e-05,-779.422012350007,0.135023210410376,0.109937898449463,0.9575,0.508191897025916
"quadratic",400,"sir_collapsed",26,8.971,2595.5190908494,3206.90485009526,3233.03024642405,2443.61902433841,6731.22157012364,2807.18220805572,6607.88322207807,2855.87091703772,289.323273977193,357.474623798379,360.38682938625,272.390929031146,750.331241792848,736.582679977491,0.0028809333468641,0.00261935171660873,1.62428324202772e-06,0.00090533194308437,0.00536528389877501,3.84036780338403e-05,2.29310511420303e-05,3.27143613924176e-08,7.4087110869549e-06,7.35396472834813e-05,-764.893458776352,0.133088215339751,0.10706407962832,0.98,0.511362351136543
"quadratic",400,"sir_collapsed",27,9.103,2821.36711624021,3212.04658302695,3218.68235941105,2309.15966197859,6850.0246679819,3052.06695520082,6712.91839925127,2875.56485324676,309.938165026938,352.855825884538,353.584791762172,253.670181476282,752.50188596967,737.44022841385,0.00296180227206888,0.00268064330691181,1.77199706900964e-06,0.00104785818556178,0.00562003511805076,3.72026386115364e-05,2.24617783942219e-05,1.67263347919646e-08,5.58913241473319e-06,7.3993680870252e-05,-792.232324870742,0.0892174748242729,0.0718022777521077,1,0.514596339798297
"quadratic",400,"sir_collapsed",28,9.104,3495.9752711515,3914.35172313251,3043.2252839124,2427.10380278385,6903.85397320412,3239.72800000504,6693.37088832785,3296.43857836784,384.00431361506,429.95954779575,334.273427494771,266.597517880476,758.331939060206,735.212092303147,0.00316182229259993,0.00284964821031355,2.01582515367181e-06,0.00104006978154246,0.00600094174466883,4.68107384586206e-05,2.42147472976044e-05,1.18321082709925e-07,5.95429560266444e-06,8.1153059877465e-05,-781.629393590069,0.106414299981296,0.077060059149368,0.9775,0.515588990192121
"quadratic",400,"sir_collapsed",29,8.936,3128.00097878341,3260.98547454557,2968.47130112889,2390.32514790276,6681.23487687532,3370.7960274408,6516.91341378018,3073.79987808224,350.044872289997,364.926754089702,332.192401648265,267.493861672197,747.676239578707,729.287535114165,0.00291131433487126,0.00262219208987391,1.72294334894592e-06,0.00101356734921122,0.00555032632434511,4.04567476846956e-05,2.32012206631123e-05,3.20146602399444e-08,6.94088531723219e-06,7.94292355052505e-05,-776.5901586574,0.0925059261944861,0.0723451579825169,1,0.510561512817209
"quadratic",400,"sir_collapsed",2,8.911,3195.95551754837,3124.91276259981,2650.86269461795,2526.51616250674,6972.3950992742,3514.46252601837,6817.5944807254,2990.47511645141,358.652846767856,350.680368376143,297.482066504091,283.527792897176,782.448108997217,765.076251904993,0.00308286063649424,0.00278610920604577,1.96340049142913e-06,0.000938176921424781,0.00581445458800986,3.49037118722753e-05,2.26815533941518e-05,1.41089674774854e-08,5.57541457051454e-06,6.7904064743895e-05,-797.996651515544,0.103893654807126,0.0804416880546217,0.985,0.504644545338035
"quadratic",400,"sir_collapsed",30,9.229,3223.73528842912,3514.31722985733,3018.87130049781,2135.3230114759,6852.32147764689,3394.18770521041,6618.85713225845,3084.18864089454,349.304939693263,380.79068478246,327.107086412159,231.371005685979,742.477134862595,717.180315555147,0.00283742462097166,0.00257021941603916,1.6289447792426e-06,0.000981401210842004,0.00543048645689529,4.40198425618463e-05,2.33277647804622e-05,6.58534030826255e-08,5.785403771895e-06,8.12619473953342e-05,-792.295478552479,0.090827949406252,0.0720997890658479,0.99,0.497679245000993
"quadratic",400,"sir_collapsed",31,9.205,3352.76196350481,3433.99788440508,2857.434813624,2236.76312244306,7195.80851334655,3567.24241703719,6962.51382615356,3146.12643183122,364.232695655059,373.057890755576,310.422032984682,242.994364198051,781.728246968664,756.383902895553,0.00324087604307043,0.00293766092008437,2.17626993341704e-06,0.000979397375468671,0.00609406012599652,6.39071079399305e-05,2.25721227349641e-05,2.5584645292745e-06,5.58195315587703e-06,7.33560464913419e-05,-805.159546933106,0.103403743116976,0.0770494756776239,0.9525,0.509339836631506
"quadratic",400,"sir_collapsed",32,9.296,3268.06768381971,3568.24366169382,2790.43357382776,2110.27190769119,6929.85012478526,3242.55658661123,6815.94512216294,3323.20543213639,351.556334317955,383.847209734706,300.175728681988,227.00859592203,745.465805161925,733.212685258492,0.00289733730322859,0.00263012157676615,1.64751380776654e-06,0.000929397971638315,0.00541912456521812,5.42915505793024e-05,2.22933181613105e-05,3.32230576506433e-07,4.0926361735727e-06,8.53713569321274e-05,-815.891197307852,0.0730437920406897,0.0564527602115324,1,0.505638653809193
"quadratic",400,"sir_collapsed",33,9.306,3256.06882305151,3379.038937509,1703.54155189908,2273.63595972596,7185.95815266901,3328.14777913747,6855.2294139803,3273.69152251112,349.8891922471,363.103259994519,183.058408757691,244.319359523529,772.185488144101,736.646186759113,0.0039566795620462,0.00350100241580858,3.88167600744345e-06,0.000982866010755714,0.00771507214150653,4.15844553977466e-05,2.55364479515259e-05,2.26239446880226e-08,5.09435400461705e-06,8.32321754338886e-05,-798.131922836213,0.130614988353687,0.097658569157428,0.9475,0.540176528418157
"quadratic",400,"sir_collapsed",34,8.962,2830.58046232397,3000.09180202357,2873.9845103259,2134.95877793063,6774.4761083117,3033.42541962065,6591.15072876029,2578.79663138691,315.842497469758,334.756951799104,320.685618201953,238.223474439928,755.91119262572,735.455336840023,0.00282520517574364,0.00257986036001172,1.44899497908278e-06,0.000988854374123182,0.00526713851520983,4.08078005351785e-05,2.27482326492876e-05,3.23786455936597e-08,6.59480206303977e-06,7.63524315072547e-05,-794.727951511998,0.10767191153585,0.0806238656003524,0.955,0.496100054012531
"quadratic",400,"sir_collapsed",35,9.1,3733.61757638954,3923.46948170412,2863.72559369407,2816.79681234719,6889.28872707611,3101.66321537699,6713.17541070932,3135.46861062267,410.287645757092,431.150492494958,314.695120186161,309.538111246944,757.064695283089,737.71158359443,0.00292933864072106,0.00265674265804768,1.75943648783611e-06,0.00104386985683678,0.005545145870458,3.08344283485121e-05,2.20539186619351e-05,4.37308276065237e-09,7.02772707690751e-06,6.26638431726293e-05,-768.739038343228,0.106387230137535,0.0864095837617917,0.9975,0.515195302028163
"quadratic",400,"sir_collapsed",36,9.112,3291.50456089469,3326.9377855009,2959.87049201439,2360.68975631937,7065.48723230667,3031.66882695249,6780.62934315807,2967.65601117278,361.227454005123,365.116087083067,324.832143548551,259.074819613627,775.404656750073,744.142816413309,0.00322029936883759,0.00290695796107824,2.1395454191009e-06,0.00106559343878063,0.00602171569624676,3.76824360827786e-05,2.30297974481149e-05,2.25622450659659e-08,7.7864597115302e-06,7.53536187450418e-05,-793.271956734687,0.129406313140237,0.111396692473253,0.9875,0.512569432233983
"quadratic",400,"sir_collapsed",37,9.403,2856.31214419491,3185.98722757229,2673.15475353209,3229.08522617024,7063.90162400867,3123.97834832075,6831.26932192585,2982.81657036637,303.766047452399,338.826675270902,284.287435236849,343.410105941746,751.239138999115,726.49891757161,0.00312128265089346,0.00282008613756263,2.0145914602663e-06,0.00102749551624735,0.0058323451652156,3.16242260095437e-05,2.23571874906477e-05,1.29624930215163e-08,6.93439031981203e-06,5.87546824412958e-05,-774.107784644276,0.112493391995887,0.0868954513775617,0.97,0.51332714878192
"quadratic",400,"sir_collapsed",38,8.949,3159.81322012131,3478.78251237093,3015.1439099567,3354.51863004856,7303.65590954201,3361.78476074674,7108.53680602975,3180.48170715674,353.091207969752,388.734217495914,336.925232982088,374.848433349934,816.142128678289,794.338675386048,0.00333697319870596,0.00303736874013703,2.30269508374024e-06,0.00104863583014853,0.00622955458409617,2.91544501976842e-05,2.1764752704618e-05,2.33060770291094e-09,6.44814941831164e-06,5.67265249234773e-05,-786.800770906652,0.140158933602903,0.122033450627727,0.985,0.516059500500232
"quadratic",400,"sir_collapsed",39,9.006,3506.99472175472,3553.77602431557,2800.00091044165,2563.96944193889,7031.13239685744,3392.19464219072,6832.17703812977,3155.86466595031,389.406475877717,394.600935411456,310.903942975977,284.69569641782,780.716455347262,758.625031993091,0.00350617649809538,0.00315523581037112,2.63908192066247e-06,0.00110387652535552,0.00677560071715554,4.558573777311e-05,2.48867201819574e-05,3.984890497981e-08,6.35826771977489e-06,9.18330820528452e-05,-776.634394929036,0.105503249721587,0.0883982718340745,1,0.526024443534178
"quadratic",400,"sir_collapsed",3,8.947,3452.36571798271,3519.09970207743,2345.28149712426,2422.76268238754,7292.48171463377,3615.23000306736,7021.49773207034,3399.42470807264,385.86852777274,393.327339004966,262.130490345844,270.790508817206,815.075635926431,784.78794367613,0.00377286609424411,0.00338132283108303,3.28887060969277e-06,0.00110516129855031,0.00740784182039356,4.06324159033542e-05,2.42282843280483e-05,2.62906035561112e-08,7.7360064627685e-06,7.92901806851048e-05,-814.91959071676,0.10186861625638,0.0811186761796781,0.9925,0.528945115314685
"quadratic",400,"sir_collapsed",40,8.937,2893.76335155764,2802.57806016157,2322.19481252188,2140.19801949833,6834.39928647755,2880.54696235718,6703.41111607732,2560.10800930926,323.795832108945,313.592711218705,259.840529542563,239.476112733393,764.730814196884,750.073975168102,0.00293282550249679,0.00266007050178995,1.64006718637815e-06,0.000926614540979559,0.00544984147058772,3.56228943532624e-05,2.22658973594771e-05,3.54910924101279e-08,6.90782470730097e-06,6.63548010057339e-05,-784.243016275815,0.0928566893207259,0.0700290779845171,0.9825,0.502682101165641
"quadratic",400,"sir_collapsed",41,8.9,3073.96774908385,3673.91692368473,3063.36082985895,2376.754570807,7034.12540746381,3240.93189142046,6862.97212186183,3239.74751765127,345.389634728522,412.799654346599,344.197846051567,267.051075371573,790.351169377957,771.120463130543,0.0030845244800179,0.0027949415727385,1.85272469522183e-06,0.00100607814563929,0.00578756821650473,4.49908866234036e-05,2.26276066357428e-05,8.89706040277002e-08,5.9079006747405e-06,7.59056708894455e-05,-801.225239403023,0.09383027317387,0.0768047124038949,0.9975,0.506339213255539
"quadratic",400,"sir_collapsed",42,8.93,2788.23065869547,2888.19085245609,2792.78575563462,2399.6663867454,6966.76684981256,3039.23117780291,6613.93735487936,2713.64817607429,312.231876673625,323.425627374702,312.741965916531,268.719640173057,780.153062688977,740.642480949536,0.00283428940290895,0.00259495088938452,1.48871814474477e-06,0.000966580857132487,0.00515063651133384,3.47024283996554e-05,2.28004308728213e-05,5.36284339168865e-08,7.07349735898707e-06,6.47344598308823e-05,-786.390619104451,0.120450356380921,0.0966771624724557,0.96,0.494362231732834
"quadratic",400,"sir_collapsed",43,9.088,3097.46885917148,3111.99257374316,2669.14039675742,3776.66742402033,6894.94916477134,3356.0535471762,6791.52145673235,2881.27902487382,340.830640313764,342.428760315049,293.699427460103,415.566397889561,758.687188025015,747.30649832002,0.00266711732126456,0.00242739270597997,1.28921759144814e-06,0.000969144261139044,0.00490065097493798,2.50806510558578e-05,2.06681124043489e-05,5.16475096796009e-10,7.64361872066686e-06,4.80976950307924e-05,-785.800729633992,0.0982443691734833,0.0798583432333246,0.995,0.492092928739342
"quadratic",400,"sir_collapsed",44,9.009,2614.08861501356,2527.31641221765,2565.71807981791,2163.35064746443,6790.67375540876,2886.21406803314,6567.61583994711,2428.82023229679,290.164126430632,280.532402288561,284.794991654779,240.132162000713,753.765540615913,729.006087240216,0.00290000765525131,0.00263449205445833,1.73753975085665e-06,0.00104422695049441,0.00540497183134969,4.03181073378505e-05,2.43500946926389e-05,3.43148199663452e-08,6.51467054720722e-06,7.57279009194414e-05,-774.873709518918,0.105483510594139,0.0800605929206741,0.9675,0.507830567982571
"quadratic",400,"sir_collapsed",45,9.189,2741.19446451192,2982.30364336704,2355.78181438021,2374.51915269077,6961.96115709767,2978.09957896664,6693.49391998186,2743.65973217646,298.312598162142,324.551490191211,256.369769766047,258.408875034364,757.640783229695,728.42462944628,0.00299518500322564,0.0027232845118813,1.67529828732069e-06,0.00109129437684091,0.00558296248668119,3.53151198144476e-05,2.34402136733842e-05,1.07690809893272e-08,7.16171366481545e-06,7.08562522904819e-05,-774.927011581198,0.0986335399496373,0.0733603669153575,0.9375,0.502574692333916
"quadratic",400,"sir_collapsed",46,8.98,2854.970542412,3100.710984143,2397.45827492786,2491.14781622463,6957.67163059915,3100.87536157507,6850.73479137825,3128.46515364956,317.925450157238,345.290755472495,266.977536183504,277.410669958199,774.79639538966,762.888061400696,0.00312299254304516,0.0027853429099467,2.21858600753114e-06,0.000994289289100143,0.00614557980519132,4.39915060579134e-05,2.38414882287829e-05,1.30832108013692e-07,5.58125394832539e-06,7.21620924436905e-05,-804.10201220458,0.0881359186820077,0.0636966836847809,1,0.510084648784628
"quadratic",400,"sir_collapsed",47,9.165,2968.8748317864,3192.40744519142,2884.288933351,2179.54905262635,6839.35459592381,3170.39460475085,6677.3082472805,2855.20663085066,323.936151858854,348.325962377678,314.706921260338,237.812226145811,746.247091753826,728.566093538516,0.00271388864324659,0.00248823081995699,1.31984659948e-06,0.000995400991564182,0.00493166892279229,4.65377055940202e-05,2.18307657492869e-05,1.80473338798755e-07,5.4616004130354e-06,7.55169192360868e-05,-793.285214638538,0.0804419881998922,0.0596022002162554,1,0.49465941255766
"quadratic",400,"sir_collapsed",48,8.987,2711.06642535121,2679.27529699737,3091.95146577833,2051.06332924675,6694.01760803999,2887.94619899412,6559.24083727136,2568.54626424613,301.66534164362,298.127884388269,344.047119815103,228.225584649688,744.855636813173,729.858777931608,0.0026973485046328,0.00245210539509393,1.37056958940945e-06,0.000890598185747699,0.0050216172065532,3.5353460484136e-05,2.17275867370449e-05,1.67344019392778e-08,5.7118486896324e-06,7.2140024101711e-05,-798.871971967217,0.0708585207602518,0.0591398670385204,1,0.501366412860226
"quadratic",400,"sir_collapsed",49,9.004,2418.38221240489,2674.70361554842,2789.41506908425,2892.32432082137,6911.68768708673,2616.6837669237,6710.11461152053,2367.40609789063,268.589761484328,297.057265165307,309.797319978259,321.226601601662,767.624132284177,745.237073691752,0.0031401625346904,0.00287191889710239,1.90726199386184e-06,0.000953224495000745,0.00576876908752128,3.61090932797652e-05,2.57310321704333e-05,4.70531523801237e-08,6.82868302141651e-06,6.36536967601709e-05,-778.947938430552,0.13326107331698,0.109981872587801,0.9825,0.514505592806093
"quadratic",400,"sir_collapsed",4,8.917,3059.2455962526,3331.13811204514,2646.80737448203,3662.12107902824,7108.11612493602,3304.55041940014,6975.30410036868,3058.61844544622,343.080138639969,373.571617365161,296.827113881578,410.68981485121,797.14210215723,782.247852458078,0.00325794001550947,0.00295897226520215,2.14901968583035e-06,0.0010327540082388,0.00616595554608945,2.69010183746993e-05,2.31160207348265e-05,3.55570187942572e-10,8.94914425556294e-06,5.35278747995605e-05,-787.942357534007,0.0930448789106678,0.0697619517197665,1,0.518851869096229
"quadratic",400,"sir_collapsed",50,8.994,2809.00057324186,2977.6187692436,2741.49037165015,2958.11253755011,6878.59454896156,2997.86337211178,6740.90677284673,2889.34090290041,312.319387729804,331.067241410229,304.813250127879,328.89843646321,764.798148650385,749.489300961388,0.00298958445857956,0.00271974483961578,1.78695166686543e-06,0.00101454171836286,0.00569552673876553,3.35950021206588e-05,2.40468499357711e-05,6.90743119647944e-09,7.89822537819793e-06,6.68815889250956e-05,-771.863471425994,0.124080974830563,0.0930498397521361,0.95,0.513670098502966
"quadratic",400,"sir_collapsed",51,8.924,3017.61785832733,3158.60110336804,2626.9338579853,2096.26453432519,7270.12330049917,3256.74090900117,6981.13078802032,2925.72310715184,338.14633105416,353.94454318333,294.36730815613,234.901897616,814.670921167545,782.287179294075,0.00355842165315755,0.0031742905183416,2.95729292555513e-06,0.000930030159590341,0.00690725200077382,5.14129290471117e-05,2.34769206306964e-05,1.36197783382422e-07,4.69295030099584e-06,8.82329198130653e-05,-797.452452554137,0.110597858891302,0.0862705981156358,0.965,0.525439191126049
"quadratic",400,"sir_collapsed",52,8.969,2674.04297531278,2905.9166207436,2944.26132370338,2309.75662019323,6936.08465548864,2861.27643011354,6558.80867750503,2774.67241469742,298.142822534595,323.995609403902,328.270857810612,257.526660741803,773.339798805735,731.275357063778,0.00304810626296528,0.00278776474029721,1.75759773742673e-06,0.00101486531377108,0.00568683357689305,4.19214928560248e-05,2.38124600510614e-05,5.26225908349848e-08,6.28320001403844e-06,7.32958198710287e-05,-783.513211381451,0.138803773967518,0.111431948317549,0.9275,0.517712202066207
"quadratic",400,"sir_collapsed",53,8.905,3625.94219654893,3857.50163012668,2344.89166698435,2397.33012835301,7180.19284466166,3818.9662752071,6973.98112928692,3495.38527378681,407.180482487247,433.183787773911,263.323039526598,269.211693245706,806.310257682387,783.153411486459,0.00375349659666914,0.00337192194706145,3.04209153289659e-06,0.00119564147929646,0.00716511922782748,4.09546404086828e-05,2.4914935855468e-05,2.080360665515e-08,6.55133131171277e-06,7.99558800013094e-05,-784.832424590868,0.105496663529415,0.0839848650367438,0.985,0.536563573452239
"quadratic",400,"sir_collapsed",54,9.241,2928.83495529648,3461.64716330554,3037.00556731621,2869.88933217778,7019.90114634521,3296.04424183074,6907.22415396351,3089.3768329244,316.939179233468,374.596598128508,328.644688596062,310.560473128209,759.647348376281,747.454188287362,0.00304915264878923,0.00278054425109788,1.62839048660608e-06,0.00102289677740937,0.00550693470170988,3.5261123411167e-05,2.3455874424618e-05,2.418212163288e-08,6.52728553343352e-06,6.84497747299596e-05,-783.888791660189,0.0935582504546057,0.0776385025235454,0.99,0.504343433852324
"quadratic",400,"sir_collapsed",55,8.93,3148.90714978079,3191.4263247903,1969.39265350751,2686.49722963714,6799.08923295214,3350.50112317423,6592.57075302039,3059.78964615448,352.621181386427,357.382567165767,220.53669132223,300.839555390497,761.376173902815,738.249804369584,0.00297658853242737,0.00271633128260434,1.70480754601403e-06,0.00103834520446715,0.00555487862611415,3.17882534843848e-05,2.38947479167163e-05,4.11278060602559e-09,8.02106267422874e-06,6.25103642037504e-05,-772.008002125699,0.11890753189639,0.0998010147291366,0.9625,0.503105729737123
"quadratic",400,"sir_collapsed",56,9.161,3252.97953203526,3529.5169206847,2725.34046987965,2704.36362600792,7031.97631129168,3421.42043236069,6855.10426033433,3017.90304239903,355.090004588502,385.276380382567,297.493774683948,295.203976204336,767.599204376343,748.292136266164,0.00323655872729575,0.00289797484535193,2.34125816151406e-06,0.000965540074724367,0.00625367467014983,3.78048321139762e-05,2.34858224654296e-05,1.54477601270142e-08,6.32502455532217e-06,7.73023942930001e-05,-790.860048159083,0.09761178108647,0.08093660383134,1,0.514931227061089
"quadratic",400,"sir_collapsed",57,9.129,2953.83399870345,3118.33763683712,2884.24902057583,2128.7593007894,6906.16030029096,3201.01226341555,6752.06985330457,2832.97026839308,323.5659983244,341.585895151398,315.943588626994,233.186471770117,756.507865077332,739.628639862479,0.00301974170942203,0.00270937461257583,1.98117974359426e-06,0.000992515678743763,0.0057473978647925,5.19469393834107e-05,2.28879551736589e-05,1.30307960965994e-07,5.50074964407104e-06,7.86767241890959e-05,-790.19803227933,0.0890371927099514,0.0724749462641626,0.9975,0.504428601862844
"quadratic",400,"sir_collapsed",58,9.033,3321.28036799999,3433.8948993298,3025.06492206523,2627.66918716666,6918.6043197253,3560.96609748054,6693.11494849835,3384.99174839459,367.682981069411,380.149994390545,334.890393232064,290.896622070924,765.925420095793,740.962575943579,0.00339973619291267,0.00308753671968651,2.43166583983873e-06,0.00106930787481842,0.00656929364194798,4.84574028112772e-05,2.47339816362663e-05,1.90146133869804e-07,6.63571974863368e-06,8.41948133017116e-05,-774.031180913206,0.124664166261044,0.106261849152013,1,0.534046091051809
"quadratic",400,"sir_collapsed",59,8.977,3095.06021420086,3793.03059779014,2072.71013325081,2612.18327599728,7314.6806483025,3297.18759958258,7014.50846175299,2958.94891136122,344.776675303649,422.527637049141,230.891181157493,290.986217667069,814.824623850117,781.386706221788,0.00395411450072853,0.0035191745956233,3.7121960153555e-06,0.00130436363728338,0.00796591387230628,3.8421558489411e-05,2.42300264145998e-05,4.32605470892285e-08,6.78080582545137e-06,7.29748842283994e-05,-794.734215527963,0.104852440744008,0.0776533060561981,0.985,0.541747199127643
"quadratic",400,"sir_collapsed",5,8.938,3212.41259619804,3622.72144815066,2633.6667079,2304.88065554788,6954.18762356907,3484.27662703968,6853.49617286371,3411.31608481423,359.410673103384,405.3167876651,294.659510841352,257.874318141405,778.047395789781,766.781849727423,0.0029675855406298,0.00268012310322518,1.8310437233106e-06,0.00103296424551003,0.00567159977582617,3.52955251261372e-05,2.17096437640113e-05,2.59525995351157e-08,6.32924680079159e-06,6.45266995917154e-05,-786.400227021942,0.0870292584862657,0.0698737833565556,1,0.506636351506037
"quadratic",400,"sir_collapsed",60,8.956,2977.69558342447,3239.68787814391,2649.48871553515,2642.16513765429,6876.32850002899,3096.83060676256,6691.58967241785,2573.34919772752,332.480525170218,361.733796130406,295.833934293786,295.016205633575,767.790140691044,747.162759314186,0.002837974496993,0.00257435998107049,1.56649660921842e-06,0.00103315272772305,0.00531456418133307,3.59146450566136e-05,2.22173624689458e-05,3.28877605932183e-08,5.54318956944352e-06,6.75640329826748e-05,-770.019849007083,0.091541106647148,0.0768176034525902,1,0.499069790198916
"quadratic",400,"sir_collapsed",61,9.201,2552.8809879584,3023.60190860008,2894.51516944015,2582.25284326096,6794.9779258501,2788.31559847748,6675.35839311164,2733.76275812187,277.456905549223,328.616662167165,314.587019828296,280.649151533633,738.504284952734,725.50357494964,0.00300129078354866,0.00271664804898681,1.68929813399436e-06,0.00101663033309571,0.00565933109144167,3.65418595957765e-05,2.32820042114348e-05,1.59547460666388e-08,6.49762721858426e-06,7.35106192400498e-05,-784.40777895317,0.130616691923155,0.110516769554774,1,0.512295525671269
"quadratic",400,"sir_collapsed",62,9.006,3254.65129593644,3507.14471874391,2599.45479514938,1781.44096050716,6732.07910125069,3538.08010296175,6507.07583992693,3287.30706274242,361.386997105978,389.423131106364,288.635886647721,197.806013824912,747.510448728702,722.526742163771,0.00329626595636034,0.00296439245692716,2.41072960210291e-06,0.000979400954367586,0.00627350347824861,6.61618242307914e-05,2.30017494448447e-05,3.84231722243854e-07,5.40198771651577e-06,9.87099100134385e-05,-802.700159119135,0.0921175580405261,0.0710603472758718,0.9975,0.524312359363755
"quadratic",400,"sir_collapsed",63,9.125,2877.34610529663,3219.02939937434,3035.51591466915,2375.97354805013,7174.57377932391,3047.01646459323,7017.14825844983,3051.82019912138,315.325600580452,352.770345136914,332.659278319907,260.380662800015,786.254660747826,769.002548871215,0.00320271318445442,0.00288160091443705,2.22892158988193e-06,0.00104613925272977,0.00624377325965979,3.40251939666853e-05,2.1962153457927e-05,1.71340231192961e-08,7.18867389725584e-06,6.67367947871548e-05,-766.529146300046,0.0990290206317889,0.0816228751278383,0.99,0.514607511158129
"quadratic",400,"sir_collapsed",64,8.947,2832.15989715691,3100.06848492556,3054.19943111173,2733.25974673297,6805.87824837314,3030.30371032754,6656.22168355172,2769.91698839576,316.548552269689,346.492509771494,341.36575736132,305.494550881074,760.688303160069,743.961292450176,0.00262324831067051,0.00238864114862343,1.22846821775679e-06,0.000889077478668648,0.00484518489455913,3.19253126257536e-05,2.13097265652868e-05,2.02150440305571e-08,6.17075102254866e-06,6.25349785221212e-05,-782.919952335622,0.0867649909538944,0.0746946851939898,1,0.486271274693822
"quadratic",400,"sir_collapsed",65,8.867,2847.92261590192,3121.44764686816,2937.94835402719,2961.15711969222,6871.58869473944,3111.70424153619,6895.76194773646,2882.99966403157,321.182205469936,352.02973349139,331.335102518009,333.952534080548,774.96207226113,777.688276501235,0.00261095027705037,0.00240321020864243,1.16952247449792e-06,0.000890653825289586,0.00479216884885697,2.8486863876041e-05,2.0809106760493e-05,5.39263936011774e-09,5.75327423404639e-06,5.3911177666722e-05,-781.798559951674,0.101242116516594,0.0795251295397862,0.9925,0.488054575546567
"quadratic",400,"sir_collapsed",66,8.944,2994.48496096545,2988.87018136745,2481.20856054541,2886.0067468864,7045.96578720644,3362.18809363142,6861.01819218235,2934.54664473343,334.803774705439,334.176004177935,277.415983960802,322.675172952415,787.786872451525,767.10847408121,0.00311751690518155,0.00281777201685006,2.12290847090508e-06,0.00104351370848689,0.00590948195278158,3.31681303175246e-05,2.27712940716932e-05,8.7191199961171e-09,7.2461967542508e-06,6.5024556411305e-05,-789.155189356148,0.0891947925442598,0.0723218075254441,1,0.513722997218132
"quadratic",400,"sir_collapsed",67,8.994,3186.78780140141,3745.90385439068,2368.61392649542,2319.78844793653,6906.27678498844,3395.65382451793,6814.62416332211,3469.02714002079,354.323749321927,416.489198842637,263.354895096222,257.926222808154,767.87600455731,757.685586315556,0.00303993552025469,0.00275585982605274,1.8433140781652e-06,0.00109744530760153,0.00583621981429595,4.65349335163236e-05,2.30905705963235e-05,5.29419231111341e-07,5.45989203477481e-06,7.29575850763015e-05,-801.228334750436,0.0945881469609458,0.0741111780600317,1,0.505511377972305
"quadratic",400,"sir_collapsed",68,8.946,2812.04544580948,2966.80556609508,3010.3182467338,1692.07455756807,6671.4678366385,2824.90684375476,6498.17433717043,2705.95811306872,314.335507020956,331.634872132246,336.498797980527,189.143143032425,745.748696248435,726.377636616413,0.00249644407567281,0.0022848544024349,1.05508230389638e-06,0.00096234414032506,0.00464088532552208,4.18378331110181e-05,2.07203959054773e-05,6.52282920562367e-08,5.32361671613405e-06,6.61503981435345e-05,-805.126555335437,0.102274315070825,0.0773196021498016,0.9925,0.484896939040104
"quadratic",400,"sir_collapsed",69,8.951,3415.54024103709,3759.43757751877,2792.88613783375,2610.87397631339,6932.70983458383,2771.64797128946,6687.64274896425,2548.37590973954,381.581973079778,420.001963749164,312.019454567506,291.685172194547,774.517912477246,747.13917427821,0.0031084082369043,0.00282766355633236,1.8646845233387e-06,0.00101947978034122,0.00568740881297483,4.02540301199575e-05,2.41250769716822e-05,4.98176962922616e-08,6.59465433395405e-06,7.26537552091569e-05,-779.972170124589,0.126357164362621,0.0924134226244223,0.92,0.51462148023148
"quadratic",400,"sir_collapsed",6,8.928,2973.91243501272,2989.49562655001,1915.97804159788,2424.63625662637,7332.06579744071,3256.6219001073,7015.31458585023,3019.96638163625,333.099511090134,334.844940249777,214.60327526858,271.576641647219,821.24392892481,785.765522608672,0.00444825860377952,0.00386313750307598,5.72439746263888e-06,0.00110080748329222,0.00903492593310345,5.10976345852499e-05,2.65484601945423e-05,7.62874203832545e-08,6.99558698688101e-06,9.58760702322997e-05,-779.751632416521,0.136739486611363,0.108543567714023,0.99,0.559883094880966
"quadratic",400,"sir_collapsed",70,8.942,3082.59253607103,3396.19062182327,2978.74982403826,2477.47113749727,6852.58260765968,2729.13587585493,6666.10018805688,2776.7148486654,344.731887281484,379.80212724483,333.118969362364,277.060069055834,766.336681688624,745.482016110141,0.00297027354989082,0.00268350773605893,1.80808238082449e-06,0.00100107995923954,0.00566149350993976,3.47486896232778e-05,2.29791836541382e-05,1.57386797489624e-08,6.5680364807173e-06,6.66979295226303e-05,-788.681872381087,0.0949175512704661,0.0768427091183043,1,0.508322183833397
"quadratic",400,"sir_collapsed",71,9.044,2544.10825579998,2770.42177966742,2660.89038317897,2416.1620931292,6977.61125264512,2655.81630983001,6756.3865041555,2507.66101291212,281.303433856698,306.327043306879,294.216097211296,267.156357046572,771.518272074869,747.057331286543,0.00317300177032528,0.00290115334911913,2.03290523741611e-06,0.000943758104111345,0.00595308796753336,4.4522250049789e-05,2.40875439793502e-05,5.94877947909318e-08,6.65003765303617e-06,8.37096756006054e-05,-793.705982225747,0.110241449554516,0.0909644431732921,0.99,0.50905729979744
"quadratic",400,"sir_collapsed",72,9.016,2980.85797223042,3111.04919148623,2861.28904720809,2233.06855634941,6833.62489959923,3125.53055496096,6690.7744289646,2909.69721217941,330.618674825912,345.058694707878,317.356815351386,247.67841130761,757.944199156969,742.100091943722,0.00272603223395522,0.00249469718993537,1.36043615096302e-06,0.000999369155778599,0.00504790068681866,4.28449192916229e-05,2.13239850227145e-05,2.21929662288753e-07,5.93687173088031e-06,6.15287717556666e-05,-829.93001088471,0.0742527709453044,0.0577055997025675,1,0.494638431736046
"quadratic",400,"sir_collapsed",73,8.945,2595.24737919395,2854.28723792156,2937.98119464865,3105.48129145562,6816.90438662927,2812.55770789966,6636.04208247125,2733.87128016991,290.133860167015,319.093039454618,328.44954663484,347.175102454514,762.09104378192,741.871669365148,0.00279746309915231,0.00253100021006138,1.41797730593788e-06,0.000934500604413726,0.00514692362946884,4.24368405397029e-05,2.31738196759212e-05,6.88941860380439e-07,6.70939956845875e-06,6.46270277286116e-05,-769.845736741408,0.101222848459147,0.0827731392969917,1,0.502895145465416
"quadratic",400,"sir_collapsed",74,8.929,3323.54978489441,3440.84140281805,2451.7738442039,2094.62857124865,7133.2952786974,3579.99023465442,6947.63353361928,3263.85808427827,372.219709362124,385.355740040099,274.585490447296,234.587139797139,798.890724459335,778.097607080219,0.00340446142325282,0.00307120460034056,2.41748547851996e-06,0.00110211684756905,0.00641259103953606,4.6588142157888e-05,2.42725907630908e-05,1.06538259514273e-07,4.95915352461012e-06,8.2077025832897e-05,-789.488338421265,0.105448890803941,0.084359760581692,0.995,0.515406838953955
"quadratic",400,"sir_collapsed",75,9.172,2876.17046864082,3144.30496710421,2840.5913552029,2594.03844471939,7075.27618065154,3100.65938828627,6902.25227713773,2956.67350173498,313.581603645968,342.815630953359,309.702502747809,282.821461482708,771.399496364101,752.535137062552,0.00311343214256712,0.00282957031528924,1.97075446034316e-06,0.000982212954485207,0.00582000664587568,3.54674979725314e-05,2.28656155810478e-05,1.37883823478242e-08,6.38524752380114e-06,6.98062405651385e-05,-787.554013387321,0.0775983390324598,0.0607138942600959,1,0.505057938570422
"quadratic",400,"sir_collapsed",76,9.153,3155.66589563178,3365.38760681634,2815.2643067396,2131.77304094,7013.69011918687,3412.65902432754,6633.87281488658,3199.57368196623,344.768479802445,367.681372972396,307.578313857708,232.904298147056,766.272273482669,724.775790985096,0.00330557294260607,0.00301045685706216,2.2053819950508e-06,0.00111366285201718,0.00629090675317921,5.09038347462607e-05,2.58970697457365e-05,1.89611776082304e-07,6.85029144471561e-06,8.68311518348621e-05,-760.75438931919,0.106415447880005,0.0909096090019728,1,0.526713547460727
"quadratic",400,"sir_collapsed",77,9.065,3511.81094720492,3790.37780325123,2965.29378449834,3760.4994051972,7168.08617601685,3412.02853741846,6995.73079996159,3319.66956645075,387.403303607823,418.133238086181,327.114592884538,414.837220650546,790.743097188842,771.72981797701,0.00331377729661692,0.00299755865567922,2.33544009068088e-06,0.00111419347067081,0.00630965366933827,2.97959347911417e-05,2.2790621566156e-05,3.4582513287806e-09,6.98073612481111e-06,5.78270178604534e-05,-778.391154326052,0.110480459041637,0.0922898727255838,0.9775,0.51743213046825
"quadratic",400,"sir_collapsed",78,8.991,3001.3514117733,3313.98255553961,3094.6529176853,3623.00300027223,6901.9477216601,3176.36023377952,6832.76952835875,3087.61811565176,333.817307504538,368.588872821667,344.194518705962,402.958847766903,767.65073091537,759.956570832916,0.00300019303684349,0.00274089351905539,1.67902768883903e-06,0.00106524635283947,0.00561655993510806,2.86103214773901e-05,2.23523162932448e-05,2.81948054939582e-09,7.4869076759948e-06,5.58218611369873e-05,-773.771004198856,0.108226510677754,0.0807619977562536,0.9575,0.513404974893227
"quadratic",400,"sir_collapsed",79,9.163,3206.71737371182,3401.63842586142,2625.02565468617,3956.51070201054,7102.55101784201,3461.82136119117,7062.55481276247,3175.783159705,349.963698975426,371.236322804914,286.48102746766,431.792066136695,775.133800921315,770.768832561658,0.00317409833384176,0.00284626515937677,2.20672594123962e-06,0.00104203260849317,0.00610618400266535,2.6269552788309e-05,2.17125438615963e-05,7.79524027297106e-10,6.55729542747035e-06,5.15877877623713e-05,-790.411981202963,0.131125362345592,0.102859068788895,0.985,0.518003048622126
"quadratic",400,"sir_collapsed",7,8.926,2746.32260381713,2876.13307438509,3341.60024173991,3803.07414958887,6883.05518367913,2822.26564190527,6844.26587932107,2729.75403887788,307.676742529367,322.219703605769,374.367044783768,426.067012053425,771.124264360198,766.778610723848,0.00289057074650265,0.00265470573299416,1.5044769363136e-06,0.0010207620600353,0.00524292422772734,2.78339285465396e-05,2.26180528753333e-05,1.94809315590412e-09,8.31934483216962e-06,5.21652201789049e-05,-782.340350169244,0.120351088509046,0.0916550762821429,0.9775,0.50889134014347
"quadratic",400,"sir_collapsed",80,9.034,2900.93104336143,3045.43834897185,2579.74343731127,2283.86956071198,6831.8865755214,3105.67666965836,6679.53646224863,2878.12354440973,321.112579517537,337.108517707755,285.559379821925,252.808231205665,756.241595696414,739.377514085525,0.00299997717461033,0.00271367775430442,1.8272712708597e-06,0.00111030516341428,0.0058204444518081,4.15180665735319e-05,2.37722601881447e-05,4.56363396358504e-08,6.82610249563929e-06,7.6298186312454e-05,-786.893635764426,0.11712251079719,0.0906571631465627,0.97,0.509164662726037
"quadratic",400,"sir_collapsed",81,9.003,3171.74362501833,3558.86986860921,2625.61458132685,3234.36273337553,7047.40047420812,3437.61398314231,7025.70408048566,3362.52822087908,352.298525493539,395.298219327914,291.63774090046,359.253885746477,782.783569277809,780.373662166573,0.00327163242721826,0.00293779513535969,2.33815583539431e-06,0.00104405680432104,0.00623675472244509,3.08393367283531e-05,2.34940443757341e-05,3.15828490949061e-09,7.90961244007499e-06,6.18558774102764e-05,-773.267696262383,0.1537282133662,0.116667679603265,0.915,0.522592494457506
"quadratic",400,"sir_collapsed",82,9.161,2972.97132116556,3233.81959974298,2934.82859577342,2118.4072000519,6864.66760222311,2773.46098803772,6632.04223154163,2866.10445139097,324.524759432983,352.998537249534,320.361160983891,231.241916826973,749.336055258499,723.943044595746,0.00335281571804053,0.00304220092130298,2.31732166565964e-06,0.00102107594982203,0.00637383097233563,6.69442142091694e-05,2.43955817655426e-05,1.28594034427728e-06,4.35110487015974e-06,9.07201558827523e-05,-784.309268016503,0.101144813345366,0.0811653287351531,0.9825,0.527354534328502
"quadratic",400,"sir_collapsed",83,9.026,3348.7319375495,3998.29765699669,2626.02144888836,2193.52404433768,7104.20867137091,3500.91685136331,6824.15697125076,3403.26980104722,371.009521111178,442.975587967725,290.939668611606,243.022827868123,787.082724503757,756.055503129931,0.00342732560200853,0.00308845591168251,2.44498729916083e-06,0.00111670412275317,0.00650294854437337,4.34221107920579e-05,2.4089126769663e-05,3.84002751702075e-08,6.30145681833094e-06,8.46232685094301e-05,-778.37706517573,0.120221211246108,0.0987473232632085,1,0.520763025450636
"quadratic",400,"sir_collapsed",84,9.082,2790.41923605171,3003.40957504711,2179.17254487196,2228.60469462935,6830.89183072573,2957.53835740304,6569.76077273433,2764.58484438084,307.247218239563,330.699138410824,239.944125178591,245.38699566498,752.135193869822,723.382599948726,0.00302511810388072,0.00272736364490094,1.8371253249048e-06,0.00109213582961248,0.00581097138220348,3.80398321569613e-05,2.5217902406614e-05,1.52188925822985e-08,6.53366367538549e-06,7.54121468215764e-05,-772.165772847535,0.113798782388196,0.0928539415001672,1,0.513078157635115
"quadratic",400,"sir_collapsed",85,9.204,2792.53541566639,3000.06826455066,2365.93302894783,2957.8787420554,6961.33668936012,2993.88525967903,6723.50439018406,2771.64234122931,303.404543205822,325.952658034622,257.054870594071,321.368833339352,756.338188761421,730.498086721432,0.0030289063579355,0.00272823748632766,1.87132820808648e-06,0.00099502209610316,0.00579200654603046,2.93293035117876e-05,2.25928234630637e-05,4.91955940598964e-09,7.84747547204679e-06,5.65622346057601e-05,-787.583540524048,0.110401155265437,0.0865264031506259,1,0.508625618153973
"quadratic",400,"sir_collapsed",86,8.91,2592.96856383769,2847.51516184142,2238.30008107709,3322.9364740638,6929.0252147445,2760.81302177925,6761.25355576402,2717.26482740697,291.017796165846,319.586437917106,251.212130311682,372.944609883704,777.668374269865,758.838782914032,0.00283696200053106,0.00256394565431424,1.51482223247436e-06,0.00094308747092879,0.00531916302965136,2.74377996067537e-05,2.14249549280584e-05,3.08284340658583e-09,7.38297688208985e-06,5.13190895397358e-05,-783.196375367403,0.105627703856764,0.0824068745671321,0.9725,0.502242525190041
"quadratic",400,"sir_collapsed",87,8.974,3688.70664817885,3802.81059493314,2795.698398203,2608.30407365954,7089.7278597495,3367.55959905724,6871.03025900107,3126.65300866563,411.043753975802,423.75870235493,311.533139982505,290.651222828118,790.029848423167,765.659712391472,0.00304688647732439,0.00274597209427493,1.92848089547623e-06,0.000982408377766255,0.00573001232180064,4.2486294698302e-05,2.21588372350812e-05,2.01150161323786e-07,6.59594784498198e-06,7.51684530483362e-05,-798.715570489773,0.102320814596102,0.0867806253282005,1,0.500034079000996
"quadratic",400,"sir_collapsed",88,9.325,3145.44623163911,3210.10743079417,2695.2683482116,2355.82397757163,7079.78042242511,3415.62383158538,6829.03281141343,3025.42112385874,337.313268808483,344.247445661573,289.03682018355,252.635279096154,759.225782565696,732.335958328518,0.00321134261142312,0.00288654978105048,2.16875890195742e-06,0.000925174733363809,0.00609098870102819,3.62596999607041e-05,2.33116502255504e-05,1.93957491814875e-08,7.1271231535587e-06,6.64315510752064e-05,-809.762285341271,0.113944270805106,0.0890458628157313,0.965,0.510293351347459
"quadratic",400,"sir_collapsed",89,9.214,2743.14055605718,3019.87521675305,3310.21007069748,1966.06238908675,6840.93179161867,2941.11773414181,6700.66994223996,2876.56468142915,297.714408080874,327.748558362605,359.258744377846,213.37772835758,742.449727764127,727.227039531144,0.00281227019524839,0.0025580703458165,1.45346834564113e-06,0.000953352050515144,0.00515811544097571,3.76454345397974e-05,2.14185080203392e-05,2.6007739714932e-08,5.16907866244698e-06,7.55086497433225e-05,-798.18922778999,0.103789487092212,0.0851392771937429,0.98,0.499919139856964
"quadratic",400,"sir_collapsed",8,8.903,3677.55223796964,3955.71009373758,2678.80288063306,2979.24002389847,7030.72541910448,3936.3985521794,6864.03328349083,3474.27373433476,413.068879924704,444.312040181689,300.887664903186,334.633272368693,789.702956206277,770.979813938092,0.00320346592296473,0.00288342589831195,2.22954056009877e-06,0.00104081545238329,0.00615178189600354,3.96250811660239e-05,2.40768945841034e-05,4.59083418973325e-08,6.69455224316144e-06,6.94862451179998e-05,-777.719388401102,0.118389318446081,0.0937191562235492,0.9775,0.515188131946657
"quadratic",400,"sir_collapsed",90,9.265,3338.75017299797,3634.6735488206,1178.1797808278,3090.74960210718,7491.99240520393,3551.69582873285,7469.32262857844,3491.07926903178,360.361594495194,392.301516332499,127.164574293341,333.594128667802,808.633826789415,806.187007941548,0.00398832348270774,0.00350337675260762,4.16063055134398e-06,0.00096303973704755,0.00793938963259236,2.95998436708392e-05,2.1773784232485e-05,3.27374801389182e-09,6.68388867003728e-06,5.89626609491923e-05,-817.084408776584,0.104723172278265,0.0874613451542883,1,0.533375445483822
"quadratic",400,"sir_collapsed",91,8.936,2615.72038388814,2336.9100562718,2665.72778129288,2280.23283502058,7018.43550603041,2900.54768079988,6896.48457085707,2135.75026483836,292.71714233305,261.516344703648,298.313314826866,255.173772943216,785.411314461773,771.764164151418,0.00306221220016864,0.0027621818032772,2.02715390932311e-06,0.00103000757709324,0.00580692167571775,3.89726031745832e-05,2.23431186620368e-05,3.34572934037263e-08,6.10843014765405e-06,7.1280916967858e-05,-798.402594134415,0.151799557662523,0.118479743843732,0.9375,0.514148008449243
"quadratic",400,"sir_collapsed",92,8.955,3045.73655328405,3249.2292687746,2961.81088026809,2632.29750868909,7063.96185511111,3238.57392232976,6882.96911400333,2880.64942195769,340.115751343835,362.839672671647,330.743816892026,293.94723715121,788.828794540604,768.617433166201,0.00320268906606847,0.00287858309946565,2.15330517522296e-06,0.00103240995160185,0.00607868829163347,4.29386690525984e-05,2.31548490966395e-05,6.10709486266296e-07,7.16434374210823e-06,6.89623280248417e-05,-780.505308524662,0.105882090155937,0.0883873485807104,0.9825,0.511605193248298
"quadratic",400,"sir_collapsed",93,9.163,3415.73704268321,3583.97722893585,2555.47212323859,2563.02095035019,7295.60565433862,3777.33197641688,7111.24601757035,3342.07318924201,372.77496918948,391.135788381082,278.890333213859,279.714171161212,796.202734294294,776.082725916222,0.00354524184197287,0.00315857948914839,3.01308359537702e-06,0.00103359218842485,0.00683660764785751,4.1413002078743e-05,2.26594649593507e-05,4.31549228116561e-08,7.35301909632425e-06,7.80147589928769e-05,-804.387407343437,0.0899698856440094,0.0730351944535667,1,0.521932008702726
"quadratic",400,"sir_collapsed",94,8.932,2690.34134964623,2854.21037341149,2686.87257099175,2921.2060985354,7046.0620537064,3017.95938436607,6863.32794749434,2426.64922664777,301.202569373739,319.548855061744,300.814215292404,327.04949602949,788.856029299866,768.397665415847,0.00306597813925473,0.00278088817376733,2.00472508786314e-06,0.000906214599852361,0.00569144232439313,3.15026884708139e-05,2.33749810373146e-05,5.17303038479204e-09,5.99756698960222e-06,5.94872361678726e-05,-795.063997125466,0.0854121177215006,0.0633765763217609,1,0.50633531100542
"quadratic",400,"sir_collapsed",95,8.986,2928.14747765587,2989.26045138815,2692.14094260348,3329.16441513065,7022.48588536484,3248.09819974202,6912.20422902067,2693.67855921882,325.856607796113,332.657517403533,299.592804652068,370.483464848725,781.491863494863,769.219255399585,0.00346790156393425,0.0031242313171655,2.5426092138789e-06,0.0011592295674852,0.00663330897300885,3.5444064055192e-05,2.62707531614818e-05,1.38804369230829e-08,7.92316277092358e-06,6.81835096621829e-05,-772.619331672013,0.145805617879592,0.109835256500919,0.9075,0.525238049832162
"quadratic",400,"sir_collapsed",96,8.943,2951.87920436503,3174.69400143438,3058.64033224005,3304.9738964101,6819.35928470695,3177.03339410729,6710.9771692071,2972.88951462711,330.077066349662,354.992060990091,342.015020937051,369.559867651806,762.535981740686,750.416769451762,0.00283972945481056,0.00258156041103889,1.49964094576983e-06,0.000942866982416375,0.00527177303417555,3.12157470427949e-05,2.1970292236066e-05,4.5177368981887e-09,6.50572686223823e-06,6.05280842698031e-05,-762.033389581172,0.117111394393128,0.0932244684778527,1,0.512414686335674
"quadratic",400,"sir_collapsed",97,9.344,3174.3000540703,3075.96570121073,3106.31365626327,2321.29719646379,6970.24991729101,3475.56683708916,6676.56262311479,3023.30490106381,339.715331129099,329.191534804231,332.439389582969,248.426497909224,745.959965463507,714.529390316223,0.00291476049658596,0.00263896695947231,1.67427417319906e-06,0.000910950835385985,0.00538714921673433,4.17727378871146e-05,2.15520412690704e-05,1.34630415346056e-07,5.45469672456133e-06,6.75266539773104e-05,-780.893656705289,0.106016093174874,0.0914511730550509,0.98,0.507410517742306
"quadratic",400,"sir_collapsed",98,9.049,3200.45927835333,3424.48100374706,2789.05480763584,2273.74086287916,6816.07304172542,3406.63378381354,6668.45031317746,3130.00334783382,353.680989982686,378.437507320927,308.216908789462,251.269848920229,753.240473171115,736.926766844675,0.00289974288302632,0.00264041818574275,1.55432259927778e-06,0.000994735757147119,0.00538655396162494,3.30755289140229e-05,2.31826018650131e-05,4.72495177759086e-09,5.38075979006494e-06,6.75827203695903e-05,-775.801961183533,0.0779543805017867,0.0592925642746535,1,0.507661292961483
"quadratic",400,"sir_collapsed",99,9.645,2915.5326124011,3193.10297875193,3001.64003241793,2092.62361215964,6671.12299494786,3124.71043058426,6547.37122073107,2969.4143465467,302.284355873624,331.063035640428,311.212030318085,216.964604682181,691.66645878153,678.83579271447,0.00281802202389194,0.00252943089184398,1.60983924294631e-06,0.000920945466586278,0.00526700050727671,4.49488637987172e-05,2.34664768795665e-05,8.09196932655937e-08,6.41148385840658e-06,8.1091897502405e-05,-784.832011333758,0.0852556445104939,0.0709919081877982,1,0.503338738151324
"quadratic",400,"sir_collapsed",9,8.896,3433.94825208356,3614.45226119064,2996.85156781219,2600.89386605013,6834.28346457195,3136.19538550411,6711.40081381131,3089.14535380005,386.01037006335,406.300838712977,336.8763003386,292.366666597362,768.242295927602,754.42904831512,0.00287618829301606,0.00263762540330546,1.49329927315601e-06,0.000924292718634513,0.00523440376349133,3.4501508631723e-05,2.25647123339422e-05,1.34732692946494e-08,7.34158638766008e-06,6.72822855309536e-05,-782.248217292129,0.111383436219114,0.0871497274403482,0.985,0.506406388510661
"quadratic",800,"sir_collapsed",100,17.723,2674.90115420538,3021.47119484752,2373.00862947382,1554.56835727923,6884.62886615205,2805.28710767245,6834.20434464358,2699.20886014218,150.928237556022,170.483055625318,133.894297211185,87.7147411431036,388.457307800714,385.612161859932,0.00199292664906991,0.00186901953428918,5.00762705803656e-07,0.000880633271143982,0.00344412378532422,2.14729330992956e-05,1.23365833611654e-05,4.40837218306507e-08,4.20347767476801e-06,3.04557940172252e-05,-1570.01826660951,0.0980146892907037,0.0783821412773342,0.98875,0.459006854103944
"quadratic",800,"sir_collapsed",101,17.77,3116.06091779038,3167.01990127519,2307.64477684856,1999.68963877783,7068.37539557789,3182.31765257856,6980.11778830218,2989.14975744075,175.355144501428,178.222841940078,129.861833249778,112.531774832742,397.770140437698,392.803477113235,0.00221672767594035,0.00208467717848964,6.3221672816299e-07,0.000928839950373724,0.00380765601474236,1.91186828981485e-05,1.28440461380917e-05,1.42303017118197e-08,3.82046646020473e-06,3.27113878706251e-05,-1570.52515403091,0.09113830964243,0.0734987151671334,1,0.469182537931609
"quadratic",800,"sir_collapsed",102,17.644,2766.78535699122,3061.36822359843,2362.80993822719,2638.50235218916,7029.77212711768,3004.07219265981,7020.0886444231,2756.1577749393,156.811684254773,173.507607322513,133.915775233915,149.541053740034,398.422813824398,397.873988008564,0.00202516480517104,0.0019017574981795,5.36308626674938e-07,0.000886040415955129,0.00345936433556357,1.44570261870434e-05,1.21086847611502e-05,3.39233321850062e-10,5.35319477735203e-06,2.63784075761692e-05,-1586.58629625179,0.0792243924436836,0.0634355865969795,0.99375,0.459722400196587
"quadratic",800,"sir_collapsed",103,17.684,2849.84810257303,2994.48043176439,2246.8608629076,1668.47265768626,6940.7465260648,2992.01872441403,6871.16583171518,2706.17557449166,161.154043348396,169.332754567088,127.056144701855,94.3492794439187,392.487362930604,388.55269349215,0.00216398378480412,0.0020385171314281,5.98964019343739e-07,0.00092552252743899,0.00370064563507838,2.06144180056248e-05,1.33003845825027e-05,6.41366569916783e-09,4.06382706273056e-06,3.3593159543496e-05,-1564.79726512601,0.11053405637566,0.0890249543913326,0.98125,0.47058449874971
"quadratic",800,"sir_collapsed",104,17.681,2995.72537229601,3364.84308890192,2898.15454404534,1801.2930887172,6847.25928373729,3119.99159185593,6860.27041259425,3075.48456284017,169.431897081387,190.308415185901,163.913497202949,101.87733096076,387.266516811113,388.002398766713,0.00189658763190426,0.00177444554013447,4.38761026684493e-07,0.000862221948365904,0.00327493255670453,1.82457519378003e-05,1.21188308194953e-05,3.64585571649299e-09,4.15905269873884e-06,2.85588591025867e-05,-1580.80373705793,0.0900612138224173,0.0736967518238091,1,0.453293157797366
"quadratic",800,"sir_collapsed",105,17.759,3567.03081996036,3685.03971899405,2626.35463951609,1881.46854479314,7135.385547246,3217.03842940081,7072.31068460206,2964.47439272057,200.857639504497,207.502658876854,147.888655865538,105.944509532808,401.789827537925,398.238115017854,0.00234084336169486,0.00217458528483695,7.88702102459315e-07,0.000972023242694002,0.00421590022220799,2.38002013820158e-05,1.30352860668073e-05,4.69370235853933e-08,4.17484865647556e-06,3.74604676005318e-05,-1589.59664789673,0.0980931563690254,0.0783327612815978,1,0.475353607319404
"quadratic",800,"sir_collapsed",106,17.693,3314.50811290465,3165.26608662965,2122.8110513794,1822.37636423603,7062.27715392606,3329.80210156662,7000.6791291201,3079.8403363254,187.334432425516,178.899343617795,119.980277588843,102.999851027866,399.156567790994,395.675076534228,0.00223678090315005,0.00207964089263287,7.00634729069232e-07,0.000986532726801775,0.00397210051041012,2.07041548108729e-05,1.25127673415017e-05,1.0454495348332e-08,4.23240459482422e-06,3.83506331924409e-05,-1584.53085979961,0.0842690781045779,0.068674476369551,1,0.469453075428771
"quadratic",800,"sir_collapsed",107,17.781,3266.9198918509,3281.87479970748,3061.73803199548,1918.94430160056,6867.8985739687,3069.29219862166,6817.97374564723,2902.50686447179,183.730942683252,184.572003807856,172.191554580478,107.921056273582,386.249287102452,383.441524416356,0.00196706749262959,0.00184789575956165,4.55728862993452e-07,0.000851411729005507,0.00327884214501661,2.01186903170843e-05,1.23495210764011e-05,1.13748391741414e-08,5.06299347378552e-06,3.2536516529978e-05,-1552.47252330919,0.104651486302896,0.083549172858184,0.99125,0.464093936428513
"quadratic",800,"sir_collapsed",108,17.746,3242.90456069774,3391.77577320541,2580.53846195119,1960.66779284987,7131.5758301653,3549.97103242824,7053.40843327761,3134.4421296458,182.740029341696,191.129030384617,145.415218187264,110.485055384304,401.869482146134,397.464692509727,0.00232338818455219,0.00216097439178974,7.4576426333839e-07,0.000986990774700939,0.00408522978976553,2.28547334752887e-05,1.30142074840698e-05,7.04404569321137e-08,4.37799172109522e-06,3.44892905356653e-05,-1598.45209632925,0.095115940421031,0.0731260247641513,0.9925,0.470017089897154
"quadratic",800,"sir_collapsed",109,17.545,2897.37943811235,3086.30713219917,2532.80458749302,1716.63998511479,7011.36012022229,3149.23172679773,7079.95453689774,2986.25179707017,165.139893879302,175.908072510639,144.360478056028,97.8421194137811,399.621551451826,403.531179076531,0.0021100503110492,0.00196994977114317,5.88976250859979e-07,0.000858926718200228,0.00359111093919241,2.39416126795298e-05,1.21373584022198e-05,1.23471850741221e-07,4.70519110328075e-06,3.22191628432506e-05,-1576.77540021854,0.0823789151404802,0.0698901699070417,1,0.463133195066596
"quadratic",800,"sir_collapsed",10,17.688,3535.16456286392,3765.51342660714,2469.29659363445,1506.98959203079,7057.5951792097,3773.01763751842,6952.40770649809,3402.32585546559,199.862311333329,212.885200509223,139.602928179243,85.1984165553364,399.004702578568,393.057875763121,0.00217031459385698,0.00204005326389477,5.92109644631969e-07,0.000903418003750458,0.00367515939793002,2.34858042669917e-05,1.31110463121156e-05,5.7787759508905e-08,4.20154737674843e-06,3.7342797676754e-05,-1589.30324300004,0.0940242855969493,0.0709514925488971,0.9825,0.462249729268244
"quadratic",800,"sir_collapsed",110,17.798,3419.67432650285,3535.17018773779,2252.32150242053,1772.62324740851,7110.99814962774,3724.14640968177,7032.43420546283,3434.42200318298,192.138123750019,198.627384410484,126.54913487024,99.5967663450112,399.539170110559,395.124969404586,0.00219824937257139,0.00205887789002089,6.34412943613479e-07,0.000943185048919662,0.00384436061798963,1.75053578040082e-05,1.25377864483194e-05,2.09390617454959e-09,4.88724680713268e-06,3.08232679469503e-05,-1555.17127171782,0.0946082541532207,0.0753909891986021,0.99625,0.470748406126252
"quadratic",800,"sir_collapsed",111,17.797,2752.4702860605,3104.59932484168,2738.51299977578,1790.29120370393,7026.18819540662,2931.88900956061,6996.62135927156,2993.96140416474,154.659228300304,174.445093265252,153.874978916434,100.595111743773,394.796212586763,393.134874376106,0.00209899129012073,0.00194619575203743,6.29889318442388e-07,0.000866733273492188,0.00369235318366849,1.89279740104648e-05,1.21489315278076e-05,2.82391135284402e-08,4.34711795452659e-06,2.99813005872014e-05,-1546.49788917377,0.0877064715364752,0.0635019118753606,1,0.466144501496063
"quadratic",800,"sir_collapsed",112,17.678,2958.52456166668,2728.58013866951,2999.39899736842,1759.01413328181,6959.37229164399,3368.06410457349,6795.80532411521,2612.22318905181,167.356293792662,154.348916091725,169.668457821497,99.5030056161225,393.674187783912,384.421615800159,0.0020910101297624,0.00196183866996247,5.20957750065219e-07,0.000919497142952709,0.00351899409804375,1.89124196416054e-05,1.25579837500227e-05,3.92303712024561e-09,4.61387843060209e-06,3.28587361004739e-05,-1591.57506018914,0.0912962017711975,0.0720367685893832,0.9975,0.462726311221554
"quadratic",800,"sir_collapsed",113,17.994,3151.2503316008,3525.22193252077,2056.25241608804,1680.36047363669,7449.93533277469,3351.40680182473,7273.57889498129,3186.20649826483,175.127838812982,195.910966573345,114.274336783819,93.3844878090857,414.023304033272,404.222457206918,0.00273353389157559,0.00254708432237635,1.13405923034196e-06,0.00105235259843066,0.00498535291801754,2.49938854603697e-05,1.33957367551151e-05,4.0568534474285e-08,4.53057113012809e-06,3.86663794914744e-05,-1551.71743716523,0.0933470968536556,0.075864791175799,1,0.491607735284044
"quadratic",800,"sir_collapsed",114,17.792,3396.93964556695,3574.53485732751,2513.30673523994,1575.56574282524,6922.80028783387,3622.1737145525,6912.31392995744,3300.96891543713,190.925114971164,200.906860236483,141.260495460878,88.5547292505191,389.096239199296,388.506853077644,0.00204971742957114,0.00192827425792482,5.48274148548551e-07,0.000873364844430275,0.00354636055473546,2.36289749990627e-05,1.27840452353344e-05,1.51307154524704e-07,4.63628568894653e-06,3.14989642599369e-05,-1590.4638227633,0.097420133763392,0.0724456436190801,0.955,0.45943753641021
"quadratic",800,"sir_collapsed",115,17.762,2903.72254000145,2735.2924613338,2703.42480348492,1461.4950797153,6982.01160904076,3180.03387776925,6846.33497470228,2499.15843759033,163.479480914393,153.996873174969,152.202725114566,82.2821236186973,393.087017736784,385.448427806682,0.00211121362615654,0.0019905496197819,5.62091739853214e-07,0.000935033237045016,0.00361183217751435,1.94596350612499e-05,1.26451302600981e-05,1.39876542546473e-08,3.94899280781601e-06,3.28863141197038e-05,-1567.83823464232,0.0857603467092028,0.0685737397628855,0.99375,0.468657889127157
"quadratic",800,"sir_collapsed",116,17.614,2645.32234908716,2866.41005756365,2930.79692833523,1435.07113296311,7204.50301601458,2753.01973794661,6880.60663237806,2510.0383341891,150.182942493878,162.734759711801,166.39019690787,81.473324228631,409.021404338287,390.632827999209,0.00225009391773817,0.00209770946157349,6.93634177647384e-07,0.000906944891133421,0.00390732030207246,2.80232134414842e-05,1.28200375499117e-05,4.03413561920176e-08,4.43296395660138e-06,3.92832727822241e-05,-1596.99298336757,0.0855649561466958,0.0632542325568449,1,0.471468672677479
"quadratic",800,"sir_collapsed",117,17.635,2960.83901779474,3326.81772901974,2497.19344885939,2168.25269510381,6982.71096668063,3094.63512440811,6979.80421688133,3049.01803960655,167.895606339367,188.648581174922,141.604391769742,122.951669696842,395.957525754501,395.792697299763,0.00198205335665058,0.00187637456952533,4.79346140293247e-07,0.000836460109786374,0.00330400398102286,1.65518854828611e-05,1.17797449609582e-05,5.00101323974677e-09,4.75614355038993e-06,2.78023467991943e-05,-1574.63592308668,0.0753194153596118,0.0596008544203599,1,0.46118735541197
"quadratic",800,"sir_collapsed",118,17.691,3356.25610625825,3218.5399728025,2140.85101231289,1696.84214632775,7041.22559345631,3608.8629351173,6971.86292903143,3139.09422299438,189.715454539497,181.9309237919,121.013566916109,95.9155585511136,398.011734410509,394.090946189104,0.00213604309110137,0.00200452057669284,6.00382077375913e-07,0.000913808075871764,0.00368326678185903,2.02943094090942e-05,1.2278852853408e-05,2.66284557621123e-08,4.29688387213962e-06,3.43060314424414e-05,-1603.05574601049,0.107342162050229,0.082194813449874,0.9775,0.464275194040054
"quadratic",800,"sir_collapsed",119,17.539,2816.42633641994,3120.37767280488,2507.73174218797,1903.91797549674,6896.79872990011,2923.55022070031,6944.97014425047,2709.41243724887,160.580782052565,177.910808643872,142.980314851928,108.553393893423,393.226451331325,395.972982738495,0.00186411481650768,0.00175170939929832,3.97642429348444e-07,0.000856346628914808,0.003117951599275,1.5632994654818e-05,1.17123046720804e-05,2.14419544114439e-09,5.1302275328682e-06,2.56301281739085e-05,-1555.48157397193,0.0929170787241257,0.0767532161271143,1,0.454659992709019
"quadratic",800,"sir_collapsed",11,17.748,3226.62070516513,3379.29411042314,2375.65031276346,1661.64519477393,7240.73167941394,3505.54597906293,7109.95919098754,3240.6725759327,181.801932903152,190.40422078111,133.854536441484,93.6243630140823,407.974514278451,400.606219911401,0.00231234413048056,0.00217029768196602,6.99517455590043e-07,0.000932656220216786,0.00401392536882091,2.12912733049855e-05,1.25220982115909e-05,1.72225667411822e-08,4.68284610166325e-06,3.30236599932053e-05,-1608.31642646861,0.0728363479066511,0.0613492004198103,1,0.469677831417326
"quadratic",800,"sir_collapsed",120,17.798,2484.50941016394,2742.91180782549,2669.96298813415,1753.48093081146,6927.72343793198,2584.4536136065,6893.20201221949,2156.18619491289,139.594865162599,154.113485100882,150.014776274534,98.5212344539532,389.241680971568,387.302057097398,0.00210730293540202,0.00197130672687995,5.709574921069e-07,0.000847003735125578,0.00358002063917901,2.35589330416302e-05,1.29341197449646e-05,5.9187782106723e-08,3.82737133405841e-06,3.65653844010883e-05,-1555.85215660921,0.126705444973236,0.0961303979938938,0.94625,0.470064628531613
"quadratic",800,"sir_collapsed",121,17.653,3644.42556446317,3763.39197970626,2485.92964299688,1872.75391903402,7374.7804941156,3643.28624638059,7339.57773632058,3551.06373463348,206.447944511594,213.187105857716,140.821936384574,106.087006119868,417.763580927638,415.769429350285,0.00235333949254689,0.00217135208652027,8.12318382108931e-07,0.000888548552922919,0.00415421802518694,1.73568780077846e-05,1.21276773527588e-05,6.83758169725795e-09,4.41218698705991e-06,2.74432567902404e-05,-1613.5821119269,0.0909437997165784,0.0744000612156018,1,0.469140133634148
"quadratic",800,"sir_collapsed",122,17.791,2719.72767888336,3025.8576465841,2066.71532589859,1886.31867428317,7159.99637306472,2877.38429450748,7077.64272737161,2748.51059304359,152.870984142733,170.077997110005,116.166338367635,106.026568168353,402.450473445266,397.821523656434,0.00240541653658942,0.00224695268908074,7.89486119521121e-07,0.00097742369943629,0.0041271082117221,2.22304619729724e-05,1.31777357466817e-05,1.79141953730443e-08,4.7356255691174e-06,3.48067643836761e-05,-1558.82553612189,0.0853769358312009,0.0705011430709333,0.9975,0.477280182901201
"quadratic",800,"sir_collapsed",123,17.637,3014.86338688832,3050.65363692694,2690.73706390688,2145.57472822858,6880.85166937658,3316.12864305272,6829.64113938868,2839.84195155678,170.939694216041,172.968965069283,152.562060662634,121.65190952138,390.137306195871,387.23372111973,0.00195612828952217,0.00183393626273349,4.72705949707539e-07,0.000875188100534549,0.00337764018351215,1.96867196054993e-05,1.20501330992512e-05,1.9432881453694e-08,4.9277280408283e-06,2.73978335480918e-05,-1550.68855215267,0.106671617357679,0.0839928780606354,0.97875,0.465322666338739
"quadratic",800,"sir_collapsed",124,17.672,3105.02965315618,3489.45171494299,2775.60744464477,1670.43621457062,7020.37507653819,3093.33284230589,6974.52048178355,2961.29478816413,175.703352940028,197.456525291025,157.06244028094,94.5244575922715,397.259793828553,394.66503405294,0.00218434601799507,0.00204642012285264,6.19577271373213e-07,0.000912673127304214,0.00370551653461141,2.19124662266637e-05,1.27249778467403e-05,2.94368460003964e-08,4.7738883308539e-06,3.21603276727609e-05,-1544.60309676142,0.107720611897065,0.0843750883836814,0.9675,0.469967424888849
"quadratic",800,"sir_collapsed",125,17.82,2822.40569471985,3026.7263722643,2699.32002241725,1688.19690360775,6850.82472280426,3014.83894358361,6848.73627379299,2799.41752501081,158.384157952853,169.84996477353,151.476993401642,94.7360776435325,384.445831807197,384.328634892985,0.00194079862299737,0.00183905173854056,4.37727111085077e-07,0.000851411337786421,0.00321693124020612,1.97254359661807e-05,1.24184067134873e-05,1.21313736563651e-08,3.87132941666523e-06,2.98376856470788e-05,-1587.89341430356,0.110167613484067,0.0907890526875397,0.97375,0.460363332177896
"quadratic",800,"sir_collapsed",126,17.742,3491.51624695941,3625.34180165908,2089.16493384588,1602.1540698959,7208.29183296229,3503.33381807926,7180.41837961353,3279.1657923853,196.793836487398,204.336703960043,117.752504444024,90.3029010199469,406.284062279466,404.713018803603,0.00232415247353245,0.00219561489483962,7.27367135756755e-07,0.000950172177194855,0.0039707121902133,1.8224239787271e-05,1.26375341194257e-05,5.85758812561212e-09,4.80731404436117e-06,3.02189740523017e-05,-1579.93014778062,0.0980074289234133,0.0804022745385245,0.98125,0.473368424385952
"quadratic",800,"sir_collapsed",127,17.806,2986.9100568014,3162.64098318948,2765.75922001501,1799.24594693617,6819.13209297246,3005.0369721364,6776.33566408941,2859.23587378971,167.747391710738,177.616588969419,155.327373919747,101.047172129404,382.968218183335,380.564734588869,0.00184216285652267,0.00173230989291769,3.98224327663893e-07,0.000814641770040236,0.0030916771014825,1.55421055766913e-05,1.17148706833613e-05,3.73598469856538e-09,4.66730373393891e-06,2.54756805646758e-05,-1532.61559629699,0.0998612923592062,0.0775861429779192,0.99125,0.45632793321575
"quadratic",800,"sir_collapsed",128,17.81,2977.82000696106,3255.8932691833,2497.46488850038,1525.4552669468,6920.33833871412,3148.18574735567,6958.14370887713,3004.63244248496,167.199326612075,182.812648466216,140.228236299853,85.6516152131836,388.564757928923,390.687462598379,0.00211783607149218,0.00199110252408371,5.69006755506911e-07,0.000860455130678724,0.00360391981918009,1.81492925142831e-05,1.28194690526084e-05,5.84500707638115e-09,5.05611293406888e-06,3.18991729852189e-05,-1556.88885349606,0.0800676924226397,0.0613024214641679,0.995,0.465318003557291
"quadratic",800,"sir_collapsed",129,17.784,3231.51812218952,3444.76873616111,2278.63271512676,1820.639462335,7282.58896425011,3532.83502681484,7184.32309493842,3193.18196797035,181.709296119519,193.700446252874,128.128245340011,102.375138457883,409.502303432867,403.976782216511,0.00244358196194103,0.00229894925504367,8.24026046162179e-07,0.00102170754809778,0.00418476540196739,1.98318324754489e-05,1.26082287473739e-05,4.94220346238707e-09,3.99657993451556e-06,3.38549550175049e-05,-1587.57436773466,0.084010143317302,0.0684161768663769,1,0.477459266569356
"quadratic",800,"sir_collapsed",12,17.699,3318.80336756472,3527.15273766121,2341.64170250676,2017.50031544512,7059.53611652182,3249.73335242756,6974.30271532236,3252.15315710479,187.513609105866,199.285425033121,132.303616165137,113.989508754456,398.866383214974,394.050664745034,0.00214290210811936,0.00202442958250551,5.67807164406981e-07,0.000888966708159242,0.00364402019172229,1.71285322814515e-05,1.23334004827679e-05,4.69903948465741e-09,5.11478457249908e-06,3.02013348778413e-05,-1543.2663481813,0.0947073737715682,0.0671023101671849,0.975,0.470927245657234
"quadratic",800,"sir_collapsed",130,17.601,2857.18059896756,3054.94177497042,2675.04775584262,1372.64638722204,6631.0968692451,2998.37747677806,6580.35172476889,2811.47940561415,162.330583430917,173.566375488348,151.982714382286,77.9868409307449,376.745461578609,373.862378544906,0.00178905106643785,0.00168439786677198,3.61230784026035e-07,0.000826448720917968,0.00298791543640576,1.90486043443981e-05,1.19607673250701e-05,1.76830244763452e-08,4.33927597969706e-06,2.84834133419972e-05,-1531.40370678007,0.0794594789946684,0.062313293782038,1,0.456514991402728
"quadratic",800,"sir_collapsed",131,17.917,3217.54936517317,3490.13779976492,2839.80552206572,1446.8929104698,6928.4305731276,3512.44971637617,6875.25032467322,3289.36821293947,179.580809575999,194.794764735442,158.497824527863,80.7553111832224,386.695907413496,383.727762721059,0.00201781365555524,0.00188572172549857,5.24761189243348e-07,0.000846789514129241,0.00348407882209176,2.07054263131079e-05,1.16685580963176e-05,1.25566962214006e-08,4.96100771267862e-06,3.10805608612083e-05,-1556.00851877758,0.0976824623864271,0.0759527580183114,1,0.468640964690337
"quadratic",800,"sir_collapsed",132,17.677,3142.85914908408,3457.08970058207,2803.66094356586,1440.93062839118,6960.7913179781,3372.05748729522,6991.68735535261,3156.37571046536,177.793695145335,195.569932713813,158.605020284316,81.5144327878703,393.776733494264,395.524543494519,0.00208040712439235,0.001951319060236,5.5771412192888e-07,0.000872753763979253,0.00355075592369074,1.88170558997053e-05,1.23896035284019e-05,4.49169091924826e-09,3.87869052007527e-06,3.09059225944982e-05,-1598.38877043246,0.105028462801979,0.0846775037117546,0.97375,0.465335450143175
"quadratic",800,"sir_collapsed",133,17.715,2867.46787288064,3132.02149332982,2137.89630934515,2232.11859195834,7151.13938770351,2971.60328400691,7185.43170592098,2828.46158600987,161.866659490863,176.800535892172,120.682828639297,126.001613997084,403.677075230229,405.612853848206,0.0022194109334147,0.0020625326188131,6.87777554941762e-07,0.000918823455832692,0.00390615344254428,1.65659736257225e-05,1.23645422544491e-05,1.62189484345233e-09,5.16939034245423e-06,2.87549757599395e-05,-1590.84078050196,0.0887370033918951,0.074307814837714,1,0.463781808584055
"quadratic",800,"sir_collapsed",134,17.858,2801.27338675413,2992.92091967855,2805.23941508312,1692.07782436577,7047.08267215068,2929.05853748246,7013.31605696609,2745.11201951231,156.863780196782,167.595526916707,157.085867123033,94.7518100775991,394.617687991414,392.726848301382,0.00211337409006576,0.00197172862842898,5.87153462626454e-07,0.000894674303881132,0.00365830072969001,1.86945360951922e-05,1.19590104210914e-05,1.81055738659937e-08,4.64410292271727e-06,3.05270284002011e-05,-1570.3569744563,0.0825333682745389,0.0640337064073678,0.99875,0.462966124077637
"quadratic",800,"sir_collapsed",135,17.722,3064.37159575791,3198.52693967436,2322.57184236469,1720.23948713386,7157.02661041548,3217.07582572208,7132.83061575927,3137.13323490637,172.913418110705,180.48340704629,131.055853874545,97.0680220705258,403.849825663891,402.484517309517,0.0020965471677492,0.00194704580738023,5.77618943758979e-07,0.000942701453941054,0.00364755498226592,1.71495663915616e-05,1.19131971772575e-05,6.14415701123276e-09,4.67584945738008e-06,2.78476827032973e-05,-1587.0137705855,0.0839324482075712,0.0670026175416853,1,0.462798346037151
"quadratic",800,"sir_collapsed",136,17.586,3186.10941352276,3404.24235664595,2216.18757857611,2237.16332378585,7010.93739497974,3356.48966205236,7063.94755373983,3069.78413187858,181.173058883359,193.576842752528,126.019991958155,127.21274444364,398.665836175352,401.680174783341,0.00208558217267583,0.00194821194982283,5.71651567650108e-07,0.000847434807392324,0.00355099736699928,1.51939066402397e-05,1.21685414241605e-05,9.34798557116547e-10,4.42460201626545e-06,2.59526964295177e-05,-1591.44725502352,0.0882667037460236,0.07108671580288,0.9975,0.463613492611875
"quadratic",800,"sir_collapsed",137,17.596,2439.34596465766,2411.08004836604,2802.53223003828,1426.84564445432,6807.77814341336,2644.46469407551,6678.83867775598,2308.35178978763,138.630709516802,137.024326458629,159.270983748481,81.0892046177723,386.89350667273,379.565735266878,0.00194717736944715,0.00181850198733053,4.75353091469938e-07,0.000803924614811678,0.00331194981681728,1.83328678586982e-05,1.20889077870915e-05,6.68162543346152e-09,4.71775659482084e-06,3.16769781890276e-05,-1558.70354226415,0.0677051052686755,0.0562167352614446,1,0.462540438913286
"quadratic",800,"sir_collapsed",138,17.775,3478.50189552702,3515.39902123474,2145.92487122018,1902.70318972013,7313.12044178689,3665.57377230256,7280.00593033519,3169.60149718744,195.696309171703,197.772096834585,120.727137621388,107.043780012384,411.427310367758,409.564328007606,0.0024991898469834,0.00231483017616139,9.41689196792429e-07,0.000968114679160263,0.00439249861302896,2.05946887746646e-05,1.27974908753641e-05,8.68432267083026e-09,5.05991693639959e-06,3.48813010893258e-05,-1587.17596834046,0.0922830179738586,0.0747842625344695,0.9925,0.4790361155533
"quadratic",800,"sir_collapsed",139,17.557,3420.69277978743,3616.21047180666,2452.07899332812,2109.60705046285,7093.92990172368,3358.33489385759,7009.5700889916,3305.46873620326,194.833558112857,205.969725568529,139.663894362825,120.157603831113,404.051369922178,399.246459474375,0.00209526444556147,0.00197549506101279,5.33278393739879e-07,0.000955169518880345,0.00358214876376545,1.581303256201e-05,1.25140727085913e-05,1.39750617336556e-09,4.93298255042466e-06,2.83815772018855e-05,-1615.47575132527,0.128919883370884,0.105440753015639,0.95625,0.459820873800589
"quadratic",800,"sir_collapsed",13,17.709,3258.49168152354,3481.33798095465,2393.79398203289,1586.11257486651,7006.18877691016,3516.35469186719,6913.64350538454,3208.51100058356,184.002014880769,196.5858027531,135.173865381043,89.5653382385515,395.628707262418,390.402818080329,0.00212870917610551,0.00199106761687029,5.90992739284257e-07,0.000901793382421978,0.00363896092988594,1.95249485021521e-05,1.28418759571013e-05,8.64092264939742e-09,4.35397291980998e-06,3.09263626292286e-05,-1558.62411660534,0.0869774315407441,0.0705197090502302,1,0.464857721655063
"quadratic",800,"sir_collapsed",140,18.472,3263.06108930406,3428.80723908161,2708.19959912116,2231.93685664138,6994.04225258584,3428.88146297397,7009.00239962582,3175.65233618491,176.649041213949,185.621873055523,146.611065348699,120.82811047214,378.629398689143,379.439281053802,0.00202816693955503,0.00191097862136602,5.03811933321914e-07,0.00084408761943316,0.00338493804923201,1.57814064570388e-05,1.22861985842542e-05,8.21898597066327e-10,5.09756444351019e-06,2.90015324089528e-05,-1574.09988601659,0.0898708675980377,0.0733007769303295,0.99875,0.463420428902008
"quadratic",800,"sir_collapsed",141,17.839,2823.75720290726,3197.97678936778,2536.67623052212,1814.4539483415,6945.57297501907,3000.14417766384,6873.49544006198,2742.20774124131,158.291227249693,179.268837343337,142.198342425143,101.712761272577,389.347663827517,385.307216775715,0.0019923682544488,0.00186224997420909,5.06961808793411e-07,0.000841100746577534,0.00337041666063336,1.8450581548502e-05,1.19678501577738e-05,7.83329666819698e-09,4.64608652033836e-06,2.99201305332844e-05,-1573.07852694345,0.112897097418388,0.0910381576094944,0.98125,0.46073590893407
"quadratic",800,"sir_collapsed",142,17.542,3082.73683981082,3196.94479720795,2301.68452948723,1700.05575646461,6921.71032676406,3021.79788841809,6941.46954818446,2996.80725569535,175.734627739757,182.245171429025,131.209926432974,96.9134509442827,394.579314032839,395.705709051674,0.00189107437775663,0.00179036026496278,3.90141807430787e-07,0.000879259442538855,0.00313154755685893,1.55646817753181e-05,1.16082926467738e-05,1.29138726174294e-09,5.47731241021152e-06,2.63912037789578e-05,-1586.3034394717,0.0940615238375228,0.0780628556545236,1,0.451015317156068
"quadratic",800,"sir_collapsed",143,17.647,2277.9461673221,2452.57277592006,2137.20336315325,1399.94929881751,6968.62385293559,2444.21144344951,6754.61219059472,2383.46462055591,129.084046428407,138.979587234094,121.108594273998,79.3307247020744,394.890001299688,382.762633342478,0.00212645557145199,0.00199257212191233,5.97507639424855e-07,0.000876791014442309,0.0036293052568358,1.95367088376772e-05,1.30871550386647e-05,4.87712873852062e-09,4.61714456058979e-06,3.17241774430801e-05,-1568.32688490842,0.120475343418357,0.100197811372199,0.9725,0.470092636019596
"quadratic",800,"sir_collapsed",144,17.725,3431.95468012022,3602.2198879783,2721.40369702716,2180.31574982938,6970.32329620102,2977.85192007617,6905.59376581157,3092.90983725784,193.622266861508,203.228202424728,153.534764289262,123.00794075201,393.248140829395,389.596263233375,0.00191463618423046,0.00180159171094711,4.38755724876481e-07,0.000851868610623796,0.0032922542171103,1.63364050403975e-05,1.15842905610082e-05,4.77235402101962e-09,5.2495936140349e-06,2.56722777395441e-05,-1588.46629436821,0.091470617503969,0.0749898104960342,0.98875,0.451892594412573
"quadratic",800,"sir_collapsed",145,17.634,2954.18250494259,3267.16045473873,2878.83306386687,1914.50457863089,6845.01585199608,3114.32719574022,6835.14089939026,3068.00815457838,167.527645737926,185.276196820842,163.254682083865,108.568933800096,388.171478507207,387.611483463211,0.00200797793670633,0.00190010464015695,4.93189125972086e-07,0.000920108480132785,0.00345698234548075,1.87351534028974e-05,1.24208645422867e-05,9.45410861609181e-09,4.56800208029608e-06,3.09374832645902e-05,-1582.51182846256,0.101339842884097,0.0808110912721089,0.9975,0.4666958239954
"quadratic",800,"sir_collapsed",146,17.692,2677.02913363823,2780.62349165551,2019.77027825343,1834.20580060574,6958.66081479791,2904.95784988164,6995.03479701785,2704.99529037399,151.312973866054,157.168408978946,114.162914212832,103.674304804756,393.32245166165,395.378408151586,0.00214668283699385,0.00201010318635256,5.85982201393678e-07,0.000916014968564396,0.00363508982080749,1.6946076108398e-05,1.26507049457781e-05,3.03457634742723e-09,5.25592325009485e-06,2.94467117677025e-05,-1554.73694350191,0.107423192195676,0.083158840145455,0.96375,0.468059290865508
"quadratic",800,"sir_collapsed",147,17.679,2704.77404387451,2757.24982125638,2127.30038287574,2778.20713698154,7002.21322821362,2932.34006081731,6919.75701806116,2438.97770246323,152.99361071749,155.961865561196,120.329225797598,157.147301147211,396.075186843918,391.411110247252,0.00207754649707378,0.00195012439902458,5.31309754614961e-07,0.000929787694753185,0.00356453862775304,1.46832962836458e-05,1.2432513116172e-05,2.58366616042215e-10,5.35100176296178e-06,2.55067557090835e-05,-1574.9369950517,0.108928777170835,0.0844477077094149,0.9775,0.465574966602606
"quadratic",800,"sir_collapsed",148,17.661,2481.43725681221,2799.09964426419,2715.69835103808,1414.62486899349,6821.82295490476,2563.97522065895,6801.16175351525,2734.86184084657,140.503779899904,158.490439061446,153.768096429312,80.0987978593222,386.264818238195,385.094941029118,0.00185704074103002,0.00175878459211387,3.93817608256199e-07,0.000883764263862583,0.00315145517946454,2.80485904819983e-05,1.1728692821507e-05,8.09124546983289e-07,4.89690123339107e-06,3.0430558340425e-05,-1567.94268491677,0.0825103732729629,0.063235961872773,1,0.45642690352161
"quadratic",800,"sir_collapsed",149,17.624,3145.36844669405,3450.77546937899,2574.52101100165,1443.34383569296,7046.78016836472,3275.53057391757,7008.8439127248,3334.83395269917,178.470747088859,195.79978832155,146.080402349163,81.8964954433134,399.840000474621,397.68746667753,0.00220969037841085,0.00208260582129243,6.48079340069022e-07,0.000908303276142003,0.00383866827807701,2.12027554859958e-05,1.25304122142041e-05,7.77980297742133e-09,4.31716431999431e-06,3.91708263312609e-05,-1604.36671002567,0.0956779358192501,0.0773980000841662,0.98375,0.464890295492289
"quadratic",800,"sir_collapsed",14,17.698,3036.542545171,3237.95498950874,2388.93024736552,2350.94003605756,7117.5212406163,3166.61666543874,7092.76447865829,3007.3769404585,171.575463056334,182.955983134181,134.983062909115,132.836480735539,402.165286507871,400.766441329997,0.00222791693209875,0.00206905849084483,6.91053036850194e-07,0.000913446570452627,0.00383059976390363,1.66131651133264e-05,1.28300894483821e-05,1.03262295830207e-09,4.24674441466876e-06,3.04003732920602e-05,-1596.72064628851,0.109848154336872,0.0900128073310616,0.97625,0.472639026556147
"quadratic",800,"sir_collapsed",150,17.71,3255.94962029884,3420.20873347541,2339.13017289244,1687.84981130392,7397.10547699512,3425.31747623591,7349.22141540529,3153.89551985869,183.848086973396,193.123022782349,132.079625798557,95.3049018240496,417.679586504524,414.975799853489,0.00263434119917236,0.00246127375439211,9.98620695071384e-07,0.00103708881621851,0.00464054561213532,2.16286167393463e-05,1.31533415612688e-05,8.98844321987307e-09,4.35203233879246e-06,3.6631257331079e-05,-1589.18140958334,0.0890183352014279,0.0737352444819778,0.99875,0.485003338909451
"quadratic",800,"sir_collapsed",151,17.899,3102.06469327022,3312.29566431096,2424.33777775463,1790.06263530976,6955.86699996317,2905.23094049416,6986.23704014684,3022.96528863113,173.309385623231,185.054788776522,135.44543146291,100.009086279108,388.617632267902,390.31437734772,0.00197939376360103,0.00184590861848868,5.14102031597809e-07,0.000873721231341496,0.00344586597030659,1.65232302975205e-05,1.18516656125953e-05,2.89930343391625e-09,4.2533782072073e-06,2.81151555926972e-05,-1586.37895757436,0.0947911233083468,0.0697115504244768,0.985,0.457381743204154
"quadratic",800,"sir_collapsed",152,17.903,2235.59777355507,2660.72132077301,2825.22111434352,1669.70945956383,6803.294061608,2328.24016260785,6828.747494993,2552.58670520136,124.872801963641,148.618741036307,157.807133683937,93.2642272001247,380.008605351506,381.430346589566,0.00185609853241844,0.00175604171159269,3.85598197476831e-07,0.000903756361532464,0.00315484704771046,1.8099428133129e-05,1.17945553653849e-05,1.22146067726273e-08,4.23467411475739e-06,2.76639786708503e-05,-1567.32062367323,0.11014235712992,0.0797761571876695,0.96625,0.454810311726719
"quadratic",800,"sir_collapsed",153,17.582,3209.67623294039,3617.74662112946,2282.21921436992,1609.21221779844,6983.23795190639,3309.00435082951,6852.21584745607,2969.22399067985,182.554671421931,205.764225977105,129.80430066943,91.5261186326038,397.181091565601,389.729032388583,0.00223971387795268,0.00210839114041641,6.73895149273225e-07,0.000889066585324704,0.00378776685003141,2.45867253748377e-05,1.2307023858155e-05,2.56393877430657e-08,4.67356724533033e-06,3.81580803051253e-05,-1610.00421727879,0.0970447670619731,0.0724217265097817,0.96875,0.472249301829891
"quadratic",800,"sir_collapsed",154,17.496,2685.54894154452,2863.0041942278,2853.25631844674,1786.49271733777,6859.06859249509,2836.35200313939,6825.6831261054,2679.26334685768,153.495024093765,163.637642559888,163.080493738383,102.108637250673,392.036385030583,390.128207939266,0.00184375712863375,0.00172992278646888,3.91099093133735e-07,0.000841788395597301,0.00310517988103089,1.7045077561892e-05,1.15203099360761e-05,3.31949403367462e-09,4.07310005502879e-06,2.75705128079871e-05,-1581.69566572834,0.0685577919957629,0.0537855543021996,1,0.453761232783825
"quadratic",800,"sir_collapsed",155,17.68,2981.01623711196,3193.63347928674,2543.69343840946,2374.10247977805,7003.71686518224,3098.69908308576,6892.01473279911,2848.25795283628,168.609515673753,180.635377787712,143.874063258454,134.281814467084,396.137831741077,389.819837828004,0.0020134332919721,0.00189422394936998,5.0523827344954e-07,0.000844213574356505,0.00337088026840076,1.52577938922029e-05,1.25837409716376e-05,6.22820505195026e-10,4.92583688060733e-06,2.66813583891023e-05,-1580.07643375694,0.101964972321407,0.0818923750109944,0.99625,0.459624313060075
"quadratic",800,"sir_collapsed",156,17.645,2871.48561284721,2846.21383516819,2725.15253459297,1334.02744737948,6920.9729620654,3119.11942766568,6816.8644034521,2744.89872675051,162.736503986807,161.304269490971,154.443328681948,75.6037091175676,392.234228510365,386.334055168722,0.00197058814722633,0.00184383446547917,4.95509913378066e-07,0.00085651689910932,0.00332215635385582,2.03693703228172e-05,1.21618757041998e-05,1.33020653197617e-08,4.47523838945206e-06,3.30301249798858e-05,-1585.51388507986,0.0742429255196287,0.0593315353216264,1,0.460449463096296
"quadratic",800,"sir_collapsed",157,19.106,2666.14510994527,2878.93674135079,2544.70593988687,2282.76652846326,6894.57574410037,2881.87514042797,6941.06995441128,2491.99578895295,139.544913113434,150.682337556306,133.188838055421,119.47903948829,360.8591931383,363.292680540735,0.00198879371026341,0.00187107721136115,4.81079929500916e-07,0.000913652298899853,0.00338364141472615,1.58945904525961e-05,1.16062925989149e-05,2.19408409560892e-09,4.40459378494421e-06,2.86466081397032e-05,-1575.91137118918,0.111567355017986,0.0941271996929758,0.98875,0.461154604740264
"quadratic",800,"sir_collapsed",158,17.817,2746.94639622971,3112.46453903503,3102.53899004507,2007.80462768188,6923.39579803228,2626.51113578171,6881.29707306351,2839.32416768714,154.175584903727,174.690718922099,174.133635855928,112.690387140477,388.583700849317,386.220860586154,0.00196677960387336,0.00185469979561971,4.42907595340717e-07,0.000863577860284595,0.00332105402634315,1.81053614060091e-05,1.21600298272117e-05,4.62053917639583e-08,4.49437425680857e-06,2.85929101904128e-05,-1584.0928146,0.0758662130303713,0.0614035533848497,1,0.459624183047836
"quadratic",800,"sir_collapsed",159,17.658,3182.70284211344,3240.07012308859,2390.71131870729,1927.12355536932,7096.28241557313,3329.91991141187,7069.48421867714,3087.9110727884,180.24141137804,183.490209711666,135.38969977955,109.136003815229,401.873508640454,400.355885076291,0.00207925381155655,0.00196118245028554,5.41639338005207e-07,0.000876261933622747,0.00354753805332887,2.0051908903802e-05,1.18473450904717e-05,1.9216782934717e-08,4.8295604520267e-06,3.03101805676565e-05,-1582.1455366775,0.0770549150529288,0.0641526975697187,1,0.46131047536392
"quadratic",800,"sir_collapsed",15,17.644,3161.54419425804,3214.74518110585,2443.9573402554,1924.5730501062,7077.4272440179,3412.99222317721,7009.68847417426,3064.83618760749,179.185229781118,182.200475011667,138.514925201508,109.078046367388,401.12373860904,397.284542857303,0.00228884691049233,0.00215128942937796,6.97279995721128e-07,0.000925698968581373,0.00394334907205675,1.8545855863737e-05,1.27910326499225e-05,3.827028095332e-09,4.44701922588981e-06,3.39791580900224e-05,-1569.83165265958,0.0887205522903972,0.0681437762798235,0.99,0.475759298486286
"quadratic",800,"sir_collapsed",160,17.531,2783.73357596178,2910.78108303386,2816.71784806697,1455.33557187673,6765.10927630168,2969.53935571012,6776.31066995296,2815.38037338695,158.789206318053,166.036226286798,160.670688954821,83.0149775755365,385.894089116519,386.533036903369,0.00187462608387673,0.00177002889120836,4.14105455755801e-07,0.000882207291491856,0.00318229000285186,1.99463926301232e-05,1.21329309444941e-05,8.63699583806825e-08,4.12084903125743e-06,3.00194684107406e-05,-1608.70537792531,0.0751767148225861,0.0639712952293249,1,0.453221184576414
"quadratic",800,"sir_collapsed",161,18.041,2646.35010121934,2794.71907361979,2421.50834657573,1728.90455678151,6962.77096028209,2797.98532766366,6863.9968861888,2543.96264302109,146.685333474826,154.909321746011,134.222512420361,95.8319692246279,385.94151988704,380.466542109018,0.00207491728969623,0.00195146053746718,5.6263135083594e-07,0.000856239919509656,0.00357492833393027,1.88474012138956e-05,1.24628281215943e-05,8.90836112775159e-09,4.00325786604711e-06,2.98165577471096e-05,-1589.87732600864,0.0856701485950907,0.0632380445240684,0.9975,0.467055480732611
"quadratic",800,"sir_collapsed",162,17.72,2936.75187473541,2839.44357766639,2481.43118298863,1236.11128325018,6795.51764820722,2637.67371504762,6656.83505977482,2458.40409369505,165.730918438793,160.239479552279,140.035619807485,69.7579730953825,383.49422393946,375.667892763816,0.00205116477786247,0.00190943725927851,5.39692963811695e-07,0.000874119095147748,0.00349732954574943,2.22223073331196e-05,1.32106020105814e-05,1.45223609257743e-08,4.1695048768275e-06,3.50856517200392e-05,-1593.52875147328,0.12674363224309,0.103596579187843,0.9625,0.466248573214976
"quadratic",800,"sir_collapsed",163,17.677,3074.70980375907,3484.68387922401,2208.3348742335,2162.74610298062,6996.97415014225,3278.43473880468,6985.78210730024,3239.07885042279,173.938439993159,197.130954303559,124.927016701561,122.348028680241,395.823621097599,395.190479566682,0.00198974789952452,0.00187497684457236,4.69236901287383e-07,0.000849280863522018,0.00330136064994381,1.45881817512506e-05,1.18726296824239e-05,7.07795402616794e-10,5.28929421956292e-06,2.56877288800211e-05,-1571.82450784116,0.0932674068378717,0.0759788937172563,1,0.462884721093335
"quadratic",800,"sir_collapsed",164,17.85,3141.59324356398,3355.98672637237,2081.38857413597,1437.98970731533,6969.07492180175,3333.65308044664,6903.02851188749,3166.23948799937,175.999621488178,188.010460861197,116.604401912379,80.5596474686457,390.424365367045,386.724286380252,0.00205906543789296,0.00192599587283463,5.56453156079653e-07,0.000882068985161727,0.00359381798750328,1.68863473995072e-05,1.23165328907649e-05,1.70689387274446e-09,4.5485710142706e-06,2.96922919891675e-05,-1584.12928222178,0.0918472048228152,0.0744735483884154,0.9925,0.458142036268061
"quadratic",800,"sir_collapsed",165,17.875,3133.938927216,3148.63102558847,2416.14691454164,1849.15184568069,6796.45340993423,3306.90186911935,6750.31546024993,2972.02037226237,175.325254669427,176.147190242712,135.169058156176,103.449054303815,380.22116978653,377.640025748248,0.00188520137964256,0.00178878722802029,3.96641378282274e-07,0.000842902358876031,0.00315278234016268,1.68942703033737e-05,1.21177087047123e-05,3.92087954554911e-09,5.35269403278313e-06,3.18529312307025e-05,-1558.01424156792,0.0828802102099142,0.0656579496521231,0.99125,0.454477023159032
"quadratic",800,"sir_collapsed",166,17.548,3708.38339232574,3689.46115868044,2419.78068928274,1629.29955617927,7169.59968560684,3910.55769637429,7103.83388251555,3433.04302858785,211.327979959297,210.249667123344,137.894956079481,92.8481625358597,408.570759380376,404.82299307702,0.00219015938718904,0.00205757040797839,6.39169915385033e-07,0.000842982398246226,0.00369790973785046,2.29908593601852e-05,1.21481428078109e-05,1.72232176697708e-07,4.35174249295153e-06,3.19081872853034e-05,-1615.12098496017,0.099448660706745,0.0800087933843038,0.97625,0.46393397902534
"quadratic",800,"sir_collapsed",167,17.609,2856.41690800262,2971.95235940274,2480.48574764498,1760.24410759726,6825.94783127627,3021.20321987498,6869.31805158306,2790.34771903237,162.21346516001,168.774624305908,140.864657143789,99.962752433259,387.639720102008,390.102677697942,0.00193180344491726,0.0018072656744039,4.5369750357499e-07,0.00085862052944916,0.00329617960735893,2.22316618559619e-05,1.17919273634968e-05,9.30924714954188e-08,4.36789213435639e-06,3.21423939016981e-05,-1590.56637679219,0.0851010649377054,0.0689452940514938,1,0.456268918393344
"quadratic",800,"sir_collapsed",168,17.688,3346.86169031079,3682.0587587295,2674.62111368709,2469.92270224852,7131.13865277076,3546.39461870957,7114.34215864801,3329.35779878527,189.216513473021,208.167048774848,151.211053464896,139.638325545484,403.162519944073,402.212921678427,0.00210326027081206,0.00196049197511782,5.96604470701535e-07,0.000882133328434313,0.00363851980180331,1.47943486809384e-05,1.20954828936102e-05,3.67703975478537e-10,5.01355142538192e-06,2.6962269299749e-05,-1603.86664774378,0.0780609079063139,0.0608881245785101,0.9825,0.461561542629786
"quadratic",800,"sir_collapsed",169,17.777,2754.03771780458,2734.5265187887,2385.45285005441,2052.16439717321,6964.49469872686,2947.3873280508,7019.36096032592,2575.5258698933,154.921399437733,153.823846475148,134.187593522777,115.439297810272,391.769966739431,394.856328982726,0.00197273697025787,0.00184822163514131,4.75517846317611e-07,0.000818887814362101,0.00331747693168474,1.69809920689136e-05,1.22025197252428e-05,3.85049956456559e-09,4.98103742614481e-06,2.90896785258945e-05,-1616.74087921861,0.108246818297251,0.0875925656645997,0.95125,0.454502879864249
"quadratic",800,"sir_collapsed",16,17.85,3157.3773537713,3345.10308068387,2457.7506925,1624.77409009084,7072.48614394626,3376.74326115061,7082.82449415835,3212.74247325267,176.883885365339,187.400732811422,137.68911442577,91.0237585485067,396.217711145449,396.796890429039,0.00217064058973761,0.00202356133626942,6.2180221608238e-07,0.000913417514611778,0.00378020208462819,1.91424295650053e-05,1.23766582497831e-05,8.13843659765873e-09,4.91018855175683e-06,3.02835588310631e-05,-1569.16914125117,0.0801435602890998,0.0631408176458807,1,0.46705202828423
"quadratic",800,"sir_collapsed",170,17.93,2634.39909694076,2778.71243251531,2901.68659578136,1560.40467802821,6913.03951960056,2820.32826917303,6868.77149335735,2556.24996486033,146.926887726757,154.975595790034,161.834165966612,87.0275894048081,385.557139966568,383.088203756684,0.00196911425252339,0.00185189690939406,4.70806420991938e-07,0.000918096190340991,0.00336886158657714,1.91214814885555e-05,1.23167435595045e-05,7.11664456503133e-09,4.64524908263174e-06,3.09170718502772e-05,-1547.90210407238,0.0802971950227162,0.0617859754874094,0.99625,0.462906796376616
"quadratic",800,"sir_collapsed",171,17.683,2925.75511738953,3160.21428185504,2605.30060340538,1842.76272333332,6929.47558275397,3036.41910961065,6899.84578276913,2585.72947871975,165.455811649015,178.714826774588,147.333631363761,104.210977963769,391.872170036418,390.196560694969,0.00196068414308499,0.00184376987820107,4.78518761302083e-07,0.000857212038601033,0.00330634841211283,1.82797685634856e-05,1.14692844527918e-05,1.39950303682501e-08,4.68412553782264e-06,2.7850011890745e-05,-1591.45098794352,0.0918034145621478,0.0726070102163902,0.99,0.461912019687136
"quadratic",800,"sir_collapsed",172,17.62,2368.1395867494,2539.56132133462,2841.47733166676,1587.93046220225,6830.85260263831,2490.22198339785,6683.67058177083,2313.47586296283,134.400657590772,144.129473401511,161.264320752937,90.1209115892309,387.676084145193,379.322961507993,0.001849546197177,0.00173917520061454,3.96553873512425e-07,0.000835219650732606,0.00311198824382075,1.83790957614944e-05,1.17680839314533e-05,1.83240363495936e-08,3.71322199766006e-06,3.17109718431629e-05,-1573.87432864218,0.0819695398349075,0.0625223326996556,0.9875,0.455718956037549
"quadratic",800,"sir_collapsed",173,17.869,3286.15383870166,3434.62961787086,2669.27192090552,2018.68277604711,7035.66975643004,3305.92842367378,7062.22394998192,3068.99303655437,183.902503704833,192.211630078396,149.380039224664,112.971222566854,393.736065612516,395.222113715481,0.00204162673512866,0.00190469331385825,5.57282661785895e-07,0.000818179918182062,0.00348901194341916,1.62527471276268e-05,1.19042207377274e-05,1.65860849064903e-09,4.7673155842422e-06,2.92675479090278e-05,-1579.22260386713,0.0630399040234412,0.0503157210295346,1,0.460796053444235
"quadratic",800,"sir_collapsed",174,17.612,2882.87300575553,2986.50795188939,2515.50758935646,1327.3048085478,7008.42322421354,3116.38993283894,6835.26457448598,2909.80238576265,163.687997147146,169.57233431123,142.829184042497,75.3636616254713,397.934546003494,388.102689898136,0.00218745531816657,0.00203760216295754,6.7700858884843e-07,0.000956215415119131,0.0038417415081082,2.0669467924898e-05,1.28847341855143e-05,7.77643878853997e-09,4.19390758338678e-06,3.72311114491504e-05,-1570.7634628686,0.0914390793352061,0.0689912628044277,0.985,0.471188238198339
"quadratic",800,"sir_collapsed",175,17.681,2594.8796503408,2942.29039608838,2624.72566922887,1548.55394587708,7151.53117083764,2661.84458147629,6959.72636269899,2478.74191098453,146.760910035677,166.409727735331,148.448937799269,87.5829390802037,404.475491818202,393.62741715395,0.00214357219431547,0.00200327486759619,5.72453048266791e-07,0.000932007728794745,0.0036698617732642,1.98474398222606e-05,1.22730712462388e-05,7.5975498574431e-09,4.05580835751228e-06,3.10097102292963e-05,-1582.14163669389,0.0968704324165429,0.0780363051158736,0.99125,0.463047054698807
"quadratic",800,"sir_collapsed",176,17.698,3002.8524898835,3606.29267551354,2439.35079756346,1918.87659705482,7115.90422474441,3323.17613603088,7182.61843073794,3275.81893626532,169.671855005283,203.76837357405,137.832003478555,108.423358405177,402.073919354979,405.843509477791,0.00224035247926309,0.00209330329720723,6.48699336265987e-07,0.000929040261562062,0.00389578926497167,2.37452436486064e-05,1.22546433725583e-05,5.46562460572305e-08,3.37684291735139e-06,3.1166683793898e-05,-1558.27394603666,0.0929456378914099,0.079822551945723,1,0.474961578281645
"quadratic",800,"sir_collapsed",177,17.851,2726.82867056129,2986.68845003005,2681.75352372172,2037.22785659449,6874.7824667022,2949.13516369674,6793.89724498892,2737.82721302567,152.754953255352,167.31210856703,150.2298764059,114.124018631701,385.120299518357,380.589168393307,0.00195346705025549,0.00183152058809749,4.82638746210411e-07,0.000797050779422871,0.00331449453698902,1.80884290200516e-05,1.18742217274847e-05,3.9654671105559e-09,4.78453984723223e-06,3.11486204322479e-05,-1529.50726583892,0.0940346464555484,0.074093371622665,0.99875,0.462401293460819
"quadratic",800,"sir_collapsed",178,17.748,2882.90238995488,2872.09816319332,2931.89612640243,1592.61829317354,6785.82029283226,3028.59503850097,6643.34044901435,2703.73914329655,162.435338627162,161.826581203139,165.195860175931,89.73508525882,382.342815688092,374.314877677166,0.00186542380882601,0.00174785246163997,4.15825105570267e-07,0.000892092967951424,0.00320644229124585,2.07768421712665e-05,1.16879680138646e-05,2.13546576556758e-08,4.67720006872993e-06,2.86140644504154e-05,-1539.61328704694,0.081064311929789,0.0655212925142681,1,0.458701092106222
"quadratic",800,"sir_collapsed",179,17.763,2753.93332760812,2985.26192010939,2533.46365746064,1639.46017988731,7127.27372170745,2994.39362733913,6982.00734227123,2755.75952689208,155.037624703491,168.06068344927,142.625888501979,92.2963564649724,401.242679823647,393.064647991399,0.00235974199307964,0.00220433539246872,7.4562632979931e-07,0.000930676327702345,0.00404359237565538,2.11828832286158e-05,1.33063815322224e-05,6.92849924010972e-09,4.43451903503485e-06,3.8235780728274e-05,-1591.99006962741,0.114731979899732,0.0861179606966852,0.96875,0.478451419337347
"quadratic",800,"sir_collapsed",17,17.465,2927.25528214145,2968.7685977565,2951.00988544867,1747.44692738787,6804.24141315862,3118.6051822675,6810.48863969321,2776.12314074686,167.606944296676,169.983887647094,168.967070452257,100.054218573597,389.592980999635,389.950680772586,0.00193681298954098,0.00181797405767491,4.57597191162915e-07,0.000835437022016409,0.00326926105567116,1.71873809351906e-05,1.20198591716034e-05,3.10055024944537e-09,4.45179691446464e-06,3.04817385392224e-05,-1562.89427011461,0.0836488751360937,0.0653956645658317,1,0.459591403619452
"quadratic",800,"sir_collapsed",180,17.7,2899.72482072094,3030.19423338484,2595.17953493638,1437.16667018996,6898.93838491704,3094.73619763809,6781.65528359058,2799.92192219641,163.82626105768,171.197414315528,146.62031270827,81.195857072879,389.770530221301,383.144366304553,0.00208207712292396,0.00196209966441837,5.13168746053502e-07,0.000881565715118243,0.00345117248624196,2.07724073909897e-05,1.25171638313573e-05,7.77907594717735e-09,4.66909145512415e-06,3.54796048092737e-05,-1557.94269897447,0.0915733470025386,0.0731744542662173,0.985,0.464376937265186
"quadratic",800,"sir_collapsed",181,17.689,3565.67261774353,3694.45250826453,2133.16823772521,1768.74914578311,7163.81492698609,3641.57498716635,7017.80208818617,3334.72974899378,201.575703417012,208.855927879729,120.592924287705,99.9914718629154,404.986993441466,396.732550635207,0.00246724291646889,0.00230424299294794,8.61653613495784e-07,0.00102593959378759,0.0043121477991981,2.271578495109e-05,1.34954371376066e-05,3.2934585677652e-08,4.2552977565011e-06,3.76982808010104e-05,-1573.62510132615,0.116973555316932,0.0959199504373873,0.9775,0.485593030341828
"quadratic",800,"sir_collapsed",182,17.785,3043.17485015334,3210.00001186667,2461.65755014908,1944.86746270733,6968.18051863298,2930.38324316844,6937.63908307876,2980.8611437044,171.10907226052,180.489176939369,138.412007317913,109.354369564652,391.800985022939,390.083726909123,0.00199058415440947,0.00187814387580236,4.86950474219683e-07,0.000867886571695251,0.00337747214010626,1.66732822588787e-05,1.21795374821989e-05,4.20884325514284e-09,5.05827074823826e-06,2.73698238698331e-05,-1563.08937223466,0.0960224103136999,0.0776847971124339,0.98,0.462128359138559
"quadratic",800,"sir_collapsed",183,17.95,2428.47219874946,2612.20204125087,2528.98255321103,1268.15428047596,6953.44661382014,2611.5766457621,6953.15258987743,2390.96825074084,135.290930292449,145.526576114255,140.890392936548,70.6492635362649,387.378641438448,387.362261274509,0.00187458756671985,0.00175766426587286,4.24618705529235e-07,0.000780250803053156,0.00312892535611639,1.78830280258346e-05,1.19691053276572e-05,7.65299928257406e-09,5.3466267519597e-06,2.7836283248474e-05,-1574.57293099339,0.090211499622317,0.0739770719562205,0.99125,0.451429730014712
"quadratic",800,"sir_collapsed",184,18.094,3547.02102488459,3428.8836518889,2337.69232006522,1762.54457723056,7045.95676627089,3063.7162549391,7006.15548041991,3152.04300295255,196.032995738067,189.503904713656,129.197099594629,97.4104441931337,389.408465030998,387.208769781138,0.00225025454503159,0.00209738980034775,6.76101483794342e-07,0.000917500998223606,0.00392521270265131,2.36066260205812e-05,1.28887685785458e-05,2.19643153404248e-08,4.16844093394439e-06,3.82417938900919e-05,-1594.68762121295,0.104150234137045,0.0843867318268889,0.97375,0.469757338522277
"quadratic",800,"sir_collapsed",185,17.826,2675.84377693493,3020.57425745212,2416.67561225406,1687.35671866864,6737.79800811824,2782.67980672026,6801.46388023179,2901.63977116583,150.109041677041,169.447675162803,135.570268835076,94.6570581548661,377.975878386528,381.54739595152,0.00187304979015265,0.00176357849386589,4.38633446714313e-07,0.000878487948207152,0.00322879918839908,1.98982101140109e-05,1.1765740492255e-05,1.48784444259288e-08,4.40591689986407e-06,2.91593939078007e-05,-1576.80441992323,0.0863960462755933,0.0720665671032969,1,0.455477277788946
"quadratic",800,"sir_collapsed",186,17.849,2494.98374802999,2599.206272357,2285.20191998699,1831.74531500294,7086.13801739791,2717.53363504652,6986.05816840061,2383.11566137545,139.782830860552,145.62195486341,128.029689057481,102.624534427864,397.004763146278,391.397734797502,0.00219600951029163,0.00204442702535878,6.35043896655315e-07,0.000951171312845019,0.00378237100841188,1.91910205821426e-05,1.30425265008263e-05,5.77692761384061e-09,4.15320312011427e-06,3.20793433285102e-05,-1569.74720062423,0.0951994760032124,0.0755322751769704,1,0.47178180572624
"quadratic",800,"sir_collapsed",187,17.625,2942.7923799381,3137.67363221023,2530.9324784189,1224.47957355165,6841.79456459144,3133.00780386049,6719.0076842009,2831.40529812602,166.966943542587,178.024035870084,143.599005867739,69.4740183575403,388.186925650578,381.220294139058,0.00187268411288779,0.00176521194889659,4.19661954995066e-07,0.000829211675021507,0.00313917785735879,2.02099472686903e-05,1.14712546748487e-05,6.06214753509597e-09,4.01161666042771e-06,3.16091363151242e-05,-1603.5526292806,0.0860749463632361,0.0737030249990426,1,0.454531226977586
"quadratic",800,"sir_collapsed",188,17.849,2664.40294864082,2782.46656119396,2919.08440273468,1765.29693175065,6873.20116342704,2741.26862567688,6901.43734241934,2603.91251779616,149.274634357153,155.889212907948,163.54330229899,98.9017273657153,385.07485928775,386.656806679329,0.00201226787204407,0.00189226688315764,5.0021182131757e-07,0.000883781774459438,0.00336567776741563,1.7480361952487e-05,1.25812984042051e-05,4.26414799806366e-09,4.5576504200322e-06,3.11965443312386e-05,-1550.24914007317,0.109584250136259,0.0857363314868565,0.98125,0.466362896390256
"quadratic",800,"sir_collapsed",189,17.741,2834.23072084591,2777.74517156873,2980.99504134138,1092.69208490563,6730.20036693227,3080.14250519836,6640.00724285015,2746.52109876296,159.755973217175,156.572074379614,168.028580200743,61.5913468747889,379.358568678895,374.274688171476,0.00185393232483024,0.00175830628724879,3.95693139273007e-07,0.000810583123638232,0.00305827704325361,2.17705333218506e-05,1.21156087062025e-05,1.41781331689896e-08,3.55507170158008e-06,3.42211659375382e-05,-1592.25783188109,0.0922975967415014,0.0706914066394115,1,0.455243321508895
"quadratic",800,"sir_collapsed",18,17.759,3071.31531759093,3076.92522190132,2606.35042544112,2474.00223608381,7059.70977495096,3253.14511844378,7017.20200980868,3006.18444370615,172.944158882309,173.260049659402,146.762229035482,139.3097717261,397.528564387126,395.134974368415,0.00194908372550365,0.00183403100795475,4.35610016899597e-07,0.000813578211492182,0.00319538517371579,1.42013698159533e-05,1.19181317892728e-05,1.24364015806167e-09,5.00340399636609e-06,2.42334836709391e-05,-1576.41509912508,0.0842323958886537,0.0649782287712105,0.9875,0.452948100591197
"quadratic",800,"sir_collapsed",190,17.804,3181.15447158189,3375.7884082101,2270.48703272657,1822.49369864435,6933.42707696944,3327.83769969934,7009.81530200027,3217.89721242708,178.676391349241,189.608425534155,127.526793570353,102.364283230979,389.430862557259,393.721371714236,0.00196505432404727,0.00183899396791663,4.74526062262778e-07,0.00081745063378386,0.00331077543438081,1.90390887260325e-05,1.15970835179007e-05,4.61349246083913e-08,4.74319472411844e-06,2.68693033609029e-05,-1563.74619403972,0.0841118738826035,0.0686831059600922,1,0.454817352698619
"quadratic",800,"sir_collapsed",191,18.179,3445.03537987782,3721.98379404942,2159.90929626316,1616.88911566625,7208.7194950291,3297.09530900288,7091.4268376272,3542.17099333903,189.506319372783,204.740843503461,118.813427375717,88.9426874782026,396.541036087194,390.088939855174,0.00237902714008367,0.00221268386778368,8.22628544049169e-07,0.000886354871449215,0.00412939088862009,2.51910800133131e-05,1.29094497575499e-05,4.38215635076433e-08,4.75946295151248e-06,3.625486872489e-05,-1592.15397955905,0.078416154096324,0.0642115178526423,1,0.478012713375675
"quadratic",800,"sir_collapsed",192,17.651,2752.56305391026,2865.28100779554,2108.50122027497,1385.74005657374,7031.45206429416,2965.91653853661,6870.5910533574,2710.33485072431,155.943745618393,162.329670148747,119.455057519403,78.5077364780319,398.359983247077,389.246561291564,0.00211643551099307,0.00198715890340572,5.59462473639812e-07,0.000906473642621768,0.00350464005208203,1.91831905625831e-05,1.22730361608535e-05,9.56593361236589e-09,4.7332913576395e-06,3.16737831458162e-05,-1574.18436203974,0.0907615870708934,0.0748764179080381,0.98125,0.460586134829186
"quadratic",800,"sir_collapsed",193,17.719,2931.1192289862,2957.03969177298,2753.11325034415,2173.50218117339,6831.80799451119,2998.17519299247,6841.86910732535,2735.06885438415,165.422384388859,166.885247010157,155.376333333944,122.665059042462,385.563970568948,386.13178550287,0.0018060627422613,0.00170061871286185,3.67910781856606e-07,0.00082160856576117,0.0030392756082727,1.609804036532e-05,1.14789879678905e-05,1.89694926603579e-08,4.77269979087155e-06,2.54462900840051e-05,-1549.25827329883,0.0931453894979399,0.077327612840941,0.975,0.452792659262454
"quadratic",800,"sir_collapsed",194,17.647,2642.19768340643,2713.29872096738,1883.78505418939,1583.85975694747,7027.36341572518,2773.23656696306,6921.39599702675,2428.41793022487,149.725034476479,153.75410670184,106.748175564651,89.752352068197,398.218587619719,392.213747210673,0.00219327506625398,0.00204038679356045,6.44385668581199e-07,0.00095375631455405,0.00386945701475739,2.08550507167384e-05,1.22804168925967e-05,1.61343423754797e-08,4.42454966425473e-06,3.21441124761241e-05,-1570.45272448341,0.0765825045923876,0.0603145420143895,0.99875,0.472019786750374
"quadratic",800,"sir_collapsed",195,17.522,3212.49899991911,3483.52254664855,2281.02988381226,1564.19610658074,7240.30973660262,3228.75369464014,7178.24946394855,3359.83131907776,183.34088573902,198.808500550653,130.18090878965,89.2704090047221,413.212517783508,409.670669098764,0.00249246068679913,0.00232038362157432,9.35411387172722e-07,0.000880739718884704,0.0043223183894303,2.43690777111657e-05,1.33439741042912e-05,1.02611854875004e-07,4.43617069049688e-06,3.39989894614874e-05,-1580.23278032724,0.111324975366842,0.0928959071335294,0.98625,0.478651647155327
"quadratic",800,"sir_collapsed",196,17.601,2595.35468060163,2960.87639426824,2613.93310517386,1873.68783717879,7005.96722939156,2677.12401150407,6944.28500139307,2666.85162165212,147.454956002592,168.222055239375,148.510488334405,106.45348770972,398.043703732263,394.539230804674,0.0020594951482284,0.00192408458081651,5.40734357229096e-07,0.000854320373514828,0.00353976914333202,1.84308150561432e-05,1.24978237157436e-05,6.34114451016664e-09,4.91739977691064e-06,3.04910858933406e-05,-1570.99277846236,0.087694802618787,0.0684120196924583,0.99375,0.464398739414614
"quadratic",800,"sir_collapsed",197,17.831,3179.51212538944,3286.11497278123,2200.53436398992,2041.26878926761,7296.46413016661,3335.38765867695,7197.49913516295,3085.38539150655,178.313730323002,184.292242318503,123.410597498173,114.478648941036,409.201061643576,403.650896481574,0.00253013022293579,0.00233642135435072,9.64663325990596e-07,0.000988870014199059,0.00443518860224151,2.15805665186617e-05,1.29323961497542e-05,1.33106414568549e-08,5.1606109504097e-06,3.66881688833793e-05,-1592.52307131799,0.107456131890421,0.0900557850583424,0.98625,0.483611643077133
"quadratic",800,"sir_collapsed",198,17.766,2959.4817349939,3157.56878239209,2773.47323073098,2213.60328589291,6807.58207391954,3158.71160067911,6793.3791174159,2929.29560727121,166.581207643471,177.730990790954,156.111292960203,124.59773082815,383.180348638948,382.380902702685,0.00174579660870585,0.00164650319441863,3.32938875911835e-07,0.000818009351016721,0.00291247584841443,1.51160785190209e-05,1.15876592764002e-05,3.7302606236122e-09,5.27947321033287e-06,2.37890960884958e-05,-1549.60792804377,0.0884553982849761,0.0699525245500828,1,0.446793308620975
"quadratic",800,"sir_collapsed",199,17.909,3611.86506745775,4075.95644374351,2317.36078436372,1564.43851881158,7397.33656680347,3747.68311174582,7347.41569716357,3670.69889861865,201.678768633522,227.592631846753,129.396436672272,87.3548784863244,413.05134663038,410.263872754681,0.00286550670290763,0.00264044707085819,1.28603364860578e-06,0.00104732922984621,0.00521680302547674,2.33455412991231e-05,1.39173257362561e-05,1.36622621464694e-08,3.87361358661242e-06,3.80416461158681e-05,-1570.47866593007,0.103591076841823,0.0826015404675977,0.98125,0.493978585010674
"quadratic",800,"sir_collapsed",19,17.84,3453.35167637618,3553.40013891041,2792.10638923871,1803.03837214335,7114.70538657585,3709.76700029995,7062.77515792262,3263.12072535721,193.573524460548,199.181622136234,156.508205674815,101.067173326421,398.806355749768,395.89546849342,0.00218160674311037,0.00203557497534447,6.28076576818626e-07,0.000872298240521052,0.00377785367669339,2.00735678990544e-05,1.228272097322e-05,6.70828701896283e-09,4.0740760570609e-06,3.27833100224481e-05,-1568.04245796805,0.0795473946477877,0.0632528265361173,1,0.468765359593968
"quadratic",800,"sir_collapsed",1,17.877,2909.87404602032,3020.33008313624,2676.67279151556,1670.834938819,6887.96676085967,3078.02114402292,6817.7780072372,2788.98965576038,162.771944175215,168.950611575557,149.727179701044,93.4628259114503,385.297687579553,381.371483315836,0.00187007521478594,0.00175782246574476,4.10063072208126e-07,0.000820365895299898,0.00313021208919966,1.6651497583993e-05,1.16658368733639e-05,7.531803319054e-09,5.25492740409189e-06,2.81717554655012e-05,-1591.21394055067,0.0981670816143997,0.0757095230823111,0.9925,0.449774753689969
"quadratic",800,"sir_collapsed",200,17.772,3462.69797605124,3626.21264385766,1820.03190211764,1813.73318132391,7166.97257429414,3697.47752533577,7137.09828753112,3248.1133804439,194.840084180241,204.040774468696,102.410077769392,102.05565953882,403.273271117158,401.592296169881,0.00246702408442361,0.00231526375060464,8.6109147818805e-07,0.00104152893480145,0.00433478450730164,2.11287395461943e-05,1.32137789781979e-05,8.17288143362598e-09,4.94785596821684e-06,3.60872942189256e-05,-1586.09561939779,0.103710212385422,0.0797850876359262,0.98,0.483077111317523
"quadratic",800,"sir_collapsed",20,17.721,2745.15405106428,3057.58172332526,2502.48047776801,1605.50090073138,7254.33395637826,2894.06895052688,7186.4380694744,2821.32748265604,154.9096580929,172.54002163113,141.215533986119,90.5987755054105,409.363690332276,405.532310223712,0.00242398434310619,0.00224033531559838,8.81376547046312e-07,0.000945681584659047,0.00425300810626547,2.3781564495711e-05,1.25004018726544e-05,4.3519440073863e-08,4.45976710388e-06,3.53368032285833e-05,-1608.357139915,0.0839467497479852,0.0612089590658425,0.9925,0.479338181112943
"quadratic",800,"sir_collapsed",21,17.601,2580.22430679754,3028.63577611876,2872.97310649054,1832.93254183779,6907.81037774048,2704.13235177187,6878.18197803273,2583.71742475254,146.595324515513,172.071801381669,163.227834014575,104.137977492062,392.46692675078,390.783590593303,0.00194310533763641,0.00182206365359347,4.50286874946234e-07,0.000888830189473968,0.0033225957511024,1.69096826970229e-05,1.21654342086002e-05,3.42916894315121e-09,4.16202165401975e-06,2.98248572485539e-05,-1550.50849083333,0.0885348719906607,0.071272091590927,0.9925,0.458160751768091
"quadratic",800,"sir_collapsed",22,17.693,3146.66283838786,3370.27400242462,1357.49604959902,1702.32187164204,7123.35638763516,3354.82733883416,7077.28799385355,3191.25978581853,177.847896817264,190.486294151621,76.7250353020412,96.2144278325912,402.608737220096,400.004973371025,0.0021250640153594,0.0019834845256072,5.84459632871862e-07,0.000981303286097777,0.00378873401884165,1.80484626038335e-05,1.22437738093992e-05,8.54243949526413e-09,4.66771119561083e-06,2.84475126646192e-05,-1641.78813312088,0.0941478856776948,0.0739412148179462,0.97375,0.460937509643407
"quadratic",800,"sir_collapsed",23,17.637,2827.02706138837,2798.89328994669,2668.19215666751,1415.63492270454,6851.65868474573,2870.36292152734,6810.74089747392,2668.04344993448,160.289565197504,158.694408910058,151.283787303255,80.2650633727133,388.482093595608,386.162096585242,0.00184033017446339,0.00172233776097639,4.02221223517925e-07,0.00086198421717425,0.00315387859551946,1.81917584882107e-05,1.17550338554837e-05,4.85159122081805e-09,3.76384995711718e-06,2.93765997468864e-05,-1578.78513649286,0.0832247008001523,0.0675064250693254,1,0.449616549530416
"quadratic",800,"sir_collapsed",24,17.724,2954.43717116782,3354.14814879688,2344.36555523814,1346.46323030828,6878.72508498126,3183.75625833788,6872.59279870838,3014.08485647416,166.691332157968,189.243294335188,132.270681293057,75.9683609968563,388.102295474005,387.756307758315,0.00191100819330687,0.0017978769098007,4.44224808962917e-07,0.000834944567087591,0.00323892822418023,1.67252815123723e-05,1.15368344522124e-05,4.74799355826764e-09,5.31184803160306e-06,2.62280670383666e-05,-1551.15203557977,0.0787079319543763,0.0626216049076003,1,0.455360625623516
"quadratic",800,"sir_collapsed",25,17.693,3186.03112309665,3555.02779393966,2166.28584244843,1919.70838236866,6888.53529830329,3328.441363177,6799.89399496651,3259.56784048136,180.072973667363,200.928491151284,122.437452238085,108.501010703027,389.336760204787,384.326795623496,0.0020947700845762,0.00195959471112749,5.81324147268928e-07,0.00083630843198096,0.00357367515839927,2.26542612655587e-05,1.23875373076932e-05,7.72939109159428e-08,4.92185519816681e-06,3.25253804464427e-05,-1551.09902559225,0.121159778579342,0.0970610151832353,0.97,0.47098199273007
"quadratic",800,"sir_collapsed",26,17.588,2844.16093455082,3123.55396516001,2542.25113060089,1647.3021444481,6856.95357544366,2737.23938067354,6763.48287219249,2707.26931264198,161.710310129112,177.5957451194,144.544640129685,93.6605722338012,389.865452322246,384.550993415538,0.00197574126035124,0.00184105334099411,4.95114285641267e-07,0.000889477303996008,0.00341156205701467,2.01477619760852e-05,1.22978134524433e-05,1.38929606617142e-08,5.08790192428919e-06,2.94678421539192e-05,-1581.00053363351,0.0900168590604339,0.0700586729546162,0.99125,0.459216076758755
"quadratic",800,"sir_collapsed",27,17.569,2806.31352123118,3061.47202333171,2104.42810733368,1189.1787237699,6830.80036100295,3098.7976000534,6822.05954714458,2834.89475713197,159.730976221252,174.25419906265,119.78075629425,67.6861929404009,388.798472366267,388.300958913118,0.00206843790380583,0.00193786198267404,5.48144595051482e-07,0.000913026729620634,0.00360952714501251,2.46218502819651e-05,1.22002192681178e-05,4.99336539353431e-08,4.62639772362197e-06,3.47064022441752e-05,-1569.80346091992,0.0918105324936467,0.0730696425938199,0.9825,0.465044059747024
"quadratic",800,"sir_collapsed",28,17.644,2465.31131100457,2829.72101184513,2659.72731230696,1550.08763843805,6875.13698694199,2613.00150790904,6880.55750571146,2583.17293765255,139.725193323769,160.378656304984,150.74400999246,87.8535274562488,389.658636757084,389.965852738124,0.00196970746891314,0.00186310382156366,4.39430922907814e-07,0.000923434029277609,0.00335198707345221,1.77877281531185e-05,1.19331321202759e-05,1.66511518919129e-08,4.24947704329117e-06,2.70378483741903e-05,-1566.57065325686,0.0809526637259801,0.0645813048768736,0.995,0.457133907922085
"quadratic",800,"sir_collapsed",29,17.822,2923.23909513903,3053.79224413679,1791.46477064201,2147.85729465607,7078.69123685678,3127.26925259091,7062.34209789859,2867.16471094143,164.024188931603,171.349581648344,100.519850221188,120.517186323424,397.188375987924,396.271018847413,0.00226340597943802,0.00210515917408846,7.26618832598115e-07,0.000911363089981219,0.00393643643527865,1.6442146482752e-05,1.27575156706813e-05,1.96004199553339e-09,5.34240110507933e-06,2.9744592755658e-05,-1570.71246982635,0.106636412462926,0.075933450540277,0.96375,0.473979213065993
"quadratic",800,"sir_collapsed",2,17.661,3223.51024980163,3223.60262376754,2548.57177348394,2714.82397290332,6873.77925165432,3201.10614108898,6866.76084463922,2925.22451201353,182.521388924842,182.526619317566,144.305066161822,153.718587447105,389.206684313138,388.809288524954,0.00191253440237235,0.0017866102748791,4.41794587617123e-07,0.000869855692803182,0.00332117372497534,1.4424654879706e-05,1.19710755102853e-05,4.7429509900515e-10,4.90325526007452e-06,2.5415844339997e-05,-1561.87862183668,0.107450856481331,0.0867157517565463,0.9825,0.459006784916724
"quadratic",800,"sir_collapsed",30,17.902,3024.55636856748,3160.61875666734,2599.43423164668,2847.88681604136,6918.29073321087,3185.66012770734,6907.45525746751,2804.15239722093,168.950752349876,176.551153874837,145.203565615388,159.082047594758,386.453509843083,385.848243630181,0.00191654286159381,0.00181287590191627,4.2919294069177e-07,0.000825263990258901,0.00319690076371359,1.48041679694289e-05,1.24171129598501e-05,3.82679113629205e-10,4.60354309232075e-06,2.62148879113893e-05,-1554.76826478776,0.116556434285446,0.0896014297468955,0.9425,0.457158428814592
"quadratic",800,"sir_collapsed",31,17.715,3954.05765961203,4044.85152543332,1711.03993844885,2153.64208294428,7403.83037943221,3719.26032438754,7509.2267350589,3579.01597434718,223.203932238895,228.329185742778,96.5870696273694,121.571667115116,417.941314108508,423.89086847637,0.00275829363773374,0.00258003512708894,1.04917352080073e-06,0.00106052003776063,0.00479588669963264,1.82626304762076e-05,1.32286844702329e-05,2.83576412743849e-09,4.82798557393537e-06,3.30400976298754e-05,-1572.14623534996,0.0889748982446207,0.0700280894077473,0.99625,0.489511778223639
"quadratic",800,"sir_collapsed",32,17.706,2018.89755012869,2310.8956868281,2020.54120614112,2113.65314102518,6767.42561731146,2034.05399099059,6681.70097709484,1940.61995851843,114.023356496594,130.51483603457,114.116186950249,119.374965606302,382.210867350698,377.369308544835,0.00187405756305444,0.00175687232944425,4.17806327265242e-07,0.000842854934149579,0.00319833917825494,1.73039280855979e-05,1.23711288214449e-05,2.99207165960374e-08,4.38093895604496e-06,2.72191936147379e-05,-1615.00202563948,0.0952950591810112,0.0769917348234535,0.98875,0.460331231741442
"quadratic",800,"sir_collapsed",33,17.692,3038.72853972077,3179.03993702524,2395.08671011517,1578.71091098316,6873.6063328715,3208.47763804313,6832.89994689887,2921.83283422125,171.757208892198,179.687991014314,135.376820603389,89.2330381518854,388.514940813447,386.214105070024,0.00190988708983246,0.00178812419039053,4.51902206563629e-07,0.00079414816258485,0.00317898635532499,1.66267392280055e-05,1.19711031763359e-05,2.32983909516565e-09,4.64873697666308e-06,2.84440320042197e-05,-1591.11252788381,0.100487581505772,0.0826192017649454,0.9925,0.457894834359368
"quadratic",800,"sir_collapsed",34,17.794,3641.43135520343,3656.17858002291,2804.6207989408,1934.90013165377,6937.62261889705,3219.57187330135,7013.73718198242,2895.40140420988,204.643776284333,205.472551423115,157.616095253501,108.738908151836,389.885501792573,394.163042710038,0.00203521927701699,0.00191980712404162,5.18346494236556e-07,0.000850129378931104,0.00345301498899127,1.67897854500685e-05,1.18250005333928e-05,8.45582259368119e-09,4.47928702032312e-06,2.79662194547258e-05,-1591.24274286102,0.091974912973495,0.0710298663108153,0.98,0.462634916971801
"quadratic",800,"sir_collapsed",35,17.864,2478.67868659658,2529.09470124785,2622.19827026013,1812.6538268815,6851.00736013129,2619.12472771234,6795.70325989328,2439.03523632183,138.752725402854,141.574938493498,146.786737027549,101.469649959779,383.509144655804,380.413303845347,0.00193524033919944,0.00182260521661741,4.55569434422952e-07,0.00081724829211632,0.00319496577334898,1.80374860807763e-05,1.23814764364877e-05,4.27282527583077e-09,4.74164048646952e-06,3.05886315592777e-05,-1540.94684089737,0.092226838788828,0.0714560725972624,0.99125,0.459247693159714
"quadratic",800,"sir_collapsed",36,17.754,2603.46342002564,2892.29943559012,2345.44699408586,1858.71000481731,7102.9681651518,2855.39625218288,6982.41961235622,2870.13896956443,146.640949646594,162.909735022537,132.108087985009,104.692463941495,400.077062360696,393.287124724356,0.00236794725686167,0.00219360366936761,8.22293570711708e-07,0.000911435654298722,0.00412991220822728,2.26126762731255e-05,1.2909352820284e-05,2.31797750398969e-08,4.66557439905678e-06,3.68143539035085e-05,-1571.95803865328,0.100842197314317,0.08128891350019,1,0.477856089493903
"quadratic",800,"sir_collapsed",37,17.876,2775.09439217998,3028.66889589135,2381.48070397411,1367.10047065941,6812.57413547101,2951.40999842541,6816.70057435199,2655.48746672106,155.241351095322,169.426543739726,133.222236740552,76.4768667856016,381.101708182536,381.332544996195,0.00206352416312805,0.00191870712273815,5.52166236549451e-07,0.000900884909213846,0.00354920890100572,2.31249825942369e-05,1.25131622824309e-05,3.36156605074048e-08,4.58461283889914e-06,3.3362475114516e-05,-1574.58139128625,0.0731203782108229,0.0585451945643607,0.99625,0.463656681070734
"quadratic",800,"sir_collapsed",38,17.599,3388.26573293154,3554.81101798405,2100.0386578388,1635.86205246807,7116.73487238108,3640.38392690586,6984.24179464245,3304.95516771723,192.526037441419,201.989375418152,119.327158238468,92.9519888896,404.382912232575,396.854468699497,0.00238420756321066,0.00225447197921156,7.12871466885764e-07,0.000925510705313039,0.00400501955713554,1.81910934807206e-05,1.35035819436552e-05,1.4684050474254e-09,4.09739864363915e-06,3.34098977904591e-05,-1558.48131065552,0.0969545334685744,0.0762610244963037,0.98125,0.480828545257187
"quadratic",800,"sir_collapsed",39,17.653,2769.20016673614,3266.65096201336,2601.8643424652,1703.04184291243,6794.20265400452,2893.00950160836,6707.3935968802,2862.01639154626,156.868530376488,185.04792171378,147.389358322393,96.4732251125833,384.875242395316,379.957718058132,0.00185935347597258,0.00174895950656012,4.06566210463017e-07,0.000868832321875485,0.00312819326329846,1.74605049126396e-05,1.21236032946652e-05,2.83680650645817e-09,3.87020066830431e-06,3.01094302903445e-05,-1569.03511606393,0.0735920684204028,0.0548331843558332,0.99375,0.453747275968863
"quadratic",800,"sir_collapsed",3,17.693,2747.42363603713,3169.47449284015,2834.32524760436,2208.86807282867,6970.10147401273,2873.16956716862,6883.88744296577,2902.56945225095,155.283085742222,179.137200748327,160.194723766708,124.844179778933,393.946841915601,389.074065617237,0.00197230073047551,0.00186127980493993,4.64572970493444e-07,0.000864375789109688,0.00329147569938262,1.60302211471922e-05,1.18027423454901e-05,1.89735381418408e-09,4.54063795986976e-06,2.92303742588405e-05,-1568.95299108038,0.102173781465819,0.074885602575659,0.96,0.46135968037346
"quadratic",800,"sir_collapsed",40,17.688,2596.5523166515,2984.64286545104,2555.052037561,2084.71091980612,6935.81960225079,2804.07510467949,6915.1365125508,2669.10261395187,146.797394654653,168.738289543817,144.451155447818,117.860183164073,392.120058924174,390.950730017571,0.00200922929983289,0.00186655007559044,5.30392468542914e-07,0.000837441561235797,0.00343703362222862,1.86025780933113e-05,1.20349064764017e-05,2.4614397004673e-08,4.23997985675736e-06,2.77259589663313e-05,-1563.76927192637,0.0858003878593103,0.0606440850726165,0.98,0.459875137173532
"quadratic",800,"sir_collapsed",41,18.037,2611.33391392792,2810.49485805928,2503.90259100939,1730.79702431022,6968.9312050594,2747.19723402822,6887.28969714048,2675.61071114334,144.776510169536,155.818310032671,138.820346565914,95.958142945624,386.368642515906,381.842307320534,0.0021325112256923,0.00199919399304855,6.04372216173811e-07,0.000899308024036176,0.00369156743275619,2.05712416989255e-05,1.2387738325401e-05,1.02728894576969e-08,3.73382652879888e-06,3.43130230743269e-05,-1580.76736870876,0.122595319983219,0.0986942291950771,0.96625,0.473387293753528
"quadratic",800,"sir_collapsed",42,17.792,3171.30105370972,3677.7465883147,2515.97271061994,2213.8294468649,7180.8955741863,3232.98490392951,7126.23519224923,3234.70016389602,178.243089799332,206.707879289271,141.410336703009,124.428363695195,403.602494052737,400.530305319763,0.00230837558192974,0.00215930432195298,7.50708025050506e-07,0.000921896263092263,0.00402012084715622,1.81778572869391e-05,1.28745336312982e-05,3.1958625269616e-09,4.08245744389478e-06,3.14043310270318e-05,-1584.3688465314,0.099980970726191,0.0761858796114643,0.9725,0.47301576321426
"quadratic",800,"sir_collapsed",43,17.861,2828.46495830185,2970.8068404409,2416.76377343987,2043.88318357089,6939.26655796967,2980.00540093649,6993.8264984088,2730.14099524856,158.359831941204,166.329255945406,135.309544451031,114.432740807955,388.515008004573,391.569704854644,0.00214182309968494,0.00201331369363253,5.80627513800768e-07,0.000881411926109723,0.00363450490520809,1.78934220068018e-05,1.26515550734199e-05,1.43208338692674e-08,4.95367174830511e-06,3.07094023005777e-05,-1555.4745990575,0.100214782550786,0.0803103473083465,0.98875,0.466184092122805
"quadratic",800,"sir_collapsed",44,17.787,2622.17691763869,3111.50079773526,2545.94240545014,2141.77679124224,7021.72436061063,2765.39959316716,7024.52417010716,2867.06953504097,147.420976985365,174.931174325927,143.135009020641,120.412480533099,394.767209794267,394.924617423239,0.00210674793855706,0.00196114163330476,5.98211993700864e-07,0.000809141693348953,0.00360398400718695,1.64442037256817e-05,1.24066390199505e-05,1.52061863661167e-09,4.66905025414e-06,2.93613196844355e-05,-1563.65840717466,0.107757589657706,0.0868346034742022,0.98875,0.471040300655605
"quadratic",800,"sir_collapsed",45,17.773,2497.81546628016,2662.82538311115,2677.96962839459,1687.26841740124,7016.90005021225,2669.07170886327,6962.44433411845,2437.96123401986,140.539890073716,149.824193051885,150.676285849017,94.9343620886312,394.8067321337,391.742774664854,0.00217825291447102,0.00204349626445425,6.30529835434595e-07,0.000904789007393356,0.00371879462242167,2.04954293135696e-05,1.30148887025215e-05,8.07822228279247e-09,4.55604069591185e-06,3.20009919368277e-05,-1578.05155005034,0.0960553302180062,0.0825840576906264,1,0.469155063928135
"quadratic",800,"sir_collapsed",46,17.783,2978.88633852954,3424.18751142265,2323.17318196878,1640.74229987679,6873.87311929195,3197.63490544169,6842.27267468757,3151.36692117956,167.513149554605,192.553984784494,130.640115951683,92.2646516266539,386.541816301634,384.764813287273,0.00193434220892497,0.0018142984636963,4.57932537641467e-07,0.00085980721830218,0.00333456878067183,2.07723914455256e-05,1.20253446745625e-05,2.58466300188875e-08,4.50916170013526e-06,3.15468912541009e-05,-1592.86714818992,0.0726805739699917,0.0550082680144186,1,0.458601077176578
"quadratic",800,"sir_collapsed",47,18.024,2732.43632141186,3201.11822563216,2736.78772298578,1681.96948743445,6999.45010303947,2923.88335068228,6913.52455744443,3093.05142562067,151.599884676645,177.603097294283,151.841307311683,93.3183248687555,388.340551655541,383.57326661365,0.00220242043559998,0.00206569666965261,6.33217389756368e-07,0.000885984150043922,0.00376334712219338,2.10226656206911e-05,1.28326315851645e-05,1.50125316874083e-08,4.58599370721718e-06,3.29692346729326e-05,-1603.21198033434,0.104754167475824,0.0800465220802816,0.9775,0.469430023414376
"quadratic",800,"sir_collapsed",48,18.201,2918.59208864517,3042.21054718926,2497.92706552749,1665.34921778659,6854.16398330609,3127.93312253823,6872.64506074736,2887.59224784317,160.353392046875,167.145241865241,137.241199138921,91.4976769291025,376.581725361578,377.597113386482,0.00185318555391103,0.00173162192237325,3.97888099007385e-07,0.000820175949282147,0.003111648177859,1.79491577426068e-05,1.15107612699094e-05,1.28050342445819e-08,4.08186286268105e-06,2.56632509093565e-05,-1548.19056346603,0.0727160146654492,0.0584690372914398,1,0.453211784334022
"quadratic",800,"sir_collapsed",49,17.77,2711.99861633195,2962.36504909461,2207.67405912595,1840.37153384057,7105.78487186872,2895.4754687159,6972.71191801303,2620.34731759251,152.61669197141,166.705967872516,124.236019084184,103.566208994967,399.875344505837,392.38671457586,0.00217264010721352,0.00203047487964768,6.14309694583904e-07,0.000945186127503919,0.00374854227138073,1.93528805663454e-05,1.21480672859902e-05,1.67920516307799e-08,4.88944621444632e-06,2.99875917805781e-05,-1599.90547929853,0.084032269081501,0.0671319514443094,0.99,0.468022130600106
"quadratic",800,"sir_collapsed",4,17.77,2701.19657588655,2954.57168061297,2206.48460903449,1527.26463032982,7121.8682920054,2825.3137215225,7097.34252584287,2794.90271322319,152.00881124854,166.267399021551,124.169083232104,85.9462369347115,400.780432864682,399.400254690088,0.00229848244288622,0.00212719691796777,7.4559027849579e-07,0.000943299589516234,0.0040488187112301,2.45105032909735e-05,1.2525294055445e-05,7.67256601070661e-08,4.55132637968511e-06,3.74762482266137e-05,-1596.7996052179,0.0921743086806239,0.0711857193224312,0.98125,0.470221781925535
"quadratic",800,"sir_collapsed",50,17.893,2991.3471417252,3223.09925860456,2788.1390128113,1940.77742964218,6808.55656112639,3128.75436585471,6857.83853123415,2968.78745150555,167.179743012642,180.131853719586,155.822892349595,108.465736860346,380.515093116101,383.269352888513,0.00178994413139879,0.00168463321990828,3.6918130940551e-07,0.000766050390080265,0.00296367493288897,1.62385343686686e-05,1.13074540060832e-05,1.02427999676452e-08,5.04035206434237e-06,2.69634590346324e-05,-1565.64318010992,0.05674444113139,0.0471265471948536,1,0.45016163284682
"quadratic",800,"sir_collapsed",51,18.181,3329.28380039074,3603.50416592743,2206.50070283677,1717.62941864047,7111.47016810601,3557.91575011513,7016.37839457103,3362.76153195764,183.118849369712,198.201648200177,121.362999991022,94.4738693493467,391.148460926572,385.918178019418,0.00238705330309661,0.00224095310665187,7.71717957498933e-07,0.00102854003479031,0.00422561577218162,2.05882711529147e-05,1.34295590395387e-05,5.79028149679581e-09,3.61741099069736e-06,3.60316478213916e-05,-1539.78645897242,0.0982022761777908,0.0795442077669975,0.99875,0.480306654909225
"quadratic",800,"sir_collapsed",52,17.722,2738.80782072812,2673.92410873362,2321.65942076059,1745.13108876764,6908.54396313282,2794.35546817687,6879.8719689521,2478.66380214738,154.542818007455,150.881622205937,131.004368624342,98.472581467534,389.828685426748,388.210809668892,0.0020659567080796,0.0019346451718447,5.42283628870332e-07,0.000821293368705006,0.00347228267085176,1.92791111483024e-05,1.27060647071143e-05,8.10923872486281e-09,4.79041581175915e-06,3.31226941909205e-05,-1560.99267736639,0.120596498883574,0.0918567646140945,0.97125,0.470447961108078
"quadratic",800,"sir_collapsed",53,17.748,2583.03695502977,2444.09328930528,2295.21829830114,2014.96848654586,7151.01387481758,2815.2606942171,7009.45020784809,2326.4867813122,145.539607563093,137.710913303205,129.322644709327,113.532143708917,402.919420487806,394.943103890471,0.00228402022376287,0.002137781879856,7.55252829291938e-07,0.00091401037503222,0.00401794581062965,1.97838697803838e-05,1.29994309353648e-05,1.66074686517033e-08,5.25367006885941e-06,3.43925128812885e-05,-1610.10988496615,0.0972667419049205,0.0789109824689393,0.98,0.471180346210455
"quadratic",800,"sir_collapsed",54,17.54,3533.75024393378,3632.20454858867,2037.59260498176,1663.50712037022,7111.10035599563,3422.67464349576,7143.92113017883,3308.46693229297,201.46808688334,207.081217137325,116.168335517774,94.8407708306851,405.421913112636,407.293108904152,0.0023602129080065,0.00220148104884395,7.86632030094634e-07,0.000939800703866589,0.00415068678417565,1.91871579084339e-05,1.27726787586187e-05,8.70264134565657e-09,4.83250462578845e-06,3.17826943151342e-05,-1573.37604085755,0.0911638603439196,0.0748103456637509,1,0.480461980221818
"quadratic",800,"sir_collapsed",55,17.924,2860.94054456809,3048.83851763746,2677.1129330305,1705.30458432641,6801.13472697409,3096.90737311856,6761.28103369002,2836.20262013448,159.61507166749,170.098109665111,149.359123690611,95.1408493821922,379.44291045381,377.21942834691,0.00183986870364672,0.00172522726481745,4.02287724098742e-07,0.000835562370860109,0.00315267111812263,1.77536450208692e-05,1.16057290766643e-05,5.58616088928277e-09,3.88955148147714e-06,2.86407428176446e-05,-1588.81323182467,0.0696958360138684,0.0560386063211357,1,0.454977674302929
"quadratic",800,"sir_collapsed",56,17.709,3045.7133531296,3015.76653356815,2868.0084684406,1362.38040810702,6848.89718988668,3274.28994986585,6751.34269670814,2867.92959464963,171.98674985203,170.29569899871,161.952028259111,76.9315268003284,386.746693200445,381.237940973976,0.00189846622360749,0.00178884657605944,4.30583844237611e-07,0.000848238412279242,0.00321253737291106,2.0782331770673e-05,1.21476228366094e-05,1.31770879209587e-08,4.31792639123083e-06,3.35853296804193e-05,-1593.89525103493,0.104550550186334,0.0871511456737538,0.99375,0.454497460884702
"quadratic",800,"sir_collapsed",57,17.801,3040.82646907134,3089.62802486778,2831.40873006473,1464.32821903438,6944.71824485786,3261.82168222526,6837.17845008999,2988.35912609403,170.823350883172,173.564857303959,159.058970286205,82.2610088778369,390.130792924996,384.089570815684,0.00191270561112343,0.0018126797900808,4.16687678113051e-07,0.000864942914242112,0.00321318132360476,1.76288174556576e-05,1.19102177246367e-05,5.7234698203102e-09,5.03428621545634e-06,3.05504559651989e-05,-1587.11743485559,0.0897968184924982,0.075415125385478,0.9925,0.453549271223941
"quadratic",800,"sir_collapsed",58,17.997,2523.24808028977,2911.09975142852,2810.6040543548,2479.13140932633,6873.04564441415,2673.60781613759,6860.47280632165,2675.64649650436,140.203816207688,161.754723088766,156.170698136067,137.752481487266,381.899519053962,381.200911614249,0.00193549244952763,0.00182596547803202,4.43153036494462e-07,0.000844304761532367,0.00321335751330821,1.48432358723254e-05,1.21215812456016e-05,3.82197157961013e-10,4.75214071098943e-06,2.58645919727281e-05,-1553.58515985678,0.091626675418373,0.0709422605917068,0.98625,0.460635002042327
"quadratic",800,"sir_collapsed",59,17.958,2935.89779257298,3007.65792953234,1781.57316782268,1700.60585120807,7134.53933771187,3108.03864763578,7031.4669846459,2805.02277027128,163.48690235956,167.482900631047,99.2077719023655,94.6990673353417,397.29030725648,391.550672939409,0.00211174884627677,0.00195811635664037,6.43994530903583e-07,0.000876237967066738,0.00374725351360206,1.88907516305973e-05,1.24119939262869e-05,5.6534801783879e-09,4.96741232194867e-06,3.14078558931398e-05,-1576.41677624839,0.0794394042266046,0.061125210737185,1,0.467488197950304
"quadratic",800,"sir_collapsed",5,17.799,2641.97379878617,2993.96504667603,2613.7553051444,1843.08150444932,7119.54376301187,2762.6744405874,7050.70129316642,2780.08938922254,148.433833293228,168.209733506154,146.848435594381,103.549722144464,399.996840441141,396.129068664892,0.0022781798266669,0.00211952735182585,7.37641826807676e-07,0.000895347190621527,0.00394713837805083,2.2464556022128e-05,1.29219201812619e-05,1.8374082155866e-08,4.46989322812237e-06,3.53230201866684e-05,-1563.8037859663,0.088929194678991,0.0693968279343745,0.9825,0.471645206768064
"quadratic",800,"sir_collapsed",60,17.7,2568.35976680943,2925.55039089538,2835.97504121342,2147.68516220665,6855.71479485382,2797.98020606355,6770.36612620535,2630.09494425035,145.105071571154,165.285332818948,160.224578599628,121.338144757438,387.328519483267,382.506560802562,0.0019503239114408,0.00182618762591634,4.68093021862813e-07,0.000828037065208363,0.00331132867174636,1.73273356662076e-05,1.21830570265592e-05,5.52303181894221e-09,4.28468991076831e-06,2.90785601668504e-05,-1550.74146534407,0.0875207192558471,0.0711904204041053,1,0.461152024347884
"quadratic",800,"sir_collapsed",61,17.613,2653.75287082034,2812.58312852959,1990.13141433462,1758.08937113721,7099.08566611159,2824.09890256625,7010.60233048506,2739.19983224293,150.670122683265,159.687908279657,112.992188402579,99.8177125496628,403.059425771396,398.035674245447,0.00219523315921129,0.00205481419824681,6.69111803803407e-07,0.000861621400264124,0.00376654141029958,2.09887879822651e-05,1.2572189914074e-05,1.86667880195842e-08,4.39539663627196e-06,3.1678233425421e-05,-1599.71904446333,0.111837691509006,0.0871358222047725,0.95625,0.465096820363074
"quadratic",800,"sir_collapsed",62,18.226,2921.31703653318,2998.42927910323,2696.50425271662,1972.17550798707,7119.60567413291,3087.10187208411,7058.70567417841,2767.34520906318,160.282949442181,164.51384171531,147.948219725481,108.206710632452,390.629083404637,387.287702961616,0.00208151862382639,0.00196746662975339,5.37999568844825e-07,0.000864672020962853,0.00350556668348674,1.91006057121988e-05,1.23204780327617e-05,6.79649051623929e-09,4.50951140608501e-06,3.17564696199083e-05,-1592.24771985687,0.0947433705925662,0.0763606071459995,0.99875,0.460522929171869
"quadratic",800,"sir_collapsed",63,17.744,3422.05349569015,3720.00011181912,2093.09680339533,1531.60172190559,7558.64048674793,3684.22724615507,7433.35757670152,3289.65685899389,192.856937313466,209.648338132277,117.960820750413,86.3165983941381,425.982894879843,418.922316090032,0.00304030231251289,0.00279209096309929,1.58767941551604e-06,0.00106231443560499,0.00554942020933936,2.42821613199235e-05,1.36763848730681e-05,2.3665672247394e-08,4.39148277023932e-06,3.86121303380474e-05,-1570.85069827387,0.102997482239086,0.0862752532513687,0.995,0.50287812343642
"quadratic",800,"sir_collapsed",64,17.602,2870.43967262137,2915.00679323899,2596.70404906545,1399.56285970313,6948.91886175621,3209.31229196879,6911.7106324814,2779.88209237742,163.07463200894,165.606567051414,147.523238783403,79.5115816215847,394.780073955017,392.666210230735,0.00216971385018953,0.00201971793684315,6.44150410655165e-07,0.000874707044067523,0.00378868800067412,2.36860969247582e-05,1.27983740584371e-05,1.16929565846687e-07,4.55535177344469e-06,3.7261662904057e-05,-1569.22817879446,0.0959686862040156,0.0703336990729643,0.9775,0.471115754137709
"quadratic",800,"sir_collapsed",65,17.624,2221.74251957052,2504.29971307557,2594.97990975613,1496.98180380918,6697.09822064686,2286.7682931586,6657.39480711772,2212.2919679945,126.063465704183,142.095989166794,147.24125679506,84.939957093122,379.998764221905,377.745960458336,0.00179842150350296,0.00168571174070822,3.60730991880962e-07,0.000861386508665444,0.00304352685838832,1.57381667457707e-05,1.19370855554521e-05,1.31102489333631e-09,5.02294235714026e-06,2.83270077715258e-05,-1565.54004217435,0.083431371334581,0.0625823628594643,0.99,0.451603257461949
"quadratic",800,"sir_collapsed",66,17.65,2982.72365904161,3162.75617110905,2520.10435188094,1272.99438114028,6789.76269048858,2994.63147025904,6705.58825209102,2925.7481762947,168.992841872046,179.192984198813,142.782116253877,72.1243275433589,384.689104276974,379.920014282777,0.00199362733853457,0.00186200608239902,5.04629267558848e-07,0.000900564205454969,0.0034114847672998,2.51799318400267e-05,1.25968301733624e-05,2.7790186047065e-08,4.51653689255362e-06,3.84138204460619e-05,-1591.2137563475,0.0960909150852953,0.0759012936650131,1,0.462382976404737
"quadratic",800,"sir_collapsed",67,17.627,2995.81865080771,3203.09837982473,2451.20721120646,1729.82221657826,6821.25364257045,3143.66540066477,6809.78486484482,2939.02268530263,169.956240472441,181.715458094101,139.059806615219,98.1348055016884,386.977570917936,386.326933956136,0.00185532861084437,0.00173766573293096,4.12730973216325e-07,0.000860344757026058,0.0031707282721562,1.85673493483658e-05,1.16810831321267e-05,1.7350575500161e-08,4.32430973246032e-06,2.81781240670705e-05,-1575.36429248168,0.0894243505434737,0.0711003342116465,1,0.455594076449394
"quadratic",800,"sir_collapsed",68,17.899,3688.50970620929,3753.08015021316,1953.20368716319,2079.11724624176,7339.56490292266,3618.09111158427,7333.22565865561,3629.1246409859,206.073507246734,209.680996156945,109.123620714185,116.158290756007,410.054466893271,409.700299382961,0.00246146913737698,0.00228451506925059,8.30612565099204e-07,0.00107341880912244,0.00428667246425266,1.60683546785701e-05,1.29587658682464e-05,1.01885890512495e-09,5.12049388164168e-06,2.73471615930522e-05,-1557.30254506381,0.100329314250186,0.0739566422960819,0.97875,0.483248492870162
"quadratic",800,"sir_collapsed",69,17.531,2970.53286503235,3166.35653683288,2195.6835789655,1917.15373304626,7034.7477761753,3190.57328255919,7018.41521025783,2910.16977808593,169.444576181185,180.614713184238,125.24576914982,109.357922140566,401.274757639342,400.34311849055,0.00212308778900953,0.00198491260149458,6.04365208960524e-07,0.000826128483156464,0.00360746917303341,1.86756588826864e-05,1.24659841903568e-05,5.94170005241355e-09,4.52923891278424e-06,3.25844209533316e-05,-1594.68434608715,0.0898327895854425,0.0730522377756871,1,0.464565512299385
"quadratic",800,"sir_collapsed",6,17.693,2920.47590909312,3256.79686100602,2183.01267889444,1765.37029900907,7018.05235314536,3094.7954804086,7036.47968785447,2937.67694819734,165.063918447585,184.072619736959,123.382845130528,99.7778951567889,396.657002947231,397.698507198015,0.0022144826751035,0.00207270598818676,6.90513858173238e-07,0.000938862431578523,0.00385420904849546,1.8473877064212e-05,1.2765919576642e-05,7.10201580771046e-09,4.96858772270147e-06,3.01819064072317e-05,-1549.13479370015,0.114338474734684,0.0901721310393028,0.96375,0.475492753876114
"quadratic",800,"sir_collapsed",70,18.154,2478.69054188223,3143.00633683015,2422.2621186164,1791.37453944981,6771.88704309139,2738.12451090719,6757.26990798756,2875.40558104887,136.536881231807,173.130237789476,133.428562224105,98.6765748292285,373.024514877789,372.219340530327,0.00190474474382027,0.00179993528425639,4.09961818269579e-07,0.000754273431941733,0.00309516653007354,2.08106450858619e-05,1.20879640902829e-05,1.09282203743411e-07,4.73195407624741e-06,2.84365375414654e-05,-1572.7360644755,0.074929860585681,0.0586082201121148,1,0.45672785543122
"quadratic",800,"sir_collapsed",71,17.681,3076.73359938964,3066.51376156445,1993.47550482766,1797.49585277426,7050.23574469168,3285.1964993921,6975.9418764057,2692.30032986631,174.013551235204,173.435538802355,112.746762334012,101.662567319397,398.746436552892,394.544532345778,0.00223715697905666,0.00209296010270242,6.31643834866463e-07,0.000868138993662121,0.00374480353261676,1.77011414093043e-05,1.28136815194807e-05,3.06546773612406e-09,5.5510198880486e-06,3.19150593332892e-05,-1541.71555000052,0.0852059302827721,0.0675583068112727,0.99875,0.470886080492585
"quadratic",800,"sir_collapsed",72,17.615,3245.2389020195,3315.8630680513,2247.59243297532,1779.92899490022,7112.56082690991,3524.94921338057,7117.5020235017,3129.94332380318,184.231558445614,188.240878118155,127.595369456447,101.046210326439,403.778644729487,404.05915546419,0.00209174927463582,0.00195556335251138,5.88992516938405e-07,0.000823593975651894,0.00356916745698538,2.08874993823236e-05,1.19799700338283e-05,1.18284867657535e-07,4.92225538830616e-06,2.8378589602836e-05,-1583.10920531386,0.1119204111359,0.084911063235272,0.9325,0.457786720586885
"quadratic",800,"sir_collapsed",73,17.644,3264.03457368759,3236.92913994742,2689.97124557756,1687.21783997589,7007.51444426515,3378.61506057842,7000.86307130926,2977.34023228211,184.994024806597,183.457783946238,152.458129991927,95.6255860335461,397.161326471614,396.784349994857,0.00207108739327779,0.00193091289977835,5.73220337238461e-07,0.000856706102955532,0.00353168338767916,1.97766688693246e-05,1.21942210250542e-05,6.71956808668752e-09,4.12688217162446e-06,3.4779870379408e-05,-1608.5084498736,0.0917844116112912,0.0770012748932984,1,0.463022408601046
"quadratic",800,"sir_collapsed",74,17.708,2927.97867562913,3161.01741039487,2194.35238136388,1823.36081060739,7030.50501748054,3146.4794524637,7075.98535728312,2965.6400367459,165.347790582174,178.507872735197,123.918702358475,102.968195765043,397.024227325533,399.592577212736,0.00215751517448645,0.00199598120744895,6.46312686060291e-07,0.000898525153782604,0.00378983855498403,1.87032287156103e-05,1.21059578887193e-05,6.53861493327967e-09,3.93496698490516e-06,2.91394282710249e-05,-1562.40713375694,0.091810922031246,0.0762341880337718,1,0.467022955682164
"quadratic",800,"sir_collapsed",75,17.783,3008.23170727505,3355.95425105302,2354.03458699501,1470.0057410577,7302.50956990615,3184.41691702177,7159.99443640652,3108.72410609826,169.163341802567,188.716991005625,132.375560197661,82.6635405194681,410.645536180968,402.631414069984,0.00252506023430848,0.00236856001754878,9.27360374625695e-07,0.000978720863548491,0.00439699878937131,2.15551694637337e-05,1.3147826598811e-05,2.0407717831601e-08,4.3173809678985e-06,3.44424343208372e-05,-1599.83139379528,0.0867424750995284,0.0697097818505593,1,0.479218751094721
"quadratic",800,"sir_collapsed",76,17.667,3388.09589865152,3526.1391375549,2501.65887016755,1635.6097205905,7150.34078355076,3569.90026778551,7022.83998948511,3268.46488664735,191.775394727544,199.58901554055,141.600660563058,92.5799355063395,404.728634377696,397.511744466243,0.00222201245693115,0.00208092488616095,6.68432380206206e-07,0.000889031018873758,0.00387034199078816,1.94421953222418e-05,1.26947710218365e-05,8.16882985880115e-09,4.50245577217545e-06,3.26457020593168e-05,-1591.01780251492,0.0865380634236671,0.0705195025890646,1,0.468030837380386
"quadratic",800,"sir_collapsed",77,17.719,3116.60805020601,3131.00194674312,1717.23605195591,1847.60302125858,7019.22018488234,3336.40297582581,7004.20087935476,3135.75846879599,175.890741588465,176.703084076027,96.9149529858291,104.272420636524,396.140876171473,395.293237730953,0.00207142425937578,0.00193718285534048,5.71263168859365e-07,0.000857196214681519,0.00355595955101255,1.77687373701625e-05,1.19806400310142e-05,4.87371067708502e-09,4.93907603162454e-06,2.80065268601218e-05,-1564.26668009104,0.0746129081433435,0.0594072428230261,1,0.465842185756557
"quadratic",800,"sir_collapsed",78,17.732,3249.8029941573,3399.30772134806,2206.85721372473,2149.24830161723,7089.08936025375,3513.93652824514,7184.81620103896,3348.59849506786,183.273347290621,191.704698925561,124.456192968911,121.207325829981,399.790737663758,405.189273688189,0.00219054403437703,0.00205680606750488,6.48587728138861e-07,0.000942279177903592,0.00374262706526865,1.74506326401401e-05,1.23439167410069e-05,5.42642657742652e-09,5.17135879247595e-06,2.78095880547112e-05,-1593.70661024964,0.082544871050947,0.0605825794214896,0.99375,0.464829466585646
"quadratic",800,"sir_collapsed",79,17.868,2671.77274567746,2916.7178390173,2647.73394882531,1775.07135795182,6792.25000795029,2849.27640512027,6708.09016813121,2679.96675261556,149.528360514745,163.23695091881,148.183005866651,99.3435951394574,380.134878439125,375.424791142333,0.00185189295821178,0.00174565840031953,4.08136901053531e-07,0.000815336397032838,0.003141225533208,1.71326602317728e-05,1.21900118320456e-05,3.0065657123282e-09,4.22381445981636e-06,2.75685234702374e-05,-1573.22859600221,0.101870936322517,0.0824506058847106,0.9825,0.456315819611834
"quadratic",800,"sir_collapsed",7,18.483,2553.23304724535,2695.82327862559,2515.85716265955,1825.2125932736,6701.58775239778,2643.80724310326,6770.42961981445,2485.35848942964,138.139536181645,145.854205411761,136.117359879865,98.750884232733,362.581169312221,366.305773944406,0.0018383896499514,0.00173137473951411,3.97336907862986e-07,0.000796424186972302,0.00306378402659629,1.72212005085208e-05,1.17273910451778e-05,1.11005886108893e-08,4.52448168551631e-06,2.53354981499628e-05,-1561.35215018214,0.0930762494462452,0.0728139775998089,0.99375,0.459544369858463
"quadratic",800,"sir_collapsed",80,17.627,2940.90262973953,3284.99905253224,2233.70820175259,2252.85531470906,7306.5051551264,3153.05501212277,7192.63017237662,2995.97295050362,166.840791384781,186.36177753062,126.720837451217,127.807075209001,414.506447786146,408.046188936099,0.0024392664166415,0.00228319523452334,8.39358597852441e-07,0.000837997117842866,0.00415738108531763,1.81998744008615e-05,1.30031840361474e-05,5.08239377867093e-09,5.51624235223964e-06,3.36747134702789e-05,-1555.02640385672,0.10168784841383,0.0801323252279931,0.9875,0.48289689546656
"quadratic",800,"sir_collapsed",81,17.773,3233.17262845525,3456.10083215148,2572.34346246712,1859.83128297989,6995.06041255135,3520.94232795284,6883.78714458675,3295.49035746527,181.914849966536,194.457932377847,144.733216815795,104.643632643892,393.577922272624,387.317118358564,0.00210834285259372,0.00198010796195947,5.49570303308715e-07,0.000887763099015966,0.00354541777514403,1.71041536062319e-05,1.26029224552166e-05,1.58033791105434e-09,4.73061048501583e-06,3.10395433109387e-05,-1576.43097301436,0.10892162743037,0.0845314591257999,0.9675,0.469802054757288
"quadratic",800,"sir_collapsed",82,17.876,2721.55223201458,2941.63484689383,2338.90200967484,1630.51410256887,7233.72157673767,2853.9741925595,7121.91132778787,2661.37844626125,152.24615305519,164.557778412051,130.840345137326,91.2124693761956,404.661086190293,398.406317285067,0.00246698099339839,0.00228807218665241,8.99312204846505e-07,0.000903098711581219,0.00439449600904541,2.38961708921196e-05,1.30477986594451e-05,2.47307734105142e-08,4.82076690331166e-06,3.79514014231591e-05,-1575.81880941694,0.11638970661984,0.0912764868688858,0.9725,0.480574941554667
"quadratic",800,"sir_collapsed",83,17.81,2620.98294451982,2948.30294935195,2651.96046621215,1458.69335314068,6714.8185147768,2739.32046833652,6714.02073852178,2627.99327852742,147.163556682752,165.541996033237,148.902889736786,81.9030518327162,377.025183311443,376.980389585726,0.00186878468945618,0.00176229798405978,4.32458691055587e-07,0.000835225016646324,0.00316466888449538,1.90711551858233e-05,1.19710618111849e-05,9.78236161561528e-09,4.89728410408015e-06,3.08287288474811e-05,-1572.75744783566,0.0841464355856151,0.0600790612351532,0.98875,0.457476083163553
"quadratic",800,"sir_collapsed",84,17.703,3559.4115298026,3740.05921623306,2226.16333311912,1577.88440495318,6958.11286674763,2860.01172855825,6760.1608719781,2590.17700221887,201.062618189155,211.266972616678,125.75062605881,89.1309046462848,393.047103132104,381.865269840033,0.0020749621782942,0.00194118561697569,5.57932778404621e-07,0.000901737292108943,0.00360537441291715,2.21643669297997e-05,1.27410569245911e-05,7.82563989586821e-09,4.59925512352003e-06,3.61498351262848e-05,-1592.64771251442,0.12421682849724,0.0956310794406617,0.95125,0.465874899053775
"quadratic",800,"sir_collapsed",85,17.851,3064.01745826377,2937.57671335541,3086.910199154,1398.39774485855,6845.23978605276,2991.63693091772,6876.16581182126,2739.18208872316,171.644023206754,164.560904899188,172.926457854126,78.3372217163493,383.465340095948,385.197793502956,0.00185209311143231,0.00173641265745782,3.99031116115627e-07,0.000855057120982449,0.003101842778579,2.13920901096019e-05,1.15573848379105e-05,4.5318095159963e-08,3.73840592948575e-06,3.07176886466719e-05,-1586.24319547453,0.0678841446823654,0.0528003339450256,1,0.449087428105052
"quadratic",800,"sir_collapsed",86,17.611,2541.9108130409,2878.22108592377,2568.41790825269,1374.35273093545,6820.69335324684,2588.37612578647,6745.10596956955,2483.59416032436,144.336540403208,163.433143258405,145.841684643274,78.0394486931718,387.297334236945,383.005279062492,0.00184220172318885,0.00173261002494057,3.90302509484904e-07,0.000776236674961337,0.00307518214691811,1.8218891142924e-05,1.20304928095564e-05,4.4941323116366e-09,3.67638007799397e-06,3.03227808508805e-05,-1583.35068352523,0.0823046781781135,0.0591752602846127,0.99125,0.455387128286922
"quadratic",800,"sir_collapsed",87,17.941,2891.23417573379,3492.4579776548,2197.82969498526,2231.30057095573,6992.94499091269,3062.61947018274,7048.44764918143,2785.82745690254,161.152342440989,194.663506920172,122.503187948568,124.368796107002,389.774538259444,392.868159477255,0.00209037154383903,0.0019503379815227,5.70519006023794e-07,0.000892000683449614,0.00360680287035207,1.94372781339742e-05,1.25976404675445e-05,1.3960773850359e-08,4.5500975157742e-06,2.86334517881642e-05,-1568.38561420321,0.092725028081207,0.0694997555477614,0.97125,0.463279838899039
"quadratic",800,"sir_collapsed",88,18.006,2971.83583157129,2976.36659079075,2565.59229183483,1958.2026255098,6956.71215011756,3130.41784558539,6884.02497266657,2818.67652333675,165.046974984521,165.298599955057,142.48540996528,108.752783822604,386.355223265442,382.318392350692,0.00212696941330958,0.00197893467874359,5.89784724600156e-07,0.000906372589913528,0.00368148406188473,2.04405629237426e-05,1.28906888116994e-05,3.49053479218063e-08,4.36415896320857e-06,3.39394713302356e-05,-1589.26831311084,0.101430168620618,0.0824039260556886,0.99375,0.46770373253883
"quadratic",800,"sir_collapsed",89,17.733,2691.18449098066,2933.48757440879,2898.86254517035,1834.59818563916,6915.19397778619,2670.26570013685,6782.5658812396,2535.861024313,151.761376584935,165.425341138487,163.472765193163,103.456729579832,389.961877730006,382.482709143382,0.00195668026292308,0.00183913074732055,4.59825840986099e-07,0.000837647171101304,0.00328652433098028,2.02443387743846e-05,1.2408886457321e-05,2.57917935268038e-08,4.93857866270136e-06,3.101792273991e-05,-1612.71068718137,0.1210394349907,0.0852068089204508,0.94125,0.45507883653808
"quadratic",800,"sir_collapsed",8,17.718,3266.76044071839,3359.06516335792,2254.12421453481,1808.53203132288,7177.27559295099,3480.58416353163,7096.6957371918,2843.71343905034,184.375236523219,189.584894647134,127.222271957039,102.073147721124,405.083846537475,400.535937306231,0.00248879503711308,0.00231742586882186,8.94966515426717e-07,0.000952821879633935,0.00435316539536563,2.40228634464414e-05,1.34413721192744e-05,3.00881300837795e-08,4.164294203676e-06,4.21157638777163e-05,-1542.88948182493,0.0971259170940751,0.0796390686497002,0.99125,0.485068242706596
"quadratic",800,"sir_collapsed",90,17.755,2957.25784407389,3333.84122970362,3106.9359241956,1312.14309841163,6857.01895827381,3179.69862411215,6784.89461065574,2673.23452623468,166.559157649895,187.769148392206,174.989350841769,73.9027371676504,386.202137892076,382.139938645775,0.00185589077327368,0.00174567568760712,4.02114083975852e-07,0.000791497273883016,0.00310517047267564,2.14626967271795e-05,1.17241135756852e-05,9.78994700022266e-09,3.57625964970444e-06,3.32160082861428e-05,-1589.36607624519,0.0718303848163644,0.057999294922835,1,0.452441259229255
"quadratic",800,"sir_collapsed",91,17.748,3302.98558286939,3407.42846764628,2765.80575562301,1998.0160333114,6932.55653686022,2905.04486240206,6958.11435791916,3061.95594872088,186.104664349188,191.989433606394,155.837601736703,112.576968295662,390.610577916398,392.050617417126,0.00187760044110348,0.00177323648770467,4.08044289246083e-07,0.000771758939052185,0.00309538355306862,1.55410650172721e-05,1.17926613326069e-05,1.49722447017427e-09,4.30796846685234e-06,2.58439804454158e-05,-1557.64739775955,0.0957952217563576,0.0788610189077661,1,0.452420128644213
"quadratic",800,"sir_collapsed",92,17.879,3184.957676177,3524.93479779124,2577.79229013862,1833.79614964654,7171.2343996276,3373.88705730436,7192.84747415356,3175.74290961315,178.13958701141,197.155030918465,144.179892059881,102.567042320406,401.098182204128,402.307034742075,0.00226153212679879,0.00212232693747173,6.76282930238824e-07,0.000980999546105181,0.00393485234283718,1.92433734271929e-05,1.22670169466612e-05,1.12528985487958e-08,4.66890917664875e-06,2.99779024053878e-05,-1575.06065694241,0.100146952169163,0.0778664385529461,0.99375,0.469587807341354
"quadratic",800,"sir_collapsed",93,18.017,2918.69877507554,3312.06064911729,2367.06517208807,2455.8315511196,7079.02755832343,3060.43211357162,7105.53681216189,3037.80454734914,161.996934843511,183.829752407021,131.379539994898,136.306352396048,392.908228801878,394.379575521002,0.00213646265700018,0.00200344873001156,5.94322645335804e-07,0.0008540945604411,0.00365083302901639,1.49461958393399e-05,1.21438741829956e-05,5.94226277331155e-10,5.02685940662318e-06,2.65243853462816e-05,-1556.4862454721,0.0888570219956002,0.0721173127394883,0.995,0.468285062790217
"quadratic",800,"sir_collapsed",94,17.73,3222.58442286519,3694.36271860852,1968.09573540866,3043.49981307466,7382.32405198023,3437.88822209464,7459.56783950787,3535.26179881178,181.758850697416,208.367891630486,111.003707580861,171.658195886896,416.374735024266,420.73140662763,0.00240883202842428,0.002251780935896,8.40356780831603e-07,0.000913612467240431,0.00420247372678008,1.49825736459591e-05,1.23790402560307e-05,6.73527533308524e-10,5.35255667416684e-06,2.74499968480428e-05,-1628.82996392278,0.0835330969797601,0.0695476313266193,1,0.472709891724532
"quadratic",800,"sir_collapsed",95,17.77,2647.11300420691,2872.90928733076,2747.71386649732,2080.3582854439,6753.93078938892,2829.58921967651,6820.99113499329,2667.52490871243,148.965278796112,161.671878859356,154.626554107897,117.071372281593,380.074889667356,383.848685143122,0.00193350534923225,0.00181680287401617,4.30905955581787e-07,0.000902390115843953,0.00325785688317712,1.68726657897735e-05,1.20595282203141e-05,2.27173779332914e-09,4.184121487883e-06,2.91017321650622e-05,-1547.82546835067,0.091205181713009,0.0693981085203945,0.9775,0.462353970993636
"quadratic",800,"sir_collapsed",96,17.984,3030.65129584761,3089.45183711397,2832.14984624642,1771.91876727946,6895.74059580789,3013.81809228003,6856.86583619845,2931.95449594211,168.519311379426,171.78891443027,157.481641806407,98.5275115257705,383.437533129887,381.275902813526,0.00194145180729243,0.00181914097949874,4.51263722915574e-07,0.000888920007419721,0.00331751921021432,1.97235001700233e-05,1.19990762627692e-05,2.71832708448936e-08,4.87357976009632e-06,3.11232593342395e-05,-1566.87374164297,0.0911831870848221,0.0745405403955636,0.99125,0.456884034691551
"quadratic",800,"sir_collapsed",97,17.709,2935.16738840939,2374.63361844119,2897.50710529205,2195.1445818927,6962.94085862169,3127.73127850864,6846.09116974082,2186.28565430614,165.74438920376,134.091909110689,163.61777092394,123.956439205641,393.186563816234,386.588241557446,0.00196441317719755,0.00185010718454778,4.79785682505078e-07,0.000814453292582498,0.0032758810562807,1.69787232029767e-05,1.19796856879383e-05,8.1194591769063e-09,4.76129527586272e-06,2.82321689287396e-05,-1571.97760390033,0.0896468744478357,0.0735602330709957,0.99,0.460720138634241
"quadratic",800,"sir_collapsed",98,17.764,2968.72731752669,3126.30654755414,2435.08433967223,1874.6694987054,6938.99782400255,3128.84323512192,7072.92424948825,2929.94693674929,167.120429944083,175.991136430654,137.079730898009,105.531946560763,390.621359153487,398.160563470404,0.00207222522558581,0.00193985682530824,5.25898430049446e-07,0.000899100367528555,0.00346797576375682,1.77217460112217e-05,1.24575210199658e-05,3.51465503461294e-09,3.95054649230922e-06,3.04412436500005e-05,-1582.45474594523,0.100518335182785,0.0804064723452999,0.98125,0.462400899981641
"quadratic",800,"sir_collapsed",99,18.068,3622.35787878816,3592.1504195573,2690.91108856832,1811.82838025124,7339.07034239433,3594.1115738756,7265.15462440531,3594.78602097001,200.484717665937,198.812841463211,148.932426863423,100.278303091169,406.191628425633,402.10065443908,0.00269172506514858,0.00250886471012475,1.0862167855234e-06,0.00107146787704738,0.00477745810116118,2.13781304903435e-05,1.30905761745649e-05,6.80007475576757e-09,3.13956493141175e-06,3.86720172041204e-05,-1588.4121688973,0.106943772525305,0.0841805511827634,0.97625,0.493097573593509
"quadratic",800,"sir_collapsed",9,17.563,2971.56595889883,3113.3840817514,2216.76756152653,2293.5523326901,6935.22730850083,3152.69834921446,6903.11984185842,2884.14782483163,169.194668274146,177.269491644446,126.218047117607,130.59000926323,394.877145618677,393.049014511098,0.00191824641949584,0.00180456499640578,4.4067642807572e-07,0.000873301166562105,0.00325354934649339,1.53824121282935e-05,1.22861840213877e-05,2.10962281641106e-09,5.33665032868177e-06,2.7000338919434e-05,-1571.71625804826,0.0989154900558333,0.076750039249607,0.98,0.456214650734544
"sinusoidal",1600,"sir_collapsed",100,34.692,2915.95889237709,3252.71970522849,1532.06611027108,893.326462324128,6972.30548722048,3064.97827714892,6942.9207806458,2949.71119954598,84.0527756363741,93.7599361590134,44.1619425305858,25.7502151021598,200.977328698849,200.130311906082,0.00152145621719622,0.00145959173853079,2.05204611459089e-07,0.000776147074792364,0.00241307442856619,1.00627341508039e-05,7.09213511658595e-06,1.72047502298637e-09,2.73612814104543e-06,1.34500820894114e-05,-3188.59326825753,0.0945654427347585,0.0738393742107432,0.9825,0.427255127376827
"sinusoidal",1600,"sir_collapsed",101,34.572,3443.76072188531,3358.29194350017,1739.57289433849,1211.8876749573,6998.47332980293,3627.44423693809,7037.71693092616,3123.63942733295,99.6112669757407,97.1390704471876,50.3173925239643,35.0540227628513,202.431832980531,203.566959705142,0.00142874130365526,0.00135292622383849,1.85003586272516e-07,0.000712847461277881,0.0022942489527777,1.27903466312718e-05,6.88720468501594e-06,6.18855909498762e-08,3.40754115306412e-06,1.43272615751768e-05,-3144.47028729447,0.0835992951915394,0.0658043659730427,0.99,0.424100533643307
"sinusoidal",1600,"sir_collapsed",102,34.609,3034.09727716624,3450.58925122204,1935.45913070105,1123.55898683818,6777.50147667234,3233.00001537849,6781.79693084732,2996.34066237957,87.6678689695235,99.7020789743142,55.9235785691887,32.4643586014671,195.830606971376,195.954720761863,0.0013112313861065,0.00126165307516304,1.30958764958338e-07,0.000700534900619049,0.0020676214180052,9.78364342739504e-06,6.64152587139863e-06,2.45931613961887e-09,3.0399904596409e-06,1.16831839221155e-05,-3171.5952924062,0.0735022054998403,0.0568617321868385,1,0.418855276089303
"sinusoidal",1600,"sir_collapsed",103,34.611,3225.00405735673,3216.42783234428,1844.28227558912,1418.19412673462,7002.19017967275,3401.64029693445,6959.54106063896,2697.07371512155,93.1785865001511,92.930797502074,53.2860153011793,40.9752427475258,202.311120154655,201.078878409724,0.00150822824515574,0.00143788479289617,1.94275046958652e-07,0.000752814426654414,0.00240656254661944,9.86387056260516e-06,6.99401290317968e-06,1.59424449568672e-09,3.47663986331817e-06,1.4554592460483e-05,-3164.64810997803,0.0816693477454646,0.0655661520781933,0.99,0.430797399581662
"sinusoidal",1600,"sir_collapsed",104,34.913,2517.98945349285,2408.50280876584,1570.72023424897,986.92131240419,6926.02478428875,2652.10798051954,6919.39787003808,2258.21092206737,72.1218300774166,68.9858450653291,44.9895521510317,28.2680179991462,198.379537258006,198.189725031882,0.0014788269061332,0.00139949773237883,2.09881702741238e-07,0.000733197450551205,0.00236991530283169,1.15245403275519e-05,7.02841775165945e-06,7.39774640780079e-09,3.78877355605535e-06,1.40302578181515e-05,-3167.12759069246,0.10359986087466,0.0846309969680873,0.973125,0.431932381554865
"sinusoidal",1600,"sir_collapsed",105,35.488,3350.54574443932,3629.49829600949,2068.15205378127,1003.84857692439,6802.64312841649,3338.60376567281,6740.68804348655,2905.21856216235,94.413484683254,102.273960099456,58.2775037697608,28.2869865003491,191.68854622454,189.942742433683,0.001342927424121,0.00130410167195065,1.29613668788915e-07,0.000732891348680757,0.00209493823245571,9.24671279815415e-06,6.92821870625664e-06,4.02830110287797e-09,3.67362806539548e-06,1.40759355071741e-05,-3159.33188778974,0.0920542347665776,0.0739061465374701,0.984375,0.422047354475978
"sinusoidal",1600,"sir_collapsed",106,34.71,2988.29414834345,3457.11848702582,2042.7424252123,1430.63241175946,7197.48004629216,3167.81268155774,7352.5200690995,3206.2920599685,86.0931762703384,99.600071651565,58.8516976436849,41.2167217447266,207.360416199717,211.827141143748,0.00159761215508397,0.00152354387178171,2.35307765918281e-07,0.000811461865730235,0.00258419944829595,8.21853257095461e-06,7.0733227927472e-06,1.84253403619805e-10,3.61019378654084e-06,1.28946060907369e-05,-3213.83356546936,0.0759287972635811,0.0600115382813794,0.98875,0.432835933423088
"sinusoidal",1600,"sir_collapsed",107,34.419,2918.40753849917,2758.87281221442,2229.61641567824,1310.00070405566,6794.49256827321,3135.54222557717,6745.29529542978,2684.54779884401,84.7905964292736,80.1555191090508,64.7786517818135,38.0603940862796,197.405286855319,195.975923049182,0.0013036675968797,0.00125318630319691,1.32065353979625e-07,0.000685330667270167,0.00200834618270822,7.90904526687378e-06,6.85253361633887e-06,1.16138038682659e-10,3.29363996218448e-06,1.23402598785572e-05,-3143.58878627415,0.0913150614997985,0.0730165259252378,0.9975,0.417896104272211
"sinusoidal",1600,"sir_collapsed",108,34.947,3253.43517787015,3425.86393116408,2389.03483726224,946.166694232757,6868.7936370703,3199.213416657,6869.96089425907,3011.64951881041,93.096265140646,98.0302724458202,68.3616572885296,27.0743323957065,196.548877931448,196.582278715171,0.00142969205345486,0.0013753423787792,1.67761178414075e-07,0.000710191524348809,0.00222897595864368,9.20930625250334e-06,6.89015162007226e-06,6.08844715607966e-10,3.67985816612911e-06,1.44459156375951e-05,-3129.76810350197,0.0804434349695332,0.0645035186444409,0.989375,0.426830848929443
"sinusoidal",1600,"sir_collapsed",109,34.636,3158.38444446159,3173.39612998651,1789.05311422494,1129.2139772558,6773.91869070847,3262.84898858401,6780.21255680882,2978.78704381402,91.1879098181542,91.6213226119213,51.6529944053857,32.6023206275495,195.574508912937,195.756223490265,0.00131069972319617,0.00126428966254538,1.30874601463142e-07,0.000684466112553115,0.00201614217207654,9.36966948487707e-06,6.7971816984157e-06,3.37118910631232e-09,3.46099081684256e-06,1.3451111699775e-05,-3141.52154061658,0.0818049145700503,0.0655125948700142,0.990625,0.419414523980836
"sinusoidal",1600,"sir_collapsed",10,34.636,2799.64857807124,2660.3506796347,1693.58792947107,1001.6292747634,6912.44451183575,2981.99084312466,6847.26347175096,2456.1919539164,80.8305975883832,76.8088312632725,48.8967527852833,28.9187341137372,199.573984058083,197.692097001702,0.00144152133499534,0.00138272656622725,1.72455658038929e-07,0.000755602747881923,0.00228234720249477,9.80287627218307e-06,7.1579441248223e-06,2.57385064278507e-09,3.36122319292192e-06,1.37118485901368e-05,-3190.51270322341,0.0964202893807169,0.0798311626943855,0.985625,0.42806349147747
"sinusoidal",1600,"sir_collapsed",110,34.716,2834.16393741804,3028.99269268019,1707.25778416505,950.804916910992,6920.35175598356,3002.7979795475,6945.4377309592,2739.04400017438,81.6385510259834,87.2506248611647,49.1778368523173,27.3880895526844,199.341852632318,200.064458202535,0.00142199785128189,0.00136716375281732,1.67047670757825e-07,0.000701133642972456,0.00223287144049989,8.25714776364073e-06,6.75950423753781e-06,3.02511793640814e-10,3.48535840131778e-06,1.30924668415759e-05,-3168.79124882929,0.0934793002306757,0.075169720531592,0.98875,0.42671665023018
"sinusoidal",1600,"sir_collapsed",111,34.956,3547.70888609484,3522.79366903325,1936.5549370114,904.003465622212,7027.8731674944,3481.96748429962,7018.44739474979,3359.44823199685,101.490699339022,100.777939954035,55.3997865033584,25.8611816461326,201.0491236839,200.779476906677,0.00154202375793681,0.0014864757728655,1.93738047829282e-07,0.000803425692598094,0.00241176602197184,1.00397111734011e-05,7.24251719989904e-06,2.51795069361421e-09,3.29369891853696e-06,1.33135307441529e-05,-3138.22738928206,0.0909348882140142,0.0756774580135506,0.99125,0.43258614255381
"sinusoidal",1600,"sir_collapsed",112,35.108,3225.21412766579,2840.16422528724,1929.06653541754,913.969459772683,6831.03621453407,3475.30069350944,6799.2801159788,2717.14468004436,91.8655043769452,80.8979214221044,54.9466371031543,26.033082481847,194.572069458074,193.667543465273,0.00134808320634345,0.00129651444381875,1.4490918813014e-07,0.000718070702702843,0.00212007394714649,8.61019944623719e-06,6.93549518339293e-06,3.90076776041952e-10,3.19152960276323e-06,1.27479169181032e-05,-3163.73578403888,0.0818481804075972,0.0642696691995272,0.99,0.423160098624892
"sinusoidal",1600,"sir_collapsed",113,34.541,2699.96029923967,2812.98113142513,2008.01360434236,1096.68126740321,6804.43274770839,2855.87745083391,6725.13182306435,2614.82195248825,78.1668249106764,81.4389025049978,58.134205852244,31.7501307837992,196.995823737251,194.699974611747,0.00138925670319224,0.00133545948178723,1.51659725559108e-07,0.00075208430828355,0.00219556456307526,9.82472885649783e-06,6.90632760250691e-06,1.32181994342397e-09,3.15807837795647e-06,1.49943931707059e-05,-3132.3074521575,0.0878945147227007,0.0671754365145289,0.980625,0.426095557963817
"sinusoidal",1600,"sir_collapsed",114,34.774,2974.33499963484,3322.14557875824,1996.42636247089,1753.47099381067,6801.84988369359,3192.33243778441,6807.18065890709,3113.66199358584,85.5333007314328,95.5353303835692,57.4114672591848,50.4247712029296,195.60159555109,195.754893279666,0.0013215723315575,0.00127448169238438,1.33208291433752e-07,0.00066185383384234,0.00203365496506485,7.85823946152466e-06,6.94675970648343e-06,8.46917088567408e-11,3.51484890174182e-06,1.21400887725551e-05,-3158.65177205281,0.0850373484814968,0.0695436891181672,0.99,0.417205287244068
"sinusoidal",1600,"sir_collapsed",115,34.412,3051.56677137811,2992.99400766767,1753.6601089428,1037.06956820969,6991.03551044265,3172.95782531658,6952.94600833001,2469.77614906875,88.6774023996892,86.9752995370124,50.9607145455887,30.1368583113359,203.156907777597,202.050040925549,0.00142243390205809,0.00136000222291171,1.66595800113335e-07,0.000750560722056752,0.00225068652947113,9.44361206501576e-06,6.9804593223592e-06,2.80339449633448e-09,3.71813850596949e-06,1.34497709894413e-05,-3153.63286754528,0.0893161513104602,0.0718333742959911,0.9875,0.426409863432152
"sinusoidal",1600,"sir_collapsed",116,34.558,3012.60716802343,3014.19507503671,2068.39018000871,875.313663748524,6976.20886005123,3137.7517251261,6925.90253210609,2827.19022007054,87.1753911691485,87.2213402117225,59.8527165926476,25.3288287443869,201.86957752333,200.413870365938,0.00151056234946165,0.001426055103283,1.98581126071967e-07,0.000738365079877412,0.00237234052779013,9.76823522470815e-06,7.41203712757686e-06,1.01952318249042e-09,3.19706134093508e-06,1.48749704569849e-05,-3128.44891425409,0.0865120291255458,0.0688541672999521,0.985625,0.433367583972061
"sinusoidal",1600,"sir_collapsed",117,34.773,3058.42042540444,3020.37138370512,2068.59728886725,1254.10675236618,6849.62889262006,2920.75078789452,6793.94895190959,2733.62249039066,87.9538844909683,86.8596722659858,59.4886057822809,36.0655322338072,196.981246732237,195.380006094084,0.00135722064199958,0.0012988942753736,1.46069618279692e-07,0.00070045639450675,0.00207891567816264,9.02664438192665e-06,6.99654049663189e-06,7.45897902716616e-10,2.92072536468657e-06,1.39397197546491e-05,-3153.24055553408,0.0830011968150051,0.0645568114113659,1,0.422466084253404
"sinusoidal",1600,"sir_collapsed",118,34.795,2650.83978857539,2959.41220438457,1588.17724914323,908.543539655049,6873.70457048519,2717.23199174978,6840.09772297168,2746.71235336061,76.1845031922801,85.0528008157657,45.6438352965434,26.1113246056919,197.548629702118,196.582776921158,0.00138090849201207,0.00133020126666735,1.52615155209952e-07,0.000733551112776041,0.00219087836645217,8.88962547283403e-06,6.84712847876196e-06,1.35242862732802e-09,3.64348954399376e-06,1.19489121950635e-05,-3163.58632537641,0.0791793853450819,0.0640993929483244,1,0.422012590271805
"sinusoidal",1600,"sir_collapsed",119,34.568,3016.7153918031,2923.99648033394,2107.80211353863,920.132117219023,6945.20799848178,3293.00774614154,6911.33752224167,2739.10124259899,87.2690173513972,84.5867993616622,60.9755297829968,26.6180316251742,200.914371629304,199.934549937563,0.0014511983786875,0.00139435858179629,1.62274891532752e-07,0.000730533042927839,0.00223170655174572,1.07502924689495e-05,7.15237621756431e-06,6.29593920867304e-09,3.22930527647907e-06,1.44505715610659e-05,-3136.03399068335,0.0811102694743126,0.0613145819792624,0.97125,0.427367180639133
"sinusoidal",1600,"sir_collapsed",11,34.582,3365.14118000693,3417.36481738928,1534.84592167932,926.72630707386,6820.6477824872,3376.73582403081,6769.1796334659,3213.43152169249,97.3090388065159,98.8191781096895,44.3827980359528,26.7979384383165,197.23115442968,195.742861415358,0.00132132227351524,0.00127030889369208,1.39925598574493e-07,0.000696956857958806,0.00207145840453794,9.38925035303118e-06,6.82410929923137e-06,6.40597269083696e-09,3.55283866462807e-06,1.28978521976586e-05,-3191.01519279512,0.0816238594274873,0.0646494051464151,0.995625,0.419359906660589
"sinusoidal",1600,"sir_collapsed",120,34.698,3602.57172184692,3474.24325133131,1609.84562859145,984.396040803607,6808.07457493963,2937.48077318408,6799.81168086811,2778.64282395096,103.82649495207,100.128054969488,46.395919897154,28.3703971642056,196.209423452061,195.9712859781,0.00137787424800982,0.00131988315843208,1.5283085700083e-07,0.00071383912128607,0.00214300728392919,9.73852425131418e-06,6.85435520272856e-06,2.20550491911316e-09,3.55158811168904e-06,1.49787753441706e-05,-3176.10925937367,0.0894186843796384,0.062784742016312,0.976875,0.422879379381553
"sinusoidal",1600,"sir_collapsed",121,34.762,2895.36467946311,3056.47796202731,1539.38512659894,1085.82142169025,6940.54749558054,2987.34930797146,6893.05008113556,2786.81722486602,83.2910845021318,87.9258374669843,44.2835603992559,31.2358731284233,199.659038478239,198.292678244507,0.00142562984992825,0.001357804176652,1.771654704009e-07,0.000712010813282087,0.00219622222160429,8.99568825995184e-06,7.01163257425532e-06,1.42649500240734e-09,3.50369912758417e-06,1.28557018485443e-05,-3175.02374575644,0.0896165571567368,0.0707569260259031,0.980625,0.424576931966482
"sinusoidal",1600,"sir_collapsed",122,34.657,3321.49805738313,3227.14042285717,1742.71654407912,1007.43263814514,6874.50630103924,3507.54681100676,6728.48615561465,3046.55497519487,95.8391683464562,93.1165543139098,50.2846912334918,29.068662554322,198.358377846878,194.145083406373,0.00138553679175153,0.00132098830083026,1.53932266435021e-07,0.000729129594712285,0.00222782793726057,1.01805701543955e-05,7.02329325271588e-06,1.78199860558392e-09,3.64945576114359e-06,1.36007617500598e-05,-3179.75823823591,0.0923716233911931,0.074267054866294,0.988125,0.423310591209169
"sinusoidal",1600,"sir_collapsed",123,34.612,3294.79898146906,3589.79003062806,1882.19339034234,891.844714614392,6793.41989587465,3213.21045714716,6832.63669084186,3174.96153860804,95.1923893871796,103.7151863697,54.3797928563024,25.7669222990406,196.273543738433,197.406584156994,0.00133708640663285,0.00127860407210286,1.40811437410565e-07,0.000706775823007732,0.002085816802845,8.98650632940291e-06,6.86136940902608e-06,3.46836273271463e-09,3.52081712312415e-06,1.29983752806733e-05,-3119.80985039287,0.0906073119212625,0.0685331172588856,0.975625,0.423202746901257
"sinusoidal",1600,"sir_collapsed",124,34.543,2801.28135305379,2835.95577192294,2018.05674674399,1404.04974663871,6889.15757330091,3021.53796057866,6920.6722518119,2565.40485737541,81.0954854255215,82.099289926264,58.4215831498131,40.6464333334891,199.437152919576,200.349484752682,0.00136050964940813,0.00129945781020497,1.51640480234163e-07,0.000677229073369442,0.00212425524989467,8.15157296885528e-06,6.81855172194735e-06,2.61845682182323e-10,3.50225130105458e-06,1.29425442161562e-05,-3123.1663760401,0.0834405633154326,0.0643767795901438,0.97875,0.423806623020248
"sinusoidal",1600,"sir_collapsed",125,34.412,3070.72774806135,3305.00019102522,1829.5020305014,1006.60755517677,6649.78239373453,3230.88341544318,6640.85404495146,2944.53300203534,89.2342132994695,96.0420838958856,53.1646527519875,29.251643472532,193.240218346348,192.980763830973,0.00128473843341353,0.00123335649147663,1.27163861420715e-07,0.000680650676388412,0.00199320634863182,9.27713094392901e-06,6.74011397989603e-06,1.353854169887e-09,3.61228234616633e-06,1.2907369124361e-05,-3142.86880345629,0.0753923111228923,0.0592269105493186,0.98625,0.418078385165426
"sinusoidal",1600,"sir_collapsed",126,34.598,3002.67525047063,3232.69045423298,1805.94911282056,915.698283507798,6625.68681455044,3080.28394809649,6602.84334431486,2764.56951619864,86.7875383106143,93.4357608599624,52.1980782941372,26.4667981822012,191.504908218696,190.844654150959,0.00123424138695965,0.00119046063600209,1.05782925186557e-07,0.000682643921306046,0.00191628839805771,8.08867496325796e-06,6.87731677279421e-06,1.22619067106175e-10,3.53647599687176e-06,1.3189402510438e-05,-3143.51435763885,0.0780478742430364,0.0626371776896892,0.99375,0.41520894956273
"sinusoidal",1600,"sir_collapsed",127,34.426,2991.55834289941,3168.44225912928,1742.86028221376,924.386010781115,6825.98825567003,3147.96252628521,6758.60435801511,2958.44289695009,86.8982264247782,92.0363172930134,50.626279039498,26.8513917033961,198.28002834108,196.322673503024,0.00135322834221713,0.00129540590505462,1.42730900169358e-07,0.000716469333357466,0.00211131330063972,8.30498013036513e-06,6.79993864893748e-06,1.54823039350289e-10,3.49953999407017e-06,1.34138589770311e-05,-3175.3431359119,0.0832860186008861,0.0672230668516079,0.995,0.421307309875824
"sinusoidal",1600,"sir_collapsed",128,34.634,2938.11967070532,3155.10903333363,1791.16521525056,895.943791952561,6861.42015339069,3102.40183030623,6857.75101167848,2997.24704433036,84.8333911966656,91.0986034917604,51.7169606528429,25.8689089320483,198.112264058171,198.006323603352,0.00139693233088993,0.00134235068682297,1.58649448820208e-07,0.000701132776198221,0.00219315993290113,9.27946269880271e-06,7.04648077934911e-06,1.19250911508865e-09,3.61278356368382e-06,1.35208545095267e-05,-3136.97909877347,0.0872074843394635,0.0707094723100227,0.988125,0.427304888057488
"sinusoidal",1600,"sir_collapsed",129,34.473,3264.8253898508,3410.68560936506,1791.5659786693,1279.14057931452,6949.26412806706,3258.46162518388,6955.32927040274,3151.0647325649,94.7067383126157,98.9378820922188,51.9701209256318,37.1055776786041,201.585708469442,201.76164738789,0.001440336649314,0.00137398782317873,1.79443205091383e-07,0.000726134412657089,0.00225663218173749,8.90367481931732e-06,6.97019163812679e-06,1.05578272572211e-09,3.80989788860064e-06,1.3387457825629e-05,-3169.87254967241,0.0959223650022949,0.07264258684281,0.97875,0.426659712452263
"sinusoidal",1600,"sir_collapsed",12,34.928,2669.59998803899,2918.52268741364,2158.15643482347,1137.2682188798,6794.53784184531,2774.15145573755,6771.84012943546,2657.00460395889,76.4315159195772,83.5582537624153,61.7887206488625,32.5603589922067,194.52982827088,193.879985382371,0.00132571313369435,0.00127577901137769,1.31546315624522e-07,0.000704910826464761,0.00206303767323115,7.98917658707402e-06,6.79311170583146e-06,1.49517452388579e-10,3.65638562150819e-06,1.28702652206474e-05,-3159.11380892987,0.0903483184132149,0.0720964498762666,0.9875,0.422297290178837
"sinusoidal",1600,"sir_collapsed",130,34.468,3069.98627034322,3239.48583831929,2058.26491221741,947.957254943686,6706.68060519854,3235.61555559718,6726.53740636821,3054.9715206058,89.0677228253226,93.9853150260906,59.7152405772719,27.502531476839,194.577016513826,195.153110315893,0.00130038060111108,0.0012531207197604,1.28098660842264e-07,0.000665435980880914,0.00198995734678401,9.59117622752948e-06,7.03604775679488e-06,3.43299930758096e-09,3.3549778410846e-06,1.42053984694537e-05,-3095.43673331331,0.0844364185571309,0.0676227913652218,0.99125,0.420093336256249
"sinusoidal",1600,"sir_collapsed",131,34.455,2995.9101292453,3033.19593552866,1756.31110148807,1014.80491668583,6612.43191874877,3178.9627445731,6615.14936903444,2819.5340530322,86.9513896167552,88.0335491373866,50.974056058281,29.4530522909834,191.915017232587,191.993886780857,0.00120427557412164,0.00116291262245887,1.03982136645766e-07,0.000662651734138432,0.00185545511499313,8.19656248241373e-06,6.6965935245347e-06,3.29521190935499e-10,3.31550728127377e-06,1.21231277781651e-05,-3195.48094760003,0.0825459284427839,0.0666111624105929,0.99375,0.410611703787717
"sinusoidal",1600,"sir_collapsed",132,45.035,2994.74077899482,3188.22318583134,1942.50532585788,1210.22823754046,6996.49306261009,3207.53188407843,7013.32019516285,2980.06945617961,66.4980743642682,70.7943418636914,43.1332369458838,26.8730595656813,155.356790554238,155.730436219892,0.00140428783181931,0.00133851003394397,1.79620738561744e-07,0.000684125435683596,0.0022296611003778,9.81289993366439e-06,6.7702254904665e-06,5.65390592593351e-09,3.64912311916095e-06,1.25518945997836e-05,-3179.24509368472,0.0756521827321034,0.0593165227764747,1,0.423274927618561
"sinusoidal",1600,"sir_collapsed",133,34.498,3210.65975415333,3535.53071043306,1708.93937781732,1279.13045958236,6771.52257829671,3326.00005474276,6796.84353069726,3144.9925955065,93.067996815854,102.48509219181,49.5373464495716,37.0783946774409,196.287395741687,197.021378940729,0.00126517620734347,0.00122500737695154,1.19674663531065e-07,0.000660288924535954,0.00198494622494782,8.58833749915023e-06,6.71408710043644e-06,1.12813321925954e-09,2.99469490965546e-06,1.21059322574655e-05,-3143.81547800626,0.0638417348707694,0.0500125395951168,0.995,0.416190915071423
"sinusoidal",1600,"sir_collapsed",134,34.674,2934.02374657248,3188.31039012556,2010.28570022518,1071.24941925309,6772.28574580058,3078.08489275657,6721.96079872705,3071.45659419486,84.6174005471673,91.9510408411362,57.9767462717073,30.8948900978569,195.313080284956,193.861706140828,0.00141014361042347,0.00135310576090488,1.64102092900149e-07,0.000702458122835534,0.00222264171320396,1.080956707038e-05,7.11888532297014e-06,4.92891852549932e-09,3.15977706827823e-06,1.48862680527844e-05,-3123.61494837698,0.0819839781936623,0.0657495435370021,0.99875,0.430041334528426
"sinusoidal",1600,"sir_collapsed",135,34.635,3019.25879201732,2960.90782125153,1528.45471800799,1177.50950405128,6928.18716734491,3163.77166013372,6888.81072159486,2788.60682239138,87.1736333771421,85.4888933521447,44.1303513211487,33.9976758784836,200.034276522157,198.897378997975,0.00142525697516378,0.00136793722926772,1.66661473924862e-07,0.000712533950913635,0.00222406139317596,1.0196481714336e-05,7.06607765185271e-06,4.89093673598035e-09,3.41141889511313e-06,1.36822382288473e-05,-3187.49904164933,0.0883776893561725,0.0696772763038033,0.98375,0.426906348447767
"sinusoidal",1600,"sir_collapsed",136,34.544,2855.09147910949,2714.4057056554,1931.2409209563,1186.47416235986,6848.65725034987,2795.55467207282,6876.54615758191,2162.7543437532,82.6508649580097,78.5782105620484,55.9066964148998,34.3467508788749,198.258952360754,199.066296826711,0.00142238113680585,0.0013615045963243,1.69084331975974e-07,0.000746142750680561,0.00226288596511847,9.1782969175115e-06,7.19455123629494e-06,1.08265289832747e-09,3.23885859321678e-06,1.40108909860346e-05,-3160.30391801873,0.0982963951379586,0.0784567001275409,0.985,0.427321841795748
"sinusoidal",1600,"sir_collapsed",137,34.358,2907.57535902474,3139.80740551732,2090.02045786848,1125.93852535932,6785.19765602226,3070.67907734978,6758.52706587222,2760.56013128512,84.6258617796362,91.3850458559088,60.830678673627,32.7707819244229,197.48523359981,196.708977992672,0.00136408481858445,0.00130503971804529,1.5161818136438e-07,0.000726725131396089,0.00215928391776761,9.01117888267926e-06,6.85666360484395e-06,6.38789192820667e-10,3.22100174137866e-06,1.36707252588091e-05,-3146.94393041639,0.0849334145315615,0.0645416729300597,0.995,0.425672403021456
"sinusoidal",1600,"sir_collapsed",138,34.627,2990.16072000987,3106.74182142704,2172.30011042246,1675.32497980236,6839.19905871343,3127.66833810061,6929.6729487192,2945.48609017055,86.3534444222678,89.7202131696953,62.73428568523,48.382042331197,197.510585921779,200.123399333445,0.00135893250029905,0.00130101107802613,1.49821762481588e-07,0.000704923928159484,0.00214942003186715,7.91459504860832e-06,6.8438544629103e-06,3.01361791737138e-10,3.33567830313096e-06,1.23642036877632e-05,-3187.28457507863,0.0826329321066868,0.0638736136032017,0.990625,0.420953140095227
"sinusoidal",1600,"sir_collapsed",139,44.981,3175.25265950519,3185.3133003302,1879.33030611222,977.308511177953,6817.5822106224,3462.04529135969,6799.92359175856,3075.22465501851,70.590975289682,70.8146395218025,41.7805363622911,21.7271405966509,151.565821360628,151.173241852306,0.00129918891844434,0.00124479948091538,1.32287862436227e-07,0.000714708752762757,0.00205683279106472,8.26088428126222e-06,6.85790784371786e-06,2.69583391530182e-10,3.37026321186901e-06,1.30784716232333e-05,-3139.247545781,0.080107426955848,0.0651206654058642,1,0.415688049543074
"sinusoidal",1600,"sir_collapsed",13,34.778,2606.27309389892,2864.13944644351,1865.22323180338,921.094560652953,6584.08340208068,2768.90267971118,6619.73975635112,2630.869959624,74.9402810368313,82.3549211122983,53.6322741906773,26.4849778783413,189.317482376234,190.342738407934,0.00126694147161101,0.00121211978472688,1.26226457498324e-07,0.000649156772589535,0.00195475944196678,1.07003488142692e-05,6.67078878749521e-06,9.15914273237257e-09,2.85339531955103e-06,1.37247667692921e-05,-3095.42258183458,0.0933090963746584,0.0765786818937992,1,0.421483521323995
"sinusoidal",1600,"sir_collapsed",140,34.783,2609.15989687658,2802.141771202,1594.31504065485,1426.14549208486,6784.82287016348,2692.97676461395,6759.71496877013,2586.00820798876,75.0125031445413,80.5606696145245,45.836041763357,41.0012216336964,195.06146307574,194.339619031427,0.00133786611083146,0.00128532556189521,1.30966546332852e-07,0.000728412348881972,0.00208404741857707,8.88715559592148e-06,7.05514898515745e-06,6.16267180340693e-10,3.47202416644441e-06,1.32930480579226e-05,-3105.56399708929,0.0955863236029,0.0716082383310594,0.963125,0.423570297839341
"sinusoidal",1600,"sir_collapsed",141,34.559,3362.14277810055,3497.47342339141,1609.69432418851,1036.13911494595,6963.28839302697,3558.74309683066,6963.24303241511,3264.79807252254,97.2870389218596,101.202969512758,46.578151109364,29.9817446959098,201.489869296767,201.488556741084,0.00141629726084635,0.00134904622609762,1.77008338169478e-07,0.000698264275885956,0.00222964373420735,9.3149035927847e-06,6.88978071463143e-06,1.28954444415843e-09,3.40613945685131e-06,1.26779332979824e-05,-3186.78858953595,0.0650534571271339,0.0522154579580928,1,0.424114154193226
"sinusoidal",1600,"sir_collapsed",142,34.582,3513.1782891001,3383.93227741287,1915.47508872939,1154.23655108532,7015.28042029334,3366.91560497093,6993.51131871772,3203.41073045903,101.589794954025,97.8524167894533,55.3893669749984,33.3768015466231,202.859303114144,202.229810847196,0.0014530165194409,0.00139463327192688,1.76281180243268e-07,0.000718350385512728,0.00225463634767033,8.78987461539029e-06,7.01957551678083e-06,4.01540254839337e-10,3.58153221328701e-06,1.3844753350946e-05,-3159.47072853526,0.078266217194496,0.0605250891662901,0.986875,0.425245903607258
"sinusoidal",1600,"sir_collapsed",143,34.603,3451.65991808964,3768.19438665855,1684.23601224476,1091.582511905,6922.16928567138,3041.67559986137,6901.55540696336,2980.95796007151,99.750308299559,108.89791020023,48.673121181538,31.5458923187295,200.045351145027,199.449625956228,0.00141944749872626,0.00135818011973332,1.65760695891076e-07,0.000765464012991334,0.00224986839605609,9.20645137635523e-06,7.17544462501265e-06,9.6330170325486e-10,3.59189022975078e-06,1.34075870915135e-05,-3148.39902654174,0.0942110430328059,0.0750123336434619,0.99625,0.426075930719037
"sinusoidal",1600,"sir_collapsed",144,34.627,3040.83607816183,3422.40149293305,1978.99147555183,1039.08917695484,6885.87998057366,3190.92923099865,6886.8584212739,2885.4502945491,87.8169081399437,98.8362114226773,57.1516872830977,30.0080624066435,198.858693521635,198.886950104655,0.00141590881825216,0.00135265945787693,1.62445718857735e-07,0.000714180986452204,0.00219390614708676,8.73255447717537e-06,6.98707339891119e-06,4.88961489939626e-10,3.39421805327262e-06,1.41777576464848e-05,-3176.70753326911,0.0705096283757794,0.0572373054855777,1,0.424921820268224
"sinusoidal",1600,"sir_collapsed",145,34.549,3008.87112245803,3396.3941194651,1961.76402654212,949.761932370059,6932.49005955831,3001.61970654139,6945.10246711672,2983.70011786521,87.0899627328729,98.3065825194681,56.7820783971207,27.4902871970262,200.656750110229,201.021808651965,0.0013633167633975,0.00130228580433668,1.48582441676218e-07,0.000705661336218988,0.0021168475029218,7.98938439583207e-06,6.69506760472984e-06,4.42801515267803e-10,3.20578335024539e-06,1.227010650624e-05,-3139.81304809011,0.0794910651483446,0.0668857527326727,0.994375,0.422636128682941
"sinusoidal",1600,"sir_collapsed",146,34.609,3010.08475236636,3283.27676029533,1988.7431753466,840.120682529441,6935.50840068788,3175.46956454014,6951.39612961497,3124.64257419655,86.9740458368158,94.867715342695,57.4631793853217,24.2746303715635,200.396093521566,200.855157028951,0.00141372157583251,0.00134874887349474,1.75853226180962e-07,0.000676719993177015,0.00222110658698816,1.00330003112802e-05,6.70544311437804e-06,1.78431321758113e-09,3.6715736491449e-06,1.39762577117456e-05,-3176.78236030423,0.0744339248358608,0.0600713203041863,0.996875,0.423238995049609
"sinusoidal",1600,"sir_collapsed",147,34.556,3215.0772774205,3293.28995966111,1831.27847472037,991.721399988332,6957.41502946243,3095.25787478519,6920.68382461366,2949.74386545407,93.0396248819452,95.3029852894175,52.9945154161468,28.6989640001254,201.337395226949,200.274447986273,0.00145504562580659,0.00139330823214633,1.75355867942361e-07,0.000701050923126439,0.00227274890182338,9.25970317396923e-06,7.04003621924982e-06,1.7913327364914e-09,3.59259180288028e-06,1.51245997881816e-05,-3133.70922127987,0.0890959169437733,0.0696026664276364,0.985625,0.431521254864572
"sinusoidal",1600,"sir_collapsed",148,34.591,3330.96192169882,3411.88265780261,2045.00653428202,1098.99284436995,6994.01725319833,3554.02858276486,7035.42980594325,3248.0432075221,96.2956237662635,98.6349818681913,59.1196130288808,31.771063119596,202.191820219084,203.389026219053,0.00147663459501535,0.00141178351452113,1.90876028706253e-07,0.000710690846609176,0.0023596590371866,9.17145017749297e-06,6.97228907841299e-06,6.48099874135571e-10,3.18008201695807e-06,1.44445726494516e-05,-3159.74028031211,0.0761858389741206,0.0642289197916601,0.99,0.426645881358078
"sinusoidal",1600,"sir_collapsed",149,34.974,3662.0029857515,4132.61098763345,2018.57583321332,1117.85268149815,7143.55348257076,3576.06121851951,7110.56721469737,3348.37553108954,104.70643866162,118.162377412748,57.7164703269092,31.962391533658,204.253259065899,203.310093632337,0.00162427541875622,0.00155351983126987,2.32989070470845e-07,0.000847140238598149,0.00263033149242861,1.04248882902968e-05,7.26005404368007e-06,2.64898129675166e-09,3.57935835855548e-06,1.50410319293927e-05,-3209.26508811244,0.0845240902696164,0.0706396647532559,0.999375,0.435900451996863
"sinusoidal",1600,"sir_collapsed",14,34.62,2832.06246505172,2921.37879584179,1909.69457539905,778.445581211265,6885.42876076997,3072.97913309114,6943.88413894663,2775.51145011649,81.8042306485186,84.3841362172673,55.1615995204809,22.4854298443462,198.885868306469,200.574354100134,0.00142172185428446,0.0013591725620908,1.61029032003462e-07,0.000738185513502589,0.00221652737248564,8.7966588746259e-06,6.73056481506125e-06,1.13389853534796e-09,3.74015990243551e-06,1.33846930840993e-05,-3185.80506727217,0.073232261788598,0.0609700090938984,0.995625,0.427314018458083
"sinusoidal",1600,"sir_collapsed",150,34.549,2995.83014121421,3062.6945849393,1959.43775777203,1374.17535321797,6841.27583081412,3183.99694552242,6904.77621872189,2720.12876333482,86.7124993838957,88.6478504425395,56.7147459484219,39.7746780867166,198.01660918736,199.854589676167,0.00139535961767536,0.0013367750858878,1.62778393932312e-07,0.000657700074995978,0.00218195915998437,8.5995696620723e-06,7.10509086409134e-06,2.75233068531784e-10,3.28704102357116e-06,1.31528151105788e-05,-3153.69426086018,0.0830972715726015,0.0663296871331943,0.99375,0.423696297473175
"sinusoidal",1600,"sir_collapsed",151,34.73,3505.41730263329,3626.37034250886,1381.6910948924,876.011867278669,7106.13116391617,3421.06602741282,7118.277304606,3202.49251754857,100.933409232171,104.416076663083,39.7837919635012,25.2234917154814,204.61074471397,204.960475226202,0.00155172630900068,0.0014778093991719,2.21617941447831e-07,0.000810721071834833,0.0025354306090126,9.08398093164136e-06,6.98769028122434e-06,1.87199055696929e-09,3.42293207858059e-06,1.35983246710784e-05,-3180.12395210856,0.0803787373058969,0.0639127096718054,0.991875,0.430374198761233
"sinusoidal",1600,"sir_collapsed",152,34.581,3652.86463356996,4153.0564852121,1382.83000349654,1251.3182471714,7074.30918868444,3755.15230743838,7056.05087469362,3484.98882954764,105.632128439604,120.096483190541,39.9881438794871,36.1851377106329,204.572140443725,204.044153572587,0.00162228152632804,0.00153923248043686,2.57240125949651e-07,0.000757432584967539,0.00259688554701472,9.03938139610241e-06,7.31100618152025e-06,3.52204039648064e-10,3.61818326148417e-06,1.42719720097438e-05,-3188.2076918635,0.0936159215027939,0.075993332911729,0.9875,0.437433720362143
"sinusoidal",1600,"sir_collapsed",153,34.49,3291.04162266569,3304.87944558668,2035.32306628796,1095.37302967346,6723.52489427516,2838.41900448093,6740.96589333357,2710.01256683953,95.4201688218524,95.8213814319131,59.0119764073052,31.759148439358,194.941284264284,195.446967043594,0.00130797444035711,0.00124615527683499,1.35800245703698e-07,0.000681704128095839,0.00203605600511725,8.84604275446033e-06,6.87906611697814e-06,1.58533419247866e-09,3.43533310019332e-06,1.37018468677875e-05,-3152.94548971598,0.0894709985317026,0.070219854351639,0.993125,0.421770994904099
"sinusoidal",1600,"sir_collapsed",154,34.513,3356.8532460547,3762.07562411289,2193.8822520099,1001.61257824596,6904.91383017975,3004.48348136771,6854.94311879369,2990.75419632705,97.2634440951148,109.004596068522,63.5668371920696,29.0213130775639,200.067042279134,198.619161440434,0.00139220684932348,0.00133838702646717,1.55411010491759e-07,0.00072473058601955,0.0021947637742827,9.20764248647926e-06,7.06196996501454e-06,1.2421941892254e-09,3.08831736342564e-06,1.37983179713826e-05,-3147.17824938813,0.0844112213592405,0.0692386200059012,1,0.423636090262831
"sinusoidal",1600,"sir_collapsed",155,34.652,3317.79164839721,3254.28496167722,1919.23735955393,1416.64747002419,6901.66412605751,3503.49561126729,6918.77713767418,2990.546300247,95.7460362575669,93.9133372295168,55.3860487000443,40.8821271506462,199.17072971423,199.664583218117,0.00136224745562699,0.00130563117560996,1.54421742482477e-07,0.000695607325518374,0.00211509572884661,8.62482622218012e-06,6.66891427746515e-06,2.32640437102485e-09,3.45399050209787e-06,1.30062995582798e-05,-3170.13234067744,0.0747194869817761,0.0609951746893119,1,0.421892741706925
"sinusoidal",1600,"sir_collapsed",156,34.466,3211.35740376453,3246.43774727929,2325.98868062846,1121.39960786876,6753.94388463819,3136.05375016428,6753.12902666352,2964.62527341073,93.1746475878992,94.1924722125946,67.4864701627244,32.5364013192353,195.959609024494,195.935966653035,0.00129572463628723,0.00125201520067191,1.28430377455543e-07,0.000673789734924714,0.00200970932062054,1.11746436474293e-05,6.69752300650658e-06,1.363154562665e-08,2.70534605845592e-06,1.36210454213346e-05,-3184.32554567166,0.0732246162831882,0.0592971910180381,1,0.41733622990584
"sinusoidal",1600,"sir_collapsed",157,34.703,3554.30051233758,3378.90647442747,2314.98226971419,1174.30801562615,6961.07496183504,3413.94778788841,6915.01800464191,3021.30634581255,102.420554774445,97.3664085072607,66.7084191486094,33.838804011934,200.590005527909,199.262830436617,0.00139887733297744,0.00133892772980419,1.53437311556432e-07,0.000723014462394568,0.00217585770409512,8.83444372066016e-06,6.89507895812407e-06,1.40423550461826e-09,3.27529198199607e-06,1.35659230896776e-05,-3186.16862276072,0.0811697808809194,0.066369380087937,1,0.422640446932786
"sinusoidal",1600,"sir_collapsed",158,34.677,3055.04794485687,3141.08538592002,2111.1372964103,1181.01112370816,7018.17862308113,3186.56820685714,7015.74581982939,3005.28075724975,88.1001224113065,90.5812321111982,60.8800443063212,34.0574768206062,202.387133347208,202.316977242247,0.001439831135946,0.0013739696716697,1.82714693138368e-07,0.000746372500815031,0.00228582253517549,8.67013689067315e-06,6.86148998906364e-06,9.13556146348519e-10,3.17045429077055e-06,1.28245008972666e-05,-3146.54731214622,0.0802616615136515,0.0623154427902848,0.98375,0.424526879097059
"sinusoidal",1600,"sir_collapsed",159,34.614,3097.96213555593,3120.4809082497,1611.67393826656,948.807062236622,6845.40505566615,3269.37258194781,6815.73576342711,3016.08965855994,89.5002639266172,90.1508322716156,46.5613317809719,27.4110782410765,197.764056614842,196.90690944205,0.00137050662367599,0.00131022019957674,1.52108438097246e-07,0.000725250995193503,0.00218154078995116,1.02059985069918e-05,7.09977711573802e-06,6.31647405070416e-09,3.60796636982443e-06,1.4852886371458e-05,-3172.03421633161,0.0951573989818489,0.0739704522812329,0.9825,0.422476426045513
"sinusoidal",1600,"sir_collapsed",15,34.496,2707.81440855986,2706.75095758548,2240.3630575957,1377.34519690138,6870.96966987531,2817.03964352401,6869.89537384001,2595.52162421668,78.4964752017585,78.4656469615457,64.9455895638826,39.9276784816032,199.181634678667,199.150492052412,0.0013563584665332,0.00130070094079876,1.49360939666e-07,0.000692919594949135,0.00212390441702935,9.0201923098452e-06,6.9379105224378e-06,2.3174583252692e-09,3.25348116630358e-06,1.28678756547487e-05,-3153.90114760075,0.0849500804414331,0.0671446311307169,0.995625,0.424049293543475
"sinusoidal",1600,"sir_collapsed",160,35.251,3243.37416821578,3399.72962677259,1935.19910741255,1313.26817294966,6788.30937061493,2990.75624700523,6813.22398137347,2719.77292069507,92.0080045449995,96.4434945610788,54.8977080767227,37.2547778204777,192.570689359591,193.277466777495,0.00130321621987,0.00125230683837031,1.41369523833291e-07,0.000695638498362629,0.00208004989799961,8.52494555902162e-06,6.80408899477025e-06,9.50659000861867e-10,3.71459252995789e-06,1.32140776347506e-05,-3167.01633496618,0.0727438250390413,0.059126708754037,0.99375,0.418447304016992
"sinusoidal",1600,"sir_collapsed",161,34.613,2799.01752873028,3331.98287507047,1907.52285929454,1201.95267714153,6865.17434542669,3048.60184181669,6918.708039965,2908.18732823442,80.8660771597457,96.2639145717063,55.1100124026968,34.7254695386568,198.340922353644,199.887557852974,0.00138098941833526,0.0013303115184035,1.51578323849077e-07,0.000703653100835302,0.00215938199542605,8.54143882214991e-06,6.89877660369733e-06,7.12978510071569e-10,3.49808938128229e-06,1.31828952415384e-05,-3142.51773473913,0.0836420156453744,0.0666834756111125,1,0.422774259746451
"sinusoidal",1600,"sir_collapsed",162,34.862,3271.67775166012,3493.06569269885,1973.68415203212,1124.92578704614,6772.3010275204,3201.43455616653,6684.08866582879,2938.53126387909,93.8465306540105,100.196939151479,56.6141974652091,32.2679647480391,194.260255508014,191.729925587424,0.00129448433706572,0.00124555884955751,1.29545793777001e-07,0.000696720122922424,0.00204665946465698,8.32232004811671e-06,6.83480142601907e-06,2.5829966206545e-10,3.26626412620296e-06,1.26269780950411e-05,-3145.95054354552,0.0812895186341302,0.0636627412967178,0.99625,0.421404924876503
"sinusoidal",1600,"sir_collapsed",163,34.538,2909.15540435737,3040.8390902889,1643.93527198205,1264.47869284211,6956.39720200278,3124.98436726104,6992.94094277909,2838.57554639751,84.2305693542583,88.0432882705688,47.5978710979805,36.6112309005186,201.412855463628,202.470928912476,0.00143497850180912,0.00137872539232636,1.72181206881785e-07,0.000703483621364961,0.00224546976427695,8.91576871024989e-06,6.84572554287279e-06,1.04257216781855e-09,3.49900135673728e-06,1.31116677255617e-05,-3171.42253101251,0.0932337577934354,0.0779642512051783,0.9875,0.423536697070286
"sinusoidal",1600,"sir_collapsed",164,34.761,3289.88103729333,3207.20080669756,1996.07584852564,1141.74731255233,7075.13422469475,3429.53173562355,7054.44534535682,3148.92390096031,94.642876709339,92.2643424152805,57.4228545935283,32.8456405900962,203.536556045417,202.941381011962,0.00155823665930583,0.00150023361542086,2.05320793613874e-07,0.000764855253991159,0.00243056341329183,9.34161300995069e-06,7.3252754318883e-06,8.56047151525869e-10,3.2898914895922e-06,1.40182897390091e-05,-3157.26415743614,0.0844962537567651,0.0695129646753107,0.989375,0.433178688689479
"sinusoidal",1600,"sir_collapsed",165,34.836,3343.46488350431,3299.48763671549,1784.36023679784,1083.10447338149,7055.85200378525,3572.96771632999,7000.07052385004,3112.15109112223,95.9772902601994,94.7148822113759,51.2217314501618,31.0915281140629,202.544838781297,200.943579166668,0.00155380004774056,0.00148443045876999,2.15577679938271e-07,0.000730982144600988,0.00240240985617552,1.07780267634013e-05,7.07769746454189e-06,5.96191330821985e-09,3.19691664532808e-06,1.4308654557701e-05,-3183.12189640207,0.0832315979291836,0.0673027802669665,0.994375,0.430429500122677
"sinusoidal",1600,"sir_collapsed",166,35.02,2748.60638631072,2920.00113433182,2124.00637594932,1319.08265696812,6869.0152168421,2938.62587611225,6838.12450494322,2709.94586790661,78.4867614594724,83.3809575765795,60.6512386050633,37.6665521692782,196.145494484355,195.26340676594,0.00137040924417973,0.00131312365358783,1.48805168393674e-07,0.00073662674727684,0.00216525648193964,8.63922950937841e-06,6.83782265458758e-06,9.50848811492286e-10,3.8537623407331e-06,1.27423133778568e-05,-3161.84866770958,0.0800497785648987,0.0650605734924222,1,0.424745949731544
"sinusoidal",1600,"sir_collapsed",167,34.737,3174.32788425311,2722.82108968118,2076.29635496389,1049.44933788736,7013.24359055223,3281.37805241955,7018.78082736203,2499.32241019061,91.3817509932667,78.3838872004254,59.7718961039781,30.2112830091074,201.895488687919,202.054893265453,0.00154443945689419,0.00146330166400689,2.12696340863093e-07,0.00074371325222332,0.00243598327955465,1.04352863267454e-05,7.18306041139845e-06,3.19376032239342e-09,3.76969060033238e-06,1.57865805641667e-05,-3207.11500620816,0.0812632552647702,0.0608588100759468,0.99,0.434461603799202
"sinusoidal",1600,"sir_collapsed",168,34.841,3132.75474614294,3192.92793662588,1673.2058577272,1116.99761931363,6681.36598655331,3328.71278959529,6751.69515137909,3044.03890830762,89.9157528814599,91.6428327724772,48.0240480390115,32.0598610635064,191.767342686872,193.785917493157,0.00132088098143921,0.00127325216198182,1.43100398045677e-07,0.000665223808880654,0.00205891553328791,9.2524981787475e-06,6.81364331048179e-06,1.55518616741324e-09,3.55643058981916e-06,1.39679005244219e-05,-3153.21132018266,0.089062108360739,0.0686442678555317,0.985625,0.422619510712949
"sinusoidal",1600,"sir_collapsed",169,34.541,3132.89429945441,3216.68204585715,1564.10894998898,799.201441512241,7127.78521557959,3349.11670643925,7091.00632156478,3044.1540367589,90.7007411324052,93.1264886904592,45.282677108045,23.1377621236282,206.357233883778,205.292444386809,0.00156056248578925,0.00149422588681554,2.12851593591346e-07,0.000759058205827877,0.00244412201231501,1.11450898163638e-05,6.98166081640569e-06,7.65691020146892e-09,3.26408491239271e-06,1.3903388301417e-05,-3198.59980506933,0.0832968020984328,0.0654505338839636,1,0.43081421275895
"sinusoidal",1600,"sir_collapsed",16,34.833,2776.16555187815,3230.62459236658,1836.27428284072,1191.3165030261,6849.0307479476,2857.67559481406,6816.27700219008,2958.58987044908,79.6992952624854,92.7460911310132,52.7165125840645,34.200801051477,196.62477386236,195.68446594293,0.0013373407638827,0.00128104797828643,1.50569688144253e-07,0.000692116992570959,0.00210902129352366,9.47833120873151e-06,6.82026184878628e-06,1.47960465603706e-09,3.68248459024696e-06,1.48664470161516e-05,-3161.01553674139,0.077495289404907,0.0610784803447349,0.994375,0.421511873787118
"sinusoidal",1600,"sir_collapsed",170,34.808,3824.86768337006,3749.90029366329,1693.60035422251,1506.35756436828,7185.05265993524,3867.96518235449,7259.79592052247,3454.031989893,109.884730043957,107.730989820251,48.6554916749743,43.2761883580865,206.419577681431,208.566878893429,0.00166531676583542,0.00159063992235348,2.57282859750377e-07,0.000751988426092524,0.00264963937842012,9.93230032571843e-06,7.12574767700759e-06,2.01099965085314e-09,3.53623264770313e-06,1.51294725509855e-05,-3141.35353150839,0.0841517809019666,0.0660450496725542,0.985,0.440010167077839
"sinusoidal",1600,"sir_collapsed",171,34.598,3125.91749939931,3233.98725560115,1798.0337163216,1064.88429566238,6721.62359686531,3296.58884984578,6747.56621220757,2695.80331116303,90.3496589224611,93.4732428348792,51.9692963848084,30.778781885149,194.277807875175,195.02763778853,0.00130847711397536,0.00125910194246893,1.34655228273698e-07,0.000680788257296963,0.00202768862182055,9.5178214261697e-06,6.82258672813976e-06,2.56460365620133e-09,3.36624219156093e-06,1.30456383632089e-05,-3162.22574857127,0.093345087436918,0.0747199534623693,1,0.421002693726245
"sinusoidal",1600,"sir_collapsed",172,34.424,3241.19293026093,2955.87282111174,1616.23274754556,1255.5592522906,6970.81093253361,3060.98753932619,6912.48257127591,2656.99461481086,94.1550351574752,85.866628547285,46.9507537632339,36.4733689370961,202.498574614618,200.80416486393,0.00151230802894648,0.00144938159409689,1.99322578870664e-07,0.000733145037980073,0.00240031272563414,1.00832081311082e-05,7.17732986943225e-06,1.17295395947174e-09,3.63380262674478e-06,1.51873790061983e-05,-3157.19442680766,0.0866325137869222,0.0687997572202739,0.9975,0.432038744426693
"sinusoidal",1600,"sir_collapsed",173,34.764,2861.93957424988,3360.34374076035,1546.92640669153,983.984757097912,6926.98776474901,3030.21758319069,6906.64793056639,2783.96688269146,82.3248065311784,96.6615965009881,44.4979405905973,28.3047047836242,199.257500999569,198.672417747278,0.00159945514725381,0.00152302775695336,2.31236616192883e-07,0.000755023147179207,0.0025858798588061,1.12845681180904e-05,7.57881583280075e-06,3.17711484295498e-09,3.07464871698757e-06,1.6302439188695e-05,-3106.8416845346,0.104337626489613,0.0798562301205918,0.973125,0.440271688174209
"sinusoidal",1600,"sir_collapsed",174,34.483,3229.10655478602,3055.9608877041,1491.35344834581,1141.94253768273,7148.40168191774,3119.16728308729,7146.89003485838,2923.59558972847,93.6434345847525,88.6222453877011,43.2489472593976,33.1161017800866,207.302197660231,207.258360202372,0.00159233244444653,0.00151925446764168,2.27149435950355e-07,0.000815690108974772,0.00258598430028989,9.69355376381204e-06,7.21917615793188e-06,2.71302275169969e-09,3.79834667363692e-06,1.41485198785102e-05,-3167.0808882237,0.0703197728326523,0.0563388070550231,1,0.434544018588987
"sinusoidal",1600,"sir_collapsed",175,34.775,3015.02024019673,3094.43610747527,1987.6643976606,1132.62300958733,6818.53738973072,3080.98120533835,6812.31817790432,2868.00607342427,86.7007977051541,88.9845034500438,57.1578547134608,32.5700362210591,196.075841545096,195.897000083517,0.0013384453832873,0.00128748916271435,1.41260369722079e-07,0.00071027490483197,0.00209710295276023,9.68336355392736e-06,6.9981682801263e-06,2.0832054610782e-09,2.73492194609153e-06,1.37556788543507e-05,-3197.93885764529,0.0943951490529103,0.0760836825088006,0.971875,0.417226165674858
"sinusoidal",1600,"sir_collapsed",176,34.498,3257.78820018792,3261.17187287773,2049.19937134285,527.179973634241,6821.96529770904,2892.9691236579,6759.3591719408,2774.14852704414,94.4341179253265,94.5322010805764,59.4005267361252,15.281464827939,197.749588315527,195.934812799026,0.0014508340314169,0.00139518463174806,1.74099905717285e-07,0.000717088940786493,0.00229804495327272,9.4258351320628e-06,7.4527563086722e-06,3.79835677749139e-10,3.42660804860541e-06,1.50442191747525e-05,-3157.98042588322,0.0829569038723553,0.0676754284776413,0.995,0.429969426210328
"sinusoidal",1600,"sir_collapsed",177,34.582,3517.43957267241,3689.33047329004,1832.99052597977,1050.01612712129,6873.29216259436,3325.80014379251,6756.67416619,3507.87484791058,101.713017543011,106.683548472906,53.0041792256021,30.3630827344078,198.753460256618,195.381243600428,0.00139327708699844,0.00134432302704644,1.55918604312187e-07,0.000745686831629965,0.00219954937410686,1.10738008352392e-05,6.91381043355376e-06,5.8500251302811e-09,3.76754560191837e-06,1.41154224262742e-05,-3159.42323263586,0.0846052420214197,0.0616973481418854,0.999375,0.425911164988431
"sinusoidal",1600,"sir_collapsed",178,34.701,3227.77018674529,3548.19681446454,2324.96634088864,1318.55629091911,6971.80133832931,3349.17754119483,6988.13405151424,3090.06774513434,93.0166331444421,102.250563801174,66.9999810059836,37.9976453393017,200.910675148535,201.381344961651,0.00148714778954745,0.00141945869787769,1.93110367991999e-07,0.000736859840945484,0.00236096040992145,9.44440576291924e-06,7.09190397620724e-06,9.90543069188171e-10,3.65752128638271e-06,1.48583307143278e-05,-3148.94782492303,0.0764750933630431,0.0613877072713556,1,0.431238573265103
"sinusoidal",1600,"sir_collapsed",179,34.624,3168.21373718173,3236.72521464141,2086.67981432035,1156.32807283992,6680.56552395351,3194.64325383845,6658.43417110584,2998.78810759768,91.5034004500267,93.4821284265657,60.2668615503799,33.3967211425578,192.946092997733,192.30690189192,0.00130806211230286,0.0012505430422096,1.30623182886702e-07,0.000711139802166152,0.00205435539466669,9.16676271209965e-06,7.02765012304206e-06,1.20161839772772e-09,3.38953120296944e-06,1.36599936171068e-05,-3166.58792383041,0.0910152097863026,0.0716008660015977,0.980625,0.42225427563465
"sinusoidal",1600,"sir_collapsed",17,34.515,2874.37011716078,3013.13208137882,2091.88886395832,1381.96943873869,6767.76141202046,3017.7196805709,6861.73050742894,2810.59243736257,83.2788676564038,87.2992056027473,60.6081084733688,40.039676625777,196.08174451747,198.804302692422,0.00130335305041456,0.00125135644179323,1.28780172354797e-07,0.000674925941756344,0.00201140120368355,8.00118609067887e-06,6.84807940556977e-06,2.63494097214388e-10,3.05768368233053e-06,1.21366716645445e-05,-3186.48471887043,0.071670500095635,0.057194857351759,1,0.417658439354917
"sinusoidal",1600,"sir_collapsed",180,34.453,2781.60989195944,2536.84536384788,2156.33906604737,1576.41909571473,6826.63729054105,2959.27877578966,6871.21910558593,2279.59399517538,80.7363623475298,73.6320600193852,62.5878462266675,45.7556408938186,198.143479248282,199.437468597392,0.001341934734042,0.0012893846928168,1.42675400317952e-07,0.000684573842785258,0.00205153115495126,8.33085181200148e-06,6.73290438920319e-06,6.89575376190736e-10,3.64080150439845e-06,1.26572810245842e-05,-3137.14484951633,0.0683551809223083,0.0546723933997314,0.991875,0.41891739226397
"sinusoidal",1600,"sir_collapsed",181,34.564,2967.34051782394,3191.17557160047,2083.55117301381,1520.40664997632,6906.16978954845,3127.94289628785,6946.95499348752,3018.66816984877,85.8506109774314,92.3265701770763,60.2809620707617,43.9881567520055,199.808175834639,200.988166690415,0.00141038980047688,0.00135554312090383,1.65815628705188e-07,0.000706477979252725,0.00217485369081688,8.31555112692287e-06,6.88382070956738e-06,3.25252559980569e-10,3.5049651193756e-06,1.25483590939443e-05,-3164.83559220839,0.0870427059909737,0.0696809406428238,0.998125,0.42498779697725
"sinusoidal",1600,"sir_collapsed",182,34.644,3125.51429840098,3420.97736399441,2204.68954569439,1140.38663432122,6804.53030539139,3193.05898044594,6755.89304459395,2954.8396052416,90.2180550283161,98.7466044335068,63.6384235565867,32.9172911419356,196.412951893297,195.009036040698,0.00137380928842448,0.00131850329981916,1.53976487377215e-07,0.000707589742174107,0.00217074740127337,9.75823299222749e-06,7.06611957218746e-06,3.77980681631905e-09,3.20833755309912e-06,1.44257091675107e-05,-3125.38791531611,0.091249878099212,0.0670571689990445,0.981875,0.426356556673934
"sinusoidal",1600,"sir_collapsed",183,34.515,3291.23556970145,3326.1359192763,2102.64397103403,1059.94005716952,6798.90839187403,3224.92268907718,6847.07497345753,3153.81137660097,95.3566730320572,96.3678377307344,60.9197152262503,30.7095482303207,196.984163171781,198.379689220847,0.0013223290084208,0.00126759080539987,1.39159906898373e-07,0.000673621857839764,0.0020329857213397,8.1872570007209e-06,6.6750706554255e-06,2.85023972234523e-10,3.32444327348419e-06,1.27962224099737e-05,-3159.9808162132,0.0731138663479623,0.0574214786937255,1,0.42024824753155
"sinusoidal",1600,"sir_collapsed",184,34.515,2761.71833883241,3070.91911532353,2111.47327871295,1065.0736450599,6755.66376450477,2955.40646062512,6705.64893450821,2757.3916484687,80.0150177845114,88.973464155397,61.1755259658973,30.8582832119339,195.731240460808,194.282165276205,0.00129612144227508,0.0012402160064146,1.32016907303195e-07,0.00067612024073205,0.00204380303456752,8.76534272149569e-06,6.80775423112101e-06,7.77967902096069e-10,3.33852864559488e-06,1.31567858386246e-05,-3143.2107931622,0.107592846725779,0.0846752296228725,0.98625,0.422968194143753
"sinusoidal",1600,"sir_collapsed",185,34.636,3425.04131177271,3344.92457586557,1938.58390933137,1440.44447217829,7073.92150553832,3608.3477456832,7036.21966985727,3258.77203538454,98.8867453450951,96.5736394464017,55.970201793838,41.5880722998699,204.236098439148,203.147582568925,0.0015028830534047,0.00144048302205849,1.95257160928094e-07,0.000727142564537611,0.00236415204646468,9.40558311130583e-06,7.06109076426784e-06,1.82575626997092e-09,3.33216676836178e-06,1.37077843907089e-05,-3160.91624982945,0.102295705242581,0.0827501350820177,0.98,0.429005056380254
"sinusoidal",1600,"sir_collapsed",186,34.496,3045.52346311429,2933.35381375126,1949.18581592444,1154.13729133051,6829.97820124401,3165.44267914357,6851.28221422688,2834.53180229123,88.2862784993708,85.0346073095795,56.5046908605184,33.4571339091636,197.993338394133,198.610917620213,0.00139578297582997,0.00133079868010225,1.68044890862414e-07,0.00065757881378241,0.00220201066904459,9.7791919326963e-06,6.84605267417089e-06,8.29220617882375e-09,3.56954378464651e-06,1.38893640088127e-05,-3153.13205143225,0.0907366807174307,0.0710044665114923,0.976875,0.427209356701784
"sinusoidal",1600,"sir_collapsed",187,37.768,3598.40607702755,3768.75535326262,1581.62710629218,1110.05362251468,7096.84464037359,3782.35640699319,7104.09457549976,3340.12263628315,95.2765853904773,99.7869983388746,41.8774387389372,29.3913795412699,187.906286813535,188.098246544688,0.00158182068321674,0.00150820001901786,2.25851104345246e-07,0.000834745083363499,0.00261692813387064,1.00261283623236e-05,7.1883709250696e-06,4.1136751426316e-09,3.61217790296473e-06,1.39454325874925e-05,-3156.72918757599,0.0929299543667248,0.0718747370280797,0.999375,0.436287996145835
"sinusoidal",1600,"sir_collapsed",188,35.025,3289.81672243132,3295.78496576441,2007.57248982332,1452.30855014971,6898.63482955893,3494.40562344628,6943.72594210987,2854.17012352712,93.9276723035353,94.0980718276776,57.3182723718292,41.4649122098418,196.963164298613,198.250562230118,0.00139389312464552,0.00133578831388423,1.61325607760797e-07,0.000736969979124306,0.0022431042514257,8.22813998356252e-06,6.84825436295265e-06,1.25843733967409e-10,3.45873972613057e-06,1.27689792010567e-05,-3169.92161677113,0.0942749985512779,0.0773530935341346,0.993125,0.42429766089874
"sinusoidal",1600,"sir_collapsed",189,34.91,3632.74977077243,3540.36217421131,2287.21544496422,1103.57596683925,6838.87842306076,3804.40491838532,6784.77814029662,3404.2738267241,104.060434568102,101.413983792934,65.5174862493331,31.6120299868019,195.900269924399,194.350562598013,0.00140122772876912,0.00134872670113329,1.55790233208947e-07,0.000742875014140336,0.0021869758653525,1.05546522733273e-05,7.05769928409545e-06,5.10509876915355e-09,2.84754079308478e-06,1.4324828628613e-05,-3179.01450717676,0.0736593925198305,0.0558703510134344,0.998125,0.426571421995928
"sinusoidal",1600,"sir_collapsed",18,34.86,3128.12018212091,3143.19145081985,1723.89680317099,1200.5094468295,7092.25265728573,3304.5195651309,7050.44438057029,2985.29623755626,89.7337975364574,90.1661345616709,49.4520023858573,34.4380219974039,203.449588562413,202.250269092665,0.00155099358338686,0.00148148462294707,2.1588587332508e-07,0.000804764372238088,0.00247440626812349,9.07249244121893e-06,7.16087848744507e-06,9.18376207801899e-10,3.18265135855835e-06,1.39948683924271e-05,-3142.86631841865,0.0828791413452394,0.0655012080883289,0.9925,0.432937825234247
"sinusoidal",1600,"sir_collapsed",190,34.698,3162.26733256411,3187.10248682939,1976.6785380439,1268.78071702397,6790.33401423138,2665.22710560616,6759.49376618596,2576.07780485087,91.1368762627272,91.852628013989,56.9680828302468,36.5663933663027,195.698138631373,194.809319447402,0.00133516490050693,0.00127688229439951,1.47531070933433e-07,0.000680494766067341,0.00208083440360196,1.01495085355929e-05,6.95689174059111e-06,3.03444352406855e-09,3.39046597432504e-06,1.31003885793981e-05,-3128.85330005841,0.0806116046269027,0.0596488062442091,0.98875,0.422780579259435
"sinusoidal",1600,"sir_collapsed",191,35.071,3395.45804542596,3584.74224248499,1720.79569606043,1540.57850230323,7059.57325588616,3591.85453237552,7074.43653069402,3133.75244079693,96.816687446208,102.213858814547,49.0660573140325,43.9274187306673,201.293754266664,201.717559541901,0.00160588406203866,0.00154740840605228,2.26005012738593e-07,0.000801234778983821,0.0025594200360829,8.88402036039408e-06,7.55734890746091e-06,1.29783393691483e-10,3.6084127443204e-06,1.46565686857243e-05,-3157.16713425936,0.0964903654729669,0.0736053600171349,0.978125,0.439452807001659
"sinusoidal",1600,"sir_collapsed",192,34.928,2967.94891269739,3163.5795927842,1963.5519422019,1017.09226655086,6913.99846074006,3202.56083911091,6862.35140474218,2772.59631771435,84.973342667699,90.5743126656035,56.2171307318456,29.1196823909432,197.950024643268,196.471352632335,0.0013498862253954,0.00129430501174852,1.40237267873663e-07,0.000712585003030202,0.00210730553617843,8.21498583693463e-06,6.97759655270343e-06,1.23539514730497e-10,3.02177551048462e-06,1.29114149254442e-05,-3189.45985329535,0.102290264157468,0.0832373739369782,0.969375,0.421485854511662
"sinusoidal",1600,"sir_collapsed",193,34.699,3021.015692889,3274.13696539544,1573.06812751032,1113.077352533,6779.04053663665,3189.33936478155,6875.57257043734,2854.82143450385,87.0634800106344,94.3582514019262,45.3346819075571,32.078081573907,195.36702892408,198.14901208788,0.00136086870821411,0.00130526410562792,1.49350421652485e-07,0.000686194623176032,0.00214427336015777,9.7284058382391e-06,6.87854178722679e-06,1.58934270506471e-09,3.00604444898838e-06,1.34874425279236e-05,-3178.69253986473,0.0816822444805443,0.0669930080294942,0.99125,0.422417401637748
"sinusoidal",1600,"sir_collapsed",194,34.557,3405.18823611398,3501.94127706259,2152.65874945237,970.591384917863,6968.52456823931,3463.62792975786,6912.79104779455,3305.52162307481,98.5383058747571,101.338116070914,62.2929869332514,28.086679541565,201.653053454852,200.040253719783,0.00153463379846239,0.00145612929657753,2.18206883506519e-07,0.000767063312853868,0.00249327955709886,1.05433144714766e-05,7.29546999245588e-06,1.99894292040243e-09,3.91272081951742e-06,1.7359559533193e-05,-3131.42196471787,0.0809194454845345,0.0638100910515712,0.993125,0.434177780330594
"sinusoidal",1600,"sir_collapsed",195,34.602,3476.76165691144,3620.64303901776,2178.85543727796,1362.10854383461,7099.28329638501,3619.33752865324,7082.11135767607,3438.00948253849,100.478632937733,104.636814028604,62.9690606692665,39.3650235198719,205.169738638952,204.673468518469,0.0016234802053276,0.00155044394984668,2.21708498813753e-07,0.000813428183616359,0.00254684783769323,9.60246603123896e-06,7.40024298501054e-06,8.21348625389999e-10,2.93293000156703e-06,1.50754579997526e-05,-3141.05046004811,0.0950049505403053,0.0762345839848202,0.98125,0.438611135147394
"sinusoidal",1600,"sir_collapsed",196,35.016,2860.42915499862,2950.30939359946,1497.89338124616,1079.60886579957,6647.77290281667,3029.62000147147,6667.23098428283,2735.51650050287,81.6892036497206,84.2560370573298,42.7773983677794,30.8318730237482,189.849580272352,190.405271426857,0.00124120743219935,0.0011878189959745,1.20801509617788e-07,0.000669507520411811,0.00194344255902926,8.8041498576908e-06,6.68647249160729e-06,2.3514748601447e-09,3.02676095503479e-06,1.26257102200877e-05,-3195.70265385778,0.0863219460847558,0.0728373871642021,0.99125,0.414039970010982
"sinusoidal",1600,"sir_collapsed",197,34.787,2523.38410762399,2669.1600583149,2004.30597830004,984.817386829951,6651.06598771086,2561.42634195481,6623.20741906983,2275.39443958783,72.5381351546263,76.7286646826373,57.6165227901239,28.309925743236,191.194008903063,190.393176159768,0.00122659137267887,0.00118302008718827,1.05619662204613e-07,0.000607092471568319,0.00182551169814596,8.34755381406e-06,6.80136157052212e-06,3.69629696224209e-10,3.58601511936165e-06,1.25045021962638e-05,-3144.70954310641,0.0739660446725573,0.0589894223177384,0.99125,0.415514341243948
"sinusoidal",1600,"sir_collapsed",198,34.66,2879.73584631795,2967.81788749423,2035.94481883666,874.649299696862,6709.8686823676,3004.60786305744,6777.10614929308,2837.89334610464,83.0852811978635,85.6265980234918,58.7404737113866,25.2351211684034,193.591133363174,195.531048738981,0.00127775522154334,0.00123186794309914,1.20695983483217e-07,0.000710314044437004,0.00201129779393432,8.43449966301925e-06,6.70097412892667e-06,2.23289413756706e-10,3.15545477832272e-06,1.27852314588616e-05,-3158.47469220739,0.0891801855757315,0.0671067009399952,0.97875,0.414928982056651
"sinusoidal",1600,"sir_collapsed",199,34.711,3127.37506314361,2963.16254443783,1672.60637293185,870.149387128003,6655.94472428532,2983.55234214409,6696.20152009267,2801.85515782814,90.0975213374322,85.3666717881315,48.186637461665,25.0684044576072,191.753182688062,192.912953245158,0.00130293857611169,0.00123945882306676,1.41522396442015e-07,0.000678831648212433,0.00205288288161854,9.40449587152722e-06,6.9012201449297e-06,1.36639814725941e-09,3.3594285961506e-06,1.41102270133175e-05,-3114.2844164426,0.0880044851598734,0.0686660871608186,1,0.421965283902523
"sinusoidal",1600,"sir_collapsed",19,34.964,2795.04193428303,2968.08021051934,1861.61174874248,910.097405170945,6858.3460809186,2953.78696469803,6808.64642609464,2663.89168927625,79.9405655612352,84.8896067532131,53.243672026727,26.0295562627544,196.154504087593,194.733051884642,0.00138312204476473,0.00133320784264091,1.50771700575164e-07,0.000742703241960028,0.00217599347668731,9.40618443869654e-06,6.9134664512201e-06,8.82141064946449e-10,4.03674343187704e-06,1.39417464227657e-05,-3164.56414564065,0.0838641737292046,0.0669805964336132,0.991875,0.422974557179301
"sinusoidal",1600,"sir_collapsed",1,34.587,2924.34016455696,3055.02655175056,1771.4881134899,968.271799386784,6868.46878076062,3099.79669659999,6812.23579330965,2927.74741751421,84.5502693080337,88.3287521829174,51.2183223028856,27.995252533807,198.585271366716,196.959429650148,0.00134770726028924,0.00129023292054264,1.49618913472049e-07,0.000683887806121334,0.00210204520206097,1.12909015547186e-05,6.78508343888202e-06,5.58903086102844e-09,3.25602315535412e-06,1.25054728982194e-05,-3230.86851454075,0.076717625127579,0.0591212176649005,0.9875,0.418749093633952
"sinusoidal",1600,"sir_collapsed",200,34.784,2866.82470348794,2784.75248073954,1823.2079312729,1339.81947180439,6847.19171708574,3070.23378610569,6851.09808697868,2650.55996129724,82.417913508738,80.0584314840024,52.4151314188392,38.5182690836129,196.848887910699,196.961191552975,0.00135251156173419,0.00129606072669402,1.48779458567605e-07,0.000698201298348156,0.00211611587254993,9.06195814001103e-06,6.76966923136577e-06,1.29507696168474e-09,2.60736614942187e-06,1.29725988519089e-05,-3170.42179026693,0.0869234554433578,0.0681735478404833,0.995625,0.422281289223009
"sinusoidal",1600,"sir_collapsed",20,35.094,2857.35656823414,2958.0866823728,1969.4184247162,878.371338570131,6689.66505806253,3032.02820745669,6646.14276713269,2803.31567600395,81.4200879989213,84.2903824691627,56.1183799144071,25.0291029398225,190.621332936187,189.381169633917,0.00126082325075997,0.00122122592591871,1.13740762322949e-07,0.000688287671464818,0.00195270090946833,8.57077307210294e-06,6.96998614890972e-06,6.22017280457832e-10,3.29825776804709e-06,1.28105730936748e-05,-3129.9933240929,0.0705068528955489,0.0563219844405273,0.99875,0.416881162216446
"sinusoidal",1600,"sir_collapsed",21,34.691,2666.96563440312,3016.46983731323,1803.79155204931,1147.23080814374,7076.34085639907,2750.88565324543,7042.11841316836,2725.53395066991,76.8777387334789,86.9525190197235,51.9959514585717,33.0699838039761,203.982037312244,202.995543892317,0.00151823492026037,0.00145480627133662,1.98669165632812e-07,0.000761427853841632,0.00245640863251899,8.70270721032962e-06,7.18421301564878e-06,2.56851381689501e-10,3.76008511814139e-06,1.43831095898964e-05,-3217.82364153249,0.0960446557642207,0.0774683939644819,0.969375,0.42948197048043
"sinusoidal",1600,"sir_collapsed",22,34.922,3411.66214534344,3705.18452942153,1635.10483221657,914.01079561765,6848.19882995307,3509.5070843816,6853.96548413255,3284.11163736957,97.6937788598432,106.098864023296,46.8216262589934,26.1729223875394,196.099846227395,196.264975778379,0.00141499139042494,0.00136450895760768,1.64799748517148e-07,0.000761618047254243,0.00226328598939891,8.83032410728757e-06,6.98810994009844e-06,5.36464701159947e-10,3.38701550690729e-06,1.29046892471219e-05,-3185.05174070305,0.0986395670921825,0.0764318103794902,0.965625,0.422903380772421
"sinusoidal",1600,"sir_collapsed",23,34.58,3492.45358636394,3323.97065691132,2012.86429246789,1346.13535442713,7118.04551123026,3681.3426793426,7145.49403902724,3090.71779034577,100.99634431359,96.1240791472332,58.2089153403092,38.928147901305,205.842843008394,206.636611886271,0.0016186742072928,0.00153505917591315,2.44188973379012e-07,0.000806108260502911,0.00264413293720504,9.43251268511299e-06,7.17358656775183e-06,1.62610617512724e-09,3.55005041965213e-06,1.43878824825873e-05,-3146.71264049355,0.102220811381504,0.0765198708819792,0.9625,0.439392058081422
"sinusoidal",1600,"sir_collapsed",24,34.515,3440.80022518514,3411.37212642462,1858.79026446159,1096.01459985865,7002.34408640822,3430.89770228962,6912.35231883401,3109.15390971634,99.6899963837502,98.8373787172135,53.8545636523713,31.754732720807,202.878287307206,200.270963894945,0.00143628793308582,0.001391115096408,1.65097981260377e-07,0.000741752523605802,0.00223994814545799,9.81040172184458e-06,6.96953863314433e-06,2.1945568981604e-09,3.28104069787193e-06,1.42939352610164e-05,-3176.31269576531,0.0880181603889546,0.0678828598570461,0.989375,0.424617255479326
"sinusoidal",1600,"sir_collapsed",25,34.655,3368.98379366013,3395.28424930167,2008.95690509826,1238.02766248092,7096.11600834342,3340.58866171824,7079.99208851846,3207.35888177043,97.2149413839309,97.9738637801666,57.9701891530303,35.724359038549,204.764565238592,204.299295585585,0.00151374675173295,0.00144237813277817,2.06680818430213e-07,0.000749743120582407,0.00242290450701973,9.07026328447561e-06,7.08806868842288e-06,2.22286328192982e-09,3.17112917174061e-06,1.31862634811673e-05,-3187.61416774723,0.0803538916986899,0.0605441419461953,0.991875,0.432362752850029
"sinusoidal",1600,"sir_collapsed",26,34.756,3092.83166920547,3371.98203547753,1926.89046001669,949.771532365552,6941.33264770177,3246.97089178697,6919.4586968101,3140.42793971629,88.9869855335906,97.018702827642,55.4405127177088,27.3268365854975,199.716096435199,199.08673888854,0.00141911346134016,0.00136432279438931,1.68950928729594e-07,0.000686173574562382,0.0021996459545238,9.92183228436017e-06,7.06300371901546e-06,3.14849455316169e-09,3.50594709987355e-06,1.3385135987505e-05,-3193.70087486383,0.0987758759164139,0.0774791311312115,0.986875,0.425408028187147
"sinusoidal",1600,"sir_collapsed",27,34.504,3137.13252968867,3450.58402413717,1988.90567522064,1046.75689738183,6890.38757309387,3332.42640492086,6885.41037438828,3171.07174813098,90.9208361259179,100.005333414594,57.6427566433062,30.3372622705146,199.698225512806,199.553975608285,0.0014578566424017,0.00138924847030653,1.88380852940984e-07,0.000692606408768677,0.00230484615413308,9.5109615355556e-06,6.92087126846567e-06,1.34883914506286e-09,3.18642612679181e-06,1.52115957303616e-05,-3207.63342511274,0.0843944114660534,0.0658657648975479,0.9975,0.429445241697774
"sinusoidal",1600,"sir_collapsed",28,34.674,2947.8259757847,3204.79176952878,1941.86205784053,1023.31146400126,6860.19013933995,3066.64515236692,6835.55552535942,3049.17858058588,85.0154575700726,92.4263646977212,56.0034047943857,29.5123569245331,197.84824765934,197.137784084888,0.00141330818696498,0.00135546005265911,1.66615912298176e-07,0.000706872506885128,0.00222923303666591,1.01157077448994e-05,7.04003323420558e-06,6.10358450558765e-09,3.09457537640799e-06,1.46314329324517e-05,-3167.57315240596,0.0978095819012028,0.078441119148397,0.984375,0.424716759177138
"sinusoidal",1600,"sir_collapsed",29,34.645,2908.13598609873,2877.03385981482,1908.03418714552,1192.24402312013,6708.4413461198,3073.0851706455,6638.38181523998,2585.60143641837,83.9410011862817,83.0432633804248,55.0738688741672,34.4131627397932,193.633752233217,191.611540344638,0.00125499493163823,0.0012044892570643,1.15044157165364e-07,0.000676351242559863,0.00195029160523649,9.28826134648785e-06,6.57503771239842e-06,1.57853180019671e-09,2.97069265202603e-06,1.35724609767923e-05,-3171.05893079829,0.0730838554454871,0.0563653144804782,0.98,0.413312783172303
"sinusoidal",1600,"sir_collapsed",2,34.928,2853.73255593386,2829.96440219054,1831.38486334079,907.664988414125,6962.84437636482,2997.66790796634,6886.44346548072,2693.86248359003,81.7032912257749,81.0228012537373,52.4331442779658,25.9867438277063,199.348499094275,197.161116166993,0.00146450948954314,0.00139963173876673,1.84170446891054e-07,0.000760260041270577,0.00230561050697547,1.20434546974374e-05,7.16948508887886e-06,2.2842757086032e-08,3.7180429183358e-06,1.55421465760859e-05,-3167.66577736617,0.0989925847902727,0.0825042137544864,0.98875,0.429414468056956
"sinusoidal",1600,"sir_collapsed",30,34.606,3888.78239888277,3997.17801802216,2198.15908253858,1326.97794335838,7039.91288866419,3891.0985378539,7065.62717489448,3677.56754434227,112.373068221776,115.505346414557,63.5195943633641,38.3453142044265,203.430413473507,204.173472082716,0.00147395478821253,0.00142699836640125,1.69924680902101e-07,0.000748275002070611,0.00226149808641028,8.64613764695192e-06,6.95642135324508e-06,3.80090787906954e-10,3.65265869742103e-06,1.36582289359184e-05,-3171.51166985946,0.0883859505368676,0.0732400180398458,0.995625,0.42454416522177
"sinusoidal",1600,"sir_collapsed",31,34.577,3138.91055704042,3083.86869383065,1872.25488931915,1301.61748296403,6911.26128026649,3305.23291188761,6991.29671407953,3062.81693688182,90.7803035844757,89.1884401142565,54.1474069271236,37.644025883218,199.880304256196,202.195005757571,0.00147669686491278,0.00140474827798223,1.80281692094641e-07,0.000762882097784335,0.00233495461428807,9.38584923216607e-06,7.16199696745757e-06,3.88211584215913e-09,3.57389937617644e-06,1.34172829186693e-05,-3152.44750558357,0.0948627999339143,0.0709623454056814,0.96,0.430978798214462
"sinusoidal",1600,"sir_collapsed",32,34.922,3656.10247109817,3670.05515682264,1971.74293378067,1152.75148026366,7294.44895348885,3753.68250124494,7207.99023624961,3354.73076937566,104.69338729449,105.092925858274,56.4613405240442,33.0093202068512,208.878327515287,206.402561028853,0.00170219959160459,0.00162604574771281,2.58315125993152e-07,0.000831411699427528,0.00267543120784213,1.1546927045329e-05,7.40943733491119e-06,9.06326446013792e-09,3.27341305700915e-06,1.5247198144158e-05,-3179.90447267007,0.0923425154029395,0.0788828379845315,0.98375,0.439717707312194
"sinusoidal",1600,"sir_collapsed",33,34.614,2947.04856098643,3019.41898663862,1730.0119290649,843.64760936453,6764.86070771377,3099.74447480686,6761.0184474974,2801.93365005467,85.1403640430586,87.231148859959,49.9801216000722,24.3730169689874,195.437126819026,195.32612375043,0.00129145336565975,0.0012334959020806,1.32526848263206e-07,0.000649774832740483,0.00198990815685588,1.00562224738685e-05,6.73688136521771e-06,2.44962949527625e-09,3.4407704468672e-06,1.37908445214166e-05,-3151.33574838292,0.092626354234683,0.0731281634482123,0.9925,0.420547072119699
"sinusoidal",1600,"sir_collapsed",34,34.543,2889.05555326443,2879.99745137094,2016.0024396448,1305.09180280196,6815.35775971779,3040.99310938951,6803.03822936923,2633.29779992778,83.6364980825184,83.3742712379046,58.362112139791,37.781657725211,197.300690725119,196.944047400898,0.00130839896094477,0.00125219927653715,1.430755613027e-07,0.000622143988485218,0.00203126202862662,9.36630663470004e-06,6.63825785014833e-06,4.77026523559833e-09,3.04756869292359e-06,1.36212312498616e-05,-3190.28476382881,0.0747221310648915,0.0606801867810322,0.99125,0.420313090010103
"sinusoidal",1600,"sir_collapsed",35,34.98,2920.4412774665,2815.00441372114,1885.77368418828,1204.61297793895,7123.1932873274,3094.33667285042,7153.75911052874,2703.81480489361,83.488887291781,80.4746830680714,53.9100538647306,34.4371920508562,203.636171736061,204.509980289558,0.00153275459425881,0.00146843849324469,1.92737803498188e-07,0.000781743488360137,0.00239255347223278,9.26446939766152e-06,7.07696763279922e-06,1.29942021297599e-09,3.53155494803891e-06,1.33659339592041e-05,-3179.58761314921,0.082275243770241,0.0652468491092013,0.986875,0.430009637035861
"sinusoidal",1600,"sir_collapsed",36,34.589,3536.41845629446,3548.55169418952,2134.68307101931,1491.678212168,6941.66166502557,3300.8128849396,6911.93119544774,3326.12859288756,102.241130310054,102.591913446168,61.7156631015441,43.1257975705571,200.689862818398,199.830327429175,0.00137844651067532,0.00131929837407567,1.58845482396152e-07,0.000705206203422994,0.00218418003486467,8.17962822445345e-06,6.78200518854009e-06,3.79385214111572e-10,3.50348476567792e-06,1.27874537793088e-05,-3185.18459724547,0.097076967404547,0.0754341116195396,0.985625,0.421210275066078
"sinusoidal",1600,"sir_collapsed",37,35.09,2601.71582187789,2790.15634799531,2135.71451120726,1030.83472276814,6664.6924132113,2721.4803268518,6588.77523373813,2456.25357630701,74.1440815582186,79.5142874891797,60.8639074154249,29.3768801016853,189.931388236287,187.767889248736,0.00124212820291895,0.00119497159095425,1.14653215264989e-07,0.000668346567788953,0.0019424691501219,8.76999054838652e-06,6.78744407502274e-06,6.55006373040531e-10,3.05271353983226e-06,1.28110444544526e-05,-3117.01548107706,0.0919197071762964,0.0753409225113497,0.985625,0.416824634369309
"sinusoidal",1600,"sir_collapsed",38,34.485,3045.14954754757,3368.32103169208,2095.13939312841,962.461879311911,6873.49140421725,3146.78060126323,6876.37719186652,3058.95665765065,88.3035971450651,97.6749610466023,60.7550933196582,27.9095803773209,199.318295033123,199.401977435596,0.00142450721599254,0.00136473760886137,1.69941915435901e-07,0.000752330565637816,0.00225460075649744,9.40737312877129e-06,7.0669452141968e-06,2.48999602172378e-09,3.41589227104893e-06,1.37312482104759e-05,-3145.71546688694,0.086486288155773,0.0653296405893902,0.993125,0.430333946395751
"sinusoidal",1600,"sir_collapsed",39,34.758,3026.38405574891,3321.31848110433,2002.0218623724,1198.46519386512,6706.61119672613,3020.98190944139,6755.6952315824,2893.47517429853,87.0701437294697,95.5555118563879,57.59887975063,34.4802691140203,192.951585152371,194.363750261304,0.00121121836891288,0.00115615298433758,1.10375149156472e-07,0.000686827531418089,0.00191198804058071,8.33133544767406e-06,6.49741030856557e-06,1.04730582264788e-09,3.62709900876976e-06,1.22946766154301e-05,-3193.93995593583,0.078726090373388,0.0566860907763084,0.97,0.410344245091793
"sinusoidal",1600,"sir_collapsed",3,35.033,3346.04481983686,3375.92764308866,1913.69714315621,1155.95103094194,6791.86961235038,3501.06503004381,6810.27567505994,3252.71592034646,95.5112271240505,96.3642178257261,54.6255571363062,32.9960617401289,193.870625191973,194.396017328232,0.00134459910455665,0.00129204749935495,1.5042087244015e-07,0.000702247331949405,0.00213672533790586,9.16613844045014e-06,6.82735137627034e-06,8.9576921296225e-10,3.57644339151162e-06,1.40770992912293e-05,-3143.86551609811,0.0817153679842599,0.0680689015556446,0.99875,0.422070099140295
"sinusoidal",1600,"sir_collapsed",40,34.754,3377.87478119076,3410.56092593206,1732.32153176659,898.258899409464,6827.95813851455,3553.10046006472,6818.81736960498,3111.88749428408,97.1938418941924,98.1343421169378,49.8452417496285,25.8462018590512,196.465389264964,196.202375830264,0.00134566802993849,0.00128402996434085,1.45269746857427e-07,0.000697570829063649,0.00210217669706232,8.73920057258342e-06,6.6995964139742e-06,5.50041273573588e-10,3.00802650350256e-06,1.3805821649382e-05,-3169.48390806958,0.0837153299735209,0.0664403359616157,0.98375,0.421025122684577
"sinusoidal",1600,"sir_collapsed",41,34.997,3680.81315028506,3466.43789883247,1955.27811548217,1190.33735185822,6975.50542607572,3379.28726467923,6917.52310971979,3270.02801402703,105.175105017146,99.0495727871666,55.8698778604499,34.0125539862907,199.317239365537,197.660459745687,0.00157627492840174,0.00151568261719937,2.07157493167262e-07,0.000777228267269846,0.00247584548367364,9.64302021504334e-06,7.86658924738754e-06,1.00315584107186e-09,3.81025330216063e-06,1.63014856823564e-05,-3088.34359399831,0.108971895363156,0.0876817814636692,0.958125,0.439161990653141
"sinusoidal",1600,"sir_collapsed",42,34.607,3473.0891516119,3743.29591059719,1806.8076616119,938.170471724122,6935.92687164471,3773.05425039868,6928.56474986228,3431.76500896913,100.357995538819,108.165859814407,52.2093120354814,27.1092689838507,200.419766857708,200.207031810393,0.0014172099941434,0.00135484014471298,1.67133615502181e-07,0.00072123486049034,0.00220529829475822,9.41839530761441e-06,6.79783828030053e-06,1.04992783353798e-09,3.57684746542523e-06,1.4377497849344e-05,-3121.29107781228,0.0912917511628834,0.0690515430456211,0.984375,0.430635629380291
"sinusoidal",1600,"sir_collapsed",43,35.035,3187.59593660983,3276.20784836512,1898.20412991769,1463.63424441441,6844.94956246548,2984.37096401059,6871.00163906853,2863.53637062405,90.9831864309927,93.5124260986192,54.1802234884456,41.7763449240591,195.374612886128,196.118214330485,0.00137899056509396,0.00132623387218423,1.51786085063391e-07,0.000730336349792045,0.00218587224126164,8.97921170280228e-06,6.91945681348429e-06,1.05432951108362e-09,3.63055556342408e-06,1.34660923443868e-05,-3143.97426595958,0.0949226044122559,0.0750886304023517,0.976875,0.424494767206722
"sinusoidal",1600,"sir_collapsed",44,34.831,3359.87097420065,3400.83511491896,2144.05817884091,936.193791033493,6811.12768401211,3009.21351240155,6754.40242512408,2765.98989234491,96.4620876288549,97.6381704492827,61.5560328110278,26.8781772281443,195.547864948239,193.919279524679,0.00138008993427023,0.00131783487931193,1.56895638295615e-07,0.000722976347700242,0.0022044049265813,9.41070063491285e-06,7.0313544796806e-06,1.21737831477363e-09,3.35070020524114e-06,1.38471648753917e-05,-3145.7049168135,0.0848531288968238,0.0667892835883326,0.98875,0.422444986084227
"sinusoidal",1600,"sir_collapsed",45,34.569,2470.66843420314,2541.17785614583,1926.45562731722,1114.87604938888,6790.71107305571,2488.70037688946,6725.70488946455,2406.94216500071,71.4706365299297,73.5103085465543,55.7278378696874,32.2507463157419,196.439326363381,194.558850110346,0.00129604965775813,0.00124760256208471,1.28357823244377e-07,0.00069403560338482,0.00203248462431366,7.86196998151851e-06,6.93154169034778e-06,1.10501282117627e-10,3.61109317702217e-06,1.23923194838591e-05,-3164.35736402402,0.0959346489436024,0.0732284802687984,0.981875,0.41792267880172
"sinusoidal",1600,"sir_collapsed",46,34.546,3382.98007119648,3550.93635456981,2029.04551472863,1130.27123664489,6857.8085889516,2823.99753864359,6855.79083351027,2692.67897252633,97.9268242689887,102.788639916917,58.7346006695023,32.7178613050683,198.512377379482,198.453969591567,0.00139267015963291,0.00133457482208949,1.5631861648904e-07,0.000703007241823818,0.00213198872847622,9.2188709068871e-06,7.11895307054589e-06,1.61138880217957e-09,3.74911883731444e-06,1.37410847759223e-05,-3197.70651489178,0.0902029340238572,0.0687593672155367,0.96875,0.421254479003668
"sinusoidal",1600,"sir_collapsed",47,34.871,3462.01097738852,3724.87141611941,1779.2419851522,1037.15655571149,7001.73590674716,3394.83154470565,6956.61937982374,3360.64962578781,99.2805189810593,106.818600445052,51.0235434932235,29.7426674231163,200.789650619344,199.495838370673,0.00146685440034112,0.00139616556014735,1.80867481688125e-07,0.000736159247292689,0.00232976265808728,1.0956113023842e-05,7.04408917233738e-06,1.16902659998716e-08,3.84417611916028e-06,1.38884244066991e-05,-3165.82326508124,0.0906248959931309,0.0740874739301822,0.995625,0.429251474337987
"sinusoidal",1600,"sir_collapsed",48,34.573,3724.65051317323,3547.23815651579,2148.13729927482,1340.86332045299,7317.74234067993,3409.76188130256,7312.57153929132,3396.80162433521,107.732927809945,102.601398678616,62.1333786271027,38.7835397695597,211.660612057962,211.51105022102,0.00175359850795454,0.00168203443647362,2.84771064008487e-07,0.000756868004918998,0.00278295560673751,1.01925263936199e-05,7.25425951182888e-06,1.35840938169453e-09,3.68439937766509e-06,1.60493220678587e-05,-3178.73257834894,0.101462593814424,0.0773244153285953,0.969375,0.444006179691773
"sinusoidal",1600,"sir_collapsed",49,34.486,2831.7707734814,2811.37530684582,2202.99001867453,1168.50804789195,6928.42356830709,3024.33742507792,6962.82128359353,2764.75874737464,82.113633749388,81.5222208097727,63.8807057552204,33.8835483353231,200.905398373459,201.902838357407,0.001362175292235,0.001304061394152,1.54078981751865e-07,0.000740441760006871,0.00215522260284611,7.86483834865892e-06,6.66506138678824e-06,3.5059236606634e-10,3.51356938162912e-06,1.23327902774665e-05,-3161.14888088373,0.0873281883604317,0.0687694513768218,1,0.421652018367268
"sinusoidal",1600,"sir_collapsed",4,34.567,3046.81647534512,3271.96357255691,1734.02761730922,1231.66403324704,6901.96309679148,3146.96473401916,6853.23756331733,2918.93725275749,88.1423460336483,94.6556997297107,50.1642496400967,35.6312099183338,199.669138102568,198.259541276863,0.00138272283049066,0.00131622404297479,1.55775826806431e-07,0.000745161106117415,0.00217966371250106,9.03400762276731e-06,6.83549815839606e-06,2.52217928357551e-09,3.12139294728155e-06,1.33776628231321e-05,-3184.87157179955,0.09675965647916,0.0721490006907171,0.965625,0.422453947280904
"sinusoidal",1600,"sir_collapsed",50,34.823,2951.31464765018,2967.86539613932,1941.91481408975,1166.26867052405,6834.70408044289,3093.4275935443,6891.85374394344,2721.2359906605,84.7518780016132,85.2271600993402,55.7652934580521,33.4913324677383,196.269823979637,197.910971023273,0.00136274120436099,0.00130877546356621,1.42825078325598e-07,0.000667256745224069,0.00205532031464836,8.48218456198667e-06,6.94854344531663e-06,3.25259414441722e-10,3.52452886207964e-06,1.27601091666888e-05,-3143.91537383616,0.0945850220204917,0.0718690871795143,0.970625,0.419859704916778
"sinusoidal",1600,"sir_collapsed",51,34.493,3128.55170135799,3240.93263554247,1440.72650485384,1150.65920848279,6835.58674100534,3297.69982660249,6904.91369870053,2656.2283617931,90.7010611242277,93.9591405659834,41.7686633477471,33.3592093608207,198.173158061211,200.183042898575,0.0014095882475417,0.00134821834544747,1.73435401104333e-07,0.000753458201662425,0.00228808664244696,9.11054192322453e-06,7.02563679141833e-06,7.96834733834431e-10,3.40073358407918e-06,1.37698766267747e-05,-3156.08051328297,0.0773055282990998,0.0626735122226918,0.99625,0.42565663603473
"sinusoidal",1600,"sir_collapsed",52,34.745,3374.00507460273,3767.42036203456,1626.28037003292,1031.70532885504,6834.67469228461,3289.39914904671,6810.50560588205,2942.71190217121,97.1076435344,108.43057596876,46.8061698095531,29.6936344468279,196.709589646988,196.013976280963,0.0014680397354358,0.00140350627579683,1.8289407366908e-07,0.000729741940037918,0.00229772305617963,9.28384677313225e-06,7.269949444035e-06,6.26906668936144e-10,3.44362420922299e-06,1.43754523150876e-05,-3114.43461055845,0.107416733989806,0.0852905945248406,0.985,0.434267960857353
"sinusoidal",1600,"sir_collapsed",53,35.313,3160.95623939465,3387.77261627433,1728.89893261762,1118.6153196054,7098.75306966809,3311.645710515,7118.97370037586,3269.62689415874,89.5125375752456,95.9355652670214,48.9592765445479,31.6771534450599,201.023789246682,201.596400769571,0.00163255909941395,0.00155035172424157,2.58169899990258e-07,0.000760261396564671,0.00263420758490603,1.04504498438075e-05,7.39787126955543e-06,4.15514668931596e-09,3.29284730644002e-06,1.4300238595266e-05,-3182.94460696969,0.0898497233538875,0.074022790009194,0.98875,0.440031715814319
"sinusoidal",1600,"sir_collapsed",54,34.525,2925.71754300622,2729.09332884268,1993.50642201086,1167.29553934108,6744.89515614081,3133.12251582272,6754.8179852866,2609.86924652413,84.7419997974285,79.046874115646,57.7409535701914,33.8101532032174,195.362640293724,195.650050261741,0.00132395289083279,0.00126991640911602,1.4379068906037e-07,0.000667632859974606,0.00208645727141562,8.41832361983336e-06,6.8425341960129e-06,2.44429585067538e-10,3.34691099870769e-06,1.35344549012349e-05,-3155.40847666782,0.0753516556042225,0.0599736428683013,1,0.420755763534316
"sinusoidal",1600,"sir_collapsed",55,34.795,2771.58620916461,2984.62192967905,1674.52786036069,1061.17960811358,6809.16502471683,2891.45577382261,6814.54850049151,2688.65966326153,79.6547265171608,85.7773223072007,48.1255312648567,30.4980488033792,195.693778552,195.84849836159,0.00136608721996914,0.00130355695913546,1.51189359580662e-07,0.000729078169406395,0.00213665740058299,9.27813448610829e-06,7.01651981750022e-06,1.82226504859771e-09,3.15021780436379e-06,1.28930043328848e-05,-3175.65735317906,0.0846500889612745,0.0626516680259671,0.985,0.425058956423206
"sinusoidal",1600,"sir_collapsed",56,34.951,3386.18767383233,3515.70702301142,1602.67454386805,1112.05460801546,6988.95754610972,3072.67411455868,7063.34727528301,2921.78975576557,96.8838566516646,100.589597522572,45.8548981107279,31.8175333471277,199.96445154959,202.092852143945,0.00150960571393242,0.00144716706923263,2.08467860640534e-07,0.000716606747262514,0.00237415919776242,8.57428219964039e-06,7.01792327851068e-06,3.27631088182182e-10,3.77934938913997e-06,1.36087905938271e-05,-3143.41924084697,0.0846364453150681,0.0676869995160013,1,0.433173991595138
"sinusoidal",1600,"sir_collapsed",57,34.793,3329.12051155492,3454.91347768353,1953.1431274141,1265.11285146918,6905.33078747116,3385.55458401752,6942.34684498063,3222.59437800315,95.6836292229736,99.2990968782092,56.1360942549966,36.3611315916759,198.468967535745,199.532861350865,0.00138153400816126,0.00132184126191366,1.54509274660179e-07,0.000726557861535446,0.0021714026479168,8.43438061342581e-06,6.64823475750742e-06,1.02824203231167e-09,3.28377755723357e-06,1.29324867276128e-05,-3171.22670189401,0.0930158664879722,0.0718456668952394,0.990625,0.423575112429657
"sinusoidal",1600,"sir_collapsed",58,34.686,3679.69865823164,3858.18244129959,1417.35886010145,1071.91146576113,7313.75965851971,3414.21102764261,7325.19184850747,3182.22275696783,106.085990262113,111.231691209698,40.8625629966398,30.9032885245093,210.856243398481,211.185834299356,0.00176475772077822,0.00168697778363449,2.94416134804451e-07,0.000858971374651697,0.0028417781870906,9.64234320657052e-06,7.26364287395853e-06,1.14340792424654e-09,3.78258612394965e-06,1.40428663295091e-05,-3164.48965894346,0.0810109214119127,0.0647178641628608,1,0.443427115784833
"sinusoidal",1600,"sir_collapsed",59,34.962,3194.83182232327,3406.53765524791,2076.75429046126,1140.16855350428,6859.82322664784,3149.90087943676,6875.68033319396,3057.99030225733,91.3801219130277,97.4354343357906,59.4003286557192,32.611651321557,196.20797513437,196.661527749956,0.00135771001883821,0.00129660417368216,1.55301735396659e-07,0.000724882905546742,0.00215841286502442,8.87746057202963e-06,6.7900552888504e-06,1.66681596099583e-09,2.91902060949374e-06,1.33744078181815e-05,-3175.0627418335,0.0863722654140684,0.065764588575866,0.986875,0.421767739531234
"sinusoidal",1600,"sir_collapsed",5,35.057,3169.38698619271,3546.54491988048,1936.81612523318,1429.67183609318,7004.33394552891,3386.06407036474,7055.20421796495,3123.94861900062,90.406680154968,101.165100261873,55.2476288682198,40.781351401808,199.798440982654,201.24951416165,0.00152477532164497,0.00145382426133819,2.13417714672124e-07,0.000753827268882238,0.00244091734412749,9.70235567241614e-06,7.22993547558425e-06,3.20021033618275e-09,3.24860187977753e-06,1.49240533786199e-05,-3162.85601857313,0.0929796938481538,0.0740659988350884,0.985,0.432702251291664
"sinusoidal",1600,"sir_collapsed",60,34.508,3274.45018914049,3328.78325971301,2024.39720703952,1035.98433115282,6810.26639999321,3589.88619716544,6802.53026668352,3086.86291770084,94.8895963005822,96.4641028084215,58.664576534123,30.0215698143276,197.353263011279,197.129079247813,0.00134530824722715,0.00128319033159508,1.5246496433561e-07,0.000641890724026383,0.00209651262423359,8.65477887455323e-06,6.86083958682885e-06,3.18533796178691e-10,3.35868227585196e-06,1.41131823764299e-05,-3160.78338393355,0.0826907643321269,0.0682209219412536,1,0.422570565493503
"sinusoidal",1600,"sir_collapsed",61,34.425,2770.19737483269,2859.65993856293,2038.07933489071,1095.66026890689,6739.06384241004,2894.0420917195,6741.49792064054,2747.89815235947,80.4705119777108,83.0692792610874,59.2034665182486,31.8274587917761,195.760750687292,195.831457389703,0.0012639474702139,0.00121548816435691,1.18049690626583e-07,0.000687230295434797,0.00197447529627066,8.18461355955143e-06,6.67412243156253e-06,3.87065901291776e-10,3.33052246533265e-06,1.21968783912672e-05,-3152.93319012499,0.102712523031146,0.0800223889185846,0.965,0.416329216659145
"sinusoidal",1600,"sir_collapsed",62,35.412,3043.25947631983,3265.0535601615,1998.36930882231,1143.853188881,7124.46487938497,3420.92808285203,7024.55863909875,2712.60869759949,85.9386500711576,92.2018965368097,56.4319809336472,32.3012873850955,201.187870760899,198.36661694055,0.00160516432324644,0.00154612766229849,2.22360808118952e-07,0.000828456451202012,0.00258696070965577,9.26337764215189e-06,7.43885916514816e-06,5.02956654167724e-10,3.72987697373094e-06,1.46274015134255e-05,-3195.57193729162,0.0997712033884489,0.0813743034324232,0.985,0.433797419239884
"sinusoidal",1600,"sir_collapsed",63,34.607,2640.81910676705,2762.23623910409,1870.34166344142,942.262706504606,6772.14203658432,2791.37054448606,6747.95140230981,2547.47121397444,76.3088134414151,79.817269312685,54.0451834438531,27.2275177422084,195.68705858885,194.98804872742,0.00138380596448378,0.00132264478665566,1.5108629441683e-07,0.0007417338744644,0.00217390690864919,9.79581497200217e-06,7.37069875785215e-06,1.87227305246453e-09,3.20147932290812e-06,1.48730735996414e-05,-3130.61405367584,0.102514367306685,0.0794138167023103,0.96125,0.423081510558864
"sinusoidal",1600,"sir_collapsed",64,34.713,3068.55407880491,3353.29970105,1937.44770966056,998.968247030673,6814.66511741736,2995.07567646561,6773.62188793784,2561.48013971891,88.3978359348057,96.6006885331145,55.8133180554997,28.7779289324078,196.314496511893,195.132137468321,0.00140216976721006,0.00134388254680426,1.62915734359045e-07,0.000696285372147854,0.00218269133197745,9.67579443995222e-06,7.16997875628811e-06,8.98807675620205e-10,3.26561635700983e-06,1.41569055883192e-05,-3136.68576307083,0.0881282096230465,0.0687894478584526,0.985,0.427180197918924
"sinusoidal",1600,"sir_collapsed",65,35.384,3169.88241788109,3397.35496332562,2081.40786637348,1380.09922187912,6839.83379998625,3078.98105145751,6818.92102350477,3014.83912043697,89.5851915521447,96.0138752918161,58.8234192395851,39.0034824180171,193.303012660701,192.711989133641,0.00139207928959822,0.00133187721700582,1.53766827404755e-07,0.00074751952450973,0.00223129299220218,9.5407536087909e-06,7.06375892864996e-06,1.31858612613437e-09,3.37852026799461e-06,1.3821928669246e-05,-3178.39573527364,0.0925624627448307,0.0719069503115769,0.990625,0.425357235273879
"sinusoidal",1600,"sir_collapsed",66,34.548,3246.91986554353,3329.50745729946,2064.95553697375,1185.95090745928,6780.79980759955,3369.56179867153,6747.84407946175,3046.07601067394,93.9828605286423,96.3733778308284,59.770624550589,34.3276284433044,196.271848083813,195.317936768026,0.00132795354783632,0.00127833691298935,1.39129004509091e-07,0.000666802043879728,0.00203753519791304,8.78277820322376e-06,6.77877863895064e-06,1.08549672558451e-09,3.65100922312946e-06,1.31463215438031e-05,-3189.33273803362,0.0770214118668418,0.0617090074806144,0.98625,0.419725861148052
"sinusoidal",1600,"sir_collapsed",67,34.603,2911.42912262928,2999.45287448007,1946.70541004323,1038.40826150225,7064.42089041869,3078.46188715166,7000.2251620227,2769.81300279875,84.1380551579134,86.681873666447,56.2582842540599,30.0091975118414,204.156312759549,202.301105742933,0.00153973851618733,0.00146798851437006,2.27357694315721e-07,0.000746510766191941,0.00247248742472721,1.12784910149905e-05,7.14675071648494e-06,5.34725725976502e-09,2.67026815625994e-06,1.49523074891063e-05,-3152.81106838919,0.0875499176572106,0.0685774720249332,0.994375,0.433161052356942
"sinusoidal",1600,"sir_collapsed",68,34.923,3699.6202458205,3589.98008920823,1897.57673251744,1368.31935638356,7449.14761344488,3679.69699639083,7514.19735805414,3341.17854742832,105.93649588582,102.797013120529,54.3360173100089,39.1810370352937,213.302053473209,215.164715461276,0.00192068137634404,0.00183016023956482,3.45077018163987e-07,0.000864362982262177,0.00304677404010259,1.00247123260117e-05,7.58818587664741e-06,1.51001682214787e-09,3.45438861427911e-06,1.54911402505815e-05,-3139.97429091421,0.0958722999074826,0.0782343536305399,0.989375,0.45216916148222
"sinusoidal",1600,"sir_collapsed",69,35.111,3194.06388316671,3147.10419681543,1886.36395335464,1021.41704511754,6819.09158310054,3390.94975034314,6801.35609031732,2903.52439580611,90.9704617688677,89.6329981149904,53.7257256516374,29.0910838517141,194.215248301118,193.710121908157,0.00131696118780507,0.00125861227351504,1.39762508946971e-07,0.000682368782590007,0.00208959007438634,9.78956261737683e-06,6.84175439496874e-06,3.60960513309404e-09,3.23473952153441e-06,1.21530148682539e-05,-3170.56328356643,0.090832303593479,0.0712660652966459,0.994375,0.418386022176936
"sinusoidal",1600,"sir_collapsed",6,34.734,3093.9373338815,3249.07828627409,1903.35134311707,1165.86037354043,6988.62102975686,3264.11863131398,6947.2283812517,3039.87008226125,89.0751809144212,93.541725291475,54.7979312235007,33.5653933765311,201.204037247563,200.012333196629,0.00139746179950478,0.00132991789333055,1.66614062721845e-07,0.000688827949878042,0.00217614152388847,8.35007116941287e-06,6.74109541231467e-06,6.45581153588186e-10,3.28120217584789e-06,1.29319671921181e-05,-3145.7076940945,0.0687353012814824,0.0543536193481597,1,0.422597889099606
"sinusoidal",1600,"sir_collapsed",70,34.807,1773.55070626288,2617.37094537651,1759.87465656037,1307.5017914054,6897.7954546733,1869.06988572215,6887.84021444724,2127.94102241798,50.9538514167518,75.1966830056168,50.5609405165733,37.5643345133277,198.172650750519,197.886638160348,0.00139938801291166,0.00134354365384617,1.57404019606805e-07,0.000711769942755483,0.00219440026925593,8.85067200971683e-06,7.13524807321736e-06,5.04510864597798e-10,3.19262436485303e-06,1.40183723377603e-05,-3154.71756208357,0.0983542374516405,0.0791324201152141,0.97625,0.426437261978824
"sinusoidal",1600,"sir_collapsed",71,35.301,3284.69843752419,3511.62112631363,1820.18115778499,1031.27293184173,7037.58722132858,3482.26306159582,6975.39799799731,3247.42803036186,93.0483113091468,99.476533988092,51.5617449303133,29.2137030634183,199.359429515554,197.597745049639,0.0015868079304972,0.001516291738916,2.36998169907307e-07,0.000833631482360546,0.00266453287143614,1.13090603681598e-05,7.21697970483874e-06,3.97966659408235e-09,3.45536088742516e-06,1.66851190049778e-05,-3159.94493500476,0.10068380816808,0.0800941267809899,0.9925,0.43591007093845
"sinusoidal",1600,"sir_collapsed",72,34.496,3167.63375124167,3482.04358860961,2055.07549053109,1105.18467348659,6937.8946044425,3242.82107259595,6874.2589228287,2892.06372952473,91.8261175568667,100.940502916559,59.574312689329,32.0380529187904,201.121712791121,199.276986399255,0.00150658465052064,0.00144114097689867,1.91040299893927e-07,0.000758541753117451,0.0023847647079779,1.0381082048691e-05,7.32225945412659e-06,3.43509285126579e-09,3.24325943911949e-06,1.55590904125092e-05,-3142.00995372767,0.102290406211725,0.0833193804520044,0.974375,0.433407239140863
"sinusoidal",1600,"sir_collapsed",73,34.568,3317.68879354447,3459.03851521422,2051.73525625633,1703.35726166942,6757.41781305514,3177.40569984343,6795.9667900574,3003.46844688614,95.9757230254706,100.064756862249,59.3536003314143,49.2755514252899,195.481885357994,196.597049006521,0.00131331336144124,0.00126962973670146,1.2445355267574e-07,0.000671160020769873,0.00199126447333719,7.75980637566001e-06,6.9159242584342e-06,5.10954193514286e-11,3.53840045623432e-06,1.24337593126181e-05,-3128.77522259631,0.0757784776566007,0.0572270469370815,1,0.421870906262524
"sinusoidal",1600,"sir_collapsed",74,34.554,3468.97537603017,3258.24624610003,2027.28616111114,1224.42216298005,6838.97386005535,3541.02124239821,6867.63367644763,3046.88653207179,100.392874226723,94.2943290530773,58.6700862739811,35.4350339462884,197.921336460478,198.750757551879,0.00136581265955302,0.00129953211045259,1.56371434997404e-07,0.000706713136744835,0.00213496127045983,8.00406132407643e-06,6.86355937389975e-06,1.2531520483064e-10,3.41928429381979e-06,1.29136663081361e-05,-3122.96450314038,0.0809836328916551,0.066169556474983,1,0.423926521697435
"sinusoidal",1600,"sir_collapsed",75,34.887,3403.02602523431,3538.68982851163,1799.78885058691,955.903132575128,6882.76012937919,3438.75751842286,6825.20384916881,3075.53563448537,97.5442435644885,101.432907057403,51.5890976749768,27.399980868952,197.287245374471,195.637453755519,0.00140138179868893,0.00134464768035366,1.60928134206986e-07,0.0007171397175539,0.00219995679482525,9.74779853705221e-06,6.79240985486065e-06,1.76713485890041e-09,3.51793541440739e-06,1.46696052641343e-05,-3187.73226619796,0.068154707730855,0.0547179083969864,0.991875,0.424869602568988
"sinusoidal",1600,"sir_collapsed",76,34.546,3410.53283269505,3633.40546626481,1963.72356112481,1155.70928723503,7003.50086978526,3364.75540930425,7031.60328270912,2571.95400849975,98.7243916139364,105.175865983466,56.843731868373,33.4542143007883,202.729718919275,203.543196975312,0.00145392363164466,0.00138835545917524,1.85367683904226e-07,0.000709390532878496,0.00230148756805963,9.00224734913383e-06,6.89320159569205e-06,6.62793094334613e-10,3.28633244969171e-06,1.33205920191251e-05,-3184.57678547812,0.0840854706814575,0.0641244030990775,0.978125,0.428570295049593
"sinusoidal",1600,"sir_collapsed",77,34.754,3150.84703495716,3202.38749099854,1853.53622020328,873.966915566695,6753.03476653038,3291.0571362638,6695.93197402488,2861.71717424874,90.6614212740163,92.1444291591914,53.3330327502814,25.1472324212089,194.309569158381,192.666512459714,0.00135541148565135,0.00130206199255743,1.41106102947317e-07,0.000704824571090521,0.00208560194380348,1.13675286778121e-05,7.2190002655828e-06,8.65476471280613e-09,3.4686308384726e-06,1.39362071871641e-05,-3146.69514242682,0.10267913265222,0.0761248663087104,0.955625,0.422660322811687
"sinusoidal",1600,"sir_collapsed",78,34.596,2916.19905423941,2907.58903225573,1883.6502791754,1002.02105131306,7115.30449356057,3031.60886868634,7041.3918314648,2792.81422497685,84.292954510331,84.0440811728445,54.4470539708463,28.9634943725592,205.668415237616,203.531964142236,0.00158453137998772,0.00151460220346146,2.30341732496506e-07,0.000798007341279152,0.00258855143858524,1.1106777021536e-05,7.16926039282205e-06,6.1038731294558e-09,3.12726311837007e-06,1.40211053673324e-05,-3159.76857417546,0.0930780091299103,0.0757467061554938,0.9825,0.4346177851082
"sinusoidal",1600,"sir_collapsed",79,34.664,3076.92632146062,3202.18630639003,1886.70633314673,1108.59829077305,6691.23725275757,3221.80427090408,6692.592634901,2966.27179546395,88.7643180665999,92.377864827776,54.4284079490749,31.9812569459107,193.031307776297,193.070408345863,0.00126772814684178,0.00121794865725514,1.17858592945494e-07,0.000655424185940699,0.00192790633290416,9.68857794743184e-06,6.73779941755551e-06,5.57421866417484e-09,3.61272545425118e-06,1.31173782897483e-05,-3194.35657480858,0.0853433701157863,0.0646526800491312,0.97625,0.415961163611454
"sinusoidal",1600,"sir_collapsed",7,34.908,2886.38826506593,3548.74628299478,1849.93750604387,977.674835551608,6993.41467278304,2871.41057339925,6919.92390527676,2806.99018558565,82.6855811007771,101.659971439062,52.9946575582638,28.007185617956,200.338451724047,198.233181656834,0.00147966773046781,0.00140164618949239,1.86355730038358e-07,0.000756986394485575,0.00234585761429009,9.74926730298767e-06,6.83442892404193e-06,2.06833826313884e-09,3.51682615151416e-06,1.46837335805811e-05,-3197.98193878129,0.074537258305571,0.060106664535353,1,0.4294473444355
"sinusoidal",1600,"sir_collapsed",80,34.896,2872.07989498605,3140.09284143785,1392.89392229346,965.787960779474,7272.36281854504,2958.53094525686,7211.19527332022,2802.26650680239,82.3039859865328,89.984320307137,39.91557548984,27.6761795271514,208.401043630933,206.648191005279,0.00173159170716932,0.00165758291945201,2.85784774980937e-07,0.000818847231416625,0.00281331660872808,9.76845728560648e-06,7.13654404729053e-06,2.32499515530022e-09,3.35466684159088e-06,1.37439762821997e-05,-3195.65936324222,0.0871640051945072,0.0698023419723557,0.97375,0.438931349192756
"sinusoidal",1600,"sir_collapsed",81,34.682,3651.14740671213,3459.33285511311,2108.82524658598,1283.46640469783,6794.62446703854,3865.24658122973,6766.98188379916,3341.86137589869,105.274995868524,99.7443300591983,60.8046031539699,37.0067010177564,195.912129261246,195.115099584775,0.0012538753206846,0.00122077747116318,1.05637983765298e-07,0.000669530097894109,0.00188855333047226,7.8771884987406e-06,6.64849043096277e-06,1.36462778769663e-10,3.56511590715711e-06,1.24998946046125e-05,-3160.42267731795,0.0814587760347687,0.0645931254577974,0.985625,0.41313892544261
"sinusoidal",1600,"sir_collapsed",82,34.729,3895.84319326083,4098.24795525385,1890.19961502136,1166.93305408981,7125.28035786315,3792.34004674237,7101.20135836845,3567.95512723203,112.178386744819,118.006506241293,54.4271247378662,33.6011130205251,205.16802550788,204.47468566237,0.00157244963431582,0.00150035883618514,2.28131965253212e-07,0.000772088109324568,0.00254549287744537,1.10036831349332e-05,7.02622241100563e-06,6.81959242717103e-09,3.01642616641079e-06,1.46119819924409e-05,-3169.34654109186,0.0749546656902843,0.0605933937856105,1,0.433728346576299
"sinusoidal",1600,"sir_collapsed",83,34.657,3269.46546079788,3287.45132850022,2102.87494046585,1036.47515886046,6793.23265054013,3166.74404793761,6774.4299672066,2869.6408903335,94.3378094121788,94.8567772311574,60.676773536828,29.9066612476688,196.01329170269,195.470755322348,0.00137087435350631,0.00132223149916186,1.45841771470023e-07,0.000727332452422854,0.00213980059255787,9.56994973360181e-06,7.01279101756304e-06,2.93559684423289e-09,3.6776152397611e-06,1.45854767632743e-05,-3143.61754644121,0.0697393836253794,0.0563439027246581,1,0.423111991441163
"sinusoidal",1600,"sir_collapsed",84,34.793,3373.20983466418,3130.60530814148,1421.6785208357,948.743479524308,7114.28739511947,3616.37704368367,7119.42050301164,3017.84706446235,96.9508186895116,89.9780216750923,40.8610502352687,27.2682286530138,204.474675800289,204.622208576772,0.00159440504616646,0.00151668139678185,2.56729049252945e-07,0.000782425307275003,0.00263033714187875,1.08841154135204e-05,6.84695928446339e-06,4.8644753052243e-09,3.23817357724646e-06,1.57600944103111e-05,-3198.15161467788,0.0888575224958588,0.0683402827279722,0.98625,0.437764823250741
"sinusoidal",1600,"sir_collapsed",85,34.632,2950.89381303818,3223.90115381047,1616.35048252043,1010.63730219848,6872.62663989378,3133.79298097085,6950.35407828163,2811.06608210251,85.2071440586214,93.0902389065163,46.6721668549442,29.1821812831624,198.447292674225,200.691674702057,0.00139649579587695,0.00133488102357374,1.73226011510764e-07,0.000677771882202099,0.00220431518934984,8.87913011488965e-06,6.7890336586219e-06,9.22170438001606e-10,3.32146212630135e-06,1.2427864077222e-05,-3141.42277571262,0.0707991533908364,0.0588594525899559,1,0.426306081195673
"sinusoidal",1600,"sir_collapsed",86,34.659,3295.80850188158,3212.41863900391,1864.07662932572,1036.05092121917,6791.76752007328,3595.3095556422,6723.61466142529,3120.64266113183,95.0924291491842,92.6864202372806,53.7833356220814,29.8926951504419,195.959708014463,193.993325295747,0.00134459123762201,0.00128197317779701,1.52155591074796e-07,0.000703382418285769,0.00211719960885627,9.33926677956747e-06,6.82822905553357e-06,2.56745275168665e-09,3.19850995998095e-06,1.31428283373544e-05,-3152.5888226128,0.0962717441296511,0.0769748982205196,0.976875,0.425100944544586
"sinusoidal",1600,"sir_collapsed",87,34.713,3239.98426918683,3343.74523792345,1821.41214675714,1194.6883297855,6823.25951727138,3410.73525270683,6853.80359114322,3181.58788720552,93.3363370837103,96.3254468908897,52.4706060195644,34.4161648312016,196.562080986126,197.441984015879,0.00133010501912484,0.00127341705114892,1.45206380512339e-07,0.000663674866594476,0.00206530157800578,9.82422971181058e-06,6.90313472872988e-06,5.86333977027219e-09,3.38537253531373e-06,1.34366187037594e-05,-3215.06531193054,0.100098798213022,0.0800004571245623,0.985,0.414752420061809
"sinusoidal",1600,"sir_collapsed",88,35.635,2439.38024538212,2618.95276525548,1900.42135429972,882.936053012517,6871.53443552745,2542.20319529236,6864.08840068755,2383.92979914652,68.4546161184825,73.4938337380519,53.3301909442883,24.7772149014317,192.831049123824,192.622096272978,0.00145736951437237,0.001386695144005,1.94034412508348e-07,0.000686518939042349,0.00232489383187942,1.14461667659215e-05,7.0297565672772e-06,1.50396552256543e-08,3.35646769285393e-06,1.53702236708856e-05,-3157.27124430633,0.0891930558574649,0.0732928814947507,1,0.429800501183114
"sinusoidal",1600,"sir_collapsed",89,35.547,3020.85558078902,3257.86383646605,2319.9712837208,1047.21718087666,6930.47554814945,3205.31643996811,6910.74550803591,2994.45521202367,84.9820120063301,91.6494735551818,65.2648967204209,29.4600720419911,194.966538615058,194.411497680139,0.00141861135942337,0.00135869473747232,1.64057912871342e-07,0.00074321467674023,0.00224114975421269,1.05723466950215e-05,6.85273481186741e-06,3.16562282152078e-09,2.66571254412355e-06,1.44020238334401e-05,-3173.26752946375,0.0902037484683722,0.0718549556870067,0.996875,0.42704953938141
"sinusoidal",1600,"sir_collapsed",8,35.122,3106.60338759448,3211.89887426024,1836.35562540589,1113.7234404714,6899.91614874642,3301.5594230634,6915.0332246625,2937.49496277495,88.4517791582051,91.4497714896714,52.2850528274553,31.7101372493424,196.455673046706,196.886089193739,0.00140633145030261,0.00134140788118419,1.70196065519584e-07,0.000688451892281124,0.00225602832878653,7.96234711066427e-06,7.00189725344144e-06,1.64848844833501e-10,3.42087299673838e-06,1.1795722412124e-05,-3140.35877070015,0.0826293954127764,0.0642972051895433,0.9975,0.425073755084247
"sinusoidal",1600,"sir_collapsed",90,34.915,3434.28533048594,3390.85890812337,1849.46575387604,1047.16940518572,6816.98622329899,2904.973033386,6797.96814528826,2613.81122178365,98.3613154943704,97.1175399720283,52.9705213769453,29.9919634880629,195.245201870227,194.700505378441,0.00136134964344959,0.00130314378375138,1.4502403965539e-07,0.000696205959232775,0.0021047099746824,8.58801739114325e-06,6.98467116382558e-06,2.74094886030067e-10,3.54929441010806e-06,1.33324780441353e-05,-3141.18397914885,0.082251379928097,0.0639912139245169,0.973125,0.423300374011083
"sinusoidal",1600,"sir_collapsed",91,34.483,3102.52780553017,3221.13583175634,1788.44128629815,1130.53973976573,6970.69797685604,3253.67153495198,6999.40422358503,2962.23083946888,89.9726765516391,93.4122852349372,51.8644342516065,32.7854229552454,202.148826287041,202.981301614854,0.00147544165708748,0.00141088945504144,1.86242752961571e-07,0.000718859743194085,0.002329002001013,9.49929972573726e-06,7.12503531791547e-06,4.97956695911599e-09,3.54328931699813e-06,1.33980858220191e-05,-3141.06968522996,0.0967687686999901,0.0772069825741737,0.97875,0.428446725396513
"sinusoidal",1600,"sir_collapsed",92,34.572,3312.86978808157,3528.44699107928,1743.14833673841,1040.57877146112,6915.38192834475,3419.16279168251,6896.80717200246,3328.83193912771,95.8252281638774,102.060829315032,50.4208127021408,30.0988884490662,200.028402416544,199.491124956683,0.00140498602810345,0.0013513005742792,1.62038884065349e-07,0.000725194944890995,0.00217925833763464,8.0709547498679e-06,7.00579065570916e-06,1.29017617270803e-10,3.22180008662651e-06,1.23705617786359e-05,-3165.00191488977,0.0926444488823846,0.0759548947185756,0.998125,0.426495342874742
"sinusoidal",1600,"sir_collapsed",93,34.669,3027.31763624544,2838.57995906453,2074.97588321307,1235.3324238137,6795.62729397506,2959.27228714491,6810.80806909786,2682.38818612494,87.3205929287098,81.8766032785639,59.8510451184939,35.6321908279356,196.014517118321,196.452394620493,0.00137097645730135,0.00132275645527358,1.48187751786807e-07,0.000703872857366666,0.00213493819596505,8.41079202001587e-06,7.00300013499408e-06,7.27918785253652e-10,3.63571430212856e-06,1.31628063589137e-05,-3159.10334786722,0.0836139877384424,0.0656993770830424,1,0.42414716052164
"sinusoidal",1600,"sir_collapsed",94,35.209,3107.97083371003,3286.96013704395,1568.05000596023,1262.24180348855,6885.97361295319,2951.72350691775,6897.70793678727,2522.12042850375,88.2720563977967,93.35567999784,44.5354882547142,35.8499759575264,195.574245589287,195.907521849166,0.00135821332808246,0.00130589768067008,1.5058732068769e-07,0.000701741876400472,0.0020863385360662,8.50326599925845e-06,6.78055430826099e-06,8.15319294450701e-10,3.35692124156625e-06,1.27379999119294e-05,-3176.38330321867,0.0719173205644628,0.0560389544410456,0.993125,0.422189635140005
"sinusoidal",1600,"sir_collapsed",95,34.883,3605.90770646656,3729.23654538816,1423.25479159488,1051.06197437967,7003.50827866571,3743.63329393078,7035.35229994586,3513.8489162715,103.371490596181,106.906990378928,40.8008139092074,30.1310659742475,200.771386597073,201.684267406641,0.00163767399748079,0.00154631599839352,2.60523197624616e-07,0.000760727669366276,0.00259270552444977,1.04611077072026e-05,7.43637052416269e-06,1.34009068281853e-09,3.55904727771178e-06,1.57759543921206e-05,-3175.10185959338,0.0845646245609299,0.0659703041847035,0.990625,0.439253411132916
"sinusoidal",1600,"sir_collapsed",96,34.789,2987.27283939134,3585.80231401609,1986.38155671316,1238.48682545407,6985.89851070162,3071.47264160954,6941.71864101422,3218.29974000341,85.8683158294675,103.072876886835,57.0979780020453,35.5999547401211,200.807683770779,199.537745868355,0.00145077094529132,0.00139059781506252,1.76536503325777e-07,0.000763695764108008,0.00233383432135539,9.82635369012966e-06,6.90071369180452e-06,7.02781405381316e-09,3.17888233813231e-06,1.38269712203779e-05,-3158.81961698741,0.0791647128454793,0.0639440905680254,0.999375,0.428135172189754
"sinusoidal",1600,"sir_collapsed",97,34.777,3081.34072957711,2883.30882028659,2221.7698785163,953.197997785709,7034.52179419826,3304.43217546065,6938.75892915098,2764.97338582855,88.6028331821927,82.908497578474,63.8861856547805,27.4088621153552,202.27511844605,199.521492053684,0.00150814576971891,0.00145032420660513,1.91056275525715e-07,0.000759412275769426,0.00237598316967467,1.08062069222498e-05,6.94760966965336e-06,1.11068645775657e-08,2.96221962358076e-06,1.44349782805248e-05,-3143.58556598402,0.0875510899912419,0.0700834213956568,0.97875,0.432873287268234
"sinusoidal",1600,"sir_collapsed",98,34.79,2898.59617104398,3499.44302394704,1504.25632755486,1163.35607479992,7186.80524179003,3177.48881449527,7163.18971090395,3116.77717955383,83.3169350688123,100.587612070912,43.2381813036753,33.4393812819753,206.576753141421,205.897950873928,0.00162876400392301,0.00154542085835689,2.57082633129434e-07,0.000775680696352105,0.00262655579677137,9.84105447234338e-06,6.98018759055662e-06,1.2084869800132e-08,3.68486758516574e-06,1.31987899515492e-05,-3184.3766603209,0.0887244475457899,0.0707395812191886,0.98875,0.436023714182739
"sinusoidal",1600,"sir_collapsed",99,34.777,2940.84161478166,2610.60406109341,1952.00505395228,1121.21210830394,6638.75671817239,2849.59682172174,6639.39048474452,2366.29156973489,84.5628321816621,75.0669713055585,56.1291961340046,32.2400468212883,190.895037472249,190.913261199773,0.00121758071908459,0.00116996706351688,1.10785705908583e-07,0.00067506185247746,0.00191179117257735,9.59829538963772e-06,6.58884330869297e-06,3.19623647904832e-09,3.33169441109872e-06,1.27009198845929e-05,-3159.4719737849,0.0792298572258416,0.063788000120607,0.995625,0.414067345467267
"sinusoidal",1600,"sir_collapsed",9,34.571,3100.39780311846,3156.74152608407,2073.07741942414,1060.42334749609,6728.47285602138,2644.28859922154,6744.86137600173,2840.89915803455,89.6820399502029,91.3118372648773,59.9657926997813,30.67378286703,194.62766064104,195.101714616347,0.00127400201321977,0.00122277023541192,1.24405336374517e-07,0.00065344044167443,0.00196589060896557,8.52475059999955e-06,6.52199833488937e-06,1.13531866354797e-09,3.3638105702583e-06,1.2632591259819e-05,-3173.58355995988,0.0651974466822686,0.0548669500216723,1,0.416927436423535
"sinusoidal",200,"sir_collapsed",100,4.45,3557.37683365724,3668.42892658298,3151.36734339214,3179.85744221482,7346.30844311371,3989.98364130649,6924.44293678389,3418.62321489028,799.410524417357,824.366050917523,708.172436717336,714.574706115689,1650.85582991319,1556.05459253571,0.00585938045839204,0.00482587632204056,1.40169282924296e-05,0.00119585713856182,0.0131184564496604,8.53252566121234e-05,3.84352325951068e-05,2.78342091192453e-07,7.15774093446168e-06,0.000179550126261028,-383.42493537136,0.116508378405747,0.100045702065126,1,0.603155235410618
"sinusoidal",200,"sir_collapsed",101,4.626,3147.83005739573,3095.00246401224,2918.64184701128,2610.57906894445,7000.02575563445,3079.01282028147,6478.55261319048,2856.23877580627,680.464776782476,669.045063556471,630.921281238928,564.327511661144,1513.19190567109,1400.46532926729,0.00485906079600642,0.00411373230589357,8.54013534294353e-06,0.000949658667555825,0.0103729560736914,0.000110701524384314,3.57557313068501e-05,2.27497061845756e-06,6.78940068219616e-06,0.00018741249601987,-396.265538689579,0.178615374263546,0.124879447947758,0.945,0.577140676906134
"sinusoidal",200,"sir_collapsed",102,4.549,3683.46850617282,3909.91856295951,3106.32005976839,3266.91722135503,7035.10090619654,3018.98473805252,6672.63263604547,2863.63722664622,809.731480802993,859.511664752585,682.857784077465,718.161622632454,1546.51591694802,1466.8350485921,0.00452941069673544,0.00382418151544257,7.57990535539719e-06,0.00105020303409099,0.00988857790781669,5.69295112070458e-05,3.57768811885896e-05,3.93174814479018e-08,8.92811913174399e-06,0.000119887458776978,-388.410810821423,0.143202772856796,0.111280672977466,0.995,0.566095312791445
"sinusoidal",200,"sir_collapsed",103,4.399,3238.50901326202,3144.37242818669,3235.26165033461,2888.39231724015,6956.23846546055,3092.59979631496,6669.37349836045,2858.59165350586,736.192092125942,714.792550167468,735.453887323166,656.602027106195,1581.32267912265,1516.11127491713,0.00403774800229823,0.00349096035062766,4.83361441540471e-06,0.00102977076955861,0.0083718928937889,6.72900037901714e-05,3.44799952577654e-05,7.0270796691368e-07,8.27835747031108e-06,0.000133868641494041,-395.73219179619,0.0999745260644287,0.079065512536867,1,0.548891357653711
"sinusoidal",200,"sir_collapsed",104,4.398,3089.13064197152,3497.21214506003,3012.75643940966,3684.5429059649,6771.51894319508,3425.58147357669,6582.61192616181,3335.63262774645,702.39441609175,795.182388599371,685.028749297332,837.776922684151,1539.68143319579,1496.7284961714,0.00392814961448469,0.00341477329816856,4.4239452189022e-06,0.00117862163388879,0.00815742042957408,4.95314336067657e-05,3.63746970399809e-05,7.85742262313459e-09,9.03616300650144e-06,0.000105450726052372,-385.087322098697,0.0973101315804895,0.0771195692130309,1,0.545281889550264
"sinusoidal",200,"sir_collapsed",105,4.422,3169.17910234555,3513.81655677662,3133.01445979463,2561.61186451652,6834.78627473822,3535.56694525785,6417.83928693551,3365.69492842744,716.684555030653,794.621564173818,708.50620981335,579.288074291389,1545.63235520991,1451.34312232825,0.00349441884294538,0.0030461492326101,3.36828250268892e-06,0.0010016255556016,0.00714209329097792,9.09695929396171e-05,3.253377242203e-05,1.72125462839065e-06,7.65863759732005e-06,0.000135125249109739,-405.32123707591,0.0786664361734348,0.0620117286707807,1,0.523439670512758
"sinusoidal",200,"sir_collapsed",106,4.474,3020.80103786696,3073.21771740539,3503.43185180481,2813.77749313989,6808.48450340922,3457.8574152704,6531.85101828454,2965.95161117402,675.190218566597,686.906061109833,783.064785830311,628.917633692421,1521.78911564802,1459.95776000995,0.00414181260301738,0.0035467743987109,5.44528300044384e-06,0.00113290153346507,0.00872150463983611,9.02499587110182e-05,3.56463947881659e-05,1.57582249423489e-06,7.11331779015345e-06,0.000145190034326916,-394.407033257054,0.100436611877777,0.0819637110038219,1,0.551960774405329
"sinusoidal",200,"sir_collapsed",107,4.779,3191.61267184386,3507.97430785926,3027.3821857519,3041.71726042879,6957.96999348233,3491.15888398769,6709.54927648369,3463.84440217383,667.841111496936,734.039403192981,633.476079881127,636.475677009582,1455.94684944179,1403.96511330481,0.00441005194743488,0.00375448197429808,6.48670783317838e-06,0.00112116387048841,0.00937865277890553,6.84658326196768e-05,3.64186108047348e-05,1.0980271624887e-07,8.93005336024032e-06,0.000141454493888287,-389.123825243025,0.0908796030668503,0.0736795897851442,1,0.565407880286281
"sinusoidal",200,"sir_collapsed",108,4.693,3143.54485899798,3458.17543570888,3199.07031345284,2977.39708663483,6527.03202680236,3543.98479608007,6314.4648193653,3189.43567562588,669.836961218405,736.879487685676,681.668509152534,634.433643007635,1390.80162514433,1345.50709980083,0.0037668120052659,0.00327635084376382,4.13361910601302e-06,0.00112458332782584,0.00773139096661307,6.38344065293743e-05,3.84759321245118e-05,4.62431759120759e-08,9.28282391647538e-06,0.000139378005925413,-389.784416342878,0.145189058443655,0.103056348550495,0.94,0.548711998139507
"sinusoidal",200,"sir_collapsed",109,4.691,2774.8413535897,3150.84251572745,3778.93245200727,3308.58427247228,6729.61747532092,3006.22532581417,6197.63063845381,2878.08735011054,591.524483817886,671.678216953197,805.570763591403,705.304683963393,1434.58057457278,1321.17472574159,0.00372941915763223,0.00326243695928855,3.68934850252685e-06,0.00105306157425526,0.00750144071655157,6.13139608181011e-05,3.49834722589093e-05,1.7751778964653e-07,9.09523559627135e-06,0.000122670368758612,-387.406762822766,0.11159287065929,0.0806753489597478,0.995,0.541171628436462
"sinusoidal",200,"sir_collapsed",10,4.82,2801.34084325945,3047.57810946351,3411.29556139879,3076.96686440755,7002.9041890757,3008.6985930108,6696.57956066118,2960.54745845039,581.191046319388,632.277616071267,707.737668339999,638.374868134346,1452.88468653023,1389.33185905834,0.00433196376638681,0.00365814500907987,6.35357601743821e-06,0.00104435104706677,0.0093244290993161,7.55090020248648e-05,3.59040228909278e-05,4.49050426366289e-07,8.50267393422577e-06,0.000139689452340059,-398.091371289671,0.0914593843454376,0.0774489693672739,1,0.553439405560537
"sinusoidal",200,"sir_collapsed",110,4.392,2718.08947802411,2824.58319606147,2839.61362355102,3215.83164056275,6705.49510460682,3016.69436376951,6454.87684512755,2632.24391163745,618.872831972703,643.120035533121,646.542264014349,732.202103953268,1526.75207299791,1469.68962776128,0.00375828926080151,0.00328232177242342,4.04642999720132e-06,0.00106220272709911,0.00771758692225655,5.29450782701062e-05,3.57875753545558e-05,1.42045001878641e-08,8.14055845597773e-06,0.000115686843020625,-395.457573699719,0.101492428258273,0.0817939369496547,1,0.541618707511182
"sinusoidal",200,"sir_collapsed",111,4.419,3305.34222426426,3559.63565775523,3493.17943591167,3267.93247054149,7151.84584641442,3627.56440100418,6912.07714143607,3389.80140425433,747.984210062064,805.529680415304,790.490933675417,739.518549568112,1618.43083195619,1564.1722429138,0.00412423551869998,0.00360306414819749,4.93047316569486e-06,0.00111806003785725,0.00844897077007774,5.65955278921691e-05,3.49692619516175e-05,5.41747853387701e-08,7.69763252797547e-06,0.000118181243438132,-392.17804380122,0.144170836157333,0.117564940120185,0.93,0.533684512528714
"sinusoidal",200,"sir_collapsed",112,4.443,2875.03850551046,3061.93589105666,3202.91261735987,3150.15059537552,7008.51795767445,3170.97399358656,6748.25297031713,2694.86023294105,647.09396927987,689.159552342259,720.889628035082,709.014313611416,1577.42920496837,1518.8505447484,0.00517412452595479,0.00433198861093585,1.04321385416372e-05,0.00112735387559384,0.0113968767069417,9.04280467308129e-05,4.4647628427672e-05,1.02763606887094e-06,8.015415442607e-06,0.000174005999651037,-385.114984543809,0.135869098406113,0.109674587148557,1,0.585672301104212
"sinusoidal",200,"sir_collapsed",113,4.582,3131.10222070227,3325.7278946589,3112.42303826815,3390.79999177863,6769.08273747216,3413.42243477735,6537.85267882166,3263.99498100974,683.348367678365,725.824507782386,679.271723759963,740.026187642652,1477.32054506158,1426.85566975593,0.00376863324852772,0.00331696844564137,3.85617027060825e-06,0.00101477139004228,0.00746234145091411,5.55094141770926e-05,3.42325448472287e-05,1.22414312015954e-07,7.20155852512259e-06,0.000110218786611017,-383.237303260295,0.0951518674828151,0.0827327662392135,1,0.550130310159802
"sinusoidal",200,"sir_collapsed",114,4.417,3272.80346428419,3502.04477127628,3065.5875624631,3862.14549497081,6724.80690464872,3595.22349708207,6645.44574395298,3410.82315899925,740.956183899523,792.855959084511,694.04291656398,874.382045499392,1522.48288536308,1504.515676693,0.00414222369243075,0.00360222372927983,5.32658533534359e-06,0.00100880479811808,0.00859228018070876,5.23942991077864e-05,3.76188079958371e-05,7.47020741719746e-09,9.11784513606273e-06,0.000116070863469731,-381.841170154308,0.111571906314801,0.0929721755686712,1,0.556889133741165
"sinusoidal",200,"sir_collapsed",115,4.407,2912.45032911777,3205.51251305669,3434.54215017836,4272.11002411788,7112.49432725886,3171.84902456703,6739.05917179688,3073.68934287269,660.869146611702,727.368394158541,779.337905645192,969.391882032647,1613.90840191942,1529.17158425162,0.00431243629800125,0.00372896306627571,5.89856129613285e-06,0.000979534649665584,0.00900261295911935,4.78620064584691e-05,3.76981347836026e-05,2.16550217303263e-09,8.8624459710138e-06,0.000108693380031904,-387.806457194782,0.139096864925526,0.106828135698301,0.93,0.557389983299659
"sinusoidal",200,"sir_collapsed",116,4.447,3102.06896719136,3626.63000298881,3878.16083193779,3404.87815191346,6874.00929304842,3349.80367749668,6566.51387708785,3460.35563766754,697.56441807766,815.52282504808,872.084738461386,765.657331215081,1545.76327705159,1476.61656781827,0.0039304214278319,0.00341276426561767,4.61790567937666e-06,0.00115948378179107,0.00828355586741654,6.57684706366331e-05,3.44202778974163e-05,1.5868801918869e-07,9.02080837706127e-06,0.00012841565990965,-384.4242605397,0.0877759566593875,0.0714580119405569,0.99,0.545794135525132
"sinusoidal",200,"sir_collapsed",117,4.407,3115.98908227002,3178.71691876578,3308.41545429777,3263.55271293503,6739.13832247929,3312.35966269396,6376.74191444618,3098.94829201382,707.054477483553,721.288159465799,750.718278715174,740.538396400053,1529.18954447,1446.95754809307,0.00420382834498397,0.0036058513193926,5.49862109790435e-06,0.00113175290122144,0.00882326674825312,5.7723992245151e-05,4.18307595818195e-05,7.63742751594668e-09,9.68868406450337e-06,0.000130171781613107,-389.104738909859,0.166791177204461,0.133208869201372,0.925,0.558794013414738
"sinusoidal",200,"sir_collapsed",118,4.74,2852.43264459806,2924.67768920505,3066.0521220437,3388.14579101162,6762.37746052836,3117.05305601247,6488.64840052098,2855.64957240636,601.779038944739,617.02060953693,646.846439249725,714.798690086839,1426.66191150387,1368.91316466687,0.00398209569333744,0.00341201014336597,4.88627592480724e-06,0.00102602827000584,0.00823374923630475,6.06308107950882e-05,3.66129605390158e-05,7.58670859433923e-08,8.9965235790543e-06,0.000116793852354657,-392.411758410859,0.0985568165932064,0.0762004276839463,1,0.546561072421741
"sinusoidal",200,"sir_collapsed",119,4.7,2923.05740821424,3092.33012978645,3044.4252687869,2993.79014418136,6789.30083231006,3189.58707501558,6455.62666893775,2919.46007648558,621.92710813069,657.942580805628,647.750057188702,636.976626421567,1444.53209198086,1373.53758913569,0.00375410873352871,0.00329878829732307,3.78161057509916e-06,0.00113620372326479,0.00765664119278942,6.0590207483279e-05,3.71075712367487e-05,3.60201451528605e-08,8.46537772773134e-06,0.000120037341750415,-394.703396780713,0.084547132450695,0.0659071882517238,1,0.540720290062135
"sinusoidal",200,"sir_collapsed",11,4.544,3071.10896164428,3399.25401371278,2688.11185897446,4156.86179902902,6741.45042790655,3329.72909008582,6464.8324194885,3008.30853999513,675.860246840731,748.075267102284,591.573912626421,914.802332532794,1483.59384416958,1422.71840217617,0.00403604162840813,0.00353868519203036,4.64868636363799e-06,0.00122313009041861,0.00807737069308914,4.61467839430776e-05,3.58416401043462e-05,3.07051450325658e-09,9.0037080273826e-06,0.000102586985596864,-372.423091697466,0.154101691518709,0.12439820441017,0.95,0.561917806907309
"sinusoidal",200,"sir_collapsed",120,4.399,3553.29376800898,3711.96397873662,3109.43285737551,3511.76670283859,6903.19768807789,3690.10356400244,6675.92025278059,3395.08701174045,807.750345080468,843.819954247924,706.849933479315,798.310230242916,1569.26521665785,1517.59951188465,0.00411425343645096,0.00351703863267635,5.49250322451807e-06,0.00090916065085722,0.00852313718044326,6.12979461209994e-05,3.38014388070976e-05,1.68280588717948e-07,9.25662323469906e-06,0.000120813307759783,-392.308014897609,0.123861333628068,0.0917964032114034,1,0.558142575498255
"sinusoidal",200,"sir_collapsed",121,4.508,3336.72824819759,3596.56131114272,3371.19271101119,3482.92713410107,6831.11499069635,3504.86143992892,6536.07737396248,3247.90298923039,740.179291969296,797.817504690045,747.82447005572,772.610278194559,1515.33163058925,1449.88406698369,0.00398373637046331,0.00349386808424346,4.45560036345112e-06,0.001100295759976,0.00824862474555341,6.1936117445373e-05,3.49236826054503e-05,3.18593906358525e-07,8.4246286078143e-06,0.00011937378745057,-385.745182031685,0.0814055724912529,0.0589647557433815,1,0.549132851449481
"sinusoidal",200,"sir_collapsed",122,4.635,3072.49926068003,3236.07373109949,3907.33749312542,3306.8199044378,6781.54982608901,3441.85799348867,6632.85847129713,3086.10486251357,662.890886878108,698.182034757172,843.007010383046,713.445502575576,1463.11754608177,1431.03742638557,0.00367856823846824,0.0032066940871999,3.57843893021463e-06,0.00103522887061809,0.00738553402069848,5.32474310768291e-05,3.29058541978279e-05,2.37942032865812e-08,7.83862471233259e-06,0.000119658636739462,-383.288044108566,0.0617237387288941,0.0519467304948202,1,0.535855055149106
"sinusoidal",200,"sir_collapsed",123,4.789,3089.06626354552,3172.90008318203,3553.17303109194,4195.86938919619,6829.56734435049,3359.93903549174,6560.26003596695,3090.94402838768,645.033673740973,662.53916959324,741.94467134933,876.147293630443,1426.09466367728,1369.86010356378,0.00357692385823888,0.00315211928844959,3.29335200459215e-06,0.00099937229328104,0.00700956369021228,4.465621000458e-05,3.26062981499137e-05,4.13061222995426e-09,7.37578508490472e-06,9.59799805945087e-05,-385.89568315846,0.109615757290714,0.0821987784635724,0.955,0.52778441049308
"sinusoidal",200,"sir_collapsed",124,4.744,3610.43509524208,3673.01422098037,2229.33267459809,3586.5991620323,7377.16335660656,3899.88919451827,7132.24829081905,3497.34265646492,761.05292901393,774.244144388779,469.926786382396,756.02849115352,1555.05129776698,1503.42501914398,0.00555898412131529,0.00472647961426611,1.09727522697837e-05,0.00119196255833553,0.0124105193704261,6.86267259632535e-05,3.69388634080939e-05,1.94516035113239e-07,8.37615259534644e-06,0.00013755816105501,-401.25725602383,0.109843268022805,0.0903659472873055,1,0.575625290494133
"sinusoidal",200,"sir_collapsed",125,4.83,3368.18339246227,3325.055083811,3530.33876387234,3720.48052968088,7015.24085777292,3619.21185531876,6888.17611876118,3027.277838598,697.346458066723,688.417201617185,730.918998731334,770.285823950493,1452.43081941468,1426.12342003337,0.00399864896634982,0.00341923046554339,5.22765861172953e-06,0.00106265480834914,0.0085539677031525,5.11510851580873e-05,3.45559532718559e-05,3.61868193943087e-08,8.34747345344663e-06,0.000108022875101264,-401.339979345285,0.102822943981049,0.0845610056217294,1,0.54248516117008
"sinusoidal",200,"sir_collapsed",126,4.426,2997.23726723965,3138.1690477287,2243.33206830487,2950.06132036835,6887.90615715008,3258.23325339635,6638.06974943678,2991.27308382362,677.188718309908,709.030512365274,506.853155965853,666.529896151908,1556.23727002939,1499.78982138201,0.00444052020148633,0.00372978888025489,7.09451451130548e-06,0.00112414191832108,0.00948771470624669,7.19709384494924e-05,3.84586861662701e-05,2.08758047704296e-07,1.08049804714062e-05,0.000139602930746914,-388.146364025583,0.112933584334764,0.080963446110805,1,0.570505381481392
"sinusoidal",200,"sir_collapsed",127,4.514,3355.19295182502,3525.02771283308,2912.69729629444,3719.9053381468,6909.71814160439,3682.92380942673,6546.23185946391,3265.65417171973,743.285988441519,780.90999398163,645.258594659822,824.081820590783,1530.73064723181,1450.20643763046,0.00433624955524636,0.00371752300088511,6.17919084109856e-06,0.00103905107904319,0.00894778466985389,5.99573629665045e-05,3.67722377852089e-05,1.45169991703272e-07,8.78951000125586e-06,0.000122093570509684,-409.843456041311,0.116250158740654,0.096120559942752,0.965,0.554310594318494
"sinusoidal",200,"sir_collapsed",128,4.633,3106.39218948978,3334.21149645848,2654.48018185495,3734.61571992365,7071.80546702821,3389.19895708282,6810.179314941,3175.22961192453,670.492594321127,719.665766556978,572.950611235689,806.090161865669,1526.39876257894,1469.92862398899,0.0042108269566665,0.00365858015333226,5.06174729002668e-06,0.00110327247512283,0.00870926601711782,4.80384696865002e-05,3.42884575801255e-05,1.0151978247508e-08,8.91133118027906e-06,0.000103814645318587,-391.677215270301,0.0665038899882541,0.0523296007417126,1,0.550614910358648
"sinusoidal",200,"sir_collapsed",129,4.393,2536.63368890775,2861.56577333855,3148.64037662003,3331.20493913375,6506.35983155543,2736.1875359518,6285.68738670895,2548.21998026542,577.426289302925,651.392163291271,716.740354341005,758.298415464091,1481.07439825983,1430.84165415637,0.0032959622152065,0.00292281246338892,2.69464361969875e-06,0.00091586222063155,0.00637765437549003,4.49894525390752e-05,3.46181620331242e-05,2.33752819536757e-09,9.58557076006024e-06,0.000100597880274338,-371.449126996685,0.0920404909641379,0.0777645195761462,1,0.528974850275125
"sinusoidal",200,"sir_collapsed",12,4.728,3577.06518378548,3551.60313163385,3623.49879637611,4025.02256744065,6855.41177387198,3597.20840825353,6536.90956709769,3246.80339369072,756.570470343799,751.185095523234,766.39145439427,851.316109864773,1449.96018905922,1382.59508610357,0.00383954098282287,0.00336716822778368,4.03879421678381e-06,0.000896327550613012,0.00772276970169609,4.7877391712373e-05,3.49327043622962e-05,5.84192844882975e-09,1.01203142975947e-05,0.000110535687189918,-377.0105364925,0.0984770231440545,0.0787483184823888,1,0.548102244280083
"sinusoidal",200,"sir_collapsed",130,4.76,2839.13239077661,3039.93334428934,3738.45942105165,2480.92962731716,6566.64182971477,2749.80072514511,6283.58573326283,2875.69112859942,596.456384616934,638.641458884316,785.390634674716,521.20370321789,1379.54660288125,1320.08103639976,0.00379264191274651,0.00332116927570978,4.07680776465905e-06,0.00111857168814971,0.00783488268390633,7.69927794311756e-05,3.46176380036881e-05,1.11818532511397e-06,8.11845398548068e-06,0.00014148399553293,-384.577564799292,0.12089602557031,0.0908306233924846,1,0.551885541643037
"sinusoidal",200,"sir_collapsed",131,4.562,2924.81847859685,3153.14180328843,3439.76477460529,3340.97864626793,6861.0217705141,3256.30959681383,6650.16133380331,2938.56345372845,641.126365321537,691.175318563883,754.003677028778,732.349549817609,1503.95041002063,1457.72935857153,0.00416682235535655,0.00360967780994226,5.65799980898835e-06,0.00110597380040287,0.00878934517153086,6.24828012408805e-05,3.70073790333374e-05,6.0900491936594e-08,8.75525955807174e-06,0.000135901882688881,-391.608542025511,0.115951023006902,0.0937390376264185,0.995,0.550209110568619
"sinusoidal",200,"sir_collapsed",132,4.406,2897.72606562562,3153.65908974227,3921.43191511117,3798.77540907348,6814.21795246568,3120.56118755116,6462.39600052474,2772.65459733071,657.67727317876,715.764659496657,890.020861350696,862.1823443199,1546.57692974709,1466.72628246136,0.00372823213328666,0.00327328331089014,3.81553835624699e-06,0.00113838830960136,0.00756678899189043,4.79762073032085e-05,3.48841895415493e-05,8.78244129159255e-09,9.41264761116247e-06,0.000101906388888341,-381.371396451702,0.134975988495952,0.0957295525253025,0.93,0.547195955831336
"sinusoidal",200,"sir_collapsed",133,4.469,2898.57807698675,3032.56368196269,2855.1288175518,4258.22441391345,6957.04291895868,3378.40211651894,6742.96049506684,2903.7446668189,648.596571265775,678.577686722463,638.874203972207,952.836073822656,1556.73370305632,1508.82982659808,0.00381712223384452,0.00328831492977566,4.4613503049356e-06,0.000938596393011903,0.00787542512893701,4.40565031870349e-05,3.50244512257976e-05,2.73864417641871e-09,9.45338828916304e-06,9.28295857859192e-05,-410.295165949064,0.121018167489527,0.0817208586703037,0.95,0.530701289387203
"sinusoidal",200,"sir_collapsed",134,4.612,3653.04175907636,3552.49332347158,2738.55830082813,2828.33793723805,6824.6080565469,3965.18121117853,6586.9445155515,3172.43365773426,792.07323483876,770.271752704158,593.789744325266,613.25627433609,1479.75022908649,1428.21867206234,0.00417972005925099,0.00360026008696415,5.87870053377184e-06,0.00107922238859748,0.00874842247952411,8.21761091746078e-05,3.38069890914668e-05,6.85336089654842e-07,6.82130448242777e-06,0.000153586676349668,-396.067202769304,0.068198111857761,0.057092310408912,1,0.549470540016098
"sinusoidal",200,"sir_collapsed",135,4.402,2889.39231401767,3386.06185428463,1877.20757689212,3854.29107351282,6815.30125446125,3187.21445730993,6552.90174638353,3079.94817302876,656.381716042179,769.209871486739,426.444247363045,875.577254319131,1548.22836312159,1488.619206357,0.00374947545790599,0.00328400394371063,4.00894310122136e-06,0.000901081397333615,0.00759963097119753,4.61747184132944e-05,3.40874048165438e-05,7.78041879402697e-09,1.09329075134527e-05,0.000101507372929714,-389.958689461119,0.0865719630376337,0.0708373144261419,1,0.542955231458083
"sinusoidal",200,"sir_collapsed",136,4.707,3072.80999062552,3354.28660444072,2414.52350152959,2812.59206824699,6974.99741860816,3341.77781221669,6658.06921844784,3253.80830436874,652.817078951671,712.616656987618,512.964415026468,597.533900201187,1481.83501563802,1414.50376427615,0.00480418124204889,0.00408382200437931,8.38576704408673e-06,0.00108283661345598,0.0102324437152125,7.50434222180178e-05,3.95800057809181e-05,3.43691663211798e-07,1.08726812254925e-05,0.000156420431837514,-399.258149883397,0.0937518645850471,0.0751259490974464,1,0.570132311952596
"sinusoidal",200,"sir_collapsed",137,4.444,2984.29916154391,3286.56898014872,3588.78506628044,2966.79610059698,6785.51410047839,3275.3943591916,6578.39090089498,3116.73894981531,671.534464793859,739.551975731035,807.557395652665,667.595882222543,1526.89336194383,1480.2859812995,0.00354408235109314,0.00311853639570717,3.15197804251568e-06,0.00108428107099677,0.00714007914104768,5.98805557642529e-05,3.4317593921586e-05,1.85248705886613e-07,7.75320964831019e-06,0.000114980070758738,-395.337320523012,0.141314483906818,0.116236189533366,0.915,0.523441022486025
"sinusoidal",200,"sir_collapsed",138,4.566,2712.82681622344,2872.03192860998,3336.70979546948,3949.69632003136,6813.9951270036,3038.35989086564,6455.65682804353,2823.54209995066,594.136403027473,629.003926546207,730.773060768611,865.023285157985,1492.33358015847,1413.85388262013,0.00370329289297463,0.00322801417450293,3.87183268774075e-06,0.000989438748214177,0.00759399386817418,4.74741045078733e-05,3.60481399716218e-05,8.425885030409e-09,9.26153372549129e-06,0.000104261608719778,-393.693420701357,0.118259094554733,0.0989989909606385,1,0.5312406563428
"sinusoidal",200,"sir_collapsed",139,4.4,2879.10297336411,3029.82900841844,3297.93068675481,2831.62801257486,6691.64348955998,3242.66848158045,6428.17613724687,2775.32807569193,654.34158485548,688.597501913282,749.529701535183,643.551821039741,1520.82806580909,1460.94912210156,0.00364790170452123,0.00318981649061042,3.53989797771851e-06,0.000934824906159501,0.00732900637029051,6.68084884265552e-05,3.7042893778097e-05,1.38746349613562e-07,9.31308184123208e-06,0.000132782123163614,-397.640095092923,0.116326158765686,0.0882970117470897,0.98,0.531434018221593
"sinusoidal",200,"sir_collapsed",13,4.622,3044.93813043619,3309.10704941848,3847.54747241002,4059.09770910622,6714.92650037222,3348.32825600144,6386.97748395816,3066.8628272068,658.792325927346,715.947003335889,832.442118652102,878.212399200825,1452.8183687521,1381.86444914716,0.00339133824280631,0.00302379452695024,2.70246832652604e-06,0.000978549893282835,0.00659908206572633,4.40095116661187e-05,3.2594259832834e-05,6.88512897713345e-09,9.67768093007016e-06,9.74975774783623e-05,-372.455121630585,0.0699724881957159,0.0614724456483502,1,0.528590933238732
"sinusoidal",200,"sir_collapsed",140,4.812,3318.4093921338,3523.60275147225,2903.09551725474,3826.19968784769,6921.30729266402,3416.46117824556,6534.02142998377,3218.04810501617,689.611261873192,732.253273373285,603.303307825175,795.137092237675,1438.3431614015,1357.85981504235,0.0037527272714207,0.00328258637851087,3.95625779602887e-06,0.00106707064754523,0.00771063925099067,4.79363512825966e-05,3.60611662639212e-05,6.15943813209425e-09,9.11175302903292e-06,0.000104064660626824,-381.993499220618,0.139802699770413,0.117663343704139,1,0.537437552989655
"sinusoidal",200,"sir_collapsed",141,4.391,2631.59611179255,2790.69029007027,3790.39540288691,2660.88840544306,6841.64254187759,2916.25716816979,6435.9674038124,2658.27549683304,599.315898836838,635.547777287696,863.219176243888,605.986883498761,1558.10579409647,1465.7179238926,0.00354127171321857,0.00311637160905484,3.26974600213585e-06,0.00100616018235427,0.00706591459714476,7.16553898433355e-05,3.42727622432753e-05,1.41316644871994e-07,6.70636067338164e-06,0.000140352914300597,-393.215020105003,0.0845574939016034,0.062611563520838,1,0.537082353783296
"sinusoidal",200,"sir_collapsed",142,4.719,3091.87995242453,3373.08072257951,3861.91576624774,2756.56698143138,6551.55708174785,2997.81445566383,6228.91446828429,2960.95304242892,655.198125116451,714.787184271988,818.375877568922,584.142187207327,1388.3358935681,1319.96492228953,0.00375039188623667,0.00332736895805308,3.75997830936754e-06,0.000855535851945387,0.0075369467970811,6.57540314526719e-05,3.67405817644407e-05,7.63054808232937e-08,7.9314328440569e-06,0.000139863599592844,-382.511605616118,0.119612171268358,0.0962404164855519,1,0.551735101175257
"sinusoidal",200,"sir_collapsed",143,4.616,2959.92283204427,3324.72756102318,2727.37363258144,2922.46270881987,6902.61202982252,3225.01915250524,6578.16798095601,3197.26537495126,641.231116127441,720.261603341243,590.852173436187,633.115838132554,1495.3665575872,1425.07971857799,0.00386619943066198,0.00335788058346867,4.44515261516448e-06,0.000970366669143217,0.00791403012843913,5.98558482154239e-05,3.26679964561763e-05,7.76353053454628e-08,6.44440745389719e-06,0.000128654675968434,-395.325795054367,0.113822786261573,0.0968041310181757,1,0.543605605959442
"sinusoidal",200,"sir_collapsed",144,4.405,3252.47589552281,3402.2124810299,3794.49395932892,3837.32309473262,6923.14930594085,3603.08956745993,6589.33072775098,3252.47542705631,738.360021685088,772.352436102134,861.406120165475,871.128965887088,1571.65705015683,1495.87530709443,0.0039436473317864,0.00340061815025144,4.99547776826176e-06,0.0011186409827796,0.00824495724225531,4.9790561420785e-05,3.52324036383613e-05,1.18834940781372e-08,9.28047212725898e-06,0.000104244215269786,-401.111822359596,0.0737214517430289,0.0622959362555374,1,0.548528831413208
"sinusoidal",200,"sir_collapsed",145,4.429,3083.86420569908,3488.94890451808,3072.1045531972,4343.64016240936,6883.59996008709,3287.24061605743,6705.84844021648,3302.53597186852,696.289050733592,787.750938026209,693.633902279792,980.727063086331,1554.21087380607,1514.07731772781,0.00385834764830544,0.00338420748203271,4.27295594475054e-06,0.00106453508437852,0.00797880915365374,4.52520999328145e-05,3.32340951145398e-05,5.92014561557763e-09,9.06798610562853e-06,9.76469370216197e-05,-400.930087901538,0.106785123814378,0.0777257083778519,1,0.532554624005316
"sinusoidal",200,"sir_collapsed",146,4.413,3828.56062063899,3713.22463387417,3211.20434453325,3102.72794743297,7115.45653689399,3521.95090923616,6932.14528981815,3576.51674168985,867.564156047811,841.428650322722,727.669237374406,703.088136739853,1612.38534713211,1570.84642869208,0.00451551903614727,0.00383530893854086,7.46049636150474e-06,0.00108151663582316,0.00973529814266429,7.75632807571233e-05,3.44725475909665e-05,9.77145056369638e-07,8.32544504488053e-06,0.000136164916573332,-398.016185047624,0.082749757786355,0.065739219269001,1,0.558678583408387
"sinusoidal",200,"sir_collapsed",147,4.75,3022.37520822164,3243.29627984231,3544.46976371721,2799.75575563879,6930.43297754428,3384.91605340163,6571.57473090024,3092.35577640254,636.289517520345,682.799216808907,746.20416078257,589.422264345008,1459.03852158827,1383.48941703163,0.00400306165687928,0.00339467814637221,5.1012025452383e-06,0.000961842848375274,0.00835030359445651,9.51992364027204e-05,3.53066408351899e-05,5.08851304613054e-07,6.14478175472159e-06,0.000163525306316313,-401.055931238539,0.0735869893483633,0.0619121476326403,1,0.542407628665811
"sinusoidal",200,"sir_collapsed",148,4.493,3111.92658075631,3203.33253051638,3619.69273828463,3852.81824955817,6955.12411828779,3454.42024208662,6552.16439605165,3119.49933698316,692.616643836259,712.960723462359,805.629365298158,857.515746618777,1547.99112358954,1458.30500691112,0.00371469243250575,0.00325313789244366,3.85215494150987e-06,0.0009688458641709,0.00756796832997847,4.96316805656437e-05,3.40493615837775e-05,1.9098818541106e-08,8.71536349057799e-06,0.000105513742262096,-384.191841228024,0.085656965378938,0.070418853108879,1,0.542405075644144
"sinusoidal",200,"sir_collapsed",149,4.456,2961.45349616678,3182.64921839969,3309.10634392281,3537.40542516633,6787.92070563134,3217.95503190198,6682.84050996876,3161.21554664564,664.599079032043,714.239052603162,742.61812026993,793.852204929607,1523.32152280775,1499.73979128563,0.00416319778760317,0.00359178442834283,5.25200852180747e-06,0.00120723683645452,0.00877139801137385,6.92526710762594e-05,3.86720149418259e-05,8.85499021894075e-08,9.11192168606123e-06,0.000141164610352723,-386.806883187051,0.140998815540963,0.097831131514557,0.945,0.555830731684868
"sinusoidal",200,"sir_collapsed",14,4.492,3556.58071044942,3790.02280025767,2915.55001236073,3350.58113766654,7173.43278650038,3670.71246395008,6821.8210140224,3634.06911456086,791.758840260334,843.727248499037,649.053876304704,745.899629934671,1596.93517063677,1518.66006545467,0.0052424223513163,0.00450702880913308,9.49929994856556e-06,0.00126745065772753,0.0112533454369757,6.01061847225343e-05,3.89765762064249e-05,7.44987410779476e-08,8.94646313097651e-06,0.000123531117576534,-403.888302473266,0.137671907619082,0.113135626507313,0.975,0.573448329529923
"sinusoidal",200,"sir_collapsed",150,4.785,3440.99192832635,3992.81881550512,2945.26219998315,3150.19243861413,7102.37730475213,3784.0625891794,6663.57377066353,3592.43734985754,719.120570183146,834.444893522492,615.519791010062,658.347427087593,1484.30037716868,1392.59639930272,0.00523776107874158,0.00439511844363235,1.04612508773478e-05,0.00127251263398883,0.0115233948798362,8.51776718484167e-05,3.66424256339296e-05,1.57298880339252e-06,6.45838664819782e-06,0.000154346302574077,-379.999357748928,0.123870505405138,0.0930312606060837,1,0.588946850544569
"sinusoidal",200,"sir_collapsed",151,4.574,3585.74998346452,3886.78681563195,2861.77501251004,2990.41132990627,7209.55649621434,3704.29119082922,6878.93682356051,3739.02382553499,783.941841596965,849.756627816343,625.66134947749,653.78472450946,1576.20386887065,1503.92147432455,0.00552569244530999,0.00460357105314697,1.21803342494371e-05,0.00116015806975338,0.0127374108851615,9.02508465801077e-05,3.852834242955e-05,3.3477960538992e-07,7.93671705440017e-06,0.000182385817038273,-401.047076912432,0.0841911046909078,0.0703484443629113,0.995,0.580868155089856
"sinusoidal",200,"sir_collapsed",152,4.536,3172.60873421674,3249.80631278147,2964.32961337788,3712.89228987462,6977.8211346965,3435.29707122244,6621.31884317021,3098.92732490062,699.428733292932,716.447599819548,653.511819527752,818.538864610806,1538.32035597366,1459.72637636028,0.00407460541056524,0.00349975009389015,5.29853769674414e-06,0.0011198991648691,0.00860094784966494,6.07033615628032e-05,3.31473897259202e-05,8.8683394284566e-08,8.49553648891881e-06,0.00012073011071491,-393.550799307801,0.096762660315718,0.0818799125156511,1,0.557244150214189
"sinusoidal",200,"sir_collapsed",153,4.669,2838.78102608589,3016.92151902051,3880.03396088544,3157.15968476087,6818.36474682176,3061.54648944175,6454.43085129047,2936.5623353819,608.006216767164,646.160102595953,831.02033859187,676.196120102993,1460.34798604021,1382.40112471417,0.00368384149116082,0.00321863324666443,3.88192053566274e-06,0.00106733420590645,0.00753054070816388,5.652777616414e-05,3.60587125178282e-05,3.38174062528689e-08,8.49983545561926e-06,0.000123726983656334,-394.328546623342,0.14476718828858,0.112484933849867,0.915,0.543900009321962
"sinusoidal",200,"sir_collapsed",154,4.409,2987.48071615009,3314.79230510487,3253.28638536992,4052.06901384337,6637.35502610507,3120.43811642093,6455.08992426951,3177.24869920894,677.586916795211,751.824065571528,737.873981712389,919.044911282235,1505.41052984919,1464.07120078692,0.00364912579367333,0.00319469344775089,3.97367621877655e-06,0.00106315918040176,0.00745389267501759,4.65637499828352e-05,3.43910255058721e-05,7.50489770089204e-09,8.99168921681374e-06,9.76649010148749e-05,-383.335929374297,0.0928189519305265,0.0819721116530786,1,0.544105622890159
"sinusoidal",200,"sir_collapsed",155,4.403,3379.72176998221,3561.31891771537,2320.10153574304,3156.63556121685,6898.09376584334,3551.2274414116,6642.04611992574,3402.39175194591,767.595223707066,808.839181856773,526.936528672052,716.928358214138,1566.68039196987,1508.52739494112,0.00413906103998821,0.00357372699927825,5.29574010963509e-06,0.00111288901544156,0.00844898260657461,5.4937955741191e-05,3.56668624545411e-05,2.35996653441017e-08,1.01957727457542e-05,0.00011948927543692,-379.403497906019,0.128723618182441,0.106721457999965,1,0.559207220900931
"sinusoidal",200,"sir_collapsed",156,4.39,3448.24091155982,3775.23322250116,4176.40632289381,2582.41649489654,6598.73508232295,3492.20158175735,6504.0792700027,3140.40257721748,785.476289649162,859.962009681358,951.345403848249,588.249771047047,1503.12872034691,1481.56703189128,0.00343171473927429,0.00301477990214458,3.17311090126392e-06,0.00102945506932163,0.00689085021148347,7.39520377813886e-05,3.25082435159637e-05,4.29650511010752e-07,7.64952651261247e-06,0.00012894622984008,-400.385794826119,0.0569920590951418,0.0447213779720798,1,0.529210932039419
"sinusoidal",200,"sir_collapsed",157,4.543,3702.98429060183,3745.85272858875,2738.56138165418,3582.57646205024,6810.63531856595,3404.64736798019,6383.10592159748,3298.61260744049,815.096696148322,824.532848027459,602.809020835171,788.592661688366,1499.14931071229,1405.04202544519,0.00387277483009932,0.00333383581284853,5.04999726422197e-06,0.0010081624360337,0.0078393313240231,5.38915868026864e-05,3.62331005322337e-05,1.08485155104499e-08,9.47929193820482e-06,0.000121015679332385,-386.098420063631,0.113307406552139,0.095577643871804,1,0.546888126859432
"sinusoidal",200,"sir_collapsed",158,4.394,3278.10931284916,3431.22096931942,3493.86691489229,3631.4389447291,6711.498212497,2779.27532449039,6432.84868552781,2658.55466451834,746.042174066719,780.887794565184,795.144951045127,826.454015641579,1527.42335286686,1464.00743867269,0.00347843007985848,0.00308726905711371,3.0175015756779e-06,0.00108986107973416,0.00687435675240243,5.01286711079014e-05,3.2714574642104e-05,2.36225939705739e-08,8.42292263354792e-06,0.000104398480725553,-399.888772142026,0.0955479263058729,0.0789373176752337,1,0.53057761473982
"sinusoidal",200,"sir_collapsed",159,4.776,2851.8011714805,2909.34290577523,3691.88974165986,2921.98582633286,6911.68947906187,3131.67599452821,6455.87224868519,2904.06196208531,597.11079804868,609.158899869186,773.00873987853,611.806077540381,1447.17116395768,1351.7320453696,0.00358233894424671,0.00311203114842636,3.73296003635854e-06,0.000977647999664014,0.00728816345163449,7.46798244327904e-05,3.36913554369101e-05,6.40848214125242e-07,8.30519089682298e-06,0.000129118727208633,-406.186243072304,0.14315079843359,0.119089799511302,1,0.521342372005137
"sinusoidal",200,"sir_collapsed",15,4.696,3135.42211498299,3297.95657301747,3315.80964527277,3516.20988711358,6859.65353669341,3486.1081047992,6568.92419596994,3201.03453103662,667.679326018524,702.290581988388,706.092343541902,748.767011736281,1460.74393881887,1398.83394292375,0.00392363869176308,0.00344710710782541,4.17074141631935e-06,0.0011198924199134,0.00785432522472457,5.38669348185411e-05,3.52152654171361e-05,3.03578662267999e-08,7.96095402027206e-06,0.000118799568986925,-373.097010243983,0.076883011720917,0.0628069707874542,1,0.546891104596152
"sinusoidal",200,"sir_collapsed",160,4.387,3442.82606465716,3984.68812333122,3292.36697206683,3207.08632463425,6880.04149423746,3099.4220106223,6598.54450960307,2962.24832485585,784.779134866005,908.294534609352,750.482555748081,731.043155831832,1568.27934676031,1504.11317747962,0.00375575935331556,0.00328488803977965,3.91531945960762e-06,0.00102521151323688,0.00774097738477841,4.95994254279857e-05,3.30919115040594e-05,1.6444739108565e-08,8.22235489507316e-06,0.00010432983383535,-375.448038606284,0.0803007214137559,0.0565872212145158,1,0.537648689841253
"sinusoidal",200,"sir_collapsed",161,4.394,3174.4728095434,3438.93291038414,3543.88883856129,3849.38688345891,6816.22066386578,3349.02582991582,6456.61404665172,3193.25008088343,722.456260706282,782.642901771538,806.529093891964,876.055276162701,1551.25640961898,1469.41603246512,0.00365902848362211,0.00321352902312346,3.53644265518126e-06,0.000901761715273702,0.00733289965744934,4.68446054537874e-05,3.46397563737281e-05,6.65247457132291e-09,9.05546722699058e-06,0.000104977448486853,-383.239123362455,0.124513393819826,0.108399095272711,0.98,0.533640934653765
"sinusoidal",200,"sir_collapsed",162,4.483,3312.62980759874,3630.85157740275,3173.82384666413,3597.24024172658,6903.51978082751,3646.28545823094,6697.60844753052,3397.30742366907,738.93147615408,809.915587196689,707.968736708484,802.418077565599,1539.93303163674,1494.00143821783,0.00405164362260153,0.00351478761407842,4.95484782901205e-06,0.00113189473430033,0.00856937131389873,5.54464122166052e-05,3.54505977398575e-05,2.50811645167064e-08,8.71549536168522e-06,0.000119347660506389,-390.770735137041,0.115478630806862,0.0878031876975614,0.93,0.546265729125771
"sinusoidal",200,"sir_collapsed",163,4.583,3285.69136904442,3474.98115927702,4030.5053407891,3486.66370662972,6545.35338320889,3315.85931723814,6475.88720271173,2811.52537916003,716.930257264765,758.232851686018,879.446943222583,760.781956497865,1428.1809694979,1413.02360958144,0.00360441822108761,0.00312183157806681,3.93066316617928e-06,0.00100423574387748,0.00749378156748035,5.07861117905765e-05,3.26322542735128e-05,2.14517904802219e-08,8.32718449924704e-06,0.000105257528938385,-395.335545537354,0.0712097391474358,0.0588188066446956,1,0.538499734372635
"sinusoidal",200,"sir_collapsed",164,4.419,3046.45910513679,3210.17187999392,3559.69818579877,3699.01685054862,6897.72552257298,3349.37154177163,6705.86770037415,3105.77701441121,689.400114310204,726.447585425193,805.543830232807,837.071022980001,1560.92453554491,1517.50796568775,0.00444485209313928,0.00382563197775396,6.42875126170503e-06,0.000964330448778473,0.00929354199582877,5.44616889787926e-05,3.71842316304708e-05,2.15184638054387e-08,9.75647685148464e-06,0.000115705503471442,-398.166151866138,0.121214759658835,0.102112015472677,1,0.569844347838494
"sinusoidal",200,"sir_collapsed",165,4.401,2717.73187529811,3077.45275708592,3075.2794961789,3437.28380288965,6838.52295985279,2932.83386476703,6426.99405545961,2888.53366603876,617.525988479461,699.262157938178,698.768347234471,781.023358984241,1553.85661437237,1460.3485697477,0.00388064101582543,0.00340909643685723,4.31156735051847e-06,0.0011776867094363,0.0078239041145895,6.11391694682764e-05,3.93508100854787e-05,8.03809134222039e-08,8.97189122586584e-06,0.000135418630607192,-390.207212140109,0.133108072582932,0.117626442464604,1,0.547267916117352
"sinusoidal",200,"sir_collapsed",166,4.419,3437.88798992234,3485.17089534975,2040.25352765786,3627.06285534702,7133.45119602535,3758.05184364512,6891.40930187141,3148.35786026679,777.978725938524,788.678636648507,461.700277813502,820.788154638384,1614.26820457691,1559.495202958,0.00456401974473071,0.00384161830337947,7.28647259441367e-06,0.000977234398007076,0.00987831883420337,4.6247917335308e-05,3.50841756066452e-05,3.7862852215207e-09,1.06390892640061e-05,0.000102465278606544,-389.308177237299,0.0829133326127135,0.0700611902007052,1,0.55765589403419
"sinusoidal",200,"sir_collapsed",167,4.408,3432.048399065,3651.04911516632,3610.67227357311,3182.48256211618,7042.67002353203,3467.3302526423,6764.44249008034,3376.60590681049,778.595371838702,828.277929937913,819.118029394989,721.978802657935,1597.70191096462,1534.58314203274,0.00420756175006717,0.00367297675944764,5.04659469943873e-06,0.00118608405089266,0.00867560042315165,6.32716304067382e-05,3.58438104563899e-05,1.0223762174102e-07,9.38750431391673e-06,0.00013042641284722,-392.967640819381,0.161448170947749,0.1286897586778,0.955,0.557699360028195
"sinusoidal",200,"sir_collapsed",168,4.643,2980.945112299,3104.49975383312,2972.72905637132,3394.44313657329,6692.19958026226,2819.41537219124,6242.86479670744,2760.85144046102,642.029961727117,668.64091187446,640.260404129081,731.088334390112,1441.35248336469,1344.57566157817,0.00344305424941561,0.0030467827803512,3.12234986742199e-06,0.00104926844497883,0.00690360770839096,4.77905460881096e-05,3.40819919382583e-05,1.96258797984007e-08,8.86770851353471e-06,0.000103688900289055,-387.656721714312,0.122575784119904,0.095348923537065,0.995,0.533365198372357
"sinusoidal",200,"sir_collapsed",169,4.802,3309.1512210151,3592.86807662639,3288.87736009102,3385.29683232866,7004.54006398454,3596.14783576635,6652.91290463061,3294.75450314471,689.119371306767,748.202431617324,684.897409431698,704.976433221296,1458.67140024668,1385.44625252616,0.00451331576443462,0.00381049394403385,7.19293239720138e-06,0.00109443641567463,0.00987827100923587,6.47556388291064e-05,3.6601075356288e-05,1.5334613373471e-07,8.44887634350885e-06,0.000127537436182219,-388.072177746806,0.11516148988713,0.0970081827330468,1,0.56272653305542
"sinusoidal",200,"sir_collapsed",16,4.725,3109.99654636471,3570.12263426033,2718.57627723549,3552.31379009455,6939.70774021824,3469.79410896465,6720.60298961729,3310.43688688719,658.200327272954,755.581509896365,575.360058674179,751.812442348054,1468.721214861,1422.34983907244,0.00389919496310871,0.00339754801484263,4.55993964860502e-06,0.00102997856555813,0.00786362571915744,5.14686752364248e-05,3.44615055597917e-05,2.28960660926634e-08,6.57753977518563e-06,0.000107973679714465,-395.522613086616,0.111008237032043,0.0836915572129346,1,0.54044740853686
"sinusoidal",200,"sir_collapsed",170,4.613,3050.15857873375,3229.79965865598,3442.40502839483,4020.50842223173,6558.59750813614,3338.543483793,6416.63643437633,3135.85556584393,661.209316872696,700.151671072182,746.239980141954,871.560464390144,1421.76403818256,1390.98990556608,0.00359218155999348,0.00316621552800916,3.53425128400188e-06,0.00106123299813694,0.00726364519613506,4.49068197746509e-05,3.32438762982373e-05,7.21122342819238e-09,1.01023621701457e-05,9.7785163600808e-05,-387.712125633191,0.071248423767925,0.059284628025103,1,0.540601711502625
"sinusoidal",200,"sir_collapsed",171,4.403,3591.88614444928,3732.0534513192,2477.14810117268,2641.85569581961,7109.12661597834,3869.19065692863,6689.67082682281,3433.63432898033,815.781545412055,847.616046177425,562.604610759183,600.012649516151,1614.60972427398,1519.34381712987,0.00469819682857652,0.00395449598324872,7.80240465951259e-06,0.00110672629213847,0.0103943751206479,6.7211552088788e-05,3.54825568566321e-05,6.48505824690859e-08,9.09570134558241e-06,0.000142167943786202,-403.762277181673,0.0899892779721101,0.0728301902688884,1,0.559065128515754
"sinusoidal",200,"sir_collapsed",172,4.432,3772.81097115367,4028.72194790502,2867.21704804793,2839.7010492185,7112.77332796859,3819.44242005314,6726.25094896225,3742.93233465121,851.266013346947,909.007659725863,646.935254523449,640.726771033055,1604.86762815176,1517.65590003661,0.00430748953491126,0.00368774120493127,5.77375976036141e-06,0.00106736365681894,0.00912134059460663,9.35283015462928e-05,3.46431503865611e-05,6.97591887306776e-07,8.35309567397532e-06,0.000152782657989572,-400.968214166733,0.0927511839604995,0.0706216903620746,1,0.550230598362678
"sinusoidal",200,"sir_collapsed",173,4.747,3640.40759492524,3770.57559131982,2659.77883260226,3594.68643218903,7427.04038250739,4129.58601444695,7124.36001312769,3732.45079388597,766.885947951388,794.307055260126,560.307316747896,757.254356896783,1564.57560196069,1500.81314790977,0.00628015552322857,0.0052234280832668,1.68457225849815e-05,0.00115925900209371,0.0139658341691719,5.70830627740287e-05,3.72341461097818e-05,2.54176815342783e-08,9.36944040782237e-06,0.000129946795728665,-384.96163951727,0.130085189377909,0.106085989162828,0.98,0.603032153663502
"sinusoidal",200,"sir_collapsed",174,4.554,2930.99207923611,3243.55653360968,3490.09091485183,3128.95564694369,6372.48025295256,3225.49264784784,6026.99740232145,3050.87210143036,643.608273877055,712.243419764971,766.379208355693,687.078534682409,1399.31494355568,1323.45133999154,0.00350698147321479,0.00307595801649899,3.2686205710665e-06,0.00114913565115241,0.00713374071959935,8.49294562443165e-05,3.9527957978669e-05,9.09414806627531e-07,8.65235378681231e-06,0.000147964068987831,-383.928559013744,0.17028499009132,0.11967267928954,0.895,0.544592928681865
"sinusoidal",200,"sir_collapsed",175,4.748,3339.30677049683,3563.04844375117,2735.02877560793,3470.65999100239,6951.98677954047,3079.18998524136,6643.78218788471,3137.5248007697,703.308081402028,750.431432972024,576.038074053903,730.973039385507,1464.19266628906,1399.28015751574,0.00431912102799665,0.00365262564483503,6.75766972349514e-06,0.00104570810779344,0.00928442483216174,4.91538073496385e-05,3.25553138373434e-05,3.02616425579835e-08,9.14827279600049e-06,0.000105425844303752,-388.984680287782,0.0951522512030344,0.0744675201859073,1,0.55923478925978
"sinusoidal",200,"sir_collapsed",176,4.499,3236.66342650984,3247.71062359079,4017.2975970069,3710.980501202,6809.3355802345,3249.63969653136,6514.91069125398,3154.25383348629,719.418409982182,721.873888328692,892.931228496755,824.845632629917,1513.52202272383,1448.07972688464,0.00359734283886447,0.00315152562243745,3.54211458156825e-06,0.000995749942313359,0.00721650291779182,4.64489746660768e-05,3.15512530784543e-05,1.9162550283336e-08,9.21402963024869e-06,9.98945286285514e-05,-382.468021957018,0.130897182854917,0.086295806351743,0.96,0.540351927435036
"sinusoidal",200,"sir_collapsed",177,4.761,2705.26147216189,3224.9859999482,2947.61524366521,2719.87071283815,6802.43825134445,3013.82036053347,6475.32003607444,3010.17060680782,568.21286959922,677.375761383785,619.116833368034,571.281393160712,1428.78350164765,1360.0756219438,0.00456648963653587,0.00388164322309271,7.22401702983276e-06,0.00106489438389837,0.00974183207031478,7.36986708014127e-05,4.27274920815383e-05,1.10314697876258e-07,7.3342081559583e-06,0.000154408350027096,-389.883804419648,0.155123539794891,0.124285585829209,0.98,0.562905812371503
"sinusoidal",200,"sir_collapsed",178,4.81,3075.55579188917,3245.40888138723,2873.30338492777,3854.91141251952,6864.84478833757,3368.82376152829,6699.904800356,3140.16606125994,639.408688542447,674.721181161586,597.360371086854,801.436884099693,1427.20265869804,1392.91160090561,0.00403113432512035,0.00344525380350162,5.19328508428758e-06,0.00113731406324818,0.00849851923421899,4.59848033562425e-05,3.43405222307686e-05,4.0684383752907e-09,9.44767357282898e-06,0.000102002121895294,-384.001668455648,0.0916749678055597,0.0749672572875163,1,0.556070555734047
"sinusoidal",200,"sir_collapsed",179,4.687,2720.08494603014,2808.90144538584,3860.95854126594,3860.72323463983,6815.76739584111,2934.9189976643,6481.13351628692,2739.75416421717,580.346692133592,599.296233280529,823.759023099198,823.70881899719,1454.18549089847,1382.78931433474,0.00363447779229027,0.00318652051131111,3.60866168247574e-06,0.00100613494252363,0.00723932064213195,4.85713682195374e-05,3.46297530247556e-05,1.25990379131511e-08,9.03611856960184e-06,0.000100559978310211,-396.215149766808,0.118988048532185,0.100933092318521,1,0.529512207203205
"sinusoidal",200,"sir_collapsed",17,4.817,2617.59268464378,2782.64320313401,3491.50973680415,2605.91003108964,6432.97180105504,2917.23075683204,6113.64093083842,2658.4552809737,543.407241985423,577.671414393609,724.830752917614,540.981945420311,1335.47265955056,1269.18018078439,0.00346608471753912,0.00303904071749222,2.97879401692374e-06,0.000925168484524606,0.00692967061417438,6.60332811190452e-05,3.65405072925724e-05,1.70422712018213e-07,7.97107018824808e-06,0.00014040723807757,-370.244854355841,0.119983338187508,0.0929956172426786,1,0.536211033131942
"sinusoidal",200,"sir_collapsed",180,4.403,3525.52705845144,3600.16412709457,3472.4187584733,3682.65808662326,6773.35591726594,3131.02957585029,6469.03386707709,2958.95813847793,800.710210867917,817.661623232926,788.648366675745,836.3974759535,1538.3501969716,1469.23321986761,0.00378648448679953,0.00332444692708339,4.13291765647481e-06,0.00102797106463389,0.00764433850366826,4.96989231947155e-05,3.52152971903663e-05,1.2063845297656e-08,7.78439131021538e-06,0.000108650053775576,-388.598142170787,0.119972942688878,0.0955304276392207,0.975,0.546546222535625
"sinusoidal",200,"sir_collapsed",181,4.427,3120.54299730667,3280.16802099211,3488.7017859563,2558.06465313825,6582.74273568683,2861.91485393422,6066.2224489746,2617.35241786762,704.888863181991,740.946017843259,788.051002023108,577.832539674328,1486.95340765458,1370.27839371462,0.00375955397995301,0.00328683408427906,3.75363871907168e-06,0.00112471441893042,0.00754565153223393,7.88728904814648e-05,3.7197927555177e-05,3.392799193275e-07,7.98924228701155e-06,0.000134958895617644,-371.619089085029,0.104662889404238,0.0912644868305031,1,0.545560024869794
"sinusoidal",200,"sir_collapsed",182,4.507,3129.89709043925,3219.35076202517,3712.64311436867,3058.53744674763,6651.47764072889,3205.85645599161,6416.62876081505,3117.7791485393,694.452427432716,714.300146888212,823.750413660675,678.619358053611,1475.81043725957,1423.70285352009,0.00377422714884782,0.00335205452154839,3.64354657599624e-06,0.00106349208744186,0.00762054682470144,6.25074316788472e-05,3.60398423321057e-05,4.87229366787857e-08,8.20799493707504e-06,0.000135061366467924,-378.249702980323,0.121272749749847,0.095263426619416,1,0.54580880586682
"sinusoidal",200,"sir_collapsed",183,4.748,3106.38777220575,3454.93142100242,4160.7470564805,4853.82149165508,6781.78957946984,3443.08774824665,6618.53180478817,3311.43712922855,654.251847558078,727.660366681217,876.315723774326,1022.28759301918,1428.34658371311,1393.96204818622,0.00369914354788623,0.00321448919787596,3.91566254985193e-06,0.00101444743206672,0.00745733075391625,4.24265686993187e-05,3.32551914892901e-05,2.45732005325224e-09,9.13750710897965e-06,9.12562892637666e-05,-394.856412314805,0.100387311949333,0.0817021867638692,1,0.542523334506704
"sinusoidal",200,"sir_collapsed",184,4.585,3244.49774053999,3051.23568988872,2458.97090326717,2870.0907854485,6735.39059352707,3437.44594854584,6427.1932193176,2991.44815082088,707.633094992364,665.482157009535,536.307721541367,625.973999007307,1469.00558201245,1401.78696168323,0.00369789086234424,0.0032108517825171,3.98868935448919e-06,0.00104761773395418,0.00756459568829521,6.19455911106308e-05,3.44179117297299e-05,2.86915720362759e-07,7.14696550167322e-06,0.000121390445258055,-393.813889497247,0.0970426284096033,0.0680379863777328,1,0.539404287110252
"sinusoidal",200,"sir_collapsed",185,4.875,2801.73968871049,3120.86288288482,3235.2914650318,3951.1657885827,6979.94141568215,3071.57926976846,6853.06647439733,2973.91071537599,574.715833581638,640.177001617398,663.649531288575,810.495546375939,1431.7828544989,1405.7572255174,0.00463763210699127,0.00395785087086739,7.75650238577071e-06,0.000983217278510105,0.00976057999639303,5.18705502373498e-05,3.75599162333869e-05,9.46814702396611e-09,8.48656011329983e-06,0.00011331689683632,-393.941987802785,0.10778484017597,0.0857637403109506,1,0.565024090593193
"sinusoidal",200,"sir_collapsed",186,4.409,3212.69967710044,3486.13796934914,3785.89718403875,3246.65554406283,6757.13465007387,3519.6562933037,6679.58002677734,3159.95690406117,728.668559106474,790.686770095064,858.674797922148,736.370048551333,1532.57760264774,1514.98753158933,0.0039100496281146,0.00340285941115281,4.83232835476946e-06,0.000891753751900137,0.00798941475777978,9.21430613749663e-05,3.37032056103514e-05,9.22746881858842e-06,6.9919946582095e-06,0.000130101702370099,-399.614940375644,0.104178447371157,0.0887229474688828,1,0.532558903699464
"sinusoidal",200,"sir_collapsed",187,4.412,3099.2880729788,3497.87051754302,2761.1868384773,3785.52639194626,6962.30497022254,3411.49729250229,6714.9375819765,3286.05706324107,702.467831590842,792.80836753015,625.835638820785,858.006888473768,1578.03829787455,1521.97134677618,0.00412978816600181,0.00355769381225206,5.20088715863049e-06,0.00108055165184235,0.00857196812425914,4.49152292749041e-05,3.38022083638248e-05,5.73216093936071e-09,9.83601893571777e-06,9.56679688518892e-05,-379.379746025012,0.100361592358266,0.0879657531088131,1,0.551070189286417
"sinusoidal",200,"sir_collapsed",188,4.712,3530.43237997568,3508.08091248827,3568.13030189541,3023.99837674299,6767.18822871051,3608.29276341371,6614.63006337929,3157.66337322342,749.242865020306,744.499344755574,757.243272898007,641.765360089769,1436.16048996403,1403.783969308,0.00396433158279061,0.00345155938914446,4.62874055125364e-06,0.00112094096229081,0.00841513532011716,7.50382054427777e-05,4.01287859973728e-05,1.89146790473912e-07,6.84161495653411e-06,0.000147829946315919,-385.76090304481,0.12074739448479,0.092394829817907,0.985,0.548755306731834
"sinusoidal",200,"sir_collapsed",189,4.651,3070.71411122373,3265.63592447144,3310.34864918928,3428.08370617092,6583.61083363029,3346.38102173858,6269.75084831248,3112.03999784692,660.226641845568,702.136298531809,711.749870821174,737.063794059539,1415.52587263605,1348.04361391367,0.00378110720787691,0.00331852151185715,3.83373780623519e-06,0.00106149553507667,0.00765914475201859,7.51490361735769e-05,3.72033783769593e-05,3.06993105916216e-06,8.68646607070983e-06,0.000123857878637704,-377.836734812552,0.103425884868154,0.0764460924254388,1,0.551344896588784
"sinusoidal",200,"sir_collapsed",18,4.425,3930.53169252285,4326.60409472589,2048.63942756243,3796.25503192252,7065.4078096279,4276.95307332592,6979.58022048962,4056.92085576673,888.255749722679,977.76363722619,462.969362161002,857.910741677405,1596.70232985941,1577.30626451743,0.00516511069810925,0.00428985132883415,1.01915809225163e-05,0.00108616648249236,0.0112584983994833,5.14703396493856e-05,3.66724153565411e-05,6.27241902990632e-09,9.91200790487448e-06,0.000119301737660162,-398.398145935489,0.137644542378969,0.108854948147847,1,0.581528226453484
"sinusoidal",200,"sir_collapsed",190,4.508,2952.70478270711,2849.32612986734,3219.73860380493,2606.07522249504,6506.86601350521,3079.54362907578,6263.23147435917,2812.95054784004,654.992187823228,632.05992233082,714.227729326737,578.100093721172,1443.40417335963,1389.35924453398,0.0035392283839005,0.00311878043752358,3.23819800973153e-06,0.00109845157045949,0.00719685268287863,6.4104381509898e-05,3.55727052718091e-05,1.02726037441503e-07,6.60918944073095e-06,0.000128295222663688,-374.443242231953,0.0880395449627062,0.0752420372994541,1,0.539004107550975
"sinusoidal",200,"sir_collapsed",191,4.57,2867.08795445491,3536.03807672362,3701.98566027245,4027.75159334102,6753.03251137057,3219.32395488023,6467.25141595306,3110.90020642781,627.371543644401,773.750126197728,810.06250771826,881.346081693877,1477.68763924958,1415.15348270308,0.00385835348524252,0.00338639670388305,3.99321497169478e-06,0.0011711523895443,0.00786121524635248,4.96067181140673e-05,3.74609309248486e-05,1.47803293695222e-08,9.74737920062323e-06,0.000104739366254225,-388.713775927323,0.150630210006093,0.109621439150738,0.935,0.555120405174116
"sinusoidal",200,"sir_collapsed",192,4.741,3568.38064277875,3810.25403650719,3233.05501736599,2763.34325281274,7004.89835873653,3596.43211132913,6801.60634235302,3534.97184470991,752.664130516505,803.681509493184,681.935249391688,582.86084218788,1477.51494594738,1434.63538121768,0.00467574857465287,0.00398999814136952,8.06541111900644e-06,0.00113616374157479,0.0100051757631008,7.32698554584799e-05,3.64351869709894e-05,1.42814175214663e-07,7.44197786405139e-06,0.000159367696059362,-382.934180027412,0.143416293244211,0.114204990799696,0.995,0.561712429602848
"sinusoidal",200,"sir_collapsed",193,4.67,2576.57778020083,2745.3363420582,3740.70560987231,2706.0438524879,6439.45722217173,2800.27456738789,6015.09847062206,2627.11295906215,551.729717387758,587.866454402184,801.007625240323,579.452645072356,1378.89876277767,1288.0296510968,0.00375587328127093,0.00328727581641352,3.778966890793e-06,0.00115392080825907,0.00774734504714049,9.74798701312014e-05,3.9924742237589e-05,7.9563801428255e-07,7.09753878658905e-06,0.000180295677506879,-379.909890177553,0.144333818442504,0.12713737816126,0.945,0.5586334733759
"sinusoidal",200,"sir_collapsed",194,4.521,3034.33636300319,3216.96741099487,4313.73879985259,3645.54348589985,6819.80933803256,3337.95279203022,6537.43192738791,3009.09302886577,671.164866844324,711.561028753566,954.155894680953,806.357771709766,1508.47364256416,1446.01458247908,0.00339052597323944,0.00298832506534246,2.88529954136363e-06,0.000915069932227709,0.00668173010920486,4.64930070360667e-05,3.21096170078696e-05,1.6472560206145e-08,9.32447817918013e-06,0.000103352201172111,-395.746083605241,0.0886862142790854,0.0757895607952017,1,0.524425254577794
"sinusoidal",200,"sir_collapsed",195,4.432,3734.45929680008,3952.72777456267,3136.13967835323,4079.14308917187,6995.53147906253,4013.35017014224,6763.63283972344,3791.97176974553,842.612657220236,891.860959964501,707.612743310748,920.384271022535,1578.41414238776,1526.09044217587,0.0044895106888257,0.00386736571475633,6.63425298287044e-06,0.0012771966741735,0.00977926598390137,5.80685708829627e-05,3.6972754631351e-05,2.01021673953475e-07,1.0134777857196e-05,0.000114990741525528,-381.152683363389,0.108075619037271,0.0823747901466284,1,0.559772585326956
"sinusoidal",200,"sir_collapsed",196,4.72,3386.84921549489,3875.40822189914,3350.32093229246,3113.75960260646,6719.93849471914,3591.27290554941,6597.66070776475,3625.98144803435,717.552799892986,821.061063961683,709.813756841622,659.69483106069,1423.71578277948,1397.80947198406,0.00354203951734529,0.00311588410752578,3.32232430350643e-06,0.00102307973865697,0.00716352179437551,5.04238704093667e-05,3.04944379060312e-05,3.57206668952855e-08,7.15149986793906e-06,0.000102396489488103,-379.016506096729,0.0821424697298378,0.0633995057206237,1,0.531048191702557
"sinusoidal",200,"sir_collapsed",197,4.428,3151.68769965445,3542.29934315426,2699.4317709184,3291.08497970399,6903.34250757389,3569.44512443003,6575.00026234782,3450.11762015385,711.763256471194,799.977268101685,609.627771210117,743.244123691054,1559.0204398315,1484.8690746043,0.00415914659289314,0.00360273154211998,5.30474723425561e-06,0.00100754346636246,0.00837584032881286,5.96373214492461e-05,3.70538241156363e-05,2.37941960267923e-08,9.01077345341238e-06,0.000139646872352103,-377.60500609878,0.121972952756035,0.0878694948780041,0.955,0.547590439961616
"sinusoidal",200,"sir_collapsed",198,4.589,3055.12313016465,3176.12115592264,3489.12587541693,2799.26996309336,6874.25926834713,3487.0360194256,6615.28009900296,3053.62402221518,665.749211192995,692.11618128626,760.323790677038,609.995633709602,1497.98632999502,1441.55155785639,0.00407734601995479,0.00351188162697326,4.83051262332291e-06,0.00102378261640823,0.00847931236327424,7.50246365187734e-05,3.7500846399063e-05,5.95485437867394e-07,7.84981043628272e-06,0.000143662454822322,-412.121503629315,0.113044162754001,0.0953378971106075,0.985,0.541771208143748
"sinusoidal",200,"sir_collapsed",199,4.86,3857.14995413908,3944.49571055534,3246.2255420057,2898.01471773498,6926.23130009918,3124.18316942853,6672.76148062734,3054.40356554713,793.652253938083,811.624631801511,667.947642388005,596.299324636827,1425.15047327144,1372.99618942949,0.00403444302462097,0.003466257117362,5.04016104453845e-06,0.00104115568928543,0.00828074225917154,6.24861955319381e-05,3.32806453817013e-05,1.22177284893595e-07,7.80632628023472e-06,0.000122845661068975,-397.034014490949,0.108401272680501,0.0814558350806028,1,0.550320576634239
"sinusoidal",200,"sir_collapsed",19,4.766,3522.31180298919,3919.01724314396,3484.00436465014,3712.6201171603,7137.71484118348,3940.94245686041,6811.33919263128,3671.38799338928,739.049895717413,822.286454709181,731.012246044932,778.980301544334,1497.63215299695,1429.15215959532,0.00453433973967887,0.00396291624520967,6.14022840426132e-06,0.00114617314193946,0.00930320586421181,5.52894915989517e-05,3.53591756554748e-05,3.76542584220673e-08,7.51478842456339e-06,0.000116756231357937,-390.552976653346,0.12952002149186,0.114209265391548,1,0.566121814004663
"sinusoidal",200,"sir_collapsed",1,4.406,3399.08325229507,3449.58850551426,3303.89871346627,4698.73332368268,7229.78242191527,3686.7632902802,6849.95711402954,3242.06296330093,771.466920629838,782.929756131244,749.863530064972,1066.43970124437,1640.89478481963,1554.68840536304,0.00464114815555639,0.00405440375929087,6.29544341541463e-06,0.00115608731949436,0.00954452372201841,4.32731742435748e-05,3.39184259903753e-05,2.11430296788703e-09,9.2823418402024e-06,9.62815533691659e-05,-373.274833345926,0.131110884458994,0.105490610988666,0.895,0.562301891387249
"sinusoidal",200,"sir_collapsed",200,4.391,2837.95899716383,3250.61942795578,3930.85238515081,3488.44436292145,6659.31986224262,2943.98336747342,6423.0859544912,2900.60157293747,646.312684391672,740.291375075333,895.206646584107,794.45328237792,1516.58389028527,1462.78432122323,0.00334243543892125,0.00292438044722306,2.87264533346068e-06,0.00109022771568968,0.00680725534577631,5.11847916801186e-05,3.29186950492057e-05,2.51441738790497e-08,7.62925696685676e-06,0.000110714694107575,-389.567385129425,0.0685590410550062,0.0519896780557101,1,0.525348534826594
"sinusoidal",200,"sir_collapsed",20,4.399,3311.37931319331,3578.15132826934,2631.34806594296,3044.87774534323,7014.39777085744,3538.74787311391,6533.98749232327,3165.07214959778,752.757288745922,813.401074850953,598.169598986806,692.174981892074,1594.54370785575,1485.33473342198,0.003600435885105,0.0031213580978795,3.81497974395078e-06,0.000936792295321101,0.00746695887417378,6.35929430955298e-05,3.30755835708472e-05,2.72766857776765e-07,8.82117193020535e-06,0.000109936107860163,-395.136842844192,0.0889670835262042,0.0755025780660352,1,0.529800841553993
"sinusoidal",200,"sir_collapsed",21,4.443,3520.72073006358,3735.06872466077,3302.42162271529,3262.65468959803,6694.37200060079,2846.52543988396,6421.14195197837,2674.40016179425,792.419700667021,840.663678744265,743.286433201732,734.335964347971,1506.72338523538,1445.22663785244,0.00363050105845388,0.00314813283205507,3.65931140833547e-06,0.00112334552752606,0.00741642708778709,5.10138434448189e-05,3.46500854164883e-05,1.33637462762837e-08,8.44383623380906e-06,0.000111060717801172,-396.3279955538,0.0785910943015701,0.0636160100577357,1,0.534778886486475
"sinusoidal",200,"sir_collapsed",22,4.653,3216.03134898163,3749.86691044861,3503.9032139489,4084.13878591291,6711.13353015887,3324.58623296893,6485.90114133935,3119.92655072827,691.173726409118,805.903054040105,753.041739511907,877.743130434754,1442.32399100771,1393.91814771961,0.00326251351738534,0.00288617238962691,2.66141686591903e-06,0.00102338277437479,0.00640433687478338,4.18174502144872e-05,3.21255699323924e-05,3.17697764323774e-09,9.14869987478915e-06,9.06097796634818e-05,-395.563035890855,0.107031761712953,0.0832579198559307,1,0.522356410469378
"sinusoidal",200,"sir_collapsed",23,4.492,2973.45733381079,3505.29720970789,2632.30255240418,2619.29592435951,6567.27425759431,3121.74537122814,6341.14939615285,2678.30523388888,661.945087669366,780.342210531586,585.997896795232,583.102387435331,1461.9933788055,1411.65391722014,0.00429478284885444,0.00365486512059804,6.39268359190207e-06,0.00105518637532704,0.00935756488610648,0.000106152143495628,4.00280340058283e-05,2.90095623687967e-06,6.01726929114191e-06,0.000171190506179579,-390.763318515647,0.114179024005535,0.0856175597924123,1,0.5667887002488
"sinusoidal",200,"sir_collapsed",24,4.396,2661.59826995659,3094.06173807507,2771.27595282631,2876.22609247726,6634.63078665506,2969.06843131456,6282.00931842678,2747.97337534999,605.459115094765,703.835700199061,630.40854249916,654.282550609023,1509.24267212354,1429.02850737643,0.00357958526104255,0.00315347487620627,3.23219760968997e-06,0.000921007990979776,0.006931367131987,5.94192440800343e-05,3.35076157477847e-05,5.57834944898967e-08,8.11099101680907e-06,0.000119212549648812,-389.792270680453,0.110806319494502,0.0936542373554667,1,0.535832278232515
"sinusoidal",200,"sir_collapsed",25,4.402,3483.56321083269,3981.15471939309,3299.9807503136,3785.37608323296,6758.84298242692,3791.21599471952,6657.46322620026,3698.91520928838,791.359202824328,904.396801316014,749.654872856339,859.921872610849,1535.40276747545,1512.37238214454,0.00397614974568429,0.00342256720001057,4.71676904671889e-06,0.00101106964049982,0.00831029442350166,4.97346784111049e-05,3.66361155604781e-05,9.03425837397396e-09,9.62857955252786e-06,0.000106387090692678,-404.742200158222,0.142196758720167,0.120263977227062,0.995,0.539780767958546
"sinusoidal",200,"sir_collapsed",26,4.645,4031.17747287136,4265.60627728262,2997.72812621171,4105.36378303149,7223.16888311194,4217.97699876522,7011.58969590047,4191.3881900007,867.853061974459,918.322126433288,645.36665795731,883.824280523463,1555.0417401748,1509.49186133487,0.00491987522431112,0.00413638897561091,9.18000400024462e-06,0.00105774324724014,0.0105642063733317,5.07210977510866e-05,3.41938585282496e-05,1.56718617435537e-08,8.14829576315802e-06,0.000110264593605955,-386.612200710682,0.0773438880377328,0.0649180106285792,1,0.566461834856796
"sinusoidal",200,"sir_collapsed",27,4.406,3104.50632184838,3270.62753926466,3067.69932636403,2698.32165162796,6834.65972881211,3354.50632347961,6534.5227715199,3121.58383089771,704.608788435855,742.312196837191,696.254953782122,612.419802911476,1551.21646137361,1483.096407517,0.00375522040976424,0.00327704034858904,4.13424785462662e-06,0.00112479704106518,0.00772824113404208,6.58323081381973e-05,3.30270156643191e-05,4.24404591924415e-07,7.42149871739817e-06,0.000124408338739525,-388.550376683509,0.104738790637638,0.076702432665341,1,0.537330175389206
"sinusoidal",200,"sir_collapsed",28,4.447,2845.42562190917,3038.67383073291,3528.29458593922,3431.29221947604,6786.67596184699,3146.95077210564,6628.13281016357,2860.9875480221,639.852849541078,683.308709406997,793.410071045474,771.597081060499,1526.12456978795,1490.47286039208,0.00432126595779977,0.0036360916077184,6.8900607062324e-06,0.000982022004779717,0.009346303573222,5.26786436858144e-05,3.50190067304763e-05,3.08872925320567e-08,9.54307638391165e-06,0.00011858005183653,-385.086021363698,0.0756410758237799,0.0607073528486008,1,0.561103123855964
"sinusoidal",200,"sir_collapsed",29,4.396,3098.36825410436,3354.25147852327,3347.08186279356,2613.59846121281,6733.74741917406,3174.37139502271,6574.18630579226,2960.4866090659,704.815344427743,763.023539245513,761.392598451674,594.540141313195,1531.78967679119,1495.49279021662,0.00360081573570394,0.00314915073854574,3.56481276353174e-06,0.00109257468954651,0.00725749689100292,5.81926798631781e-05,3.42727826255552e-05,5.74080606796568e-08,8.2435015803175e-06,0.000122787672421412,-393.170677926241,0.0712219660657338,0.0582126471925777,1,0.530257159358343
"sinusoidal",200,"sir_collapsed",2,4.52,3426.39899711679,3696.24635690103,3255.63229344669,2613.56300662655,6825.64836458382,3573.40147936937,6549.22890604213,3409.11288630335,758.052875468316,817.753618783414,720.272631293516,578.221904120918,1510.09919570438,1448.94444823941,0.00398312568268547,0.00342683970364019,4.88839597194744e-06,0.00104096232789172,0.00830854269747874,7.37408906740768e-05,3.50907774102855e-05,1.34395483947538e-07,6.48364364318913e-06,0.000141437975266287,-399.094894244268,0.136223348392255,0.101266129533039,0.91,0.536853219320497
"sinusoidal",200,"sir_collapsed",30,4.396,2817.82070010434,2949.23749416615,4153.82256321086,3022.91262654354,6854.72538100834,3063.15870721093,6447.32880637511,2883.83570010277,640.996519586973,670.891149719324,944.909591267255,687.650733972597,1559.30968630763,1466.63530627277,0.00387856918378685,0.00339236643829318,4.27146698591579e-06,0.000988330706960701,0.00784158006804823,7.38710445145223e-05,3.54884669458191e-05,2.6697597668552e-07,8.4358452908303e-06,0.000131446514954744,-393.277291451515,0.0884520447731272,0.0665563116821022,1,0.540869584378668
"sinusoidal",200,"sir_collapsed",31,4.414,3320.50261660468,3474.77140876888,3301.21453442832,3499.73735239125,6964.22402548516,3228.62846653166,6684.27897979097,3041.22664192699,752.266111600517,787.21599654936,747.896360314526,792.872078022486,1577.75804836547,1514.33597186021,0.0042850095666707,0.00370979334961198,5.42440217395986e-06,0.00118677212898509,0.00898346268884341,5.24211276610455e-05,3.58267975451079e-05,2.81289394067165e-08,9.67000292925571e-06,0.000112117821706525,-381.657932937035,0.106361590903989,0.0838729139941202,1,0.560707274457187
"sinusoidal",200,"sir_collapsed",32,4.6,3847.74067951315,3772.47642728032,3704.97320076867,3160.24853135766,6966.21000292348,3159.32420833869,6675.1267866551,3449.78475682227,836.465365111555,820.103571147896,805.428956688841,687.010550295143,1514.39347889641,1451.11451883807,0.00395585093224918,0.00343984159288087,4.74547237137956e-06,0.00102429543470817,0.00803228782684699,0.00011495772602009,3.39267486531684e-05,1.80919137920593e-05,7.93820113210489e-06,0.000146360565862343,-395.355612986828,0.120025764382381,0.0873900551597659,0.99,0.538556305037119
"sinusoidal",200,"sir_collapsed",33,4.445,3691.80594724793,3868.09102660873,2305.86325033167,3436.4872360513,7112.69889979476,3923.73644233008,6784.25167803453,3593.67379115803,830.552519065902,870.211704523898,518.754387026248,773.112988987918,1600.15723279972,1526.26584432723,0.00436853349121605,0.00368795578405472,7.61862241091127e-06,0.00114868771337891,0.00936437086349055,6.21281046714519e-05,3.30533017117248e-05,8.52584508105811e-08,7.91022130063645e-06,0.000118550032744279,-399.405930295643,0.0796036075012271,0.0632726707185686,1,0.549671620203956
"sinusoidal",200,"sir_collapsed",34,4.397,3112.01893937989,2817.32723669027,4030.68834228132,3583.78544840946,6674.08624221544,2974.37710048055,6225.70184473063,2845.15031496678,707.759595037499,640.738511869517,916.690548619813,815.052410372858,1517.87269552318,1415.89762218117,0.00345301567358501,0.00303903928575499,3.01914470745837e-06,0.0010576823110545,0.00696088772032132,4.46242264178413e-05,3.18642348709927e-05,7.37211327029674e-09,8.73036080202649e-06,9.6239925776932e-05,-384.633255368641,0.098785777314345,0.0750279841176655,1,0.533940823112689
"sinusoidal",200,"sir_collapsed",35,4.533,3372.59725843494,3669.5359776551,3662.84480061028,3489.21725374053,6775.66565436348,3327.09880869285,6465.81754724792,3093.42913172664,744.00998421243,809.515988893691,808.039885420313,769.736874860033,1494.74203714173,1426.3881639638,0.00381365150542736,0.00331683478336624,4.16887429038913e-06,0.000957739966050687,0.00786257552419826,6.1079932268888e-05,3.54568305068451e-05,6.88535812974645e-08,8.30679012156354e-06,0.000129812737396646,-390.094524341742,0.109736890585076,0.0914209432309359,1,0.543405257189992
"sinusoidal",200,"sir_collapsed",36,4.49,2743.68130066438,2569.88038915044,3226.11235714652,3417.84003209967,6916.04544921652,3108.65618335229,6577.7750740388,2498.97762173297,611.064877653536,572.356434109228,718.510547248668,761.211588440907,1540.32192632885,1464.98331270352,0.00429546084217482,0.00368060534175694,5.91876180617879e-06,0.00116283974544294,0.00928720707442596,6.50004380795179e-05,3.87720350685557e-05,1.73864547264472e-07,1.0400001431924e-05,0.000132308324869422,-390.279696031335,0.123280445653587,0.104426870139524,1,0.557643921977834
"sinusoidal",200,"sir_collapsed",37,4.641,3007.50943392838,3250.21358333198,3463.78178691624,3235.08583795801,6811.71153256588,3018.17742535921,6405.03941232676,2750.63357693682,648.030474882219,700.326133017019,746.343845489386,697.066545563027,1467.72495853606,1380.09898994328,0.00410270184872214,0.0035494529754757,5.05506401118051e-06,0.00111540450617787,0.00869896109306606,5.3499929919191e-05,3.70446358921922e-05,1.53950067689933e-08,9.21567955116552e-06,0.000116638724625281,-369.844762943652,0.166993536157673,0.134279475836663,0.99,0.57261313147988
"sinusoidal",200,"sir_collapsed",38,4.541,3582.97966126427,3808.71083726803,3532.41736506889,3342.66332651522,6816.35728121499,3200.79228433834,6585.00195023254,3366.28925729533,789.028773676341,838.738347779792,777.894156588612,736.107317004011,1501.06965012442,1450.12154816836,0.00417825385008822,0.00358877400975463,5.60208414253863e-06,0.00105946212220236,0.00883345317306801,6.34484030778529e-05,3.46632122975042e-05,2.77049149983186e-07,7.63726916187461e-06,0.000124592442163025,-394.17901954701,0.102349928098332,0.0805008471855757,1,0.555015139949994
"sinusoidal",200,"sir_collapsed",39,4.42,3104.70230182931,3104.77402838078,2842.25348024363,3105.59686744213,7125.80311311341,3394.94900383723,6817.23299379358,2930.06716085052,702.421335255501,702.437562982077,643.043773810776,702.62372566564,1612.17265002566,1542.36040583565,0.00524101871405618,0.00440603162954541,1.05881347390194e-05,0.00117248280696464,0.0116553945834715,7.96012103457685e-05,3.69857958334109e-05,1.60694765735566e-07,6.64514521486838e-06,0.00016316730004923,-394.855973595083,0.0864567461513216,0.0695045718580452,1,0.584827238626519
"sinusoidal",200,"sir_collapsed",3,4.627,2650.41328428849,3029.15746813121,3067.6486285827,3432.02023659123,6938.11405941458,2794.33000185854,6553.52718884335,2839.27608293567,572.814628115083,654.669865600002,662.988681344867,741.73767810487,1499.48434394091,1416.36636888769,0.00398360198543778,0.00343257428674283,5.0169428397637e-06,0.00103814188021872,0.00835355928365829,5.61261176410976e-05,3.72800048041001e-05,5.38704124081556e-08,9.03177036441316e-06,0.00011506801832897,-387.650217799169,0.149185242384603,0.128044390151318,1,0.545453659115198
"sinusoidal",200,"sir_collapsed",40,4.408,2993.92095673014,2897.42452320257,3275.64901216888,3156.74699094848,6859.53577164419,3295.26439938988,6508.88450478516,2669.60864734097,679.201668949668,657.310463521455,743.114567188948,716.140424443846,1556.15602804995,1476.60719255562,0.00357490988503272,0.00314728475571491,3.42971163083006e-06,0.000969264809091346,0.00719422100208297,4.61064979378076e-05,3.40118924136858e-05,1.01376686315491e-08,8.28223443109154e-06,9.5035771339023e-05,-386.021781645661,0.175071062380145,0.129414110087153,0.865,0.540580952810227
"sinusoidal",200,"sir_collapsed",41,4.409,3582.17170528127,3572.23128351458,3504.19691398953,3551.46937768203,6924.16413850746,2920.1415405386,6649.47886851578,3071.87855674671,812.468066518773,810.213491384572,794.782697661494,805.504508433211,1570.46136051428,1508.16032399995,0.00382311053271558,0.00333857387309149,4.16578903193619e-06,0.00100648763568463,0.00755322911051053,4.71226306215633e-05,3.37320138244716e-05,6.27900375765324e-09,7.82214876860426e-06,0.000104359042794754,-380.792979457344,0.10500031871681,0.0913243679551791,1,0.535007777045851
"sinusoidal",200,"sir_collapsed",42,4.48,3330.19862776123,3754.37700959616,2888.67450299036,3803.84102259546,6800.21196316728,3601.04110887873,6546.44105325245,3628.49915363278,743.347907982418,838.030582499143,644.793415846063,849.071656829345,1517.90445606413,1461.25916367242,0.00378369474467592,0.00329945547156423,4.18402346608292e-06,0.000890224529820594,0.00768136074370905,5.54575988300512e-05,3.45019863563015e-05,4.41001975031332e-08,8.71367250228236e-06,0.000118270413011792,-378.896358453813,0.105121115372401,0.0866000107948483,1,0.545999878241246
"sinusoidal",200,"sir_collapsed",43,4.46,2833.97491998045,3105.30967038576,3914.06745452765,3763.49449483086,6758.05877084306,3133.74857362678,6511.0158066281,3152.46311048107,635.420385645842,696.257773629095,877.593599669877,843.832846374632,1515.25981409037,1459.86901493904,0.00385861313630251,0.00335113159156006,4.37431261065756e-06,0.000990798632239568,0.00784778368083142,5.47939327243475e-05,3.31670960805818e-05,8.31958040440586e-08,8.59056294354437e-06,0.000114255756612722,-388.588622958139,0.104076703079984,0.0798806582565003,1,0.541334669883626
"sinusoidal",200,"sir_collapsed",44,4.411,3275.03490127948,3742.11984963434,3911.49707947194,3601.13113830176,6825.5974694001,3618.05653356327,6670.87036170057,3269.7081828934,742.469939079455,848.360881803297,886.759709696653,816.397900317787,1547.40364302881,1512.32608517356,0.00413598707265206,0.00356039334781183,5.48305363045266e-06,0.00107089732731164,0.00854271809730352,6.99381286254803e-05,3.44688661163227e-05,2.73585901902738e-07,8.01143452919611e-06,0.000128607239833954,-391.495922756487,0.0928728610122971,0.0722212146107906,1,0.554041282579727
"sinusoidal",200,"sir_collapsed",45,4.42,3557.36769856227,3827.07454170335,2959.88038930608,2795.44341024451,7082.513941666,3738.21189076044,6642.13449723489,3675.49849786649,804.83432094169,865.853968711164,669.656196675585,632.453260236314,1602.37871983394,1502.74536136536,0.00544233032191933,0.00456064654329985,1.14757743908449e-05,0.00100867497871319,0.0120246888849666,9.36488493564894e-05,4.17781523709098e-05,4.6189311950856e-07,6.77135920816539e-06,0.0002056173446147,-391.814059566896,0.128991800689273,0.0944406325419944,1,0.593433262146871
"sinusoidal",200,"sir_collapsed",46,4.402,2654.00792144964,2842.01445843282,3316.9625404411,3050.69498292384,6854.7211160695,2924.19700842931,6519.2276111009,2720.39903998068,602.909568707324,645.618913773925,753.51261709248,693.024757592876,1557.18335212846,1480.96947094523,0.0040525902761781,0.00347216860214315,5.21888893597519e-06,0.0010925928402374,0.00861170681826409,5.90020446853931e-05,3.76005920909372e-05,2.5225824107193e-08,7.90369034339659e-06,0.000127741620245804,-395.641605064848,0.096639672086766,0.0741927980199548,1,0.540417661481827
"sinusoidal",200,"sir_collapsed",47,4.678,3482.92207501072,4001.69904077585,3417.3667779862,2754.36295104197,6924.69103183663,3672.63913271595,6607.48531710384,3342.21272424738,744.532294786387,855.429465749433,730.51876399876,588.790712065405,1480.26742878081,1412.45945213849,0.00423830323318508,0.00359337258271003,5.9371943910071e-06,0.00112279691788471,0.0090123309259873,8.78644745387483e-05,3.54838282442279e-05,2.87128581813077e-07,6.97072386710809e-06,0.000172477204600681,-412.885159535183,0.156924751220943,0.12856383223666,0.915,0.543999498496678
"sinusoidal",200,"sir_collapsed",48,4.411,2951.71730696984,3232.26437388646,2926.64564891369,3776.70043113705,6860.06494984685,3088.36223114658,6391.21656333127,3095.33780862224,669.171912711366,732.773605505885,663.488018343615,856.200505812072,1555.21762635385,1448.92690168471,0.00343310480140317,0.00305156629002151,3.06323311847557e-06,0.000984092274738112,0.00678231151136395,4.40181609411357e-05,3.18959806073433e-05,9.88458712350921e-09,8.69756949857869e-06,9.38482068148794e-05,-389.425218923336,0.0896561248792126,0.0727458736732712,1,0.524212577590545
"sinusoidal",200,"sir_collapsed",49,4.43,3790.00805835067,3942.85644534548,3342.57394516613,3281.05415588966,6821.31095037826,3262.95727395388,6484.69292450126,3319.89034569549,855.532293081416,890.035314976407,754.53136459732,740.644278981865,1539.7993115978,1463.81330124182,0.00384655448536102,0.00338286034241406,4.18166331859337e-06,0.00106436018853757,0.00781707394058521,6.16707871988366e-05,3.52200268616196e-05,2.53922719926751e-07,6.32546877882858e-06,0.000118703978923783,-387.670101697795,0.165760054745086,0.129990185239258,0.93,0.538218819188114
"sinusoidal",200,"sir_collapsed",4,4.399,3583.79780027187,3611.38297315492,2432.94809059551,2926.60172775146,6968.5102493553,3416.95690623403,6581.97916514993,3461.09669548631,814.684655665348,820.955438316646,553.068445236533,665.287958115813,1584.11235493414,1496.24441126391,0.00468748252828666,0.00400325426629105,7.17198141129895e-06,0.00119369793871045,0.0100504947017608,8.7515712728095e-05,4.03603476607544e-05,1.31953205724927e-06,8.02476282747654e-06,0.000182269831590075,-390.957861584779,0.110949138634959,0.0922341988078492,1,0.56351411065472
"sinusoidal",200,"sir_collapsed",50,4.423,3421.6311161896,3647.77628045336,3513.07595132262,3389.41208740294,7000.81446375146,3146.07920125257,6676.30080898247,3184.0700136997,773.59961930581,824.728980432592,794.274463333171,766.315190459629,1582.82036259359,1509.45078204442,0.00373242342244075,0.00326611724682381,3.79338127351056e-06,0.00108119281198536,0.0075100052158475,4.79655230707156e-05,3.19969885127247e-05,1.01859733818533e-08,8.60500978632962e-06,0.000105288150756272,-393.752170638664,0.0932535163689357,0.0752948282512059,1,0.527038233705054
"sinusoidal",200,"sir_collapsed",51,4.573,3046.08931484638,3147.03485789777,2611.62724274634,3102.55913446623,6964.86308046775,3307.20867395504,6507.29800596154,2767.60875540977,666.103064694158,688.177314213376,571.097144707268,678.451592929419,1523.04025376509,1422.98228864237,0.00417541284496018,0.00358693206818145,5.48556576598126e-06,0.00117445110109347,0.00866793011860545,6.66389653492052e-05,3.56345580846736e-05,1.37148052612762e-07,5.95374539549897e-06,0.000140636037262555,-392.58126864657,0.111757207702676,0.0988263437268642,1,0.562469344717336
"sinusoidal",200,"sir_collapsed",52,4.504,3026.45224620724,3186.11776772642,2467.93021520212,4267.17028396532,7046.01307763501,3363.61379533957,6900.19273099422,3140.56632693874,671.947656795569,707.397372941034,547.941877265125,947.417913846652,1564.39011492784,1532.01437189037,0.00496422248448036,0.00413184298719937,9.43584804540223e-06,0.00112552205294805,0.0110872644809248,5.01057964979711e-05,3.76330489392912e-05,4.57685821925864e-09,1.02885281729482e-05,0.000114348138549937,-394.578649474208,0.108233184931722,0.0892208707772983,1,0.575088148386412
"sinusoidal",200,"sir_collapsed",53,4.426,2965.47196836179,2981.81799460268,3300.88000506377,3263.88381230959,6816.94888001502,3185.50120937002,6480.62200402703,2919.30336277941,670.011741609079,673.70492422112,745.793042264747,737.434209740078,1540.20535020674,1464.21644917014,0.00395005102142521,0.00343721158035411,4.37281865290897e-06,0.00100100791537969,0.00810946245127395,7.00357498144702e-05,3.59496416310738e-05,4.74639041132927e-07,7.24885110338107e-06,0.000128044606427833,-393.922651714237,0.0624139636837125,0.0454612654354286,1,0.546724752446769
"sinusoidal",200,"sir_collapsed",54,4.399,3288.95380747093,3361.4804202813,3530.42658658031,3592.27311598254,7031.25871134304,3373.26709780427,6767.95839885162,3264.39322086195,747.659424294369,764.146492448579,802.552076967564,816.611301655498,1598.37661089862,1538.52202747252,0.0041036116472472,0.00353716058551175,5.68978260519209e-06,0.00109388797275063,0.00844273842254124,6.51818221317804e-05,3.32602033944343e-05,6.98300447802981e-07,8.56301534907479e-06,0.00011257620467859,-390.362081168384,0.0799868958916811,0.0692888697723608,1,0.539574565025565
"sinusoidal",200,"sir_collapsed",55,4.526,2533.05569531616,2988.39150133673,3069.6344752266,2537.15713450509,6562.44052176716,2779.61135508425,6233.81833422947,2899.71519932612,559.667630427786,660.272094860082,678.222376320505,560.573825564537,1449.94266941387,1377.33502744796,0.0037873355854408,0.00330114577210638,4.1985692405455e-06,0.00085021938542554,0.00785133244196516,6.95492734312289e-05,3.46034388714274e-05,1.72615426234395e-07,8.3746787430128e-06,0.000136871524445755,-385.298250520435,0.0764686685089327,0.0640220738789664,1,0.539928507324948
"sinusoidal",200,"sir_collapsed",56,4.395,3441.22226727873,3590.06535364992,3099.0562828817,3083.48740971209,7001.45171785108,3384.82913090064,6898.90740465068,3369.02760160635,782.985726343282,816.852185130812,705.132260041343,701.58985431447,1593.04931009126,1569.71727068275,0.00391612359526055,0.00335049262369018,4.61599119576611e-06,0.00115886510619323,0.00815309766932069,6.32066338264985e-05,3.28831805336772e-05,2.09490900664845e-07,7.52909404458066e-06,0.00011573074193314,-405.309991694493,0.063982073224888,0.0535645369152086,1,0.540834005644465
"sinusoidal",200,"sir_collapsed",57,4.686,2592.14146754766,3109.9972250152,2985.81918955874,2671.07911818054,6782.06807136393,2975.53134684516,6296.21213930667,2637.13070556223,553.16719324534,663.678451774476,637.178657609634,570.012615915608,1447.30432594194,1343.62188205435,0.00385870466369794,0.00335104490700779,4.36559793692587e-06,0.00108009867914921,0.0079141199446896,8.37490689850168e-05,3.7214394818049e-05,4.24193996313776e-07,9.01272226002239e-06,0.000139888679616681,-389.873512841653,0.109507941336239,0.0777516205493476,0.99,0.549767645613453
"sinusoidal",200,"sir_collapsed",58,4.388,2399.49662565948,2851.7218192749,3499.41890645507,3146.50178797189,6596.60427232439,2598.97919126566,6285.87918099674,2576.38060430951,546.831500833975,649.891025358911,797.497471844821,717.069687322672,1503.32822979134,1432.51576595186,0.00331463157414043,0.00291813563996377,2.78404168554205e-06,0.00104263774270169,0.00660446453887682,6.00258586531791e-05,3.40841546748691e-05,1.54139468132469e-07,1.00607437548985e-05,0.00011109900741534,-373.789561988305,0.0710408643044935,0.0585461850620721,1,0.531151278010275
"sinusoidal",200,"sir_collapsed",59,4.422,4039.06975152517,4055.6103945086,2784.01458272689,3625.1005314902,7279.1172250865,3780.50065564194,6917.41752465237,3728.59184286453,913.403381168062,917.143915537902,629.582673615307,819.787546696111,1646.11425262019,1564.31875274816,0.00452653057993257,0.0038553706854289,7.12162384121862e-06,0.00119012803051911,0.00960407885898409,5.73162756929183e-05,3.25714448503212e-05,5.71045706609421e-08,6.77809117974178e-06,0.000109853161735079,-399.5330710845,0.0900055090086876,0.071261229067487,0.985,0.554791218185193
"sinusoidal",200,"sir_collapsed",5,4.4,3447.93027949699,3324.12811091251,3019.89107162876,3791.55685228775,7026.73977791668,3484.57693153027,6727.77250153409,3230.43353870291,783.620518067498,755.483661571026,686.338879915627,861.717466429033,1596.98631316288,1529.03920489411,0.00368868962469445,0.00323532627633493,3.72161363740588e-06,0.00102544043151346,0.00762243695275001,4.53694364454474e-05,3.24815426932433e-05,1.28860462154557e-08,8.18796383524181e-06,9.59716025273358e-05,-391.715871961451,0.103795486642885,0.0720024319713131,0.96,0.528072060504785
"sinusoidal",200,"sir_collapsed",60,4.406,3249.00901937513,3630.12683544163,3837.80287619314,4055.70737578379,6860.07741198715,3595.53120157621,6672.01006918218,3506.13229706017,737.405587692948,823.905318983574,871.040144392451,920.496453877393,1556.98534089586,1514.30096894739,0.00372454900429875,0.00321808029686568,4.03475019666018e-06,0.00108239771940939,0.00781064882796076,4.25826319771608e-05,3.25883449207037e-05,3.40716114501405e-09,8.25841717503437e-06,9.30637981240392e-05,-384.781045732259,0.0974266182800832,0.0743753728171107,1,0.542895650070893
"sinusoidal",200,"sir_collapsed",61,4.715,2455.9399907515,2714.31895247138,3179.55117215094,3023.84903778274,6788.1495966093,2635.91471552071,6475.75203659866,2506.68562016703,520.878046818982,575.677402432955,674.348074687367,641.325352658057,1439.69238528299,1373.43627499441,0.00391452657846775,0.00340607057111901,4.32375302736153e-06,0.00109647147418896,0.00805915740685381,7.83357324727737e-05,3.58300913765214e-05,2.31646559627089e-06,6.50623495164008e-06,0.000123340849591596,-387.391689279115,0.131684043818508,0.104681038563385,0.965,0.55326847458806
"sinusoidal",200,"sir_collapsed",62,4.785,3573.86498501909,3912.42071866057,2822.88540530532,3293.47144186726,6804.46478790513,3226.3223103907,6656.55837132578,3097.01730933667,746.889234068775,817.642783419138,589.944703303097,688.290792448749,1422.04070802615,1391.13027613914,0.00394615924213145,0.00340927517280873,4.68612904647324e-06,0.00118329844637314,0.00819977716300191,7.53971926859686e-05,3.63555513919063e-05,5.15333155404388e-07,8.79688285724825e-06,0.000124549699896388,-389.192522637291,0.0853285772945482,0.0706168485935818,1,0.548058856397934
"sinusoidal",200,"sir_collapsed",63,4.407,3869.92081648825,3738.35150038041,3139.58208687925,3686.09712767649,7025.49422145725,3905.84534893927,6570.68231390537,3515.03889293368,878.13043260455,848.275811295759,712.408007006863,836.41868111561,1594.16705728551,1490.96489991045,0.00455235980608669,0.00387189536439395,6.71873712054953e-06,0.0011756055063596,0.0097363991204025,5.45308291002392e-05,3.54969044075293e-05,2.21763936100716e-08,8.71017786913351e-06,0.000121994273506329,-391.928102864052,0.106575101538527,0.0898502266765844,1,0.568748019089134
"sinusoidal",200,"sir_collapsed",64,4.619,3354.37796314118,3872.43257138957,2864.20038943977,3165.8579039471,6842.59365639279,3569.85847599819,6644.4058166923,3471.0232328556,726.213025144227,838.370333706337,620.091013085033,685.398983318273,1481.40152768842,1438.49443963895,0.00428885012156485,0.00371061479009565,5.57213164434057e-06,0.00103678974774086,0.00877933263875885,5.67249563653944e-05,3.48018454364299e-05,2.49324480271596e-08,8.40264697527815e-06,0.000128464111397788,-383.063770244649,0.106246560003233,0.0791440576002302,1,0.552598646586615
"sinusoidal",200,"sir_collapsed",65,4.47,3233.32197466168,3406.74357665174,2817.40871960131,4808.97610136361,7131.02125689134,3477.88745656759,6815.14743575244,3215.44557896864,723.338249365029,762.135028333723,630.292778434298,1075.8335797234,1595.30676887949,1524.64148450838,0.00437847953802186,0.00371673157164674,6.55201936129826e-06,0.00113505224021185,0.0094053889162636,4.2938700885027e-05,3.46212642770485e-05,1.20408734334946e-09,8.75712497322589e-06,9.54955316722548e-05,-390.891061184745,0.103757236333033,0.084768872587326,1,0.560911239385415
"sinusoidal",200,"sir_collapsed",66,4.712,3281.60455949587,3462.42308960358,2998.04185523537,2797.64237152683,7075.51951457542,3643.53642256891,6697.88068602914,3357.75529633419,696.43560260948,734.809653990574,636.256760448933,593.727158643215,1501.59582227832,1421.45175849515,0.00505012965576395,0.00423109021286731,9.76464716523279e-06,0.00128049206776066,0.0109744309132946,7.64773576005585e-05,3.73072473503085e-05,1.99195429258206e-07,7.26271292022468e-06,0.000171961921965846,-396.642969965696,0.105289329208311,0.0851565264488035,0.97,0.570079432528284
"sinusoidal",200,"sir_collapsed",67,4.65,3574.23381788344,3795.35288068547,2802.96344910122,3598.26700718959,7127.31469833718,3811.88344837379,6953.39227577403,3635.76394873549,768.652433953427,816.20492057752,602.78783851639,773.820861761203,1532.75584910477,1495.35317758581,0.00433157288739826,0.00377732080906796,5.61005119651214e-06,0.00108571917644449,0.00884367502105506,5.91299753373234e-05,3.4177015480997e-05,8.37798860562165e-08,8.51741891337917e-06,0.000121496597101112,-401.103968527659,0.102725856294285,0.0842368050687207,1,0.546109852310072
"sinusoidal",200,"sir_collapsed",68,4.407,2425.89571469687,2858.17347067907,3668.57119960104,3611.98737437958,6731.93050794826,2672.78364223305,6397.32586227389,2644.34675012293,550.464196663687,648.553090691871,832.44184243273,819.602308686086,1527.55400679561,1451.6282873324,0.00336282511371057,0.00297268622971405,2.7359798683142e-06,0.0010831225997474,0.0066461654848924,5.41519626683989e-05,3.46428567173819e-05,3.71066456440468e-08,1.00897458818334e-05,0.000109194693565213,-386.069109269202,0.090210750711854,0.0602689052310185,1,0.532285060645038
"sinusoidal",200,"sir_collapsed",69,4.414,3214.15243774393,3587.65610198966,3430.28977132844,4637.59853766417,7147.97899532647,3620.78854451274,6828.934602196,3158.39755636213,728.172278600799,812.790236064716,777.138597944821,1050.65666915817,1619.3880823123,1547.1079751237,0.00434403097429149,0.00368595737848928,6.55544054792363e-06,0.00100108675353003,0.00935289842102848,4.3597167284991e-05,3.32211427125469e-05,4.55470348709077e-09,9.34819861120098e-06,9.6759322439978e-05,-388.22298604795,0.12574892307527,0.101553940791219,0.995,0.563269583765894
"sinusoidal",200,"sir_collapsed",6,4.8,3092.93486821795,3467.57512305236,2702.53843711158,3114.38051124228,6829.39762463015,3337.40987171807,6495.73544524499,3287.76465967202,644.361430878739,722.411483969242,563.028841064912,648.829273175474,1422.79117179795,1353.27821775937,0.0040592332945325,0.00353406328178665,4.86758857320594e-06,0.0011168851829069,0.00827145525879751,6.24733012610743e-05,3.68997285380558e-05,2.23201072154601e-07,8.1917612272714e-06,0.000123154848402833,-394.803002833177,0.139990076893162,0.108345725080396,0.945,0.549100307018548
"sinusoidal",200,"sir_collapsed",70,4.425,3131.84164997703,3233.46081250132,2867.16391999252,3534.57971644425,6691.86698485383,3569.91849719192,6469.93652859148,3151.62855198812,707.760824853566,730.725607344932,647.946648585881,798.775077162542,1512.28632426075,1462.13254883423,0.00348465015229259,0.00307848828406417,3.08847991140677e-06,0.00103418342440411,0.00690592016701529,5.08461035906154e-05,3.25020146865561e-05,3.88117123708389e-08,8.5548945188784e-06,0.000101268246178875,-392.537414141347,0.120119779805769,0.098574104996107,1,0.541331970311662
"sinusoidal",200,"sir_collapsed",71,4.564,3457.74804000953,3268.88461954342,3050.33635428519,3322.2201810242,7050.42723251219,3598.58533835069,6701.89775362091,3119.05151372748,757.613505698845,716.232388155877,668.347141604994,727.918532213891,1544.79124288172,1468.42632638495,0.00458967184701644,0.00391229080037691,7.39232914389511e-06,0.00106356661156122,0.00977475382431859,6.52421671617099e-05,3.81858348571015e-05,6.85729604077685e-08,9.00925804658468e-06,0.000138841380460038,-398.01014426492,0.119846476238864,0.0941731860721462,0.93,0.561910796472072
"sinusoidal",200,"sir_collapsed",72,4.712,2605.83812221861,2797.56794525362,3485.56007144389,3103.23423283396,6865.89590807252,2970.72834731162,6689.95440659499,2669.96958963634,553.021672796819,593.711363593723,739.719879338685,658.581119022488,1457.10863923441,1419.76961090726,0.00384921244428755,0.00331737447013525,4.63415061235284e-06,0.000965448325297103,0.00797800160939357,5.43068302997233e-05,3.35562682469601e-05,6.9154806685437e-08,8.66911671364418e-06,0.000108500477885388,-394.594858722118,0.054235768686367,0.042611980768194,1,0.542238167728377
"sinusoidal",200,"sir_collapsed",73,4.735,2886.1715762812,3200.98769224426,3830.46086204194,3056.83393919974,6624.80910477832,3260.35543223184,6388.84630885037,3043.19812214163,609.539931632778,676.02696773902,808.967447104951,645.582669313568,1399.11491125202,1349.28116343197,0.00385862919028436,0.00335223852247084,4.22935568574718e-06,0.00104625705476735,0.00779673545501613,7.9220039926695e-05,3.92318266157604e-05,1.88190313630602e-07,8.30929996773074e-06,0.000149872391310851,-386.263043307421,0.127816185223993,0.0942901867384134,0.99,0.547887197133707
"sinusoidal",200,"sir_collapsed",74,4.412,2759.25771252781,3369.8599746052,3110.0854764596,2691.43144133488,6652.86448662493,2978.90081511765,6328.11142589806,2879.48320074072,625.398393591978,763.794191886945,704.91511252484,610.025258688775,1507.90219551789,1434.29542744743,0.0036870261489089,0.00321614190236574,3.83671240561481e-06,0.00107770094347123,0.00747264287407221,6.93978557501601e-05,3.42047143564241e-05,1.5735980389646e-07,6.67114273130412e-06,0.000135779716180117,-402.245592014163,0.061416430866112,0.046943814855856,1,0.543574305680192
"sinusoidal",200,"sir_collapsed",75,4.57,3530.57446442014,3772.37455922088,2945.83488246748,2944.43368779736,6936.18656494978,3724.78153800029,6682.53177723941,3530.44570722681,772.554587400467,825.464892608508,644.602818920673,644.296211771851,1517.76511268048,1462.26078276574,0.00430483146013918,0.00366901744860867,6.29193529918793e-06,0.00092853094666537,0.00920875188676194,7.12001363207743e-05,3.56308700066525e-05,1.06793393075956e-07,8.58965474771529e-06,0.000150825551572867,-396.294658254704,0.078500178463882,0.0650800066839545,1,0.557239699211315
"sinusoidal",200,"sir_collapsed",76,4.407,3479.33337836585,3864.6807121309,3290.90854411493,2774.28543880002,6944.03352866571,3298.93852612607,6515.65797865818,3276.60340209176,789.501560781904,876.941391452438,746.745755415233,629.517912139782,1575.68267044831,1478.47923273387,0.0041339725124339,0.00354993745116713,5.3191013765129e-06,0.00107076880851228,0.00872579213735789,7.47872222402048e-05,3.56300877218488e-05,2.10787781304516e-07,7.87512874401581e-06,0.000145266828821107,-398.389075345099,0.104421143590877,0.0867999692524793,1,0.550249023208439
"sinusoidal",200,"sir_collapsed",77,4.394,3003.64600411739,3350.63256639732,3769.30571351236,3794.70204806336,6706.89064405481,3041.31468329801,6518.19337749253,3025.38152843089,683.578972261581,762.547238597479,857.830157831671,863.609933560163,1526.3747483056,1483.43044549216,0.00354731328226314,0.00308065840519358,3.41689904572343e-06,0.00106179642343608,0.00717063479651183,5.93952033270102e-05,3.41510781715094e-05,1.73893255012172e-07,7.13596154322032e-06,0.000112257401186061,-385.269347582628,0.0711568138384469,0.0565681091555971,1,0.536151733434559
"sinusoidal",200,"sir_collapsed",78,4.437,3393.41566270511,3463.01139699611,3438.1059609156,3445.25972264288,6935.48769654935,3747.37627935722,6709.95777000139,3256.79966909426,764.799563377306,780.484876492249,774.871751389589,776.484048375678,1563.1029291299,1512.27355645738,0.00443310317614962,0.00384538111757038,6.17386747569441e-06,0.0010222862473616,0.00933888128198825,6.37030451645057e-05,3.80712866279857e-05,5.70664660649867e-08,8.94722226524241e-06,0.000139327657403206,-387.889865036101,0.105766807388946,0.0818824888348074,1,0.563191838671271
"sinusoidal",200,"sir_collapsed",79,4.48,3086.33830811945,3360.05860028186,4022.34004332706,2951.01699157995,6828.83778028016,3115.33907637045,6563.84888191939,3048.98764405143,688.91480091952,750.013080420058,897.843759671219,658.70914990624,1524.29414738396,1465.14483971415,0.00350940569821523,0.00309444063266944,3.21445500661085e-06,0.00103729021835777,0.00699256846294111,5.38367355661374e-05,3.24415056222715e-05,2.84445327481617e-08,7.1750033830552e-06,0.000119576977254535,-385.534980068119,0.120744716264312,0.0975100064937719,1,0.532527911758977
"sinusoidal",200,"sir_collapsed",7,4.565,3121.38266095599,3183.00314054639,3401.0350101651,3789.9938185263,6660.91822767031,3361.32248588099,6326.77681269112,3003.50633566609,683.764000209417,697.262462332178,745.024098612288,830.228656851326,1459.12776071639,1385.93139379871,0.00344027938635272,0.0030304858497204,2.9521454788941e-06,0.00114407739551723,0.00702544386787437,4.66099021213501e-05,3.52804262327571e-05,4.21918551384771e-09,9.23950026727524e-06,0.000102434828013826,-389.496773887645,0.0870126809932945,0.0677282108360783,0.975,0.529979729535021
"sinusoidal",200,"sir_collapsed",80,4.765,2829.36224606625,2765.56314719327,3344.38655657909,3070.27398041936,6702.32570741824,3166.28145581487,6264.81328136464,2713.3070765341,593.780114599423,580.391006756196,701.864964654584,644.338715722845,1406.57412537634,1314.75619755816,0.0039347303932881,0.00338964000015274,4.54771215569636e-06,0.00104488385609005,0.00817021241983017,5.92348303141725e-05,4.01850538504685e-05,1.95348914584764e-08,9.27120282787871e-06,0.000130474333763769,-388.470154033043,0.10879854245288,0.0903317651887953,1,0.550450480987335
"sinusoidal",200,"sir_collapsed",81,4.569,2795.37634799537,3027.64970973516,3131.0249113168,3193.3553267565,6930.99869147639,3103.20154626846,6629.82947304092,2852.42105984587,611.813602100102,662.650407033303,685.27575209385,698.91777779744,1516.96184974314,1451.04606544997,0.00399860814358804,0.00349203509146007,4.46253672592368e-06,0.00101305018802434,0.00827869739158175,5.63219407029838e-05,3.55151608467961e-05,5.60550840581867e-08,8.36455422270635e-06,0.000113819821479308,-387.003002148567,0.0985746493370974,0.0780762401431278,1,0.5448085833803
"sinusoidal",200,"sir_collapsed",82,4.772,3557.37607640435,3466.42260535913,3121.0425597645,4027.03035711704,7077.9392756629,3208.23328940707,6732.18625425651,3121.06833353925,745.468582649695,726.408760553045,654.032388886106,843.887333846823,1483.22281552031,1410.76828463045,0.0040103951096759,0.00356445295572037,4.20173867137903e-06,0.0010477676508473,0.00800602438190409,4.45844601897077e-05,3.2928848399199e-05,5.49426414475295e-09,9.10598128291162e-06,9.8517439175113e-05,-378.709693506971,0.122009308174357,0.0930152594020462,0.965,0.542858009304157
"sinusoidal",200,"sir_collapsed",83,4.718,2836.07363280898,2919.81919289328,3557.74912906769,3147.06475081321,6718.08586087625,3179.56387858522,6431.64869923575,2819.85121606746,601.11776871746,618.867993406801,754.079934096585,667.033647904454,1423.92663435274,1363.21506978291,0.00366113910152829,0.00319476722886854,3.8021209398583e-06,0.00113018016960107,0.00747121329467478,5.18219532543727e-05,3.36879466127779e-05,1.73711514076789e-08,8.61059354202332e-06,0.000110829928935233,-383.899354654136,0.0701703543136656,0.057999645858187,1,0.5357134215729
"sinusoidal",200,"sir_collapsed",84,4.691,3013.19022063558,3394.14734850355,3596.95084027147,3779.12475007734,6826.38727559107,3248.6455628889,6524.42547499052,3192.93431306444,642.334304121847,723.544521104998,766.7769857752,805.611756571593,1455.20939577725,1390.83894158826,0.00354072809812377,0.00312363321867366,3.26915844070149e-06,0.00106605316663586,0.00709837726173128,4.83734422877464e-05,3.14973496180974e-05,2.83153456878108e-08,9.61655594964071e-06,9.66279529787934e-05,-394.962726278376,0.112627254784997,0.0997605639137019,1,0.521650723701305
"sinusoidal",200,"sir_collapsed",85,4.432,3310.48110017722,3432.8333346684,3460.32918406449,3516.77764058406,6937.41558650385,3468.63725977746,6761.26295808256,3257.20740870369,746.949706718686,774.556257822292,780.7601949604,793.496760059581,1565.30135074545,1525.55572158903,0.00406378778191193,0.00350234438331833,5.18722242757045e-06,0.00106282392075172,0.00851575579157785,5.86087209790542e-05,3.46779844553524e-05,1.03514576732074e-07,7.45262280921044e-06,0.000116478945260186,-381.68553067686,0.080887161044419,0.0668276645196816,1,0.552963757990385
"sinusoidal",200,"sir_collapsed",86,4.799,2859.2811166366,3025.26944075084,2334.99002399313,3168.15326969904,7001.27982657756,3109.32333047274,6550.2978118546,2805.67227481881,595.807692568578,630.395799281275,486.557621169646,660.16946649282,1458.90390218328,1364.92973783176,0.00494144498934068,0.00414771594520265,9.28021254830295e-06,0.00117000692493175,0.0105273935108502,7.25723480556085e-05,3.96156744923228e-05,1.55039284931564e-07,1.02893435666527e-05,0.000143640590960678,-407.052116422406,0.123183078580438,0.104414416467676,0.955,0.565863999340041
"sinusoidal",200,"sir_collapsed",87,4.428,3420.06943687791,3584.46219037,3187.50288535504,3403.99183795499,6936.08096413499,3391.06527398512,6706.1808718562,3314.38718330076,772.373404895643,809.499139649955,719.851600125349,768.742510829945,1566.41394853997,1514.49432517078,0.00386728887480042,0.00331905198453312,4.69372414453869e-06,0.00110236073366795,0.0082076469202507,5.0225061164816e-05,3.25226052900546e-05,2.03116035760675e-08,7.27436880020946e-06,0.000105778598749566,-400.308918835821,0.0799856589964349,0.0608042257098325,1,0.539702066796029
"sinusoidal",200,"sir_collapsed",88,4.41,2665.8056207309,2861.74302857624,3495.16199914666,2578.30916211918,6769.47212355656,2864.84521211193,6397.95515898889,2613.72650790431,604.491070460521,648.921321672617,792.553741303097,584.650603655143,1535.02769241645,1450.78348276392,0.00389087637583489,0.00339226160039757,4.58928880321194e-06,0.0011457767495899,0.00814933613198497,8.02008145078663e-05,3.45939466235836e-05,2.85822030186353e-07,6.58190989399966e-06,0.000153091263432109,-396.173625892533,0.0783342956302605,0.061556611029879,1,0.542932051299991
"sinusoidal",200,"sir_collapsed",89,4.42,3438.21263310475,3328.15509740969,3273.74947395976,2934.00066160388,6726.80263661618,3623.79231973448,6541.10453506957,3133.47799913133,777.876161335916,752.976266382283,740.667301800852,663.801054661512,1521.90104900819,1479.88790386189,0.00441869174153908,0.00380256321473044,6.57627804610144e-06,0.00110075042098146,0.00937059150072488,7.59547285655623e-05,3.81829963687058e-05,1.08394817756418e-07,8.04276966609969e-06,0.000155419837341433,-387.913338491543,0.106886645897499,0.0901880344496126,1,0.568380019594219
"sinusoidal",200,"sir_collapsed",8,4.423,3463.40941582687,3822.86191900989,2329.369072176,3381.95308503523,7045.08978315373,3766.11446001195,6757.14465238116,3624.1577602079,783.045312192375,864.31424802394,526.649123259325,764.628777986713,1592.83060889752,1527.72883843119,0.00397687949083872,0.00343534500943322,4.96051060953533e-06,0.00114671249677001,0.00823086235565756,5.54728862330584e-05,3.2049821132017e-05,8.61854128175434e-08,8.5436687369925e-06,0.000110463839036067,-406.169044674503,0.113957977535483,0.0972447314167292,1,0.535661719387256
"sinusoidal",200,"sir_collapsed",90,4.819,3466.05819838242,3670.84110381233,3153.05188005219,3550.9821887145,6759.2115708817,3749.55315803453,6685.52900606437,3512.18393746322,719.248432949247,761.743329282492,654.29588712434,736.871174250778,1402.61705143841,1387.32704006316,0.00425364322896604,0.00372289544721013,5.21981728230088e-06,0.00119321774787058,0.00884961997042651,5.0556361983082e-05,3.63985566662496e-05,5.30565224709347e-08,9.29331260845799e-06,0.000108700078554966,-395.968585743945,0.119028640318085,0.0941169189074273,1,0.555585371312941
"sinusoidal",200,"sir_collapsed",91,4.414,2707.38520105399,2820.76548439418,3332.52867208303,2932.18634527441,6951.36155250575,3013.88461634712,6661.55427548387,2771.66791625383,613.363208213409,639.049724602216,754.990637082698,664.292330148257,1574.84403092563,1509.18764736834,0.00440236688773853,0.00383009136700351,5.8500320060217e-06,0.0011309213469465,0.009094444515231,7.42074479427653e-05,3.65866197839722e-05,1.24122169742446e-07,9.01801691225047e-06,0.000156486116621723,-385.118011059988,0.0950211817559073,0.0800996219923404,1,0.556213980927302
"sinusoidal",200,"sir_collapsed",92,4.827,2942.58064161076,3017.52709622712,3398.12725138553,3233.21981846837,6792.42343019691,3150.8063571726,6379.3638194723,2833.35795162048,609.608585376167,625.135093479826,703.983271469966,669.819726220918,1407.1728672461,1321.60012833485,0.00358825384649168,0.0031526135652572,3.45559181201397e-06,0.000996236532245914,0.00708545911404859,5.42183529850409e-05,3.34801906962388e-05,4.44368565333782e-08,8.60605567542214e-06,0.000111544480849383,-391.167589879876,0.106112156689439,0.0851485751178533,1,0.544523296575135
"sinusoidal",200,"sir_collapsed",93,4.606,4079.61392314976,4100.2540586673,2681.74718108078,3862.68753161533,7077.73857327322,4074.89378493701,6811.17440572807,3860.26749079072,885.717308543151,890.198449558685,582.229088380542,838.620827532639,1536.63451438845,1478.76126915503,0.00515188436731848,0.00437067829627059,1.013692223989e-05,0.00123994924726039,0.0113558843593729,5.73073582541758e-05,3.90512219868456e-05,1.39424633537066e-08,9.58240816645582e-06,0.000133516975583636,-385.258068257467,0.160271286670161,0.118949108158762,0.955,0.581867082330032
"sinusoidal",200,"sir_collapsed",94,4.707,2957.43957539412,3220.32572800137,3107.8209528269,3039.45115749771,6928.23173971029,3036.95863304424,6582.79674650027,2931.86030726385,628.306686933105,684.156729976922,660.255141879521,645.730010090867,1471.89966851716,1398.51216199284,0.00442323364601583,0.0037867998624486,6.46488681771267e-06,0.000839506949917906,0.0090396550789033,9.18531264540041e-05,3.80037817417725e-05,9.43900910852633e-07,7.20797441835531e-06,0.000157869499127478,-394.337421713267,0.104567261274027,0.0841044307623255,1,0.560665258874931
"sinusoidal",200,"sir_collapsed",95,4.53,2442.55691610702,2872.05157552577,3205.97428579285,3813.23345115702,6498.99874960431,2571.28589741707,6221.41873871317,2618.80177861153,539.195787220093,634.00697031474,707.720592890253,841.773388776383,1434.65756061905,1373.38162002498,0.00343082143609641,0.00304001545052896,2.89655390469177e-06,0.00107131457964833,0.00681965338582277,4.85754803803857e-05,3.69010621347275e-05,5.45872772198097e-09,1.05224878178992e-05,0.000105373653985601,-368.395107809611,0.157570956325632,0.135980486700831,0.94,0.545204703549355
"sinusoidal",200,"sir_collapsed",96,4.882,4538.34505784934,4330.0665903033,3077.55522762669,3899.46937726246,7454.75741422387,4126.87445422122,7164.31035956983,3991.16142333553,929.607754577906,886.945225379619,630.388207215626,798.744239504805,1526.98840930436,1467.49495280005,0.00597050995544909,0.00490637221038287,1.53303901926001e-05,0.00118014216335701,0.0136627991573532,9.00189804510578e-05,3.6377979596834e-05,1.58822994339741e-06,7.7128689191868e-06,0.000128815044321212,-408.504970676289,0.122223442360289,0.0950909704907834,0.985,0.585473597662318
"sinusoidal",200,"sir_collapsed",97,4.683,3300.36987515321,2838.24315440178,2700.30309019231,2643.7681829272,6725.34187156428,3188.31591835652,6409.47702166781,2539.65399955358,704.755471952425,606.073703694592,576.618212725243,564.545843033782,1436.11827280894,1368.66902021521,0.00382258666550295,0.00333085616500461,4.52974056606565e-06,0.00105962445605682,0.00766625027597302,8.00933852282293e-05,3.48961850444078e-05,1.68085817184998e-06,7.2742463261361e-06,0.000138197218833966,-393.28655361828,0.0988528039878944,0.0857817131780913,1,0.537922080477181
"sinusoidal",200,"sir_collapsed",98,4.46,3357.28910560702,3602.20391394794,3490.98413227002,3549.53920624669,6990.64238064066,3549.35938750456,6622.20133932558,3370.23552560833,752.755404844623,807.66903900178,782.731868221977,795.86080857549,1567.40860552481,1484.79850657524,0.00392538774755665,0.00341053430407744,4.72264225316633e-06,0.00101458510960337,0.00795546760299678,5.19923776447224e-05,3.38432280590473e-05,1.63044905907328e-08,7.72302826281169e-06,0.000112265918340834,-390.620634070306,0.0931327117568864,0.0754079176135678,1,0.544937265170611
"sinusoidal",200,"sir_collapsed",99,4.408,3552.95776884409,3845.01738407059,3153.83268098783,3380.57574943785,6835.91715671823,3674.27059160306,6715.90281476084,3526.53584509048,806.02490218786,872.281620705669,715.479283345696,766.918273465938,1550.79790306675,1523.57141895663,0.00379408919622877,0.0032637942541101,4.47617486848707e-06,0.000955517482187285,0.00778404975027713,7.11825125540577e-05,3.34724982111312e-05,6.01898843578517e-07,8.28034639798848e-06,0.000112128209738494,-404.108681005688,0.116572100111506,0.0908334379662262,0.965,0.52511947951069
"sinusoidal",200,"sir_collapsed",9,4.765,2679.27047835728,2996.46853168025,3711.55868208698,3568.8623239991,6970.66719308778,3003.0532516175,6772.52470424351,2897.32704240262,562.28131759859,628.849639387251,778.921024572294,748.974254774208,1462.88923254728,1421.30633877094,0.00375832617093498,0.00326161420196434,4.06270187710648e-06,0.00110610241117979,0.00774256269924019,5.32582505060631e-05,3.35242253148821e-05,5.14534691067543e-08,9.47425837324886e-06,0.000105405097285424,-393.825387642193,0.110273997575412,0.0822224861515104,1,0.528984672217097
"sinusoidal",400,"sir_collapsed",100,8.877,2828.48556764911,3155.51276607545,3809.9830255578,2558.65630551921,6826.62318203328,3054.75348167586,6747.96372183808,2965.84222540353,318.630795048903,355.470628148636,429.197141552078,288.234347811109,769.023677146928,760.162636232746,0.00249590615274964,0.00227951598442691,1.11182198665631e-06,0.000854179184193477,0.00451647275929106,3.36816047566359e-05,1.8596890910558e-05,5.62301287963106e-08,6.10225052869627e-06,5.70843687942063e-05,-782.112252031201,0.0757527589514913,0.0600998105787817,1,0.482894968184816
"sinusoidal",400,"sir_collapsed",101,9.199,3226.84134174962,3711.22735937939,3362.29665484713,2521.55477801569,6975.6402832943,3265.88539573299,6902.07028453317,3279.86187611469,350.781752554585,403.438130164081,365.506756696068,274.111835853429,758.304194292238,750.306585991213,0.00287285259285019,0.00256901662551297,1.65902701220247e-06,0.000918489705986068,0.00542400852875264,3.59270089179694e-05,1.95582353036989e-05,2.82723291226879e-08,5.60211077170506e-06,6.2088398202544e-05,-784.872935105364,0.121459221199788,0.103618499115753,0.9825,0.506284269771802
"sinusoidal",400,"sir_collapsed",102,8.994,3324.4056378821,3345.02848944536,1370.47781111975,3403.29079050158,7144.47140744131,3599.55779769235,7116.94275934438,3011.83307005581,369.624820756293,371.917777345492,152.376896944602,378.395684956814,794.359729535391,791.29895033849,0.00336208252330364,0.00302323767204838,2.52719499915686e-06,0.00124068479395881,0.00653470849200333,2.53193734236873e-05,2.0453116197606e-05,4.59138384591373e-09,7.51760115677534e-06,4.7454770551376e-05,-779.215895494172,0.0958068838216513,0.0794116468428198,1,0.51965082147168
"sinusoidal",400,"sir_collapsed",103,8.909,3314.512348959,3663.44062586225,2956.50099817993,2942.52061957355,7141.16784223541,3479.82502921251,7077.46954326304,3386.41872078745,372.040896729038,411.206715216327,331.855539137942,330.286296955163,801.56783502474,794.417952998433,0.00311396217492969,0.00279961341245,2.01985591572081e-06,0.00101423530042702,0.00596201094980233,2.99487508531487e-05,2.03093941193928e-05,1.03458237171272e-08,5.98103383104008e-06,5.88285668641112e-05,-778.17139613512,0.102973035825512,0.0820871264681955,0.9825,0.514004545356257
"sinusoidal",400,"sir_collapsed",104,8.958,2618.20670407884,2786.00001453184,3391.90679969547,2404.29047054343,6673.81343526839,2907.18150234729,6628.04850320819,2604.99068898817,292.27580978777,311.006922809984,378.645545846781,268.395899815073,745.011546692163,739.902713017213,0.00259813924594775,0.00235706091124945,1.24142067028675e-06,0.000944633222143272,0.00481200721324701,3.36930179937274e-05,2.0507979400504e-05,1.28184806684161e-08,6.09822421194729e-06,7.04070456664028e-05,-768.730966556822,0.0897969833667251,0.0714932772731691,1,0.499274720201945
"sinusoidal",400,"sir_collapsed",105,9.06,3507.59716219149,3669.66199066669,2823.05206801091,2735.58332493338,7263.35108824411,3587.65984092412,7035.90703447059,3550.89420522161,387.152004656897,405.039954819723,311.595150994582,301.940764341433,801.694380600895,776.590180405143,0.00343201193383275,0.00310065554807649,2.37822810427853e-06,0.00120350018899876,0.00654119719928636,3.83472924090067e-05,2.18308781500336e-05,4.71025923035445e-08,5.82425988872802e-06,7.00882356635845e-05,-769.11755067582,0.107215925505758,0.0879695168495335,1,0.52749079185648
"sinusoidal",400,"sir_collapsed",106,9.25,3200.87750162191,3190.65500132234,3597.78636018203,3114.25962474999,6955.88002934789,3475.07386239139,6817.96339351687,2945.00833697223,346.040810986152,344.935675818632,388.949876776436,336.676716189188,751.987030199771,737.077123623445,0.0025375081808028,0.00233817495162118,1.10285019384439e-06,0.000924651984531493,0.00459956857243822,2.79655258895877e-05,1.9587604953922e-05,8.87540808835765e-09,6.50791805520535e-06,5.25982848312431e-05,-770.351318186717,0.0852083548705421,0.0713892826485207,1,0.4867342992478
"sinusoidal",400,"sir_collapsed",107,9.286,2823.27193981198,3101.65546912683,3117.0097280857,2540.18478913064,7037.94395103226,3007.76795462584,6809.94017544859,2958.85727117784,304.035315508505,334.014157778034,335.667642481769,273.549944984993,757.909105215621,733.355607952681,0.00293017882612327,0.00264915513974839,1.67726405362423e-06,0.000978928427728708,0.00549001685353487,3.44381677641799e-05,2.00698797107142e-05,3.51385676828121e-08,5.45321038609077e-06,6.57816843148547e-05,-772.928158016447,0.085872490675663,0.0732177607583208,1,0.511157924825624
"sinusoidal",400,"sir_collapsed",108,9.098,3327.53909827021,3731.17702626827,2755.47166810374,2380.51195613438,7048.86456603703,3521.71600815576,6847.76892633094,3395.68766765833,365.744020473753,410.109587411329,302.865648285748,261.65222643816,774.770781054851,752.667501245432,0.00285618504646008,0.00258099872613233,1.59614003531746e-06,0.00101166721281565,0.00533205213179237,3.52283186787565e-05,2.0422934978226e-05,2.87204502421704e-08,5.70281277753048e-06,6.14677945177131e-05,-784.939056529388,0.111441502245683,0.0813910583805801,1,0.501736440957211
"sinusoidal",400,"sir_collapsed",109,8.94,3428.56505171554,3706.79871734763,3193.26038172599,2428.36592224079,6770.38961717362,2963.98250113517,6658.80044017087,2882.76794788624,383.508395046481,414.630729009802,357.187962161744,271.629297789797,757.314274851635,744.832264001216,0.00258975192638396,0.00236458964341765,1.18108841464622e-06,0.00092269903113,0.0046869746040084,3.3052673361974e-05,1.97925649807587e-05,3.38478967023187e-08,6.56216876474657e-06,6.31916179544576e-05,-792.989127369318,0.104457506292312,0.0825811207367344,0.9925,0.489963807982441
"sinusoidal",400,"sir_collapsed",10,9.103,3374.20021727381,3412.01910191707,2713.06342370847,2026.70131032969,6753.98634823234,3006.82461312727,6633.05880963529,2823.78021318746,370.669034084786,374.823585841708,298.04058263303,222.641031564285,741.951702541178,728.667341495692,0.00278824117421551,0.00256665559565573,1.38700784762562e-06,0.000913704439047524,0.00498691675846345,3.89679582983522e-05,2.02029755751392e-05,2.66221285343487e-08,5.69093370467546e-06,7.83821147632004e-05,-779.884870467839,0.0830495540947207,0.0694994055219979,1,0.504165023554326
"sinusoidal",400,"sir_collapsed",110,9.017,3401.7971932134,3630.36362624355,2664.9708205683,2044.76882178129,6981.64511197145,3086.24594206014,6835.88590103393,2885.89674340204,377.264854520728,402.613244565105,295.54960858027,226.768195828023,774.275824772258,758.110890654756,0.00303003898553852,0.00273652907600898,1.75323935163992e-06,0.00101447049705731,0.00572406541870181,4.37962282492225e-05,2.15756183079563e-05,1.6105414248725e-07,5.02227519048545e-06,6.76868127493741e-05,-780.466073035329,0.130637284681018,0.106146604761032,0.9775,0.511111817242629
"sinusoidal",400,"sir_collapsed",111,8.947,3545.1567269893,3754.82536223966,3037.99448737211,2501.06947268394,7030.835644531,3232.48909554578,6995.55952902525,3384.7747709427,396.23971465176,419.674232954025,339.554542010965,279.542804591923,785.831635691404,781.888848667179,0.002744685951193,0.00249101718221449,1.50593784750478e-06,0.000891244214243368,0.00520763358826071,2.64288421746023e-05,1.88801759311926e-05,3.48491269556872e-09,6.18627018987686e-06,5.58090814186022e-05,-789.614476327386,0.073004955464108,0.062842656989463,1,0.499823832282913
"sinusoidal",400,"sir_collapsed",112,9.237,3612.08143484307,3304.04144760359,2761.78321234336,2538.17583435901,7183.98427469164,4024.86072292279,6896.55234306645,3202.06692297165,391.044866822894,357.696378434945,298.991362167734,274.783569812603,777.73998859929,746.622533622003,0.00327739448420486,0.00297657803161052,2.26251157099715e-06,0.00100989670932126,0.00613745459418925,3.66066475773408e-05,2.27038885599713e-05,1.62473563248383e-08,5.77908512092517e-06,7.59928528180653e-05,-782.541330275022,0.131185305197245,0.0933286859743763,0.9625,0.516787409047699
"sinusoidal",400,"sir_collapsed",113,9.121,2990.15668994454,3648.89533846423,3397.93684502845,1931.78365494915,6716.53270552674,3154.23701465668,6588.06779156362,2974.31596114562,327.832111604489,400.054307473329,372.539945732754,211.795160064593,736.381175915661,722.296655143474,0.00266602524382291,0.00243784840771631,1.29003883042579e-06,0.000928395424244754,0.00496237683652876,3.83708793803421e-05,2.07507543561667e-05,3.0399635279919e-08,5.92773574448215e-06,7.32969915032467e-05,-756.5189722179,0.120562317554798,0.100889952261925,1,0.5074707750876
"sinusoidal",400,"sir_collapsed",114,8.83,3440.58355475607,3798.19299522053,2641.55588353175,2240.8835367443,6981.16248785504,3116.62434508343,7022.86457985027,3136.02100605439,389.647061693779,430.146432074805,299.156951702349,253.78069498803,790.618628296154,795.341402021548,0.0030088818348683,0.00272936949412063,1.80959573120989e-06,0.00109908078830246,0.00591464396732119,3.54704094372803e-05,1.94473242094565e-05,4.15100694099449e-08,5.34360840085221e-06,6.84348176688009e-05,-766.973593899383,0.142627516023231,0.0996689167509522,0.925,0.51071199456736
"sinusoidal",400,"sir_collapsed",115,8.978,2432.43565833583,3189.48472715455,2616.27769039483,2537.83498046263,6961.97234131444,2685.84285462851,6852.82019031499,2923.35321220574,270.932909148567,355.255594470322,291.409856359415,282.67264206534,775.448021977549,763.290286290375,0.00263824652422566,0.00239180624550401,1.23316945042899e-06,0.00102042172117677,0.00484899340565654,3.13218324571777e-05,1.88975150622422e-05,2.20566327246191e-08,6.48407140500053e-06,5.36456304115674e-05,-803.102707912859,0.109223514958889,0.0924374597347141,0.9925,0.489401609114806
"sinusoidal",400,"sir_collapsed",116,8.958,3581.76212469205,3796.34603240327,2435.97344141122,2622.25904755219,7361.052554121,3747.75417000258,7290.58005592291,3520.48410992197,399.839487016304,423.79393083314,271.932735143025,292.728181240477,821.729465742465,813.862475543973,0.00365883473006181,0.00323551924742265,3.12372011169455e-06,0.000990995733357069,0.00706946407256937,4.48866469324249e-05,2.05753388620469e-05,3.96069221360987e-07,4.97675715123912e-06,7.15190386771091e-05,-798.794388530149,0.108841032463571,0.0873584343919269,0.995,0.530455630130681
"sinusoidal",400,"sir_collapsed",117,9.017,3019.53432693863,3312.16790220003,2924.65318088489,3688.2362075937,6949.65950678965,3193.26834496832,6851.82067114943,3003.47314571914,334.871279465302,367.324820028838,324.348805687578,409.031408183841,770.728569012937,759.878082638287,0.00256820891220793,0.00235128396123967,1.16539950516998e-06,0.000994888216733524,0.00478783997826102,2.16796866755141e-05,1.86686181356768e-05,1.98328860767672e-10,7.36519077700616e-06,4.21081097405543e-05,-772.031598139129,0.095201966829585,0.0825840722274418,1,0.490396236604371
"sinusoidal",400,"sir_collapsed",118,9.077,3409.79732048314,3667.94499684033,2763.50336990466,2952.75851261857,7412.96240651465,3687.99531292217,7352.48750753857,3375.47564691448,375.652453507011,404.092210734861,304.451180996438,325.301147143171,816.675378045021,810.012945636066,0.0034911703453914,0.0031063955027722,3.00753136722125e-06,0.000986397511547484,0.00671019400951138,2.94014469283593e-05,2.07123725297829e-05,6.50556497740092e-09,5.18696851244484e-06,5.6752059475842e-05,-791.14111246415,0.0836824925557155,0.0645599546814918,1,0.513612089049793
"sinusoidal",400,"sir_collapsed",119,9.117,3535.92058806364,3638.84828146001,2921.89456483497,2517.67644145939,7125.92377547315,3593.23615704825,6965.2074067491,2912.49338696663,387.838169141564,399.127814134036,320.488599850277,276.15185274316,781.608399196353,763.98019159253,0.00300165514616181,0.00271431853653221,1.79541604243358e-06,0.00105597907358496,0.00572080578533205,3.58072907586207e-05,2.06010090587801e-05,3.14490752387548e-08,5.21782971199016e-06,6.04339654727606e-05,-807.143943679717,0.139858662682486,0.111397401853636,0.945,0.497551975329842
"sinusoidal",400,"sir_collapsed",11,8.905,3076.87495662746,3059.04627339102,2891.05582309677,2741.12879856601,7171.57556820106,3381.76181242664,7058.37321800958,2873.99975674368,345.522173680793,343.52007561943,324.655342290485,307.819067778328,805.342568018086,792.630344526623,0.00310330250462725,0.00284273211229459,1.8183022626853e-06,0.00102371700288293,0.00563367211499134,2.821471521058e-05,2.09974514777934e-05,5.12647451835697e-09,6.57837850064824e-06,5.53680883344454e-05,-799.730447249672,0.118759586767251,0.0960520856155861,0.95,0.504696528196314
"sinusoidal",400,"sir_collapsed",120,8.917,2558.48289362311,2934.61157056711,3208.78526431398,3145.39246751923,6911.99575397972,2783.76192854561,6944.74056802859,2856.35623005887,286.921934913437,329.103013408895,359.850315612199,352.741108839209,775.148116404589,778.820294721161,0.00291032066152932,0.00264024774963351,1.63411618528594e-06,0.000928181684949066,0.00534866015842462,2.5565017289222e-05,2.05429622439036e-05,2.38774487008871e-09,6.83382699711e-06,4.95168076689904e-05,-780.578655324119,0.0970195755704456,0.0735679655958551,1,0.510048347923203
"sinusoidal",400,"sir_collapsed",121,8.937,3266.24322762819,3500.82483653518,3032.45341446139,2620.70049875393,7087.6857629369,3585.59133813593,7101.46843861935,3221.54021802229,365.474233817634,391.72259556173,339.314469560411,293.241635756287,793.072145343728,794.614349179741,0.00285358610201743,0.00261184383574111,1.49426281741347e-06,0.00108538100687623,0.00537797489113264,3.45241990557397e-05,1.96073179516169e-05,3.2267107309496e-08,6.38325199369967e-06,6.08899793490828e-05,-776.439075629258,0.0745208384479207,0.0556151374993846,1,0.498279548590305
"sinusoidal",400,"sir_collapsed",122,9.127,3181.68624724575,3529.67614563631,3519.39257941051,2505.36884358181,6871.63159439927,3330.57092904081,6705.73033602323,3095.60416626407,348.601539086858,386.729061645262,385.602342435686,274.500804599738,752.890500098528,734.713524271199,0.00245559910848975,0.00225222852890042,1.06141882354675e-06,0.000853905524071972,0.00432270436151533,2.92671498912935e-05,1.89799506966858e-05,1.53996327173226e-08,6.13639576424831e-06,5.60798350285877e-05,-797.121358129052,0.080722617408116,0.067581816858428,1,0.483919141318213
"sinusoidal",400,"sir_collapsed",123,8.946,2838.22730120785,2703.70277219555,3427.39393798011,2064.67622959912,6964.27945775124,2998.33831075578,6805.98271917882,2574.60314153445,317.262161995065,302.224767739275,383.120270286174,230.793229331447,778.479706880308,760.785012204206,0.00282828903587411,0.00258623483069086,1.44328634222248e-06,0.000938109334758078,0.00517721762605324,4.5185923488336e-05,2.03184412717137e-05,1.45364356802565e-07,6.01510163467149e-06,6.88019934630126e-05,-787.566666646458,0.10364122640118,0.0849526742325293,1,0.499844939321265
"sinusoidal",400,"sir_collapsed",124,8.924,2702.15126020866,3035.37781961087,3404.29550880932,2742.26139805933,7111.82387993016,2929.34355330353,6988.0985502921,2613.93978967425,302.795972681383,340.136465666838,381.476412910053,307.290609374644,796.932303891771,783.067968432552,0.00293052857253872,0.00263037669562887,1.7667937707803e-06,0.000995030430178367,0.0055810999714591,3.43986931986331e-05,2.03900661264389e-05,2.86658760857918e-08,5.71789439873833e-06,6.25821921530285e-05,-791.195767617553,0.0936298914751876,0.0731812626830937,0.985,0.502295141261033
"sinusoidal",400,"sir_collapsed",125,8.917,4016.65824396676,4060.32625978848,2537.40819779998,2109.98474880155,7310.53952202845,4138.20824105194,7005.07997385378,3841.20572909978,450.449505883902,455.346670381123,284.558505977344,236.624957811097,819.842942921213,785.587077924613,0.00381199111042847,0.00342829881178846,3.37608016030773e-06,0.00102580360546169,0.00743443458756753,5.88060869411088e-05,2.19491482154556e-05,3.68162229692874e-07,6.30663973400965e-06,9.45019297299147e-05,-827.3027700969,0.136904556902264,0.10815029954479,0.9525,0.521754333528695
"sinusoidal",400,"sir_collapsed",126,8.899,3335.33834535189,3655.08685856908,3224.20637019423,2482.1712596608,6737.82867441166,3475.64832017758,6726.74676186457,3177.58065845953,374.799229728271,410.730066138789,362.311087784496,278.926987263827,757.1444740321,755.899175397749,0.00263635736784153,0.00241075409790747,1.20305325794553e-06,0.00101127926780503,0.00495276883471282,2.97749963358821e-05,1.98536672167696e-05,1.92772685472984e-08,5.6956652877313e-06,5.51810351616611e-05,-758.127062070847,0.118325545414792,0.0962173449486918,0.9925,0.502980578618052
"sinusoidal",400,"sir_collapsed",127,8.989,3271.57547158138,3606.10606889242,3217.817608537,2481.23463436426,6841.42031858507,3175.8303850461,6744.37400289608,3217.20289510948,363.95321744147,401.168769484082,357.972812163422,276.030107282707,761.088031881753,750.291912659481,0.00281080798306052,0.00255148925782374,1.52052769531678e-06,0.00101093902943167,0.00529555261449246,3.33406625290217e-05,1.99543894495082e-05,2.87734151061763e-08,5.92046154593614e-06,6.20504341452703e-05,-782.453694183688,0.0986543670157665,0.0774968284029922,0.9775,0.507011265655131
"sinusoidal",400,"sir_collapsed",128,8.818,3550.22955384337,3433.22601872875,3209.23447223326,2644.05119066524,6776.51520226868,3334.43708007685,6765.00070225788,3246.64174957134,402.611652737965,389.342937029797,363.941310074083,299.847039086555,768.486641218947,767.180846252878,0.00248485550312369,0.00228925585030666,1.02278963116463e-06,0.000891864510421957,0.00443161925930138,3.63045738994892e-05,1.91934608276811e-05,7.44326623893505e-08,6.00004802598497e-06,6.18355105749046e-05,-780.743181922103,0.12812258673286,0.10491487113496,0.985,0.488576610314686
"sinusoidal",400,"sir_collapsed",129,9.503,3109.89348038083,3199.69456699579,3568.27082400358,2751.17592534094,6820.36352560189,3400.69657922898,6711.25213212782,3197.50540090507,327.253865135308,336.703626959465,375.48887972257,289.506042864457,717.7063585817,706.224574568854,0.00257813057582236,0.00236692864323165,1.14272638859842e-06,0.000927220818842239,0.00467012373669395,3.20544517355303e-05,1.95374286310556e-05,1.63276865741737e-08,5.92997435133008e-06,5.71963185446267e-05,-784.326591316381,0.0896768772600901,0.0690324784152729,1,0.492888992681516
"sinusoidal",400,"sir_collapsed",12,9.059,3644.3158662736,4207.74894951524,2491.43276607405,2304.14881656641,6985.0381048006,3942.69870857092,6954.76247100573,3509.63022216094,402.286771859323,464.482718789628,275.022934769185,254.349135287163,771.060614284203,767.718563970166,0.00285752931322002,0.00257806439680631,1.71706154015874e-06,0.000986591285607202,0.00543973013578995,3.60569105327421e-05,2.01523026016625e-05,6.38491977746651e-08,5.42163039066371e-06,6.1585410527672e-05,-797.19385218325,0.119486167777479,0.0891137718955068,0.9525,0.493846921869709
"sinusoidal",400,"sir_collapsed",130,8.931,3073.6861494124,3315.99657395864,1873.41010343863,2259.73436135828,6885.64267853031,3306.28465713626,6756.02454176186,3056.82992259033,344.15923742161,371.290625233304,209.76487553898,253.021426644081,770.982272817189,756.468989112289,0.0026799888835079,0.00245247355478542,1.29757000861599e-06,0.000918707859622416,0.00485082652232758,3.0841097936886e-05,1.90972732958054e-05,1.83281116560506e-08,6.57485793744938e-06,5.19632129861649e-05,-777.773400648468,0.104748512056207,0.07993907466471,0.995,0.502679571141222
"sinusoidal",400,"sir_collapsed",131,8.954,3510.81964130103,3823.88972747101,2487.77339939224,2155.74601350621,7100.08946566373,3824.46746473195,6918.33186017997,3224.28095518147,392.09511294405,427.059384350124,277.839334307822,240.757875084455,792.951693730593,772.652653582753,0.00321864909865683,0.00289948011271057,2.11875887056205e-06,0.00106509264480836,0.00602268980631308,3.58559133036551e-05,2.25293893295667e-05,1.77656639536344e-08,5.34106024222276e-06,7.13672753173365e-05,-782.612231110083,0.109590606904181,0.0890744404870684,1,0.51816231347728
"sinusoidal",400,"sir_collapsed",132,8.859,2432.20312605429,2845.86876773992,3317.71577586323,2454.41585051029,6780.59145821974,2588.35861552425,6573.94636950137,2584.98385112412,274.546012648639,321.240407240086,374.502288730469,277.053375156371,765.390163474404,742.064157297818,0.00251145299390497,0.00231254618120838,1.01172682234185e-06,0.000934663932668409,0.00449433155110189,3.30671057786366e-05,2.08478317256496e-05,2.09708869830385e-08,6.87707993164639e-06,5.97694129625028e-05,-759.248259554179,0.106708458753566,0.0779613598229434,0.98,0.50054833074957
"sinusoidal",400,"sir_collapsed",133,8.922,3316.24621293181,3825.51418629081,2669.55598888325,2449.27802376906,6821.20644722379,3461.25368124729,6758.70158040023,3352.49468629266,371.693142000876,428.773165914684,299.210489675325,274.521186255218,764.537821926001,757.532120645621,0.00251686269888068,0.00231933508038416,1.05947461711467e-06,0.000946653557733452,0.00458232363297402,2.92740040912716e-05,1.83974936363118e-05,1.2284710779754e-08,5.99108723585373e-06,5.61058932951129e-05,-788.668474647791,0.0681438642907589,0.0528775049444574,1,0.484988076643737
"sinusoidal",400,"sir_collapsed",134,8.928,2938.78499545991,3154.75189104453,3198.02737718932,2284.00260202226,6906.4760215037,3208.57442355969,6732.93771814757,2888.25607520673,329.164986050617,353.354826505883,358.201991172639,255.824664205002,773.574823197099,754.137289219038,0.00261101872637598,0.00240936823686072,1.13325664301169e-06,0.000905308981018473,0.00466904395969305,3.12878353209334e-05,1.98229759696761e-05,8.73252641388952e-09,5.26753915979849e-06,6.15745775938759e-05,-787.76792982054,0.114633731072489,0.0881341767149613,0.9675,0.490578794236187
"sinusoidal",400,"sir_collapsed",135,8.895,2364.15595353162,2497.22070840022,3471.46926985351,2802.08621592211,6617.5778816496,2553.43917100485,6571.04365967875,2386.98488175456,265.784817710132,280.744317976416,390.271980871671,315.01812433076,743.966035036493,738.734531723299,0.00246161339981478,0.00226768334900651,9.70979027673082e-07,0.000939673454649942,0.00436496500824221,2.54820093292132e-05,2.05563812757237e-05,8.46764826648225e-10,6.84113448148892e-06,5.1195141724577e-05,-783.787001304913,0.10769026559889,0.0770807422754678,0.9725,0.492089916373304
"sinusoidal",400,"sir_collapsed",136,8.891,3983.35692990667,4040.82485410806,2261.39246696113,2214.87005226265,7018.54778013074,3660.08082732256,6952.94322997833,3232.92156356365,448.021249567729,454.484855933872,254.346245299868,249.113716371909,789.399142968254,782.020383531474,0.0030193168474677,0.00273264136529068,1.86842048160609e-06,0.00098450539113939,0.00563479812657587,3.01026676625202e-05,2.05459495325332e-05,5.99035862249604e-09,6.65365481377251e-06,6.30531400681394e-05,-783.321403598771,0.0906305566029227,0.0711055360640889,1,0.507851193509212
"sinusoidal",400,"sir_collapsed",137,9.509,3545.41021394019,3418.68474114773,2819.65409300114,2330.85535232252,7169.96312560084,3782.07924057052,6929.20559785114,3305.09555845699,372.847850871826,359.520952902274,296.524775791476,245.120975110161,754.018627153312,728.699715832489,0.00377961796380235,0.00339625490869628,3.2121941937247e-06,0.00126039961163129,0.00743143915565305,5.70113060173758e-05,2.38427821652974e-05,3.87873119877058e-07,5.32714808448584e-06,9.65446253579992e-05,-799.049007435837,0.130971764504071,0.106191195837083,0.99,0.537094559545887
"sinusoidal",400,"sir_collapsed",138,8.883,3409.26573926148,3419.45444951811,2943.66754815332,2436.76376625672,6778.15283575786,3688.89677584896,6607.16373015779,3208.9576016407,383.796660954799,384.943650739402,331.382139834889,274.31765915307,763.04771313271,743.798686272407,0.00256219517257361,0.00236506335842072,1.0867389862184e-06,0.000914082203387452,0.00460122579508063,3.11044997774896e-05,2.10287348872521e-05,1.14781245086843e-08,6.42185164470109e-06,5.78429906949593e-05,-781.53780106119,0.1248730887677,0.102731289216204,0.9975,0.486656075403998
"sinusoidal",400,"sir_collapsed",139,8.963,3532.21490416225,3923.43134899256,3335.35642693811,2831.03627441813,6980.55093846835,3108.91424287828,6925.63461431755,3008.73701923305,394.088464148415,437.736399530577,372.125005794724,315.858113847833,778.818580661425,772.691578078495,0.00252402876315876,0.00231977490793284,1.09447490506615e-06,0.000897787991683425,0.00448118928928773,2.62339805867241e-05,1.88408236467915e-05,5.4284100643211e-09,6.37511968740095e-06,5.11820245066996e-05,-794.393753420815,0.099659226941621,0.0780041740027466,0.9975,0.487612475293783
"sinusoidal",400,"sir_collapsed",13,8.972,3413.48287349412,3420.41809179907,2965.86888228499,2339.487856666,6940.83838959645,3603.42340377926,6843.71697940339,3305.32569517269,380.459526693504,381.232511346308,330.569425132076,260.754330881186,773.61105546104,762.786110053877,0.00300009800421981,0.00274034195539544,1.66657524470984e-06,0.000925085433337436,0.00554002827304759,4.08810684648807e-05,2.13990342472194e-05,3.58435755965368e-08,6.89154744760239e-06,7.73575349024057e-05,-784.743864156701,0.101856247897466,0.0774001410383226,0.975,0.50848305084703
"sinusoidal",400,"sir_collapsed",140,8.895,2920.35174601941,3006.40714984877,3312.39473199989,2186.34460025571,6752.51138041744,3123.5153686583,6706.36272965904,2950.88626590208,328.313855651424,337.988437307338,372.388390331635,245.794783615032,759.13562455508,753.947468202253,0.00265083744182575,0.00241927373108143,1.30471580748781e-06,0.000916171799793311,0.00488961122061679,3.71684994848068e-05,1.99855303091096e-05,5.45957692652566e-08,6.38451428537762e-06,6.45253912286112e-05,-764.357441925113,0.0970742833689923,0.0733750910902505,1,0.499011545102495
"sinusoidal",400,"sir_collapsed",141,9.026,3381.7893459386,3462.62554366862,3139.18506390644,2202.93739905797,6718.12210722914,2963.34101581304,6812.10861392257,2798.27348268855,374.671986033525,383.627913103105,347.793603357682,244.065743303564,744.307789411604,754.720652993859,0.00260053018112816,0.0023597226285164,1.2340029179939e-06,0.000859498513549784,0.00470042590709606,3.14516188696487e-05,1.903072812371e-05,1.87240676177636e-08,6.17710969945072e-06,5.71859153406422e-05,-779.486079434126,0.0993191790052291,0.0776369261005684,0.985,0.500225123058429
"sinusoidal",400,"sir_collapsed",142,8.932,3196.05292571772,3152.06234218934,3205.75474283154,1982.30301285117,6887.17365354829,3249.27447815751,6666.15454228128,3076.58316596368,357.820524598939,352.895470464548,358.906711020101,221.932715276665,771.067359331425,746.322720810712,0.00287345203281287,0.00261324510189937,1.56632295894681e-06,0.00100045882516179,0.00539845315503131,4.98991804888169e-05,2.09530782701127e-05,7.55773291792584e-07,5.62033622786718e-06,7.97029319609731e-05,-805.739947170905,0.099341847997317,0.0815559223848002,0.9975,0.500549821291749
"sinusoidal",400,"sir_collapsed",143,8.996,3830.89851137575,3890.92076310164,3104.73331147971,2658.19602385479,7141.29023473226,2975.69322800828,7078.98208418755,3025.40334074148,425.844654443725,432.516758904139,345.123756278314,295.486441068785,793.829505861745,786.903299709599,0.00327094482607998,0.00291238895501121,2.42084335623378e-06,0.00102034156492267,0.00636506571902306,3.15033124655314e-05,2.08242690812017e-05,1.2558023782146e-08,6.25207829350607e-06,6.08355630241085e-05,-761.928826200787,0.101904874755125,0.0768705075527215,0.985,0.522952331469246
"sinusoidal",400,"sir_collapsed",144,8.881,3448.18674835999,3642.47990040895,2668.43862361652,2547.44438680928,6984.05501566796,3710.19603261457,7003.57473316299,3148.54978685454,388.265594905978,410.142990700253,300.466008739615,286.842065849485,786.404122921739,788.602041792928,0.00300216366716697,0.00272903492100784,1.81016060600989e-06,0.000987280744570533,0.00561980300950633,3.6664092060462e-05,1.99431658778735e-05,8.72104568565093e-08,5.82363723277362e-06,6.43425912621777e-05,-800.387752500647,0.0914769016386665,0.0690778353063862,0.9875,0.504203567255471
"sinusoidal",400,"sir_collapsed",145,9.166,3213.93881627451,3573.64894048956,3125.15151446029,2680.14054791988,6963.08182490436,3433.44502313344,6783.45864898145,3245.32111840399,350.637008103263,389.880966669164,340.950416153206,292.400234335575,759.664174656814,740.067493888441,0.00284529553950501,0.00258429011799564,1.56775354042079e-06,0.000978383924951169,0.00524076838234907,3.45598232155234e-05,1.98213518524131e-05,4.83304047984757e-08,6.00104049191282e-06,6.10440783931603e-05,-779.944084526466,0.108354957473124,0.0925610582010446,1,0.509456604340785
"sinusoidal",400,"sir_collapsed",146,8.897,3229.87490092849,3639.09274160263,3712.10884100487,3531.83585258059,6976.00961591043,3515.72814677247,6988.58015375151,2977.24885960957,363.029661788073,409.024698393012,417.231520850272,396.969298930042,784.085603676569,785.498499915872,0.00260833303532872,0.00238723340125734,1.190146010801e-06,0.000969901939504676,0.00486547952737432,2.30023634220462e-05,1.87291609500785e-05,1.56116883294144e-09,6.92822896469867e-06,4.3996948949996e-05,-789.111478487935,0.060128829202373,0.0487648186650927,1,0.491391102103749
"sinusoidal",400,"sir_collapsed",147,9.089,2969.16569361046,2778.25946717953,2525.74681639696,2818.58968460401,7006.67573236741,3281.86031232991,6896.68363295742,2602.52833783891,326.676828431121,305.672732663607,277.890506810096,310.109988404006,770.896218766356,758.794546480077,0.00285175565426315,0.00258674745775347,1.44882520410349e-06,0.00105240199022336,0.00522707980948168,2.84810405706549e-05,2.09487765322276e-05,3.55892451406576e-09,7.54057348490865e-06,5.48983642700617e-05,-773.244442219907,0.109737693964339,0.0808130591353583,0.9575,0.499817779991881
"sinusoidal",400,"sir_collapsed",148,8.945,3338.81940733573,3319.55909482644,3135.43726814635,2527.40400840224,6880.4781161706,3655.24304976089,6847.0486019352,3225.20449550558,373.26097343049,371.1077803048,350.524009854259,282.549358122106,769.198224278435,765.460995185601,0.0028548788291352,0.00257999136842364,1.60703639532577e-06,0.00110670094113958,0.00556459171310854,3.81930461833042e-05,2.07622171624229e-05,3.73502649348941e-08,6.12418157454789e-06,6.75814959228764e-05,-787.789788280752,0.123416931387089,0.0955214348360209,0.965,0.506111886285628
"sinusoidal",400,"sir_collapsed",149,8.929,3257.31086045478,3108.19712876949,2972.2328319446,2322.02581317937,6831.02658765969,3500.40410411359,6590.90238806334,2985.64570195578,364.801305908251,348.101369556444,332.874099221032,260.054408464483,765.038255981598,738.145636472543,0.00294567122749555,0.0026793630674821,1.5915623022443e-06,0.0010521006117408,0.00541635610647579,3.46934336217304e-05,2.17413481738227e-05,1.39807650117734e-08,6.64032331475946e-06,7.05595582213272e-05,-761.523883603432,0.119579208635907,0.100757230150398,0.9775,0.510017546489165
"sinusoidal",400,"sir_collapsed",14,8.921,3811.5498999285,3934.34525115545,1427.41281957381,1975.80577670182,6970.27963842959,4111.8514728465,6974.66322180245,3410.6041013141,427.255901796715,441.0206536437,160.005920813116,221.478060385811,781.333890643379,781.825268669706,0.0031226868089002,0.00286140624083447,1.86156568037094e-06,0.00104676917278604,0.00571058592329873,3.82657840139076e-05,2.10416997074228e-05,2.33424804911162e-08,4.52270519517965e-06,7.37359464745648e-05,-774.633014818903,0.103212493099973,0.0897573252845836,0.98,0.511097026986683
"sinusoidal",400,"sir_collapsed",150,8.826,2816.72682791064,3291.61202775138,3003.52244230449,1938.69701792591,6948.31303607016,3116.06182416389,6854.72931608405,3086.02395247064,319.139681385751,372.944938562359,340.303925028834,219.657491267382,787.255046008402,776.651859968735,0.00289796510635668,0.00262568598402866,1.61375082908948e-06,0.000991023864307007,0.00536676130098159,4.01646672801606e-05,1.99543203976202e-05,5.08993724765534e-08,5.35277749390582e-06,6.83170445422148e-05,-791.892083897417,0.0941077209443689,0.0751413733777261,0.98,0.507136652041218
"sinusoidal",400,"sir_collapsed",151,9.162,2543.18080911949,2683.46547651563,2092.83609354844,1815.69255734041,6952.44611231788,2667.78994315472,6850.53475562949,2522.09271069766,277.579219506602,292.890796388957,228.425681461301,198.176441534644,758.834982789553,747.711717488483,0.00288687873694734,0.00260874130236583,1.62104872795829e-06,0.000899541206595007,0.00529624960791415,3.47365614522116e-05,2.08755352472589e-05,3.11569115336972e-08,5.49209109749777e-06,5.86609588913599e-05,-791.491753607392,0.113991767042401,0.0938893805258688,1,0.502075052341199
"sinusoidal",400,"sir_collapsed",152,8.935,3372.52967250043,3237.93188742,3261.11440750471,2131.2886562894,7144.05596708627,3356.6033466617,6922.78916832529,2946.25054174297,377.451558198145,362.387452425294,364.982026581389,238.532586042463,799.558586131648,774.794534787386,0.00321238737678007,0.00288806392277472,2.19851358429373e-06,0.00101799864871005,0.00618558105366586,3.53659932766134e-05,2.13610867380118e-05,2.39993549658643e-08,5.21041727788899e-06,7.29816476111928e-05,-811.704100500575,0.0945882481487338,0.0792706731932097,1,0.51854288235416
"sinusoidal",400,"sir_collapsed",153,8.969,3474.73686621759,3537.61501682978,3218.94808065263,2673.63144026337,7083.22090444149,3842.31595317154,6948.52107044675,3172.14612797608,387.416307973865,394.42691680564,358.897098968963,298.096938372546,789.744776947429,774.726398756467,0.00278428455479863,0.00253981969940316,1.43810815746021e-06,0.000991896983964313,0.00511669470441169,4.02722196030838e-05,2.04044687425821e-05,6.96317914916159e-08,5.06714677013357e-06,6.28250242909744e-05,-792.812797251839,0.108619098304202,0.0761285167968931,0.97,0.491193692271667
"sinusoidal",400,"sir_collapsed",154,8.948,2521.16769543633,3207.58872970288,2417.29888379568,3527.73850461214,7203.70352950042,2721.66903454566,7021.13325384808,2684.5514552552,281.757677183318,358.469907208636,270.14962939156,394.248827068858,805.062978263345,784.65950534735,0.00298239602137924,0.00270798447019851,1.70793223543539e-06,0.000965977432403398,0.00551772630617274,2.47648998043349e-05,2.04758647396796e-05,1.07796786989023e-09,6.70057304303083e-06,4.89629655035782e-05,-784.774579717804,0.104104597651695,0.0825662828151678,1,0.512564615031883
"sinusoidal",400,"sir_collapsed",155,9.177,3675.01671970035,3850.07811916037,3057.418992615,2630.62347021273,7194.04182392718,3390.12467643298,7034.21807833733,3354.20413235997,400.459487817408,419.5355910603,333.161054006212,286.653968640376,783.920869993155,766.505184519705,0.00311231492064731,0.0028208886895247,1.93278122561016e-06,0.00108426229384305,0.00593035866115875,3.73619618635411e-05,2.07539409287999e-05,5.27698390264532e-08,5.80480367138378e-06,7.03484328011563e-05,-779.577180092275,0.0940049330869529,0.0725501950512232,1,0.507881358298994
"sinusoidal",400,"sir_collapsed",156,8.905,3226.19759689998,3515.30763669807,3073.2193026437,2210.59994015761,6878.28581880741,3492.33855604469,6721.86653408928,3418.10843647244,362.290577978662,394.756612767891,345.111656669702,248.24255363926,772.407166626324,754.841834260447,0.00301175119677961,0.00272741465632112,1.8580246375284e-06,0.00102579365247589,0.00586442834459332,4.45138312376632e-05,2.10015920432939e-05,9.23874232127362e-08,5.36302974693059e-06,7.42946359678115e-05,-786.567262784541,0.139403376717439,0.10563808204453,0.9425,0.51577008834574
"sinusoidal",400,"sir_collapsed",157,9.037,3728.32089442993,3702.51697123181,3070.78769115862,2747.65661088555,7093.60491316319,3530.13610942766,7087.71887314302,3542.21456798737,412.561789800811,409.706425941331,339.801669930134,304.045215324284,784.951301666836,784.299974896871,0.00297459036550379,0.0026838314063917,1.85503977956282e-06,0.000958145656641237,0.00553808417048149,3.3409396475524e-05,1.96947975375314e-05,3.60123810562228e-08,5.71273016986776e-06,5.64883649624742e-05,-791.127556342275,0.0838681984306182,0.0623223882460945,1,0.508071439386418
"sinusoidal",400,"sir_collapsed",158,8.829,3314.55894683719,3434.28165176913,2988.53274261668,2414.11131875477,6989.33812967464,2953.37681357995,6923.7005874053,2509.11556309957,375.417255276609,388.977421199358,338.490513378262,273.429756343274,791.634174841391,784.199862657753,0.00280337556584118,0.00253952980401576,1.6518924685212e-06,0.000925623346502923,0.00519851059843981,3.31437670490785e-05,1.97603798949392e-05,3.19483283534484e-08,5.82793735308414e-06,5.84600767480588e-05,-789.051249985012,0.0893623729804812,0.0644272382951635,0.995,0.497686597102131
"sinusoidal",400,"sir_collapsed",159,8.954,3152.5313299655,3201.8172797242,3381.82792838272,2041.91463738992,6767.73034035855,3425.39462285051,6594.86643327845,2989.99838504689,352.080782886475,357.585132870695,377.689069508903,228.044967320742,755.833185208684,736.52741046219,0.00258252888167657,0.00237516964562408,1.1090034689354e-06,0.00098242162825515,0.00460142472070215,4.77530570575093e-05,1.95744825957913e-05,1.69775971486043e-07,6.15906145308693e-06,7.05833578883805e-05,-771.300202450044,0.117555668408167,0.0971219022194676,1,0.500615415595982
"sinusoidal",400,"sir_collapsed",15,8.953,3627.24373378189,3563.20056602012,2388.8453539401,3021.10552297894,7165.86213879853,3155.28260600087,7107.66397799987,3279.55572738521,405.142827407784,397.989563947293,266.820658320128,337.440581143632,800.386701530049,793.886292639324,0.00335878223286386,0.00304240514075603,2.36225265168587e-06,0.00116421892466827,0.00652816056934573,3.01760931261785e-05,2.09248096674824e-05,6.25366124465106e-09,6.44850281601279e-06,6.15302744961333e-05,-796.212496958339,0.107649897041268,0.0861215899984624,0.985,0.514246129626601
"sinusoidal",400,"sir_collapsed",160,9.182,3461.5453654634,3630.14516632496,2710.25656773811,3030.44444927185,6875.41395715838,3305.87788263817,6888.5262438514,2950.88982842325,376.992525099477,395.354516044975,295.170612909836,330.041869883669,748.792633103722,750.220675653605,0.00271941025710869,0.00246910355604259,1.33373222038878e-06,0.000921318824705745,0.00499856200506934,2.56177583068736e-05,1.87437290342486e-05,1.34074667025048e-08,6.45508434002283e-06,4.62017085116037e-05,-787.324828970577,0.0893253385212639,0.0757244283789244,1,0.500625990987116
"sinusoidal",400,"sir_collapsed",161,8.856,3101.57491776377,3396.67995096856,3037.61232904804,2300.24650253175,6965.44069887062,3283.560694572,6770.06468796448,3108.72409286122,350.22300336086,383.545613252999,343.000488826563,259.738764965193,786.522210802915,764.460782290479,0.00263567283034759,0.00240742764468417,1.23506124903805e-06,0.00101263585349592,0.00501113996248045,3.1415011345321e-05,1.86936779623206e-05,3.8149810423953e-08,6.06200508656824e-06,5.31385046280236e-05,-810.025463710405,0.0828437080513782,0.0674500265251116,1,0.489070682640796
"sinusoidal",400,"sir_collapsed",162,8.959,3644.89494479753,3815.32654189066,1596.75591518278,1869.18335101272,7120.95271363215,3508.83353468513,7106.35863224457,3324.34047277497,406.841717244952,425.865224008333,178.229257191961,208.637498717795,794.837896375951,793.208910843238,0.00317050613249585,0.00282823588275231,2.40765836929094e-06,0.000953792720248549,0.00603989671893631,3.29799806697114e-05,1.94609494069831e-05,3.37176625366646e-08,5.98440394931329e-06,5.92691892657028e-05,-815.388499726616,0.105446951580922,0.0872778737581721,1,0.512014032551797
"sinusoidal",400,"sir_collapsed",163,9.366,2958.39037650872,3239.32572546678,3345.63919788138,2190.56261915174,6883.62138553951,3114.50868187836,6796.6223107158,3016.67900641993,315.864870436549,345.860103082082,357.211103766963,233.884541869713,734.958507958521,725.669689378155,0.00278548324835128,0.00254085573685954,1.45338878604378e-06,0.00101354812076188,0.00516535473590745,3.88524946627376e-05,2.06429394260387e-05,4.63563635935438e-08,4.32054803084111e-06,6.59588636946037e-05,-778.924510048914,0.0950577814270755,0.083035292982913,1,0.501854759648803
"sinusoidal",400,"sir_collapsed",164,8.908,3069.90603144251,3230.97212279324,2963.21962391739,4064.06075416142,7085.96307029913,3246.58694296027,7019.41259185348,3003.38434601029,344.623488038,362.704549033817,332.647016605006,456.225949052696,795.460605107671,787.989738645428,0.00262287864007641,0.00239071925908944,1.22450350724609e-06,0.000943856953043943,0.00482385272658817,2.20506332694808e-05,1.87601937849406e-05,6.01152184411661e-10,6.44025256013699e-06,4.23581794521184e-05,-799.121101589258,0.0795758416962796,0.0651235486255936,1,0.49122070511948
"sinusoidal",400,"sir_collapsed",165,8.923,3276.15089463889,3551.16969917776,3377.1530742513,2795.37948071284,7044.90589816877,3232.52868238935,7048.29491465544,3169.55194144549,367.158006795796,397.97934541945,378.477314160182,313.277987303915,789.522122399279,789.901929245258,0.00284387850884536,0.00260034235750752,1.48619302109806e-06,0.000973963037582849,0.00531936314097974,3.58392349852026e-05,2.01453290553847e-05,1.06408920466993e-07,6.0893564974462e-06,6.07830091446412e-05,-791.292606014905,0.0952671769031658,0.0751251163171007,1,0.49995508906722
"sinusoidal",400,"sir_collapsed",166,8.962,3283.99520071501,3161.75751807528,3267.20020489645,2483.14272330012,6838.86557354624,3371.37620173449,6688.00055691199,3113.08714224021,366.435527863759,352.795973898157,364.561504674899,277.074617641165,763.095913138388,746.262057231867,0.00264986315892849,0.00242597674383644,1.21422270490083e-06,0.000954815463041605,0.00482888541768402,3.41351274132347e-05,2.03387144767795e-05,2.39406245201227e-08,5.78577649301205e-06,6.05459201832652e-05,-777.62371700621,0.105918519038588,0.0897223600129305,1,0.495191390731821
"sinusoidal",400,"sir_collapsed",167,9.088,3035.75769659614,3826.46824838654,2762.13276432187,2518.69368131695,7131.88817271495,3386.6612992183,7064.00838076215,3588.55375747458,334.040239502216,421.046242119998,303.931862271332,277.144991342094,784.758821821628,777.2896545733,0.00295769170787516,0.00268416469275562,1.76083655090418e-06,0.00100454633746164,0.0054869654666536,3.03332165402921e-05,2.00462036294249e-05,2.43190435910795e-08,7.09067845356161e-06,5.78548826093636e-05,-810.415232649057,0.0841268870974741,0.0650123743962449,1,0.499910332621304
"sinusoidal",400,"sir_collapsed",168,8.836,3397.99088609993,3890.50542570608,3146.71143651128,2964.96526221158,7161.90823813785,3581.83658783621,7095.62453348158,3556.16924093955,384.562119296053,440.301655240615,356.123974254332,335.55514511222,810.537374166801,803.035823164507,0.00301430988676745,0.00270916146964659,1.93524376400531e-06,0.00101260215347215,0.00586375918964187,2.91756425677987e-05,1.9669348202107e-05,7.44122020089389e-09,5.98650769314484e-06,5.54874279579549e-05,-785.772414702049,0.0818993479891505,0.0664793420891603,1,0.511370485289879
"sinusoidal",400,"sir_collapsed",169,9.143,3386.37470279539,3161.37671356063,3166.99321626592,2981.15230356561,6642.2994767021,2975.97829781376,6539.29948268182,2848.1491416782,370.378945947215,345.770175386703,346.38447077173,326.058438539386,726.490153855638,715.2247055323,0.00236302679700901,0.00219902987509538,8.31226475678526e-07,0.00100072232496602,0.00427397642628092,2.56700698077163e-05,1.87241155048294e-05,6.94130652143605e-09,6.65583382848174e-06,4.8554093876558e-05,-761.741620809711,0.0711282032533963,0.0571132223657492,1,0.48869266249163
"sinusoidal",400,"sir_collapsed",16,8.937,2906.30762951871,3117.83195955782,2940.12791242702,2406.60889233411,7158.45704480445,3080.34811025325,7042.14618456467,3046.28739703074,325.199466209993,348.867848221754,328.983765517178,269.285989966892,800.991053463629,787.976522833688,0.00325165076016893,0.00297860865446699,2.14314359880988e-06,0.00104515142997012,0.00604560855228212,3.43135012650355e-05,2.17557500423644e-05,2.03105265446789e-08,6.07058794917804e-06,6.79014431312567e-05,-779.415753547586,0.101794131561678,0.0825674342766371,0.9825,0.511817122272003
"sinusoidal",400,"sir_collapsed",170,8.916,3748.35077500076,3744.27816736708,2927.71496787934,2551.83747426151,7087.74242401899,3300.37504722506,6915.80146367945,3406.02257426298,420.407220166079,419.950444971633,328.36641631666,286.208779078231,794.946436072116,775.6618958815,0.00290611607376112,0.0026383446774695,1.58981962796427e-06,0.000952857790717033,0.00533185108286262,3.08566384899362e-05,2.04589330290658e-05,1.6810510219854e-08,6.8386413823323e-06,5.99006283182957e-05,-803.303090208782,0.0939209924022238,0.0717423800451586,1,0.503038622530402
"sinusoidal",400,"sir_collapsed",171,8.951,2623.65692797472,2939.25677558157,3753.31504621976,2630.46506066437,6632.26107111459,2821.7693164402,6629.57459222879,2683.27293103383,293.113275385401,328.37188868077,419.317958464949,293.873875618855,740.951968619661,740.651836915293,0.00243414224471097,0.0022315694875046,1.02127549224988e-06,0.000948715832191826,0.00454155830305087,3.70477087444616e-05,1.87765135429251e-05,8.80492190650594e-08,5.79416654826181e-06,5.78656718428295e-05,-770.820328244448,0.0906638161076166,0.0749289269021823,1,0.494036449386548
"sinusoidal",400,"sir_collapsed",172,8.962,3518.38851036461,3770.88246603044,2521.7333767145,3433.99247529913,7046.11015601432,3782.34088308476,7016.81831108309,3499.14823801434,392.589657483219,420.76349766017,281.380649042011,383.172559171962,786.220727071448,782.952277514293,0.00278476143900883,0.00252614384375471,1.4268569730488e-06,0.000989819108184773,0.00513585899979102,2.41388568178092e-05,1.93498802104741e-05,8.39315785033968e-10,7.18155326218282e-06,4.93403132937532e-05,-767.411908686089,0.100650888174599,0.0781314766052183,1,0.503593729578325
"sinusoidal",400,"sir_collapsed",173,8.851,3067.86844071983,3231.5880779109,3177.22430923513,2772.19169555087,7006.39869967423,3360.81612741364,6888.89843074313,3047.6404766596,346.612635941682,365.10993988373,358.967835186434,313.206608919994,791.5940232374,778.318656732927,0.00277167884467177,0.00251037081081582,1.49072999675637e-06,0.000898790318859645,0.0051725567436839,3.15231604804461e-05,1.9740071726088e-05,3.85784527463096e-08,5.7632086511901e-06,5.49874503267044e-05,-781.897304758642,0.124482343524859,0.100541226222513,0.9725,0.503929285693017
"sinusoidal",400,"sir_collapsed",174,8.9,3527.11819780374,3731.0398619599,3326.06981266242,2484.62724885284,6862.84615120791,2868.68857183662,6772.05707106068,2563.50749267624,396.305415483566,419.217962017966,373.715709287913,279.171600994701,771.106309124484,760.905288883223,0.00257048805459361,0.00233766300138878,1.19103207596264e-06,0.000910746715655425,0.00463573319653698,2.86372026359729e-05,1.91468746164835e-05,9.18787707416773e-09,5.90417248945145e-06,5.53765483578316e-05,-766.262733816517,0.0808318269197694,0.0671057538961771,1,0.490619334415542
"sinusoidal",400,"sir_collapsed",175,8.94,2954.4816779546,3050.75573089284,3437.99985922809,1904.10185678609,6948.77419396299,3310.38610292244,6928.63056231454,2935.76265762153,330.478934894251,341.247844618886,384.563742642963,212.986784875401,777.267806930984,775.014604285743,0.0027532857790163,0.00249617996712537,1.52699202706656e-06,0.000969208252947608,0.00518391690747494,4.23947853340545e-05,2.04192972485134e-05,1.81523389727495e-07,5.65638979190551e-06,6.36977162233901e-05,-786.474012679077,0.135383162839064,0.103596380364587,0.9575,0.499944114424698
"sinusoidal",400,"sir_collapsed",176,9.159,3359.13731985187,3392.44083948075,2437.79588610928,1783.86457086209,6839.49197209804,3692.12972690215,6416.16977883276,2573.98222507426,366.758087111242,370.394239489109,266.163979267309,194.766303183982,746.750952298072,700.53169328887,0.00365242482555967,0.00326384039877188,3.07794915517969e-06,0.00109052563769186,0.0071916044087325,0.000134830142202422,2.22592861884647e-05,2.8036271418724e-06,4.24446364628423e-06,9.26510276048896e-05,-802.054534988883,0.126813427006455,0.0946456041821386,0.98,0.535449074533615
"sinusoidal",400,"sir_collapsed",177,8.925,3079.81173008052,3326.79299951902,2882.86469143894,1974.70706736699,6935.4872797247,3327.95340267327,6802.60644378635,3129.6514954549,345.076944546837,372.749915912495,323.010049460945,221.255693822632,777.085409492963,762.196800424241,0.00289811221908336,0.00261448320457163,1.65609602208721e-06,0.000964863670607592,0.00532010251684283,3.72847397562809e-05,1.96539186912687e-05,2.84209323831557e-08,5.67266073591673e-06,7.39441906355911e-05,-771.681670308814,0.092409119367094,0.0723615547278682,0.9975,0.509573047937139
"sinusoidal",400,"sir_collapsed",178,8.935,2886.94579244691,3240.52439079427,2772.62369461741,2521.21250919542,6975.45924331723,3056.46265326263,6836.08005969262,2947.68493519381,323.105292943135,362.677603894154,310.310430287343,282.17263673144,780.689338927502,765.090101812269,0.00273709642473648,0.00248523349469733,1.45824899651625e-06,0.00096627490575319,0.00509540221241245,3.65283592377933e-05,1.96852208183087e-05,4.61555271204134e-08,5.60631794302743e-06,6.46459464878575e-05,-794.208156622113,0.087619010786189,0.0755455440417932,1,0.499123310014837
"sinusoidal",400,"sir_collapsed",179,8.938,2974.61309398133,3096.7616476739,2811.86358132231,2307.3083503255,6898.89697767859,3252.4026538174,6735.02599838827,2883.70678186231,332.805224209144,346.471430708649,314.596507196499,258.14593313107,771.861375887066,753.527187109898,0.00284167027280574,0.00259397494286332,1.49782291897819e-06,0.000883138500168293,0.00517010403231795,3.24635177121957e-05,2.18584955244693e-05,4.60938327160042e-08,6.89822225499561e-06,6.18012564845737e-05,-765.313707029241,0.137184953472854,0.110195362779233,0.9125,0.502715006264659
"sinusoidal",400,"sir_collapsed",17,8.804,3371.31351540644,3218.3738424993,3686.25396820836,2449.45837115632,6734.95376017142,3486.7747215832,6673.34726820213,3034.54784720194,382.929749591827,365.558137494241,418.702177215852,278.221078050468,764.987932777308,757.99037576126,0.00237196231012628,0.00216985809622231,9.22687897323798e-07,0.000906225343476195,0.00426126183700495,2.82565229423065e-05,1.83832886867123e-05,9.02912583800732e-09,5.14562001108517e-06,5.40516414127645e-05,-772.565684700923,0.0666206990572593,0.0514607429496136,1,0.487144863433087
"sinusoidal",400,"sir_collapsed",180,8.936,2912.07724970775,3065.5371565209,2930.18831294567,2475.53905308402,6821.13822178458,3212.09553429179,6771.25252292947,2778.10285393485,325.88151854384,343.054739986672,327.908271368137,277.029885081023,763.332388292814,757.749834705625,0.00245533591296323,0.00225965652605576,1.06229585356525e-06,0.00089927982960185,0.00449490651363698,3.01257976694629e-05,1.83511488443644e-05,5.21311570508236e-08,6.58902873877251e-06,5.28084413822981e-05,-795.930733536992,0.0959216642101549,0.0803411813683003,1,0.479087848541022
"sinusoidal",400,"sir_collapsed",181,9.242,3181.74070692734,3290.32122374374,3465.15450812625,2469.95807390422,6885.7519842302,3227.73463671721,6703.51048563646,3067.93386045269,344.269715097094,356.018310294713,374.935566774102,267.253632753107,745.049987473512,725.3311497118,0.00247833601758288,0.0022789969573106,9.73260819795567e-07,0.000988723922413855,0.00449584476354114,2.80660095237007e-05,1.82056172628558e-05,7.08437148589355e-09,5.47755136091954e-06,5.54632347910465e-05,-767.807892772713,0.0678518025612332,0.0560735923240205,1,0.491139501329979
"sinusoidal",400,"sir_collapsed",182,9.164,2711.06165979915,2971.81865484649,3014.47553893193,2160.11671954019,6949.39348058196,2853.57471714055,6861.02687520961,2893.58015220078,295.838243103355,324.292738416247,328.947570813174,235.717669089938,758.336259338931,748.693460847841,0.00266936683168706,0.00242777576806594,1.33755838374171e-06,0.000975779132404224,0.00496694309635707,3.41790172828025e-05,1.931346164378e-05,3.33470152168561e-08,5.60840831025845e-06,5.96392374091918e-05,-787.287049782731,0.0901317395260477,0.071115993256404,1,0.493394422775909
"sinusoidal",400,"sir_collapsed",183,8.863,3578.1089904123,3818.41572338938,3392.05885571535,2033.8179558605,6923.98867434532,3773.41417371085,6802.16659164328,3511.0720956768,403.713075754519,430.826551211709,382.721297045622,229.472859738294,781.22404088292,767.479024217904,0.00276056623715874,0.00252127415783793,1.4169735651747e-06,0.000947664440599786,0.00512356901787778,5.10514738757416e-05,1.98958417782049e-05,1.16455420433753e-06,5.1816285444949e-06,6.11659921022746e-05,-788.493325614297,0.0831545868575473,0.0681441275007809,1,0.495119514384268
"sinusoidal",400,"sir_collapsed",184,8.9,3492.8226306135,3526.98892156879,2929.14416478852,3008.5308228714,7086.24390848459,3013.94586108366,6886.04996549734,3030.65007542357,392.451980967809,396.290890063909,329.117321886351,338.037171109146,796.207180728606,773.713479269364,0.00321131534880964,0.00291849068197014,2.00351814033901e-06,0.00115739856006761,0.00593665903098471,2.9406506063431e-05,2.0825368311462e-05,6.05102628967584e-09,6.94734772330322e-06,5.99826803549978e-05,-779.947435509984,0.104765872289404,0.0885926958448445,1,0.521251368869994
"sinusoidal",400,"sir_collapsed",185,9.03,3042.35017190989,3387.2310286352,2792.80926329201,2246.12209149013,7050.54151072373,3235.62849233093,6962.09872783058,3248.26474339925,336.915855139523,375.108641044873,309.28120302237,248.739987983403,780.790864974942,770.996536858315,0.00274165780974465,0.00248743581664639,1.46013733506496e-06,0.000969294653637042,0.00521322867796362,3.52069114966733e-05,1.90179997680391e-05,3.45307595674733e-08,3.69860355546537e-06,5.55480677888933e-05,-791.277385187209,0.0773853080975356,0.0533375131180381,0.9975,0.498592702234459
"sinusoidal",400,"sir_collapsed",186,8.959,3184.24026409977,3464.24604527389,2912.77710964066,2331.07626944354,6981.2951951532,3548.14066706135,6776.52460020695,3268.81168952922,355.423625862235,386.677759267093,325.123017037689,260.193801701478,779.249379970219,756.392967988274,0.00287568284270249,0.00259514424963973,1.62804475879178e-06,0.00101200097065394,0.00526470216180245,3.20249652722389e-05,2.05671845587721e-05,1.10923167436525e-08,6.02752287881047e-06,6.1065548018952e-05,-775.080028563553,0.100122421675414,0.0808186472146605,0.985,0.50607808993088
"sinusoidal",400,"sir_collapsed",187,9.001,3452.16732907082,3641.81355934723,3008.94328539061,3100.39960154342,7019.84579588672,3714.46886795848,7010.4923646776,3234.68890576719,383.531533059751,404.600995372428,334.289888389136,344.450572330121,779.896211075072,778.857056402355,0.00297639747451399,0.00269107068438859,1.6656361885976e-06,0.00101983932920437,0.00554755344603599,2.83374377981918e-05,2.05390031738432e-05,4.38003412141426e-09,5.85665026092015e-06,5.39976803727357e-05,-778.274810065432,0.113845027708932,0.0817879406964486,0.9675,0.51081443773658
"sinusoidal",400,"sir_collapsed",188,8.932,3037.20789171988,2967.59939104688,3296.21164843176,2458.40452833328,7058.44194473913,3287.99572514831,6983.79649756053,2837.36919416595,340.036709776073,332.243550273945,369.033995570059,275.235616696516,790.242044865555,781.884963900642,0.00302116695381076,0.00272435461965792,1.84159808978794e-06,0.000962416850008199,0.00565344867351518,4.610422242807e-05,1.91474323569732e-05,1.53646204957598e-07,4.60927000321475e-06,6.24302132001968e-05,-802.539337113462,0.0816910279605845,0.0668180274074222,0.995,0.505446482136789
"sinusoidal",400,"sir_collapsed",189,9.195,3133.46940886601,3282.58175773603,2409.57965501578,2198.56034445986,7264.04952143616,3377.56667876622,7149.81937856627,3019.11263884769,340.779707326375,356.996384745626,262.053252312755,239.103898255558,789.999947953905,777.576876407424,0.00353339045882965,0.0031808569785574,2.6804371966766e-06,0.00113624461396672,0.00672187482891234,4.18622708270069e-05,2.17615900322729e-05,5.40913108208287e-08,5.79494720187329e-06,7.98918333705078e-05,-790.961421297044,0.0950187182058655,0.079680868349408,1,0.52095770305929
"sinusoidal",400,"sir_collapsed",18,8.951,3214.50168838956,3529.81891171748,2762.44396296353,2463.63674174977,7129.0659365193,3184.59999612941,7123.70503595563,3286.66147127808,359.122074448616,394.349113140149,308.618474244613,275.235922438807,796.454690707105,795.855774321934,0.00309635526525518,0.0027914203669066,1.9992892482452e-06,0.00102250078898505,0.00594789264648493,3.32327898626322e-05,2.05079816605369e-05,1.39312859277255e-08,5.64002870174845e-06,6.5536205160956e-05,-791.481205469699,0.115419580900665,0.0976962748133421,0.9925,0.508472809169877
"sinusoidal",400,"sir_collapsed",190,9.136,3401.10506611223,3433.38284916613,3447.58878638366,2445.67668945852,6779.16332840556,2932.4206271828,6637.60073480112,2980.69254636468,372.275072910708,375.80810520645,377.36304579506,267.69666040483,742.027509676615,726.53247972867,0.00267741278763339,0.00243416561994003,1.28243526200905e-06,0.00093688912524806,0.00489975683689967,3.22617574677706e-05,2.04443720737148e-05,1.49063513045573e-08,6.34519127095071e-06,5.965859626261e-05,-760.449574327113,0.0937515089594082,0.0732199357998907,0.9875,0.496281519409723
"sinusoidal",400,"sir_collapsed",191,8.956,3510.46822439924,3641.86786227771,2652.97294919327,2890.70653181746,7301.00199583841,3849.26335144183,7258.31538104507,3446.94743761997,391.968314470661,406.640002487462,296.222973335559,322.767589528524,815.207904850202,810.441645940718,0.00348643134404014,0.00312049643057355,2.73492676147525e-06,0.00106556882785832,0.00678413764107081,3.41266507827692e-05,2.10600355744702e-05,3.78923477426871e-08,4.50618597614159e-06,6.16174738240714e-05,-796.620938148556,0.0928112737346464,0.0746236911111468,0.995,0.516994180625332
"sinusoidal",400,"sir_collapsed",192,9.112,2920.20596870555,3055.0724599174,3260.13047340683,2355.61233338455,7000.42652661994,3199.72105251799,6884.22888546607,3089.62580188044,320.479144941346,335.280120710865,357.784292516114,258.517595849928,768.264544185683,755.512388659577,0.00276756923764954,0.00251767854080671,1.47125506743197e-06,0.000894660757729923,0.00516857159327896,3.24214299775891e-05,1.96954868579798e-05,2.25274153994579e-08,5.92289458419288e-06,6.08624659446712e-05,-782.983735469133,0.0776640828778035,0.0625806388515937,1,0.495916321820445
"sinusoidal",400,"sir_collapsed",193,9.101,3437.20975687882,3468.00647425974,3113.88778250833,2391.58163647095,6922.032297561,3801.47403634221,6797.07133446409,3373.41578640289,377.673855277312,381.057738079304,342.147871938065,262.782291668053,760.579309697945,746.848844573573,0.00271820547178596,0.00246658394082651,1.38393703633282e-06,0.00102907928193598,0.00511175175081136,3.47743613326797e-05,2.03209822573513e-05,5.3751239927798e-08,5.59734670820272e-06,5.96120424053797e-05,-783.790574005161,0.0752867013635637,0.0611186650666364,1,0.495182496909583
"sinusoidal",400,"sir_collapsed",194,8.843,3450.12091373896,3671.26764040562,2915.0851960855,3119.72069160112,7091.07939540711,3581.57217779695,6973.81942698841,3437.0004903012,390.152766452444,415.160877576119,329.648896990332,352.789855433803,801.886169332479,788.625967091305,0.0028136278658878,0.00256067422011323,1.44609587139383e-06,0.00102517728145781,0.00522483881170228,2.58567710413897e-05,2.01956418849849e-05,1.50207063782732e-09,7.02773697161375e-06,4.96627517383885e-05,-778.555809001326,0.120235120473248,0.0983776747984767,1,0.499619505059821
"sinusoidal",400,"sir_collapsed",195,8.946,3671.49101195195,3670.34503754058,3034.29961251293,2598.08460561689,7341.0669003174,3684.23148520983,7161.99810594744,3444.92665176689,410.405881058791,410.277781974131,339.179478259885,290.418578763346,820.59768615218,800.58105364939,0.00397050218627958,0.00354644806804859,3.58588326880197e-06,0.00128769689261216,0.00802778650801977,4.02491546142555e-05,2.18059401675292e-05,4.40366056507737e-08,6.7267925313684e-06,7.43796201385398e-05,-778.652268869197,0.10609831605587,0.0834608381437084,1,0.540737606346755
"sinusoidal",400,"sir_collapsed",196,8.95,3324.13728683845,3503.69185553549,3650.61649397763,2508.3945594837,6852.84436823666,3352.25189074113,6794.53654559164,3350.66419717173,371.411987356252,391.473950339161,407.890111058953,280.267548545665,765.68093499851,759.166094479513,0.00266567368451129,0.00242817458223124,1.28959263234601e-06,0.000938879870619726,0.00487421088681403,3.47400034955189e-05,1.97140359173329e-05,5.68132998373823e-08,5.84657502904714e-06,6.43306084968556e-05,-787.100044503463,0.0868865287514046,0.0701046993516218,1,0.497149824278171
"sinusoidal",400,"sir_collapsed",197,8.981,3467.20453664437,3685.76296552359,2472.98815203007,2494.56034071451,6936.99324066899,3662.12797439634,6829.59643821457,3391.90594277558,386.059963995588,410.395609121878,275.357772189073,277.759752891049,772.407665145194,760.449441956862,0.00279135167594667,0.00250509382162575,1.57429346281843e-06,0.000839380136037692,0.00514613196852561,3.00492031529936e-05,1.94537275475472e-05,1.6886108016113e-08,5.49135934979181e-06,5.44524704543943e-05,-788.183568421885,0.104225888391887,0.0836601581400255,0.99,0.50412001000589
"sinusoidal",400,"sir_collapsed",198,9.155,3382.92632938265,3606.42388790009,3239.95166019174,3105.099284802,7014.81502378562,3704.01925343326,6846.02673650619,3305.6919321262,369.516802772545,393.929425221201,353.899689807946,339.169774418569,766.227747000068,747.791014364411,0.00267491735922795,0.00244421108624356,1.26880387098798e-06,0.00100992794570203,0.00486221791218185,2.3867744477598e-05,1.93914244343943e-05,8.2817074386159e-10,6.8927014142615e-06,4.80949764694018e-05,-782.767044773205,0.101972460372273,0.0814519562570497,1,0.486151136536596
"sinusoidal",400,"sir_collapsed",199,8.975,3556.59443208199,3751.15169722505,2749.91701601869,2961.45637419323,7250.14194476716,3727.81257352013,7218.60671810055,3145.39396825426,396.277931151196,417.95562086073,306.397439110717,329.967284032671,807.815258469878,804.301584189477,0.00339483398290925,0.00303347479559894,2.54932277320148e-06,0.00100150260496433,0.00653184798659952,4.02730187130632e-05,2.06406335735415e-05,2.10123052074869e-07,5.77107331945895e-06,6.3666894989742e-05,-795.56819602814,0.132762593168503,0.0937859100614934,0.93,0.527543395988445
"sinusoidal",400,"sir_collapsed",19,9.134,3781.54111802758,3677.9602378151,2580.90956254615,2597.13605444647,7221.90767331488,2914.78276418899,7207.41919564053,2757.55424692474,414.007129190671,402.666984652408,282.560714095265,284.337207624969,790.662105683696,789.075891793357,0.0035842581845779,0.00327448343900201,2.56676223996e-06,0.00127734358577115,0.00692774674143653,3.55656040336223e-05,2.21340164678215e-05,3.60406594686568e-08,6.59997656131827e-06,6.46297214836042e-05,-777.845311342634,0.100643686900988,0.0832484913509436,1,0.522455569442864
"sinusoidal",400,"sir_collapsed",1,9.036,3090.05480973183,3536.21890861205,2801.79925981336,2289.94011521387,7055.93322201538,3320.75720162796,6888.05894393688,3298.07292463216,341.971537154917,391.347820784866,310.070745884612,253.424094202509,780.869103808696,762.290719780531,0.00336296308601967,0.0030312395584249,2.35989686495462e-06,0.00102325526913524,0.0064310524473992,4.16478610056288e-05,2.19432232783153e-05,2.48925042150748e-08,4.85178563677524e-06,8.33244580863191e-05,-795.59568660205,0.0835480724466893,0.069126420390687,1,0.521372587051043
"sinusoidal",400,"sir_collapsed",200,8.899,3070.93384113661,3092.35454448566,3240.995712724,2300.6353055807,6916.56744615268,3390.45036647722,6898.80174145831,2977.43496848591,345.087520073785,347.494611134471,364.197742749073,258.527396963783,777.229738864218,775.233367958008,0.00253368323425112,0.00234564851071474,1.06569186438894e-06,0.000979014080739357,0.00464000524389198,3.37059383744344e-05,1.93156185687025e-05,2.7946732112087e-08,6.24962566585667e-06,5.97366305462664e-05,-777.23631500238,0.0889801873615748,0.072557612938952,1,0.491300985480554
"sinusoidal",400,"sir_collapsed",20,8.878,2978.48725017634,3350.96088683965,2785.95073557985,2269.74378131118,6743.13215309316,3249.99625881107,6687.66895154157,3224.49629805315,335.490791864872,377.445470470787,313.803867490409,255.659358111194,759.532794896729,753.285531824912,0.00254346762174918,0.00232715013833853,1.13090927262267e-06,0.000932271602781139,0.0045987623848763,2.97297376304119e-05,1.96259970731465e-05,6.44832630343016e-09,5.03127469632111e-06,5.928203421705e-05,-780.667127096888,0.0782854113279625,0.0638843780542097,1,0.488736396006971
"sinusoidal",400,"sir_collapsed",21,9.014,3679.93521575534,3675.69473848715,2905.24361076811,2220.20885606468,7169.87306230691,3748.42515472897,7075.9027571527,3423.15774431521,408.246640310111,407.776207952868,322.303484664755,246.306729095261,795.41524986764,784.990321405891,0.00341682713525262,0.00302616023537708,2.88537122053715e-06,0.000961443753534871,0.00674292468937411,5.06506247442742e-05,2.11050381327319e-05,1.2492412344494e-07,4.00518954720111e-06,8.54329961480738e-05,-803.216025433595,0.0936177681199598,0.0785395996504769,1,0.523728079409863
"sinusoidal",400,"sir_collapsed",22,8.93,3458.94920513254,3725.90902671726,3058.52403284575,3339.88318299753,7125.71660242066,3586.78529374087,7156.7365018604,3499.96315028054,387.340336521001,417.235053383792,342.499891696053,374.007075363665,797.952587057185,801.426260006763,0.00320745358391277,0.00292812869936705,2.0029798747982e-06,0.00110829442552602,0.00601464239618854,2.79858130810337e-05,2.02667039033263e-05,5.33832472507726e-09,6.36790408444727e-06,5.78063792322891e-05,-782.728011237327,0.0898870029878158,0.0681151497748556,0.9825,0.510738767264412
"sinusoidal",400,"sir_collapsed",23,8.994,3401.11287415056,3769.93608484409,2676.64711564094,2120.41629513482,7220.43631383463,3392.57118548543,7043.94260576586,3482.19547266104,378.153532816384,419.161228023581,297.603637496213,235.75898322602,802.805905474164,783.182411136965,0.00337330212453374,0.00301473314945267,2.42842935431654e-06,0.00112108283131795,0.00652088704592604,4.03621083849514e-05,2.08610034099316e-05,9.80224512567879e-08,4.84684782907314e-06,7.48763252361014e-05,-795.632968783065,0.0863156338114056,0.0701744718661093,1,0.518446236842551
"sinusoidal",400,"sir_collapsed",24,8.951,3350.29674030155,3477.60221897142,3113.62295904526,3001.42005951399,6900.6559827016,3208.9677577788,6868.93638254953,2955.12520850047,374.293010870466,388.515497594841,347.851967271283,335.316731037202,770.936876628488,767.393183169426,0.00255486109357459,0.00233080240423335,1.1720879087095e-06,0.000894503772259776,0.00466001815990438,2.73367670385943e-05,1.88048877782604e-05,6.23197702243945e-09,6.26906138637636e-06,5.14020071365853e-05,-774.975937419572,0.0621335369575373,0.0487335622278194,1,0.490441129725865
"sinusoidal",400,"sir_collapsed",25,8.923,3409.85260213421,3746.38730208432,3020.71321905881,3078.02630415918,6936.56522823956,3666.08333955825,6894.78424254274,3498.83316253602,382.141948014592,419.857368831595,338.531123955936,344.954197485059,777.380390926769,772.697998715985,0.00282507346472083,0.00257166388431266,1.56106455702764e-06,0.00101185980203953,0.00531184707576571,2.73445534473325e-05,1.96332823142925e-05,1.17211185231132e-08,6.34605933857128e-06,5.23711768368364e-05,-775.273749842668,0.129424527379993,0.102132301585609,0.96,0.504863796252895
"sinusoidal",400,"sir_collapsed",26,9.065,3178.44814700818,3310.56773869515,2992.19224164343,2416.03172327315,6801.17135391167,3257.44607966125,6705.68730338601,3100.54941800736,350.62858764569,365.203280606194,330.081879938602,266.523080339012,750.267110194337,739.733844830227,0.0026085559045693,0.00239683086723343,1.15919097792037e-06,0.00100964254480985,0.00474856575762538,3.34984668313556e-05,1.94608152927752e-05,8.13991905391587e-08,6.24992727268974e-06,5.83192623590861e-05,-766.597121868356,0.111342918304804,0.0907976985394023,0.9875,0.49922125104884
"sinusoidal",400,"sir_collapsed",27,9.011,2805.77947484478,3184.89916443383,2881.73882554103,1819.29245398247,6792.57089821082,2977.54078851005,6670.5403245418,2956.52536074752,311.372708339228,353.445695753393,319.80233331939,201.89684318971,753.808777961472,740.266377154788,0.00279314565325577,0.0025384845844203,1.49707802236289e-06,0.000960597670801492,0.00521183821476094,4.66085234643197e-05,1.99849819659067e-05,5.37762054149393e-07,5.79045401849899e-06,7.11694725893667e-05,-789.197887679676,0.103102939496093,0.0892915799787928,1,0.510999749012772
"sinusoidal",400,"sir_collapsed",28,8.952,3662.21437088227,3661.36489940706,3227.26781570613,2617.42073535021,7093.04432454285,3611.21826927281,7033.28683866728,3507.65197808951,409.094545451549,408.999653642433,360.508022308549,292.383906987288,792.34185930997,785.66653693781,0.00299160614499608,0.00268482314359363,1.82095216009665e-06,0.00107785376696911,0.00575039823834432,2.96832058109541e-05,2.02006454854297e-05,3.94795224429449e-09,5.72989880061377e-06,6.47535767055932e-05,-780.288689367214,0.0896508097482004,0.0653808338911524,0.985,0.50669746184047
"sinusoidal",400,"sir_collapsed",29,9.092,3036.57008582037,3383.06271711871,2875.38287659565,2232.80681939363,6818.4705480541,3259.82278317026,6804.38036872757,3211.07050960236,333.982631524457,372.09224781332,316.25416592561,245.579280619625,749.941767273878,748.392033516011,0.00281749119428512,0.00258701256848424,1.42969195902311e-06,0.00104109623779675,0.0051741174498363,3.63390734392107e-05,2.00117260079875e-05,4.10605182738376e-08,4.38690266811176e-06,6.26620528688583e-05,-772.504939184484,0.0946132275568468,0.0705177196307897,1,0.50841418660556
"sinusoidal",400,"sir_collapsed",2,9.092,3400.11918031498,3511.72836592447,3385.89994750058,2102.41582290503,6947.65472055759,3601.79440067352,6888.30372132728,3327.85910838605,373.96823364661,386.243770999172,372.404305708378,231.237991960518,764.150321222788,757.622494646643,0.00274235198531292,0.00250707003640465,1.40513006419321e-06,0.00102424426370736,0.00512443368886721,3.99297424100376e-05,1.94430142840535e-05,6.20927104582793e-08,3.85359356084805e-06,6.35508288234298e-05,-806.996769480726,0.104062941310295,0.085079217430284,1,0.490477699930165
"sinusoidal",400,"sir_collapsed",30,8.864,3155.71579898369,3493.34352930096,3181.62339893852,2075.56594204685,6861.09015518137,3418.10639411673,6801.51846378939,3326.92842253851,356.014869018919,394.104640038466,358.937657822486,234.156807541387,774.039954330028,767.319321275879,0.00264354013267712,0.00241178755379391,1.22758752434114e-06,0.000961454399021497,0.00477652573368462,3.72768494139866e-05,1.95821463740327e-05,5.90129345554987e-08,5.36786274242443e-06,6.72649991522492e-05,-805.843271522245,0.113771072786175,0.0855344931174824,0.9675,0.486843796277532
"sinusoidal",400,"sir_collapsed",31,9.073,3430.34249869221,3767.57589863049,3112.37865950482,3136.89742915594,7139.94377782416,3430.30592157742,7084.42354843592,3514.43124007286,378.082497375973,415.251394095722,343.037436295031,345.739824661737,786.944095428652,780.824815213922,0.00298160538742467,0.00271843323002038,1.6482500009635e-06,0.00104021797379996,0.00557591174022403,2.8875932039413e-05,1.99986467463529e-05,7.49947552380106e-09,7.20655379471511e-06,5.70561324909751e-05,-794.532481029334,0.0889293262970131,0.067392267548229,0.9625,0.499686723336411
"sinusoidal",400,"sir_collapsed",32,8.854,3365.57991324969,3763.26146960973,3080.28959963855,2281.99137692884,7017.61701605258,3606.54054747485,6838.93611471675,3328.43065270463,380.119710102743,425.035178406339,347.898079923035,257.735642300524,792.592841207655,772.412030123871,0.00277919913713855,0.00252831330311767,1.41380970799821e-06,0.000996233215654998,0.00514718517009402,3.70966288138424e-05,1.89353348578642e-05,6.18311112907746e-08,5.09327056360567e-06,5.99818381632207e-05,-811.184313161668,0.0731706813081705,0.057536069783954,1,0.498579548025731
"sinusoidal",400,"sir_collapsed",33,9.012,3609.94817408982,3932.38209241657,2202.68995150109,2752.06188604501,7309.34231589108,3859.40633665372,7092.31616832874,3555.96656744471,400.571257666424,436.349544209561,244.417438027195,305.3774840263,811.067722580013,786.985815393779,0.00356748159181675,0.00316520847497878,2.89976789760797e-06,0.0010668080444189,0.00693144624010303,4.40430743764131e-05,2.16720374828048e-05,1.05742885874489e-07,5.7683646365647e-06,6.96606359575151e-05,-798.791660119801,0.124858362797678,0.0911504254807218,0.9475,0.530204625763284
"sinusoidal",400,"sir_collapsed",34,9.047,2656.43291772139,2806.73873994757,3092.92701902423,2103.143406137,6666.0312568518,2858.13343512666,6637.98658732326,2687.51768348552,293.625833726251,310.239719238153,341.873219744029,232.468598003427,736.822289913983,733.72240381599,0.00264276864632625,0.00241439776586744,1.24433575650726e-06,0.00101214376542298,0.00490859385545671,4.20225388442523e-05,2.01127746120954e-05,9.97298386814389e-08,5.47018120444719e-06,7.42574033848121e-05,-800.538278004555,0.100322917074366,0.0842930059056213,0.975,0.489934509658106
"sinusoidal",400,"sir_collapsed",35,8.958,3345.33213893631,3600.84195439121,3093.57550801094,2269.09027482716,6904.37071606527,3194.45467912584,6879.54545754601,2951.2014636558,373.446320488536,401.969407723957,345.342208976439,253.303223356459,770.749131063325,767.977836296719,0.00279298262530075,0.002549175738479,1.47376658040524e-06,0.00101107328082649,0.00525245262009993,4.2199781111799e-05,1.94490971463027e-05,1.01866027525725e-07,5.07154427219539e-06,6.99473106319554e-05,-765.981321890739,0.108789201259396,0.0903361454970008,1,0.508864084653549
"sinusoidal",400,"sir_collapsed",36,8.91,3768.52019659075,3548.32203027562,3076.98286533045,2924.13346935477,6981.93819565302,3309.38487056966,6990.6292917393,2983.97117347684,422.954006351374,398.240407438341,345.340388925977,328.185574562825,783.606980432437,784.582412091953,0.00279787014370095,0.00254276796921259,1.46047839915013e-06,0.00102975048941426,0.00520454842735991,2.83673720313273e-05,1.96788070932767e-05,5.83590956838948e-09,6.67920986956563e-06,5.30607767613169e-05,-794.593132779018,0.132847193747815,0.111593461553076,1,0.494996696041976
"sinusoidal",400,"sir_collapsed",37,9.093,3034.73911759599,3416.10880387244,3237.53373558277,2323.7312408072,6980.34353598291,3220.03072800994,6883.38143126447,3282.48976527824,333.74454169097,375.685560746996,356.046820145471,255.551659607083,767.661226875938,756.997847934066,0.00286176860214073,0.00261121084150739,1.54142678161424e-06,0.000982767411576833,0.00532611845409786,3.69757745009448e-05,1.99634727614845e-05,5.90512976777456e-08,5.29226783708584e-06,6.69876705398767e-05,-775.461743117928,0.103183109451358,0.0790769932233349,0.975,0.502905211845565
"sinusoidal",400,"sir_collapsed",38,8.922,3344.52577407248,3432.01569051058,2999.19033839855,3599.77171063786,7151.55057347917,3562.64504510198,7126.43481945506,3309.58254556254,374.862785706398,384.668873628175,336.156729253368,403.471386531928,801.563615050345,798.748578732914,0.00324095717262231,0.00295855408961758,2.1035248843832e-06,0.00100424535174884,0.00608084978379651,2.69343477450482e-05,2.10038380441292e-05,1.17648110339189e-09,6.06646170143946e-06,5.60102393215707e-05,-791.563913301768,0.146475525840973,0.126382071496778,0.9775,0.518068801056236
"sinusoidal",400,"sir_collapsed",39,8.993,3535.86614451184,3668.15329819399,2789.92453323685,2525.44394224763,7275.74952234917,3918.70031258295,7118.70213217644,3485.59969292286,393.179822585548,407.889836338707,310.232907065145,280.823300594644,809.045871494404,791.582578914316,0.00354375624525545,0.00320286531810128,2.52941801289854e-06,0.00116068711976657,0.00664809933137206,3.76931763907888e-05,2.1779258814699e-05,5.12970723747541e-08,4.64837171807911e-06,7.13080839818507e-05,-781.419932776392,0.0913973046820771,0.0776754177124886,1,0.525161949172777
"sinusoidal",400,"sir_collapsed",3,9.222,3599.03552222198,3907.31027376495,2624.74203941466,2194.05565519192,7132.45933276718,3534.04719875331,6865.88028592131,3288.49942148486,390.26626786185,423.694456057791,284.617440838718,237.915382258938,773.417841332377,744.510983075397,0.00331108032942746,0.00296910455980693,2.47985722734176e-06,0.00103214538995881,0.0065902459493201,4.56742149609465e-05,2.08047352901129e-05,7.64764496504011e-08,4.53704431394011e-06,7.65802398929699e-05,-811.79725851733,0.094071711939387,0.076958430977714,1,0.519062808144432
"sinusoidal",400,"sir_collapsed",40,8.943,3629.27963230564,3816.51821369998,3097.46741412852,2671.70521603919,7220.03114445577,3624.15749265398,7054.16665469095,3314.40062675538,405.823508029256,426.760395135858,346.356638055297,298.748207093726,807.338828631977,788.791977489763,0.00300762201046194,0.00272037412768703,1.80196756962948e-06,0.000973371334324595,0.00567389816439101,3.05679183644816e-05,2.01773347788478e-05,1.29894405031149e-08,5.7183865664164e-06,5.63055547836992e-05,-784.996729478674,0.0862902594478371,0.0685121921617627,0.9975,0.502025601302142
"sinusoidal",400,"sir_collapsed",41,9.087,3769.04659528149,3811.31775134372,2684.51826765046,2494.73742824706,7106.3763675585,4027.27041224569,6994.45755811399,3420.90965351055,414.773478076537,419.425305529186,295.424041779515,274.539168949825,782.037676632387,769.721311556508,0.00313400602585529,0.00283682617771388,2.09682038729784e-06,0.00109957027922106,0.00593012530264367,3.41704637477675e-05,2.05867227510008e-05,1.65853040882586e-08,6.09562721890462e-06,6.43874432337134e-05,-805.375041546292,0.0799506448707174,0.062611342322089,1,0.50930357520916
"sinusoidal",400,"sir_collapsed",42,8.864,3262.16361193416,3355.93444626297,2777.56118830984,2911.51068646953,6804.84657734756,3537.62948027229,6756.02784804364,3064.59141338092,368.023873187518,378.602712800425,313.353022146868,328.464653256941,767.694785350582,762.18725722514,0.0025720969751679,0.00235619842684747,1.15801960215005e-06,0.000951614915165997,0.00473893108814067,2.82078312101523e-05,1.97363238757198e-05,2.19477691818464e-08,6.46141154125027e-06,4.8662616993064e-05,-795.627195066979,0.109088639362439,0.0912517797169705,0.96,0.484521723277754
"sinusoidal",400,"sir_collapsed",43,8.986,3005.10550967701,3514.22907761273,3840.09709321611,2906.86532819036,7025.96637730954,3217.61196232524,6920.69660056363,2995.66321010934,334.420822354441,391.07824144366,427.342209349668,323.488240395099,781.879187325789,770.164322341824,0.00261132557214603,0.00240732844786516,1.13555708296981e-06,0.00100672366086859,0.00479245671087374,2.73778354217855e-05,1.92754214599429e-05,5.14356281745228e-09,5.90486102763707e-06,5.36128951348399e-05,-786.918404448847,0.093124145720983,0.0766885927066441,0.9975,0.489508109666396
"sinusoidal",400,"sir_collapsed",44,9.361,2625.64054686834,3033.54809615298,3177.84772255352,2642.67751608968,6914.14802388247,2816.72187603925,6767.86636570431,2955.18635949248,280.487185863512,324.062396768826,339.477376621463,282.307180439021,738.612116641648,722.985403878251,0.00273246208790717,0.00248688565534206,1.36455573542858e-06,0.000986842451698207,0.00506367658108998,2.74714210517391e-05,2.03543516513786e-05,4.65201874655293e-09,6.7960383821927e-06,5.31554529019425e-05,-776.734145165599,0.11119062774777,0.0831410810605862,0.9625,0.500353550769865
"sinusoidal",400,"sir_collapsed",45,8.812,3473.90290649426,3501.12448025265,3157.94257856622,2388.29998482303,6997.24180442639,3764.24506164611,6993.93377293216,3356.18367306784,394.224115580375,397.313263759947,358.368426982095,271.028141718455,794.058307356604,793.682906596931,0.00275664051494636,0.00252773125078274,1.35593198581945e-06,0.000946719449477877,0.00507316704017417,2.98417535904711e-05,1.99730823248818e-05,1.40424260677445e-08,5.94246692253263e-06,5.58310899026657e-05,-782.907222600537,0.107937084691651,0.0760442681301385,0.9625,0.490318781263624
"sinusoidal",400,"sir_collapsed",46,9.297,3086.2280730875,3283.97693677986,3158.21231114013,2562.43188405276,6921.48046352062,3259.09722160949,6784.6889918974,2890.24159063857,331.959564707702,353.229744732694,339.70230301604,275.619219538857,744.485367701475,729.771861019404,0.00268395603270977,0.00246639165653576,1.31191885611468e-06,0.000971255581797713,0.00500095472827685,3.17251638842861e-05,2.0259221116966e-05,2.93572132442863e-08,5.96202507184049e-06,5.837031579136e-05,-806.923706774893,0.0995527991129037,0.0720331832990244,1,0.491962198125102
"sinusoidal",400,"sir_collapsed",47,9.028,3273.57427958031,3635.32861727757,3084.462646649,2642.39455296071,6914.76335037365,3618.58535976342,6858.95488026871,3428.50920618499,362.602379218023,402.672642587236,341.655144732942,292.688807372697,765.924163754281,759.742454615498,0.00266117307838272,0.00241159153197,1.36613193799419e-06,0.000872874875728152,0.00499077010679311,3.11022880892181e-05,1.90371476346848e-05,3.70304351859541e-08,5.06525731392308e-06,5.40471284157688e-05,-798.038113401441,0.084322220023151,0.0628789529194523,1,0.491988430925292
"sinusoidal",400,"sir_collapsed",48,8.961,2668.9197542838,2800.90628345363,3493.09344967988,1963.27313982232,6742.87781770323,2875.77138248439,6613.67264183631,2416.79848216372,297.837267524138,312.566263079303,389.810673996192,219.090853679535,752.469346914767,738.050735613916,0.00244226412642909,0.00225668807440791,9.62116126519278e-07,0.000916567943313563,0.00439548338811945,3.48319165644613e-05,1.89573833338747e-05,4.67605295231248e-08,5.24513446468568e-06,6.08678741506766e-05,-800.448932307368,0.0764187729361225,0.0595289177565255,1,0.493780026622636
"sinusoidal",400,"sir_collapsed",49,9.003,2650.105299299,3021.28094369682,2815.91926905209,3471.21493625371,7056.70330034984,2827.30147314448,6927.70375526638,2720.1816643921,294.358025024881,335.586020626104,312.775660230156,385.562027796703,783.816872192585,769.488365574406,0.00283906058180146,0.00258449453826346,1.54622061998734e-06,0.000939037963177426,0.00531916338104112,2.53553439501012e-05,2.06816371544687e-05,9.5952094631363e-10,7.0516226489837e-06,4.90321158526372e-05,-786.015227272694,0.119704942439512,0.0964094973476623,0.9825,0.497034747868428
"sinusoidal",400,"sir_collapsed",4,9.365,3408.15277477295,3683.97321028433,3358.00621361539,4012.98460791663,7106.80033970622,3637.662397075,7092.74669134697,3294.9271934812,363.924482090011,393.376744290905,358.569803909812,428.508767529806,758.86816227509,757.36750574981,0.00284137762729228,0.0025847154137347,1.57229410467102e-06,0.0010025165661709,0.0053011499443873,2.28609827294626e-05,1.91398667288467e-05,6.70201957586582e-10,7.04755525879748e-06,4.3762575016379e-05,-784.894831616535,0.0712481735446698,0.0593895514331179,1,0.500943393648235
"sinusoidal",400,"sir_collapsed",50,9.237,2742.26352630281,2939.96163616329,3341.22991171626,2193.66284343936,6792.02961445185,3035.23429984295,6704.49033929943,2758.20194795743,296.878155927553,318.281004239828,361.722411141741,237.486504648626,735.306876090922,725.829851607603,0.00276958943709005,0.00251835582190077,1.43858494097662e-06,0.00102914721172766,0.00511132322695597,3.71039098905428e-05,1.99635212954964e-05,2.46833015175319e-08,5.72006499030456e-06,7.52456446077305e-05,-773.372418683399,0.132170003886742,0.0933277718733179,0.9475,0.506771297023145
"sinusoidal",400,"sir_collapsed",51,9.289,3558.18040553494,3887.39549592407,2859.84046732968,2441.50987360407,7233.46600469632,3392.02796808729,7145.76521212564,3511.33616141891,383.053117185374,418.494509196261,307.873879570425,262.838828033595,778.713102023503,769.271742074027,0.00342236184142301,0.0030875701509014,2.65280172395414e-06,0.00105040641109602,0.00667763172689064,3.77850070857875e-05,2.09705777051398e-05,5.65499865802643e-08,6.22309321143128e-06,6.95753800898156e-05,-804.567245304655,0.104926876709726,0.0809129232225549,0.9825,0.517864121907333
"sinusoidal",400,"sir_collapsed",52,9.117,2725.79840966066,3093.71363511807,3129.78811401497,2158.19755292164,6845.49290902783,2864.54766556941,6739.59252889678,2899.73988342367,298.979753171071,339.334609533626,343.291446091364,236.722337712146,750.849282552137,739.23357781033,0.00283732086555003,0.00258139567369042,1.51819222489004e-06,0.000961156725184904,0.00512099115918073,4.11305732283092e-05,2.1665429233021e-05,9.73356249284625e-08,5.22999317735254e-06,7.22494226191605e-05,-784.119026263152,0.132601910580609,0.107991369178259,0.9225,0.510373506842185
"sinusoidal",400,"sir_collapsed",53,8.995,3636.4773584972,3723.52463922061,2311.74621666681,2449.91798638874,7016.83553266089,3898.71068492897,6882.84360017188,3490.6871990779,404.27763852109,413.954934877222,257.003470446561,272.364423167175,780.081771279699,765.185503076363,0.00314981299121301,0.00285016006949342,2.0072892855235e-06,0.00102518831191409,0.00588772042686577,4.03188241833313e-05,2.15418666271003e-05,5.11241027122722e-08,5.69034520323046e-06,7.35823927104357e-05,-780.085138733114,0.100523279452127,0.0806563265813158,1,0.515857121653196
"sinusoidal",400,"sir_collapsed",54,9.136,3210.85457389856,3597.44696529594,2976.79584994294,2568.77705509525,7012.38347644812,3505.37338556025,6929.5330640773,3447.60580080434,351.450807125499,393.766086394039,325.831419652248,281.170868552458,767.555109068315,758.486543791298,0.00290767675400895,0.00266833702412952,1.58432904423589e-06,0.000928319749926362,0.00519775999676181,3.24637041080363e-05,2.07929655315083e-05,1.31652162079937e-08,6.39097981808858e-06,6.63636307537748e-05,-782.471890668497,0.0986120667657837,0.0810763016999271,0.98,0.498676790194079
"sinusoidal",400,"sir_collapsed",55,9.114,3333.72788451073,3621.67156014513,2713.41622004519,3633.30769586976,7187.96556251451,3597.28615182038,7041.34199487502,3320.76473136621,365.780983597842,397.374540283643,297.719576480709,398.651272313997,788.672982501044,772.585252893901,0.00289220365228702,0.00263356109156996,1.64767582988526e-06,0.000956495287163054,0.00539442956627706,2.59844969737644e-05,1.99671906746304e-05,2.61522335063072e-09,7.01414727860212e-06,5.25318399916463e-05,-775.210647910506,0.119551316896555,0.097855586198012,0.975,0.497332712070749
"sinusoidal",400,"sir_collapsed",56,8.929,3625.35710651368,3533.44013029826,2677.49871650901,2574.15492235015,7131.38405858925,3480.59429279287,7073.75246367578,3534.14421174088,406.020506945199,395.726299731018,299.865462706799,288.291513310578,798.676678081448,792.222249263722,0.00295758653413188,0.00267052544743053,1.75475978447317e-06,0.000930056965677236,0.00566573345740766,2.94263483671298e-05,1.96238690229352e-05,1.13380194516179e-08,6.39044633753886e-06,5.77232801103735e-05,-793.559873938014,0.0855370313182346,0.068841895905254,1,0.501878140258336
"sinusoidal",400,"sir_collapsed",57,9.176,3551.85452089405,3524.79774588508,2686.63818742944,2671.16189951572,7172.55723833494,3767.95448361295,7199.16515943207,3216.48694055573,387.080919888192,384.132273963065,292.78968912701,291.103084079743,781.664912634584,784.564642483878,0.00302471215646488,0.00274556318399571,1.77299403572317e-06,0.00105639117750352,0.00580587337326766,3.05495732154934e-05,1.93802363306614e-05,4.98332535041633e-08,6.72178919644834e-06,5.55930820470663e-05,-793.997198272916,0.0954263017134104,0.0741613632754984,0.9875,0.501965166064388
"sinusoidal",400,"sir_collapsed",58,9.384,3371.77234273011,3603.00676263387,3261.07486342261,2291.14646023388,6897.78670976273,3466.3727842184,6827.18278712374,3468.1060089566,359.310778210796,383.9521273054,347.514371634975,244.154567373602,735.058259778637,727.534397604831,0.00304138976025555,0.00275106277187737,1.84984665202428e-06,0.00100972775223623,0.00571861579632304,4.3910606614705e-05,2.04269385117387e-05,8.55079278024638e-08,4.86811090757515e-06,8.00158806201376e-05,-767.836629051025,0.102202605463855,0.0862178216253895,1,0.519208545527888
"sinusoidal",400,"sir_collapsed",59,8.997,3362.8358246649,3583.97418661822,2320.81428776596,2330.33905533571,7107.27245068201,3117.03571033778,7044.60364372388,2786.23562531959,373.77301596809,398.352138114729,257.954238942532,259.01289933708,789.960259051018,782.994736437022,0.00341763931129386,0.00301570160830968,2.73763989732436e-06,0.00104406357267438,0.00661103137433026,4.53164661559978e-05,2.12595460488701e-05,2.14761203057887e-07,5.13629932902796e-06,7.39672085185132e-05,-789.077460093607,0.109312550957612,0.0829633860088647,0.9875,0.524366488606614
"sinusoidal",400,"sir_collapsed",5,8.939,3339.70272731403,3503.71808368902,3415.74871111782,1963.92364074605,6975.3452038007,3335.63307343311,6972.24165588787,3250.35986180937,373.610328595372,391.958617707688,382.117542355724,219.70283485245,780.327240608647,779.980048762487,0.00283241888403517,0.00256983039239479,1.52400417582163e-06,0.00101366227313809,0.00530015650666267,3.3308634431381e-05,1.91601687622622e-05,1.92594079600758e-08,6.13364556635669e-06,6.01866315309161e-05,-787.57817549873,0.0991386568814037,0.0763697738715162,1,0.503805647623867
"sinusoidal",400,"sir_collapsed",60,9.308,2857.83024130756,3149.95240876744,2655.41917795881,2590.76485841978,7026.14045065216,3095.18154254962,6907.88614270507,2983.49201576768,307.029462968152,338.41345173694,285.283538671982,278.337436443896,754.849640164607,742.145051859161,0.00270179536877262,0.00247245865308909,1.2107360220348e-06,0.00105231731933307,0.00487364865643755,2.68169791824516e-05,1.89879636057265e-05,5.61469515927735e-09,5.92195094751116e-06,5.39062606343342e-05,-767.916448192265,0.101729802757214,0.0827242519248865,1,0.489524256297646
"sinusoidal",400,"sir_collapsed",61,9.203,2790.70923231351,3063.764586205,3251.4594810888,2655.1944988443,7023.50317509809,3015.99041571336,6894.75372615501,2866.23029180211,303.239077726123,332.909332413887,353.304300889797,288.514017042736,763.17539662046,749.185453238619,0.00279657880351583,0.00252753022253489,1.52610991353784e-06,0.000972004300386869,0.00521093197383518,3.3287973252902e-05,2.04057320278253e-05,2.66557176566849e-08,5.40917757693506e-06,5.7779865993355e-05,-790.126002104785,0.117418023599249,0.102590906301013,0.9975,0.50025267723902
"sinusoidal",400,"sir_collapsed",62,8.971,3230.84943800757,3344.70478406086,2989.90630362128,2496.28772313189,7207.51559514058,3608.49326025817,7146.59639594839,3075.89150181213,360.143734032725,372.8352228359,333.28573220614,278.261924326373,803.423876395115,796.633195401671,0.00330186715834731,0.00294286210500032,2.48470027384438e-06,0.000985592282320769,0.00631594199431288,3.84950624698537e-05,2.00416635958928e-05,1.15181447119238e-07,5.73116911099167e-06,6.20655792431387e-05,-803.392737676409,0.0830386517437577,0.0615788499308825,0.99,0.519524460824018
"sinusoidal",400,"sir_collapsed",63,9.362,3271.51294242083,3940.20732389503,2907.51527242865,2750.33003091412,7012.33074780819,3521.1094362097,6996.04157513808,3610.14143244883,349.445945569411,420.872390930894,310.565613376271,293.775905887003,749.020588315337,747.280663868627,0.00308229051842726,0.00276834473834252,1.87486153895602e-06,0.0010725630419994,0.00580722506727214,3.51760345629632e-05,2.01155907358217e-05,3.38300963188422e-08,5.40876872711361e-06,6.3452721159147e-05,-769.367272469422,0.0990376965341567,0.079230127880719,0.99,0.515125163612077
"sinusoidal",400,"sir_collapsed",64,9.02,2403.50327875733,2432.53627793081,3269.29278429001,1949.57548665622,6746.65091200956,2594.00841791934,6579.09205521909,2408.53510044579,266.463778132742,269.682514183017,362.449310896897,216.139189208007,747.965733038754,729.389363106329,0.0025007160257026,0.00229102758856835,1.07141732669495e-06,0.000835404628237709,0.00449815432221432,4.30429631620289e-05,1.95537986352743e-05,1.27085892464551e-07,6.28925956881768e-06,6.95581375225748e-05,-777.803228094009,0.079846815757653,0.0674505817031014,1,0.488408552446509
"sinusoidal",400,"sir_collapsed",65,8.929,3085.31835482162,3228.42333413023,3431.33338054459,2754.86806917631,6862.70434692363,3095.48188963425,6768.12260001053,3078.75019242342,345.539069864668,361.56605825179,384.290892658147,308.530414287861,768.585994727699,757.993347520498,0.00246252272903823,0.00224483373174169,1.02910403996813e-06,0.000860760006107293,0.00437883572256131,2.77739963743147e-05,1.8746851237969e-05,1.9086130540798e-08,5.75354888629291e-06,4.8715786766126e-05,-787.859317095291,0.096201069068614,0.0784192848991483,1,0.482728944332181
"sinusoidal",400,"sir_collapsed",66,9.125,3452.10403365263,3385.02567795765,2920.7174375399,2941.1626142669,7125.0187053296,3801.59799498403,7032.52395701677,3349.1024809495,378.312770811247,370.961718132346,320.078623292044,322.319190604591,780.823967707354,770.687556933344,0.00293606726049199,0.00263734213652906,1.70990227362596e-06,0.00110136842817389,0.00566425697833916,3.23435703426805e-05,1.97727606872353e-05,3.91514662456672e-08,5.994334518529e-06,5.62856285957982e-05,-794.975500099755,0.0858121322285347,0.0720727677785702,1,0.505966757335033
"sinusoidal",400,"sir_collapsed",67,9.381,3517.26629343289,3462.29563749341,1707.8996523082,2130.38150093907,6898.99834694784,3271.79358370009,6648.09015024017,2960.92764884149,374.935112827298,369.075326457031,182.059444868159,227.09535240796,735.422486616335,708.676063345077,0.00284256372628632,0.00258263808030147,1.47552724237206e-06,0.00102220001422135,0.00513048372414975,3.29778859734813e-05,1.96237955043431e-05,3.52217700706268e-08,5.68973795889158e-06,5.98244678653322e-05,-811.364546465962,0.0972485010627381,0.0801408700715019,1,0.496812472285316
"sinusoidal",400,"sir_collapsed",68,8.89,3087.12601027409,3542.31100032613,3219.33325524655,2768.49052174398,6795.48966967692,3145.81685388883,6764.2813800745,2913.94935563039,347.258268872226,398.460180014188,362.129724999612,311.416256664115,764.397038208878,760.886544440326,0.00239301800259975,0.00220392934277249,9.25271908764466e-07,0.000854757152832073,0.00432642228074683,2.42909477477816e-05,1.84984685169707e-05,3.14113205780256e-09,6.24951506319345e-06,4.62574030716291e-05,-799.697590032223,0.098730020096887,0.0774480461337187,1,0.479974350819755
"sinusoidal",400,"sir_collapsed",69,8.942,3523.02182700086,3137.13772424381,2478.09293998405,2919.0251457641,7032.55084375952,3073.03150614696,6880.16419106597,3076.27028188899,393.985889845769,350.83177412702,277.129606350263,326.439850789991,786.462854368097,769.421179944752,0.00296340304180562,0.00269894721515649,1.65748069428891e-06,0.00100614569270765,0.00549948819439458,2.95195638966693e-05,2.04772249963298e-05,5.83469988257375e-09,5.92743955132852e-06,5.72614851816491e-05,-790.869421115785,0.109180430095433,0.0850175046605217,0.9825,0.505516942799647
"sinusoidal",400,"sir_collapsed",6,8.952,3289.13058714017,3349.43985591004,2726.76453292056,2731.64420169144,7333.25663980059,3620.91449934231,7309.89079186153,3174.8355522175,367.418519564363,374.155479882712,304.598361586301,305.14345416571,819.175227859762,816.565101861207,0.00384715018290072,0.0033960130737615,3.53035386095639e-06,0.00120237395557137,0.00774948925674915,4.52526779973976e-05,2.25399387332183e-05,3.56946671451237e-07,5.80616809462935e-06,7.4836988227977e-05,-783.746208565944,0.137879013793546,0.11273463354448,0.9775,0.542617543088955
"sinusoidal",400,"sir_collapsed",70,9.004,3168.57785711859,3753.57644429629,2654.16272528987,2262.97586332081,6973.9599153908,3397.61415236398,6870.11801099444,3278.51794233847,351.907802878564,416.87876991296,294.775957939791,251.33006034216,774.540194956775,763.007331296584,0.0028727859633371,0.00259587529113385,1.60280643648993e-06,0.00101650092316146,0.00536670828190804,3.54984512098519e-05,1.94897932069934e-05,8.82143139398699e-08,6.10880638000371e-06,6.3147273367999e-05,-789.16348204712,0.102157164321192,0.0831102867386698,1,0.504131537952572
"sinusoidal",400,"sir_collapsed",71,8.943,3059.23947436327,3407.82251691203,3143.86713128092,2945.99282790587,7016.64106860845,3071.32948831387,6930.27539210429,3122.46941521166,342.082016589877,381.060328403447,351.545021947995,329.418855854396,784.595892721508,774.938543229821,0.00284010364720055,0.00257209280710252,1.53271181049961e-06,0.000943851606323436,0.00526703633358953,3.07030279235155e-05,1.96866910218503e-05,5.88551643970645e-08,6.49070793979369e-06,5.2435736695579e-05,-786.550200937778,0.109446570411009,0.0886139570654619,1,0.496016267128618
"sinusoidal",400,"sir_collapsed",72,8.848,3197.47170199893,3237.76283941387,3331.95477689672,1868.47255031622,6874.16163989744,3596.73590916224,6708.71676047863,3054.04534970102,361.37790483713,365.931604816215,376.577167370787,211.174564909157,776.917002700886,758.218440379591,0.00255925242907628,0.00232654663839264,1.20607373963131e-06,0.000823461102315144,0.00474959574969976,4.74695758340626e-05,1.84622275243378e-05,1.65860177115647e-07,5.54391425317459e-06,7.50148067355204e-05,-840.834294712135,0.0733842527302094,0.0601073654564077,1,0.487889399566792
"sinusoidal",400,"sir_collapsed",73,8.829,2961.07114134119,3498.21314481258,3510.94197732169,2212.98281729453,6698.55589962544,3169.02268079879,6541.50071830266,3167.58604952514,335.38012700659,396.218500941508,397.660208100769,250.649316717015,758.69927507367,740.910716763242,0.00250035910962831,0.00232586827172777,1.01151371358462e-06,0.000906644583323539,0.0044587055654856,3.86810245819038e-05,1.99989135431716e-05,6.63348483737294e-08,6.11526853900108e-06,6.43933697959618e-05,-772.513002350907,0.0971020627694212,0.0763801650314419,1,0.490663891745503
"sinusoidal",400,"sir_collapsed",74,9.312,3236.43784192799,3234.79433675585,2790.30263475694,2855.05896184468,7215.05121631012,3498.98900236159,7057.88757305859,3100.55659377004,347.555610172679,347.379116919658,299.645901498812,306.599974424901,774.812201064231,757.934662055261,0.00296269557938571,0.00270226092510073,1.7306182712053e-06,0.0010043033482276,0.00559002794015195,3.14521714904881e-05,2.00635267782638e-05,1.21690731024048e-08,4.99310384336894e-06,5.63124939038352e-05,-795.623518458504,0.0997039408237115,0.0797573301363489,0.9975,0.500620864183466
"sinusoidal",400,"sir_collapsed",75,9.205,2734.24782496437,3294.83700007978,3286.16932768011,2449.01805168841,7020.61732352438,2895.01988268203,6955.4630142537,3141.55801720705,297.039416074347,357.939923963039,356.998297412288,266.053020281197,762.696069910308,755.617926589212,0.00276486864960264,0.0025461126561927,1.42763845321746e-06,0.000929470189102463,0.00511902692434413,2.99939834973974e-05,1.97031160898901e-05,7.61310057293866e-09,5.3850038516448e-06,5.70528095965651e-05,-792.486468648583,0.0964861671975339,0.0705207543841046,1,0.489086603118459
"sinusoidal",400,"sir_collapsed",76,9.162,3154.02503332737,3397.63268237688,2992.65530362844,2018.14844205622,6857.49119317166,3439.67879574337,6676.70763375889,3224.81703928552,344.25071308965,370.839629161415,326.63777599088,220.273787607097,748.470988121771,728.739099951854,0.00284230893484217,0.00257408345948662,1.47721789917341e-06,0.000949392728843144,0.00519851487085543,3.99048040355215e-05,2.07282091197533e-05,1.10284293730742e-07,5.29676738536261e-06,6.7754946504989e-05,-765.160795953777,0.100446560150199,0.084140655578477,1,0.508678824470017
"sinusoidal",400,"sir_collapsed",77,9.025,3226.42449439453,3360.42606484839,3500.48198140368,3044.83368193893,7041.9249463964,3487.08535563024,7027.52627300572,3296.8762148664,357.498558935682,372.346378376553,387.865039490712,337.377693289632,780.268692121485,778.673271247171,0.00279111495902674,0.00257085184332867,1.40711737022422e-06,0.000982697493869568,0.00513695918182931,2.72258379119455e-05,1.97336853605396e-05,7.13217343911074e-09,6.35545565845413e-06,5.16307572149635e-05,-778.546438250524,0.124433563025613,0.10026804054555,0.9675,0.499310936784973
"sinusoidal",400,"sir_collapsed",78,9.154,3173.07547604822,3776.16898789805,3303.31158089454,2605.48653546114,6943.65418833818,3009.58973978409,6846.36248770215,3176.1998050995,346.632671624232,412.515729506014,360.859906149721,284.62819919829,758.537709016625,747.909382532461,0.00282378827987545,0.00257991860202896,1.44633879314463e-06,0.00104873471574208,0.0052673395252772,2.92247208838801e-05,2.05374320689834e-05,5.65724143127423e-09,6.13136564983359e-06,5.84992550878411e-05,-769.324417994873,0.125023680988826,0.0906058960976856,0.9575,0.510457656899246
"sinusoidal",400,"sir_collapsed",79,8.986,3500.10938463161,3901.5359669118,2123.57873397841,2742.71387396426,7123.59583477036,3366.31548172735,6997.26297025547,3316.09832732613,389.506942425063,434.17938648028,236.32080280196,305.220773866487,792.743805338344,778.684951063373,0.00321452745310239,0.00289101859224856,2.30836208486043e-06,0.00103148196871012,0.00617157794103887,3.26948508831667e-05,2.0551937376545e-05,1.64948962478054e-08,6.27912639195358e-06,5.7700042360728e-05,-787.978781783091,0.13178023335578,0.105485869556472,0.965,0.52223168345214
"sinusoidal",400,"sir_collapsed",7,8.966,3392.42678121653,3370.69623709843,2050.41095004174,2142.77194962179,6979.70254383929,2842.88575891348,6696.81933265082,2883.11349545134,378.365690521585,375.942029567079,228.687368954019,238.988618070689,778.463366477726,746.912707188359,0.00299562531190944,0.00272894700059461,1.74316751257377e-06,0.00106717363018426,0.00569110416997426,3.33866989222191e-05,2.14795255805578e-05,2.05299157051432e-08,6.44427881457131e-06,6.33852015826862e-05,-783.134000674975,0.125388248537655,0.0962914182104769,0.98,0.513198317444915
"sinusoidal",400,"sir_collapsed",80,8.945,3031.92151584118,3411.26428151248,2738.17224604204,2480.39014520624,7004.70862299199,3132.6178305209,6847.17870590235,2922.46437859876,338.951538942558,381.359897318332,306.112045393185,277.293476266768,783.086486639686,765.47554006734,0.00299735037008272,0.00274945997992776,1.67796660750154e-06,0.00100835812748411,0.00549652698371412,3.32085006107996e-05,2.08346749213488e-05,8.06540428397181e-09,6.31607074401527e-06,6.53945117880336e-05,-788.15893158909,0.0994767288542101,0.0750331135791812,0.9875,0.507757990431441
"sinusoidal",400,"sir_collapsed",81,8.925,3313.64711089001,3131.75275652125,2967.64014689677,3441.5912493892,7233.5917755409,3631.44311949656,7193.42466320092,2918.44508603274,371.276987214567,350.896667397339,332.508699932411,385.612464917557,810.486473449961,805.985956661168,0.00287493453898408,0.00260175705578587,1.59397697000041e-06,0.000959458956030707,0.00540156485393489,2.5891046254985e-05,1.8996298974234e-05,7.55673315567821e-09,7.48090793049277e-06,4.8080160735471e-05,-772.678498596252,0.136148294539141,0.112691085496046,0.9425,0.501396914706292
"sinusoidal",400,"sir_collapsed",82,8.965,3098.41799738974,3432.72875336829,3031.04361752634,2653.15431829505,6985.56591997195,3266.01133163091,6901.03473928031,3249.75158464003,345.612715827077,382.903374608844,338.097447576837,295.945824684334,779.204229779359,769.775207950955,0.00292190811950897,0.0026713712910345,1.55383154176918e-06,0.00105510590407073,0.00547279152024444,3.20226238092704e-05,2.03559371596695e-05,1.12986440614695e-08,5.53969047122299e-06,6.16037187344058e-05,-783.642705124211,0.0880597532977584,0.0687028687033947,0.9825,0.508632985439901
"sinusoidal",400,"sir_collapsed",83,9.217,3459.78899473293,3908.805926387,2645.70137955954,2412.84904543167,6998.36894189488,3402.15070783992,7024.36065760966,3364.47301945833,375.370401945637,424.086571160573,287.045826142947,261.782472109327,759.289241824333,762.10921749047,0.00308935397017549,0.00280039749368466,1.95586745810907e-06,0.000961892070298938,0.00567699816231086,4.05141846060887e-05,2.07780161150423e-05,5.38639680938795e-08,5.12465176672777e-06,7.06009107124668e-05,-777.214046595186,0.106732932359292,0.0885600667673618,1,0.508567717648528
"sinusoidal",400,"sir_collapsed",84,8.942,3064.99743585384,2991.02332948138,2647.38527209777,3255.45438676583,6862.06747061393,3233.69881877153,6774.36065332561,2644.46668529643,342.76419546565,334.49153762932,296.06187341733,364.063340054331,767.397391032647,757.58897934753,0.00269754714837937,0.0024515517527825,1.37000167551005e-06,0.000921636656498619,0.00500171883534447,2.64473051135751e-05,1.99754772259391e-05,2.50025887028996e-09,6.39931881283797e-06,5.11451134786135e-05,-779.904086703929,0.108894989078448,0.0873801189030697,0.9925,0.499107573062352
"sinusoidal",400,"sir_collapsed",85,8.945,3431.66925195137,3943.72372528849,2649.43626045584,2225.38795220955,6967.94244513528,3438.47462424054,6828.82437797307,3280.49587401428,383.641056674273,440.88582731006,296.191868133689,248.785684987094,778.976237578008,763.423630852215,0.00277890182000563,0.00252896255523152,1.3690197847099e-06,0.000956875016277844,0.00504241363924262,3.40626901340118e-05,1.98807504948668e-05,2.04055879663872e-08,4.57217304196608e-06,5.85853612507196e-05,-786.588700244736,0.115709230118541,0.092064279720619,1,0.500833177858398
"sinusoidal",400,"sir_collapsed",86,8.936,3526.67305853889,3381.47089741958,3031.24238343378,2152.97457379908,6890.72197199333,3662.96885545416,6909.3842187123,3308.95333248158,394.659026246519,378.409903471305,339.216918468418,240.932696262207,771.119289614294,773.207723669684,0.00269745909112668,0.00244565139151223,1.44532543154839e-06,0.000922087400356727,0.0049738036217203,2.85930482006711e-05,1.94168742298754e-05,2.44084666025387e-08,6.92891428865092e-06,5.35865207715e-05,-788.509882271272,0.0936451954474749,0.0733559406254862,0.9625,0.495298320475417
"sinusoidal",400,"sir_collapsed",87,9.061,2666.40151266397,3430.11696648275,3229.95399158894,2164.58153850702,6959.817803766,2756.54100544376,6910.46084387424,2822.76706915944,294.272322333514,378.558323196419,356.467717866565,238.889917062909,768.107030544752,762.659843711978,0.00271559106050549,0.00247381392087847,1.3276333994176e-06,0.00103850186898278,0.00506513136673736,3.15140607533182e-05,1.97258458139802e-05,7.76684529382336e-09,5.1986280440946e-06,6.0419284693042e-05,-804.903347616431,0.0991441311973722,0.0820833576105689,1,0.489511663643839
"sinusoidal",400,"sir_collapsed",88,8.851,3101.53049433913,3153.36234790638,3257.00456582358,2576.12615195401,6878.43939100649,3249.03456279664,6847.73534478299,2910.3452213493,350.415828080345,356.271872998122,367.981534947868,291.054813236245,777.136977856343,773.667986078747,0.0027582328560308,0.00250210196769177,1.42903701588124e-06,0.000924102049007826,0.00512293314603437,2.85077433133196e-05,2.05808514293968e-05,2.81508948654603e-08,6.81663071554624e-06,5.31618210605516e-05,-811.541075572063,0.108916940505222,0.0823094249800153,0.96,0.495554060628137
"sinusoidal",400,"sir_collapsed",89,9.228,3555.10903125645,3546.39231437399,2927.03431751997,2167.3586058799,6990.71287866939,3000.41047813407,6892.78273928196,2825.35971675393,385.252387435679,384.307793061768,317.190541560465,234.867642596435,757.554494870978,746.942212752705,0.00282984348724524,0.00255691810624118,1.55474458452531e-06,0.0008862445811169,0.00523086978016072,3.19548786515135e-05,1.95555601514497e-05,1.29022840754345e-08,4.92585224203346e-06,6.13262556548104e-05,-797.587228976394,0.113895639273097,0.0892317984134287,1,0.505167332416016
"sinusoidal",400,"sir_collapsed",8,9.186,3673.64956400451,3957.74184102712,3265.96631040873,3005.35694597677,6981.03182411454,3887.49852280757,6924.80637134479,3728.95332369751,399.918306553942,430.844964187581,355.537373221068,327.16709623087,759.964274342971,753.843497860308,0.00283461720768495,0.00258245389884616,1.50260252845295e-06,0.00098170386525114,0.00531800478818671,2.92234773229107e-05,2.04199116468131e-05,3.96125918950479e-09,5.29371357249645e-06,6.0185585894874e-05,-774.678595641581,0.11897659966399,0.0898703655171023,0.975,0.501983947918352
"sinusoidal",400,"sir_collapsed",90,9.124,3513.11309925755,3716.44647245043,2367.62149025085,2278.72981092896,7290.85615853117,3786.08105212644,7250.93007267945,3651.55286178616,385.040892071191,407.326443714427,259.493806472035,249.751184889189,799.085506195876,794.709565177493,0.00354234651315693,0.00313876028404677,3.15301006376233e-06,0.000991307450497429,0.00701351140306473,5.27780908494618e-05,2.01234275851727e-05,6.7409153816516e-07,6.2442762802616e-06,7.36634960094684e-05,-813.627172756615,0.0932700439377899,0.0802300279355081,1,0.525671662206084
"sinusoidal",400,"sir_collapsed",91,8.904,3126.93688400903,3705.56245970488,2857.14240996244,2333.07868585226,6871.28475776793,3229.16990855537,6823.59221362814,3327.45390125529,351.18338769194,416.16829062274,320.883019986797,262.025908114584,771.707632274026,766.351326777644,0.00292535666577571,0.00264882288761541,1.62124901292637e-06,0.000966000287990215,0.00539234628621295,3.57542145702849e-05,2.0502860901194e-05,9.25951000966092e-08,5.33514326241395e-06,5.79977032105238e-05,-792.135423393757,0.119803935825849,0.0970536659957978,0.97,0.508197648421489
"sinusoidal",400,"sir_collapsed",92,8.922,3336.08847501976,3410.88052219281,3465.55643600946,2854.44661565806,7077.44744867459,3672.8452171995,6961.11773151553,3287.20547129153,373.91711219679,382.299991279176,388.428203991197,319.933492003818,793.257952104303,780.219427428326,0.0028568963631199,0.00260982497665492,1.46556824837801e-06,0.00097008339039265,0.00524544298125014,2.85743495983154e-05,1.9426730600302e-05,5.19404328783385e-09,6.22020887285758e-06,5.64109836402768e-05,-777.545698527189,0.104106091598558,0.085748416201818,0.985,0.498775378225279
"sinusoidal",400,"sir_collapsed",93,8.868,3582.55158811827,3324.74004348479,2561.32976585079,2169.19232824337,7131.45948826214,3514.98696099126,7047.06471774692,3441.76062036282,403.986421754428,374.914303505277,288.828345269597,244.608968002184,804.179013110299,794.662237003487,0.00334917230199562,0.00298627550907526,2.59182925107857e-06,0.001210138942636,0.00674342609286563,6.01638151105467e-05,2.04746518188655e-05,8.95186599630827e-07,4.82795686701537e-06,7.32761007808145e-05,-808.466409904786,0.0847347054856989,0.0686432295030745,1,0.515606339427088
"sinusoidal",400,"sir_collapsed",94,9.063,3396.49221411664,3542.37515377999,2864.97299266644,3360.33309951416,7045.08320491017,3656.82096443409,7049.32735549697,3218.69413062283,374.764671093086,390.861210833056,316.117509948852,370.774919950806,777.345603542996,777.813897770824,0.0028883267648726,0.00260434130032576,1.72842747006438e-06,0.000965705915219637,0.00548996873031773,2.52017412262278e-05,1.93501103439951e-05,1.52596655655347e-09,5.64621475328242e-06,5.05579007641933e-05,-799.095565014425,0.0836674437256023,0.0643263873041132,1,0.502243172800096
"sinusoidal",400,"sir_collapsed",95,9.406,3090.45988596015,3447.44425690444,2615.43812244793,2409.40014656006,7124.08050711185,3194.10116609452,6965.55031493246,3348.87583065491,328.562607480347,366.515443004937,278.060612635332,256.155660914316,757.397459824777,740.543303735111,0.00332366786695972,0.00299906512089986,2.37459763278843e-06,0.000964040317370576,0.00625493340103663,4.02581754481568e-05,2.19539030661248e-05,7.57633886657846e-08,5.94696506284234e-06,7.23914533668886e-05,-780.373555574659,0.147635111263884,0.11629233997244,0.9,0.520752219353378
"sinusoidal",400,"sir_collapsed",96,8.902,2989.78888814766,3192.42623660866,3363.16103890081,2028.96683943251,6869.06891993191,3176.42758902699,6779.39716062344,2894.30935936171,335.855862519396,358.618988610274,377.798364289015,227.92258362531,771.632096150518,761.558881220337,0.0027140817294616,0.00247665784033761,1.36564509311262e-06,0.000942266673401827,0.00500968713495799,4.13054086543751e-05,1.93791265195501e-05,1.28602797854377e-07,5.33994150224391e-06,6.82061136233258e-05,-766.528910077347,0.0980661902745626,0.0766427204395929,1,0.504666802329214
"sinusoidal",400,"sir_collapsed",97,9.009,3487.12963741933,3534.70463802282,2849.85243039892,2689.7494530739,6924.48578904562,3709.11754234116,6852.27963319182,3232.40973824883,387.071776825323,392.35260717314,316.333936108216,298.562487853691,768.618691202755,760.603799888092,0.00286971169969499,0.00260277575983688,1.5561411740618e-06,0.00104456436104124,0.00546727526608368,3.30306499177167e-05,2.0158644356113e-05,3.90166367402043e-08,6.55761090919724e-06,5.71570393562547e-05,-783.945887444174,0.0981045230038983,0.0860622523590091,1,0.504840920729327
"sinusoidal",400,"sir_collapsed",98,8.945,3371.28477137209,3709.75427013585,2489.38534395601,2464.66443988149,6870.32684548495,3641.75399487851,6907.44968481292,3482.47931281799,376.890416028182,414.729376203001,278.299088200784,275.535432071715,768.063370093342,772.213491873999,0.00268335496671171,0.00244149033278973,1.30258334087869e-06,0.000947705665159273,0.00497312280189561,3.04340691544883e-05,1.94936983345881e-05,1.52349137359576e-08,5.16874979375249e-06,5.47873998074059e-05,-778.850810628347,0.0727532364884576,0.0560816975339421,1,0.497959139049904
"sinusoidal",400,"sir_collapsed",99,9.236,3369.23800107048,3525.68406716677,2794.96613158163,2260.17879421967,6949.42641998526,3661.21447641378,6833.80191568921,3211.07833098208,364.794066811443,381.732792027584,302.616514896235,244.714031422658,752.428152878439,739.909258952924,0.00264049573803587,0.00241994176740232,1.25913912011779e-06,0.000951284937130491,0.0047858388494337,3.49251836346919e-05,1.91762753167025e-05,3.02304882808413e-08,5.22196729700552e-06,6.31771481244074e-05,-788.761171713179,0.0715585372623345,0.0589884209760148,1,0.495479966566093
"sinusoidal",400,"sir_collapsed",9,8.956,3403.70676930208,3384.99948013403,3256.51549921366,2556.26860304569,6880.37920611527,3592.43422332124,6848.10095528179,3198.17798018533,380.047651775579,377.958852181111,363.61271764333,285.425257151149,768.242430338909,764.638338017172,0.00260041599112116,0.00239115392663757,1.21652077277677e-06,0.000861635653316665,0.0046937431939917,2.82009759195351e-05,1.92460755893477e-05,1.00249509965924e-08,6.40980151121915e-06,5.46990151051176e-05,-775.671959596975,0.103901380201855,0.0779717293713645,0.9825,0.496676461600982
"sinusoidal",800,"sir_collapsed",100,17.837,3262.8508813816,3447.27005612199,2675.98676310499,1852.55181643491,6999.48212753952,3457.28760028297,6827.34148717269,3084.7396152157,182.925989873947,193.265126205191,150.024486354488,103.860055863369,392.413641730085,382.762879810096,0.00202286809801384,0.00189414785750562,5.04755410793192e-07,0.000839363080201142,0.0034252650227827,1.9951334777623e-05,1.22851711837134e-05,2.54495270903914e-08,4.69725258087396e-06,3.22881611527221e-05,-1570.64513079965,0.0862579042962772,0.071990057500141,0.99125,0.461219598376654
"sinusoidal",800,"sir_collapsed",101,17.547,3508.30563440232,3304.90530767601,2266.59300031655,1599.73576686885,6864.89603244812,3503.8409342863,6848.18700625041,3214.88490304293,199.937632324746,188.345888623469,129.172679108483,91.1686195286286,391.229043850693,390.276799809108,0.00208697578527585,0.00194883149858127,5.96077871055421e-07,0.000839922107437124,0.0035521660818662,1.89189665259248e-05,1.24720260012637e-05,1.02505933840381e-08,4.88764323274439e-06,3.00384798002292e-05,-1580.40787898779,0.0906456838739548,0.0712666869123037,1,0.465507870538176
"sinusoidal",800,"sir_collapsed",102,17.6,3040.49574942539,3147.40528309164,2944.94052829152,1680.09720999061,6891.36926826165,3261.38732709124,6901.56920465577,2857.08180652409,172.755440308261,178.829845630207,167.3261663802,95.4600687494667,391.555072060321,392.134613900896,0.00198040670652924,0.00185382447073345,4.73351980676936e-07,0.000943012727514677,0.00340538355982023,1.91706865140983e-05,1.16576552900168e-05,2.27923727239352e-08,4.52852774963668e-06,2.98513940580089e-05,-1586.79815385039,0.0788625955536832,0.0628819986843564,0.995,0.45929564613046
"sinusoidal",800,"sir_collapsed",103,17.7,3059.26502199202,2932.17995065678,2417.53644707088,1705.14036427158,6855.51040258479,3037.76756898519,6658.25382532752,2729.51047097728,172.839831750962,165.659884217897,136.583980060501,96.3356138006544,387.316971897446,376.17253250438,0.00207968688493493,0.00195621097900382,5.57073467187029e-07,0.000891704522390788,0.00356229725582788,2.71251212815935e-05,1.27498154778981e-05,6.21035191761022e-08,4.83651281639141e-06,3.5401576771468e-05,-1579.38804320499,0.10026356464287,0.0845315297592818,0.98375,0.467466567786231
"sinusoidal",800,"sir_collapsed",104,17.768,3093.66965691541,3174.32424088591,2888.91406971243,1450.32864296854,6804.32330803164,2901.93829907707,6738.45901396662,2890.75522629818,174.114681276194,178.653998248869,162.590841384086,81.6258804012008,382.95381067265,379.246905333556,0.00186323388047171,0.00175141886274664,4.1829687304165e-07,0.000772517660818299,0.00312080440978161,2.0470725110217e-05,1.19304631976578e-05,1.55844710019087e-08,3.49528787730528e-06,3.05694968482093e-05,-1580.3128207477,0.0907683226591719,0.0727809764321101,1,0.454895482114383
"sinusoidal",800,"sir_collapsed",105,18.069,3516.93816474622,3515.80441181803,2369.60520076264,1816.72883785306,7174.7788615513,3283.13146619752,7167.153080629,2998.12728755257,194.639336141802,194.576590393383,131.142022290256,100.543961362171,397.076698298262,396.654661609884,0.00239782233650399,0.00223306638890795,8.26909911405283e-07,0.00101562525914085,0.00427058241124008,2.20404563891905e-05,1.2647076909984e-05,2.46255555641955e-08,3.87837274781861e-06,3.72085361473778e-05,-1585.08657801569,0.0949639336151477,0.0764426025310829,1,0.479400869786148
"sinusoidal",800,"sir_collapsed",106,17.946,3461.24556023223,3842.52717549054,2214.92111821796,1998.4024559768,7285.73011655279,3252.07541890702,7300.60282419352,3596.0687832464,192.870030103211,214.116080212334,123.421437546972,111.356427949225,405.980726432229,406.809474211163,0.00237902913843455,0.00220343827375307,8.38667351723761e-07,0.000873455747587776,0.00411297607978033,1.63446531289722e-05,1.19672832187671e-05,1.94838058461416e-09,5.16437798842098e-06,2.89850891671734e-05,-1580.70407645693,0.0835472072538882,0.0683410126091972,1,0.475094613508436
"sinusoidal",800,"sir_collapsed",107,17.751,2837.34494444093,3029.63757222278,2155.36108960547,1454.0867248205,6868.91222685652,2740.67592856565,6741.17388055155,2548.52436393513,159.841414255024,170.674191438386,121.421953107176,81.9157638905135,386.959170010508,379.76304887339,0.0020109079664541,0.00188951327901536,4.90088838250028e-07,0.000888609684691702,0.00335600285643474,1.7847029024727e-05,1.17718615689194e-05,4.92800392744835e-09,4.1024071189155e-06,3.13637161349932e-05,-1552.57453140454,0.106473135016107,0.0834290644735064,0.98125,0.465230926790198
"sinusoidal",800,"sir_collapsed",108,17.689,3456.96516172563,3909.93547224273,2741.13583323501,2074.98061095581,7143.39914548449,3690.25229582644,7038.72490781851,3573.93866619033,195.430220008233,221.037677214242,154.962735781277,117.303443436928,403.832842189185,397.915365923371,0.00216637995895942,0.00204177932505996,5.9298712886347e-07,0.000943792280923413,0.00371984390423035,1.70537222972317e-05,1.24937193827528e-05,1.68585200913881e-09,3.80862136914312e-06,3.16126209607278e-05,-1594.78596082873,0.0884381589131881,0.0716336799096218,1,0.468016757621012
"sinusoidal",800,"sir_collapsed",109,18.089,3430.02421781243,3738.06028801027,2739.92178887031,1776.30097066048,7101.12994415438,3652.00943999606,7103.4628597269,3619.74743501871,189.619338703767,206.648255183276,151.468947364161,98.1978534280768,392.566197366045,392.695166107961,0.00217099535947904,0.00203703497168417,5.99014617629817e-07,0.000916836869241564,0.00367775065274171,1.77720072573859e-05,1.17945798541972e-05,3.97339751167432e-09,4.11486008848403e-06,3.32240772747912e-05,-1584.44262409454,0.0857292816519939,0.0711387293313916,1,0.465078921699329
"sinusoidal",800,"sir_collapsed",10,18.03,3666.36001602628,3719.41368953719,2673.16124892681,1734.55021416691,6979.88152628996,3788.30265896328,6983.64599711299,3461.68669293956,203.347754632628,206.290276735285,148.261855181742,96.2035615178542,387.12598592845,387.334775214254,0.00208359609968587,0.00195763510540979,5.31136889822121e-07,0.000889505062530658,0.00347845505120704,1.99911329785174e-05,1.23541023706927e-05,1.56878624813561e-08,4.88841998578701e-06,3.1489543364881e-05,-1591.93561617661,0.0879541273531319,0.064846732191286,0.97625,0.461236673520812
"sinusoidal",800,"sir_collapsed",110,17.832,3308.42147388047,3436.35952948848,2568.9041636596,2146.12300436659,7198.32942294001,3508.07897213999,7118.91550331427,3269.28202681893,185.532832765841,192.707465763149,144.061471717115,120.352344345367,403.674821833783,399.221371877202,0.00220734998158419,0.0020658608544237,6.43486647166423e-07,0.000937122167601372,0.0038330925968611,1.63185682349066e-05,1.21718306762791e-05,2.75014789539466e-09,4.66391706439342e-06,2.8930287956808e-05,-1557.76978928936,0.099096689175348,0.078225647893963,0.99875,0.472591020567388
"sinusoidal",800,"sir_collapsed",111,17.871,3317.42118871997,3347.34478947019,2726.29785555238,1982.03605664585,7296.03515942823,3517.10731375679,7249.21005820392,3117.95577240216,185.631536495997,187.305958786313,152.554297775859,110.907954599399,408.261158269164,405.640985854397,0.00224047345641837,0.00209954365772389,6.81780767732252e-07,0.000920883346807086,0.00388284420904745,1.67317973398411e-05,1.16035037420597e-05,3.61716121426794e-09,4.4203315740798e-06,2.96403988068197e-05,-1548.77192668018,0.0677042906823457,0.054791655903554,1,0.47145712354706
"sinusoidal",800,"sir_collapsed",112,17.931,3256.56954721893,3329.77554126355,2393.87599656027,1572.96442323408,6997.76195108431,3190.63726669768,6858.87187811632,3061.128925164,181.61672785784,185.699377684655,133.504879625245,87.7231846095631,390.260551619224,382.514744192533,0.00206162334936765,0.00191626365518508,5.29958790090261e-07,0.000846558347707373,0.00346813047837666,1.8573323927385e-05,1.22362293193105e-05,6.39608460010339e-09,4.41596155475473e-06,3.09586238698694e-05,-1597.51799564354,0.0885683633071714,0.0716079501901644,1,0.461964878193256
"sinusoidal",800,"sir_collapsed",113,17.65,3645.99765451783,4027.16349927665,2263.66190161472,2323.52960849724,7338.25726152561,3845.78612744703,7365.03212846612,3699.57255296518,206.572105071832,228.167903641737,128.252798958341,131.644737025339,415.765283939128,417.282273567485,0.00264923569722937,0.00247389333198568,9.83530367412786e-07,0.00101585120482665,0.00461159026293787,1.89755110090837e-05,1.29834875107509e-05,5.12515751047134e-09,4.1364330209852e-06,3.22402412566672e-05,-1554.15642785482,0.0924357248394821,0.0767062115863299,1,0.488178795338073
"sinusoidal",800,"sir_collapsed",114,17.879,3317.58996481365,3702.56811577318,2517.18099319915,1693.2621961115,6970.99136250623,3583.26898667368,6891.13917101659,3352.16573313112,185.557915141431,207.090335912142,140.789808893067,94.7067619056715,389.898280804644,385.4320247786,0.0018751744997134,0.00176508459468685,4.28021476643487e-07,0.000813891437539249,0.00312407685649285,2.06269882415145e-05,1.16591865781649e-05,4.19502125013074e-08,4.84064088388175e-06,3.092900682784e-05,-1586.52035797215,0.0929360347869053,0.0723523098610385,0.97125,0.45241516439065
"sinusoidal",800,"sir_collapsed",115,17.976,3496.37748530164,3650.58955249663,2570.61777944912,1888.21875340542,6824.55450778934,3328.31451157679,6851.67867740374,3259.54863268389,194.502530334982,203.081305768616,143.002769217241,105.041096651392,379.648114585522,381.157024777689,0.0019879738626691,0.00187197118654694,4.78851162364837e-07,0.000848758400464353,0.00331692510635542,1.69310439439672e-05,1.18890446592215e-05,3.15182191163277e-09,4.40606243987178e-06,3.15714674507917e-05,-1568.95180427651,0.0849513252108299,0.068288185330165,1,0.461796803200132
"sinusoidal",800,"sir_collapsed",116,17.857,2746.09492924049,2705.66578570101,1953.79610100166,1474.25024579636,6886.59666589953,3034.47041214145,6908.52798906369,2603.7740212529,153.782546297838,151.518496147226,109.413456963749,82.5586742339899,385.652498510362,386.880662432866,0.00213829570031901,0.00198333199530736,6.78462462349191e-07,0.000832756839602571,0.00377135995998407,2.23542709271183e-05,1.22387606512512e-05,1.67499602403131e-08,4.03073824493723e-06,3.78667137836041e-05,-1601.85155777965,0.0766390691200017,0.059377219826116,0.99,0.468478743691229
"sinusoidal",800,"sir_collapsed",117,17.715,3299.73091617135,3520.25446948874,2616.87244239349,1671.47620656932,6936.22484246512,3548.21445299017,6953.42003813186,3233.29290643831,186.267621573319,198.716029889288,147.720713654727,94.3537232045906,391.545291699978,392.515949090142,0.00195518507404243,0.00184199259096548,4.73892757200212e-07,0.000797739828211636,0.00331486991156033,1.83966237307289e-05,1.16947070588174e-05,4.6683375213037e-08,3.68408608035362e-06,2.59450807796549e-05,-1575.12903091886,0.0769643910965314,0.0622547267244484,1,0.459197266322231
"sinusoidal",800,"sir_collapsed",118,17.696,3384.89882120743,3467.60779430152,2758.90126106502,1422.68688085812,7033.53090915656,3654.09938638196,6963.12405245296,3267.03835597685,191.280448757201,195.954328339824,155.905360593638,80.3959584571724,397.464450110565,393.485762457785,0.0020137241789871,0.0018910175502149,4.98778462791518e-07,0.000876373626330709,0.00342888932968003,1.80749553103019e-05,1.20449659971286e-05,9.72111592057186e-09,4.01426708359391e-06,2.82721995123398e-05,-1596.27225175924,0.0986676041542744,0.0765280669371679,0.975,0.459518257944915
"sinusoidal",800,"sir_collapsed",119,17.728,3147.72727684634,3325.23054114363,2661.50133916742,1687.23881329611,6751.88511163058,3348.7707969271,6819.08012031245,3054.25931434712,177.556818414166,187.569412293752,150.129813806826,95.1736695225696,380.859945376274,384.6502775447,0.00186589955806753,0.00175954674940103,4.08074501912768e-07,0.000872761666758787,0.00318698662583969,2.08338321016018e-05,1.14280041365967e-05,2.37628410454111e-08,4.24082657559713e-06,3.1316646430024e-05,-1559.1433484823,0.0837230936339804,0.0684779123462101,1,0.456071556133668
"sinusoidal",800,"sir_collapsed",11,17.67,3033.26716677803,3060.49266164067,2482.30208829259,1989.63297471105,7223.82632513742,3200.22379156368,7329.18047220905,3103.39137536373,171.661978878213,173.202753912885,140.481159495902,112.599489230959,408.818694122095,414.781011443636,0.00225823150027858,0.00209754769788513,7.24768144883893e-07,0.000946577901447091,0.00395934969053111,1.60481068852672e-05,1.16825700077712e-05,3.07107537271126e-09,4.62866132841771e-06,2.71937686849877e-05,-1612.60023369533,0.0773148386401692,0.0640422890372484,1,0.464693736602191
"sinusoidal",800,"sir_collapsed",120,17.928,2993.17923086918,3221.44746261521,2308.74343650904,1619.63867086365,6868.68710670732,3004.21837197855,6798.39648497621,2939.4178832243,166.955557277397,179.688055701428,128.778638805725,90.341291324389,383.126233082738,379.205515672479,0.00192908080874057,0.00180574601895637,4.52111066455201e-07,0.000863232319029531,0.0032877067135928,1.78855488991729e-05,1.19132514676177e-05,4.87405596004106e-09,4.47089831052362e-06,2.87946215700719e-05,-1547.66823561168,0.123481909187129,0.0915912955789168,0.93875,0.462249209248789
"sinusoidal",800,"sir_collapsed",121,17.698,3633.08283311209,3949.1601966872,2357.97626821634,1369.35880120113,7274.88831962538,3791.61330643864,7197.88482663636,3632.89585458754,205.282112843942,223.141609034196,133.234052899556,77.3736468076128,411.057086655294,406.706115190211,0.00240530978429777,0.00223595006931703,7.95340338202941e-07,0.0010094698708259,0.00421501320081966,2.06869615380208e-05,1.24748416640443e-05,1.32757427464036e-08,4.77484890339518e-06,3.56992864083918e-05,-1613.82430447556,0.0959765412679693,0.0768321817706302,0.99625,0.472365037751815
"sinusoidal",800,"sir_collapsed",122,17.823,3619.51926354388,3753.28406157349,2609.45992066732,1782.95161414913,7076.91501131536,3496.7349415628,7038.45186336196,3184.4084467319,203.081370338544,210.586548929669,146.409690886344,100.036560295637,397.066431650977,394.908369150085,0.00224158395569436,0.00211205031546781,6.35433198497283e-07,0.000959502046037647,0.00381929274966858,1.85296190451046e-05,1.24177292370746e-05,2.97200398307201e-09,4.70406087988342e-06,3.34287082482349e-05,-1581.13924215855,0.087949741203385,0.0721741252022419,1,0.470181315673663
"sinusoidal",800,"sir_collapsed",123,18.04,3086.7498585348,3439.23193342693,2605.09650457676,1623.8361095314,6813.69529987753,3407.34315961158,6802.71770816468,3285.37864161177,171.105867989734,190.644785666682,144.406679854588,90.0130881114965,377.69929600208,377.09078204904,0.00192431091306599,0.00180580133092723,4.46189450342254e-07,0.000851027416599427,0.00323677409928931,1.85439147610364e-05,1.13805805004001e-05,1.43248428376109e-08,4.78823463465375e-06,2.91805022684878e-05,-1554.06140718987,0.114221840415544,0.0875103707996908,0.98,0.465574071313955
"sinusoidal",800,"sir_collapsed",124,18.035,3612.75910757155,3469.82478293807,2589.54221495711,1743.80954932444,7015.33760063655,3609.99875849148,6971.13952128179,3283.29449524881,200.319329502165,192.393944160691,143.584264760583,96.6902993803404,388.984618832079,386.533935197216,0.00218002058342147,0.00205151299863625,6.12616751388689e-07,0.000959601694642525,0.00379492760092697,2.12004486828669e-05,1.2456970498137e-05,1.33779093354981e-08,4.58253620568866e-06,3.61772141472156e-05,-1539.69828124262,0.117116643547417,0.0916719415024292,0.9725,0.475206386693101
"sinusoidal",800,"sir_collapsed",125,17.766,2905.40109415503,3136.77167345885,2757.07289406899,1773.8400707527,6846.17389952252,3022.99219481421,6820.88581559489,3058.42941935415,163.537154911349,176.560377882407,155.188162449003,99.8446510611672,385.352577931021,383.929180209101,0.00190285941339511,0.00178659694720269,4.43236347640792e-07,0.000862328019613336,0.00330594076794309,1.51488680469406e-05,1.18412420013477e-05,7.82484109085837e-10,5.18915464517205e-06,2.60553855669279e-05,-1590.41028073093,0.110197484729479,0.0918110354021047,0.97375,0.457864499792823
"sinusoidal",800,"sir_collapsed",126,17.724,3581.54351422181,3492.61498383521,2086.70602237581,1796.3502990242,6971.03129847594,3491.6012078674,6942.53762672836,3306.49235126657,202.073093783672,197.055686291763,117.733357164061,101.351291978346,393.31027411848,391.702641995507,0.00210325291400302,0.00197477020367324,5.80115805194901e-07,0.000929086789564707,0.00367523130188766,2.03593080847336e-05,1.17171196051516e-05,2.66351572541547e-08,4.64689571124921e-06,2.90979574826222e-05,-1593.72345248859,0.0990726494967576,0.0803486542604908,0.97625,0.464996263332591
"sinusoidal",800,"sir_collapsed",127,17.957,2472.12031490231,2805.00354703015,2650.12373584464,1571.39397460153,6807.24297177681,2635.15971529969,6752.9486103465,2522.92709478244,137.668893183845,156.206690818631,147.581652605928,87.5087138498376,379.085758855978,376.062182455115,0.00177831870901265,0.00168009632245126,3.6450906610759e-07,0.000771503890660871,0.00297139658944373,1.55008345369672e-05,1.10028065027082e-05,2.35546167202181e-09,4.5566780550946e-06,2.6437182559705e-05,-1545.5901785639,0.0867811758915461,0.0723623987333545,1,0.451114428106731
"sinusoidal",800,"sir_collapsed",128,18.059,3163.01588814994,3395.08549061192,2264.23217016243,1844.77885617328,6819.16867554264,3211.14323941804,6912.72632626556,3060.41824208131,175.149005379586,187.999639548808,125.379709295223,102.152879792529,377.604998922567,382.78566511244,0.00193236528183274,0.00181667725175973,4.45669586700341e-07,0.000800059398947864,0.00323114752185911,1.71456445333921e-05,1.19762424342531e-05,4.26611223885438e-09,4.81887076151628e-06,3.03734680057002e-05,-1568.86610021421,0.079962393180057,0.0617028321318062,0.99125,0.455689296821008
"sinusoidal",800,"sir_collapsed",129,18.002,2934.84371061125,2962.21455595783,2096.88042937069,1239.83314064112,7185.68136938844,3152.49618472911,7048.9895688776,2738.15750834289,163.028758505236,164.549192087425,116.480414918936,68.8719664837862,399.160169391648,391.567024157183,0.00230925072864925,0.00216565729763487,7.12536311975388e-07,0.000903522932661744,0.00394777956127767,2.20540514638727e-05,1.25267157851517e-05,3.19846317404465e-08,4.60372656759758e-06,3.39782212734767e-05,-1587.71824360943,0.0857101210912584,0.0694174995396547,1,0.473158344680459
"sinusoidal",800,"sir_collapsed",12,17.728,3467.97468316257,3475.06715362443,1933.28625377768,1803.73724722891,6954.31020001423,3396.39201119417,6952.14914316403,3232.20874779489,195.621315611607,196.021387275746,109.052699333127,101.7451064547,392.278328069395,392.156427299415,0.00203478894529719,0.00190847066378805,5.43657901092096e-07,0.000926438893272967,0.00352240138454311,1.61852224909344e-05,1.13792719363391e-05,3.84625121746577e-09,4.21282864550556e-06,2.885190884481e-05,-1558.96842947817,0.0817334504871969,0.0647116556212803,1,0.465637691608744
"sinusoidal",800,"sir_collapsed",130,17.733,3185.94119392005,3253.9196586352,2647.55799578671,1488.57057762278,6711.16145094774,3021.85657550586,6688.28606200104,2746.74497110059,179.661715102918,183.495159230542,149.301189634394,83.9435277518062,378.456067836674,377.166078046639,0.00177729836867878,0.00168453847440757,3.63510766885302e-07,0.000791614866728916,0.00294178252385487,1.59173941593395e-05,1.12443954212129e-05,2.53918567347533e-09,4.53974941547691e-06,2.63880640065003e-05,-1530.94981189054,0.0895712413649734,0.0695050617359873,1,0.456539887221538
"sinusoidal",800,"sir_collapsed",131,17.629,3319.70558800402,3599.35644849934,2395.16871527944,1614.83068811815,6867.85873503819,3527.46697972853,6838.88328608537,3405.20598617529,188.309353225028,204.172468574471,135.865262651281,91.6008104894296,389.577329118962,387.933705036325,0.00193104336411913,0.00182354229807321,4.44328241377648e-07,0.000768738668588476,0.0031645267135202,1.64983901229183e-05,1.13568802550893e-05,2.84516308340552e-09,4.59790757229713e-06,2.82204336831744e-05,-1552.60532884789,0.0936830021651572,0.0725529767828656,0.99875,0.463923795479076
"sinusoidal",800,"sir_collapsed",132,17.481,3430.53817431134,3460.62069594642,2596.42939223789,2162.28946594867,6980.49045102002,3772.98992985242,6889.53686511201,3132.17358489588,196.24381753397,197.964687142979,148.528653523133,123.693694064909,399.318714662778,394.115717928723,0.00206310204264006,0.00192768737292192,5.34349528549818e-07,0.000876377125920129,0.00353440163971738,1.63186201232028e-05,1.2080173618188e-05,2.49050455868385e-09,4.99051282496872e-06,2.76878420412829e-05,-1591.21146079478,0.110905504623726,0.0854364705456072,0.97125,0.465314398972598
"sinusoidal",800,"sir_collapsed",133,17.623,2227.25590322814,2401.0947509996,2485.5131375473,1656.52202081732,7165.64937409728,2456.2897895897,7081.79462338596,2297.14015084866,126.383470647911,136.247787039642,141.038026303541,93.9977314201509,406.607806508386,401.849550211993,0.00217807497219265,0.00203831713496883,6.3697567775709e-07,0.000917002439046935,0.00376061511032068,1.86657706719643e-05,1.19471875662078e-05,7.15752440793229e-09,4.01544559012654e-06,3.00771724756739e-05,-1589.26994162541,0.0948159094389474,0.0813292318002931,1,0.463793491358069
"sinusoidal",800,"sir_collapsed",134,17.58,2768.20098718311,2899.3702084595,2375.68077426796,1712.91341058463,7086.1115691613,2994.11742926991,7127.19525572763,2607.82172859515,157.463082319859,164.924357705318,135.13542515745,97.435347587294,403.078018723623,405.414974728534,0.00217319381055978,0.00203402071063124,6.14814529111143e-07,0.000835003667768365,0.00369261115874051,1.8818639584496e-05,1.20218348536614e-05,6.52907402493151e-09,4.02925344586034e-06,2.90429047443105e-05,-1586.53171891658,0.0786588037611722,0.0624307784669414,1,0.466470217393707
"sinusoidal",800,"sir_collapsed",135,17.731,3420.29066223464,3527.75335500555,2051.49792545975,2111.02094909148,7009.09786616316,3429.19349667638,7026.74957200773,3302.13970533756,192.898915020847,198.959638768572,115.701197081933,119.058200275872,395.301893077839,396.297421014479,0.00191634092483458,0.00180074466286826,4.51275364353197e-07,0.000854102213703458,0.00328085841607163,1.42580697965962e-05,1.1204248849582e-05,9.89226546889329e-10,5.17365324381072e-06,2.35367695786844e-05,-1590.05097687319,0.0771539595548671,0.0640220579731309,1,0.454663737466556
"sinusoidal",800,"sir_collapsed",136,17.757,3587.90704546285,4109.7274439826,2408.49554959601,2090.03171438136,7095.90721922676,3242.14919258181,7181.33883113696,3215.99510797971,202.055924168658,231.442667341476,135.636399706933,117.701847968765,399.611827404785,404.422978607702,0.00211978563412017,0.00197938791837014,5.96619179335914e-07,0.000878924865182479,0.00364421350947561,1.61104218112647e-05,1.20332990277539e-05,3.41420427436353e-09,5.11141263512755e-06,2.70147030106045e-05,-1598.56279000544,0.0920024126730477,0.0740683243963057,0.995,0.46647034841419
"sinusoidal",800,"sir_collapsed",137,18.094,3667.25379166675,3946.65388415886,2790.021177939,1595.53420327652,7003.25659588052,3323.49715110845,6968.63303910093,3154.61577259172,202.67789276372,218.119480720618,154.195931134023,88.1802919905227,387.048557305213,385.13501929374,0.00203516395173266,0.0018971624254609,5.3769492498413e-07,0.000820375856217537,0.00349711298126362,1.85155225221406e-05,1.19809891518943e-05,9.09689216151134e-09,4.07279440550775e-06,2.88557661999737e-05,-1564.71434156332,0.0710166128168877,0.056223273823258,1,0.465911805042469
"sinusoidal",800,"sir_collapsed",138,17.696,3687.30296271506,3662.18406420616,2288.6412610553,1859.36563437718,7277.24752447923,3795.93660921191,7242.87267975522,3526.12012179334,208.369290388509,206.94982279646,129.330993504481,105.072651128909,411.236862820933,409.294342210399,0.00240117324361605,0.00222894719109415,8.63273402302924e-07,0.000897830940260071,0.00419355784145252,1.94559767740824e-05,1.24654283499007e-05,1.41117093588371e-08,5.13775005015432e-06,3.11810070592988e-05,-1599.47038540014,0.0960651063777554,0.0784462840359817,0.9975,0.475203099804928
"sinusoidal",800,"sir_collapsed",139,17.591,3596.02745949677,3659.26378805186,2133.65156096882,1635.60671365516,6934.39383716979,3461.93824030175,6871.32656700206,3287.27153492596,204.424277158591,208.019088627813,121.292226761914,92.9797461005716,394.201230013631,390.616029049062,0.00204145532016293,0.00192364618750071,5.10707161758768e-07,0.000914982996616835,0.00344305171954698,1.78598013648141e-05,1.19983398873064e-05,1.1309161909588e-08,4.04954468823426e-06,3.07420956035486e-05,-1608.28837941684,0.124689757552877,0.0996612669322974,0.95875,0.46204457041306
"sinusoidal",800,"sir_collapsed",13,17.932,3614.25990481957,3579.36844635336,2665.83682125554,1783.44758292225,7105.59531378624,3775.46327156872,7011.58870526308,3384.06983720783,201.553641803456,199.607876776342,148.663663911195,99.4561444859607,396.252248147794,391.009854185985,0.00214643118269911,0.00200678761362612,5.76968662357513e-07,0.000959747414677844,0.00369440899939339,1.73494174069406e-05,1.2251443625199e-05,4.09332422460334e-09,4.61120734995495e-06,3.20017585246604e-05,-1565.44751277198,0.0850003978482035,0.0679727305913878,1,0.465596199780028
"sinusoidal",800,"sir_collapsed",140,17.856,3552.70648609669,3728.65517166758,2488.96750367661,2145.50347002791,7049.33029963168,3755.89731488136,7068.89020823428,3338.28039613225,198.964296936419,208.818053968839,139.391101236369,120.155884298158,394.787763196219,395.883188185163,0.0019426100896406,0.00181205782883677,4.75782655947099e-07,0.000830870190636024,0.00330140984833431,1.96364982390105e-05,1.13154284722485e-05,1.67355095290824e-07,4.91159960445584e-06,2.62437970369401e-05,-1582.86238963013,0.0963443935705756,0.0783369182345805,1,0.458558257444751
"sinusoidal",800,"sir_collapsed",141,17.739,3216.86923873896,3507.25209330056,2384.07369496612,1867.59285896834,7054.3856349499,3201.32361627903,6973.24933337937,3068.09539514589,181.34445226557,197.714194334548,134.397299451272,105.281744121334,397.676624102255,393.102730333129,0.00202872417662893,0.00190763249073555,5.16827145762833e-07,0.000807229948043931,0.00338293927248665,2.25614554626432e-05,1.18269339806139e-05,1.2588024702225e-07,4.5460469276966e-06,2.91106005636805e-05,-1580.27459698576,0.102054187120731,0.0845349432853426,0.9725,0.46209773210967
"sinusoidal",800,"sir_collapsed",142,17.646,2883.57135630344,3078.09634780845,2730.95020891836,1536.44402785723,6744.02683525673,3055.73016247856,6708.32477366647,2858.29751837845,163.41218158809,174.435925864698,154.763130959898,87.0703858017247,382.184451731652,380.161213513911,0.00182940497684044,0.00171727957008875,3.76135989910945e-07,0.000839797250207913,0.00303637644246936,1.85059493901306e-05,1.16069717986223e-05,1.1871527798306e-08,3.80106383895704e-06,2.93072499762518e-05,-1591.1159864757,0.0864173270683682,0.0714353892807389,0.99625,0.45155415263759
"sinusoidal",800,"sir_collapsed",143,17.809,2962.89746914619,2948.25491921058,2880.01207290956,2037.92241521245,6862.63170119043,3218.00222223169,6824.89396384858,2764.95740506767,166.370793932629,165.548594486528,161.716664209645,114.432164367031,385.346268807369,383.227242621629,0.00190689056211639,0.00179994773163377,4.37629140481047e-07,0.000829180200958045,0.00318237025284895,1.54154813459711e-05,1.20500094752395e-05,8.13237343726276e-10,4.45742237035634e-06,2.79265759301067e-05,-1564.14684198689,0.112506591998019,0.096157408047547,0.99125,0.458830589496828
"sinusoidal",800,"sir_collapsed",144,17.695,2698.78878690829,2863.55199127549,2839.526094047,1487.39262569173,6854.81603451844,2857.87691163073,6773.58214792584,2811.38491624872,152.517026669019,161.828312589742,160.470533712744,84.0572266567802,387.387173468123,382.796391518838,0.00184784793765207,0.00175479044143349,3.70503853743951e-07,0.000829338639434567,0.00297691599346504,2.05857179563362e-05,1.16150772823814e-05,3.53406578267706e-08,4.30450596929144e-06,2.99307681934544e-05,-1586.33371658819,0.0972475187449065,0.0746339893697693,0.98,0.452764460537221
"sinusoidal",800,"sir_collapsed",145,17.713,2822.30596172223,3003.82588015682,2644.5637668175,2113.33860585243,6967.60643847321,3128.41577821382,7026.05792484284,2497.05082753408,159.335288303632,169.583124267872,149.300726405324,119.310032510158,393.361171934354,396.661092126847,0.00203507255132576,0.00189847098743378,5.29142307481803e-07,0.000886167669852543,0.00350214332630103,1.71154542222759e-05,1.19319349566816e-05,1.04344722423601e-08,4.14868388052528e-06,2.76517699473633e-05,-1574.50576057629,0.117446548326589,0.0867024424743548,0.955,0.46910507199382
"sinusoidal",800,"sir_collapsed",146,17.904,3702.29110938053,3439.72787860807,2759.21081376562,1709.56769514162,6984.20855407044,3835.34307833445,6928.39920409488,3103.68979266394,206.785696457804,192.120636651479,154.11141721211,95.4852376642998,390.092077416803,386.974933204585,0.00210479801026576,0.00198945308265045,5.60136703317555e-07,0.000899094931565918,0.00359217159864208,2.01935215964241e-05,1.26365838605207e-05,6.43617916066239e-09,4.37275795770238e-06,3.37622912429137e-05,-1555.45168998158,0.117653823606334,0.087702886795834,0.9525,0.469060254845564
"sinusoidal",800,"sir_collapsed",147,17.837,3004.89130697802,3174.41171674527,2604.56076458237,1539.60997004743,6966.72831614325,3174.02679270401,6845.94372618052,3001.93569230472,168.463940515671,177.967803820445,146.020113504646,86.3155222317335,390.577356962676,383.80578158774,0.00204293788944755,0.00193177715537983,5.06615141822679e-07,0.000892107673601701,0.00344110870232787,1.8555315127503e-05,1.18348698336772e-05,6.45657599388538e-09,4.0721240840236e-06,3.02400014394286e-05,-1579.44451538832,0.108461962288005,0.0839305219191025,0.97,0.46668764608956
"sinusoidal",800,"sir_collapsed",148,17.653,3042.01577946454,3101.84686585833,2318.05069507767,1658.5286523598,6734.42720445539,3269.1827371311,6718.54008735171,2793.93884049789,172.322878800461,175.712165969429,131.311997681848,93.9516599082198,381.489106919809,380.589139939484,0.00182290827351683,0.00171061868474458,4.19251674570868e-07,0.000805008011755318,0.00306903462595598,1.86082661578339e-05,1.16488176889232e-05,1.12574459045465e-08,3.89361798839143e-06,2.76818988767815e-05,-1574.76675907127,0.0841701361360951,0.0603199948811805,0.98375,0.454527255637451
"sinusoidal",800,"sir_collapsed",149,17.707,3745.49298048633,3509.73649237008,1857.04722949484,1401.09297326656,7152.24170931783,3651.5747132237,7114.00474727479,3116.71321897637,211.526118511681,198.211808458241,104.876446009761,79.1265021328603,403.921709454895,401.762283123894,0.00218536740346183,0.0020485248501649,6.13970475679062e-07,0.000976930029647227,0.003781626668841,2.10223717546626e-05,1.20540345523209e-05,1.26660746324635e-08,4.77949152027575e-06,3.4870011744057e-05,-1608.59679949518,0.0939109519888105,0.0755203179752882,0.98625,0.464246561015833
"sinusoidal",800,"sir_collapsed",14,17.795,2842.63892558532,3008.23096023427,2240.89227264899,1576.66163389403,6978.86769832532,3023.97391676597,6884.05820518249,2936.29221664106,159.743687866554,169.049225076385,125.928197395279,88.6013843154834,392.18138231668,386.853509703989,0.00228214547422723,0.00213395488939767,7.51080315650562e-07,0.000895958733737344,0.00399103381320546,2.58566301274804e-05,1.30439328517219e-05,4.63466147398335e-08,4.285083678721e-06,4.22397359888959e-05,-1598.60875524598,0.124529042259746,0.0980247743113743,0.95,0.476573893064257
"sinusoidal",800,"sir_collapsed",150,17.774,3209.85682122307,3477.04002106634,2016.37905365826,2123.96560294098,7273.91101824202,3539.63175865488,7302.65783782257,3332.3442955149,180.592822168509,195.625071512678,113.445428921923,119.49845858788,409.244459223699,410.861811512466,0.00244936080174133,0.00227996260578996,8.77806406146542e-07,0.000995250995965791,0.00432836778114864,1.6814321814203e-05,1.2463997631373e-05,1.44107170190956e-09,4.16878751084348e-06,3.03766039130637e-05,-1594.91236827052,0.0881598856804707,0.0726159386737628,1,0.480608576355853
"sinusoidal",800,"sir_collapsed",151,17.854,2937.82863340203,3327.41526947238,2753.56581244716,2109.86399684816,6844.07462637097,2781.54775530204,6836.42803566967,2608.80469455793,164.547363806543,186.368055868286,154.226829419019,118.173182303582,383.335646150497,382.907361693159,0.00182434658569309,0.00172378065745243,3.64619022014932e-07,0.000811729030267774,0.00302101800610456,1.44542816858497e-05,1.17190918886113e-05,9.38504419407918e-10,4.83152348256604e-06,2.42486415149004e-05,-1577.79148766968,0.100965283753593,0.0765593380926042,0.9825,0.451317765474472
"sinusoidal",800,"sir_collapsed",152,17.948,2633.94897380204,3041.63174248445,2789.89298767219,1467.17764143271,6746.27544125004,2843.81751139081,6606.89685084472,2793.73742292092,146.754455861491,169.469118703168,155.443112751961,81.7460241493598,375.878952599178,368.113263363312,0.00170250520307099,0.00161000103171959,2.98148557213688e-07,0.00080569947071403,0.00278070319109905,1.95579012046995e-05,1.13914854026578e-05,2.56402650287872e-08,4.18148708487978e-06,2.76924232041602e-05,-1567.01694407593,0.0913160075050178,0.0703829910082897,0.9925,0.446677314590667
"sinusoidal",800,"sir_collapsed",153,17.662,3361.29025967333,3193.54481986609,2459.94633345409,1984.67756337455,7194.34164240163,3465.39002296634,7156.35686256075,2856.57148391205,190.311983901785,180.814450224555,139.279035978603,112.369922057216,407.334483206977,405.183833232972,0.00224627344295895,0.00209636718195394,7.00884831591092e-07,0.000897412914405904,0.00387370273639647,2.17534958139335e-05,1.22648859956968e-05,1.16534192515362e-07,4.3524460263283e-06,3.00543195083095e-05,-1608.04162775507,0.104878779061653,0.075148463406227,0.955,0.470117616033061
"sinusoidal",800,"sir_collapsed",154,17.917,3699.69024409101,3379.4811579063,2359.08591027569,2064.1635698518,6900.60348858239,3279.1589629413,6901.52157461037,3249.64465986808,206.490497521405,188.618694977189,131.667461644008,115.206986094313,385.142796706055,385.194037763597,0.00185359025730487,0.00174915815797189,4.20210322067987e-07,0.000807860818722133,0.0031645369455471,1.44289104054368e-05,1.10717531872838e-05,1.31118233695528e-09,4.59399352125181e-06,2.44076146458775e-05,-1571.47144630688,0.0746683875906233,0.0592235462900989,1,0.455474277794039
"sinusoidal",800,"sir_collapsed",155,17.702,3309.46934672024,3470.91165408328,2530.2180566374,2764.6669747495,6939.36614645034,3412.7108454791,6975.80177995348,3160.13800616265,186.95454449894,196.074548304332,142.934021954434,156.178227022342,392.01028959724,394.068567390887,0.00192041240224121,0.00178838895960488,4.57509197824562e-07,0.000844992328664738,0.00323148174378641,1.43471875489707e-05,1.18018076597559e-05,1.00415888884404e-09,5.39060157088651e-06,2.52103635357042e-05,-1585.1892594797,0.101139030356721,0.0812937888955761,0.995,0.454146013834838
"sinusoidal",800,"sir_collapsed",156,17.623,2968.99120860206,2969.70057522554,2716.60619837789,1745.15037202755,6865.1818386425,3248.3130250639,6878.07115787677,2907.3353510418,168.472519355505,168.512771674831,154.15117734653,99.0268610354392,389.558068356268,390.289460243816,0.00186914992341092,0.00175633857098396,4.16232998357933e-07,0.000821004602106762,0.00316940866963774,1.83471434614621e-05,1.1357909894009e-05,1.02187983510385e-08,3.89222668389808e-06,2.92239827584389e-05,-1579.84275684731,0.0677034678968314,0.0538371458289884,1,0.456509184341701
"sinusoidal",800,"sir_collapsed",157,17.764,3008.26145615356,3087.08784547263,2697.89067180125,2009.29746225917,6883.98970829235,2956.54272129202,6890.34229791854,2888.11092656714,169.345950019903,173.783373422238,151.874052679647,113.110643000404,387.524752774845,387.882363089312,0.00188031628334201,0.00176329377674472,4.00355704840154e-07,0.00085344431492938,0.00312613367223636,1.50227871708665e-05,1.15143877995791e-05,5.45158996929331e-09,4.2873909999103e-06,2.53956771682557e-05,-1578.15453601815,0.125920359932054,0.10152610292808,0.96,0.459662156048478
"sinusoidal",800,"sir_collapsed",158,17.656,3051.06440993105,3471.34706774019,2731.71777087506,1764.5035659673,6868.5393046837,3073.46086852917,6882.02316365074,2604.0743506184,172.806094808057,196.610051412562,154.718949415216,99.9379002020447,389.02012373605,389.783822136992,0.00190004266922175,0.00179010223754852,4.18376866554859e-07,0.00088313844681062,0.00320901638659054,1.91781979861105e-05,1.14228319436494e-05,1.09095997010576e-08,3.53779545944367e-06,2.86984924911292e-05,-1587.80137359617,0.0711523025335382,0.0562261468030609,1,0.456199141836939
"sinusoidal",800,"sir_collapsed",159,17.962,2919.26701634679,3154.04012570338,2341.56094250127,1991.03633690951,7077.23347532628,3181.68495928189,7076.578788475,2926.0082151694,162.524608414808,175.595152305054,130.361927541547,110.847140458162,394.011439445846,393.974991007404,0.00209207922048961,0.00195692603646061,5.91305338068421e-07,0.000908787851373544,0.0036731397702409,1.89063460764449e-05,1.14563796130247e-05,1.3261734469763e-08,4.84361210804375e-06,2.80724753067541e-05,-1595.32799354449,0.0917193618291454,0.0714598903319231,1,0.464864136134998
"sinusoidal",800,"sir_collapsed",15,17.934,3555.5446568941,3769.88448641876,2350.75869317399,2226.99454724035,7202.91111408451,3494.07760155329,7149.20033749865,3424.90907350962,198.257201789567,210.208792596117,131.078325703914,124.17723582248,401.634387982854,398.639474601241,0.002239594930229,0.00210406509979887,6.5434758603435e-07,0.000924608299955689,0.0038791257831589,1.55658585925092e-05,1.22061428636564e-05,1.161865616026e-09,4.50844472533207e-06,2.67353875707067e-05,-1585.68104943946,0.0861649337027675,0.0675692442194191,1,0.472988442544901
"sinusoidal",800,"sir_collapsed",160,17.782,3476.8121566135,3571.88641173746,2833.28990932471,1488.49668163969,6832.23991888673,3075.98155693085,6727.61977957108,2921.61216483871,195.524246800894,200.870903820575,159.334715404606,83.7080576785337,384.222242654748,378.338757146051,0.00181067972253952,0.00170670540165299,3.95250401806421e-07,0.000848816587427234,0.00310993729560149,2.10401010882016e-05,1.12577788980481e-05,2.57807394998717e-08,3.33293881856962e-06,2.95746180454227e-05,-1618.46121311651,0.085217658515592,0.0683599423037552,1,0.449298827488593
"sinusoidal",800,"sir_collapsed",161,17.627,3052.15458615595,3242.607426528,2348.15099571772,1852.89997653734,6992.96924290752,3277.6163684307,6983.41113473714,2974.77609054364,173.152242931636,183.956851791457,133.213308885103,105.117148495906,396.719194582602,396.176952103996,0.00209791691677279,0.00195182397494735,5.93195346159253e-07,0.000897938793075206,0.00364591535845031,1.68488667068573e-05,1.1925357026312e-05,2.33611462073552e-09,4.3538040555046e-06,2.98053846787968e-05,-1589.23037225317,0.0874980146471841,0.0664748511029659,0.99875,0.46838124713665
"sinusoidal",800,"sir_collapsed",162,17.659,3595.59321185566,3774.52598867699,2470.47992171479,1748.98783265235,6902.33645629134,3749.08959134228,6830.57306079261,3479.31140631527,203.612504210638,213.745171792117,139.899197107129,99.0422918994481,390.867911902788,386.804069357983,0.00193917944380577,0.00183336252154322,4.28417224549e-07,0.000851758080365672,0.00326655544063562,1.76435515548731e-05,1.22964660618795e-05,5.20193735395879e-09,4.85201626447779e-06,2.88758507682778e-05,-1590.76852375051,0.1124218442603,0.0918882556804401,0.9525,0.461057096719834
"sinusoidal",800,"sir_collapsed",163,17.823,3290.53144670674,3492.8044578638,2751.1611132885,2770.97418924212,7100.28889299974,3270.20940941903,7066.09209990219,3187.00304805431,184.622759732185,195.971747621826,154.360158968103,155.47181671111,398.377876507868,396.459187561139,0.00199883356486869,0.00188177767594425,5.07117239766828e-07,0.000833094899843953,0.00339638998650954,1.35751340887231e-05,1.15302529400157e-05,5.50361815137692e-10,5.08090875466423e-06,2.36777478247925e-05,-1579.1985045665,0.0922246526555936,0.0728601135304738,1,0.462615587761842
"sinusoidal",800,"sir_collapsed",164,18.16,3387.46716134362,3589.95215546061,2790.19686350081,1691.41856356202,7019.45122930481,3642.03027801739,6934.06838532622,3021.46147580681,186.534535316279,197.684590058403,153.645201734626,93.1397887424018,386.533658001366,381.831959544395,0.00209980473395482,0.00196423547233331,5.86556579849761e-07,0.000881224781880362,0.00361030167500507,2.55367573176631e-05,1.26906206933349e-05,4.70223034993704e-08,4.22233863691534e-06,3.53005652496053e-05,-1590.16496510833,0.0958790529244197,0.0763252528935907,0.99125,0.46257730564645
"sinusoidal",800,"sir_collapsed",165,18.029,2878.43809218633,3049.58396228456,2925.82412903375,1329.98258129234,6734.26988249919,3054.38919802833,6654.73056551524,2826.05207668098,159.656003782036,169.14881370484,162.284326864149,73.7690710129422,373.524315408464,369.112572273295,0.00182437712876032,0.00171787423166372,3.72095920265879e-07,0.000886501490772608,0.0030798233453683,1.88622287848877e-05,1.184363868489e-05,1.04950692813669e-08,4.06234964652623e-06,2.90042641221279e-05,-1558.37821300628,0.0811934093013164,0.0645398223373901,0.99,0.451086246015624
"sinusoidal",800,"sir_collapsed",166,18.136,3586.5839897575,3993.70755922627,2178.82642474188,1811.04785558141,7176.6851483673,3568.65661196228,7157.15819775204,3359.82258449123,197.760475835769,220.208842039384,120.138201628908,99.8592774361165,395.714884669569,394.638189112927,0.00220927512006719,0.0020616721064869,6.69370112237083e-07,0.00091081402773484,0.00385249845231105,2.03717299919468e-05,1.22113552435433e-05,1.75203558505172e-08,4.51752337236306e-06,2.99658582918805e-05,-1608.57455043598,0.104260325198932,0.0799567743033062,0.9975,0.466556524608858
"sinusoidal",800,"sir_collapsed",167,17.65,3411.47874756204,3615.05681801698,2695.32125934633,1717.21719461478,7004.51898175727,3490.99796544744,6912.30466957578,3159.09740738833,193.284914876036,204.819083173767,152.709419792993,97.2927589016873,396.85659953299,391.631992610526,0.00194310551538768,0.00183853368285166,4.7366203052328e-07,0.000814475720659214,0.00330703798705333,2.27494780809544e-05,1.16700690139722e-05,1.17111301841701e-07,4.66072946218968e-06,2.7377175446543e-05,-1596.75906905733,0.0937155772319916,0.0740370746044184,1,0.457581907891258
"sinusoidal",800,"sir_collapsed",168,18.372,3371.29017405023,3677.9313921756,2480.50274013863,1909.9676855942,7129.95360252372,3560.11337309136,7189.49859216617,3571.18664215355,183.501533532018,200.192215990399,135.015389731038,103.960792814838,388.088047165454,391.329119974209,0.00214433548232704,0.00201790126990648,6.33657632779782e-07,0.000878619882120106,0.00365292916106088,1.66675582111027e-05,1.1707620081705e-05,4.19392374660188e-09,5.10986675150978e-06,2.98440425140446e-05,-1614.31218577464,0.0721005284396552,0.0538759454129028,0.98375,0.464201974252716
"sinusoidal",800,"sir_collapsed",169,17.838,3852.14187129045,4013.46981652811,2091.82767352193,1911.93255519682,7264.76210337132,3565.63039833238,7203.4369148002,3343.34864429253,215.951444741028,224.995504906834,117.268061078705,107.183123399306,407.263264007811,403.825368023332,0.00212511610869546,0.00198679524780265,5.90433940360508e-07,0.000947340070970943,0.00366149533943856,1.44517466242419e-05,1.14690078447621e-05,7.27543352985737e-10,4.72034160728268e-06,2.43035828534307e-05,-1629.81476830138,0.112264446871878,0.0861992191879775,0.96625,0.458435756089597
"sinusoidal",800,"sir_collapsed",16,17.724,3612.25033921063,3552.98861700874,2726.05610405051,2217.32983893728,7179.23114917423,3787.54470213792,7185.04944469306,3489.79429791396,203.805593500938,200.46200727876,153.805918757081,125.103240743471,405.057049716443,405.385321862619,0.00215546980813822,0.0020111444309053,6.17083065513791e-07,0.000846643314264493,0.0036922330511393,1.77334455930229e-05,1.17977342289571e-05,9.75585763471659e-09,4.5253912101408e-06,2.70978584985126e-05,-1573.20419176976,0.0738419394185355,0.0594570494032798,1,0.467750661284732
"sinusoidal",800,"sir_collapsed",170,17.935,3103.86200734257,3224.40730638611,2445.40946908617,2086.73483974432,6876.7685031215,3326.42509487837,6774.00712351595,3010.18179562375,173.061723297606,179.782955471765,136.348451022368,116.349865611615,383.427293176554,377.69763721862,0.00192857725302323,0.00181141983351275,4.41714027388875e-07,0.000799383304317883,0.00313651165241588,1.61856438053839e-05,1.16105743728307e-05,2.57858850344591e-09,4.3575263592568e-06,2.79785957460581e-05,-1548.07593795387,0.0774093223059799,0.0616658743328931,0.9975,0.460905332850474
"sinusoidal",800,"sir_collapsed",171,18.291,2628.98480699742,2758.82429466763,2847.14675122178,2046.27634927784,6833.26176740454,2830.87769755803,6866.49384404223,2626.23768397369,143.731059373321,150.829604432105,155.658342967677,111.873399446605,373.586013197996,375.402867204758,0.00188363646513529,0.00177453470439805,4.1293005697203e-07,0.000846144088087119,0.0032034381466537,1.68631776011136e-05,1.1319007539787e-05,4.73105821667139e-09,5.03629069887563e-06,2.65915060079186e-05,-1588.69142189981,0.0959780515258736,0.0769361407005768,0.9775,0.46210982314099
"sinusoidal",800,"sir_collapsed",172,17.719,3188.14059207885,3042.38002153756,2789.04293402127,1656.40516473992,6816.63422883269,3126.08323267564,6760.13358714034,2845.50140219726,179.92779457525,171.701564509146,157.404082285754,93.4818649325537,384.70761492368,381.518911176722,0.00185091329197805,0.00173671707462432,4.11747771777677e-07,0.000846612545142389,0.00314211214204393,1.84322293823581e-05,1.15241071556053e-05,2.36818749764783e-08,4.95567980691995e-06,2.82415446175172e-05,-1581.49365210905,0.0914200203562803,0.0655804686223362,1,0.45740022609993
"sinusoidal",800,"sir_collapsed",173,17.995,3115.37336687102,3246.02946100174,2164.60713091023,1529.56838231307,6962.49158659696,3366.21681634684,6984.03684174362,2848.90387538883,173.124388267353,180.385077021492,120.289365429855,84.999632248573,386.912563856458,388.109855056606,0.00201302141219965,0.00188593370890565,5.49078474398559e-07,0.000857036701434337,0.00340231822262315,1.7731032867391e-05,1.14753624061046e-05,9.02946736354674e-09,4.4658269250182e-06,2.73442132702777e-05,-1584.40625345028,0.0578080725633749,0.0460061488602669,1,0.461247919975978
"sinusoidal",800,"sir_collapsed",174,17.792,3411.56145662525,3375.87083829937,2814.24918077005,1659.89394610518,7126.53903526454,3680.0871693242,7085.38282195534,3344.57203598623,191.74693438766,189.740941900819,158.174976437166,93.2943989492572,400.547382827368,398.234196377885,0.0021731059599469,0.00204294688090942,5.88358402600311e-07,0.000879599288239705,0.00366140951052107,1.68471265635591e-05,1.22112090759407e-05,5.44953574971769e-09,4.79270209948393e-06,2.81049202265434e-05,-1577.78158709592,0.0930846815578675,0.0724036885342367,0.975,0.468809123117182
"sinusoidal",800,"sir_collapsed",175,17.543,2958.77688298089,3182.84199418037,2647.64722122581,1955.06728345905,7082.38914364587,3239.76252634345,7066.41595080937,3123.15656782033,168.658546598694,181.430883781586,150.923286850927,111.444295927666,403.715963270015,402.805446663021,0.0019816413388934,0.00186606938595707,4.89682114690096e-07,0.000843177419511572,0.00340681129653839,1.81620143598648e-05,1.16993168378591e-05,6.17417751724963e-09,3.65632485008297e-06,2.9766403132185e-05,-1577.88512811931,0.0937334715390392,0.0755341556098282,0.9875,0.45461569356169
"sinusoidal",800,"sir_collapsed",176,17.683,3037.17497591066,2928.17775040666,2394.92108413986,2047.57531544818,7137.88796353308,3307.58298402652,7083.40245747891,2729.6135904903,171.756770678655,165.592815156176,135.436356056091,115.793435245614,403.658200731385,400.576964173439,0.0023031915290893,0.00214253886801491,7.74184746202091e-07,0.000995890378051108,0.00416897327925468,1.81870927210168e-05,1.23286506674088e-05,4.49986380383543e-09,4.91823459960804e-06,3.2973748855404e-05,-1563.51405220327,0.0985870365607012,0.0816751375469903,1,0.481041377579974
"sinusoidal",800,"sir_collapsed",177,17.69,3351.59171655204,3441.60916967066,2559.48574228687,1741.85671311106,6927.14205287544,3502.26109384097,6988.83663983232,3192.67551471307,189.462505175355,194.551111909025,144.685457449795,98.465614082027,391.585192361528,395.072732607819,0.00194087651584154,0.00182578727959837,4.41219824754231e-07,0.000854324666395469,0.00325681436286635,1.81552567106531e-05,1.15678923141797e-05,2.11932283130564e-08,3.5071034125272e-06,2.87033927115794e-05,-1537.48922489227,0.0912867120269371,0.0715425279649561,1,0.458994986694293
"sinusoidal",800,"sir_collapsed",178,17.608,3121.00448783601,3157.38053897043,2957.91800162516,1451.52764699814,6757.78624739882,3316.28737952487,6767.7322555247,2960.88131444182,177.249232612222,179.31511466211,167.987165017331,82.4356909926249,383.790677385212,384.355534729935,0.00185400255917918,0.00174726123586932,4.04146168313875e-07,0.000800415317825579,0.0030764282950839,1.90930414719708e-05,1.1475305756348e-05,1.06583492410632e-08,3.71214879577711e-06,3.00229627914211e-05,-1541.02708722189,0.0855409432884958,0.0686006372386156,1,0.459672769973397
"sinusoidal",800,"sir_collapsed",179,17.909,2743.51888361581,3010.33324830386,2524.09714187421,1387.29780884946,6915.53646879642,2883.68971479244,6887.39884100283,2597.01947373351,153.192187370362,168.090527014566,140.940149750082,77.4637226450089,386.148666525011,384.577521972351,0.00207499760914246,0.00195920794563877,5.36482661478621e-07,0.000854720858186696,0.00350696800001635,2.07258333179122e-05,1.20995078900483e-05,2.09781728471718e-08,4.40569813341913e-06,3.32539933190306e-05,-1597.09838424848,0.103816883598175,0.0774637598152957,0.9775,0.465586153931111
"sinusoidal",800,"sir_collapsed",17,17.983,3251.76946047814,3406.96653026107,2342.26685697589,1415.3544795107,6770.58930700275,3040.98829932681,6730.79886925677,3063.14490648452,180.824637739984,189.454847926434,130.248949395312,78.7051370466943,376.499433187052,374.286763568747,0.00184946433481047,0.00174484377422876,3.83640900204565e-07,0.000762723281256969,0.00300093939908062,1.78579325676082e-05,1.15044798580978e-05,3.57222854858661e-09,3.60505137147318e-06,3.16988668259418e-05,-1567.54267201749,0.0743166641282932,0.0607799981966188,1,0.453696042584059
"sinusoidal",800,"sir_collapsed",180,17.605,2878.29220919518,3361.87788104314,2491.94360902069,1770.43934708188,6926.7426540069,3033.89322612256,6870.94778158279,2997.67264524811,163.492883226082,190.961538258628,141.547492702112,100.56457523896,393.453147060886,390.283884213734,0.0020736728317301,0.00194723567150894,5.29141767146718e-07,0.000919394332636689,0.00353430175864669,1.81336656367657e-05,1.23768708714417e-05,7.71505418210609e-09,4.35679879754617e-06,3.16858244362912e-05,-1562.21108688979,0.0974027870060815,0.0753767293850399,0.98375,0.466556467081497
"sinusoidal",800,"sir_collapsed",181,17.792,4082.92709939256,3946.16901287953,2389.31916215033,2081.00870780889,7168.3766776001,3817.69178377302,7077.90004806631,3534.28212358241,229.48106448924,221.79457131742,134.291769455392,116.963169278827,402.89886901979,397.813626802288,0.00243348496182096,0.00228255845785457,7.75483312160361e-07,0.000993496511766549,0.00421131043270606,1.90763689373761e-05,1.30034647266454e-05,8.31911713094959e-09,4.99779751134906e-06,3.16227430739839e-05,-1570.87675972641,0.119120682050738,0.09927230402678,0.98,0.485238077554711
"sinusoidal",800,"sir_collapsed",182,18.655,3181.13459947927,3398.09783087062,2733.09346220495,1869.73982542329,6798.98930277068,3168.40422108007,6767.15527640553,3091.53925850909,170.524502786345,182.154801976447,146.507288244704,100.227275552039,364.459356889342,362.752896081776,0.0019427966951205,0.00183715920951136,4.54365442338287e-07,0.000809151250235009,0.00325291561161956,1.63186323746819e-05,1.21754969118675e-05,1.60975602838033e-09,4.78586677357693e-06,2.92255303143915e-05,-1565.82260356614,0.108810122255072,0.0825718125813247,0.97125,0.463165278076503
"sinusoidal",800,"sir_collapsed",183,17.654,3139.05543957899,3434.44377649411,3120.00621526905,1626.3214992891,6814.48374145445,3396.48926097707,6874.94379954048,3249.02590935892,177.809869694063,194.541960830073,176.730838068939,92.1219836461483,386.002251130307,389.426974030842,0.00180487253807905,0.0017107840580225,3.66234360863795e-07,0.00084475061157965,0.00305210503306694,1.98675824575496e-05,1.14644389103629e-05,5.35902282432361e-08,3.62023377742697e-06,3.05676981044338e-05,-1586.68088648213,0.0872997631196888,0.0705205805296896,0.99875,0.449169037213026
"sinusoidal",800,"sir_collapsed",184,17.562,3147.67047934255,3419.37443790654,2362.68705970843,2133.89432425873,6983.06324436625,3324.65431636329,6952.52827653469,3017.32475615216,179.231891546666,194.703020037954,134.534054191347,121.506338928296,397.62346226889,395.884766913489,0.00211710184023339,0.00195804686302737,6.03353652405127e-07,0.000909104654094263,0.00374313291765908,1.77404240886363e-05,1.23757575761001e-05,6.44256243251263e-09,4.51241160364556e-06,2.81108634696773e-05,-1589.17656098162,0.0980664853366019,0.07505408097086,0.995,0.464294642416655
"sinusoidal",800,"sir_collapsed",185,17.851,3213.45681811782,3146.10644968393,2326.47677933547,1586.24904902479,6911.69581949993,3325.63454100905,6919.83588090819,3003.28252218443,180.015507149057,176.24258863279,130.327532313902,88.8605147624663,387.188158618561,387.644158921528,0.00179830283304967,0.00167991311491967,3.76122186181009e-07,0.000803357409078636,0.00302364167032205,1.41894420453614e-05,1.08671090917917e-05,1.70375088854113e-09,4.65309370504366e-06,2.36877053106673e-05,-1591.94366123525,0.0804457485256577,0.0674538933086927,1,0.450087820960774
"sinusoidal",800,"sir_collapsed",186,17.649,3253.02472311619,2922.7250386373,2176.90154309359,2071.68534439375,7013.64508015669,3235.42754459922,6997.36045551742,2706.47779195179,184.317792686056,165.602869207167,123.344186248149,117.382590763995,397.396174296373,396.473480396477,0.00203282121893954,0.00191122359089305,5.3826411757629e-07,0.000855973189046978,0.00350497064954897,1.53464918239395e-05,1.18479498337259e-05,1.45629265062234e-09,4.19728464943894e-06,2.66109784759024e-05,-1579.29585698096,0.0923072825216322,0.0743987689092554,1,0.461874992016855
"sinusoidal",800,"sir_collapsed",187,17.723,2950.22988816626,2943.65626663982,2973.89722936739,1632.77096304092,6939.74554138996,3096.07668953627,6950.00182319251,2758.38163043964,166.463346395433,166.092437320985,167.798749047418,92.1272337099202,391.567203147884,392.145902115472,0.00193464318147148,0.00179985642962655,4.60630755927148e-07,0.000857757829928638,0.00329692082772133,1.87926582382259e-05,1.14606520739411e-05,7.54389269567975e-09,4.49668292769085e-06,3.15573482220966e-05,-1609.81896135993,0.100612671573733,0.0798082581925476,0.97125,0.458489860810997
"sinusoidal",800,"sir_collapsed",188,19.666,3261.51427835653,3459.66331298402,2794.05984020149,2034.60912558772,7058.86754939417,3449.87953094395,6967.3298496372,3134.88688096112,165.845330944602,175.921047136378,142.075655456193,103.458208358981,358.937635990754,354.283018897448,0.0020870474589847,0.00196330871912747,5.43966565425546e-07,0.00084566586228608,0.00354555014753879,1.76156523611378e-05,1.22073707095113e-05,4.15833876946563e-09,4.4638682011288e-06,3.04643267083669e-05,-1565.59411164905,0.113394638826422,0.0880246561714564,0.98875,0.470333193555933
"sinusoidal",800,"sir_collapsed",189,17.582,2994.94669245953,3093.89034586708,2568.50514408524,1524.16949164153,6740.15388009895,3270.2866263107,6665.99458351231,2829.53094115689,170.341638747556,175.969192689517,146.08719964084,86.689198705581,383.355356620348,379.137446451616,0.00175402253561529,0.00165011037236693,3.50535730163122e-07,0.000778000368881759,0.00293247543034078,1.54714485907955e-05,1.1370514425336e-05,1.32814627729459e-09,4.45607530883055e-06,2.84733931876101e-05,-1586.3181370631,0.089297569391638,0.0672165003331954,1,0.450377455027647
"sinusoidal",800,"sir_collapsed",18,18.083,3236.56684220394,3327.03832607963,2229.97305606653,1879.89402049756,7002.3006615276,3205.0871356206,7008.17563576541,3152.82721382503,178.983954111815,183.987077701689,123.31875551991,103.959189321327,387.231137616966,387.556026973699,0.00192618620373592,0.00181626086152348,4.44151867183528e-07,0.000886542587819558,0.0032375923257543,1.45428583041121e-05,1.15756985984597e-05,1.13157923670776e-09,4.86434772700949e-06,2.66535762170159e-05,-1581.32264497825,0.0858074801077007,0.0676252322376452,0.99375,0.456111768970643
"sinusoidal",800,"sir_collapsed",190,17.645,3566.76076005982,3654.06181069335,2771.62808026488,1653.59969402849,6954.79211584567,3684.44385037824,6891.52692315966,3356.29279146657,202.140026073098,207.087662833287,157.077250227537,93.7149160684892,394.150870832852,390.565424945291,0.00195617431982038,0.00183039411970668,4.59422272198722e-07,0.000869614005272364,0.00334706618666951,1.79848692539321e-05,1.20949538525186e-05,6.79383510951921e-09,3.50527353687431e-06,2.93694936039899e-05,-1558.40504114645,0.0887145712121711,0.0693165980075389,1,0.457643316084587
"sinusoidal",800,"sir_collapsed",191,17.565,3595.89563902328,3595.56415135916,2180.49791808673,1804.58254728077,7236.14791094082,3689.77183155846,7232.34800664136,3357.56851562458,204.719364589996,204.700492533969,124.138794084072,102.737406620027,411.964014286412,411.747680423647,0.00239230007571255,0.00223068301508583,8.03446972532157e-07,0.000921030637981743,0.00408799717255591,2.29908306418483e-05,1.26209328574848e-05,4.25156377456964e-08,4.23345670016171e-06,3.84003428757649e-05,-1593.16969045975,0.0697426365938895,0.0575486098510485,1,0.478376146461889
"sinusoidal",800,"sir_collapsed",192,17.634,3151.38847976471,3444.84585741981,2802.62164368719,2170.00132024393,7217.7098617135,3399.41549061945,7028.70092825487,3296.84496835021,178.710926605688,195.352492765102,158.932836774821,123.057804255639,409.306445600176,398.588007726827,0.00213266707101586,0.00200259880843318,5.69873562528146e-07,0.000854986988568627,0.00358030738512353,1.64344714539098e-05,1.2001006606085e-05,2.03660976542368e-09,4.49073350896218e-06,2.75278524432154e-05,-1578.46287900233,0.0926070226281536,0.0739278943608047,0.98,0.462544146250205
"sinusoidal",800,"sir_collapsed",193,17.672,2380.29530726892,2612.23905086462,2955.43285346329,2219.63258732032,6721.74055908383,2627.36940464118,6665.99173077235,2501.1325798555,134.693034589686,147.817963493924,167.238165089593,125.601662931209,380.361054724073,377.206413013374,0.00171178806997904,0.00162806112637638,3.1333854456067e-07,0.000766839167895995,0.00280892640215075,1.35017171531619e-05,1.13179036664368e-05,2.08344460983674e-10,5.02234597492827e-06,2.4260430105441e-05,-1540.49950588622,0.0957490072446212,0.0759600802031442,0.975,0.450288607525826
"sinusoidal",800,"sir_collapsed",194,17.809,2870.10038247489,2890.82778789927,2572.08846335452,1136.79153129376,6959.3598293015,3008.70299132294,6895.9492337415,2691.43538627291,161.160109072654,162.32398157669,144.426327326325,63.8324179512473,390.777687085266,387.217094375962,0.00216278742445448,0.00202868707472662,6.08539793441889e-07,0.000899900312113043,0.00367963276472995,2.13463302267316e-05,1.23646392275317e-05,9.63554396307098e-09,4.02199693302102e-06,3.47183312679494e-05,-1567.64685874565,0.0783859246045112,0.0619735551077476,0.99875,0.473470050865751
"sinusoidal",800,"sir_collapsed",195,17.534,3352.50822468225,3610.18245643017,2557.98078535283,2017.26170597629,7296.72056168356,3243.23440190557,7150.7211877789,3133.3370833185,191.200423444865,205.896113632381,145.886893199089,115.04857453954,416.146946599952,407.820302713522,0.00239652055650179,0.00226300248891113,7.54040533432809e-07,0.0010159108764107,0.00409313259115992,2.0658462055157e-05,1.31391092439607e-05,1.33067033494843e-08,4.86550107770714e-06,3.3985266202702e-05,-1570.27588271841,0.109841853372056,0.0912106399709275,0.9875,0.477015720051534
"sinusoidal",800,"sir_collapsed",196,17.546,3136.57116522242,3265.43144173633,2722.51740698269,1796.69264902248,6960.3027717375,3250.59827870214,6990.0029971456,3033.16633692884,178.7627473625,186.10688713874,155.164562121434,102.398988317707,396.68886194788,398.381568285969,0.00197758171180222,0.00187092266378707,4.766136170214e-07,0.000888366164773328,0.00339099371470121,1.79761214327898e-05,1.20290670174735e-05,7.890790139363e-09,4.09374645963884e-06,2.80035029854303e-05,-1570.8802026291,0.0899869713360092,0.0707849245958302,1,0.461021127143573
"sinusoidal",800,"sir_collapsed",197,17.656,3246.71079623034,3244.20303612142,2324.70204640703,2058.05142624252,7060.84774137962,3442.86937471807,7125.85312268981,3142.80454150184,183.8871089845,183.745074542445,131.66640498454,116.563855133808,399.912083222679,403.59385606535,0.00220746483179177,0.00206389766228701,6.70472583698897e-07,0.000914632332447282,0.00384321156623175,2.01084009531933e-05,1.22815439716312e-05,2.92030191401652e-08,4.37702831706752e-06,3.05644748751079e-05,-1588.4345386552,0.104880445852702,0.0848578846636606,0.98125,0.470429212529284
"sinusoidal",800,"sir_collapsed",198,17.767,3211.70313397613,3349.91084557529,2617.34419491677,1732.09002066591,6724.76996713868,3276.94068725207,6755.52790240096,3074.22353791091,180.767891820574,188.546791555991,147.314920634703,97.4891664696295,378.497774927601,380.228958316033,0.00170386226036747,0.00162150497054374,3.01964942862653e-07,0.000817504966336414,0.00281233538499156,1.51799199616839e-05,1.10406600813623e-05,1.99387963956832e-09,4.20005420472269e-06,2.50043116777284e-05,-1553.44138637824,0.0970662620278273,0.0754003902167429,1,0.447558630249261
"sinusoidal",800,"sir_collapsed",199,17.764,3146.67591318562,3290.23015186624,2673.37284253177,1942.51895841053,7177.86454577742,3461.24455679265,7139.08638720798,3205.02611417347,177.137801913174,185.218990760315,150.493855130138,109.351438775644,404.068033425885,401.885070209861,0.00233415261313975,0.00217103379416666,7.90141356718498e-07,0.000919905185469661,0.00416437328838424,1.98128062382352e-05,1.26088625897431e-05,1.20026132522776e-08,4.02893259194966e-06,3.34460846791408e-05,-1573.67166398402,0.0999955126363249,0.0800190173707032,0.97625,0.474137313725253
"sinusoidal",800,"sir_collapsed",19,17.519,3700.54434650367,3653.34517767564,2364.90961555795,1521.63287222159,7122.57467712096,3944.53112059177,7108.01073004916,3222.13300706985,211.23034114411,208.53617088165,134.991130518748,86.8561488795929,406.562856163078,405.73153319534,0.00220618523588175,0.00205318263520277,6.71204228815618e-07,0.000820368214586663,0.00381093264489554,2.00723879511996e-05,1.20845440687808e-05,1.38402105213351e-08,4.68504504362738e-06,3.199946056462e-05,-1582.00736986319,0.0918399692178048,0.0708875008443551,1,0.471609999504743
"sinusoidal",800,"sir_collapsed",1,17.682,3358.30217791959,3287.33952459396,2745.08875911169,2022.69387101553,6915.67071558322,3642.80154532998,6919.09833357931,3054.36176225614,189.927733170432,185.914462424723,155.247639357069,114.392821570836,391.11360228386,391.307450151527,0.0018917559651664,0.00177962245425603,4.15580993518902e-07,0.00085061555983209,0.00317249124582981,1.52975793345546e-05,1.14978938266359e-05,1.36079404334323e-09,4.55794578953174e-06,2.62857839421043e-05,-1593.48256293947,0.0850504262251707,0.0677566257034439,1,0.454228815928195
"sinusoidal",800,"sir_collapsed",200,19.852,3511.54099482005,3607.48622072664,2083.66939878026,1623.19493912089,7083.85718749137,3032.371241057,6985.85847400055,3218.46725438624,176.886006186785,181.719031872186,104.960175235758,81.7648065243247,356.833426732388,351.896961213004,0.00224074448764531,0.002099229416626,6.7382195680479e-07,0.000863795137367602,0.00377956671251445,2.06948478870555e-05,1.26126977254667e-05,2.20737428297816e-08,3.99691446475511e-06,3.16643625962958e-05,-1578.5621090664,0.0948757530542294,0.0761338137122588,0.985,0.474805359987354
"sinusoidal",800,"sir_collapsed",20,17.498,3281.79050109393,3184.27128468994,2724.24360433973,1496.93908340613,7126.02688760369,3565.78858462145,7049.40601107305,3205.63969218892,187.552320327691,181.979156743053,155.688856117255,85.5491532407205,407.248079072105,402.869242831926,0.00233369752003332,0.00217006501994639,7.79082548229556e-07,0.000977658494848268,0.00416264580468609,2.1724137001821e-05,1.23373370504684e-05,1.4649530391701e-08,2.79227082609327e-06,3.52566098141923e-05,-1604.03923373211,0.077681920064616,0.0601990610630746,0.9875,0.475295093883422
"sinusoidal",800,"sir_collapsed",21,17.724,3041.59647173656,3347.20071533038,2696.1060906921,2033.95616132898,6858.51528167085,2860.3244689733,6926.47858906471,2965.97209148853,171.608918513685,188.85131546662,152.116118860985,114.757174527701,386.962044779443,390.796580290268,0.00194641246008508,0.00181367686863122,4.62867325904672e-07,0.000802343240363601,0.00329592969295266,1.8522060371996e-05,1.19642942597654e-05,7.14637700839211e-09,4.67282256314856e-06,2.96087466506521e-05,-1562.63797985381,0.0824542022338499,0.0666750490195001,1,0.458786637279189
"sinusoidal",800,"sir_collapsed",22,17.932,3121.24768227014,3720.09889505613,2459.65092838848,1953.86503616812,7095.79785445106,3301.83031542962,7109.74787334572,3130.68813577756,174.060209807614,207.45588306135,137.16545440489,108.959683034136,395.705880796958,396.483820730856,0.00217385807972137,0.00205589037917212,6.26822102819573e-07,0.000947722491919209,0.00384474970024186,2.33579627162e-05,1.21844568102875e-05,4.737083174552e-08,3.94995178372362e-06,3.12890700436826e-05,-1632.61938395203,0.0951750198698847,0.0752492775685023,0.9725,0.463764152395834
"sinusoidal",800,"sir_collapsed",23,17.642,2998.63939715238,3364.5365251239,2882.12905844527,1320.29188726566,6946.49736576113,3172.54691998589,6878.85636352851,3032.74356838269,169.971624370955,190.711740455952,163.36747865578,74.8379938366206,393.747725074318,389.913635842224,0.00182112031474067,0.00171824915241532,3.90945338127301e-07,0.000765953717262825,0.00303428659356586,1.49380690447978e-05,1.11762314388032e-05,1.89124261193281e-09,4.70870495940046e-06,2.59273047098637e-05,-1583.73056267825,0.0808963090262164,0.064228819707004,1,0.449462509251758
"sinusoidal",800,"sir_collapsed",24,17.723,2916.50392884695,2946.63952804537,2453.32861241704,1592.23110164322,6754.7771955939,3110.38687955265,6717.3023807307,2783.28842718182,164.560397723125,166.260764432961,138.426260363203,89.8398184079003,381.130575838961,379.016102281256,0.00190373290128154,0.00179704471123731,4.40536277598706e-07,0.000845710991356691,0.00325369343391177,2.09648928916825e-05,1.15078512764855e-05,4.01793736938442e-08,3.62620876847025e-06,3.11616399638959e-05,-1555.71384527935,0.0746538390063648,0.0611661709411433,1,0.458958063071751
"sinusoidal",800,"sir_collapsed",25,17.737,3177.46990683474,3254.92698223255,2626.41280172648,1613.61739787987,6835.51995881663,3467.35485515695,6785.13995801803,2934.62040217192,179.143592875613,183.510570120796,148.075367972401,90.9746517381669,385.381967571553,382.541577381633,0.00199570007460653,0.0018712421535614,5.03027585881812e-07,0.000924413201909273,0.00342753176743582,4.34647215069805e-05,1.18354722161608e-05,5.07727158695035e-06,4.27832879484148e-06,3.17815526039636e-05,-1561.11685535996,0.108950946928196,0.0888930624964363,0.97625,0.465303512131074
"sinusoidal",800,"sir_collapsed",26,17.719,2940.35940273061,3175.8784767178,2516.54688556268,1741.64755089675,6848.47411237788,3089.04779082721,6851.34854333698,2733.20885298587,165.943868318224,179.235762555325,142.025333572023,98.2926548279673,386.504549488001,386.666772579546,0.00195481730629266,0.00182928960516992,4.76467716388385e-07,0.000823002508685171,0.00327998957106093,2.10283625025027e-05,1.19592586595424e-05,1.90285327317754e-08,4.26927653181749e-06,3.01453374761593e-05,-1582.22398455947,0.0912260585621766,0.0712180335274337,0.99125,0.46030473322964
"sinusoidal",800,"sir_collapsed",27,17.86,3241.40843731503,3250.17830350312,2871.89818557606,1281.20666180473,6839.7524369905,2965.56820988369,6822.87025019405,2960.61041733511,181.489834116183,181.980868057286,160.800570301011,71.7360952858192,382.964862093533,382.019610873127,0.00198477625944112,0.00186440277271501,4.84270150221017e-07,0.000907737866373197,0.00339632842408862,2.12652055286239e-05,1.19480719250934e-05,1.54756567307518e-08,4.22042840655093e-06,3.25274571769737e-05,-1573.87881326802,0.0923794828162718,0.0727227765256654,0.98875,0.462705618053047
"sinusoidal",800,"sir_collapsed",28,18.105,3312.22705101562,3475.51643661044,2801.43164581141,1872.80895243478,6936.86377758922,3541.47139471716,6933.65634200244,3125.5159137669,182.945432257145,191.96445383101,154.732485269893,103.441532860247,383.146300888662,382.969143441173,0.00191258816840681,0.0017906598141499,4.29511765899878e-07,0.00084311258246238,0.0032206250717587,1.67579871049241e-05,1.18108796310715e-05,4.79446906614968e-09,4.40268161449761e-06,2.84199882773678e-05,-1568.57763584179,0.0915922828597904,0.0714437670878009,1,0.457789994948476
"sinusoidal",800,"sir_collapsed",29,17.703,3897.24877018641,4027.18473316128,2587.73663202171,1842.27857378638,7262.83355734697,3922.23546293497,7358.19534121753,3804.09858149524,220.146233417297,227.48600424568,146.1750342892,104.065896954549,410.260043910465,415.646802305684,0.00240588485261491,0.00225205582860491,7.902232296326e-07,0.00095948485700874,0.00416560501688757,1.76138191909631e-05,1.22344214073751e-05,3.52526563092193e-09,4.10549288072306e-06,2.99078352810348e-05,-1588.99846153085,0.0961650116292076,0.0703337570279491,0.9725,0.476838813142673
"sinusoidal",800,"sir_collapsed",2,17.68,2770.39926127317,2964.36840788044,2734.36364258272,2417.9328887219,7075.99668929413,3012.57197214572,7015.54372340236,2781.5944775155,156.696790795994,167.667896373328,154.658577069158,136.760909995582,400.226057086772,396.806771685654,0.00198700921264874,0.00187087757664543,4.86733773538626e-07,0.000869390080349461,0.00336085143971533,1.50808008317403e-05,1.19025234292095e-05,2.77753890163211e-09,4.93439019768266e-06,2.53706007686009e-05,-1565.08346710202,0.126982956404664,0.0996132575489198,0.95375,0.464311489710059
"sinusoidal",800,"sir_collapsed",30,17.644,3066.67654594523,3186.56117835366,2638.26510638639,1574.35826444477,6809.21104646973,3248.85220662042,6671.83312928121,2981.81953582599,173.80846440406,180.603104644846,149.527607480525,89.2291013627732,385.922185812159,378.136087581116,0.0019246646632732,0.00181639179874176,4.35057169859409e-07,0.000815553538026313,0.00323450667257033,1.75127190782551e-05,1.23409347033087e-05,7.31131591203280e-09,4.28812530742282e-06,2.97987423272599e-05,-1564.7933273604,0.120896439675884,0.0899635873238925,0.93375,0.460127084546126
"sinusoidal",800,"sir_collapsed",31,17.687,3490.31974383055,3366.00281207424,2236.664464749,2110.49905598109,7446.65236350095,3699.58754972654,7267.06763730598,3235.82695789998,197.338143485642,190.309425684075,126.458102829706,119.324874539554,421.024049499686,410.870562407756,0.00280162397923992,0.00259625946764274,1.23060384541426e-06,0.0011060732960025,0.00512526975902444,2.09562063040362e-05,1.30819857891312e-05,1.64673983363778e-08,4.16190252386229e-06,3.47540500023123e-05,-1557.47179377687,0.0959992989721782,0.0746557824028907,0.995,0.494512449079206
"sinusoidal",800,"sir_collapsed",32,17.879,2605.34177268632,2593.90153520267,2350.82008099965,1443.54986450841,6811.17063668762,2726.20558578525,6681.48135017435,2431.37955220843,145.720777039338,145.080906941254,131.484986912,80.7399666932383,380.959261518408,373.705540028769,0.00191975888191926,0.00181172801711592,4.36684268687001e-07,0.000848124665664556,0.00320633180901357,2.1762703405029e-05,1.23618634846127e-05,3.06232324325353e-08,4.57860395255498e-06,3.23368454789345e-05,-1619.60887117288,0.0970864310715073,0.0778152510541322,0.9875,0.462732243854413
"sinusoidal",800,"sir_collapsed",33,17.636,3186.0824081451,3211.05460381191,2483.08339573551,1611.09524705515,6800.11981310188,3391.36519570819,6760.49970888466,2970.39820869567,180.657882067652,182.073860501923,140.796291434311,91.3526449906529,385.581753974931,383.335206899788,0.00187826797173163,0.00174235870727284,4.42289402492297e-07,0.000808592065258543,0.00315990476537449,1.67034492626033e-05,1.16776265261934e-05,4.93840847760441e-09,4.9858247506088e-06,2.94369472910517e-05,-1597.59446769722,0.103588634163695,0.0808670048921707,0.985,0.456573498077343
"sinusoidal",800,"sir_collapsed",34,17.584,3492.69516445054,3586.17674235583,1739.83330902864,1474.10342702475,7192.4188740998,3174.29698670473,7195.63017394848,2811.13898833931,198.629160853648,203.945447131246,98.9441144807007,83.8320875241553,409.032010583474,409.214636826005,0.00214176217114551,0.00200214262766243,5.9716158835028e-07,0.000918205318417193,0.00365081854610382,1.55692454151224e-05,1.17991851926714e-05,3.99675877410578e-09,4.57611621748929e-06,2.47282703248258e-05,-1591.24294394898,0.104352191373461,0.0783728936676959,0.97875,0.470710915777121
"sinusoidal",800,"sir_collapsed",35,17.578,2968.27475018385,3003.75824997707,2628.174244214,1561.88962354001,6715.32432023275,3093.25257813335,6666.80095100796,2801.76595844029,168.863053258838,170.881684490674,149.514975777336,88.8547971066113,382.030055764749,379.269595574465,0.00178472921396822,0.00168055254664922,3.60274519452317e-07,0.000818916070871605,0.00297042212704113,1.71451057468152e-05,1.13037892665882e-05,4.5642055302546e-09,4.06107729071528e-06,2.78666268869217e-05,-1545.65092384238,0.0855309574502546,0.0706021243493773,1,0.454260613706708
"sinusoidal",800,"sir_collapsed",36,18.047,3376.60159330155,3457.06502761483,2783.89042867187,1852.44853054186,6914.5718584646,3597.51780428885,6882.56671273041,3227.56555538599,187.100437374719,191.558986402994,154.257795127826,102.645787695565,383.142453508317,381.369020487084,0.00207212615801745,0.00192884915644964,5.58003685535195e-07,0.000838680865223607,0.00359541514209926,1.93378842498957e-05,1.20034937516471e-05,8.69678409034984e-09,2.91014961226184e-06,3.39827588160954e-05,-1570.76873853554,0.0908032196094989,0.0741419363737669,1,0.467891946921851
"sinusoidal",800,"sir_collapsed",37,17.877,3034.12968839485,3537.37409880295,2583.31231703187,1686.78744118183,7166.85496513116,3223.15240340552,7194.990153108,3321.43529214859,169.722531095533,197.87291485165,144.504800415723,94.3551737529692,400.898079383071,402.471899821446,0.00219340989036344,0.00205363911368396,6.25360458555065e-07,0.000905060213798086,0.0037674869666407,1.94641606145905e-05,1.21169730227148e-05,2.5277729184217e-08,4.74446400208582e-06,2.97445441719867e-05,-1575.78583207204,0.081339360074986,0.0637704181609867,1,0.468333911659739
"sinusoidal",800,"sir_collapsed",38,17.734,3169.6169153588,3266.80311492064,2374.37140872305,1630.89039391702,7033.64117561179,3382.33481467681,6941.12299287147,3177.95050362498,178.731076765467,184.211295529527,133.888091165166,91.9640461214062,396.618990392003,391.401995763588,0.00213615909891778,0.00197398748379417,6.44832593785537e-07,0.000928844733088456,0.00378989274763417,1.91082018480364e-05,1.20900981206844e-05,9.11119618880678e-09,4.39243638363057e-06,3.25085364280179e-05,-1563.77637104784,0.085293972808658,0.0700116932182689,1,0.469381420209147
"sinusoidal",800,"sir_collapsed",39,18.875,3112.38119388087,3231.04151572431,2576.15973241028,2019.18028216714,6885.67713910599,3301.51772689914,6855.75970775053,2986.74836438966,164.894367887728,171.181007455592,136.485283836306,106.976438790312,364.804086840053,363.219057364267,0.00183686540691554,0.00174177996310229,4.06477672941769e-07,0.000792132359932145,0.00304729632663217,1.49806505144216e-05,1.14479659999539e-05,1.36707612211209e-09,4.98445061217226e-06,2.65101916017709e-05,-1575.48156537971,0.0764970170017516,0.0562282127816125,1,0.451351769811036
"sinusoidal",800,"sir_collapsed",3,17.737,3249.15465340086,3478.89609413683,2445.14567032329,1766.9139215579,6990.54186799711,3467.12516718525,6947.74926538271,2967.5366763427,183.185130146071,196.13779636561,137.855650353684,99.6174055115238,394.121997406388,391.70937956716,0.00208715369673065,0.00195643272072388,5.29341817512506e-07,0.000966321277128686,0.00356744922346341,1.74050246432728e-05,1.17549125385357e-05,9.89266773249262e-09,4.52335685051164e-06,2.88672276404127e-05,-1566.82384504086,0.101552634667879,0.07658052793628,0.9625,0.467198511398784
"sinusoidal",800,"sir_collapsed",40,17.723,3051.67936337969,3529.14135349425,1443.72432073185,1666.0013718775,7097.12697826489,2735.21899100575,7057.13264846282,2932.22166689041,172.187516976792,199.127763555507,81.4604931857953,94.0022215131469,400.447270680183,398.190636374362,0.00210392134159317,0.00196466713521821,5.74755952307618e-07,0.00085466555246916,0.00359729907747178,1.54297056460593e-05,1.16644847201139e-05,1.77535798834956e-09,5.08372807909205e-06,2.76548654838245e-05,-1567.1738685939,0.0797551731037218,0.0577271976831385,0.98,0.464229151028072
"sinusoidal",800,"sir_collapsed",41,17.648,3365.29663685973,3537.93804210999,2357.37592650552,1569.75395703601,6862.52190052465,3215.02933392488,6750.37548756089,3069.84060268788,190.689972623511,200.472463854827,133.577511701355,88.9479803397557,388.85550206962,382.500877581646,0.00205699936399515,0.00192350054587241,5.49549554274353e-07,0.000882312646279108,0.00356089444609136,2.11013087692917e-05,1.22374729594372e-05,2.89469433826713e-08,4.77235182205843e-06,3.29621801081583e-05,-1572.32212905834,0.120497474793409,0.0953402964455196,0.97375,0.469779021404248
"sinusoidal",800,"sir_collapsed",42,17.9,3459.47479742726,3478.51083232233,2098.0036560435,1607.65018161176,7058.39712629337,3727.47953329325,7008.06102211655,3269.53934692065,193.266748459623,194.330214096219,117.206908158855,89.8128593079194,394.323861804099,391.511788945059,0.0021648793961479,0.00200048761745507,6.61363648002569e-07,0.000920055884226011,0.00384499869003032,2.00769996944086e-05,1.21579566778362e-05,2.46835357582308e-08,4.01137881172509e-06,2.99106398210351e-05,-1598.84315817151,0.0995082723066428,0.0735599910887442,0.9675,0.469621802519528
"sinusoidal",800,"sir_collapsed",43,17.859,3453.08618310118,3619.50945839766,3031.23925622782,1655.94596353381,6874.56368662653,3206.07219360435,6721.54604866517,3234.50572808733,193.352717571039,202.671451839278,169.731746247148,92.7233307314971,384.935533155638,376.367436511852,0.00203599800467224,0.00191787174790214,5.02171403228409e-07,0.000908186289892262,0.00345117863468954,2.1186062736766e-05,1.24137408417107e-05,1.17841922101726e-08,4.6435288177951e-06,3.6048284364308e-05,-1558.56323277532,0.0934562468914171,0.0766631240832929,0.99125,0.465201443087672
"sinusoidal",800,"sir_collapsed",44,17.692,3240.0338938239,3540.11720412323,2876.95403366602,1756.54333989545,6882.14875040094,3420.87365189586,6891.66769912962,3134.33855959076,183.135535486316,200.097061051505,162.613273438052,99.2846111177622,388.997781505818,389.53581839982,0.00200378115974922,0.00189157136030424,4.85473573945217e-07,0.000817901370807532,0.00332782374828055,1.85524284803634e-05,1.23553731519314e-05,6.79701254968528e-09,4.83438866785115e-06,3.09899881148915e-05,-1568.05154524169,0.114147674399859,0.0895305687010994,0.9825,0.467381280743764
"sinusoidal",800,"sir_collapsed",45,17.695,2845.38425216103,2896.9069911394,2619.62361155159,1966.84032835465,6934.7396579211,3006.72401556965,6885.38944863717,2676.88933945824,160.801596618312,163.713308343566,148.04315408599,111.152321466779,391.903908331229,389.114973079241,0.00204315376970378,0.00191685102265659,5.20206216183918e-07,0.000861805978782715,0.00343794416640658,1.91985023411538e-05,1.18079061414776e-05,1.61616920152404e-08,4.44888659122273e-06,3.21897309536114e-05,-1578.42541681907,0.0864068244007608,0.0722635366446161,1,0.465434173760964
"sinusoidal",800,"sir_collapsed",46,17.859,3386.82859221869,3338.61868776664,2721.66719719765,1922.17073547507,6896.12970066946,3396.90572231749,6871.36466246501,2926.96673455146,189.6426783257,186.943204421672,152.397513701643,107.63036762837,386.143104354637,384.756406431772,0.00190605644328663,0.00179595683439886,4.57091330536193e-07,0.000829833338070746,0.00327107002221975,1.76674711993421e-05,1.16182514278242e-05,4.67908755412033e-09,4.08771696587205e-06,2.81046431059734e-05,-1587.76468292038,0.0738287589079282,0.0591128596224103,1,0.4571848702807
"sinusoidal",800,"sir_collapsed",47,17.82,3195.52780121485,3323.89698682175,2173.848002124,2244.29359881917,6914.32959756641,3325.45356189174,6928.40419804434,3194.2661036624,179.322547767388,186.52620577002,121.989225708418,125.942401729471,388.009517259619,388.799337712926,0.00199558937526079,0.00188973885965357,4.95157250964996e-07,0.000796396251642503,0.00332886322573096,1.50750005419777e-05,1.22106860658374e-05,9.00131584307584e-10,5.28181374970023e-06,2.67890140761498e-05,-1605.59827825797,0.0995014022808766,0.0785616960123616,0.9825,0.458729130451178
"sinusoidal",800,"sir_collapsed",48,17.681,3142.55713346896,3316.06921724894,2994.13776572677,1974.40734454745,6868.43073806305,3097.21573071293,6881.87084528121,3002.76330722084,177.736391237428,187.549868064529,169.342105408448,111.668307479636,388.463929532439,389.224073597715,0.00184301136881998,0.00173891277875866,3.82291596666445e-07,0.000792069250694752,0.00305787727894419,1.72864295801949e-05,1.13437947575425e-05,1.83256802800618e-08,4.89983947573711e-06,2.57000130469941e-05,-1550.59207532058,0.0623198516936902,0.0496422526924446,1,0.453667180325436
"sinusoidal",800,"sir_collapsed",49,17.767,3516.09638183629,3517.80981118203,1878.35828208499,1970.25259150793,7168.96272768668,3474.41014088118,7163.28582422639,3077.15737344506,197.900398594939,197.996837461701,105.721747176506,110.893937722065,403.498774564455,403.1792550361,0.0021131409548991,0.00195336123820441,6.0820072237349e-07,0.000870759965508088,0.00367020865000457,1.41021239594111e-05,1.13622600704252e-05,3.88607783554873e-10,5.2211322533403e-06,2.58504038584817e-05,-1604.25766256254,0.0925667344522648,0.0717798375072082,0.9825,0.465737125764138
"sinusoidal",800,"sir_collapsed",4,18.007,3336.48369916006,3511.413332708,2117.06418855935,2025.85978653935,7154.39585677382,3553.54755633168,7211.03372925467,3363.55720509014,185.288149006501,195.002684106625,117.568955881566,112.504014357714,397.311926293876,400.457251582977,0.00227124245928514,0.0021362118054278,6.8272079093663e-07,0.000926179263620749,0.00394247798831268,1.66987005801386e-05,1.21873192873148e-05,3.46721189827472e-09,4.86168896511187e-06,2.89258669151076e-05,-1593.92060023362,0.0959108730726973,0.0768034743162421,0.98625,0.466768377644935
"sinusoidal",800,"sir_collapsed",50,17.604,3587.18316335294,3393.32769208892,2482.8366091455,2352.20793977105,6854.74189450362,3420.64510506603,6966.71995135007,3275.32463018418,203.770913619231,192.758900936658,141.038207745143,133.61781071183,389.385474579847,395.746418504321,0.0017967913307551,0.00168834115536467,3.64206146800393e-07,0.000880237015387662,0.0030870289726107,1.36956108646256e-05,1.11036433928919e-05,7.79528798687764e-10,4.60183571226675e-06,2.33857960288454e-05,-1567.11329001183,0.0599251466693265,0.052238692355096,1,0.452307771504393
"sinusoidal",800,"sir_collapsed",51,17.629,3439.85923847114,3298.2101414552,1549.52363542562,1718.16801682531,6898.2297741172,3699.61867065237,6860.702585336,3051.17813772972,195.125034798975,187.090030146645,87.8962865406782,97.4625910048961,391.300117653707,389.171398566907,0.00214836468998176,0.00202683878583429,5.8314110993973e-07,0.000873482116293887,0.00366988038203231,2.03657141386241e-05,1.26368247753389e-05,9.75460114681267e-09,4.35602048952017e-06,3.15080337383e-05,-1555.2028949546,0.0923302184300233,0.07186306597802,0.99125,0.47300489245517
"sinusoidal",800,"sir_collapsed",52,17.674,2703.12373247248,3081.54119575715,2778.51429925235,1631.31238691508,6919.23515309185,2809.59942234551,6817.58166539039,2655.78959932855,152.943517736363,174.354486576731,157.209137674117,92.3001237362837,391.492313742891,385.740730190698,0.0019746791984529,0.00185827596647458,4.74219701921387e-07,0.000868257889206346,0.00333437559375893,1.87902816834653e-05,1.19622297810557e-05,8.40368881055987e-09,4.50111811095085e-06,3.04135575298972e-05,-1570.66332192871,0.119444884668511,0.0951693578512288,0.97375,0.465135196883346
"sinusoidal",800,"sir_collapsed",53,17.881,3405.41544382705,3452.56502042303,2040.31012005459,1685.45266741137,7032.69892943835,3592.13334238084,7111.3183428633,3260.15959355407,190.448825223816,193.085678676977,114.104922546535,94.2594187915312,393.305683655184,397.702496664801,0.00230397683714227,0.00213814652127294,7.5176951132122e-07,0.00090246011182677,0.00395730906714286,2.22459493338918e-05,1.28595908679116e-05,2.46733542569167e-08,3.88613066645293e-06,3.45516728372948e-05,-1610.98033903877,0.0947345791585682,0.076196576979924,0.99875,0.473629679350659
"sinusoidal",800,"sir_collapsed",54,17.786,3506.2772091054,3585.07149288942,2173.43752731067,1706.04596781797,7143.46558935232,3387.80961543012,7085.73070751845,3347.26138667458,197.136917187979,201.567046715924,122.199343714757,95.9207223556714,401.634183591157,398.388097802679,0.00233563912381696,0.00216553333495812,7.89060702003454e-07,0.000927417524355083,0.00411453064327283,2.22526106471501e-05,1.22275895513658e-05,4.14464505889316e-08,4.02840446040273e-06,3.03259020652244e-05,-1584.917776683,0.089083615789083,0.0723434748485113,1,0.479926484460655
"sinusoidal",800,"sir_collapsed",55,17.556,3074.57165077778,3512.33005408014,2502.4184881604,1772.579381981,6849.36580694322,3358.93752082,6809.11701487378,3394.86603747845,175.129394553302,200.064368539538,142.539216687195,100.96715550131,390.143871436729,387.851276764284,0.00187524177686264,0.00174814284161299,4.36699429405075e-07,0.000779358420978735,0.00313071730800486,1.79043195439528e-05,1.10674524138012e-05,1.89185712929171e-08,4.63818683214111e-06,2.60800193915606e-05,-1591.93820702998,0.0727976495464532,0.0564841001204813,1,0.457847672399506
"sinusoidal",800,"sir_collapsed",56,17.518,2969.13533239359,3409.90782385536,2586.03626315024,2133.25771738224,6888.20765128641,3014.71690416376,6928.40772278535,2863.09706534202,169.490543006826,194.651662510296,147.621661328361,121.775186515712,393.207423866104,395.502210456979,0.00184541808236779,0.00173100471006796,4.01305153491578e-07,0.000857985099340829,0.003173482174491,1.45334663718882e-05,1.16221721506202e-05,1.15867013794136e-09,4.92396845783236e-06,2.58893278612365e-05,-1592.68332907148,0.093618684362666,0.0776040638079154,0.98875,0.449388753808106
"sinusoidal",800,"sir_collapsed",57,17.618,3212.77775934209,3375.49656552953,2066.03847795126,1740.65862574739,6812.4625128166,3060.67204467518,6770.3652675812,2840.23253499154,182.357688690095,191.593629556677,117.268616071703,98.8000128134514,386.676269316415,384.286824133341,0.00181749029055264,0.00171560406305159,3.75409706649331e-07,0.000789595455638799,0.00299748533295927,1.65746548483794e-05,1.15386636299719e-05,9.87631726059675e-09,4.46477687921913e-06,2.75427977697911e-05,-1580.09204532762,0.0963541923417464,0.079683001638626,1,0.449963880152051
"sinusoidal",800,"sir_collapsed",58,17.845,2924.18764877115,3140.52828085465,2922.56221989887,2441.20898497947,6691.6654620749,3069.56086307831,6659.6411299643,2915.04396166104,163.865937168459,175.989256422228,163.774851213161,136.800727653655,374.988257891561,373.193674976985,0.00180301764228524,0.0016894428410473,3.64141226062187e-07,0.000834211122672569,0.00299175784310109,1.47675982987045e-05,1.17808531979046e-05,2.23245936437394e-09,4.90220120911139e-06,2.53916918107151e-05,-1554.86096459725,0.102566841571086,0.0772529421271211,1,0.456577695003326
"sinusoidal",800,"sir_collapsed",59,17.998,3086.32859060684,3140.91093383786,2622.70619431877,1639.57385797897,6892.36283783903,3325.90897162416,6839.97835798021,2975.01828740399,171.481753006269,174.514442373478,145.722091027824,91.0975585053323,382.951596724026,380.041024446061,0.00197243838006224,0.00186316705095677,4.73105965527143e-07,0.000847938063188613,0.00332829935030993,1.75557563611547e-05,1.18919389030324e-05,3.69666369117833e-09,4.46980815540937e-06,2.84532587844822e-05,-1575.24439504984,0.0749753638265478,0.0578008516311184,1,0.462022013869728
"sinusoidal",800,"sir_collapsed",5,17.702,3469.55919527002,3760.95455070813,2386.70360414108,1312.61629965432,7063.89477773397,3717.9620802069,6936.90973797641,3249.56579425376,195.998146834822,212.459301248906,134.826776869341,74.1507343607681,399.045010605241,391.87152513707,0.00235090458799459,0.00218965348277584,7.82541657260822e-07,0.000910467482880713,0.00402065017403054,2.57323418473101e-05,1.23571124016279e-05,2.10040756080631e-08,3.39184119903188e-06,3.85211391235817e-05,-1556.87549331263,0.0884698187982634,0.067280821285402,0.98,0.477159878728304
"sinusoidal",800,"sir_collapsed",60,17.76,2851.8986776914,2972.77777562577,2493.81247089315,2060.15514813349,6846.43625222742,3026.94800435797,6817.42473493323,2728.07006486762,160.579880500642,167.386136014965,140.417368856596,115.999726809318,385.497536724517,383.864005345339,0.00185530577903,0.00175247174780233,4.08011109445399e-07,0.000834600147190841,0.00316429799597591,1.77343901330878e-05,1.15749036453389e-05,1.54509711587502e-08,4.62197362537032e-06,2.51313244634406e-05,-1554.82412849994,0.0826997655648603,0.065164546931234,1,0.456743291644264
"sinusoidal",800,"sir_collapsed",61,17.769,2980.44054971642,3329.13819207414,2467.37863406983,1942.20301036757,7092.93916994217,3166.87402056332,7028.15587030653,3125.81066419786,167.732598892251,187.35653059115,138.858609604921,109.302887633945,399.174920926454,395.529060178205,0.00204631851546349,0.00192463577190359,5.10596666164595e-07,0.00087603586954084,0.00349051382504131,2.04805730558942e-05,1.1808592385017e-05,5.73389808665912e-08,3.76918120991452e-06,2.8620689665297e-05,-1606.91608108109,0.11396936190883,0.0888799870445499,0.965,0.461826377514045
"sinusoidal",800,"sir_collapsed",62,17.782,2599.74190382872,2998.02543044447,2129.54064551533,1732.00734843376,6979.46928493691,2751.85594050093,6931.37579173752,2649.9954686792,146.200759410006,168.598888226548,119.758218733288,97.4022803078262,392.501928069785,389.797311423772,0.00201162087857544,0.0018965218067138,4.96407482039564e-07,0.000841915038528275,0.00338510862789254,2.69547042471471e-05,1.18887265683437e-05,6.71008329584255e-07,3.87923195398359e-06,2.98358036993043e-05,-1589.75585065121,0.0906620581979622,0.0757361755290622,1,0.458880485587788
"sinusoidal",800,"sir_collapsed",63,17.952,3280.94030079181,3657.32445823569,2339.39480578138,2173.4342086713,7360.08050926794,3430.53703096277,7313.59593688699,3233.98116620173,182.761826024499,203.727966702077,130.313881783722,121.069196115825,409.986659384355,407.397278124276,0.00274345133535031,0.00254856591629394,1.15285414086366e-06,0.00102512930586966,0.00487515023331285,2.18395307765704e-05,1.26130150295675e-05,1.90180207785552e-08,4.60609523383322e-06,3.18817517131462e-05,-1573.71181136689,0.118522578467509,0.0957050453171649,0.9925,0.495805074484573
"sinusoidal",800,"sir_collapsed",64,17.687,3175.5962356219,3211.35652025796,2590.32415694081,2289.01214475246,7065.19221228255,3156.7288731092,6985.97371109845,2823.12194287631,179.544085238983,181.565925270422,146.453562330571,129.417772643889,399.456788165464,394.977877033892,0.00202961521379326,0.00190401118985441,5.2990046753783e-07,0.00085293039222645,0.00344086801876954,1.74040006292465e-05,1.18223920232509e-05,1.05103240655679e-08,4.90357098553392e-06,2.83297101668395e-05,-1583.40779739984,0.0859971550299198,0.0654110077257533,0.99375,0.463707987831006
"sinusoidal",800,"sir_collapsed",65,17.693,2673.07505991215,2749.19506006219,2683.22990296815,1712.6563502812,6861.54355563076,2874.37830633049,6889.04527029991,2621.0067412992,151.080939349582,155.383205791114,151.654886280911,96.7985276822018,387.811199662621,389.365583581072,0.00185171261211586,0.00174240116237034,4.04479929477039e-07,0.000827330542559281,0.00311637398288979,1.69764211287307e-05,1.18494470832954e-05,5.44417603312086e-09,5.00777942284296e-06,2.76706688997528e-05,-1565.690820877,0.0823289714255611,0.0599819327360128,0.995,0.455464720141074
"sinusoidal",800,"sir_collapsed",66,17.823,3478.17992051431,3628.09804734188,2400.14158571432,1488.82264143767,6719.75728824363,3290.19881175645,6635.94807215069,3137.54614170874,195.151204652096,203.562702538399,134.665409062129,83.5337845165052,377.027284309242,372.324977397222,0.00187414984310702,0.00175729931247227,4.25265957769298e-07,0.000803087694554669,0.00318903523026603,1.8695237773351e-05,1.20753067669913e-05,7.92532933399919e-09,4.22454335899469e-06,3.16117934983385e-05,-1586.12391070121,0.0855384788597628,0.0685210103978699,1,0.457190356203892
"sinusoidal",800,"sir_collapsed",67,17.604,3183.02960055805,3170.48345701788,2712.73910473533,1916.32940586125,6834.36489778583,3355.89641313403,6891.83612766511,2990.23405486186,180.812860745175,180.100173654731,154.097881432364,108.857612239335,388.227953748343,391.492622566752,0.00181506815495497,0.0017087799116399,3.93811020453778e-07,0.000830994061314118,0.00307110036036246,1.44910480186096e-05,1.130961505221e-05,1.91622338941376e-09,5.14490755880433e-06,2.52046743660184e-05,-1572.71455726499,0.0812246633538724,0.0656528460788438,1,0.453598071671278
"sinusoidal",800,"sir_collapsed",68,17.826,3159.21515061051,3319.58730582958,2415.05446133138,1640.6063401301,7286.09126585662,3476.27630715614,7196.41691608654,3078.92556152774,177.225129059268,186.221659700975,135.479325778716,92.0344631510212,408.733942884361,403.703406040982,0.00252662491037738,0.00235904721338383,9.42122051385103e-07,0.00104626588818819,0.00450208560659121,2.08363577017084e-05,1.28583138291145e-05,8.16006199332317e-09,3.48818520343058e-06,3.40379958039016e-05,-1554.08012729729,0.101502334781956,0.0762755227529093,0.97875,0.487887136184845
"sinusoidal",800,"sir_collapsed",69,17.542,3354.32935904463,3761.65349270415,1968.95556044332,1484.38031537497,6971.57343519152,3563.79538729475,6993.0865493097,3375.47782958418,191.217042472046,214.436979403953,112.242364635921,84.618647553014,397.421812518044,398.648190018795,0.00209188659232157,0.00195150685437519,5.74459507227532e-07,0.000913999048331066,0.00356712503233591,1.85232395059807e-05,1.19865956432322e-05,5.88897428222947e-09,4.08887136328932e-06,3.08141950822315e-05,-1594.92936764048,0.0940893406611458,0.0760021980432818,1,0.463851288102307
"sinusoidal",800,"sir_collapsed",6,17.726,2893.11486847046,2878.80389000377,2702.38885611485,1609.3203548478,6894.8544838541,3107.70382668367,6770.97863168157,2673.51386731012,163.213069416138,162.405725488197,152.453393665511,90.7886920257134,388.968435284559,381.980064971317,0.00214266095940234,0.00199339461440056,6.10481246233151e-07,0.000948814719373821,0.00377746491026632,2.12221448664183e-05,1.254226875991e-05,2.6050741692198e-08,3.77148219692653e-06,3.46352896497946e-05,-1552.03627852605,0.126780211938572,0.100751651983964,0.96375,0.477735290164191
"sinusoidal",800,"sir_collapsed",70,17.654,2946.09140263968,3185.55885251432,2621.49830403905,1602.68359194668,6782.013594799,3046.9412611329,6698.26323108446,2846.81215786152,166.879540197104,180.444026991861,148.493163251334,90.7830288856167,384.162999592104,379.419011616883,0.00185629831785652,0.00174292912631235,3.90878494095213e-07,0.000796775968931639,0.00304873212107004,1.66067867141097e-05,1.1764451858464e-05,2.32492256217633e-09,5.1089448484822e-06,3.01168584408251e-05,-1573.24527199912,0.0744550452673337,0.057694521608285,1,0.45412633939652
"sinusoidal",800,"sir_collapsed",71,17.811,3544.56703753472,3779.55389634769,2221.18832159845,1723.01579187205,7093.51945146422,3728.37734876222,7007.60512877077,3442.5836859048,199.009995931431,212.20335165615,124.708793532,96.7388575527509,398.266209166483,393.442542741607,0.00218603831231418,0.00204029110604751,6.19379928969477e-07,0.000913570978557488,0.00369520456988042,1.97587207964936e-05,1.22768890522427e-05,1.00635451261151e-08,4.73155847025857e-06,3.18922888984997e-05,-1543.06081586202,0.087218350856436,0.0684423330043084,0.9925,0.468877818575807
"sinusoidal",800,"sir_collapsed",72,17.648,3439.54705175831,3496.16028619577,2682.58120866092,1591.74432387752,7009.61876730604,3724.41793365622,6930.18322282436,3283.04349209715,194.897271745145,198.105183941283,152.00482823328,90.1940346712106,397.190546651521,392.689439189957,0.00193207913265143,0.00181264288992206,4.54415895315223e-07,0.000813636642137778,0.0032907333066789,1.83563620303299e-05,1.15158802743353e-05,7.13337283099229e-09,3.86129977909838e-06,2.94068166896661e-05,-1590.66737954755,0.115461951591168,0.0852981675107433,0.93625,0.451941458757432
"sinusoidal",800,"sir_collapsed",73,17.592,2920.0150836739,3287.0439442975,2725.47076910706,1658.6748731072,7028.30445213569,2864.9136782566,6945.1817855218,2914.45690210672,165.985395843218,186.848791740422,154.926714933325,94.2857476754888,399.517078907213,394.792052383004,0.00206338812004409,0.00192263334237832,5.38992875724773e-07,0.000861440505152298,0.00351281106853968,1.82590994760472e-05,1.22109630225949e-05,6.3741257873154e-09,4.31136315448659e-06,2.87154827930223e-05,-1589.10086292214,0.0875258712922293,0.0728552561878464,1,0.462578814593615
"sinusoidal",800,"sir_collapsed",74,17.706,3178.1796332278,3171.50748621214,2451.98029652611,1966.42650347954,7035.0227808923,3451.08609994429,7027.34466549115,3045.23414100774,179.497324818016,179.120495098393,138.483016860167,111.059895147381,397.324227995724,396.8905831634,0.00212770611234067,0.00199279016252625,6.43820677732172e-07,0.00084586165587719,0.00370389130074893,1.83238454938768e-05,1.16437933408838e-05,1.48243640529043e-08,4.14181939490332e-06,2.98724503115986e-05,-1549.32417590794,0.103544894945623,0.0836080196382687,1,0.470087734324689
"sinusoidal",800,"sir_collapsed",75,17.698,3574.12301747465,3625.22234141975,1933.92930764838,1730.79368892215,7279.67106909535,3823.15611603736,7258.32469555758,3414.51360909602,201.950673379741,204.837967082142,109.273890137212,97.7960045723894,411.327329025616,410.121182933528,0.00235387860324106,0.00220360115986457,7.44561802694945e-07,0.000857607160948598,0.00404312119810774,2.03604266505881e-05,1.22777182391812e-05,2.10338329480449e-08,3.98218681085152e-06,3.09420755414779e-05,-1606.51680421775,0.0840928159575609,0.0690296644129815,1,0.473248315312374
"sinusoidal",800,"sir_collapsed",76,17.925,3940.0618475393,3964.02965750547,2071.79070505641,2509.92295271676,7106.22351925107,3477.68810164263,7157.05702380232,3348.2807946814,219.808192331342,221.145308647446,115.581071411794,140.023595688522,396.442037336183,399.277937171678,0.00212672202787443,0.00199859760917772,5.98478052194971e-07,0.000948511266582782,0.00371100266519079,1.47371872139826e-05,1.21185043769146e-05,7.5211815811035e-10,4.65237858326715e-06,2.52881638057262e-05,-1587.23391472793,0.0892260598763916,0.0712529526260048,1,0.463423539177988
"sinusoidal",800,"sir_collapsed",77,17.51,3326.45167057311,3450.88972974376,2712.15911476787,1638.92165696892,6888.29720459899,3510.34233541494,6869.74423987288,3253.05435636504,189.974395806574,197.081081081883,154.892011123236,93.5991808663004,393.39218758418,392.332623636372,0.00201844774346893,0.00187461354862419,5.22875606493695e-07,0.000897399005175475,0.00346076267802611,1.98058970980595e-05,1.21453192348711e-05,8.38911031405064e-09,4.29239222661512e-06,3.16428107995502e-05,-1558.05675460402,0.0743524276526654,0.0609138626745695,1,0.465851184126815
"sinusoidal",800,"sir_collapsed",78,17.567,3422.1344007066,3486.62289320705,2657.00613634369,1720.49418289197,7068.51375471708,3693.96152051638,6955.1089217835,3342.56126758238,194.804713423271,198.475715444131,151.249851217834,97.9389869011198,402.374551984805,395.918991392013,0.00213241028706737,0.00199555897159795,5.84035674895788e-07,0.000874246085791053,0.00367836307183475,1.71632206083939e-05,1.18476948737238e-05,3.16721628963833e-09,4.14708514279593e-06,3.06399491878576e-05,-1593.90932605407,0.0864400637243121,0.0671268330190357,0.9975,0.464483078957671
"sinusoidal",800,"sir_collapsed",79,17.527,2948.54420406536,3311.55871132901,2271.15695111432,1378.21937291257,6810.46409970773,3210.97513667656,6746.31758706588,3069.08678611984,168.228687400317,188.940418287728,129.580473048116,78.6340715988227,388.569869327765,384.910000973691,0.00179364294245401,0.00169651597508291,3.60359728238362e-07,0.000845485540441797,0.00302378450249255,2.06590059828364e-05,1.12097208304989e-05,1.97484330935613e-07,4.6334686125272e-06,2.57534729496796e-05,-1584.34433452484,0.109442408196167,0.0857380067429503,0.9825,0.455899773801539
"sinusoidal",800,"sir_collapsed",7,17.756,3137.82434099715,3350.83797940041,2700.69986632753,1480.02266989896,6758.39461124346,3358.21180176658,6737.89952443081,3132.86806032062,176.719100078686,188.715813212458,152.100690827187,83.3533830760846,380.625963687963,379.47170108306,0.00187144454694698,0.00176500827680431,4.19264673685657e-07,0.000818848797118184,0.00311126333832071,1.81543997905226e-05,1.13609439214755e-05,5.39755377610783e-09,4.21609116519984e-06,3.1435497398495e-05,-1564.12019480315,0.0842069472723825,0.0657131529140153,0.99375,0.463277290169982
"sinusoidal",800,"sir_collapsed",80,18.657,3758.08682414656,3978.04645540534,2438.54210385013,2107.77827696954,7356.53329229968,3705.01710589083,7341.67554439699,3480.77766585217,201.430392032297,213.22004906498,130.703870067542,112.975198422551,394.304191043559,393.507827860695,0.00256493800524878,0.00240821237590227,9.02870565361108e-07,0.00100999193529519,0.00442842812878046,2.03248854445535e-05,1.25144267032079e-05,6.73623024780404e-09,3.54598229311131e-06,3.2906981830399e-05,-1560.05217422661,0.10099727322647,0.0784733812138672,0.985,0.487508986181091
"sinusoidal",800,"sir_collapsed",81,18.612,3475.59764622384,3769.86172443505,2572.57324129714,1984.02622291671,6991.55339572205,3602.9439610819,6950.5897751666,3406.99423052182,186.739611338053,202.55006041452,138.221214340057,106.599302757184,375.647614212446,373.446688973061,0.00202770083532377,0.0019110636717765,5.10594145926294e-07,0.000820483661344401,0.00343136343680154,1.62912543755609e-05,1.20021432328836e-05,2.49314788909531e-09,4.97072089190066e-06,2.78684889659597e-05,-1579.1344259186,0.114537016890821,0.0856673986620078,0.95875,0.466944975037243
"sinusoidal",800,"sir_collapsed",82,17.657,2416.6891961195,2731.59984559062,2530.04315244061,2094.26115835343,7193.78144241318,2560.30167421884,7166.98099579937,2311.19604505914,136.868618458374,154.703508273807,143.288392843666,118.607983142857,407.418102872129,405.900265945482,0.00231710512164673,0.00216257809495397,7.35955456150573e-07,0.000967443403533741,0.00404474119842531,2.03733449239491e-05,1.255484916666e-05,9.95140880873628e-09,4.11351178355032e-06,3.16728440243496e-05,-1579.40179931651,0.118879439824121,0.0922532365838469,0.96125,0.473595045197558
"sinusoidal",800,"sir_collapsed",83,17.949,2976.28631420737,3138.00811507385,2698.92790388528,2074.75985803223,6780.57491762244,3138.62801778217,6754.95880614102,2767.41572083332,165.819060349177,174.829133382019,150.366477457534,115.591947074056,377.768951898292,376.341790971142,0.00175796413153837,0.00165895650035277,3.51455126736246e-07,0.000781549931203769,0.00293020165889886,1.53657405276884e-05,1.10701522394912e-05,2.42012477696154e-09,3.92962020818128e-06,2.61409243614718e-05,-1580.19203968486,0.0779304870356648,0.057777469398305,1,0.448711724412787
"sinusoidal",800,"sir_collapsed",84,17.864,3268.06549402811,3821.09363816534,2693.29883803948,1554.83212429798,6987.15708548908,3438.46192165913,6910.28554774,3168.56969974643,182.941418161,213.89910648037,150.766840463473,87.0371766848397,391.130602635976,386.827448933049,0.0020785802341468,0.00194548603665691,5.49218220405856e-07,0.000957471548758663,0.00360371710378082,1.84277580754522e-05,1.22085338819404e-05,7.88657984752376e-09,3.78567708478405e-06,3.08976020222494e-05,-1596.11541374782,0.115889629877874,0.0895860672642325,0.9575,0.466879255527956
"sinusoidal",800,"sir_collapsed",85,17.948,2774.45278405041,2674.80209977448,2634.74522098922,1777.09181507645,7016.0698756052,3056.76269962454,6919.57738752749,2501.56013933023,154.582838424917,149.030649641993,146.798819979342,99.0133616601544,390.910958079184,385.534732980136,0.00192898298034163,0.00179957725579379,4.61085537373587e-07,0.000891321526299153,0.00332944190107115,1.64674077508744e-05,1.13677589838152e-05,6.01045637573543e-09,4.3268848489004e-06,2.71354336290441e-05,-1587.36858220162,0.0781172097622203,0.0591846183781734,1,0.451688333154536
"sinusoidal",800,"sir_collapsed",86,17.561,2998.03947860307,3263.41326424758,2875.40484887252,1543.6902111714,6807.1173464076,2807.87344123848,6829.89558413833,2551.09024371873,170.721455418431,185.832997223824,163.738104257874,87.9044593799559,387.62697718852,388.924069480003,0.00181612776424706,0.00170152586996467,3.87797122631793e-07,0.000780786798658419,0.00301436208611607,1.80940178060614e-05,1.13399282400917e-05,8.14726702455551e-09,4.23796310343641e-06,2.70288949365927e-05,-1589.714959908,0.0771434906131167,0.0533262058098944,0.99,0.45259326874317
"sinusoidal",800,"sir_collapsed",87,17.819,3660.38038809541,3942.09483703959,2355.20411018441,1940.42765054729,7047.67293790515,3529.54240060948,7016.81115078819,3638.37607769636,205.420079022134,221.229857850586,132.173753307392,108.896551464577,395.514503502169,393.782543958033,0.00200779470291797,0.0018893854016747,5.10938641681137e-07,0.000945552157175787,0.00351851299158148,1.77518315565305e-05,1.1746729652953e-05,7.82011948300147e-09,4.47180240220822e-06,2.68385044502603e-05,-1561.83699039342,0.0905250486724287,0.0692212523162141,0.96875,0.460801070496878
"sinusoidal",800,"sir_collapsed",88,17.655,3252.93235843949,3540.72790769667,2506.31214463625,1739.14609529278,7046.09177796442,3551.2057878714,6955.87566806075,3028.2581845352,184.249921180373,200.551000152743,141.960472650028,98.5072837888861,399.098939561848,393.988992810012,0.00225402896299797,0.00212646551271426,6.47161632559518e-07,0.000854633239384738,0.00381325918311446,2.43543870891582e-05,1.25638288451556e-05,5.56961225372225e-08,3.79352427212864e-06,3.57594207373837e-05,-1595.92069045651,0.0982735987779896,0.0808833902346032,0.98375,0.474078530611607
"sinusoidal",800,"sir_collapsed",89,17.679,2674.27644109539,2956.66106254829,2611.29315229741,1970.99290952799,6961.81279448256,2823.13917424102,6958.02098580165,2613.62703944597,151.268535612613,167.241419907703,147.705930895266,111.487805279031,393.789965183696,393.575484235627,0.00192044525769278,0.00181031963125918,4.19141531245614e-07,0.000873853031979189,0.0032232345785769,1.55160117380487e-05,1.17963234482357e-05,3.21262389159524e-09,4.19845821026364e-06,2.68560467209216e-05,-1612.18470782677,0.126133822257407,0.0906624585447723,0.9425,0.451496763067011
"sinusoidal",800,"sir_collapsed",8,18.003,3309.12257540727,3397.7977332476,2726.26834799248,1746.11652072738,7097.93957679899,3497.0382670425,6968.23578735803,3164.25401329793,183.809508160155,188.735084888496,151.434113647308,96.9903083223564,394.26426577787,387.059700458703,0.00233971448540036,0.0021878946445793,7.36123203256465e-07,0.00100094101189928,0.00401629952138919,2.40984690211544e-05,1.2726723966793e-05,2.27619222282004e-08,4.25631335205144e-06,3.85657320825938e-05,-1548.52735407738,0.105320151698176,0.0872234934824012,0.9875,0.481109417702976
"sinusoidal",800,"sir_collapsed",90,17.831,2998.23805207774,2799.21061027052,2808.28965416545,1469.22593623545,6881.31102856069,2913.41362611111,6870.06611417289,2638.05579771697,168.147498854677,156.985621124475,157.494793010232,82.3972820501067,385.918402140132,385.287763679709,0.00177344511998679,0.00167405315107606,3.48662496190179e-07,0.000814346624386001,0.00295594543547901,1.78965241198118e-05,1.09543297188594e-05,1.44385158243227e-08,4.09079879318071e-06,2.69133656442263e-05,-1578.50075274839,0.0641437839430627,0.0508557865124429,1,0.447373692113587
"sinusoidal",800,"sir_collapsed",91,17.736,3227.73811659683,3049.48628971822,2480.98472432391,1909.68261831714,6957.99932599443,3332.24596013795,6919.66851359741,2730.31559874773,181.987940719262,171.937657291284,139.884118421511,107.672678073812,392.309389151693,390.148202164942,0.00184131646473634,0.00174097800649666,3.86277227160704e-07,0.000829347646687545,0.00306210055224195,1.62089979164233e-05,1.12983600754887e-05,2.46429407415956e-09,4.73032849658141e-06,2.71630533947241e-05,-1561.17660279472,0.0965011386499564,0.0774725192499643,1,0.449015697606238
"sinusoidal",800,"sir_collapsed",92,17.692,2864.09490193068,3410.23222828073,2164.13080168631,1546.59702639556,7118.45709919375,2999.79592526644,7080.19431642081,3248.36233708502,161.886440308087,192.75560865254,122.322563965991,87.417873976688,402.354572642649,400.191856003889,0.00221320092118324,0.00205964898720719,6.77294936507788e-07,0.000931256193353772,0.00388473444367952,2.11562962898154e-05,1.18749782565261e-05,1.62443234075276e-08,3.79017274760079e-06,3.15396442784036e-05,-1573.73322735175,0.0921043723023586,0.0743007331458125,1,0.467006967154704
"sinusoidal",800,"sir_collapsed",93,17.633,3114.77565988584,3388.89946089379,2889.15821316903,2455.2605716531,7065.52673431159,3344.89300387178,7031.7766190408,3099.61180584241,176.644680989386,192.190748079952,163.849498846993,139.242362142182,400.699071871581,398.785040494573,0.00211502238274642,0.00199534412425536,5.65298382643455e-07,0.000909049201188035,0.00356365104683657,1.47228214755372e-05,1.20336038586054e-05,3.97624403030403e-10,5.18592295568816e-06,2.66949196418651e-05,-1554.97906468711,0.0866568308776913,0.0708187104317334,1,0.468995038340037
"sinusoidal",800,"sir_collapsed",94,17.763,3344.18776948,3941.74638592612,2219.5665295204,2275.49012195081,7285.23094312125,3484.93534592304,7360.30484458157,3074.56300343535,188.267059026065,221.907694979796,124.954485701762,128.102804816237,410.135165406815,414.361585575723,0.00231666534188868,0.00217755334055968,7.4300571172594e-07,0.000936523200277223,0.00395162676592454,1.57027801334584e-05,1.18473665644042e-05,1.14572561430892e-09,5.03844394497551e-06,2.71106497793527e-05,-1623.36357734309,0.0831579480288531,0.0688556652700651,1,0.470023743862817
"sinusoidal",800,"sir_collapsed",95,17.714,3341.36273854493,3574.19886780903,2529.41544591565,1927.71160013419,6781.45114629681,3510.87036897118,6761.86921166365,3338.3656556847,188.628358278476,201.772545320596,142.791884719186,108.824184268612,382.830029710783,381.724580087143,0.00183590291267409,0.00173905592909702,3.79541294944751e-07,0.000790576266589378,0.00303314491441971,1.71657155843682e-05,1.1442845922639e-05,2.88747863127169e-08,4.88783735612467e-06,2.58834178709921e-05,-1554.26613418325,0.0832298951735401,0.0661993184410859,0.98375,0.45591402481537
"sinusoidal",800,"sir_collapsed",96,17.601,3043.39206439372,2941.93190246011,3110.57967137769,1308.79911664062,6942.90853710747,3273.85235164435,6827.84507679319,2562.53305459427,172.910179216733,167.145724814505,176.72743999646,74.3593612090576,394.461027050024,387.923701880188,0.00196639006710496,0.00185601518110708,4.55355619045158e-07,0.000909633013049808,0.00339679324892946,1.95695464066198e-05,1.21328988894806e-05,4.85974827575619e-09,4.49667463327418e-06,3.54675963204374e-05,-1574.5713880466,0.0950473810528442,0.0772218756473734,0.985,0.459135855526598
"sinusoidal",800,"sir_collapsed",97,17.889,2841.08897038639,3112.28210455943,3043.61032905635,1516.88599804889,6920.15335326424,3089.95180453085,6806.8175159135,2815.85284672323,158.817651651092,173.97742213424,170.13865107364,84.7943427832125,386.838467955964,380.502963604086,0.00194347892269681,0.00182171992671592,4.57917103737698e-07,0.000834014793475111,0.00329654235606519,1.78364454829932e-05,1.18162895967537e-05,3.88738095748374e-09,3.59968916788494e-06,3.03851627176718e-05,-1568.42458809939,0.0859861238208347,0.0706705165149247,0.99,0.463388787003223
"sinusoidal",800,"sir_collapsed",98,17.466,3098.03475244178,3348.60211965952,2810.96179130833,1885.07727623555,7027.6834558297,3289.59118697576,6967.93879286172,3119.32486444985,177.375171902083,191.721179414836,160.939069695885,107.928390944438,402.363646847,398.943020317286,0.00201649582251531,0.00187991165592578,5.00909955427131e-07,0.000817108010914398,0.00337804857435442,2.03453594557574e-05,1.17304758147987e-05,1.29784289256146e-08,3.94177934984658e-06,2.99325745184143e-05,-1590.53075050918,0.10299123297977,0.0835160537613881,0.9775,0.458751926256241
"sinusoidal",800,"sir_collapsed",99,17.82,3670.28109415718,3839.7493715747,2339.09910666933,1526.3939135253,7317.70099912791,3513.7884358672,7017.55524863526,3419.65063321335,205.964146697934,215.474151042351,131.262576131837,85.6562241035524,410.645398379793,393.802202504784,0.0027063190229721,0.00251197584783834,1.13385193763259e-06,0.0010814309286056,0.00475330041856316,3.08090537309254e-05,1.34365041180831e-05,1.17374670075139e-07,4.28178660399618e-06,3.83486566912156e-05,-1592.12406590668,0.112076443328448,0.0900998409896725,0.99,0.495142455686025
"sinusoidal",800,"sir_collapsed",9,17.884,2976.60624144465,3290.65170651561,2558.55253013758,2186.65823190905,6991.0264087552,3207.56494531063,6941.63744904769,3035.04347805673,166.439624325914,183.999759925946,143.063773771951,122.268968458345,390.909550925699,388.147922670973,0.00200435939682739,0.0018989856144574,4.95898146385844e-07,0.000794052914825151,0.00331962910001136,1.65507053421538e-05,1.22630294788689e-05,2.00653095228985e-09,4.3863618651408e-06,2.71997508081928e-05,-1575.55232385839,0.0911035918352649,0.0705027974120051,0.97875,0.463174940540683
"constant",1600,"sir_laplace",100,14.749,3568.81184000772,3557.94505246476,84.4951004092898,129.356698335868,7404.18043504435,1068.12839275732,7195.32276829607,1012.57287430116,241.96974981407,241.23296850395,5.72886978163196,8.77054026278855,502.012369316181,487.851567448374,0.00218326588063936,0.00210851279472166,4.02693750606289e-07,0.00104357040877974,0.00339042061238821,9.43949315375607e-06,9.19537931592886e-06,6.27572081509545e-12,5.13714297008727e-06,1.44663405723529e-05,-3186.33214206771,0.1284271469241,0.0906763389665488,0.96,0.464712778847524
"constant",1600,"sir_laplace",101,14.795,4233.05635032765,4173.72422257267,83.2542614858767,109.649269009223,7645.31334803564,1336.22454220793,7563.82474374252,932.060581909543,286.113981096834,282.103698720694,5.62718901560505,7.41123818920063,516.749803855062,511.241956319197,0.00254127941991916,0.00242903562443887,5.98119749694734e-07,0.00124423677124234,0.00405638942840092,9.30303172557721e-06,9.00501812227147e-06,6.0925831576175e-12,5.06208878908621e-06,1.38796579175635e-05,-3164.30299543722,0.123695720250524,0.0825834906975644,0.965,0.479919386114182
"constant",1600,"sir_laplace",102,15.081,2991.22943728893,3298.48174787662,79.5842625566005,119.965086126187,7243.83122517507,1142.17928017325,7073.92667844323,837.698092760356,198.344236939787,218.717707570892,5.27712105010281,7.9547169369529,480.32830881076,469.062176145032,0.00204745853704699,0.00195260336940492,4.35094944527446e-07,0.000918349180968461,0.00329492724023467,9.43893595078426e-06,9.0702129190489e-06,5.055603352121e-12,5.63765195218824e-06,1.40228589988263e-05,-3182.49753948339,0.11637097319915,0.0773796050391942,0.96375,0.461979704702597
"constant",1600,"sir_laplace",103,15.387,3875.84365730198,3978.88464791186,84.6924275573161,93.494903381108,7529.76096882052,1100.94601786916,7355.53801072443,745.22178101904,251.890794651458,258.587421064006,5.50415464725522,6.07622690460181,489.358612388413,478.035875136442,0.00243933167393914,0.00235108082603737,5.14789791362021e-07,0.00117497391663799,0.00382847477291049,9.43823583788399e-06,9.17508492549546e-06,6.03297320485214e-12,5.22629298079849e-06,1.43216271314523e-05,-3154.89793589333,0.127438193952357,0.0928873856336012,0.96,0.479254113486009
"constant",1600,"sir_laplace",104,15.022,3202.15275975374,3480.06924365403,73.2232340689021,69.0860523767006,7403.60408266305,1578.25035675728,7111.00041586675,440.110100468072,213.164209809196,231.664841143259,4.87439981819346,4.59899163737856,492.850757732862,473.372414849338,0.00213939746505223,0.0020608951725289,3.86160030151239e-07,0.00113236910942637,0.00344874285230953,9.5175403913486e-06,9.21934374250398e-06,5.20690496101118e-12,5.50003166492854e-06,1.41177432216502e-05,-3171.39025916582,0.136291665478293,0.0954808290718851,0.9675,0.469958756072497
"constant",1600,"sir_laplace",105,14.943,3639.68641562087,3602.74042889842,85.0277096128144,148.890308158303,7082.47122773136,1861.11405558784,6938.32868846329,1380.02584563176,243.571332103384,241.098870969579,5.6901364928605,9.96388330042847,473.965818626204,464.319660607863,0.00176288211669465,0.00169609410525797,2.57786954353525e-07,0.000850592774563392,0.00275045420352092,9.03184239802747e-06,8.74450297622602e-06,4.46806413721088e-12,5.4174601739538e-06,1.32192463640681e-05,-3161.75939617343,0.137075648374477,0.0926403537393349,0.945625,0.448966581815738
"constant",1600,"sir_laplace",106,15.008,3942.41718634558,4095.04492435842,72.1713387805242,96.9042771807255,7556.46955355803,1450.1131345497,7612.47923561877,1331.42209266849,262.687712309806,272.857470972709,4.80885786117565,6.45684149658352,503.496105647523,507.228094057754,0.00249115640356784,0.00236099192406804,6.16904848663184e-07,0.00121014611297116,0.00415137807797059,8.47196469149159e-06,8.06715526690877e-06,4.78263339618196e-12,4.81422325794237e-06,1.31729605467662e-05,-3198.50048273819,0.120451563535676,0.0819042105273403,0.964375,0.477761487026114
"constant",1600,"sir_laplace",107,14.88,3146.38573836326,2940.96484452046,97.2521354418374,85.8334362158551,7021.61169386113,1816.82604462051,6810.53804427596,739.163311972299,211.450654459896,197.645486862934,6.53576179044606,5.76837608977521,471.882506307872,457.697449212094,0.0018049768479163,0.00173115225550932,2.77138689801371e-07,0.00090549234409948,0.0028636348796255,9.48065982298635e-06,9.01358764593949e-06,7.29068833713661e-12,5.00567827633158e-06,1.4442956068756e-05,-3140.26006382449,0.128596628633085,0.0927178518835378,0.949375,0.451463963437402
"constant",1600,"sir_laplace",108,14.939,4166.46338117658,4120.78594347028,106.200098328081,111.86120689568,7636.93048835435,1405.96866352457,7476.68611021485,1007.21270885914,278.898412288412,275.840815547913,7.10891614753871,7.4878644417752,511.207610171655,500.481030203819,0.00241016778011669,0.00235171716976045,3.91969884741886e-07,0.00124910525304632,0.00375431868718524,9.39622935109815e-06,8.91308222643383e-06,6.20607831345062e-12,5.38233516432082e-06,1.48304184758477e-05,-3137.0134621408,0.121298481898039,0.0845465508248207,0.968125,0.476739021463572
"constant",1600,"sir_laplace",109,14.883,3560.90151483644,3535.89383388871,56.3713233733783,90.5967240983051,7281.76968626735,1451.41122861412,7212.57739022275,1620.28952029976,239.259659667838,237.579374715361,3.78763175256187,6.08726225212021,489.267599695448,484.618517115014,0.0019576053306283,0.00189837356960496,3.60781712139044e-07,0.00089698732862069,0.0031152098436403,8.64550657377646e-06,8.39170258509468e-06,4.13958979768471e-12,4.83583891479919e-06,1.26882811918475e-05,-3148.84257974799,0.12373947587171,0.0792400713715922,0.946875,0.455151159388071
"constant",1600,"sir_laplace",10,15.113,3887.90643305541,3962.80358828816,88.6616750293239,68.7337376441499,7588.71907162236,1086.65408811007,7378.96215545244,421.16912979109,257.255768745809,262.211578659972,5.86658340695586,4.54798766916892,502.131877960852,488.252640471941,0.00232833265683752,0.00223343879349158,4.05824997262387e-07,0.00124852087765138,0.00366556266848097,9.70993614297348e-06,9.35245606840651e-06,6.90057415047867e-12,5.32060591633815e-06,1.52169640252998e-05,-3205.37764906241,0.126448953268192,0.0901554998558752,0.95875,0.472909168292186
"constant",1600,"sir_laplace",110,14.993,3473.8005784267,3545.08469069912,73.8936451448954,91.572562909424,7222.16499088263,1193.65358366369,7099.43427819863,1143.61401775435,231.694829482205,236.44932239706,4.92854299639135,6.10768778159301,481.702460540428,473.516592956622,0.00195266700196436,0.00188058054057189,3.24953338989409e-07,0.000916363019772523,0.00307015585478529,9.01895085214333e-06,8.74236591115872e-06,4.79950962829192e-12,4.90314567306339e-06,1.31840301226922e-05,-3146.05123819229,0.129414626098663,0.0906215494520509,0.9575,0.461039390887648
"constant",1600,"sir_laplace",111,14.977,3498.80114373403,3471.34980543626,76.9983547290869,61.3629269764495,7284.11912598819,930.465280132006,6953.98321882241,434.59364574954,233.611614057156,231.77871439115,5.14110667884669,4.09714408602854,486.353684048086,464.31082451909,0.00240481987912593,0.0023074923896279,4.83269325324779e-07,0.00119621333297886,0.00374035057890809,1.1090467785452e-05,1.04434634238938e-05,1.1450051068188e-11,5.47668988381681e-06,1.796815951502e-05,-3145.64859044552,0.125439233274357,0.0941862011712982,0.96625,0.480839185847366
"constant",1600,"sir_laplace",112,14.903,3857.07765104337,3703.08951394316,62.899104676958,111.474465506512,7493.08603202848,1191.0856249339,7344.75507473721,651.835852318316,258.81216205082,248.479468156959,4.22056664275367,7.48000171150187,502.790447026,492.83735319984,0.00232565009184421,0.00223138068593652,4.56101038663085e-07,0.00125077028343856,0.00382130771986103,8.93440158718759e-06,8.63785612170951e-06,5.84402193436929e-12,4.74177754807838e-06,1.35603943876515e-05,-3180.98948043188,0.119900579569605,0.0844846213675252,0.96875,0.472289551363237
"constant",1600,"sir_laplace",113,14.901,3625.87467036519,3553.3437314222,76.980227230248,88.0360569206297,7170.62819608802,1137.41178614881,7114.39477352768,1297.13532915806,243.330962376028,238.463440804121,5.16611148448077,5.90806368167436,481.217917997988,477.444116067893,0.00196375270580766,0.00186064741851155,3.65439604539237e-07,0.000913375934234365,0.00316021742741951,9.01617726517981e-06,8.73592100828065e-06,5.42544458323061e-12,4.94152945084118e-06,1.36522739888497e-05,-3133.19190038823,0.128920788182758,0.0855297707532816,0.929375,0.461277762105035
"constant",1600,"sir_laplace",114,14.792,3950.3914571819,4004.71079790819,55.1111436611229,122.394097674284,7363.84614281629,804.107617653611,7201.77469717384,739.121946087995,267.062699917651,270.73491062116,3.72573983647396,8.27434408290184,497.826267091421,486.869571198881,0.00225538349008277,0.00217148123903157,4.7987205166997e-07,0.000918450039562034,0.00362853356132454,9.63273990016085e-06,9.19435580926401e-06,6.82118495495431e-12,5.39540928916665e-06,1.49895083149249e-05,-3165.40134396176,0.12858998639404,0.0902520605670416,0.968125,0.467379170881575
"constant",1600,"sir_laplace",115,15.098,3650.68409625597,3520.74393368079,72.8546826992207,89.4406790252929,7500.56622217106,1956.03472169251,7276.54735701502,922.999429869809,241.799185074578,233.192736367783,4.8254525565784,5.9240084133854,496.792040149097,481.954388463043,0.00217024859793156,0.00211446189276551,3.47596493339212e-07,0.00109440355897672,0.00328444861190337,9.13888223028283e-06,8.83759973306724e-06,5.40385602024491e-12,5.13838457833624e-06,1.36726986685265e-05,-3145.73694944353,0.12814282810327,0.0939098053501774,0.9425,0.467417338141143
"constant",1600,"sir_laplace",116,14.831,4078.6983944241,3966.51100698584,50.8305621125106,145.003919568373,7244.59635280873,1039.34090668641,7268.68311287023,1066.63992799955,275.011691350826,267.447306788878,3.42731859702722,9.77708310757015,488.476593136587,490.10067513116,0.0022531872708243,0.00219184245693313,5.78293795301915e-07,0.000970201960940793,0.00375129405376622,9.1301237345611e-06,8.94154820104108e-06,4.07939323473614e-12,5.58109906921644e-06,1.33990949441013e-05,-3140.13077575565,0.119992641481779,0.0867784882033858,0.9575,0.471673537575327
"constant",1600,"sir_laplace",117,14.704,3445.60187283004,3049.91858092409,77.3244446046064,111.450794566017,7218.1320249507,1462.19888200762,7285.67675202372,754.796856296158,234.330921710422,207.421013392552,5.25873535123819,7.57962422238961,490.895812360629,495.489441786162,0.00220261940538005,0.00211739769269091,5.16811927567439e-07,0.000961647652368583,0.00366734649616825,9.43549779715503e-06,9.09456156641039e-06,5.0340651251316e-12,5.71305014834397e-06,1.41515646890026e-05,-3144.19753214002,0.121109516247918,0.0869248148448672,0.96625,0.469900601807712
"constant",1600,"sir_laplace",118,14.82,3019.17139222884,3082.84130350271,77.2157441553372,81.5139156870652,7372.02960440282,2836.47366512587,6949.22367645585,781.695031032845,203.722766007344,208.018981342963,5.21023914678389,5.50026421640116,497.437895033929,468.908480192702,0.00208301201711452,0.00203303148417397,3.31035188132298e-07,0.00110692813553988,0.0032334124758154,9.66988422875516e-06,9.22518473907523e-06,7.97295107172571e-12,5.05745923136876e-06,1.51270091760412e-05,-3166.14091572842,0.122987343210702,0.0870022712483386,0.965625,0.46272992080102
"constant",1600,"sir_laplace",119,14.648,3839.04680606608,3777.08585739668,58.3187138915001,102.844531158525,7249.48408660166,748.769286133547,7293.02934796431,603.788769204493,262.086756285232,257.856762520254,3.98134311110732,7.02106302283758,494.912895043805,497.885673673151,0.00222506788953633,0.0021320580853416,5.26992072007635e-07,0.000962390414610641,0.00368900849921583,8.7039062703394e-06,8.4011445605548e-06,5.57629769668596e-12,4.45782482499973e-06,1.350944671879e-05,-3154.17124702489,0.121597361996027,0.0812213998455425,0.948125,0.467373406912968
"constant",1600,"sir_laplace",11,15.296,3742.49304644852,3544.61427684689,76.3953608005,38.5524379715596,7193.65633134355,922.571004372352,7226.08958915129,747.579274640906,244.671355024092,231.734719982145,4.9944665795306,2.52042612261765,470.296569779259,472.416944897443,0.0021121257498154,0.00202699779851856,4.29846656454443e-07,0.000982304945230626,0.00334491425446731,9.57995795928077e-06,9.25530843606819e-06,6.45882785940012e-12,5.24125566915858e-06,1.46938860556219e-05,-3190.97307483048,0.11837277698067,0.0816513592033135,0.96625,0.46565720327263
"constant",1600,"sir_laplace",120,14.707,4583.32008749002,3806.84252721683,55.8743090509593,101.171322415207,7386.16472165049,495.206681874345,7486.77244643762,800.539474362748,311.642081151154,258.845619583656,3.79916427898003,6.87912711057367,502.221032273781,509.061837658096,0.00237633431487803,0.00226715820597917,5.92262077411012e-07,0.0010776009345898,0.00394730746461963,9.07727941007259e-06,8.77555543347345e-06,5.35161627658224e-12,4.62819387845924e-06,1.34856121712401e-05,-3178.79490289155,0.121633797192218,0.0809999778451907,0.94875,0.474470164062306
"constant",1600,"sir_laplace",121,15.343,3272.11462466599,3295.88107489296,72.3397112010094,73.3001528847408,7261.13353842618,1163.33828203915,7247.66173482991,408.862143010839,213.26433061761,214.813339952614,4.71483485635204,4.77743289348503,473.253831612213,472.37578927393,0.00225160106935141,0.00214502062616746,5.46535466438703e-07,0.000900865795199279,0.00364755651867725,9.13728882492146e-06,8.78885911482803e-06,6.42973299404936e-12,4.91432606046309e-06,1.42447592326879e-05,-3182.33610221899,0.127154180578138,0.0910441879852848,0.94875,0.468872826996655
"constant",1600,"sir_laplace",122,14.725,3800.52637224244,3869.78392611042,51.3528560519417,137.298286987538,7168.89482477446,484.020287163922,7086.90686923505,460.727611652331,258.100262970624,262.80366221463,3.48746051286531,9.32416210441682,486.851940561933,481.2839979107,0.00236328815652643,0.00225843242870021,6.76556293115103e-07,0.000917984634569222,0.00398939424910869,1.01315210296038e-05,9.65388198314806e-06,7.88201419455548e-12,5.51708023536287e-06,1.55422494980025e-05,-3199.78269210902,0.120645912245453,0.0868804444886892,0.959375,0.475009651897258
"constant",1600,"sir_laplace",123,15.01,3559.69087538003,3650.42947142229,57.1177714345015,84.1827050523352,7404.10198793773,839.046753566646,7065.90507125481,431.312385368389,237.154621944039,243.199831540459,3.80531455259837,5.60844137590508,493.277947231028,470.746507078935,0.00233800366083952,0.00221924222207835,5.24284376161812e-07,0.00116606497170472,0.00381763884099266,9.96310647791415e-06,9.30507901550085e-06,9.63408086847918e-12,4.91252397867498e-06,1.61220436399788e-05,-3120.66252939016,0.121068411405459,0.0851062690848556,0.955,0.477414732304024
"constant",1600,"sir_laplace",124,14.813,2982.23116857798,3082.42771114832,68.4678938783377,166.254015541755,7100.33096165331,2926.33649262815,6884.56232826318,2168.27649410433,201.325266224126,208.089361449289,4.62214905004642,11.2235209303824,479.331057966199,464.764890856894,0.00162792914922272,0.00156006409549617,2.2076387492604e-07,0.000858063197842377,0.00257681955452597,8.08985391721802e-06,7.84281895950574e-06,3.06054656110913e-12,5.03496856417885e-06,1.16532547142294e-05,-3141.35391661888,0.12645925289007,0.0852714208005452,0.929375,0.441918254288413
"constant",1600,"sir_laplace",125,14.972,2831.48066349904,2426.72870937647,77.4799279826521,67.8442880991817,7199.58460088145,2660.10557004304,6918.1058863175,903.429402044399,189.11839857728,162.084471638824,5.17498851073017,4.53141117413717,480.869930595875,462.069588987276,0.00178085566981009,0.00174088955473236,2.47317250940069e-07,0.000919008508863816,0.00281045971432726,8.59689262149891e-06,8.36339863050343e-06,4.80590713932214e-12,4.8460366399157e-06,1.28199621911321e-05,-3153.36996720226,0.121124799249886,0.0810919816414292,0.95,0.450341014726504
"constant",1600,"sir_laplace",126,14.791,3677.23673188852,3576.22761858231,71.8262341057825,94.1461400422135,7064.12396503419,1724.53595618807,6925.77707606149,710.408138249812,248.613125000914,241.784032085884,4.85607694583074,6.36509634522436,477.596103375985,468.242652698363,0.00183371372241047,0.00176094661672893,3.43609927791626e-07,0.000815851746495905,0.00304340407056694,8.98377819206919e-06,8.63453384604221e-06,5.68905118736524e-12,4.99702304762493e-06,1.32990472021656e-05,-3147.47622781958,0.118936763890012,0.0816682152345075,0.95875,0.451948608056017
"constant",1600,"sir_laplace",127,14.747,3481.3686862332,3338.60418962915,84.444621740774,103.656338675692,7338.09879350956,1610.96127351943,7017.66345729258,792.428604091718,236.073010526426,226.392092603862,5.72622375674876,7.02897800743823,497.599429952503,475.870580951555,0.00195516229672341,0.00189229190678172,3.53115804697615e-07,0.000889745182574085,0.00309596196433727,8.43529765902831e-06,7.97897512298666e-06,5.79775183667053e-12,4.6146038487908e-06,1.34351824887942e-05,-3169.78474372604,0.127802577994752,0.0865649158243577,0.950625,0.4558773351014
"constant",1600,"sir_laplace",128,14.822,4384.37391524338,4488.36136926256,76.0899862810625,70.1853360741631,7686.25269977679,765.242264329923,7618.36196927997,295.655587934199,295.801775417851,302.817525925149,5.13358428559321,4.7352136064069,518.570550517932,513.990147704761,0.00295698300710774,0.00283542844091904,8.63285140021621e-07,0.0012728641896781,0.00470795460517557,1.00832278862441e-05,9.75237032824074e-06,6.53883215624527e-12,5.72388106567498e-06,1.52538093251067e-05,-3136.47651319301,0.127467923206408,0.0925291746877042,0.976875,0.498756064105756
"constant",1600,"sir_laplace",129,15.047,4339.46257772898,4247.55817227251,58.2390257384532,80.5427420382715,7274.61685290106,805.194124441874,7213.2266429764,570.731156304194,288.393871052634,282.286048532765,3.87047422997629,5.35274420404542,483.459616727657,479.379719743231,0.00227798980439065,0.00217532409701791,5.51104148346171e-07,0.00113090936246194,0.00379557065370939,9.22993133859474e-06,8.80170255237994e-06,7.37049674318241e-12,4.59375012355009e-06,1.48770255396728e-05,-3193.12618657571,0.121397079046701,0.0843341394708398,0.95875,0.470230068455633
"constant",1600,"sir_laplace",12,14.787,3112.60162573804,3179.88421387857,94.4229999207056,98.5349952560563,7132.83577914139,1975.03596175837,6993.72488786464,1573.54064629173,210.495815631165,215.045933176342,6.38554134852949,6.66362313221453,482.372068650936,472.964420630597,0.00178151759150559,0.00170233888474373,2.61353593498187e-07,0.000904980665710031,0.00276147430106183,8.87887630344656e-06,8.56641491025977e-06,4.48539628234927e-12,5.22502927382512e-06,1.29501709389465e-05,-3169.88000960464,0.126382648299444,0.0883952689796519,0.954375,0.451966784689889
"constant",1600,"sir_laplace",130,15.003,4509.1581690204,4689.59472079594,63.5013576645874,102.992674054649,7558.23036184821,553.757346506444,7536.44010636456,440.90351578615,300.550434514457,312.577132626537,4.23257732884006,6.86480530924808,503.78126786964,502.328874649374,0.00288970002341304,0.00274673195663564,8.32952294212098e-07,0.00129776249416937,0.0046470589959985,9.95377977309321e-06,9.38532403446248e-06,7.44955993703257e-12,5.40802851262606e-06,1.56622002177221e-05,-3106.16217299899,0.126559025641797,0.0937554498831091,0.964375,0.496760325695834
"constant",1600,"sir_laplace",131,14.962,4139.73862381518,4008.1888045667,64.9628198603548,84.266180501466,7262.68543086483,1460.29583275558,7174.85418966256,499.214497347996,276.683506470738,267.891244791251,4.34185402087654,5.63201313336893,485.408730842456,479.538443367368,0.00188434543873947,0.0018096505813047,2.74787923727865e-07,0.00100352952589378,0.0029635997961734,8.47384978484114e-06,8.02501208440042e-06,5.88698831260162e-12,4.49931251823978e-06,1.31928203561696e-05,-3187.26872928486,0.120317711067678,0.0826270483480414,0.95625,0.451807580700337
"constant",1600,"sir_laplace",132,14.674,4470.44637806106,4008.80260751881,59.102931086249,125.154169791827,7315.09549555781,830.339775623058,7521.28707327432,747.909621086104,304.650836722166,273.190855085103,4.02773143561735,8.52897436226159,498.507257432044,512.558748349074,0.00237495451890384,0.00229212727993875,5.64835816041204e-07,0.001059412304015,0.0037697347134912,9.00836105574403e-06,8.62062558088538e-06,5.33479116810522e-12,4.82654542614404e-06,1.33570839183173e-05,-3186.2596238732,0.116912900890664,0.0817928551374351,0.970625,0.474863046224771
"constant",1600,"sir_laplace",133,15.136,3758.59892062159,3641.70214818947,92.2431868581723,102.540413562341,7294.76484464374,1815.22056739968,7077.11705605307,545.121070749495,248.321810294767,240.598714864526,6.09429088650716,6.77460449011237,481.947994492848,467.568515859743,0.00198153886397795,0.00189310684538486,3.15155677519636e-07,0.00108052605574629,0.00312872086564673,9.11817048626853e-06,8.88967368447526e-06,5.11442114783065e-12,4.88970251170922e-06,1.35615509828689e-05,-3135.70842259731,0.107826768118271,0.0680593939889444,0.965625,0.459629413092869
"constant",1600,"sir_laplace",134,14.852,3951.50629589378,3755.23830140052,85.394439499203,50.8450698013266,7565.19156316608,1195.61814201046,7398.58230180552,575.495384218617,266.058867216117,252.843947037471,5.74969293692453,3.42344935371173,509.371907027072,498.15393898502,0.00245502538112038,0.00238329681314258,4.81988486907233e-07,0.00115039570820244,0.00383334198778247,9.69522451232502e-06,9.35034861226212e-06,6.63365041456063e-12,5.4524075126848e-06,1.49130176923559e-05,-3132.34328300913,0.119354568830663,0.0804715468903103,0.970625,0.480774355354192
"constant",1600,"sir_laplace",135,15.242,3630.74218984048,3617.49457234656,75.2953386239823,118.37793809594,7315.82812894727,1219.65069942298,7272.28254462565,1334.71453661585,238.206415814229,237.337263636436,4.93999072457567,7.766562006032,479.978226541614,477.121279663144,0.00198840195762587,0.00189466789485957,3.33732323151528e-07,0.00103228788448617,0.00310991277167026,8.87006921544673e-06,8.44359887094299e-06,5.47103073140912e-12,4.64377768722797e-06,1.3500765682181e-05,-3183.38933855851,0.11869531221768,0.0830217194937765,0.956875,0.457002971224652
"constant",1600,"sir_laplace",136,15.058,3360.72547624014,3623.6958775536,41.1813029391291,91.1826768131036,7242.24124525251,1689.70548154191,7035.54643406355,897.346374491065,223.185381607129,240.649214872732,2.73484546016265,6.0554307884914,480.956384994854,467.229807017104,0.0019337476296558,0.00185275095050205,3.85526462982884e-07,0.000911431562438646,0.00299758931331861,9.20036801200003e-06,9.07929603027314e-06,5.13361661674187e-12,5.13620373568149e-06,1.36208472556245e-05,-3177.08085456579,0.1261719033164,0.0905926262724545,0.95375,0.45749537656698
"constant",1600,"sir_laplace",137,14.651,3668.11978899067,3327.9170920534,90.5928788170536,131.032328692877,7232.45847704584,1692.90261691832,7235.15813844964,1395.69393334954,250.366513479672,227.146071398089,6.18339217917232,8.94357577591136,493.649476284611,493.833740935748,0.00195725961520175,0.00187095648768177,3.74024851366908e-07,0.00084833991602518,0.00310729925038909,8.63968866024207e-06,8.3537845160392e-06,4.72595918259273e-12,4.89529483172005e-06,1.28324968563203e-05,-3165.21630951165,0.131919747854885,0.0868795941837878,0.948125,0.459412616741706
"constant",1600,"sir_laplace",138,15.09,3955.8923619895,3922.03747063086,91.3984521170421,90.255605359136,7666.57981842194,666.455846853954,7553.64713706717,580.709538643574,262.15323803774,259.909706469904,6.05688880828642,5.9811534366558,508.056979352017,500.573037579004,0.00252646302658457,0.00241178422507895,5.69806342007622e-07,0.0012600513775695,0.00401014104562182,9.20606243324489e-06,8.73481959105459e-06,6.66605731609927e-12,5.12917420150505e-06,1.45738485259335e-05,-3197.76065306202,0.113623297396514,0.0791946817958157,0.97375,0.479698369735487
"constant",1600,"sir_laplace",139,14.858,4140.84820080609,3709.3959015263,62.8386255802998,96.3451494002512,7452.03093254635,1116.47093962685,7145.49627813121,524.342699017151,278.694858043215,249.65647472919,4.22927887873871,6.48439557142625,501.550069494302,480.919119540396,0.00208183748414237,0.00201562628877988,3.1153223655013e-07,0.00111072166134784,0.0032183424133404,9.61445217184507e-06,9.19582612957397e-06,7.58058391730383e-12,4.99634354486835e-06,1.50462756696315e-05,-3146.52947378103,0.116169456921528,0.0781880194117167,0.96875,0.460014786578913
"constant",1600,"sir_laplace",13,20.653,3648.95445126901,3579.45160833309,72.8538949532158,90.3771478130843,7390.31364575502,1540.2165402312,7331.65161729948,1159.58739592923,176.679148369196,173.313882164,3.52752118109794,4.37598159168568,357.832452706872,354.992089154093,0.00195972494402849,0.00184645882732189,3.35300273165734e-07,0.00101765682850784,0.00309966791504142,8.51394301754606e-06,8.15507655551107e-06,4.478196245508e-12,4.90687190831578e-06,1.27379336968093e-05,-3124.66452854594,0.131196841552425,0.0984685199216129,0.959375,0.459956167844274
"constant",1600,"sir_laplace",140,14.801,3453.69341104114,3276.51987302295,100.162758018536,99.515430418337,7045.18419255436,861.445340773776,6917.53868002169,737.342849840674,233.341896563823,221.371520371796,6.76729667039631,6.72356127412587,475.993797213321,467.369683130983,0.00174395369659132,0.00167515921684096,2.83970949346961e-07,0.000801691496489927,0.00279357997243776,9.11343002571574e-06,8.81529018868143e-06,4.30539764302485e-12,5.58479075348784e-06,1.33082458532531e-05,-3120.43690897641,0.132558895869779,0.0940732595969014,0.926875,0.450270850394921
"constant",1600,"sir_laplace",141,14.799,3495.99904970824,3131.36338904842,93.0853658059379,88.9776135283224,7282.78377245537,2062.67785451602,6995.2440448488,638.599554322562,236.232113636613,211.592904185987,6.28997674207297,6.01240715780272,492.113235519654,472.683562730509,0.00199842293951133,0.00188979593927683,3.74850674401812e-07,0.00100256033294698,0.00322012658046579,9.09668618234407e-06,8.75528331703591e-06,6.13490599959901e-12,4.86815484910609e-06,1.40251308514237e-05,-3191.47304726909,0.109590580666742,0.072575181212318,0.966875,0.458537578535045
"constant",1600,"sir_laplace",142,15.315,3842.53392697392,3561.33260217641,66.9299597305258,97.7257787330901,7276.72859764773,1928.15478020519,7021.87045014887,846.20548517433,250.900027879459,232.538857471525,4.37022263992986,6.38104986830494,475.137355380198,458.496274903615,0.00212814352190313,0.0020486067519069,4.40639658857291e-07,0.000995079766972539,0.00347908532069576,9.67577801333187e-06,9.41606620954243e-06,6.75277150207032e-12,5.13706813814082e-06,1.45494133166032e-05,-3168.90421591324,0.127282224693457,0.0863227722814244,0.94625,0.462706976381742
"constant",1600,"sir_laplace",143,14.933,3353.88650349452,3359.82751319981,72.1458177937093,82.4434713670368,7092.71847209135,1056.94471155628,6872.84188102975,670.466810594257,224.595627368547,224.993471720338,4.83130099736887,5.52089140608296,474.969428252283,460.245220721205,0.0020474717449517,0.00198015672699916,3.96409922662652e-07,0.000876433314344334,0.0032553241851014,1.07617551763355e-05,1.042691507225e-05,8.29882525384052e-12,5.66079828957714e-06,1.64724313854017e-05,-3154.53229325804,0.133533073895426,0.0961621557700749,0.95375,0.463991139708149
"constant",1600,"sir_laplace",144,14.864,3856.24531743327,3885.10871246469,64.7305809600092,84.3991546828208,7431.88515051718,2324.12839080405,7122.57452212794,428.243741849881,259.435233950032,261.377066231478,4.35485609257328,5.67809167672368,499.992273312512,479.182893038747,0.002083238758745,0.00204735207517132,2.93798664264142e-07,0.00113485455024423,0.00319932785986177,9.25751087461604e-06,8.9174609507566e-06,6.19205195314274e-12,5.01867202872124e-06,1.42506907806729e-05,-3172.93558860232,0.112718154511458,0.0790089537566593,0.9675,0.463727534295448
"constant",1600,"sir_laplace",145,14.702,3955.94869525882,4093.49967523086,87.14254995191,105.722612590403,7309.87015495059,1684.17009514558,7060.03443082593,672.127786586241,269.075547222066,278.431483827429,5.9272581928928,7.19103608967506,497.202431978682,480.20911650292,0.00214200743459965,0.00207055314567271,4.37316979455892e-07,0.000904121147148403,0.00336304216588894,9.2199271888153e-06,8.82048605440094e-06,5.54244788674349e-12,5.43839349910247e-06,1.42017604453912e-05,-3146.52332441097,0.124628095133997,0.0879768808015263,0.963125,0.465272960540348
"constant",1600,"sir_laplace",146,14.842,3917.72282446844,3910.97200952747,82.5391043040996,103.447300631749,7425.70733639362,1671.25902746569,7335.0219960668,1099.79621686248,263.961920527452,263.507075160185,5.56118476648023,6.96990302060028,500.317163212075,494.207114679073,0.00206977603263318,0.00196902970275942,3.65958380394505e-07,0.00107268351647,0.00325426561406192,9.04430329160661e-06,8.79705377511313e-06,4.79480550406372e-12,5.06331850891554e-06,1.33615074958316e-05,-3182.13925205146,0.115316563825759,0.0761717529720157,0.964375,0.461762270266252
"constant",1600,"sir_laplace",147,14.829,3572.73381628484,3521.08927448533,66.6766156245293,94.5610962632337,7262.70900627252,2209.44603739629,7032.80375514384,674.972694682153,240.928843231832,237.446171318722,4.49636628393886,6.37676824217639,489.763908980546,474.260149379179,0.00207804659211755,0.00201672203186002,3.7763399242694e-07,0.000990567495515747,0.00327890824223546,9.22590184432329e-06,8.75166842453366e-06,6.20830332302738e-12,5.12309667120722e-06,1.44868153623591e-05,-3137.89496044743,0.125379346940767,0.0838009498942352,0.961875,0.466707926753338
"constant",1600,"sir_laplace",148,15.046,3604.80727492676,3205.86263614726,80.0023202576061,80.02825902954,7441.17833478989,1126.67757846283,7352.80306619081,683.117957616729,239.585755345392,213.070758749652,5.31718199239705,5.31890595703442,494.561899161896,488.688227182694,0.00215926840396943,0.00207637369110367,4.22886116500334e-07,0.00101823694898359,0.00337584237517795,9.29121425375375e-06,9.00024212800824e-06,6.03270777806956e-12,4.98071749989819e-06,1.40743290981617e-05,-3162.7373736977,0.124789563231453,0.0847257836079111,0.95625,0.465987272953739
"constant",1600,"sir_laplace",149,14.857,4466.64966408203,4450.4920319315,90.9368641012901,65.9983545377687,7600.65786170217,1023.35650338764,7530.92542570145,949.939818510282,300.642772032175,299.555228641818,6.12080932229185,4.44223965388495,511.587659803606,506.894085326879,0.00282810318853144,0.00273159685960193,6.86955273373794e-07,0.00132918103429295,0.00446629231744082,9.91202048521235e-06,9.389426414429e-06,7.71306427118343e-12,5.62070956041447e-06,1.55315425987647e-05,-3207.35337197975,0.125847036981655,0.0902769424603465,0.966875,0.490277669283765
"constant",1600,"sir_laplace",14,20.81,3324.94453727989,3361.1806123071,63.9306148637983,48.8496702229224,7395.07084289807,1302.64730036383,7238.55209245295,215.007157513425,159.776287231134,161.517569068097,3.07211027697253,2.34741327356667,355.361405232968,347.84008132883,0.00212298536336125,0.00207142562879588,3.65521291467683e-07,0.000978853395749744,0.00332735788059457,8.90618698463807e-06,8.56807954201669e-06,5.09215871708589e-12,5.17230335107825e-06,1.37462957200725e-05,-3201.70500741561,0.115444536041888,0.080056447029561,0.956875,0.464319047516665
"constant",1600,"sir_laplace",150,14.758,3609.325008091,3735.39439042552,75.4921126047585,130.425753513158,7385.04364526554,2648.0873371637,7098.32775626913,1022.4994799791,244.56735384815,253.109797426855,5.11533491020182,8.83763067577977,500.409516551399,480.981688322884,0.00196883580534649,0.0019097483419459,2.70741920532372e-07,0.000942912978828825,0.002988165401405,9.03973765129826e-06,8.84156188542131e-06,5.10442264916121e-12,5.24779773265068e-06,1.36026047193115e-05,-3155.84656364052,0.12735855794415,0.0891262032972446,0.959375,0.458323089215237
"constant",1600,"sir_laplace",151,15.088,3695.50287017012,3541.70915598664,79.458219321818,140.954054402142,7480.62518070624,1323.61241562733,7309.66848326939,810.566731536008,244.929935721774,234.736821048955,5.26631888400172,9.34212979865733,495.799654076501,484.469014002478,0.00238616456666656,0.00230069442556377,5.44445018409744e-07,0.00112622990643388,0.00381256695815528,9.30715891146604e-06,9.02659278655276e-06,5.27987376053033e-12,5.33585674937492e-06,1.37076726909233e-05,-3172.81453292372,0.124356749148361,0.0825809768976693,0.961875,0.474551664527395
"constant",1600,"sir_laplace",152,14.961,4328.58863339983,3975.58894094785,41.7224369486065,108.354741957991,7630.93558944462,1350.15724710991,7500.02774268898,988.452503435266,289.324820092229,265.730161148844,2.78874653757145,7.24247991163634,510.055182771514,501.305243144775,0.00271522941242247,0.00257500355330339,7.41937043346112e-07,0.00133782151213074,0.00444202062314316,9.78307970835064e-06,9.27464210415472e-06,8.08789340695634e-12,5.37142171022285e-06,1.5669141427016e-05,-3180.01288938452,0.13072739110569,0.097510257140636,0.961875,0.489845587431346
"constant",1600,"sir_laplace",153,14.948,4151.48696882968,3912.61133284583,39.3303238803734,109.103817434443,7176.0693672749,787.986002931844,7168.15271835082,1368.66283804302,277.72859036859,261.748149106625,2.63114288736777,7.29889064988248,480.068863210791,479.539250625557,0.00207374166165251,0.0019704280009814,5.12059935731817e-07,0.000931032254442152,0.00346754417151441,9.29498570384787e-06,8.90401460572806e-06,5.35611229679921e-12,5.32447325164051e-06,1.40915556880514e-05,-3155.60508856385,0.138460174255048,0.097557277190706,0.94625,0.465706705074251
"constant",1600,"sir_laplace",154,14.866,3704.99199175175,3611.05102748932,77.298091735938,112.702420423173,7372.27744274259,1239.99564780765,7119.89936782699,547.48405703891,249.225884013975,242.906701701152,5.19965637938504,7.58122026255707,495.91533988582,478.938474897551,0.00217257484333837,0.00209710272341672,4.02426317886843e-07,0.00106907530325603,0.00338897442826312,9.47020191701994e-06,9.19883483802634e-06,5.74462942629483e-12,5.26642496367328e-06,1.45649193289588e-05,-3157.94550896854,0.122419455516703,0.0882785421609227,0.965,0.466410639702621
"constant",1600,"sir_laplace",155,14.813,4110.73743163243,3938.7467289469,79.0528544764596,117.752275912931,7355.77550930249,735.323254237687,7345.58589143361,745.029367182531,277.508771459693,265.897976706063,5.33672142553565,7.94925240754274,496.575677398399,495.887793926525,0.00216553226456,0.00209169728051137,4.54434006409981e-07,0.00102955318099542,0.00352437577386233,8.88068627848653e-06,8.41789984289638e-06,5.90085779037269e-12,5.02266126435901e-06,1.39946015361205e-05,-3175.66347257326,0.115360135610158,0.0780469764423638,0.96625,0.466190660523449
"constant",1600,"sir_laplace",156,14.983,3750.76816302607,3432.6750105867,98.4351988322102,97.493971614361,7197.3708178971,1447.90609539461,6967.03379473919,839.571234104257,250.334923782024,229.104652645445,6.56979235348129,6.50697267665761,480.369139551298,464.995915019635,0.00183521443155866,0.00173669752886163,3.03888647942153e-07,0.000932881773810992,0.00303442506290069,9.13858516124768e-06,8.82613084887064e-06,4.75755386835712e-12,5.35724706384315e-06,1.35507692904324e-05,-3187.40475206901,0.118484750811722,0.081793646736562,0.951875,0.452602711290835
"constant",1600,"sir_laplace",157,14.81,3829.72205150051,3732.94652224432,58.8846155707241,74.0215398550546,7530.66455749365,1562.58858045174,7290.56806731719,575.588624569341,258.590280317387,252.055808389218,3.97600375224336,4.99807831566878,508.485115293292,492.273333377258,0.00240777576661682,0.00230032984992637,5.34590810247152e-07,0.00115711377891523,0.00384594345832584,9.9439156423699e-06,9.58012992009383e-06,7.40395840381273e-12,5.3436497176097e-06,1.53718326789277e-05,-3191.96319769923,0.124311922149804,0.0877319927369015,0.97,0.47480338994409
"constant",1600,"sir_laplace",158,14.847,3908.16952597505,3978.12444082316,74.9065493509535,121.803496815574,7380.99269780418,1020.36485699237,7476.70123346377,928.843276351667,263.229576747831,267.941297287207,5.04523131615502,8.20391303398492,497.136977019208,503.583298542721,0.0023808332917828,0.00229802042864835,5.60319545758267e-07,0.00111236767315469,0.0039533480569502,9.29585385296198e-06,8.87588691099207e-06,6.04823409446256e-12,5.0547148566857e-06,1.42601787154328e-05,-3154.56259716761,0.118373338632338,0.0831786338808235,0.964375,0.474614596619565
"constant",1600,"sir_laplace",159,15.679,3699.3957389713,3583.7457250001,79.9660469596549,121.231077221844,7152.4841888037,1010.3323399102,7032.72002869745,680.545230553818,235.945898269743,228.569789208502,5.10020071175807,7.73206691892619,456.182421634269,448.543914069612,0.00181893430773651,0.00173173401289053,3.15384180265229e-07,0.000891714166133289,0.00288372006702437,9.17072025474638e-06,8.92038537068927e-06,5.23309275916056e-12,5.18699833747473e-06,1.36383334455058e-05,-3171.85777487726,0.128138637678597,0.0912107413363477,0.938125,0.450736345958865
"constant",1600,"sir_laplace",15,15.05,3222.79981494071,3156.90941536123,13.5233126031709,124.048731095146,7148.10486096821,720.308156461519,7007.41976977029,477.224798529313,214.139522587423,209.76142294759,0.898558976954876,8.24244060432865,474.95713361915,465.609287027926,0.00202137938033385,0.00192779718270996,4.55519918428813e-07,0.000941277138311483,0.00337272163369564,9.47945296467986e-06,9.21053805199164e-06,5.22219818449375e-12,5.25819041002393e-06,1.43744221277276e-05,-3167.90976402202,0.129078432237329,0.0882578539473689,0.95,0.463170794818526
"constant",1600,"sir_laplace",160,15.072,3625.02974471783,3402.56351797404,78.0149230576642,63.9248160935137,7112.7651723257,1859.36720897153,6715.35109819803,540.185766986874,240.514181576289,225.753948910167,5.1761493536136,4.24129618454841,471.919132983393,445.551426366642,0.00165967918079775,0.00159403753636934,2.23242290455453e-07,0.00083511571579395,0.00260417276701408,8.92049376880634e-06,8.6463888643512e-06,5.38636531064267e-12,4.99702135587675e-06,1.35567895457928e-05,-3162.31680350449,0.114006613683734,0.0756666653951024,0.96,0.444506663535473
"constant",1600,"sir_laplace",161,15.226,3967.71948530966,3882.08746382964,77.9649518796026,94.3528973575505,7572.24308991679,1658.39979881034,7449.73132028755,622.077138104107,260.588433292372,254.964367780746,5.12051437538438,6.19682762101343,497.323203068225,489.276981497934,0.00236178245088944,0.00228397439818963,4.41331543806622e-07,0.00114325246695772,0.00364247313038335,9.71631551266964e-06,9.37247611780391e-06,6.99809673403886e-12,5.40907011479513e-06,1.51455911219476e-05,-3145.68775440685,0.11675217272643,0.0806614890877121,0.96875,0.474143468491452
"constant",1600,"sir_laplace",162,15.128,3788.00155550155,3833.48534058959,72.6312756677715,79.0346263749908,7118.98367700162,1612.45209514114,6897.53194967082,388.171886408057,250.396718370012,253.403314422897,4.80111552536829,5.224393599616,470.583267913909,455.94473490685,0.00206774237260885,0.00199521001456073,3.22886411370594e-07,0.001102066332516,0.00327736802250415,1.0360280178154e-05,9.7958065191085e-06,8.45557952290393e-12,5.55116819738646e-06,1.62900087176368e-05,-3143.63926046616,0.127363980565224,0.0879356365495944,0.956875,0.470549950841475
"constant",1600,"sir_laplace",163,14.907,3860.85622707158,3724.72728918589,80.8284567909875,71.0002820264283,7502.55015409403,1614.99152328809,7386.57200853634,1029.642782057,258.996191525564,249.864311342718,5.42218131018901,4.76288200351702,503.290410820019,495.510297748463,0.00229671206845955,0.00218696050286776,4.59518472721936e-07,0.00106316456639729,0.00362987925237131,9.2435271684527e-06,8.93516071108827e-06,5.59989079062599e-12,5.232993524739e-06,1.38512672471937e-05,-3186.2390804251,0.126760065379715,0.0908836979189356,0.96625,0.469512619242335
"constant",1600,"sir_laplace",164,15.077,3776.83268839826,3578.68807599039,66.0654741831862,108.1446921267,7562.92560058463,704.479393030084,7696.11660592081,897.363860580193,250.502930848196,237.360753199601,4.38187133933715,7.17282563684423,501.620057079301,510.454109300313,0.00244357850053739,0.00237811605564751,5.04994505065845e-07,0.00110976090301802,0.00383067064000062,8.88998558654571e-06,8.65016588516654e-06,4.81478827375698e-12,4.96693729379052e-06,1.31723413029e-05,-3175.99654311728,0.124543329824678,0.0890861800870841,0.953125,0.475781395193442
"constant",1600,"sir_laplace",165,15.189,3877.29777635449,3553.2932130148,82.2260419487749,98.2279917115653,7678.73460962255,2617.49467763595,7593.22820885133,1330.64371949529,255.270114974948,233.938587992284,5.41352570602244,6.46704797627002,505.545764014916,499.916268934843,0.00230647600887345,0.00223717819655379,3.91703338138098e-07,0.00114059803912722,0.00350938244649792,8.7918497989379e-06,8.49207739732644e-06,4.7333104600852e-12,4.85866261325224e-06,1.30265538382948e-05,-3195.80471706913,0.125804191035063,0.0858842992207444,0.961875,0.469415753429016
"constant",1600,"sir_laplace",166,14.75,3165.72790973822,3347.96659326388,50.4877955378983,109.26705893744,7164.46945702022,2436.34741702194,7011.53226726638,1227.75274600947,214.625620999202,226.980785983992,3.42290139239989,7.40793619914845,485.726742848829,475.35811981467,0.00181212064498262,0.00174331941931208,2.63718611517899e-07,0.000908603948687516,0.00278084698568205,8.6464239364466e-06,8.27691428723314e-06,5.31348915472285e-12,4.78364323466262e-06,1.32252060514875e-05,-3173.97290816634,0.125202542776461,0.0841640609636888,0.9525,0.452273906096466
"constant",1600,"sir_laplace",167,14.954,4260.73612093949,3716.88111263763,25.0673785735881,96.6461390586669,7497.20698490616,1249.46491637415,7503.06607767064,820.01449133278,284.922838099471,248.554307385157,1.67629922252161,6.46289548339353,501.351276240882,501.74308396888,0.00275788265658268,0.0026343584323662,7.75269877037426e-07,0.00128658539982181,0.00449975159163637,9.61858037301598e-06,9.19715995192869e-06,7.10192715371516e-12,5.25050070233872e-06,1.52863114434871e-05,-3189.23919938458,0.119517819962152,0.0803976973068511,0.963125,0.490934079977508
"constant",1600,"sir_laplace",168,15.261,3883.06253962564,3919.28105855147,77.1830447639941,107.373279843008,7334.4158639279,474.280849822865,7188.98010110347,520.862717658677,254.443518748813,256.816791727375,5.05753520503205,7.03579580912185,480.598641237658,471.068743929197,0.0024736937611649,0.00231943570484322,7.38244848411071e-07,0.00103884348222977,0.00437777648605707,9.98622181274807e-06,9.4575550253703e-06,7.55129236534247e-12,5.53618665911687e-06,1.545367828336e-05,-3164.70760242963,0.113201539735211,0.0779184331772533,0.96,0.4809619376797
"constant",1600,"sir_laplace",169,15.003,3785.38581832127,3686.89048120947,69.8934889600081,111.799967932649,7512.87801303925,1243.09818280156,7369.123232951,816.192256219681,252.308592836184,245.743550037291,4.65863420382644,7.45184082734446,500.758382526112,491.17664686736,0.00238448828238405,0.00229546673732267,5.10205062913418e-07,0.00117408019213248,0.00380083994167053,9.7678402609441e-06,9.40566573823387e-06,6.64907937046206e-12,5.47644280952832e-06,1.45314264143428e-05,-3185.63353872368,0.126405001683437,0.0871752846554413,0.965625,0.475725737958636
"constant",1600,"sir_laplace",16,15.343,4286.73207950754,4094.67703389691,45.4211956845256,94.1568515829068,7427.89124044866,1039.67978423706,7201.78573036079,301.611372272623,279.393344163954,266.875906530464,2.96038556244057,6.13679538440375,484.122481942818,469.38576095684,0.00241923552280674,0.00233697298903261,5.7935310927289e-07,0.000947042150095213,0.00390618749108958,9.542409914093e-06,9.19559449872554e-06,6.85101716733525e-12,5.10815000664021e-06,1.49798709508422e-05,-3183.49548637824,0.115218065153109,0.0800739941782104,0.96375,0.476930738939238
"constant",1600,"sir_laplace",170,15.118,4212.20795294158,4052.10644274561,53.1682170692548,83.4410264004056,7201.53754109046,1246.75351014707,6929.79514599069,511.279175293935,278.622036839633,268.031911810134,3.51688166882225,5.51931647045943,476.355175359866,458.380417118051,0.00230206594049289,0.00216923197837707,6.1694142095521e-07,0.000980646662992617,0.00395808142574377,9.40906078967716e-06,8.96222966235245e-06,7.58430405019161e-12,4.81806232985424e-06,1.47440092015483e-05,-3144.99124570801,0.126949473757381,0.0858304747824068,0.953125,0.472013217954844
"constant",1600,"sir_laplace",171,15.146,3476.65588605122,3459.10682230109,62.75569329685,106.79018901168,7279.66359058557,945.286113058287,7164.41743997231,555.763748008746,229.542842073896,228.384182114161,4.14338394934967,7.05071893646373,480.632747298664,473.023731676503,0.00206336842097028,0.00198246434441874,4.21771207123815e-07,0.000960131611552959,0.00330967651022125,9.23396999485613e-06,8.81576542219928e-06,6.34398443802967e-12,5.03042372366999e-06,1.44087949066069e-05,-3186.6280048251,0.116657898770442,0.084694159044324,0.9675,0.461272038354809
"constant",1600,"sir_laplace",172,15.979,3418.61521417232,3321.35479875424,63.3626780152763,115.956629644998,7065.04532991195,2289.87657602974,7002.07323796275,1847.96280853202,213.944252717462,207.857487874976,3.96537192660844,7.25681392108379,442.145649284183,438.204721069075,0.00180015898067028,0.00169064286936086,3.23939842307244e-07,0.000848701260031273,0.00291922874136593,8.73755504219344e-06,8.34989886519596e-06,4.87156197578948e-12,4.8582502681314e-06,1.29324295172871e-05,-3164.02893837806,0.13482547557639,0.0924052125446136,0.9425,0.452234092351885
"constant",1600,"sir_laplace",173,14.883,3917.62681973753,3782.61468757388,70.3724937131518,114.805316342572,7509.11401422781,1325.44196235796,7340.6545811403,1196.39984739739,263.228302071997,254.156735038224,4.72838095230477,7.7138558316584,504.543036634268,493.224120213687,0.00225362351050358,0.00217894789366333,4.55320001304294e-07,0.00101531058969921,0.00345574349036145,8.73687319341685e-06,8.515452218748e-06,4.18555357136593e-12,5.02164218368733e-06,1.28743306201903e-05,-3120.41761158963,0.133846791754016,0.0962070577598353,0.945625,0.472612727252833
"constant",1600,"sir_laplace",174,16.105,3100.88828480821,2998.29974222282,77.1666771953684,125.984819633683,7403.66448357261,1351.60556717428,7295.777918274,1230.90102158401,192.541961180268,186.171980268415,4.79147328130198,7.82271466213493,459.712169113481,453.013220631729,0.00214298194939848,0.00208001178265226,3.56995526719366e-07,0.00104245663081711,0.00327998522813154,9.07854155977981e-06,8.91361293081667e-06,4.8612711375954e-12,4.91778367911089e-06,1.33070616379837e-05,-3180.00429951304,0.115018697469022,0.078100470204101,0.9625,0.465206325348117
"constant",1600,"sir_laplace",175,14.927,3205.83379404686,2963.34556241929,73.0966784182815,124.735340403269,7097.6266957245,2337.21710473079,6721.34449530483,1140.06742394705,214.767454548594,198.522513728096,4.89694368716296,8.35635696410992,475.489160295069,450.281000556363,0.00175949310880814,0.00169868494299654,2.58894361151974e-07,0.00089275024590841,0.00276631718589372,9.06405483439207e-06,8.67277329659089e-06,6.12355217813686e-12,4.8857578976103e-06,1.40108256526723e-05,-3199.36872137246,0.13439046207688,0.0948262248980046,0.94375,0.44643441073514
"constant",1600,"sir_laplace",176,15.163,2961.00032752817,2973.02021564358,70.5903473144795,128.531431335596,7153.06489995917,1379.29056151544,6985.84468450172,993.444902768387,195.278000892183,196.070712632301,4.65543410370504,8.47664916807991,471.744700914012,460.716526050367,0.00184194372626438,0.00177814713422958,3.40258141306802e-07,0.000849312659526968,0.00298947188100066,9.03183285078352e-06,8.6145735061658e-06,5.23687446666673e-12,5.17038515301958e-06,1.37935282750339e-05,-3163.71675911817,0.123292798851256,0.0888714188049675,0.955,0.455422809938657
"constant",1600,"sir_laplace",177,15.461,3418.50594748875,3293.26522366987,63.8936310704115,75.1337329640311,6969.32555823499,1941.97373920869,6762.41521448584,699.872618159887,221.105099766428,213.004671345312,4.13256782034872,4.85956490291903,450.768097680291,437.385370576666,0.00178981073827344,0.00171258422827997,3.07010569981021e-07,0.00091518657463333,0.00291705094578965,8.93721902336613e-06,8.62052558772642e-06,5.87541551068353e-12,4.77325243897862e-06,1.36126388543365e-05,-3160.92218778226,0.119895590987309,0.0788400138499797,0.96375,0.451681715150802
"constant",1600,"sir_laplace",178,15.015,3875.53206322718,3592.35278980328,43.0076335980986,91.1485820805989,7479.44374959659,706.512450903016,7417.95069778656,550.638954414185,258.110693521624,239.250935051834,2.86431126194463,6.07050163706953,498.131451854584,494.036010508595,0.00279787160937665,0.00265529784427082,8.40520631601214e-07,0.00131743954651307,0.00457599012469562,9.67845056110063e-06,9.38865544753383e-06,6.97387905689286e-12,5.06497979754126e-06,1.50113233997224e-05,-3164.43847333549,0.11870960849227,0.0847655541674517,0.968125,0.492397677258843
"constant",1600,"sir_laplace",179,14.96,3690.27292099895,3757.48800771072,45.3189252604148,59.1509790549073,7221.06613763815,810.138228903546,7058.75018421351,576.462600425823,246.675997392978,251.168984472641,3.02933992382452,3.95394245019434,482.691586740518,471.841589853844,0.00209666794184849,0.00202613929028792,4.39208306346672e-07,0.000987006348433169,0.00341086689408262,9.24156389192996e-06,8.77531764974128e-06,7.07830124154910e-12,4.79070126947729e-06,1.46793476759734e-05,-3183.32335011253,0.127334270274315,0.0908781691026985,0.94375,0.465710261727466
"constant",1600,"sir_laplace",17,14.799,3066.91873229992,2854.91642644735,81.3987290878732,129.940936215301,6925.13666397833,1809.10481295076,6705.99318135977,1122.69527159115,207.238241252782,192.912793191929,5.5002857684893,8.78038625686201,467.946257448363,453.138264839501,0.00180896220417411,0.00176272530309705,2.68539320397074e-07,0.000842611242841596,0.00278943091077974,1.03422241644627e-05,1.00758189128551e-05,6.54140117017853e-12,5.61525336640278e-06,1.53848969709407e-05,-3191.42036608933,0.112472351043086,0.0766554378642315,0.96625,0.45196403536898
"constant",1600,"sir_laplace",180,14.95,3355.88005571739,3312.89704128598,68.405826393846,50.9707883124653,7035.8522641158,1726.07090197435,6825.55257299567,853.556275321708,224.473582322234,221.598464300066,4.57564056146127,3.40941727842577,470.625569506073,456.558700534827,0.00179252465517605,0.00171393566156808,2.94068323056033e-07,0.000767089061338053,0.00281908698173217,9.34641300147582e-06,8.96949062489297e-06,6.13282545312024e-12,5.05372468595978e-06,1.43079454501601e-05,-3162.33306786899,0.117824162506822,0.0739389248721141,0.950625,0.449716625427366
"constant",1600,"sir_laplace",181,14.913,3945.85540689541,3798.45582973157,70.7371013383855,139.404041751246,7373.63541838795,710.957658259378,7452.7720655221,1046.87779665143,264.591658747094,254.707693269736,4.74331800029407,9.34782014022973,494.443466665859,499.750021157521,0.00224516413951754,0.00210164625132027,5.75265333492668e-07,0.000921291560472011,0.00386442243184608,8.93178640604625e-06,8.59243154103185e-06,5.31325173082803e-12,5.11468776407009e-06,1.35397932338051e-05,-3165.44747516414,0.119270880311677,0.0829066039764522,0.96875,0.468632092171784
"constant",1600,"sir_laplace",182,14.906,3686.59654087365,3383.38817859019,60.5330923142414,90.2685682521099,7285.6997787256,1467.62222110719,7263.86777203683,623.130795870976,247.322993484077,226.98163012144,4.06098834792979,6.05585457212598,488.776316833865,487.311671275784,0.00212249452698911,0.00199749414691876,4.00876572812215e-07,0.00109772628669791,0.00337761961121863,9.29971141495934e-06,8.99745608502607e-06,5.79658863099587e-12,5.1407027818705e-06,1.38700438287633e-05,-3147.91403652087,0.12462751597608,0.0858209764913988,0.964375,0.467922632645183
"constant",1600,"sir_laplace",183,14.89,4128.84649882772,4164.21886743276,60.5331616044048,97.5240342806327,7588.79673472892,474.382396685449,7566.28823637691,567.844685037058,277.289892466603,279.66547128494,4.06535672292846,6.549632926839,509.657268954259,508.145616949423,0.00256080548815568,0.0024522768523613,6.50381455178761e-07,0.00116287300334484,0.00421955220521902,9.23406925816406e-06,8.84018863844253e-06,6.01241074109502e-12,5.10811429962265e-06,1.43125653230154e-05,-3169.43685901673,0.109843202070113,0.076357573814349,0.97375,0.481727071436698
"constant",1600,"sir_laplace",184,15.015,3966.58765491649,3832.29210016849,58.6415597451633,104.358655177434,7254.23383491632,1180.04145326615,7175.09253855965,886.693520407009,264.17500199244,255.230909102131,3.90553178455966,6.95029338511048,483.132456537884,477.861640929713,0.00189400144097923,0.00180468263050836,3.47676197441407e-07,0.00081877169213624,0.00317631364792745,8.2949652255995e-06,7.89474188358671e-06,5.20964958846855e-12,4.75283041010862e-06,1.28881493771862e-05,-3157.27124077905,0.140262036501933,0.100158994257604,0.945625,0.455678915686194
"constant",1600,"sir_laplace",185,15.029,3537.99355700596,3084.60787079242,68.5550464418077,58.4517176457928,7259.37336541545,1666.66366287087,6858.05840301372,299.492497454563,235.411108989684,205.243720193787,4.56151749562896,3.88926193664202,483.024377231715,456.321671635752,0.00210303508364821,0.00197166877791334,4.87307904984932e-07,0.000952858045583093,0.00356043523491218,1.01409891189206e-05,9.77909175175611e-06,7.85851703107714e-12,4.83244538083234e-06,1.53742809642448e-05,-3157.38070046059,0.132310728112479,0.0886738526263672,0.965625,0.46481121717116
"constant",1600,"sir_laplace",186,14.863,3496.6295192031,3366.48850156799,71.7820957427123,82.737834566791,7368.22034716983,970.519829313533,7208.85794108111,567.116143299101,235.257318119027,226.501278447689,4.82958324313478,5.56669814753354,495.742471046883,485.020382229773,0.0021746278889581,0.00211604208019609,4.1633898860453e-07,0.000986240667255103,0.00336660920054093,9.23926028495574e-06,8.65504096514278e-06,7.92956715303759e-12,4.98251333410176e-06,1.48647846979199e-05,-3167.28570869394,0.12109827708496,0.0851358394119564,0.9575,0.470150478551145
"constant",1600,"sir_laplace",187,15.319,4151.49948531354,4252.05155122263,37.5829836299535,61.3539611944052,7269.94285109541,390.938640972624,7533.61431875199,365.757006757419,271.003295601119,277.567174830122,2.45335750570883,4.00508918300184,474.570327769137,491.782382580586,0.00268290961300732,0.00256114881670355,9.012691363149e-07,0.00108106989352268,0.00456177944908216,9.21032787844045e-06,8.81819666083903e-06,6.20390119706922e-12,4.96658118761027e-06,1.39865512728275e-05,-3152.41568153942,0.127440967321263,0.0871324779144668,0.964375,0.487230082820535
"constant",1600,"sir_laplace",188,14.882,3183.52463793672,3471.60278887143,47.3926488246234,119.361174560315,7268.5335100112,552.699750935557,7410.93403570972,869.288832010263,213.917795856519,233.275284832108,3.18456180786342,8.02050628681056,488.411067733584,497.979709428149,0.00229080300762792,0.00217783907429746,5.58508403335418e-07,0.00103285922436275,0.00383011511979712,9.71168053159075e-06,9.44163689189564e-06,6.7061313674897e-12,4.97965876426272e-06,1.43850661378671e-05,-3170.13184469873,0.126137000933626,0.0911634956422234,0.970625,0.472017821461901
"constant",1600,"sir_laplace",189,14.877,3609.81903733421,3469.55422734857,25.4800717507023,79.9363431838332,7021.91266165818,1024.54933802033,6738.05220319885,240.997668341356,242.644285631123,233.21598624377,1.71271571894214,5.37314937042638,471.997893503944,452.917402917177,0.00212350067875195,0.00206572885796487,4.78544021534688e-07,0.000875323474065255,0.00347826281036477,9.94250626915921e-06,9.46307216642203e-06,9.14157326452691e-12,4.79287290336181e-06,1.61870666219824e-05,-3174.264001528,0.11104174993058,0.0737622207393066,0.964375,0.46793491192521
"constant",1600,"sir_laplace",18,14.952,4460.57565068596,4304.49573453494,76.2545312392794,161.651680147433,7935.70544239668,1380.56748226081,8016.27517059948,1361.49915852358,298.326354379746,287.887622694953,5.099955272825,10.8113750767411,530.745414820538,536.133973421581,0.00303690876825666,0.00291068529268254,7.03903389561654e-07,0.00157874425910121,0.00466147281700843,8.90696803683654e-06,8.5189142940759e-06,4.6518641051587e-12,5.23811804860106e-06,1.32665821940176e-05,-3150.10490699579,0.123023687422692,0.0839962012727902,0.970625,0.497794619085372
"constant",1600,"sir_laplace",190,15.17,3332.87953538693,3106.36677965749,70.152398080071,100.148897994259,7263.00301792383,1350.72897084142,7067.43290363009,311.842251806561,219.702012879824,204.770387584541,4.62441648517277,6.60177310443367,478.774094787333,465.882195361246,0.00210026501639581,0.00200307693727084,4.08176307288391e-07,0.000988445537982822,0.00344358943442044,1.00634238531646e-05,9.58144773840931e-06,6.95038706652855e-12,5.55610129100935e-06,1.54358052190135e-05,-3140.12788906857,0.134114904963749,0.0898378752089579,0.944375,0.468887524091106
"constant",1600,"sir_laplace",191,15.183,3941.55411587274,4062.17208661112,53.665076203226,58.691333560382,7673.23589223339,825.295336341676,7041.80114187256,205.561625869982,259.60311637178,267.547394231121,3.53455023402661,3.86559530793532,505.383382219152,463.795109126823,0.00288154046398931,0.00275570376314163,7.83157594298682e-07,0.00140344994417662,0.00472057365778945,1.10892516691258e-05,1.02988334592998e-05,1.36054439441491e-11,5.59066709811062e-06,1.73690637056212e-05,-3161.27698811315,0.117614183008374,0.0841192370039437,0.975,0.499333736256119
"constant",1600,"sir_laplace",192,14.913,3796.22933289217,3948.43105833025,33.2064283861565,108.195886866956,7515.71697406783,947.912343837702,7303.71355194415,541.794612834735,254.558394212577,264.76437057133,2.2266766167878,7.25513893025923,503.970829079852,489.754814721662,0.00262641502840372,0.00251427035719979,6.72682756413488e-07,0.00125232016986774,0.00427863205157395,1.02034349898906e-05,9.68490210175139e-06,8.6524236049163e-12,5.44029095366363e-06,1.67034778401641e-05,-3197.02634821962,0.132590688109294,0.0978860266998414,0.963125,0.485216106078154
"constant",1600,"sir_laplace",193,15,3572.78591801679,3256.974839836,107.667616013699,101.397923510353,7248.39894674986,2705.73194513981,7015.57885672717,866.235544529198,238.185727867786,217.131655989067,7.17784106757994,6.7598615673569,483.226596449991,467.705257115145,0.00197535289235295,0.00190873686700551,2.71465600027265e-07,0.00106904677327961,0.00307037502750319,1.01616157716091e-05,9.79361914692628e-06,7.00943730922649e-12,5.56394921048724e-06,1.52878173442255e-05,-3177.78755821679,0.120407552141014,0.0823251525149919,0.95375,0.460218340030849
"constant",1600,"sir_laplace",194,15.425,3666.15439851142,3773.87613552105,85.8463426746205,81.321784662387,7643.21639256665,1683.80373803134,7263.69597606043,415.760866136138,237.676136046121,244.659717051608,5.56540309073714,5.27207680145135,495.508356082117,470.904115141681,0.00250580270676686,0.00239843944622378,4.62799104558178e-07,0.00130169653649051,0.00381100322850931,9.75497479677788e-06,9.46230222879113e-06,6.33689614742862e-12,5.36423416510661e-06,1.4936477156669e-05,-3127.82561190055,0.123496799570074,0.0837947571913516,0.96,0.4824497577507
"constant",1600,"sir_laplace",195,14.888,3345.79731959512,3432.79899806648,67.2623921702732,105.259910399752,7438.04943661949,1417.82283522277,7095.49307149471,522.227329795381,224.731147205476,230.574892401026,4.51789307967982,7.07011757118164,499.600311433335,476.591420707597,0.00235294390017316,0.00231355290439678,4.60052799207207e-07,0.00111170252727234,0.00363573693370781,1.02130695642495e-05,9.8579801443787e-06,7.56709690652337e-12,5.47906296242119e-06,1.59909908142625e-05,-3137.64522735584,0.129842763955893,0.0947040451704478,0.95375,0.478418970173096
"constant",1600,"sir_laplace",196,15.107,3517.58250517743,3223.78032503554,102.766474153043,51.5276620585748,7334.46279017837,2268.34186191978,7155.28563088449,889.198194726992,232.844542607892,213.396460252567,6.80257325432202,3.41084676365756,485.500945930918,473.640407154596,0.0018986919257656,0.00184698134156094,2.67491719550612e-07,0.000991420653587074,0.00286495881168762,8.88250306601804e-06,8.65283948872422e-06,5.21358774736423e-12,4.56385722278122e-06,1.32265740551833e-05,-3216.57227430973,0.129154544375261,0.0919270805877386,0.955625,0.453763617821784
"constant",1600,"sir_laplace",197,15.018,3272.99251901594,3190.06907765627,63.3394918944697,93.8120721973375,7201.53531531677,1989.04043896219,6726.99626245361,424.573223969292,217.937975696893,212.416372197115,4.21757170691635,6.24664217587811,479.526922047994,447.928902813531,0.00186325914181957,0.00177830870529124,3.03932699499733e-07,0.00094590940555148,0.00300823423957841,9.35238928494832e-06,8.85312474712173e-06,6.9857113576241e-12,5.11777658184662e-06,1.4688912749142e-05,-3162.93725797358,0.114714835262068,0.0730823163895875,0.95875,0.454845023317331
"constant",1600,"sir_laplace",198,15.236,3887.29609295929,3849.23792589791,44.0059926946364,67.4184562276013,7148.2848432542,746.092893790256,7087.04611151313,676.038110831406,255.138887697512,252.640977021391,2.88829041051696,4.42494461982156,469.170703810331,465.151359379964,0.0020398444531648,0.00191731122956918,4.47317724629301e-07,0.00088232826155645,0.00338383251422165,9.35934887215138e-06,9.01351994382729e-06,5.48626370826479e-12,5.47693238491349e-06,1.42810441105175e-05,-3163.35288999331,0.127459741761765,0.082145648808507,0.96125,0.46051345225721
"constant",1600,"sir_laplace",199,15.061,3412.43209001847,3282.89205679141,60.4246986155696,97.0529897208437,7120.48104549538,1526.8788741595,6795.17844837683,517.439274216914,226.574071444026,217.973046729394,4.01199778338554,6.44399374017952,472.776113504773,451.177109645896,0.00189209465300034,0.00180779718711783,2.90927241838105e-07,0.000990950138668061,0.00296622246666406,9.74285402299753e-06,9.49406170973568e-06,7.07573872635668e-12,5.26241970096181e-06,1.51644776397552e-05,-3121.5514907445,0.123070797064464,0.0869228281769238,0.96,0.45813768820697
"constant",1600,"sir_laplace",19,14.846,3486.99653750661,3501.64836067408,67.2826626653914,113.342525747429,7067.54363157855,2157.61588439189,6725.66204556013,665.303103336517,234.877848410791,235.864769006741,4.53203978616404,7.63454976070518,476.05709494669,453.028562950298,0.00173876966882736,0.00168814569069013,2.69146218844145e-07,0.000838612552141233,0.00269556435199247,8.99271661520286e-06,8.61453365440166e-06,5.67744933115257e-12,5.26331194660553e-06,1.447954071163e-05,-3158.61533813824,0.124753283745102,0.0870205043165328,0.950625,0.449204862937021
"constant",1600,"sir_laplace",1,14.747,3382.77118072118,3288.34585636066,69.6578991437351,111.553605233159,7247.58408538358,3206.91882850589,7186.33416308658,2237.82802797666,229.387074030052,222.984054815261,4.72353015147047,7.56449482831487,491.461591197097,487.308209336583,0.00179767984371077,0.00174793534148465,2.51405543855728e-07,0.000913750168281277,0.0027056519227601,8.32749089501493e-06,7.96507709258473e-06,5.20117690480815e-12,4.81821612502619e-06,1.27920681069423e-05,-3219.95181803392,0.130043463055418,0.0856862782682202,0.953125,0.448422312113359
"constant",1600,"sir_laplace",200,14.942,3598.7884020909,3476.47064587195,44.2139198752319,86.4164971987778,7165.13046342444,806.85281491744,6948.98698902673,431.248792395043,240.850515465861,232.664345192876,2.95903626524106,5.78346253505407,479.529545136156,465.064046916526,0.00210213645765007,0.00200761555458384,4.64427343533589e-07,0.00092453616024112,0.00347937557822489,9.75477960302514e-06,9.37135583263993e-06,6.32550066615367e-12,5.24055105701967e-06,1.48337664791041e-05,-3173.22273879128,0.129375555434566,0.0918789612462286,0.95625,0.467163078665024
"constant",1600,"sir_laplace",20,15.092,3862.61643438771,3806.09729362128,94.8661784087367,104.107520725175,7263.79633437662,1314.14751013876,7190.0446326558,1179.79999572057,255.938009169607,252.193035622931,6.2858586276661,6.89819246787535,481.301108824319,476.414301130122,0.00205448052947641,0.00199464682828058,3.65881127462161e-07,0.000958120781688736,0.00326249560369408,8.79703960377148e-06,8.54566636777315e-06,4.94006753048098e-12,4.68578573563555e-06,1.31437382498511e-05,-3142.4860908087,0.118247421914528,0.0778805125375795,0.9625,0.461210221719883
"constant",1600,"sir_laplace",21,15.123,3647.85834723504,3669.16378888066,76.7634018891031,90.7258506162745,7356.43245798692,1189.54633719773,7344.71763941973,1157.3646133699,241.212613055283,242.621423585311,5.07593743894089,5.99919662872939,486.440022349198,485.665386459018,0.00230678467917193,0.00222975132884497,5.31856956770125e-07,0.000987369798676792,0.00366098896284988,8.96330383739156e-06,8.61584950732441e-06,6.57912692488792e-12,4.33993799305885e-06,1.38890302486626e-05,-3217.00264707771,0.128004511630897,0.0920072994679685,0.9425,0.471023865039778
"constant",1600,"sir_laplace",22,14.724,3835.73350329358,3878.86972123975,74.7726181560782,39.8970230640784,7488.33225086661,1339.76095460719,6981.41677652582,216.953489769376,260.508931220699,263.438584707943,5.07828159169235,2.70965926813898,508.580022471244,474.152185311452,0.00251900212008523,0.00242372606047463,6.10211231409937e-07,0.00116840084483593,0.00411615022138702,1.03249631165916e-05,9.7702454402202e-06,9.98701080500922e-12,5.17617365157449e-06,1.69338940710276e-05,-3181.88278754913,0.129415630045775,0.0930965184314546,0.95875,0.478496129782802
"constant",1600,"sir_laplace",23,15.059,4404.00546973178,4493.7317906611,43.0602560614944,136.214126047423,7535.77425063597,514.315392756536,7766.67810571063,809.003587364613,292.450061075223,298.408379750388,2.85943662006072,9.04536330748545,500.416644573742,515.749924012924,0.00289494421035646,0.00274764598209476,8.9650367501659e-07,0.00138134015717208,0.00482627799708225,9.34705726819402e-06,8.96495940858968e-06,5.44687227874085e-12,5.37426672879767e-06,1.43089164248439e-05,-3148.60436487596,0.124060187568245,0.0856756090476702,0.9575,0.495516336219694
"constant",1600,"sir_laplace",24,14.87,3978.16551213639,3872.2162335845,72.5193038296613,115.668981405734,7380.00550737366,769.635149530448,7521.20615681473,1093.62936590159,267.529624218991,260.404588674143,4.87688660589518,7.77868065943066,496.301648108518,505.797320565886,0.00235551869106068,0.00226938433919816,5.29637362007028e-07,0.000929902305433177,0.00371855029640175,8.98430759175436e-06,8.61895357529719e-06,4.75393597151984e-12,5.23237791936375e-06,1.33169875944185e-05,-3185.5228315101,0.126331193501665,0.0862363170539392,0.968125,0.472739764002615
"constant",1600,"sir_laplace",25,14.826,4128.19943161694,3875.06020284968,78.008369468269,65.1281929813158,7470.27142942881,1885.21620726577,7355.91502533792,591.779297097163,278.443236990216,261.369229923761,5.26159243681836,4.3928364347306,503.862904993175,496.149671208547,0.00247436395264978,0.00234950669490003,5.96782707072548e-07,0.00119252266912425,0.00400761327818217,9.33368545141968e-06,8.93525343891172e-06,6.38427606418327e-12,5.10506247190461e-06,1.46206132051119e-05,-3164.41911440725,0.118991053092958,0.0783347909242403,0.960625,0.481404160635192
"constant",1600,"sir_laplace",26,15.063,3521.3792741678,3560.12734417852,56.8935333708798,107.507953272509,7109.3659436066,2300.540520063,6975.29566098321,771.397016969321,233.77675590306,236.349156487985,3.77703866234348,7.1372205584883,471.975432756198,463.074796586551,0.00172689893359782,0.0016537748115963,2.79968503220668e-07,0.000851701438693573,0.002784637600809,8.48690713659465e-06,8.19454256102371e-06,4.58421774197778e-12,4.7851531510033e-06,1.27773476747409e-05,-3201.89767887345,0.131989636661135,0.0895296217421927,0.955,0.446505869847962
"constant",1600,"sir_laplace",27,15.024,4118.22044785669,4018.09201798743,84.1011380668515,105.394695613487,7506.34281312108,1744.7186719408,7222.97064601099,837.67317124259,274.109454729545,267.44488937616,5.597786080062,7.01508889866125,499.623456677388,480.762156949613,0.00215263013661742,0.00206020305429279,3.74952458965038e-07,0.0011327628767218,0.00344949290358557,9.00469341755008e-06,8.60742026705563e-06,6.53433216207891e-12,4.96072493852846e-06,1.43900995728852e-05,-3220.1351963399,0.123448382548364,0.0845668024528068,0.964375,0.466453744326653
"constant",1600,"sir_laplace",28,14.857,3865.35341863515,4040.96051157293,54.9557148675902,81.0465596156751,7535.34022664231,1068.1707587341,7506.18392287878,549.70363732474,260.170520201599,271.990342032236,3.69897791395236,5.45510935018342,507.191238247447,505.228775855071,0.00244958262322468,0.00239401152299754,4.97717346541679e-07,0.00114736077727701,0.00387567217034082,9.35910974238706e-06,9.10965697651641e-06,5.6673353494832e-12,5.0654349501276e-06,1.40322134072377e-05,-3181.89247824869,0.136627178367125,0.100206628090957,0.96375,0.476701984273373
"constant",1600,"sir_laplace",29,14.819,2943.9274428265,2929.47913839487,90.8739846225858,82.3133967501375,6985.66871795815,1504.81472282061,6906.70305324115,1024.05161248168,198.658981228591,197.683996112751,6.13226159812307,5.55458511034061,471.399468112433,466.070791095293,0.00178514061212893,0.00170657491274192,3.13345087207443e-07,0.000877083659030795,0.00282093755456407,8.99264477371809e-06,8.66379364539883e-06,4.91508988866587e-12,4.8935139964632e-06,1.33099156501983e-05,-3179.74957950642,0.11759472171285,0.0755820163331973,0.956875,0.447317956818297
"constant",1600,"sir_laplace",2,14.866,4066.65895718629,4166.68375345461,37.1724762400546,82.3737144867043,7425.86120080618,292.126433474449,7536.66617260286,511.927126993402,273.554349333129,280.282776365842,2.50050290865428,5.54108129198872,499.519790179348,506.97337364475,0.0027710402769571,0.00269417774748251,8.56997102569178e-07,0.00113362788986786,0.00450336713661947,9.70974323123779e-06,9.15357628565925e-06,8.04525488436929e-12,5.15687004822865e-06,1.58002781294512e-05,-3179.16534949966,0.131061841312096,0.0996054995765644,0.96625,0.489861769636889
"constant",1600,"sir_laplace",30,15.367,4393.4747108178,4304.42915135281,70.1773783166218,78.7564232139222,7806.06157817329,821.905992529854,7610.72481925799,590.000784056181,285.903215384773,280.108619206924,4.56675852909623,5.12503567475253,507.975634682976,495.264190750178,0.00264297331462889,0.00253936503819957,5.45000925334811e-07,0.00135453505593704,0.00418922840225311,8.95484141675542e-06,8.5118131986842e-06,6.01890580349786e-12,5.0747658637608e-06,1.41453490257211e-05,-3175.25631259611,0.130584091866555,0.0937326028288522,0.96625,0.481170422445735
"constant",1600,"sir_laplace",31,15.057,4078.51534654024,3930.72912511835,44.0704479089013,70.2921413041668,7289.36506595808,570.326452560616,7284.44326837026,372.162327686858,270.871710602393,261.056593286734,2.92690761166908,4.66840282288416,484.118022578075,483.791144874162,0.00238546250825086,0.00228092429632837,6.885268555808e-07,0.000910953745626951,0.00395636404712797,8.99762619016087e-06,8.69132551978917e-06,4.793910078608e-12,5.1057565048751e-06,1.32974183864606e-05,-3176.95133563018,0.127279613344734,0.092027829165031,0.93,0.477770704910254
"constant",1600,"sir_laplace",32,14.948,4120.45846773704,4134.64437545091,51.0141486105687,119.901496380172,7668.3853649164,967.664202081341,7537.37047153839,873.566317898534,275.652827651662,276.601844758557,3.41277419123419,8.02124005754428,513.004105225876,504.239394670751,0.00283388704954055,0.00273952789488896,7.76766876313745e-07,0.00129829479746762,0.00468376505372759,9.46092992098047e-06,8.99777989088247e-06,6.23948560433981e-12,5.10520255426083e-06,1.44892796434171e-05,-3176.02263698211,0.133199995905507,0.101197682006009,0.94625,0.489094133269651
"constant",1600,"sir_laplace",33,15.128,3428.90936993041,3312.97635790967,90.5174754539035,88.4426045248329,7073.44826574058,1455.6285591127,6800.36044929993,731.977854975168,226.659794416341,218.996321913648,5.98343967833841,5.84628533347653,467.573259237214,449.521446939445,0.00177735645175169,0.00174106824374137,2.33731470918975e-07,0.000925862299962691,0.00268033894273101,9.33359155358386e-06,9.03942001010032e-06,5.87853035671363e-12,4.93127777623601e-06,1.42574041650723e-05,-3155.54479325048,0.126607160365184,0.0887364380695013,0.951875,0.453817950948219
"constant",1600,"sir_laplace",34,14.811,4028.47627291129,4127.2190832621,75.2457305317555,55.3789173265084,7271.04038725339,773.617385607422,7197.0008245942,499.042386840177,271.992186409513,278.659042823719,5.08039501260924,3.7390397222678,490.921638461508,485.922680750401,0.00220338278096833,0.00209107402648384,4.97043962603516e-07,0.000972588311279088,0.00360711789777446,9.76084211617824e-06,9.30639342748175e-06,6.96044594992113e-12,5.50132047678777e-06,1.4974875585989e-05,-3201.20810161567,0.114619682232687,0.0784336202956474,0.961875,0.469985698571131
"constant",1600,"sir_laplace",35,15.004,3533.64048379132,3543.47914096322,72.2565618294684,122.252724212078,7418.94467222017,887.082072826965,7396.51281320205,774.312419861147,235.513228725094,236.168964340391,4.81581990332367,8.14800881178871,494.464454293533,492.969395707948,0.00254304224472207,0.0023834613684071,7.24507811466154e-07,0.00120169250036952,0.00418004095765093,9.98870021648926e-06,9.7304712733321e-06,6.25111912524209e-12,5.63915573450806e-06,1.48966952927452e-05,-3184.82095695563,0.123558145516827,0.0846466448643098,0.955,0.480773877360143
"constant",1600,"sir_laplace",36,14.893,4459.93320714959,4019.26104499702,37.011916063487,100.800725470199,7474.79931767385,1025.07896659758,7334.50076001803,436.848617263353,299.465064604149,269.875850735044,2.4851887506538,6.76832911234804,501.900175765383,492.479739476131,0.0024181905295091,0.00232463566936306,5.32284123571939e-07,0.00121166625826428,0.00388457398340624,9.84424586978046e-06,9.61063539443425e-06,5.37059004530776e-12,5.66212271321268e-06,1.44156461582928e-05,-3181.69515537405,0.132610701196391,0.0941142557705351,0.9525,0.477094195189879
"constant",1600,"sir_laplace",37,15.324,3188.02984528068,2942.67640032222,79.9204911618649,63.5993799666926,7062.89725958945,1574.15179308098,6820.22236498126,569.804859717109,208.041623941574,192.030566452768,5.21538052478888,4.15031192682671,460.90428475525,445.068021729396,0.00190658961186284,0.0018426466429846,3.18325424918364e-07,0.000934873513979399,0.00303459479189993,1.00668834753146e-05,9.65810335769472e-06,6.7024670332681e-12,5.64067899123924e-06,1.51599132172585e-05,-3119.386621022,0.127274308966423,0.0900725299777703,0.954375,0.459032943734601
"constant",1600,"sir_laplace",38,15.269,3097.14238299684,3269.72965205744,84.6060911248796,106.860927710862,7173.68243652834,1829.9335318268,7009.12780065139,1180.85791235397,202.838586875161,214.14170227634,5.54103681478025,6.99855443780615,469.820056095903,459.043015302337,0.00190967418176321,0.00182985585554753,3.30936849886729e-07,0.000845113482647868,0.0030096908004671,9.08844335150866e-06,8.85078149256883e-06,5.02850897711877e-12,5.02762146664051e-06,1.33498536064546e-05,-3148.25482377319,0.122862862994519,0.0835734467163112,0.94875,0.460040986799407
"constant",1600,"sir_laplace",39,15.186,3971.12746176753,3784.57762181041,74.2712594290422,117.268436494673,7321.58076413,733.74789420335,7436.76564622602,965.46736146409,261.499240205948,249.214909904545,4.89077172586871,7.72214121524253,482.127009359278,489.711948256685,0.00207024261520324,0.00203509459354229,3.60220217933919e-07,0.000995421780818861,0.0032652250123989,8.78947555734058e-06,8.55458439790051e-06,4.85661418399628e-12,5.01400890983801e-06,1.29012949805528e-05,-3210.29962163257,0.11651318676604,0.0747879297126137,0.955625,0.459299104070894
"constant",1600,"sir_laplace",3,15.011,3676.27059024752,3881.58536411397,10.1991204159772,42.8597042724341,7384.41909748318,995.368901737028,7180.08737822793,173.871785077537,244.905108936614,258.582730272065,0.679443102789769,2.85521979031604,491.933855005208,478.321722618608,0.00239075894446866,0.00232564783174378,5.20315752190051e-07,0.00112814547674602,0.0038257889320058,9.64105374592276e-06,9.25097570287015e-06,7.75300653907724e-12,4.97395436426773e-06,1.49930951240588e-05,-3157.18438491563,0.12051785363261,0.0852640846888867,0.965625,0.47478175834178
"constant",1600,"sir_laplace",40,14.931,3439.32115773757,3338.33493714217,70.9803564756663,113.467050669837,7379.81917052018,896.3050252856,7163.05626816664,507.655340025367,230.347676494379,223.58414956414,4.75389166671129,7.59942741074521,494.261547821323,479.743906514409,0.0022419166005998,0.00214657682502421,4.79707672020584e-07,0.00103595818484968,0.00367270943952021,9.10517887190844e-06,8.71818968943602e-06,5.80419377190925e-12,5.16792710528602e-06,1.40322223242545e-05,-3170.76721685329,0.115140136642953,0.0821208326333935,0.96625,0.468659992590647
"constant",1600,"sir_laplace",41,15.107,4117.94638265357,3404.49742650683,92.1725545888913,92.5308768476549,7521.76552997777,925.637978759794,7135.90061083066,859.036692788991,272.585316916236,225.358934699598,6.10131426417497,6.12503321954424,497.899353278465,472.357225844354,0.00243324383682186,0.00234401651523708,4.57952906858073e-07,0.00123981775781435,0.00372426019048351,1.0240576459659e-05,9.64539856411642e-06,9.30227642836185e-12,5.28627520986265e-06,1.63847839081866e-05,-3108.9230469357,0.139237093325345,0.106646184219669,0.945,0.480208826207557
"constant",1600,"sir_laplace",42,15.116,4349.64885690129,4402.07409999215,64.6190733394383,107.394438246344,7589.04447875821,908.509489850278,7664.6505826334,893.447214925857,287.751313634644,291.21950912888,4.27487915714728,7.10468630896692,502.053749587074,507.055476490699,0.00254013891356006,0.00244754674323047,5.80158098954941e-07,0.00123154542459646,0.00412608166862444,9.02516784462537e-06,8.64232520345339e-06,5.64360572093586e-12,5.18081650346658e-06,1.39383021427242e-05,-3122.23306578739,0.118805458787742,0.0822505840014102,0.96875,0.4824965551648
"constant",1600,"sir_laplace",43,14.775,3205.30116665772,3275.26695659564,98.2757691557327,89.0657497499041,7285.74837161055,2731.95550381179,7051.57557486725,1192.70372906897,216.940857303399,221.67627455808,6.65149029818833,6.02813873095798,493.113256961797,477.263998298968,0.00182265640128101,0.00177042675061388,2.43220512606329e-07,0.000970881538040779,0.00280460906648713,8.51445237926867e-06,8.19300103357315e-06,4.85063814201746e-12,4.94709333684329e-06,1.30485187434802e-05,-3131.53798375517,0.130728781088455,0.0867852555298402,0.94125,0.4524202143246
"constant",1600,"sir_laplace",44,15.047,3775.9989245636,3663.94411332782,92.9457896952594,135.936202738427,7365.37059544402,2139.77884497656,7289.50056949274,861.448215737559,250.946961159275,243.499974302374,6.17703128166807,9.0341066483968,489.490967996546,484.448765168655,0.00200719995661074,0.00191836162831046,3.22957037070805e-07,0.00113446054244705,0.00316001711209932,8.97931068221227e-06,8.71468288982841e-06,5.00685647037492e-12,5.20722434492804e-06,1.35850023241894e-05,-3158.45075757686,0.123188260260409,0.0839216204494118,0.953125,0.460029057240119
"constant",1600,"sir_laplace",45,14.86,3107.46869643308,3073.04130435149,72.8807941467527,117.551970890991,7102.20663409904,725.064363966337,6975.29761606161,737.543263407457,209.116332196035,206.799549418,4.90449489547461,7.91063061177595,477.941227059155,469.400916289476,0.00185114040441529,0.0017678381021515,3.37369983935848e-07,0.000749247365047145,0.00295292336222233,9.34044687788873e-06,8.99832001114462e-06,5.44340966794909e-12,5.46709787336366e-06,1.40343031015683e-05,-3173.83678866653,0.130439462565827,0.0930547096619425,0.95125,0.452421741765163
"constant",1600,"sir_laplace",46,14.98,3237.22800867473,3066.67550068643,83.7186820112457,94.3877542182803,7393.21685885039,1792.62266469735,7275.77196962622,1218.15321204828,216.103338362799,204.717990700029,5.58869706350105,6.30091817211484,493.539176158237,485.699063392939,0.00202120214398692,0.00192613455597796,3.47213748187735e-07,0.000973904511948195,0.00324694032378448,8.84069132664909e-06,8.52318868149711e-06,5.48734741175415e-12,4.90835820815582e-06,1.3515097772911e-05,-3203.1557133622,0.128981160023201,0.089265726742009,0.931875,0.45631820014796
"constant",1600,"sir_laplace",47,14.951,4363.26298971146,4332.14385523992,29.7245626593999,114.639563164439,7625.7594750751,492.987044623741,7762.96478963191,732.756507572055,291.837535262622,289.756127030963,1.98813207540632,7.6676853163293,510.050128758953,519.227127926688,0.00287949831588845,0.00277195626493362,8.24890314035141e-07,0.00129986176601636,0.00473091554645648,9.15577722681183e-06,8.79808778557408e-06,5.96632473535775e-12,5.2482837785096e-06,1.40221658290755e-05,-3155.44467184873,0.123910021987714,0.0937602504199597,0.973125,0.493676314853195
"constant",1600,"sir_laplace",48,15.12,5289.02751285479,5662.48285752707,51.4464639238023,97.4441937233702,7926.52555917831,832.904965347047,8167.10954700454,608.146406016907,349.80340693484,374.502834492531,3.40254391030439,6.4447218071012,524.241108411264,540.152747817761,0.00405701377689914,0.00393325796830577,1.40741945805012e-06,0.0018129522689872,0.00636378068506405,9.67815683059086e-06,9.29936886755618e-06,7.10565504145906e-12,5.08836724285218e-06,1.47737172923872e-05,-3176.33623044878,0.119717097239975,0.0841875773019415,0.97625,0.527627294334094
"constant",1600,"sir_laplace",49,14.836,3622.9492815567,3515.11409231855,89.1529701416718,87.975544649105,7348.73035258942,1585.29624440313,7122.2443079395,566.109204629409,244.199870689991,236.931389344739,6.00923228239902,5.92986955035758,495.330975504814,480.064997839006,0.00203431341082515,0.00194600585475219,3.39029891025424e-07,0.00100975563578949,0.00323724019148385,8.93730085869896e-06,8.50967125443912e-06,6.06108013992707e-12,5.01593266796138e-06,1.38871712066002e-05,-3148.03075482275,0.125310628203442,0.088329887341388,0.965,0.463396008717362
"constant",1600,"sir_laplace",4,14.959,3517.63173679504,3328.01574866052,81.968349137689,101.569109429616,7244.76749555528,3356.37515113941,6859.5780839692,715.150470495916,235.151529968249,222.475817144229,5.47953400211839,6.78983283839935,484.308275657148,458.558599102159,0.00190071643077652,0.00182280340537355,3.08312914412299e-07,0.000899607530695398,0.00297341632517763,9.61409133409283e-06,9.29017343486225e-06,6.49530725590234e-12,5.35070337548095e-06,1.4669798941902e-05,-3178.43333340659,0.123793795941609,0.086560269218,0.935,0.456738774376881
"constant",1600,"sir_laplace",50,14.992,3339.16018470613,3352.68884061276,84.4152664792159,91.6779062598946,7347.90184395488,1400.07831810334,7237.54386712569,796.349205129574,222.729468030025,223.631859699357,5.63068746526254,6.11512181562798,490.121521074899,482.760396686612,0.00214185477291741,0.00203562948265612,4.46299480553093e-07,0.00106610948793286,0.00359255236358207,9.47949647638896e-06,9.13356881051479e-06,5.95357067345224e-12,5.41298175197179e-06,1.44300303669299e-05,-3154.82794934215,0.131162272648648,0.092255860508607,0.94125,0.463742767814177
"constant",1600,"sir_laplace",51,14.842,3722.08708786726,3477.79202017016,80.9121720303706,102.636292318173,7396.74601675253,1347.14165978394,7328.3630976389,810.101621769834,250.780695854148,234.320982358857,5.45156798479791,6.91526022895656,498.365854787261,493.758462312283,0.00218918106517907,0.00208901851483611,4.33513668446971e-07,0.00106475255348487,0.00341928897088712,9.23004088948533e-06,9.0454805094859e-06,4.21689592004205e-12,5.52453314449173e-06,1.35076082568834e-05,-3173.43781533892,0.11767401403518,0.0837520690965895,0.966875,0.46735857624931
"constant",1600,"sir_laplace",52,14.994,3095.55726551635,2738.98270868725,23.0671493830797,73.5799362678711,7265.33029567907,2067.65149875638,7014.59257855359,549.99726853475,206.453065593994,182.671916012221,1.53842532900358,4.90729200132527,484.549172714357,467.826635891263,0.0020707361960349,0.00200832916176433,3.7077140152236e-07,0.000962585967070228,0.00327157610103843,9.12434333574242e-06,8.75386354275193e-06,5.26560601897193e-12,5.42413188722752e-06,1.41053533942297e-05,-3131.37867403852,0.138347340010973,0.10039536018399,0.933125,0.467640360333408
"constant",1600,"sir_laplace",53,15.357,4330.53437666998,4189.88667285595,69.4218160479724,88.4099007179669,7583.92001271547,630.702440591853,7536.46345581863,529.996431484764,281.990908163702,272.832367835902,4.52053239877401,5.75697732095897,493.841245862829,490.751022713983,0.0028647127802588,0.00271013556487315,8.87761027353616e-07,0.00128505009094306,0.00469875428929921,9.98639115160621e-06,9.64886082403328e-06,7.90215835760283e-12,5.12313978745933e-06,1.53055213948463e-05,-3178.98239976503,0.123596012547028,0.0871683069745318,0.96375,0.495090041922301
"constant",1600,"sir_laplace",54,15.034,3514.4637050673,3867.25841540512,104.885217137213,118.951799588567,7666.55577229042,1062.2855148916,7567.72272762981,847.058295232049,233.767706868917,257.234163589538,6.97653433132987,7.91218568501843,509.94783639021,503.373867741773,0.00245643383339912,0.00234154451070659,5.06484955187461e-07,0.00127678602660276,0.00386725567647814,9.26643308274121e-06,8.85837091065471e-06,5.5951030441594e-12,5.22761158630262e-06,1.41102934902917e-05,-3167.58415307545,0.114061970944289,0.0755727691708759,0.9725,0.476214122139435
"constant",1600,"sir_laplace",55,14.829,3616.34280750351,3565.39332351552,95.7507010236831,89.5381649812871,7426.02399287205,2456.84652565067,7170.62275124357,1088.07528353866,243.869634331614,240.433833941299,6.45698975141163,6.03804470842856,500.777125421272,483.554032722609,0.00204511242962389,0.0019996960285667,2.93346147922054e-07,0.00102305250847008,0.00313127609421271,9.00809675325781e-06,8.68330742698869e-06,5.67718638135394e-12,4.68665329217829e-06,1.36339001348456e-05,-3175.5685282782,0.11999639396633,0.0778052747168923,0.960625,0.464126244686864
"constant",1600,"sir_laplace",56,15.258,3726.65275490344,3905.40893900811,92.3098247509616,89.509187757329,7404.42238284588,2020.26801995517,7187.69502547584,675.139037557674,244.24254521585,255.958116332948,6.04992952883481,5.86637749097713,485.281320149815,471.077141530728,0.00229878582027445,0.002235744417934,4.53800828690877e-07,0.00107423712813207,0.00351825323804858,9.43336891151938e-06,8.9097661432236e-06,7.12242356222226e-12,5.22626407635968e-06,1.47752730280783e-05,-3145.03731023685,0.126299705419767,0.0877991733573781,0.96125,0.475067158143711
"constant",1600,"sir_laplace",57,15.009,3826.89266837481,3706.98728429681,86.0529701455767,119.809360985977,7469.79063941635,975.707143386404,7439.87032579882,684.308198970865,254.973193975269,246.984295042762,5.73342462159882,7.98250123165948,497.687430169655,495.693938690041,0.00224195598251187,0.00210663324151945,4.68483401831069e-07,0.0011179972739277,0.00353429812911184,9.0426367990375e-06,8.8197388149926e-06,4.91501428346298e-12,4.90707684803538e-06,1.34190376837217e-05,-3182.02944559888,0.113659454379197,0.081033478927461,0.969375,0.469080920941018
"constant",1600,"sir_laplace",58,15.244,4343.7671929427,4449.76049103211,83.4537148518651,76.8849253918921,7512.57094592666,795.04294693404,7738.4774712733,669.934764457483,284.949304181495,291.902420036218,5.47452865729895,5.04361882654763,492.821499995189,507.64087321394,0.00276331878103645,0.002715224982433,8.04876387348789e-07,0.00115931071718195,0.00440066835191082,8.97679917401906e-06,8.70651978797812e-06,4.33537606841201e-12,5.55389865258153e-06,1.34659658186383e-05,-3176.47087302659,0.12620714097905,0.0909296047540796,0.965625,0.489755796800358
"constant",1600,"sir_laplace",59,15.114,4431.18892002756,4430.53024452657,72.2238369171174,48.2456342430863,7431.84472378115,648.363170786287,7458.56401195824,449.19485801287,293.184393279579,293.140812791225,4.77860506266491,3.19211553811607,491.719248629162,493.487098845986,0.00255160201756545,0.0023885956490057,7.41149970625237e-07,0.00118752805771905,0.00430210251850018,9.24891131544857e-06,8.81865361766088e-06,6.32834006069695e-12,5.10264216500605e-06,1.42886468687305e-05,-3190.41229724542,0.11635437017059,0.0808090094890321,0.971875,0.479609098267385
"constant",1600,"sir_laplace",5,14.822,3612.24877334056,3598.11959051706,44.6616068021638,132.750775784988,7279.82193399129,1074.50700959773,7357.00360253858,887.414272674315,243.708593532624,242.755336021931,3.01319705857265,8.95633354371801,491.149772904553,496.357010021494,0.00237302943490147,0.00224673238495094,6.74602715854391e-07,0.000934276611952442,0.00400158250490073,8.96958558627068e-06,8.72805247597947e-06,4.41169049634726e-12,5.2594252996483e-06,1.3226536980011e-05,-3170.99152829638,0.140462155969298,0.0979471413434778,0.95375,0.473597192278781
"constant",1600,"sir_laplace",60,14.872,3554.98157714092,3848.94733994485,86.3307689308321,115.078213540985,7322.92253771241,797.856276730177,7213.56905768135,863.748372917336,239.03856758613,258.804958307212,5.80491991197096,7.73791107725826,492.396620341071,485.043642931774,0.00198365068948786,0.0019241909865206,3.05522841357881e-07,0.000956918884227645,0.00300005456891008,9.45741587647168e-06,9.15601440647002e-06,5.17686946970463e-12,5.25572448761444e-06,1.36063584344661e-05,-3174.0245977831,0.117920563909321,0.083176556798694,0.959375,0.460941965693539
"constant",1600,"sir_laplace",61,14.829,3795.4305989653,3402.77646860362,57.9666879817947,99.1605107931009,7152.18140243569,768.106748726304,6778.5107481664,465.531548851584,255.946496659606,229.467696311526,3.909008563072,6.68693174139193,482.310432425362,457.111790961386,0.00217692518320149,0.00205701385160541,5.50241205495295e-07,0.000909973565020924,0.00367130672595311,9.83384100495018e-06,9.55507160636295e-06,7.40851490420662e-12,4.97774576157115e-06,1.51855662681695e-05,-3150.50776573995,0.130225378646836,0.0930013183103607,0.945,0.466298040690737
"constant",1600,"sir_laplace",62,15.069,4507.745968927,4117.65579732872,90.3029581539397,97.5866891518814,7741.65409295687,1833.71190967433,7290.157352855,581.316532717948,299.14035230785,273.253420753117,5.99263110716967,6.47598972406141,513.74703649591,483.785078827726,0.00286152068372954,0.00278107101908045,6.9715649235947e-07,0.00128348272093785,0.00447620489509921,1.05261666308108e-05,1.0040892364085e-05,8.91817535661337e-12,5.48767338818182e-06,1.67933962579658e-05,-3199.63368897207,0.135997956577964,0.100123441952922,0.966875,0.49189188899443
"constant",1600,"sir_laplace",63,15.034,3437.21618110874,3594.03539598972,75.3544880498522,62.7875950586129,7169.98743858833,1604.18057698052,6982.13911860183,420.581538409323,228.629518498652,239.060489290257,5.01227138817695,4.17637322459844,476.918148103521,464.423248543424,0.0021403377030572,0.00200369116198527,4.57359272627724e-07,0.00109084829652852,0.00358614712605164,1.02368089605261e-05,9.79397967305234e-06,7.40043955521611e-12,5.51071439913765e-06,1.54671468098849e-05,-3143.20676065471,0.128153667205123,0.0922978014580417,0.948125,0.46674602179582
"constant",1600,"sir_laplace",64,15.228,3535.23727606698,3549.62807848805,120.947964942147,109.40876649302,7384.38288722892,1557.72916092588,7181.37013018677,1028.20744522118,232.153748100012,233.098770586292,7.9424720870861,7.18471017159311,484.921387393546,471.589843064537,0.00197602516715992,0.00191418447673235,2.7028028426943e-07,0.00100522661152991,0.00302079436209659,8.83821297162867e-06,8.51551865022372e-06,4.90195628529105e-12,5.13771336335605e-06,1.31966872958741e-05,-3138.07262991452,0.124400109084237,0.0832300562203947,0.95625,0.458581671287403
"constant",1600,"sir_laplace",65,14.92,3485.88980401952,3609.37398675865,47.0343833522451,136.589117094422,7197.51035605583,883.743224047843,7080.29847004758,684.553910215896,233.638726810959,241.915146565593,3.15243856248292,9.15476656128832,482.406860325458,474.550835794074,0.00209786652240079,0.00202072892652872,4.27412082593209e-07,0.000950575667952576,0.00335336045982889,9.04287138816964e-06,8.81186382341436e-06,4.8327408865967e-12,5.21634638593171e-06,1.34763984450465e-05,-3179.17636814909,0.134565104984445,0.0925436091311402,0.950625,0.463957467844623
"constant",1600,"sir_laplace",66,14.827,3909.4713126251,3568.41488154814,52.1443679085366,80.5350916928476,7282.29964491701,2428.44918812076,7038.873754898,478.003283447492,263.672443017812,240.67005338559,3.51685222287291,5.43165115619124,491.15125412538,474.733510143522,0.00192758288683305,0.00187653504651545,3.29985586500523e-07,0.000876617679809801,0.00298498120813362,8.60982140399748e-06,8.35016712021077e-06,4.59187852074653e-12,4.78839849688277e-06,1.2792570925363e-05,-3176.43158615132,0.115012968514429,0.075279464877215,0.961875,0.456210242487649
"constant",1600,"sir_laplace",67,14.82,4059.44617271649,4012.20717688732,72.7526587689094,83.2806718952353,7530.48472845191,637.285606450614,7556.24442999673,427.822451636231,273.916745797334,270.729229209671,4.90908628670104,5.61947853544098,508.129873714704,509.868045208956,0.00296530337245576,0.00278929078759542,1.10825044503577e-06,0.00128312540513342,0.00502192869123497,9.73487806156829e-06,9.329592298256e-06,6.48267377503358e-12,5.46656668915394e-06,1.51568955277444e-05,-3152.34434624007,0.124246237954622,0.0893795595087718,0.966875,0.497583632812086
"constant",1600,"sir_laplace",68,14.69,4848.87979153938,4557.03113503676,46.2028596661657,90.9601904976867,7972.71706555719,967.416490589781,7842.93707460701,272.507833519994,330.080312562245,310.213147381672,3.14519126386424,6.19198029255866,542.730909840516,533.896329108714,0.00352790055155767,0.00342795223696266,9.45536380667063e-07,0.00174415378419786,0.00546596251591548,1.01828943121304e-05,9.61577791968828e-06,9.95920172621002e-12,5.49516895811293e-06,1.64407035601599e-05,-3134.49335768415,0.134945278453893,0.100095093929145,0.970625,0.518597999545054
"constant",1600,"sir_laplace",69,15.405,3663.39425317325,3911.78847491871,69.8624041667796,133.168293169666,7151.8629047913,1967.18998454846,7022.25485763941,1037.30529147608,237.805534123547,253.929793892808,4.53504733312429,8.64448511325324,464.255949678111,455.842574335567,0.00175944699293016,0.00167982763774791,2.96594265017864e-07,0.00082672169065998,0.0028082412383294,8.16779903759575e-06,7.83142150427516e-06,4.11065518376615e-12,4.84502966744153e-06,1.23112280019307e-05,-3182.073332692,0.129464417759611,0.0877821633228455,0.945,0.446876402853164
"constant",1600,"sir_laplace",6,14.739,4055.24792014611,3818.55365495447,63.0941103020727,97.9634115245819,7572.20086266413,704.957153884165,7465.64835930327,424.921190570396,275.137249484098,259.078204420549,4.28075923075329,6.64654396665866,513.752687608666,506.52339774091,0.00256427648638571,0.00251977877081264,6.25627146986954e-07,0.00111911054923942,0.00395310033430346,9.4090277138561e-06,9.03737184601387e-06,5.86098319156084e-12,5.18515793584945e-06,1.40433433991367e-05,-3150.3958376587,0.107176564856564,0.0727819767739142,0.970625,0.48157102738243
"constant",1600,"sir_laplace",70,14.837,3917.17677975496,3657.50323400753,78.2177989999233,32.8842226804527,7371.98008210972,1754.71484479322,7154.11326564882,697.294547774048,264.014071561297,246.512316102145,5.27180690165959,2.2163660228114,496.864600802704,482.180580012726,0.00222409432488281,0.00215764022399866,4.45130097441283e-07,0.00104472447549717,0.003509506020009,8.94687587225682e-06,8.64817601201607e-06,5.18801104367e-12,4.91550437172004e-06,1.36164336784345e-05,-3158.58654395568,0.13147896489318,0.098308630350335,0.949375,0.469528099192011
"constant",1600,"sir_laplace",71,14.991,4257.61549627138,4274.3039021254,79.3167854443821,87.1200225406579,7490.51566791572,1238.03993013235,7631.74036341122,800.933788117758,284.011439948728,285.124668275992,5.29096027245562,5.81148839574797,499.667511701402,509.088143780349,0.00257930765271005,0.00245037732426215,6.20044247686145e-07,0.00124633025198668,0.00424499642051176,9.0420268757165e-06,8.72322941329532e-06,5.00984489968983e-12,5.22713764658953e-06,1.3466816285696e-05,-3168.49874512086,0.139188650077545,0.100169811825737,0.965625,0.485019182336358
"constant",1600,"sir_laplace",72,14.969,4122.2998073047,3817.0611056323,63.5054783840384,92.1485127648852,7613.35114838096,1112.08147575628,7216.61666016479,401.152633032524,275.389124677981,254.997735695925,4.24246632266941,6.15595649441413,508.607866148771,482.10412587112,0.00260491944429954,0.00243777056214088,6.34661990824101e-07,0.00130178530662524,0.004356874972463,9.58828388955759e-06,9.04852177864562e-06,8.95349384642998e-12,4.94303260549425e-06,1.50653240064467e-05,-3144.77736563637,0.130307858763157,0.0976828432322833,0.95,0.487398950124086
"constant",1600,"sir_laplace",73,14.885,4034.75165396666,3640.29572117683,69.6317901964175,138.395982254428,7168.31749295712,1402.28166708044,6965.33292163161,935.260099416401,271.061582396148,244.5613517754,4.67798388958129,9.29768103825514,481.579945781466,467.943091812671,0.00185179910756922,0.00177332692482629,3.20264730595709e-07,0.000862476884649973,0.00295954375592283,8.7886285061584e-06,8.54699505622753e-06,3.89979432307899e-12,5.1556386740386e-06,1.27862887030956e-05,-3124.23342925768,0.118575388238105,0.0780384146334953,0.955625,0.454186528977204
"constant",1600,"sir_laplace",74,14.924,3924.72050045302,3837.73885431919,14.7788545288299,113.828809393401,7347.14924386787,910.283934019095,7372.09995252517,598.907428471666,262.980467733384,257.152161238219,0.990274358672604,7.62723193469588,492.30429133395,493.976142624308,0.00212141342284821,0.00204473035972652,4.16020226775709e-07,0.00101836099121526,0.00338090186997721,8.64656011823225e-06,8.350885219534e-06,4.41103799331067e-12,4.90630451734272e-06,1.28471353293443e-05,-3138.32538751112,0.128601620249258,0.0933134419611647,0.965,0.46534510465445
"constant",1600,"sir_laplace",75,15.023,3523.87956916094,3468.52756612535,64.8973414075062,70.5340106066036,7305.89785241942,796.843339960852,7134.6715383618,1012.61486987523,234.565637300202,230.88115330662,4.31986563319618,4.69506826909429,486.314175092819,474.916563826253,0.00208711524043632,0.00200164272014477,4.09884446928748e-07,0.00100223529323838,0.00337370624480321,9.18972387703794e-06,8.91815619026295e-06,6.85207656989227e-12,4.655018167112e-06,1.37097514916399e-05,-3188.2584787474,0.123456129332639,0.0830760662669383,0.964375,0.464014035164878
"constant",1600,"sir_laplace",76,15.014,4156.41657222974,3973.86182172843,33.9514020525695,133.800630892344,7527.53395887686,576.388919087978,7371.75737007529,428.355741690633,276.83605782801,264.677089498363,2.26131624167907,8.91172445000296,501.367654114617,490.992231921892,0.00246020021466313,0.00234262799500815,6.07153000013298e-07,0.00118867348889399,0.00402563492221806,9.05917006657304e-06,8.74016505729557e-06,5.02556067810066e-12,5.1696509817293e-06,1.34538934948344e-05,-3194.67199145006,0.120218786072596,0.0800116788585055,0.94875,0.47767293872583
"constant",1600,"sir_laplace",77,14.869,3584.3243162823,3523.95272465553,62.3388510168437,82.417005240022,7172.33178201951,1419.18892483033,7025.10135033045,780.680084809072,241.060213617748,236.999981481978,4.19253823504228,5.54287478916013,482.368133836809,472.466295670889,0.00186715890484287,0.0017667242948793,3.24461608476963e-07,0.000978439099596366,0.00300012092888165,8.78010737263369e-06,8.42815702443722e-06,4.71641376784275e-12,5.14932991533289e-06,1.3377574936852e-05,-3166.8638424672,0.129557926276487,0.091289299251602,0.925625,0.452515420029374
"constant",1600,"sir_laplace",78,15.16,3745.74887601747,3627.80211831748,89.6506093960297,79.6209371082895,7559.24803289434,2483.63539403042,7369.37097865186,1208.12903165663,247.081060423316,239.300931287433,5.91362858812861,5.25204070635155,498.631136734455,486.106265082577,0.00234138655477131,0.00222958615867563,4.60776730997304e-07,0.00117661680581194,0.00371327942920023,9.3060270315374e-06,9.08314681968361e-06,4.66241365652984e-12,5.45738588329822e-06,1.34389522192975e-05,-3160.25399326664,0.133592655687417,0.0971103000731941,0.945625,0.474796603162754
"constant",1600,"sir_laplace",79,14.732,4174.80335171996,3652.18075468105,81.3099628762297,79.8533415720794,7348.37448375188,1515.79771978885,7150.04404766901,545.696336910279,283.383339106704,247.908006698415,5.51927524275249,5.42040059544389,498.803589719785,485.341029572971,0.00217454618054155,0.0020925319620958,4.12673030309148e-07,0.000976148366056278,0.00348474263211448,9.86160700472359e-06,9.60709991190294e-06,6.19382437449773e-12,5.46800846989099e-06,1.46456498565198e-05,-3199.44690198963,0.117953130398652,0.0771697059095466,0.97,0.466215733912787
"constant",1600,"sir_laplace",7,15.135,4731.34673412615,4611.79926922516,52.298903418556,118.805271990853,7682.61019985061,585.972450893525,7777.137755049,1131.33221377402,312.609628947879,304.710886635293,3.45549411420919,7.84970412889681,507.605563254087,513.85118962993,0.00256711546816533,0.00249403354404064,5.70177626809327e-07,0.00118726367672357,0.00395997128967363,8.62885897339729e-06,8.34951726883375e-06,4.20731506281001e-12,5.07885433310493e-06,1.26792308613534e-05,-3198.06400587761,0.114903258370733,0.076576773018447,0.969375,0.482076088784253
"constant",1600,"sir_laplace",80,15.141,5134.91516434691,4562.79726755143,105.632460337742,61.8569558673836,8194.07904922369,1460.86672161299,8302.63363792823,966.725176790166,339.139763843003,301.353759167256,6.97658413167835,4.08539435092686,541.184799499616,548.354378041624,0.0039013667499556,0.00379438624476877,9.40188136294407e-07,0.00203802454450839,0.00576431491881798,9.71662527884541e-06,9.34894120920286e-06,7.82071773175015e-12,4.94270332668147e-06,1.55151901600577e-05,-3164.3937529886,0.129191547308865,0.093525921050573,0.95625,0.523037610962611
"constant",1600,"sir_laplace",81,14.819,3744.32551748698,3816.59516424217,26.9125357352933,103.395165142132,7440.1537385691,620.035566511706,7228.32274335706,393.193044100768,252.670592987852,257.547416441202,1.81608311865128,6.97720258736301,502.06854299002,487.773989024702,0.00236248481606017,0.00233205257135748,4.73900929980719e-07,0.00119912863853357,0.00369277650213048,1.04153800174749e-05,1.00206612625203e-05,7.83338302312497e-12,5.30505228127222e-06,1.60493188960985e-05,-3163.66336910034,0.108721643297847,0.0748679347978187,0.973125,0.473826777297798
"constant",1600,"sir_laplace",82,15.087,4246.62989781439,3893.18644953726,52.6733135497517,79.0191131814543,7576.73455421057,1284.49884459814,7607.89234980659,345.893942677968,281.476098483091,258.049078646335,3.49130466956663,5.23756301328656,502.202860357299,504.268068523006,0.00294705726200724,0.00285269145122739,8.51094318119953e-07,0.00132779190720574,0.00477124225259316,9.41820542095207e-06,9.03045110532789e-06,6.68595269258819e-12,4.83917763858711e-06,1.47265249419968e-05,-3159.24220401721,0.126635621475217,0.088433890685394,0.97375,0.496771099779205
"constant",1600,"sir_laplace",83,14.849,3638.38118927456,3564.1893712795,82.4996811753163,147.490724713892,7173.21880975515,1216.62310066068,7192.20470046338,951.465795320174,245.025334317096,240.02891583807,5.55590822111363,9.93270420323873,483.07756816992,484.356165429549,0.00203347688269849,0.00191333077611131,4.23532289000046e-07,0.00101181991114262,0.00330953049952401,9.24563448087747e-06,8.93261653616201e-06,4.88042215886009e-12,5.39940437964967e-06,1.3621790547864e-05,-3155.57243435096,0.111079456307212,0.0752946098943747,0.968125,0.461178093200104
"constant",1600,"sir_laplace",84,15.174,3602.30981761939,4129.4657808497,54.4236281552474,135.924330294212,7651.80584109902,612.605131593986,7825.32130268847,1191.3872040147,237.400146145999,272.140884463537,3.5866368891029,8.95771255398789,504.270847574734,515.705898424178,0.00303529293103348,0.00283100582002307,9.98390765485648e-07,0.00145163303349327,0.00503022821774646,9.63250229321152e-06,9.35727294108601e-06,5.04086399374148e-12,5.2963220329869e-06,1.41039203521278e-05,-3188.16848218209,0.121944406336243,0.0857464088768186,0.964375,0.501087136067657
"constant",1600,"sir_laplace",85,15.064,3480.90719372816,3504.60042992235,89.8873228600412,114.378010366784,7615.06170785866,1271.70263663828,7442.72955457103,733.249844340171,231.074561453011,232.647399755865,5.9670288675014,7.59280472429528,505.513921127102,494.073921572692,0.00249540051152854,0.00239195751901306,5.22003069278506e-07,0.00121372164243913,0.00393036906304778,9.46380053575187e-06,9.13757702531959e-06,5.89570736080857e-12,5.53247790748532e-06,1.43160852950032e-05,-3144.61117527362,0.119554213151056,0.0814359585436063,0.9725,0.483086839082751
"constant",1600,"sir_laplace",86,15.135,3837.03067073982,3557.54236282029,77.9570410881132,114.058571481987,7504.19133321994,651.931250468371,7417.04642964005,623.376509638674,253.520361462823,235.054004811383,5.15077906099195,7.53608004506025,495.817068597287,490.059228915762,0.00257902023652741,0.00245536601142859,6.12416767720472e-07,0.00124119138931148,0.00416830652564287,9.83015427960131e-06,9.61044929724624e-06,5.91239332882991e-12,5.32147789308635e-06,1.43818733897481e-05,-3143.63376131358,0.134450468760184,0.0982438508247506,0.963125,0.490232275534409
"constant",1600,"sir_laplace",87,14.838,3967.40369833675,4076.44852013185,66.7116630943851,108.536032242189,7461.08522174097,1196.5558436953,7177.85772774098,400.328018123414,267.381297906507,274.730322154728,4.49600101727895,7.31473461667264,502.836313636674,483.748330485306,0.00252009156013862,0.00244361852803988,5.94182953425719e-07,0.00114690437710409,0.00413438911107787,1.0143655813915e-05,9.77212429470251e-06,9.04648825617802e-12,4.94545800250757e-06,1.54121740352393e-05,-3215.38413121223,0.124986629458991,0.0886166634597604,0.968125,0.475520169358683
"constant",1600,"sir_laplace",88,14.851,3411.26551790843,3468.80402277964,86.5831710302774,92.5493821914842,7122.71664711269,1356.65899444594,6965.19555987551,580.336198745359,229.699381718971,233.573767610237,5.83012396675493,6.23186197505112,479.611921561692,469.005155200021,0.00196110119808368,0.00187821974020508,4.10663108878969e-07,0.000875185283434445,0.00316498831465944,9.27093503769438e-06,8.86897699788733e-06,6.20233175719837e-12,5.12531702958197e-06,1.42480943724499e-05,-3166.62157589254,0.126823779924683,0.0889289595145055,0.9575,0.460481859307627
"constant",1600,"sir_laplace",89,14.9,3721.78586325743,3885.94564048708,80.0454132411356,119.290102440761,7374.30024429364,1894.98053871097,7237.66783592561,790.240276597818,249.78428612466,260.801720838059,5.37217538531112,8.00604714367525,494.919479482795,485.749519189638,0.00225987647651335,0.00218796101799591,4.24177734670937e-07,0.00116459249141973,0.00372001366100004,9.3344030080068e-06,9.04629540791669e-06,6.33101823643955e-12,5.128435264021e-06,1.44582926266331e-05,-3168.35662454205,0.115649760820699,0.0808894255832014,0.96875,0.470820055075065
"constant",1600,"sir_laplace",8,15.043,3849.29103576616,3849.50282440714,74.2810516322332,81.3032365200829,7424.8500254947,1579.02942993271,7412.52069177212,1131.08279283584,255.885862910733,255.899941794,4.93791475318973,5.40472223094349,493.575086451818,492.755480407639,0.00212489533492002,0.00201154860698732,4.2508041820735e-07,0.00102976872101931,0.0034366981086529,8.41474008830603e-06,8.21717612665291e-06,4.18096393511282e-12,4.69267930737419e-06,1.23678753382435e-05,-3161.64074548839,0.122584279644701,0.0806178205815744,0.954375,0.463193680271879
"constant",1600,"sir_laplace",90,14.788,3855.34152237067,3733.43184642199,67.7244279355806,131.336163032793,7143.11239645196,2326.64932185955,6825.02875404922,1142.06800593635,260.707433214138,252.46360876535,4.57968812115098,8.88126609634789,483.034378986473,461.524800787748,0.00179760364635486,0.00175515356276913,2.65469432568876e-07,0.000843722741117443,0.00284085818700247,8.98112486488919e-06,8.72827911323489e-06,4.84651532933344e-12,5.16081810223041e-06,1.3557832884228e-05,-3130.63341233301,0.138888498862161,0.0986940912847437,0.935625,0.453624800722259
"constant",1600,"sir_laplace",91,14.929,3477.08558456337,3478.45520799916,60.1311112854409,105.147183928349,7352.73269499979,1985.78833184972,6982.5907109392,545.830412290919,232.908137488336,232.999879965112,4.0278056993396,7.04314983778879,492.513409806403,467.719921691956,0.00219386469158802,0.00210888001430591,4.53831535656028e-07,0.0010444181947984,0.0034087210941286,9.75843469403313e-06,9.48497243762409e-06,6.69212455668606e-12,5.1486462597328e-06,1.44874951551592e-05,-3140.24460201602,0.124084373750454,0.0881659548554717,0.94875,0.467871934276032
"constant",1600,"sir_laplace",92,14.828,3746.77411924882,3374.75670717252,93.3289198917685,116.796787853177,7176.24087961259,1717.1009318933,6796.83366251124,982.01196241206,252.682365743783,227.593519501789,6.29410034338876,7.87677285225096,483.965530052103,458.378315518697,0.00194724515763991,0.00186101172604958,3.38817252648599e-07,0.000919608496739786,0.00312771884304945,9.67492170926042e-06,9.41656699866424e-06,6.95532243619318e-12,5.09575448672107e-06,1.42465412222106e-05,-3167.65928299263,0.127023765915348,0.0907987241535242,0.966875,0.459410867036196
"constant",1600,"sir_laplace",93,14.768,3703.02665103099,3641.63103697554,52.9469647557866,86.9833472943244,7312.75443798781,443.520194748763,7171.61534252235,450.603204931923,250.746658385089,246.589317238322,3.58524950946551,5.889988305412,495.175679712067,485.618590365815,0.00238308426195071,0.00227125451357466,6.31492424520221e-07,0.00106749741017837,0.00397240521779293,9.73018360896516e-06,9.37566288841901e-06,7.01819601615253e-12,5.17393530961154e-06,1.46309697255436e-05,-3164.20825814219,0.1259861935264,0.0894574989882026,0.96875,0.478159084692158
"constant",1600,"sir_laplace",94,15.192,3142.42694366787,3064.72673916147,56.8389573724615,123.602255714158,6978.08400945527,2127.72882544727,6693.39609686095,912.547992070644,206.847481810681,201.732934383983,3.74137423462754,8.1360094598577,459.326224950979,440.586894211489,0.00163372912306255,0.00159506159846648,2.23102928972978e-07,0.000796314016786926,0.00256201226061101,8.5910483526423e-06,8.31943053489675e-06,4.28857504969218e-12,5.05418301120325e-06,1.27262485553114e-05,-3173.19632128151,0.114737831459443,0.0710973794841317,0.955625,0.443622805106318
"constant",1600,"sir_laplace",95,14.785,3963.69289320948,4068.9212628162,32.8145001309001,81.6841793006664,7520.10251409409,650.38016112897,7639.67339081123,685.517615159193,268.088798999627,275.206037390342,2.21944539268854,5.5248007643332,508.630538660405,516.717848549965,0.00302933156235467,0.00288430014555309,8.92682557074863e-07,0.00137007726230387,0.0048446820807076,9.96810068553353e-06,9.59712393119599e-06,6.24954379781701e-12,5.45207846253656e-06,1.48793975643352e-05,-3168.93411914195,0.124499776169296,0.0879123948679086,0.9675,0.499704815062444
"constant",1600,"sir_laplace",96,14.951,3895.77797536577,3895.07704556757,78.4593626099296,84.8577608323795,7072.72381973569,1726.82262378332,7139.45645518933,1103.12934923795,260.569726129742,260.522844329314,5.24776687913381,5.67572475636275,473.060251470516,477.523674348828,0.002121067221162,0.00198850779881051,5.16703115315945e-07,0.00095363044160023,0.00362968918842609,9.32713113622868e-06,8.94118813269263e-06,7.23014796748844e-12,4.88916989253002e-06,1.43716153461695e-05,-3157.06215798309,0.127498938694943,0.0858454492620149,0.955625,0.466325755114235
"constant",1600,"sir_laplace",97,14.891,3611.70841410586,3754.2634256036,87.0695946139561,106.517036909622,7174.66506014441,1660.10386151099,6984.96115378637,889.919467343759,242.543040367058,252.116273292835,5.84712877670782,7.15311509701307,481.812172462857,469.072671666535,0.00195839613346852,0.00187448659793063,3.21443197775822e-07,0.000989623782808232,0.00309191882985236,9.67987372209166e-06,9.26335143335947e-06,6.26947612108113e-12,5.61070426200106e-06,1.49745336557724e-05,-3154.10164041297,0.118444095907757,0.082452996362092,0.948125,0.461790239581212
"constant",1600,"sir_laplace",98,14.834,4144.163883593,4245.89699595357,42.2259624675672,91.5702846872129,7521.9827449046,1214.12167902709,7709.65769381903,1107.58747942361,279.369278926318,286.227382766184,2.84656616337921,6.17300018115228,507.077170345463,519.72884547789,0.00251629169034245,0.00240897199442042,5.82471474793215e-07,0.00120197673901566,0.00408968188879103,9.18374142491886e-06,8.68328964040781e-06,6.52162467491433e-12,5.15293319455989e-06,1.43380763546079e-05,-3186.65028534465,0.134535174483413,0.0972548160577254,0.951875,0.480906525635602
"constant",1600,"sir_laplace",99,14.891,3478.53283501235,3449.30152269611,85.8576799106534,87.1762484858335,7326.91378688165,1307.76624975944,7084.45689255369,706.608545147123,233.599680008888,231.636661251501,5.76574306028161,5.85429108091018,492.0363835123,475.754273893875,0.0019858297456352,0.00190728653598972,3.5249846784847e-07,0.00104377167976862,0.00309312355807685,8.93994385836305e-06,8.66892100175606e-06,5.74595331317322e-12,4.81324321145076e-06,1.37394819653916e-05,-3154.26156683097,0.121915044381016,0.0834695829574411,0.965,0.460026452708426
"constant",1600,"sir_laplace",9,15.186,3484.34737262424,3308.14513717863,16.8772478436276,79.9147545246006,7075.79652324149,841.98554333634,7009.0090657154,1037.51908782731,229.444710432256,217.841771182578,1.11136888210375,5.26239658399846,465.942086345416,461.544123911195,0.00183631886093017,0.00174264960826208,3.63149004352531e-07,0.000816294824945853,0.00307207277840303,8.56539927834599e-06,8.29926681160485e-06,4.18815683326862e-12,4.89555247283699e-06,1.25715199867744e-05,-3190.24100960884,0.110459555381374,0.0691799788461493,0.9625,0.451293297838062
"constant",200,"sir_laplace",100,2.181,6605.56891835461,6366.95523543307,184.800301503758,129.580236467335,6452.94464187578,637.1257703382,6166.83059075184,468.134259182168,3028.68817897965,2919.28254719536,84.7319126564688,59.4132216723225,2958.7091434552,2827.52434238966,0.0235078076479929,0.0219490104013572,0.000129114124095121,0.00419633935723056,0.0449614216356635,5.34362432115808e-05,4.18040015043602e-05,1.44092338923703e-09,1.0307503348159e-05,0.000132757006316522,-383.534289325786,0.199890291240404,0.163155791788545,0.96,0.820245859771335
"constant",200,"sir_laplace",101,2.066,6475.88589556449,4588.54093789089,198.680862912049,106.641825980267,6538.22430725008,688.573343011835,5142.12730393718,470.049014693527,3134.50430569433,2220.97818871776,96.1669229971195,51.6175343563733,3164.67778666509,2488.92899512932,0.0205571165900761,0.0189971230538221,0.000101019020126579,0.00437796905626437,0.0413005899005672,5.83043406584311e-05,4.8216218097398e-05,1.41557898233554e-09,9.167884710276e-06,0.000134124882576818,-390.256041444088,0.220446346927476,0.164419865904997,0.95,0.789660601747168
"constant",200,"sir_laplace",102,2.175,6142.76003340527,5355.62125739092,157.712757613423,178.553961036364,6084.01618839336,546.135659107089,4913.30544648815,407.241275715237,2824.25748662311,2462.35460109927,72.5116126958269,82.0937751891328,2797.24882224982,2258.99100987961,0.0226125748323096,0.0206257997611719,0.000161759779182644,0.00231777952033251,0.0475069449495145,5.87724568619353e-05,4.70433573782176e-05,1.68677816222905e-09,1.15769228113891e-05,0.000142385422924938,-385.491357992721,0.220423371408523,0.169127187111368,0.93,0.808023417447684
"constant",200,"sir_laplace",103,1.763,5791.34873746967,4237.63964223548,187.904948426986,98.9661209508185,6474.4911759741,1563.22090171259,4534.92872142448,275.834140522203,3284.93972630157,2403.65266150623,106.5825005258,56.1350657690406,3672.42834712087,2572.27947897021,0.0170287450924033,0.0157290612945709,7.27726069502022e-05,0.00305433262842058,0.0338914291840601,7.4043876618883e-05,5.33292790146646e-05,5.07602583690708e-09,1.04864390367267e-05,0.000191950968947387,-392.472554548812,0.195962339557998,0.135848530904632,0.95,0.745420780525179
"constant",200,"sir_laplace",104,1.975,3547.22718002155,1982.20679700804,132.42939527919,117.233786335234,6065.17435218084,590.859412429485,3584.11336867803,246.233642439602,1796.06439494762,1003.64901114331,67.0528583692103,59.3588791570805,3070.9743555346,1814.74094616609,0.0116546440313811,0.0102742577341537,4.54242461416421e-05,0.00178546685300354,0.024874817318057,7.58684360059285e-05,6.26886976818729e-05,2.92101637601968e-09,1.11933130772902e-05,0.000180355826365805,-389.417334194371,0.197904679953818,0.145856467829332,0.925,0.694264999195538
"constant",200,"sir_laplace",105,1.886,3298.53461804173,2330.47601317298,86.1881429566194,129.358873891315,6057.94505911435,1391.85896167177,4116.46507796987,231.083030191138,1748.95790988427,1235.67126891462,45.698909308918,68.5890105468264,3212.05994650814,2182.64320146865,0.00681946800091265,0.00563914304459542,1.76738348014296e-05,0.00133799591116808,0.015457340725862,6.38220538250969e-05,5.40290673381572e-05,1.94796001492347e-09,1.35349963021275e-05,0.000137226720442582,-405.840213747396,0.205935638277132,0.14070852824431,0.86,0.609587754846239
"constant",200,"sir_laplace",106,1.794,4915.31584773616,4610.35616928351,142.010361086603,91.8646169576427,6523.73641860587,790.387540429393,4707.13073888183,211.25811735214,2739.86390620745,2569.87523371433,79.1585067372367,51.2065869329112,3636.41940836447,2623.81869502889,0.0128823796028398,0.0116094825976726,4.77324661713049e-05,0.00205111516581735,0.0266116719532797,6.6984321243533e-05,5.28279254017429e-05,2.31668563861186e-09,1.03997133367239e-05,0.000160112876540128,-389.507656930714,0.19275904743069,0.133954644525848,0.93,0.700087481802143
"constant",200,"sir_laplace",107,1.851,5000.45357915722,3543.81192869986,130.724245460779,114.941536389398,6133.96584378728,421.762338316759,4976.21871392331,266.845389803009,2701.48761704874,1914.53912949749,70.6235793953427,62.0969942676382,3313.86593397476,2688.39476711146,0.0150984529704621,0.0132553798814949,8.12346302325515e-05,0.00154956730656978,0.0331151054976092,6.03402054574321e-05,4.92741478324969e-05,1.73447779506848e-09,1.05843645139865e-05,0.000143491998671344,-390.791021630874,0.184026774631782,0.128984619907818,0.92,0.732106597064389
"constant",200,"sir_laplace",108,2.06,3264.45502042161,2664.62565784667,102.584030528225,90.4161683702804,5644.81112642605,1097.02277636714,3765.82354789904,174.872596455524,1584.68690311729,1293.50760089644,49.7980730719539,43.8913438690682,2740.19957593497,1828.06968344614,0.00791859563143641,0.00676248425289012,2.32504972714426e-05,0.00142526037857331,0.0176361509722573,8.02017281977843e-05,6.39066426406503e-05,3.10212343565928e-09,1.18728826359706e-05,0.000196484477009886,-397.039930468803,0.228207282377264,0.149082254299785,0.855,0.644393825924442
"constant",200,"sir_laplace",109,1.823,5401.17652004104,4968.08201986258,123.341049812262,110.910460460558,6533.31004345913,500.679185148077,4440.21368798632,248.212102971982,2962.79567747726,2725.22326926088,67.6582829469347,60.8395285027747,3583.82339191395,2435.66302138581,0.0141530892619102,0.0127233579043458,6.45101645005171e-05,0.00257481652638623,0.0294375309472329,6.81391394463011e-05,5.2155061358852e-05,2.85570201611319e-09,1.18112694463117e-05,0.000168498338614345,-386.696726756055,0.205599867330844,0.136732427750358,0.935,0.718185919967167
"constant",200,"sir_laplace",10,1.9,4869.5353122522,4647.03690692791,111.567919731824,103.252642449461,5606.87402274546,519.227771085686,4771.09435675181,306.481055746561,2562.913322238,2445.80889838311,58.7199577535915,54.3434960260321,2950.98632776077,2511.10229302727,0.0141074820868098,0.0119274778120617,7.896501557072e-05,0.00170156417831797,0.0325497922442086,5.91299918587498e-05,4.77424846666648e-05,1.74613425306097e-09,1.01826203419633e-05,0.000134067239872889,-402.083252426158,0.201830529290898,0.14911777894234,0.92,0.713820605135291
"constant",200,"sir_laplace",110,1.998,2234.79231443781,758.789626891503,63.7148860657876,70.4373561168129,5838.25710083051,1177.98519552157,2938.10993546677,127.590217688785,1118.51467189079,379.774588033785,31.8893323652591,35.2539319903968,2922.05060101627,1470.52549322661,0.0071899321557332,0.00586099408623762,2.27149848733523e-05,0.00127443899928569,0.0172267627930826,8.41845161800623e-05,7.04948479675851e-05,3.00392726666333e-09,1.35806013241542e-05,0.000195537436264156,-401.76343096941,0.217193035139671,0.166343772310643,0.905,0.633224625127817
"constant",200,"sir_laplace",111,1.758,5400.57428084248,4952.05437319121,123.126392224234,119.758506483659,6602.74777020229,848.336217682235,4771.89801719043,326.011796531138,3071.9990220947,2816.86824413607,70.0377657703262,68.1220173399652,3755.82922082042,2714.39022593312,0.013858301461688,0.0128229499098309,5.13930828285642e-05,0.00237816742320656,0.0277316055474705,6.06881720775278e-05,4.55085639380319e-05,2.35734402673274e-09,9.55813605487057e-06,0.000155307122067287,-394.762587759297,0.226394521377894,0.148423691569924,0.88,0.69961378936295
"constant",200,"sir_laplace",112,1.79,5928.12764255205,4532.46737948665,222.063240733629,127.586343525211,6818.90508443844,765.152037855076,5803.39177906586,509.071899326914,3311.80315226372,2532.10468127746,124.057676387502,71.2772868855925,3809.44418125052,3242.1183123273,0.0210020169068939,0.0195030854823541,9.69164359576522e-05,0.00452976578421251,0.0410454426759723,5.74380015037402e-05,4.45462137562954e-05,1.98167798927477e-09,1.20461375408731e-05,0.000141451337940188,-377.888005515727,0.240333921512204,0.191975479600983,0.93,0.792918780600222
"constant",200,"sir_laplace",113,2.157,4103.2496932065,3665.19151965915,86.5997789657681,116.537953218799,6044.15016813284,564.907715577785,3592.79014477099,242.231948931764,1902.29471173227,1699.20793679145,40.1482517226556,54.027794723597,2802.10948916683,1665.64216261984,0.00918588031949821,0.00770883164754271,3.52106668531521e-05,0.0015663764344225,0.0206819203758144,6.26664029812237e-05,5.15738222892911e-05,2.11016781984077e-09,1.15457448065748e-05,0.000140134475612434,-386.239803994941,0.208503900397255,0.158671962738693,0.89,0.659297857331411
"constant",200,"sir_laplace",114,1.771,4794.85638389908,3180.25708129255,97.3356193089159,96.9890955354856,6423.08247294205,910.027097731103,3519.41244264255,184.165508171503,2707.42878819824,1795.74087029506,54.9608240027758,54.7651584051302,3626.81110838061,1987.2458738806,0.0131562436436913,0.0116218577509264,5.75962547400633e-05,0.00244138847770745,0.0282102348277261,7.83841303919247e-05,5.88728849596539e-05,3.71938533553249e-09,1.10722601147164e-05,0.000204203885673042,-383.202436925776,0.218586168804931,0.161318819474312,0.915,0.718694133741637
"constant",200,"sir_laplace",115,1.756,4111.06783713853,2411.87629656979,111.930488690121,95.1065044400324,6269.24942751976,1091.14708346179,3918.65102210857,209.585757895691,2341.15480474859,1373.50586365022,63.7417361561056,54.1608795216585,3570.18760109326,2231.57803081354,0.0141054328018596,0.0127310617839878,6.25242163675975e-05,0.00194304873397549,0.0285562695147626,7.7117442312692e-05,5.91985463416145e-05,4.32495707708019e-09,1.04014939212232e-05,0.000190788148439316,-387.104285803259,0.227621565318318,0.171781563628032,0.905,0.727211051580503
"constant",200,"sir_laplace",116,1.92,5048.06489678908,4538.96080506679,147.503466965546,107.894395323652,6393.97447022638,1189.9544422217,4739.31749636259,237.82489591926,2629.20046707765,2364.04208597228,76.8247223778885,56.194997564402,3330.19503657624,2468.39452935552,0.0130965770772879,0.0122035447103424,4.16509758837119e-05,0.00261345157953957,0.0252048163111668,7.33983245870244e-05,5.90636061910658e-05,2.88000877556971e-09,1.01089934828583e-05,0.000173204363991878,-385.64993490701,0.185674643783682,0.122258827072669,0.92,0.705566233918432
"constant",200,"sir_laplace",117,2.143,4507.62425303546,4061.72086953267,167.826017079868,139.729552461475,6071.94845706503,857.381260862823,5086.63955626202,514.625286665516,2103.41775689942,1895.34338288972,78.3135870648006,65.2027776301795,2833.38705416007,2373.60688579656,0.0103406215390484,0.00910103351737571,3.42904120205116e-05,0.00151981280698387,0.0217993482661219,5.87303977664669e-05,4.78719457914517e-05,1.70329288329987e-09,1.12906493527089e-05,0.000133311046483225,-395.651433966284,0.245557393581779,0.181899059347442,0.88,0.670802691322149
"constant",200,"sir_laplace",118,2.15,4265.85947933874,4267.51797843776,121.930124755253,139.428184175789,5703.24035495194,893.813886543591,4159.26664499332,353.861597793134,1984.12068806453,1984.89208299431,56.7116859326758,64.8503182212973,2652.66993253579,1934.54262557829,0.0103194170177296,0.00889217331300611,3.86868649219916e-05,0.00176937308163147,0.0226227202038788,6.86039011306371e-05,5.39903927053519e-05,2.519270317781e-09,1.17868284985522e-05,0.000163596520142801,-382.724596409511,0.203288494981741,0.153922722029751,0.915,0.678585067399939
"constant",200,"sir_laplace",119,1.794,2823.53850941182,2775.78195183538,165.626254743872,73.5297698028937,5882.75148176786,1526.20682645629,3841.88640877681,245.297136283709,1573.87876778808,1547.2586130632,92.3223270590147,40.9864937585806,3279.12568660416,2141.51973733378,0.00739541231624531,0.00626542599482978,2.10904310011555e-05,0.00117812692951227,0.0168468488324817,6.72801318485128e-05,5.5230748056486e-05,2.35494428791111e-09,9.64203200213721e-06,0.000150456863593558,-397.664588848636,0.213685526935146,0.153799054982863,0.875,0.629003895062134
"constant",200,"sir_laplace",11,1.769,4380.72552194586,4015.16941734683,75.6035705021417,79.960846709285,5806.28118857676,539.244073487052,3642.29591098095,114.289937236885,2476.38525830744,2269.73963671387,42.7380274178303,45.2011569865941,3282.23922474661,2058.95755284395,0.014715948026406,0.0131776390235401,7.37754597384392e-05,0.00101020303311542,0.0307705363991056,7.57850649579265e-05,5.77216467442422e-05,3.49693141385826e-09,9.9729382740485e-06,0.000196402479121247,-375.097134804354,0.219085606933961,0.172213708039052,0.935,0.750163235318444
"constant",200,"sir_laplace",120,1.754,3572.64942482549,3792.33698904338,158.92884056639,179.607596070187,6333.07729253773,812.504315259167,4641.68877583048,527.156656718727,2036.85828097235,2162.10774745917,90.6093731849432,102.398857508658,3610.64839939437,2646.34479807895,0.016274234797349,0.0142673146722491,9.1613927046199e-05,0.00170691445655433,0.0358021798003453,5.86197109335833e-05,4.71513364705535e-05,1.75379813527254e-09,1.03405535556876e-05,0.000143222295287041,-389.732880361033,0.199939173998882,0.149982798580566,0.945,0.746554656902024
"constant",200,"sir_laplace",121,1.791,5242.17526313634,5075.28642371679,146.080838616166,118.224902968945,6744.32643334985,1221.90563512249,4618.64865486847,271.489321729211,2926.95436244352,2833.77243088598,81.5638406567093,66.0105544215216,3765.67640053034,2578.80996921746,0.0161670056726229,0.0150282741954999,6.16652830239865e-05,0.00282570575460251,0.0309971432961289,7.35561286384082e-05,5.23789260130341e-05,3.92739866738275e-09,1.156225171009e-05,0.000193282055755626,-389.760681090475,0.171813228046086,0.119964135792861,0.955,0.74609610574604
"constant",200,"sir_laplace",122,1.839,4081.17519848087,3387.24948454517,93.5012888536069,131.302730887315,6317.53618508518,667.805373390106,4342.71949011347,248.456167011593,2219.2361057536,1841.89749023664,50.8435502194709,71.3989836255112,3435.31059547862,2361.45703649454,0.0125409556929117,0.011374628663122,4.63637664890336e-05,0.00191580924628886,0.0253321151823033,6.79637438981306e-05,5.16999170780946e-05,2.82844749990758e-09,1.07749721444044e-05,0.000181582055354041,-380.744978434115,0.184137786113669,0.118789063018922,0.93,0.696892809086047
"constant",200,"sir_laplace",123,1.783,4369.59574231973,3680.12637273585,100.586756019523,203.95325207425,5873.41745107891,710.504291745487,4983.83639870069,487.659692873264,2450.69867768914,2064.00806098477,56.4143331573318,114.387690451066,3294.12083627533,2795.1970828383,0.00921170451032544,0.00772041175315686,3.40782676524697e-05,0.00141340973648949,0.0209774430971241,5.41013743026599e-05,4.66338787424498e-05,1.03870799712544e-09,1.31779106959165e-05,0.00011799130548366,-389.811113373221,0.234576127186472,0.149013406888972,0.895,0.648796640071861
"constant",200,"sir_laplace",124,2.224,5237.73828670104,2714.31819335662,157.268804105464,156.499819473393,6895.8149601706,797.446254993351,5126.87100672307,495.783772383152,2355.09815049507,1220.46681355963,70.7143903351909,70.3686238639357,3100.63622309829,2305.24775482152,0.0206318290619104,0.0190977707690853,0.000103175349441786,0.00376917556441943,0.040724665539395,5.85761787933842e-05,4.78218081905481e-05,1.5712845467179e-09,1.05810656421155e-05,0.000138062387737373,-397.442331621972,0.195703338227072,0.15398287787887,0.955,0.778727696283073
"constant",200,"sir_laplace",125,1.994,5863.06538383498,5764.02882550855,194.513797024783,115.773756572069,6694.26076212985,874.733363048055,5263.09392695253,311.351653388631,2940.35375317702,2890.68647217079,97.5495471538531,58.0610614704459,3357.201987026,2639.46535955493,0.0190558815183052,0.0175880976842506,9.23723201927866e-05,0.00248660801377949,0.036609782227993,6.18605774097218e-05,4.77243829404471e-05,2.20145223510874e-09,1.00721010873097e-05,0.000154321943657147,-395.684674642577,0.187638373065033,0.13583496037452,0.96,0.760509244498204
"constant",200,"sir_laplace",126,1.78,3679.45400207839,2629.29920272291,134.860415656259,97.1740474571818,6527.25794773076,1109.4937597472,4663.85489789912,237.735266613626,2067.10898993168,1477.1343835522,75.7642784585726,54.5921614927988,3666.99884703975,2620.14320106692,0.0155931649938499,0.0138085610669017,7.49048375842242e-05,0.00349302554129764,0.0335309562472999,7.18963468293315e-05,5.69574964238143e-05,3.05178167543311e-09,1.16479561509829e-05,0.000176769584756128,-388.732212963576,0.213054974057706,0.134368498790755,0.93,0.74619725015069
"constant",200,"sir_laplace",127,1.984,4215.75523139883,3875.01536626665,130.868823375259,109.051025862581,6301.73293935811,604.625696163407,3998.95621480952,213.055292583616,2124.87662872925,1953.13274509408,65.9621085560779,54.9652348097688,3176.27668314421,2015.60293085157,0.0118322021188446,0.0101753007069905,5.24725991456319e-05,0.00161584559142635,0.0259433356807304,7.88803404866987e-05,6.10755007284557e-05,3.4718636388418e-09,1.54408523679859e-05,0.000201349823311347,-405.970179777299,0.212592118155256,0.155255150546023,0.91,0.698750795012258
"constant",200,"sir_laplace",128,1.924,4480.7259850908,3685.80458061393,137.324648626747,76.1142672726677,6502.34315032501,907.638772305108,3960.20002356254,196.412068040828,2328.8596596106,1915.69884647293,71.3745574983092,39.560429975399,3379.59623197765,2058.31602056265,0.0128086744662743,0.0117584693400266,4.76336167348792e-05,0.00143986751695932,0.0261893828978293,6.39485427277343e-05,4.7954387951922e-05,2.91046151851495e-09,1.24654771602443e-05,0.000157606590650487,-394.0936879061,0.184710275190161,0.132949029610365,0.925,0.702609853640841
"constant",200,"sir_laplace",129,1.804,3300.51281748172,2813.55997611904,133.644909527143,140.767084955062,6149.59895394599,1215.00648634602,3857.30775700634,359.718016263995,1829.55255957967,1559.62304662918,74.0825440837822,78.0305348974848,3408.86859974833,2138.19720454897,0.00825578109731804,0.0069539656935382,2.64204211749208e-05,0.00140467956854151,0.018866200405619,7.92077864601292e-05,6.46033117422837e-05,2.90024132588222e-09,1.4307653159948e-05,0.000185418502052672,-382.609866692189,0.197692351486158,0.147180423228446,0.91,0.653829298352102
"constant",200,"sir_laplace",12,1.766,3731.20711703534,3476.21177438862,135.518464488052,93.90907286236,5870.32554283531,1623.03877526372,3214.80353445299,303.635081119493,2112.80131202454,1968.40983827215,76.7375223601652,53.176145448675,3324.08014883087,1820.38705235164,0.00753899588355512,0.00630922907372471,2.22269944241534e-05,0.00116716999079749,0.0168983775257187,7.38219699909834e-05,6.12155589589377e-05,2.36058106023338e-09,9.95687614774785e-06,0.000167874956568404,-380.39108069761,0.219890807340538,0.161512642774863,0.87,0.642396907669271
"constant",200,"sir_laplace",130,2.092,4722.2474152604,4318.49273372578,81.590066531765,92.8186138318579,5472.31898771893,476.686075502818,3844.11853332858,233.819383102579,2257.28843941702,2064.2890696586,39.0009878258915,44.3683622523221,2615.8312560798,1837.53275971729,0.0127762715315702,0.0110788168317199,6.06623347991507e-05,0.00159258131679545,0.0281175849459698,6.57812075326197e-05,5.12591641995005e-05,2.71244105441e-09,9.11400018150311e-06,0.000163664507777454,-392.038520925536,0.223649437898185,0.167195736440259,0.89,0.715835882510341
"constant",200,"sir_laplace",131,2.196,3311.44543992039,3009.47602341499,104.441930795735,177.730412439807,5800.10007281579,846.620198875597,4128.88246560092,310.757806562865,1507.94418939909,1370.43534763888,47.5600777758354,80.9337032968157,2641.21132641885,1880.18327213157,0.0112300613765955,0.00970449145747845,4.76810093065047e-05,0.00187000715814893,0.0243806820412921,7.03679852591928e-05,5.70063023243505e-05,2.46470080216072e-09,1.23574758576746e-05,0.000156883621443436,-394.257590768264,0.213829922511585,0.15838171371095,0.91,0.690355483510232
"constant",200,"sir_laplace",132,2.134,3444.33371275015,3449.74513545407,157.143395376355,197.75382209952,6028.65230935619,1261.76709367298,4507.8411436192,570.761709004036,1614.02704440026,1616.56285635148,73.6379547218158,92.6681453137396,2825.04794252867,2112.39041406711,0.00658793575986227,0.00570952066161899,1.55119774184913e-05,0.00137774370424332,0.0139278666158763,5.51148921690231e-05,4.67626564881015e-05,1.03780814174102e-09,1.42169066326954e-05,0.000123380785237794,-392.377324984663,0.217942474532035,0.166653069803851,0.865,0.614925058395262
"constant",200,"sir_laplace",133,2.074,6372.14038993751,6067.21570104251,170.285818615184,99.2202381548657,6582.66978203655,583.99658198964,5779.66733877125,336.202926727304,3072.39170199494,2925.36919047373,82.1050234403009,47.8400376831561,3173.90056993083,2786.72484993792,0.0217266471693851,0.0193104739248964,0.000141357082170311,0.00338813518129108,0.0456545327650486,5.88546017255241e-05,4.67194720112483e-05,1.70844871154207e-09,1.05080403891668e-05,0.000141790330424805,-414.455974983415,0.183565231436353,0.120878615919609,0.94,0.783079838999584
"constant",200,"sir_laplace",134,1.993,3774.33295304416,3085.39852701416,97.7075640704606,82.3432335584724,5462.04196153211,894.368708136934,3733.43119024894,192.274821711913,1893.79475817569,1548.11767537088,49.0253708331463,41.3162235617022,2740.61312670954,1873.27204728999,0.0100945901726886,0.00867970447121143,4.21694988048841e-05,0.00136861789509732,0.0224414127564586,7.90398857850375e-05,6.31617440925659e-05,3.28393425341379e-09,1.26021525612294e-05,0.000189490819843717,-395.462186375863,0.192023119711436,0.130604198818787,0.895,0.670162044104735
"constant",200,"sir_laplace",135,1.773,3850.84212469699,3046.16756377781,144.177028071709,152.148753900713,6283.85500998422,736.041501423924,5109.48236521236,344.59669116522,2171.93577253073,1718.08661239583,81.3181207398248,85.8143000004021,3544.19346304807,2881.82874518463,0.0168316134817065,0.0150512491388805,8.83743050392622e-05,0.00193420941005992,0.0348059838863005,6.50808982422683e-05,5.0689773609904e-05,2.87591361061506e-09,1.16971795358303e-05,0.000152773187167034,-390.297266149788,0.175015790672735,0.126882977481232,0.955,0.754660865953802
"constant",200,"sir_laplace",136,1.761,5842.57502124409,5325.85274124023,214.049560120891,129.819113083021,6951.75654629887,836.681379415738,5698.89230069141,372.772554782961,3317.75980763435,3024.33432211257,121.550005747241,73.7189739256222,3947.61870885796,3236.16825706497,0.0235400518867208,0.0219467562964485,0.000129780014656867,0.00405832078053289,0.0456114115038618,6.600121939359e-05,5.05799448238842e-05,2.86848060188347e-09,1.18333866266831e-05,0.000162334665736542,-399.903364753152,0.176637350340633,0.126165267965327,0.96,0.798766141081801
"constant",200,"sir_laplace",137,1.753,4906.1094583768,4188.47607974399,124.949842698048,85.0030622493305,6392.80554233394,1294.4942580652,4534.04229626831,209.013103561335,2798.69335902841,2389.31892740673,71.2777197364792,48.4900526236911,3646.78011542153,2586.44740232077,0.0118137063670277,0.0108930432461701,3.53458184920169e-05,0.00180821908237464,0.0230849337987775,6.54029978755083e-05,5.06653920821372e-05,3.27923420882536e-09,1.02274544881147e-05,0.000155467853415167,-401.420985818286,0.236039822749179,0.174719345353081,0.92,0.678919052946668
"constant",200,"sir_laplace",138,2.038,2946.03519972865,2775.55603099306,200.28826696192,157.985133744248,6202.21116320532,1379.9062896827,4543.46200565995,527.18825372175,1445.55210977853,1361.9018797807,98.2768728959374,77.5196927106224,3043.28320078769,2229.37291739939,0.00740367611843987,0.00640695203750155,1.91852403731448e-05,0.00149277120132934,0.0158541242632302,5.89655052528953e-05,4.93632707611282e-05,1.31993426286953e-09,1.2589116433742e-05,0.000134732838820709,-407.336078208063,0.23980978979463,0.181355384829624,0.86,0.614334083863232
"constant",200,"sir_laplace",139,2.116,3714.34336246009,3310.13014083953,91.9745202055738,99.0452032037825,6253.37954493875,1031.48635474885,3332.767484832,179.788785646031,1755.36075730628,1564.33371495252,43.4662193788156,46.8077519866647,2955.28333881793,1575.03189264272,0.00998004691120981,0.00885676237257354,3.27979792967619e-05,0.00162376521206819,0.0208289645491503,8.27438183898136e-05,6.62339654599093e-05,4.21562565212705e-09,1.33515255028151e-05,0.000191506476747705,-401.581003124556,0.219037091156511,0.169014446964082,0.92,0.662170908513089
"constant",200,"sir_laplace",13,1.761,4219.55768333925,3552.34112938885,83.1382052072437,119.07495378083,6016.34083261964,1047.66175041273,3813.28332057163,245.742463681903,2396.11452773382,2017.2294885797,47.2107922812287,67.6178045319876,3416.43431721729,2165.40790492426,0.00882423057438351,0.00754037416036898,2.9576692464893e-05,0.00147742891703452,0.0198394696547281,6.64387672853124e-05,5.37019301698165e-05,2.50406584319881e-09,1.15669031342244e-05,0.000153884864621732,-382.368936338941,0.181755751258979,0.122710162751107,0.895,0.655434349974431
"constant",200,"sir_laplace",140,2.164,4161.29298042038,3206.75469729084,109.577425796493,98.5853877908932,5810.22552932614,901.667285704736,2931.01225573321,173.887818439175,1922.96348448261,1481.86446270372,50.6365183902461,45.5570183876586,2684.9471022764,1354.44189266784,0.0104278084250385,0.00865418008973091,4.56849112687023e-05,0.00126394659439669,0.0240523430718402,8.73823640822014e-05,6.96329440566922e-05,3.9572155147271e-09,1.13771427263949e-05,0.000219063836873812,-383.768851091273,0.212356465133993,0.153125076549588,0.895,0.68201965520104
"constant",200,"sir_laplace",141,2.003,4487.6732856331,3899.46018313224,117.47868873075,157.758889267934,6445.05938157645,593.071154332556,4746.22553005061,437.751660880382,2240.47592892317,1946.80987675099,58.6513673144034,78.7613026799472,3217.7031360841,2369.55842738423,0.0124975011156422,0.0111709730572016,4.87343728993196e-05,0.00204186751811971,0.0263552978886716,5.48350311750608e-05,4.57516686505934e-05,1.4045913864995e-09,1.148518330303e-05,0.0001207895880548,-398.020032599686,0.217013254136932,0.156499779010424,0.925,0.69825961679152
"constant",200,"sir_laplace",142,1.882,3043.41376112955,1470.20806675727,101.223800505999,114.272705777425,5828.37995421711,1207.57872231324,3453.74023183804,258.847190910384,1617.11676999444,781.194509435319,53.7852287492022,60.7187597117028,3096.907520838,1835.14358758663,0.00708744301345007,0.00576157588397641,2.15905538178738e-05,0.00114960039346037,0.0166623749388127,7.72681133878256e-05,6.29982262101094e-05,2.67709870860826e-09,1.40737321148419e-05,0.000180522325450672,-387.586478194696,0.227006660208928,0.171854370726253,0.87,0.631047730395094
"constant",200,"sir_laplace",143,1.757,5885.07190353317,6544.92399898589,133.494400568075,115.172054479781,6187.87278652991,388.276540567942,5097.47292848435,395.152877163231,3349.50022967169,3725.05634546721,75.9786002094908,65.5504009560508,3521.83994680131,2901.23672651358,0.0206877352522889,0.018977931084085,0.000122924028399149,0.0026825527184345,0.0421613230258366,5.15182830988105e-05,4.10542267182642e-05,1.26889736375623e-09,1.17650774428611e-05,0.000120561826957122,-391.864845247069,0.197592145188082,0.160785625286657,0.97,0.782469695544267
"constant",200,"sir_laplace",144,1.959,4771.91999366383,4522.33671285103,70.2234001254018,71.0443887073823,5459.98106859189,493.371214657994,4653.83355248359,26.428698360979,2435.89586200298,2308.49245168506,35.8465544284849,36.2656399731406,2787.12663021536,2375.61692316671,0.0138258527310934,0.0121636144586938,7.1507745685787e-05,0.00160584960954992,0.0300680868068565,6.58491417320175e-05,5.12324646771406e-05,2.41630797767069e-09,1.06599856227143e-05,0.000162643462306087,-402.09680743473,0.202969118842585,0.156780951241983,0.935,0.718484241835532
"constant",200,"sir_laplace",145,2.108,4507.11100874711,4004.23779061546,147.452744329101,170.754944914139,6275.23532103425,723.616412910376,5384.47082110004,435.744062885458,2138.09820149293,1899.54354393523,69.9491197007122,81.0032945512992,2976.86685058551,2554.30304606264,0.0141315175507351,0.0127304434161909,6.0984530332883e-05,0.00198289354527229,0.0288550856880153,5.22015631450492e-05,4.29800436978337e-05,1.20705526195481e-09,1.14352660926979e-05,0.000118964545474738,-405.072449169508,0.210188978020546,0.153638844839207,0.94,0.705635749509265
"constant",200,"sir_laplace",146,2.07,5216.23521153267,4633.85807526301,153.862138489668,137.995518564406,6382.85036140175,661.087294871497,5412.26229618377,347.476681608104,2519.92039204477,2238.57878032029,74.3295355022551,66.6645017219354,3083.50259004915,2614.61946675544,0.0169316132183481,0.015151840574653,8.82676697135418e-05,0.00260679242539146,0.0357003279038426,6.05313413114864e-05,4.7517277819848e-05,1.84659024051886e-09,1.15791656875765e-05,0.00014451808271001,-399.310536786247,0.201558389967843,0.14328228478213,0.935,0.750364209289073
"constant",200,"sir_laplace",147,1.783,5405.07480734876,5119.33393800214,130.691598679006,105.096440986935,6086.54152319099,646.146199960094,5291.2955451139,318.815344273819,3031.4496956527,2871.19121592941,73.2987092983766,58.9436012265478,3413.65200403308,2967.63631245872,0.0144910708505318,0.0132679566385316,6.07078320088047e-05,0.00246275343002931,0.0296088650301701,5.78518441411027e-05,4.70621394235645e-05,1.60378294019861e-09,1.18632470976522e-05,0.000134717699413394,-398.34789716574,0.196096472203176,0.136235978618874,0.93,0.712766138294907
"constant",200,"sir_laplace",148,2.035,3192.90239061535,2853.16938673744,157.085659227157,131.846474254198,5765.09641162662,1757.54505757772,3901.30176923774,385.856882702078,1568.99380374218,1402.04883869162,77.1919701361951,64.7894222379349,2832.97120964453,1917.10160650503,0.00666908654866584,0.00556984983433259,1.7411806417263e-05,0.00131572442857947,0.0154334147490361,6.31690758077652e-05,5.18633988222057e-05,1.53567902977799e-09,1.30723671318233e-05,0.000143439674797737,-388.817708236584,0.21351398787891,0.141215696932433,0.865,0.620062313577782
"constant",200,"sir_laplace",149,1.83,4495.82815735533,4264.32349399003,126.126737343272,158.356636622772,5814.90551929071,597.255888353948,4383.96483271045,373.74661289147,2456.73669800838,2330.23141748089,68.9217143952306,86.5336812146298,3177.54399961241,2395.60919820243,0.00983680950547554,0.00865888793084056,3.43206845807438e-05,0.00136701037200035,0.0208482429679049,6.23696115262571e-05,5.09987884741973e-05,2.12499956240213e-09,9.81325991446611e-06,0.000144031178631081,-393.258012614364,0.239475105946531,0.169059670837535,0.83,0.662341723731054
"constant",200,"sir_laplace",14,2.056,2175.06293169811,859.055677002631,94.0017491995468,107.067321200962,5136.19957000296,714.305384758617,3220.76000779571,243.177327190145,1057.90998623449,417.828636674431,45.7206951359663,52.0755453312073,2498.15154183024,1566.51751351931,0.0101786806393965,0.00843847034948798,4.79179842684046e-05,0.00134588611462463,0.0236961362905132,8.04077821040705e-05,6.29500407679946e-05,4.04102233947504e-09,1.0901650291547e-05,0.000187976780649735,-407.457225173298,0.240810911124983,0.195567100387384,0.845,0.674293486192152
"constant",200,"sir_laplace",150,2.162,3399.62858539048,2859.61234202252,152.686725468223,107.104505966168,5833.9362611119,1086.3401257164,4028.00933745137,257.047686587027,1572.44615420466,1322.66990842855,70.6229072470965,49.5395494755635,2698.3979006068,1863.09405062506,0.0198960622881666,0.0185350981724244,0.000112363564592305,0.00215012067672398,0.0401366794198112,6.90277893919824e-05,5.01681752471304e-05,3.89352790959564e-09,1.08753666210322e-05,0.000180165630818852,-371.245663852286,0.206710837269629,0.162465204652214,0.95,0.790224363515513
"constant",200,"sir_laplace",151,1.77,2667.15308746231,2331.508858769,159.293811302998,90.5589940231647,6717.69566200924,529.761065120716,4904.92517828716,360.971305014774,1506.86615110865,1317.23664337232,89.9965035610156,51.1632734594151,3795.30828362104,2771.14416852382,0.0210377902200792,0.0187564522523118,0.000119204602821162,0.00421336682051849,0.0437106264729216,7.27330103191697e-05,5.14393264473196e-05,5.26428228200386e-09,8.45186483031599e-06,0.000207381450859083,-392.956888785748,0.176911420955554,0.12793833774337,0.945,0.782901928234018
"constant",200,"sir_laplace",152,1.797,2814.47718054675,2386.73994716497,139.682556176479,163.978934065112,5575.28070368688,1688.90266880511,3534.66226421478,337.932537788752,1566.20878160643,1328.18027109904,77.7309717175733,91.2514936366787,3102.54908385469,1966.97955715903,0.00627460486948131,0.00528265166113589,1.46326320784981e-05,0.00121241264673824,0.013972216696632,7.38702193266818e-05,6.01223675396382e-05,2.36632228123886e-09,9.94759722185768e-06,0.000169381074780281,-393.668316996328,0.215682220881139,0.165307453241411,0.87,0.622180142574435
"constant",200,"sir_laplace",153,1.784,3788.84338146092,3347.05365090656,98.7927623358801,80.6727078868212,5975.90545914661,994.165668195157,3417.80298955454,195.299951527675,2123.7911331059,1876.1511496113,55.3771089326682,45.2201277392496,3349.72279100146,1915.80885064716,0.0080429016003631,0.00687342559371742,2.30266946586042e-05,0.0013520533103651,0.0177269095173127,6.68223447926639e-05,5.34166880302115e-05,2.3914602821249e-09,1.24010332473006e-05,0.000162420377733276,-398.309637029311,0.214778130502066,0.15937345175549,0.88,0.646364570859095
"constant",200,"sir_laplace",154,1.902,3973.2953326784,2980.86775684161,156.131949430164,110.168883516629,5966.05804685183,1266.5263068184,4748.09728047373,309.786525229842,2089.00911286982,1567.22805301872,82.0883014879939,57.9226516911823,3136.72873125754,2496.3708099231,0.0115060877584186,0.0102775791473662,3.98158963077467e-05,0.0017626160794616,0.0241480799379781,6.9790352065985e-05,5.66910598370991e-05,2.48074538911176e-09,1.15160606263779e-05,0.000170150121183193,-385.290095636576,0.192445089579785,0.142598121426096,0.93,0.70088799797298
"constant",200,"sir_laplace",155,2.165,3841.50922725379,3513.40133951321,55.1726962079728,120.033231839171,5425.87443342951,1107.36066317129,3296.69827666614,152.665129997913,1774.36915808489,1622.81817067585,25.4839243454839,55.4426013113952,2506.17756740393,1522.724377213,0.00864543655607639,0.00732517655505659,2.9378139596254e-05,0.0013806933166854,0.0191861955349015,9.23213681227326e-05,6.89409438385408e-05,5.80514107255428e-09,1.13327183086715e-05,0.000238960153070682,-378.235781639061,0.216377668098485,0.158377627846226,0.88,0.663836606082497
"constant",200,"sir_laplace",156,1.777,5180.34927294448,3504.81717356096,138.216642190592,120.792534787585,6285.30349794892,888.066703638458,4583.60622507485,268.314235916828,2915.22187560185,1972.32255124421,77.7808903717455,67.9755401168176,3537.03066851374,2579.40699216368,0.0149849413342826,0.0131934944475684,7.11473708991027e-05,0.00303286084474328,0.0321805393146465,6.75598649610743e-05,5.321036303236e-05,2.64982810452680e-09,1.20870813576112e-05,0.00016176830404288,-403.965587971975,0.171553454779279,0.112964797799436,0.955,0.730203011717906
"constant",200,"sir_laplace",157,1.806,4903.86484147982,4577.68486850016,55.4117809068634,114.379737229538,5810.5780262768,321.547489537859,4242.23606802237,209.797341389733,2715.31829539303,2534.70922951283,30.6820492286065,63.3331878347388,3217.37432241241,2348.967922493,0.0142488916819575,0.0123116926159348,8.09167521989673e-05,0.00189803972225289,0.0320830933397776,6.48836633933136e-05,5.47598552099991e-05,1.73334861907682e-09,1.07985390241083e-05,0.000144639391502626,-393.712006343666,0.206464032997015,0.145599976484,0.925,0.727339227861913
"constant",200,"sir_laplace",158,2.114,3981.22886896374,3543.69809633495,148.117386958542,106.613726018996,6144.95362104068,829.007044597433,4311.56773457692,313.334158310005,1883.26814993555,1676.2999509626,70.0649891005401,50.4322261206225,2906.78979235605,2039.53062184339,0.00935147723033227,0.00819980182992883,3.11392156224134e-05,0.0011713327130707,0.0197652286150472,6.52186844790022e-05,5.27583686125575e-05,2.12464747661487e-09,9.23399905772839e-06,0.000154221451357897,-406.608609806865,0.214900096434562,0.147870318714425,0.91,0.659982595212354
"constant",200,"sir_laplace",159,1.988,5095.35596696825,4925.32553950418,124.706854053606,139.934648124071,6317.76477961777,556.335611948606,5013.88085982205,333.762335384183,2563.0563214126,2477.52793737635,62.7298058619749,70.3896620342412,3177.95009035099,2522.07286711371,0.0151318877240347,0.0132397918858739,7.75569228236548e-05,0.00246678894583814,0.032978452599292,5.60582557972344e-05,4.5773831261342e-05,1.39684571173182e-09,1.12056257972571e-05,0.000128121567640653,-406.958933577463,0.230218736932369,0.167746994743629,0.93,0.722873070959271
"constant",200,"sir_laplace",15,1.764,3796.75135260808,3433.83662964772,140.609664828024,106.836705619046,6055.38343919567,1827.92499511227,3579.70137854522,244.630263622137,2152.35337449438,1946.6194045622,79.7106943469526,60.5650258611373,3432.75705169823,2029.30917151089,0.00743356684820087,0.00640644609010046,1.89404185902445e-05,0.00154234087475712,0.0163695488298121,7.44363854041134e-05,6.07633713858252e-05,2.60104783063367e-09,1.45956177671496e-05,0.000169170217689352,-375.872199840331,0.210815230073431,0.147895343968625,0.885,0.634497671075807
"constant",200,"sir_laplace",160,1.76,5205.03290610282,3724.70131982656,127.736563552752,96.2391086533347,6226.85599169172,1358.07422506822,4165.55580086257,261.294321588867,2957.40506028569,2116.30756808327,72.5775929277,54.6813117348493,3537.98635891575,2366.79306867191,0.0119390407145975,0.0109081619093291,4.0226925048809e-05,0.00173202459769001,0.0243534705577115,7.2445881158802e-05,5.5199361006667e-05,4.1939448264243e-09,1.2301148438854e-05,0.00018300181972831,-377.61855313691,0.192365278379479,0.132466918377714,0.925,0.692192207995021
"constant",200,"sir_laplace",161,1.846,4308.2527150935,3647.57712675067,102.649855312326,80.7858694244612,5564.76276360742,725.620387987771,3823.64621846838,212.112392629729,2333.83137329009,1975.93560495703,55.606638847414,43.7626594932076,3014.49770509611,2071.31431119631,0.0105429386673793,0.00930528181682993,4.00622188667221e-05,0.00118024524372369,0.0227312456663784,6.09033664205156e-05,4.74260276790906e-05,2.03478862832582e-09,9.63641170704961e-06,0.000156388160976533,-390.257053980028,0.214101662564431,0.170482656201119,0.925,0.667823965403582
"constant",200,"sir_laplace",162,1.835,5687.10690824863,3599.0802390009,146.897651764542,104.910043337624,6793.9493561055,872.163341826707,4738.39205810927,251.463056198598,3099.24082193386,1961.35162888333,80.053216220459,57.1716857425746,3702.42471722371,2582.23000441922,0.0158908424557564,0.0144728451342033,6.25832429786366e-05,0.003910977417613,0.0315885001028652,5.95195593935334e-05,4.41912080108991e-05,2.1524592918708e-09,1.13413137725533e-05,0.000156239095279254,-388.647052275591,0.222988973280475,0.147715210481527,0.95,0.734745125048131
"constant",200,"sir_laplace",163,1.766,5348.45600996023,4817.09266530164,151.321537247644,88.8260312630066,6139.81118761337,1243.18688897043,4048.49609023682,188.095769430485,3028.57078706695,2727.6855409409,85.6860346815649,50.2978659473424,3476.67677667801,2292.4666422632,0.0144011918397219,0.0130549295760564,6.53353418414996e-05,0.00169009152264062,0.0295774579737339,7.70359681330418e-05,5.57323257394334e-05,4.45730793298561e-09,1.01289653000275e-05,0.000210673947585978,-397.739289637328,0.17182779874101,0.12783519299807,0.945,0.726047196687207
"constant",200,"sir_laplace",164,1.805,2579.99387361505,1903.3965206462,127.380886606774,115.879178105309,5410.01839918429,587.838944200865,3370.30819593,229.075661107184,1429.35948676734,1054.51330783723,70.5711283140024,64.1989906400603,2997.2401103514,1867.20675674792,0.010473332771014,0.00897169124332385,4.58791557029056e-05,0.00166817108384261,0.0233890245457329,8.84861398460498e-05,7.04507893449883e-05,3.96376911963018e-09,1.42738960530291e-05,0.000213672816408835,-398.078799136692,0.232728956369127,0.182078947979555,0.915,0.698926842381969
"constant",200,"sir_laplace",165,1.795,3184.7560840118,2405.47434954892,83.4471250084762,113.526672554715,5611.79970180837,771.754409974339,3414.37112921252,198.232155980302,1774.23737270852,1340.09713066792,46.4886490297917,63.2460571335457,3126.35080880689,1902.15661794569,0.0111580525761532,0.00971401413987452,4.54159533961313e-05,0.00132400063144206,0.0243046166516163,9.24649336997437e-05,7.76730753447454e-05,3.96337179955461e-09,1.285850836233e-05,0.000216871582437224,-391.707016473415,0.2324210885896,0.175808125128213,0.92,0.698655960561484
"constant",200,"sir_laplace",166,1.77,4343.72353969719,4014.55156361706,122.423611752779,104.23443246365,6157.52319799385,1419.20464869965,3661.8095462162,258.306282291569,2454.08109587412,2268.10822803224,69.1658823462029,58.8895098664687,3478.82666553325,2068.81895266452,0.00842877693188448,0.00740399659745583,2.43891035254675e-05,0.00160162510062335,0.0180042302503434,6.10625467321065e-05,4.83102784361957e-05,2.0159168703351e-09,1.13303583905884e-05,0.000144107081697394,-388.489542516002,0.213330333595748,0.147827239971851,0.85,0.642467825193292
"constant",200,"sir_laplace",167,1.773,4262.36281381275,3754.6278997228,145.597338195641,97.0628901930841,6424.38805619699,903.625411801877,4818.20328374108,332.636348234265,2404.03994010871,2117.66943018771,82.1191980798879,54.7450029289814,3623.45632047208,2717.54274322678,0.0123534343605834,0.0110582264356884,4.57729558897268e-05,0.00218376026073607,0.0253758031581496,6.5115238991516e-05,5.2565972373771e-05,2.21283949097422e-09,1.03627403111647e-05,0.000147074529712704,-396.886947813916,0.231343206971856,0.169988163803284,0.9,0.699227819529169
"constant",200,"sir_laplace",168,2.417,2926.80028706129,2325.27190714158,173.832971189494,136.89517875724,5918.43775582648,2266.12858290622,4094.39700947085,345.929898376074,1210.92275012879,962.04878243342,71.9209644971015,56.6384686624909,2448.67097882767,1693.9995901824,0.00689539994390415,0.0059591932726183,1.47061051336266e-05,0.00127898688827252,0.0148121489883402,7.46387821055125e-05,5.95502269215174e-05,2.70494761291218e-09,1.12560135363826e-05,0.000180376751727952,-396.712329067085,0.239365358070032,0.180486097172201,0.835,0.622658834393251
"constant",200,"sir_laplace",169,1.759,5670.42285183871,5092.58473972639,130.374003384705,144.878602949604,6893.93927938998,664.081652336648,5362.10330715647,354.490878557446,3223.66279240404,2895.15903338623,74.1182509293374,82.3641858724299,3919.23779385445,3048.3816413624,0.0186704551733664,0.0169466247582172,8.55331379002916e-05,0.00472185217517852,0.0365676807335656,5.2512691798901e-05,4.12113011580251e-05,1.3376634976582e-09,1.05214884338673e-05,0.000121099756368873,-382.699380445005,0.200439786373111,0.151016818793768,0.955,0.77304014175518
"constant",200,"sir_laplace",16,1.754,6094.27319019805,5530.38356620756,171.03730401866,136.622946954919,6795.92484353048,902.271064927295,5386.8788907526,345.943862828726,3474.50010843675,3153.01229544331,97.5127160881758,77.8922160518351,3874.52955731499,3071.1966309878,0.0155157109841385,0.0140441329573391,6.39272112924688e-05,0.00291132914220858,0.0304447664660355,5.93138432066381e-05,4.66382165490884e-05,2.10996792880445e-09,1.1820015318209e-05,0.000142486733542281,-393.514673697075,0.209686074723914,0.150448539923139,0.93,0.726438294489568
"constant",200,"sir_laplace",170,1.761,5988.08171942082,5085.57187031584,141.831784289452,109.803712816517,6480.39778579909,653.38926074393,5159.38691482696,302.410214629037,3400.38712062511,2887.88862596016,80.5404794375082,62.3530453245413,3679.95331391204,2929.80517593808,0.0166913279057589,0.0148637120549733,8.03149065780588e-05,0.00228173070914947,0.0342521630106462,6.41741359222832e-05,5.15084351696886e-05,1.88221843850746e-09,1.19468715812761e-05,0.000149203783216184,-389.305058141891,0.174788344883261,0.1290982159228,0.96,0.756460059883353
"constant",200,"sir_laplace",171,1.763,5000.9255713857,4224.16333398962,110.914396723215,154.508836488972,5980.05147255373,536.942313774961,4698.87734880829,514.363205513724,2836.59987032654,2396.00869766853,62.9123067063045,87.6397257453047,3391.9747433657,2665.27359546699,0.0139431163119618,0.0120486053834015,7.05458806320236e-05,0.00197156860193875,0.0301093786551952,5.67306576667608e-05,4.52789094710388e-05,1.77804630482641e-09,1.22692119515437e-05,0.000133814082244145,-408.272651779474,0.220074623802967,0.159028134379033,0.915,0.712219663562933
"constant",200,"sir_laplace",172,1.754,3712.34432649288,3057.98626030717,186.129149527522,163.795238832716,6041.91610166941,1440.93200343265,4277.31626691398,516.629812226764,2116.50189651818,1743.43572423442,106.116960962099,93.383830577375,3444.65000095177,2438.6067656294,0.00705848617204591,0.00597500909778867,1.90272843062561e-05,0.00143854074201566,0.0158102361427555,6.35338450416432e-05,5.27134458245891e-05,1.6666607228995e-09,1.27009812531818e-05,0.000143605936881746,-399.705336082039,0.227612936924693,0.153811044914551,0.875,0.617380411298688
"constant",200,"sir_laplace",173,1.765,5154.45163193027,4890.77543005632,177.362509413524,145.218378995113,6387.1106039725,811.069308983226,5312.52986230791,645.931726418639,2920.36919656106,2770.97758076845,100.488673888682,82.2767019802339,3618.75954899292,3009.93193331893,0.0142956667687049,0.0128086612858239,6.08323209356465e-05,0.00214824426354953,0.0292404158067377,5.70151643260629e-05,4.75902925977998e-05,1.30239713621289e-09,1.12558238813316e-05,0.000124827274492599,-387.00772469533,0.245897827704,0.180544616265554,0.91,0.724922651687261
"constant",200,"sir_laplace",174,1.759,3440.83001943332,2988.68932828611,95.8762966434787,100.468957141905,5710.96675843409,1286.02542777488,3379.17858159102,131.588699214913,1956.12849314003,1699.08432534742,54.5061379439902,57.1170876304176,3246.71219922348,1921.07935280899,0.0100766602432433,0.00832459271684131,4.3017637859076e-05,0.00142647464016663,0.0237605575706601,0.000102647396418578,8.47518969201213e-05,4.77659613501509e-09,1.27288950225399e-05,0.000243888559193012,-380.442837179416,0.240838005864824,0.164871445069241,0.865,0.686532034196398
"constant",200,"sir_laplace",175,1.754,5372.97276357827,4450.89622136129,86.8311357997384,126.409207763875,5800.13919684351,546.450350734191,4534.76551390593,336.583805783371,3063.26839428636,2537.56911138044,49.5046384263047,72.0691036282071,3306.80683970554,2585.38512765446,0.0134955833040655,0.0114018306065139,7.44734882012193e-05,0.00142472095538489,0.0304967886337799,5.89485582424023e-05,4.62050530553381e-05,1.75237893620027e-09,1.01501830634704e-05,0.000142922893869333,-393.07510345598,0.203227301004627,0.142056165327989,0.905,0.715000597102147
"constant",200,"sir_laplace",176,1.758,5870.83960885445,5206.67745030609,138.758556995784,114.012871198164,6164.63360189074,644.851870250075,4951.41691006715,287.344204780554,3339.49920867716,2961.7050343038,78.9297821363958,64.8537378829145,3506.61752098449,2816.5056371258,0.0149789253493342,0.0134885654639416,6.63904447832828e-05,0.00265282840674469,0.0317090085668966,6.08647117173917e-05,4.75369018593949e-05,2.1571324761907e-09,1.10219169502139e-05,0.000147889237133331,-384.803252496461,0.191787497832642,0.134409372444747,0.95,0.731419527113808
"constant",200,"sir_laplace",177,2.4,5557.61120107088,4078.89564358225,159.625910532086,103.288040443095,6570.03906707833,1276.29140624189,4316.76688172725,232.697606935516,2315.67133377953,1699.5398514926,66.510796055036,43.0366835179562,2737.51627794931,1798.65286738635,0.0206173008052738,0.0193396255513107,0.000100478868321115,0.00230721125425129,0.0396008463413399,7.87129919738054e-05,5.80153695145531e-05,5.46512985623959e-09,1.19756740876004e-05,0.000198791292647946,-381.617204140112,0.228827618299997,0.179274662570893,0.93,0.794765868786174
"constant",200,"sir_laplace",178,1.762,5302.64981633732,5512.34488567137,110.99586092608,130.074533502937,5968.75880195628,529.577610387616,4761.36447439031,253.448779860381,3009.44938498145,3128.45907245821,62.994245701521,73.8220961991697,3387.49080701265,2702.24998546556,0.0167962624225817,0.0155801297081086,7.79383360939939e-05,0.00186157368875154,0.0331795561196691,6.61051944035456e-05,5.07997798044475e-05,2.3841572443157e-09,1.07393515394954e-05,0.000158051395285788,-383.241236339683,0.1803461292173,0.138566342414273,0.955,0.755618504805426
"constant",200,"sir_laplace",179,1.843,3949.5335557294,4132.80513694919,164.844669289216,157.104564002789,6040.96813205208,717.636180461491,4788.50007389564,403.592451403987,2142.99162003765,2242.43360659207,89.4436621211154,85.2439305495326,3277.79063052202,2598.2094812239,0.0123298264289599,0.010804501978679,5.49493691425465e-05,0.00179148203925651,0.0271605686727376,6.28230505593176e-05,4.92493012781493e-05,1.97610948963887e-09,1.23169504102393e-05,0.000151145439152986,-398.465008237037,0.230285576340018,0.166359576675767,0.915,0.69248423849361
"constant",200,"sir_laplace",17,1.76,2881.11960504871,2824.33537792138,184.962325452192,181.598253588436,6342.76989507686,1740.03180482529,4379.33437820189,481.881911574615,1636.99977559586,1604.7360101826,105.092230370563,103.180825902521,3603.84653129367,2488.25816943289,0.00665543163733169,0.00586531222274048,1.28576384433672e-05,0.00152428730949182,0.0137193883620619,6.02595810290834e-05,4.87444106806088e-05,1.8032933989945e-09,1.25035775005185e-05,0.000142515188825142,-380.740920926405,0.23335733678058,0.145019112193992,0.835,0.614637999640856
"constant",200,"sir_laplace",180,1.759,3644.54521179535,1743.96141349514,120.02931287164,109.830193864307,6026.98207013702,848.298998533536,3578.7646496308,268.526343591811,2071.94156440895,991.450490901162,68.2372443841048,62.4389959433239,3426.36843100456,2034.54499694758,0.00969020516424859,0.00843212906463924,2.85578327430256e-05,0.00203731446456769,0.0202460885716022,7.85469692980705e-05,6.06488881431547e-05,4.12984822232365e-09,1.05641289219052e-05,0.000203506467841006,-392.861518552207,0.210739595993435,0.142197982794733,0.915,0.666080959778866
"constant",200,"sir_laplace",181,1.948,3542.44057634154,3434.51334046684,101.163290763768,99.1696971822661,5901.65647708193,1447.23966289975,3386.27456984683,224.645536259123,1818.50132255726,1763.09719736491,51.9318741087104,50.9084687793974,3029.59778084288,1738.33396809385,0.00858500689250684,0.0073446832226958,2.59935743756097e-05,0.00161269050079864,0.0187696203430643,8.60164731396521e-05,6.93750213922187e-05,3.59782611606069e-09,1.29392368705539e-05,0.000206540448546647,-381.261171127954,0.188934533390759,0.141688551081601,0.905,0.655891044535622
"constant",200,"sir_laplace",182,2.116,3145.79364112017,2732.55018064004,159.912262129687,114.827409560281,5482.58102798267,1601.37358192477,3135.94690541776,217.769577320639,1486.6699627222,1291.37532166354,75.5729027077913,54.2662616069379,2591.01182796913,1482.01649594412,0.00663540691649148,0.00561114670027467,1.58679453713871e-05,0.00137165907996067,0.0147288949044596,0.000110152065424696,8.8962980370075e-05,6.23191094739102e-09,1.6320862665707e-05,0.000271192275777287,-377.599580982849,0.215996393221622,0.149528141218644,0.895,0.633526115099939
"constant",200,"sir_laplace",183,2.154,3762.00441887819,2943.61771987834,90.9527190841674,86.6411797141248,5412.06016135324,632.177021377042,3983.78543937713,162.699393823545,1746.52015732507,1366.58204265475,42.2250320725011,40.2233889109215,2512.56274900336,1849.48256238492,0.0101329404902791,0.00836504885563952,4.52759495400205e-05,0.00158112797394611,0.0237314810807646,7.75410225350577e-05,6.21328711458655e-05,3.17091361500265e-09,1.18963422921654e-05,0.000180903661790447,-396.979712997639,0.20366003530085,0.138969370501222,0.915,0.677985271337446
"constant",200,"sir_laplace",184,1.786,4607.45213053808,3276.15986198483,99.5964220403716,66.2758505107197,6192.56598239431,1066.52570321902,3396.81593106915,138.904819424545,2579.76043143229,1834.35602574738,55.7650739307792,37.1085389197759,3467.28218499122,1901.91261538027,0.0126619830499549,0.0116891600602934,5.58880872514202e-05,0.00158952735156048,0.0269304182731831,8.26894034709259e-05,6.23388628797566e-05,4.42721112192166e-09,1.05570730677802e-05,0.000217041207991638,-400.478560769939,0.199609282386375,0.143590276656625,0.92,0.704039132259422
"constant",200,"sir_laplace",185,1.869,3454.11132634644,3251.40769254152,189.46930444965,157.600961637228,6026.01217593735,1444.54781698175,4249.29095755542,540.408034932321,1848.10664866048,1739.65098584351,101.374694729615,84.3236819888861,3224.19057032496,2273.56391522494,0.00679145131070219,0.00571499743099446,1.69390311218108e-05,0.0012065698367848,0.014756849306093,6.15297310576445e-05,5.07164725174428e-05,1.44254384443612e-09,1.42867079300077e-05,0.0001384391596263,-393.921505561595,0.231438206738272,0.163026384867712,0.845,0.618001977429924
"constant",200,"sir_laplace",186,1.785,3151.45209174736,2598.35980296314,131.461669540171,172.324802132167,5808.35250833433,814.705804501117,4046.49062464547,389.038752530411,1765.51937913017,1455.66375516142,73.647994140152,96.5405053961718,3253.97899626573,2266.94152641203,0.0071100309782031,0.00588119504786397,2.04349617315925e-05,0.00115586659684371,0.0156153628028698,6.09243212868478e-05,5.07721949350927e-05,1.54127131395965e-09,1.24536968521984e-05,0.00013997435614037,-407.000548958597,0.229862813069711,0.167092770889268,0.84,0.609337142938156
"constant",200,"sir_laplace",187,1.755,4769.4097130896,4113.13948882044,132.958341170061,81.1644172003396,6367.1740502687,945.861456781977,4528.37610738938,173.748724603072,2717.61237213082,2343.66922439911,75.7597385584392,46.2475311682847,3628.01940186251,2580.27128626175,0.012440928661782,0.0108631363862662,5.13413222317613e-05,0.00174820166142067,0.0266490640314835,7.14112576417942e-05,5.48307160855033e-05,4.6102974629666e-09,8.95774235333529e-06,0.000170886851628631,-385.647482570488,0.19675784456681,0.136813589517307,0.915,0.700078904251178
"constant",200,"sir_laplace",188,2.182,3787.86066430243,3168.21629559409,77.552380991915,142.914441789432,5925.14254482631,984.721740951714,3963.22942806497,345.971827857159,1735.95814129351,1451.97813730251,35.5418794646723,65.496994403956,2715.46404437503,1816.32879379696,0.0080928562442211,0.0070719071999933,2.20976945486956e-05,0.00160701551694957,0.0174383093000465,7.28279447061424e-05,5.94875938558624e-05,2.65417430541187e-09,1.1622922126683e-05,0.000176520297620002,-387.409416374936,0.204363616761533,0.148098550104364,0.895,0.64467027266984
"constant",200,"sir_laplace",189,2.215,4784.80599938907,3105.68973377436,112.148528824698,122.373135493806,6389.70274785096,700.484580129697,4277.6703012862,225.87096055364,2160.18329543525,1402.11726129768,50.6313899885769,55.2474652342238,2884.74164688531,1931.22812699151,0.010575161959685,0.00913947241257617,4.04321683484478e-05,0.00153161711354178,0.0232419635799578,7.03202327890976e-05,5.8079318649569e-05,1.93350031901466e-09,1.23273683129539e-05,0.000158365908068431,-382.566015001807,0.193321235041759,0.145845484637855,0.915,0.684363691259756
"constant",200,"sir_laplace",18,1.793,7113.06518061616,7077.34324445901,265.286002431946,126.221341730975,7533.8685508975,1066.45280296621,6231.42180065076,389.035227041933,3967.13060826333,3947.20760984886,147.956498846596,70.3967326999301,4201.82295086308,3475.41650900768,0.0323057171408047,0.0298313751670413,0.000205019428729371,0.00732357944570102,0.0607129198355565,6.68584894568802e-05,4.83813345893074e-05,3.58953729337681e-09,9.767942855179e-06,0.000176629080240284,-389.98081866366,0.213474938918228,0.162763744103319,0.98,0.875434720271106
"constant",200,"sir_laplace",190,2.147,3204.21578550647,2657.85303972572,90.5623776609258,117.873803574787,5536.1212620835,1421.37245909445,3346.42606649018,217.846770141936,1492.41536353352,1237.93807160024,42.1808931816143,54.9016318466638,2578.53808201374,1558.6521036284,0.00851579199914111,0.00714871928092428,2.84168722639346e-05,0.00128640656260087,0.0194024631670802,9.6987749739291e-05,7.90983754731213e-05,4.3899093512922e-09,1.42302439365314e-05,0.000229021719210362,-378.7263553488,0.21939886742682,0.154053275931033,0.905,0.662998820612427
"constant",200,"sir_laplace",191,1.882,3540.97941965714,3020.75478129623,144.346017188862,123.198698048346,5770.87696318712,897.518441637012,3279.38167557581,238.988930243148,1881.49809758615,1605.0769294879,76.6982025445601,65.4615823848812,3066.35332794214,1742.49823356844,0.0115020973094028,0.00999838604867494,4.99328297669386e-05,0.00154440056306334,0.0255577380688587,9.20139878827891e-05,7.51172145264076e-05,4.18506224799733e-09,1.0876709381298e-05,0.000217754188460524,-390.290202303544,0.231323903771305,0.177401389156815,0.935,0.710401085640628
"constant",200,"sir_laplace",192,2.021,4802.80190235975,1864.42229301278,126.019571807417,96.8565761932268,6013.80083074157,735.627681606619,3892.37486320489,140.154223524632,2376.44824461145,922.524637809391,62.3550577968417,47.9250748110968,2975.65602708638,1925.96480118995,0.0151094538017829,0.0136718672930632,7.3830583275556e-05,0.00181241138787873,0.031203693057288,7.96062916690695e-05,5.5929538129138e-05,4.72731852562456e-09,1.2078510490215e-05,0.000216267438862416,-382.45840959594,0.19207721954959,0.144613583061086,0.94,0.729549121812771
"constant",200,"sir_laplace",193,1.837,2922.91287267944,2626.87111878534,117.870787805784,135.029538766488,5844.91983049171,860.017042914742,3713.74128472856,381.874475052408,1591.13384468124,1429.97883439594,64.1648273303123,73.5054647612889,3181.77454027856,2021.63379680379,0.00664714599583088,0.00551408931388917,1.93946520728587e-05,0.00101535287897101,0.0149741675042545,5.90722698032514e-05,4.98186106977274e-05,1.33721655935667e-09,1.25177849540142e-05,0.00013025333092955,-381.989538430986,0.24480747856918,0.195860728799146,0.81,0.62527825308607
"constant",200,"sir_laplace",194,1.78,4237.14538471077,4118.64083797955,141.800237645746,134.258788988716,6371.57766290848,685.76926890724,4668.99665567804,357.805319628136,2380.41875545549,2313.84316740424,79.6630548571607,75.4262859487167,3579.53801286993,2623.03182903261,0.00880971351333525,0.00761272558433253,2.80568623715651e-05,0.00131213114226222,0.0190628629525581,6.41647051068079e-05,5.28239352186983e-05,1.66147494387344e-09,1.40163372875844e-05,0.000143359853132471,-403.343230600322,0.215640910216616,0.156422194467977,0.9,0.638862397641485
"constant",200,"sir_laplace",195,1.761,5112.21540431588,2972.14208092041,135.828102616902,134.208107458151,6016.28200916022,847.168552027118,4859.94351659885,361.594948597145,2903.01840108795,1687.75813794458,77.1312337404326,76.2113046326811,3416.40091377639,2759.76349608112,0.0113460905237783,0.0100727070122791,3.95975788726189e-05,0.00174602288435831,0.0234204989911779,6.74809138158138e-05,5.49366227897989e-05,2.17715611050178e-09,1.13561447239916e-05,0.000166982280859762,-387.863127240067,0.220397605350396,0.141390344308538,0.915,0.685515172610604
"constant",200,"sir_laplace",196,1.762,4828.36164187346,4277.90151153513,151.51767408096,169.388364324587,6229.38292766688,639.494638814333,4381.84826091908,391.45295045426,2740.27334953091,2427.86691914593,85.9918695124629,96.1341454736587,3535.40461275078,2486.86053400629,0.00989292266680384,0.0087275388896784,3.4308447735953e-05,0.00175705527879469,0.0212443879159045,6.79621374560004e-05,5.35092327616954e-05,2.42743700377227e-09,1.06068195044863e-05,0.000170628134343618,-388.484141943226,0.183181676554896,0.128694661483205,0.92,0.662423383425138
"constant",200,"sir_laplace",197,2.02,7623.41093730527,4927.10061670365,283.293624190248,92.8925389382161,7535.55731334774,1089.82677690341,5755.11808953306,409.504544838846,3773.96581054716,2439.15872114042,140.244368411014,45.9864054149585,3730.47391749888,2849.06836115498,0.0262268482083603,0.0247434213923417,0.000108730890523865,0.00837052972530734,0.0470403604095047,6.64724732425358e-05,4.89009341819387e-05,5.03088071761066e-09,1.0568528679864e-05,0.000157718208670665,-374.487404865963,0.197151666537526,0.145144523112294,0.955,0.826195814068541
"constant",200,"sir_laplace",198,2.074,4318.13503606922,3784.91038274735,136.035970288536,103.921210845361,6196.37843940197,1172.99996918607,3720.37830172836,242.250625354685,2082.03232211631,1824.93268213469,65.5911139288988,50.1066590382647,2987.64630636546,1793.81788897221,0.008805904770953,0.00772034961625453,2.68411119371057e-05,0.00149016933727495,0.0189782290397553,6.5534003108259e-05,5.21161738443383e-05,2.14289062768015e-09,1.07744761655181e-05,0.000158225375861622,-416.177172543418,0.216283802080058,0.170536916501464,0.88,0.642539636904355
"constant",200,"sir_laplace",199,1.767,4663.84750665844,4727.11002232259,79.0273123716766,113.878705518621,5962.1967859868,392.297975329912,4305.42378077436,215.23171346796,2639.41568005571,2675.21789605127,44.7240024740671,64.4474847304024,3374.19172947753,2436.57259806133,0.010865385227198,0.00920551408344352,4.77438738616436e-05,0.00140850470034144,0.0244933240416207,5.97091448319298e-05,5.00012128348618e-05,1.46863500918707e-09,1.29635778966006e-05,0.000131607326694328,-400.79308100797,0.196687422749017,0.144886894102244,0.91,0.680728561513933
"constant",200,"sir_laplace",19,1.943,5421.8556431419,4943.03247271908,105.711139942501,83.3426869528582,5448.37088979128,434.547910859001,4356.79796786933,231.952161448154,2790.4558122192,2544.02083001497,54.4061451067942,42.8938172685837,2804.10236221888,2242.30466694252,0.0180080991660402,0.0166782797355052,0.000107475445841357,0.00181467684458874,0.0376181986020958,7.33582907462963e-05,5.58572502018092e-05,3.41299044734488e-09,9.62747546170735e-06,0.000194011745263538,-389.600623238796,0.195777487540273,0.151838522099995,0.955,0.770290220922815
"constant",200,"sir_laplace",1,1.786,4563.15924086446,3762.13059505992,153.290694346323,90.3104741317931,6779.33892690477,1108.79548334516,3531.85504427634,180.152973327869,2554.9603812231,2106.45610025752,85.829056184951,50.5657749898057,3795.82246747187,1977.52242120736,0.0166628232064299,0.0157881814060992,6.36509385953726e-05,0.00188881100431628,0.0315821109388694,9.5450441402757e-05,6.22468817502484e-05,1.0119254180396e-08,1.11467268220404e-05,0.00028690688656264,-369.726733890045,0.224134837877354,0.162604375801733,0.935,0.753280200514662
"constant",200,"sir_laplace",200,1.963,2982.01286497146,1408.99910360336,93.2973192010652,122.868673142795,5886.06995953153,779.01768247858,3912.96966239768,213.830593208667,1519.10996687288,717.778453185612,47.5279262358967,62.5922940105932,2998.50736603746,1993.36202873035,0.0109296327071014,0.00956097385440349,4.19924747035897e-05,0.00166240282774348,0.0238520546812432,7.04186751606911e-05,5.25014523307336e-05,3.66969387123554e-09,9.50553664616416e-06,0.000183437287772151,-396.016107313143,0.179838245356165,0.115002836865756,0.92,0.68011981923921
"constant",200,"sir_laplace",20,1.89,3311.79437375573,2275.18863606731,105.783653403427,121.985114307581,5449.18990140183,882.926404662231,4283.53226621457,244.144759587459,1752.27215542631,1203.80351114672,55.9701869859401,64.5423885225296,2883.16926000097,2266.41918847332,0.00958446651469411,0.00815556325116663,3.80480514148589e-05,0.00108659860894034,0.0213125461119988,7.66047863669229e-05,5.73772797608865e-05,4.14490991786694e-09,1.34668083393046e-05,0.000199003788471647,-395.541610019339,0.205299164691589,0.145688549186082,0.9,0.661815166833567
"constant",200,"sir_laplace",21,1.762,3200.98127707849,1090.46573011864,104.353795931458,66.192642172348,5458.20584199582,595.430432512603,3058.73878416733,108.692304266914,1816.67495861435,618.879529011715,59.2246287919737,37.5667662726152,3097.73316798855,1735.94709657624,0.0109329444300286,0.00903787512501605,5.54972076434031e-05,0.00143799063041943,0.0258926176330225,7.8731976234504e-05,5.78672632402054e-05,4.68586024895471e-09,1.04182966130613e-05,0.000196227680935324,-395.524636565853,0.197182891770008,0.131150261631855,0.915,0.6797589470736
"constant",200,"sir_laplace",22,2.004,3637.95470460892,3189.45833451322,123.699419761084,99.9493149667455,6156.66127570346,1123.61140568769,3614.57653769777,230.783254408102,1815.34665898649,1591.5460751064,61.7262573658105,49.8749076680367,3072.18626532109,1803.68090703481,0.00822389569731783,0.00710384860098474,2.56759589387836e-05,0.00124147661229362,0.018498604385451,6.72412128696014e-05,5.54501585249954e-05,2.2005354357365e-09,1.11282633701246e-05,0.000155394868529476,-401.366242732809,0.229618828957195,0.151452774736268,0.885,0.633591252524461
"constant",200,"sir_laplace",23,1.916,3919.80330968,3287.52874458871,116.688801357699,95.532407239824,6241.08049806425,1467.93752158498,3542.04182532257,227.419741249468,2045.82636204593,1715.82919863711,60.9022971595505,49.8603378078413,3257.34890295629,1848.66483576335,0.0102394838108691,0.00900986538469886,3.44032073949627e-05,0.00178532029056749,0.0217580886975816,7.25582424769009e-05,5.58825487985421e-05,2.86929647657515e-09,1.04875682430832e-05,0.000180359480803363,-400.681225134662,0.2196234489846,0.163723449591721,0.915,0.68513179865865
"constant",200,"sir_laplace",24,1.759,5223.68095270025,4797.82047801041,180.072691307493,116.581885895951,6970.62346497931,806.760266449575,5357.37242154957,287.597068990781,2969.68786395694,2727.58412621399,102.372195171969,66.2773654894551,3962.83312392229,3045.69211003387,0.0134441689014732,0.0121279068014332,5.24333086812598e-05,0.00239467794242945,0.0271045807066457,6.60162857230548e-05,4.9948015176226e-05,4.03511723381522e-09,1.11895261411345e-05,0.000158581954847547,-396.906809653564,0.197808643161306,0.148587938981989,0.93,0.708518085657741
"constant",200,"sir_laplace",25,2.121,3082.27383197365,2824.69398032901,76.6438475404672,65.9680795781203,5529.6902562485,827.867940239689,2642.53152631585,121.524525149718,1453.21727108611,1331.77462533192,36.1357131261043,31.1023477501746,2607.11468941466,1245.88945135118,0.0101991799204207,0.0085726846152897,4.33392702861852e-05,0.00130279410453755,0.0235634369371692,0.000120247554833004,0.000101394863596066,7.10035775845137e-09,1.02125435259073e-05,0.000282824611220789,-403.741462648714,0.226933649110309,0.180729068091908,0.9,0.680415567138758
"constant",200,"sir_laplace",26,1.757,5754.1800176322,4704.50347663527,126.111643336003,109.579787658353,6468.20350844223,623.587508438384,4624.44377360001,269.774402206568,3275.00285579522,2677.57739136896,71.7766894342645,62.3675513138037,3681.3907276279,2632.01125418327,0.0171443743559403,0.0156233979247518,7.73851709213031e-05,0.00253638919637155,0.0341328767944941,5.94920756052201e-05,4.72014410000704e-05,1.7339885456209e-09,1.02098337198515e-05,0.000142935993505357,-386.763348864709,0.18770741903087,0.13988736659367,0.95,0.748021775576024
"constant",200,"sir_laplace",27,2.151,3675.75937420881,2937.95971314933,94.6369167522561,123.452705719961,5741.45756384117,1059.57730067982,3735.16851636479,244.969512338101,1708.86070395575,1365.85760722888,43.9967069977945,57.3931686285269,2669.20388835015,1736.48001690599,0.0121233039592407,0.0106549570467979,5.42047804812383e-05,0.00137235057228338,0.0257441638852139,8.14812519519056e-05,6.34718061094545e-05,4.01140517807746e-09,1.30339353327269e-05,0.000199620943647494,-388.181270861262,0.191406773871734,0.132379952234974,0.93,0.696532486292446
"constant",200,"sir_laplace",28,1.771,6014.03242322924,5708.23304996423,277.096182322555,129.568979300085,7169.59970369782,1102.30580656035,6157.62388668472,508.095701357192,3395.8398775998,3223.16942403401,156.463118194554,73.1614789949664,4048.33410711339,3476.9191906746,0.0204887639981658,0.0191921033822238,8.6001758645605e-05,0.00471379090341789,0.0391022678640117,5.73765065945093e-05,4.33989626680334e-05,2.31755336397769e-09,1.02212765631974e-05,0.000146477636964014,-377.842733007431,0.182014185873335,0.135416958446128,0.95,0.789910169163721
"constant",200,"sir_laplace",29,2.04,5109.20085449563,4540.59771743409,61.1759212945401,51.6447338671341,6010.10692953645,604.031462272508,3329.1347430644,95.9399016256051,2504.51022279198,2225.78319482063,29.9881967130099,25.3160460133011,2946.13084781199,1631.9287956198,0.0135454337236757,0.0123396455654398,6.12203867248891e-05,0.00167432632979417,0.0284676967506113,7.87662881029224e-05,5.77219730966597e-05,5.96447092368159e-09,1.20701443741382e-05,0.000193583904380412,-398.046794909056,0.173974171689571,0.12412460710719,0.945,0.70518349849888
"constant",200,"sir_laplace",2,1.757,3391.36194918629,3125.01850264015,149.920369029985,160.33796283245,5980.52885938134,942.420138409682,4220.41773784224,601.411146788966,1930.20031257046,1778.61041698358,85.3274724131959,91.2566663815881,3403.8297435295,2402.05904259661,0.00819198311481588,0.00678154154319426,2.76295356989006e-05,0.00161429181279462,0.018890765904395,6.12079571247492e-05,5.20081179988479e-05,1.38738118120154e-09,1.25137875997852e-05,0.000133429247052164,-401.620432975949,0.253264955473011,0.18054254402453,0.855,0.623949679857591
"constant",200,"sir_laplace",30,1.783,4277.31823480503,3868.31871254535,54.4872865935369,135.38822219771,5997.02001560673,754.377112919988,4361.48518527162,332.71832688276,2398.9446072939,2169.55620445617,30.5593306750067,75.9328223206448,3363.44364307725,2446.14985152643,0.0110873425301141,0.010240256491028,3.53672022950629e-05,0.00140415125505596,0.0221502884826013,6.79552505936877e-05,5.39870335674358e-05,2.341938408741e-09,1.1386999913829e-05,0.000162004324862148,-391.63011464383,0.214905765453023,0.137442181588389,0.91,0.678181543440267
"constant",200,"sir_laplace",31,1.864,2573.83953349651,2259.06788939754,156.546389308058,134.622881608407,5946.69254005459,1380.53721557081,3897.27843700228,332.331008111579,1380.81520037367,1211.94629259525,83.9841144356535,72.2225759701754,3190.28569745418,2090.81461212568,0.00754167396000678,0.00645527170285859,2.107223856708e-05,0.00156325369943179,0.0167976607067688,8.51971349389924e-05,7.30709947927898e-05,2.68831050101581e-09,1.88682466823543e-05,0.000187044222370769,-382.638777499953,0.217234777497443,0.157608103126662,0.895,0.650381632753115
"constant",200,"sir_laplace",32,1.848,6595.67019924965,5793.13771243139,130.3429109177,90.653083125718,6289.12724544814,522.391498796809,5265.00503086206,183.033335130836,3569.08560565457,3134.81477945421,70.5318782022187,49.0546986611028,3403.20738390051,2849.02869635393,0.0187705970705429,0.0171354016612853,0.000103212687717289,0.00280264067724762,0.0382310668975493,5.85430682084442e-05,4.49218174775023e-05,2.13020906638629e-09,8.95083752446324e-06,0.000150085922405775,-394.048098052036,0.205221159183671,0.155157942089899,0.96,0.75675443514079
"constant",200,"sir_laplace",33,1.772,4990.68526525316,2574.19304591928,252.124635696527,131.136889528868,7430.22345617904,1036.1093870551,5739.91235563444,529.898691752279,2816.41380657627,1452.70487918695,142.282525788108,74.005016664147,4193.12836127485,3239.22819166729,0.0234830796349325,0.0215816513510109,0.00011438100521228,0.00655949675169625,0.0459383964637256,5.65677405051209e-05,4.1935721362111e-05,2.47641321354067e-09,1.11566609324011e-05,0.000143242844435741,-397.000995329135,0.166045213831883,0.113650139387903,0.97,0.796156240344977
"constant",200,"sir_laplace",34,2.184,4588.88809889338,2702.14553153766,75.0121615364081,62.6495893469074,6194.67696676159,1059.59397944961,3235.33492939289,99.5275369606187,2101.13923942005,1237.24612249893,34.3462278097107,28.6857094079247,2836.39055254652,1481.38046217623,0.0136028523104564,0.0123090488599199,5.91555234240039e-05,0.00190846052152854,0.0288718167666885,0.000100788900037097,7.46549924427478e-05,7.05910809569709e-09,1.12928788185041e-05,0.000250270585679496,-386.973452577045,0.20143871406108,0.146105752004484,0.94,0.725316400876367
"constant",200,"sir_laplace",35,1.831,3263.65570855787,1615.3196672114,142.368995242562,88.3269036107851,6085.1246424696,1337.99128348951,3331.7981670476,163.018593434166,1782.44440664002,882.206262813433,77.7547762111209,48.2397070512207,3323.38866328214,1819.6603861538,0.0112250020659893,0.0103020605045753,3.77388682012769e-05,0.00178041856226934,0.0226826259504364,9.89530261075137e-05,7.52884506960463e-05,6.10339818468495e-09,1.19554004343995e-05,0.000266103829093271,-386.478963154693,0.20750135794993,0.151686896199889,0.905,0.690295258248555
"constant",200,"sir_laplace",36,1.779,3991.12930160642,1595.44720262747,132.743266352327,110.225464511844,6299.81830195178,1483.30683718517,3768.70414564457,267.540300673386,2243.46784800811,896.822486018813,74.6167882812408,61.9592268194736,3541.21321076547,2118.43965466249,0.0137726647877698,0.0123763407569402,5.34657114421493e-05,0.00256713022720047,0.0285213724305613,7.22042928650039e-05,5.46352623970959e-05,3.27420117970152e-09,1.15787280862532e-05,0.00018325975997965,-384.464840906106,0.225009253494097,0.166638523337118,0.93,0.721971471699149
"constant",200,"sir_laplace",37,2.067,5493.90976856068,4588.91112798623,146.666572908274,143.265443477028,6114.67097455234,944.304773606549,4543.31602946309,264.603022329363,2657.91474047444,2220.082790511,70.9562520117434,69.3108096163656,2958.23462726286,2198.02420390087,0.0131316964885092,0.0116020706285271,5.30885492090875e-05,0.00251986936952566,0.0280151129969759,6.7276037609712e-05,5.27160580380767e-05,2.52170427404074e-09,1.22885508382791e-05,0.000173449429781735,-376.462675837144,0.220255425947984,0.169874360811801,0.915,0.730641706754059
"constant",200,"sir_laplace",38,2.002,5226.72250832777,3818.36213143542,98.071028167509,81.8352740710644,6175.99670539661,474.125120005491,3549.78653336959,160.317470459353,2610.75050366023,1907.27379192578,48.9865275561983,40.8767602752569,3084.91343925904,1773.12014653825,0.0160366139528846,0.0146617821050209,7.12289425217208e-05,0.00236351067246495,0.0329008292381504,7.12082977716073e-05,5.31487631326355e-05,3.88663951572705e-09,9.77412301006682e-06,0.000185209651790098,-394.219624211195,0.201502546474167,0.159245004060566,0.945,0.743270604029603
"constant",200,"sir_laplace",39,1.887,6412.19003717198,6304.13230323606,187.022792437341,117.760624797182,6842.0825565251,773.009571795762,5366.54736574214,397.95872126451,3398.08693013883,3340.82263022578,99.1111777622369,62.4062664531968,3625.9049054187,2843.9572685438,0.0236559803516055,0.0221505178282571,0.000126422183895318,0.00367450148868017,0.0448931993157572,6.06320033568492e-05,4.39513253372208e-05,4.93552509850088e-09,9.95157796739737e-06,0.000153360566414661,-387.722299498129,0.185399271783425,0.139674505518446,0.965,0.812861921508978
"constant",200,"sir_laplace",3,1.758,5298.7134209012,4870.08594576629,201.811273682573,97.4096232860851,6627.65544092539,998.845340564889,5530.51664137519,380.357363282268,3014.05769107008,2770.24228996945,114.795946349587,55.4093420284898,3769.99740666973,3145.9139029438,0.0150188476416517,0.0137671091379626,5.83326995225116e-05,0.00289944414011676,0.0304906563682988,6.17964005204057e-05,4.75195336493465e-05,1.95056133940291e-09,1.00714442483127e-05,0.000154100133119585,-389.261225964723,0.221115005087718,0.167999230628465,0.89,0.728253726831472
"constant",200,"sir_laplace",40,2.092,3788.2265030445,3717.37233196165,154.899873491197,96.9460989197689,5817.11322706329,846.995210636483,4482.96236554623,322.364189161856,1810.81572803274,1776.94662139658,74.0439165827902,46.341347475989,2780.64685806085,2142.90744050967,0.00922433807171954,0.00798707244108342,2.99391392703589e-05,0.0014176379209454,0.0197551400628073,5.55501426870361e-05,4.52404300212416e-05,1.50855360998396e-09,1.00738624768933e-05,0.000124589098300202,-389.002272403877,0.25876225898326,0.195017606339946,0.825,0.654352334605192
"constant",200,"sir_laplace",41,2.012,4945.28808898964,4239.44347412152,155.156546641048,99.1912235322966,6408.63543340203,772.41517625967,4549.51986868182,290.542393959246,2457.89666450777,2107.07926149181,77.1155798414753,49.2998128888154,3185.20647783401,2261.19277767486,0.0151366463532251,0.0138266585425071,6.30284625761441e-05,0.00233752954599309,0.0301383250185393,6.7090002266267e-05,4.90873267696054e-05,3.21656560774083e-09,9.64617611756717e-06,0.00017902506828595,-385.639172362933,0.191674070105697,0.146567812269875,0.945,0.730468947194526
"constant",200,"sir_laplace",42,2.043,3763.85724892265,3483.23369169836,108.201125075549,148.55925882398,5954.41582946466,882.119374608537,3499.20587732765,280.258771879672,1842.31877088725,1704.96020151657,52.9618820732006,72.7162304571612,2914.54519308109,1712.77820720883,0.0080495809734707,0.00700112488454973,2.25921606276854e-05,0.00145136816928999,0.0175607368798782,8.43598471289631e-05,6.95563952271105e-05,3.39305380524853e-09,1.22785158300092e-05,0.000197792619002074,-374.327286658306,0.206082678827436,0.150953882216415,0.88,0.649589197784179
"constant",200,"sir_laplace",43,1.771,3862.289727183,3122.7735033405,134.287267060818,103.613963068771,6203.33242708906,1081.13165510742,4095.91178575211,346.036388886964,2180.85247158837,1763.28261058187,75.8256731004054,58.5059080004353,3502.72864318976,2312.76780674879,0.0094409247195463,0.00830309023690323,3.09211055759527e-05,0.00140961145197058,0.020335989741491,6.8624319127595e-05,5.70436232190875e-05,1.78033648038867e-09,1.49639803022104e-05,0.000155007208816398,-396.429422450229,0.217353752636472,0.156549065166245,0.895,0.657410772471094
"constant",200,"sir_laplace",44,1.793,4374.12244750587,4282.18272497835,86.5056020679562,132.817919789732,5653.55632168208,437.69706208906,3939.42794003963,216.630528846094,2439.55518544667,2388.27815113126,48.2462922855305,74.0758057946082,3153.12678286786,2197.11541552684,0.0146045149714808,0.0129975801979404,7.92282335971075e-05,0.00146341575112662,0.0315799294875672,7.20068484116254e-05,5.72175897728074e-05,2.77754569258238e-09,1.12117722937677e-05,0.000181158380504572,-389.605511742578,0.196589251951784,0.149272984122408,0.935,0.732078819639539
"constant",200,"sir_laplace",45,1.969,5686.15262062488,4977.01157064856,144.628227629879,114.030708801317,5975.2610563032,669.567448017434,4438.95866993663,414.165676970097,2887.83779615281,2527.68490129434,73.4526295733261,57.9130059935585,3034.66788029619,2254.42288975959,0.0179764992486444,0.0160960157807603,9.97294364602069e-05,0.0019853027157893,0.0371241644374519,6.63731258388067e-05,5.11067360726068e-05,2.59738436051633e-09,9.68327525439922e-06,0.00016757967563892,-394.075752476526,0.215494852640702,0.155359466998079,0.955,0.761595809759239
"constant",200,"sir_laplace",46,1.911,3705.65853094068,2901.71861623888,121.184568941584,99.9618955835222,6344.34930586435,973.860440167622,5157.98503370868,266.360562940386,1939.12011038236,1518.42941718413,63.4142171332204,52.3086842404616,3319.91067810798,2699.10258174185,0.0191281696564135,0.0176359123197493,8.70607657057854e-05,0.00385699935887921,0.0367936242134984,6.08159117258753e-05,4.64038150770831e-05,2.83081013382527e-09,9.9369360329609e-06,0.000143063177769191,-389.801758008126,0.19367436105421,0.137903746683121,0.96,0.757457821966012
"constant",200,"sir_laplace",47,1.757,3374.64313606168,2761.70614901132,141.110815232828,146.242619404216,6070.58349346714,1081.51571179348,3962.65591056755,318.754435478058,1920.68476725195,1571.83047752494,80.3134975713308,83.2342739921549,3455.0845153484,2255.35339246872,0.00957817652371786,0.00847036804427776,2.92033282761689e-05,0.00167056845210314,0.0201363785170769,6.60712854890836e-05,5.4236051799504e-05,2.20539575747273e-09,1.10975407979819e-05,0.000149542044072828,-415.575093790506,0.269290670457409,0.195735112294628,0.8,0.652074960912829
"constant",200,"sir_laplace",48,1.779,3665.62911841709,3366.93921674073,120.834169654928,117.657278817119,5590.11473376552,863.368551240244,3826.89441204842,319.912597233566,2060.49978550708,1892.60214544167,67.9225236958562,66.1367503187854,3142.27922077882,2151.14919170794,0.00709112007559888,0.00603370801139959,2.02297267046564e-05,0.00105594224689824,0.0156917167636312,7.16328711214241e-05,6.00329599858991e-05,2.04826512088223e-09,1.33319403628915e-05,0.000160904255550415,-400.608533427138,0.211915730491111,0.144645745346059,0.89,0.61921909115326
"constant",200,"sir_laplace",49,1.78,5505.54707311401,4593.70995298731,143.526984220287,133.772123017003,6114.1774630194,1055.01874470955,3656.96689685593,335.378708486347,3093.00397365955,2580.73592864456,80.6331372024083,75.1528780994399,3434.93115899966,2054.47578475052,0.0144839675690945,0.0127203311388341,6.6976723126653e-05,0.00185066385875016,0.031041070190263,8.24184617178808e-05,6.73893420008016e-05,3.25029448663664e-09,1.22187655848578e-05,0.000194516808327772,-384.462794394665,0.229975101483605,0.167441093595337,0.895,0.717503952336315
"constant",200,"sir_laplace",4,1.823,4065.98495283172,3732.60484276819,120.923497660444,80.6557225725557,5924.63709679182,1021.24624200033,3831.3502458393,171.029786797053,2230.38121384077,2047.50677058047,66.3321435328822,44.2434023985495,3249.93806735701,2101.67320122836,0.00906391639823561,0.00781582177227537,3.11605881353412e-05,0.00143517335618122,0.0199364919169819,6.82854453727957e-05,5.2093456964461e-05,3.21219463340265e-09,1.29748597755952e-05,0.000171336021189811,-392.343851258726,0.21316342515184,0.162556559504479,0.885,0.652272565647875
"constant",200,"sir_laplace",50,1.759,4323.66652615175,2117.7918706084,186.648625604196,113.117261544147,6384.50694162249,1251.71153582819,4327.29614289392,287.236041299562,2458.02531333243,1203.97491222763,106.110645596473,64.3077098033809,3629.62304810829,2460.08876798972,0.0101263543997711,0.00891666848194788,3.14475089147349e-05,0.0018264229383873,0.0210569451484115,6.94660019192854e-05,5.27909698417531e-05,3.05893052398941e-09,1.08084974199666e-05,0.000175420357917439,-397.104594405804,0.198505362543913,0.137516484453643,0.92,0.657355030643255
"constant",200,"sir_laplace",51,1.821,4141.09492793683,3364.58989541057,87.1289914826875,120.825584502926,5568.23119923884,420.687798921351,4221.23422504055,211.808952363924,2274.07739041012,1847.66056859449,47.8467828021348,66.3512270746437,3057.78758881869,2318.08579079657,0.0141897713232065,0.0122867856460189,8.45760250004183e-05,0.00150893049919178,0.0322033833371551,6.98465998331698e-05,5.65203163322876e-05,2.42239830994407e-09,1.27311335478256e-05,0.00016556376537829,-392.07635289962,0.216162930950149,0.175706684758536,0.93,0.737642882096216
"constant",200,"sir_laplace",52,1.787,7061.47038010272,6896.5344720026,289.384695582525,107.509014915343,7515.39215574892,1877.39395675388,6371.10625462975,494.839508903076,3951.57827649844,3859.28062227342,161.938833566047,60.1617319056203,4205.59158128087,3565.2525207777,0.0298527625868844,0.0281399890248608,0.000157399244771134,0.00929566882251839,0.0543533688991682,6.17148120428943e-05,4.88964147096188e-05,2.00433686253255e-09,1.08521645953924e-05,0.000148282773697013,-384.581062438091,0.208146814289706,0.158758707489935,0.96,0.861131262033065
"constant",200,"sir_laplace",53,1.844,6666.73954688708,6308.87935101451,199.457113687192,166.600924074291,6803.00780225859,714.836645421006,6062.77598312019,588.503591047122,3615.36851783464,3421.30116649377,108.165462954009,90.3475727084008,3689.26670404479,3287.83947023872,0.0236777714065332,0.0222213546735415,0.00013055990475279,0.00380800079636866,0.0455248542110206,5.43824890286873e-05,4.62776950526923e-05,1.1010491226539e-09,1.01366268068336e-05,0.000119330078685224,-387.474444573263,0.172732694380464,0.115627812360039,0.96,0.809569380201298
"constant",200,"sir_laplace",54,1.842,4403.6980786154,4724.03058545235,127.639198659607,68.9903057887786,5844.13172635967,780.894930669739,4457.83129392635,216.006436093866,2390.71556928089,2564.62029611963,69.2938103472349,37.4540205150807,3172.70994916377,2420.10385120866,0.013471025282054,0.012137479402712,6.09682543520993e-05,0.00190154069324739,0.0281047700442624,6.52280423166979e-05,5.36990352288711e-05,1.91370984131367e-09,1.08728941309291e-05,0.00015263189992849,-391.139797333898,0.191859928946714,0.128703784659101,0.92,0.700817323694536
"constant",200,"sir_laplace",55,1.759,5357.74148379311,3809.19562765558,116.459916045301,115.109862530372,6633.68203786552,691.44176776631,4857.37472184408,275.272206135691,3045.90192370273,2165.54612146423,66.2080250399662,65.4405130928779,3771.28029440905,2761.44100161687,0.0155464536816939,0.0144426459503555,5.80803196520219e-05,0.0023344333640744,0.0300058499448202,7.4280588942673e-05,5.69173626047184e-05,3.32834513280323e-09,1.02214175659449e-05,0.000189266053735624,-387.018485846837,0.185768869941495,0.128990055748864,0.945,0.729359173651554
"constant",200,"sir_laplace",56,1.932,4311.89129516263,3691.77892391248,137.73365713117,136.679945536483,5835.23169447196,765.303440278328,4494.90127819521,419.782352095849,2231.82779252724,1910.8586562694,71.2907128008127,70.7453134246805,3020.30626007865,2326.55345662278,0.010521287573297,0.00905155241122712,4.30950396547548e-05,0.00130464785826452,0.0230843186489081,6.43081340599078e-05,5.23341623871625e-05,2.01028192348973e-09,1.09379158833425e-05,0.000151640770257379,-410.357241588838,0.200589815894593,0.124299139424858,0.92,0.672170029797732
"constant",200,"sir_laplace",57,1.767,5553.89486649439,4588.75760982456,149.262655529009,145.777393843916,6050.54092561268,802.465250242367,5590.02456751764,361.439046286574,3143.12103366972,2596.91998292279,84.4723574018163,82.499939922986,3424.1884129104,3163.56794992509,0.0149128059926825,0.0127192617562749,8.59956268042056e-05,0.00192574712157111,0.0336129322612901,5.3665855208677e-05,4.4024370076934e-05,1.26573081605482e-09,1.01514130662786e-05,0.000121175033206831,-396.598056768002,0.20443275584666,0.1535916923818,0.945,0.734301471389718
"constant",200,"sir_laplace",58,1.757,4159.65655089621,3974.34798410635,156.411203993765,84.0855176988851,5845.8924587174,1195.75889660464,4148.06080962088,217.481367436165,2367.47669373717,2262.00795908159,89.0217438780675,47.8574375064798,3327.20117172305,2360.87695482122,0.00889811736148439,0.0073982271048159,2.98813874389295e-05,0.001951005659763,0.0199847546657645,6.92273604297783e-05,5.31939093141824e-05,3.16455177343264e-09,9.40612026925974e-06,0.000173534681684129,-383.951872102058,0.204802771950721,0.130509468242056,0.89,0.654709772735133
"constant",200,"sir_laplace",59,1.751,5076.58204106121,1597.48937316907,137.460799064797,130.833423642214,6294.71107266792,566.227908119793,4345.34936078442,332.243216203344,2899.24731071457,912.32973910284,78.504168512163,74.7192596471812,3594.92351380235,2481.63869833491,0.0150919855871439,0.0132689992956112,7.5611688807564e-05,0.00189703602103142,0.032451194166641,5.96043601821004e-05,4.8119385710926e-05,1.83068640329222e-09,1.04391438726828e-05,0.000142714544284051,-394.687687417232,0.210708810021169,0.157402378742498,0.915,0.723827136502617
"constant",200,"sir_laplace",5,1.77,4591.42601127096,3126.66749037943,112.570692037314,74.8182489581712,5999.72429851456,539.03700717246,4120.90507069352,187.012167592842,2594.02599506834,1766.47880812397,63.5992610380303,42.2701971515091,3389.67474492348,2328.19495519408,0.0163309956756296,0.0150447172309788,7.86890927071121e-05,0.00237452994283062,0.0336452730465032,6.6285368499792e-05,4.96543947215023e-05,2.8540334794504e-09,8.50180891172615e-06,0.000174545969940074,-395.063932600578,0.189240995469068,0.131764670587613,0.95,0.730843011010975
"constant",200,"sir_laplace",60,1.866,4432.58973146424,3926.61136455213,114.03564906463,125.07320624547,5926.14410667634,1367.62297513067,4097.19186687522,315.043656939629,2375.45001686187,2104.29333577284,61.1123521246676,67.0274417178296,3175.85429082333,2195.70839596743,0.00816944402889745,0.0069132672925716,2.62779116626804e-05,0.00120986920898004,0.0180354513609538,6.38840619996839e-05,5.16957226641501e-05,1.91345838790763e-09,1.03219977614529e-05,0.000148719662691554,-389.240217719033,0.200741839642619,0.14118294811912,0.875,0.642884509411922
"constant",200,"sir_laplace",61,1.978,2877.54639730851,2712.76260077355,101.928345029475,85.2006858040693,5743.09922179543,769.427239551265,3845.36115285149,179.835693809659,1454.77573170299,1371.46744225154,51.5310136650531,43.0741586471533,2903.48797866301,1944.06529466708,0.00947987189676529,0.0080987232837989,3.43716487680665e-05,0.00129030613389585,0.0211388140621036,6.67619896361098e-05,5.04222413816656e-05,2.75805910328393e-09,1.00462974939888e-05,0.00017498467949,-388.624446361885,0.224908914934056,0.155352010060957,0.87,0.672043677290556
"constant",200,"sir_laplace",62,2.033,4370.71495887788,1252.50236517411,111.77934944353,122.85932236763,6310.18477701266,430.105629614307,3917.73712834731,226.746430946991,2149.88438705257,616.085767424548,54.9824640646975,60.432524529085,3103.87839498901,1927.07187818362,0.0175529724643998,0.0155816688179296,0.000106802537000459,0.00194454608484465,0.0371957569676337,8.34579765924751e-05,6.61017813431614e-05,3.67159245897451e-09,1.11305118063763e-05,0.000200395166969018,-384.646903561755,0.184382258297687,0.131036717909066,0.955,0.762366151361498
"constant",200,"sir_laplace",63,1.757,3356.70329359223,3064.35553053614,134.867848785284,127.806773792368,5971.84487727404,901.88277374317,3810.39773433425,358.332083689856,1910.47427068425,1744.08396729433,76.7603009591825,72.7414762620192,3398.88723806149,2168.69535249531,0.00760461910412396,0.00643076645746535,2.20303224974989e-05,0.00151355402882918,0.0170592539692626,7.29608029758522e-05,6.16995386930355e-05,2.0658093910637e-09,1.3355298446089e-05,0.000163950153788932,-393.112273032872,0.226567706843341,0.179655980052421,0.88,0.645739628029911
"constant",200,"sir_laplace",64,2.221,5440.60871438097,4037.66770586823,140.947113980565,100.41746074169,6797.44707841208,872.674813735155,4076.29472573349,214.946309059809,2449.62121313866,1817.95034032789,63.4611048989485,45.2127243321431,3060.53447924902,1835.34206471566,0.0178941830969113,0.0168359623907688,7.60356811648991e-05,0.00194918985332369,0.0334586889899717,8.22330244781242e-05,6.14158311231544e-05,4.3872455893644e-09,9.43728848075907e-06,0.000210729069715939,-378.016489209859,0.198155254004091,0.141718139965266,0.925,0.761988386951134
"constant",200,"sir_laplace",65,1.762,3974.59004109749,2803.18074060196,84.7063438470129,107.142180731593,5723.47141989938,639.85737961894,3323.56204469539,182.708840881739,2255.72647054341,1590.90847934277,48.0739749415511,60.8071400292809,3248.28116906889,1886.24406622894,0.00857925574378754,0.00678577609613186,3.65623538291191e-05,0.00140583132162704,0.0210384082439378,6.8007590752819e-05,5.74471179462213e-05,1.81842866814615e-09,1.34663663116649e-05,0.000151823954141012,-394.995849002345,0.206635775483106,0.157746033916205,0.885,0.653775457870157
"constant",200,"sir_laplace",66,1.934,6785.03079618533,5826.0872247396,126.850253591284,117.063258038613,6498.24593863142,792.356644944938,5843.26020839476,295.036758425785,3508.28893287762,3012.45461465336,65.589583035824,60.5290889548152,3360.00307064706,3021.33413050401,0.0241608026112768,0.022694685099606,0.000133166935073793,0.00379114662380409,0.045398904316834,5.97735582861043e-05,4.52406549810247e-05,2.50024385601463e-09,1.08100789117262e-05,0.000153243040032804,-387.198026863977,0.203335039868619,0.149821876801201,0.95,0.809224042113704
"constant",200,"sir_laplace",67,2.11,7045.14788146628,6618.7849412366,225.139846977067,137.097451715928,7530.76801964331,1334.66406516151,6209.57913920652,403.681177370547,3338.93264524468,3136.86490106,106.701349278231,64.9750955999659,3569.0843694992,2942.92850199361,0.0261831524046975,0.0245027719913098,0.00011831003933892,0.00848001462335112,0.047955631249858,5.93709682486898e-05,4.45075146697953e-05,5.47237585104807e-09,8.47426629130854e-06,0.000135224860452509,-393.244226406154,0.181453647004464,0.137473376091228,0.965,0.816757159788033
"constant",200,"sir_laplace",68,1.763,3482.93223299,3248.64491734616,113.204498974416,122.970112465513,5789.00678871312,953.108398091187,4169.04864656049,314.600105663244,1975.57131763472,1842.6800438719,64.2112869962655,69.7504892033537,3283.6113378974,2364.7468216452,0.00796215785821623,0.00665312927959925,2.81526771507336e-05,0.0014561782567227,0.017929497137522,6.5136059337974e-05,5.2498379509455e-05,1.84365583441755e-09,1.32505364916982e-05,0.000148784976611735,-394.977398433364,0.217630337526092,0.14621081410425,0.875,0.64113545260408
"constant",200,"sir_laplace",69,2.124,3467.1509552068,2841.31612911809,109.12840414289,149.957160726563,5843.5724036207,1346.28624659142,4153.02801491891,360.454770592087,1632.36862297872,1337.71945815353,51.3787213478766,70.6012997771014,2751.21111281577,1955.28625937802,0.00893071502079488,0.00782194387384451,2.73582855434056e-05,0.00142462753855048,0.0195933557909804,6.18234344365587e-05,5.01513670189492e-05,2.1301590296439e-09,1.47728321646854e-05,0.000141123590277957,-392.748865061656,0.231598719447655,0.18016223375541,0.885,0.658077790805761
"constant",200,"sir_laplace",6,1.77,4601.37967824343,3469.14779741179,104.511754196341,86.6487788351087,6266.73248709217,604.225298138807,3889.92690598345,161.648532280965,2599.64953573075,1959.97050701231,59.0461888114918,48.9541123362196,3540.52682886563,2197.6988169398,0.0119817269688735,0.0101428475436379,5.52333575468846e-05,0.0016633491084958,0.0268890975597153,7.15094963783182e-05,5.75861361501417e-05,2.61345935339281e-09,1.33398808166851e-05,0.000170169540504293,-399.396200017355,0.2041092567546,0.156347164384923,0.905,0.697685633459807
"constant",200,"sir_laplace",70,1.785,3965.92499980131,3134.36642009867,109.334303939276,141.775437700039,5803.3492366088,1683.29252753719,3334.88307790643,342.683060985504,2221.80672257776,1755.94757428497,61.2517108903504,79.426015518229,3251.17604291809,1868.28183636214,0.00765590332070028,0.00650497475600591,2.13332367866259e-05,0.00165753257108265,0.0170995089544355,8.8383669490137e-05,7.40793859321627e-05,3.55718159839919e-09,1.29078557665496e-05,0.000203257326349251,-392.194319263506,0.224729825741065,0.167414899288411,0.88,0.653034621493385
"constant",200,"sir_laplace",71,1.85,5803.4898848049,5359.80714075037,171.39109264672,120.852348584206,6499.71465648475,835.460442339661,4436.59384846097,360.522351061038,3137.021559354,2897.19304905425,92.6438338630917,65.3255938293006,3513.35927377554,2398.15883700593,0.0188825264757045,0.017554906592259,8.73905659020701e-05,0.00360543926973805,0.0368360507795755,6.50162061809799e-05,4.96705382987627e-05,3.0314760703103e-09,9.36343452018726e-06,0.000164420901704924,-393.814282502397,0.235825924468145,0.188189035486358,0.925,0.763765481896907
"constant",200,"sir_laplace",72,1.803,5460.92993346806,4968.5721762076,165.010737246148,139.490687938833,6596.18915009163,836.222301550325,4858.52771356256,361.801945369199,3028.80195977152,2755.72500066977,91.5200983062387,77.3658834935289,3658.45210764927,2694.69091157102,0.01858366614173,0.0171917513900815,9.46694105361685e-05,0.00365424059106519,0.0368516357391434,6.1046453344982e-05,4.93148222954697e-05,1.79703234915218e-09,1.02034848414974e-05,0.000144417574461404,-393.003550292214,0.157978300734494,0.105551364497019,0.96,0.768256729765701
"constant",200,"sir_laplace",73,2.038,3865.9846940343,3673.65688393684,132.014479251527,86.0857259872764,5742.45435897562,762.757053471028,4772.21422277879,209.980580819298,1896.95029147905,1802.57943274624,64.7764863844589,42.2402973441003,2817.69104954643,2341.61639979332,0.0114524668355385,0.00992813588046717,4.53777103471181e-05,0.00201246981891415,0.0248923511207644,6.16784230724896e-05,4.85570111037999e-05,1.98234139539709e-09,1.0861364612813e-05,0.000149994217364066,-395.991618767834,0.224340578766193,0.162238685050872,0.915,0.685827867251344
"constant",200,"sir_laplace",74,1.763,5241.73686594863,5056.87232551751,142.759893051627,102.915163864047,6326.40522981049,543.787804092229,5066.59747975287,275.311434201391,2973.19164262543,2868.3337070434,80.9755490933788,58.3750220442694,3588.43178094753,2873.84996015477,0.0170990686995458,0.0152223387951357,0.000100118906017038,0.00175825426585444,0.035829525089375,6.9452798505184e-05,5.27327205476686e-05,2.98489724823502e-09,8.41256739583801e-06,0.000187088966870909,-405.020700752491,0.17113553966422,0.115874037394122,0.955,0.75513302518858
"constant",200,"sir_laplace",75,1.758,5826.45925664078,5325.55276183969,100.660539632043,105.219815625784,6501.82664217411,723.705317611021,4544.58986835728,242.159641278358,3314.25441219612,3029.32466543782,57.2585549670326,59.8519997871351,3698.42243582145,2585.09093763212,0.0159721535145497,0.0146093799155777,6.7591633851113e-05,0.00224621927875819,0.0318215849862301,7.27644016992838e-05,5.18443890325064e-05,4.34100861308692e-09,9.40136540903841e-06,0.000202855794223551,-393.372424001627,0.174195621061626,0.126096299421038,0.945,0.73789524989003
"constant",200,"sir_laplace",76,1.765,5650.20953773825,4638.45665135967,127.691247730723,88.9345783546658,5772.90975019065,567.228171486291,4230.63053272085,219.858334780246,3201.25186274122,2628.02076564287,72.3463159947438,50.3878630904622,3270.77039670858,2396.957808907,0.0176338562524482,0.0148337240289011,0.000140896222868434,0.00177935335294147,0.0412406750238309,7.258464575287e-05,5.87393974292145e-05,2.4603349132208e-09,1.2815830819075e-05,0.000174949890697078,-398.189890117694,0.163851003798034,0.11409821350699,0.965,0.758819536753308
"constant",200,"sir_laplace",77,2.004,3874.19812505849,3324.75712083249,178.313838378156,132.623024825876,6169.83756075324,1099.97097291158,4472.78429933672,441.084272586569,1933.23259733458,1659.06043953717,88.9789612665448,66.1791541047287,3078.7612578609,2231.92829308219,0.00888479250550365,0.00735181414152855,3.11096738748965e-05,0.00168573622613231,0.0202073284120412,6.77123656346137e-05,5.65513882767309e-05,1.97203154946686e-09,1.20141393285511e-05,0.000152920471362891,-390.41942357455,0.2041822388561,0.137857243333294,0.895,0.65329256574258
"constant",200,"sir_laplace",78,2.172,5282.59104191198,4915.79851389504,135.858928472188,136.644344792519,5973.19795186465,700.193571051524,3556.59760889941,250.979796641585,2432.13215557642,2263.2589842979,62.5501512302892,62.9117609541986,2750.09113805923,1637.47587886713,0.014090969033137,0.0128184879342657,6.02115306936336e-05,0.00165322564739249,0.0289189097705345,6.60063378026755e-05,5.21848447611144e-05,2.3735701236293e-09,1.22191910091893e-05,0.00016200914782044,-391.63925340043,0.205113311443068,0.152910444641645,0.94,0.723582154710588
"constant",200,"sir_laplace",79,1.971,4105.37602672404,3594.67533491652,113.318821484347,107.419063763709,6029.53094670667,861.949048937862,3753.38404445678,223.091219671887,2082.88991716085,1823.78251390996,57.4930601138237,54.4997786726074,3059.12275327584,1904.30443655849,0.00956680474865276,0.00809045238524105,3.46732483447518e-05,0.00156270809938821,0.0212380137294698,7.28015988488966e-05,5.81067514410162e-05,2.50707443136699e-09,1.2155397466773e-05,0.000174148891606885,-395.953897267506,0.193518050232489,0.133421155844198,0.91,0.664010779553329
"constant",200,"sir_laplace",7,1.972,4315.520123239,4020.30779098025,128.133535085321,105.115047770738,6355.69994307185,815.711461664633,4536.1352857263,192.477526022832,2188.39762841734,2038.69563437132,64.9764376700413,53.303776760009,3222.97157356585,2300.27144306607,0.0109694430885614,0.00950121875450227,4.33459883726328e-05,0.00181202135199048,0.0236330862989723,6.03701333003371e-05,4.77419510752758e-05,1.8913250005036e-09,1.05116495335099e-05,0.000144142504448528,-396.153518357376,0.185915669513901,0.136240730577477,0.94,0.677557034068014
"constant",200,"sir_laplace",80,1.856,2758.82532226671,1898.3021240413,111.320222759021,115.168987205238,5679.24296614833,1669.26122170821,3367.60541787359,287.33117588096,1486.43605725577,1022.79209269466,59.9785682968866,62.0522560373051,3059.93694296785,1814.44257428534,0.00843168411877043,0.00707157993815292,2.66583777797261e-05,0.00136624790302362,0.0185112372068526,7.13450220002555e-05,5.48582437692419e-05,2.75923430151975e-09,1.19118395694991e-05,0.00017696171040167,-394.002912621361,0.220806122791634,0.164780551666041,0.865,0.651394326478022
"constant",200,"sir_laplace",81,2.037,3701.68815759797,3585.02516163645,166.56248073105,203.311979880844,6289.45286407062,2053.66730499218,4366.87228858449,613.953564922208,1817.22540873734,1759.95344213866,81.7685226956552,99.8095139326676,3087.60572610242,2143.77628305571,0.00647678246013642,0.00551160942749848,1.3998767741336e-05,0.00131646635433182,0.0140094733304745,5.24863845745693e-05,4.46331239470609e-05,9.45447532441797e-10,1.10097095663369e-05,0.00011416816496609,-393.976811363426,0.22660769934011,0.170400724111309,0.855,0.608839192706208
"constant",200,"sir_laplace",82,2.028,3299.94505452372,3135.36290059927,146.302226546414,105.1776925514,6004.73071753708,1157.4027182103,3195.54014325837,205.63745561911,1627.19184148112,1546.03693323436,72.1411373503029,51.8627675302763,2960.91258261198,1575.71012981182,0.0103581446691273,0.00922440620887684,3.51474384181591e-05,0.00164570351517563,0.0220137144591872,8.65846900567852e-05,7.06125281351355e-05,3.77010670172971e-09,9.78348673815494e-06,0.000202360495863357,-385.066657975712,0.216754406975158,0.153825149586904,0.89,0.675977883178013
"constant",200,"sir_laplace",83,1.757,5304.92042053305,4243.76036238444,114.076096787491,152.799078462741,6371.47276115896,940.471240910776,5226.29863174396,384.321808618682,3019.30587395165,2415.34454318977,64.9266344834893,86.9658955394085,3626.33623287363,2974.55812848262,0.0153083242706569,0.014135427543791,5.80970247811862e-05,0.00342596538593514,0.0310525975265009,6.06862368071982e-05,4.88859428134392e-05,2.02242351036988e-09,1.00064613679965e-05,0.00013824020826125,-385.043061117197,0.158933149401598,0.104803555128027,0.95,0.729944258468369
"constant",200,"sir_laplace",84,2.092,3432.64524298699,2934.00574500983,158.780484460453,156.846595753566,5970.33004502501,1588.497827771,3785.29000918975,412.895854031376,1640.84380639913,1402.48840583644,75.8988931455319,74.9744721575362,2853.88625479207,1809.41205028191,0.00697937421244897,0.00593067858396627,1.77957915062744e-05,0.00121072046938534,0.0151161379884367,7.12977065281773e-05,5.99505633893182e-05,2.01129280694064e-09,1.12950296095121e-05,0.000165406885013669,-397.972852700988,0.218987055083971,0.162915070221966,0.88,0.61597608886646
"constant",200,"sir_laplace",85,2.274,4139.10313313157,3941.73113330124,142.521530340885,119.74713677385,5919.8984787272,888.172218645162,3792.00559059993,342.462923601364,1820.18607437624,1733.39099969272,62.6743756995976,52.6592509999339,2603.2974840489,1667.5486326297,0.00947004527476225,0.00812412749306668,3.4562771623366e-05,0.00112439851347542,0.0208536635872323,6.25532636733701e-05,5.21891774476148e-05,1.65477562701012e-09,1.09722062431082e-05,0.000139916522560653,-386.530976783905,0.198926730002592,0.134538370034515,0.895,0.664857513409177
"constant",200,"sir_laplace",86,1.874,5833.20193252299,4944.01011639511,120.824890869531,77.2287741390563,6713.66030049379,595.663029286277,4518.48496839068,232.783349858168,3112.7011379525,2638.21244204649,64.4743281054059,41.210658558728,3582.529509335,2411.14459359161,0.0230532759966107,0.02115783187272,0.000134753457599145,0.00306011491341555,0.0459375591108035,6.58398679991123e-05,5.06840062624668e-05,3.81025584349671e-09,1.23347239756495e-05,0.000154285444997515,-402.879341367955,0.20441658621825,0.161723484177068,0.935,0.793068694118357
"constant",200,"sir_laplace",87,1.761,4765.79513181757,4696.33652980656,103.101117691881,101.352125777924,6167.44836716617,622.296315642149,4418.28878699124,218.843001493348,2706.30047235523,2666.85776820361,58.5469152140156,57.5537341158,3502.24211650549,2508.96580749077,0.0166389441844118,0.0148413223960379,8.68377111467628e-05,0.00226335472030781,0.0350191814113237,7.73009269881887e-05,5.52604465441907e-05,4.60752664713482e-09,1.15332736558034e-05,0.000206357548895268,-398.139351012415,0.180896105286181,0.132546700958742,0.95,0.74521072888302
"constant",200,"sir_laplace",88,1.758,4143.51533147993,4481.3993691412,141.000405340773,133.196593079443,6568.38839551122,874.121245210175,4629.24834769126,274.40576989663,2356.94842518768,2549.14639882889,80.2050087262647,75.7659801362018,3736.28463908488,2633.24706922142,0.0131214509206751,0.0119328426479572,4.8708398603051e-05,0.00188076405967548,0.0267100760236309,6.66214022109766e-05,5.33576654460262e-05,2.41723646695569e-09,1.14936470986251e-05,0.0001563609403053,-398.518746756167,0.18472662117638,0.131310045710209,0.925,0.70346868177989
"constant",200,"sir_laplace",89,1.766,2843.53328596088,3177.51433039948,117.547737762162,126.67044072872,5872.06431427566,1012.64303910711,4077.90491411603,303.190778233947,1610.15474856222,1799.27198776868,66.5615729117564,71.7273163809284,3325.06473062042,2309.11943041678,0.0071884663588411,0.00595556219369327,2.06775526844698e-05,0.00117532763185899,0.016373596277272,7.42725331938629e-05,6.22523405469575e-05,2.25837902009308e-09,1.17013912471355e-05,0.000160263204777787,-393.372853038796,0.222261234084673,0.167004179745567,0.85,0.638034796851294
"constant",200,"sir_laplace",8,2.019,5097.82255556522,4620.71653433508,78.2766496099612,158.237236039999,5728.76826591531,377.847062722458,4706.05254956155,357.811468579868,2524.92449507936,2288.61641126056,38.7700097127099,78.3740644081224,2837.42856162224,2330.88288735094,0.0120243698725479,0.0100369162455524,6.43767533362729e-05,0.00133537567717856,0.0273032516222721,6.14597232144243e-05,5.17624638398529e-05,1.49835793535105e-09,1.01219783806559e-05,0.000135910601227214,-405.533839244,0.211275218736629,0.149816880393439,0.91,0.680904583309317
"constant",200,"sir_laplace",90,1.83,5806.96378200154,5141.49070570619,160.512412669153,96.3084160996603,6784.74467621212,971.536442080434,4784.13065417895,203.839191449871,3173.20425245986,2809.55776268098,87.7117009121056,52.6275497812351,3707.51075202848,2614.27904599943,0.020334250901715,0.0191865649676032,9.87733650486955e-05,0.00319180342219912,0.0396796710639856,8.67680226085537e-05,6.1990493641404e-05,5.1973510643166e-09,9.40526420395351e-06,0.000230631798926961,-384.621417237344,0.221945560397786,0.153661874286663,0.945,0.792584714392604
"constant",200,"sir_laplace",91,1.912,1401.31696917836,364.076312217146,165.915639105406,72.0677511619776,6072.78098624858,1049.46694785342,3759.14929130808,185.119119791957,732.906364633036,190.416481285118,86.7759618752123,37.6923384738377,3176.14068318441,1966.08226532849,0.0141259163648942,0.0129373810946652,5.46873421390498e-05,0.00233984720871747,0.0281445083838341,7.69796245263793e-05,5.45205159348769e-05,5.60447749278805e-09,1.08787161378666e-05,0.000222657022926156,-388.031820109403,0.221163297817775,0.169114299364865,0.93,0.719329581561175
"constant",200,"sir_laplace",92,1.976,3820.18945786709,3375.00316595321,89.9508516006656,133.467423521149,5966.59408434841,1112.14882716065,4351.42397629996,260.072552766455,1933.2942600542,1707.99755362004,45.5216860327255,67.5442426726465,3019.53141920466,2202.13763982791,0.00851213708038186,0.0071763172699559,2.84739506002452e-05,0.00149785392888699,0.01903706997593,6.34285044085216e-05,5.20027402432089e-05,2.11671200892768e-09,1.28381865459441e-05,0.000141800394508555,-396.269955392214,0.202925416969107,0.153282188444087,0.905,0.660428558147327
"constant",200,"sir_laplace",93,1.958,5501.62936465456,2569.36127130652,161.082888900798,73.1478975086311,6145.78222113131,943.018214014345,4420.2231039404,271.104368101938,2809.82092168261,1312.23762579495,82.2690954549528,37.3584767664102,3138.80603735,2257.51946064372,0.0179894242536916,0.0161263032759507,8.81435534375394e-05,0.00299269457630093,0.0357719534291533,7.46588497752232e-05,5.84194838154656e-05,3.15965430624283e-09,9.18357392172502e-06,0.000180658464573474,-382.513508365428,0.236780908955676,0.177969893709974,0.925,0.764302836817091
"constant",200,"sir_laplace",94,1.802,5560.88964414842,4972.22913811572,142.662667709477,113.175233981241,6203.80716110491,940.077334668157,4650.68943584485,245.829942423238,3085.95429752964,2759.28365045267,79.1690719808416,62.8053462714988,3442.73427364312,2580.8487435321,0.0176857091469466,0.0157371659256939,0.00010449894252547,0.00149663486885746,0.0379505466468368,7.10131333378155e-05,5.14589862273186e-05,3.75942240736401e-09,1.11239292123817e-05,0.000187562258036454,-389.765828796718,0.221551628793108,0.159243457872917,0.935,0.761781223001396
"constant",200,"sir_laplace",95,2.289,2417.09365772605,2212.32288834176,136.911761539739,143.242094437511,5646.7316618876,1658.67578534684,3381.82744443658,295.397573759938,1055.96053199041,966.501917143627,59.8129146088856,62.5784597804766,2466.89893485697,1477.42570748649,0.00677922340131814,0.00583481738959236,1.70668489522791e-05,0.00106565983367261,0.0147894997498586,9.17783031058964e-05,7.65018672351726e-05,3.47480273601476e-09,1.48354405065603e-05,0.000212432843761401,-376.907108994377,0.228505428687708,0.181648857197938,0.85,0.635894119186893
"constant",200,"sir_laplace",96,1.777,6316.87588468737,6091.66791607314,246.622477034705,126.317833315314,7500.27510566774,1109.45151775653,6038.88820818053,391.286251672948,3554.79790922193,3428.06298034504,138.78586214671,71.0848808752468,4220.75132564307,3398.36140021414,0.0285296070433154,0.0263946035893579,0.00015142914316814,0.00896939817730483,0.0536120219560632,6.18841945470765e-05,4.61169702123247e-05,2.73544920973915e-09,1.01628768546951e-05,0.000157229188290049,-389.923739359281,0.197199821297399,0.153013339931603,0.96,0.839372486307217
"constant",200,"sir_laplace",97,2.145,3791.84514585587,1540.89410660136,178.272081167296,112.811896731483,6683.53707737066,942.474027177624,4892.68609075758,375.364788277306,1767.75997475798,718.365550863106,83.1105273507208,52.5929588491761,3115.8681013383,2280.97253648372,0.0173645803415975,0.0158505921841834,8.34318719183776e-05,0.00274767741838884,0.0354813069888555,6.48573080977172e-05,5.21768095770695e-05,2.00402523340918e-09,1.01055034059102e-05,0.000153071057143198,-393.813281152677,0.199881391932797,0.150787143974658,0.95,0.745923326557881
"constant",200,"sir_laplace",98,1.8,3998.97018763809,3433.44010622912,142.185190878439,96.4816229240542,5801.26233999106,1016.23652648869,3865.44570880859,339.191320058319,2221.65010424338,1907.46672568284,78.9917727102439,53.6009016244745,3222.92352221726,2147.469838227,0.0101242811588301,0.00882989611678832,3.59398819440365e-05,0.00144076703665631,0.022283978979397,8.70642063648759e-05,6.83311553600881e-05,4.23203289874938e-09,1.1179124202347e-05,0.000210647315867942,-390.46737138722,0.207860490169463,0.148529866586827,0.91,0.677012879434195
"constant",200,"sir_laplace",99,2.075,3781.32255341961,2801.48632656628,131.411094348247,138.457204753923,5890.76950642005,920.291340709349,3688.25480885721,301.312287533509,1822.32412212993,1350.1138923211,63.3306478786731,66.7263637368303,2838.92506333496,1777.47219703962,0.00821916520226689,0.00703529341870198,2.47107524636857e-05,0.00139053962291499,0.0183463065731865,7.25815037837593e-05,5.82550059445008e-05,3.06607851499963e-09,1.02953865875322e-05,0.00016634406868012,-407.037098329307,0.214708883862343,0.153304087767192,0.855,0.630633307488018
"constant",200,"sir_laplace",9,1.851,4549.55553103291,4204.74378548771,151.872837420716,160.061436124212,5896.99679579944,1135.1112930425,4671.72993176818,396.586966734451,2457.89061644134,2271.60658319163,82.0490747815863,86.4729530654848,3185.84375786031,2523.89515492608,0.011038648675776,0.00959916426507595,4.15638000175308e-05,0.00154226724014433,0.0238342433785545,6.38296105555933e-05,5.08018213277643e-05,2.46570517834931e-09,1.05954236674875e-05,0.000150229953312216,-399.489138787199,0.231502397285996,0.163021422321614,0.89,0.66861994399956
"constant",400,"sir_laplace",100,3.758,4193.07826708565,3949.417160236,108.661679909389,161.766372975875,6783.03289110612,605.144234910469,5818.55654822014,490.305957110807,1115.77388693072,1050.93591278233,28.9147631477885,43.0458682745809,1804.9581934822,1548.31201389573,0.00596480420231857,0.00537316614513453,8.88386646027479e-06,0.00135441874621683,0.0116413633281699,3.49203469037355e-05,3.08113738941021e-05,2.89613220016481e-10,1.05930176688618e-05,6.86888348469763e-05,-786.249656404574,0.158644997723094,0.0982318143009639,0.9425,0.585902023764286
"constant",400,"sir_laplace",101,3.955,5461.91731003419,5215.24162712726,98.1967444514099,178.896124234133,6788.60770834163,545.269752072135,6925.50512519772,732.932571237426,1381.01575474948,1318.64516488679,24.8285068145158,45.2329011969996,1716.46212600294,1751.07588500574,0.00787487648828792,0.00713852084864855,1.50799930065438e-05,0.00152586606467494,0.0150352619793269,2.59515627468092e-05,2.38799052796075e-05,1.12577607622097e-10,8.95723959551891e-06,4.60082898783907e-05,-802.553990346738,0.207884874358476,0.165825556445003,0.9075,0.621013741452692
"constant",400,"sir_laplace",102,3.912,5498.64832249049,4886.98850916333,125.708994135506,99.3761521375293,7136.22147513364,646.494889416836,6373.27730424409,515.465199524578,1405.58494951188,1249.23019150392,32.1342009548838,25.4029018756465,1824.18749364357,1629.16086509307,0.00899324657954791,0.00833405562669732,1.55872198146655e-05,0.00215292561970893,0.0166366571410598,2.96300974705043e-05,2.56818817465301e-05,2.26358237786583e-10,8.51308302831256e-06,6.01105246913801e-05,-774.888679996267,0.178013991057463,0.128372371636215,0.945,0.644951657567719
"constant",400,"sir_laplace",103,3.786,5643.64664481406,4998.07386114047,195.312455832141,113.053520141555,7487.43278777378,1010.19769610747,7308.54481402689,661.883334259937,1490.66208262389,1320.14629190187,51.5880760253938,29.860940343781,1977.66317690803,1930.41331590779,0.0101768012212344,0.00962099597519801,1.63993322805231e-05,0.00349846992531286,0.0181920865956055,3.23467870973448e-05,2.78668416565571e-05,2.94506328118841e-10,9.79815512978983e-06,6.78953832475266e-05,-778.168489883494,0.175637351045605,0.139933042305963,0.955,0.657921502733163
"constant",400,"sir_laplace",104,3.77,3358.47495210835,3237.33250778326,113.685042325052,76.8432032688266,6823.15081492332,1192.38181694841,4875.95502965653,194.291393857448,890.842162362958,858.708888006169,30.1551836405972,20.3828125381503,1809.85432756587,1293.35677179218,0.00575958092604959,0.00540376542096109,6.72925602603879e-06,0.00139488325967856,0.0107799382319378,3.52492742829022e-05,2.94439016017698e-05,4.40816945444455e-10,9.12109022517003e-06,7.52903242841109e-05,-776.202571942868,0.16654467966022,0.117296686132362,0.935,0.593941511175406
"constant",400,"sir_laplace",105,4.012,5573.57023514671,4709.97319150751,148.388376140878,118.976330593468,7251.70402730602,727.185461663313,6584.09521364111,385.86100059216,1389.22488413427,1173.9713837257,36.9861356283345,29.6551172964775,1807.50349633749,1641.10050190456,0.00837006068853883,0.00785175627966125,1.40918784303685e-05,0.00201882742876095,0.0155089958991783,3.39119382211492e-05,2.91073236742604e-05,3.67665491415632e-10,9.29662147407377e-06,6.95165445112165e-05,-775.590674211294,0.159648858044875,0.116699943404899,0.9425,0.636599834287662
"constant",400,"sir_laplace",106,3.875,3957.35664732921,4074.56705991302,83.7251236138818,187.291660560613,6831.28824206921,1168.39992240835,6020.52045502114,738.055415141733,1021.25332834302,1051.50117675175,21.6064835132598,48.3333317575777,1762.91309472754,1553.68269806997,0.00426015822494299,0.00373770978943652,4.24512245350167e-06,0.00133348880778099,0.00851891406453617,2.89581016418104e-05,2.64674588886146e-05,1.45220825047448e-10,1.10955133615424e-05,5.38899603195403e-05,-775.640800673372,0.184078767657079,0.12335087270432,0.895,0.546208883800007
"constant",400,"sir_laplace",107,3.98,4407.55049353673,3232.93993530993,99.2413697687923,95.6018566612404,6777.24890349289,694.74152882182,6605.45855880213,513.440793723306,1107.42474711978,812.296466158275,24.9350175298473,24.0205670003117,1702.82635766153,1659.6629544729,0.00653372388541917,0.00579554301787421,1.07395703376907e-05,0.00160387318770699,0.0127744835227739,3.1295452417142e-05,2.80296072818052e-05,2.1849998573612e-10,1.04205998953034e-05,6.02616922538477e-05,-771.183220180189,0.179565366096013,0.126170059587575,0.9425,0.611532836411335
"constant",400,"sir_laplace",108,4.034,4335.62799648277,4471.20575204804,80.8569030595674,120.787718281145,6693.60220895906,1018.1897181532,6309.2382677836,470.050781068982,1074.77144186484,1108.38020625881,20.0438530142706,29.9424190087123,1659.29653172014,1564.01543574209,0.00625894975849584,0.00572346886830034,9.55400520041902e-06,0.00166881968197847,0.0120937958443105,3.24617249483279e-05,2.76756819904918e-05,4.14429216022963e-10,7.96069850885063e-06,6.62806027771887e-05,-791.487105848959,0.1885072146818,0.133073459157741,0.915,0.591629723343624
"constant",400,"sir_laplace",109,3.806,3834.83765504123,3333.84234550479,140.009173595466,106.585337896442,7014.94621281192,1024.21795789947,6310.89681832849,420.640070537249,1007.57689307442,875.943863768995,36.7864355216673,28.0045554115716,1843.12827451706,1658.14419819456,0.00680796442769426,0.00612153790652097,1.00770365588971e-05,0.00183766559782273,0.0128580846302008,3.29013850620984e-05,2.84531988684258e-05,2.82115935106198e-10,8.99718509478107e-06,6.65075102853709e-05,-800.223690318294,0.149075461245054,0.102888093416652,0.9475,0.605267607106142
"constant",400,"sir_laplace",10,4.065,4028.3597564567,4290.42939933721,98.5653145531,140.270245969411,6703.41000435502,648.005368530256,6011.68563664633,501.126614658863,990.986409952447,1055.45618679882,24.2473098531611,34.506825576731,1649.05535162485,1478.88945550955,0.00576282794474582,0.00524084130932551,7.95506115105983e-06,0.00143946246020254,0.0111827769692468,3.33185095673946e-05,2.99195005280006e-05,2.56010632012754e-10,1.15608340338589e-05,6.54544304907236e-05,-779.928403852345,0.174899710493532,0.114952569250895,0.9275,0.587762036081222
"constant",400,"sir_laplace",110,3.786,4212.01860350216,3856.82756860332,145.7861532797,106.92479671568,6639.29185124846,865.900351591406,5776.33623372634,448.216940149148,1112.52472358747,1018.70775715883,38.5066437611462,28.2421544415425,1753.64285558596,1525.70951762449,0.00539672747730178,0.00490875259541945,6.29985352578338e-06,0.0014649448372526,0.01051096472599,3.88308759877776e-05,3.400074496755e-05,4.55127697539616e-10,9.12174162377168e-06,7.80295798868422e-05,-795.080814889003,0.199217033697301,0.15064465417556,0.915,0.579771440856724
"constant",400,"sir_laplace",111,3.914,5607.48543694797,5460.1973546231,88.5282261499312,141.140254849507,6897.4412367808,563.445484089683,6774.52908468802,844.162652919524,1432.67384694634,1395.04275795174,22.6183510858281,36.0603614842891,1762.2486552838,1730.84544831069,0.00848577672417468,0.0077959615104967,1.64027481511216e-05,0.00205810512009738,0.0163298721733397,3.39972599957722e-05,3.03798466261105e-05,2.55675674246372e-10,1.04701812041111e-05,6.50883032130868e-05,-788.163130554859,0.160016316187124,0.116379923860348,0.9475,0.638009585992698
"constant",400,"sir_laplace",112,3.754,4610.53836217037,2350.30130537592,109.347586239051,128.631415970298,6998.69845897353,763.582739108834,6334.15125330117,473.917458981671,1228.1668519367,626.079196956826,29.1282861585112,34.2651614198983,1864.33096935896,1687.30720652668,0.00614468611593001,0.00561474255862291,8.59476588509635e-06,0.00187069203286334,0.0121513128314198,3.26740127254003e-05,2.85605587042426e-05,2.61148550571317e-10,1.06912180697371e-05,6.68983696171694e-05,-796.870932073058,0.194404716165107,0.132616437527009,0.89,0.587938419968932
"constant",400,"sir_laplace",113,3.852,3723.58601647291,3583.56843604766,144.829791887877,148.125072762576,6754.67061588095,1269.7438182709,5188.78019095071,419.549281198281,966.663036467526,930.313716523276,37.5985960248903,38.4540687337944,1753.54896570118,1347.03535590621,0.00531272906119439,0.00481884379909582,6.03929338821001e-06,0.00151786487543632,0.0101733863962902,3.82770916934659e-05,3.43365087436547e-05,3.47608987793827e-10,1.09257329920953e-05,7.57496105850352e-05,-765.761294344325,0.20553785499819,0.165792949142267,0.9025,0.593289020070276
"constant",400,"sir_laplace",114,4.07,5015.60760350148,4706.84911242057,84.9568457661645,99.036243838662,6775.95929662287,642.566065019727,5986.2261126669,237.701622396777,1232.33602051633,1156.47398339572,20.8739178786645,24.3332294443887,1664.8548640351,1470.81722669948,0.00875519065050987,0.00796123191817396,1.67508871987061e-05,0.00200363533404626,0.0170212552052188,3.46179478878274e-05,2.97132083134543e-05,4.22346852251765e-10,8.88477828479029e-06,7.54880983496987e-05,-768.253545481547,0.174381080930019,0.120719608930875,0.92,0.643827847033029
"constant",400,"sir_laplace",115,3.931,3738.89753319102,3579.80973433156,127.65736170296,80.0168039862515,6720.7498079612,1155.56803052746,5792.56953116167,485.209436509298,951.131399946837,910.661341727693,32.4745259992267,20.3553304467697,1709.67942202015,1473.56131548249,0.00453908918849438,0.00422884302939429,4.46369335234792e-06,0.00119375499178454,0.00847162059353161,3.14101806226525e-05,2.77812917254204e-05,2.43511840595681e-10,1.01765192985214e-05,6.03064615663572e-05,-807.103328210113,0.175890305673684,0.128935818608748,0.905,0.55676856717285
"constant",400,"sir_laplace",116,3.841,4227.04355523014,4066.11840644397,87.5993818171231,67.4000620558499,6544.34004264312,949.391952216181,5678.02926659796,176.668793426167,1100.50600240306,1058.60932216714,22.8063998482486,17.5475298244858,1703.81151852203,1478.26848909085,0.00589134909983532,0.00532473878072299,8.65630377569347e-06,0.00145528746118593,0.0117287232142843,3.25583295910076e-05,2.79002879196336e-05,3.05338974866172e-10,8.14823571790936e-06,6.79650645184637e-05,-797.155108866366,0.183848802200732,0.133073260242257,0.92,0.58775833700633
"constant",400,"sir_laplace",117,3.994,3126.8811003241,3082.45953025283,129.449100501187,93.1481687714267,6555.99922683705,1786.06228118863,5474.85315644051,490.830131733473,782.894617006536,771.77254137527,32.4108914624905,23.3220252307027,1641.46199970883,1370.76944327504,0.00458859537521596,0.00406658020156278,5.20629189144715e-06,0.00131786096299389,0.00920742882529375,3.49889149231823e-05,3.12069977933979e-05,2.90397307669542e-10,1.04411573376174e-05,6.72805506340095e-05,-769.731041932456,0.182995325770716,0.125206844844602,0.915,0.563374861815837
"constant",400,"sir_laplace",118,3.816,6075.85633639077,5904.00232097742,184.873070978965,162.472555122379,7230.04266467224,1066.76000337276,7437.18340875342,1151.90159639687,1592.20553888647,1547.17041954335,48.4468215353682,42.576665388464,1894.66526851998,1948.9474341597,0.0105689456177226,0.00986240755514367,2.01929604145574e-05,0.00341458076616314,0.0191857611463996,3.21311131031262e-05,2.83126532351437e-05,2.48412208071278e-10,1.04727534008159e-05,6.41256581347242e-05,-789.442771247889,0.180939583443415,0.125746743139104,0.94,0.653726005464956
"constant",400,"sir_laplace",119,3.881,5323.05490195149,4483.16477409152,53.4961306525258,96.6430707115893,7119.41691572242,357.371734831423,6582.14825064464,310.085820920858,1371.56786960873,1155.15711777674,13.7841099336578,24.9015899797963,1834.42847609441,1695.99284994709,0.0106644932524279,0.00999992439220648,2.23836436727786e-05,0.00257485630228653,0.0198783316688317,3.4482024875986e-05,2.95145822406571e-05,4.575186298405e-10,9.63034249718908e-06,6.99241758337032e-05,-799.231343857187,0.171354525787174,0.125491027153115,0.955,0.662219544314927
"constant",400,"sir_laplace",11,3.792,4301.71115013847,4002.64390758053,115.078697119669,101.86287968011,6810.57122472037,684.312257356602,6654.28556093393,561.473460713788,1134.41749739939,1055.54955368685,30.3477576792375,26.8625737553034,1796.03671537984,1754.8221415965,0.00744378657814121,0.00686985895593745,1.20074687610554e-05,0.00212348835027925,0.0141014946544549,3.19258396300552e-05,2.78634731673621e-05,2.44444402030038e-10,1.01501346057896e-05,6.33200400971563e-05,-797.096452171235,0.175749110546438,0.132145651205748,0.935,0.61032262188776
"constant",400,"sir_laplace",120,3.774,2836.20347514526,2242.96551752349,137.503608279479,66.0148113771505,6559.99777829101,1316.70911574433,5427.88316789657,337.844332617632,751.511254675481,594.320486890166,36.4344484047374,17.4920008948465,1738.2082083442,1438.23083410084,0.00612290540229808,0.00548648875276415,8.48669797021414e-06,0.00170168458974604,0.0122898263852434,3.92595371518518e-05,3.43443913292986e-05,4.16643759141163e-10,1.01052678857016e-05,8.03486932697545e-05,-786.391968964647,0.18012554532047,0.123548871753761,0.94,0.603598196015675
"constant",400,"sir_laplace",121,4.047,4405.19110947114,3908.90327414771,101.52297262258,140.286490459999,6882.14668673037,782.278961476346,6082.77182044742,422.069450281387,1088.50781059331,965.876766530198,25.0859828570743,34.6643168915244,1700.55514868554,1503.0323252897,0.00635619944206599,0.00580545203779109,9.52733400477247e-06,0.00157637153965473,0.0123841610334111,3.3417853243617e-05,2.95486890200629e-05,2.99836387364362e-10,1.11580699649819e-05,6.43850736560663e-05,-789.898621598166,0.167144287096469,0.11533455387648,0.93,0.594690553759534
"constant",400,"sir_laplace",122,3.819,4223.9421050772,3639.8736657138,151.659991221443,94.0369176197973,7158.94120008156,1150.04970898639,6290.61539870187,393.269326812568,1106.03354414171,953.096010922701,39.7119641847194,24.6234400680276,1874.559099262,1647.18915912591,0.0072973658566023,0.00674684554243477,1.00034154901615e-05,0.00201188311932258,0.0135705699526786,3.41235060607247e-05,2.90257006668015e-05,4.17593737298313e-10,9.80319788135216e-06,6.91208074399499e-05,-799.024789407148,0.161751077429173,0.10583517133465,0.945,0.610551217048367
"constant",400,"sir_laplace",123,3.837,5286.87471837767,5499.64250215346,132.102887199461,150.956001058432,7296.73179122061,642.506663143172,7390.49689034242,570.481135597358,1377.86674964234,1433.31834822868,34.428690956336,39.3421946985748,1901.67625520475,1926.11334124118,0.00948992116673866,0.00883452822815703,1.72498592673902e-05,0.00241255884632577,0.0177720266458452,3.01933600642657e-05,2.69220356960632e-05,2.18940656066235e-10,9.20021169044884e-06,5.91400542246904e-05,-793.609020719794,0.165747855777497,0.10896501584691,0.96,0.648901666644427
"constant",400,"sir_laplace",124,3.993,4164.16869768696,3537.64129927216,98.9374062939191,133.031354947075,7045.38196779884,874.518017728956,6236.4033345055,406.751656385078,1042.86719200775,885.960756141288,24.7777125704781,33.316141985243,1764.43325013745,1561.83404320198,0.00847536863346128,0.007725935880109,1.52600837063692e-05,0.0024494621785571,0.0165384795912894,3.18728834436398e-05,2.76139294581919e-05,2.65053052667564e-10,9.61505680104267e-06,6.44050377419407e-05,-783.814843830167,0.178745555408934,0.131126125009365,0.9475,0.638173751084518
"constant",400,"sir_laplace",125,4.065,5312.00920870639,4766.7531485026,132.88095558993,106.365356751869,6947.90671456802,1083.08721982276,7078.86449883654,1001.54486755067,1306.7673330151,1172.63300086165,32.6890419655424,26.166139422354,1709.20214380517,1741.4180808946,0.00713457086107894,0.00651653478022937,1.07905233098971e-05,0.00188595034066181,0.0136973173713372,2.94901662319899e-05,2.63538857683952e-05,1.81145146502931e-10,9.33351695739364e-06,5.65224206741823e-05,-822.820250058775,0.204193364921003,0.149455824806648,0.8975,0.595613417242461
"constant",400,"sir_laplace",126,3.727,5233.44621990887,5061.70541305857,123.229516511433,94.3051665778772,7404.23056544557,537.100088616843,6521.5244166907,345.301722386115,1404.19807349312,1358.11789993522,33.0639969174759,25.3032376114508,1986.64624777182,1749.80531706217,0.00972946774009434,0.00911164985582715,1.66928779121355e-05,0.00254970149454875,0.0178188166077132,3.57573715290762e-05,2.94220803141329e-05,5.01878324499909e-10,9.32036867292228e-06,7.92691887426306e-05,-754.234721207846,0.192252372342238,0.146420238021006,0.9375,0.663386427403844
"constant",400,"sir_laplace",127,3.964,4499.12902419476,4002.13392659112,140.915419801366,111.21229689244,6901.608370223,990.8997083752,6052.12722998147,404.903344488984,1134.99723112885,1009.62006220765,35.5487940972163,28.0555743926439,1741.07173819955,1526.77276235658,0.00743186878162688,0.00673316727895216,1.32234517809053e-05,0.00159438999159395,0.0144873782722137,3.18114764252284e-05,2.78053014021264e-05,2.80813691341274e-10,9.46269853690817e-06,6.36769872738549e-05,-789.449689934932,0.181429707875165,0.135821511071047,0.93,0.624679683325277
"constant",400,"sir_laplace",128,3.86,3647.53235148544,3549.64650637743,119.615349976009,108.582070818962,6598.45765758094,1379.66551038824,5908.98359406403,616.591100037458,944.956567742341,919.597540512288,30.9884326362718,28.1300701603529,1709.44498901061,1530.82476530156,0.00459233012159695,0.00417275141988935,4.33646513276259e-06,0.00128330083073313,0.00860440948963978,3.09036700796725e-05,2.67087855384844e-05,2.75528669033212e-10,9.45660199402753e-06,6.23927960022727e-05,-792.390990324769,0.191716038677486,0.126528628124021,0.905,0.55793231282047
"constant",400,"sir_laplace",129,3.831,4500.26054450125,4036.4107356436,105.864830031401,115.692416602377,6833.63769272375,739.362117528878,6464.75734197783,407.831620146296,1174.69604398362,1053.61804637003,27.6337327150617,30.1990124255749,1783.77386915264,1687.48560218685,0.00719943908151236,0.00661533762375054,1.17320431537696e-05,0.00196031625036076,0.0138762477777216,3.20173260659228e-05,2.8692898446536e-05,2.46880463380188e-10,9.89972927788404e-06,6.05331224161587e-05,-775.623317548108,0.147874771801599,0.0974282642033345,0.95,0.614356722836877
"constant",400,"sir_laplace",12,3.811,4821.28639521049,4232.11966480644,46.2966134230979,114.888074166735,6779.49703576496,612.678912512175,6511.11167471063,251.794977520313,1265.09745347953,1110.50109283822,12.1481536140378,30.1464377241499,1778.92863704145,1708.50476901355,0.00700699842615041,0.00655750070156261,9.54818256463863e-06,0.00148425475071678,0.0129990597206387,3.30826220982202e-05,2.99824278437583e-05,2.30611672992457e-10,1.04995335213088e-05,6.35342652259636e-05,-791.161160743597,0.188987054156426,0.135006863275456,0.8975,0.602391507178993
"constant",400,"sir_laplace",130,3.839,4863.24148721234,4424.49553828146,88.9083367425935,89.776849371391,7132.6002265296,489.63611196827,6560.59743789445,368.43993533379,1266.79903287636,1152.51251322778,23.1592437464427,23.3854778253167,1857.93181206814,1708.93395100142,0.00764637686118778,0.00700833845665656,1.14411668293675e-05,0.00220462783868654,0.01426737339477,3.33814713835427e-05,2.91084995561058e-05,3.06312887814184e-10,1.0060346679678e-05,6.89689761004088e-05,-776.569986589264,0.172152023476001,0.121715193887701,0.94,0.62761886034634
"constant",400,"sir_laplace",131,3.838,4798.09425610363,4623.46837732042,129.323502939981,167.97295523765,6986.57248779842,847.914048168364,6028.37626247759,735.672834348721,1250.1548348368,1204.65564807723,33.6955453204744,43.7657517555106,1820.36802704492,1570.70772862887,0.00599877567616794,0.0053557273465717,8.69521070819233e-06,0.00178518540978147,0.0119277060819983,2.94530262204118e-05,2.6196522367483e-05,1.88102658833561e-10,9.39997794984699e-06,5.70555576049537e-05,-783.298495817021,0.19576372929389,0.154169240258693,0.9275,0.592548220613482
"constant",400,"sir_laplace",132,3.784,4003.63867061,3758.93821164909,190.217643385301,105.377722931472,7230.15825013935,1068.69726752974,6521.5584791441,444.67674209578,1058.04404614429,993.376905826927,50.2689332413586,27.8482354470064,1910.71835363091,1723.45625770193,0.00700767723664225,0.00659333774289218,8.06803888189889e-06,0.00213668211135816,0.012693121204251,3.28839195906237e-05,2.89828587984748e-05,2.92521966889127e-10,1.0001384528837e-05,6.88042818945582e-05,-759.940414392137,0.171036940894294,0.12288698462816,0.95,0.619295773038849
"constant",400,"sir_laplace",133,3.86,3948.28854196922,3975.18681628707,114.496563866616,126.786160813587,6664.58706033343,906.172888412707,6093.61826445462,663.832147988598,1022.87267926664,1029.84114411582,29.6623222452372,32.8461556511883,1726.5769586356,1578.65758146493,0.00486057116088706,0.00446546466269533,5.37918064039202e-06,0.00130876583369325,0.00927122602541692,3.05226268466628e-05,2.70481233982886e-05,2.2235951276405e-10,9.8359525136417e-06,6.12348583938485e-05,-797.192670005726,0.165087431194655,0.100184846162415,0.9225,0.563171601613903
"constant",400,"sir_laplace",134,3.92,3867.66835127247,3723.276263203,136.464388489074,77.5542055758124,6783.90330436866,1188.73693560297,5719.44454970341,404.103169930565,986.650089610325,949.815373266071,34.8123440023148,19.7842361162787,1730.58757764507,1459.04197696516,0.00612319545929377,0.00561636710479102,8.13245800128472e-06,0.00154632500139806,0.0119221911058928,3.40205238328307e-05,2.98439136532956e-05,3.19266310583008e-10,9.34118808568857e-06,6.83248453156456e-05,-799.621792139594,0.177538754276022,0.126244278653745,0.925,0.587747979313176
"constant",400,"sir_laplace",135,3.82,3404.29517547332,2910.9833365363,132.712041673683,173.994918873245,7239.22808849708,958.60685478413,6568.71055412604,577.489177465732,891.176747506106,762.037522653481,34.7413721658855,45.5484080820013,1895.08588704112,1719.55773668221,0.00614508077993244,0.00571217698238555,6.94131695514266e-06,0.00173004790232768,0.0113089032576014,3.43092034675962e-05,3.11542987783221e-05,2.43831616793809e-10,1.08203973104595e-05,6.46261873596408e-05,-796.980805339797,0.199061815493364,0.131880564795064,0.9,0.599561137722121
"constant",400,"sir_laplace",136,3.832,5980.90941651011,5750.12478430103,138.850285617395,90.763289820673,7205.02932237952,590.014518295418,6704.64307219787,473.756812339331,1560.78011913103,1500.55448442094,36.2344169147691,23.6856184291944,1880.22685865854,1749.6458956675,0.0117306876277367,0.011084126738362,2.33309546154533e-05,0.00290848887475648,0.020717950802442,3.46483616494915e-05,2.9299864485607e-05,3.74830208167423e-10,1.01341944455017e-05,7.32265627464544e-05,-780.09425154312,0.163764700278772,0.112148556009398,0.9675,0.68642166172313
"constant",400,"sir_laplace",137,3.769,4708.29082946096,4143.05378382071,74.6342926367953,120.421216569367,7177.78192645381,696.756666584998,5588.68259722846,335.900809394953,1249.21486586919,1099.24483518724,19.8021471575472,31.9504421781286,1904.42608820743,1482.80249329489,0.00884118108734764,0.00836596541583959,1.33021360486759e-05,0.00226827469834205,0.0162027689833979,3.7235121436336e-05,3.13119264314176e-05,4.51959601173605e-10,9.46018519236572e-06,8.01843875030683e-05,-802.319987696855,0.193525686450687,0.132082410905477,0.945,0.639898437056503
"constant",400,"sir_laplace",138,4.097,4131.23150142001,4192.92879201346,151.547667587962,100.918959420476,7118.56087305157,1057.32077266149,5600.64295789021,262.526479573377,1008.3552602929,1023.4143988317,36.9899115420948,24.6324040567429,1737.50570491862,1367.01072928733,0.00687642920230682,0.00623011459651408,9.64158187268165e-06,0.00212906301950441,0.0135143144561286,3.83585876981151e-05,3.28932425898838e-05,4.25700759774425e-10,1.07222438221508e-05,8.04967356637164e-05,-783.6939655189,0.185810366361656,0.132770212576885,0.9325,0.605514026542959
"constant",400,"sir_laplace",139,3.738,4455.6033741826,3893.26366434442,70.7391995798543,149.97940360566,6548.79706926018,691.240893500085,6133.33719605809,399.994016969216,1191.97522048759,1041.5365608198,18.9243444568899,40.1229009110916,1751.95213195831,1640.80716855487,0.00586648994657692,0.00525889856066595,8.41066861708858e-06,0.00160093540837648,0.0118161258656383,3.19016786761278e-05,2.80777411951827e-05,2.83363661861952e-10,9.33473020824702e-06,6.36673084354745e-05,-789.492311501958,0.171393067456095,0.119130407962669,0.9275,0.585628240639614
"constant",400,"sir_laplace",13,3.732,4853.4596909999,4551.17311373126,111.797270990471,144.823546540701,6832.13602107015,815.497008008248,6504.93397576036,585.178015811685,1300.4983094855,1219.49976252177,29.9563962996976,38.8058806379155,1830.69025216242,1743.01553476966,0.00616860143376993,0.00568503399829255,8.339484814653e-06,0.00167418362384099,0.0120127282676872,2.94913613778091e-05,2.62529964037694e-05,2.21353715980362e-10,9.02033331301146e-06,5.84121541848531e-05,-795.014760310468,0.192123537651544,0.140390653656006,0.8525,0.591195271086935
"constant",400,"sir_laplace",140,4,3961.95964000328,3495.05674177132,139.143500143984,102.055948246534,6906.70286755915,1273.97751467706,6218.45046212668,859.705654211395,990.489910000819,873.764185442829,34.7858750359961,25.5139870616334,1726.67571688979,1554.61261553167,0.00470476447450911,0.0043366486003088,4.55929015383282e-06,0.00138449074914557,0.00875192393217315,2.90175562907946e-05,2.63170280770733e-05,1.70666268470828e-10,9.89627940274014e-06,5.36167401080959e-05,-774.218685025949,0.179728858489832,0.12372366738861,0.905,0.561193157321351
"constant",400,"sir_laplace",141,3.93,4751.33833563139,4438.08234479162,119.035870389871,118.571034036714,6652.44020864568,775.158545679036,5952.09983791418,436.438101496235,1208.99194290875,1129.28303938718,30.2890255444965,30.1707465742275,1692.73287751799,1514.5292208433,0.00630009605665318,0.00565587439610763,1.05339498514512e-05,0.00143473110125207,0.0125910873401442,3.46674853912572e-05,3.06079792893701e-05,3.59941178960089e-10,9.01453288699055e-06,6.82053114023501e-05,-782.860927111833,0.179270511020715,0.130751119734975,0.91,0.604665734088599
"constant",400,"sir_laplace",142,3.809,4673.1969943569,4539.47298117277,90.3773272734432,143.268872881772,6915.2387528385,751.924521730864,6111.74157886717,308.37361564739,1226.88290741846,1191.77552669277,23.7273109145296,37.6132509534712,1815.49980384314,1604.55279046132,0.0088039337699445,0.00807139082444952,1.65910488593288e-05,0.0024672454815935,0.0168728112604725,3.2824252153329e-05,2.91679948652592e-05,2.5643082629907e-10,1.00606249560652e-05,6.45537856461304e-05,-810.888525032457,0.177704611707705,0.132301912163377,0.95,0.636732501747894
"constant",400,"sir_laplace",143,3.823,4110.38172187082,3774.49050976891,107.703119816122,126.949108090028,6632.36552877441,1032.58749409894,5389.06873272133,594.017291900574,1075.17178181293,987.31114563665,28.1724090547009,33.2066722704757,1734.85888798703,1409.64392694777,0.00534712327189044,0.00484461213843459,7.39281077760189e-06,0.00134863154677391,0.0107521067657264,3.48213791183512e-05,2.96647429415112e-05,3.70093455731243e-10,9.52807719228528e-06,7.34320961662165e-05,-762.824584186596,0.18688849034343,0.131992004938484,0.895,0.58747496185257
"constant",400,"sir_laplace",144,4.157,4699.45019279755,4657.38557584705,149.761727132979,119.807974465665,6757.73907925909,1234.05551274101,6236.82376248768,674.4944736937,1130.49078489236,1120.3718007811,36.0263957500552,28.8207780768981,1625.62883792617,1500.31844178198,0.00647997570533075,0.00607660869025818,8.5217675719584e-06,0.001510206741315,0.0120316379098188,3.36951241438476e-05,2.98726765166314e-05,2.86185546931103e-10,1.04007910390119e-05,6.88384123136308e-05,-804.371284400448,0.166921558522177,0.111372044710379,0.925,0.594323293838991
"constant",400,"sir_laplace",145,3.855,4252.65865660113,4167.97923002469,107.208210772801,148.615030552657,6699.81906021104,1298.01071464455,6291.30697155863,875.445030721872,1103.15399652429,1081.18786771068,27.810171406693,38.5512400914803,1737.95565764229,1631.98624424348,0.00418737342302406,0.00379510442563396,3.83167787314918e-06,0.00125650130399275,0.00831321978985785,2.73683413208347e-05,2.47231947218702e-05,1.50585296253946e-10,1.00502312556549e-05,5.2091052427671e-05,-784.733890175757,0.185307394724603,0.137210902403257,0.865,0.558504652700109
"constant",400,"sir_laplace",146,3.788,4111.11018121292,3622.16717150962,122.347016610126,50.9775553093754,6947.72975871928,869.402839316844,6253.09623608073,432.569484914652,1085.29835829275,956.221534189445,32.2985788305506,13.4576439570685,1834.14196375905,1650.76458185869,0.00691289790856473,0.0063606696995165,1.02092658505346e-05,0.00178509531446729,0.0130456240324165,3.5043184755747e-05,2.97914831743941e-05,4.35255174592324e-10,8.7828650322191e-06,7.41437268048818e-05,-794.254962695657,0.15858549142166,0.096256316947792,0.9425,0.608330180784221
"constant",400,"sir_laplace",147,3.838,3839.24250191615,2366.08188488072,110.237765084563,102.585920792533,6686.76863559281,805.051784372348,6055.68350627197,615.371115569572,1000.32373682026,616.488245148702,28.7227110694536,26.729004896439,1742.25342250985,1577.82269574569,0.00613647360263217,0.00540072650198058,9.16569397088998e-06,0.00161628780749857,0.0122335031452964,3.23342243409672e-05,2.9280778983927e-05,2.14575624976857e-10,1.14493374454571e-05,6.33717606218068e-05,-784.766431407347,0.192481487843814,0.123019399331737,0.9175,0.593341469801066
"constant",400,"sir_laplace",148,3.741,4725.20167006834,4433.18436898042,142.760889561787,106.792157455841,6560.57566126394,840.541985850608,6443.66393156298,484.386179516043,1263.08518312439,1185.02656214392,38.1611573273957,28.5464200630423,1753.69571271423,1722.4442479452,0.00734753200085651,0.00687376385184057,1.31556329698496e-05,0.00167119622767558,0.0139995377827563,3.25429847220747e-05,2.83665470474563e-05,3.23768003885332e-10,9.2921782200008e-06,6.36925975057978e-05,-797.457796543078,0.168256709390919,0.124742356183559,0.9275,0.613218872730817
"constant",400,"sir_laplace",149,4.043,4246.90083325369,3703.67562807647,118.461149279111,113.795635482506,6648.07757102147,1318.4748388985,5773.49179741448,428.560836408434,1050.43305299374,916.071142240038,29.3003089980488,28.1463357611937,1644.34270863751,1428.02171590761,0.00743013420595214,0.00688744050255867,1.17460888033784e-05,0.00186763913143283,0.0140343953849865,3.66196745685364e-05,3.24172389643614e-05,3.91236733222686e-10,9.4219332985451e-06,7.37039420589235e-05,-769.631008337928,0.198289220958793,0.155476205358424,0.935,0.620958312106784
"constant",400,"sir_laplace",14,3.797,3745.13167440654,3850.19988994089,130.915736292709,100.87026638373,6544.21280330933,870.361635826454,6155.00970698059,377.238855293571,986.339656151314,1014.01103237843,34.4787296003975,26.5657799272399,1723.52193924396,1621.01914853321,0.00511973198885975,0.00470292862490042,5.93565760057895e-06,0.00107404161045145,0.00971871167327757,3.11759798997853e-05,2.70349248268509e-05,2.63139110123652e-10,1.07775156681093e-05,6.23310573134795e-05,-787.474203193912,0.190491705740711,0.134388989406542,0.9075,0.569715610491159
"constant",400,"sir_laplace",150,4.118,5672.25513108099,5616.62833349266,172.762464851377,143.419524076319,7381.00100413009,1255.90993980564,7422.23579477423,858.039606758954,1377.42960929602,1363.92140201376,41.9530026351086,34.8274706353373,1792.37518313018,1802.38848828903,0.0102901201546803,0.00964775752966083,1.70684955481183e-05,0.00286111514539281,0.0184470009442677,3.0594333950605e-05,2.71203545829801e-05,1.9485238597209e-10,1.10166972572403e-05,6.09590132798967e-05,-786.79655658782,0.159748001736145,0.113249697870984,0.9425,0.660738498008484
"constant",400,"sir_laplace",151,3.861,2677.97245535205,1605.363728595,113.92188602164,116.198403938561,6922.1458160212,1657.60232645168,5295.35596463072,348.479708209188,693.595559531741,415.789621495728,29.5057979854027,30.0954167155041,1792.83755918705,1371.49856633792,0.00542672409366707,0.00492022343869037,6.2958760618111e-06,0.00153122384529059,0.0104434012194435,3.47059890558472e-05,3.02434901731079e-05,2.78525775647432e-10,1.10543354310037e-05,6.87463253685141e-05,-788.763602608151,0.18880910022981,0.141369296659323,0.915,0.575764783781248
"constant",400,"sir_laplace",152,3.856,5502.32827211393,4455.00877875767,100.328964629667,121.998671499701,6962.54887301883,651.078504887777,6628.99817404104,358.228340841529,1426.95235272664,1155.34460030022,26.0189223624654,31.6386596212917,1805.64026789907,1719.1385306123,0.0110351739076073,0.0102806123584498,2.51298517754591e-05,0.00267410571022059,0.020848725247679,3.68313037962647e-05,3.14104585055236e-05,4.6760472901038e-10,9.07200501457028e-06,7.74103854851906e-05,-799.148921833303,0.164755984848657,0.123224264737002,0.965,0.680462709225828
"constant",400,"sir_laplace",153,3.97,4837.56712292669,4413.18682917418,80.0738171939118,85.3021061895259,6923.66049172246,750.190103429818,6201.08665898919,400.97810806463,1218.53076144249,1111.63396200861,20.1697272528745,21.4866766220468,1743.99508607619,1561.98656397713,0.00692366073028658,0.00639249387965583,1.05040224906699e-05,0.00166471630680119,0.0133003513570293,3.19181610766681e-05,2.83241535518715e-05,2.43999833168178e-10,9.58378698701141e-06,6.39286702157377e-05,-795.487878052659,0.181119832903402,0.128048488713037,0.925,0.598781961299915
"constant",400,"sir_laplace",154,3.883,4094.52730125945,3734.35109893053,127.278448782041,76.3924776017754,6886.1315408276,782.455875577056,6261.78088283128,240.580877742595,1054.47522566558,961.718027023057,32.7783798048006,19.6735713628059,1773.40498089817,1612.61418563772,0.00844363666608786,0.00789896000702523,1.58739128201298e-05,0.0019078855123428,0.0156909499562625,3.58814260327731e-05,3.18286486185355e-05,3.5534474882311e-10,9.10109932694143e-06,7.21100475360093e-05,-781.196612147584,0.18375442686831,0.1320694903568,0.955,0.647328493129775
"constant",400,"sir_laplace",155,3.785,4275.5624621338,3991.03577515542,129.939244915628,170.441717091805,6499.28792392748,1255.01325563215,5935.1327310169,543.778518517784,1129.60699131672,1054.43481510051,34.3300514968633,45.030836748165,1717.1170208527,1568.06677173498,0.00553993312880019,0.00507299230938064,7.32234449280736e-06,0.00145065192308122,0.0108805973492253,3.05095534342599e-05,2.73673972867535e-05,1.95724089777222e-10,9.46717127822442e-06,5.89990569947019e-05,-784.519763945408,0.180344416967418,0.124262072112226,0.91,0.574348584481388
"constant",400,"sir_laplace",156,3.806,4258.77897854417,4088.85336795824,95.5030872364029,108.139065362461,6552.34328947626,842.172165092553,5428.61170201314,505.243632535377,1118.96452405259,1074.31775301057,25.0927712129277,28.4127864851448,1721.58257737159,1426.32992696089,0.00632602446961006,0.00584109229143111,8.09739822706591e-06,0.00177094081498131,0.0119830702653623,3.75335904983131e-05,3.38127379717959e-05,3.16854985792247e-10,1.17303019401514e-05,7.48156545355243e-05,-780.847359996392,0.206394540070468,0.152686425789123,0.895,0.608867190083141
"constant",400,"sir_laplace",157,4.113,3822.86073098532,3623.94766936409,103.017016005397,147.867569460641,6414.6785381636,1129.88671160916,5847.69527814317,835.750447121239,929.457994404406,881.095956567976,25.0466851459754,35.951269015473,1559.61063412682,1421.75912427502,0.00427345796203436,0.00375406993339953,4.68707270765735e-06,0.0012360626167092,0.0086232197948158,3.0816502600837e-05,2.80710464794666e-05,1.90382113344879e-10,1.07168933380447e-05,5.773108407425e-05,-796.084307014151,0.1799073262281,0.118926165409575,0.895,0.554641864198118
"constant",400,"sir_laplace",158,3.8,3859.10387609985,3725.61445679231,115.837603796888,138.907385107413,6954.32432618042,1571.55293203981,6147.66399779045,708.824449136265,1015.55365160522,980.424857050607,30.4835799465494,36.5545750282666,1830.08534899485,1617.80631520801,0.00473721788577197,0.00433616190217316,4.51433347462539e-06,0.00134691549510074,0.00891658526877083,2.97626705756071e-05,2.73822763292889e-05,1.61672084207254e-10,1.08064883788439e-05,5.36677731252633e-05,-790.675335563334,0.186567872426637,0.113782850107416,0.905,0.561437484064806
"constant",400,"sir_laplace",159,3.867,4854.98914020291,4528.58790605894,144.580984409335,58.9234846815349,7076.50780904471,926.998431741487,6241.43081766127,199.37204198854,1255.49240760355,1171.0855717763,37.3884107601073,15.2375186660292,1829.97357358281,1614.02400249839,0.00806357116265489,0.00741949592590006,1.29050975334881e-05,0.00246123794378523,0.0153037546982644,3.65853004187513e-05,3.20662931917751e-05,3.52001609099115e-10,9.94870004879731e-06,7.3107055827259e-05,-774.148138132937,0.160540871967468,0.117798282968404,0.9525,0.637833655281605
"constant",400,"sir_laplace",15,3.747,5773.47576026564,5159.07837204195,91.0546271889752,81.1124066579577,6808.98180382386,340.052106453355,6320.20835186665,349.553407407988,1540.82619702846,1376.85571711822,24.3006744566254,21.6472929431432,1817.18222680114,1686.73828445867,0.012601549303592,0.0119887572594019,3.23467210290972e-05,0.00294016654215578,0.0230460194599676,4.21901901921773e-05,3.50103362500543e-05,6.55519028672711e-10,9.91286263718868e-06,9.12899570250704e-05,-787.537315842245,0.174745491402478,0.131169347971303,0.9625,0.697530357043053
"constant",400,"sir_laplace",160,4.12,4581.86099856555,4314.98198261112,135.445720129225,136.417617264943,7095.31510324567,621.833162442112,6662.42372416332,680.866812191368,1112.10218411785,1047.32572393474,32.8751747886467,33.1110721516852,1722.16386001109,1617.09313693284,0.00601198628223099,0.00536459776760763,8.91762547853226e-06,0.00131164264256567,0.0117815589586934,2.75055287023236e-05,2.49112541046823e-05,1.41986900167983e-10,1.01258207646108e-05,5.15053509215744e-05,-790.965452701375,0.169061093383436,0.123877804230503,0.9375,0.595264460197166
"constant",400,"sir_laplace",161,3.872,3926.16996430841,3856.73813509563,136.263717592475,110.812162708401,6434.04045156998,1461.09953350247,5496.9853786996,453.602132063051,1013.99017673254,996.058402658996,35.1920758245028,28.6188436746904,1661.684000922,1419.67597590382,0.00460130273460386,0.00404504091303143,5.53453322200454e-06,0.00129177159859661,0.0094566959327825,3.23014362672585e-05,2.75546882147499e-05,2.94506989346481e-10,9.12368517380914e-06,6.68188202709263e-05,-804.006854720458,0.183950219623078,0.122503698478653,0.8975,0.556585909135676
"constant",400,"sir_laplace",162,3.84,4861.83483942405,3998.85706439751,82.1977065708866,110.814956802375,6078.51546828633,605.13362019973,5791.66724863862,307.144551276466,1266.10282276668,1041.36902718685,21.405652752835,28.8580616672852,1582.9467365329,1508.24667933297,0.00715386098073665,0.00588511333753035,2.19885957721111e-05,0.00126771984329593,0.0165901521252754,3.13913805840828e-05,2.85953832655503e-05,1.94248402034136e-10,9.3911261193953e-06,5.87285828571451e-05,-814.90393795483,0.176031396375506,0.131848381274513,0.9225,0.613739919723609
"constant",400,"sir_laplace",163,3.786,3778.37480982265,3579.45502551086,165.734720893105,99.9155664992307,7271.52808213039,1021.23171010205,6146.66285493688,402.230184163955,997.985950824788,945.445067488341,43.7756790525897,26.3907993922955,1920.63604916281,1623.52426173716,0.00928337302812333,0.00870676132033693,1.55055238700384e-05,0.00293255706842568,0.0172027584631294,3.8940945699167e-05,3.29817781818381e-05,5.21885458155039e-10,1.03165944561685e-05,8.56727455916169e-05,-772.375584643578,0.17622598952579,0.139508622914617,0.96,0.655213967446145
"constant",400,"sir_laplace",164,3.979,3952.45202466785,4561.39977734027,129.09600367324,113.59494062924,7168.56523619124,929.310351873219,6680.20037253249,259.846604961456,993.327978051733,1146.36837832126,32.444333670078,28.5486153880976,1801.59970751225,1678.86412981465,0.00696155697035946,0.00635854364516187,9.46989308738759e-06,0.00208234977325142,0.0133631483009479,3.32011125526885e-05,2.96451096785295e-05,2.5764916244995e-10,9.53592380799487e-06,6.39022481674818e-05,-807.090333869314,0.163805287787613,0.109446276355823,0.9525,0.608997071090997
"constant",400,"sir_laplace",165,3.773,3753.02149358073,2903.18914776647,142.489194999527,126.500596962258,6984.12050641941,1173.80752695081,6201.23378100911,530.754684500144,994.704875054528,769.464391138741,37.7654903258751,33.5278550125252,1851.07885142311,1643.58170713202,0.00463862851786399,0.00430682144125242,4.04750405654943e-06,0.0015451793446216,0.00862703340954318,3.05018903844305e-05,2.70850469866908e-05,2.17744495562473e-10,9.50436006892722e-06,6.08289205382876e-05,-801.705670511751,0.178962621293971,0.127213474462155,0.9025,0.557024113117828
"constant",400,"sir_laplace",166,4.03,4933.61024275728,4669.43148124752,152.29588236611,167.311341538791,7259.97205515005,1055.86407724566,6917.99836333706,559.006254344939,1224.22090391,1158.66786135174,37.7905415300521,41.5164619202955,1801.48189954096,1716.62490405386,0.00721872110752399,0.00669131021673276,9.43749830153323e-06,0.00212225432112399,0.0131078058803341,3.10642030188526e-05,2.74765289591995e-05,2.30625394317321e-10,9.67441225706299e-06,5.94964471031147e-05,-781.896170585854,0.185136410629483,0.134273473352108,0.94,0.607871340791027
"constant",400,"sir_laplace",167,3.947,3962.82147711838,3549.28808977667,106.994057396916,106.537995845957,6771.94513918726,1003.92636582836,6046.59937079145,389.79930705465,1004.00848166161,899.236911521831,27.1076912584028,26.9921448811646,1715.71956908722,1531.94815576171,0.00641207086012183,0.00589122613098227,9.85299659393389e-06,0.00167254601058996,0.0129276905643687,3.37676113340279e-05,3.00072345033543e-05,3.21570274131374e-10,9.29533991963153e-06,6.55969101419911e-05,-816.521600857924,0.165057907819285,0.113889097309396,0.93,0.593744204487298
"constant",400,"sir_laplace",168,3.753,4588.11378394444,4672.58207271417,86.1155822309019,179.524067214,6488.98790775245,562.69564571514,6931.98605420154,888.517176705268,1222.51899385677,1245.02586536482,22.9457986226757,47.8348167370103,1729.01356454901,1847.05197287544,0.0075607748302127,0.00677040148948866,1.46190730696243e-05,0.00176190624824573,0.0154187000778568,2.91942314165486e-05,2.61804352164847e-05,1.99882531791871e-10,9.79341296470284e-06,5.67240557672414e-05,-790.154878345466,0.172285504189052,0.12253989788633,0.935,0.623012631362102
"constant",400,"sir_laplace",169,3.873,3972.8732569068,3778.01803692226,116.274102719056,47.8431898375442,6586.98944945188,1286.90107632921,5406.95081499949,270.159996475262,1025.78705316468,975.475868040862,30.0217151353102,12.3530053802077,1700.74604943245,1396.0626942937,0.00507362744511549,0.00463625427385291,5.14645628538681e-06,0.00148962906537912,0.00941482655183264,3.96385773225434e-05,3.48547772561401e-05,4.0365619180782e-10,1.09327084353212e-05,8.00061739019646e-05,-776.125344300618,0.151486393924403,0.103151979124523,0.9375,0.578454109783347
"constant",400,"sir_laplace",16,4.116,5322.4668869468,4589.55451536463,127.152628120096,102.476320096929,7449.46652218264,1287.23679399877,6135.5163234879,385.114085512045,1293.11634765471,1115.05211743553,30.8922808843771,24.8970651353083,1809.88010743019,1490.65022436538,0.00785945607019646,0.00740688157182116,9.85033923690129e-06,0.00270479275660355,0.0141256110506114,3.34874554404967e-05,2.86107602251964e-05,3.32160703859995e-10,9.50036608983432e-06,7.04544662749897e-05,-781.101342440285,0.192133074293866,0.138092280783151,0.94,0.618901447808869
"constant",400,"sir_laplace",170,3.817,4631.85046175779,4326.55510687864,100.671800536495,125.115559645548,6911.68768052471,678.38061574862,6080.136800963,288.829015580873,1213.47929309871,1133.49622920583,26.374587512836,32.7785065877779,1810.76439102036,1592.90982472177,0.00569235119869662,0.00512783567143907,7.8389052639294e-06,0.00133372283437757,0.0113746804772418,3.43052811479466e-05,3.00531444631086e-05,2.92719125269413e-10,1.07761699730678e-05,7.06657351485792e-05,-809.26857470836,0.183870307331607,0.125160432203286,0.915,0.58350298998395
"constant",400,"sir_laplace",171,3.827,3861.24647071202,3599.16057307019,86.1974848972945,136.924841618839,6871.50707448113,1055.48604514084,5865.65502867805,588.792009376197,1008.94864664542,940.465266023044,22.5235131688776,35.7786364303212,1795.53359667654,1532.7031692391,0.00434908198501178,0.00387106313767121,4.14571879446066e-06,0.00131108094795799,0.0085739319770778,2.99939711979349e-05,2.70214162686545e-05,1.72783070019159e-10,1.06618901660136e-05,5.61818605766561e-05,-767.887796828448,0.180054524970854,0.120796389454048,0.915,0.558604322649488
"constant",400,"sir_laplace",172,3.95,5620.12021678868,5236.56536788895,170.543970677002,69.3829546650419,7623.34994927824,1080.1592116035,6539.88950558126,299.056765278566,1422.81524475663,1325.71275136429,43.1756887789878,17.5653049784916,1929.9620124755,1655.66822926108,0.00901359805343893,0.00862136499226023,1.13275057420323e-05,0.00348807140451792,0.0157010252328891,3.21188314106144e-05,2.7357804414266e-05,3.53083402894314e-10,9.00609935934306e-06,6.69624123647437e-05,-770.498682723026,0.164419950066508,0.113108924460812,0.95,0.643897996946595
"constant",400,"sir_laplace",173,3.894,3891.02405383179,2978.86951707024,111.026605158991,90.987301237861,6863.49683747718,1685.17286034157,5569.52228259433,365.718772912169,999.235761127836,764.989603767395,28.5122252591142,23.3660249712021,1762.58264958325,1430.28307205812,0.00599365207322828,0.00546543777169855,7.10387896018153e-06,0.00180913280554945,0.0113639858704631,3.68104485457394e-05,3.1465178089282e-05,4.05701627500177e-10,1.01755184466027e-05,7.83822780321194e-05,-779.027757578389,0.188401764481902,0.133472255577047,0.9325,0.59272565877376
"constant",400,"sir_laplace",174,3.755,4370.54173050586,3809.15255604145,145.795511880166,135.45649242638,6976.19363321377,1275.77370246515,6110.07840605632,527.09916320388,1163.92589361008,1014.42145300704,38.8270337896582,36.0736331361865,1857.84118061618,1627.1846620656,0.00575022049015255,0.00525846946297155,6.83353753444396e-06,0.00146945456324825,0.0107866385657549,3.30869274644778e-05,3.00323158311222e-05,2.29330420124084e-10,1.05532593987245e-05,6.44475631387584e-05,-773.158764020078,0.165909689144216,0.113092973441098,0.93,0.58417407216622
"constant",400,"sir_laplace",175,3.777,3106.44578862257,3116.19138791393,176.344071739209,167.237448592979,6614.8515030731,2418.59120957558,5746.47645275351,838.767168583135,822.463804242142,825.044052929291,46.6889255332829,44.2778524206986,1751.35067595263,1521.43935736127,0.00356263071006461,0.00324814577808128,2.6902364320536e-06,0.00106033874428555,0.00683463582024893,2.76462510494389e-05,2.43528891816899e-05,1.92185473577645e-10,8.97934054970243e-06,5.52723254465574e-05,-784.679451482875,0.204200231433949,0.143675074640075,0.865,0.529738925925313
"constant",400,"sir_laplace",176,3.924,4521.90666433163,3680.19129880197,102.685781995335,177.417673377047,7163.61977574743,635.669354837022,6162.32187630971,816.563851416461,1152.37172893263,937.867303466353,26.1686498459061,45.2134743570456,1825.5911762863,1570.41841903917,0.00795193373836911,0.00724792809968362,1.34045247869147e-05,0.00219396484277919,0.0153942413296101,3.05601078691504e-05,2.6686560324449e-05,2.23688928335217e-10,1.08796533817918e-05,5.99076369343381e-05,-797.680905541822,0.203846820817073,0.155736164952443,0.9125,0.631096977740324
"constant",400,"sir_laplace",177,3.936,3667.45702037041,3691.26846867421,113.475752422058,139.510150436935,6536.70816278372,653.187828207808,5932.96046013001,564.478294549387,931.772616964027,937.822273545276,28.8302216519456,35.4446520419043,1660.74902509749,1507.35784048019,0.00507283532896236,0.00446603636159628,7.01745729838611e-06,0.00144131834696949,0.0102807919092396,3.04941111145646e-05,2.67467268002255e-05,2.2777995296588e-10,9.30967605830474e-06,5.97071237001931e-05,-777.397098636883,0.173959324981249,0.122266916982654,0.89,0.574425321568005
"constant",400,"sir_laplace",178,3.794,4251.10767047029,3945.51425243726,110.175516163047,101.902453037907,7156.50721604148,1129.26912299002,6410.25363581668,421.301744631173,1120.48172653408,1039.93522731609,29.0394085827747,26.8588437105712,1886.26969321072,1689.57660406344,0.00788098593076566,0.00728938506361388,1.17415732979667e-05,0.00205569670465426,0.0147819075246246,3.04958641399769e-05,2.71876929170001e-05,2.2261526249056e-10,9.49078161232911e-06,5.93324237103566e-05,-800.081964915743,0.158350560642067,0.113301598666606,0.9575,0.620460657174249
"constant",400,"sir_laplace",179,3.837,5343.88155456261,5013.44366219077,111.002915893748,120.284521948674,7251.20677065543,829.240748095596,6422.93610763346,638.607690658597,1392.72388703743,1306.60507224154,28.9296106056158,31.3485853397638,1889.81151176842,1673.94738275566,0.00831874060704253,0.00794412469891342,1.20450735999668e-05,0.00241238263612288,0.0149742901110867,3.18034826206995e-05,2.75934393204318e-05,2.73681234003452e-10,8.87730908615696e-06,6.27463917661827e-05,-777.084027693201,0.211096165008927,0.143046542118998,0.9025,0.629503323551262
"constant",400,"sir_laplace",17,3.754,4456.88838974195,4414.06378337272,68.0213020364548,122.115532759381,6940.23713572451,553.54812683862,6778.06926372701,608.347871854709,1187.23718426797,1175.82945747808,18.1196862110961,32.5294439955731,1848.75789443914,1805.55920717289,0.00654490818844589,0.00605965410210766,8.87741496119284e-06,0.00147676084055216,0.012282932571985,3.07995355755226e-05,2.77032900932732e-05,1.91490411631863e-10,1.08518261672437e-05,5.87884404857299e-05,-785.402251352822,0.14762632391421,0.0979433453148843,0.9475,0.602978674681056
"constant",400,"sir_laplace",180,3.855,3241.43349296135,3773.04997561743,118.482663502296,152.708045522554,6831.25017147496,934.265005528074,6119.72460352499,565.544031080347,840.838778978302,978.741887319696,30.7348024649277,39.6129819773163,1772.04933112191,1587.47719935797,0.00480684349968601,0.00435594352723196,5.39975252932583e-06,0.00128280287254236,0.00924725787803618,3.2137667650161e-05,2.84039331267948e-05,2.41125360549509e-10,1.03389429485469e-05,6.3407162133466e-05,-802.691160404451,0.180129860596054,0.132222395345179,0.915,0.556259940615092
"constant",400,"sir_laplace",181,4.071,4046.13163481962,3834.67104467017,113.997439974284,87.92215396828,6897.10960978696,856.365506253971,5851.9040721156,260.560440111471,993.891337464903,941.948180955582,28.0023188342628,21.5971883980054,1694.20525909776,1437.4610837916,0.00576486499497278,0.00514707875473478,7.2545577444812e-06,0.00168093795742541,0.011370358843063,3.74048891210105e-05,3.23013224503787e-05,4.1840131723962e-10,1.0220576085694e-05,8.01613143730476e-05,-768.134205358812,0.152065647319306,0.100095016673525,0.93,0.591717131368317
"constant",400,"sir_laplace",182,3.883,4439.91691623399,4136.60243095577,144.236450801942,111.418565784222,7387.58965626603,938.123190188067,6524.66959935538,482.012653799051,1143.4243925403,1065.31095311763,37.1456221483239,28.693939166681,1902.54691121968,1680.31666220844,0.00636134196297033,0.00588396861865536,7.27105598542903e-06,0.00195304391842086,0.0116416175211896,3.0096687650326e-05,2.65786966867644e-05,1.94017985013545e-10,1.04842139705956e-05,5.91249457864292e-05,-789.620528181915,0.172939049231844,0.109772719160415,0.925,0.594710964861869
"constant",400,"sir_laplace",183,4.025,5124.28268976887,5069.21536673891,118.141551636917,131.303178608154,6958.70884758697,734.011887534637,6758.41010050153,486.206682974491,1273.11371174382,1259.4323892519,29.3519382948863,32.6219077287338,1728.87176337565,1679.10809950349,0.00773676705095277,0.00709689012671546,1.39811189744261e-05,0.00212150287068898,0.0148889674203006,3.30296255323275e-05,2.96961507535373e-05,2.6178693306974e-10,9.35244652454443e-06,6.4084790503802e-05,-802.277739045063,0.155633343875304,0.113699784406779,0.955,0.620664209761571
"constant",400,"sir_laplace",184,4.017,4887.85278054582,4633.12979743111,120.669371939537,88.4141984573684,7170.63730858865,1108.5716693493,6302.25316870405,353.560012370064,1216.79182985955,1153.38058188477,30.0396743688167,22.0100070842341,1785.07276788366,1568.89548635899,0.00790493392641841,0.0073855624822099,1.16943136465408e-05,0.00223352881046043,0.0145714557920385,3.56226015773073e-05,3.09019629570177e-05,3.47223288058578e-10,1.14345491975287e-05,7.34390965714805e-05,-774.454914490914,0.159040825877284,0.112576259724166,0.945,0.631061504545215
"constant",400,"sir_laplace",185,4.112,4572.48233634387,3877.26703695027,88.1860896387857,127.538558881142,6748.92110239167,880.964284178374,6116.45013510101,350.367241219661,1111.98500397468,942.915135445105,21.4460334724673,31.0161864983323,1641.27458715751,1487.46355425608,0.0072457521368939,0.00666567936402364,1.1520527152684e-05,0.00152540953663918,0.0140906381139018,3.20439744581071e-05,2.83724149129693e-05,2.37047111979902e-10,9.90104139093613e-06,6.3322544711693e-05,-786.247515867204,0.169647488660173,0.117506236688834,0.945,0.620469989288484
"constant",400,"sir_laplace",186,3.868,4199.84585497037,4322.33774826794,134.480692049201,139.925504939711,7143.03863074875,564.999585896548,6417.37539907584,392.129965854608,1085.79262020951,1117.46063812511,34.7675005297831,36.1751563959956,1846.70078354415,1659.09395012302,0.0086301578311682,0.00812548393504202,1.39837542761991e-05,0.0023568625584555,0.0161672170034167,3.44811103026618e-05,2.90847863949875e-05,3.86855896743388e-10,9.41425919377967e-06,7.06927279418416e-05,-778.897547896043,0.133366872384589,0.0910603955001961,0.96,0.639111391647154
"constant",400,"sir_laplace",187,3.881,4804.3140209554,4269.56522574183,177.107944842646,98.087708266754,7057.0595438598,1905.73108967146,5511.03473152234,340.946948266076,1237.90621513924,1100.1198726467,45.6346160377856,25.273823310166,1818.36112956965,1420.00379580581,0.00911035739356037,0.00865331938966286,1.35262402978565e-05,0.00248505242613377,0.0161223217269263,4.09911833596597e-05,3.54552376813318e-05,5.61063022007991e-10,9.91193269634177e-06,8.64047187223669e-05,-773.623024750255,0.18944410013703,0.140437248857775,0.9175,0.651971168686444
"constant",400,"sir_laplace",188,3.948,4603.73812373427,4864.64845074226,92.4014119372633,123.072889713476,6842.48110349446,444.874739913141,6884.63822103272,425.738272732367,1166.0937496794,1232.18045864799,23.4046129527009,31.1734776376585,1733.15124201987,1743.82933663443,0.00909862184297023,0.00827271031482614,1.82177342437894e-05,0.00275928679950151,0.0182327268673871,3.26785095994364e-05,2.85471389083344e-05,2.96739134866186e-10,9.25728295345055e-06,6.46827877363837e-05,-797.79101061253,0.153413614051596,0.108719094684449,0.9425,0.644944931761452
"constant",400,"sir_laplace",189,3.8,4906.31527721101,4630.22669951436,91.4955734143945,105.200248554051,7062.25575275148,1252.34436650759,6353.65415169235,334.891879668605,1291.13559926606,1218.48071039852,24.0777824774722,27.6842759352765,1858.48835598723,1672.01425044536,0.00842134188428568,0.00802538635202485,1.1535075654306e-05,0.00272747298333834,0.0152073002617068,3.51266930141826e-05,3.00723982646215e-05,3.93658724343589e-10,8.94546461937788e-06,7.43020027246898e-05,-785.553344442091,0.168762059480576,0.119816665121638,0.9375,0.63301300359098
"constant",400,"sir_laplace",18,3.879,5507.09270825579,6041.99942515075,142.182039316049,149.390968676833,7685.16887181855,772.399654334457,8156.69201114619,983.044562954079,1419.71969792622,1557.61779457354,36.6543024790021,38.5127529458192,1981.22425156446,2102.78216322408,0.0132261899210921,0.0127250664188229,2.68291148510685e-05,0.00423543000108777,0.0232901121153951,3.06892737562682e-05,2.72523490588557e-05,2.11529790518064e-10,1.01566044332141e-05,6.02492709150301e-05,-793.056710097251,0.164422092306771,0.129709636057404,0.96,0.693931721547716
"constant",400,"sir_laplace",190,3.807,4678.38422891068,4437.10295534864,102.986760241437,127.129420478024,6880.51911548406,838.291642292038,5989.7798929217,378.001520655284,1228.88999971386,1165.5116772652,27.051946477919,33.3935961329195,1807.33362634202,1573.3595726088,0.00666752245279834,0.00617011652177039,8.67899017639066e-06,0.00198052094092284,0.0125689749056692,3.57958898335789e-05,2.95745350516376e-05,4.58558710942386e-10,9.74948152221835e-06,8.14389455392795e-05,-765.91332661458,0.166888974356966,0.121175410497182,0.935,0.608533820156061
"constant",400,"sir_laplace",191,3.817,5340.73300375136,5419.61785651699,102.174432313695,108.391611190728,6495.0182245955,449.795159766261,6835.6594411337,473.157436842415,1399.19649037238,1419.86320579434,26.7682557803759,28.3970686902614,1701.60288828805,1790.84606788936,0.00977968511097821,0.00880946441549248,2.32705165828729e-05,0.00221338753723341,0.0192325863477887,3.0366761238617e-05,2.67165272088773e-05,2.68287108721188e-10,9.74989575906513e-06,6.26358313625692e-05,-797.175432576508,0.163720138330261,0.123746181325548,0.9625,0.650034280667256
"constant",400,"sir_laplace",192,4.16,5346.92339601634,5179.45854750597,132.83435053195,109.515464622567,7493.39333518979,995.393168834194,7076.79020683878,434.10218604848,1285.31812404239,1245.06215084278,31.9313342624879,26.3258328419633,1801.29647480524,1701.15149202855,0.00983172909344609,0.00938737363000891,1.43202995827162e-05,0.0034900688071312,0.0175369190714527,3.24112908536144e-05,2.77401318491443e-05,3.31038291569532e-10,9.70813368540928e-06,6.60793711639072e-05,-786.139093613059,0.154596758118999,0.104659326451853,0.9625,0.64791439247449
"constant",400,"sir_laplace",193,3.845,3989.8973824903,3659.48202176026,132.558402006977,127.304929742542,7076.21040025385,2246.38349038868,5632.55806807696,525.317391810243,1037.68462483493,951.750850912942,34.475527179968,33.1092144974102,1840.36681411024,1464.90456907073,0.00607233903779009,0.0057144203113498,6.42378626051934e-06,0.00164210658875713,0.0109910009792344,3.50992094766919e-05,3.13350287563581e-05,2.689212657464e-10,1.17706942816451e-05,6.88286895608628e-05,-794.611266763223,0.169572270612335,0.117208263874006,0.925,0.588871273666322
"constant",400,"sir_laplace",194,3.863,4723.88663298856,4515.36231594433,157.365208129021,146.337138552868,7046.45241105679,1182.32891734085,6564.06411264417,991.226435748578,1222.85442220776,1168.87453169669,40.7365281203782,37.8817340286999,1824.0881209052,1699.2141114792,0.00532738058276154,0.0049840336150301,5.53292635513986e-06,0.00165645262149789,0.00978368904402837,2.98845553527551e-05,2.71101967010868e-05,1.81648449477076e-10,9.96858836559265e-06,5.56056952027627e-05,-787.004729046153,0.195980773798178,0.146119777453409,0.8975,0.573235978337946
"constant",400,"sir_laplace",195,3.947,5379.02552094295,5258.56932147878,149.320734721626,141.23111503898,6953.71780275356,1422.58837954734,6534.25425158696,627.082101221121,1362.81366124726,1332.29524233058,37.8314503981825,35.7818887861617,1761.77294217217,1655.4989236349,0.00848655116835973,0.00790917899019226,1.30787330381034e-05,0.00252917391493999,0.0156838509883402,3.40482678451678e-05,3.04742650915537e-05,2.83314102424492e-10,1.02739567008127e-05,6.69277099152043e-05,-771.722193516516,0.184080027714753,0.140154849016247,0.935,0.637037116131432
"constant",400,"sir_laplace",196,3.888,3571.56646942294,3433.74083495573,137.992232087147,102.586023315344,6694.80109640516,1385.56030103905,5912.97170473012,556.296985569972,918.61277505734,883.163794998902,35.4918292405215,26.3852940625885,1721.91386224413,1520.82605574334,0.00492634203779534,0.00442867218806966,5.73873425926498e-06,0.00123429810836686,0.00925791340630204,3.03371601692392e-05,2.68744995428058e-05,2.393185623894e-10,8.92574464263679e-06,6.05280592161827e-05,-798.776598315688,0.179628328682869,0.128948421776345,0.9025,0.568959563957122
"constant",400,"sir_laplace",197,3.884,6109.17962588719,6010.59998839121,147.799366208768,142.029167192984,6988.76747784422,621.520611300627,7534.99338646281,1141.99208329767,1572.90927546014,1547.52831832935,38.0533898580763,36.5677567438166,1799.37370696298,1940.00859589671,0.0123530633422656,0.0114452575581193,2.92607367509639e-05,0.00354710548210102,0.0231468241715081,2.90176640240636e-05,2.56693983173077e-05,2.88776380806287e-10,8.46856324336393e-06,5.59180539416528e-05,-788.720385601046,0.164371403248424,0.127149268806968,0.9575,0.694496902991615
"constant",400,"sir_laplace",198,4.123,4372.53413506259,4073.33664310685,118.187057344895,128.014449388548,6771.55971524345,1049.8175485689,5807.56646296747,500.978805329184,1060.52246787839,987.954558114685,28.6653061714517,31.0488599050566,1642.38654262514,1408.57784694821,0.00627980212422641,0.00578800201084375,7.93296647371201e-06,0.00187098882538648,0.0122571910477545,3.75124606256419e-05,3.19029804864643e-05,4.47425819901635e-10,1.00187534970661e-05,7.89858183204157e-05,-785.819318911212,0.175447841930172,0.116958736309319,0.9375,0.592915312436463
"constant",400,"sir_laplace",199,3.786,4630.42662594028,4000.88558303868,78.2658298333638,83.9316677389142,6417.64472571372,727.746803039086,6297.04754651257,377.640258386506,1223.03925671957,1056.75794586336,20.6724326025789,22.1689560852916,1695.09897668086,1663.24552205826,0.00671145267747644,0.00571835196017743,1.4223450938192e-05,0.0015753965472991,0.014776414744416,3.0740679493912e-05,2.76688099117624e-05,1.87884195291146e-10,1.08478731322826e-05,5.82668901955404e-05,-798.084827297285,0.221371970111552,0.16031183535229,0.845,0.612054242189523
"constant",400,"sir_laplace",19,3.74,6130.86654273984,6036.89217941444,159.986060712933,130.769102941119,7567.35096990524,871.495138973024,7473.08925169502,625.109028333017,1639.26912907483,1614.14229396108,42.7770215809981,34.9650007863955,2023.35587430621,1998.15220633557,0.0127553866821346,0.012165054598308,2.40293040289392e-05,0.00451669005377682,0.0231713636472146,3.43621999642247e-05,3.01092591366577e-05,3.40019129875629e-10,8.85621840156048e-06,7.02534329686827e-05,-773.48746184271,0.156079699452916,0.11348074811822,0.9575,0.690654868002256
"constant",400,"sir_laplace",1,3.926,4621.62970450968,4000.04930981298,33.61358090888,107.888819081187,6295.47758326203,396.517636241752,5859.7867096282,404.74974389403,1177.18535519859,1018.86126077763,8.56178831097299,27.4805957924572,1603.53478941977,1492.55901926342,0.00855605577832116,0.00773134761203651,1.9046087966784e-05,0.00201271830843069,0.0169788029321137,3.68172371680604e-05,3.19558921761168e-05,3.82469280043400e-10,9.80096542165398e-06,7.84254031357123e-05,-806.825632376292,0.190666900274802,0.135437895891279,0.9225,0.638377635643374
"constant",400,"sir_laplace",200,4.105,4611.25841047713,4132.14488478315,147.208454562678,134.884963678814,7259.27217886192,879.177310974682,6635.98037287959,465.665847535967,1123.32726199199,1006.61263941124,35.8607684683746,32.8587000435601,1768.39760751813,1616.5603831619,0.00691264034514149,0.00644268565236825,8.74159137031476e-06,0.00208561007000777,0.0127767334342566,3.16308301290236e-05,2.70921564514271e-05,3.21296706927124e-10,9.36885546792009e-06,6.40130837221188e-05,-781.209629287359,0.162943677522204,0.1078489179969,0.945,0.605397092979948
"constant",400,"sir_laplace",20,3.849,3465.36306685649,3393.65785127693,112.718650078071,119.812659848521,6842.75282081587,749.368018744255,5864.30380750833,412.159488615427,900.328154548321,881.698584379561,29.2851779885868,31.128256650694,1777.80016129277,1523.59153221833,0.00598431022155676,0.00556835217209759,8.44283515270609e-06,0.0013214934438986,0.0115488031717102,3.36448391923017e-05,2.92988794064553e-05,3.00816860756203e-10,1.03455150786397e-05,6.81128088073961e-05,-784.337321050099,0.153846009418541,0.101215295329354,0.93,0.587098341103966
"constant",400,"sir_laplace",21,4.106,5103.27786948205,5177.8828023496,132.094976221748,103.341568875697,6691.2814753824,893.05776739788,6300.42593070578,381.274766894786,1242.88306611837,1261.05280135158,32.1712070681315,25.1684288542857,1629.63504027823,1534.44372399069,0.00798038136083204,0.00745279308318195,1.44891028481162e-05,0.00204113628617964,0.0154039135050296,3.38127919617157e-05,3.04710798676987e-05,2.56254457513414e-10,1.09789932260737e-05,6.42624972989484e-05,-804.575435268419,0.171348577119507,0.127840244412618,0.935,0.630436809591
"constant",400,"sir_laplace",22,3.872,4432.32574868077,4324.56001082718,113.624647248795,125.428603848025,6831.68195579776,1454.81988823145,6607.89661396641,620.936320447999,1144.7122284816,1116.88016808553,29.3452084836764,32.3937509938081,1764.38067040231,1706.58486930951,0.00726333084373986,0.00685049807625717,9.57749166233757e-06,0.00190317537090064,0.0132940364747666,3.05568109133528e-05,2.63512018618063e-05,2.63593816164845e-10,8.51171875592721e-06,6.4415891606815e-05,-782.765696864893,0.171372076267462,0.121941340013884,0.905,0.615149961893509
"constant",400,"sir_laplace",23,4.148,5512.08518839902,5132.07376118672,105.136881794418,77.865562829178,7382.50971466842,848.819323677364,6771.22349752023,283.859046434169,1328.85370983583,1237.24054030538,25.3464035184229,18.7718328903515,1779.77572677638,1632.40682196727,0.00907786382755014,0.00835751245005453,1.53661750677431e-05,0.00234292175015558,0.016862538180313,3.30695016657296e-05,2.90716075919216e-05,3.43103380748026e-10,9.34818458642447e-06,6.32703211871276e-05,-795.939292153308,0.170837866767687,0.117869975484043,0.945,0.644359562448817
"constant",400,"sir_laplace",24,3.765,4750.58912287882,4338.12905731684,108.660404734717,134.701149372624,6958.37188740744,861.833113082799,6236.74463987608,469.627063556586,1261.77665946317,1152.22551323157,28.8606652681852,35.7771977085322,1848.17314406572,1656.50588044517,0.00602274027200965,0.00552638550177129,8.01654916880869e-06,0.00146643669798475,0.0117538433094726,3.29008591042434e-05,2.93260803014487e-05,2.62197377399422e-10,1.09925851967744e-05,6.52694091234352e-05,-784.092574780703,0.151633872661479,0.0990583677524044,0.935,0.587782401140308
"constant",400,"sir_laplace",25,3.935,4047.60665156492,3839.37211273407,117.365038040958,135.267090217132,6706.28457793653,1064.12625913649,6028.80442249383,475.371591624552,1028.61668400633,975.69812267702,29.8259308871559,34.3753723550526,1704.26545817955,1532.09769313693,0.00669398121286389,0.00616769164440458,1.00049746047149e-05,0.00161629112292612,0.0124827447154963,3.45890340689946e-05,3.03670171919873e-05,3.36580945844219e-10,1.06928970377445e-05,7.17071672682474e-05,-779.824198672649,0.193484286650557,0.141767795662873,0.94,0.608623332803819
"constant",400,"sir_laplace",26,4.021,3859.74692829071,3825.77295895725,147.04867776332,91.1852157001921,6842.15124495154,1372.75452821326,6281.17122108951,333.982718492814,959.897271397839,951.448137019958,36.5701760167421,22.6772483710997,1701.60438819984,1562.09182320057,0.00577794603673636,0.00538457640913544,6.44138492206143e-06,0.0016608087421131,0.010904474755136,3.44827216799224e-05,3.0431827531757e-05,3.21564777575902e-10,1.02368274606622e-05,6.7954444640797e-05,-772.659150969904,0.185414576161712,0.140084574371761,0.9225,0.594252841592662
"constant",400,"sir_laplace",27,3.83,3873.01961144069,3633.46364579555,132.967123243276,162.413423521913,6708.66104263856,1478.21557367235,6260.27675586345,912.203591765696,1011.23227452759,948.685025011892,34.7172645543802,42.4055936088544,1751.60862732077,1634.53701197479,0.00536284729168634,0.00479942947137415,6.29263130500717e-06,0.00159111004045432,0.0103057557853687,3.14990531663026e-05,2.88109990982447e-05,1.91553630641416e-10,1.04006508010595e-05,5.93194924340711e-05,-789.645141837189,0.172634304932283,0.120862084537299,0.92,0.587634742217772
"constant",400,"sir_laplace",28,4.023,5436.49383549163,4984.88517749795,102.815717962335,122.00583354501,7130.69612282465,1003.52457484309,6386.17907819334,324.129932837664,1351.35317809884,1239.09648955952,25.5569768735609,30.3270776895376,1772.48225772425,1587.417121102,0.00918741627441606,0.00851971965700492,1.57702038408898e-05,0.00250003904605762,0.0170265439974265,3.59007724321684e-05,3.01917620662843e-05,3.88971346341764e-10,1.11396645642456e-05,7.28548397833426e-05,-782.993598264445,0.157604686775535,0.112956566219325,0.9575,0.64538438138081
"constant",400,"sir_laplace",29,4.075,4094.18191826969,3743.58173941927,135.320149200205,118.049707766488,6875.72276865854,1529.82152802495,5278.84047795895,392.080766159893,1004.70721920729,918.670365501662,33.2073985767375,28.969253439629,1687.29393095915,1295.42097618624,0.00725540877870881,0.00674606164033386,1.06962084388263e-05,0.00157114163225869,0.0134557226265823,3.86456628606144e-05,3.25412843659483e-05,6.01982507031061e-10,1.07276065665688e-05,8.04101835824754e-05,-778.569238647739,0.17229194221974,0.12143752748433,0.95,0.622517567786914
"constant",400,"sir_laplace",2,3.942,5122.66882018047,4418.78969167678,118.455243950093,105.794179276137,6917.9350568467,1773.71905448054,6489.89226573716,492.748915648634,1299.51010151712,1120.95121554459,30.0495291603482,26.8376913435153,1754.93025287841,1646.34506994854,0.00694699147347562,0.00653728706065157,8.29566223202403e-06,0.00217834234625587,0.0128407854790718,3.4050327165501e-05,3.04036421821275e-05,3.103284948015e-10,8.0051130418847e-06,6.76014080228441e-05,-797.101885509224,0.179880114800717,0.13040376938839,0.9275,0.603252587869398
"constant",400,"sir_laplace",30,3.836,4754.61961428984,4817.77335725271,74.8186913130583,111.65261664782,6708.55920987297,638.456492526816,7147.10836737044,635.506326331279,1239.47330925178,1255.93674589487,19.5043512286388,29.1065215453129,1748.84233834019,1863.16693622796,0.00646146768014924,0.00588677351455066,9.5310647982884e-06,0.00169196249375993,0.0124987809932769,2.80872004659322e-05,2.50114007726923e-05,1.86256380176908e-10,8.87790231427997e-06,5.5107227977991e-05,-809.967192993957,0.18831410227684,0.132765772466907,0.9125,0.585964374016533
"constant",400,"sir_laplace",31,3.825,4101.34357662761,4152.49251436125,121.29208418997,181.219602642668,7073.68540736941,999.841283162934,5870.48143228252,590.462037500898,1072.24668670003,1085.61895800294,31.7103488078354,47.3776738935081,1849.32951826651,1534.76638752484,0.00499289314856173,0.0046209084167564,5.34756296554026e-06,0.00133947076271982,0.0096890333275976,2.98151310781921e-05,2.6649025503748e-05,2.00836418833426e-10,9.92574181873388e-06,5.6874274867764e-05,-793.137438973161,0.181432924802172,0.120322456016129,0.8775,0.562639997074726
"constant",400,"sir_laplace",32,3.916,5185.41719658723,4811.43284908686,120.534811536751,142.597213182378,6976.31507376008,889.189578055228,6745.05594620474,496.181622982095,1324.16169473627,1228.66007382198,30.7800846620916,36.4139972375836,1781.49005969359,1722.43512415851,0.00694459278998228,0.00631307294477978,1.06843377752398e-05,0.00191604606123294,0.0132934864094577,3.23847687761771e-05,2.85058844291976e-05,2.6345353351779e-10,1.04491028763929e-05,6.52884310793177e-05,-816.283747275946,0.158147858631736,0.104046741190518,0.94,0.611613058605721
"constant",400,"sir_laplace",33,3.84,4579.06968212711,4050.57584427872,83.9182020506502,12.1265273044641,6816.73398083752,704.903681157361,6672.73980388756,242.505777719041,1192.46606305393,1054.83745944758,21.8536984506902,3.15794981887085,1775.1911408431,1737.69265726239,0.00843002831419762,0.00769944960355209,1.68452812435244e-05,0.00255954818253692,0.0158819287286807,3.17791819620947e-05,2.77897788543569e-05,2.38047443665132e-10,1.0691446903814e-05,6.46863296940946e-05,-797.029337214942,0.190446589280327,0.139423510314234,0.895,0.635820874590453
"constant",400,"sir_laplace",34,4.143,4284.1017874564,3912.2550852464,113.276935396416,93.4820659972087,6815.09805564772,849.050990366112,5763.453566633,292.855170404392,1034.05787773507,944.30487213285,27.3417657244548,22.5638585559277,1644.9669456065,1391.13047710186,0.00678105416198673,0.00624551565963581,9.79598079792243e-06,0.00167906729431407,0.0130309802969134,3.90860303833712e-05,3.37932323249837e-05,4.93530445949808e-10,7.69694509204304e-06,7.96051778869063e-05,-797.830506402959,0.172238652797517,0.116331112515238,0.9325,0.603710969752324
"constant",400,"sir_laplace",35,3.843,3854.45131586487,3445.12217246233,118.294278921394,153.805846216899,6752.26102402206,2177.07378884121,5881.94741597101,859.387061267414,1002.97978554902,896.466867671698,30.7817535574795,40.0223383338276,1757.02862972211,1530.56138849102,0.00423954311580951,0.00382744378233568,3.99786603519651e-06,0.00127681285239426,0.00838232718761308,3.11046943513203e-05,2.82850457925874e-05,1.92959750892169e-10,1.00930528695832e-05,5.98302805641923e-05,-773.747437301679,0.182251792545262,0.128457482450838,0.895,0.559253698330151
"constant",400,"sir_laplace",36,4.143,4079.35228516877,4029.68217457546,125.707858727831,119.116570647774,7010.63776634312,798.174694179566,6900.69111540521,921.600436739055,984.637288237695,972.648364609089,30.342229960857,28.7512842500058,1692.16455861529,1665.62662693826,0.00452152117777857,0.00401159873884133,4.9581424496734e-06,0.00140000250065329,0.00896267164693948,2.56866075372243e-05,2.3661610393237e-05,9.9696356326022e-11,9.96571913753743e-06,4.52174798501933e-05,-802.621731688361,0.214971877719089,0.167222316071152,0.88,0.547138775337314
"constant",400,"sir_laplace",37,3.797,3989.8090174738,4039.4229960969,111.578450320024,116.470064307862,6689.77097809434,818.512072157856,6166.95244152047,460.323575009572,1050.77930404893,1063.84592997021,29.385949518047,30.6742334231926,1761.85698659319,1624.16445655003,0.00533680631820251,0.00476851770398454,7.06836757653856e-06,0.00158728642101116,0.0107670510135604,3.54511167431048e-05,3.23492886967002e-05,2.5631836445834e-10,1.14364140317438e-05,6.65168739262037e-05,-776.453274963214,0.160487927070907,0.114634190035456,0.93,0.583698843607404
"constant",400,"sir_laplace",38,3.717,5149.9150000259,3608.96240253839,127.281999790862,117.91795669327,7008.95772380551,707.000324985534,6041.47016408345,389.244929017912,1385.50309389989,970.934194925582,34.2432068310093,31.7239592933198,1885.64910514004,1625.36189509913,0.00913788957441994,0.00843107454361916,1.59398216687453e-05,0.00272907904516167,0.0170435569903091,3.75963984109049e-05,3.13876667606607e-05,5.3294635939565e-10,9.69269621926309e-06,8.29394921112035e-05,-786.497319450001,0.196215204077782,0.149945456907067,0.96,0.653439607032664
"constant",400,"sir_laplace",39,3.834,4998.62941615591,3996.79326402807,145.008774515777,123.968120439243,7051.94440677126,1179.91996285079,6205.90054175284,516.101955356285,1303.76354099007,1042.46042358583,37.8217982565927,32.333886395212,1839.31778997686,1618.64907192301,0.00692000481939035,0.00642147672205767,8.84133639762335e-06,0.00197381482662744,0.0129493099825329,3.17928326294397e-05,2.75966179031529e-05,2.6996010987886e-10,1.01366914412475e-05,6.46673172212724e-05,-783.14903156007,0.177394840584798,0.133906771134901,0.93,0.606811040143232
"constant",400,"sir_laplace",3,3.998,4272.92668888531,4285.93918365466,44.8510485477959,76.0906597096614,6733.07036576031,741.087350044784,5946.30722614703,269.955283863885,1068.76605524895,1072.02080631682,11.2183713226103,19.0321810179243,1684.10964626321,1487.32046677014,0.00659882458175946,0.00620636902794416,9.07619974878787e-06,0.00176201841335214,0.0127421389220793,3.2720973970057e-05,2.8349787048881e-05,2.82833794591072e-10,1.01530426765523e-05,6.70440352582655e-05,-812.036176585286,0.169524276720794,0.11681982499943,0.925,0.601811003622907
"constant",400,"sir_laplace",40,4.032,5148.94832159759,5066.24029043112,119.486005364403,133.371923278881,7439.12388817299,926.069137343809,6942.83455188073,570.457433602297,1277.02091309464,1256.50800853946,29.6344259336316,33.0783539878178,1845.02080559846,1721.93317258947,0.00983783115825695,0.00934408882223988,1.70202199457671e-05,0.00253074471158111,0.0174651265331817,3.31100197746933e-05,2.85128191342909e-05,3.06705139769891e-10,1.02786616685276e-05,6.94915878635676e-05,-780.857439311273,0.153923446637513,0.111532839563902,0.96,0.652092438030626
"constant",400,"sir_laplace",41,3.938,5778.45049786751,5799.41483369247,169.906203740417,133.503347876291,7118.81454079043,965.205762892195,7401.2861587846,811.915299224594,1467.3566525819,1472.6802523343,43.1453031336763,33.9013072311556,1807.72334707731,1879.45306215962,0.0115849103418934,0.0107681854470038,2.45578974153719e-05,0.00333979910439173,0.021239650876807,3.23820031303619e-05,2.85186168511394e-05,2.77723557194263e-10,9.44615794305826e-06,6.51882496262597e-05,-801.809940333692,0.151053804792171,0.1073163212716,0.9675,0.676844014350665
"constant",400,"sir_laplace",42,4.085,4746.00864167551,4316.42249661486,113.561888798084,160.685685582723,7739.74776719001,618.519607731153,6305.12608434735,444.942225508163,1161.8136209732,1056.65177395713,27.7997279799472,39.3355411463215,1894.67509600735,1543.48251758809,0.00863820396511688,0.00812139182157032,1.21473299969736e-05,0.0028055296591374,0.0154835917695288,3.19230095612613e-05,2.83968972045413e-05,2.63464022289921e-10,9.32296550057898e-06,6.297498697794e-05,-789.355849948292,0.180645602251241,0.124082125762246,0.935,0.627801222081474
"constant",400,"sir_laplace",43,4.149,4702.19138753426,4170.49769614955,119.634025172176,91.6175203495738,6928.70436123497,877.034866371585,6563.7194846129,292.06785422391,1133.33125754019,1005.18141628092,28.8344239990784,22.0818318509457,1669.96971830199,1582.00035782427,0.00692034592412395,0.00646711209397403,8.38422301147242e-06,0.00162453658895345,0.0125185808280626,3.44955785365943e-05,2.95929172001809e-05,3.72564045876226e-10,9.93801839111752e-06,7.12279236204861e-05,-790.283643845741,0.161556148995046,0.113711756841352,0.9475,0.602553925441133
"constant",400,"sir_laplace",44,3.82,1803.87194375193,1634.45447074193,127.195586588449,111.860140774895,6478.98060343195,859.481274131798,5089.22649763875,367.328549271391,472.217786322495,427.867662497886,33.2972739760337,29.2827593651557,1696.06822079371,1332.25824545517,0.00695200021989895,0.00636327891447336,1.11745382688541e-05,0.00150936491415089,0.0136768994435401,3.99630002402963e-05,3.26909194035916e-05,6.45405509972145e-10,9.84686006772129e-06,9.24970635007198e-05,-788.35436773486,0.150145239128204,0.106416341718266,0.95,0.613460383340631
"constant",400,"sir_laplace",45,3.833,4335.69954167724,3857.68389771428,140.130575678243,115.918925975458,6737.52308395474,1198.4075085061,6037.0097189589,525.481665218394,1131.15041525626,1006.43983765048,36.5589813927064,30.2423495892143,1757.76756690705,1575.00905790736,0.00537641755427825,0.00481437568941982,6.66860883299639e-06,0.00155583153091664,0.0104299136662689,3.10907841397645e-05,2.7381403369306e-05,2.56208543948695e-10,9.61089337231166e-06,6.2425843570132e-05,-786.712265669937,0.201715397340466,0.133765781754536,0.8675,0.567910700047399
"constant",400,"sir_laplace",46,4.062,5519.47594815444,5370.1080472683,119.072678677602,136.408599498011,6939.06937952765,811.620861546046,6521.33219264745,420.968804102992,1358.80747123448,1322.03546215369,29.3138056813397,33.5816345391459,1708.28886743664,1605.44859494029,0.0096593344850361,0.00879565138568717,1.98500972960262e-05,0.00236567178484878,0.018702770676924,3.30925553559836e-05,2.92669523005499e-05,2.99750312650293e-10,1.00926577426452e-05,6.6297566319722e-05,-798.626476420769,0.178831120337941,0.119845053385426,0.925,0.649581463783833
"constant",400,"sir_laplace",47,4.01,4618.50463874184,4413.56671463652,134.769024307029,146.465002638066,7039.36629555278,1116.93111838646,6180.12664154114,544.833786733393,1151.7467927037,1100.64007846297,33.6082354880372,36.5249383137322,1755.45294153436,1541.17871360128,0.00608729675893083,0.00559864715080642,7.45219205951019e-06,0.00175295062439186,0.0116040674321058,3.19580233026458e-05,2.7995739063563e-05,2.70196014849887e-10,9.351617131595e-06,6.20061680106834e-05,-795.676264214233,0.160916118879379,0.101162318450027,0.93,0.586684945817302
"constant",400,"sir_laplace",48,3.855,4039.00656478964,3497.91848067238,118.917799503518,108.409065778741,6464.72598849326,1237.70100674231,6009.94143659352,485.177343167726,1047.73192342144,907.371849720462,30.8476782110294,28.1216772448095,1676.97172204754,1558.99907564034,0.00577306630005183,0.00526156120406068,7.4102318798021e-06,0.00180788604941858,0.0114695316259765,3.55855197869694e-05,3.08639458021159e-05,3.51882552366467e-10,1.15702955845552e-05,7.22347730820746e-05,-799.306582003001,0.146472354247919,0.095502481613231,0.9375,0.591239868068131
"constant",400,"sir_laplace",49,3.773,3151.22040166578,1432.86200173649,115.899042916223,59.2837120007196,7036.17273951562,1225.49272406471,5314.34042529975,270.658554467655,835.202862885178,379.7672943908,30.7180076639871,15.7126191361568,1864.87483157053,1408.51853307706,0.00763580871297216,0.00723260051167032,9.86620155500619e-06,0.00234234811104605,0.013595477996929,3.99374228920783e-05,3.34128143983156e-05,5.32606994910127e-10,1.14114144320288e-05,8.91989112212648e-05,-783.536418345772,0.181689653630864,0.128989372996036,0.9325,0.620464172067968
"constant",400,"sir_laplace",4,3.864,5152.66283148288,4597.4361116063,138.763520877268,69.9478170984766,7125.27278784702,668.924281620712,7220.4995528292,426.807918704209,1333.50487357217,1189.8126582832,35.9118842850071,18.1024371372869,1844.01469664778,1868.65930456242,0.00891811984414322,0.00832145125610659,1.49512123849906e-05,0.00219654990789589,0.0166437882488368,3.25605500134711e-05,2.93885534045138e-05,2.45706207059996e-10,8.47280201625883e-06,6.45229795246294e-05,-791.787638057732,0.143363484748481,0.10005466329664,0.955,0.64314918683036
"constant",400,"sir_laplace",50,4.151,3806.77663558975,3521.40617062926,142.257900259545,140.584435540831,6673.05681875108,1622.91036441653,5933.92642728031,735.344791972688,917.074593011263,848.327191189897,34.2707540976982,33.8676067311084,1607.57813027007,1429.51732769943,0.00485957503307389,0.00446993205480899,4.7386440759388e-06,0.00125001078946061,0.00898544193017461,3.12521840489075e-05,2.77553192974966e-05,2.40519281976323e-10,1.01448688260802e-05,6.1900628953617e-05,-784.496629198736,0.191276535548716,0.138924258772513,0.87,0.56953101798682
"constant",400,"sir_laplace",51,3.839,4429.6089472823,4527.06715388928,133.943787788433,126.952615124472,6749.74832905065,963.366248726036,5923.5210564526,431.99281842493,1153.84447702066,1179.23082935381,34.8902807471824,33.0691886232018,1758.20482653052,1542.98542757296,0.00867727756071737,0.0078551055344346,1.76794147371441e-05,0.00177224161166321,0.0164444297948049,3.6938692631033e-05,3.14511424674437e-05,4.4092149434348e-10,9.21803219357863e-06,7.49923744864667e-05,-806.27210788154,0.17497676462833,0.124026338034241,0.93,0.635797339579956
"constant",400,"sir_laplace",52,3.828,2953.08262875943,2195.69545436993,118.483767032731,99.7150432170091,6954.89805867127,730.945622838299,6147.49737730783,280.857359917399,771.442692988356,573.58815422412,30.9518722656036,26.0488618644224,1816.8490226414,1605.92930441688,0.00648157769987243,0.00577799853439721,1.0771611287005e-05,0.00178401967832239,0.0131242492909243,3.31789697207302e-05,2.86822916653426e-05,3.25529313844835e-10,1.06332144111654e-05,6.5791103921321e-05,-781.559309320322,0.196387760649454,0.149262568336879,0.8975,0.612029510338582
"constant",400,"sir_laplace",53,4.124,4980.47336207336,4224.75665903011,141.299767180964,70.887262160661,7363.22287124656,1123.58135131824,6747.54610051494,455.792039597762,1207.6802526851,1024.43177959023,34.2627951457235,17.188957846911,1785.45656431779,1636.16539779703,0.0105912035438733,0.00992335983514432,1.79124012162345e-05,0.0031583512391303,0.0188058893410616,3.76115200253904e-05,3.12539881143409e-05,5.63802023774449e-10,8.74709181826976e-06,8.31208294483866e-05,-784.232178819049,0.152693733084134,0.113868487382408,0.965,0.671466689856423
"constant",400,"sir_laplace",54,3.757,4001.91383405907,3693.71014873369,73.1670214620851,118.63672548522,6530.50050306192,1330.93912683119,5604.69736470211,314.632676112274,1065.18867023132,983.154151912082,19.4748526649149,31.5775154339155,1738.22211952673,1491.80126821989,0.00554542576255915,0.0050671397437858,6.57920147686645e-06,0.00172259337779486,0.0109651790906816,4.11941248798213e-05,3.59733379312398e-05,4.74199394102118e-10,1.08955676885762e-05,8.18175141137437e-05,-784.031221304897,0.178360036704854,0.126933682834791,0.92,0.580948344430067
"constant",400,"sir_laplace",55,4.017,3927.23924720699,3378.73977804699,127.83731927891,108.955416953829,6815.19578257174,758.3725957018,6880.71747083914,768.398737446058,977.654778991036,841.11022605103,31.8240774903933,27.12357902759,1696.58844475274,1712.89954464504,0.00589392135703561,0.00542123423343592,7.47044282900458e-06,0.00169268183215842,0.0111763500388426,2.8641130129904e-05,2.59924964823097e-05,1.55584163365836e-10,9.82222933417122e-06,5.32609908312892e-05,-778.734941812725,0.210347755861462,0.151088529094207,0.885,0.582755699917564
"constant",400,"sir_laplace",56,3.764,5060.35240614898,5190.14638442558,133.59402072206,107.186154547602,7069.38234083633,1236.22020689144,6692.6097021872,498.165937555482,1344.4081844179,1378.89117545844,35.4925666105365,28.4766616757711,1878.1568386919,1778.0578379881,0.00797791019107624,0.00741847135218711,1.18193671738086e-05,0.00247795208784401,0.0150021126521908,3.34430909362889e-05,2.89583062529416e-05,3.18844277918037e-10,8.88466542736713e-06,6.95269720311385e-05,-792.2453063052,0.169895772850433,0.127305820633927,0.94,0.622189731305131
"constant",400,"sir_laplace",57,3.852,5004.1983198837,4628.58083726587,109.795006674429,133.590264110715,7278.49395331362,1046.42848635194,6527.75362600436,579.909008870206,1299.11690547344,1201.60457872946,28.503376602915,34.6807539228233,1889.53633263593,1694.6400898246,0.00713020116762271,0.00665674237395772,8.63437362385652e-06,0.00222828541837395,0.0128536326992682,2.98803676131736e-05,2.60249413107958e-05,2.83350388911348e-10,8.98012439279687e-06,6.01237715594395e-05,-794.059551707615,0.165018559913969,0.116303791993612,0.9375,0.604771276829416
"constant",400,"sir_laplace",58,4.157,4702.73714120982,4430.70524547909,126.93667678678,108.215308811831,6552.10649730862,1275.44352477978,5847.05846281073,350.375281436477,1131.28148694006,1065.84201238371,30.5356451255183,26.0320685137914,1576.16225578749,1406.55724388038,0.00617064864709873,0.00569395556583847,8.41163473947395e-06,0.00131557830152632,0.0114579483885189,3.52724438451329e-05,3.16355053732595e-05,2.83894736032019e-10,1.14846352461346e-05,6.6998428146125e-05,-770.696018752742,0.175838524085476,0.133426104987926,0.94,0.603910864384612
"constant",400,"sir_laplace",59,4.119,5745.98085963245,6123.37641338565,158.214803702303,107.947334224138,7487.03339725462,1506.94961947588,7000.02834306908,549.985049130434,1394.99413926498,1486.61724044323,38.4109744361016,26.2071702413543,1817.68230086298,1699.44849309761,0.0119179181642446,0.0111109879741882,2.38385266502779e-05,0.00415319443778259,0.0214632600768599,3.51717568268165e-05,3.18888403345831e-05,2.83897474297462e-10,9.46268688854721e-06,6.77006995222002e-05,-786.861348740687,0.176107342215375,0.125843477086386,0.945,0.689162655570531
"constant",400,"sir_laplace",5,3.884,5235.06311268295,4779.73183863076,116.787330170096,84.7064286365787,7239.93246375147,557.905325174848,6359.54890764695,325.111529343489,1347.85353055689,1230.62096772162,30.0688285710855,21.8090701947937,1864.04028417906,1637.37098549098,0.00821082573344962,0.00765251599388094,1.27012856270804e-05,0.00223520168033163,0.0152548596066145,3.03725169011909e-05,2.69705672311459e-05,2.10513930403303e-10,9.27231885411748e-06,5.91321069031751e-05,-791.776285214326,0.150562913375783,0.106543670905947,0.9575,0.6286791967598
"constant",400,"sir_laplace",60,3.745,4950.9212855077,4799.79766103885,151.034256813904,99.2689233514547,7220.74598285888,982.370448023137,6507.1581531386,505.595216338413,1322.00835394064,1281.65491616525,40.3295745831518,26.5070556345673,1928.10306618395,1737.55891939615,0.00744034129830352,0.0068829930463895,1.08194246709875e-05,0.00216541615132859,0.013879012701396,3.59569074233958e-05,3.19772340172092e-05,3.27883806414737e-10,1.13105198483907e-05,7.39249533251168e-05,-774.744293164706,0.162867300969901,0.12229098021455,0.9475,0.610373472646621
"constant",400,"sir_laplace",61,4.141,3880.69900049993,3704.24719973539,137.215145313499,92.5915351494876,6793.60688560559,1587.31828514768,5919.87059683749,438.498652914941,937.140545882621,894.529630460128,33.1357511020284,22.3597042138342,1640.57157343772,1429.57512601726,0.0052176516059748,0.00471965838459981,5.82819786146909e-06,0.00130908210454557,0.0101514434080663,3.27890032022434e-05,2.8816515393742e-05,2.86645094156169e-10,1.03689279802213e-05,6.59257926783956e-05,-793.982226061883,0.182331250632406,0.135283801316556,0.92,0.574089518459859
"constant",400,"sir_laplace",62,3.906,4430.55618341059,4529.61590558229,115.945763139072,162.956706338102,6558.0841402095,773.321678141312,6960.81109439327,595.253051165407,1134.29497783169,1159.65588980601,29.6840151405714,41.7195868761142,1678.97699442127,1782.08169339305,0.00957941741856372,0.00869785022931196,2.62079400223794e-05,0.00255362569805092,0.0201236373762114,3.08823280868416e-05,2.80220301248509e-05,2.01689116915075e-10,9.32988510456075e-06,5.89056826655156e-05,-805.7418310355,0.171877841518384,0.111904403609123,0.9425,0.656566829237865
"constant",400,"sir_laplace",63,3.844,5163.82340625068,4600.82352378916,128.127131946309,90.5402267143964,7085.94716621057,678.078324983343,7242.48957640753,666.737014034761,1343.34635958655,1196.88437143318,33.3317200692792,23.553648989177,1843.37855520566,1884.10238720279,0.00989116284259369,0.00925466097498555,1.74514201685389e-05,0.0029343023663526,0.0179980777439615,3.70420858307602e-05,3.30226560672101e-05,3.37612435718689e-10,1.06469885970289e-05,7.39031400532581e-05,-767.358278906775,0.166783610749757,0.116172516832351,0.955,0.664041954316676
"constant",400,"sir_laplace",64,3.903,4309.94151803879,4092.65048077663,114.990536926806,143.094370552688,6944.07906677153,817.77517847421,6336.96618990344,401.55216189796,1104.26377607963,1048.59095074984,29.4620899120691,36.6626621964356,1779.16450596247,1623.61419162271,0.00654773515829949,0.00590513001195356,9.79623066045131e-06,0.00161093795910361,0.0124310198790637,3.186220582873e-05,2.74736687717351e-05,2.36616647537429e-10,1.04280976404324e-05,6.4707557678182e-05,-784.514460019599,0.16861369315788,0.112583984972875,0.93,0.597041849795782
"constant",400,"sir_laplace",65,4.169,4350.14784205759,3861.24029147217,127.773501400727,135.986323557438,6838.47714162953,1958.49522119573,6120.69315423662,661.263429184345,1043.45114945013,926.179009707885,30.6484771889487,32.6184513210453,1640.31593706633,1468.14419626688,0.00446600346966558,0.0041079925889049,3.81477112181469e-06,0.00142036836933086,0.00848243174732424,3.05552448259261e-05,2.69340189991179e-05,2.33320235503961e-10,9.23267751189543e-06,6.34648160260542e-05,-797.606516652547,0.172564193673496,0.121311873854172,0.91,0.551440682089153
"constant",400,"sir_laplace",66,4.012,5076.26289376946,4350.37404440792,131.260458169935,150.463257007019,7001.8091942142,1172.41397762454,6340.49150197964,455.058395792247,1265.26991370126,1084.34048963308,32.7169636515292,37.5033043387385,1745.21664860773,1580.381730304,0.00684110875212875,0.00616232578744736,1.01292506372923e-05,0.00189817839618519,0.0133290398566451,3.24859781231033e-05,2.85828809722785e-05,2.44436472461113e-10,1.02734897097954e-05,6.36257570984864e-05,-792.703361913941,0.178693079193079,0.119097715523642,0.935,0.609737874209777
"constant",400,"sir_laplace",67,3.891,4793.70508065757,4490.28552833442,75.5704435718706,117.720013931675,6661.59508934281,355.936094891785,6361.47393013717,475.844882424545,1231.99822170588,1154.01838302092,19.421856482105,30.2544368881201,1712.05219463963,1634.92005400596,0.00646870799397766,0.00581869368839635,1.06913162616885e-05,0.00153645290841764,0.0127735788390105,3.12052542605653e-05,2.77985171380676e-05,2.17033170542945e-10,1.07701759605677e-05,6.18848426981545e-05,-815.022886934855,0.171583350700854,0.120990948917804,0.9325,0.589182207121884
"constant",400,"sir_laplace",68,3.716,4142.40161955493,3881.73984498029,70.7880315612311,149.922621363283,6673.60547406112,715.05490991281,5470.48730903375,507.731655537645,1114.74747566064,1044.6016805652,19.0495241015154,40.3451618308081,1795.91105329955,1472.14405517593,0.00513629121590555,0.00475592872191278,6.06393135425772e-06,0.00125385047949579,0.00975817125277246,3.31669030782108e-05,2.97350225287368e-05,2.67227610655628e-10,1.06073826114585e-05,6.65352293258665e-05,-807.776050572423,0.173325745712027,0.113716950073206,0.9325,0.566329524624719
"constant",400,"sir_laplace",69,3.82,5182.3291325238,5189.48844996743,98.6804167112279,115.652059671793,7217.13790843394,382.616146717145,6826.23990131711,382.352930754197,1356.63066296435,1358.50482983441,25.8325698196932,30.2754082910453,1889.30311739108,1786.97379615631,0.00842258193143858,0.00791534749414367,1.33830048575738e-05,0.00194087689222077,0.0156192659525583,3.11267130883136e-05,2.75435899783412e-05,2.45004352228797e-10,9.47140655810916e-06,6.03190610318325e-05,-784.651698863492,0.190955301979946,0.145470468659683,0.9475,0.629354169823417
"constant",400,"sir_laplace",6,3.822,5974.53732233517,4622.65203466221,103.962408149155,126.752056241567,7001.95935062178,559.811059580924,6979.92448121611,600.15238519845,1563.19657831899,1209.48509541136,27.2010487046454,33.163803307579,1832.01448210931,1826.24921015597,0.0131334216784488,0.0118918885780365,3.67019524444154e-05,0.00320313948953878,0.024875587935885,3.54353045191224e-05,3.1212138141343e-05,3.39232855828215e-10,9.64550638797296e-06,7.01476676357374e-05,-782.29487519724,0.184480729993408,0.144169676362965,0.955,0.711977735985858
"constant",400,"sir_laplace",70,4.01,4581.39584832221,4455.67779808419,110.270361903432,105.879710388555,6496.14677209109,897.705975088873,5896.00255757238,334.355564653229,1142.49273025492,1111.14159553222,27.4988433674395,26.4039178026322,1619.98672620725,1470.32482732478,0.00659674940744378,0.00595550715240525,1.11090164780443e-05,0.00156229118078964,0.0132948395816898,3.47789572618224e-05,3.03902302126229e-05,3.95722330415454e-10,9.12367443880597e-06,6.90344909789858e-05,-790.045548470162,0.164514168007791,0.11910293066093,0.94,0.604615906074
"constant",400,"sir_laplace",71,3.824,3793.51232953292,3515.00491490175,78.0685936889349,103.517805331674,6658.03329526183,1047.49740404895,6131.32539226581,519.874868828721,992.027282827646,919.19584594711,20.4154272199097,27.0705557875717,1741.11749353081,1603.38007119922,0.00526449790241454,0.00474479802956805,6.20719308020104e-06,0.00108790323667337,0.0101755940249471,3.21979626988047e-05,2.838339183713e-05,2.84209122750943e-10,9.98047112776865e-06,6.36219190009956e-05,-796.882722318854,0.187240460851861,0.138103397025946,0.9225,0.567236243028547
"constant",400,"sir_laplace",72,4.209,4385.10373916197,3828.87515188584,156.854795892278,121.290013966532,6973.92484980943,1289.92538601885,6604.67511637569,776.998218516522,1041.83980498027,909.687610331632,37.2665231390539,28.8168244159021,1656.90778090032,1569.17916758748,0.00468241633026748,0.00428855416229118,4.38364247777967e-06,0.00129194727424397,0.00875750168532641,2.80601212190426e-05,2.47114249517146e-05,2.21656643069873e-10,9.23328968679979e-06,5.27013210669107e-05,-844.615796704389,0.178331032513722,0.118267455442487,0.8975,0.550685745821398
"constant",400,"sir_laplace",73,4.091,3575.17898336558,3194.85635014129,130.725943501096,119.794860089222,6785.12475785028,2039.53522029858,4928.4421594763,425.72850521867,873.913220084472,780.94753120051,31.9545205331448,29.2825372987588,1658.54919527017,1204.70353446011,0.0049939978199192,0.00463200514455129,4.60116895106877e-06,0.00160114530600729,0.00930297528500369,3.79054627686898e-05,3.30949473553037e-05,3.78222681259362e-10,1.16768594394316e-05,7.615692429439e-05,-771.70379106494,0.178191554144386,0.122755463250769,0.925,0.575551683108607
"constant",400,"sir_laplace",74,3.789,5645.6233886608,5290.42857174253,147.75971125279,115.767583739147,7271.03907400171,970.870782207598,6550.98711957204,476.847834035938,1490.00353356052,1396.25985002442,38.9970206526234,30.5535982420551,1918.98629559295,1728.94883071313,0.0101640378748882,0.00934929230342346,1.99174366164501e-05,0.00264323529924595,0.0192237577489374,3.35110598728243e-05,2.85483097800271e-05,3.97208383233979e-10,9.80282361780218e-06,6.68937369391143e-05,-795.028011521037,0.17702228655862,0.129362198276123,0.9575,0.6546484903328
"constant",400,"sir_laplace",75,3.954,3509.10532265132,2824.4818863619,90.6323954277167,106.418862920408,6522.12818416881,1427.32557499215,5748.26739609253,713.826014974017,887.482378009945,714.335327860875,22.9216983883957,26.914229367832,1649.50131112008,1453.78538090352,0.00455305655789131,0.00416216246660736,4.42137148687491e-06,0.00136598808778284,0.00884547395715336,3.33935865764167e-05,2.93319550175634e-05,2.9062171613752e-10,9.8098124394851e-06,6.71368782681257e-05,-795.894138290084,0.19317531040139,0.114126812809341,0.905,0.54907933759325
"constant",400,"sir_laplace",76,4,4371.6054258073,4596.88344750335,152.942061609112,118.264285532776,7119.40771120381,1035.53988242589,6288.20517363782,570.408203985884,1092.90135645183,1149.22086187584,38.2355154022779,29.566071383194,1779.85192780095,1572.05129340945,0.00808517946406897,0.00753793407640349,1.14576506935557e-05,0.00232989450620827,0.0148816788688607,3.34840164306531e-05,2.92478462131308e-05,2.77231270168993e-10,1.11373441161086e-05,6.72282407642203e-05,-769.542341846059,0.172129238700607,0.128164040460321,0.9525,0.633936748749339
"constant",400,"sir_laplace",77,3.725,4983.48055360425,4794.8968134298,98.4029689458069,152.920391456891,6763.2818751312,460.487573487126,6111.26068365035,445.144995522882,1337.84712848436,1287.22062105498,26.4169044149817,41.0524540823869,1815.64614097482,1640.60689493969,0.00788763464496675,0.00717580501602282,1.5951238783739e-05,0.00183579280651878,0.0154517447635821,3.71397563484369e-05,3.22541084812554e-05,3.98924051489111e-10,1.08348782427258e-05,7.48641686109734e-05,-784.242990450333,0.170073493680263,0.124410751391218,0.9275,0.627661859838877
"constant",400,"sir_laplace",78,3.801,4530.03100431718,4190.78343399421,56.5332185552032,98.910841158406,6282.12047059202,547.751034116053,4790.52712540082,147.853005190003,1191.79979066487,1102.54760168225,14.8732487648522,26.0223207467524,1652.75466208683,1260.33336632487,0.00681066385350763,0.0059943411048618,1.40385808347708e-05,0.00124881438551903,0.013959080757453,4.44220396356546e-05,3.63178579193504e-05,7.74555391360107e-10,1.15130578985931e-05,9.58453191941496e-05,-780.171609020111,0.184566285176145,0.130753101482005,0.9425,0.621307914740303
"constant",400,"sir_laplace",79,3.967,6032.4371370055,5837.14115542648,182.364607560631,115.951930506003,7417.29854222133,1226.34859522202,7210.152553707,627.102777186947,1520.65468540597,1471.42454132253,45.9704077541293,29.2291228903462,1869.75007366305,1817.53278389388,0.0117837424162789,0.0108531739238461,2.50249440008866e-05,0.00318034011665611,0.021597429104929,3.20428731350632e-05,2.82277654335733e-05,2.77088944317853e-10,9.0381336933757e-06,6.35863743264085e-05,-779.025069744875,0.166990445998772,0.126877497153396,0.9625,0.690524981456389
"constant",400,"sir_laplace",7,4.101,4253.6628207568,3958.68753097036,91.1392970589807,96.5789712745179,6876.95142005437,1246.34687729614,5994.73685256232,298.460231182779,1037.22575487852,965.298105576777,22.2236764347673,23.5501027248276,1676.89622532416,1461.77440930561,0.00544968927113774,0.00499202221976232,6.88304055434226e-06,0.00157650106276531,0.010523915540209,3.35413198688716e-05,3.03764578259232e-05,2.35891808543136e-10,1.08251044625065e-05,6.46853943090682e-05,-781.363505167661,0.187378530973458,0.133819840040324,0.9025,0.579893465961928
"constant",400,"sir_laplace",80,4.033,5300.04439145975,5147.9881727915,145.539674916878,71.4279412317821,7436.49406476611,588.403256964094,6953.18162317389,285.083237594949,1314.16920194886,1276.46619707203,36.0871993347082,17.7108706252869,1843.91124839229,1724.07181333347,0.010654151992271,0.00987061697841825,2.06038250498904e-05,0.00334975854020899,0.0198111515221713,3.72765802622398e-05,3.23164775931073e-05,4.77018661123391e-10,9.47134250824487e-06,7.84135780259064e-05,-793.042422447787,0.167551717288266,0.123291287578308,0.955,0.668561205293975
"constant",400,"sir_laplace",81,3.78,4428.6043840451,4281.05151395779,142.161669939404,160.913430520679,6801.71410795361,1121.54575064208,6764.41604047162,625.518231779723,1171.58846138759,1132.55331057084,37.6089073913767,42.5696906139363,1799.39526665439,1789.52805303482,0.00581934144909875,0.00525220126715371,7.99509432946998e-06,0.00155629186688157,0.0114026003734601,3.09218170113736e-05,2.82562827902135e-05,1.7100532497361e-10,1.11679218315649e-05,5.6260340629238e-05,-786.876754244705,0.1944088449969,0.141320328072602,0.905,0.590963429817692
"constant",400,"sir_laplace",82,3.86,3888.69230876093,3387.0916302395,101.653089158968,84.532394287105,6989.15382903526,1625.13029202929,5086.07399175681,227.490796562233,1007.43324061164,877.484878300389,26.3349971914424,21.8995840122034,1810.6616137397,1317.63574915979,0.00743682232508759,0.00680065114725459,1.11985753629486e-05,0.00216867821554679,0.0145331470095267,4.31705115139383e-05,3.53044202825663e-05,7.69512558047278e-10,9.16598929295719e-06,9.6599722109929e-05,-777.212516690556,0.155984230852495,0.110457191851859,0.9525,0.62798746647333
"constant",400,"sir_laplace",83,3.979,4623.22786110537,4473.11295733725,92.2643926119546,130.940503026195,6556.32479291956,881.879927809433,6258.58648949018,452.859565122215,1161.90697690509,1124.18018530717,23.1878342829743,32.9078921905492,1647.73179012806,1572.90437031671,0.0071772896798787,0.00624933777042679,1.3384117208653e-05,0.00177077040916091,0.0147348389105097,3.42530723314432e-05,2.97541471004858e-05,2.91702024398507e-10,1.11717543010851e-05,7.05922341135572e-05,-781.10075928754,0.198536774062417,0.150196869796137,0.9425,0.611992705430652
"constant",400,"sir_laplace",84,4.035,3646.17181245823,3100.06549092563,109.464425516777,77.4959056202264,6889.96454966408,2051.24292466813,5512.93368224687,297.632023375342,903.636136916538,768.293801964221,27.1287299917664,19.2059245651119,1707.55007426619,1366.27848382822,0.00582175850447163,0.00541038308190497,7.73045091652527e-06,0.00136847578625311,0.0111826716807363,3.26278887510578e-05,2.90300731098252e-05,2.32231863188809e-10,9.08638976283386e-06,6.26045103706106e-05,-782.640011929885,0.193195605739555,0.144050556214121,0.92,0.587733299037266
"constant",400,"sir_laplace",85,3.789,3611.21805802237,3498.96413436467,107.346228096992,122.707582032446,6728.61406446435,674.475218089195,5845.75765706115,622.612518800228,953.079455798988,923.453189328233,28.3310182362079,32.3852156327385,1775.82846779212,1542.8233457538,0.00562747493628879,0.00512018124882121,7.54859275639349e-06,0.00137345454391631,0.0109086735759252,3.04331164930176e-05,2.6915884219127e-05,2.23285996301787e-10,1.00268397382697e-05,5.76918552775755e-05,-800.79329868031,0.19499934370006,0.129826689890729,0.9175,0.581323745352002
"constant",400,"sir_laplace",86,3.855,4127.9733032506,3687.41937093973,95.9369303379117,99.7871823346311,6810.79315915073,1005.35680793395,6079.25706417935,381.22863108614,1070.81019539575,956.529019699021,24.8863632523766,25.8851316043142,1766.74271313897,1576.9797831853,0.00704237886216738,0.00640948444465997,1.12525334430688e-05,0.0016725438992588,0.0133916850120806,3.39383101825487e-05,2.99851408868578e-05,2.77701621728048e-10,9.19959206377344e-06,6.71782233609887e-05,-783.242381137092,0.170273562885592,0.117537043778694,0.935,0.613328234869983
"constant",400,"sir_laplace",87,3.783,4337.94597025527,4050.29994986516,167.968832105417,99.8483512799047,7112.00351328347,1462.72581333722,6260.49889731201,686.829035259716,1146.69467889381,1070.65819451894,44.4009601124549,26.3939601585791,1879.99035508418,1654.90322424319,0.00611235619210016,0.0056670988565046,6.87625730682537e-06,0.00193993710070112,0.0114153319208171,3.201070320116e-05,2.78724893423504e-05,2.7617989349809e-10,1.03906234726108e-05,6.48709183929741e-05,-797.330704742374,0.18032287642248,0.127614336554313,0.9225,0.584208190643098
"constant",400,"sir_laplace",88,3.836,3682.34909134951,3383.73075133031,114.75053056268,91.6609649602092,6899.08170638918,785.095050105485,6028.09083416499,342.299518963181,959.945018599977,882.098736008944,29.9141111998645,23.8949335141317,1798.50930823493,1571.45225082507,0.00538097360086141,0.00496323094986909,6.59473017358892e-06,0.00134622771040443,0.0103238299233786,2.98327201500242e-05,2.61571612670958e-05,2.52542604482779e-10,8.8855501175214e-06,5.86827483589528e-05,-816.327385626946,0.202494710739905,0.134506338300366,0.88,0.572355064707409
"constant",400,"sir_laplace",89,3.89,6214.11166310727,5925.78173468791,149.582900372309,156.490756229061,7322.43068063464,744.053375442469,7215.15994379524,665.744565577757,1597.45801108156,1523.33720686064,38.4531877563776,40.2289861771365,1882.37292561302,1854.79690071857,0.0117562573945552,0.0109341404580205,2.65597330669887e-05,0.00316753202648498,0.0218416137775697,3.11094225512916e-05,2.82049341320949e-05,2.13133015735954e-10,9.4324108357074e-06,6.0981630014897e-05,-798.243552998811,0.16329427291767,0.115728993704355,0.97,0.684262539761094
"constant",400,"sir_laplace",8,4.058,4392.98462419796,3855.29810614086,39.0933613184538,113.318425602935,6633.66931219213,1098.24873635784,5961.29731677371,361.540252999935,1082.54919275455,950.048818664578,9.63365237024489,27.9246982757355,1634.71397540466,1469.0234886086,0.00561038720277029,0.00505678838161281,7.36169827726778e-06,0.00138518552561479,0.011088098437301,3.30187596312385e-05,2.85913094641433e-05,3.08741072286138e-10,8.1251542037686e-06,6.77232377505412e-05,-788.26136402856,0.189098799558648,0.138199136798896,0.9075,0.582055241112129
"constant",400,"sir_laplace",90,3.735,5483.87372909904,5063.85071413408,95.2901051959287,107.724855736094,6549.03270008782,436.724633497624,6863.10473891893,438.391526413054,1468.23928489934,1355.78332373068,25.5127457017212,28.8419961810157,1753.42240966207,1837.5113089475,0.00853240844841386,0.00744003634183847,2.21912295237151e-05,0.00207406936771842,0.017547218313966,3.10068363945763e-05,2.83532399772463e-05,1.91345254072105e-10,9.94812458758674e-06,5.89383482984217e-05,-813.043828097866,0.17605809771168,0.129740174909385,0.94,0.638905180127703
"constant",400,"sir_laplace",91,4.076,4265.80186278911,3980.28701766667,145.231640183799,40.9119013654954,7134.37483041244,775.12897123963,6896.29321474409,979.683388501069,1046.56571707289,976.517914049723,35.6309225181058,10.0372672633698,1750.33729892356,1691.92669645341,0.00659715795719403,0.00618834642405002,8.39047355956156e-06,0.00148546244438759,0.0117809682544942,3.0782303113949e-05,2.79936677497675e-05,1.79388881031174e-10,1.10608085813313e-05,5.74167254497104e-05,-797.832368215316,0.207726655226908,0.15162037772598,0.885,0.607044418306224
"constant",400,"sir_laplace",92,3.882,5051.63555274544,5147.23671022642,91.6309729531154,128.34677043396,6965.03798837791,466.68767042366,5877.36110432327,382.700749299744,1301.29715423633,1325.92393359774,23.6040630997206,33.0620222653168,1794.18804440441,1514.00337566287,0.00959489663820488,0.00899856660101545,1.8264598030855e-05,0.00205049458447742,0.0179797542502671,3.48625636990687e-05,3.01147503146926e-05,3.32799992395894e-10,1.02496087270916e-05,7.19408290652952e-05,-784.985813058468,0.171417468572893,0.123458761831695,0.945,0.64983077994903
"constant",400,"sir_laplace",93,4.112,5052.88268406754,5109.00148429279,112.715506804782,101.919525977529,7047.09668171477,686.376376323743,6950.90174239726,363.435720298841,1228.81388231214,1242.46145046031,27.4113586587504,24.7858769400605,1713.78810352986,1690.39439260634,0.0103644131802411,0.00958871386946739,2.26612325154167e-05,0.00252660773124574,0.0198744019731932,3.28621276357906e-05,2.93491156545057e-05,2.58941796849177e-10,9.11817864496385e-06,6.50725715614881e-05,-795.669204937684,0.153072120049092,0.107355362735825,0.9625,0.661531473296329
"constant",400,"sir_laplace",94,4.05,5380.17643257832,4781.23913816255,78.3538749019807,101.287461611337,6980.24007617188,721.49683360093,6454.2309034617,304.19124508575,1328.43862532798,1180.55287362038,19.3466357782668,25.009249780577,1723.51606819059,1593.637260114,0.0083398101928266,0.0076682006033673,1.59973191365192e-05,0.00190246483077588,0.0162267162921024,3.1098149106383e-05,2.70883579922028e-05,2.64965221530928e-10,8.91778954521903e-06,6.24804780009877e-05,-797.588607185803,0.152245906736581,0.102964193189699,0.9475,0.632247076026473
"constant",400,"sir_laplace",95,3.818,5590.46497529644,5713.79664121667,174.475127765915,132.626854663748,7538.1440561839,1129.67257048589,7137.4331363163,638.332362875987,1464.2391239645,1496.54181278593,45.6980428931154,34.7372589480744,1974.36984185016,1869.41674602313,0.0119108104909018,0.0111132225830003,2.2562786984103e-05,0.00394525078503316,0.0212844419912748,3.23854879714458e-05,2.78181259994991e-05,3.11438221978789e-10,8.80570059278547e-06,6.84034636694003e-05,-776.246729385039,0.18529758864372,0.145149020718564,0.93,0.685980257355435
"constant",400,"sir_laplace",96,3.99,4252.23579210122,4226.11461005035,119.62600486114,140.821626376731,6692.99001187881,769.541570068092,6536.43644998794,531.729792897115,1065.72325616572,1059.17659399758,29.9814548524161,35.2936406959226,1677.44110573404,1638.20462405713,0.00651550809187528,0.00590566638858957,9.63534377291804e-06,0.00187280953859992,0.0133127211681421,3.37104784466062e-05,3.0209921404397e-05,2.37555386031087e-10,1.07933281733313e-05,6.5211128391187e-05,-765.937848753511,0.162525332669929,0.118215793243093,0.945,0.608493038515857
"constant",400,"sir_laplace",97,3.829,4513.46490980487,4237.34016466304,128.517711704919,102.611219005502,6727.39250618985,569.435760026995,6247.79131795071,655.648683302544,1178.75813784405,1106.64407538862,33.5643018294383,26.7984379747983,1756.95808466697,1631.70313866563,0.00619750272338911,0.00569281586045295,8.79882831783535e-06,0.00137627110370896,0.0118265947914131,3.10643124207527e-05,2.82375139397217e-05,1.85936794179165e-10,1.05316796591984e-05,5.85159094003879e-05,-790.837098222488,0.185804223036581,0.126001025244005,0.9125,0.597069586359978
"constant",400,"sir_laplace",98,3.726,3561.88857264662,3404.57512369508,85.1759462964842,158.767301746658,6595.73582509978,1443.62875021953,5501.01644400428,534.650789524519,955.955065122551,913.734601099055,22.8598889684606,42.610655326532,1770.19211623719,1476.38659259374,0.00507536820198599,0.00457131722096717,5.60486670411758e-06,0.00153019139928622,0.00975397614106253,3.95480510175074e-05,3.49464302821668e-05,4.20929453386056e-10,1.15392322554676e-05,7.94320073404303e-05,-781.560980959511,0.165986494324463,0.112874546437237,0.925,0.577058912187346
"constant",400,"sir_laplace",99,4.119,4754.45906545618,4536.00707419613,106.873231427332,100.878471512055,6813.0050038002,829.266119376147,6682.3167390165,307.280634863764,1154.27508265506,1101.23988205781,25.9464023858539,24.4910103209651,1654.0434580724,1622.31530444683,0.00620011548220202,0.00569369779347861,8.63272643417895e-06,0.00145301518147442,0.0118399788400295,2.98049957104741e-05,2.60226091731907e-05,2.28003348821665e-10,9.53164116504337e-06,5.82154706543495e-05,-792.283838950849,0.171698520233871,0.122465362564811,0.935,0.594838728579639
"constant",400,"sir_laplace",9,3.838,4852.17806285017,4162.1440904481,97.0355802997789,80.7043674739622,6677.56867494177,1117.05921793785,5622.84283146784,227.692820426679,1264.24649891875,1084.45651132051,25.2828505210471,21.027714297541,1739.85635094887,1465.04503164874,0.00686567698187504,0.00634623440918189,9.61135367669536e-06,0.00176670102434835,0.0128331195296033,3.6018074138203e-05,3.09352922257883e-05,4.33633264864496e-10,9.07536159149574e-06,7.64901752725335e-05,-782.0584354296,0.178495791822757,0.128487166021767,0.92,0.611344609301604
"constant",800,"sir_laplace",100,7.75,3564.7508747662,3481.14300345588,68.8148839132014,112.178021720476,6972.65372872499,1045.44870480677,6793.65711381157,487.145912435805,459.967854808542,449.179742381404,8.87933985976792,14.4745834478034,899.697255319354,876.60091791117,0.00337123839842516,0.00314588586266672,1.75295811977371e-06,0.00114369732231391,0.00608503144989126,1.69458894274273e-05,1.52574568326303e-05,6.04576261924507e-11,6.46547532383334e-06,3.04233139758821e-05,-1584.55926495069,0.153646337968585,0.106556803237454,0.93125,0.514763901913151
"constant",800,"sir_laplace",101,7.809,4144.83254976662,3827.59531014225,120.280496179886,82.4239280157178,7208.836277831,1474.39185262766,6824.59641234104,503.574502452967,530.776354176799,490.151787699097,15.4028039672027,10.554991422169,923.1446123487,873.939865839549,0.00339774304929263,0.00317856813939023,1.6485785881384e-06,0.0011842665324777,0.0058677009819127,1.68743096475378e-05,1.55043398733147e-05,4.43862836758646e-11,7.36050869240221e-06,3.06375441029012e-05,-1585.90423431484,0.155932677509386,0.10954760182229,0.935,0.515579718760577
"constant",800,"sir_laplace",102,7.872,4579.00245272521,4321.92314218252,108.103621492049,116.426820381733,7226.40175104492,940.906358242571,7377.95509798825,718.220512683116,581.68222214497,549.024789403268,13.7326754944168,14.7899924265413,917.988027317698,937.24023094363,0.00411223963397357,0.00379798739469219,2.60553602104836e-06,0.00153873011692519,0.00735019574315479,1.64872453426828e-05,1.56737760703181e-05,3.02838743569765e-11,7.46208070948741e-06,2.80053354823524e-05,-1596.05666015156,0.140674923268896,0.0986657113707377,0.95125,0.534113030367188
"constant",800,"sir_laplace",103,7.751,3634.31175397296,3791.48178009919,95.7263214919517,101.960530927172,7540.16673487578,1409.67012373606,6991.51252712739,593.28916343582,468.882951099595,489.160338033697,12.3501898454331,13.1545001841274,972.799217504294,902.01425972486,0.00408355233552334,0.00384749194234423,1.92692865100137e-06,0.00170002658733468,0.00691054397687444,1.87346932419282e-05,1.76215065638712e-05,4.36916502723472e-11,7.59922088502477e-06,3.199757153069e-05,-1581.10229067044,0.146128329719218,0.104636908727665,0.955,0.537372132271378
"constant",800,"sir_laplace",104,7.871,3834.54957219785,3894.679237913,97.7999873197478,128.130481171583,7220.31358419428,1938.38616781987,6498.67681034573,667.944994899408,487.174383457991,494.813776891501,12.4253573014544,16.2788058914474,917.331163028113,825.648178166145,0.00331502073474829,0.00313353668358531,1.47405904627639e-06,0.00119869490880278,0.005700706527185,1.96450578794931e-05,1.84669786308221e-05,4.71822826904979e-11,8.88835920440248e-06,3.4005465197989e-05,-1592.71374771329,0.146813378005212,0.107269263047986,0.95,0.513410274525379
"constant",800,"sir_laplace",105,7.825,4239.36699732185,4629.9873894442,93.0558371672842,103.555783025459,7624.51761529074,758.818390614404,7467.55449987865,644.052925486287,541.772140232824,591.691679162197,11.8921197657871,13.2339658818479,974.379247960479,954.320063882255,0.00604782286014379,0.00581102278937941,4.84012679333588e-06,0.00222738241622989,0.0103998403146906,1.81411410453745e-05,1.66692174747154e-05,4.6326408205354e-11,8.12108620384056e-06,3.16220117013203e-05,-1582.98102791965,0.142121775933094,0.102786435035937,0.97125,0.580542745639164
"constant",800,"sir_laplace",106,7.88,5005.93018607986,5128.66365342502,113.461835481807,152.083898633923,7642.05165723961,645.632450031272,8145.07119726669,948.945966459428,635.270328182724,650.845641297591,14.3987100865237,19.2999871362846,969.803509801981,1033.63847681049,0.00703299664886075,0.00677816454460275,6.20024071903044e-06,0.00264554353062612,0.0119068100184519,1.74727317712726e-05,1.62665773181195e-05,3.87688775147826e-11,8.12035514823024e-06,3.08537487566704e-05,-1574.37472524134,0.13812557336089,0.0996763786745091,0.975,0.600811480474924
"constant",800,"sir_laplace",107,7.512,3611.95773319942,3410.70627874745,136.025453092675,107.71873036539,7140.31650090783,1652.93721969244,6609.73678973071,391.729698477203,480.825044355621,454.034382154878,18.1077546715489,14.3395540954992,950.521365935547,879.890413968412,0.00325042968015701,0.00310955935551717,1.17551947602473e-06,0.00145445229211887,0.00548696777306962,1.90642541606301e-05,1.80308420699881e-05,4.07406424818339e-11,8.48945683690949e-06,3.11295574660967e-05,-1550.35714834633,0.142593869173029,0.100703717854045,0.94375,0.520357131730571
"constant",800,"sir_laplace",108,7.692,4643.01111122322,4593.08739407867,89.1788143317065,147.001731343023,7556.67209712325,440.296408789244,7335.90223644357,598.602986491085,603.615589082582,597.125246240077,11.5937096115063,19.1109895141735,982.406668892778,953.705438955222,0.00497041391702147,0.00475641570622064,3.30424122330772e-06,0.00183827578487403,0.00841093981222287,1.6969822960899e-05,1.61117491123639e-05,3.45993676348453e-11,7.53811426762495e-06,2.83802140579927e-05,-1600.40726909932,0.139786862531386,0.0976818003081248,0.95375,0.55601502947269
"constant",800,"sir_laplace",109,7.777,4199.90959643789,4060.79430150893,133.633954255052,113.844360403785,7185.49392637087,1139.12940582758,7305.40383406764,1184.30389083911,540.042380922964,522.154339913711,17.1832267268936,14.6385959115063,923.941613266153,939.360143251594,0.00377016857480413,0.0035704802392249,1.86185140873805e-06,0.00152446539137503,0.00665889444830111,1.71891780184837e-05,1.60343185315577e-05,3.63466237395536e-11,8.15962440322235e-06,2.96273583758808e-05,-1586.42149234754,0.13684371526548,0.0959881763320128,0.95,0.529758190211787
"constant",800,"sir_laplace",10,7.721,5602.77630245405,5411.88018802525,84.4450425561756,93.5384353527703,7651.64637374075,538.65902466501,7666.84379609452,571.604668752804,725.65422904469,700.92995570849,10.9370602973935,12.1148083606748,991.017533187508,992.985856248481,0.00560610022779169,0.00537720148549083,3.99152512850113e-06,0.00218250700562747,0.00964728667604729,1.80621326315675e-05,1.66878463303238e-05,4.58725440678234e-11,7.73363254405098e-06,3.1368345591241e-05,-1595.69391306339,0.138338295332397,0.0961328285104737,0.96625,0.568736780789221
"constant",800,"sir_laplace",110,7.742,4296.77121084703,4032.75685672722,67.3877964432702,85.4669704916405,7136.74941187404,794.734997443913,6798.19088984239,466.354812519734,554.99498977616,520.8934198821,8.70418450571819,11.0393916935728,921.822450513309,878.092339168482,0.00395223162249938,0.00366055326594694,2.40296860038671e-06,0.00127028228379251,0.00687452870926154,1.74266038304202e-05,1.61994496625641e-05,4.2082955504622e-11,6.74005496233116e-06,2.95007303328497e-05,-1567.93164380555,0.156436561889616,0.108958576857929,0.95625,0.538104590397909
"constant",800,"sir_laplace",111,7.978,4287.84650393775,4163.5330324934,103.380274632731,124.624201397349,7323.76625080266,723.50460496009,7276.56028061367,803.490763407567,537.45882476031,521.876790234821,12.9581692946516,15.620982877582,917.995268338263,912.078250264937,0.00389629779224034,0.00366931282422645,2.29653786811225e-06,0.0015779872554403,0.00691998245051183,1.58553969987457e-05,1.48014721777153e-05,3.26695089490634e-11,6.77252417283459e-06,2.71788286541159e-05,-1556.11988270649,0.135661449019783,0.0944163083256667,0.94,0.532275095554058
"constant",800,"sir_laplace",112,7.859,4292.31187792056,3753.64670504629,103.003096764077,83.813154571739,7122.46575644492,916.98752476739,6669.46118799122,487.209624735877,546.165145428243,477.623960433426,13.1063871693698,10.6646080381396,906.281429755048,848.639927216086,0.00378646197820775,0.0035171489938716,2.09208706114068e-06,0.00153201665639091,0.00665078252464719,1.8002216897613e-05,1.64758839885278e-05,5.23755569026428e-11,7.28321899220012e-06,3.33782097479198e-05,-1595.52095124367,0.148237687914671,0.105279556947748,0.9575,0.527220572713381
"constant",800,"sir_laplace",113,8.169,4563.2754551234,4686.53527885369,140.422740330768,89.0783348714851,7695.5976490928,851.788119624272,7518.91297403854,630.009096729778,558.608820556176,573.697549131312,17.1897099193007,10.9044356557088,942.048922645709,920.420244098243,0.00477349374828298,0.00453442383476133,2.73289316884533e-06,0.00182173586679704,0.00790819039807845,1.88775153836431e-05,1.79623312108123e-05,4.24336091575085e-11,8.02147831146006e-06,3.14911325121425e-05,-1551.30382347609,0.145462839453384,0.102452298123405,0.96,0.555278667184439
"constant",800,"sir_laplace",114,7.941,4677.1770905969,4388.32894838591,85.1963228897812,111.044346667026,7331.80563540153,810.819809181808,7014.9194969726,605.773305826971,588.990944540599,552.616666463406,10.7286642601412,13.983672921172,923.284930789766,883.379863615741,0.00401306613679863,0.00382682708576606,2.33394478856303e-06,0.00138834465212631,0.00693935126918779,1.70078665650651e-05,1.60309624111052e-05,3.66722553597134e-11,7.29500819538808e-06,2.85910129751302e-05,-1603.35154428975,0.149204780851778,0.106751309383751,0.95125,0.531057853250938
"constant",800,"sir_laplace",115,7.688,4740.10480969791,4372.75439807366,99.7822748897828,100.950307497146,7596.26198644028,956.583542822119,7139.08134851546,530.13968112759,616.558898243745,568.776586638093,12.9789639554868,13.1308932748629,988.067375967779,928.600591638328,0.00431302969161889,0.00401617163442022,2.33201322430722e-06,0.00195879217301748,0.00744546249274709,1.8034636052054e-05,1.62982961687181e-05,5.66049015414335e-11,6.97745508004209e-06,3.31460531772867e-05,-1572.76613778695,0.142810318553437,0.096848485898538,0.95625,0.545610080112857
"constant",800,"sir_laplace",116,7.837,3303.97222940511,3304.81757426457,52.4947007288832,101.97119811606,7100.63391473367,2016.00779814962,6647.61718513037,805.623124890807,421.586350568471,421.694216443099,6.69831577502656,13.0115092657981,906.039800272256,848.234934940714,0.00314480358908811,0.00290698717019907,1.47728407557018e-06,0.00123020395999655,0.00552757054434824,1.71759865996929e-05,1.61113362348289e-05,3.53307266612263e-11,7.88366493993493e-06,2.81465371110066e-05,-1606.44394757349,0.138236139624873,0.089531270793959,0.945,0.51257602895291
"constant",800,"sir_laplace",117,7.844,3709.17709951649,3334.60356425441,99.5415697676611,81.5248563473684,7036.03841969921,1529.69403756883,6617.92686438722,870.638859056467,472.868064701235,425.115191771342,12.6901542284117,10.3932759239378,896.996228926468,843.692868993781,0.00260144117755304,0.00244613865963344,8.77378321221694e-07,0.00105571721402068,0.00455318295997444,1.59514841445069e-05,1.48254660409391e-05,3.53236110721879e-11,6.97554975782809e-06,2.75947046346738e-05,-1582.23210192461,0.138376395761165,0.0911772371101617,0.93,0.492369386156017
"constant",800,"sir_laplace",118,7.54,4193.44929947308,3434.71143023842,78.8356403394807,92.3076106014265,7349.74191644353,582.442025628661,6975.11337140349,542.468917711635,556.160384545501,455.53201992552,10.4556552174378,12.2423886739293,974.766832419567,925.081348992506,0.00383503375715914,0.00354453206712489,2.19849124373582e-06,0.00155810381941641,0.00695222680366379,1.71793463205649e-05,1.61114531988613e-05,3.75133602224772e-11,7.31783768659721e-06,2.92232310808832e-05,-1602.58324492855,0.160766186101549,0.112080322628867,0.93,0.529847094225134
"constant",800,"sir_laplace",119,7.752,3996.631011072,3879.81798354782,100.78465052026,91.8452962176441,7377.51331026902,831.784973608038,7024.21705094417,579.521958944016,515.561275938081,500.492515937541,13.0011159081863,11.8479484284887,951.691603491875,906.116750637793,0.00393104753605965,0.00372516023662326,2.33508698496175e-06,0.00144524987900181,0.00693758867713999,1.7330124043173e-05,1.6265414449124e-05,3.85380951571703e-11,7.59116392015749e-06,2.98465092266623e-05,-1567.49595920772,0.145346554726307,0.100311176421575,0.9525,0.53660119293299
"constant",800,"sir_laplace",11,7.869,4619.52741186534,4511.43752652715,97.2350730890054,96.7348243966543,7423.38252866215,755.731030664974,7503.1112482358,573.106686658191,587.053934663279,573.317769287984,12.3567255164577,12.2931534371145,943.370508153787,953.502509624578,0.00499204327835165,0.00479127228507575,3.24978548978248e-06,0.00200766684067668,0.00862276387898926,1.81091794055859e-05,1.66387762467773e-05,4.87995002045551e-11,7.49663850091511e-06,3.25764153816221e-05,-1612.19980208962,0.129633698999976,0.0882176556831856,0.9625,0.554150117112171
"constant",800,"sir_laplace",120,7.855,3922.50263873416,3798.37872735534,91.3788955734994,105.531953486759,7147.48528310625,732.524014885131,6524.11953848915,421.948232463109,499.363798693082,483.561900363506,11.6332139495225,13.4350036265766,909.928107333705,830.569005536492,0.00389303375426679,0.00362794171745947,2.259146862011e-06,0.0014620823595544,0.00686220205807464,2.00851094398064e-05,1.83220289631703e-05,6.91922281888647e-11,7.32351522948919e-06,3.71351393259835e-05,-1547.05971688565,0.168891547328784,0.123227439945003,0.91,0.537576259733145
"constant",800,"sir_laplace",121,7.675,4685.44905604734,4382.84078464068,64.8034057782441,133.694108001502,7103.26240386119,801.537515584376,6608.3718863278,518.902019869577,610.481961699979,571.054173894551,8.44344049227936,17.4194277526386,925.506502131752,861.025652941733,0.00412596284510754,0.00390944699110922,2.79227533371793e-06,0.00130780809286416,0.00728284092783121,1.76849991420473e-05,1.65410432852472e-05,3.77526565950896e-11,8.17650807056852e-06,3.02475591681924e-05,-1611.48175416076,0.154507427032043,0.111846856460065,0.95875,0.533037314298678
"constant",800,"sir_laplace",122,7.593,4205.53752944593,3690.6793235255,96.3683353789892,77.8482903083639,6997.41259530387,1082.35432852148,6747.80749459476,617.199489454802,553.870344981684,486.06339042875,12.6917338837073,10.2526393136262,921.5609897674,888.687935545208,0.00314030093773296,0.00291575562303657,1.39749891676694e-06,0.00117369752607648,0.00552165537495941,1.72924169636029e-05,1.60465490668265e-05,4.02096351211226e-11,6.99094008156679e-06,2.99278151040519e-05,-1577.45567605211,0.155811187338874,0.104865783401662,0.94125,0.512385239286473
"constant",800,"sir_laplace",123,7.589,4065.79002902495,4070.55447068187,102.589700657265,133.692609974169,7091.96632346716,1077.42066212662,6976.18129738196,802.427750537925,535.747796682692,536.375605571468,13.5182106545349,17.6166306462207,934.506038142991,919.249083855838,0.00294190548411602,0.0027359281425209,1.25696863440243e-06,0.00121100536936598,0.00518182625053692,1.5519085007693e-05,1.44366365060632e-05,3.15204380204816e-11,6.79840152924646e-06,2.67577520366894e-05,-1574.7397576888,0.148250946069915,0.103443303726612,0.915,0.507142140004877
"constant",800,"sir_laplace",124,7.896,4760.51555620256,4197.07895219382,99.0029842516849,135.309468798026,7348.41291901988,701.982721446988,7123.14384042826,528.422296327878,602.902172771348,531.54495341867,12.5383718657149,17.1364575478756,930.650065732001,902.120547166699,0.00486747257374066,0.00460371821393545,3.03958515408788e-06,0.00183421088224214,0.00826110261827945,2.02453124821615e-05,1.87703902203115e-05,5.48281692912933e-11,8.04158295732886e-06,3.57319619988437e-05,-1540.90793814304,0.164734204549158,0.121943410574859,0.93125,0.564753869948618
"constant",800,"sir_laplace",125,7.638,4034.52590617959,3929.86272293442,113.240861896235,105.988001367369,7329.80893689788,1052.24638455398,6919.3991734608,616.568963757365,528.217583946005,514.514627249859,14.8259834899496,13.8764076155236,959.650292864347,905.917671309348,0.00387130730756191,0.00365145800844948,2.06693175998006e-06,0.00155304954906794,0.00689029777214949,1.91260667768022e-05,1.75625214049664e-05,5.63373532278036e-11,8.00219082624544e-06,3.40142341916686e-05,-1594.581365303,0.168424422716982,0.120246110601636,0.91625,0.53641267441795
"constant",800,"sir_laplace",126,7.635,4098.99074244953,4085.58394635332,91.3585920895321,102.256482423069,7433.07785571392,711.303546230437,7128.24598876574,574.154146013066,536.868466594568,535.11250115957,11.9657618977776,13.3931214699501,973.553091776545,933.627503440175,0.00384210082142529,0.00346156345897597,2.57140174978911e-06,0.00141908463603803,0.00717079955310634,1.57666860045378e-05,1.45718582291968e-05,3.41854249301212e-11,6.83646374034227e-06,2.77343428184682e-05,-1604.65153549573,0.143281110353327,0.102749695607482,0.94625,0.52836426703242
"constant",800,"sir_laplace",127,7.917,3681.9775456132,3635.55183084624,97.526612963411,109.533758515829,6959.25319547531,1057.77249580085,6195.57733214964,470.27795122492,465.072318506152,459.208264601015,12.3186324319074,13.8352606436566,879.026549889518,782.56629179609,0.00292316295481003,0.00275154436635929,1.43923294343231e-06,0.000897942471107641,0.00529156927300117,1.66232695151995e-05,1.54494625872693e-05,3.53416734724448e-11,7.54512745674914e-06,2.84953859798327e-05,-1555.02828764422,0.144009310926953,0.100806495542086,0.94375,0.502560142217486
"constant",800,"sir_laplace",128,7.696,4312.36287857344,4202.99510627874,81.9295753225254,147.521546204058,7228.41263999052,585.164351252466,7243.29726583769,849.426507591903,560.338211872849,546.127222749316,10.6457348392055,19.1686000784899,939.242806651575,941.176879656665,0.00404162646648962,0.00371724126948659,2.79722652352432e-06,0.00128965236145228,0.00728267629857924,1.5765059012349e-05,1.49291694199478e-05,2.59988684219032e-11,7.23211321389062e-06,2.62415467429552e-05,-1587.41896717136,0.137231760916106,0.0896825430320572,0.945,0.531967259042172
"constant",800,"sir_laplace",129,7.634,3806.95349546316,3561.65023517432,87.8622807473294,135.741481210001,7157.76211586382,1139.96096790474,6963.57029275105,1016.45642785548,498.683978970809,466.550987054535,11.5093372736874,17.781173855122,937.616205903042,912.178450714049,0.00346123169923643,0.00326537576493509,1.59616201033598e-06,0.00124544538059689,0.00600961091305729,1.6208413779779e-05,1.51863860285449e-05,3.27463306208166e-11,6.39256624276219e-06,2.78848431876071e-05,-1590.99853607648,0.146525122294767,0.104356194310357,0.9425,0.520145391633957
"constant",800,"sir_laplace",12,7.674,4553.55614999807,4400.13639670488,110.024337949919,119.77481878113,7176.20167406802,900.129813809618,7193.29123968997,779.549175336529,593.374530883252,573.382381639938,14.3372866757778,15.6078731797147,935.131831387545,937.358775044302,0.00402276424906404,0.00376047921050359,2.25335475906926e-06,0.00163685870002505,0.00720032779328954,1.83182229602076e-05,1.73252404281817e-05,4.53313903908514e-11,6.88761363902206e-06,3.1379892328524e-05,-1553.18530051831,0.130425259525938,0.0872210491596951,0.955,0.538810294971612
"constant",800,"sir_laplace",130,7.562,3385.53867549795,3135.56612696577,51.9174127036648,143.274631553406,6863.84288773742,1582.36654571803,6206.01946513017,573.759949654675,447.704135876481,414.647729035411,6.86556634536694,18.9466584968799,907.675600071069,820.684933235939,0.00280412008644723,0.00261611397545996,1.22198460124508e-06,0.000890892077655631,0.00494616361495365,1.73052881512069e-05,1.61772534919847e-05,3.85987196243133e-11,7.18320209759917e-06,3.04123472684665e-05,-1538.61360631533,0.141260997457332,0.0985481966994774,0.94375,0.506031656881726
"constant",800,"sir_laplace",131,7.933,4223.0622859461,4085.1665738944,118.67985291986,125.114618597164,7509.36979360277,680.960321116721,7251.02777678183,701.824847525464,532.341142814332,514.958600011899,14.9602739089701,15.7714129077479,946.598990747859,914.033502682697,0.00388378264173563,0.00366428507149663,1.97102245974176e-06,0.00140893298145867,0.00659347593833175,1.6557473393705e-05,1.5536543831108e-05,3.34164395302888e-11,7.25886195644398e-06,2.8050077405227e-05,-1569.17727697381,0.144104889264532,0.107029290442077,0.955,0.536153044738493
"constant",800,"sir_laplace",132,8.018,4300.76385797954,4390.73043911282,110.800165762605,144.214315501813,7378.04063200491,1346.17827112299,7198.39587832043,677.468003079296,536.388607879713,547.609184224597,13.8189281320286,17.9863202172379,920.184663507721,897.779480957899,0.00418042130159932,0.00398251246003052,2.29076775497687e-06,0.00172097320506337,0.00705793829692136,1.85575442197715e-05,1.77929597446891e-05,4.01345268920493e-11,8.10884200112656e-06,3.06934084994409e-05,-1588.95245387832,0.144630352281521,0.103895636217725,0.94125,0.542716897201177
"constant",800,"sir_laplace",133,7.868,3843.00026433414,3680.82020441329,115.793029783578,112.202160248737,6918.7766959861,638.035401134803,6779.04273768823,650.001653095722,488.43419729717,467.821581648867,14.7169585388381,14.2605694266315,879.356468732346,861.596687555698,0.00333181887738661,0.00305931930215234,1.6592467471185e-06,0.0012149261476034,0.0059879073051316,1.82220407166786e-05,1.6650355784498e-05,5.09866137537683e-11,7.43762231684062e-06,3.26329240372353e-05,-1589.8011108028,0.145130791190176,0.0999517846310249,0.94875,0.515330232391125
"constant",800,"sir_laplace",134,7.602,3302.60714401885,2971.9110853358,22.2022660552732,86.7293715211568,7094.6736367435,1237.52011593822,6618.66177971051,409.619526911809,434.4392454642,390.938053845803,2.9205822224774,11.4087571061769,933.26409323119,870.64743221659,0.0034308155631828,0.00327707006619285,1.60913137336797e-06,0.00112921040227666,0.00589836523293128,1.70616954666663e-05,1.57662800482055e-05,4.43245596697184e-11,6.66567425405135e-06,2.97220711355052e-05,-1588.2092217439,0.148615124579902,0.101819274911431,0.95,0.515424728735535
"constant",800,"sir_laplace",135,7.76,4247.98054245944,4597.58640614096,81.470224051507,102.261886461003,7009.34028465914,597.704991911075,7157.70793534024,317.53402671173,547.42017299735,592.472475018165,10.4987402128231,13.1780781521911,903.265500600405,922.385043213948,0.00485283002700537,0.00452911157215547,4.31564476674882e-06,0.00145914079114986,0.00885147680114828,1.75143396345793e-05,1.62467034675798e-05,3.8159279652233e-11,7.7869537808844e-06,3.04564125783997e-05,-1591.8139868336,0.121853798121046,0.0859408797797317,0.965,0.556477816154729
"constant",800,"sir_laplace",136,7.661,4642.19108694574,4676.91576022584,94.6162456702293,149.346894838849,7446.04146046086,537.578590577242,7186.78556351657,761.839395591993,605.951062125798,610.483717559827,12.3503779754901,19.4944386945372,971.941190505268,938.100191034665,0.00495099791127279,0.00474113270017589,3.58185827378732e-06,0.00176914168723265,0.00864981261720039,1.75978284665466e-05,1.62592461975506e-05,4.2586224507748e-11,7.70633996419244e-06,3.05376295984735e-05,-1607.72117871458,0.147374316736002,0.10603680366712,0.96,0.560739813040003
"constant",800,"sir_laplace",137,7.742,4210.57033402777,4321.7585554933,78.4438134387909,122.987755904252,6961.81687168164,831.795112313114,6852.30980259685,706.914677808691,543.860802638565,558.222494897094,10.1322414671649,15.8857860894152,899.227185698997,885.082640480089,0.00389170168956265,0.00354445180978374,2.50747989358479e-06,0.00146935421381062,0.00730791743309064,1.88036119850679e-05,1.73444522296558e-05,5.27925944855431e-11,8.02783465036775e-06,3.37873571680051e-05,-1571.59016666784,0.137442442181869,0.0936448875055575,0.94875,0.537121771435612
"constant",800,"sir_laplace",138,7.743,4648.62664568391,4857.17737503746,96.1024937262613,103.834022011432,7019.8379333365,898.026786820414,7480.30869224502,547.245705694429,600.365058205336,627.299157308208,12.4115321872997,13.4100506278486,906.604408283159,966.073704280643,0.0049822030120662,0.00467987289658208,3.94610681160567e-06,0.00169344565106479,0.00883923230393843,1.76205315591374e-05,1.63197637411189e-05,4.28223124632254e-11,7.47409684610454e-06,3.14511949228966e-05,-1597.68495697178,0.147467983424264,0.10672782676915,0.95125,0.556765184850464
"constant",800,"sir_laplace",139,7.551,4770.13335843813,4707.12845300038,99.4453434771633,153.426542300829,7168.7205225991,710.997653307834,7369.06036522127,693.491673198406,631.722071041998,623.378155608578,13.1698243248793,20.3187051120156,949.37366211086,975.905226489376,0.00378681120455294,0.00353956254846437,2.43489091762332e-06,0.00132289695833695,0.00711842793876234,1.57096152818721e-05,1.44576548880584e-05,3.11316037611318e-11,7.09321118868064e-06,2.7188089162179e-05,-1620.52592702864,0.177719386337864,0.127775719476663,0.91875,0.524541230310975
"constant",800,"sir_laplace",13,7.681,4664.9585771648,4227.9618752717,81.7783097101611,104.380707573935,7643.8929319974,847.364586284464,7151.40134948785,252.453956131111,607.33740101091,550.44419675455,10.6468311040439,13.5894685033114,995.168979559614,931.050820139025,0.004869016274591,0.00465315789004329,2.61279591977422e-06,0.00213970292047421,0.00809905827121253,1.94366177159827e-05,1.78097428085622e-05,5.64313743090129e-11,8.28133631143607e-06,3.45146586500366e-05,-1572.85476259641,0.130540026419689,0.0943517097860483,0.96625,0.555890501074282
"constant",800,"sir_laplace",140,7.869,4374.71759181957,4313.73179608843,50.4259898706967,160.61667147965,7501.37699906931,885.768447799433,7167.83128547695,490.861126966059,555.943270024091,548.193137131583,6.40818272597492,20.4113192883022,953.282119591982,910.894813251614,0.00412292059712492,0.00388041041931032,2.30881864071987e-06,0.00163569990440921,0.00714324242883166,1.6641172185116e-05,1.5578841020829e-05,3.44106311376447e-11,7.18379896283031e-06,2.7278936754439e-05,-1582.11455528366,0.143440140580141,0.102853147368881,0.9575,0.542423458458828
"constant",800,"sir_laplace",141,7.621,4365.12514673323,4230.0253359016,121.024937863825,106.836226159774,7467.61241031602,1924.37072246209,6974.61628839435,617.474229035858,572.77590168393,555.048594134837,15.8804537283592,14.01866240123,979.873036388403,915.183871984563,0.00365696034015888,0.00345469851229517,1.72159608473064e-06,0.00156109443993464,0.00635641230170408,1.5764459403712e-05,1.4305837395296e-05,3.45723845238654e-11,6.7845778959826e-06,2.79340307167557e-05,-1596.81669239825,0.149669237436996,0.110782493155311,0.92125,0.520930646662321
"constant",800,"sir_laplace",142,7.745,3667.63668972998,3560.5861114329,82.2644474654842,158.770537689645,7462.77196060557,876.409077347586,7012.13189778185,547.602320840165,473.548959293736,459.727064097211,10.6216200730128,20.4997466352028,963.559969090455,905.375325730387,0.00324849369056399,0.00308352057696861,1.42986815087039e-06,0.00115185521528042,0.00545043129471632,1.54168898930338e-05,1.46261470845166e-05,2.34426096732429e-11,7.78228212252437e-06,2.50935313647285e-05,-1600.24519113261,0.148733247806496,0.107345940797155,0.9375,0.511659853754148
"constant",800,"sir_laplace",143,7.642,3812.28001842492,3948.89172657298,112.955584428996,103.233764374813,7221.48992640365,874.358336283793,6664.2286126733,644.472070539099,498.858939861936,516.735373799134,14.7808930160948,13.5087365054715,944.973819210109,872.052945913805,0.00295069283902237,0.00271468657852622,1.21177342320341e-06,0.00125181626534899,0.00511543495330427,1.55160214114833e-05,1.42967591345827e-05,3.3919058203296e-11,6.25837063337756e-06,2.7182238230208e-05,-1581.89848431875,0.166673614679032,0.12589774847028,0.92375,0.503461216567506
"constant",800,"sir_laplace",144,7.652,4635.11388572608,4240.94239047289,95.1082037281655,95.6588206691273,7404.77116365488,933.031387091364,7202.96536147346,459.028473807127,605.738876859132,554.226658451763,12.4291954689186,12.5011527272775,967.690951862896,941.318003328993,0.00484760976463925,0.00461198849378865,3.42287047799538e-06,0.00162864861554848,0.00849441822160626,1.89220096014152e-05,1.76733226551523e-05,4.94059123552957e-11,8.25072484126255e-06,3.31679060088591e-05,-1599.91886143599,0.141071992361156,0.0927105282456594,0.96375,0.5526705808854
"constant",800,"sir_laplace",145,7.718,3923.66304176256,3845.07595841398,88.6851306148867,98.7286226191353,6787.96509954926,749.722191264515,7138.53041949587,687.415550355588,508.378212200384,498.195900286859,11.4906880817423,12.7919956749333,879.497939822397,924.919722660777,0.00344845296362218,0.00314725711363923,2.4445921253591e-06,0.00104171286573423,0.00650169879346165,1.54733498348669e-05,1.39837463080224e-05,3.79828506473037e-11,6.48919578884745e-06,2.8271308648495e-05,-1586.49575830735,0.153450003261072,0.107570649089723,0.9325,0.522680733073159
"constant",800,"sir_laplace",146,7.728,4228.14788113723,4260.46295830348,119.12836176525,136.527077168747,7369.29649719283,769.756026314234,7278.95440815291,970.373937724591,547.120585033286,551.302142637614,15.4151606839091,17.6665472526847,953.583915268223,941.893686355191,0.00403747839410305,0.0037553644568057,2.18517234752471e-06,0.00172964757200169,0.00731390093312793,1.85082251697179e-05,1.75939170941622e-05,4.04583606700979e-11,7.77792226935419e-06,3.0622002410778e-05,-1559.17755771454,0.171791602968752,0.124243086852014,0.91625,0.541885728935552
"constant",800,"sir_laplace",147,7.738,3166.35284621478,2748.64300888214,85.4051866761797,121.626984217644,6918.7932577068,1172.45728369604,6533.54781329885,572.52640643065,409.195250221605,355.213622238581,11.0371138118609,15.7181421837224,894.131979543396,844.345801666949,0.00288006926598384,0.00262335149052717,1.34278597391007e-06,0.00116885055324635,0.00529150921378855,1.69289484915799e-05,1.6185191206975e-05,3.41824817909888e-11,7.44014249044514e-06,2.86993254848193e-05,-1603.13156562251,0.155976367288084,0.114120126460941,0.93375,0.503998722558538
"constant",800,"sir_laplace",148,7.645,4520.26811522354,4620.92680621846,90.0913554658256,153.288636387968,7262.84315868962,557.331088675803,7022.68450727847,632.017789049561,591.27117269111,604.437777137798,11.7843499628287,20.0508353679487,950.012185570911,918.598365896464,0.00450903053613434,0.00415238591297611,3.41900429888272e-06,0.00165230305272937,0.00835335367332911,1.8303351892062e-05,1.71074195786634e-05,3.9746438676401e-11,7.85522306611204e-06,3.16373397845615e-05,-1576.97613417899,0.139488163621121,0.0915458213712199,0.9625,0.548618311078007
"constant",800,"sir_laplace",149,7.635,5124.68407250637,5035.53160278108,108.517456560961,88.5004948787746,7549.2963522221,617.792152351128,7475.03058314973,598.811382002276,671.20943975198,659.532626428432,14.2131573753715,11.5914204163424,988.774898784819,979.047882534346,0.00536636860506849,0.00507451682523452,3.49362296120078e-06,0.00250468213201059,0.00940398908251596,1.85787498444124e-05,1.70741817388215e-05,4.92400187243372e-11,7.80384633124737e-06,3.3396933799709e-05,-1607.04900866143,0.136638481614184,0.0961130857805068,0.95625,0.565049697991318
"constant",800,"sir_laplace",14,7.939,4074.98617559039,3897.59463638066,75.8812215661003,85.7699202210991,7150.26432379391,874.076912470739,6923.19171650577,323.031054223838,513.287085979392,490.942768154763,9.55803269506239,10.8036176119283,900.650500540863,872.048333103132,0.00491136516848387,0.00458610593670171,3.91431912529404e-06,0.00161118141729338,0.00906618334346646,1.84700676897372e-05,1.69209553491937e-05,5.25526760566331e-11,8.03748704961109e-06,3.25123458635247e-05,-1594.96482105959,0.184570483040668,0.137148014199656,0.90625,0.564996720451877
"constant",800,"sir_laplace",150,7.61,5337.60718311792,5451.05513512112,89.1457138529704,106.482369844177,7863.43245229268,774.912110912849,8119.96149397194,496.546197665669,701.393847978702,716.301594628268,11.7142856574206,13.9924270491691,1033.30255614884,1067.01202286097,0.00757036710266037,0.00734188054182447,6.13064768198318e-06,0.00322261960046881,0.0123467157842558,1.79842572550603e-05,1.67996798943849e-05,4.8558653301022e-11,7.18268298679314e-06,3.20208153647242e-05,-1575.6831631617,0.138962173505057,0.10377708936884,0.97625,0.616119365120531
"constant",800,"sir_laplace",151,7.765,3894.56574259074,3880.0565167573,11.1780455957816,114.270112016546,7118.22811791938,545.967969847576,7139.71380200022,517.562082025055,501.553862535833,499.685320895982,1.43954225315926,14.7160479094071,916.706776293546,919.473767160363,0.00365356148432063,0.00339080942173699,2.34759545657961e-06,0.00133292932727572,0.00670337068093272,1.58305359139075e-05,1.47770841663021e-05,3.09082385143608e-11,6.91778313643152e-06,2.64659908482216e-05,-1598.79932023468,0.144455867046617,0.0946846785074789,0.93875,0.523067552521512
"constant",800,"sir_laplace",152,10.934,3072.40158161262,2674.69744871834,87.3252789879563,148.996187016699,7081.63610724202,2246.77099180969,6599.74194508273,666.067720496627,280.995205927622,244.622045794617,7.98658121345859,13.6268691253611,647.671127422903,603.598129237491,0.00277968191067436,0.00267962166666289,8.40825710668222e-07,0.00108607561140911,0.00450887279504522,1.65066149020706e-05,1.54230215552932e-05,3.26836782062512e-11,7.34565748822928e-06,2.73277389071683e-05,-1585.43239231672,0.147758616446409,0.097460302599431,0.9425,0.497580830537274
"constant",800,"sir_laplace",153,7.644,4583.16335476385,4298.98808266787,83.1629595487952,130.63216126842,6903.7119568662,701.030724588159,7253.38763420067,628.954268961375,599.576577023004,562.400324786482,10.8795080519094,17.089503044011,903.154363797253,948.899481187947,0.0041818230171662,0.00386968224427238,3.0591433303617e-06,0.0013962242174749,0.00789542830162558,1.65587576497829e-05,1.51290111690537e-05,3.90530127460286e-11,7.28486419852849e-06,2.98739997006903e-05,-1594.66127492354,0.142387777179516,0.100245735381039,0.93,0.538343271812489
"constant",800,"sir_laplace",154,10.904,4558.83578400698,4325.76839517273,85.8551503045758,96.2684631011293,7302.88484864418,766.466486488186,6972.09222566004,558.940118588765,418.088388115093,396.713902712099,7.87372985185031,8.8287291912261,669.743658166194,639.406843879314,0.00419776512955137,0.00397827612901332,2.58344884294447e-06,0.00157225435120433,0.00747034959443774,1.70018811018222e-05,1.61165227654631e-05,3.57425553418966e-11,7.80081118220469e-06,2.92526039682713e-05,-1575.11393624919,0.130404333534822,0.0821858991951984,0.96125,0.540636550575932
"constant",800,"sir_laplace",155,7.794,4047.60289617123,3870.43017930027,93.1875671150167,114.428732068972,7172.89123517417,648.097724997331,6577.10920370426,306.733195339571,519.322927402005,496.59099041574,11.9563211592272,14.6816438374354,920.309370692093,843.868258109348,0.00370103271914051,0.00340563027586838,2.19756165182206e-06,0.00135793652724473,0.00676509908425342,1.90263121894117e-05,1.80805315943688e-05,4.71464861585025e-11,7.40323704985019e-06,3.29141515417741e-05,-1592.29843517014,0.163533486055304,0.122037572388877,0.93625,0.525645439604657
"constant",800,"sir_laplace",156,7.779,4766.46473956493,4506.60677581793,106.484100473991,126.725630977774,7341.46352535584,894.148456964837,7473.887977661,685.943470395398,612.734893889308,579.329833631307,13.6886618426521,16.2907354387163,943.754149036617,960.777474953208,0.00436156783621634,0.00413725428088395,2.70935500101255e-06,0.0015733582525395,0.00742497979044921,1.76252495547526e-05,1.63547649762126e-05,3.84062173151244e-11,7.68006285941229e-06,3.03116591456955e-05,-1584.91537339172,0.128876869216655,0.0819907828097854,0.9625,0.543226763641126
"constant",800,"sir_laplace",157,7.622,4073.58645580624,4079.80160179321,102.639435059383,97.7043654216357,7390.74607302954,913.183030057909,7015.06557435959,526.800968838222,534.451122514595,535.266544449384,13.4662076960618,12.8187307034421,969.659678959531,920.370712983415,0.00359056312966637,0.00340759915856177,1.73065092328711e-06,0.00147697265430726,0.00627494347389216,1.65392306161383e-05,1.54447244937777e-05,3.42657647747117e-11,7.34524365841334e-06,2.83519906645871e-05,-1597.01375045467,0.158766686063031,0.10929549485275,0.93875,0.521446313163618
"constant",800,"sir_laplace",158,7.79,3742.65317012575,3750.06834167087,92.5280499382277,140.171117778883,7146.5114753913,1263.22490774646,7051.73774927698,919.059515303002,480.443282429493,481.395165811408,11.8777984516338,17.9937250037078,917.395568086175,905.229492846853,0.00302536433935949,0.00283054266518795,1.23435635902915e-06,0.00125320751292775,0.00516074819007162,1.53533536574596e-05,1.43069044662734e-05,2.87578550030201e-11,6.65431676387669e-06,2.67265374510437e-05,-1599.42713428227,0.142797998996799,0.0921099278424108,0.94375,0.504302224396847
"constant",800,"sir_laplace",159,7.783,4034.6257885811,3843.92652095877,111.675078684963,111.269793708426,7297.34629536949,1259.80967328887,7026.71467495065,511.687036480954,518.389539840819,493.887513935343,14.3485903488325,14.2965172437911,937.600706073428,902.82855903259,0.00332852127594506,0.00305563803250239,1.73175235778891e-06,0.00139262649395551,0.00611342368351378,1.63648976498942e-05,1.54846145709541e-05,3.23655051312647e-11,6.93465007189777e-06,2.74335113361361e-05,-1603.73837443941,0.144304408416439,0.0969295872786187,0.94125,0.512939138397369
"constant",800,"sir_laplace",15,7.973,4274.34210559942,4571.17205143787,101.570819401109,123.818573988998,7462.78687761952,1164.16901085426,7341.83126353327,564.380362351909,536.102107813799,573.331500243054,12.7393477237061,15.5297346029095,936.007384625552,920.836731911861,0.00470846285266194,0.00454129411093296,2.68678814798991e-06,0.00190648074484839,0.00825173205970678,1.85366477662034e-05,1.73824344429708e-05,4.37392246616578e-11,7.35990730390911e-06,3.18942152778908e-05,-1588.41661748807,0.134236080097661,0.0919067342969184,0.9625,0.554839709174243
"constant",800,"sir_laplace",160,7.672,3307.08148749595,3354.12450690004,91.2772744954602,135.763078746899,7028.16905722486,1356.51577444709,6942.32605283747,837.03774279203,431.058588046917,437.190368469765,11.8974549655188,17.6959174591891,916.080429773835,904.891299900609,0.00295891878872834,0.00276813879189392,1.35218754450963e-06,0.00102421449831717,0.00534335612370715,1.66349554454422e-05,1.55128847083729e-05,3.85393340885332e-11,6.89375277687672e-06,2.81836133549382e-05,-1627.37428678897,0.145735992058768,0.0988545495594419,0.9375,0.500853676281447
"constant",800,"sir_laplace",161,7.665,2911.87460439313,3691.36393132246,77.5059053283949,103.570874578044,7082.71189482568,1169.59863623575,7050.51094242218,757.286295276423,379.892316293951,481.586944725696,10.1116641002472,13.5121819410364,924.032862990957,919.831825495392,0.00383289914354913,0.0035712276066937,2.24418079310989e-06,0.00135096390429407,0.00672584638045772,1.60454898870926e-05,1.50735880151848e-05,3.38542325569927e-11,7.39649493977515e-06,2.73942412081828e-05,-1600.39775855423,0.140956976351309,0.0923284496148564,0.93875,0.532532417885572
"constant",800,"sir_laplace",162,8.081,4193.90154169871,3993.94913774552,84.9052986298928,116.477043006842,7206.58277330393,937.022455341846,7051.62494059843,542.692008727305,518.982989939204,494.239467608653,10.5067811693965,14.4136917469177,891.793438102207,872.617861724839,0.00367644565864852,0.00338139386271956,2.20385278889296e-06,0.00115212017972321,0.00663241488113709,1.65539032558077e-05,1.53372149331258e-05,3.66696990057335e-11,7.07591426249076e-06,2.93473775012819e-05,-1595.60119772788,0.168104992962355,0.12231322884643,0.90375,0.526747686146124
"constant",800,"sir_laplace",163,7.679,4327.68811709305,4353.23897050118,84.652269340905,133.712704548819,7313.91786121451,1087.99503453436,7064.38754743124,602.355794075109,563.574439001569,566.901806290036,11.0238663030219,17.4127756932958,952.457072693646,919.961915279494,0.00348769733869499,0.00329236716579701,1.61967754853357e-06,0.00142037849974281,0.00615773029128139,1.65560853202609e-05,1.58464007201059e-05,2.82295823785907e-11,7.5063358068016e-06,2.72593215751828e-05,-1584.10498394355,0.144403549318992,0.104586560368361,0.945,0.520337214166901
"constant",800,"sir_laplace",164,7.689,4175.60212089862,3816.41607410987,103.970607504152,136.222833537164,7425.63965111774,1180.89239435538,7248.00087897142,538.854548605016,543.061792287505,496.347519067482,13.5219934327158,17.7165864920229,965.748426468688,942.645451810564,0.00415461354580189,0.00390563987677579,2.3317755887832e-06,0.00157031793823868,0.00723935149453111,1.73940598609698e-05,1.61906613172038e-05,3.71307175183102e-11,7.38144647425361e-06,3.01560792094501e-05,-1594.06658995231,0.154499530944524,0.106377270273478,0.9525,0.533633625739001
"constant",800,"sir_laplace",165,7.747,3734.12355975672,3274.46440758932,107.097961782369,108.830546867347,7143.21010033662,1926.2359051663,6575.53396570054,687.63761658499,482.008978928195,422.675152651262,13.8244432402696,14.0480891786946,922.061456090953,848.784557338394,0.00289684934790595,0.00273607615385822,1.04055124051305e-06,0.00120791009325537,0.00488834306147818,1.63236008418344e-05,1.50906315428698e-05,3.18538813425692e-11,7.18024277546021e-06,2.76754612329193e-05,-1568.48969322755,0.150297119336939,0.101748630038587,0.93625,0.501326619242242
"constant",800,"sir_laplace",166,7.765,5087.25162317864,4646.27624080428,60.1970925751427,129.155095448653,7743.58958442743,555.084413779755,7814.82579622958,766.439000857943,655.151529063573,598.361396111305,7.75236221186641,16.6329807403288,997.242702437531,1006.41671554792,0.00603990583055104,0.00570167274184788,4.91328547289074e-06,0.00235793215431684,0.0101910206720557,1.71414103833658e-05,1.5958028931575e-05,3.5500602653568e-11,8.05265240361747e-06,2.9330861873167e-05,-1603.5375795713,0.155098158322881,0.115601130303318,0.95875,0.580495596643524
"constant",800,"sir_laplace",167,7.659,4096.74575111365,3787.27378396049,60.4115268075892,108.570233940373,7242.74744470553,1129.69656028608,6620.94818343637,378.569610691759,534.893034484091,494.486719409909,7.88765201822552,14.17551037216,945.651840280132,864.466403373334,0.00366602695812935,0.00346636670156753,2.03006478537157e-06,0.00129370148991608,0.00642772241452482,1.87555786752278e-05,1.74478700081488e-05,5.43884282015911e-11,7.32743684542362e-06,3.21947382667718e-05,-1604.77191947636,0.137354228128265,0.0986882676930352,0.9575,0.524859257081238
"constant",800,"sir_laplace",168,7.738,5443.44501473368,5404.31593317802,121.950974106037,121.612859488413,7713.36876655293,690.138182731335,7834.32231026905,818.721435953374,703.46924460244,698.412501056865,15.7600121615452,15.7163168116326,996.816847577271,1012.44795945581,0.00574553891509371,0.00540217405161833,4.13612610963059e-06,0.00225587391832278,0.00985440373459574,1.76930391520699e-05,1.64485424299939e-05,4.39189682610879e-11,7.4011222968863e-06,3.12373677517011e-05,-1604.62466085642,0.131961832627475,0.0887912051785679,0.96375,0.576248727434284
"constant",800,"sir_laplace",169,7.665,5413.79148653266,5077.31979856634,72.8240671289628,108.756234610277,7611.1415159386,319.733908818771,7809.91027569708,885.161746095259,706.300259169297,662.403104835791,9.50085676829261,14.1886803144523,992.973452829562,1018.90545018879,0.00524252217350241,0.00496384081156325,3.46644146324015e-06,0.00192129003276571,0.00913801961398392,1.7664723809132e-05,1.69010116569595e-05,3.43736301468375e-11,8.17552953748184e-06,2.89537787604136e-05,-1627.58758354572,0.166318283797423,0.118272916029028,0.9425,0.55992413557872
"constant",800,"sir_laplace",16,7.738,4716.33030520965,4216.73952832411,77.8784693360946,104.3992877902,7574.19753906755,675.934878336234,7162.61567367975,276.536164234222,609.502494857799,544.939199835114,10.0644183685829,13.4917663207805,978.831421435455,925.641725727547,0.00529543546227348,0.00503753636581985,4.01881873939278e-06,0.00182106476145972,0.00937717401493921,1.92453207387382e-05,1.75579777898581e-05,6.32654927525179e-11,7.53021534826832e-06,3.353672804794e-05,-1573.17664796888,0.123793456858033,0.0851483700653171,0.96625,0.568334072139195
"constant",800,"sir_laplace",170,7.728,4635.25187248855,3972.00037429872,69.2021350114853,102.186270010775,7332.19907420117,762.15431053285,6613.4187643948,208.436872260318,599.799672941065,513.975203713602,8.95472761535783,13.222861026239,948.783524094354,855.773649637008,0.00421149593267987,0.00403423039898241,2.3265065467098e-06,0.00136354662712569,0.0071328206854303,1.92410855167594e-05,1.72763332442847e-05,6.64531953337988e-11,7.8076922779098e-06,3.49364758573297e-05,-1554.09910239004,0.130229881011823,0.0907937188460834,0.96125,0.54570651856933
"constant",800,"sir_laplace",171,7.549,3783.07873474835,3790.27430866313,126.695009448795,120.649066686133,7290.13581724873,1224.44815388353,7004.25336524124,706.948105313696,501.136406775513,502.08958917249,16.7830188698894,15.9821256704375,965.708811398693,927.83857004123,0.00361726643467529,0.00342907133724406,1.70428755643059e-06,0.00143742909054947,0.00623474477499732,1.71155034792876e-05,1.5889596570548e-05,3.94203918172515e-11,7.12368631396634e-06,3.01121542332524e-05,-1588.61089622985,0.144838249779432,0.0998639976592059,0.94,0.531416121044493
"constant",800,"sir_laplace",172,7.706,3158.79465570355,3136.4636225358,81.362965331331,115.286564414253,7220.33050198965,1501.07392214987,6533.20425696923,413.889848671217,409.913658928569,407.015782836206,10.5583915561032,14.9606234640868,936.975149492558,847.807456134082,0.00305738977143945,0.00289542674723089,1.29209740750226e-06,0.00119305497287948,0.00537863818815198,1.77707927987531e-05,1.68532703559918e-05,3.60159418654945e-11,7.6567879416428e-06,2.91803965522136e-05,-1585.91051249444,0.142790633854692,0.093641857045099,0.94375,0.512475060295024
"constant",800,"sir_laplace",173,7.683,4354.25970795413,4347.17824760573,89.1303036773295,99.2666566857208,7411.25250567281,788.684357509269,7262.9635655525,567.528058273353,566.739516849425,565.817811740951,11.6009766598112,12.92029893085,964.630028071432,945.329111747038,0.00411637983052446,0.00391881204096393,2.04360946495654e-06,0.00160937518522263,0.00707491705229983,1.73817688016537e-05,1.60152424320466e-05,3.78752333675092e-11,7.79028483961247e-06,2.9717716414533e-05,-1585.10644127657,0.129754806957952,0.0837285917556221,0.96,0.536175673069882
"constant",800,"sir_laplace",174,7.72,4483.83476395496,4206.43921448004,126.053541374699,126.785015121944,7406.61923195441,1447.82612907586,7008.2003664956,688.206596262637,580.807611911265,544.875545917104,16.3281789345465,16.4229294199409,959.406636263525,907.797974934664,0.00393248265582183,0.00370686533040986,2.05855091763144e-06,0.00163464153789909,0.0067603404969288,1.73082545888303e-05,1.59414897700995e-05,4.01776578287907e-11,7.51668550591647e-06,3.06016919129054e-05,-1582.71529194558,0.154819982538949,0.108767574962577,0.92625,0.531574446021114
"constant",800,"sir_laplace",175,7.527,4954.20588461077,4030.11538901303,95.9596488037395,98.408929140815,7494.02520517074,1038.88572260361,7583.97464551477,781.231040356618,658.191295949351,535.421202207125,12.7487244325414,13.0741237067643,995.619131814898,1007.56936967115,0.00470626687090072,0.00447373870617649,2.70143651565512e-06,0.00188082385249949,0.00818813339978787,1.68467071628715e-05,1.56046871296406e-05,3.68941246978892e-11,7.52103518568477e-06,2.93821128246089e-05,-1589.64305113966,0.155039693295044,0.11095169828298,0.95,0.547666353713415
"constant",800,"sir_laplace",176,7.729,3934.0091721073,3845.54440600689,23.2818750877833,119.073489441397,6992.93951110255,624.622289938329,7060.35126300771,686.854303545332,508.993294359852,497.547471342591,3.01227520866649,15.4060666892738,904.766400711935,913.488324881318,0.00392501187905787,0.00368543011684424,2.31964230887918e-06,0.00150635586167035,0.00707000262857134,1.84628205881034e-05,1.74444209289802e-05,3.95121760756787e-11,7.99947922285083e-06,3.15046212789162e-05,-1570.33323732486,0.146443299067868,0.107447802209867,0.9525,0.540754381708077
"constant",800,"sir_laplace",177,7.611,3543.71919839197,3708.5061584188,133.345057728929,103.536587485573,7297.58241163501,2017.02330534815,6607.79597392304,386.446493634875,465.604940006828,487.2560975455,17.5200443737917,13.6035458527884,958.820445622785,868.190247526349,0.00320263058616097,0.00304182993524482,1.15166957847346e-06,0.00135026419491791,0.00530479693047327,1.79543747046478e-05,1.69942496542576e-05,4.49770958875241e-11,7.01899166689612e-06,3.0841722049765e-05,-1551.93569093496,0.151049326105056,0.103743335565518,0.94,0.512023548004284
"constant",800,"sir_laplace",178,7.617,3781.20063896545,3384.57457726129,64.9144844853598,111.825171216978,7280.12205923533,554.586998978955,7053.00814260442,511.216844448835,496.41599566305,444.34483093886,8.52231646125243,14.6809992407743,955.772884237276,925.956169437366,0.00387122185985963,0.00366880165344835,2.0999702500165e-06,0.00129767963585927,0.00674047489541083,1.79776356183425e-05,1.67528447847132e-05,4.70614151323334e-11,7.15216813978255e-06,3.16984619282653e-05,-1549.98285417608,0.138474572722489,0.097074787209766,0.9575,0.535783969521544
"constant",800,"sir_laplace",179,7.583,4310.38146576295,4383.75877396308,97.7719147455333,117.252531435164,7236.23580381789,746.961597459784,7624.80266297236,964.91401237807,568.426937328623,578.103491225515,12.8935664968394,15.4625519497777,954.270843177884,1005.51268138894,0.00490658040937303,0.00461044840498255,3.52498234619985e-06,0.00169988137685251,0.00862618865239948,1.71030823572993e-05,1.58381328150481e-05,3.89820765938984e-11,7.35752095169067e-06,2.97831465715287e-05,-1604.08732969975,0.16398125766889,0.114121432907813,0.9475,0.556610783645472
"constant",800,"sir_laplace",17,7.888,3646.34421593831,3670.00537581146,135.777187015156,133.853335108867,7189.56708061623,1622.03598786159,6846.44575308528,721.02575934641,462.2647332579,465.26437320125,17.2131322280878,16.9692361953432,911.456272897596,867.957118798843,0.00305723476764013,0.00289286722977652,1.1488887440689e-06,0.00134643479103688,0.00528702947370432,1.76235020472783e-05,1.6549843710657e-05,3.3542382475841e-11,8.17047612409867e-06,2.91939058471218e-05,-1576.65698339716,0.13339794320219,0.0875438275279547,0.9475,0.506634432929093
"constant",800,"sir_laplace",180,7.712,3376.97420755665,3000.24322861246,68.3904451856751,118.836846337042,7044.17908505664,633.162244277238,6710.30311834277,475.610866877662,437.885659693548,389.035688357424,8.86805565166948,15.4093421080189,913.40496434863,870.111918872247,0.00352112200735156,0.00331018139800273,1.82831255372925e-06,0.00126830307322898,0.00614279238387355,1.75323928416417e-05,1.63536028948967e-05,4.12500507129475e-11,7.04424138986391e-06,2.95057146185435e-05,-1571.6153148059,0.146616810898887,0.100630225097338,0.9325,0.521114263124588
"constant",800,"sir_laplace",181,7.724,4135.36218617069,4306.10669756347,81.7229067579567,115.108921944753,7272.29638371601,587.207525912852,7158.36807827713,841.704663941753,535.391272160887,557.496983112827,10.5803866853906,14.9027604796418,941.51946966805,926.769559590514,0.00373784327740586,0.00349722388143021,1.98778662304757e-06,0.00147954862852273,0.00658955080506126,1.62780982296675e-05,1.52641648632911e-05,3.14708530023026e-11,7.06065515027543e-06,2.78184079166009e-05,-1576.41254604879,0.165824420417876,0.125291144380768,0.915,0.530399821558901
"constant",800,"sir_laplace",182,7.934,3262.57673805715,3176.57612716242,101.850542026579,111.12208169422,6906.65530554829,1183.65334761901,6595.31937209678,725.242454922065,411.21461281285,400.3751105574,12.8372248584041,14.0058081288404,870.513650812742,831.272923127903,0.00232612187210283,0.00220080017732364,7.39712808456626e-07,0.000916287393645345,0.00399350623766365,1.50081264888771e-05,1.39003633961843e-05,2.56378018516535e-11,7.22828437319675e-06,2.63411619160561e-05,-1560.40435267742,0.164762759328434,0.11964429067921,0.91125,0.487392871860736
"constant",800,"sir_laplace",183,7.677,3809.59209267287,3658.61903416508,81.0541578386502,108.008507456385,6977.46714525322,1321.84589350947,6742.60948349291,530.540546019394,496.234478660007,476.568846445887,10.5580510405953,14.0691034852657,908.879398886703,878.287024031901,0.00323116215764606,0.00307168425892527,1.52766823493144e-06,0.00116207027940511,0.00567899716005989,1.73840199404646e-05,1.64206805043678e-05,3.57137009216513e-11,7.0990963767114e-06,2.87753546208222e-05,-1585.93920941748,0.144464620094997,0.0974589210005492,0.9525,0.511234622924189
"constant",800,"sir_laplace",184,7.945,4726.59823417019,4494.89511860843,109.937542423755,89.1363007188845,7419.44416067057,1130.71424302434,6882.02852881364,388.087513219937,594.914818649489,565.751430913584,13.8373244082763,11.2191693793435,933.850743948466,866.208751266663,0.00433955576616837,0.00412580613449999,2.47818244264437e-06,0.00161602066264791,0.00736298047140208,1.85506785687605e-05,1.73501867359217e-05,4.97583047113748e-11,6.99897720702435e-06,3.2036080532497e-05,-1586.19930278789,0.148775620732873,0.104821439859268,0.9575,0.544306916993062
"constant",800,"sir_laplace",185,7.571,4022.17422529312,3807.91701096193,39.0259581457198,108.740521038727,7150.17890527474,973.502966290745,6941.11327044533,687.704769190529,531.260629413964,502.960904895249,5.15466360397831,14.3627685957901,944.416709189637,916.802703796768,0.00331054309023698,0.00309029142793622,1.55971089967052e-06,0.00135799727758982,0.00588676802068795,1.68615983132956e-05,1.58905993567835e-05,3.42039452628242e-11,7.69604634190027e-06,2.84415956737971e-05,-1598.66946921497,0.143896289077705,0.102223547637461,0.9425,0.512958278427808
"constant",800,"sir_laplace",186,7.778,3866.96212313669,3786.65527833988,83.235343305418,102.251073882419,7294.16946007821,1062.07565912337,6966.78334450251,591.077320287393,497.166639642156,486.841768878873,10.7013812426611,13.1461910365672,937.794993581668,895.703695616162,0.00387145019551079,0.0036877961268225,1.96015525138158e-06,0.00139101750172125,0.00649682053774004,1.70969994798356e-05,1.59016172307441e-05,3.68794536265024e-11,7.5443936168871e-06,2.90532482572668e-05,-1580.18329951288,0.14408276009346,0.095299049109033,0.94625,0.530918846632266
"constant",800,"sir_laplace",187,7.822,4114.53433143328,4096.06999590034,111.428653762005,56.555436846424,7354.07883880416,1166.71421264505,7120.26710700855,486.679820953391,526.020753187584,523.660188685802,14.2455450986966,7.23030386684019,940.178833904904,910.287280364172,0.00375804763897864,0.00352878301216319,2.00214449995281e-06,0.00139839681789288,0.00664501803476482,1.61876141271032e-05,1.51153173079368e-05,3.50946039423316e-11,7.17227845551583e-06,2.8007733468683e-05,-1619.88490023362,0.143592819690561,0.104519894959785,0.9525,0.525187787568984
"constant",800,"sir_laplace",188,7.89,4173.01119187165,3819.57665144055,77.1184838651117,119.870457050088,7137.62042070605,442.236620493225,6952.12711677727,459.407772417184,528.89875689121,484.103504618575,9.77420581306865,15.1927068504548,904.641371445634,881.131446993317,0.00440566955440345,0.00421185702714434,2.88085683899801e-06,0.00149393178607208,0.00767167752418724,1.86250677575596e-05,1.71109990737894e-05,4.44279512428239e-11,8.61837265031995e-06,3.23570512021728e-05,-1565.27306608474,0.150780553755046,0.105393161131489,0.9475,0.550591380764872
"constant",800,"sir_laplace",189,7.624,4118.21311953439,3749.0366400647,73.2667790180312,128.97109184335,7239.33961834391,615.863551926995,7200.85221992729,750.481092549974,540.164365101573,491.74142708089,9.61001823426432,16.9164601053711,949.546119929683,944.497930210819,0.00359435498470035,0.00326661703634831,2.14280079551838e-06,0.00144630940457832,0.00663457275491566,1.64591161796975e-05,1.53161442003706e-05,2.86182764172258e-11,8.1774786772908e-06,2.72038071584139e-05,-1593.81442675854,0.137648708335845,0.094769919679406,0.9525,0.523954114393272
"constant",800,"sir_laplace",18,7.857,4251.90777174843,3891.26205284739,120.758864787,160.825099568468,7613.94814237965,1763.57970396659,7221.23267870105,880.527532124751,541.161737526846,495.260538735826,15.369589510882,20.4690212000087,969.065564767678,919.08268788355,0.00354445211241575,0.00340221441039973,1.34292632348077e-06,0.00155279457194321,0.0058772941420528,1.66058198412133e-05,1.54743730287318e-05,3.29340675974856e-11,7.40823361327172e-06,2.83272641848735e-05,-1584.16638531365,0.149191640882883,0.0987825684759487,0.93375,0.517282761752592
"constant",800,"sir_laplace",190,7.601,4474.39068888625,4250.54532522612,103.40105471634,95.7464301848109,7383.14111508634,1202.50581675356,7175.63191191487,587.930262002903,588.65816193741,559.208699542971,13.6036119874149,12.5965570562835,971.338128547078,944.037878162725,0.00384399661151991,0.00363846454008269,2.01596325437894e-06,0.0014312049563394,0.00667627915700073,1.6652379455011e-05,1.54417689123857e-05,3.51722080136314e-11,7.27494332028342e-06,2.8787313247364e-05,-1570.20651984513,0.149330714275472,0.10012140217928,0.94625,0.528555803002024
"constant",800,"sir_laplace",191,7.697,3534.6225443647,4000.67678700892,76.9830861784888,85.6291316002352,7515.89418223022,832.114075918216,7215.18833387737,340.096586303505,459.220806075705,519.770922048709,10.0017001661022,11.1250008575075,976.470596625987,937.402667776714,0.00517766029497571,0.00487071447403226,3.69558664015486e-06,0.002045425883526,0.00940785498700175,1.83470870636835e-05,1.66290305799634e-05,5.32193722091552e-11,7.41767231885428e-06,3.25284656235008e-05,-1584.0857799519,0.130177737468472,0.0923867566197949,0.96375,0.563913295815672
"constant",800,"sir_laplace",192,7.555,3814.8501737031,3549.61304861772,89.0096521065406,75.8425224811504,7184.18319883536,1579.12171153103,6609.52541212795,544.646643233444,504.943768855474,469.836273807772,11.7815555402436,10.03871905773,950.917696735323,874.854455609259,0.00322418862004824,0.00300446874879653,1.46726782318049e-06,0.00128256693691598,0.0056072148886017,1.72454978435081e-05,1.63071511473888e-05,3.70862078072804e-11,7.30180622028149e-06,2.96878911517955e-05,-1576.73687062,0.164025633172883,0.10597140485775,0.925,0.509738301086877
"constant",800,"sir_laplace",193,7.731,3677.93402953739,3526.76118457755,116.744626468867,120.690872562269,7274.16969625157,1253.86219849993,6700.33761245793,488.656877747587,475.738459389134,456.184346731025,15.1008441946536,15.6112886511796,940.909286800099,866.68446675177,0.00326904856141374,0.00304731198744171,1.56506992848812e-06,0.00134169773484147,0.00568442384271805,1.67117871386564e-05,1.57264640420772e-05,3.4038156063644e-11,7.40087861356592e-06,2.84665776877908e-05,-1542.76521926843,0.150849668578572,0.106609845615971,0.92375,0.515776625887648
"constant",800,"sir_laplace",194,7.819,3762.04172066948,3477.12255637237,93.4167979664564,75.4534099391951,7429.56468685363,727.473112620239,7078.42719099575,457.769857388744,481.141030907978,444.701695405086,11.9474098946741,9.65000766583899,950.193718743271,905.285482925661,0.00456836104256266,0.00427106877514335,2.94390831195877e-06,0.00192096241058534,0.0080932734871842,1.76122481133128e-05,1.57689158617855e-05,5.94927473717567e-11,6.28149141292011e-06,3.20704189870874e-05,-1560.85824925806,0.144179849951355,0.100019202030651,0.95,0.554419359987148
"constant",800,"sir_laplace",195,7.793,5089.2377005687,4870.49005776931,113.405579843885,64.4575341726374,7783.85723481757,591.296561083073,7187.62875261644,464.626783575786,653.052444574452,624.98268417417,14.5522366025773,8.27120931254168,998.826797743817,922.318587529378,0.00701818131669283,0.00672837085515323,6.00745602944081e-06,0.00259923730896623,0.0117095865441087,2.01999828990892e-05,1.86890309286138e-05,6.54861431033205e-11,7.91157489438403e-06,3.61683183334861e-05,-1575.99055085612,0.165174852642506,0.123179043852219,0.9625,0.601942301172573
"constant",800,"sir_laplace",196,7.713,3189.98758911048,3106.97779526329,110.316332832966,120.860048224059,7130.76156515672,2496.92023990566,6746.35108799466,925.02461489772,413.585840672952,402.823518120484,14.3026491420933,15.6696548974536,924.512066012799,874.672771683477,0.00288424885843008,0.00270377204664658,1.10661685737264e-06,0.00115921232285133,0.00498681355750457,1.53788797959012e-05,1.43714347860869e-05,2.80127474145342e-11,7.6427495158028e-06,2.65437811522964e-05,-1581.42825900632,0.148217165769215,0.102112784305784,0.93625,0.503170203598064
"constant",800,"sir_laplace",197,7.737,4034.75618863521,3785.20188655428,78.382128565146,114.463597020992,7385.13986777977,558.472234353311,7048.43952368499,488.852663416655,521.488456589791,489.233796892114,10.1308166686243,14.7943126561964,954.522407623081,911.004203655809,0.00467167266487226,0.00444315684679608,3.04812554566245e-06,0.00167026453394463,0.00814132493384355,1.7287236430708e-05,1.61115276831007e-05,4.36367202246817e-11,6.87459758734051e-06,3.04231467332609e-05,-1584.97432776325,0.155295520848179,0.112099920242259,0.95,0.552032160861332
"constant",800,"sir_laplace",198,7.597,4237.51659180997,3835.70021933038,108.489027990093,117.610434758739,7526.45744411029,685.605951987685,7110.75270379683,639.704334800304,557.788152140315,504.896698608712,14.2805091470439,15.4811681925416,990.714419390587,935.994827405138,0.00371335418127333,0.00359653404010642,1.58236341443336e-06,0.00156087626151167,0.0062380971028858,1.69911266579882e-05,1.55505712446741e-05,4.51578536686772e-11,7.47894752758077e-06,2.99613099024555e-05,-1571.89762669663,0.13976296033514,0.0957735218420552,0.95625,0.522905793433607
"constant",800,"sir_laplace",199,7.853,4249.50814490116,4259.59208000692,79.2404396967991,102.222777782937,7255.43393136539,771.660265836826,7226.80179072273,540.291527461771,541.131815217263,542.415902203861,10.0904672987138,13.0170352455032,923.906014435934,920.260001365431,0.00438954145431383,0.00411476913119186,2.84180017240891e-06,0.00151055101610398,0.00762817887333161,1.64718910779225e-05,1.55376079582209e-05,2.9515575248943e-11,7.69625235641614e-06,2.72717969485663e-05,-1590.78824709792,0.154517571734984,0.110597544670125,0.935,0.542270997409728
"constant",800,"sir_laplace",19,7.744,4773.77753499999,4571.47620785586,97.0613796215147,96.6942032122831,7109.73828461268,787.151536017451,7140.24814982119,650.183779627845,616.448545325413,590.324923535106,12.53375253377,12.4863382247266,918.096369397298,922.036176371538,0.00472165857238798,0.00440960245697493,3.32686850191986e-06,0.00174672890311392,0.00845427939669997,1.79002230421913e-05,1.65499236907316e-05,4.87897801582611e-11,7.57471583801478e-06,3.15519051503854e-05,-1573.61469029287,0.142710566504907,0.0974095934024215,0.9625,0.556077034403593
"constant",800,"sir_laplace",1,7.89,5014.35926481535,4944.68420339846,67.3511012143424,119.346760600669,7211.68988951087,407.598963104897,7193.28379832587,638.583165908641,635.533493639461,626.70268737623,8.53626124389638,15.1263321420366,914.029136820136,911.696298900617,0.00453379566648346,0.00425166759260318,3.4357822396722e-06,0.0015652272540704,0.0082375452678641,1.63081334682598e-05,1.50760372894966e-05,3.67554038751238e-11,6.97667253949023e-06,2.86254320324872e-05,-1599.72697765061,0.146744090849778,0.0970266519796684,0.95375,0.546017997829977
"constant",800,"sir_laplace",200,7.692,4471.26263639613,4201.42591366723,83.7230896958385,133.098938071779,7350.73137017452,1401.13985050819,6916.71876713419,747.594735262256,581.287394227266,546.207217065422,10.8844370379405,17.3035540914949,955.633303454826,899.209408103768,0.00397438801743938,0.00381109870465884,1.97826295706402e-06,0.00169285599008446,0.00684634575540008,1.66670037266286e-05,1.55307924271743e-05,3.61046783111527e-11,7.05630433969316e-06,2.88083072699083e-05,-1591.21642484208,0.148011141884199,0.104809972277197,0.94625,0.532132417290866
"constant",800,"sir_laplace",20,7.547,4171.99511447611,3939.05347532822,70.1300536303187,97.3811694624844,7014.05529630047,598.085234804501,6924.29980013491,470.595843090631,552.801790708375,521.936329048393,9.29244118594392,12.9032952779229,929.383237882665,917.490367051135,0.00359369987072443,0.00339424622089621,2.06296073919334e-06,0.00136083979647461,0.00660752668041205,1.72163968418323e-05,1.5722695728305e-05,4.63226888220241e-11,7.10307366838954e-06,3.12369306665457e-05,-1607.14179852985,0.144307551940819,0.0937674210842171,0.95125,0.52464031284987
"constant",800,"sir_laplace",21,7.696,3407.59717316391,3338.6886046422,82.838674809964,105.590462080463,6914.91333712405,1745.48035311906,6360.62712518773,589.692872255124,442.775100463086,433.82128438698,10.7638610719808,13.7201743867546,898.507450250006,826.484813563894,0.00295618513258137,0.00270008538293397,1.3183718885263e-06,0.00109229816713305,0.00530569039375211,1.89992385464344e-05,1.77570746856512e-05,4.30853370614741e-11,8.88974675811277e-06,3.2840946592741e-05,-1563.88080555483,0.141565117895591,0.101567543642534,0.94625,0.507435470354648
"constant",800,"sir_laplace",22,7.673,4053.53034365467,4513.52390064608,100.247417071308,86.4265515179978,7129.12250469856,627.819895445549,6952.49634578934,611.208421341928,528.284939874191,588.234575869423,13.0649572619977,11.2637236436854,929.118011820483,906.098833023502,0.00419762269566494,0.00388397626974489,3.11780292414436e-06,0.00127045209225789,0.00764594713511707,1.79178624160026e-05,1.68227055819784e-05,4.28881582801336e-11,7.25204856422063e-06,3.16950804004028e-05,-1634.77446022863,0.157014713796451,0.10167850277562,0.93,0.536198076583698
"constant",800,"sir_laplace",23,7.913,3788.26559153261,3906.19553520687,101.054308138246,27.4374811237922,7275.11021399812,542.950499553558,7143.10916927955,529.016436996527,478.73949090517,493.642807431678,12.770669548622,3.46739303978166,919.387111588287,902.705569225268,0.00360456179247012,0.00331743251144156,2.16128994447411e-06,0.00115912468630399,0.00654350654444157,1.61232592822048e-05,1.48432121577351e-05,3.49740952823432e-11,6.97113176589414e-06,2.76687028701909e-05,-1592.00878811549,0.146547208218454,0.0984436160147147,0.94875,0.520163265267921
"constant",800,"sir_laplace",24,7.701,3806.31553056382,3933.17655754157,107.112635110459,118.607707439771,7301.88360263619,1089.86460483685,6816.35323559381,572.564884366009,494.262502345646,510.735821002672,13.9089254785689,15.4015981612481,948.173432364133,885.12572855393,0.00350820234810489,0.00331871213945707,1.61253195085873e-06,0.00135835027419289,0.00596821067952362,1.77515464069335e-05,1.66300528058454e-05,3.59326527172205e-11,7.65228805279921e-06,2.9734979395857e-05,-1557.58855724429,0.127308867169164,0.0857543374710721,0.9575,0.521259068436674
"constant",800,"sir_laplace",25,7.855,4423.87819505777,4302.79625862187,88.4004413344638,98.3594663257669,7197.74319787921,912.148582406756,7117.62316935565,669.218134568805,563.192641000353,547.778008736075,11.254034542898,12.5218925939869,916.326314179403,906.126437855589,0.00373614391891578,0.00353328575826915,1.83281606342206e-06,0.00128570895559643,0.00636033106968683,1.90213713233005e-05,1.75534086377034e-05,5.76836505815971e-11,8.17356522543684e-06,3.32812762998634e-05,-1553.63888464567,0.146674788139325,0.109278605372939,0.9525,0.535433583188615
"constant",800,"sir_laplace",26,7.718,3737.88477419644,3630.88081819541,126.723554422441,67.98509881768,7157.01030599669,1334.82049922401,6572.54791563031,577.183080998205,484.30743381659,470.443225990595,16.4192218738587,8.80864198207825,927.314110649999,851.586928690115,0.00283793457688018,0.00262923555291458,1.1328718167392e-06,0.00112352494897337,0.0049170023621903,1.58518213248332e-05,1.4978144521832e-05,2.80666129515324e-11,6.71852575894274e-06,2.62917561708716e-05,-1589.66442928129,0.152144089705815,0.10120996699045,0.9325,0.501875400316127
"constant",800,"sir_laplace",27,8.179,3922.62592656235,3306.7849466731,88.5947709806993,119.489559088992,7251.40355645911,1913.23764572249,6862.087384983,731.413089285343,479.59725230008,404.301864124356,10.8319808021395,14.6093115404074,886.588037224491,838.988554222155,0.00320144631694388,0.0030259545796061,1.2524610227151e-06,0.00136496145827544,0.00541839718289706,1.69259346221007e-05,1.5586125295159e-05,4.30208924670812e-11,6.83535055155399e-06,2.99309174961443e-05,-1579.49206005869,0.156335144676371,0.105270521815473,0.925,0.511868111910956
"constant",800,"sir_laplace",28,7.893,3510.33092370762,3684.67738353455,100.384635893261,124.191888501331,6989.61893512092,2881.88428913857,6762.55834091994,1307.61758043767,444.73975975011,466.828504185298,12.7181852138934,15.7344341190081,885.546552023429,856.779214610407,0.00287344610781937,0.00261934396854234,1.36329696175099e-06,0.00111956841507216,0.00514123429995506,1.57197873873512e-05,1.47386689322446e-05,2.56010235048184e-11,7.07958160162753e-06,2.60506031003929e-05,-1580.89368887927,0.147568129146435,0.0975877778837666,0.93,0.501125976936791
"constant",800,"sir_laplace",29,7.722,4989.85696265761,4452.66743225226,92.5169899652114,75.1175823640378,7598.27549617396,386.149277687704,7614.21110897024,341.376100455212,646.187122851283,576.621009097677,11.9809621814571,9.72773664387954,983.977660732189,986.041324652971,0.00576386556677936,0.00549739041776063,4.40226755296491e-06,0.00192390633162161,0.0098076408360883,1.85423524895737e-05,1.6915018860209e-05,5.73836229893426e-11,6.9894500074174e-06,3.32424547284568e-05,-1583.10604329813,0.133389789884845,0.0925259225426831,0.9575,0.577652274686438
"constant",800,"sir_laplace",2,7.818,4681.97795447426,4238.13850233706,105.599278835008,85.1024628061556,7370.89808090259,1297.24916765035,6710.73524680533,388.59875664668,598.871572585605,542.100089835899,13.5071986230504,10.8854518810637,942.811215259989,858.369819238338,0.00428392738729778,0.00404041971874028,2.66360713892272e-06,0.00159591520997173,0.00762690493305571,1.88583877671586e-05,1.74950217057525e-05,4.55212515771709e-11,7.89771121827125e-06,3.25739409532302e-05,-1559.89410345807,0.146446111584384,0.107863934771632,0.94375,0.545210340234003
"constant",800,"sir_laplace",30,7.776,4081.65060553191,3926.67473356498,135.464146110723,116.593389220986,7369.22323793051,1162.56850200236,6731.38039737549,574.198215706237,524.903627254618,504.973602567513,17.4208006829633,14.994005815456,947.688173602175,865.661059333267,0.00339284258559735,0.0032582059252022,1.31585537198725e-06,0.00137191486263006,0.00573101595936429,1.78492265829953e-05,1.68814592335317e-05,3.81601707810399e-11,7.34603270390804e-06,2.97021411880707e-05,-1573.86366951471,0.163226812444869,0.11678124160452,0.8925,0.520558788603161
"constant",800,"sir_laplace",31,7.653,5614.7351847969,5558.33783236302,168.851612093717,133.776787079442,8085.87665736631,1637.90109007604,8112.74329235643,1115.44305547927,733.664600130263,726.295287124399,22.0634538212096,17.4803066875006,1056.56300239988,1060.07360412341,0.00714494062192989,0.00688689519742972,4.92547403668733e-06,0.00290549351747905,0.0112028465081,1.78419873466743e-05,1.65749083705218e-05,4.2951419612014e-11,7.39368101341334e-06,3.07450427399515e-05,-1560.72293444145,0.135574060527467,0.0981237234102742,0.96875,0.602309197672912
"constant",800,"sir_laplace",32,7.731,3228.35910968658,3085.67920626445,59.1513285155763,114.000302113646,6968.55563194766,1551.07401650481,6206.226884984,746.216217807117,417.586225544765,399.130669546559,7.6511872352317,14.7458675609425,901.378299307678,802.771554130643,0.00274564791655683,0.0025433448268406,1.20551927832356e-06,0.0010381899563919,0.00495390445768027,1.72977323901293e-05,1.60692798063821e-05,3.61154080292318e-11,7.69142087272707e-06,2.91483090427167e-05,-1628.33564700596,0.150454818089643,0.108134362884561,0.9125,0.501043683390279
"constant",800,"sir_laplace",33,7.751,3943.7575910629,3878.676768655,102.865072341842,66.8454957677296,7367.19965090405,1033.20474385562,7118.33626626131,896.673232365939,508.806294808785,500.409852748677,13.2712001473154,8.62411247164619,950.483763502007,918.37650190444,0.0034826246803432,0.00319384701720885,1.83941008395544e-06,0.00129086088085304,0.00620035044648643,1.64770799597175e-05,1.56768980834667e-05,2.9354417573377e-11,7.29586930567513e-06,2.7088061939691e-05,-1603.60440791758,0.161883738774791,0.114201998731795,0.91,0.517389624081946
"constant",800,"sir_laplace",34,7.584,4417.19482752964,4218.29304168226,74.134572594001,137.323108252857,7301.31070248835,630.789581424593,7062.19873470411,615.343130980318,582.436026836714,556.209525538273,9.77512824287988,18.1069499278556,962.725567311227,931.197090546428,0.00444529124096638,0.00418286025511211,3.174600480084e-06,0.00145502063700394,0.00806020771200696,1.87802565460042e-05,1.77877008749011e-05,4.26022132266593e-11,8.13163240920976e-06,3.13057485476455e-05,-1599.47943528228,0.153787116954215,0.107557610116777,0.935,0.550334277972689
"constant",800,"sir_laplace",35,7.776,3607.35933903574,3365.30441636946,81.1504665400974,97.3737846563595,7068.31939797682,697.678436718661,6561.70497588498,337.026523170325,463.909380020028,432.780917742986,10.436016787564,12.5223488498405,908.991692126648,843.840660479035,0.0033056334725274,0.00313199804764363,1.58734049743532e-06,0.00128354130618352,0.00577292233933628,1.81986383945792e-05,1.68734868710685e-05,4.74794785560076e-11,7.3486370714316e-06,3.30691136987113e-05,-1548.11590962661,0.133159250340221,0.0956809220992136,0.95,0.521090289497296
"constant",800,"sir_laplace",36,8.187,3784.2681389934,3434.19827872968,84.9843872607164,92.6511523452046,7022.3527591524,1029.12591664288,6685.1903927054,573.622116106532,462.228916452107,419.469681046743,10.3804064078071,11.3168623849035,857.744321381751,816.561670050739,0.00377464833247163,0.00351924053622438,2.53509636075333e-06,0.0013143399292668,0.00682610233466315,1.78761852456813e-05,1.66137763419496e-05,4.01892694127101e-11,7.6076159408635e-06,3.08136850523535e-05,-1564.16417160041,0.146278133193231,0.104931168017021,0.95,0.534033080044075
"constant",800,"sir_laplace",37,7.99,3985.50344959867,3775.48468576435,134.326549990464,76.2055365852366,7127.36556370158,1670.65904604772,6881.63186474381,942.352169846905,498.811445506717,472.526243524951,16.8118335407339,9.53761409076803,892.03574013787,861.280583822755,0.0036024346795654,0.00340640234683004,1.65420481497554e-06,0.00139811552213402,0.00618213527200956,1.80028477203468e-05,1.64431169320016e-05,5.09286337669475e-11,7.51007924045747e-06,3.17204852576551e-05,-1588.94660613921,0.144449866800254,0.0917653174892252,0.94625,0.524280998191841
"constant",800,"sir_laplace",38,7.796,4135.00157111944,4281.88488832759,100.917826185155,103.542918499523,7320.9648798447,941.045426797286,7209.45202386087,743.972250365421,530.400406762371,549.241263253924,12.944821214104,13.2815441892667,939.066813730721,924.762958422379,0.00408006045800846,0.00385200825973898,2.12706008744374e-06,0.00154854092908771,0.00693572129490504,1.7373219927968e-05,1.62092473554211e-05,3.76831224212346e-11,7.60313738026779e-06,3.02427317075853e-05,-1558.50123110514,0.14553069508036,0.100855079627316,0.945,0.539100334264257
"constant",800,"sir_laplace",39,7.6,3774.74663223769,3403.71023626554,71.1914697160716,74.1042407810939,6922.37839224594,850.099026493016,6786.53353304967,434.089410685234,496.677188452327,447.85661003494,9.36729864685152,9.75055799751236,910.839262137624,892.964938559168,0.00380146249000814,0.00352537781872024,2.51964640142655e-06,0.0011642541428573,0.006895179378033,1.86425207871965e-05,1.77343412845888e-05,4.33279825996655e-11,7.25963338412152e-06,3.14690013624272e-05,-1574.38478669922,0.133882076717646,0.0837975426382468,0.955,0.528691754020562
"constant",800,"sir_laplace",3,7.782,4797.1944796203,4809.41504632199,102.857008774951,96.081213979805,7294.04703812677,922.431155167033,7147.31105253051,376.111058724012,616.447504448766,618.017867684655,13.217297452448,12.3465965021595,937.29722926327,918.441409988501,0.00423756567995045,0.00393024471291176,2.91441749857432e-06,0.00130692779474513,0.00763190159597889,1.63160469589778e-05,1.53450169177976e-05,3.27869265339406e-11,6.89332988862856e-06,2.83824216907324e-05,-1562.86045263514,0.159495292129867,0.11109296950431,0.91875,0.543777768564861
"constant",800,"sir_laplace",40,7.788,4294.17708667491,4500.38415049719,95.9742990426291,108.502709380097,7268.85122435342,1222.89521671205,6774.59707891564,807.668879254855,551.383806712239,577.861344439804,12.3233563228851,13.932037670788,933.339910677121,869.876358361022,0.00323691358627768,0.00298654124109558,1.49324672656986e-06,0.00131888242541728,0.00580690590945365,1.57319223402484e-05,1.46048394591917e-05,3.11251397903166e-11,7.7474263427948e-06,2.69424974487581e-05,-1572.95781380723,0.139578628079411,0.091566302658759,0.92625,0.509804000316789
"constant",800,"sir_laplace",41,7.698,4394.60637580192,4073.71720309539,101.997412545204,93.9596526553682,7314.02582946547,919.132647327348,6846.04871580392,561.700280224235,570.876380332803,529.191634592802,13.2498587354123,12.2057226104661,950.120268831576,889.328230164188,0.00426003881278268,0.00411138081511353,2.35603539121827e-06,0.00161320703704431,0.00724353492762124,1.85535300097294e-05,1.74415695576501e-05,4.49896828550385e-11,7.78948349360653e-06,3.18999367741939e-05,-1584.52454136564,0.173715223832068,0.130385027094194,0.92,0.549357119697363
"constant",800,"sir_laplace",42,7.729,4310.63051305802,3425.53622836855,67.854410339737,109.437913611626,6908.0751900561,571.12761348944,7074.76546751188,480.090372463318,557.721634500973,443.205618885826,8.77919657649592,14.1593884864311,893.786413514828,915.353275651686,0.00426551010983343,0.00390267587636003,3.5164311787714e-06,0.00136975175055015,0.00796212342801822,1.75379404676881e-05,1.59490719828481e-05,4.49248184862951e-11,7.97985026239535e-06,3.14058648140028e-05,-1594.16963361435,0.170139069236774,0.111626598189914,0.91875,0.544242595292545
"constant",800,"sir_laplace",43,7.923,4861.16583414305,3970.55590711057,97.9451732590482,73.4511058614926,7735.67828192466,815.400235552842,7311.6090340017,300.681357265667,613.55115917494,501.14298966434,12.3621321796098,9.27061793026538,976.357223516933,922.833400732261,0.00504874887910165,0.00480593952725565,3.01097861588037e-06,0.00208131778683403,0.00843743015792674,1.89226585999824e-05,1.72168003795884e-05,6.75660892802241e-11,7.57286137873493e-06,3.45423013035005e-05,-1550.06608926463,0.148181209687193,0.107011509399262,0.9575,0.561431934416828
"constant",800,"sir_laplace",44,8.18,4451.06369524117,3969.08908276752,78.5256902770863,117.239813486143,7249.2381567961,1398.80694141663,6894.99677108837,473.724997106992,544.139816044153,485.218714274758,9.59971763778561,14.3324955362033,886.214933593656,842.90914071985,0.00388418542226918,0.00371024572889977,2.12230090114769e-06,0.00148977951731613,0.00676571179130817,1.70307301273312e-05,1.59243349569649e-05,3.38500047682573e-11,7.63810066102355e-06,2.86042361459558e-05,-1576.02340012484,0.152633592959406,0.114596856933196,0.94625,0.534100394981126
"constant",800,"sir_laplace",45,7.689,3509.09322258594,3633.22306254469,110.511882382724,102.962243956314,7195.50861063529,856.66695675914,7098.43584943173,685.648253968814,456.378361631673,472.522182669357,14.3727249814961,13.3908497797261,935.818521346766,923.193633688611,0.00366454753940153,0.00347219498441602,1.75871423367105e-06,0.00144757627103766,0.0063019653581204,1.70658812581701e-05,1.56194111887796e-05,4.7353181077866e-11,7.50800326874593e-06,2.96702094211365e-05,-1581.41095484013,0.157555222702885,0.111856338471807,0.93875,0.528229547875925
"constant",800,"sir_laplace",46,7.602,4712.96479412294,4480.66076706051,70.3593102473897,106.749050652356,7383.61274801153,1335.29620045769,6988.98162579199,478.305476730043,619.963798227169,589.405520528875,9.25536835666794,14.0422323931013,971.272395160685,919.360908417784,0.00372630765800835,0.00349333827584901,1.84469894835463e-06,0.00138253877618558,0.00641903651428322,1.79662446937654e-05,1.68175888011034e-05,4.85762120557363e-11,7.29832898334085e-06,2.97549799903476e-05,-1589.77290236428,0.134132702165831,0.087670966031303,0.95375,0.527330142964382
"constant",800,"sir_laplace",47,7.893,4522.86477046132,4277.99437452455,59.0539856293127,27.9549677366228,7287.86830229668,629.167221378884,6601.10706604246,258.508628904126,573.022269157649,541.998527115742,7.48181751289912,3.54174176316012,923.333118243594,836.324219693711,0.00429851978752672,0.00414354244812326,2.64855560768662e-06,0.00133461813859974,0.00740502588553915,1.99890967511227e-05,1.85624936733438e-05,5.97918466933438e-11,8.23241134674372e-06,3.45380977745194e-05,-1609.57251071892,0.151919659258445,0.101703642988478,0.955,0.542525824689945
"constant",800,"sir_laplace",48,7.662,4241.19032692107,4217.33354686889,90.6703701446328,119.235590016079,7224.54995647725,975.522611656276,7077.66431270471,482.466023856417,553.535673051562,550.422023866992,11.8337731851518,15.5619407486399,942.90654613381,923.735880018886,0.00382183296347059,0.00354638374544912,2.27721562942353e-06,0.0014645878672958,0.00702947206934498,1.66136702085653e-05,1.56472682731996e-05,3.48975470030478e-11,7.15781639710515e-06,2.77650524589517e-05,-1561.68876235551,0.139427746938939,0.0882530336094721,0.95125,0.52912031982075
"constant",800,"sir_laplace",49,7.833,3521.73049698191,3448.69211991826,108.169042361301,145.737399423286,7188.38139384128,1611.35524462557,6701.42758833499,808.131380776385,449.601748625292,440.277303704617,13.8094015525726,18.60556612068,917.704761118509,855.537800119365,0.00318219607206684,0.00293913794937369,1.45756583873964e-06,0.00128255439197937,0.00562700342827879,1.63949333406965e-05,1.5502651306841e-05,2.87010285767243e-11,7.21438568152353e-06,2.71671322081998e-05,-1608.57756449187,0.150766322458408,0.101673037615235,0.93375,0.51334974763234
"constant",800,"sir_laplace",4,8.101,4265.5574604053,3984.72751021138,75.5268384579047,87.8694845669211,7273.91049980318,951.603617763844,7001.20479340311,314.09777833292,526.547026343081,491.880941885123,9.32315003800824,10.8467454100631,897.902789754745,864.239574546737,0.00419352423919515,0.00394785581294538,2.58917710158297e-06,0.00156145549919526,0.00742066311397622,1.76014168824244e-05,1.61847601015294e-05,5.11605701048585e-11,6.87507815607174e-06,3.18342239114535e-05,-1601.14315454877,0.143521943139597,0.0988266777852292,0.95,0.536009895114439
"constant",800,"sir_laplace",50,7.786,3957.6159107407,3939.18256368511,91.4816438854505,131.77681438675,7232.08288827094,717.866942950314,7047.21397256269,808.496209102694,508.298986737825,505.93148775817,11.749504737407,16.9248413032045,928.857293638703,905.113533593975,0.00357944750256662,0.00336748602255852,1.95984187597982e-06,0.00125349982270485,0.00620272269530223,1.66903145949315e-05,1.5840927210649e-05,3.45685954770179e-11,7.50716012609704e-06,2.83991014201551e-05,-1567.69883022125,0.12487046862887,0.0836682125579455,0.9575,0.523096686363569
"constant",800,"sir_laplace",51,7.817,4559.62328645378,4656.16329069531,105.268684804917,104.877587828901,7270.16806200435,934.948472385876,7257.26397614721,619.085571512929,583.295802283968,595.645809222887,13.4666348733423,13.4166032786108,930.045805552558,928.3950334076,0.00430691651487016,0.00399532750263413,2.9842040244546e-06,0.00131395419541283,0.00770546055746487,1.73481007505978e-05,1.59077877419041e-05,4.89275568870776e-11,7.4388836223961e-06,3.06776257439498e-05,-1548.79127560874,0.151206570968078,0.106870924932435,0.95875,0.549252857947427
"constant",800,"sir_laplace",52,7.821,3755.42770922042,3668.43352428761,73.4508732612014,128.854843204465,7229.14873595345,1888.06126374207,6914.57247902565,623.269834857078,480.172319296818,469.049165616623,9.39149383214441,16.4754945920554,924.325372197091,884.103372845627,0.00380979259031198,0.00361329382945128,2.01121834957233e-06,0.00130709899843095,0.00657934986107318,1.65420216879604e-05,1.57280837284951e-05,3.22682435332964e-11,6.95753938430132e-06,2.74993131398036e-05,-1569.62875333765,0.171858161112003,0.128220641195849,0.9325,0.536653443839933
"constant",800,"sir_laplace",53,7.662,5023.15031441379,4626.62168888,101.718173946096,110.700546803702,7461.57189605777,824.370987267535,6859.05498715973,366.039898833055,655.592575621742,603.839948953276,13.2756687478591,14.4479961894678,973.841281135183,895.204253087931,0.00470049160246653,0.00442453371310179,3.25719287842582e-06,0.00154279137238946,0.00818850444754269,1.8520055713328e-05,1.7261378051103e-05,5.0920493343914e-11,6.81149821075311e-06,3.27816788250198e-05,-1616.20555166847,0.148741915081329,0.105496612211067,0.9525,0.552339577825089
"constant",800,"sir_laplace",54,7.902,5252.41187998872,4671.73095315151,111.404279294448,95.8148426171764,7590.94420662054,694.274584692101,8160.67333670424,797.727385898849,664.693986331146,591.208675417807,14.0982383313652,12.1253913714473,960.635814555877,1032.73517295675,0.00791846095577278,0.00760752191792111,8.33691227677829e-06,0.00332772079369139,0.0137695431039153,1.95408972199568e-05,1.8165727623739e-05,5.64324893893377e-11,7.69191049478353e-06,3.3150846840846e-05,-1573.22261712949,0.143349458234985,0.108895618727213,0.9775,0.62555942485549
"constant",800,"sir_laplace",55,7.733,4555.68636644333,4451.22553601907,131.691769053095,51.4990496969993,7502.39626235756,1284.98829743334,7035.73187796719,397.506069327162,589.122768193887,575.61431993005,17.0298421121292,6.65964692835889,970.179265790451,909.832132156626,0.00416627682251771,0.00388865857700591,2.36505375626436e-06,0.00158228938957661,0.00723766357916813,1.69376143117361e-05,1.56644464073959e-05,3.77209827280354e-11,7.04877475489497e-06,2.93053241584041e-05,-1610.07203462922,0.122587812330466,0.0804189432188858,0.9575,0.541425194653238
"constant",800,"sir_laplace",56,7.727,4515.03624605525,4564.64410520964,100.398915475997,103.907187942289,7281.30922480044,994.948336727805,6948.38424665131,486.523329128345,584.319431351786,590.739498538843,12.9932594119318,13.4472871673727,942.320334515393,899.234404898578,0.00347870773382878,0.0032993037733764,1.72025335080286e-06,0.00125674230746453,0.00593890302061436,1.54872289248231e-05,1.42429519060277e-05,3.49462102851182e-11,6.81959463423337e-06,2.69259496220705e-05,-1605.77450180125,0.152707673170006,0.100024898954003,0.94125,0.514090058615284
"constant",800,"sir_laplace",57,7.677,3846.14819610113,3758.35015799346,110.097756283146,118.335435056921,6996.78133958592,1847.62220895182,6575.61987094364,538.85855723551,500.99624802672,489.559744430566,14.3412473991332,15.414280976543,911.395250695053,856.535088047888,0.002528833088528,0.00240588377044654,7.71535942184772e-07,0.000947624028135268,0.00423514273943259,1.66942629529582e-05,1.56493595140649e-05,3.63588709135149e-11,7.73464492404672e-06,2.80837039239568e-05,-1591.63849466985,0.156472700723059,0.106606894565304,0.9325,0.489772005710972
"constant",800,"sir_laplace",58,7.724,3809.30786171673,3883.12263110507,111.727189322737,120.021890034377,6950.43088968375,1040.95568468287,6650.18943063441,634.516100364601,493.178128135257,502.73467518191,14.4649390630162,15.5388257424102,899.848639265116,860.977399098189,0.00336678132627811,0.00316075488402346,1.86604884169029e-06,0.00119232302901351,0.00601657477329225,1.66302931520544e-05,1.51950875120485e-05,4.02960094424154e-11,7.39174747621072e-06,3.00468560058362e-05,-1574.89119909038,0.152145515995591,0.109652723395717,0.945,0.520868486175475
"constant",800,"sir_laplace",59,7.974,3266.63361063401,3212.89298066639,106.468403174096,73.6763367893543,7043.32847988783,1183.96008521723,6563.09024603686,962.75568400129,409.660598273641,402.921116210984,13.3519442154623,9.23957070345552,883.286741897144,823.061229751299,0.00280857779530913,0.00260927930956627,1.22689403820413e-06,0.00103869335081003,0.00482495928351689,1.68237516855448e-05,1.59675831677091e-05,3.11257354879447e-11,7.44933728628854e-06,2.70944275061379e-05,-1584.73437129222,0.15244306648574,0.0989481511727225,0.93125,0.501235964535404
"constant",800,"sir_laplace",5,7.667,4636.9029585261,4632.63207396464,139.966460940735,127.014872077977,7851.92679641435,1220.49954839025,7759.47655447734,958.770437807257,604.787134280175,604.230086600318,18.2557011791751,16.5664369476949,1024.11983780023,1012.06163486075,0.00503993127393413,0.00479645113642948,2.46069396524539e-06,0.00240857788271922,0.00828121117604351,1.73033230265073e-05,1.62038231865004e-05,3.81005121908706e-11,7.88819314805903e-06,2.98263432072648e-05,-1543.1811476706,0.150221417977054,0.108708281482163,0.9375,0.561376208658268
"constant",800,"sir_laplace",60,7.754,3354.62867583519,2789.39471007271,105.005753793313,125.048682616067,7301.81334336775,830.996784885826,6872.97565175998,731.227259869989,432.632019065668,359.736227762795,13.5421400300893,16.1269902780587,941.683433501128,886.378082507091,0.00299223460207004,0.00284149659629544,1.042172486808e-06,0.00128627875755843,0.00501865631162045,1.55814293721987e-05,1.43478879412739e-05,3.07903315411519e-11,7.17652604432523e-06,2.6603825008105e-05,-1558.88519406843,0.14856239435063,0.109083882080918,0.935,0.506525277807877
"constant",800,"sir_laplace",61,8.003,4126.56444876021,3839.35887709282,94.4046729487632,88.9992032024554,7510.86012771428,763.627104706647,7330.53213983303,564.595253485502,515.627195896565,479.739957152671,11.796160558386,11.1207301265095,938.505576373145,915.973027593782,0.00372820623205445,0.00357414743083842,1.8908161150896e-06,0.00136848440049065,0.00637910498881335,1.5819733883095e-05,1.48686493648729e-05,2.63109501004167e-11,7.67476434125282e-06,2.60205531994666e-05,-1603.53179190643,0.169463598516173,0.116977959949487,0.92625,0.52619240183042
"constant",800,"sir_laplace",62,7.587,3818.81012802235,3950.46598597364,111.460658155123,124.858027868777,7108.44692531301,1478.27427910856,6692.05300731172,750.342983829222,503.335986295288,520.688807957512,14.6910054244264,16.4568377314851,936.92459803783,882.042046568041,0.00284359628372047,0.00274964624517355,9.83826629628871e-07,0.00112964385897723,0.00476141431871037,1.71385322232076e-05,1.58370298225044e-05,4.32630215139975e-11,7.45650884783909e-06,2.95835207929559e-05,-1600.25318565033,0.150617313214778,0.100891816475702,0.92125,0.497671236848667
"constant",800,"sir_laplace",63,7.657,5039.22861387121,4818.84063358228,57.3062908252742,97.535516992875,7339.29242229072,658.411595232547,7389.60842621806,490.443801226389,658.12049286551,629.337943526482,7.48417014826619,12.7380850193124,958.507564619396,965.078807133088,0.00568857464935439,0.00536423926482127,4.9610131237146e-06,0.00177517646726226,0.0100158569383562,1.80770551373789e-05,1.70201295767323e-05,4.29914186216479e-11,7.3490779905697e-06,3.00852143871231e-05,-1568.86628152589,0.154279521735365,0.115492743124309,0.96125,0.581360414978456
"constant",800,"sir_laplace",64,7.766,4001.57181553687,4069.05150403124,72.826854793945,102.284313712813,7254.08058609104,1181.66780904154,6844.08443797105,441.547635610667,515.268067929033,523.957185685197,9.37765320550413,13.1707846655695,934.081970910512,881.288235638816,0.00393482432037046,0.0036179216356404,2.45843370829718e-06,0.00143809651931186,0.00706999625447314,1.79180710914968e-05,1.71644041669103e-05,4.0261957350128e-11,7.30870416339324e-06,3.08340360063719e-05,-1586.47938368012,0.137647315202668,0.0928981465850492,0.9425,0.534441197457091
"constant",800,"sir_laplace",65,7.697,3138.47111247056,3081.93546305315,69.641652135739,123.841128678803,7009.09019516831,930.031337201165,6566.59434303628,573.136126138965,407.752515586665,400.407361706269,9.04789556135364,16.089532113655,910.626243363428,853.136851115536,0.00311277347921302,0.00294441870332309,1.54146876269255e-06,0.00105487788523033,0.00554719981158144,1.67804499244459e-05,1.5788880386145e-05,3.05974061283517e-11,8.02699913529666e-06,2.73638761205988e-05,-1579.91849941749,0.138573278215106,0.0909826547620992,0.93625,0.506885118185693
"constant",800,"sir_laplace",66,7.708,4140.47814496837,3951.69274504944,101.176153056706,88.9158582779909,7347.78793246445,979.469346153336,7049.23327137641,799.925934745142,537.166339513281,512.674201485397,13.126122607253,11.5355290967814,953.26776497982,914.534674542866,0.0035481167814532,0.00328041002934587,1.89790134472649e-06,0.0013839525590221,0.00635873625527743,1.57942026833684e-05,1.48782739226737e-05,2.78017086567428e-11,7.22159413935695e-06,2.68365175324793e-05,-1598.58308931612,0.139840532803995,0.100196737011618,0.9525,0.518615756862537
"constant",800,"sir_laplace",67,7.78,4007.36419639349,3838.57827598619,17.6794563264228,136.416533558001,7103.12746418036,677.36580544894,6951.5325123768,1119.97443147929,515.085372287081,493.390523905681,2.27242369234226,17.5342588120824,912.998388712128,893.513176398047,0.00325792994242745,0.003030156708062,1.48821473162664e-06,0.00127580431124818,0.00576691491451917,1.64437348853202e-05,1.53854665487141e-05,2.93144765363729e-11,7.5627587613215e-06,2.71981389033282e-05,-1582.77126077377,0.1417280210046,0.0922542825656948,0.93875,0.513863928533838
"constant",800,"sir_laplace",68,7.564,4776.45727328809,3576.35670286571,104.328839419627,95.2484476390094,7459.19288310956,755.238727741252,7242.84851439314,386.21300157312,631.472405246971,472.81289038415,13.792813249554,12.5923383975422,986.143955990159,957.542109253456,0.00610710244757973,0.00579935699005389,5.3492273601901e-06,0.00219151157087551,0.0105532157477722,1.90947453038778e-05,1.7442597472257e-05,6.09315941045816e-11,7.45846069395068e-06,3.56042020995726e-05,-1551.873864933,0.143220373357789,0.107293528498465,0.9575,0.590809698211031
"constant",800,"sir_laplace",69,7.798,4267.89940581132,3960.57913954552,107.246114742132,111.107223318534,6998.77548598934,2025.80645344813,6566.73848604856,850.054328635962,547.306925597759,507.896786297195,13.7530283075317,14.2481691867831,897.509038982987,842.105473973911,0.00290237341653673,0.00269444011049374,1.31349845812624e-06,0.0010319035996911,0.0053048153144623,1.65588010013686e-05,1.5484574803231e-05,3.96117875516472e-11,7.10661470120955e-06,2.77643657300445e-05,-1603.33435381364,0.144886751239026,0.102140395171765,0.93875,0.500595987838722
"constant",800,"sir_laplace",6,7.702,4617.77456916491,3932.97039702856,114.596218569574,105.250755795364,7290.6803883548,1258.60608139527,6958.04500765877,484.276249679715,599.555254370931,510.642741759096,14.8787611749642,13.6653798747552,946.595739853908,903.407557473224,0.00424982191820067,0.00408097811536036,2.29982362177489e-06,0.00152740972588526,0.0071392140943629,1.78015999615193e-05,1.60065641934873e-05,5.85184596403077e-11,6.96112628087406e-06,3.27964103454455e-05,-1556.73562863322,0.149937069360201,0.109100715275483,0.92875,0.548500881950402
"constant",800,"sir_laplace",70,7.93,3432.39491899509,3243.82130773678,96.455832492911,116.627320786825,7114.10242271367,1209.39023855182,6554.79693968191,567.914037083309,432.836685875799,409.056911442217,12.1634088893961,14.7071022429792,897.112537542707,826.582211813607,0.00326622579730752,0.00312767003336423,1.4894731894656e-06,0.00117957398787922,0.0056233412625707,1.75221274863764e-05,1.62961595909201e-05,4.63719315716835e-11,6.56861175368049e-06,3.13076133059111e-05,-1574.73678688314,0.143365179236912,0.0898578864405139,0.945,0.5132242935423
"constant",800,"sir_laplace",71,7.911,3241.88970105746,2716.02049239029,133.155529857101,92.3855003099034,7397.74378999698,1827.50789474888,6668.00744731875,569.670016174764,409.795184054792,343.322019010275,16.8316938259513,11.6781064732529,935.121197066993,842.877948087315,0.0043047798314912,0.00412490804778413,2.17520881700766e-06,0.00187718476137518,0.00745556274172173,2.01895240315915e-05,1.84934538201536e-05,6.56892210785574e-11,8.30585356217845e-06,3.66646871102296e-05,-1551.0694409324,0.14419953649661,0.094665102277615,0.94875,0.5447254552693
"constant",800,"sir_laplace",72,7.573,4627.39117772103,4484.75199719751,109.045402509579,85.0731256016354,7446.17188390271,917.25542435591,7294.24656055639,774.475086994592,611.03805331058,592.202825458538,14.3992344526051,11.2337416613806,983.252592618871,963.19114757116,0.00379195594090003,0.00363124737063755,1.6755811055746e-06,0.00148219785963907,0.00629036393020657,1.63440607655007e-05,1.54657500976972e-05,2.90394889548709e-11,7.41679947628906e-06,2.76294316531819e-05,-1590.98964754292,0.159978864709993,0.10998870591376,0.91875,0.521448697856147
"constant",800,"sir_laplace",73,8.083,4880.80422968131,4845.91263193644,81.2963661820725,138.805877224717,7352.73041661501,813.731535319024,7653.07772457804,725.38564186458,603.835732980491,599.519068654762,10.0576971646756,17.1725692471504,909.653645504764,946.811545784738,0.00509978644782392,0.00473788573181891,3.90903283695507e-06,0.00169876788170762,0.00917964866708696,1.83695299112276e-05,1.72503384953342e-05,3.60567684000388e-11,8.00617810047714e-06,3.01351910673704e-05,-1596.48720572659,0.141374890292763,0.104855118182397,0.97,0.564238116670816
"constant",800,"sir_laplace",74,7.897,4522.17037756635,4526.30087423067,130.345804533608,106.682992290767,7448.5441190802,1710.05957592714,7280.15720326053,697.417542042452,572.644089852647,573.167136156853,16.5057369296705,13.5093063556752,943.211867681423,921.888970908007,0.0042456353703145,0.00403521040522212,1.94077513908679e-06,0.00193306044442685,0.00712332092752753,1.72456685841785e-05,1.61856722474533e-05,4.33570167345556e-11,6.79322702370496e-06,2.9106346544226e-05,-1567.94034598149,0.142034971335586,0.0993718566249645,0.955,0.544628402203425
"constant",800,"sir_laplace",75,7.942,4148.65863109773,4157.40008205964,114.144226077298,100.295183195543,7163.88065609,1253.81540314627,7339.19159491447,605.897188232883,522.369507818904,523.470168982578,14.3722269047214,12.6284541923373,902.02476153236,924.098664683263,0.00384402021807417,0.00350449822955669,2.30251928324843e-06,0.00156020045139508,0.00695389831609005,1.59524682833648e-05,1.50913582582611e-05,3.02081410385327e-11,6.67267483020601e-06,2.69991727410182e-05,-1592.21449280704,0.143371698998541,0.102825689629065,0.9475,0.52685538477451
"constant",800,"sir_laplace",76,7.649,3543.9144415746,3237.95870661495,86.0068389374192,97.971102418709,7093.67412335876,827.724544786107,6347.81713797481,343.850234065288,463.317354108328,423.31791170283,11.2441938733716,12.8083543494194,927.398891797458,829.88850019281,0.0037785864916043,0.00352861086820888,2.45710827967573e-06,0.00133647870172947,0.00675298133090205,1.99854807095977e-05,1.84106903343099e-05,6.46456458553973e-11,8.19571923579208e-06,3.50140762869642e-05,-1591.53652005378,0.145330611534163,0.106290235011794,0.95,0.52884834178457
"constant",800,"sir_laplace",77,7.944,4296.10626465989,4209.47236752636,92.1435788771326,98.9763594518403,7136.84702973512,533.053025495785,7052.92335976985,444.858057658112,540.798875208949,529.893299034034,11.5991413490852,12.4592597497281,898.394641205327,887.830231592377,0.0044531131650259,0.00423378248138292,3.52943012312495e-06,0.00146650868679508,0.00805144482148285,1.78385722982952e-05,1.67034781101197e-05,3.93482266018304e-11,7.93493275272293e-06,3.09827434680659e-05,-1553.59620223678,0.128400972201983,0.0909911494398759,0.96,0.548521299892977
"constant",800,"sir_laplace",78,8.143,5177.95355561803,4314.67220755155,42.6540993040163,78.5618729045825,7581.68627117293,586.444353826976,7571.35512570204,364.656447198588,635.877877393839,529.862729651425,5.23813082451385,9.6477800447725,931.067944390634,929.799229485699,0.00568214965334356,0.00534563670713328,4.35609358167824e-06,0.00198892623416777,0.009442333222805,1.83546451831345e-05,1.66569869528793e-05,5.61683274609926e-11,6.98381336324172e-06,3.2713511962001e-05,-1587.46825710285,0.137928904682374,0.0917102053029482,0.9675,0.574194982109264
"constant",800,"sir_laplace",79,7.893,3570.09424629376,3478.79562717136,103.850604123053,93.9249981188286,7215.92911458229,1018.59840714902,6832.20597193641,699.984162213602,452.311446382081,440.744409878545,13.1573044625685,11.8997843809488,914.218815986608,865.60318914689,0.00319661492012419,0.00298154045732084,1.31762841882922e-06,0.00129177553634371,0.00544632944863679,1.76234421539899e-05,1.6864658791048e-05,3.57877580657108e-11,7.68558012798063e-06,2.84616019715486e-05,-1597.64529482787,0.14858718533373,0.108761350685717,0.9375,0.511597916559152
"constant",800,"sir_laplace",7,7.723,3441.12750587907,3232.02623352537,77.3461469570554,91.4848472581034,6959.64659164531,856.185792669034,6395.15605819039,325.115084771389,445.568756426139,418.493620811262,10.0150390984145,11.8457655390526,901.158434759201,828.066303015718,0.00348421920205707,0.0032757317429081,1.74753956431777e-06,0.0013628875433352,0.00615318485678952,1.92547048101985e-05,1.79945098744223e-05,5.12905360239481e-11,7.94252343325377e-06,3.2199956773295e-05,-1564.75474838636,0.133628075500681,0.09387293826987,0.9575,0.531156633485721
"constant",800,"sir_laplace",80,7.805,4330.25917341161,4235.82154707294,91.7294927179768,62.6874941735345,7245.27399490087,1496.2261461027,6639.6880730346,251.258670974616,554.805787752929,542.706155935034,11.7526576192155,8.03170969552011,928.28622612439,850.696742220961,0.00407621543519716,0.00382728046022384,2.35773460985973e-06,0.00156052755473454,0.00716934249045209,1.99072473409842e-05,1.83862217773078e-05,5.23268669057423e-11,7.77522397205839e-06,3.44011277869605e-05,-1561.3199851602,0.152884982290518,0.105752992110972,0.94375,0.542685085099005
"constant",800,"sir_laplace",81,7.775,4395.81045357727,4245.58465947384,89.3687040843578,97.9141691815288,7447.51921710622,1185.13145711734,6707.81202187539,409.015098585146,565.377550299327,546.055904755478,11.4943670848049,12.5934622741516,957.880285158356,862.741096061143,0.00410894655149597,0.00394972057846869,2.16721111113055e-06,0.0014462446730052,0.006991483007644,1.88414072350459e-05,1.70915390881834e-05,5.83973250927377e-11,7.98827919174419e-06,3.45037187391446e-05,-1587.51359282036,0.154832766257433,0.110150106594242,0.93,0.542273416444306
"constant",800,"sir_laplace",82,7.647,3189.92526794813,1958.0763823451,97.4213329817953,69.3622436806746,7569.52488947117,828.458553284533,7520.59085297537,398.887911466427,417.147282326157,256.058111984451,12.7398107730869,9.07051702375763,989.868561458242,983.469445923286,0.00584303053729588,0.00555206961942596,4.54375693900203e-06,0.0021327669698539,0.00995481544973837,1.84461555228339e-05,1.67783039540322e-05,5.59826090550629e-11,7.09919874654282e-06,3.35979758565751e-05,-1581.27796814222,0.157959498505232,0.111516285245482,0.9525,0.578514871895784
"constant",800,"sir_laplace",83,7.754,3819.45208684261,3510.92443953412,74.8026664416858,107.64195290245,7072.36165457638,1075.83633349533,6739.01142855008,692.34963031672,492.578293376659,452.788810876208,9.64697787486275,13.8821192806875,912.092036958522,869.101293338932,0.00301777099708572,0.00284121951799733,1.46948140531884e-06,0.00109143802957513,0.00533742028938657,1.65740507996744e-05,1.55377307569509e-05,3.25943707037094e-11,7.38512574289727e-06,2.77963502663329e-05,-1589.06046144324,0.136893035600704,0.0889545191666894,0.93625,0.505598415997528
"constant",800,"sir_laplace",84,7.895,4030.30656454792,4006.94776035217,82.8051435115731,124.932991909159,7167.31719181887,914.632911220042,6820.13536506816,768.731804138094,510.48848189334,507.52979865132,10.4883019014025,15.8243181645546,907.82991663317,863.855017741376,0.00356095691281368,0.00334829551900874,1.93118149385387e-06,0.00123978180296434,0.00610302327655962,1.80108030898375e-05,1.64566799816277e-05,4.98605182772435e-11,7.53828645913408e-06,3.15679145336178e-05,-1595.46687120584,0.163884309280847,0.117768880977356,0.9175,0.524232739342158
"constant",800,"sir_laplace",85,7.992,4010.83514970291,4062.36065372097,70.496757483626,88.1642821056128,7344.13095988049,1783.51072159312,7037.14176088201,573.233488440616,501.856249962827,508.303385100222,8.8209156010543,11.0315668300316,918.935305290351,880.523243353604,0.00335569557660946,0.00316207438278726,1.56369871624454e-06,0.00129518606050975,0.00577705261935242,1.58109263354377e-05,1.47876396703543e-05,3.03470463141857e-11,6.75396893658107e-06,2.66026290308395e-05,-1597.98469624984,0.144492292022109,0.0903259738100994,0.945,0.511495098983067
"constant",800,"sir_laplace",86,7.595,3856.20781454003,3804.14106335,26.921028991007,121.602211102126,7030.11657551608,531.122812345659,6836.8296299679,460.399523217475,507.729797832788,500.874399387755,3.54457261237749,16.0108243715769,925.624302240431,900.175066486886,0.003455945012314,0.00320799069852046,2.0851433228219e-06,0.00107966052647947,0.00635182487420626,1.58233080565902e-05,1.49276129750171e-05,2.64079630315828e-11,7.4975579459698e-06,2.64642404279445e-05,-1596.25021752193,0.140442882354884,0.0885157525551901,0.94875,0.517399420135085
"constant",800,"sir_laplace",87,7.914,4530.66305814818,4453.05395235768,79.6648510237204,132.392088504371,7221.8138841245,1139.82957622635,6800.78956840053,612.641854992435,572.487118795574,562.680560065413,10.0663193105535,16.7288461592584,912.536502921974,859.336564114295,0.00383429939157459,0.00356574268299347,2.44815364246645e-06,0.00133840882735066,0.00678695163160704,1.76943474376821e-05,1.67103337231322e-05,3.7697621634019e-11,7.76455318469988e-06,2.97680743276364e-05,-1574.1879371455,0.131778721348447,0.0851834282130822,0.94,0.529427052786864
"constant",800,"sir_laplace",88,8.021,3589.23902341291,3573.37924508444,94.6135123337199,99.2131422806497,7183.38912218054,1611.19819470064,6519.89945501357,565.756804800306,447.480242290601,445.502960364597,11.7957252628999,12.3691737041079,895.572761772913,812.853690937983,0.00371833815815865,0.00355824880264406,1.77171888400522e-06,0.00122815763680412,0.00627879190274325,1.9183117996183e-05,1.78889075173706e-05,5.02868331576527e-11,8.14305552219184e-06,3.30948626712159e-05,-1585.19696026552,0.152799004848928,0.105751196898142,0.935,0.531865614165378
"constant",800,"sir_laplace",89,7.673,4560.21537864648,4073.78064403036,82.9857682729409,71.0767478988173,7416.14297691511,829.368617176761,7068.79464973064,231.753479780903,594.319741775899,530.924103223037,10.8152962691178,9.2632279289479,966.524563653735,921.25565616195,0.00431274381689073,0.00413256692712577,2.62949934808986e-06,0.00153671020704998,0.00743615655486602,1.74754816899161e-05,1.59948022916512e-05,4.7470601176966e-11,7.45219915412231e-06,3.09173193803078e-05,-1607.09502364185,0.158805095821501,0.108287676904996,0.92125,0.538840957221838
"constant",800,"sir_laplace",8,7.878,4941.56893530961,4575.99238297634,113.244689276233,99.1339003467732,7505.09050288446,1480.97730869864,7384.94035670173,722.419187777988,627.261860283017,580.857118935813,14.3748018883261,12.5836380232005,952.664445656824,937.413094275416,0.00470765559253509,0.00450297994695753,2.50892731936708e-06,0.00191439460766372,0.00786898234402062,1.79443191009425e-05,1.70317895818689e-05,3.63423510392544e-11,7.20252964054706e-06,2.99024293867101e-05,-1554.3088364183,0.153061420221313,0.111696405164679,0.94875,0.556225664928793
"constant",800,"sir_laplace",90,7.794,3229.38196489474,3063.5811752457,106.716905901042,81.8876413224727,6972.71921574696,1063.52047487197,6593.99383046664,502.441906622436,414.342053489189,393.069178245536,13.6921870542778,10.506497475298,894.626535251085,846.034620280554,0.00256752598544478,0.00244430740295423,8.6864947079335e-07,0.00104063566306078,0.00437048745369619,1.59577582846154e-05,1.4764515420676e-05,3.52942726406737e-11,6.82084135188436e-06,2.73426064629067e-05,-1587.1951437522,0.141397506952023,0.0872775849829591,0.93,0.486120907660632
"constant",800,"sir_laplace",91,7.798,4159.00363367063,3751.33266889126,104.502459821789,133.767192454385,6992.18599120596,848.721202269771,7054.23752389739,853.967769548187,533.342348508673,481.063435354099,13.4011874611168,17.1540385296724,896.664015286736,904.621380340778,0.00366816134618926,0.00340581188299052,2.2434852710694e-06,0.00121535220792806,0.00668917716738736,1.75016361910628e-05,1.63928404608647e-05,3.62000567923587e-11,7.73778382293868e-06,2.98799656709145e-05,-1572.05091248739,0.147367470405033,0.0976991682102158,0.95375,0.521648403871145
"constant",800,"sir_laplace",92,7.591,4016.42958880474,3954.05621664826,117.76737978468,100.094049964059,7206.17744774483,1948.73191591598,6984.94444468177,1061.83090876785,529.104148176096,520.887395158512,15.5140798030141,13.1858845954498,949.305420596078,920.161302158052,0.00315499799008128,0.00295566178271503,1.46840950554171e-06,0.00123074549329696,0.00547894413073027,1.48214689395694e-05,1.42781415357671e-05,2.17331264612399e-11,6.75078361316937e-06,2.36413183291425e-05,-1591.21004107003,0.157249770740393,0.105388687168031,0.9275,0.505340936272839
"constant",800,"sir_laplace",93,8.001,3492.18316618744,3470.79730253383,109.674262951797,151.851394270933,7332.72582818598,1367.1593194155,7048.44930225221,1122.79580153682,436.468337231276,433.795438386931,13.7075694227968,18.9790519023788,916.476169002123,880.946044525961,0.00346039017315322,0.00321930535129007,1.78403729489394e-06,0.00137533727156914,0.00608213365518383,1.68173547536549e-05,1.59774493408492e-05,2.94022289570314e-11,7.74417604610576e-06,2.77211351998158e-05,-1571.16683816609,0.146553990682527,0.103851965401058,0.945,0.522052815100906
"constant",800,"sir_laplace",94,7.667,4100.07068628779,3922.13556451865,94.235879348596,93.3851304575124,7137.19843402294,961.691766483635,6855.5820788436,506.381872050742,534.768577838501,511.560657952087,12.2911020410325,12.1801396188225,930.898452331151,894.167481263024,0.00356332655209597,0.00330654624196884,1.89045062382656e-06,0.0013594496788299,0.00643749061861099,1.69831850797073e-05,1.59821089093503e-05,3.54011482791212e-11,7.17866009955445e-06,3.02440413263145e-05,-1625.54816117401,0.140495615387767,0.0970027381194292,0.9525,0.51854073747628
"constant",800,"sir_laplace",95,7.737,3584.72379559549,3613.66811051183,95.4779724798032,118.561090530014,7295.48308077618,906.604101127332,6650.97807537278,392.984439260046,463.322191494829,467.06321707533,12.3404384748356,15.3239098526579,942.934351916269,859.632683904973,0.00417080801289704,0.0039218315594982,2.7456504863184e-06,0.00147365786581972,0.0074569998290427,1.87209214075548e-05,1.74161405024856e-05,5.02972909885461e-11,7.46936937396612e-06,3.21900915547132e-05,-1561.50359864575,0.132430607691496,0.0939991796421094,0.96125,0.545137034861877
"constant",800,"sir_laplace",96,7.53,4019.40439562567,3750.715955835,110.734885686961,110.657136302367,7212.53846535253,1444.61885646596,6794.31369538944,834.55294842641,533.785444306198,498.103048583665,14.7058281124782,14.6955028289996,957.840433645754,902.299295536447,0.00339599663941694,0.00316473349180183,1.61942259984034e-06,0.00133662300712154,0.00591550201621297,1.62296464107639e-05,1.50440666901232e-05,3.52726562692894e-11,6.52572902054242e-06,2.90454712971891e-05,-1579.19753622925,0.152060715909125,0.105078859021409,0.9425,0.517596300099796
"constant",800,"sir_laplace",97,7.921,3997.10260223524,4084.71288756378,29.2813562850951,118.442222514798,7299.37251063697,1279.4526936527,7064.53839052575,769.884114259697,504.620957232071,515.68146541646,3.69667419329568,14.9529380778687,921.521589526192,891.874560096674,0.00346703742126307,0.00324679241024112,1.54800121622156e-06,0.00137716457256166,0.00604457027193609,1.67793402843118e-05,1.57115693477125e-05,3.49397680973107e-11,7.69694023187769e-06,2.84491843124097e-05,-1577.25371173076,0.151492489920924,0.105174461893416,0.935,0.520582259616253
"constant",800,"sir_laplace",98,7.866,3868.54683973338,3633.4575988196,88.2756729369606,132.448742935549,7227.42119663095,2694.9319392151,6511.94306913351,673.10719222488,491.806107263334,461.919348947318,11.2224349017239,16.8381315707537,918.817848541946,827.859530782292,0.00310796961698317,0.00295024419775185,1.24230370151314e-06,0.000942868188317603,0.00521989143631964,1.75677492152299e-05,1.6346160077462e-05,3.77674418263134e-11,7.88592905981705e-06,3.03602862684762e-05,-1578.29869885185,0.154700701643442,0.110705218064644,0.92625,0.507322464163506
"constant",800,"sir_laplace",99,7.717,4424.02467514992,4554.07008621857,17.0602537723102,117.535392067789,7215.95443393718,871.968677338186,7165.64660063104,761.522897386565,573.282969437596,590.134778569207,2.21073652615138,15.2307103884656,935.072493707034,928.553401662699,0.00436222065233765,0.00413332932200529,2.39514440961409e-06,0.00158329582908588,0.00738684079659094,1.75601831638305e-05,1.63756576808172e-05,3.6915213548263e-11,7.95536403094685e-06,2.94093727309227e-05,-1586.82322293206,0.160928218355999,0.113675664057847,0.93875,0.550621730941665
"constant",800,"sir_laplace",9,7.697,4192.32105738082,4096.53210358371,111.565195783971,83.5047983038364,7496.45579406117,1024.71918243909,7047.58762611381,585.798894067892,544.669489071174,532.22451651081,14.4946337253438,10.8490058859083,973.945146688472,915.627858401171,0.00369362743174007,0.00356223090570437,1.68632628516866e-06,0.00141414333038324,0.00623979630804604,1.64662690932428e-05,1.53862485671934e-05,3.38109703236161e-11,7.48358074474576e-06,2.77176222259535e-05,-1582.12590989637,0.150735117732091,0.10218598203913,0.94375,0.525563041750056
"linear",1600,"sir_laplace",100,14.836,3265.69936207706,3242.07413842745,92.048048582826,111.997284779439,7169.4868691016,3358.84551934962,7125.46951785411,3001.86007302082,220.119935432533,218.527510004547,6.20437102876961,7.54902162169311,483.249317140846,480.282388639398,0.00142221841939829,0.00137829299486128,1.48700191235834e-07,0.000710843729991535,0.0022197725037898,7.00098280064763e-06,6.75540044314235e-06,2.75623849640631e-12,4.14203133866759e-06,1.04721112698478e-05,-3214.48040047546,0.0840328672589916,0.0678342193884026,0.99125,0.420676194225077
"linear",1600,"sir_laplace",101,14.808,3360.76614225394,3506.54968801635,66.2755087560593,115.340627677555,6985.65569359583,2642.64731495233,7069.85306870433,3371.69896543743,226.956114414772,236.801032416015,4.47565564262961,7.78907534289271,471.748763749043,477.434702100509,0.00137804544709942,0.00131535891621553,1.70251770291e-07,0.000736912319765491,0.00223260589863854,7.06610176288899e-06,6.83848159239418e-06,2.85506956534669e-12,4.08423709847915e-06,1.04293779537238e-05,-3185.20795496524,0.0768319993585244,0.0629931346382206,1,0.419107272504685
"linear",1600,"sir_laplace",102,15.38,3507.23640934395,3311.85816870006,59.0540011825116,154.422777156382,7029.59653821805,3600.54708647035,7092.7160529617,3102.47557249452,228.038778240829,215.335381579978,3.83966197545589,10.0404926629637,457.060893252149,461.164892910384,0.00137169624256645,0.00129206892543307,1.80078724919022e-07,0.000665646871601097,0.00219809200248154,6.66385312162359e-06,6.49741426434273e-06,2.35430256929999e-12,4.04808232268684e-06,9.72898612971696e-06,-3215.32488385776,0.0735939842314183,0.0584404096504797,1,0.419680381308604
"linear",1600,"sir_laplace",103,14.838,3274.36270848981,3476.84573970628,114.773945759282,100.239598673212,7231.14885382193,3390.70404947919,7125.40980055903,3042.39042865354,220.674127813035,234.320376041669,7.73513585114452,6.75560039582234,487.339860750905,480.213627211149,0.00148571287627043,0.0014330576951624,1.65807287823985e-07,0.000732879224922093,0.00227568589266663,7.07867973986474e-06,6.81286754433938e-06,2.80454180312123e-12,4.21260684772195e-06,1.05758342279074e-05,-3180.78100266271,0.0899589547093607,0.0725319657394089,0.98875,0.42682971553367
"linear",1600,"sir_laplace",104,14.836,3176.20661387239,3132.12778057497,86.0241226860447,104.880332244424,6979.81479095124,3292.94358042128,6908.19081649597,2958.25919335647,214.087800881126,211.116728267388,5.79833665988438,7.06931330846754,470.464733819846,465.637019176056,0.00138495856089722,0.00135643738972468,1.45412281820749e-07,0.000719760086897062,0.00211618881864733,7.10382068926384e-06,6.90727213273436e-06,2.81209972556397e-12,4.23341282172839e-06,1.05936087937604e-05,-3206.60545299565,0.0929904113130861,0.0779640904578191,0.996875,0.423046597261937
"linear",1600,"sir_laplace",105,14.763,3015.05122911851,2763.98159083396,85.6793268904962,163.252630103154,7025.53257564105,3166.90069739082,6975.75795187702,2709.6952989007,204.230253276333,187.223571823746,5.80365284091961,11.058228686795,475.887866669447,472.516287467115,0.0013343955352307,0.00128847958289587,1.4608267692866e-07,0.000699991058826635,0.00213567692602559,6.96132432568639e-06,6.79415442637724e-06,2.37276426297905e-12,4.11887628023226e-06,9.81338018010384e-06,-3191.23487219212,0.0920070839476982,0.0752488102106321,0.98125,0.416666196749919
"linear",1600,"sir_laplace",106,14.839,3591.87086762816,3324.76694483655,61.3471114923174,111.721306070224,7378.91147395476,3195.83830063945,7502.85860547603,3161.52543884644,242.056126937675,224.055997360776,4.13418097528926,7.52889723500399,497.264739804216,505.617535243347,0.00167101225474317,0.00157836957051959,2.87604482663161e-07,0.000732275787054392,0.00274852149750006,7.04800949821841e-06,6.81159808363259e-06,2.58159299780385e-12,4.25452304421705e-06,1.03393770865666e-05,-3228.55535005749,0.0759693741024689,0.0606906510939283,0.996875,0.433635528717727
"linear",1600,"sir_laplace",107,14.807,3038.51931870572,3115.85270624219,95.0942277400826,159.813526523954,7022.10966224681,3155.26558630421,6902.36210257575,2764.52951485255,205.20830139162,210.431060055527,6.42224810833272,10.793106403995,474.242565154779,466.155338865114,0.00129253305337142,0.00124812297671134,1.18641676405468e-07,0.000701907419207098,0.0019958732632836,6.821507904993e-06,6.56989874125481e-06,2.59460736876576e-12,4.14117289549116e-06,1.01430625613596e-05,-3187.31850386528,0.0906310339067377,0.0732071629840257,1,0.415321723263554
"linear",1600,"sir_laplace",108,14.921,3321.52818228767,3281.61072624084,99.2031067090231,88.1067354581832,7103.65299929484,3467.48843184456,7030.67240636941,3098.15845385934,222.607612243661,219.932358839276,6.64855617646425,5.90488140595022,476.084243636139,471.193110808217,0.00148803170710885,0.0013980735425908,1.95946058296464e-07,0.000772266425224449,0.00239982912371965,7.30579408941274e-06,7.06753669497331e-06,3.38378576241271e-12,4.01915989664179e-06,1.07989514469034e-05,-3167.53948255465,0.0759748185542647,0.0625011346648684,0.99375,0.428354140928106
"linear",1600,"sir_laplace",109,14.801,3348.50612613315,3321.01000941534,94.2991264698467,107.971719403999,7063.24541715331,2899.09856815932,6929.97095300654,2766.06270042177,226.235127770634,224.377407568093,6.37113211741414,7.29489354800343,477.21406777605,468.209644821738,0.00136273127301915,0.0013096540746229,1.38609025890605e-07,0.000747878010644012,0.00210965446266702,6.87431488287742e-06,6.66196912602835e-06,2.47895645220405e-12,4.27043957231754e-06,9.90663129845804e-06,-3171.50555500511,0.0827467167676754,0.0616710374400841,0.98875,0.419331585470336
"linear",1600,"sir_laplace",10,14.88,3009.75166186407,2722.81750510213,115.80610615371,106.761943102101,7241.11368856746,3132.55682990218,7107.48992715985,2547.55360595485,202.268256845703,182.985047385896,7.78266842430845,7.17486176761429,486.633984446738,477.653892954291,0.00147831925218339,0.00141252891961223,1.53683608084645e-07,0.000798929382473454,0.00226361383760594,7.09205187182497e-06,6.89997165284794e-06,2.68031827356022e-12,4.08517315183065e-06,1.0349452817588e-05,-3236.83747870734,0.0958863905401536,0.0794068974622821,0.99375,0.426975034608796
"linear",1600,"sir_laplace",110,14.792,2886.59205376681,2877.30954294526,114.118092423312,107.584451917472,7100.98239568067,2999.19352275151,7068.7612413214,2743.2809039041,195.145487680287,194.517951794569,7.71485211082425,7.2731511572115,480.055597328331,477.87731485407,0.00141093054423253,0.00135808828788117,1.56468977624052e-07,0.000744000224163769,0.0022179217735627,6.86097912366177e-06,6.57422385162168e-06,2.64125540479162e-12,4.18661354635952e-06,1.01576054303938e-05,-3192.84634990424,0.0890553933567601,0.0699330173836971,0.991875,0.423475498374082
"linear",1600,"sir_laplace",111,14.715,3274.99488043724,3218.73110322357,127.839025139766,111.95618467465,7345.39515877424,3477.50026522844,7251.73864822629,2988.05056398269,222.561663638277,218.738097398816,8.68766735574354,7.60830340976212,499.17738082054,492.812684215175,0.00158368245520113,0.00152107166465907,1.68224958607726e-07,0.000848723772123741,0.00240637503411634,7.1822205688429e-06,6.90716960893431e-06,3.14956036199306e-12,4.18383268793081e-06,1.09387605007099e-05,-3182.57606551375,0.0938433679741781,0.077273395596885,0.991875,0.431607485219946
"linear",1600,"sir_laplace",112,14.803,3515.92747788779,3268.42077654633,111.119209547165,150.965256457684,7179.58889956273,3325.80503151981,7108.27060886776,3076.59686731897,237.514522589191,220.794486019478,7.50653310458457,10.1982879455302,485.009045434218,480.191218595404,0.00142167051430781,0.00136032964182384,1.49624240778739e-07,0.000769632421164502,0.00222630015671619,6.8035069473693e-06,6.52786633093536e-06,2.79440491243641e-12,4.08732345821125e-06,1.02433470234327e-05,-3211.8566697156,0.0777263029347548,0.0620704039813232,0.989375,0.423920399695179
"linear",1600,"sir_laplace",113,14.743,2975.13769300119,3005.10118417853,105.493661419023,68.8973675996476,7059.27958362691,3091.58796534549,7011.93704831838,2876.62884631289,201.800019873919,203.832407527541,7.15550847310742,4.67322577492014,478.822463788029,475.611276423956,0.0013904986348379,0.00134322022399606,1.39737679253935e-07,0.000761617615210453,0.00216355368094952,6.92089707428655e-06,6.68898023460765e-06,3.07685296613912e-12,3.98823905028135e-06,1.00425280713615e-05,-3150.02207531367,0.0792018676050432,0.0604989982058808,0.969375,0.422294994589985
"linear",1600,"sir_laplace",114,15.053,3081.2764245181,3034.69179928309,90.5944448109617,120.91625230176,6909.58852963397,3290.04195296026,6792.50986274313,2859.36558149599,204.695172026712,201.600464975958,6.01836476522698,8.03270127561015,459.017373921077,451.23961089106,0.0012685814200396,0.00123387325225534,1.13670405615039e-07,0.000657670567527759,0.00191597382369758,7.04844283343103e-06,6.8196014469778e-06,2.75707094386311e-12,4.04690138244769e-06,1.02734298936306e-05,-3184.14231744449,0.0805128394571635,0.0685339878272973,0.99125,0.413295502577168
"linear",1600,"sir_laplace",115,14.825,3153.03704893177,2932.17608361455,58.2229871169688,106.048363992789,7058.36013264205,3268.16067281321,6979.95382441985,2858.52541034484,212.683780703661,197.785907832348,3.92735157618676,7.15334664369573,476.111981965737,470.8231922037,0.00141205237965534,0.00136833565138823,1.40789234669385e-07,0.000740982343737737,0.00216615073594453,7.23297067050621e-06,7.03787834586015e-06,2.94919209678065e-12,4.08188476550036e-06,1.05562363115534e-05,-3174.43967178224,0.0863909565256176,0.0683790596400433,0.980625,0.422123983822717
"linear",1600,"sir_laplace",116,14.85,3276.86317936792,2893.48132310164,88.2121201919532,142.832450318073,7130.01616283965,3524.68409666671,6999.22014462666,2757.31596167266,220.664187162823,194.847227144892,5.94021011393624,9.61834682276585,480.135768541391,471.327955867115,0.00148348830080841,0.00145129681796459,1.67216805066829e-07,0.00073428820422129,0.00223785164072252,7.21337891393044e-06,6.99732502394905e-06,3.01805214176292e-12,4.05185998719942e-06,1.06299421207275e-05,-3152.17630536478,0.0866871559549501,0.0703213307215547,0.985,0.427501818916535
"linear",1600,"sir_laplace",117,14.884,2557.33471100804,2544.25061949648,64.2236861798396,127.593959116404,7022.92223562638,2619.283631784,7008.62624072368,2272.3037961675,171.817704313896,170.938633398044,4.31494800993278,8.57255839266351,471.84374063601,470.883246487751,0.00130793735798865,0.00126354421732825,1.11151283923971e-07,0.00069188573640356,0.00194329527624118,6.67512549942128e-06,6.51862840703869e-06,2.37525148065083e-12,3.89811943733456e-06,9.58210619579995e-06,-3185.81481912549,0.0821077356279426,0.0642511397582818,1,0.418652189079763
"linear",1600,"sir_laplace",118,14.745,3089.01578274664,3143.22867447283,45.1522841484357,116.469963321764,7080.74597489687,3211.67742290574,7106.04748486443,2891.20291937549,209.495814360572,213.172510984932,3.06220984390883,7.8989463086988,480.213358758689,481.929297040653,0.00139656091393594,0.00134602326531003,1.57826059492481e-07,0.000731063398394445,0.00222484700097443,7.02995940624998e-06,6.72317058501317e-06,3.05682812162518e-12,4.24945443955155e-06,1.08598025400323e-05,-3181.76458131758,0.0764123556322706,0.0615064075238026,1,0.419597175327835
"linear",1600,"sir_laplace",119,14.822,3184.41369565387,3277.56452140751,70.9070998422363,119.494658123528,7028.83303037704,2470.22546773673,7079.68169613722,3176.32012304057,214.84372524989,221.128357941405,4.78390904346487,8.06197936334691,474.216234676632,477.646855764217,0.00139076105532896,0.00134708574813005,1.50741304714919e-07,0.000732165372176886,0.00216277902349467,6.93363582120143e-06,6.70694566272487e-06,2.97285854000261e-12,3.80193877741736e-06,1.01344379769069e-05,-3182.37889739084,0.0726128542403206,0.0555598259844504,0.9725,0.420885092612877
"linear",1600,"sir_laplace",11,14.862,3383.67387340536,3430.80179240062,90.3130387027356,101.187885066616,7080.34980838247,3511.7288241879,6898.8649663439,3106.15631761158,227.672848432604,230.843883218989,6.07677558220533,6.80849717848311,476.406258133661,464.194924394018,0.00137502267536361,0.00133581782319076,1.42719475595111e-07,0.000727761783375285,0.00211584683236492,6.88124636144276e-06,6.65349768149224e-06,3.00104789418753e-12,3.87475087553397e-06,1.02382848527147e-05,-3223.57620194412,0.0798646588909543,0.0608216900915612,0.995625,0.420078429969329
"linear",1600,"sir_laplace",120,14.817,3497.64954670277,3272.11906405375,54.4180128588367,108.740855253422,6992.56057949515,2474.37489506351,6955.94748309852,2195.71591318473,236.056526064842,220.835463592748,3.67267414853457,7.33892523813336,471.928229702042,469.45721017065,0.00133011554484566,0.0012983665915404,1.33590944273987e-07,0.00067643914854427,0.00202480237332675,7.03935462708522e-06,6.8229008387167e-06,2.76008940072706e-12,4.06595487809473e-06,1.03157079083364e-05,-3201.81148823399,0.0862424527240802,0.0618458873833678,0.9725,0.417874380330886
"linear",1600,"sir_laplace",121,14.851,3232.99005578826,3101.44749307273,98.6314884999585,153.96411977953,6983.22680194985,3370.69228822353,6904.69832285572,2790.66885827363,217.695108463286,208.837619895814,6.64140384485613,10.3672560621864,470.219298495041,464.931541502641,0.00136327226348862,0.00133705759679422,1.31395648511e-07,0.000717272203289244,0.00206367574602491,7.2604475799278e-06,7.05196901598115e-06,2.9467884849051e-12,4.38411957716102e-06,1.05221550781625e-05,-3208.22496859086,0.0838458498677124,0.0676314358331334,0.988125,0.42052106418156
"linear",1600,"sir_laplace",122,14.91,3458.5862297254,3270.49244703614,70.2580737351419,158.126978562419,7154.64587577609,3604.57999543399,7100.53082737379,3072.79253637363,231.964200518136,219.348923342464,4.71214444903701,10.6054311577746,479.855524867612,476.226078294688,0.00149566049002282,0.00143035545108017,2.05921847973453e-07,0.00069523873419544,0.00237477186415166,7.11830988829168e-06,6.9889969607791e-06,2.35226494505341e-12,4.30257546374789e-06,1.01220031322455e-05,-3221.21487209187,0.0874654202512779,0.0715416271888432,0.991875,0.426739479997302
"linear",1600,"sir_laplace",123,15.029,3020.25791235675,3190.49159286048,84.4367353121004,135.105969745736,6928.92761695815,2798.32170828066,6823.55606890981,2655.64483799127,200.96200095527,212.289014096778,5.61825373026152,8.98968459283622,461.037169269955,454.025954415451,0.00130906165846685,0.00126265296152527,1.34607830695873e-07,0.000689358856521201,0.00204558190119262,6.9888573100588e-06,6.87436377751832e-06,2.54255716273825e-12,3.92674561102166e-06,9.9258590560772e-06,-3156.7234814856,0.0887973614580851,0.0686038249813248,0.990625,0.419532688422951
"linear",1600,"sir_laplace",124,15.255,2535.46448445618,2561.97925059699,77.5194678375408,116.584166551315,6972.52200282294,2600.91196755945,6990.25509047405,2390.04369760417,166.205472596276,167.943575915896,5.08157770157593,7.64235768936842,457.064700283378,458.227144573848,0.00141062888778311,0.00134468142190808,1.74290915265988e-07,0.000728832871116799,0.00224434148886994,7.21061105750736e-06,7.00794996391769e-06,3.12445223586704e-12,4.20252651579024e-06,1.08025661627509e-05,-3167.34730401356,0.0831419142083822,0.064315484008842,0.991875,0.425065403740462
"linear",1600,"sir_laplace",125,15.244,2695.28968778043,2569.28335268212,106.628739937905,125.166071429594,6865.52425666532,2791.44041492293,6765.12361036614,2398.02438857623,176.809871935216,168.543909254928,6.9948005732029,8.21084173639428,450.375508833988,443.7892685887,0.00125353062164875,0.00120690842267799,1.16373364784597e-07,0.000640093774935145,0.00189489591283768,6.87506740764379e-06,6.54966936094177e-06,2.85347022876865e-12,4.07762210451553e-06,1.02308518690306e-05,-3181.87183405298,0.0764873776870584,0.0584347377283195,0.9875,0.413752777082423
"linear",1600,"sir_laplace",126,14.864,3308.244528842,3192.45258480724,101.92509365076,135.912817870551,6858.26303342778,3115.42724844773,6776.60094370663,2764.13242059137,222.56758132683,214.777488213619,6.85717799049784,9.14375792993479,461.400903755905,455.906952617507,0.00126091545251811,0.00121935089972063,1.22007334508223e-07,0.00066368886775153,0.00198222509123703,7.08385703879256e-06,6.93412835306133e-06,2.40670681370791e-12,4.20130202828027e-06,1.02314559363493e-05,-3180.98211616358,0.0782962013309071,0.0637761570260727,0.991875,0.414289130851583
"linear",1600,"sir_laplace",127,14.778,2858.25182178672,2874.61721333423,117.991085566758,111.639723671167,7004.4764902426,2987.23221181905,6903.26100659578,2760.54202418194,193.412628352058,194.520044209922,7.98423910994439,7.5544541664073,473.980003399824,467.130938326958,0.0013066945601972,0.00125547151676969,1.24011044073764e-07,0.000710803230508437,0.00206884845412279,6.95117218920207e-06,6.75637839143511e-06,2.77553137509222e-12,4.00987091930407e-06,1.01489107325166e-05,-3206.72695011569,0.0791597231716,0.0626372239574281,0.990625,0.414732192868579
"linear",1600,"sir_laplace",128,14.784,2866.51251688135,3411.3383298287,110.042495919275,29.4836816638677,7182.98186456558,3071.07625552531,7150.96608149262,2730.56839870249,193.89289210507,230.745287461357,7.44335064389033,1.9942966493417,485.86186854475,483.69629880226,0.00148236238559317,0.00139102950910938,2.11264691841951e-07,0.000742710468209879,0.00245761647130245,6.77838874442576e-06,6.60096718236018e-06,2.44393554009579e-12,4.0817279943674e-06,9.8312553415302e-06,-3183.42967600514,0.0851953793061898,0.0703386307299535,0.996875,0.427141319225965
"linear",1600,"sir_laplace",129,15.119,3159.72926980393,3617.83964639984,152.229585874936,132.048700853636,7225.46222540557,3400.55603359492,7170.13024881552,3120.13395543971,208.99062568979,239.290935008918,10.0687602271933,8.73395732876754,477.906093353103,474.246329043953,0.00145172942518323,0.0014198270700976,1.20799529464013e-07,0.00082428467554387,0.00212194787724945,7.15325828267158e-06,6.91946443282944e-06,2.9169655882913e-12,4.31167510489498e-06,1.06704606772383e-05,-3220.67158596466,0.0814331971307484,0.0626551149622103,0.98125,0.425149684188509
"linear",1600,"sir_laplace",12,14.818,2861.01377095492,2808.34355188873,97.618977631208,60.7349654560616,6962.96990643632,2952.09840604287,6892.00569330853,2529.73545969214,193.076918002087,189.522442427367,6.58786459921771,4.09872894156172,469.899440304786,465.110385565429,0.00128691431766455,0.0012466439458375,1.12825279805675e-07,0.000689622434292433,0.00196878265999556,7.17432377013516e-06,6.93583413735498e-06,2.80288880194103e-12,4.17421989705043e-06,1.05344000050338e-05,-3172.43676971104,0.0833934623260371,0.0672566466081402,0.985625,0.417534955147302
"linear",1600,"sir_laplace",130,14.933,3318.10286139652,3424.87264769871,116.753145196961,149.950477396109,7000.25468775136,3442.12359420136,6967.30301231637,2860.93059930757,222.199347846817,229.349269918885,7.81846549232981,10.0415507531045,468.777518767251,466.57088410342,0.00138766962807204,0.00133839202028059,1.48823218315256e-07,0.000727389467380982,0.00215500932886839,6.95648279830671e-06,6.71715279822164e-06,2.39472611154614e-12,4.25265373070916e-06,1.00861719765204e-05,-3127.75193953984,0.0841911596842365,0.0687777791517288,0.991875,0.421964095173696
"linear",1600,"sir_laplace",131,14.977,2891.99092618068,2837.78495110666,53.8819250025796,96.2504144119623,6850.17173642487,3087.43041532988,6687.73550543003,2649.10629451092,193.095474806749,189.476193570585,3.59764472207916,6.42654833491102,457.379430889021,446.533718730722,0.00117517159385757,0.00112358588667905,9.11209808780293e-08,0.000670528100225132,0.0018319720105387,6.76255475458376e-06,6.44713917629997e-06,3.04518901031071e-12,3.92673342020277e-06,1.06386196038983e-05,-3211.81357437256,0.0767706618419194,0.0636041635356936,0.990625,0.408373104153056
"linear",1600,"sir_laplace",132,14.959,2901.12040411032,2729.88432652218,85.0772907475,146.524817885303,7215.68126373226,2970.32006401127,7158.7230947889,2494.8255394784,193.938124480936,182.491097434466,5.68736484708202,9.79509445051829,482.36387885101,478.556260096858,0.00138382848852296,0.00132561476299519,1.5484608435767e-07,0.000705048924115732,0.00215450130379746,6.7513829788121e-06,6.48297207403072e-06,2.34858192594605e-12,4.12769533906042e-06,9.97600707647827e-06,-3205.4379296629,0.0738112460455723,0.0601226309671868,1,0.418377367643619
"linear",1600,"sir_laplace",133,15.144,3464.56955042277,3164.94955592278,60.8304677583389,134.673222234545,6962.15718311933,2919.74204378368,6937.73266403,2827.55000299763,228.775062759032,208.990329894531,4.01680320644076,8.89284351786485,459.730400364456,458.117582146725,0.00133358084413001,0.00126125024104924,1.71668418136692e-07,0.000688789845499436,0.0022088946738185,6.69320381208682e-06,6.48247970255345e-06,2.05336152352146e-12,4.2520389433333e-06,9.59225141796547e-06,-3170.76283433771,0.0703990914568638,0.0525275534602799,0.991875,0.41760871025906
"linear",1600,"sir_laplace",134,14.981,3095.36482500502,3143.10024743034,66.8344837804196,150.982535423428,7047.71124827055,3145.75940530757,7026.33470923251,2934.69041769822,206.61937287264,209.805770471286,4.4612832107616,10.0782681679079,470.443311412493,469.016401390596,0.00141713648254587,0.00137861746786451,1.29774331338572e-07,0.00079550707049109,0.00220393608030649,7.03144167284485e-06,6.82288188741642e-06,2.67091353570449e-12,4.096590985724e-06,1.02601111794371e-05,-3167.09396320469,0.0758218941067443,0.0601707540100381,0.9925,0.425525793064884
"linear",1600,"sir_laplace",135,14.887,2966.62740968198,3188.67794395277,71.2640272952547,83.1971874956148,6992.69997076786,3084.18998450544,7015.609853058,3003.24783859205,199.276376011418,214.192110160057,4.78699719857961,5.58857980087424,469.718544419148,471.257463092497,0.00139163052869469,0.00132538941134954,1.69807194358217e-07,0.000695645091766784,0.00222277141565024,7.12255330776657e-06,6.98518414633818e-06,2.5652727851454e-12,4.26749701369413e-06,1.02720398211074e-05,-3221.45969186218,0.0817377690312948,0.0654478257881212,0.986875,0.420970563589325
"linear",1600,"sir_laplace",136,14.829,3050.27958648269,3225.52600671445,71.0924877795416,103.491097601675,7094.14290437244,3099.13486079381,7090.18255984331,3062.60949039293,205.696917289277,217.514735094373,4.79415252407726,6.97896672747154,478.396581318527,478.129513779979,0.00153393441680043,0.00145799612429636,2.12311607069546e-07,0.00077847582890964,0.00249523468145459,7.28863331694239e-06,7.05023967310941e-06,2.90979883270325e-12,4.40411711861671e-06,1.07526516478758e-05,-3195.91202494453,0.105335539759092,0.0839536998556225,0.97875,0.431359470018408
"linear",1600,"sir_laplace",137,14.848,3282.45690705979,3266.26554967616,46.9164153586912,114.978393155594,6997.31409325775,3465.82025748552,7020.10624984979,2861.24184614888,221.070642986246,219.980169024526,3.15978012922219,7.7436956597248,471.263072013588,472.798104111651,0.00139091968301323,0.00133257889316288,1.56273284996468e-07,0.000731138624117552,0.00217304158282468,6.98989179524891e-06,6.78969381015896e-06,2.68249496436892e-12,4.15175221395422e-06,1.02860263544602e-05,-3182.57277839421,0.0912617203211123,0.0692697171255578,0.98875,0.424901847671485
"linear",1600,"sir_laplace",138,14.939,2786.32056824054,3009.80985850303,107.308776352051,153.345045000776,7043.86786431085,2784.87398474992,6940.34420287937,2647.33721848674,186.513191528251,201.473315382759,7.18312981806351,10.2647463016785,471.508659502701,464.578901056253,0.00128968521851769,0.00124945867672111,1.19722760664515e-07,0.000673948547451432,0.00198997703422169,6.70297880828772e-06,6.46103827192908e-06,2.65394856271964e-12,4.04083872769613e-06,1.02253745186294e-05,-3214.60092439456,0.0733278526910697,0.0570212647522319,0.99625,0.4154777466629
"linear",1600,"sir_laplace",139,14.992,3390.83754129539,3397.98060996262,127.304889037392,144.745205759496,6907.98270257017,3533.6056321191,6888.00245476381,3110.63488754932,226.176463533577,226.652922222694,8.49152141391357,9.65482962643382,460.777928399825,459.445201091503,0.00129229208551483,0.00123739093312613,1.26773130755351e-07,0.000641562160281364,0.00201002165898424,6.9504730588007e-06,6.58718932092951e-06,2.96999553127181e-12,4.08772939833528e-06,1.04739607088779e-05,-3178.53957104245,0.0686039467078438,0.0556341057192776,1,0.413936192164448
"linear",1600,"sir_laplace",13,14.871,2410.25801366922,2353.35599039584,94.6895473116028,113.547810315126,6875.78749286846,2528.62397644808,6809.32870027884,2308.74810488778,162.077736108481,158.251361064881,6.36739609384727,7.63551948861043,462.362147324892,457.893127582465,0.0012645594353423,0.00120958802953562,1.23433154913771e-07,0.000675046953956098,0.00200274298834763,6.60426010859583e-06,6.3603976190134e-06,2.4104535524638e-12,4.06295839195203e-06,9.93088459472196e-06,-3132.07899712232,0.10516251397272,0.0849951668687097,0.98125,0.418741978167346
"linear",1600,"sir_laplace",140,15.087,2815.5740108766,2884.98073898841,126.195661310457,140.846348900372,6893.43277811656,2923.77469291709,6838.89451678827,2565.00815820023,186.622523422589,191.222956120396,8.36452981444005,9.33561005503891,456.912095056443,453.297177489777,0.00130597691235969,0.00125684973479183,1.14220852780555e-07,0.000722262413384513,0.00199056834880996,7.29842698155252e-06,7.02933061520021e-06,3.16742489651156e-12,4.33370891511614e-06,1.07486436195531e-05,-3132.21471833554,0.0970229262763086,0.0736875451839683,0.946875,0.41917016152412
"linear",1600,"sir_laplace",141,14.788,3552.28612401816,3660.03948002786,80.5585855538599,138.567771955871,7161.63692858075,2127.99329250206,7132.28399324707,3214.35844402653,240.214100893843,247.500641062203,5.44756461684203,9.37028482255012,484.287052243761,482.302136411081,0.00140359177774816,0.00135348373646308,1.55078786657825e-07,0.000706336023034221,0.00218718198328656,6.6888541632252e-06,6.47286468238416e-06,2.34652140600788e-12,4.07431585534362e-06,9.80600177753807e-06,-3215.17521141229,0.0682257034478181,0.0543914768886063,1,0.418584622086783
"linear",1600,"sir_laplace",142,14.753,3825.26136409934,3766.00872467215,95.9478611878064,118.591846217575,7167.84765480346,3239.44764007758,7091.47486962079,2865.95177406427,259.287017155788,255.270705935888,6.50361697199257,8.0384902201298,485.856954843317,480.680191799687,0.00139356252317702,0.00134700237257234,1.16856852984532e-07,0.000810073360290285,0.00207790332829372,6.80827886170777e-06,6.5805597753834e-06,2.68938886681424e-12,3.6105935160892e-06,9.98545971180172e-06,-3186.77861683369,0.0830206006969634,0.0633316788664912,0.9875,0.420119153539412
"linear",1600,"sir_laplace",143,14.951,3347.09356763323,3517.38778627899,65.9087197008686,129.582648369774,7070.11717556494,3439.88444695188,7029.30568368056,3256.27109828468,223.870882725786,235.261038477626,4.40831514285791,8.66715593403612,472.885905662828,470.15622257244,0.00142111903067892,0.00136310372331825,1.39852154399589e-07,0.000800660732471796,0.00222329433381503,7.21000825284497e-06,6.94529187000705e-06,3.13810896728505e-12,4.15045329991786e-06,1.06589050107028e-05,-3184.61673356252,0.0845909605561825,0.0688267807747689,0.999375,0.424050729541294
"linear",1600,"sir_laplace",144,14.939,3511.81446382708,3431.24333852999,80.2122484278312,141.179855111949,7096.44812653706,3643.38753603707,7013.30760335243,3252.05039905326,235.076943826701,229.683602552379,5.36931845691353,9.45042205716238,475.028323618519,469.462989715003,0.00142320351129672,0.00137353897074546,1.57878656762776e-07,0.000788790731198529,0.0022553521674956,7.12187668381995e-06,6.81762966828135e-06,3.40646532315272e-12,3.89886241849748e-06,1.08368397548752e-05,-3196.08176424531,0.0743408902028839,0.0592000826558624,1,0.42410821632167
"linear",1600,"sir_laplace",145,14.872,3414.89799586245,3453.87084448139,67.5014609035269,113.544711924645,7050.30997821086,3551.04762112232,7119.73735794012,3190.58454668861,229.619284283382,232.239836234628,4.53882873208223,7.6347977356539,474.066028658611,478.734357042773,0.00143631383627767,0.00134908052261759,2.01972473084694e-07,0.000703473902526211,0.00238428998601149,6.81348915305222e-06,6.63171543142188e-06,2.45156714220821e-12,4.16278501579639e-06,9.94739211114401e-06,-3179.85322506592,0.0785970166244089,0.0656796382185207,0.998125,0.421942209537818
"linear",1600,"sir_laplace",146,14.782,3225.13540485772,3103.99206839758,100.781128473255,194.694708968331,7127.05407180665,3297.21707299011,7163.99162744492,2902.35513686439,218.179908324836,209.984580462561,6.81782766021209,13.171066768254,482.144099026292,484.642918917935,0.0014823799779455,0.00140757352613744,2.13464553825954e-07,0.000756732152428404,0.00242974982321832,6.97534819729504e-06,6.69980142444966e-06,2.63118892455049e-12,4.14729519051868e-06,1.04817721545217e-05,-3216.7071669367,0.075438138286591,0.0620400564500774,0.999375,0.425511647831223
"linear",1600,"sir_laplace",147,14.8,3487.93276069671,3208.57349749986,89.001268744036,80.9672716856777,7136.41227053925,3404.99986208861,7100.5347777206,3060.30284327724,235.671132479507,216.795506587828,6.01359923946189,5.47076160038363,482.190018279679,479.7658633595,0.00146666329762299,0.00139920512282358,1.88464517441338e-07,0.00077032566845265,0.00243080163389828,7.04526284418545e-06,6.72436893096716e-06,3.29446385177167e-12,3.98285315408126e-06,1.06065179356351e-05,-3168.53573902699,0.0804412580763745,0.0643425172421973,0.994375,0.427257070047047
"linear",1600,"sir_laplace",148,14.85,3661.23343822445,3705.27862576515,103.981255566152,75.2492434298308,7227.7923847951,3326.31731723344,7340.27274787136,3440.74399430371,246.547706277741,249.513712172737,7.00210475192945,5.06728911985393,486.720025912128,494.294461136118,0.00157662804773946,0.00149219188624487,2.35784949819217e-07,0.000682599731779761,0.002448042794764,6.99186364331525e-06,6.73679286624957e-06,2.60957572907488e-12,4.22836948028133e-06,1.03548528279429e-05,-3197.30300875782,0.0822073513897705,0.067967790713241,0.99,0.42978723448335
"linear",1600,"sir_laplace",149,14.828,3814.20804895562,3672.70423282874,121.385768065339,156.166598148333,7391.87589264994,3078.9895970886,7397.17543360153,3371.41578880277,257.230108507932,247.6870942021,8.18625357872533,10.5318720089245,498.507950677768,498.865351605175,0.0015695364728713,0.00148915482953268,1.85469304479068e-07,0.000832555937736917,0.0024808433147926,6.63289847804118e-06,6.4173511120947e-06,2.31220963916948e-12,4.1507840330714e-06,9.35448403166e-06,-3239.19612752193,0.0855407285069948,0.0710003421566563,1,0.427534338447492
"linear",1600,"sir_laplace",14,14.864,3117.5053515772,3378.57775007604,82.1539571210019,153.715027455772,7189.70743096762,3250.01750128368,7198.09246573505,3233.68660349753,209.735290068434,227.299364240853,5.52704232514814,10.3414308029987,483.699369682967,484.2634866614,0.00144847843146737,0.00136951524379594,1.67468856779854e-07,0.000788692482319308,0.00231512438175637,6.70861150012005e-06,6.5068502002924e-06,2.16625278493018e-12,4.12892581079411e-06,9.49070285740148e-06,-3213.09795451782,0.0769588110563027,0.0636412027467793,1,0.424952737894137
"linear",1600,"sir_laplace",150,14.833,3301.09125840483,3135.84479330089,104.920913482827,86.7500097181486,6990.85549767484,2362.74864023955,6990.53971686996,2774.29427773094,222.550479229073,211.410017751021,7.07347896466173,5.84844668766592,471.304220162802,471.282931090808,0.00137326333630458,0.00131476950724185,1.54775002049898e-07,0.000700269764745704,0.00213798488131895,6.92399397183866e-06,6.64950610210316e-06,2.96023194986203e-12,4.02172455305877e-06,1.06166157713615e-05,-3171.98680049756,0.0762582441709917,0.0615348645590385,0.98875,0.420434553617699
"linear",1600,"sir_laplace",151,14.861,3108.66701997841,3139.77696414259,59.9889733339631,120.310308252714,7207.39472065405,3284.64878107896,7228.83122400718,2944.5204668615,209.182896169734,211.276291241679,4.03667137702463,8.09570743911672,484.98719606043,486.429663145628,0.00153422116948891,0.0014674477703603,2.13292118810256e-07,0.00075517651892746,0.00232411586082206,7.01785482341149e-06,6.78252730549848e-06,2.50276078888154e-12,4.1579596102822e-06,1.0080355453662e-05,-3208.91496209113,0.0723864954193501,0.058087005199124,0.993125,0.426719938770536
"linear",1600,"sir_laplace",152,14.846,3541.11475359444,3666.10672796714,52.4537055495416,88.1917795654663,7169.05043192929,2912.20944128494,7244.73967337979,3454.78810813366,238.523154627134,246.942390405977,3.5331877643501,5.9404404934303,482.894411419189,487.992703312662,0.00168148686996127,0.001599394215859,3.11443313642748e-07,0.000764397725154316,0.00266177144034245,7.38847424269269e-06,7.20266818237912e-06,3.13987772823964e-12,4.24698158610593e-06,1.08417659547519e-05,-3209.33538868649,0.0975992945008762,0.0799644510360777,0.985625,0.438624118071832
"linear",1600,"sir_laplace",153,14.857,3244.4216074274,3173.729106909,41.4047819961515,125.50712444157,7019.61882114733,3419.71146123889,6940.51568455291,2952.90715472654,218.37663104445,213.618436219223,2.78688712365562,8.44767614199164,472.478886797289,467.154586023619,0.00142508240327201,0.00138390258334931,1.63733942341879e-07,0.00071229030650909,0.00218165244227727,7.43162015187737e-06,7.19490221327754e-06,3.03991523252334e-12,4.38306216094817e-06,1.07773417465066e-05,-3197.72770357872,0.0931109732070175,0.0719015040971189,0.985625,0.424551268380073
"linear",1600,"sir_laplace",154,14.784,3062.68307956787,3172.44649608756,73.611167516455,120.576935095334,6901.06720726117,3057.05014352929,6857.53585569523,3024.12389558221,207.1620048409,214.586478360901,4.97911035690307,8.15590740634022,466.792965859116,463.84847508761,0.00134460251434453,0.00129801269745769,1.63230379052527e-07,0.000634803844488637,0.00216409454594158,7.19273194227953e-06,6.87721407360777e-06,3.41724916734847e-12,4.104230914042e-06,1.10466549920043e-05,-3195.90289222109,0.0886190929418539,0.0714788803510298,1,0.419210507498491
"linear",1600,"sir_laplace",155,14.868,2921.18574862057,3032.12067944891,80.6861362640117,140.05004893086,7040.45325810325,3076.13963167321,6979.63910446185,2607.65085881961,196.474693880856,203.936015566917,5.42683187140245,9.41956207498387,473.530619996183,469.440348699344,0.00134919211656917,0.00130378526824582,1.3610209002652e-07,0.00070643209251452,0.00205924094196453,7.02936344836102e-06,6.71947235760836e-06,3.26051983960382e-12,4.13682740126942e-06,1.06836444858837e-05,-3204.88758563321,0.0680903936448802,0.0563289495825309,1,0.419042580845975
"linear",1600,"sir_laplace",156,14.798,3028.16734833305,3074.23835625203,88.1382705403003,173.514584529272,7037.79447056941,3196.78879916833,6953.64173661874,2867.69491101638,204.633555097517,207.746881757807,5.9560934275105,11.7255429469707,475.590922460428,469.904158441596,0.00132127253126249,0.0013021679229984,1.18581400777458e-07,0.000722514383103369,0.00199202392102987,6.88684317696608e-06,6.76826834928006e-06,2.12864625239397e-12,4.19740917024289e-06,9.67635832723917e-06,-3224.89690725332,0.0755527454933095,0.060868735803742,1,0.417252198458631
"linear",1600,"sir_laplace",157,14.825,3680.38345491474,3329.54545884437,109.278333007232,115.687127599929,7324.64426070905,3426.69654281026,7255.62850304223,3305.21167076759,248.255207751416,224.589912906872,7.37121976440014,7.80351619561074,494.073811852213,489.41844877182,0.00149982908516567,0.0014667002244213,1.26023050615937e-07,0.000847638334500689,0.00217241120419528,6.98389166391157e-06,6.74936783102054e-06,2.52166188017372e-12,4.19683895809745e-06,1.01093500457491e-05,-3212.38561928757,0.0824833891333289,0.0664585148239951,1,0.42598927413425
"linear",1600,"sir_laplace",158,15.493,3334.53315024796,3422.42301759804,102.959823381766,136.371626698072,7158.30076268443,3500.55661055611,7257.93186722614,3044.94200997302,215.228370893175,220.901246859746,6.64557047581269,8.80214462648113,462.034516406405,468.465233797595,0.00150608477663019,0.00141990165664764,2.08851939725074e-07,0.000738643550223141,0.00236393770067898,6.90803250688445e-06,6.6487607225171e-06,2.79189284609894e-12,3.98113491676328e-06,1.0399721217555e-05,-3183.01230261424,0.0718198044743319,0.0566891257988246,0.9975,0.426353136488354
"linear",1600,"sir_laplace",159,14.7,3742.37033815236,3575.84194185708,82.7847637579571,184.417742653129,7121.12738738036,3587.37003668795,7140.04072373064,3216.90939620186,254.583016200841,243.254553867828,5.63161658217395,12.5454246702809,484.430434515671,485.717056036098,0.00143014659155504,0.00134685295201209,2.07297214017788e-07,0.000683189249193276,0.00232298820334527,6.99539590254254e-06,6.7789718443356e-06,2.22411278446424e-12,4.40878168516247e-06,1.00686389684134e-05,-3201.92023032095,0.0865104858312079,0.0717021305420103,0.98625,0.422565525271648
"linear",1600,"sir_laplace",15,14.919,3224.15133061802,3161.62204337141,100.838202413332,97.6152992660413,7053.34291194187,3324.23843048587,6958.75141523034,2831.11310857159,216.110418300021,211.919166389933,6.75904567419611,6.54301891990357,472.775850388221,466.435512784392,0.00136486649674004,0.00133042857682523,1.346756434879e-07,0.0006900768253981,0.0020785666035091,7.10246066109055e-06,6.88896848129155e-06,3.07087752823069e-12,4.09774271614129e-06,1.06092940519794e-05,-3196.87749568851,0.0803847343561458,0.06277152890462,0.99625,0.42069259201639
"linear",1600,"sir_laplace",160,14.897,3187.87528888978,3245.65765495597,95.904604722958,120.652468911373,7083.43500005703,3265.74127743583,6990.57037448815,2338.17669918375,213.994447800885,217.873239911121,6.43784686332537,8.09911182864825,475.49405921038,469.260278880858,0.00131733806275307,0.00128752779526481,1.04047383727904e-07,0.000720699388955814,0.0019626430823187,6.69523139408868e-06,6.5269691693272e-06,2.3039683346964e-12,4.13544864723181e-06,9.81137380564209e-06,-3174.83415001813,0.0733591835595522,0.0594245960449298,0.99,0.415925794336374
"linear",1600,"sir_laplace",161,15.806,3514.05371663302,3376.68827557892,98.2182772870349,75.9938592821726,7160.21475392841,2998.35480710493,7145.78855532931,3239.90926453401,222.324036228839,213.633321243763,6.21398692186732,4.80791213983124,453.006121341795,452.093417393984,0.00144681404437595,0.00140946781623273,1.5205692233548e-07,0.000725808927852677,0.00221093519036895,6.92314659951409e-06,6.71188932995043e-06,2.79864531131306e-12,4.26893812202993e-06,1.05292639912981e-05,-3174.81851186336,0.0799556930435701,0.0641634609468559,0.99875,0.422602192222044
"linear",1600,"sir_laplace",162,15.129,3150.14273402339,3272.02063510452,56.8411214615316,133.465467321448,6895.51039818726,3204.49705264356,6865.89852817838,2956.38652247205,208.218833632321,216.274746189737,3.75709706269625,8.82183008271851,455.780976811901,453.823684855469,0.00129188380879024,0.00122776836032419,1.43539602594884e-07,0.000632830227312534,0.00203369162801354,6.73377139392286e-06,6.47922818535009e-06,2.66912553671811e-12,4.04401690585058e-06,1.0001536649472e-05,-3187.51186567104,0.0801461509745061,0.0635753567375692,0.999375,0.418183065371791
"linear",1600,"sir_laplace",163,14.871,3871.42594293447,3675.53605710087,76.6821552713799,129.082818211427,7252.56822885096,2981.37307984718,7374.26360130006,3512.03454501151,260.333934700724,247.161324531025,5.15648949441059,8.68017068195996,487.698757908074,495.882159995969,0.00161007215191582,0.00154910864718987,2.23550192133628e-07,0.000819679588278412,0.00252932304105888,6.84427781355022e-06,6.56861268624468e-06,2.65210534118778e-12,4.1013781916549e-06,1.02508761271628e-05,-3205.67116047102,0.0902856190081967,0.0732430318774086,0.99125,0.431308927261168
"linear",1600,"sir_laplace",164,15.057,3266.46678118025,3231.01990081226,88.0255538914451,113.609782478969,7219.31990404215,3453.39189982597,7182.44828693567,2930.32738734514,216.940079775536,214.585900299678,5.84615487092018,7.54531330802745,479.466022716487,477.01722035835,0.00152599543131082,0.00145530515679169,1.76696945291909e-07,0.000790012737845622,0.00235353737030411,7.3932527063652e-06,7.19731195168213e-06,3.35587222995367e-12,4.17348647131928e-06,1.11316177159436e-05,-3194.01344518603,0.082981683212309,0.0660524184396256,0.986875,0.427052401286065
"linear",1600,"sir_laplace",165,14.933,3712.14580226486,3548.77340086532,59.1791113574826,166.180832359951,7287.05071516085,1848.35119631488,7502.67228674847,3322.61258012898,248.586740927132,237.646380557512,3.96297538053188,11.1284291408258,487.983038583061,502.422305414081,0.0017074798393635,0.00160509408918596,3.30087910708261e-07,0.000821239671547565,0.00282033469968346,7.11122387810784e-06,6.870553475442e-06,2.70184024429189e-12,4.35869893905008e-06,1.02733245593951e-05,-3229.30567437611,0.0803440700035797,0.0652100157651748,1,0.435429554801812
"linear",1600,"sir_laplace",166,15.157,2735.29279316292,2818.33216352595,79.7466703330463,113.85911604449,7072.14091936397,2876.51832753316,7041.52222429851,2665.81475374268,180.463996382062,185.942611567325,5.26137562400516,7.51198232133604,466.59239423131,464.57229163413,0.00139977710924749,0.0013566333737054,1.44915093145329e-07,0.000766494888741822,0.00217322025866898,6.99680817541308e-06,6.72255683824775e-06,2.66361822385e-12,4.24456812880322e-06,1.01641671668005e-05,-3190.87943109391,0.0765587917918205,0.0628840637339341,0.995625,0.422119351522252
"linear",1600,"sir_laplace",167,14.765,3471.48540801017,3433.38670422415,99.0759847633012,111.659860536948,7287.42082544102,3621.26875989124,7238.58422008687,3233.11156787458,235.115842059612,232.535503164521,6.71019199209625,7.56246938956644,493.560502908298,490.252910266636,0.00153966602578982,0.00146424890832075,1.86013321462599e-07,0.00080722149248712,0.00240705457181553,6.89660315552964e-06,6.62548344952833e-06,2.53886434875706e-12,4.42059748692404e-06,1.03831067918155e-05,-3240.01973717697,0.0782152776107221,0.0604022187539282,0.990625,0.430524509868582
"linear",1600,"sir_laplace",168,14.852,3082.78241694403,2764.15509935621,74.7634526265922,106.555182766744,6977.7694186771,3243.8198119362,6824.4451826786,2697.7178780617,207.566820424456,186.113324761393,5.03389796839431,7.17446692477406,469.820187091106,459.496713080972,0.00132525120511188,0.00125716923392431,1.49294523798806e-07,0.000655517810320915,0.00209185744170086,7.07375073608842e-06,6.81490509859167e-06,3.48076443487617e-12,3.96295992512882e-06,1.03736711267148e-05,-3183.69334440092,0.0889719678960861,0.0691421916881318,0.984375,0.42057545796466
"linear",1600,"sir_laplace",169,15.021,3141.00817800992,3069.09270198005,76.0685111975836,98.3330678942781,7376.50221833077,2786.82642139391,7496.20030836146,2934.75098586735,209.107794288657,204.320131947277,5.06414427784992,6.54637293750603,491.079303530442,499.048019996103,0.00177300262164333,0.00170940382434102,2.96208475415538e-07,0.000777288886558556,0.00281209729701031,7.31930293662908e-06,7.10924360083409e-06,3.22142417140011e-12,4.27456354323424e-06,1.09079433312985e-05,-3225.67720703067,0.0847757038281689,0.0668846347796688,0.9925,0.439095591111214
"linear",1600,"sir_laplace",16,14.76,3118.90723215496,3081.64524857584,82.5428612519315,64.3020311796244,6991.2176888319,3282.05673992422,6950.88462277291,2819.6753621937,211.308078059279,208.783553426548,5.59233477316609,4.35650617748133,473.659735015711,470.927142464289,0.00135721863736581,0.00130012093724586,1.56156604862879e-07,0.000645836159244415,0.00219099090461639,7.11531759968451e-06,6.91156130073323e-06,2.96181439225452e-12,4.03709900532718e-06,1.04439899042621e-05,-3196.85363247637,0.082308243358525,0.0646847107556175,0.99,0.419509671617685
"linear",1600,"sir_laplace",170,14.817,3912.942632155,3636.47300967771,56.3162775781658,125.788841235007,7463.64242317923,2361.10765100733,7530.63061417762,3540.93558373377,264.084675180873,245.425727858386,3.80078812027845,8.48949458291202,503.721564633815,508.24260067339,0.00178558322368215,0.00171329713782033,2.73009481631824e-07,0.000872702219044225,0.00281810686558132,7.05166495631991e-06,6.7459445172165e-06,2.94499985957767e-12,4.14828985974302e-06,1.07084558743061e-05,-3165.38423054336,0.0834190853797223,0.0659370999424456,0.99,0.440635830698429
"linear",1600,"sir_laplace",171,14.881,2901.48983060582,2916.68837252182,70.0838574784604,101.004669286367,6856.38214227704,3003.3577080388,6759.53802491732,2686.85978805587,194.979492682335,196.000831430806,4.70962015176805,6.78749205606925,460.747405569319,454.239501708039,0.00126278867019938,0.0012187249620776,1.32755149019248e-07,0.000593394975805468,0.00198506980191058,7.00650093728214e-06,6.64462428400122e-06,3.12999595621859e-12,4.12076087244293e-06,1.04867919447236e-05,-3210.04275956867,0.0816883470090951,0.0682078535303254,1,0.414710579373443
"linear",1600,"sir_laplace",172,14.805,3554.10611631627,3537.83255177626,96.6270869220786,154.430508554975,7237.57965041204,3659.50912948715,7231.10216481603,3255.3385142825,240.0612033986,238.962009576242,6.52665227437208,10.4309698449831,488.860496481732,488.422976346912,0.00154085249388432,0.00150115619266917,1.82406137827452e-07,0.000782279166582621,0.00237401442346148,7.17183267192838e-06,7.06153335769036e-06,2.64688134707321e-12,4.15698043629768e-06,1.02516443136261e-05,-3175.56218197587,0.0805111770647631,0.0646861835523734,0.99625,0.430585108016961
"linear",1600,"sir_laplace",173,14.838,2630.54704373349,2643.37388335787,58.0297271242149,134.941961323846,7112.95023123397,2730.65706447908,7174.26302864622,2433.56799944015,177.284475248247,178.148934044876,3.91088604422529,9.094349732029,479.373920422831,483.506067438079,0.00156850430550741,0.00149162370888245,2.34773253572027e-07,0.000736343140477256,0.0024842741106687,7.40923528866011e-06,7.20435324501991e-06,3.20226672966148e-12,4.23085181374566e-06,1.09747930745671e-05,-3154.50134031682,0.0982395279585403,0.0754322501081506,0.984375,0.432662154409636
"linear",1600,"sir_laplace",174,15.218,3053.41838595056,2931.53488492714,83.5798857335228,162.515090811637,7367.13907118499,3311.69333406459,7288.16502722387,2849.49035530991,200.645182412312,192.636015568875,5.49217280414791,10.6791359450412,484.106917544026,478.917402235765,0.00157266622640752,0.00153093490506017,1.63869858866261e-07,0.000861481378819477,0.00238485849825743,7.0401883755399e-06,6.87025690921711e-06,2.61651990190331e-12,4.23207200627185e-06,1.02553360139575e-05,-3184.32396209555,0.0662228822122057,0.0541603363256863,1,0.429823710997961
"linear",1600,"sir_laplace",175,14.882,3192.40706006128,3093.37496044749,102.499199582865,157.134630211657,6976.7458741159,3308.76092307073,6944.93155740084,3009.82480589708,214.514652604575,207.860163986527,6.88746133469056,10.5587038174746,468.804318916537,466.666547332404,0.00130117048999329,0.00124561173551347,1.27256036361046e-07,0.000676587783851881,0.00202316870995284,6.6657202005272e-06,6.50319742606192e-06,2.11621037205599e-12,3.94691007984961e-06,9.4669650094113e-06,-3214.63292073783,0.090816713885522,0.0757904731326516,0.9875,0.412995886745434
"linear",1600,"sir_laplace",176,14.911,3218.43182398016,3122.2047300355,37.9497369768794,139.358435645787,6935.90823293324,3320.6514614521,6843.91736407818,2813.70944135726,215.842788812297,209.389358864966,2.54508329266175,9.34601540109899,465.153794710834,458.984465433451,0.00138414485144177,0.00133346761895244,1.55811334888735e-07,0.000701619928617124,0.00215597016696244,7.14441337196445e-06,6.91970666014563e-06,2.88967211719181e-12,4.21654257003767e-06,1.04270488902098e-05,-3177.14929865976,0.0827596149707552,0.0677127484809133,1,0.422967427106631
"linear",1600,"sir_laplace",177,15.011,3004.21981797855,2905.86291332542,104.267868852982,96.7707418389806,6946.91366723537,3126.13489499889,6868.67670863862,2712.84581090763,200.134555857607,193.582233916822,6.9460974520673,6.44665524208784,462.788199802503,457.576224677811,0.0013155284914557,0.001248356696082,1.51273631859221e-07,0.000678197510614948,0.00215375773163956,6.89383965467874e-06,6.58776899039715e-06,2.92414885219692e-12,4.04297034763378e-06,1.04281122879e-05,-3187.79546051688,0.0777894004894829,0.0596155676703117,1,0.418594859118909
"linear",1600,"sir_laplace",178,15.809,3050.55237400239,2793.13485024223,67.0532731681166,126.178200199019,7258.86355642719,3139.7812786363,7229.70644693766,2501.82459639814,192.96301941947,176.680046191551,4.24146202594197,7.98141566190267,459.160197129938,457.315861024585,0.00151862699013028,0.00145331957856965,1.85248739735976e-07,0.000806699248399791,0.00237998455556241,7.05538418009591e-06,6.78788397599531e-06,2.76449059691137e-12,4.16890878335397e-06,1.04122181708454e-05,-3189.68771337277,0.074177472172685,0.0611684758250293,1,0.428795752447631
"linear",1600,"sir_laplace",179,15.008,3287.76802275835,3111.03966241451,81.2858501529363,128.406919614385,7040.67277787118,3446.52185608385,6910.35133563026,2965.6075429878,219.067698744559,207.292088380498,5.41616805390034,8.55589816193928,469.127983600158,460.44451863208,0.00140885110702899,0.00138019176756254,1.49777727332339e-07,0.000695631140133779,0.00215035745805097,7.17891674208343e-06,6.85021963404323e-06,3.23504242198827e-12,4.20232807247713e-06,1.07541184907742e-05,-3218.84478926884,0.0951923836326192,0.0748956853760537,0.9675,0.424151510840005
"linear",1600,"sir_laplace",17,15.05,2663.47771679767,2903.50412385354,79.9314120605171,126.617110331612,6971.76783765993,2707.74126073799,6848.7387019042,2487.96066657525,176.975263574596,192.923862050069,5.31105727976858,8.41309703200079,463.240387884381,455.065694478684,0.00130461345778454,0.00124540179677651,1.34826375441825e-07,0.000695566424553781,0.00200976373460888,7.08401265381518e-06,6.87595391299717e-06,2.71972950403166e-12,4.13515616777615e-06,1.03635063621079e-05,-3214.97624154787,0.0716900313069065,0.0570201548350493,1,0.416042471221157
"linear",1600,"sir_laplace",180,14.814,3248.22638927053,2712.90982339211,66.6512505495137,115.434991689568,6993.48042465603,3436.45897266436,6895.64686171759,2610.15262128,219.267340979515,183.13148531066,4.49920686846994,7.79229051502419,472.085893388419,465.481764662994,0.00129651713661636,0.00125811284774823,1.10317727768307e-07,0.00068460539198344,0.00193862061598585,6.85534578970353e-06,6.66134838012395e-06,2.69332989003543e-12,3.79672112421129e-06,1.00329559612933e-05,-3191.14391661889,0.0709287365549412,0.0546946773115913,0.991875,0.413060903321678
"linear",1600,"sir_laplace",181,14.699,3253.78068784591,3075.94773325955,103.813635515551,122.50693038246,7198.04176527012,3439.50164562874,7173.93686489841,2833.73619353261,221.360683573434,209.262380655797,7.06263252708016,8.33437175198718,489.696017774687,488.056117075883,0.00143933653466788,0.00139556779396678,1.46443127350723e-07,0.000788028520394042,0.00218472060016288,6.84967662722365e-06,6.66844248676439e-06,2.30804681148984e-12,4.05849984628324e-06,9.77991532106066e-06,-3207.14377204698,0.0773926229036637,0.0617419760465978,1,0.422700321326703
"linear",1600,"sir_laplace",182,14.964,3212.6261904373,3110.47687775767,94.6365283293536,79.7267248273845,7086.48687790741,3105.53975692443,7083.63078706655,2923.59099488071,214.690336169293,207.863998780919,6.32428016101,5.32790195317993,473.569024185205,473.378160055236,0.00145860370310348,0.00138458675221561,1.81363957381125e-07,0.000739101924060575,0.00230822154462348,7.06364014220519e-06,6.85204448131599e-06,2.6230045897079e-12,4.3598039526167e-06,1.02526311969242e-05,-3174.59064549908,0.0794085027154658,0.0638928094702385,0.994375,0.426119639186739
"linear",1600,"sir_laplace",183,14.864,3161.38632292347,3080.44238410794,94.7183255681524,151.387005123392,7084.8635991703,3330.52678038439,6979.37250252036,2923.04224651848,212.687454448565,207.241818091223,6.37233083746989,10.1848092790226,476.645828792404,469.548742096364,0.00132295770088159,0.0012675480628723,1.23575176219489e-07,0.000710860421330423,0.00203018719968497,6.71223108690857e-06,6.46633886949778e-06,2.48375312321792e-12,3.97456829654654e-06,9.87953545773955e-06,-3190.08540220882,0.0733469204346678,0.0581460237445966,1,0.417941633043254
"linear",1600,"sir_laplace",184,14.783,3641.13433714682,3370.99409595582,86.6074313926028,136.502748476481,6902.41338599623,3547.68006275728,6863.9720690841,3276.20403997077,246.305508837639,228.031799767018,5.85858292583391,9.23376503256993,466.915604816088,464.315231623087,0.00133058851837304,0.00126394728430959,1.43490340565819e-07,0.000705022301781136,0.00206624725919181,7.08215179548928e-06,6.75983495935395e-06,3.646202419839e-12,4.04213353086623e-06,1.07451605733657e-05,-3188.56416898123,0.098768675515683,0.0814825370259281,0.991875,0.420608977207965
"linear",1600,"sir_laplace",185,14.984,3080.18724848851,3056.30222480995,80.1840351742619,103.008213195371,7124.18364646974,3161.40536008319,7178.72803723256,2887.14508350735,205.565085990958,203.971050774823,5.35131040938747,6.87454706322552,475.452726005722,479.092901577186,0.00154524534653319,0.00148682198323553,2.14063792812304e-07,0.000782280227395225,0.0024345192857179,7.48653099639192e-06,7.16742188596442e-06,3.97209694969871e-12,4.02386317099639e-06,1.15074163544294e-05,-3197.77462457805,0.0919785502628153,0.0746343710756266,0.98625,0.428965687426269
"linear",1600,"sir_laplace",186,14.842,2633.14081585929,2925.7495083351,92.3819011617299,88.8788414759424,7183.36028845264,2750.50752776211,7125.81252519929,2633.36816087746,177.411455050484,197.126364932967,6.22435663399339,5.98833320818909,483.988700205676,480.11134113996,0.00150558051747272,0.00144468388507854,2.07280813088728e-07,0.000769036257432992,0.00248360034368793,7.02631518792886e-06,6.66000736006166e-06,3.16790885063044e-12,4.17173685027676e-06,1.05506267135162e-05,-3188.31742105451,0.0877759616406147,0.0659642817643892,0.974375,0.43087314830333
"linear",1600,"sir_laplace",187,15.236,3767.49581405377,3656.33190260585,78.351618356744,135.632833327838,7223.26570950908,3176.16827349217,7349.45127292936,3453.34182001563,247.275913235349,239.979778328029,5.14253205281859,8.90212872983973,474.091999836511,482.374066220095,0.00159868365927756,0.00152150235778617,2.40113094719945e-07,0.000830489007525611,0.00266282936226289,6.95256476462016e-06,6.73834292584742e-06,2.9400189113872e-12,3.88929958823217e-06,1.02935138571836e-05,-3178.9300760061,0.0730961227968246,0.0597391405864095,1,0.431810067729654
"linear",1600,"sir_laplace",188,14.942,3516.50992064069,3374.21823068849,97.3628823438941,181.274252492376,7174.81422682061,3676.52211481807,7164.22326832075,3182.79963938877,235.343991476422,225.821056798855,6.51605423262576,12.1318600249214,480.177635311244,479.46883070009,0.00141334081218027,0.00134647740305705,1.54430572963529e-07,0.000719261918145338,0.00221667221571888,6.72672784039807e-06,6.49497757707945e-06,2.33861154942599e-12,4.10362849002629e-06,9.88352611511856e-06,-3193.65993034506,0.0830507413111498,0.0691898093748222,1,0.420130659064279
"linear",1600,"sir_laplace",189,15.263,3144.45588242029,3132.7691784346,90.3270489911984,109.633055687775,7134.22991610868,3271.5582970511,7031.76521836231,2851.64141238479,206.018206277946,205.252517751071,5.91804029294361,7.18292967881644,467.419898847453,460.706625064687,0.00143003914688457,0.00138041199675429,1.51826850770876e-07,0.000744490966862587,0.00224661519929449,6.88078079216924e-06,6.73223343328323e-06,2.5114838671578e-12,3.94233429556267e-06,9.91686222593712e-06,-3205.21924836372,0.0719822537306355,0.0560346181946686,1,0.423569341330458
"linear",1600,"sir_laplace",18,14.709,3081.49639768144,3129.20221877207,104.000915563224,13.0427701562485,7158.14412038147,3200.65668534861,7091.0699723697,2992.92982145148,209.497341605917,212.74064985873,7.07056329887987,0.886720385903087,486.650630252327,482.090554923496,0.00145253051095413,0.00139875787318708,1.55962229948037e-07,0.000764657916816132,0.00224499159336696,7.03841026741007e-06,6.86131301725093e-06,2.51121195556083e-12,4.17642620677826e-06,1.01170567977792e-05,-3184.79902123849,0.0789151611260259,0.0641352880926832,0.99375,0.425593683872545
"linear",1600,"sir_laplace",190,14.809,2881.88233670921,2819.64409716974,137.688253504098,141.64013390632,7121.36377959653,3021.39681311742,7044.01648918949,2570.69261165856,194.603439577906,190.400708837176,9.29760642204724,9.56446309043956,480.880800837094,475.657808710209,0.00139329636279854,0.00137559105399801,1.27807683310019e-07,0.000757834755677092,0.00208609982855033,6.83517850793386e-06,6.64307300261654e-06,2.21743151086117e-12,4.28813825602974e-06,1.00044484237494e-05,-3168.95190808675,0.0877684639031551,0.0659445024826278,0.99125,0.423235949859473
"linear",1600,"sir_laplace",191,14.849,3360.97015058336,3395.16732252111,44.4207096701377,103.762747473698,6997.43577008362,2914.02099486793,6949.31091213523,2330.1370661863,226.34319823445,228.646193179414,2.99149502795728,6.9878609652972,471.239529266861,467.998579846133,0.00164590048191747,0.00153185999829715,3.19339138538097e-07,0.000829375965062534,0.00285150406609763,8.23497424915773e-06,7.9318595071614e-06,5.34629189412261e-12,4.47329068602984e-06,1.27780385305997e-05,-3186.30207307009,0.0913713215945075,0.0686693658557102,0.988125,0.439130170482095
"linear",1600,"sir_laplace",192,14.96,3168.92084058122,3119.41268636452,63.4144559491358,132.020075004074,7044.77525230648,3329.0108281196,6967.08943462008,2959.61378303905,211.82625939714,208.516890799767,4.23893422119892,8.82487132380172,470.907436651502,465.714534399738,0.00134575441198757,0.00131124125577767,1.32857152068295e-07,0.000674480383214731,0.00209243125094944,6.73206550421523e-06,6.58016610565084e-06,2.39168251665982e-12,3.85553874390298e-06,9.81147535222497e-06,-3232.69865217622,0.0898882253288504,0.0732408732127956,0.981875,0.418193537118665
"linear",1600,"sir_laplace",193,14.974,3175.62494543977,3032.27920168978,10.2544777235361,122.141223114937,7044.28939077912,3322.62285670819,7034.69648120114,2894.77929544555,212.075927971135,202.502951895938,0.684818867606259,8.15688681146904,470.434712887613,469.794075143658,0.00133713475566714,0.00126695036498296,1.65808155630662e-07,0.000672568760517168,0.00214640531306852,6.6498449153677e-06,6.50088909697154e-06,2.04864326911597e-12,4.10670371112742e-06,9.49964203508947e-06,-3193.89100618906,0.0758224460071071,0.0623225254748047,0.995625,0.41783056589937
"linear",1600,"sir_laplace",194,15.28,2893.85917853756,3022.41261162104,38.7479060200582,106.441934400602,7104.66479425594,3007.54707161042,7221.86743827293,2846.22775238166,189.388689694866,197.801872488288,2.5358577238258,6.96609518328547,464.964973446069,472.635303551894,0.00158763509627407,0.00155552220356219,2.24939298442203e-07,0.000788428366067938,0.0025470642969531,7.31064660312715e-06,7.09433244105296e-06,3.39688280131388e-12,4.05946489382839e-06,1.08112849799104e-05,-3163.64837396441,0.0792960574337901,0.060651105144992,0.9925,0.432952013285617
"linear",1600,"sir_laplace",195,14.813,3756.33641329044,3433.80530073595,58.7646474277012,145.084808259238,7230.9187640134,2069.95837005176,7272.64852801384,3219.75826512876,253.583771909163,231.81025455586,3.96709967107953,9.79442437448445,488.146814555688,490.963918720977,0.00163186797710019,0.00158046934262846,2.44939190880525e-07,0.000723433001535411,0.00256623373208649,7.17423657932965e-06,6.89288808777789e-06,2.82718348083916e-12,4.38546961742191e-06,1.05412034243232e-05,-3162.63511017378,0.0930495998786807,0.0751221021792818,0.984375,0.436110380396644
"linear",1600,"sir_laplace",196,14.882,3276.68962542039,3322.40242872345,95.2562676732911,116.229831997894,7191.83074953561,3389.78178683775,7086.87629103724,2985.09384281924,220.178042294073,223.249726429475,6.40077057339679,7.81009487957896,483.257005075635,476.204561956541,0.0013662675746429,0.00132203545672703,1.31643178302067e-07,0.000735704684062438,0.00206963765753934,6.71520497765931e-06,6.51461415182669e-06,2.38810336264836e-12,4.03043476851401e-06,9.79406098113503e-06,-3226.41922848039,0.0886977321888039,0.0722966786866381,0.99,0.416769365497029
"linear",1600,"sir_laplace",197,14.955,2574.41082191712,2487.93854883301,127.923651137886,113.299474462362,6786.50062202778,2672.43802416037,6662.18990674442,2301.92465454294,172.143819586568,166.361654886861,8.55390512456607,7.57602637662066,453.794759079089,445.48244110628,0.00120611838209973,0.00116014687011021,8.15479551374847e-08,0.000717173425412856,0.00181505691185868,6.78535660251721e-06,6.50915829593478e-06,2.6229960544953e-12,4.09205098749592e-06,1.01782171600875e-05,-3188.21856691603,0.0736470893399131,0.0580173392235623,0.995625,0.412520066823922
"linear",1600,"sir_laplace",198,14.871,3297.87373783817,3185.93301562982,102.004192771651,126.088246151355,7039.08648680596,3450.90184799706,6940.90601199938,2982.79563861232,221.765431903582,214.237981012024,6.85926923351832,8.47880076332154,473.343183834709,466.741040414187,0.00132203380341208,0.00127636808087456,1.34232055808029e-07,0.000653958968971065,0.00203146096095245,6.68503893815108e-06,6.46751918249231e-06,2.40504226982499e-12,4.05598617126713e-06,9.87253038687428e-06,-3187.24042152041,0.0836073500445667,0.0653886335668635,0.98875,0.415576752330557
"linear",1600,"sir_laplace",199,14.861,2876.70749099049,2920.47431159173,20.2759271147829,108.230176444549,6927.20361793908,2966.73306743741,6882.04701155221,2634.41704791961,193.574287799643,196.519366906112,1.36437165162391,7.28283267912989,466.133074351597,463.094476250065,0.00131127105973297,0.00127969154439341,1.35237075156799e-07,0.000639792622834064,0.0020109068478117,6.74443127028125e-06,6.4871443017643e-06,2.99229803282469e-12,3.86779230496668e-06,1.01473421985345e-05,-3162.92514174933,0.085786963343107,0.0700432327760271,0.989375,0.419561336502473
"linear",1600,"sir_laplace",19,14.725,3036.9481512589,3071.48531672295,91.3697788152393,147.439113670081,6986.37082986068,3153.51503769127,6880.82726710292,2832.26700014283,206.244356621997,208.589834751983,6.20507835757143,10.0128430336218,474.456423080522,467.288778750622,0.00136403608706887,0.00132659345721901,1.27234344083777e-07,0.000765212367139846,0.0020995255469509,7.07573154021293e-06,6.90797821944178e-06,2.69711013067936e-12,4.29539333459637e-06,1.04202908499234e-05,-3188.95820632287,0.0877107448755925,0.0682704730573711,0.99375,0.420778461781222
"linear",1600,"sir_laplace",1,14.86,3044.25838696479,3026.21875519424,48.414784852443,134.596278532274,6943.74137519889,2379.56863441991,6944.26185119879,2752.96184938735,204.862610159138,203.648637630837,3.25806089181985,9.05762305062412,467.277346917826,467.312372220645,0.00134703585929341,0.0012757915431783,1.73449946759429e-07,0.000660822025951026,0.00216957165154854,6.98172197089648e-06,6.75549917575148e-06,2.71058031365103e-12,4.20466073555243e-06,1.01469107312456e-05,-3243.00249474668,0.0777445423251187,0.0604169497651562,0.986875,0.416625448499047
"linear",1600,"sir_laplace",200,14.888,3050.69574093681,2895.88873609559,61.3780859638237,135.484896859052,7032.73069384817,3177.43637891429,6905.40752585471,2766.89856353516,204.909708552983,194.511602370741,4.12265488741427,9.10027517860368,472.375785454606,463.823718824201,0.00133431775853186,0.00128808947138424,1.12232298995223e-07,0.000801438051263738,0.00204335013946483,7.01038897650242e-06,6.72318394533449e-06,3.27879111011748e-12,3.93319180855803e-06,1.06780711597519e-05,-3192.4739335577,0.0894878351154829,0.0711557883652007,0.99,0.421000099961912
"linear",1600,"sir_laplace",20,14.834,3005.88294678873,2889.66421936577,55.1542050330841,148.023987016245,6855.58172889815,3147.8211649551,6730.10382523451,2780.15478318223,202.634686988589,194.8000687182,3.71809390812216,9.97869671135532,462.15327820535,453.694473859681,0.00129134388990314,0.00124415791468983,1.16482459197813e-07,0.000721104392674971,0.00196776209487037,7.13996770046372e-06,6.96143797114853e-06,2.94054299327156e-12,4.20967775712995e-06,1.05812739084585e-05,-3166.13454058645,0.0728172338243266,0.0564574935012918,0.994375,0.415937888866786
"linear",1600,"sir_laplace",21,14.854,2830.95472511504,2932.84462885731,57.0902552699889,117.333530903169,7014.22449965947,2940.8364152295,6931.24184611397,2654.8730538702,190.585345705873,197.444771028498,3.84342636798094,7.89912016313245,472.211155221453,466.624602538977,0.00144582071243379,0.0013639087696288,1.9345424758266e-07,0.000742177270938234,0.00235301141990777,7.39270070745454e-06,7.21342911085606e-06,3.08305633718017e-12,4.09036634380444e-06,1.08783720461369e-05,-3227.96794410612,0.0902395608767146,0.0740322389523408,0.98875,0.424598730157687
"linear",1600,"sir_laplace",22,15.19,3504.09614107361,3552.41518506635,64.1687133380967,125.921622799486,7271.0717373141,3580.4771843361,7199.85882575559,3377.64472020173,230.684406917288,233.865384138667,4.22440509138227,8.28977108620714,478.674900415675,473.986756139275,0.00146461148949074,0.00138931603753205,1.59504974376848e-07,0.000821708337072405,0.00229105546144688,6.76702600560775e-06,6.51858763804179e-06,2.70526720565812e-12,3.77056539906063e-06,1.00286669427227e-05,-3224.26931391847,0.092351965977839,0.0745690376211467,0.96875,0.421782365758165
"linear",1600,"sir_laplace",23,14.844,3478.99845587121,3802.918833545,41.3067692427685,144.200456430304,7225.80684525237,2384.84376412012,7403.27709464285,3674.81614621982,234.370685520831,256.192322389181,2.7827249557241,9.71439345394124,486.782999545431,498.738688671709,0.00174925251361439,0.00162951412564776,3.40262346462565e-07,0.00086628336466683,0.00306019849033906,6.98724161310811e-06,6.81377002070736e-06,2.62962564079281e-12,4.2209020754279e-06,1.02839837395688e-05,-3191.40000166863,0.0861854879304609,0.0691923755184018,0.98375,0.439785638101951
"linear",1600,"sir_laplace",24,15.348,3193.66941043652,3119.71078706191,107.897710920695,108.427733722601,7129.87969378811,3340.65828943874,6987.42516750725,2828.59084525693,208.083751005768,203.264971791889,7.03008280692566,7.06461647918953,464.547803869436,455.266169371074,0.00137861572620449,0.00134218905642253,1.30385848001775e-07,0.0007231502597764,0.00209506431314517,6.99687631155814e-06,6.77634576907443e-06,2.86539268901468e-12,4.05008671773547e-06,1.03461759069938e-05,-3190.87419545817,0.0826826496406383,0.0657615689834423,0.999375,0.419971794590767
"linear",1600,"sir_laplace",25,15.35,3214.41601720289,3272.06409894796,74.4085377579322,118.963167651954,7101.00478647268,2393.94533655387,7154.18462071321,3024.19554943576,209.408209589765,213.16378494775,4.84746174318776,7.75004349524128,462.606175014507,466.070659329851,0.00142826611536323,0.00135075573265015,1.7854068212854e-07,0.000729338202839959,0.00227580105858937,6.69851426672887e-06,6.43382847327947e-06,2.56905661460827e-12,4.02796961205896e-06,1.01268019041505e-05,-3217.7271866148,0.0766585384506513,0.0582489123577022,0.9925,0.424274871230936
"linear",1600,"sir_laplace",26,14.916,3330.51760778065,3429.98735365367,84.6473299288892,99.9776247560536,7113.80574453275,3471.36235471163,7047.76310311956,3255.65597916811,223.284902640161,229.953563532694,5.67493496439322,6.70271016063647,476.924493465591,472.496855934538,0.00143248620671156,0.00137627972319798,1.61980415262612e-07,0.000757796578506565,0.00220590507295605,7.07189697223818e-06,6.91446656733605e-06,2.73768469479976e-12,4.02130640897671e-06,1.04469780184127e-05,-3240.57920130919,0.0856653487458081,0.066476142444973,0.98375,0.423150197582184
"linear",1600,"sir_laplace",27,15.104,2981.90260148647,2929.5017963138,65.4615794016165,94.0024363045048,7191.22103978365,2895.71545309415,7190.3295472662,2752.71819295699,197.424695543331,193.955362573742,4.33405583961973,6.22367825109275,476.113681129744,476.054657525569,0.00151259628938283,0.00145070455985891,2.08134621336891e-07,0.00073568422042955,0.00244528916874651,7.00237694738099e-06,6.71539343305017e-06,2.59727210231839e-12,4.06188605629938e-06,1.01606576784079e-05,-3249.96029648835,0.0819261366202233,0.0653920452300043,0.99875,0.426824762559341
"linear",1600,"sir_laplace",28,14.97,2831.49087863239,2822.5132967672,92.2208417824305,92.6318843855478,7104.90264883604,3004.19041151374,7032.17461945744,2232.68382982064,189.144347270032,188.544642402618,6.16037687257384,6.18783462829311,474.609395379829,469.751143584331,0.00146245220954097,0.00139829523530204,1.94206534522319e-07,0.00073974920972881,0.00228725316065023,6.96719448702157e-06,6.75848998176997e-06,2.65648164586188e-12,4.08388989723051e-06,1.00250522382265e-05,-3223.93647472826,0.0982630707254068,0.0790209578076808,0.979375,0.42417279207312
"linear",1600,"sir_laplace",29,15.022,2753.61508606215,2834.34701811044,136.305975434783,129.941542987706,6821.62958737899,2838.11563261983,6770.49565385443,2426.18752523417,183.305491017318,188.679737592227,9.07375685226885,8.65008274448847,454.109278882905,450.705342421411,0.00117493043769451,0.00113726523530999,8.86421534433854e-08,0.000683569652839719,0.00177044378123134,6.84183628763866e-06,6.66258479480622e-06,2.79519096263343e-12,3.95009723059501e-06,1.02074205393793e-05,-3196.49306806333,0.0721602885209979,0.056792533747536,0.9875,0.407055078241355
"linear",1600,"sir_laplace",2,14.82,2918.45123249884,2777.62465525798,86.5744473674312,118.458470744429,7086.87408041005,2999.55857048696,7070.25557867232,2562.3019826618,196.926533906805,187.424065806881,5.84173059159455,7.9931491730384,478.196631606616,477.075275214057,0.00142556190581332,0.0013657577169616,1.57738579062239e-07,0.000775198541327719,0.00224520544819797,7.01809196494057e-06,6.8614196857405e-06,2.36406617816013e-12,4.19806299403936e-06,1.01143811402595e-05,-3209.22991810825,0.0974233253735027,0.0819168272136738,0.9975,0.424754410995769
"linear",1600,"sir_laplace",30,14.854,3273.499610092,3252.32190543346,76.4033348803491,129.407872952151,7031.67770052317,2213.16448386711,6959.76036882272,2876.6485558212,220.37832301683,218.952598992423,5.14362022891808,8.71198821544038,473.386138449116,468.544524627893,0.00140370243414847,0.00136694887088535,1.6945678547246e-07,0.000679676336211997,0.00218037722587331,6.99184328552596e-06,6.69831563760357e-06,2.91603608443116e-12,3.95403791104165e-06,1.05591871191233e-05,-3210.21900643325,0.0881474727790316,0.0712028507204884,0.993125,0.419797047921051
"linear",1600,"sir_laplace",31,14.98,2771.46368992822,2931.43098135892,82.0792873337876,101.172928310944,7017.42998698309,2939.40921145789,6985.12223757338,2925.36627796422,185.010927231523,195.689651626096,5.47925816647447,6.75386704345423,468.453270159084,466.296544564311,0.00146047334449845,0.00141776221981001,1.74422943343137e-07,0.000647164023728777,0.00222158262295607,7.37531242394304e-06,7.16188580443658e-06,3.70953829879177e-12,4.11150690583477e-06,1.10706820345266e-05,-3193.26328068391,0.0922530467948531,0.0723561643832971,0.9575,0.428246563344946
"linear",1600,"sir_laplace",32,14.911,3800.46351413998,3691.58497652398,82.9980611008838,174.161609854173,7282.43525035364,2412.36738857981,7311.6920876695,3391.50786265103,254.876501518341,247.574607774393,5.566230373609,11.6800757731992,488.393484699459,490.355582299611,0.00176763507618612,0.00166701428460965,3.4392200375776e-07,0.000845396168163835,0.00281181581576106,7.49691319411718e-06,7.26581275032469e-06,3.15206893118907e-12,4.41669716629076e-06,1.11031834876267e-05,-3199.10355418,0.0943817043124276,0.0798582563798166,0.98375,0.440363554368425
"linear",1600,"sir_laplace",33,15.008,3258.44851399808,3256.52169666061,96.6149248973105,108.38204651867,6896.8549338253,3362.26406633918,6824.22401128127,3135.68719215356,217.114106742942,216.98572072632,6.43756162695299,7.22161823818427,459.545238128018,454.705757681321,0.00125199465603042,0.00121568485851783,9.46531713298035e-08,0.000676576764896693,0.00185725339730507,6.77534731028368e-06,6.5834053697061e-06,2.56306530282992e-12,4.00869293685523e-06,1.01390968263434e-05,-3206.19463363092,0.0968538837514752,0.0748255235486387,0.99,0.416062585017631
"linear",1600,"sir_laplace",34,15.199,3126.6987897374,2930.51011353798,71.4896831939293,152.290531896594,6899.13241696553,3264.11062837135,6825.64140951853,2680.24387066207,205.717401785473,192.809402825053,4.70357807710569,10.0197731361664,453.920153757848,449.08490094865,0.00128453460376938,0.00121608756199564,1.43454863614083e-07,0.000623802586967753,0.00202925607193349,6.88560309079748e-06,6.70445865521534e-06,2.43129663805247e-12,4.18963035685406e-06,9.89895108010439e-06,-3213.82412494758,0.0857739751296771,0.0634277177786356,0.97375,0.416944054567922
"linear",1600,"sir_laplace",35,14.822,2939.41545429408,2966.8932989304,103.016580608273,92.1867018804882,7222.44381042241,3070.69883227656,7125.12200645064,2720.49130230377,198.314360699911,200.168216092997,6.95024832062291,6.21958587778223,487.278627069384,480.712589829351,0.00150306443363102,0.00145384474366253,1.53067107618495e-07,0.000799632279913651,0.00228651952792748,7.07654798207297e-06,6.83678635868225e-06,2.63632593572431e-12,4.18387474099629e-06,1.04376682101591e-05,-3216.66718814445,0.0835905559147651,0.0648066164842099,0.983125,0.426441549071903
"linear",1600,"sir_laplace",36,14.963,3359.40864611126,3435.58046217781,96.2152710292611,117.54084707984,7060.4599850468,3523.89008580553,7062.18277991674,3119.64863232966,224.514378541152,229.605056618179,6.43021259301351,7.85543320723384,471.861256769819,471.976393765739,0.00134234220833723,0.00129517118984735,1.24752762609694e-07,0.000677822188471376,0.00198875211484071,6.7572381222298e-06,6.60243717210694e-06,2.06031502332502e-12,4.34648316255799e-06,9.57441843908589e-06,-3215.27863382505,0.0933532156437693,0.074068103408462,0.990625,0.417852314825423
"linear",1600,"sir_laplace",37,14.822,3069.10406728752,3074.60705162857,71.1468741633067,149.256635324995,6881.25853829296,3192.99753342315,6873.69732619855,2901.87913253162,207.064098454158,207.435369830561,4.8000859643305,10.0699389640396,464.259785338886,463.749650937697,0.00128867766179473,0.00123428210710536,1.3690524381401e-07,0.000675595430699776,0.00198862707073933,7.06956578914376e-06,6.86392567667222e-06,2.76280946719064e-12,4.22707478505676e-06,1.05279661039249e-05,-3157.50501439943,0.0913967937242492,0.0722647643901031,0.986875,0.416833937438752
"linear",1600,"sir_laplace",38,15.265,2741.12440158331,2888.55720177778,106.80528826792,146.807549268341,7128.40872663795,2846.13304417084,7122.39551702812,2653.98890483745,179.569236919968,189.227461629727,6.99674341748575,9.61726493732993,466.977315862296,466.583394499058,0.00141423621440824,0.00135503899499254,1.39568759594428e-07,0.000759261242992673,0.00219140557014917,6.93538697098316e-06,6.75620598548747e-06,2.28308287328279e-12,4.22765012176836e-06,9.79719819742587e-06,-3189.81991522579,0.0838386540529635,0.0638542383237931,0.989375,0.425102788416636
"linear",1600,"sir_laplace",39,14.88,3307.12970843482,3239.78601531257,104.410144332257,145.221066459718,6983.41095243793,3233.18759130023,6970.41837945129,2706.62953627345,222.25334062062,217.727554792511,7.01681077501724,9.75948027283049,469.315252179969,468.442095393232,0.00128911583467957,0.00124972108773746,1.20254644101829e-07,0.000709282961552018,0.00202773638725776,6.67385066686049e-06,6.49784547604132e-06,2.32765573360582e-12,4.00244921691407e-06,9.74634569756157e-06,-3224.83099606539,0.068619949089463,0.0528134884734619,0.98625,0.412492077008941
"linear",1600,"sir_laplace",3,14.875,3325.17711747639,3170.35376508635,97.8091417450536,110.19871168173,7057.50472063247,3054.58236620865,7049.33484041794,2838.27106648353,223.541318821942,213.133026224292,6.57540448706243,7.40831675171295,474.454098866048,473.904863221374,0.00141251491199372,0.00135730641074662,1.42176383866153e-07,0.000781888060936511,0.0021258943228982,7.01512522887643e-06,6.7549276433646e-06,3.19288752405276e-12,4.12184300495466e-06,1.08911041672733e-05,-3178.89152178148,0.0806961050811814,0.066104724782093,0.994375,0.42163918585938
"linear",1600,"sir_laplace",40,14.701,2704.89312551771,2753.78443932878,91.6043408276315,106.131898468004,7116.0524894657,2873.53638982757,7035.29670628342,2521.21050058026,183.993818482941,187.319531958968,6.23116392270128,7.21936592531149,484.052274638848,478.559057634407,0.00139579825180085,0.00132969471531567,1.53916331791327e-07,0.000761074275524029,0.00216022542387679,7.0143861791181e-06,6.7910735019646e-06,3.05827878121384e-12,3.97708542059038e-06,1.04731224602597e-05,-3185.83912000479,0.0909608697664518,0.0714925289651718,0.9975,0.422215627350136
"linear",1600,"sir_laplace",41,14.995,3207.13872905777,3232.89501192272,81.2761836363641,133.038219866363,7297.6700689865,3319.02180826431,7222.7690977682,2966.73646732412,213.880542117891,215.598200194913,5.42021898208497,8.87217204844032,486.673562453251,481.678499350997,0.00168416548013589,0.00163930014252012,2.03449591358881e-07,0.00086104693351707,0.00264309516002603,7.69767199867158e-06,7.41297910315778e-06,3.31879491613215e-12,4.6505515210179e-06,1.12368721917865e-05,-3120.49944135099,0.10625825355873,0.0853338654643738,0.963125,0.439606975008503
"linear",1600,"sir_laplace",42,15.062,3463.25556942407,3053.31781204345,46.6368629108881,98.3309905550228,7137.80384186988,2535.0324876286,7176.21313121921,3101.36044210527,229.93331359873,202.716625417836,3.09632604640075,6.52841525395185,473.894824184695,476.444903148268,0.00153260170489097,0.00144123223487422,2.3063179281309e-07,0.000744654565960297,0.00248082645392445,7.10236779538643e-06,6.9108084724492e-06,2.9284099787525e-12,4.03338354739041e-06,1.04671296152147e-05,-3170.24576018095,0.0884702594888384,0.0686447371482671,0.98625,0.431742094825935
"linear",1600,"sir_laplace",43,14.914,2885.77616776659,2892.18558519783,92.4943597871047,103.782108266255,6923.71487935826,3012.75393872492,6921.46051038677,2778.96267184811,193.49444600822,193.924204452047,6.20184791384636,6.9587037861241,464.242649816163,464.091491912751,0.0012960569664041,0.00124293290193536,1.35586169058436e-07,0.000684035146890215,0.00199380237775662,6.79464606347058e-06,6.53366476621566e-06,2.68700372152099e-12,4.12568579673238e-06,1.01655510473811e-05,-3174.68453310265,0.0855072784124796,0.067913330375634,0.9825,0.4175400296888
"linear",1600,"sir_laplace",44,14.847,3089.32538501009,3230.15124619139,103.8043795217,140.795435655518,7116.68374201736,2062.26414626321,7096.08369682645,2911.35422385569,208.077415303434,217.562554468336,6.99160635291303,9.48308989395286,479.334797738086,477.947309006968,0.00145407864279208,0.00138045806642548,1.82229603028959e-07,0.000727646940414754,0.00228908028901379,6.96070711813191e-06,6.73741969599841e-06,2.76507713510635e-12,3.96804994378969e-06,1.04315228913188e-05,-3188.26973031223,0.0834722613211358,0.067086637216984,0.985625,0.424204049977897
"linear",1600,"sir_laplace",45,14.985,2676.13013796024,2823.09439328064,82.0950766172133,105.27671534385,6903.81421305771,2790.98453737986,6764.61896467674,2573.08207867937,178.587263127143,188.394687572949,5.47848359140562,7.02547316275273,460.71499586638,451.426023668785,0.00128455244192988,0.00124079764837098,1.22834763639308e-07,0.000678321126746152,0.00196057488815747,7.0791081516493e-06,6.8843194038777e-06,2.50437123572286e-12,4.34129404041046e-06,1.0415140934494e-05,-3199.05199076285,0.0934674086610347,0.072404900145039,0.980625,0.415521918689352
"linear",1600,"sir_laplace",46,14.959,3292.69908533081,3021.99448692621,77.4496138128721,139.33113885705,7203.34135322918,3020.27638859151,7085.36237079128,2490.32118069883,220.114919802848,202.018482981898,5.17745930963782,9.31420140765091,481.538963381856,473.652140570311,0.00148890722159702,0.00143253459266936,1.58101157689227e-07,0.000831637419949461,0.0022852879232652,7.25343647949533e-06,7.05205639048751e-06,2.712788806385e-12,4.15812829960963e-06,1.05438015783981e-05,-3211.8209577255,0.0851743823961637,0.0674164332260287,0.984375,0.423872364241911
"linear",1600,"sir_laplace",47,15.053,3459.5310819401,3476.12232971359,81.6788139986876,143.023976224649,7288.75619006719,3574.32984290048,7232.15819196336,3125.88335282763,229.823362913712,230.925551698239,5.42608210979124,9.50136027533709,484.206217369773,480.446302528623,0.00150294470392211,0.00143250370067388,1.81670852453476e-07,0.000814973028159277,0.0023981172083016,6.90749332517643e-06,6.65251430011938e-06,2.95596914740505e-12,4.02306444155826e-06,1.0063648818672e-05,-3191.4927438091,0.0865599908652981,0.070264677949653,0.998125,0.426793177914793
"linear",1600,"sir_laplace",48,14.849,3908.25917977451,3765.63483247153,65.2523310682639,145.545259153899,7482.55398931361,1718.71333476405,7600.62279305091,3566.82718587035,263.200160264968,253.595180313255,4.39439228690578,9.80168759875405,503.909622824002,511.860919459284,0.00184751358097129,0.00176561921346653,3.42252831093032e-07,0.000796789739139092,0.00296719748464337,7.21055962221121e-06,7.09759732144552e-06,2.42746023121007e-12,4.40488490040019e-06,1.04123378907146e-05,-3225.91387023664,0.0945459161611951,0.0743532585307935,0.98,0.442659415563811
"linear",1600,"sir_laplace",49,14.881,3026.70752670748,2796.04854446901,72.3765580320922,130.755715209047,7055.09564109203,3160.88197480456,6976.60992855206,2581.74091742313,203.394094933639,187.893860927962,4.86368913595136,8.78675594442891,474.100909958473,468.8266869533,0.00134446275261862,0.00127681351413453,1.51891310665795e-07,0.000677865088863456,0.0021458289915825,6.76886546129248e-06,6.53522336698101e-06,2.57228687884296e-12,3.87159503731017e-06,9.99635858294128e-06,-3184.71667210619,0.0785882181744897,0.0643979335530622,0.995625,0.419729045627002
"linear",1600,"sir_laplace",4,14.972,3211.63296159157,2941.66665917724,56.0632805163732,177.208069431822,6987.98389345028,3378.40499123345,7058.39888931633,2516.50226987706,214.509281431443,196.477869301178,3.7445418458705,11.8359650969691,466.736834988665,471.439947189175,0.00146272417478414,0.00136471503058361,2.72537909918879e-07,0.000681909711249721,0.00250164050662849,7.07186863266201e-06,6.85587635263069e-06,2.45113569977249e-12,4.37461879951799e-06,1.02670622614753e-05,-3195.85580450045,0.0933072028716568,0.0727576890797549,0.97125,0.426725214786185
"linear",1600,"sir_laplace",50,15.436,3079.28529397841,3042.69675141288,76.1017433748066,150.597233878421,7061.7414046717,3246.9120471515,6989.6000182393,2887.87251595376,199.487256671315,197.116918334599,4.9301466296195,9.75623437927062,457.4851907665,452.811610406796,0.00137067099477663,0.0012923647847721,1.36950164075728e-07,0.000780429940476965,0.0021676217817167,6.84445111159489e-06,6.61929693407884e-06,2.55913631606636e-12,4.22521538864303e-06,9.95963039952469e-06,-3169.06591000021,0.0809901729952587,0.0647114549064895,0.973125,0.419041147718658
"linear",1600,"sir_laplace",51,14.644,3067.07696628567,3054.83117690059,77.6682461876236,97.4275094928562,7116.79046316975,3182.82848980373,6973.00521021907,2874.85304842073,209.442568033712,208.606335488978,5.30375895845559,6.65306675039991,485.986783882119,476.168069531485,0.00140474826984427,0.0013406528798595,1.54994968528454e-07,0.000722482489842731,0.002259992407295,6.94506619383351e-06,6.61064877220363e-06,3.51406548011493e-12,3.96072288590396e-06,1.06378861015808e-05,-3171.6191776453,0.0802919418834141,0.0651744911866944,0.99625,0.423874764060282
"linear",1600,"sir_laplace",52,15.024,3530.57337567223,3478.68567286486,81.062876460779,139.053179526873,7173.95958262874,3668.81167996066,7056.96845723117,3061.76597798531,234.995565473391,231.541911133178,5.39555886986016,9.25540332314115,477.499972219698,469.713022978645,0.0014932885379988,0.00145411415456032,1.59155731534541e-07,0.000785403535609014,0.00232612855754584,7.28541676959931e-06,7.12980727503566e-06,2.74506228728031e-12,4.26688112763437e-06,1.04820468541521e-05,-3144.52499435809,0.0943671292872544,0.0774624944553285,0.988125,0.431006289625879
"linear",1600,"sir_laplace",53,14.864,3105.69141228161,3262.8841065147,53.9515866382843,127.102854962898,7216.76218108841,1583.02231437981,7396.62645345663,3076.45592935372,208.94048790915,219.515884453357,3.62968155532053,8.55105321332738,485.51952240907,497.620186588847,0.00175562473880082,0.00167966982241593,3.52753160107908e-07,0.000728852998832721,0.00286635753884422,7.42696532173967e-06,7.10258501828634e-06,3.45742442393761e-12,4.41650535603411e-06,1.12355709330708e-05,-3204.32732151683,0.0902310047855314,0.0716268320617591,0.988125,0.440711891009408
"linear",1600,"sir_laplace",54,14.909,3131.50804294969,2872.95049771256,87.0726543820267,136.674463967314,7005.91703667325,3319.2871854223,6797.83278461969,2746.23801485955,210.041454353054,192.699074231173,5.84027462485926,9.16724555418299,469.911934849638,455.954979181682,0.00126223703601443,0.00122187454415991,1.07350294828368e-07,0.000659374984104902,0.00192691233946015,6.731946056638e-06,6.49519629529696e-06,2.53698794747056e-12,4.08044056900256e-06,9.91223321073607e-06,-3185.56358133944,0.0753027187043915,0.0602058941866913,1,0.413862200201472
"linear",1600,"sir_laplace",55,14.991,3206.48779100954,3154.83528327025,104.107500544297,71.5700611526079,6984.37241871919,3092.49913923987,7053.33685499426,2735.14056967628,213.894189247518,210.448621390851,6.94466683638832,4.77420193133266,465.904370536935,470.50475985553,0.00140643200135076,0.0013256569669581,1.89948859137169e-07,0.000713660296215675,0.00221760543755099,7.04836569586395e-06,6.84586866610455e-06,2.68203860705885e-12,4.28018532309195e-06,1.04227177467628e-05,-3210.35149650178,0.0804242854597522,0.0627132220794679,1,0.424209141851648
"linear",1600,"sir_laplace",56,15.335,2952.45141405102,3034.45231077882,61.6154614443021,105.01353541496,7152.67097843358,2938.07324202122,7116.28159827612,2816.76932984209,192.530251975939,197.877555316519,4.01796292431054,6.8479644874444,466.427843393125,464.054880878782,0.00154317268107686,0.00146216333033643,2.1365041841245e-07,0.000795921532355974,0.00245543094831147,7.31952609851549e-06,7.03979775295249e-06,3.34359234556551e-12,4.16851460994806e-06,1.11887621660404e-05,-3186.36988744554,0.0845555735437744,0.0690411907132675,1,0.433042914227626
"linear",1600,"sir_laplace",57,14.929,3345.78507083069,3349.89454284849,107.301209557476,115.942610430957,6994.59546354407,3207.72970824957,6944.23532324572,3159.14159192581,224.113140252575,224.388407987708,7.18743449376892,7.76626769582405,468.524044714587,465.150735028851,0.00129386997007036,0.00124333271114859,1.30590596884602e-07,0.000712825723494468,0.00196700814196147,6.601783446518e-06,6.45276161257181e-06,2.26431556523758e-12,3.86856359143622e-06,9.4024566633414e-06,-3200.0621439337,0.081452094272042,0.0670515648190389,0.99625,0.415870852620471
"linear",1600,"sir_laplace",58,14.791,3908.5679692236,4101.20829244088,92.4793370577081,116.160946282094,7550.51208014154,3143.37681946245,7667.58615759686,3683.07742628875,264.253124820742,277.277282972137,6.2524059940307,7.85348835657453,510.480162270404,518.395386221139,0.00181036118894395,0.0017838289414327,2.22966612214277e-07,0.000949570055093117,0.00273360370126123,7.2240247553373e-06,6.99469729267205e-06,3.02961151916322e-12,4.10432244515733e-06,1.06653154092437e-05,-3213.22016061226,0.0797638275538126,0.064133129995862,1,0.441377154189545
"linear",1600,"sir_laplace",59,15.08,3121.17857895519,3165.7473415467,13.9957811911984,69.4310778348237,7039.71436143954,3247.80013562642,6978.46539109736,2868.64570919571,206.974706827267,209.930195062779,0.928102201007851,4.60418288029335,466.824559777158,462.762956969321,0.00138830071855269,0.00132259598681844,1.68861187306887e-07,0.000690554453183513,0.00219410859575105,7.03349815725319e-06,6.8200458748188e-06,2.94867486480817e-12,4.16844815588313e-06,1.04812425773196e-05,-3222.97277351018,0.073519443237811,0.0596562019031083,1,0.420877949411403
"linear",1600,"sir_laplace",5,14.934,2998.80999606048,3293.20698239,75.0488127303441,115.694048435827,7158.08325585384,3085.2211616098,7150.61163509059,2914.36369102342,200.804204905617,220.517408757868,5.02536579150556,7.74702346563727,479.314534341358,478.81422492906,0.0014717292046195,0.00140957957208969,1.72916257851863e-07,0.000768781258539208,0.00233298131179358,7.24615699436897e-06,6.99435801810389e-06,2.70802063373091e-12,4.36646721439152e-06,1.06414056712031e-05,-3198.97713794359,0.100771394681554,0.0795960131602335,0.975,0.426820939540792
"linear",1600,"sir_laplace",60,15.161,3325.75672005331,3213.62979625555,53.7524737867819,98.4016696699204,7092.82517395598,3472.10627829683,7012.54087946088,3047.79448327161,219.36262252182,211.966875288936,3.54544382209497,6.49044717828115,467.833597648966,462.538149163042,0.00137533686568149,0.00131673956210721,1.32799946695719e-07,0.000755905819621762,0.00213069901662376,6.95008704901926e-06,6.68992605393461e-06,2.9011848279491e-12,3.99345699669891e-06,1.02147388891659e-05,-3186.86931981711,0.0713202094008239,0.059004105535417,1,0.421227990272711
"linear",1600,"sir_laplace",61,14.895,3093.85034892756,2985.71892926062,89.6916408541866,136.337990355228,6972.15908123582,3311.29024799545,6818.08624323575,2733.88549947688,207.710664580568,200.451086220921,6.02159388077789,9.15327226285519,468.087215927212,457.743285883568,0.0012794827975434,0.00125539815897235,1.16439371643242e-07,0.000679862026056927,0.00194075369934201,6.95178150143979e-06,6.55815001857381e-06,3.34688372054465e-12,4.05018788035318e-06,1.07866152013105e-05,-3184.6789539382,0.0923093343757429,0.0741393029146404,0.969375,0.414235605526717
"linear",1600,"sir_laplace",62,15.083,3636.19618128469,3468.36152949204,95.9096880399826,68.3131439998967,7178.48339655001,3820.27334022972,7144.03955126058,3319.94995526399,241.079107689762,229.951702545385,6.3587938765486,4.52914831266305,475.932068988266,473.648448668075,0.00153438387960747,0.00146220481554647,1.96806243516899e-07,0.000773491295860895,0.00243005887783144,7.385894287915e-06,7.16320743792146e-06,3.2093628550805e-12,4.46239749147639e-06,1.10353569187038e-05,-3230.26905553746,0.0946243783984057,0.0768508796565746,0.9825,0.427189385573566
"linear",1600,"sir_laplace",63,14.738,2995.5565348875,3196.16904695833,64.4472096221423,136.657786332817,6958.95818834734,3107.35759296908,6922.05377164138,2919.50818638555,203.253937772255,216.865860154589,4.37285992822244,9.27247837785431,472.177920229837,469.673888698696,0.00138543461173238,0.00132480694345067,1.51841783727209e-07,0.000726571605269904,0.00217230942951629,7.13052764901998e-06,6.88292449943886e-06,3.0149911003784e-12,4.24696889065817e-06,1.08439565783947e-05,-3176.42345141504,0.0903927676445566,0.071067716898775,0.97625,0.420560674986709
"linear",1600,"sir_laplace",64,14.84,3349.25558303871,3360.94668370338,93.858734412248,107.338609388325,7143.9312026196,3289.55225666719,7165.32498615806,2920.49754774558,225.691077024172,226.478887042007,6.32471256147224,7.23305993182783,481.396981308599,482.838610927093,0.00152227943002824,0.00146358345688813,1.85423943629772e-07,0.000795481392523207,0.00234408673073446,7.19653563221285e-06,7.05902493446083e-06,2.86085220177643e-12,4.18580423071017e-06,1.03793241181759e-05,-3183.52404173587,0.0844030233376925,0.0675711661340166,0.9925,0.428366881432599
"linear",1600,"sir_laplace",65,14.836,3059.54732698086,3056.83081849512,66.0600371164516,151.562954841731,7013.40821781256,3109.01273999309,6861.95489234287,2785.96669675652,206.22454347404,206.041440987808,4.45268516557371,10.2158907280757,472.729052157762,462.520550845434,0.00136509040527518,0.0013278516164483,1.3260990978572e-07,0.000760822089870035,0.00211544855570352,6.97310122192186e-06,6.83302735101005e-06,2.28561027744396e-12,4.27053380352944e-06,1.00487938700552e-05,-3201.71509005995,0.0931569572321836,0.0736705913224291,0.9875,0.420237362528278
"linear",1600,"sir_laplace",66,15.074,3143.73443916417,3201.39842150851,78.9664522810003,130.387073875612,6991.75837252797,3318.23811281452,6944.03610214086,2972.02588738489,208.55343234471,212.378825892829,5.2385864588696,8.64979924874696,463.829001759849,460.663135341705,0.00130134370412458,0.00123392768527903,1.52049316131805e-07,0.000715495534263971,0.00207619497086194,6.73690797666303e-06,6.52644108476897e-06,2.3964458362211e-12,3.92230687159804e-06,9.71344497585243e-06,-3213.16326858622,0.0732265411286595,0.0597213751167308,0.993125,0.415731041853566
"linear",1600,"sir_laplace",67,14.855,3424.30117374723,3188.60397454765,60.566707273062,124.3547607304,7161.63274793627,2414.20219599408,7146.61250407158,3055.1799781388,230.515057135458,214.64853413313,4.07719335395907,8.37123936253114,482.102507434283,481.09138364669,0.00149666364868655,0.00141881707400768,2.02272072268863e-07,0.000696996716490642,0.00243046887515762,7.2841476045796e-06,7.09807312027022e-06,2.70010616492671e-12,4.26429935522156e-06,1.04563955324314e-05,-3172.15287169883,0.085868954726389,0.0679730683440467,0.99625,0.42760637020438
"linear",1600,"sir_laplace",68,14.976,3765.70303203065,3707.80152569418,83.5082958711913,60.064748661804,7321.51160866106,2343.10000091622,7430.92458931868,3463.02097395835,251.449187502047,247.582901021246,5.57614155122805,4.01073375145593,488.882986689441,496.188874820959,0.00187747244512118,0.0017946107903961,3.18450367555885e-07,0.000898099767036084,0.00294393334908888,7.77378491969394e-06,7.43111469178269e-06,4.82971871334311e-12,3.97573684068218e-06,1.2088199701098e-05,-3165.21540539348,0.104177069049429,0.0818792916118155,0.986875,0.448925491204023
"linear",1600,"sir_laplace",69,15.058,3250.59204517876,3121.13242462459,78.4429485292587,68.4390591852638,6920.50604493906,3370.17434910424,6856.41614876779,2928.9101661834,215.87143346917,207.274035371536,5.20938693911932,4.54502983034027,459.589988374224,455.33378594553,0.00129719258851797,0.0012475784479965,1.16668461012569e-07,0.000636043038004681,0.00194162040182895,7.03031638415481e-06,6.80990396202096e-06,3.20664349186462e-12,3.87417429811637e-06,1.06018077377012e-05,-3211.20794975721,0.0833616507996971,0.0665941461473449,0.99125,0.416138693698217
"linear",1600,"sir_laplace",6,14.752,3292.20816644455,3287.06091378925,87.9933960896887,139.206537845928,7350.50667182321,1988.86615973444,7408.78639023239,3025.04701724398,223.170293278508,222.82137430784,5.96484517961556,9.4364518604886,498.271873089968,502.222504760872,0.00157813368424963,0.00150690729760011,2.29994867399843e-07,0.000774880097541243,0.00249647437598275,6.78929710399232e-06,6.67044923707245e-06,2.3755618438106e-12,4.02633622433095e-06,9.82230115218535e-06,-3188.08717608102,0.0715745044217532,0.0568005962997956,0.99875,0.428924190706718
"linear",1600,"sir_laplace",70,15.223,3335.49439898015,3460.3907387197,114.197720847331,124.803957033343,7094.32793191168,3124.64408769361,7075.00981501356,3258.76023098527,219.108874662034,227.313324490554,7.50165675933328,8.19838120169105,466.026928457707,464.75791992469,0.0014265553310506,0.00136034958490213,1.56896103595247e-07,0.000744365500295464,0.00223443363619502,6.79521755500224e-06,6.55658618909205e-06,2.66013360548535e-12,4.00225901795835e-06,1.00751639750541e-05,-3199.0285557583,0.101590842200061,0.0820499781799168,0.9675,0.425609912688423
"linear",1600,"sir_laplace",71,14.963,3560.72499956006,3463.47689845057,91.6641486442975,119.684748395561,7310.10437163818,2731.20834304219,7275.37861579397,3351.20161678074,237.968655988776,231.46941779393,6.12605417658875,7.99871338605634,488.545370021932,486.224595054065,0.00159110232959368,0.00154875102351648,1.88784682781419e-07,0.000836042829201042,0.0024245110746328,6.97697487595044e-06,6.77417047533786e-06,2.59886490905097e-12,4.09248987776511e-06,1.00821328362417e-05,-3201.11237471335,0.0999299949167813,0.0808467582435528,0.98125,0.432949237325563
"linear",1600,"sir_laplace",72,14.768,3335.26475218962,3246.45872401713,88.72099497896,96.1370174007996,7082.95239570677,3480.47710659242,7061.79564473316,3056.26993306287,225.844037932666,219.830628657715,6.00765133931202,6.50981970482121,479.614869698454,478.182261967305,0.00152431735935371,0.0014642541353503,1.73078606158585e-07,0.000801924773027586,0.00236706129480858,7.53862993380634e-06,7.2184148663162e-06,3.82403786284532e-12,4.14484352317147e-06,1.13931879224772e-05,-3192.23557792854,0.0992975284381068,0.0817517457403899,0.9825,0.431969614144949
"linear",1600,"sir_laplace",73,14.844,3150.78264168034,3069.3992798641,80.1577601656757,104.864830950194,6912.72922136299,3311.33699335643,6799.92694728844,2822.20513322671,212.259676750225,206.777100502836,5.40001078992696,7.06445910470182,465.691809577135,458.092626467828,0.0013124049360075,0.00127210866243289,1.23954126731197e-07,0.000703567705293025,0.00203726392712189,6.99413839106589e-06,6.74726708320629e-06,3.07178203526534e-12,4.14336982497163e-06,1.05807106577874e-05,-3159.335438211,0.0657248073734907,0.0506978259489326,1,0.417373333656966
"linear",1600,"sir_laplace",74,14.672,3101.97314854314,3096.19943376363,78.4556534559207,125.323621055717,7146.44600470897,3226.80971531319,7037.62423882196,2785.51988460005,211.421288750214,211.027769476801,5.34730462485828,8.54168627697091,487.080561934908,479.663593158531,0.0013877744071205,0.00134370246231955,1.28849111998265e-07,0.000744647532724552,0.00205092369882807,6.77553529441771e-06,6.58362991210838e-06,2.33192713951942e-12,3.97237128748527e-06,9.67906978858445e-06,-3174.07912577128,0.0775345376756791,0.0630268499850477,0.999375,0.421842106667152
"linear",1600,"sir_laplace",75,14.98,3202.12316470032,3206.99482768693,86.888992460727,101.865889020966,7043.68361678583,3318.08424721813,6994.94668810921,3006.17227090962,213.759890834468,214.085101981771,5.80033327508191,6.80012610286822,470.205848917612,466.952382383792,0.00140962887635196,0.00136113634362953,1.48262498180718e-07,0.00073795435907117,0.0021739085766193,7.13873887829767e-06,6.83649925649748e-06,3.37466383813132e-12,3.95479215234889e-06,1.08927603365747e-05,-3210.30920045871,0.0688766995874112,0.0555192470958923,0.99375,0.422006552875535
"linear",1600,"sir_laplace",76,14.919,3376.67920885864,3344.48000801316,56.4469812977278,72.0183843402648,7180.50966466332,3393.34505791727,7173.52928361573,3004.67557771125,226.334151676295,224.175883639195,3.78356332848903,4.82729300491084,481.299662488325,480.831777171106,0.00144006434076882,0.0013935419583346,1.52727131998526e-07,0.000736897122531562,0.00222066282846551,6.79854235192517e-06,6.5804436767659e-06,2.44029692651785e-12,4.09462344031818e-06,9.83891373306022e-06,-3243.95231382243,0.0820828418733952,0.0632792102957516,0.983125,0.422900788109882
"linear",1600,"sir_laplace",77,14.898,3173.05629261161,2808.37708976471,87.6177178668633,80.2449283954906,6996.91296613137,3373.36754726785,6876.21935009192,2660.65879857402,212.985386804377,188.506986828078,5.88117316867118,5.38628865589278,469.654515111516,461.553184997444,0.00133987324939024,0.00130037789069596,1.21102486510611e-07,0.000713003423232261,0.00199767186398621,7.17902435524983e-06,6.93869681862315e-06,2.99633750367237e-12,4.16575631156046e-06,1.03063790337578e-05,-3190.04588444832,0.085782042550677,0.0674475685515119,0.965,0.418442227723323
"linear",1600,"sir_laplace",78,14.962,3245.73646733597,3176.90450963604,47.941137938836,136.621240383214,7204.88938286365,3326.42845983751,7212.24932536611,2924.61119435552,216.931992202645,212.331540545117,3.20419315190723,9.13121510381059,481.545875074432,482.037784077404,0.00151399876898095,0.00147768898715812,1.78001528731889e-07,0.00070453011890627,0.00229567089108741,7.13057244576964e-06,6.96545166881561e-06,2.96193701104381e-12,3.81042010435975e-06,1.04310038627716e-05,-3182.5640338768,0.10000724956329,0.0783556795524092,0.978125,0.427444184950205
"linear",1600,"sir_laplace",79,14.743,3165.88176541528,3183.14383701175,107.292340473457,88.6863256105592,6949.14671930802,3322.58433094351,6886.65427421063,2971.12155380537,214.737961433581,215.908827037357,7.27751071515005,6.01548705219827,471.352283748764,467.113496181959,0.00133165059550709,0.00127281247614251,1.55858230367855e-07,0.000648084036067566,0.0021734492908463,6.83643712546376e-06,6.56448376697721e-06,2.55699089425187e-12,4.16285772576973e-06,9.98248954401746e-06,-3223.35815616243,0.0862723944731544,0.0617100830542575,0.97875,0.41682714672574
"linear",1600,"sir_laplace",7,14.741,3287.73302955866,3121.40315649731,60.4974050897662,122.389266831496,7235.06460975836,2638.13597917757,7323.83442500456,2955.75351671529,223.033242626596,211.749756223954,4.10402313884853,8.30264343202608,490.812333610906,496.8343005905,0.00155958656216988,0.00148037837040021,2.25900340973858e-07,0.000757756221085984,0.00252500328824606,7.09936932918735e-06,6.84270028386167e-06,2.94369670098247e-12,4.0381689706809e-06,1.05130379185461e-05,-3218.69053629776,0.0734751726190055,0.0591728019299182,1,0.431141928700215
"linear",1600,"sir_laplace",80,14.834,3845.71265806846,3964.59531838286,85.5373800446476,116.307986362691,7544.48151540163,1501.88672099006,7679.51964922674,3597.51175118297,259.24987583042,267.264077011114,5.76630578701953,7.84063545656541,508.593873223785,517.697158502544,0.00193531643477055,0.00180976700283103,4.03726325492099e-07,0.000909991214054586,0.00317492873560809,7.33042648799797e-06,7.09734712979271e-06,3.26168499923932e-12,4.2772562608985e-06,1.09083060134233e-05,-3224.50908301768,0.0873063718976031,0.0682816051751624,0.97375,0.444963543332502
"linear",1600,"sir_laplace",81,15.15,3182.48563497528,3231.35241399883,78.1375304754873,111.009723985578,6878.36056410916,3290.24891752613,6827.07206616862,2860.46554180892,210.06505841421,213.290588382761,5.15759277065923,7.3273745205002,454.0171989511,450.631819549084,0.00119536031801117,0.00114872806198722,8.44063758438424e-08,0.000687830833768256,0.00179280123621291,6.32579329104414e-06,6.17845729219537e-06,1.76388726361169e-12,3.94756371261808e-06,8.98511231390383e-06,-3183.84413274795,0.0779085792591418,0.060436329083317,0.995,0.404849512644682
"linear",1600,"sir_laplace",82,14.904,3441.66346259324,3341.62102274663,84.3995117990288,135.485966058838,7345.1072876314,3334.55162246977,7292.83432114768,3185.45691132441,230.922132487469,224.209676781175,5.66287652972549,9.09057743282596,492.827917849665,489.320606625582,0.00160892315507758,0.00153859863242846,2.22064195451537e-07,0.00083768073008485,0.00255325196695164,7.13522154242779e-06,6.92940945413807e-06,2.91728011195629e-12,4.01257854974197e-06,1.05736994011392e-05,-3187.1354628916,0.076958777527688,0.0633266198733794,1,0.43146802592318
"linear",1600,"sir_laplace",83,14.977,2961.15724626975,2784.17653001664,117.442548855305,111.271399132256,7089.08303527461,3085.2629057204,7009.68542580076,2602.50129099517,197.713644005458,185.89681044379,7.84152693164886,7.42948515271788,473.331310360861,468.030007731906,0.00138157102050886,0.00132554621235442,1.28796198911932e-07,0.000753023807688271,0.00208375299288359,7.13151210831441e-06,6.88800963874245e-06,2.94528960854008e-12,4.2579393019033e-06,1.04088339493919e-05,-3186.45536711705,0.0725701042038735,0.0592074776325523,1,0.420781343069903
"linear",1600,"sir_laplace",84,14.815,3395.7489707386,3357.55267634728,73.5497720407093,118.138694027918,7320.06249077847,3206.15411848642,7298.10428395206,2929.19041611557,229.210190397475,226.631972753782,4.96454755590343,7.97426216860736,494.098041902023,492.615881468246,0.00154615275542765,0.00151151704954867,2.06275687077035e-07,0.000768393894147897,0.00240755451153847,6.96344991590633e-06,6.7718721629576e-06,2.98996587600508e-12,3.9350715653441e-06,1.04487804751933e-05,-3211.50782031479,0.0771320909554208,0.0620695103372701,1,0.431533720618021
"linear",1600,"sir_laplace",85,14.907,3279.85987806001,3235.89312261653,97.7818741565902,75.7615098665579,7096.83917474176,3387.24222169495,6959.3831110978,3031.03058867075,220.02145824512,217.072054914908,6.55946026407662,5.08227744459367,476.074272136698,466.853364935788,0.00134702510870843,0.00129025288944042,1.39033017764929e-07,0.000706231750942284,0.00209085857773849,6.88717958702554e-06,6.64643894932313e-06,2.86690005089914e-12,3.93281357077217e-06,1.01717582665515e-05,-3177.18264682516,0.068122029538148,0.0562237243344159,1,0.420574520863285
"linear",1600,"sir_laplace",86,14.823,3180.36957324839,3108.05472908694,66.9887410114563,110.404018903406,7047.00908373863,3044.79705646967,7026.06346222126,2913.22028003539,214.556403781177,209.677847202789,4.51924313644042,7.44815616969615,475.410448879352,473.99740013636,0.00145904746652195,0.00140698203773571,1.84136981079364e-07,0.000690587782869474,0.0022893814456165,7.08811828729885e-06,6.89191827168282e-06,2.98418263977858e-12,3.94381194193713e-06,1.04673994144854e-05,-3194.27924844392,0.1005421366775,0.079894918351312,0.9775,0.431308762231516
"linear",1600,"sir_laplace",87,15.255,2976.71572105748,2997.44065412637,104.610440688166,117.119142805096,7177.70436704546,3122.54108291717,7041.15566613108,2760.4165023377,195.130496300064,196.489062872919,6.85745268359002,7.67742660144841,470.51487165162,461.563793256708,0.00140672739908546,0.00135871635342983,1.31042879652945e-07,0.000770533608858453,0.0021169226578604,7.25123784603262e-06,6.99226031601207e-06,3.4911421674175e-12,4.02163051090578e-06,1.07587043735379e-05,-3240.88300996002,0.0915518859970588,0.0720673973187499,0.981875,0.417227925301505
"linear",1600,"sir_laplace",88,14.929,2691.92432795682,2848.83730082607,130.017577231945,135.249996982021,7054.70755838066,2731.09709382392,7018.80833617213,2614.27038931011,180.315113400551,190.82572850332,8.70906137262679,9.05954832755181,472.550576621385,470.145913066657,0.00137727157399703,0.00132972785634945,1.39810347615063e-07,0.000695826786386587,0.00213298203698166,6.66850422850885e-06,6.42319219864732e-06,2.20903671590217e-12,4.13566217319224e-06,9.71763422070307e-06,-3178.82251760961,0.0828732856157238,0.0674053696939686,1,0.42150956380677
"linear",1600,"sir_laplace",89,15.01,2817.82388912151,2748.00038932815,92.5036515004935,121.579458762589,6919.66329616233,2915.20554492931,6869.87647761102,2600.27705628924,187.729772759594,183.077973972561,6.16280156565579,8.0998973192931,461.003550710349,457.686640746903,0.00128769404575426,0.00124137399012817,1.16007592749402e-07,0.000667807418797237,0.00194603933344973,6.96579210012944e-06,6.72375722436667e-06,2.72862910148381e-12,4.26923445077903e-06,1.02573769829608e-05,-3191.07044396454,0.0857349976820808,0.0697918035597103,1,0.417327537222647
"linear",1600,"sir_laplace",8,14.988,3465.94671123498,3504.74546456587,61.5075547904146,151.777300301328,7053.87054868927,3230.1307812909,7009.01706218356,2787.38618854686,231.24811257239,233.836767051365,4.10378668203994,10.1265879571209,470.634544214657,467.641917679715,0.00140696812463512,0.00133918606122045,2.08393818679036e-07,0.000661894171954058,0.00232562978857689,6.97263899829912e-06,6.73531219455589e-06,2.65902672595095e-12,4.2659671239211e-06,1.0351267739669e-05,-3174.63210362464,0.0793603646708949,0.0615945571206108,0.99,0.421421200910549
"linear",1600,"sir_laplace",90,15.296,3445.34787877128,3450.6993164028,92.8408554332464,97.4158255902048,6960.63669360674,3633.34672066602,6887.78606591445,3174.54777513475,225.245023455236,225.594882087003,6.06961659474676,6.36871244705837,455.062545345629,450.299821254867,0.00141226416706317,0.00135695903215568,1.54729789717937e-07,0.000746120202749819,0.00221986894523173,7.23350248676711e-06,6.89137605261827e-06,3.58791662323342e-12,4.15460869849341e-06,1.09572323653937e-05,-3167.12377718933,0.085613976045794,0.0648758483855874,0.978125,0.424752339347018
"linear",1600,"sir_laplace",91,14.883,3031.71273074999,3217.58824016643,83.6123753691148,142.514242326092,7201.74786279786,3139.27157180896,7207.97395729489,2846.14215272681,203.703065964522,216.192181694983,5.6179785909504,9.57563947632144,483.890872995892,484.309208983061,0.00151144189647982,0.00143589961185099,1.65857767766434e-07,0.000852700280142215,0.00233589839502579,7.13768563466119e-06,6.91481783240513e-06,2.66394126368264e-12,4.29447867944781e-06,1.02789736024112e-05,-3170.08420196006,0.0987484981968606,0.0770831909566137,0.978125,0.42916739508453
"linear",1600,"sir_laplace",92,14.699,3530.07125512418,3341.47554175933,77.6122445328644,105.060139986124,7106.78229848176,3690.56838221028,6984.3418630991,3099.01034024439,240.157238936267,227.326725747284,5.28010371677423,7.14743451841104,483.487468431986,475.157620457113,0.00140478643470521,0.00133987387460904,1.4412091461361e-07,0.000753047075095578,0.00215322221564006,7.03279851152924e-06,6.79354025068129e-06,3.26662082836527e-12,4.06609083694263e-06,1.04563712910257e-05,-3207.79460509679,0.0917288794538029,0.0754504714254888,0.993125,0.423320044335208
"linear",1600,"sir_laplace",93,14.819,2947.30116461864,2970.65531326283,67.5439671423154,112.411430614534,7112.04096219638,3054.34147404919,7065.65705448065,2773.50124589514,198.886643135072,200.462602959905,4.55793016683416,7.58562862639408,479.927185518347,476.797155980879,0.00144715286816631,0.00137054472362193,1.89248062429574e-07,0.000717686641474962,0.00234002205195763,6.98049315185934e-06,6.79260595797784e-06,2.39745251973136e-12,4.36032529482157e-06,1.0309947438304e-05,-3199.57249623593,0.0797433853495638,0.0647695751545491,0.998125,0.425592957781309
"linear",1600,"sir_laplace",94,14.942,2982.66552886597,2931.32753114802,89.1733638930283,114.410158804808,6976.39458823771,3157.28308350939,6886.05726085328,2727.47238660712,199.616217967204,196.180399621739,5.96796706552191,7.65695079673457,466.898312691588,460.852446851377,0.00128777439059545,0.00122761702252351,1.33868211508249e-07,0.00065864564363011,0.00205453491815328,6.62579015504068e-06,6.49302165415038e-06,2.07285425988157e-12,4.10677712425031e-06,9.62706808822509e-06,-3196.20411410408,0.0647827652995011,0.0498923583842694,0.9925,0.415400959850854
"linear",1600,"sir_laplace",95,14.848,3127.62063317883,3291.41797539799,95.3995336956048,109.127546541179,7318.69346279173,1708.2203339379,7332.64908993257,2972.81372731937,210.642553419911,221.674163213766,6.42507635342166,7.34964618407724,492.907695500521,493.847594957743,0.00158168111996784,0.00153025002742954,1.56790058329119e-07,0.000854208534914263,0.00234444137081422,7.28435214233442e-06,7.05938580028868e-06,3.40605134237586e-12,3.97975757425932e-06,1.07560944029922e-05,-3189.16484512114,0.0809856002902205,0.0637563564265164,0.9925,0.431427260953675
"linear",1600,"sir_laplace",96,15.016,3636.16542952754,3484.57265976722,68.4318905852721,122.342478922958,7151.39088649397,2446.24960122367,7206.79468076027,3217.8710327285,242.152732387289,232.057316180556,4.55726495639798,8.14747462193379,476.251390949252,479.941041606305,0.00153600110025754,0.00147659675047621,2.19756008728244e-07,0.000668629960780694,0.00244734422101175,7.02523713599329e-06,6.77887324962567e-06,2.92715540795507e-12,4.00058835984974e-06,1.03002362626895e-05,-3194.68802068248,0.0813072915830849,0.0642913614171784,0.99,0.428347880705701
"linear",1600,"sir_laplace",97,14.995,3340.99871489457,3472.44211123449,89.4406214024188,107.515192558211,7223.76148000521,3462.33204244311,7199.32720001073,3238.47794202443,222.807516831915,231.573331859586,5.96469632560312,7.17006952705645,481.74468022709,480.115185062403,0.00153599589142939,0.00148530583738738,1.72373998065857e-07,0.000834281400470368,0.0023935398157825,7.20669072577749e-06,7.03623645402998e-06,2.76194968320834e-12,4.03649751038032e-06,1.03159747177376e-05,-3172.21617449751,0.0922391352743844,0.0717164512370473,0.9775,0.432401488325088
"linear",1600,"sir_laplace",98,14.724,3139.27648265729,3095.15241876995,89.9342403561378,130.075826271256,7261.89347798397,2492.89902448765,7329.09388937579,3025.28007103872,213.208128406499,210.211384051206,6.10800328417128,8.8342723628943,493.201132707415,497.76513782775,0.00164336909879298,0.0015874137099351,2.4358180019586e-07,0.000780092178228765,0.00262757038628878,7.26958999751929e-06,7.10648644166352e-06,2.96052646751257e-12,4.24567477553545e-06,1.04055414691762e-05,-3219.98049250158,0.0910530016692992,0.0716900149195527,0.98875,0.435355772247079
"linear",1600,"sir_laplace",99,15.058,3037.29242812242,2954.50732606913,115.686903587755,55.4453369474115,6879.36912161453,3101.67649886558,6820.75204208425,2648.19555229503,201.706231114519,196.208482273153,7.68275359196143,3.68211827250707,456.85809015902,452.965336836516,0.00121142027692703,0.00116210677204922,1.05094801642497e-07,0.000688275801593456,0.00190066743435757,6.6363164117916e-06,6.44580124367398e-06,2.42219580155136e-12,3.85879194837735e-06,9.67899426654541e-06,-3190.22805965816,0.0770766090270974,0.0650441846521767,0.999375,0.411001679223315
"linear",1600,"sir_laplace",9,15.711,3368.75488057505,3171.94237373678,108.591839260464,128.8759609228,6957.14293253778,3174.68328215624,6869.67427207893,2796.6085980434,214.420143884861,201.89309233892,6.91183497297845,8.20291266773597,442.819867133714,437.252515567369,0.00125528785135745,0.00121392685419901,1.01667454149273e-07,0.000695054866480928,0.00188985677076679,6.7939698491444e-06,6.54162505650533e-06,2.66867343619169e-12,3.78077768170364e-06,9.7925912672393e-06,-3199.09093029693,0.0633783689346686,0.0537434360103764,1,0.414184922247398
"linear",200,"sir_laplace",100,2.019,3911.61922606863,3690.81785208441,137.020245516378,138.267021235745,5948.14940854203,1213.98802660683,4382.65475629124,704.697949445938,1937.40427244608,1828.04252208242,67.8654014444665,68.48292285079,2946.08687892126,2170.70567424034,0.00746776855319597,0.00637543211172413,2.06570740452229e-05,0.00132880549353929,0.0166530124382977,5.33929154122452e-05,4.37683530470135e-05,1.22899871718956e-09,1.00339095870675e-05,0.000116468543991845,-391.218840549798,0.128948448819573,0.11435330600327,1,0.635788357735255
"linear",200,"sir_laplace",101,1.793,3497.69969741141,3198.5348481678,160.067401488148,192.156564025612,5978.73889195584,1209.11423789017,3729.11651695238,1048.49615265027,1950.75275929248,1783.90119808578,89.2735089169815,107.170420538545,3334.48906411368,2079.81958558415,0.00600144128529907,0.00488357437217317,1.60034753663617e-05,0.00124940304718856,0.0138079017381927,5.62451911321873e-05,4.70042749567221e-05,1.25280198465879e-09,1.22612219969196e-05,0.00012526204364562,-393.062162558341,0.149207224725357,0.111298992869089,0.97,0.609704775090563
"linear",200,"sir_laplace",102,1.792,2659.44977791508,2515.73209591809,184.983807685097,171.765679469984,6092.21818902768,1976.74943600845,4735.49174789099,877.008997872425,1484.06795642583,1403.86835709715,103.227571252844,95.8513836328038,3399.67532869848,2642.57352002846,0.00536063199414105,0.00458457033336871,1.18192857056645e-05,0.00121296705943737,0.0114299904199521,5.44179434473343e-05,4.53372774973463e-05,1.18136434281804e-09,1.37132021393678e-05,0.000120188682222069,-390.934149331003,0.136751197273703,0.104489862467606,1,0.592583443317273
"linear",200,"sir_laplace",103,2.062,2857.1016662098,2670.45015537234,187.662875263548,167.942010026369,6645.60453799229,2969.94136672977,5015.20729738791,1447.02159989989,1385.59731629961,1295.07766991869,91.0101237941552,81.4461736306346,3222.89259844437,2432.2052848632,0.00476638158506914,0.00417014420179474,5.9933587163495e-06,0.00120828410995293,0.00965072110753849,4.36996767907391e-05,3.66127064095204e-05,7.63793327357076e-10,1.14670733936526e-05,9.69480034520469e-05,-394.423205250985,0.109156143735914,0.0814009139653758,1,0.564525672926763
"linear",200,"sir_laplace",104,1.927,2654.87307985299,2726.72320497864,260.630870673078,195.27244893533,6241.78798163157,2825.65489618991,4881.82817123209,1116.04508797592,1377.72344569434,1415.00944731637,135.25213838769,101.33495014807,3239.12194168737,2533.38254864146,0.00395861123380295,0.00349725261888001,4.37704726496498e-06,0.0010998293719107,0.00784208822970685,5.26524715081508e-05,4.56672519728966e-05,8.01570849672182e-10,1.32544345106511e-05,0.000109723516284242,-384.795404642988,0.10574224123123,0.0810264143249254,0.995,0.558614584836465
"linear",200,"sir_laplace",105,2.131,3629.95060913936,3460.64671342194,185.462716668657,197.89476385963,6901.37128603359,3064.67188992204,5074.441623023,1464.07290179278,1703.4024444577,1623.95434698355,87.0308384179528,92.864741370075,3238.55996529028,2381.24900188785,0.004338576603898,0.00372744163276248,5.58848010193596e-06,0.0010800513570349,0.00904856393129313,3.66590623732385e-05,3.22039021054339e-05,3.6743366231486e-10,1.0633107156296e-05,7.48987811850809e-05,-404.297058367022,0.0835076405811864,0.0657035678818954,1,0.546002885883806
"linear",200,"sir_laplace",106,2.015,4003.52550149884,3795.89856426258,83.2174207864093,189.977096678922,6335.98344293171,1287.07321403665,4868.00118370531,1232.695005017,1986.86129106642,1883.8206274256,41.298968132213,94.2814375577775,3144.40865654179,2415.88148074705,0.00496631324105914,0.00422035996516774,9.42365793296666e-06,0.00104336656401087,0.0109365743797584,4.43497594479425e-05,3.83872355456797e-05,5.91477850390847e-10,1.09750570851317e-05,9.30912824116898e-05,-396.779253672583,0.107284002019614,0.0898644141655749,1,0.565946031761719
"linear",200,"sir_laplace",107,2.154,3383.80135811623,3197.78297850597,147.36381160685,160.085147140822,6212.46903638799,1624.16575586188,4330.20520834013,1353.17159871561,1570.93842066678,1484.57891295542,68.4140258156221,74.3199383197874,2884.1546129935,2010.30882467044,0.00576621339943298,0.00488179291985437,1.33910102523562e-05,0.00121828206148673,0.012991432055439,5.18664873461781e-05,4.49482436247475e-05,8.85980296540452e-10,1.09053409153898e-05,0.000109985338974206,-388.446347531843,0.0995598901590212,0.0835087989382513,1,0.597870966513782
"linear",200,"sir_laplace",108,2.035,3752.38516467154,3589.6881100501,257.002999753661,158.212362354476,6833.79899815091,3972.19986265794,5550.33849889968,2414.40248855131,1843.92391384351,1763.97450125312,126.291400370349,77.7456326066219,3358.13218582354,2727.43906579837,0.00379427430871225,0.00336209406470935,3.63545126630333e-06,0.0010970341780234,0.0075720427625121,3.78283503444211e-05,3.24343180431109e-05,4.77095168628983e-10,9.7982684318728e-06,7.65656281546505e-05,-399.70780942121,0.132951936793237,0.0964525340485651,0.94,0.541794584146987
"linear",200,"sir_laplace",109,1.758,3167.25540366838,2853.92246784097,163.119389993854,230.318760318108,6701.08636784638,2071.95534622161,4757.53244480244,1220.80235315687,1801.62423416859,1623.39161993229,92.7869112593025,131.011809054669,3811.76698967371,2706.21868305031,0.00479557218458613,0.00424197834216281,6.13895058163016e-06,0.0013040566411366,0.00964913649046671,4.91920432893409e-05,4.34330158105706e-05,6.51996169049246e-10,1.4066362873958e-05,9.80950928204056e-05,-384.210384484775,0.129426224454309,0.0962249572586791,0.99,0.572407965408192
"linear",200,"sir_laplace",10,1.749,3710.67294927459,3426.7709594443,178.301929185287,139.922200546452,6506.41959191037,2362.79603648841,5451.46152189681,1107.68811667444,2121.59688351892,1959.27441935066,101.945071003595,80.0012581740721,3720.07981241302,3116.9019564876,0.00461798226128633,0.00400290228573877,6.33229191370873e-06,0.00120174429194667,0.00964210854599904,4.06384051746266e-05,3.32682521468736e-05,8.29148335976904e-10,1.08261848258786e-05,8.81178503073565e-05,-403.136648341503,0.115985540761164,0.101736952599002,1,0.559312168330871
"linear",200,"sir_laplace",110,1.829,2520.14243232926,2079.34098448288,237.785768287387,127.941126583653,6282.74560330199,2552.11881533161,4089.47019383524,1223.81010100508,1377.8799520663,1136.87314624542,130.008621261556,69.9514087390118,3435.07140694477,2235.90497202583,0.00407182177197601,0.00357045167292035,5.87228155901118e-06,0.00104850278846061,0.00831779564672906,4.76659899171151e-05,3.85071999969931e-05,1.72565848219821e-09,9.57051866992135e-06,0.000102646911016672,-398.23442175213,0.114293114535583,0.0979570773950415,1,0.554114702621192
"linear",200,"sir_laplace",111,1.822,2928.57543160927,2401.88811396055,254.218152589643,159.133178591726,6503.53013550659,2207.66586895418,4538.08940390792,1196.38814303126,1607.34107113571,1318.2700954778,139.526977272032,87.3398345728463,3569.44573847782,2490.71866295714,0.00497281082823136,0.00428477048398558,7.05413383931818e-06,0.0013244872585631,0.0102890100708678,5.1631031539425e-05,4.16483614370001e-05,1.32953045902424e-09,1.1651252961307e-05,0.000117049092857234,-395.812109891116,0.121797620378645,0.101832737866585,0.97,0.559772552739924
"linear",200,"sir_laplace",112,2.188,2637.14628225959,1736.1640111657,149.548716813129,149.513353173444,6284.80475242727,1420.2266688848,4300.59816012654,875.373406173945,1205.27709426855,793.493606565679,68.3495049420152,68.3333424010257,2872.39705321174,1965.53846440884,0.00662550974130567,0.00565785661723755,1.73353109718705e-05,0.0014294582440224,0.0143147966559572,5.46586005060355e-05,4.56761082126477e-05,1.2034496179486e-09,1.09066133037473e-05,0.000118983970594998,-386.004856587403,0.156572706833632,0.128626184187209,0.98,0.61470444589866
"linear",200,"sir_laplace",113,1.864,3561.98988038922,3498.33534516956,229.188133423701,171.337351785185,6388.47654005717,2648.15806139577,4958.2178908958,1549.87575413661,1910.93877703284,1876.78934826693,122.955007201556,91.9191801422668,3427.29428114655,2659.9881388926,0.00458125662200022,0.00399229559291961,6.30747238121967e-06,0.00123232142725996,0.00955685222278743,4.58310046391398e-05,3.83769931558662e-05,8.99628606975277e-10,1.03704264459543e-05,9.78989912274307e-05,-386.098938912315,0.11087178304937,0.0895163790858869,1,0.574218755986166
"linear",200,"sir_laplace",114,1.783,4140.76641789917,3985.79471386215,186.554378454374,224.928157749825,6384.12841440141,1618.32356825544,4381.6454237774,1506.60335273665,2322.3591799771,2235.44291299055,104.62948875736,126.151518648248,3580.55435468391,2457.45677160819,0.0059171037893705,0.00526191520339252,1.10335589126113e-05,0.00114133435938964,0.0120897310426518,5.6712583596965e-05,4.61560239261659e-05,1.41071748437007e-09,1.15819372567743e-05,0.000128480352908356,-381.585626022923,0.14796490908727,0.11517023645624,0.97,0.60754290258234
"linear",200,"sir_laplace",115,2.146,2535.72491580089,1874.40612687207,179.110071528287,201.586926775949,5995.63688057516,1784.29203474512,3863.78100596922,944.724942634605,1181.60527297339,873.44181121718,83.4622886897889,93.93612617705,2793.86620716456,1800.45713232489,0.00612295430836536,0.00523476677427734,1.35650517137865e-05,0.00139752465063183,0.0134842587192587,7.001882276285e-05,5.81823542831991e-05,2.00996966313531e-09,1.23666249714776e-05,0.000158097157234024,-393.101842721829,0.172153287135672,0.13262031629583,0.935,0.611713979120568
"linear",200,"sir_laplace",116,2.016,3071.36758757867,3003.72846538891,227.082065620887,236.34755807684,6313.84085897926,2480.34614134441,4482.18927367779,1693.0559932977,1523.49582717196,1489.94467529212,112.639913502424,117.235891903194,3131.86550544606,2223.30817146716,0.00488097587253445,0.00416954101317208,7.37541671990674e-06,0.00118581035877145,0.0103328157400616,5.47000771209818e-05,4.53599908032882e-05,1.32015683230442e-09,1.27660514282719e-05,0.000115046226701341,-384.178211062018,0.0908794263217695,0.0709978229305698,0.985,0.573695064696799
"linear",200,"sir_laplace",117,1.769,3193.62342797063,2544.06655597226,191.295585687345,220.46409262941,6439.16601052243,2341.59057565541,5050.30794373917,1784.58134654219,1805.32698019821,1438.13824532067,108.137696827216,124.626394929005,3640.00339769499,2854.89425875589,0.00466822158456085,0.00402913308367812,6.63916091655654e-06,0.00114843547693455,0.00983029704650092,4.50707092763162e-05,3.90543365228469e-05,6.29507031379484e-10,1.09451927432617e-05,9.2247063041893e-05,-397.201598265608,0.169144034115784,0.144382585589154,0.905,0.562239435527841
"linear",200,"sir_laplace",118,1.962,2647.19955303977,2724.13416353237,153.557711831249,146.72313091657,6176.41427331462,1645.70622881592,5036.66633942794,1245.28457613838,1349.23524619764,1388.44758589825,78.2659081708713,74.7824316598218,3148.01950729593,2567.10822600812,0.0051015038611041,0.00434242570430748,9.17752923743077e-06,0.00116695116854206,0.0110485835462137,4.52575172315482e-05,3.83698690711696e-05,6.90788484611753e-10,1.09641201087765e-05,9.65814612536119e-05,-397.127549830835,0.105175322199579,0.0847611872345682,1,0.577111884622181
"linear",200,"sir_laplace",119,1.823,2874.93158745689,2444.00987049379,256.647239558129,204.235310427077,6463.83180887959,2469.17511434377,5069.03326920743,1164.45642913134,1577.03323502847,1340.65269911892,140.78290705328,112.032534518418,3545.71135978036,2780.59970883567,0.00417933200739157,0.00368076346713211,4.67583397969289e-06,0.000968731270782956,0.00838263713984951,4.6644572620207e-05,3.95021686191992e-05,8.14718343153256e-10,1.06006981569124e-05,9.65175701378032e-05,-395.416074772297,0.106307826290006,0.0753591017502092,1,0.560909615916364
"linear",200,"sir_laplace",11,1.759,2988.95816390207,2823.56161298702,173.358363013241,187.208017333134,5840.85263070973,3166.18119007724,4254.0772466047,818.329388462058,1699.23715969418,1605.2084212547,98.5550670910976,106.428662497518,3320.55294525852,2418.46347163428,0.00447116435858932,0.00373982237456756,7.04921144992642e-06,0.00102213502454653,0.00964527449145982,5.40630761232827e-05,4.60936097103646e-05,9.38645016709802e-10,1.1970444677213e-05,0.000116479532375955,-375.222940593641,0.178412385103215,0.146830000310852,0.925,0.588168866668177
"linear",200,"sir_laplace",120,1.975,3805.32993691825,3546.8728869091,193.240140541012,205.442026761467,6696.12581033804,2702.63417606763,5208.34587306817,2480.9680497593,1926.74933514848,1795.88500602993,97.8431091346894,104.021279372895,3390.44344827243,2637.13715092059,0.00467892556594505,0.00399330392493313,7.1592286040579e-06,0.00121605579536398,0.0100155713669972,3.88516554809149e-05,3.35606294770125e-05,4.65037651755187e-10,1.00388361176338e-05,8.2217335846883e-05,-392.105159670439,0.107469685825902,0.0870468333057758,1,0.566417622918161
"linear",200,"sir_laplace",121,1.77,3665.25694476957,3172.47333507472,143.16911597536,182.093117220855,6490.83465326483,2401.5939078035,4773.69049316786,830.243766557114,2070.76663546303,1792.3578164264,80.8865062007685,102.877467356415,3667.13822218352,2697.00027862591,0.00506529325416507,0.00442861466143637,7.78626722655636e-06,0.00121930653110892,0.010413185945558,4.73096153104884e-05,4.0873667503217e-05,7.61995694927969e-10,1.1200537694965e-05,9.93328206967078e-05,-387.783977795888,0.0859719691063457,0.0660102377442007,1,0.578010959378301
"linear",200,"sir_laplace",122,1.751,3863.42070625087,3886.49722983449,196.807012817809,186.01570724756,6639.22957343718,3139.412971767,4929.55215315627,1615.30936527761,2206.40817033173,2219.58722434865,112.396923368252,106.233984721622,3791.67879693728,2815.27821425258,0.00482185017456341,0.00406317173719834,8.13057596266976e-06,0.00116355560937674,0.0103637604007177,4.40265897526282e-05,3.74937990596295e-05,6.43735586232941e-10,1.13694481367845e-05,9.25864439756829e-05,-384.703354571045,0.0760903033044843,0.0644684252653517,1,0.561013583137242
"linear",200,"sir_laplace",123,1.775,3039.8001273302,2954.58316385878,227.720395075411,232.74762463775,6626.104435141,1582.69318083539,5280.38379587747,1833.28437247542,1712.56345201701,1664.55389513171,128.293180324175,131.125422331127,3733.01658317803,2974.8641103535,0.00404727031797914,0.00356180895155516,5.01457173924821e-06,0.0010287228096087,0.00806265269982353,4.02912486143461e-05,3.43441759470297e-05,5.69327944221758e-10,1.06154897759231e-05,8.53006537659301e-05,-390.990366843082,0.123082067821822,0.0873949531690253,0.935,0.545090785340843
"linear",200,"sir_laplace",124,1.754,3542.71242959696,3424.4468623855,214.99570614051,192.136714748862,6532.22859211479,2267.92629108406,4697.20502880963,1478.88782017308,2019.79043876679,1952.36423169071,122.574518894247,109.542026652715,3724.18961922166,2677.99602554711,0.00601486800426703,0.00525019139148185,1.12225190655347e-05,0.00127584102218112,0.012690535829216,4.33963727935033e-05,3.66437198970167e-05,6.8375718974822e-10,9.89926422680713e-06,9.27922740138507e-05,-401.133780423209,0.0998218844286099,0.0841763812438331,1,0.586529131654934
"linear",200,"sir_laplace",125,1.775,3551.07690974925,3289.05800473118,239.578590848438,262.373866608273,6949.09945064822,3022.88616687659,5459.37307773664,2950.07733480029,2000.60670971789,1852.99042520067,134.97385399912,147.8162628779,3914.985605999,3075.70314238684,0.00437310887133154,0.00380575073257138,5.20793069366395e-06,0.0012268446220213,0.00902273194361793,3.88067669999413e-05,3.37937468070837e-05,4.13727662927124e-10,1.11976278214e-05,8.09854536015515e-05,-405.108283121074,0.131421461677672,0.103185441028919,0.96,0.548081103555054
"linear",200,"sir_laplace",126,1.904,2810.00457775591,2653.02544149712,238.25716777686,212.871974380342,6536.9259758596,2899.97117332803,5144.02485555888,1673.99654263699,1475.84274041802,1393.39571507202,125.135067109695,111.802507552701,3433.25944110273,2701.69372665907,0.00474462087605858,0.00394585895461032,9.24751971305768e-06,0.00106774208639569,0.0105044320083052,4.23215538464361e-05,3.64676816555174e-05,6.05629759308807e-10,9.91995645931974e-06,8.6721225220954e-05,-395.615772033221,0.116188033539017,0.0812325943738288,0.96,0.575236258941036
"linear",200,"sir_laplace",127,2.075,3570.26287515308,3357.78578001193,161.151755309556,136.511987493229,6720.78903806165,2809.36569343425,4462.51484406392,1506.7480771798,1720.6086145316,1618.21001446358,77.6634965347259,65.7889096352911,3238.93447617429,2150.6095634043,0.00554277485667996,0.00467262121389219,9.60334956598121e-06,0.0013719118044201,0.0121055933591945,4.43828095725932e-05,3.88565457638427e-05,6.21020438117839e-10,9.56929223228396e-06,9.31073363461353e-05,-413.443117989087,0.126124081140347,0.106094490214375,1,0.584084429739682
"linear",200,"sir_laplace",128,1.966,2696.62549538068,2546.14359552499,158.294141164038,223.339766576781,6247.37905749859,1938.74415999792,4925.67437633896,1296.79957852886,1371.63046560564,1295.08829884282,80.515839859633,113.601102022778,3177.71060910407,2505.42948949083,0.00477098714731061,0.00404992916598163,8.07814592190981e-06,0.00110590842258853,0.0105564287971396,5.01602026499024e-05,4.30156203217756e-05,8.10867059518393e-10,1.35193131905622e-05,0.000106383464122113,-400.410144638274,0.0705089336521645,0.0571137340804041,1,0.57230905142589
"linear",200,"sir_laplace",129,2.026,2793.97406174412,2566.63096702824,233.814254019481,169.249925348432,6346.3830271407,2197.68992524557,4812.91168614482,1443.23148128627,1379.05926048575,1266.84647928343,115.406838114255,83.538956243056,3132.46941122443,2375.57338901521,0.00368970531768205,0.00326219955532356,3.60469012802898e-06,0.00105862832834889,0.00734168276451664,4.82209566549699e-05,4.17578873428421e-05,7.55014550760009e-10,1.15874418187061e-05,0.000100758896443831,-377.735312412932,0.0915849239117169,0.0738314699829328,1,0.551127427781654
"linear",200,"sir_laplace",12,2.115,3006.80883624502,2245.19831675448,179.953704115365,196.926325132377,6439.24648713747,1576.10936521426,4789.28260300191,1064.54431887178,1421.65902422932,1061.55948782718,85.0844936715672,93.1093735850482,3044.56098682623,2264.43621891343,0.00514561630932487,0.00438041079013795,8.57985035266302e-06,0.00109608394893053,0.0106464401365656,4.54843805693683e-05,3.9420155492014e-05,6.51147195357651e-10,1.10261337307169e-05,9.53445700059902e-05,-382.115989388521,0.111261511933508,0.0921003954236958,1,0.584943935713201
"linear",200,"sir_laplace",130,1.766,3635.60149939741,3557.92076021012,157.784795890652,142.278061157447,6332.67900112141,1544.59438343894,4378.43802717205,1144.82871558551,2058.66449569503,2014.67766716315,89.3458640377416,80.5651535432882,3585.88844910612,2479.296731128,0.00524462571117044,0.00454373801634363,8.60679147168478e-06,0.000948068153515695,0.011041259504856,4.94763279484141e-05,4.01288288538709e-05,1.21832406944339e-09,1.07985223643547e-05,0.000112514075315421,-392.744716785459,0.122585914987279,0.0924684289445941,1,0.591742799242903
"linear",200,"sir_laplace",131,1.761,2490.47561520022,2187.85774630112,178.36430878729,200.92870984734,6430.55217290706,2583.87650110418,4747.17129383377,1429.39130789502,1414.23941805805,1242.39508591773,101.28580851067,114.099210589063,3651.64802550089,2695.7247551583,0.00482284922619048,0.00412091478103692,7.10095970181399e-06,0.00118205518373482,0.00993210277844846,4.78868199906659e-05,4.0299430595158e-05,9.81215288181426e-10,9.93190347948124e-06,0.000101837612445334,-395.866957728601,0.115585608368979,0.0893688319541866,1,0.574668735879222
"linear",200,"sir_laplace",132,1.828,3124.33422333542,2874.55378724665,192.878976412729,227.676493890827,6428.32992328651,2474.75492765129,5023.17491586408,2227.84433119072,1709.15438913316,1572.51301271698,105.513663245476,124.549504316645,3516.59186175411,2747.90750320792,0.00391787498552147,0.00342111360754773,4.33296347687804e-06,0.000986149586854959,0.00783777327860118,4.28300583361032e-05,3.73216738392607e-05,5.26916478891189e-10,1.18563481648368e-05,8.94009857104661e-05,-384.729480057663,0.108444835661149,0.0893751923443214,1,0.551815647971367
"linear",200,"sir_laplace",133,1.766,3497.56674292966,3383.46030343788,37.1653722377859,220.971920054225,6902.75810426969,2017.85070064826,4960.44894272686,1931.93077478009,1980.50211943922,1915.88918654466,21.0449446420079,125.125662544861,3908.69654828408,2808.86123597217,0.00456932005710689,0.003910430516448,6.60505546749261e-06,0.00120214016596182,0.00977489467887845,4.29298006572007e-05,3.66060184266993e-05,6.588106834054e-10,1.09744856904074e-05,9.23142895260583e-05,-418.955908169184,0.117379676780672,0.0822905332593527,0.955,0.554005486648219
"linear",200,"sir_laplace",134,2.069,3270.99496059338,3377.07704750808,209.358489313188,201.777551166921,6628.12788772254,3057.09129107685,4984.29435334596,2334.44886808603,1580.95454837766,1632.2267025172,101.18825003054,97.5241909941619,3203.54175337001,2409.03545352632,0.00431463597847313,0.00371831484333107,6.92089784058971e-06,0.00103643102021787,0.00923604280943109,3.91538997391142e-05,3.38981157730505e-05,4.73227217600245e-10,1.07573397626031e-05,8.03647790992277e-05,-399.789746825601,0.077840702288056,0.0663861347671945,1,0.55554536797104
"linear",200,"sir_laplace",135,1.863,3000.4744427682,3026.04478656995,207.492216744541,194.844129026335,6577.84687822074,2845.33888304383,4865.6124563142,1543.28542603134,1610.56062413752,1624.28598312933,111.37531762992,104.586220626052,3530.78200655971,2611.70824278808,0.0045124331347865,0.00376738600624318,6.97796341676196e-06,0.00116004736763271,0.0101683388117283,4.22030627342828e-05,3.62002752653224e-05,5.78170924340628e-10,1.05078520453016e-05,8.9882748418811e-05,-397.904467301702,0.108647584408505,0.0907571486988911,1,0.563772104917294
"linear",200,"sir_laplace",136,1.754,3858.28544404599,3438.34179041626,167.922683987086,118.306610504918,6058.92377833499,1437.49462640337,4165.34695088405,1230.01060534775,2199.7066385667,1960.28608347563,95.7369920108811,67.4496069013217,3454.34650988312,2374.77021145043,0.00563923453617518,0.00491499545544403,1.03318835577999e-05,0.00123977288797902,0.0122239073132289,5.38056016382642e-05,4.28158993182843e-05,1.60182204213263e-09,1.16493248254395e-05,0.000123064348812303,-403.425823948537,0.0854504627319686,0.0696334533259981,1,0.585395192544742
"linear",200,"sir_laplace",137,2.068,3411.47289593007,3333.07898681924,220.331172539187,201.138736495684,6781.69625172984,3561.9875352266,5852.25674963136,2409.07790983989,1649.64840228727,1611.74032244644,106.543120183359,97.262445113967,3279.35021843803,2829.91138763605,0.00388923453497341,0.00343159206324575,4.07520855574381e-06,0.00103023084674278,0.00779744529704214,3.73366056854023e-05,3.14187142149773e-05,5.11331668414841e-10,1.02167732225808e-05,8.42795416377003e-05,-404.251242581506,0.182479167790682,0.14168838407691,0.895,0.531381880894257
"linear",200,"sir_laplace",138,1.858,2996.67214647703,2194.43038821189,186.729830096238,196.760500385721,6862.15489829274,3137.61584970487,5292.03196495213,1432.31642728009,1612.84830273253,1181.07125307421,100.500446768696,105.899085245275,3693.30188282709,2848.24110062009,0.00406153915859698,0.00348168869977891,5.08345804415649e-06,0.000946985730994296,0.0085227488248063,3.99909713235094e-05,3.46516620308353e-05,4.52056022759964e-10,1.19049692080061e-05,8.46623289611571e-05,-401.94926546915,0.131633051103134,0.105240043455861,0.98,0.540116211194207
"linear",200,"sir_laplace",139,1.943,2591.01204665779,2286.5528477887,256.802499234693,250.763933368488,6588.09522831779,2731.741742877,5299.49238639256,1934.19080913854,1333.51108937612,1176.81567050371,132.168038720892,129.060181867467,3390.6820526597,2727.47935480832,0.00389977446595704,0.00338017334282648,4.177947273652e-06,0.00107022593729244,0.00809452661770953,4.3758883722286e-05,3.85335891335445e-05,5.0537625234315e-10,1.32940896227762e-05,8.95294986540577e-05,-404.322139572728,0.131434624902656,0.104635953840486,0.97,0.540940963727306
"linear",200,"sir_laplace",13,1.751,3120.43075471191,3042.3374672336,219.068548760903,180.207919213763,6572.02768124685,3185.79111395491,5363.34040853663,1754.28704588869,1782.08495414729,1737.48570373135,125.110536128443,102.917144039842,3753.2996466287,3063.01565307632,0.00392290642062578,0.0034645637424288,4.04492582266755e-06,0.00111755449201673,0.00811401904116043,4.17085095000671e-05,3.52153990436348e-05,6.42838005089247e-10,1.1026130876447e-05,9.09712546988303e-05,-378.895715669583,0.0717768828264487,0.0576280604874933,1,0.548303763519647
"linear",200,"sir_laplace",140,1.786,3508.22614039346,3411.43198491809,209.732307020454,192.682366123257,6340.39137370832,3570.09717603339,4099.70820933902,914.594792883544,1964.29235184404,1910.09629614674,117.431302922987,107.884863450872,3550.05116109088,2295.46932213831,0.00402779041591983,0.00348509522858997,4.67242890491409e-06,0.00112933848434832,0.00850208602198191,4.83182138033466e-05,4.34774899318354e-05,6.09812682409321e-10,1.13684809860776e-05,9.5842162882446e-05,-381.771016649867,0.133913231803016,0.108023658991604,0.955,0.558020763923539
"linear",200,"sir_laplace",141,1.771,2459.28107041722,2368.19678146175,222.547927925273,227.848357252439,6442.4623851931,2649.47295488553,5228.80970997999,2158.01188157775,1388.63979131407,1337.20879811505,125.662296965146,128.655198900305,3637.75402890633,2952.46172217956,0.00450206448982823,0.00380362279358119,7.3404476670084e-06,0.00111631663867179,0.00962635627955111,4.35615883925567e-05,3.71189659834702e-05,5.83446236068624e-10,1.12740184596463e-05,8.97296699397115e-05,-399.931292355343,0.109069097645717,0.0827909900755426,1,0.564236229268327
"linear",200,"sir_laplace",142,1.774,3215.7880426295,2850.82539726194,201.615046279131,182.06915747517,6438.51102025206,3231.44662372042,4557.84730092858,1768.77083489037,1812.73283124549,1607.00416982071,113.649969717661,102.631994067176,3629.37487049158,2569.24876038815,0.00410620879023907,0.00366757830703261,4.48265568247115e-06,0.00101893647552235,0.00820933106785083,4.77524040406766e-05,4.14931090416438e-05,7.43149613309733e-10,1.10033504347355e-05,0.00010159338938439,-387.451967010511,0.108959386573612,0.0929939981595561,1,0.55997720723595
"linear",200,"sir_laplace",143,1.93,3505.03841800771,3085.53690007714,179.040403695492,182.658186921491,6155.06620669069,1867.39310161148,4643.68509334369,853.550400928256,1816.08208186928,1598.72378242339,92.7670485468869,94.6415476277156,3189.15347496927,2406.05445250969,0.00535871475424823,0.00451991975940551,9.85819995404684e-06,0.0010074502218781,0.0117859461211563,5.17070863156114e-05,4.46379299066383e-05,8.71731903217853e-10,1.07998379054273e-05,0.000105614227824294,-394.147981336931,0.123993447609549,0.102078233155481,1,0.587735377137918
"linear",200,"sir_laplace",144,1.962,2975.92787134584,2482.31094501433,154.356013127922,156.744262849335,6394.33048223381,3141.05358393463,4542.80375876803,1440.72695872913,1516.78280904477,1265.19416157713,78.6727895657097,79.8900422269802,3259.08791143415,2315.39437246077,0.00436584987170258,0.00370591655397957,6.08827167566345e-06,0.00116431891801564,0.00947952473713102,4.53078624705465e-05,3.90424387184922e-05,6.35648931667184e-10,1.14861196145212e-05,9.4291782710203e-05,-404.762241338918,0.103748250243553,0.0884032835106946,1,0.562411334140222
"linear",200,"sir_laplace",145,1.992,3419.53458921223,3170.88618447007,230.920920026979,295.86845629994,6655.47679098042,3530.16295606182,5382.65349075845,2093.16543752887,1716.63382992582,1591.81033356931,115.924156640049,148.528341516034,3341.10280671708,2702.13528652533,0.00399570459880811,0.00352108627235077,4.46113066611006e-06,0.00102832099671092,0.007881508074873,4.28996086780647e-05,3.75357326464666e-05,5.16057679462374e-10,1.31246200594782e-05,8.61747242672016e-05,-398.704100386334,0.0979789914509355,0.0808202824238164,1,0.543871782258701
"linear",200,"sir_laplace",146,1.934,3779.63439395512,3639.27495245497,153.640797895174,225.944503739131,6395.70281264742,1569.56377542435,5499.39720120841,995.45638730192,1954.3094074225,1881.73472205531,79.4419844339058,116.827561395621,3306.98180591904,2843.535264327,0.00596777234110011,0.00496178963368474,1.48347109943041e-05,0.000974861859973781,0.0135889289399169,3.93225725772288e-05,3.35247595982546e-05,4.70272048184613e-10,1.08527081823592e-05,8.5722808693829e-05,-407.737640875563,0.114059737806133,0.0866341278892656,1,0.58818162217558
"linear",200,"sir_laplace",147,2.188,2994.22809888737,2519.28067666785,207.233147916258,151.758270347264,6759.12002702931,2871.47729734296,4819.42050676431,943.006370784083,1368.47719327576,1151.40798750816,94.7135045321108,69.3593557345814,3089.17734324923,2202.66019504767,0.00491202992231634,0.00421099993590332,7.90344021053703e-06,0.00118075689259048,0.0106558630080931,4.16001826032294e-05,3.58920300819728e-05,5.76266712710719e-10,1.10713996929758e-05,8.84102366377025e-05,-405.40352882055,0.100440870039199,0.0856608492872407,1,0.560916447780589
"linear",200,"sir_laplace",148,1.889,2828.54828144051,2831.73859512491,318.512895542525,187.155296933853,6548.07805055233,3065.29462841904,5463.76006122927,2349.69390380741,1497.37865613579,1499.06754638693,168.614555607477,99.076388000981,3466.42564878366,2892.40871425584,0.00371400627409964,0.00328780169721979,3.46105339291114e-06,0.001094144912765,0.00732592421128601,4.24547738509431e-05,3.63634300595522e-05,5.46861628645959e-10,1.23608131864951e-05,8.85505682311893e-05,-386.02426940396,0.0852916006121462,0.0675000796152241,1,0.546516577119209
"linear",200,"sir_laplace",149,1.785,3160.79069828021,2871.80181933103,174.16321051357,197.579825770451,6447.25198939338,1297.56390413703,5102.37156150374,2340.72460968342,1770.75109147351,1608.85255984932,97.5704260580224,110.688978022662,3611.90587641086,2858.47146302731,0.00447954769716507,0.00384456752747254,6.27257039035593e-06,0.00110666681194356,0.00936210138671354,4.21937338077905e-05,3.62365597191259e-05,5.27265521600476e-10,1.10219696039215e-05,8.97011400076672e-05,-392.797545270374,0.149258913285606,0.1141584227116,0.915,0.558901034302312
"linear",200,"sir_laplace",14,1.789,2375.53734960907,2306.00883745482,172.284222782431,135.281611595486,5831.74317222846,1808.71993194932,4355.74321435994,818.459715886785,1327.85765769093,1288.99320148397,96.3019691349531,75.6185643350956,3259.77818458829,2434.73628527665,0.00684103760232405,0.00565593775417995,1.92854741207092e-05,0.00137713242780726,0.0158240414289384,5.64808154132756e-05,4.71231176914039e-05,1.28491558707973e-09,1.1082129622917e-05,0.000122090515843937,-402.797021646736,0.14966176406645,0.12365526109881,0.99,0.613378026548624
"linear",200,"sir_laplace",150,1.759,3463.92524470756,3803.4968411216,155.392664844933,212.14160182756,6114.29927498009,1801.93973363759,4989.01744998432,1115.53585494649,1969.25824031129,2162.30633378147,88.341480866932,120.603525768937,3476.00868389999,2836.28052870058,0.00598302522636057,0.00491653712408117,1.61525983215653e-05,0.00117685848093522,0.0139218770976814,4.59256015735841e-05,3.93531033167949e-05,6.49475949870379e-10,1.30525985569751e-05,9.55794677827923e-05,-381.891856352314,0.117067145116914,0.0973262984769633,1,0.602663820613377
"linear",200,"sir_laplace",151,2.049,2581.19489169355,2493.45342323937,218.534997036333,176.11775980346,6294.08125181639,2449.07613141841,4058.9832763416,914.444903667936,1259.73396373526,1216.91235882839,106.654464146576,85.9530306507856,3071.78196769955,1980.95816317306,0.00508649361098731,0.00437830482637538,8.55870086292086e-06,0.00126316617573342,0.0109178074481613,4.8267662187763e-05,3.79281916677793e-05,1.38387832947543e-09,1.02085311446122e-05,0.000116209573703517,-403.814554515701,0.0788211506253134,0.0644466995308092,0.995,0.572969960164763
"linear",200,"sir_laplace",152,1.769,3472.36044721339,3629.81425817551,196.122024799161,230.51682195916,6592.2261933772,3399.42508137907,5073.82061025515,1500.44279780282,1962.8945433654,2051.90178528859,110.866040022137,130.30911360043,3726.52696064285,2868.18576046079,0.00454175851985326,0.00396885536020149,5.8701338302223e-06,0.00110913968219785,0.00934406299111295,4.3385613435509e-05,3.74902360369966e-05,5.65418074374798e-10,1.113890587056e-05,9.14594076114129e-05,-395.849076995375,0.104163018878385,0.0865981223331573,1,0.570667666155832
"linear",200,"sir_laplace",153,2.057,2373.67964267717,2421.98686321878,224.355618940596,178.479446411127,6156.98640749868,2256.71900053306,4644.42262512846,1257.5947870815,1153.95218409197,1177.43649159882,109.069333466503,86.7668674823175,2993.18736387879,2257.86223875958,0.00419549087646569,0.00365403423031718,5.20648808399211e-06,0.00105775072936885,0.00865079004171741,5.62394225600802e-05,4.8829699088891e-05,9.10974548665389e-10,1.5590577732409e-05,0.000115288390022249,-393.302086714268,0.15713864214311,0.123105508816195,0.99,0.574245866010776
"linear",200,"sir_laplace",154,2.134,2944.45719309659,2826.75756579064,242.981329447637,187.360681514187,6853.65857536958,3251.12764909797,5097.76534442766,1731.91321687255,1379.78312703683,1324.62866250733,113.861916329727,87.797882621456,3211.64881694919,2388.83099551437,0.00393928143167647,0.00344638131427626,4.64444874708767e-06,0.00110676994684466,0.00761257848195512,4.24083400417673e-05,3.66775795343785e-05,5.5230720383338e-10,1.0769112645997e-05,8.83921944053096e-05,-389.236598101258,0.107810394635897,0.0889893222184448,1,0.558287530018266
"linear",200,"sir_laplace",155,1.837,3973.66514927434,3925.5208409641,148.312084264341,160.529577900208,6220.97254980371,1296.83744646503,3983.38064107147,1114.98749022875,2163.12746286028,2136.91934728585,80.7360284509207,87.3868143169342,3386.48478486865,2168.41624445916,0.00511694441021331,0.00441629009578486,9.24279737120246e-06,0.00117595634011471,0.0106300892406147,4.86755043587594e-05,4.10435986046369e-05,8.32838649866126e-10,1.15580199242537e-05,0.000104434688779247,-380.020200586447,0.130776002770524,0.109473314491534,1,0.582751689022315
"linear",200,"sir_laplace",156,2.199,3383.90470540829,3256.12370438566,195.798562041464,201.350817678479,6733.69715386894,2557.93874672492,4759.54168848405,1686.21282913877,1538.8379742648,1480.7292880335,89.0398190274962,91.5647192717049,3062.1633259977,2164.41186379447,0.00412127085938814,0.0035858205027454,4.96870804887811e-06,0.0011056543342537,0.00860654494867652,4.16912412752519e-05,3.55560439486374e-05,5.47034944964236e-10,1.21563261117212e-05,8.91852783621269e-05,-406.137790787417,0.0670344605759968,0.0536330651386093,1,0.551436909036443
"linear",200,"sir_laplace",157,1.756,3315.47900932507,3194.16012553009,216.79387765206,226.066455381728,6871.22066427415,3494.82215920016,5528.04281199815,2303.5007662418,1888.08599619879,1818.99779358205,123.45892804787,128.739439283444,3912.99582247958,3148.08816173015,0.00405196306817276,0.003536290301879,4.50788124959439e-06,0.000929536112024003,0.0083005176204109,3.81129876383409e-05,3.27677523690376e-05,4.25011095168971e-10,9.47797415847347e-06,8.0804921319903e-05,-395.418546950069,0.136661639532368,0.112599933549965,0.945,0.552055509390518
"linear",200,"sir_laplace",158,2.081,3157.45043613283,2941.98744267552,216.361290624119,240.142217163992,6876.15941980872,3268.51075594451,5526.00883117859,2343.42921812854,1517.27555796869,1413.73735832557,103.969865749216,115.397509449299,3304.25728967262,2655.45835232032,0.00384241522462516,0.00334465818225523,4.20453635796912e-06,0.00100762851881705,0.00792381984548199,4.02449793643955e-05,3.52598669104664e-05,4.4383754912596e-10,1.11964576687792e-05,8.07915134604727e-05,-402.225403892623,0.110332736179634,0.0836728740922346,0.99,0.544890866923028
"linear",200,"sir_laplace",159,1.76,2517.32936965197,2336.89463128401,156.667688233628,140.043159793938,6314.44285404958,2736.74948271216,4273.81902495712,1239.49568686144,1430.30077821135,1327.78104050228,89.0157319509252,79.5699771556467,3587.75162161908,2428.30626418018,0.00441173966944398,0.00373869077329961,7.13419434967037e-06,0.0010848439830532,0.00943457855594315,5.32968743851419e-05,4.56676263509272e-05,8.9190914721887e-10,1.29397991946583e-05,0.000110869963161263,-409.475026474826,0.119851696001672,0.0978920451558835,1,0.560606112980094
"linear",200,"sir_laplace",15,1.998,3608.3211752166,3626.87291502907,243.39300953741,233.035698685662,6706.5365314662,3705.12572034691,5347.92083261029,2198.2212783481,1805.96655416246,1815.25170922376,121.818323091797,116.634483826658,3356.62489062372,2676.63705335851,0.00455921646400534,0.00408408032552279,5.15853064193028e-06,0.00112755123878159,0.00886672575760905,4.15079779077723e-05,3.52766889756026e-05,5.50514534326481e-10,1.00316892443126e-05,8.87610276502164e-05,-375.360246343565,0.090214886489,0.0750814436790462,1,0.56378607055914
"linear",200,"sir_laplace",160,1.835,4000.78090631815,3693.78203152666,212.164759769856,236.49521738141,6598.29545998142,2865.73990075615,4983.36275960035,1218.62511329465,2180.26207428782,2012.96023516439,115.621122490385,128.880227455809,3595.80134058933,2715.72902430537,0.00454618239083387,0.00389439924069899,6.85720338170155e-06,0.00111838086393505,0.00967361380403408,3.91762311354074e-05,3.45949902093898e-05,3.8918680243667e-10,1.08370155024901e-05,7.75622587395191e-05,-381.924143242904,0.0919324875630371,0.0627436594986241,1,0.562180890009559
"linear",200,"sir_laplace",161,1.97,3257.4170780142,3106.66754653134,217.651379257655,272.290884090873,6645.66736568447,2941.00054179009,5817.27321215833,2352.46576230471,1653.51120711381,1576.98860230017,110.482933633328,138.218722888768,3373.43521100735,2952.93056454738,0.00423232051920153,0.00369454379774112,5.52250260915113e-06,0.00112684828406983,0.00877665330948884,3.88742222339734e-05,3.45484870433527e-05,3.76450061904993e-10,1.17421124218752e-05,7.79913269520121e-05,-386.179606816673,0.139881902328298,0.126295298906567,0.96,0.54718509223789
"linear",200,"sir_laplace",162,1.876,3404.49099264245,3235.76756170482,235.862117891967,218.118537173004,6753.41493055859,2926.00142353292,5708.86042915497,1307.6517046719,1814.76065705888,1724.82279408573,125.726075635377,116.267876957891,3599.90134891183,3043.10257417642,0.0046146695371629,0.00400744721796855,6.29028862200167e-06,0.0011661798900571,0.00988237338768553,3.98839963080635e-05,3.46751162375927e-05,4.67946994351458e-10,1.02391206212652e-05,8.25312708164478e-05,-395.394289164369,0.145651779128073,0.101425959576173,0.93,0.558710675187387
"linear",200,"sir_laplace",163,2.121,2888.49207189864,2972.67245352858,139.801590167648,205.953891076147,6433.34985247066,2307.89447462112,4967.25813700929,1751.96436994258,1361.85387642557,1401.54288238028,65.9130552417013,97.1022588760711,3033.16824727518,2341.9416016074,0.00426905646280433,0.00371385482105644,5.43804868848665e-06,0.00119419601968811,0.00870202021542718,4.50238881775191e-05,3.83640969983075e-05,6.45227481898937e-10,1.23526429980219e-05,9.64287071416255e-05,-393.725399307968,0.0930554083981127,0.0796209093504489,1,0.563532218242134
"linear",200,"sir_laplace",164,1.982,2355.262324033,2156.36902947974,159.442093740593,189.05228047005,6234.86927814072,2470.32547911654,4197.39205854033,1734.74651138074,1188.3260968885,1087.97630145295,80.4450523413686,95.3846016498736,3145.74635627685,2117.75583175597,0.00475398750919104,0.00403287662185716,8.68596818039772e-06,0.00108773958162122,0.0103210353583494,4.8245182389366e-05,4.11440655424175e-05,8.46592018177985e-10,1.09686108518421e-05,0.000103959875541501,-406.575982586735,0.136051148237121,0.111924122327655,1,0.582661182069526
"linear",200,"sir_laplace",165,2.163,1947.07741946141,2041.21648090115,205.271450939236,233.75918254971,6608.40041346324,2025.71204108967,5119.38694329397,1675.18296133375,900.174488886459,943.696939852587,94.9012718165676,108.071744128391,3055.20130072272,2366.79932653443,0.00415731576392402,0.00360340053917196,5.06061776165609e-06,0.00109524144964785,0.00846959354384592,4.40087712428121e-05,4.0095352604714e-05,4.65386184847934e-10,1.13128904775088e-05,8.50619569065177e-05,-391.469609134078,0.130440360293038,0.106314841603709,0.985,0.560707319673636
"linear",200,"sir_laplace",166,1.838,3853.38667609834,3516.40034464476,144.49880564501,212.211841676122,6537.3894524983,996.502707637402,5355.51659625399,1699.41938082533,2096.51070516776,1913.16667282087,78.6174132997879,115.458020498434,3556.79513193596,2913.77399143307,0.0057468737259996,0.00482304245517478,1.35963754120042e-05,0.00124757385201108,0.0126570328865107,4.30728122603833e-05,3.6671705582595e-05,6.35680677173643e-10,1.17004075208901e-05,9.20200367315675e-05,-393.076604752865,0.104712828682125,0.0805326198508208,1,0.587671525773073
"linear",200,"sir_laplace",167,2.072,3040.18898138143,2756.72742532853,182.838125799586,217.31883180654,6328.97587449461,2887.31268533953,4618.35269245204,1170.28451477197,1467.27267441189,1330.46690411609,88.2423387063639,104.883606084237,3054.525035953,2228.93469712936,0.00509747289371831,0.00443322811711321,7.24655497181484e-06,0.00120130644999244,0.0105708790724307,5.83871421945758e-05,5.05614401215084e-05,1.06775627340271e-09,1.08141740510882e-05,0.000121828072910624,-394.890086330159,0.143295148073513,0.121989317609233,1,0.590170495310792
"linear",200,"sir_laplace",168,2.026,2722.53274606576,2803.29656401103,181.500415389417,221.788696160293,6456.95034665091,2960.91585941927,4753.78132841548,1641.20979410521,1343.79701187846,1383.66069299656,89.5855949602258,109.471222191655,3187.04360644171,2346.38762508168,0.00395626713063353,0.00347324040141685,4.01249318206894e-06,0.00107101474612571,0.0078237761878825,4.86218264877891e-05,4.18358445771979e-05,8.83483854696725e-10,1.19739884343067e-05,0.000101188252178238,-387.666865486305,0.125617706108311,0.0993814494087313,0.985,0.558328805725596
"linear",200,"sir_laplace",169,1.946,3285.56706309511,3012.78150693796,170.447204824696,211.944948047782,6604.54609663273,1297.6038651281,4647.87541433109,1040.71162144733,1688.36950827087,1548.19193573379,87.588491687922,108.913128493207,3393.90857997571,2388.4251872205,0.00582672162391021,0.00485228728318378,1.33802557749684e-05,0.00096445181777257,0.013030613860703,5.30510863947072e-05,4.64080274548657e-05,7.78995427517227e-10,1.51034570431403e-05,0.000110218004912637,-391.407170242433,0.131058640931919,0.10284905980865,1,0.602630741159236
"linear",200,"sir_laplace",16,1.958,4024.20728208487,3741.19294610807,195.170639247613,178.70863063023,6725.86208169465,2709.50080923854,5036.07752234762,988.477872385792,2055.26418901168,1910.72162722578,99.6785695850935,91.2710064505771,3435.06745745386,2572.05185002432,0.00535929150328588,0.00457732901204587,9.25499413404528e-06,0.00113882402602952,0.0111824727405391,4.41568784630166e-05,3.60349263553332e-05,9.4425695986358e-10,1.03437226519864e-05,9.90578118846302e-05,-394.415641766926,0.106990407875858,0.087218557587995,1,0.575948079924869
"linear",200,"sir_laplace",170,1.753,2937.91930126793,2663.57198530658,155.807764933953,185.499444128809,6502.84045535586,3187.5381493599,5046.37991438062,2046.85437330787,1675.93799273698,1519.43638636999,88.8806417193116,105.8182795943,3709.54960373979,2878.71073267577,0.00406059229122644,0.00346372372839992,5.92812384481708e-06,0.00106040668778508,0.00853710202312469,4.14847625986809e-05,3.52606450545707e-05,8.07814631609172e-10,1.01576889018793e-05,8.35647984563995e-05,-393.875532163155,0.0807045856667766,0.0682452891291482,1,0.553942112036276
"linear",200,"sir_laplace",171,2.011,3043.60464097311,2882.11084765525,132.722372745844,133.230558731312,6277.96297663394,1740.60185210258,4465.52874188067,902.218485158679,1513.47819043914,1433.17297247899,65.9981962933089,66.2508994188522,3121.81152492986,2220.55133857816,0.00529650279381302,0.00437064295082069,1.01326129060991e-05,0.00126893602291595,0.0118099888394487,4.1613531701698e-05,3.46043288276605e-05,6.99699706539771e-10,8.72231475635732e-06,8.94528303793786e-05,-408.124815907591,0.112505705422897,0.0875739829650446,1,0.575009846657844
"linear",200,"sir_laplace",172,1.755,3936.82278306952,3871.70516631465,127.649225929991,129.779526883892,6363.06138477071,1614.70917105661,5193.68304544079,1810.8710129164,2243.20386499688,2206.0998098659,72.7346016695106,73.9484483668899,3625.67600271835,2959.36355865572,0.00522315354861253,0.00446092004717986,9.69094826867264e-06,0.00107863166715051,0.0114051392016593,4.21898873982204e-05,3.63943807039057e-05,5.25497467033024e-10,1.28705064083078e-05,8.53459644659824e-05,-409.0143876214,0.109734382142606,0.0841788251022812,1,0.572062848675366
"linear",200,"sir_laplace",173,1.769,4416.98905917478,3709.85133903801,113.464698969479,141.595245650292,5710.30181830295,696.356214034375,5176.29700967841,1200.48972269258,2496.88471406149,2097.14603676541,64.1405873202257,80.0425356982994,3227.98293855452,2926.11475956948,0.00810839513188969,0.00683949625881427,2.56218635097593e-05,0.00141424428685037,0.0179859109258974,4.45766940464005e-05,3.66812305941038e-05,8.62372984661205e-10,1.03143133297539e-05,9.56429480368979e-05,-395.103566811261,0.144025096408304,0.116068343693904,0.985,0.63436253074476
"linear",200,"sir_laplace",174,1.759,3439.20022768276,3223.33379271184,245.909785429305,140.485399551439,6601.70432075777,3568.54644733658,5074.63411177619,2573.90413400227,1955.20194865421,1832.4808372438,139.800901324221,79.8666285113354,3753.10080770766,2884.95401465389,0.00359305364278806,0.00319352390214244,3.32828169439494e-06,0.000920754988601635,0.007154795169151,3.83914108572708e-05,3.33212235470745e-05,4.13248322806162e-10,1.17347822733631e-05,8.03742662884052e-05,-386.622261438695,0.142650079196281,0.110483444924527,0.98,0.539114894903504
"linear",200,"sir_laplace",175,1.768,3404.06832677476,3096.5327495326,121.2645513227,176.120230631101,6145.22436565682,1478.03560449602,4521.2009461574,892.194108993345,1925.37801288165,1751.43255064061,68.5885471282242,99.6155150628402,3475.80563668372,2557.24035416142,0.00635603275695667,0.00536865717946752,1.5449289341328e-05,0.0013643046195741,0.0143307467245432,4.74594961150791e-05,4.07624322929322e-05,7.23914521380588e-10,1.20349864643622e-05,0.000102867392435647,-395.341071999904,0.091071779399429,0.0656696515811052,1,0.607200650601433
"linear",200,"sir_laplace",176,1.772,2932.81101638219,2744.19010392776,210.060542876368,231.474310274594,6624.3677924284,2621.21191521625,4615.02195311384,2069.19696256107,1655.08522369198,1548.64001350325,118.54432442233,130.628843270087,3738.35654200248,2604.4141947595,0.0042653632069913,0.00369835972009679,5.30702248918746e-06,0.00114089725035144,0.00888091349418294,4.39364756065957e-05,3.77380629772755e-05,5.91223075564289e-10,1.11769106393159e-05,9.05714300975856e-05,-386.474474818787,0.132945009250181,0.0969817363231664,0.96,0.562885243669049
"linear",200,"sir_laplace",177,1.761,2953.86402081122,2128.66782584958,196.869972993693,161.559338887481,6131.49897455767,2420.25647154622,4201.08430827931,1284.17046591488,1677.37877388485,1208.78354676297,111.794419644346,91.742952235935,3481.82792422355,2385.62425228808,0.00532967508732262,0.00469053460912274,8.55012286283632e-06,0.00114003214651071,0.0112929119544183,5.40569462745566e-05,4.6828798434324e-05,9.51380924186394e-10,1.28797912704327e-05,0.00011665092697619,-390.834914815944,0.156845319001644,0.122212849175199,0.98,0.594459889585908
"linear",200,"sir_laplace",178,1.838,3033.68318685503,2961.24617672663,189.358061349399,164.72002699564,6529.53821705232,2979.13566932643,4870.55602563242,1508.93049579911,1650.53492211917,1611.12414402972,103.023972442545,89.6191659388685,3552.52351308614,2649.92166791753,0.00487666232352251,0.00416614011695394,7.51820462105484e-06,0.00128955231310985,0.0105226581196201,4.86219146738274e-05,4.13271845884527e-05,8.40450221094709e-10,1.14217520196222e-05,0.000102515125723314,-391.021059187314,0.0939820973629012,0.0771711001499558,1,0.580877767125252
"linear",200,"sir_laplace",179,1.841,2616.24975363181,2293.67036475022,170.02558222859,207.094911264276,6622.35248211093,2803.80299741171,4672.46563792439,1474.533431149,1421.10252777393,1245.88287058676,92.3550147901088,112.490446096836,3597.14963721398,2538.00414879108,0.00420616995155839,0.00367466060372738,5.07316105692409e-06,0.0010697032943518,0.00863942925759585,4.37858633563723e-05,3.81966760769082e-05,5.4017483761802e-10,1.18265764272356e-05,8.99397892514317e-05,-399.608717457108,0.122378642802658,0.0962970994486991,1,0.552418503961522
"linear",200,"sir_laplace",17,1.749,2973.58903133906,3031.88080025601,220.898404696498,229.595609865331,6617.93465022596,3176.8250954661,5648.76675254947,2782.83323008768,1700.16525519672,1733.49388236478,126.299831158661,131.272504211167,3783.83913677871,3229.71226560862,0.00338881265867874,0.00301302347389285,2.56245084664368e-06,0.00104778550136943,0.00660991470771567,3.57385349392966e-05,3.14873050417196e-05,3.09676814417853e-10,9.68790722749765e-06,7.04871141676982e-05,-376.591411166458,0.132933650555543,0.103481416858176,0.95,0.533131475007479
"linear",200,"sir_laplace",180,1.896,3885.52280823776,3675.7759674507,163.461676561431,254.21168764783,6764.14905566622,2903.48445204939,4801.88234304187,1516.032571413,2049.32637565283,1938.70040477357,86.2139644311345,134.077894329024,3567.58916438092,2532.63836658327,0.0042768277910596,0.00374626482282434,5.17047744220596e-06,0.00109254953402071,0.008746607081468,4.20434613091447e-05,3.6975384390945e-05,3.9933734710046e-10,1.41226197253625e-05,8.46730253649542e-05,-392.141413774212,0.100067211547825,0.0749888244171534,1,0.555873851471511
"linear",200,"sir_laplace",181,1.779,3280.0736499509,3012.60700223118,237.675176031325,203.958023041491,6302.94741228296,2368.89139564428,4775.23402115408,893.719101813072,1843.77383358679,1693.42720754985,133.600436217721,114.647567758005,3542.97212607249,2684.22373308268,0.00422285769410638,0.00368528903038351,5.09860792890745e-06,0.00108026055335687,0.00882316705001589,4.76703964965597e-05,4.08252510670915e-05,9.11583639245784e-10,1.04464732031009e-05,9.88223417884936e-05,-377.701615058767,0.108831502634251,0.0970192718592758,1,0.563050030503354
"linear",200,"sir_laplace",182,1.787,3204.12476322752,3134.55432367186,128.379804229046,224.804345120373,6411.24748629715,2932.38415120933,4675.48468020646,883.232013122179,1793.01889380387,1754.08747827188,71.8409648735566,125.799857370102,3587.71543721161,2616.3876218279,0.00480766751548265,0.00418937066760699,6.78297807074728e-06,0.00125355767703696,0.0101495954680892,5.28768372007126e-05,4.57529880885804e-05,8.82684573309715e-10,1.36073618591385e-05,0.000112464046412743,-381.134184125684,0.134975472912555,0.0987574844397433,0.945,0.580095000128774
"linear",200,"sir_laplace",183,1.764,3284.98968784217,3225.29573782357,227.773252641711,216.218634640224,6651.79914244858,3547.83387168322,5133.91841904604,1951.86802638749,1862.23905206472,1828.39894434443,129.123159093941,122.572922131646,3770.86119186427,2910.38459129594,0.00411460380266226,0.00352562250342242,5.13975111328292e-06,0.00108073991118905,0.00871904603551741,3.96133704077849e-05,3.4547463310848e-05,4.47957577398665e-10,1.10933405997147e-05,8.05257798413845e-05,-400.052556275344,0.0967310341822157,0.076618975703893,1,0.555080357087204
"linear",200,"sir_laplace",184,1.897,3928.56318550112,3574.25317606583,155.632607347939,176.70011335717,6639.94213409488,2648.20536075805,4516.72199070536,1396.84512545947,2070.93473141862,1884.160872992,82.0414377163621,93.1471340839062,3500.23307016072,2380.98154491585,0.00468617468913586,0.0040285429978624,7.08106349239097e-06,0.00119285353337619,0.0101149911645163,4.53560595543883e-05,3.95923107291113e-05,5.60787559676894e-10,1.0756551682254e-05,9.31620694566592e-05,-398.559543773535,0.103730696974309,0.0767689130879708,0.995,0.567966023941031
"linear",200,"sir_laplace",185,2.003,3239.64365155215,2811.57583852796,154.784205413745,185.856690224456,6436.42834152404,1921.29404615181,5415.30964598091,2040.3385222365,1617.39573217781,1403.68239567047,77.276188424236,92.7891613701729,3213.39407964256,2703.59942385468,0.00501533491257347,0.0042549459966824,9.03360771599374e-06,0.00111709831319766,0.0107906318868373,4.35347490528518e-05,3.55516931802702e-05,8.37647485524863e-10,1.11534520807151e-05,9.33754750314506e-05,-400.892130088342,0.110943222164014,0.0893299552938021,1,0.572378969843879
"linear",200,"sir_laplace",186,1.751,3532.3701867003,3149.79283788653,198.37806815138,155.547852294046,6378.97027061233,2877.08753976382,4480.63988074052,1183.15954672763,2017.34448126802,1798.85370524645,113.294156568464,88.8337248966567,3643.04412941881,2558.90341561423,0.00441333084894657,0.00376719662766756,6.19026163424196e-06,0.00113230243024394,0.00953757659898971,4.90783754512854e-05,4.06513892490326e-05,1.15796827926519e-09,1.28305376280184e-05,0.000103371445851747,-405.462412236117,0.101426426736088,0.0824793226826952,1,0.553002585746953
"linear",200,"sir_laplace",187,2.064,3617.68872092165,3671.33764064315,188.47143890869,199.150442102505,6938.4747849292,3770.23852538117,4668.74493985503,1544.76082941834,1752.75616323723,1778.74885690075,91.3136816418073,96.4876172977253,3361.66413998508,2261.98882744914,0.0043867109182461,0.00381181055289158,5.89315703156142e-06,0.00108468472922131,0.00924051741697096,4.04548019786546e-05,3.44212658325982e-05,5.70497869405782e-10,1.05988195056267e-05,8.41748350580542e-05,-384.417738346508,0.104942501078712,0.0884485881826133,0.995,0.560941428820969
"linear",200,"sir_laplace",188,1.755,3829.86997236806,3722.04752039666,241.982491137441,240.49585997387,6643.76218599498,2584.54999334784,5271.53387394069,2351.09371060368,2182.26209251741,2120.82479794682,137.881761331875,137.034678047789,3785.61947919942,3003.72300509441,0.00436164424414809,0.00374693711184066,5.81029053932328e-06,0.00121789534743563,0.00916426908582888,4.11826970707184e-05,3.58422403638881e-05,5.29787534859359e-10,1.11072776935415e-05,8.59321763319997e-05,-384.309415679983,0.112426544091528,0.0885905868894626,0.99,0.557501464813829
"linear",200,"sir_laplace",189,1.757,3214.64625798624,2806.77463252854,194.29353361525,192.821963198562,6238.75427351548,2531.03241435982,4078.09067426954,1508.08998418636,1829.62222992956,1597.48129341408,110.582546166904,109.744998974708,3550.79924502873,2321.05331489444,0.00454371973469375,0.0039302732894625,5.73807164892691e-06,0.0013381036205791,0.00964876860194469,5.18357187889325e-05,4.32054180841e-05,1.08995052909363e-09,1.21928154702632e-05,0.000113794586458891,-386.995178187791,0.0969832096254569,0.0755543319082951,1,0.574888698902062
"linear",200,"sir_laplace",18,1.762,3505.57071482281,3338.95546155091,208.851795791136,207.568271952209,6533.69890505141,1955.98076396893,4900.84211976441,1160.72208227506,1989.5407008075,1894.98039815602,118.531098632881,117.802651505227,3708.11515610183,2781.40869453145,0.00521960277488224,0.00444123581022381,1.07776410682844e-05,0.00127427916628475,0.0110210527999006,4.91489018745022e-05,4.18724526176436e-05,7.93740253791792e-10,1.12292916544024e-05,0.000107893712011533,-403.309889345487,0.143460028626266,0.111662526254222,0.995,0.587354085441991
"linear",200,"sir_laplace",190,2.183,3051.2496999454,3167.26919961832,214.642074428401,242.807879231769,6449.76735613961,2868.26957712196,4684.97445887518,1969.59241810163,1397.73234079038,1450.87915694838,98.3243584188736,111.226696853765,2954.54299410885,2146.11748001611,0.00404311886446306,0.00357111249659701,4.78471483077169e-06,0.0011095586920219,0.00812698189012607,4.38839135135036e-05,3.82625814765052e-05,5.53547060767862e-10,1.0933370744894e-05,9.24265602035593e-05,-383.420400395522,0.107589034489836,0.0837637691361664,1,0.556193614216511
"linear",200,"sir_laplace",191,1.995,2857.82631419637,2792.7817478125,204.002194959448,242.684693939966,6652.61709255138,3057.71713518297,4838.68285002813,1617.86523092646,1432.49439308089,1399.89060040727,102.256739328044,121.646463127803,3334.64515917362,2425.40493735746,0.0041495301707755,0.00355543819822558,4.98808132175132e-06,0.0012006192155464,0.00864305589431464,4.3116315384847e-05,3.72448322587915e-05,5.32154444781334e-10,1.15199810602861e-05,8.78898017968128e-05,-393.649299961717,0.148442306917555,0.11750243864821,0.92,0.567257192944659
"linear",200,"sir_laplace",192,2.108,3588.38732923097,3089.06244939454,170.644890753535,187.093227663328,6164.35215373213,1286.89832302485,3601.86117928047,769.833253150259,1702.27102904695,1465.3996439253,80.9510866952251,88.7539030660951,2924.26572757691,1708.66279852015,0.00630687860807883,0.00546859815341325,1.42627898565732e-05,0.00141110474126355,0.0137804409415626,5.82791890579101e-05,4.95820438480066e-05,1.29515103130887e-09,1.17745583147028e-05,0.000124328125706435,-376.902054711711,0.168612231937872,0.130245088063638,0.97,0.610072946531307
"linear",200,"sir_laplace",193,1.843,2490.53112877716,2090.56224209225,210.093815851914,150.798023528242,6579.79392326824,1737.35811081371,5356.4179210996,1855.45471956655,1351.3462445888,1134.32568751614,113.995559333649,81.8220420663278,3570.1540549475,2906.35806896343,0.00415145100035657,0.00366067518955996,4.67526762904033e-06,0.00101336335471943,0.00852297843907476,4.31635884213514e-05,3.6181615040227e-05,6.69284710275998e-10,1.06728317216403e-05,9.14565808510975e-05,-380.664429518986,0.141291245897881,0.123221100546422,0.925,0.565733098100132
"linear",200,"sir_laplace",194,2.074,3294.17890056406,3184.57962743486,217.236943577428,257.471679473603,6684.99405127104,3347.59557150427,4985.59295508179,2550.06778603079,1588.32155282742,1535.47715884034,104.74298147417,124.142564837803,3223.2372474788,2403.85388383886,0.00347291424711155,0.00306834781193662,3.01706756586407e-06,0.00103989945820094,0.00699766696739404,3.98296624038434e-05,3.50157860961012e-05,4.06570328222578e-10,1.21818433963014e-05,7.92959589552331e-05,-400.590507719716,0.101338007543626,0.0840859134401027,1,0.532553013287355
"linear",200,"sir_laplace",195,1.903,4377.60539921162,4076.93194919612,172.351653940921,183.939613327107,6671.7454722715,922.692410442583,5051.96502825358,1217.4338211695,2300.37067746275,2142.37096647195,90.5683940835109,96.6577053742021,3505.90933908119,2654.73727180955,0.00565226163305188,0.00489515479454834,1.03294624246846e-05,0.00121546244871814,0.0124675521324913,4.10187437102135e-05,3.62465013302618e-05,4.51218929224023e-10,1.11376100080833e-05,8.10764486066305e-05,-389.322753429896,0.104575024892129,0.0760191264341498,1,0.580168357322395
"linear",200,"sir_laplace",196,2.044,2921.92677716187,2692.73903550749,264.743120371565,195.913181434185,6648.06794320126,3168.2767525327,4709.39405608427,1888.90884946932,1429.51407884631,1317.38700367294,129.522074545776,95.8479361223997,3252.47942426676,2304.00883370072,0.00386735252439393,0.00341599244104294,3.88723692736268e-06,0.00108630944631054,0.00768438823733029,4.16491178786389e-05,3.71203180288611e-05,5.25978175481551e-10,1.03349993376309e-05,8.18008318000844e-05,-379.657768503941,0.0808487283192776,0.0642081114299956,1,0.547577934997556
"linear",200,"sir_laplace",197,1.853,3769.09242862167,3635.33883040458,208.316180082054,231.026513932445,6398.34372024037,1442.69206545868,4676.46373305927,1134.33078199482,2034.04880119896,1961.86661111958,112.421036201864,124.677017772501,3452.96477077192,2523.72570591434,0.00638903788102347,0.0055468279267487,1.31687932781221e-05,0.00136440883229529,0.013132235021977,5.40546812049482e-05,4.40766972423573e-05,1.24598791577363e-09,1.48001008250686e-05,0.000120873322737344,-383.385345459597,0.125149480350818,0.093969625828618,0.965,0.602732718046609
"linear",200,"sir_laplace",198,1.754,2755.83035479634,2641.47554563722,207.60587852448,207.568056609408,6529.42689276268,2392.90255859996,5178.49002105087,1468.86512892307,1571.16895940498,1505.9723749357,118.361390264812,118.339827029309,3722.59229918055,2952.38883754326,0.00427765954707177,0.00383928108079947,4.93753820373204e-06,0.00109132386888409,0.00871910925448655,4.42243266955634e-05,3.77733070950502e-05,6.66662423546942e-10,1.18957702072766e-05,9.35163788145768e-05,-410.915746097191,0.102721310602566,0.0803922688090652,0.965,0.553369161915557
"linear",200,"sir_laplace",199,2.222,3379.28604583568,3182.54038351872,190.551750553517,217.432282504466,6179.83682172598,1770.08214721649,4571.96145105636,1390.28779441393,1520.83080370643,1432.28640122355,85.756863435426,97.8543125582654,2781.20469024572,2057.58841181654,0.00472517099769697,0.00416799293010428,6.44108055904157e-06,0.000963834968539684,0.00977933093866206,4.76566185392709e-05,4.09124633306973e-05,8.61752597713207e-10,9.83207198975781e-06,9.97314436464764e-05,-400.621190559847,0.112711518618683,0.0930292486124476,0.995,0.574200748513971
"linear",200,"sir_laplace",19,1.967,3461.29806152448,3475.44323700198,193.083441363401,206.988686165682,6156.18677379894,1758.67643966329,5218.99824212453,1311.95142585451,1759.68381368809,1766.87505694051,98.1613835096088,105.23064878784,3129.73399786423,2653.27821155289,0.00471898209268662,0.00395553610615036,8.53621205528247e-06,0.00109429145930355,0.0100889319336951,4.45482526851143e-05,3.82115293079816e-05,6.98366384185829e-10,1.22502990148898e-05,9.22746066271168e-05,-398.026309969696,0.118745312917462,0.102807716828791,0.995,0.569654950615596
"linear",200,"sir_laplace",1,1.774,3396.11450558529,3201.75883367478,180.73676747744,189.143100308151,6497.93768864627,1934.3670174771,5579.69471857126,911.436614361925,1914.38247214503,1804.82459620901,101.880928679504,106.619560489375,3662.87355617039,3145.26196086317,0.00491201775224056,0.00429403087816103,6.85669216521026e-06,0.00117446115456071,0.0100887771527251,4.19841297771705e-05,3.56316113356071e-05,5.54893306152794e-10,1.05464025652967e-05,9.07085101635655e-05,-376.502372017366,0.14909715031165,0.116553239974536,0.9,0.57329037460803
"linear",200,"sir_laplace",200,1.775,2402.7919555307,1769.13827880495,254.09338637441,223.407789587476,6602.49137454035,2584.19702444583,4772.73408765674,1576.92939318505,1353.68560874969,996.697621861941,143.151203591217,125.863543429564,3719.71345044527,2688.86427473619,0.00385019504149562,0.00344014783372947,3.54838063240205e-06,0.00118943498691287,0.00765320833749254,4.57249684363905e-05,3.79435994323504e-05,7.41300999702546e-10,1.38165325241468e-05,0.000102285064211303,-394.617331504767,0.0609665402642507,0.0483315997084725,1,0.548514977726397
"linear",200,"sir_laplace",20,1.755,2921.60150425723,2745.54081185012,143.277498909885,187.661186498797,6751.83122541782,3119.49376708007,5139.01974104073,1529.70280013924,1664.73020185597,1564.41071900292,81.6396005184528,106.929450996466,3847.19727944036,2928.21637666138,0.00450132364879513,0.0039446492688076,6.24702639309262e-06,0.00103020162058442,0.00923386363839125,4.2501950479611e-05,3.74912376786316e-05,5.19278145199037e-10,1.20757820385045e-05,8.71280989393615e-05,-400.771276442394,0.100205138495671,0.0871554545830207,1,0.560805512576318
"linear",200,"sir_laplace",21,2.167,3429.51308896464,2996.00956112956,191.635679191818,207.493276561049,6697.20890050763,3333.1448398685,4365.13545704246,1436.33824534017,1582.60871664266,1382.56094191489,88.4336313760121,95.7513966594598,3090.54402423056,2014.36800048106,0.00459911621383211,0.00396993290257513,6.60243111216029e-06,0.00123869740355037,0.0092620837055782,4.31809347755434e-05,3.77192446468889e-05,5.47002942011507e-10,1.21118396738211e-05,8.93304024262825e-05,-393.974218854393,0.0876399727009144,0.0760032964741439,1,0.561577732927415
"linear",200,"sir_laplace",22,1.842,3097.47245170864,3196.62389329988,245.202013200596,195.417189919511,6813.08539660285,3214.86081324614,5312.91831619108,2502.45412562916,1681.58113556387,1735.40927975021,133.117271010095,106.089679652286,3698.74342920893,2884.32047567377,0.00378803741672517,0.00331639638359923,3.97797327203821e-06,0.00100333386968116,0.00768494378627544,3.89320220937537e-05,3.39527460705805e-05,4.2947074530413e-10,1.28253395366074e-05,7.85036168807205e-05,-395.706479661232,0.116931744160991,0.0861752060314359,0.965,0.537557602901569
"linear",200,"sir_laplace",23,1.76,3096.37826017036,2977.38663514456,204.682471555045,166.639516555259,6489.59047464727,2304.51955222269,4588.46869301277,1024.97455979748,1759.30582964225,1691.69695178668,116.296858838094,94.6815434973065,3687.2673151405,2607.08448466635,0.00461001814767977,0.00390629301205512,6.74675752572506e-06,0.00113388916112048,0.00977194142897299,4.50351675896041e-05,3.75266663233178e-05,7.76911278862067e-10,1.051206352883e-05,9.7813220965456e-05,-395.010077257147,0.129032202778948,0.0984384487048865,1,0.573971893308415
"linear",200,"sir_laplace",24,1.975,3026.2490892939,2778.60954265031,229.243395239399,263.071906481162,6698.24994611577,3218.44380029249,5161.45753446707,2057.42105847434,1532.27801989564,1406.89090767104,116.072605184506,133.200965306917,3391.51896005862,2613.39621998333,0.00366560648373135,0.00321272061631705,3.54562463383893e-06,0.00100991455237706,0.00733546118488517,4.1908237402697e-05,3.68254251416657e-05,4.69226080199453e-10,1.21442620806949e-05,8.5191653069349e-05,-388.068310495245,0.104171828616575,0.0835106072670231,0.99,0.539927722063199
"linear",200,"sir_laplace",25,1.764,3398.73939393789,3304.63349681916,214.161741695083,196.248028095107,6488.25654095029,2268.98605104849,4676.31017494257,1813.27280317964,1926.72301243645,1873.3749981968,121.406883047099,111.251716607203,3678.14996652511,2650.96948692889,0.00484920550768574,0.00409622842272066,8.0705487487593e-06,0.00115277242425836,0.0109853517617611,4.90256231242814e-05,4.21175489374102e-05,7.98724451520596e-10,1.1610663912578e-05,0.00010638899025888,-410.633794483582,0.156446805285322,0.13009963133791,0.995,0.563810450629475
"linear",200,"sir_laplace",26,1.754,4060.18500386742,4176.81126743416,141.621892999068,156.77500517861,6267.56764741159,1725.83627507246,5777.50478094288,1442.46280537961,2314.81471144095,2381.30630982563,80.7422423027756,89.3814168635178,3573.2996849553,3293.90238366185,0.00533452742239285,0.00444230639618903,1.10697589642626e-05,0.00124774911251611,0.0119500860423743,4.03423198233997e-05,3.43057491841786e-05,5.85151482846139e-10,9.61353753645899e-06,8.31721873882041e-05,-389.256959953463,0.0923612483897785,0.0779081889556955,1,0.574297623065707
"linear",200,"sir_laplace",27,1.759,2547.94016942237,2219.26044790983,194.914917775447,241.365047173592,6581.63440278053,2638.32479463836,5159.93262539023,1963.13686104663,1448.51629870516,1261.66028874919,110.810072640959,137.21719566435,3741.69096235391,2933.44663183072,0.00385359969137272,0.00335696475971198,4.38577815486916e-06,0.00095312020274245,0.00798557450930552,4.17154049769088e-05,3.7104486466188e-05,4.60472254917584e-10,1.28389973458418e-05,8.3942039319363e-05,-393.338513512272,0.0998090784436419,0.0714128711311223,1,0.547022293328032
"linear",200,"sir_laplace",28,2.105,2776.66919708667,2495.63676320653,171.489008503991,186.550242237175,6306.35168970259,2480.80823805276,5053.78465234121,1640.85328040052,1319.08275396041,1185.57565948054,81.4674624722045,88.6224428680166,2995.89153905111,2400.84781583905,0.00485559510269869,0.00413095573480064,8.33150683283985e-06,0.00115964597425009,0.0106732139933848,4.81873144986356e-05,3.96169975042945e-05,1.2544275237678e-09,1.19323490536286e-05,0.000103548901007217,-388.862747323531,0.100269990616329,0.0779295948832886,1,0.582003038073276
"linear",200,"sir_laplace",29,2.084,3707.37468387107,3621.34515796015,246.181471577492,211.43406962712,6447.64149925792,2647.29364927554,4769.02753939773,1799.17945585913,1778.97057767326,1737.68961514403,118.129304979603,101.455887537006,3093.87787872261,2288.40093061311,0.00425227397394057,0.00366285055403978,5.6330736091015e-06,0.00113563070339753,0.00876721768351112,4.43389063768818e-05,3.86850564108244e-05,5.70314267122375e-10,1.27196868403168e-05,9.07902309707648e-05,-396.283790270017,0.0829038026917086,0.0702606989865249,1,0.553130301082073
"linear",200,"sir_laplace",2,1.75,3514.32632019296,3352.62918128033,189.957270484292,270.924056552239,6758.10423091041,2228.15570491565,5407.5409332361,1550.6898354349,2008.18646868169,1915.78810358876,108.54701170531,154.813746601279,3861.77384623452,3090.02339042063,0.00441593152124242,0.00379157942169119,7.07921008905406e-06,0.00105395546645702,0.00931150217937601,3.69648746119924e-05,3.26330475531721e-05,3.58270554421409e-10,1.08815587836536e-05,7.42510998439309e-05,-400.180176860187,0.138716892263865,0.108666142405871,0.995,0.544739624784316
"linear",200,"sir_laplace",30,1.778,3069.5343306209,2780.63234569158,267.699823794782,243.438675063141,6798.53307219631,3376.16621731911,6112.6347605537,2574.30738210138,1726.39726131659,1563.9102056758,150.562330593241,136.917140080507,3823.69689099905,3437.92731189747,0.004106480243327,0.00364429122592938,4.20828181511953e-06,0.00120381019973416,0.00824498289501263,3.69056843599246e-05,3.18921402057565e-05,4.06715609102928e-10,1.06521148941869e-05,7.51193776002126e-05,-397.613342410089,0.120587025991493,0.089656514406453,0.955,0.547209932592335
"linear",200,"sir_laplace",31,2.152,3108.07015249398,3280.75775062165,184.747002275133,215.764308410698,6345.53268818047,2616.5733057575,4823.21155342085,1428.60910802537,1444.27051695817,1524.51568337437,85.848978752385,100.262225097908,2948.66760603181,2241.26930921043,0.00453132537220876,0.00380100064471488,7.53036615077841e-06,0.00117160509925167,0.0102155058470238,4.3652999989222e-05,3.75168417595446e-05,5.91287603848466e-10,1.15438277027307e-05,9.01311079524635e-05,-387.19585924206,0.132810014894996,0.101187950112804,0.975,0.57375340884594
"linear",200,"sir_laplace",32,2.114,3628.55423580706,3321.5075530817,250.036906670757,197.406371021892,6588.01690741092,3085.30055630241,5065.57881024233,1005.74679508848,1716.44003585954,1571.19562586646,118.276682436498,93.3804971721342,3116.37507446117,2396.20568128776,0.0043765914452514,0.00374460218393817,6.36456086700788e-06,0.00122012237357699,0.00935176473002692,4.16064487538641e-05,3.64858780551049e-05,5.22426032577173e-10,1.03610542286802e-05,8.50254830733519e-05,-396.217246405407,0.111709962560464,0.0807145790028391,1,0.551970467201456
"linear",200,"sir_laplace",33,1.991,3367.45667799592,3124.7660239668,210.636318001348,193.340234323301,6743.50712651178,2790.39989480144,5204.44524775572,1512.25526805238,1691.33936614562,1569.44551680904,105.794233049396,97.1070991076347,3386.99504094012,2613.98555889288,0.00437112797337618,0.00384999301524943,5.27206801227557e-06,0.00112681326758844,0.00902792943421001,4.1721753685973e-05,3.59739862711513e-05,5.66478601185869e-10,1.09022639209853e-05,8.99483116667284e-05,-400.742342491948,0.079098862659408,0.0617737565201428,1,0.554658116141445
"linear",200,"sir_laplace",34,1.78,3730.33935774237,3359.66399117398,126.324065838562,204.529034826705,6545.93409374308,3734.12878830726,4522.47462116573,1523.30050186821,2095.69626839459,1887.45168043482,70.968576313799,114.903952149834,3677.49106390061,2540.71607930659,0.00431037917366915,0.00368472492550996,6.07133794620493e-06,0.00105761181665321,0.00941571770179857,4.61726804340143e-05,3.93821680217493e-05,7.57929844878532e-10,1.09709000308666e-05,9.63329693803242e-05,-388.802603039894,0.0960856140212049,0.0698582896717138,1,0.559762717781149
"linear",200,"sir_laplace",35,1.907,3282.74838758529,3127.30688322899,205.186974290626,140.188065168366,6435.50671073748,3588.42375512511,4209.18349874688,1068.41222379621,1721.42023470649,1639.90922036129,107.596735338556,73.5123571936893,3374.67577909674,2207.22784412527,0.0046487093927762,0.00409149854987048,5.88374405123524e-06,0.00118306859100936,0.00945190598525267,4.90169960110936e-05,4.06156540817139e-05,9.57988379086006e-10,1.15921947944207e-05,0.000109624464728037,-395.490810833426,0.108535864351317,0.08933317181796,1,0.564869488967113
"linear",200,"sir_laplace",36,1.775,1866.08579801885,1605.6073341146,155.256259777537,203.656678487638,6215.43431008827,1240.92674892103,4335.89093461974,858.538973303505,1051.31594254583,904.567512177237,87.4683153676264,114.736156894444,3501.6531324441,2442.7554561238,0.00567060221067883,0.00470448166527322,1.29224314860902e-05,0.00116469099031929,0.0122762192292313,6.13981808393845e-05,5.19588482182627e-05,1.32760994394312e-09,1.27867837220064e-05,0.000133319449724896,-389.569488071267,0.1370090612118,0.109068002655387,1,0.598918893044888
"linear",200,"sir_laplace",37,1.953,2935.88316279955,2895.57786919676,219.833624535571,200.208846095797,6617.19519061274,3166.281107727,5247.45320067227,2387.90709636887,1503.26838853024,1482.63075739721,112.562019731475,102.513490064412,3388.22078372388,2686.8679982961,0.00395035394335023,0.00338585562385583,4.56535862670751e-06,0.00114237764715362,0.0082612837528567,4.04223469130695e-05,3.54131231330959e-05,4.52240630834922e-10,1.04354575954108e-05,8.27890988907245e-05,-377.775041139585,0.130965264689593,0.113786910003512,0.98,0.561810405851262
"linear",200,"sir_laplace",38,1.758,3600.30137406372,3415.59721680615,149.956750426721,249.818914927449,6813.0054665335,2670.46461725814,5080.95487290811,1707.21880278193,2047.95300003625,1942.88806416732,85.299630504392,142.104047171473,3875.4297306789,2890.1904851582,0.00491393509457142,0.00424294434914603,7.63983023977506e-06,0.00111363327957199,0.0102230088394245,3.90261177244726e-05,3.3748375767224e-05,4.57358385061122e-10,1.10659020499815e-05,8.02030268543496e-05,-400.997521455841,0.109456127619854,0.0923040939229168,1,0.565810456937215
"linear",200,"sir_laplace",39,1.821,3590.82210891292,3305.61820490222,151.095296508324,183.583145687769,6360.95857193256,1540.29914807921,5010.83741483112,597.631766283036,1971.89572153373,1815.27633437793,82.973803683868,100.814467703333,3493.11288958405,2751.69545020929,0.00547603801923192,0.00453869243218397,1.18032156031168e-05,0.00124766878846969,0.0119049086091634,4.65855332338162e-05,3.86212052681894e-05,8.07625781928533e-10,1.0741722435226e-05,0.000104420799456777,-398.892822251219,0.0946649055703787,0.0774350048738574,1,0.588509267831349
"linear",200,"sir_laplace",3,2.097,2985.42848229007,2638.04863114341,204.169685392558,237.195345876998,6229.96537029944,3159.42776447796,4061.31006340002,1206.82677855403,1423.66641978544,1258.01079215232,97.3627493526741,113.111752921792,2970.89431106316,1936.72392150693,0.00472847381522564,0.00409495295858575,7.54031313866143e-06,0.00109637814508848,0.00992121458230704,5.56340564943889e-05,4.91934302179099e-05,8.55590180045995e-10,1.52805628970233e-05,0.000113207748165088,-390.03053150009,0.182072904209247,0.150791982532506,0.95,0.581352012064897
"linear",200,"sir_laplace",40,2.064,2814.93283728429,2158.05529051619,190.909446193936,203.415074744235,6540.58617461793,2783.23914855647,5028.79505914746,1751.15269598906,1363.82404907185,1045.56942369971,92.4948867218681,98.5538152830596,3168.88865049319,2436.43171470323,0.00440057497755956,0.0037833438380918,6.38324917373869e-06,0.00108892697264136,0.00929658614327238,4.27161869668882e-05,3.67117512349037e-05,5.88815552329209e-10,1.1457342135458e-05,8.88082120857439e-05,-393.017914504225,0.16675953120999,0.130700657364334,0.92,0.561443732313896
"linear",200,"sir_laplace",41,2.053,3096.84411005759,2580.64059086621,215.396512219805,204.650695942392,6377.84082977625,1973.19984263375,4853.84961410152,1283.05751262483,1508.44817830375,1257.00954255539,104.917930939993,99.6837291487541,3106.59563067523,2364.27160940162,0.00442913797961297,0.00385701425282803,5.78525034336487e-06,0.00111278133021605,0.00920642065933398,4.71187641549034e-05,3.99492023661162e-05,9.86199547423401e-10,1.15275011724993e-05,9.85547119911855e-05,-386.226925005278,0.0985538207219737,0.0820111123903901,1,0.562468985890379
"linear",200,"sir_laplace",42,1.978,3229.18671545121,3022.0238494914,235.972828553174,203.426455145978,6363.48848957825,2298.64767088672,4775.94153704631,1329.27858479008,1632.55142338282,1527.81792188645,119.298699976327,102.844517262881,3217.13270453905,2414.53060518014,0.00415266695135447,0.00366690605502226,4.6500813343588e-06,0.00109749529829257,0.00823676041390136,4.82889631495505e-05,4.02903296839819e-05,8.62329268463617e-10,1.04522240010931e-05,0.000105743807224008,-379.661168760041,0.0898218158105361,0.0722824663055865,1,0.559170970892182
"linear",200,"sir_laplace",43,2.193,3608.92131001571,3697.79848948316,121.747847659378,165.319982126748,6636.62247607829,1722.61431527387,5031.55645203472,1907.84480008465,1645.65495212755,1686.18262174335,55.5165744000814,75.3853087673267,3026.27563888659,2294.37138715674,0.00470788817867537,0.00414524969829503,5.88900160522857e-06,0.00110710132552224,0.00962443590450869,4.49545253540175e-05,3.79999368894157e-05,7.33804304055609e-10,1.08338118682499e-05,9.51964477930007e-05,-391.569991949096,0.10271945616685,0.0837363172129839,1,0.56529045841557
"linear",200,"sir_laplace",44,2.186,3336.09995758764,2926.09061775756,135.242045768088,209.191613573858,6154.41686434098,1434.4245274744,4385.65896332775,1150.99121955171,1526.12074912518,1338.55929449111,61.867358539839,95.696072083192,2815.37825450182,2006.24838212615,0.0056738387313948,0.00472602848019539,1.35419042892278e-05,0.00115556524754543,0.0127042284307008,4.75969402215642e-05,4.10756961644071e-05,6.49151532327895e-10,1.2924532259698e-05,0.000100130954108895,-397.998505388114,0.0949107720324559,0.0754447052376992,1,0.594712343754474
"linear",200,"sir_laplace",45,2.17,3904.05833800443,3878.05714734582,207.665306098177,217.151319922441,6556.00666625526,1332.63367554587,5307.82473324294,1255.2989201566,1799.10522488684,1787.12310937595,95.6982977410953,100.069732683153,3021.20122868906,2446.00218121794,0.00624057885560454,0.00532265241489285,1.41191120341895e-05,0.0013064087121119,0.0133266881605233,4.46576038052429e-05,3.71112225033074e-05,7.27373743545568e-10,1.19259629844898e-05,0.000100345854044458,-398.335817497454,0.12030005346921,0.0928141336445026,1,0.598444539530322
"linear",200,"sir_laplace",46,1.764,2235.10080187262,1924.4575050107,170.592810809724,160.175564208738,6601.60678473853,2226.54302754501,5028.90376764823,1211.31076560318,1267.0639466398,1090.96230442783,96.7079426358979,90.8024740412346,3742.40747434157,2850.85247599106,0.00471262175848098,0.00404901537909997,6.83765671354314e-06,0.00105482401316139,0.00959619271683083,4.36280199607621e-05,3.67191071959814e-05,7.52015176127094e-10,1.10729488000825e-05,9.63233770568574e-05,-399.679896131218,0.11180113552767,0.0840991144833832,1,0.556005645871458
"linear",200,"sir_laplace",47,1.859,3044.64925460242,2863.97871756392,174.199798165015,141.817933790207,6286.67035750027,2529.59500564519,4081.63811423954,787.3607062755,1637.78873297602,1540.60178459597,93.706185134489,76.2872155945169,3381.74844405609,2195.60952890777,0.00524642301751653,0.00451302499367414,8.80127516937782e-06,0.00106459398363894,0.011163971475782,5.45101794503052e-05,4.60867856449441e-05,1.09974819166849e-09,1.28652379122425e-05,0.000122123293428021,-415.834481676352,0.143069183020877,0.11650617810038,0.935,0.574828927699811
"linear",200,"sir_laplace",48,1.925,3181.23567412814,3210.05302666127,206.937983531957,182.524245253458,6532.14019806034,2206.8894165992,4706.60839775601,1392.31734513157,1652.58996058605,1667.56001385001,107.500251185432,94.8177897420559,3393.31958340797,2444.99137545767,0.00446493569114714,0.00394376698428007,5.15582734077288e-06,0.00110253436156624,0.00899633271697506,5.0902879599404e-05,4.2745858667773e-05,1.05759182908388e-09,1.21640121824816e-05,0.000110404882707599,-401.633217475847,0.0972323555673036,0.0805531722747256,1,0.561568899195547
"linear",200,"sir_laplace",49,1.752,3386.45288815216,3189.66692624995,210.428688247139,236.393566353777,6710.50571062891,3260.27927235007,5389.53202142291,2921.14157454449,1932.90689963023,1820.58614511983,120.107698771198,134.927834676813,3830.19732341833,3076.21690720486,0.00367421267082257,0.00326770209283785,3.38842428231228e-06,0.00108327752624875,0.00736269696412141,4.12215794326662e-05,3.65476988793269e-05,4.17601703895632e-10,1.09070245465563e-05,8.21772844636846e-05,-392.997844941098,0.181567651130631,0.148534976686003,0.9,0.531175411586924
"linear",200,"sir_laplace",4,1.898,3354.68350593125,3623.94376073886,216.720747211745,156.857887604868,6110.10220081027,3167.7308588338,5025.41268887377,1047.3706870734,1767.48340670772,1909.34866213849,114.183744579423,82.6437763987712,3219.23192877253,2647.74114271537,0.00481264038819617,0.00420444704355933,7.26200425964274e-06,0.00114049633551608,0.0101344132596721,4.85880412825565e-05,4.03041538338752e-05,1.01551739270749e-09,1.03001094503016e-05,0.000106597302581372,-393.990781815476,0.118617701334887,0.0998886404278994,1,0.565999363834972
"linear",200,"sir_laplace",50,1.751,3106.32276360235,3349.38002075293,154.70776999547,205.57708816699,6784.4761588449,2542.82127799924,4936.39017464815,1232.7517246249,1774.02784900192,1912.83838992172,88.3539520248258,117.405532933747,3874.62944537116,2819.18342355691,0.00461731542858208,0.00395880145014907,6.48994292770779e-06,0.00120969112803577,0.0099962179922712,3.8385090229143e-05,3.33122916776114e-05,4.01555548390044e-10,1.01754096457785e-05,8.0111149799929e-05,-402.128775509322,0.0874551684193157,0.0691417075804683,1,0.555319989654608
"linear",200,"sir_laplace",51,2.213,3512.45787904607,3463.98832308383,191.74504260024,84.667917730669,6176.31553494383,1458.06341392582,3681.25435384966,581.934778965033,1587.1928960895,1565.29070180019,86.6448452780119,38.2593392366331,2790.92432668045,1663.46785081322,0.00559706426635521,0.00468302173844736,1.21268417795851e-05,0.00119090586154577,0.0125260041830448,5.58473643417586e-05,4.50416380626533e-05,1.71542836781892e-09,1.09641870454469e-05,0.000129814638174802,-395.521545953284,0.116401604911135,0.102678722510533,1,0.601127330697741
"linear",200,"sir_laplace",52,1.769,3289.33746193719,2640.76109090352,134.567427263023,89.1052483958253,6163.96996061226,876.089744703444,3768.92366624375,806.008627913579,1859.43327413069,1492.79880774648,76.0697723363615,50.3704061027843,3484.43751306516,2130.53909906374,0.00668780025869822,0.00564540724909179,1.61264811598334e-05,0.00127741082819314,0.0146192801054917,5.57400174362584e-05,4.51937738552702e-05,1.45841202589595e-09,1.03225124975528e-05,0.000130396253280332,-392.822410073335,0.116609172937239,0.097962714069395,1,0.614784739152461
"linear",200,"sir_laplace",53,1.775,2685.48205568016,2363.48512331636,191.770299973454,173.993724894124,6358.92487417419,1734.59650033611,4784.53803597798,1364.08668810566,1512.94763700291,1331.54091454443,108.039605618847,98.0246337431682,3582.4928868587,2695.51438646647,0.00528942566974533,0.00444744834202976,1.05457768731999e-05,0.00104961770856663,0.011386100770973,4.48973770780214e-05,3.85332095041162e-05,5.99008217361288e-10,1.13781771494427e-05,9.4066058421327e-05,-400.58996774202,0.0719021144988492,0.0532984508883426,1,0.581052425678751
"linear",200,"sir_laplace",54,2.021,3428.57796808327,3429.99806115232,165.860691282571,250.708351024511,6714.50362287147,1784.6763505557,5313.08037129724,1891.77474375875,1696.47598618667,1697.17865470179,82.0686250779668,124.051633361955,3322.36695837282,2628.93635393233,0.00518726290508914,0.00439233837348797,1.08384257007914e-05,0.00116139926705352,0.0110535081712653,3.79699005343105e-05,3.31795311691116e-05,4.0491273307187e-10,1.0354484154311e-05,7.76433164318429e-05,-393.476471880063,0.0937017035753728,0.0830157286462098,1,0.563665306955808
"linear",200,"sir_laplace",55,2.05,3047.5856733133,2913.29735633742,168.386832977554,229.597015927196,6570.41434881098,1471.88765904757,5019.89914776932,1891.17276162715,1486.6271577138,1421.12066162801,82.1399185256359,111.99854435473,3205.0801701517,2448.73129159479,0.00495485724970178,0.00435473726986391,7.83259343427688e-06,0.0012004855389962,0.0104208378883886,4.40904650904472e-05,3.76754668896141e-05,6.38324773147597e-10,1.20479428510766e-05,9.1907481035778e-05,-388.041547778857,0.102019353299395,0.0794863514276445,1,0.566297020438512
"linear",200,"sir_laplace",56,1.815,3324.34539756664,3281.46456712303,241.465598335766,218.547881875221,6581.62732474821,3271.78107372833,5352.90608013655,1789.58698541181,1831.5952603673,1807.96945846999,133.038897154692,120.412056129599,3626.2409502745,2949.2595482846,0.00408659014774283,0.00361161571052161,4.52391444904596e-06,0.00107171713904246,0.00819761263442278,4.14087803140412e-05,3.49446360851639e-05,5.712738627082e-10,1.11739086020095e-05,8.93743093635327e-05,-408.122180893641,0.0793855606740135,0.0576938959027386,1,0.549823644489599
"linear",200,"sir_laplace",57,2.092,2393.09920379254,2517.76407756016,239.267313395269,217.11777081709,6260.4791880479,1938.2917160838,4742.81648236643,1350.51812253876,1143.9288737058,1203.52011355648,114.372520743436,103.784785285416,2992.58087382787,2267.1206894677,0.00401551857265012,0.00355051268858968,4.31575422975608e-06,0.00116819171994836,0.00817581384501915,5.16445225255207e-05,4.3960650989826e-05,8.56933978059474e-10,1.26413033551013e-05,0.000110786492556516,-389.297219463193,0.124119822634478,0.0862352741809712,0.985,0.563327334632282
"linear",200,"sir_laplace",58,1.858,3138.16970181332,2869.44306085375,231.681043219262,259.49460117272,6536.99910065424,3319.95768690148,5456.83866415307,2545.2485963419,1689.00414521707,1544.37193802678,124.693779988838,139.66340213817,3518.29876246191,2936.9422304376,0.00359475310800242,0.00309051906135342,3.71400754893181e-06,0.000880902762025052,0.00755161677723448,3.74252811951675e-05,3.29273642397263e-05,3.81692147932916e-10,1.01689377766501e-05,7.3169432525719e-05,-380.638015390181,0.0898326348735674,0.0712683800498014,0.99,0.540362487409982
"linear",200,"sir_laplace",59,1.767,3579.77701391007,3032.814800151,174.82672084722,281.52290972823,6467.3774733934,2406.61125323122,5175.02450889287,1670.56927650145,2025.90662926433,1716.36378050425,98.9398533374194,159.322529557572,3660.08911906814,2928.70656983185,0.00463057625434055,0.00398670864277955,7.28875700779605e-06,0.000896889590139878,0.00968589262609078,3.74566426030069e-05,3.39404979081042e-05,3.49599131955643e-10,1.04448211692194e-05,7.20235509813354e-05,-402.456142298537,0.108593148790536,0.0858554734141055,1,0.557803274518231
"linear",200,"sir_laplace",5,1.979,4071.52588892395,3866.81368562832,187.880863182274,159.20528400004,6537.42907315065,2890.95669941328,4638.55760773467,1213.98819417682,2057.36527990094,1953.92303467828,94.9372729571874,80.4473390601515,3303.40023908572,2343.88964514132,0.00471249202015823,0.0040762164296317,6.77777202403534e-06,0.00107077108865277,0.00972001475499454,4.06281144891423e-05,3.43268810665473e-05,5.71675732652246e-10,1.04966719520595e-05,8.38586527507595e-05,-396.899556454955,0.106916856340676,0.0758944329815374,0.965,0.55398557014788
"linear",200,"sir_laplace",60,1.753,3783.14301515169,3708.19803980685,226.816432336364,224.796078632873,6412.77282605622,2973.17275296486,5306.842988481,2004.08574342592,2158.09641480416,2115.34400445342,129.387582621999,128.235070526453,3658.17046551981,3027.29206416486,0.00435552959804347,0.0037296233179986,6.25370347223808e-06,0.00110215409593748,0.00919983199445312,3.80260074439169e-05,3.35999319822631e-05,4.09141730443047e-10,1.08624975423955e-05,7.43703254935952e-05,-386.943034432888,0.101421650312077,0.0790281459091145,0.99,0.557359543720502
"linear",200,"sir_laplace",61,1.965,1780.90403981278,1421.72520119966,206.670051977622,184.786735802462,6101.08043932779,1927.83433914392,4355.59223993463,1170.76705038553,906.312488454339,723.524275419674,105.1755989708,94.0390512989627,3104.87554164264,2216.58638164612,0.00425488509702397,0.00365701508942399,6.19241235586606e-06,0.00100325846839496,0.0088723987677736,5.24406598747234e-05,4.43598898685626e-05,8.99261413458014e-10,1.29270220910627e-05,0.000113013988094157,-383.956562832104,0.159619757631055,0.119542909163319,0.955,0.577404840390928
"linear",200,"sir_laplace",62,2.124,3160.31408272562,2939.14312675935,195.91396802498,139.398720762324,6351.74398605042,2190.49927625201,4397.07464395581,1700.36003434868,1487.90681860905,1383.77736664753,92.2382147010264,65.6302828447855,2990.46327026856,2070.18580223908,0.00479216013771235,0.00407125887643045,7.54015585088791e-06,0.00117430876778635,0.0104658866576662,4.48052030071657e-05,3.82670566786985e-05,6.83040672914299e-10,9.54184347234237e-06,9.62651733454677e-05,-390.743856260886,0.0866705177578531,0.0716434671083803,1,0.56850246425825
"linear",200,"sir_laplace",63,1.821,3473.41590229088,3040.57654865839,119.818514271491,96.523596015241,6157.77501819283,1768.30169855393,3898.06846262871,750.73962665516,1907.42224178522,1669.72902177836,65.7981956460686,53.0058187892592,3381.5348809406,2140.61969392022,0.0059067903761185,0.00507761616691028,1.26184122103958e-05,0.00120816418956669,0.0129809738258087,5.00056677551262e-05,4.13705065474104e-05,9.73854501609563e-10,1.01090333362325e-05,0.00010921465376174,-388.883276309322,0.125253755348604,0.10629290726553,1,0.60778514923168
"linear",200,"sir_laplace",64,2.061,3673.92398599108,3413.60863481285,180.605818582348,225.445822668469,6453.18214454462,1833.29713047898,4533.74909819054,1256.05241325234,1782.59290926302,1656.28754721633,87.630188540683,109.386619441276,3131.09274359273,2199.78122182947,0.00520960337624902,0.00457900700069194,8.31851215341144e-06,0.00126102610367699,0.0108728285558578,4.77857401256246e-05,4.08157402382531e-05,8.19800803529399e-10,1.08677481985623e-05,0.000101205843336984,-384.611249631705,0.0938425706304236,0.0696959606988671,0.99,0.578848007668313
"linear",200,"sir_laplace",65,2.019,3465.59057494076,3265.36333794867,211.758343686046,229.820954292871,6240.21709641092,2395.52079087134,4442.17945257836,1248.1207424121,1716.48864533965,1617.3171559924,104.882785381895,113.829100689882,3090.74645686524,2200.18794085109,0.00466679369219757,0.003973121105428,7.25413938389293e-06,0.00110380309736214,0.0103439763346182,5.04368708765655e-05,4.27333849404638e-05,9.81036194644149e-10,1.08171824015788e-05,0.000107991968038361,-392.154096349874,0.0929662300416303,0.0768208834284669,1,0.574526452534415
"linear",200,"sir_laplace",66,1.762,3989.9600010787,3627.07245328785,204.851798726276,225.344057925978,6287.52167302778,1832.02987845951,5585.4921211359,1474.46907408969,2264.449489829,2058.49741957313,116.26095273909,127.891065792269,3568.40049547547,3169.97282697838,0.00554614490265273,0.00443712587783332,1.53421494945059e-05,0.0010497716831027,0.0129867559921893,3.79344062031057e-05,3.23247904194592e-05,4.60390856481842e-10,1.00304481327596e-05,7.94689332569412e-05,-406.933027002882,0.120070533263834,0.0986030963677406,0.95,0.576130685615838
"linear",200,"sir_laplace",67,2.148,2985.47919465729,3083.86915481794,182.790543655809,245.780244131756,6610.56863863253,2240.05050379929,5041.59838460341,1955.6478610262,1389.88789322965,1435.69327505491,85.0980184617361,114.422832463573,3077.54592115108,2347.11284199414,0.00471584405563761,0.00398815654816059,8.13287393343502e-06,0.000969814221430406,0.0103199090863317,4.03312839685044e-05,3.53360506042002e-05,4.55491843672707e-10,1.12522286061289e-05,8.05733587531568e-05,-406.819311386041,0.100154210441417,0.0818527794796215,1,0.55937481082923
"linear",200,"sir_laplace",68,2.138,2595.2596849421,2521.17110861855,176.66094472958,235.20534031323,6514.75366853109,2763.73020765267,4931.57966486545,1674.20101892505,1213.87263093644,1179.2194146953,82.6290667584566,110.011852344822,3047.12519575823,2306.63220994642,0.00380808415673005,0.00332321552667761,4.027100784649e-06,0.00104116009228676,0.00778333317079928,4.27813485423743e-05,3.77120327839502e-05,4.85463122266091e-10,1.21427987995695e-05,8.52984785067413e-05,-387.220646181639,0.0944696091283821,0.0643902685395866,1,0.551521729695846
"linear",200,"sir_laplace",69,1.974,3248.71058436038,3173.56926413114,185.172394388578,171.158144806126,6521.55307557628,1778.80281616259,4809.51865470833,1690.83774330823,1645.75004273575,1607.68453096815,93.8056709161994,86.7062537011782,3303.72496229801,2436.43295577929,0.00477485190081823,0.00406528964958634,8.31487798214119e-06,0.00117357883384316,0.0100956018269685,4.250813662774e-05,3.77530512170982e-05,4.99821624429634e-10,1.18116678195457e-05,8.66640802096272e-05,-387.812355795654,0.138851328149929,0.111790728443128,1,0.577111594403193
"linear",200,"sir_laplace",6,1.864,2641.13786173913,2588.86218311796,198.774231471507,142.264406528557,5932.82663033455,2080.73077862477,3857.32448828543,880.010777832772,1416.91945372271,1388.87456175856,106.638536197161,76.3221065067369,3182.84690468592,2069.38009028188,0.00466653834711807,0.00397135996110318,7.36346339971842e-06,0.00111149602429907,0.0101949481668359,5.39919608595867e-05,4.5733852287053e-05,1.22039016139471e-09,1.18276991577691e-05,0.000116085517740658,-391.708614175215,0.140815503492185,0.102323253955519,0.95,0.575458062464443
"linear",200,"sir_laplace",70,1.761,3456.92972555499,3028.15432489372,247.518698333117,197.433403467604,6393.86938203426,3342.60003684746,4442.73519065087,1010.73871558303,1963.04924790175,1719.56520436895,140.55576282403,112.114368806135,3630.81736628862,2522.84792200504,0.00404254677794924,0.0035043175361979,4.98242472234432e-06,0.00105270090293427,0.00829302399798345,4.64237214041016e-05,4.12542351430973e-05,5.84762070244172e-10,1.16068214002199e-05,9.36247850457596e-05,-397.240618688385,0.124117543471165,0.0997699535168207,1,0.567139107570903
"linear",200,"sir_laplace",71,1.896,3203.88314941063,2916.97967467793,174.929856614461,233.639001286087,6382.64732419698,2344.53020051576,5387.66790320207,1840.26167041348,1689.81178766383,1538.49138959806,92.2625826025639,123.227321353421,3366.37517098997,2841.59699535974,0.0046046345757899,0.00385850334864647,7.28065884905398e-06,0.00102834102683154,0.00997979061685384,4.26611666193699e-05,3.6594302283102e-05,5.85482086500068e-10,1.15076247938287e-05,8.78956389112995e-05,-400.088124213419,0.138757413701914,0.110223306799672,0.91,0.562091636021027
"linear",200,"sir_laplace",72,1.848,3464.33366849896,3466.53578881307,175.242441314899,188.551815841276,6388.79626877502,2576.02048535421,5024.77589122142,2123.17486691615,1874.63943100593,1875.83105455252,94.8281608846856,102.030203377314,3457.14083808172,2719.03457317177,0.00474019905158589,0.00403947560868135,7.94915546204012e-06,0.00112422668145504,0.0104179614323342,4.04333477341907e-05,3.44089394219635e-05,5.07116115487353e-10,1.10494791105365e-05,8.34709438026725e-05,-397.875959565933,0.0769941303600903,0.0624193333328616,1,0.568753170762798
"linear",200,"sir_laplace",73,1.817,3291.47431382724,3040.330119383,204.075276679203,176.457493626719,6742.62454948464,3524.91613598906,4453.13681712646,1811.02702527481,1811.488340026,1673.26919063456,112.314406537811,97.1147460796471,3710.85555832946,2450.8182813024,0.00412543334997164,0.00352403527445236,5.14684887438988e-06,0.00107476372416536,0.0088365431700242,4.23911856871266e-05,3.65176714263735e-05,5.59129147619625e-10,1.09415318174082e-05,9.05233947044005e-05,-386.113645294365,0.129941012726237,0.103476765998509,0.965,0.550405761154395
"linear",200,"sir_laplace",74,1.751,2650.02854316557,2717.4689095802,204.620256903424,218.209263099432,6419.30610260307,2823.84572945901,4809.65185365063,1011.45980730141,1513.43720340695,1551.95254687619,116.859084467975,124.619796173291,3666.08001290866,2746.80288615113,0.0040787583563921,0.00350644144777006,4.88709431900426e-06,0.00115976388628507,0.00859651933735836,4.5475857732112e-05,3.83740833477331e-05,8.38306620019289e-10,1.21688470081349e-05,9.47566016855078e-05,-409.651656152432,0.0867050501959438,0.0666590114562938,1,0.559288151212129
"linear",200,"sir_laplace",75,1.759,3940.36186635009,3723.92948747555,122.465112704708,177.670727783865,6135.28163223289,1622.15767811007,4701.5458157963,2020.22506407914,2240.1147619955,2117.07190874107,69.6220083596973,101.006667301799,3487.93725539107,2672.85151551808,0.00563967593701454,0.0048290582602217,1.06278720553065e-05,0.00137045902458448,0.0123679606338623,4.82129203392112e-05,4.017405107036e-05,8.92083232245367e-10,1.07708224801087e-05,0.000108011293710361,-398.536208186328,0.0929922359752702,0.0761338716457204,1,0.590979360057342
"linear",200,"sir_laplace",76,2.037,3891.00246317344,3591.3729798163,209.752721855226,212.677396673902,6601.17156537497,2901.67451077375,5126.57373592229,1488.82168003081,1910.16321216173,1763.06970044983,102.971390208751,104.407165770202,3240.63405271231,2516.72741086023,0.00456062861929243,0.00404748336820661,5.70359165544145e-06,0.00104165195651243,0.00932121681566129,4.16965617151955e-05,3.62859860010319e-05,5.09893771391913e-10,1.14567481091486e-05,8.26681314200002e-05,-396.946942688366,0.105770313254086,0.084505237501638,1,0.5612126153522
"linear",200,"sir_laplace",77,2.065,3285.6793356777,3267.40310613453,165.458721301731,228.603299877427,6758.02130315023,3473.82182849847,4911.78848597413,2277.08570930666,1591.12800759211,1582.27753323706,80.1252887659715,110.703777180352,3272.64954147711,2378.59006584703,0.00404509401530617,0.00357818869722732,4.15934683915012e-06,0.00116791374747123,0.00816103503677276,3.98942775791451e-05,3.51135519790944e-05,4.65009535635031e-10,9.8167928101784e-06,8.22867671708216e-05,-388.173903602134,0.0902408945173785,0.0713216348318407,1,0.551790863994499
"linear",200,"sir_laplace",78,1.777,3272.07436058335,3174.33476900961,189.272395267896,149.142282861409,6402.69062566153,1209.35096561093,4814.10306298355,1238.53443072706,1841.34741732321,1786.34483343253,106.512321478838,83.9292531577993,3603.08982873468,2709.11821214606,0.00569743522643546,0.00508174532161839,9.63018168352383e-06,0.0010891386117591,0.0118357205566799,4.77989030467193e-05,4.15504855008384e-05,7.90535939907187e-10,1.16641693792198e-05,9.827703076443e-05,-389.172024211167,0.10482084988825,0.0798117188857806,1,0.594071801534739
"linear",200,"sir_laplace",79,1.873,3538.3594408023,3445.07270440915,205.692386347786,228.212660841972,6532.69334382722,3301.99397497349,4950.73231413092,1976.40120655979,1889.14011788698,1839.33406535459,109.819747115743,121.843385393471,3487.8234617337,2643.20999152745,0.00395677864044093,0.00343694345142456,4.67429558668006e-06,0.000959605842891048,0.00829411449674314,4.44979418179678e-05,3.89929458092446e-05,5.29662754239398e-10,1.21975023433145e-05,9.31093824973609e-05,-394.066294034439,0.111369979051624,0.0825751765554425,0.985,0.554388747071896
"linear",200,"sir_laplace",7,2.039,2823.84072322987,3043.64618375075,277.805441446831,156.419330797949,6467.62517359784,2720.66287578826,5315.47162111436,1762.75330011329,1384.91452831283,1492.71514651827,136.24592518236,76.7137473261152,3171.95937891017,2606.90123644648,0.00406268309038137,0.00357696072362845,4.21975204515779e-06,0.00118520179705303,0.00816074102444394,4.2849944975884e-05,3.64133959725829e-05,5.46445678522141e-10,1.06487465139545e-05,9.05836787859897e-05,-395.298649710826,0.107874563501822,0.0859814942669138,1,0.548822850553315
"linear",200,"sir_laplace",80,1.768,2686.31020953527,2566.7221690164,166.093174997851,169.719016889219,6032.31334742501,1634.11132549407,5178.13709949183,1984.46327686669,1519.40622711271,1451.76593270159,93.9441035055717,95.994919054988,3411.9419385888,2928.81057663565,0.00431153713898017,0.00360795727661862,6.2073583804191e-06,0.000975872392416318,0.00962635688041833,4.26505516760929e-05,3.73080299404637e-05,5.44099222422975e-10,1.0512498989785e-05,8.64230450915974e-05,-389.699455617238,0.103491433078233,0.0839880002173693,1,0.557002110938612
"linear",200,"sir_laplace",81,1.919,2342.78837682683,2196.8795645615,211.892544568368,189.798031585227,6202.43782455826,2323.53264770916,4717.15877916031,1628.04317041782,1220.83813279147,1144.80435881266,110.418209780286,98.9046542914157,3232.11976266715,2458.1338088381,0.00476793988934888,0.00413782714917537,6.88891179574132e-06,0.0010475622741526,0.0101135212948715,4.82290571034714e-05,4.1100725291562e-05,7.20123483564736e-10,1.33287989794656e-05,0.000103324375807767,-392.855066496429,0.0899074443147225,0.0725798233962236,1,0.574903100436602
"linear",200,"sir_laplace",82,2.099,3649.25864416849,3452.48900857207,249.431343413575,183.676064536007,6607.51634973387,2244.79938987706,4602.8138529893,1152.53525029875,1738.57010203358,1644.82563533686,118.833417538626,87.5064623801845,3147.93537386083,2192.86033968047,0.0048372606316731,0.0042591827670653,6.49811323387456e-06,0.00119096975739541,0.00983312399510305,4.89409064984885e-05,4.3287751883815e-05,6.84818877591377e-10,1.35790647019924e-05,9.95944860363493e-05,-379.396040357567,0.109790803029214,0.0904648593340117,1,0.569343072665233
"linear",200,"sir_laplace",83,2.165,3269.57312759209,2867.8627455646,253.870045725147,187.504364981598,6328.66602158134,2966.94282506443,4698.28094746247,1807.70814257789,1510.19543999635,1324.64791942938,117.260991097066,86.6070969891908,2923.17137255489,2170.10667319283,0.00453179518199676,0.00384047898478488,7.48613765646271e-06,0.00121874684547463,0.00979480901467123,4.88533770690302e-05,4.12929691956658e-05,9.7806743182646e-10,1.08843831204107e-05,0.000101946250753008,-387.809222194429,0.0671251731062154,0.0567442604563174,1,0.565639600066168
"linear",200,"sir_laplace",84,2.156,3036.44872105949,2903.77651865403,285.580890451162,257.620018907717,6498.69663105233,3261.81692893242,5020.8049648946,1683.29046981773,1408.37139195709,1346.8351199694,132.458669040428,119.489804688181,3014.23776950479,2328.7592601552,0.00368529101100094,0.0031968771198119,3.91056914817057e-06,0.000961396472663153,0.0072049177006689,4.1856336164707e-05,3.67729496693535e-05,4.63144469200788e-10,1.17885560305796e-05,8.17497303461701e-05,-395.642892459192,0.0981181928434713,0.085856172408669,1,0.538729076033361
"linear",200,"sir_laplace",85,1.778,2955.79520760878,2792.53227827814,208.034139892673,253.361118159916,6564.46688714702,3066.20500795441,5360.81604800143,2069.782597355,1662.42700090482,1570.60308114631,117.004578117364,142.49781673786,3692.05111763049,3015.08214173309,0.00413501617272444,0.00359547818495067,5.23400019809877e-06,0.00101680320599157,0.00855188844503343,4.42201035766422e-05,3.85308993129786e-05,5.64554749143441e-10,1.17551180238227e-05,8.90561552576354e-05,-384.374369706815,0.0937161913944697,0.073928532678886,0.985,0.561789838739333
"linear",200,"sir_laplace",86,2.109,3135.20079792157,2424.74716764468,192.451745652862,233.641952800775,6112.37393938156,2622.97759960681,5063.35864740959,1802.89819588864,1486.58169650145,1149.71416199368,91.2526058097969,110.783287245507,2898.23325717476,2400.83387738719,0.00523656379673908,0.00429756347739243,1.1479501061014e-05,0.00103937035306741,0.0117429695894488,4.46435902605862e-05,3.90600887592992e-05,5.78921452704123e-10,1.32967356503624e-05,8.89937142804319e-05,-411.499324913567,0.137774860373498,0.111797443252432,0.935,0.569237085075112
"linear",200,"sir_laplace",87,1.752,2995.11209971002,2573.72399706033,216.110573197529,207.931728364325,6594.69367827556,2858.03811842647,4848.23727067763,1630.23873839888,1709.5388696975,1469.02054626731,123.350783788544,118.682493358633,3764.09456522578,2767.2587161402,0.00463009529523857,0.00396793882228577,6.93950733742653e-06,0.00122610885050004,0.00992152874200544,4.46417062327841e-05,3.8088723932997e-05,7.22454209589741e-10,1.11480017745811e-05,9.36785706921808e-05,-400.477590381053,0.0814648658882734,0.0671063480032171,1,0.565852082579622
"linear",200,"sir_laplace",88,1.756,3346.33328703637,3239.47114666174,209.791019269531,247.343264389133,6569.6048410761,3443.77581503311,5233.02375949636,1754.91686680957,1905.6567693829,1844.80133636774,119.470967693355,140.856073114541,3741.23282521418,2980.08186759474,0.00388652838848177,0.00340189524058422,4.0103994966421e-06,0.00108532557019335,0.00778126309044214,4.14272981129273e-05,3.67913255805661e-05,4.36097197197837e-10,1.18745115579002e-05,8.35094902698899e-05,-402.431026110244,0.0829305242502925,0.0651659580680561,1,0.546376301978731
"linear",200,"sir_laplace",89,1.773,2599.48832080895,2882.54751361418,132.824077830081,98.036597717391,6388.64515379752,2308.88590106497,4400.85134594335,1130.50291834001,1466.15246520527,1625.80232014336,74.9148775127362,55.2941893499103,3603.29675905105,2482.14965930251,0.00501660489126495,0.00427726315216684,9.5471223351322e-06,0.000973204228692038,0.010418876096103,4.70342571595341e-05,4.00978506127897e-05,8.36399797932721e-10,1.23443904248373e-05,9.69092863479636e-05,-397.154696122088,0.118274675261818,0.0982774119914606,1,0.582801201250691
"linear",200,"sir_laplace",8,1.758,3568.27095626033,3324.04198496463,194.969478260095,223.069239802945,6313.81854793728,2486.18802384944,4677.79765920516,990.273427669602,2029.73319468733,1890.80886516759,110.90414007969,126.888077248547,3591.47812738184,2660.86328737495,0.00466011757769086,0.00391123528097072,7.58151454007702e-06,0.000986926031809535,0.0103766301488152,5.28110757409304e-05,4.52826828480689e-05,9.55243148824472e-10,1.37279357993305e-05,0.000110742752560318,-403.69147861531,0.0982968465559006,0.082181297991069,1,0.561935264269425
"linear",200,"sir_laplace",90,1.848,3508.31308258603,3299.18754653488,160.183425358321,144.048516486571,6226.78238760671,3005.27591747993,4689.77511359245,667.980110041767,1898.43781525218,1785.27464639333,86.6793427263639,77.9483314321273,3369.47098896467,2537.75709609981,0.00490937879171628,0.00438252616291718,6.51085302875312e-06,0.00118948318238057,0.00992342572837768,5.04218757343788e-05,4.31515297657629e-05,9.02774217120275e-10,1.21179372906021e-05,0.000107605369103252,-397.475171410133,0.150498533973619,0.114476455991475,0.94,0.581492540673513
"linear",200,"sir_laplace",91,1.778,1739.71226950152,1930.09615197261,173.204681868679,202.586543513776,6430.74744884935,1420.59748262797,4771.06653727011,1189.99089415008,978.465843364186,1085.54339256052,97.4154566190543,113.940688140482,3616.84333456094,2683.38950352649,0.0050980874584296,0.00429598115291111,9.7532454399085e-06,0.00111191976234149,0.0111016911166001,5.24030424455317e-05,4.52567257240561e-05,8.82523957781042e-10,1.30876923742747e-05,0.000108905616068621,-394.024447745261,0.104585614239839,0.0847229154911281,0.995,0.578490667170243
"linear",200,"sir_laplace",92,1.996,3271.66652864979,3096.68928607274,212.19823715885,174.414508350126,6638.58779140059,3397.13274742981,4538.10980078174,1739.51605370988,1639.1114872995,1551.44753811259,106.311742063552,87.3820182114859,3325.94578727485,2273.60210460007,0.00446412456428718,0.00387071042049727,6.21211382197311e-06,0.00127703536176238,0.00899018325439688,4.75744589568433e-05,4.11618640405695e-05,7.70885837397921e-10,1.24031190054604e-05,9.84593281543959e-05,-396.733976890188,0.119088869025801,0.0979753793802899,1,0.57580388448861
"linear",200,"sir_laplace",93,1.787,3627.72792513282,3781.85387574305,97.620078562792,213.510122969461,5741.36829202512,544.870336572496,4742.9143794653,889.024585293512,2030.06599056118,2116.31442403081,54.6279118985966,119.479643519564,3212.85298938171,2654.12108531914,0.00736053623741067,0.00597110464342938,2.60429687179187e-05,0.00115301754182654,0.01733400630273,4.11952076954266e-05,3.49925327718118e-05,5.34325052799019e-10,1.07211020519424e-05,9.09926790394055e-05,-390.052108253577,0.153750400966259,0.113150675416195,0.94,0.617306953505514
"linear",200,"sir_laplace",94,1.908,3538.39130515209,3150.61218524041,166.749876450171,154.918876094786,6620.21118726685,2585.07102621855,4597.43900050338,863.482891711709,1854.50278047803,1651.26424802956,87.3951134434861,81.1943795046049,3469.71236229919,2409.55922458248,0.00563530464015518,0.00484277379332391,9.25794849026483e-06,0.00131421663104102,0.0119072895572975,4.9834708189066e-05,4.16569645623557e-05,9.81611576366464e-10,1.06828448501438e-05,0.000111604963789963,-392.468813089194,0.113956165704389,0.0952930275693846,1,0.589814378875534
"linear",200,"sir_laplace",95,1.988,2756.56157480244,2627.33672292009,223.835416851824,134.277255919332,6152.45451610417,2938.81243194864,3539.04834809174,896.825291936541,1386.60038973966,1321.59794915497,112.593268034117,67.5438913075113,3094.79603425763,1780.20540648478,0.00423550644918064,0.00372260058241973,4.79042612412901e-06,0.00108507390975376,0.00869017583658062,5.90448734221461e-05,5.02125187405407e-05,1.28316390462901e-09,1.11950748593976e-05,0.000130832195913589,-374.879322884369,0.136857446163837,0.116394575447313,0.965,0.572034979422311
"linear",200,"sir_laplace",96,1.755,3780.34334609453,3278.43888825839,175.39699958165,103.90444339067,5990.24056491991,1539.24408618889,4580.59281341235,638.024632349116,2154.04179264646,1868.05634658598,99.9413103029344,59.2048110488147,3413.24248713385,2610.02439510675,0.00603999879165426,0.00496889364758024,1.50578739571633e-05,0.00118452372029421,0.0141507571274238,5.23316917885706e-05,4.37864236348749e-05,1.10647930118411e-09,1.11844586765877e-05,0.000111615660108326,-402.63205456416,0.106312615485148,0.0863483029491926,1,0.598013934774843
"linear",200,"sir_laplace",97,1.838,2632.84921987162,2955.28124305188,177.550687604277,179.458996716473,6187.82280813668,2225.48222727953,4722.204484455,1138.86814072741,1432.45332963636,1607.87880470722,96.5999388488995,97.6381919023246,3366.60653326261,2569.20809818009,0.00531963929039153,0.00445387901396098,1.11747533609572e-05,0.00106250738336786,0.0121572894087303,4.71733225067599e-05,4.04663351830979e-05,7.26827139552925e-10,1.2357060394448e-05,9.96289425400562e-05,-397.444270325506,0.0926992127656939,0.0797697113848927,1,0.578445247157893
"linear",200,"sir_laplace",98,2.025,3240.33069494244,3138.63212837671,200.617415194804,139.697334846099,6216.58858971164,2943.89164776949,5598.44899662117,1857.02670415658,1600.16330614442,1549.94179179097,99.0703284912615,68.9863381956045,3069.92029121563,2764.66617117095,0.00409501619081401,0.00357432007417417,4.99534261530301e-06,0.00108494813902919,0.00874342994516113,4.31580463073114e-05,3.79142339595617e-05,5.32788473331909e-10,1.10594846296325e-05,8.65569821043332e-05,-391.148348272105,0.103248399950737,0.0789049284675533,0.975,0.554911201463812
"linear",200,"sir_laplace",99,1.755,3547.6295070411,3216.34795857647,193.30788047681,223.365768020165,6711.98500241188,2634.74845086347,5431.62939166662,2624.6103680489,2021.44131455333,1832.67689947377,110.146940442627,127.273941891832,3824.49287886717,3094.94552231717,0.00446694286005607,0.00379625061297796,6.3241942471468e-06,0.00113318491698871,0.00959827358403681,3.92985761919536e-05,3.28952592857859e-05,5.31712967284343e-10,9.28344165813527e-06,8.30260459835802e-05,-410.128318957644,0.123417419077613,0.0978024974097343,0.97,0.543717509888927
"linear",200,"sir_laplace",9,2.041,3427.95811913028,3071.84801607006,234.841778192352,210.128153276559,6555.36482760153,2600.08256845062,5130.10893409645,1250.02964611991,1679.54831902512,1505.07007156789,115.062115723837,102.953529287878,3211.83969995176,2513.52716026284,0.00462152911411651,0.0040753093588467,6.44314039138415e-06,0.00103069636954458,0.00962134322786633,4.40713228892316e-05,3.74179671031615e-05,6.02045800480712e-10,1.16320933041322e-05,9.30043166794185e-05,-400.735038316997,0.133050479618676,0.10633705205244,0.98,0.553755879615278
"linear",400,"sir_laplace",100,3.806,3461.8800803199,3404.05699253036,182.799945760605,215.966550543343,7054.33648233026,3427.95008283993,6688.44501230528,3099.99198455859,909.584887104546,894.392273392107,48.0294129691554,56.743707447016,1853.47779357075,1757.34235741074,0.00263924213315538,0.0024461376187851,1.13344465351442e-06,0.000986880323560405,0.00472158133989426,2.12758506769135e-05,1.93355162572358e-05,8.33400920695529e-11,7.64103858923644e-06,3.87705281472068e-05,-787.298869605521,0.0853711361344333,0.0668799611864197,1,0.487934575493498
"linear",400,"sir_laplace",101,3.786,3726.2779384738,3507.34172481139,143.972495726838,212.607481184092,7103.36016006596,3336.57278983949,6643.2703885198,2916.25417914022,984.225551630692,926.39770861368,38.0276005617639,56.1562285219473,1876.21768622978,1754.69371064971,0.00287413545717863,0.00259880440611635,1.61032464428003e-06,0.00103030865138983,0.00531599713579559,2.02275582169008e-05,1.8622487202983e-05,7.08682342984556e-11,8.21152441238742e-06,3.55190979815203e-05,-795.723181588522,0.1306124595738,0.111998804555405,0.9725,0.503004056986625
"linear",400,"sir_laplace",102,3.97,2761.38738859844,2903.28324309358,134.457451119682,122.040792938194,6843.13658051803,2133.41632359983,6531.29816468083,2348.19918152081,695.563573954266,731.305602794353,33.8683755968973,30.7407538887139,1723.71198501714,1645.16326566268,0.00401682193859391,0.00359693948289677,3.72700836787541e-06,0.00118886305711572,0.00768079654045484,2.50026204396876e-05,2.24589904944974e-05,1.28948836530255e-10,8.25954057529406e-06,4.85204105003859e-05,-785.801975893546,0.105987561088944,0.0832977878773713,1,0.541263200108894
"linear",400,"sir_laplace",103,4.057,3645.2071815752,3664.39765633469,157.003687590959,231.694670048043,7228.24506965779,2586.34859874485,6764.9725977115,3432.1322933716,898.498196099384,903.228409251833,38.6994546687105,57.1098521193107,1781.67243521267,1667.48153751824,0.00293694320671511,0.00262151937169801,1.68951524294832e-06,0.00105607270157767,0.00566629719337448,1.97308963611492e-05,1.85253591053454e-05,5.52099706753243e-11,7.5669933972985e-06,3.39436995764144e-05,-786.343163039363,0.103487128493547,0.0824762119234894,0.9925,0.504577981166132
"linear",400,"sir_laplace",104,3.854,3168.73353061235,3050.04108593248,188.116414031273,169.507849968349,6804.87436668505,2435.36173809008,6162.79549196517,1746.14959203788,822.193443334808,791.396234025034,48.8106938327124,43.9823170649582,1765.66537796706,1599.06473584981,0.00290310263733532,0.00265799402992666,1.61806810224956e-06,0.00103397070950019,0.00504112611852162,2.33616358748943e-05,2.10930960507856e-05,1.21813957581712e-10,9.03710775153303e-06,4.16266132870248e-05,-780.182073832732,0.0987931629337353,0.0760306283796035,1,0.512133012016939
"linear",400,"sir_laplace",105,3.85,3047.32291513856,3189.58706740085,198.818342186148,209.829475505868,6954.58666118745,2979.12255456709,6676.77728420835,2966.45060928177,791.512445490535,828.46417335087,51.641127840558,54.5011624690567,1806.38614576297,1734.22786602814,0.00284420290351023,0.00262540105952765,1.26245244421788e-06,0.00112131768173706,0.00511001052967023,2.11424906551817e-05,1.95522241232873e-05,6.92169384799057e-11,7.9710202106492e-06,3.71510796486343e-05,-773.648127325245,0.10139097906674,0.0782897881305784,0.9975,0.506534942497224
"linear",400,"sir_laplace",106,3.775,3424.59768728383,3339.52744598707,184.460768797855,215.257020141931,7025.39743919246,3483.92493866902,6817.72863276472,3217.4320218019,907.178195306974,884.643032049556,48.8637798140014,57.0217271899155,1861.03243422317,1806.02082987145,0.00276916847466817,0.00251798478605838,1.42718841455371e-06,0.000954314593893453,0.00509885465073771,2.11004425171501e-05,1.9160522136243e-05,7.45355749232741e-11,8.11081611656358e-06,3.73544145938227e-05,-780.206688203652,0.0797763701347843,0.0658175157452578,1,0.493672815090314
"linear",400,"sir_laplace",107,3.798,3247.10635550876,3251.24068721116,168.346446399646,171.730049279316,7063.06074368889,3395.992370948,6851.05305051825,2976.44244966851,854.951647053386,856.04020200399,44.3250253816866,45.2159160819683,1859.67897411503,1803.85809650296,0.00295490466046844,0.00274365943080351,1.41852816054448e-06,0.00112206300519362,0.00531161386981882,2.05946109451345e-05,1.9178056366706e-05,5.82542807247482e-11,7.93838082486484e-06,3.52658903897559e-05,-777.544999032959,0.0903518395362256,0.0756404181467485,1,0.509540248535497
"linear",400,"sir_laplace",108,3.824,3474.61452610837,3268.3283276938,161.884699716794,199.308118525417,6963.11117915436,3200.26865992816,6563.64796665978,2963.05335077329,908.633505781477,854.688370212814,42.3338649887013,52.1203238821697,1820.89727488346,1716.43513772484,0.00321953446101371,0.00285518411574621,2.32380843996883e-06,0.000873357982318147,0.00614415153140241,2.31082467991521e-05,2.07365434708684e-05,9.75917086458438e-11,9.59748394258999e-06,4.20591761924658e-05,-796.348676442718,0.101735650230279,0.0756092394893898,0.995,0.510835809857729
"linear",400,"sir_laplace",109,3.982,3305.95830037621,3004.95325906673,171.79033494806,205.663612714099,6893.25051015372,2575.95229861961,6619.2443131525,2826.92156661635,830.225590250179,754.634168525046,43.1417214836915,51.6483206213206,1731.10258918978,1662.29138954106,0.0025709378797692,0.00237713232528743,1.08191453180135e-06,0.000904144533884516,0.0045872780498445,2.07774041595915e-05,1.88292594957023e-05,7.1885492273056e-11,8.47983666207604e-06,3.81483123107989e-05,-803.39821013861,0.0936192831833997,0.0769654235146709,1,0.491293919514048
"linear",400,"sir_laplace",10,3.826,3062.43923821928,2941.79895499451,174.229888745379,177.666455605813,6821.62254252922,3214.50153574499,6509.64953407071,2789.68282138714,800.428446999288,768.896747254184,45.5383922491843,46.4366062743891,1782.96459553822,1701.42434241263,0.00270251823576465,0.00245260278791573,1.37058908589015e-06,0.000932059593842186,0.00500282228189362,2.0864743550538e-05,1.84366007545457e-05,9.97654707796919e-11,8.11759563342224e-06,3.98297906037164e-05,-793.738838432157,0.0848506048389418,0.0695687673658117,1,0.497081661598565
"linear",400,"sir_laplace",110,3.876,3636.12107226518,3130.72120213217,157.1892871273,141.474274883928,6844.63786723896,3069.49130545089,5936.02346596994,2135.98466559375,938.111731750563,807.719608393233,40.5545116427503,36.5000709194859,1765.90244252811,1531.48180236583,0.0030898124302731,0.00276732818994904,1.9576811870029e-06,0.00101027998346252,0.00584015074623691,2.5546026777003e-05,2.3179561629472e-05,1.32107105898569e-10,7.93570647133975e-06,4.71405706275964e-05,-789.188283865957,0.134123911167253,0.108359149895094,0.9825,0.514439412647805
"linear",400,"sir_laplace",111,3.977,3621.38724847695,3560.8852272446,180.632173438367,216.684962239889,7088.95309417899,3717.70336376723,6871.30043013721,3293.38541232228,910.5826624282,895.369682485442,45.4192037813345,54.4845265878524,1782.48757711315,1727.75972595857,0.00287171579143566,0.00259737697838276,1.41922485476825e-06,0.0011112510700232,0.00542164553104089,2.11905977814749e-05,1.92484818361814e-05,7.35221461924174e-11,8.50194114097018e-06,3.85372248014779e-05,-803.38412898962,0.0829459042645186,0.070124114328129,1,0.506330194154983
"linear",400,"sir_laplace",112,4.016,4007.79602432113,3635.49202925088,168.545479558787,167.007175094303,7076.45198554437,2393.09530604287,6882.92087139218,2961.58136472423,997.957177370799,905.251999315458,41.9684959060725,41.5854519657129,1762.06473743635,1713.87471897216,0.00316679141570084,0.00292137002991345,1.67737435150511e-06,0.00115125025524075,0.00572935251115102,2.21625079051362e-05,2.00753398915366e-05,8.91044613135448e-11,8.88532541572856e-06,4.0934995443134e-05,-787.553651656411,0.12099405421347,0.0886030373426689,0.9625,0.505572051309537
"linear",400,"sir_laplace",113,3.83,2993.00002297342,2850.02693522596,166.430073384504,136.454889330741,6629.48830776475,3205.58444074987,6069.45474915304,1847.68078354786,781.46214699045,744.13235906683,43.4543272544398,35.6279084414467,1730.93689497774,1584.71403372142,0.00264071202613278,0.00243432471214178,1.25327833900047e-06,0.000840833448630078,0.00469810431181561,2.28157348422873e-05,2.05518937396594e-05,1.05792308546026e-10,8.45199392201786e-06,4.25883592616082e-05,-762.241656462839,0.151086847991997,0.12816425351508,0.95,0.511920989044376
"linear",400,"sir_laplace",114,3.926,3843.09862270654,3798.13862707204,116.789650858427,97.2685736112196,7070.59364849321,2508.20220379735,7046.68836902061,3579.83948636081,978.884009859028,967.432151572093,29.747746015901,24.7754899671981,1800.96628845981,1794.87732272558,0.00314655139023337,0.00293908553137676,1.72941858769599e-06,0.0011334713135887,0.00569353785721859,2.14453826143293e-05,1.91664499845615e-05,8.95807258017205e-11,8.26312177643011e-06,4.19903816991899e-05,-781.615199767529,0.120887062385944,0.0859492100366115,0.945,0.51419900262816
"linear",400,"sir_laplace",115,3.91,3163.75356098837,3385.12532646487,152.718061060867,227.436541452931,6709.67976532261,3302.84463244527,6385.88925468568,2507.13842770117,809.144133245108,865.760953060069,39.0583276370504,58.167913415072,1716.03063051729,1633.21975823163,0.00259473142929771,0.00238000214491017,1.16978285875972e-06,0.000838626035346543,0.00468431969078787,2.12282012251119e-05,1.96933839629816e-05,6.66433327163567e-11,8.76912523732371e-06,3.76021155210173e-05,-810.095773028609,0.100433973153043,0.0831173606729285,0.9875,0.491191326744882
"linear",400,"sir_laplace",116,3.835,3733.94774406247,3681.96704457821,77.0424210550228,162.625133015969,6604.81689569561,1020.42363313015,7088.54724662459,3080.73554430609,973.649998451751,960.09570914686,20.0892884106969,42.4055105647898,1722.24690891672,1848.38259364396,0.00426890431920655,0.00390339063060096,4.05622828494693e-06,0.0010287569755396,0.00802855749188352,2.42105284604946e-05,2.16714435536753e-05,1.25848396099662e-10,8.98701488858393e-06,4.53106431107288e-05,-798.217795679827,0.115666093418964,0.0875101366630655,0.9825,0.548965989914154
"linear",400,"sir_laplace",117,3.948,3305.24659005938,3341.90927722366,111.376590291774,208.367823309917,6947.03743206687,2511.13020067123,6519.22108871395,3063.87690588068,837.195184918789,846.481579843885,28.2108891316549,52.7780707471927,1759.63460791967,1651.27180565196,0.00264388319582527,0.00241842429773956,1.34849016842222e-06,0.000837640170557842,0.00496984513943802,2.15168099451265e-05,1.97720310512615e-05,7.8122167961242e-11,7.39892641052513e-06,3.86538167668829e-05,-781.498996362246,0.104213349907547,0.0878183604813862,1,0.494371256016252
"linear",400,"sir_laplace",118,3.75,3786.24500878382,3691.06578052018,143.838107573518,197.39627296816,7007.83001992509,1398.58987442095,7225.37187912023,2880.53269493587,1009.66533567568,984.284208138714,38.3568286862714,52.6390061248428,1868.75467198002,1926.76583443206,0.00361243582310472,0.00328164793479047,2.9269233733926e-06,0.000949721472342769,0.00701696419323496,2.12793473682127e-05,1.92759785378474e-05,8.95286306258293e-11,7.62256053946326e-06,3.98294840615109e-05,-805.02831116166,0.101990961617282,0.0785362191495338,0.995,0.51374764201931
"linear",400,"sir_laplace",119,3.786,3040.08588489063,2941.85678881453,173.629369241778,159.266320952429,7143.73789020212,3308.34551812828,6861.04773157139,2846.40159524288,802.980952163399,777.035601905581,45.8609004864708,42.06717404977,1886.88269683099,1812.21546000301,0.00277549656684077,0.00256942005722316,1.37024701319015e-06,0.000920322366161573,0.00500374463860673,2.01875030555749e-05,1.8468503114144e-05,6.05252699266708e-11,7.9166409357729e-06,3.53819098747574e-05,-813.945271956588,0.113843432702753,0.0929607381167001,0.9675,0.489109960007604
"linear",400,"sir_laplace",11,3.797,2807.20786265862,2628.14204992391,128.727571804506,119.387984100493,6798.14014848426,1171.83691590798,6587.71998094485,1936.25894410741,739.322586952493,692.162773221992,33.9024418763514,31.4427137478255,1790.3977214865,1734.98024254539,0.00379667237498484,0.0034039564161413,3.50621346160793e-06,0.00111845890441183,0.00750768767832982,2.32029656090687e-05,2.08581725624662e-05,1.16436687966578e-10,8.24465259432983e-06,4.38252703953094e-05,-807.063704011726,0.119232766145596,0.0952799606526032,0.9725,0.525498876353741
"linear",400,"sir_laplace",120,4.03,2527.47774290161,1928.20378174755,141.749479969898,151.108021013535,7011.45232450197,2518.95985647062,6460.10878990173,1810.76096156338,627.165693027696,478.462476860434,35.173568230744,37.4957868519939,1739.81447258113,1603.00466250663,0.00295778858400463,0.00271697356264642,1.50745710643108e-06,0.0011375067978426,0.00558674259034441,2.10730302436937e-05,1.91248217923542e-05,8.25319922844131e-11,7.72540819788015e-06,3.87865721818593e-05,-788.022292955052,0.107475395962149,0.0821176995211199,1,0.51008614480304
"linear",400,"sir_laplace",121,3.908,3605.36304109226,3560.74631022633,146.289384214396,90.4737505839543,7132.85383752403,2873.61443823859,6798.48271814424,3036.6872896227,922.559631804571,911.142863415131,37.433312235004,23.1509085424653,1825.19289598875,1739.63222061009,0.00308327106780508,0.00285419129878272,1.70781348393644e-06,0.00100314725863248,0.00550992440450971,2.09218411739749e-05,1.89976515903555e-05,8.37346094781058e-11,8.23422345493183e-06,3.82871546528225e-05,-793.785667107494,0.0811925460327973,0.0658260257443471,1,0.506609764268235
"linear",400,"sir_laplace",122,4.124,2924.47686732175,2766.41427949242,233.050803014754,149.355870719675,6823.19379669269,3121.51456713725,6430.01112253793,2603.67677247167,709.136000805467,670.80850618148,56.5108639706,36.2162635110753,1654.50868009037,1559.16855541657,0.00236083875277983,0.00216688166755858,8.9562722667871e-07,0.000944345767676423,0.00433176290367993,2.12072229261571e-05,1.92717554820212e-05,8.73376184785386e-11,7.89544049164351e-06,3.82979177373561e-05,-798.471529053136,0.0795911608017973,0.0652730463689525,1,0.483092138827784
"linear",400,"sir_laplace",123,3.848,2719.10950297795,2556.21175847318,123.760749936756,170.972995870051,6982.15714200478,2879.65137483166,6700.32816934695,2439.16564267342,706.629288715684,664.296195029413,32.1623570521714,44.4316517333813,1814.48990176839,1741.24952425856,0.00263379155026065,0.0023906013668404,1.22158038247855e-06,0.000929620947205646,0.00492529392777094,2.0512794261405e-05,1.88481090858528e-05,6.97965109236762e-11,7.78796366490038e-06,3.58433696462008e-05,-801.961308638617,0.107457210988575,0.0902997757113907,0.9875,0.491408177540017
"linear",400,"sir_laplace",124,3.823,2318.7782969221,2110.20005172482,135.987326917631,170.781334374213,6829.49265626429,2367.61518097191,6561.27149762514,1674.2979034148,606.533690013629,551.974902360664,35.5708414641985,44.6720728156456,1786.42235319495,1716.26248956975,0.00304394734049395,0.00267932486105694,2.18174851721656e-06,0.000926030602086442,0.00585604251746568,2.37625483750962e-05,2.13869174454915e-05,1.09741324238484e-10,8.16303519310098e-06,4.51121140211772e-05,-795.201765054946,0.0942059893267203,0.0735381865321356,0.99,0.508629275733412
"linear",400,"sir_laplace",125,4.073,3768.85884754842,3492.61657555139,134.389058641588,104.30935215925,6581.8898600754,1172.15384299483,6524.60799613187,2145.50172142291,925.327485280731,857.504683415515,32.9951040121749,25.6099563366683,1615.9808151425,1601.91701353594,0.00376716194574304,0.0032881826054148,3.55228647384415e-06,0.00115760706889546,0.00765135908855943,2.46295513854543e-05,2.16542093959965e-05,1.51835750868888e-10,7.91261254827289e-06,4.86460931568554e-05,-826.88004647562,0.120077670169292,0.0927360783338398,0.99,0.51903948190312
"linear",400,"sir_laplace",126,4.056,3536.35401501558,3279.87884058174,175.272421331372,197.690526258,7047.89948088328,3745.58482578541,6487.31551913292,2775.78580772279,871.882153603448,808.648629334748,43.2131216300226,48.7402678150887,1737.64780100673,1599.43676507222,0.00301320437637449,0.00277837893445759,1.52964287619808e-06,0.00115861506418047,0.00554538397098441,2.2283966496058e-05,2.03717388354443e-05,8.24279601382828e-11,8.77721092995645e-06,4.1627742200482e-05,-762.498714913322,0.128449672353918,0.108438877421742,0.9575,0.514988259457368
"linear",400,"sir_laplace",127,3.878,3535.55089306713,3041.97930651587,173.056858724164,206.942352227732,7043.28793189408,3011.82718873393,6657.15599474692,2349.18131724157,911.694402544386,784.41962519749,44.6252859010222,53.3631645765167,1816.21658893607,1716.64672376145,0.00298569994025297,0.00273245543911478,1.54873949269393e-06,0.00109393561450199,0.0056237629830411,2.16077282235896e-05,1.9803705375179e-05,7.26143641972703e-11,8.95168709769286e-06,3.87966241702416e-05,-788.64109936634,0.11507843854159,0.0890137052843539,0.975,0.514616637238961
"linear",400,"sir_laplace",128,3.808,3090.77594452126,3084.44631802829,180.608649768602,159.135778890839,7131.97917300228,3381.22473366426,6857.2260646247,2745.09707589968,811.653346775542,809.991154944403,47.4287420610824,41.7898579020061,1872.89369038925,1800.74213881951,0.00260600507163219,0.0024107092688053,1.20112920164052e-06,0.000915954668862063,0.00470400477720976,1.91539901514483e-05,1.74668652551471e-05,5.54836114063853e-11,7.75235309530641e-06,3.45316639168668e-05,-797.128714525968,0.112594244080232,0.0936699703808656,0.9725,0.487050724797346
"linear",400,"sir_laplace",129,3.868,3111.18103592908,3050.19273607729,117.191743783177,160.975040350995,6831.02960020729,3331.13364776472,6545.2039314973,2926.12043197822,804.33842707577,788.571027941389,30.2977620949268,41.617125220009,1766.03660811977,1692.14165757428,0.002564361917316,0.00229653219440734,1.39137987912848e-06,0.000891148666273426,0.00486585599577831,1.99723192553266e-05,1.80245592236643e-05,7.3851266656957e-11,8.0907502297887e-06,3.611836831035e-05,-789.080584116789,0.0766164017388574,0.0622888908283325,1,0.490646496248361
"linear",400,"sir_laplace",12,3.855,4110.77411388975,4037.28837348657,162.096788668483,162.850564860644,7071.6655821384,1813.18274889938,6612.6219015986,3299.67522286779,1066.34866767568,1047.28621880326,42.0484536105013,42.2439856966651,1834.41389938739,1715.33642064815,0.00351969534952702,0.00321890539456005,2.3516057752869e-06,0.00105833407927297,0.00642500614698017,2.26033826972914e-05,2.05535511746267e-05,1.13457295953409e-10,7.92062985442602e-06,4.09577469016372e-05,-798.79384526001,0.111386291038178,0.0870297629992573,0.95,0.513321139716189
"linear",400,"sir_laplace",130,3.691,3359.94935344732,3332.35541772942,119.588955670506,186.266772724814,6733.63737315323,3507.57992568666,6406.9527393625,3138.88830381757,910.308684217643,902.832678875487,32.4001505474142,50.4651240110578,1824.33957549532,1735.83114043958,0.00261322465684776,0.00246020207221895,1.03271238731074e-06,0.000965631689450745,0.00461871810248599,2.2537156380381e-05,2.0462174315013e-05,9.41797383649532e-11,8.02101570217116e-06,4.21174226148814e-05,-798.18999618875,0.104093199850794,0.0823706450990834,0.9875,0.499012942432681
"linear",400,"sir_laplace",131,3.813,4071.67915908187,4080.80405811895,172.368358487696,125.906459479636,6886.64346504418,3086.78422644087,6121.87724875322,2157.86647536801,1067.84137400521,1070.2344762966,45.2054441352468,33.0203145763535,1806.09584711361,1605.52773374068,0.00348435253127374,0.00314545469893139,2.39822633739898e-06,0.00120438065193963,0.00649562085795241,2.33425932576566e-05,2.10188277380404e-05,1.07796093604508e-10,7.79564096923054e-06,4.41745112553142e-05,-791.475297251413,0.120415623657808,0.0997871321928491,1,0.523578306753294
"linear",400,"sir_laplace",132,3.777,2636.98287415984,2587.06365927915,170.121815972045,199.312603153961,6662.64591565541,2789.19070356937,6198.10845844052,2386.21023742158,698.168619052116,684.95198815969,45.0415186582063,52.7700829107655,1764.00474335595,1641.01362415688,0.00254491115421551,0.00232593926310988,1.07822904801992e-06,0.000937769008323208,0.00460536164320293,2.20854509974219e-05,1.99203448218722e-05,9.5319250045993e-11,8.44703408090244e-06,4.07237658820086e-05,-763.089391671118,0.100751776257227,0.072333099705117,0.9975,0.500153100417247
"linear",400,"sir_laplace",133,3.97,3051.02447372866,3020.35154174269,225.886889128084,190.497289564256,6758.32730733908,3261.26998484038,6391.14346759926,2797.24087352506,768.520018571451,760.793839229897,56.8984607375527,47.9842039204675,1702.34944769246,1609.85981551618,0.00244000389373322,0.00221057136159982,1.07161011152244e-06,0.000963817935413047,0.00457833310551553,2.11428955411649e-05,1.8928668203049e-05,8.49467745505133e-11,7.40142389645035e-06,3.9835586107673e-05,-797.906818573761,0.0640001642617893,0.050284282694835,1,0.485757575573189
"linear",400,"sir_laplace",134,4.124,3344.41474820806,2962.54927471167,139.230500936676,123.965091486093,7049.51856693746,3348.32907895415,6608.78347991649,2819.82921626368,810.963808973826,718.367913363645,33.7610332048195,30.0594305252408,1709.38859528066,1602.51781763251,0.00274260569001644,0.00252257461041649,1.31214556111937e-06,0.00101425904458217,0.0050807122235471,2.21269764441555e-05,1.9895883471984e-05,9.607861259447e-11,8.24710409990191e-06,4.11875846059897e-05,-802.14015076371,0.103016568757623,0.0829104841253403,1,0.497180840125372
"linear",400,"sir_laplace",135,4.055,2156.87980591506,1984.88764083396,167.095155866654,180.752650247797,6890.35804082239,2287.14176643518,6384.71886487118,1786.61145362573,531.906240669557,489.491403411582,41.2071901027506,44.5752528354617,1699.22516419788,1574.52992968463,0.00277206243353446,0.00258352752658608,1.25033747170946e-06,0.000957585078956287,0.00500442543919376,2.41080839560663e-05,2.19546936156421e-05,1.11803347335949e-10,8.66994853047304e-06,4.18197776958807e-05,-798.804569470348,0.115002049317223,0.0806797477182492,0.975,0.509058108876649
"linear",400,"sir_laplace",136,4.023,3488.1102613968,3645.31615690074,162.046084279115,124.996967975031,6892.54940178874,3098.80669288102,6577.61089344606,2671.04906276317,867.042073426995,906.118855804309,40.279911578204,31.0705861235475,1713.28595619904,1635.00146493812,0.00333220241104722,0.00298733081356907,2.30405974726872e-06,0.0011236199522366,0.00649253032049694,2.423794671297e-05,2.21212624539816e-05,1.15815381235284e-10,8.29708162104704e-06,4.48946451409195e-05,-791.5423031995,0.0949465210137554,0.0745261098819641,0.9825,0.521617795820755
"linear",400,"sir_laplace",137,3.717,3412.03233288037,3308.03137504784,156.068136801601,173.839214951995,6922.41816517901,2817.32807048807,6225.51014752538,2883.80105222718,917.953277611077,889.973466518116,41.9876612326072,46.7686884455193,1862.36700704305,1674.87493880155,0.00337883264827108,0.00311757544849391,1.87215935450288e-06,0.00115814947246945,0.00612298291353694,2.4909980999438e-05,2.21306633626448e-05,1.39956189740194e-10,8.33185287468721e-06,4.9478508385485e-05,-813.917730144074,0.124363855444359,0.10263919657455,0.99,0.520182945873133
"linear",400,"sir_laplace",138,3.801,2720.63007156213,2849.12737520153,175.957409640214,180.198764417061,6756.65909190271,2862.02046966117,6085.70813677637,2716.25881372532,715.766922273647,749.573105814661,46.2923992739315,47.4082516224838,1777.60039250269,1601.0808042032,0.00244975054119771,0.00225526006469063,9.15410093520604e-07,0.000969201794313407,0.00429814888920424,2.33002154242787e-05,2.10251133242648e-05,1.05619723101809e-10,9.2582842743742e-06,4.39995357508212e-05,-795.754801495198,0.107329645755186,0.0886991153449431,1,0.487212271150197
"linear",400,"sir_laplace",139,3.809,3339.28033592708,3308.62592091536,149.04802310691,158.116910975485,7091.03428237879,3226.98125256971,6581.82466913457,2989.0708703478,876.681631905245,868.633741379722,39.1304865074585,41.5113969481451,1861.65247633993,1727.96657105135,0.0027329725013971,0.00254329650434914,1.198944670947e-06,0.00102412444801834,0.00491279789933828,2.11803119717876e-05,1.96627817727559e-05,7.07399669600015e-11,7.85649324450658e-06,3.77102577598249e-05,-798.01988828942,0.0998836775824492,0.0808531532534233,1,0.495525323897863
"linear",400,"sir_laplace",13,3.852,3695.36345993231,3393.63475547555,170.123734121687,163.628334487138,7087.91969183657,1782.26409189522,6571.88389304871,2606.32402745338,959.336308393643,881.005907444328,44.1650400108221,42.4787991918842,1840.06222529506,1706.09654544359,0.00351237490190097,0.00320904523014708,2.30752151531631e-06,0.00113194470291425,0.00652521264968794,2.35088046823214e-05,2.11344901165429e-05,1.13773117823516e-10,8.69482930275296e-06,4.40795621407555e-05,-795.401482577649,0.114553325157133,0.0908226885531114,0.9475,0.522567973359414
"linear",400,"sir_laplace",140,3.965,3127.64747970326,3134.29367385368,205.076350741093,174.410520262086,6886.52078624437,3288.4089531211,6526.65806807072,2950.38982000525,788.813992358956,790.490207781508,51.7216521415114,43.9875208731617,1736.82743663162,1646.06760859287,0.00265227692694918,0.00243906225530513,1.11409666658329e-06,0.00104976713904913,0.00478323832666221,2.18601544009912e-05,1.99723116979501e-05,7.08986415884547e-11,9.08188957051476e-06,3.86804832234329e-05,-774.454991623888,0.0742801917179744,0.0592358363180151,1,0.496680390202126
"linear",400,"sir_laplace",141,3.825,3426.22737940211,3133.74768481726,146.289446571026,166.20100217912,6889.77361168334,2482.9664058321,6687.9690267425,2770.67288688143,895.745720105127,819.280440475102,38.2456069466736,43.45124239977,1801.24800305447,1748.48863444248,0.00290306957107606,0.00259683334068595,1.81814965030881e-06,0.000995315567174255,0.00550759594896554,2.1575730265795e-05,1.9564398084669e-05,8.74404995822048e-11,7.74768182145732e-06,3.95032995870013e-05,-789.475784329251,0.109844652292329,0.0875710527425409,0.965,0.507686231169471
"linear",400,"sir_laplace",142,3.946,3862.09235529621,3739.5119172,114.195990140746,185.402070303145,6946.02816246439,3664.70246762147,6473.15162292456,3110.94785390221,978.736025163762,947.671545159655,28.9396832591854,46.9848125451457,1760.27069499858,1640.43376151155,0.00284148449082088,0.00259062523191693,1.51885653588435e-06,0.000995540852528772,0.00534334583115373,2.2183261939475e-05,2.01155660593428e-05,8.3203681799517e-11,8.65456352524563e-06,4.100977896806e-05,-819.257645733703,0.105362217025292,0.0881992409977827,0.9925,0.498417284345824
"linear",400,"sir_laplace",143,4.062,3367.77565818748,3682.92487157441,149.426726840753,189.024531730012,6896.705446107,1910.29228365708,7113.74056427874,2899.55323090956,829.092973458268,906.677713336881,36.7864910981666,46.5348428680482,1697.85953867725,1751.29014384016,0.00384574393980675,0.00337015344805927,3.53095442692381e-06,0.00128035424377105,0.00759484438008013,2.31025437219564e-05,2.05578861443891e-05,1.19436747647154e-10,8.48143185034438e-06,4.31397688601659e-05,-771.459454323386,0.0985229568954915,0.0756452279917007,0.9975,0.537071206666802
"linear",400,"sir_laplace",144,3.796,3344.37485919255,3227.20665842995,131.719075176384,169.34096918326,7044.94182129824,1963.3482152372,6840.33910359592,2852.40116504976,881.026042990662,850.159815181758,34.6994402466766,44.6103712284669,1855.88562204906,1801.98606522548,0.00355638085700215,0.00317796948358161,2.69049900755931e-06,0.00117561746972292,0.00683551236795723,2.26467930755237e-05,2.0842869867169e-05,8.03519924602996e-11,9.09430315338113e-06,4.03301037935224e-05,-807.303934256173,0.084850060915447,0.0633787993836365,0.9875,0.519059727632056
"linear",400,"sir_laplace",145,4.09,3748.89612987693,3449.14511452144,148.053756154987,163.084095730859,7191.66257221296,3165.01286710947,6886.38054377332,3197.02831785396,916.600520752306,843.311763941672,36.1989623850825,39.8738620368848,1758.35270714253,1683.71162439446,0.00309721638456767,0.00280482486258464,1.78117308285862e-06,0.00107675113490896,0.00581627636326625,2.06039515590499e-05,1.9542269984298e-05,5.18488324969668e-11,8.78948280584617e-06,3.50683219015728e-05,-791.200201722802,0.0967486769016857,0.0797640657929709,1,0.514021266488117
"linear",400,"sir_laplace",146,4.118,2965.33072308237,3067.76987581039,158.239976751863,191.943334640053,6943.37119469141,2839.93704074168,6536.2191506048,2882.64325843621,720.090025032144,744.965972756287,38.4264149470284,46.6108146284733,1686.10276704502,1587.2314595932,0.00271950617245333,0.00251155707561428,1.29966775983767e-06,0.000958820580104179,0.00503100769598534,2.05748361727986e-05,1.90811483846628e-05,6.75704241322072e-11,8.13798489161583e-06,3.75585977832733e-05,-798.345732517191,0.0630926346674436,0.0489954818497932,1,0.496508771529934
"linear",400,"sir_laplace",147,3.785,3958.16529208397,3613.52685123516,178.56782474714,129.939523953581,7052.55843648352,2443.46270768,6813.76289208286,3358.77963646378,1045.75040741981,954.696658186303,47.177760831477,34.3301252189118,1863.29152879353,1800.20155669296,0.00318946712305956,0.00292521136227498,1.75333126262874e-06,0.00118462033482464,0.00576410432076983,2.28743716026932e-05,2.07640618097937e-05,9.84583084479421e-11,7.67742156107446e-06,4.30567332485917e-05,-789.362747522525,0.12394886259005,0.0926694353548921,0.955,0.510068906449732
"linear",400,"sir_laplace",148,4.229,3112.05210101531,3229.13771549935,162.691181146473,188.572070133723,6988.58022488612,2491.14908369336,6217.93851996167,2282.60799944851,735.883684326155,763.570043863645,38.470366788005,44.5902270356403,1652.53729602415,1470.30941592851,0.00299556925601424,0.0027036254502727,1.70705593739759e-06,0.000957094050027524,0.00560402530843626,2.2618010404005e-05,2.01624442155714e-05,1.08737767325494e-10,8.98977741801857e-06,4.36088487921262e-05,-796.739217229777,0.106557250957401,0.0860600315307076,0.9675,0.505127793251374
"linear",400,"sir_laplace",149,3.991,3737.16596814873,3352.80034815713,125.052991144709,221.527233939055,6740.81180513594,2337.78149976446,6514.18508730016,3093.06190882941,936.398388411108,840.090290192214,31.3337487207991,55.5066985565159,1689.00320850312,1632.21876404414,0.0035416604031513,0.00312786474548185,2.93976527019019e-06,0.00115267719388546,0.00705512233433291,2.39640405910266e-05,2.23828966772192e-05,8.80946727618572e-11,9.30644911281386e-06,4.2391554409047e-05,-775.719859641281,0.139124259789831,0.113165756824851,0.955,0.527408261811233
"linear",400,"sir_laplace",14,3.953,4020.92463318415,3881.81608756245,138.006047331093,177.575787690349,7129.76715589633,2215.87430410321,7073.12089176357,3443.61827759894,1017.18305924213,981.992432978104,34.9117245967854,44.9217778118769,1803.63449428189,1789.30455142008,0.00373897891802107,0.00339179491752186,2.93202305780579e-06,0.00115435848054746,0.00691429178521687,2.16886617433958e-05,1.98558404763371e-05,7.80706405456615e-11,7.44127761180978e-06,3.92428736966585e-05,-795.901943346274,0.095331748188008,0.0823424371200265,0.9875,0.525009302698347
"linear",400,"sir_laplace",150,4.153,3520.15869021228,3377.29917181872,205.36753184516,153.970398578167,7256.81868485915,3678.79566965107,6926.50850481115,2488.08833227458,847.618273588318,813.219160081561,49.4504049711437,37.0745000188219,1747.36785091721,1667.83253185917,0.00300240950876859,0.00278071650234015,1.44810779143883e-06,0.00108222237318038,0.00534459865095932,2.08695123412741e-05,1.87869362376153e-05,8.4373523873353e-11,7.18833286475472e-06,3.84294370039827e-05,-803.203808716153,0.113670637188478,0.08658267807685,0.975,0.508652855043157
"linear",400,"sir_laplace",151,4.217,2513.49631793506,2054.61340691426,133.797462890759,168.861909167834,7000.85727762461,2612.85067053779,6316.95314006054,1809.63384577195,596.038965599967,487.22158096141,31.7281154590371,40.0431371040631,1660.15112108717,1497.97323691263,0.00296495853889378,0.00269660521499378,1.67774001846274e-06,0.00104362348828017,0.0055138138588752,2.31283621987213e-05,2.15473801156122e-05,8.63813077559026e-11,9.43366653999474e-06,4.16592159553883e-05,-795.746668866575,0.104512159240497,0.0849689846318421,1,0.50480506805872
"linear",400,"sir_laplace",152,3.837,3820.95380729863,2712.66886268609,139.235522100194,133.341082985728,6674.34944424978,2001.30584105056,6651.38448394565,2345.11805527466,995.818036825288,706.976508388347,36.2876002346088,34.7513898842137,1739.47079599942,1733.48566170072,0.00342437460772594,0.00305528167007438,2.70374969934174e-06,0.00110373600729675,0.00689711803066044,2.25110641416528e-05,2.0691258532544e-05,8.95529029921563e-11,8.17084176411123e-06,4.08590792283057e-05,-814.809527792673,0.101902610678074,0.0840616632027362,1,0.526214051697762
"linear",400,"sir_laplace",153,3.89,3267.05762933535,3335.70259445476,185.896464439489,166.956547125825,7003.31423626291,3366.77183901321,6734.67399771245,3003.11948233766,839.860573093921,857.507093690169,47.7882942003828,42.919420854968,1800.33784993905,1731.27866265101,0.00307736565323834,0.00284648104581033,1.61248037271437e-06,0.00111269554145645,0.00562952828170644,2.15818538058963e-05,1.96475054274442e-05,8.23615679085171e-11,8.0650595294945e-06,3.89360513101962e-05,-800.057585109518,0.107003823645526,0.0795828020029012,0.975,0.501459722432474
"linear",400,"sir_laplace",154,3.832,2854.06849000775,2566.14764336131,145.676041696043,182.180795602353,6779.53720387392,2579.2250883622,6507.1006344096,2399.68181480907,744.798666494716,669.662746179882,38.015668501055,47.5419612741005,1769.19029328651,1698.09515511733,0.00282633504081445,0.00247028462679938,1.84181998605417e-06,0.000995519146103994,0.00560334011556783,2.05240289615921e-05,1.85776266798062e-05,7.76178989546555e-11,8.14000944320506e-06,3.8199755556746e-05,-793.818357954082,0.0974627959671198,0.0767687430326795,1,0.505693760832904
"linear",400,"sir_laplace",155,3.842,3723.70831726549,3599.66805119785,161.518739919614,176.005301348727,6873.13189600935,2906.88451199295,6750.93375724726,3498.50237220568,969.210910272122,936.925572930206,42.0402758770468,45.8108540730681,1788.94635502586,1757.14048861199,0.00335202129936472,0.00307065269714881,2.07449467314477e-06,0.00117890901152465,0.00611474428182024,2.29976779325605e-05,2.08287131662401e-05,9.74147194896093e-11,8.53676766529032e-06,4.2217875315237e-05,-784.393095124792,0.093392011838891,0.0727574781783437,1,0.514228171309834
"linear",400,"sir_laplace",156,3.836,3543.92387631123,3444.75970077158,135.640334887253,199.13246832545,6902.38981188001,1452.68299376857,6814.15402473489,3280.13852101072,923.859196118673,898.008264017617,35.3598370404727,51.9114880931831,1799.37169235662,1776.36966233965,0.00313421086791036,0.00282862808190781,2.00661552073919e-06,0.00104184961795433,0.00595534983608724,2.17264034996029e-05,1.98917402734414e-05,8.26743859734391e-11,7.64195163780509e-06,3.90009927324455e-05,-795.537578171461,0.12476672150879,0.0948230530033347,0.95,0.514825258784675
"linear",400,"sir_laplace",157,3.728,3785.91018620023,3614.75848355764,129.038636597234,164.803057716404,7079.49222789981,1959.34599912012,6928.06301698325,3588.64786375024,1015.53384822967,969.624056748294,34.6133681859533,44.206828786589,1899.00542593879,1858.38600240967,0.00303666405417655,0.00274732521134315,1.88144386304861e-06,0.000991288136833258,0.00574379238970229,2.09511155578619e-05,1.94767596055062e-05,6.6628486727246e-11,7.60600739456993e-06,3.63845681282138e-05,-804.583723477902,0.0787984898550865,0.0610213806249033,1,0.506771578555585
"linear",400,"sir_laplace",158,4.024,3352.08300283551,3220.81091292494,160.448625568604,166.520153678801,7157.80632015918,3532.48023551757,6772.44664881054,2956.11476130791,833.022615018765,800.400326273593,39.8729188788776,41.3817479321076,1778.77890660019,1683.01358071833,0.00277866735402465,0.00259333098651531,1.13687178406345e-06,0.00106284756979777,0.00479042813962558,2.06727792695571e-05,1.87505467296737e-05,7.29399507001141e-11,7.9955436363483e-06,3.76550072992441e-05,-789.165508364213,0.0886106964880027,0.0689318669858714,0.9925,0.4988363816125
"linear",400,"sir_laplace",159,3.811,3222.75422081672,3118.18743946558,188.527801365153,123.515192477403,6914.17438518692,3365.56656658558,6497.71593662448,2921.83452526968,845.645295412417,818.207147590023,49.4693784741938,32.4101790809244,1814.26774735946,1704.98974983587,0.00259857211515633,0.00238900760982015,1.14440253603571e-06,0.000980015994109461,0.00472678840327828,2.09060742720702e-05,1.88668610484279e-05,8.37001943351639e-11,7.58275181658454e-06,3.95787841453749e-05,-773.890635182053,0.120560332494586,0.0974158887926673,0.9825,0.502870125302724
"linear",400,"sir_laplace",15,3.752,3134.44723139662,2961.81707640738,12.7232346572656,141.549773788351,6624.24942861438,1133.31209421916,6616.26479759816,2735.88147125742,835.407044615303,789.396875375101,3.39105401313048,37.7264855512663,1765.52490101663,1763.39680106561,0.00336287286678361,0.00300300440278143,2.50758216583323e-06,0.00108950821671158,0.00656624989718443,2.25598241106112e-05,2.03620163768293e-05,8.80205743859315e-11,8.94712857235114e-06,4.17661122827362e-05,-799.067025677014,0.0963028933855536,0.0778604533493876,0.985,0.514492866810424
"linear",400,"sir_laplace",160,3.89,3312.70337918693,3306.70742770093,165.586260795075,213.901687539648,7018.31265032349,3382.48504257786,6580.35474330271,2890.58548272471,851.594699019777,850.053323316434,42.5671621581169,54.9875803443825,1804.19348337365,1691.60790316265,0.00265742957009799,0.00241976473564496,1.25557588164316e-06,0.000946886555908124,0.00496424123444286,2.01017386395565e-05,1.84912204734905e-05,6.01587216356986e-11,8.14077382931163e-06,3.60954651882573e-05,-793.547126388094,0.0916138659009838,0.072061097509155,1,0.500259761420925
"linear",400,"sir_laplace",161,3.83,3558.44660616898,3586.34682895945,202.78683457902,190.872993218185,7003.85997316105,3244.20943458308,6722.10971609511,3134.4094971198,929.098330592422,936.382984062519,52.9469541981776,49.8362906574895,1828.68406609949,1755.12003031204,0.00275652775584928,0.00256601484354845,1.08958034526137e-06,0.00114172575335284,0.00490604360314198,2.01541281362858e-05,1.84562240293948e-05,7.05470854715186e-11,7.85133663632747e-06,3.67698387783282e-05,-816.801692249282,0.0914390500537667,0.0756256039586729,1,0.495390849831165
"linear",400,"sir_laplace",162,4.058,3813.56757646058,3362.61416671297,93.8038075244139,183.864189700779,7061.83132426536,1220.02817253462,6917.70602001113,3332.85935285814,939.765297304234,828.638286523651,23.1157731701365,45.3090659686494,1740.22457473272,1704.70823558677,0.00327771604566053,0.00292758642887967,2.56162969332594e-06,0.000893969049208531,0.00646681138862485,2.07686583763024e-05,1.92113010117416e-05,6.21170989797309e-11,7.65351744131766e-06,3.61127810576675e-05,-817.387636108709,0.10300002093813,0.0821617542157658,0.995,0.515301779529186
"linear",400,"sir_laplace",163,4.168,3027.54124993889,3010.87475132437,151.904072586971,170.462110634909,6917.71209616061,2658.20872299078,6575.0669712034,2771.54284510219,726.37745919839,722.378779108534,36.4453149200986,40.8978192502181,1659.71979274487,1577.51126948258,0.00304196554549734,0.00279953468743371,1.5929334839177e-06,0.00103097869020866,0.0054843448911487,2.27282994935597e-05,2.07302002795847e-05,9.02925277053372e-11,8.97306482941811e-06,4.0992809987852e-05,-783.243873453539,0.111701803327821,0.0973856627160309,1,0.512433812383339
"linear",400,"sir_laplace",164,4.059,3349.73817521064,3276.17197717329,174.900408988955,249.264753511013,6955.01610675568,3591.10438351385,6763.62447860454,3174.41093490575,825.261930330289,807.137713026186,43.0895316553228,61.4103851961106,1713.48019382993,1666.32778482497,0.00256443162801452,0.00232990547480931,1.2064759776768e-06,0.00095454736897184,0.00475794867835637,1.88421429106365e-05,1.75831328184572e-05,4.49878181925122e-11,7.97284232938898e-06,3.20795319322119e-05,-808.197061168037,0.0812737217343129,0.0630138174534917,0.9975,0.490361210793159
"linear",400,"sir_laplace",165,4.156,3615.74956120048,3273.83223575852,131.145531603341,194.262925337418,6877.47845462941,2514.14319620668,6871.57029728775,2959.41451190554,870.007112897133,787.736341616584,31.5557102029214,46.7427635556829,1654.83119697531,1653.40959992487,0.0032803231218586,0.0029863300187736,2.0721764043579e-06,0.00112592594615319,0.00621651019911069,2.13473106942956e-05,1.97466256574979e-05,6.85228233625320e-11,8.64276772901189e-06,3.66987363677761e-05,-802.148302870625,0.0965564543617434,0.078469995119082,1,0.513668368183256
"linear",400,"sir_laplace",166,3.953,3155.54851639347,2889.48124664698,219.022361571013,147.980670894707,6854.1831187253,2993.83452308305,6309.44753392974,2710.65881012359,798.266763570319,730.959080861871,55.4066181560872,37.4350293181652,1733.91933183033,1596.11624941304,0.00268136381630294,0.0024333599585714,1.36356574079327e-06,0.000947512610007816,0.00511572423613374,2.30045496766041e-05,2.11359615653059e-05,8.57879722800464e-11,9.79306606294168e-06,4.10811115355193e-05,-788.319535034968,0.107530269579531,0.0917067281951749,1,0.497402913135217
"linear",400,"sir_laplace",167,3.722,3431.2532975962,3512.52320881886,168.054322693886,212.701185229707,7222.54445516597,3618.88732550823,6904.27056268359,3352.78558810698,921.884281997906,943.719293073311,45.1516181337685,57.1470137640265,1940.50092830896,1854.98940426749,0.00313596324644579,0.00287561888883886,1.71551776136806e-06,0.00117019429607362,0.00594461325248,2.10174656439169e-05,1.93707892979626e-05,6.93877084440317e-11,7.84639498033136e-06,3.7290211488334e-05,-826.682074936629,0.0919881130612343,0.0713889083392594,1,0.507425686012089
"linear",400,"sir_laplace",168,3.791,3280.90027040532,3278.16197750923,141.502612813549,206.244282126644,7058.8617484743,2807.7054249666,6887.65880749206,2916.13405143392,865.444545081857,864.722230944138,37.3259332138087,54.403661864058,1862.00520930475,1816.8448450256,0.00315655467616903,0.00288790489196309,2.20526074819644e-06,0.00105029212750792,0.00588989454461828,2.04468518345714e-05,1.86757862796201e-05,6.45434616108054e-11,8.58819159935071e-06,3.69726956756062e-05,-789.74818116137,0.0870510165156514,0.0693514810732471,1,0.513822942493358
"linear",400,"sir_laplace",169,4.02,3324.03852137067,3310.63988195366,221.486586788428,101.435226396205,7032.56423440779,3482.46832044829,6559.23796587577,3096.37916883665,826.875254072307,823.542259192453,55.0961658677682,25.2326433821406,1749.39408816114,1631.65123529248,0.00267394217906863,0.00245042732019969,1.11638151988819e-06,0.00105665360336403,0.00476978201652598,2.03480067502119e-05,1.80885198101021e-05,9.12205449196275e-11,7.60702655819937e-06,3.88856548569981e-05,-776.733992255777,0.0680676977530977,0.0547134702509831,1,0.498640162546528
"linear",400,"sir_laplace",16,3.783,3540.81481710639,3445.4798492294,132.855856749168,149.760604325833,7012.48690504935,2473.7340936672,6703.91759215455,2299.85293428469,935.98065479947,910.779764533282,35.1191796852148,39.5877886137544,1853.68408803842,1772.11673067791,0.0035962564422706,0.00325300825249403,2.54911131159505e-06,0.00125052377166562,0.00690695919068602,2.25852059021156e-05,2.00828914318968e-05,1.10529651600747e-10,8.55838722634909e-06,4.50614836561875e-05,-792.864412841309,0.110847465805482,0.087323368885774,0.9775,0.520494580132955
"linear",400,"sir_laplace",170,3.816,3671.7270615247,3406.4735516675,206.869218806523,192.427628538436,6896.89654682206,3713.36988444037,6719.46871124385,3122.11132438858,962.192626185718,892.68174834054,54.2110112176423,50.4265273947684,1807.36282673534,1760.86706269493,0.00292061105157796,0.00263757913793498,1.49635867270764e-06,0.0011691475071662,0.00562007304205249,2.14525634008095e-05,1.96170756866382e-05,8.07164221372578e-11,7.7389898781176e-06,3.95779957128072e-05,-810.477688818085,0.0963087756841011,0.0737163850349364,1,0.500887909963549
"linear",400,"sir_laplace",171,3.832,3140.98475049989,3117.61326658462,179.775826827282,278.193137417344,6958.41795145172,3268.28470157348,6503.08292448386,2964.26907805731,819.672429671162,813.573399421875,46.9143598192281,72.5973740650688,1815.87107292581,1697.04669219307,0.00233406181420327,0.00214687278883869,8.93070785303307e-07,0.000881210218163562,0.00427809908645597,1.89402424688016e-05,1.77350838305235e-05,4.74687176095799e-11,7.39193990498655e-06,3.26859150236507e-05,-777.529955419761,0.0956802998781505,0.074008961502502,1,0.486853799255672
"linear",400,"sir_laplace",172,3.799,3506.68276311812,3501.16558310911,108.908133852574,128.779694317286,6957.66832151246,3031.86696222539,6857.5852201103,3104.78372356797,923.054162442254,921.601890789447,28.6675793241837,33.898313850299,1831.44730758422,1805.10271653338,0.00304934675482903,0.00277279538500804,1.92776078234304e-06,0.000950712082997688,0.00561845930411435,2.19183320007392e-05,1.94477707695988e-05,9.52600079363711e-11,8.56504242636502e-06,4.30083854520719e-05,-777.072341008268,0.0992922204864354,0.0814936997584216,1,0.509627146590018
"linear",400,"sir_laplace",173,3.946,2932.71283154643,2779.96096690353,192.973370786339,195.596403405881,6894.3302095785,2999.82961335249,6371.04134398882,2509.3046272681,743.211564000615,704.501005297397,48.9035404932435,49.5682725306339,1747.16933846389,1614.55685351972,0.00268069166566207,0.00240511280667692,1.5199473715521e-06,0.000828567747437967,0.00508280491936804,2.13852152856556e-05,1.9308266654401e-05,8.7132187432418e-11,7.46121537803352e-06,4.07827218788945e-05,-782.26968782109,0.103654964311875,0.0852460173631043,0.995,0.495483378854097
"linear",400,"sir_laplace",174,3.828,3668.55535981099,3329.14610082504,196.813291738283,214.622726841924,7030.41084503784,3902.29744348372,6763.07363995622,3152.68953298751,958.347795143937,869.682889452726,51.4141305481408,56.0665430621535,1836.5754558615,1766.73815045878,0.00259859147416964,0.00241381132377579,9.90640376046228e-07,0.0010090712533846,0.00462996618504131,1.9433611295541e-05,1.82211260044253e-05,4.77999063343356e-11,8.21346067143473e-06,3.33204086169659e-05,-770.199230675939,0.0784832609988767,0.0654966119748651,1,0.48916774253607
"linear",400,"sir_laplace",175,4.015,3570.70929362554,3480.85566384384,140.442297264231,149.41711082258,6926.50780701722,3821.18861636064,6809.72164262056,3345.55835795305,889.342289819562,866.962805440557,34.979401560207,37.214722496284,1725.15761071413,1696.07014760163,0.00286993911945838,0.00265655673118105,1.46265825885052e-06,0.000948356927591839,0.00530767811982805,2.06544614060168e-05,1.87299142434453e-05,7.25044547937218e-11,8.07877639142754e-06,3.78845071003595e-05,-794.222805611776,0.125642743450478,0.102850329979833,0.9575,0.500249579182974
"linear",400,"sir_laplace",176,3.797,3624.56389616167,3464.0371154685,120.559080033006,158.528745629427,6803.52521262207,1856.25103336083,6776.4783139399,2177.81562927342,954.586224956985,912.308958511589,31.751140382672,41.7510523122011,1791.81596329262,1784.6927347748,0.0035407212370286,0.00318794077309019,2.78979690249527e-06,0.000962394931737939,0.00667445860022254,2.33658463557851e-05,2.09100664815807e-05,1.12956627196007e-10,8.4393148801772e-06,4.47232651251667e-05,-801.384368076619,0.130371271179636,0.0988010677584003,0.9325,0.524565948618985
"linear",400,"sir_laplace",177,3.889,3274.33773148658,3479.69285843372,139.688027834875,179.764164379007,6812.39091168405,2605.46698680192,6484.03040513017,2235.57478892374,841.948503853583,894.752599237265,35.918752336044,46.2237501617401,1751.70761421549,1667.27446776296,0.00308988468177063,0.00281095230031888,1.83186524049321e-06,0.00104975272763588,0.0057457155739972,2.15536941441986e-05,1.93178651318089e-05,9.14833106650518e-11,8.02292258992704e-06,3.99209231373665e-05,-774.389977106882,0.102834772145122,0.0830969294407648,1,0.516562409003312
"linear",400,"sir_laplace",178,3.804,3309.88157405698,3083.93557856826,154.655374417307,155.591316780537,7031.52553222889,3535.44503043452,6615.89350400255,2917.81127476365,870.105566261035,810.708616868628,40.6559869656434,40.9020285963557,1848.45571299392,1739.19387592075,0.0026294842397278,0.00238721961311745,1.18431092190457e-06,0.000901914987003682,0.00480119475188267,2.06931157413131e-05,1.89278997209092e-05,7.18156417748095e-11,8.71105503372174e-06,3.61354637199871e-05,-795.68750197414,0.0906840167387774,0.0768969140107229,1,0.497704085398391
"linear",400,"sir_laplace",179,3.849,3768.97173446623,3558.56328541151,170.415589312519,168.580877543216,6956.52727696183,2978.12276178482,6140.36157826592,2022.51862950256,979.20803701383,924.54229291024,44.2752895070199,43.7986171845196,1807.35964587213,1595.31347837514,0.00291651712085271,0.00275223389779479,1.21080087442497e-06,0.00103220273848828,0.00509064453414435,2.25425223488986e-05,2.0460561926414e-05,9.99808438007281e-11,7.37520843461227e-06,4.28467025278916e-05,-774.362990192058,0.149884580176069,0.114682885926921,0.9075,0.501643788149998
"linear",400,"sir_laplace",17,3.827,3027.67438941397,3008.35938529821,158.683890953827,194.284893898255,6821.91858388126,3135.61811869729,6549.29707875441,2739.2140966698,791.135194516323,786.088159210403,41.464303881324,50.7668915333825,1782.57606059087,1711.33971224312,0.00245155288750066,0.00223376690790392,1.06010908349492e-06,0.000940726020410084,0.00451986611376589,2.01836642989129e-05,1.87129887120965e-05,6.15067885069924e-11,8.04639244440765e-06,3.60350366097026e-05,-781.573916579767,0.0640084182827302,0.0491781154230977,1,0.4912285184576
"linear",400,"sir_laplace",180,3.757,3428.83342549587,3229.20251778147,160.79581698362,130.469544578641,7067.85855762588,3657.29392501722,6673.03391419366,3129.59607315423,912.651963134382,859.516241091687,42.7989930752248,34.7270547188292,1881.25061422036,1776.16021139038,0.00257726029985079,0.0023227887432288,1.2591044062463e-06,0.000926179112702343,0.00486264552743567,1.99807270089173e-05,1.82524193651582e-05,6.4175208489979e-11,8.20848882155506e-06,3.52335784899177e-05,-800.908760097547,0.0859740612345289,0.070081113014373,1,0.485839271912671
"linear",400,"sir_laplace",181,3.746,3364.2509895408,3342.23137237417,220.751077559144,161.571282040514,6772.45338784135,3511.82009278771,6515.34907911805,3116.13054083714,898.091561543193,892.213393586269,58.9298124824195,43.1316823386317,1807.91601383912,1739.28165486333,0.00249514099525881,0.0023046906684925,9.28885999986728e-07,0.00103418907596003,0.00438214209253004,2.14978060885657e-05,1.92605187535224e-05,8.32306831560158e-11,7.77074595301957e-06,4.0271925938474e-05,-761.99027702334,0.0785713648588762,0.0625089810627742,1,0.494723341679818
"linear",400,"sir_laplace",182,3.907,3155.84562144825,3190.26649301009,148.804636600647,196.766734868704,7032.93337061203,3327.93014538405,6699.56465749766,3066.51008813059,807.741392743346,816.551444333271,38.0866743282947,50.3626145044034,1800.08532649399,1714.75931853024,0.00257066841598248,0.00236700324297382,1.07740181320087e-06,0.000957377794202482,0.00454701218054581,1.9258215225161e-05,1.77284230024706e-05,5.49489205174141e-11,8.15255029836758e-06,3.38114448749386e-05,-792.711866463352,0.110606150585218,0.0836425857441454,0.9875,0.489099432537734
"linear",400,"sir_laplace",183,3.932,3677.82767156264,3704.33514483584,120.178447210874,123.160967247948,7069.89811306443,3032.76244348978,6650.72259647337,2747.88372046636,935.358003957946,942.099477323459,30.5642032581063,31.3227281912379,1798.04122916186,1691.43504488132,0.00328614044218715,0.003000037040791,2.1598586813962e-06,0.00103769294601257,0.0061701769825772,2.30745963017385e-05,2.10566895690708e-05,1.01206867634992e-10,8.85064140690722e-06,4.16680248286199e-05,-799.779961182544,0.0813477628652976,0.0671931457506503,1,0.512062172189978
"linear",400,"sir_laplace",184,3.98,4049.3812158191,3911.84607859679,156.960835610411,181.282650113515,6784.93931045227,2206.9222119789,6706.70236869109,2751.54133254534,1017.4324662862,982.875899144923,39.4373958820129,45.5484045511345,1704.75862071665,1685.10109766108,0.00339741178452248,0.00301648559928706,2.52344346955823e-06,0.00118929672016048,0.00654192588844766,2.29026216240695e-05,2.07827894513536e-05,9.46467207762785e-11,8.33380149754782e-06,4.25512306186917e-05,-781.305636734432,0.0960417664686972,0.0768862744418586,1,0.526767715889472
"linear",400,"sir_laplace",185,4.054,3511.7493232151,3311.02247237015,132.966890991766,187.108732296839,7007.04381427617,3688.47907608702,6694.22268370725,3119.7346983675,866.24304963372,816.729766248188,32.7989370971302,46.1541026879228,1728.42718655061,1651.26361216262,0.00270627051751255,0.00249863521771711,1.20028038415296e-06,0.000893346417649198,0.00479059587408957,2.20381281382331e-05,2.00664975775467e-05,7.7515104759634e-11,8.76339581881272e-06,4.06788592979274e-05,-791.745475906014,0.0847575717650561,0.0631053015614309,0.9925,0.500617717060172
"linear",400,"sir_laplace",186,4.126,3269.22343047919,1799.06718191777,200.254618768603,149.695668763855,6783.40915946702,1424.35467898881,6208.4203318384,1704.84047206067,792.346929345418,436.031793969406,48.534808232817,36.2810636848898,1644.0642655034,1504.70681818672,0.00293274067193975,0.00268541814884091,1.51376879526104e-06,0.00105079126689878,0.00531160574514751,2.39251266710104e-05,2.12307487485683e-05,1.27621054902435e-10,7.93806701180403e-06,4.76335040147803e-05,-788.396687349548,0.0961854852731919,0.0782123776312721,1,0.508933163176451
"linear",400,"sir_laplace",187,3.776,3300.00332197155,3334.81194379961,219.709184975431,166.707081885997,6979.55062843161,3481.1386714978,6746.02052462012,3059.77079428762,873.941557725517,883.159942743541,58.185695173578,44.1491212621814,1848.39794185159,1786.55204571508,0.00302047338309256,0.00278812955780715,1.50421578272127e-06,0.00111210311757813,0.00540947908123577,2.18477236435494e-05,2.01493758716849e-05,6.99006619494856e-11,8.99192242973881e-06,3.90476807266169e-05,-786.791415443491,0.128997580654098,0.0993020677730132,0.9675,0.514403984849287
"linear",400,"sir_laplace",188,4.058,3565.63151932963,3498.11166226577,83.6454934197007,132.87736316803,7040.35727038744,1963.69843392346,6792.59515086249,3226.12783611833,878.667205354764,862.028502283334,20.6124922177675,32.7445448910868,1734.93279211125,1673.87756305138,0.00308209865400899,0.0028086637901067,1.85121714141155e-06,0.00101359244939317,0.00580874929666021,2.05677097594286e-05,1.90193396207644e-05,6.89634648182921e-11,8.00966259147962e-06,3.75854478426407e-05,-807.443597402726,0.0745893457469712,0.060637599749294,1,0.507818304907379
"linear",400,"sir_laplace",189,3.759,3980.77091957726,3632.78111688711,189.009194463106,147.907924976836,7099.55387568959,1847.18851064683,6895.79748339904,2554.35221259645,1058.99731832329,966.422217847064,50.2817755953992,39.3476788978015,1888.68153117574,1834.47658510217,0.00383127870038867,0.00348824473232674,2.65710216460044e-06,0.001283594366916,0.00690269553889745,2.37224588704119e-05,2.16292899739043e-05,9.53887670954957e-11,9.18929246294561e-06,4.38216985348053e-05,-804.95183292637,0.0908254619927495,0.0760657336290956,1,0.527616258922105
"linear",400,"sir_laplace",18,3.971,3413.04707585022,3027.36785032485,122.492688306626,170.846357797379,6899.88292836221,1943.78806025948,6732.55415988371,2777.00074899365,859.493093893282,762.369138837786,30.8468114597395,43.0235098960913,1737.56810082151,1695.43041044667,0.00330001013504426,0.0029958389977004,2.35526443528954e-06,0.000931889195376863,0.00617391974704124,2.27496169268729e-05,2.04789902458907e-05,1.13990455548779e-10,7.48488856498679e-06,4.25579036710565e-05,-804.084784252016,0.102531310804384,0.0884830088792576,1,0.510558998315479
"linear",400,"sir_laplace",190,4.114,3674.68110375767,3614.58258568479,187.486493313197,170.298235631052,7035.9917391742,2290.6101873796,6614.17931393272,2434.53619876719,893.21368589151,878.605392728437,45.5727985690805,41.3948069108052,1710.25564880267,1607.72467523887,0.00292513158998126,0.00268759720967207,1.35314704913738e-06,0.00111157535248907,0.00531370173399488,2.12786434449992e-05,1.97685208820641e-05,7.11546819216044e-11,8.48769021013977e-06,3.7583886196403e-05,-777.68463695632,0.0909295326391681,0.070263443045525,1,0.502497667446145
"linear",400,"sir_laplace",191,4.272,4108.14567816854,3762.04762343381,146.266958512309,120.526326235625,7051.45131432946,2219.13730954112,6814.1957571652,1731.67404295037,961.644587586269,880.629125335629,34.2385202510088,28.2130913472905,1650.62062601345,1595.08327648998,0.00374409454621044,0.00339512888665249,2.85249792289627e-06,0.00117024730283402,0.00679609648063583,2.20707210607224e-05,2.01658150970508e-05,9.07816748521799e-11,7.60250511273044e-06,4.14333841971629e-05,-807.728045308041,0.0967238880693329,0.0766446011502349,1,0.522073190175885
"linear",400,"sir_laplace",192,4.158,3686.87376653238,3623.6406768972,135.594773755456,160.916729432645,7093.08837018245,3189.89572530881,6706.25199882404,3340.75226509533,886.694027545065,871.486454280231,32.6105756987629,38.7005121290632,1705.88945891834,1612.8552185724,0.0028791143460968,0.00266153435907101,1.38121545467722e-06,0.00105840801877305,0.00524123808739554,2.03874016671833e-05,1.82519460335741e-05,8.73263884926651e-11,6.83860734736567e-06,3.78957070306189e-05,-802.367967023391,0.0950607255132104,0.0695282400741151,0.9825,0.494314255536026
"linear",400,"sir_laplace",193,3.841,3454.58451744605,3490.03057379921,154.060995706605,180.470650202098,7073.57206297125,2973.13063781009,6702.46856357781,3359.38821158383,899.397166739403,908.625507367667,40.1096057554296,46.9853293939333,1841.5964756499,1744.98009986405,0.00302378188116342,0.00278209956795238,1.51516883359533e-06,0.00106760004165518,0.00563604771800873,2.0859880993967e-05,1.90676623121011e-05,6.7996482317208e-11,7.64903728232226e-06,3.7152706337621e-05,-792.524619801761,0.0829284597797555,0.0664520322296324,1,0.504846961123333
"linear",400,"sir_laplace",194,4.009,3561.57345527448,3400.76043663603,124.472884611528,179.984138769098,6988.10808499317,3756.72689944706,6496.14653381111,3259.90617729724,888.394476247064,848.281475838372,31.0483623376223,44.8950208952602,1743.10503491972,1620.3907542557,0.00291732126401881,0.00264985264398851,1.77926991920152e-06,0.000969917434308018,0.00553162585266041,2.18537820969572e-05,1.95779438502578e-05,8.71809298029649e-11,7.56101383838657e-06,4.07618161645811e-05,-783.370486853922,0.127484556680217,0.104293910810011,1,0.505740513338249
"linear",400,"sir_laplace",195,3.863,4036.38030572858,4080.38032969691,149.65914049038,160.369842748445,6708.32289716144,1392.7074073782,7226.69818829677,3832.60806176158,1044.88229503717,1056.27241255421,38.7416879343463,41.5143263651164,1736.55782996672,1870.74765423163,0.00420818563624628,0.00382512957989161,3.76732929969612e-06,0.00112406893011038,0.0081565650182157,2.25324928257202e-05,2.03123960324729e-05,8.77398337089e-11,8.54707170699247e-06,4.18379797485368e-05,-793.400634283256,0.111058822386559,0.0893256882888648,0.995,0.543574631018183
"linear",400,"sir_laplace",196,3.836,3175.7818677809,3021.41674715368,113.354551301784,93.5827093413967,6988.12720073362,3381.22219090945,6469.26374382491,2933.69073823804,827.888912351641,787.647744304922,29.5501958555224,24.3959096301868,1821.7224193779,1686.46082998564,0.00293095978523599,0.00267956478711732,1.65907898628213e-06,0.00103128548843587,0.00540106880691429,2.122596780802e-05,1.87588033103031e-05,1.08110594646875e-10,8.0926012906121e-06,3.94958434491832e-05,-799.007452387676,0.086651528786468,0.0712573558769879,0.9925,0.503012798275772
"linear",400,"sir_laplace",197,3.936,3677.6505190912,3456.9853753952,117.378918965596,176.936715477997,7056.82709860747,1785.18888683278,6817.00229509618,3279.20495879412,934.362428630895,878.299129927642,29.821879818495,44.9534338104666,1792.8930636706,1731.96196521753,0.00331963718314511,0.00303578227853986,2.23009494385906e-06,0.00110739105755761,0.00630390452800129,2.24422102833029e-05,2.02908994723635e-05,9.49713178533375e-11,8.16971703742487e-06,4.17159332167633e-05,-796.374304530745,0.111014570041448,0.0926552658098507,0.995,0.523155692609387
"linear",400,"sir_laplace",198,4.32,3302.02494032697,3078.74440826537,151.863695982837,210.361492058675,7000.72300634639,3207.92968089857,6132.05338457051,2378.75880395343,764.357625075687,712.672316728094,35.1536333293604,48.6947898283971,1620.53773295055,1419.45680198391,0.00277606345672291,0.00254047707761925,1.33583436490039e-06,0.00102045153574016,0.00516629608613825,2.2047182773116e-05,1.98081524328962e-05,8.49880502528753e-11,8.35079920266589e-06,4.06949548096316e-05,-788.246850197785,0.108199989616329,0.0872940875994398,0.995,0.492238305475988
"linear",400,"sir_laplace",199,3.711,3816.61009140235,3666.91511249001,170.496201248086,200.180217340063,6964.1741811482,2967.02211631347,6575.24905651459,2539.22985955224,1028.45866111624,988.120483020753,45.9434657095354,53.9423921692436,1876.63006767669,1771.8267465682,0.00320900292499741,0.00291433510920092,2.03683631851189e-06,0.0010185450208893,0.0060526459398988,2.24690724956157e-05,2.02980481662467e-05,1.03994535298282e-10,8.20948871522695e-06,4.17607483840506e-05,-812.385344168053,0.125170252650758,0.0905035950716643,0.93,0.518830427503886
"linear",400,"sir_laplace",19,4.102,3714.54653359604,3601.52087859606,134.334131382032,215.224273249268,6945.43416170304,2055.1684223835,6719.70534302905,2123.10973506116,905.545230033164,877.991437980512,32.7484474358926,52.4681309725179,1693.18238949367,1638.15342345906,0.0033509367719412,0.00309003235668529,2.07322308871695e-06,0.00110288321062938,0.00625826859087537,2.19751913850637e-05,1.99045310347306e-05,8.30043967348821e-11,8.66240581007191e-06,4.05027624519991e-05,-789.811786854951,0.0973835133587007,0.0814571386289976,1,0.512262250539019
"linear",400,"sir_laplace",1,3.833,3369.01263771432,3028.91511547931,143.602812199241,121.118769041659,6813.04320902984,1293.60150018978,6582.15363687624,2359.69002992229,878.949292385683,790.220484080174,37.4648609964104,31.5989483542028,1777.47018237147,1717.23288204441,0.00395865983298413,0.00361510993133779,3.4443389064236e-06,0.00104102826548948,0.00748097275922027,2.35411790922463e-05,2.08135789867452e-05,1.39010603344391e-10,8.52680349718841e-06,4.55922946747294e-05,-803.685269944895,0.0967582239608982,0.0791820184970346,1,0.535952032790472
"linear",400,"sir_laplace",200,3.867,3108.49095131297,3377.31625758453,170.721858281556,189.864645295593,7091.96939009866,3302.78440488294,6651.61860900552,3128.99622747314,803.850776134721,873.368569326229,44.1483988315376,49.0986928615445,1833.97191365365,1720.0979076818,0.00250534914788873,0.00232702256423671,9.14690204428027e-07,0.00105222027506425,0.0043831019535819,1.9250388730332e-05,1.74799991021788e-05,6.40339127654577e-11,8.21939705843914e-06,3.42992730941941e-05,-789.793001267025,0.0748207031179582,0.0608574930903852,1,0.485015016841114
"linear",400,"sir_laplace",20,4.086,2936.92629298238,3084.25465550906,95.7470974491332,185.2838855862,7096.26565799959,3092.04523609723,6756.07647448172,2594.16733587154,718.777849481736,754.834717452046,23.4329656018437,45.3460317146842,1736.72678854616,1653.46952385749,0.00253660603477738,0.00235606591838123,9.26914500296018e-07,0.000959301248865603,0.00447229920802746,2.04327833837032e-05,1.86539583191028e-05,6.46064844232395e-11,8.342163484124e-06,3.63991837303708e-05,-788.331895380086,0.0626867327050384,0.0520179946444248,1,0.489211860872752
"linear",400,"sir_laplace",21,3.983,4308.89041199835,4276.31375337429,115.645014802981,147.486372009293,6586.43875239182,1572.49614349494,7012.23726140829,2888.19933548783,1081.82033944222,1073.64141435458,29.0346509673565,37.0289661082836,1653.63764810239,1760.54161722528,0.00393514002815761,0.00331104595846082,5.29817994065629e-06,0.00123322730201717,0.0083836598574094,2.07114632625858e-05,1.87907089991955e-05,6.96792505086505e-11,8.03423499589309e-06,3.70795558087087e-05,-815.098098527816,0.0883371957791152,0.0739263683485663,1,0.534378525589868
"linear",400,"sir_laplace",22,3.842,2947.21550453828,3187.17088700453,53.0041627792878,185.364858585907,6817.68875760853,1709.51604868447,6889.52717034655,2924.32792574879,767.10450404432,829.560355805447,13.7959819831566,48.2469699598925,1774.5155537763,1793.21373512404,0.00348305372319894,0.00319625773248072,2.30496483034478e-06,0.00115591960157711,0.00647908945862592,2.17937853440567e-05,2.03377379216699e-05,6.70388039545798e-11,8.83031513521309e-06,3.72808582929819e-05,-789.051522182612,0.104398362774904,0.072411404487725,0.99,0.524303704125
"linear",400,"sir_laplace",23,4.005,3788.04039320137,3678.64540791352,174.704179452711,157.37331903358,6984.88898732694,2745.99407673362,6844.56062091485,3509.81283174698,945.827813533426,918.513210465297,43.6215179657207,39.2942119934033,1744.04219408913,1709.00390035327,0.00358069859941543,0.00326614946958085,2.37648505658008e-06,0.00125694578996418,0.00664498497740817,2.36218143820504e-05,2.11137497931984e-05,1.17004826658852e-10,8.91936777120638e-06,4.4080973932161e-05,-797.688340676368,0.0910713062943132,0.0748592872400353,0.9925,0.524202701645829
"linear",400,"sir_laplace",24,3.744,3223.54497491571,3270.30159913834,159.820979258125,216.271269065217,6973.07770429037,3306.61552081155,6456.82827056814,2343.75385033216,860.98957663347,873.477991222846,42.6872273659523,57.7647620366498,1862.46733554764,1724.58020047226,0.00274052978379147,0.00254795418650658,1.10234752211806e-06,0.0010785083723771,0.00486310923670402,2.24404724600122e-05,2.07772433695468e-05,7.99734096596803e-11,8.62528982388213e-06,3.94882013187266e-05,-782.343684055302,0.0777368182931938,0.0595786723072301,1,0.4997975488481
"linear",400,"sir_laplace",25,3.82,3215.06185008583,2911.54273048754,152.14057713485,185.097898961619,7150.19422424502,2496.61625231499,6786.37449252218,2746.65364142392,841.639227771159,762.183960860613,39.8273762133115,48.4549473721515,1871.7785927343,1776.53782526759,0.00295874083706815,0.00271935466610664,1.50196686193981e-06,0.00113294954161036,0.00537209347177652,2.10562199776555e-05,1.91474409274545e-05,8.22674420676633e-11,7.98194141068471e-06,3.85539101719065e-05,-787.612247078534,0.131160666903616,0.10490339861138,0.98,0.508151016177229
"linear",400,"sir_laplace",26,3.974,3142.78620493609,2478.18756966499,193.978049339751,156.204051845747,6833.38900702416,3389.12092826656,6515.54569018478,2413.04874542764,790.836991679942,623.600294329388,48.8117889631986,39.3065052455328,1719.52415878816,1639.54345500372,0.00267240022691135,0.00244776942479068,1.27096610151185e-06,0.00107644536015389,0.004907143211063,2.20005807990988e-05,1.99113000259655e-05,7.8979438929926e-11,8.92505842167424e-06,4.05837532136449e-05,-779.923474874741,0.125976752342536,0.0986175447317218,1,0.504717415125594
"linear",400,"sir_laplace",27,3.837,3158.30370470385,3447.66173928417,188.175935124677,194.649210728254,7140.17060886786,3239.72378667522,6715.32047302298,3156.84223906796,823.11798402498,898.530554934629,49.0424641972053,50.7295310733005,1860.87323660877,1750.14867683685,0.00309951199661243,0.00276462529302444,1.91301546588923e-06,0.00117396480028855,0.00605213039480802,2.23320106969062e-05,1.97036957117868e-05,1.31742690903583e-10,8.11982799886361e-06,4.03785325860714e-05,-794.277735320283,0.0927393682827612,0.0740936022774187,1,0.517081745456139
"linear",400,"sir_laplace",28,4.053,3683.1155343168,3623.04967895703,103.657428017141,168.738333479648,6925.42956202233,2236.50510107308,6625.78044714935,3346.02968924633,908.738103705107,893.918006157669,25.5754818695142,41.6329468244875,1708.71689169068,1634.78422086093,0.00314856160754408,0.00286144806324709,1.93378579532266e-06,0.00100608410260878,0.00596587772534367,2.22235569446615e-05,2.07190211607308e-05,7.51490543649911e-11,8.96627148909576e-06,3.80313916124517e-05,-789.999740129378,0.10558074041825,0.0800711009360244,0.99,0.510779871080426
"linear",400,"sir_laplace",29,3.936,3180.8777493676,3151.05231328551,174.640997306008,104.354431582259,6874.01918125047,2808.799895464,6500.7935392585,3077.2575734186,808.149834697053,800.572234066442,44.3701720797785,26.5128129019966,1746.44796271608,1651.62437481161,0.00298534587926434,0.00268855073566347,1.72232896258626e-06,0.000926594277759015,0.00557643238916546,2.22467538670877e-05,1.9929135336622e-05,9.3744064945224e-11,8.64736305225222e-06,4.12112775003392e-05,-787.877128210912,0.0928333224063713,0.0737264876501318,1,0.511321534350199
"linear",400,"sir_laplace",2,3.855,4240.33222521271,4047.76727545993,117.016844444897,112.514089462054,7018.89544933349,2000.99957782475,6710.84967369038,3619.81498489857,1099.9564786544,1050.00448131256,30.354564058339,29.1865342314017,1820.72514898405,1740.81703597675,0.0033272488522874,0.00301777613535188,2.26125591988644e-06,0.00101339551019905,0.00627994375132043,2.26213450149742e-05,2.03488895703889e-05,9.37204808650571e-11,8.14253259204799e-06,4.23109514393457e-05,-803.915632055399,0.103885710102839,0.0792611357962981,1,0.510723206274347
"linear",400,"sir_laplace",30,3.804,3610.60845064825,3397.64587768047,156.695754296651,156.544539688359,6834.00496986711,3564.16466659088,6568.62143864711,3242.43913230201,949.161001747701,893.177149758273,41.1923644312964,41.1526129569818,1796.53127493878,1726.76693970744,0.00267477216065327,0.00238680805067995,1.51675704002887e-06,0.00100744909372776,0.00505363631795721,2.02316141778634e-05,1.86331361542657e-05,7.01124221450368e-11,7.92004181808874e-06,3.53042878285256e-05,-810.111458345057,0.0899935390405094,0.0736026707652084,1,0.488230447626105
"linear",400,"sir_laplace",31,3.778,3364.32823438753,3441.82040469737,139.618974600431,152.446944662809,7076.56488156749,1815.69155707048,6694.06388190544,2603.25242938321,890.505091156043,911.016517918837,36.9557899948204,40.3512293972495,1873.09816875794,1771.85385968911,0.00317554397449836,0.00289947360463253,1.99250083655397e-06,0.00102290967426762,0.00605751993348821,2.19187893320775e-05,1.98372304126445e-05,8.86451394930435e-11,8.07505286473464e-06,4.08365688676519e-05,-808.667139516762,0.0986984549597222,0.0773439132596063,0.9675,0.506398479333069
"linear",400,"sir_laplace",32,3.823,3181.09412182736,3417.81796639694,140.949265851033,183.568271029487,6968.76480242061,3231.5817838494,6775.28160824752,3255.30350950106,832.093675602239,894.014639392347,36.8687590507542,48.0168116739438,1822.85242019896,1772.24211568075,0.00291000052000719,0.00261239017611381,1.69978691982561e-06,0.000908287746253483,0.00549880651026365,2.00517566295383e-05,1.84435573043145e-05,5.74030889360112e-11,8.21695487648432e-06,3.60866701944231e-05,-824.962597964551,0.078169619613701,0.0619365010937495,1,0.504462468066312
"linear",400,"sir_laplace",33,3.894,4122.0876267593,4163.52955828556,95.3290815955038,122.807359156424,6582.1751687322,828.373005700492,6934.66880663219,1650.37655661201,1058.5741208935,1069.21663027364,24.4810173588864,31.5375858131545,1690.33774235547,1780.85999143097,0.00402864554381527,0.00357740812454364,4.31037478466202e-06,0.00102825507449261,0.00812986881888183,2.27753169815993e-05,2.06330511573705e-05,9.4346502834505e-11,9.17319370671669e-06,4.22368875444371e-05,-800.336850092935,0.116908644982553,0.0867723969748763,0.965,0.537792503939819
"linear",400,"sir_laplace",34,4.065,2999.71462576524,3143.41792902297,184.091065653607,187.057497071744,6981.4777536429,3125.32430903559,6598.50776269864,2940.6255883477,737.937177310022,773.288543425084,45.2868550193374,46.0166044456934,1717.46070200317,1623.24914211529,0.00254936176688321,0.00237109476540756,1.02697482990065e-06,0.000932381089586653,0.00456929145272278,2.08055684413014e-05,1.91326716172907e-05,7.38838302525029e-11,8.86675113869304e-06,3.64381778509022e-05,-807.737328465968,0.104461444649551,0.0772998105448102,0.9525,0.48580030623027
"linear",400,"sir_laplace",35,3.87,3780.36374300736,3624.03125947402,168.688626535586,174.271234979818,7138.70463831977,3883.13540487521,6766.39810069985,3423.62309403683,976.83817648769,936.442185910601,43.5887923864564,45.0313268681701,1844.62652152966,1748.42328183459,0.00297639159172189,0.00269756277898652,1.65455291288839e-06,0.00105165441537463,0.00562069673117695,2.20280463157733e-05,2.00866417293493e-05,8.05713729656641e-11,7.73552148739649e-06,3.92159774313149e-05,-778.667262030826,0.103530820153271,0.0825488151823947,1,0.515458116466524
"linear",400,"sir_laplace",36,3.823,3820.14792690797,3766.08589560519,112.64654057648,186.457016689333,6843.60164839767,2514.07934545912,6588.92817620082,3366.70123505793,999.25396989484,985.112711379856,29.4654827560763,48.7724343942801,1790.11290829131,1723.49677640618,0.00303582971178124,0.00276391028216132,1.7398424462474e-06,0.000944555792675973,0.0056641975490681,2.25741332495895e-05,2.0624396246126e-05,8.13161282407255e-11,8.91213803413119e-06,4.05957304969002e-05,-801.401483144876,0.131307024543423,0.112340204854448,1,0.503208183224544
"linear",400,"sir_laplace",37,3.842,3509.24162025992,3490.38478582025,126.944411490854,198.21529142851,6938.39333669304,3041.62283763474,6721.31203422124,3032.16395431554,913.389281691806,908.481204013601,33.041231517661,51.5916948017985,1805.93267482901,1749.43051385248,0.00312972477224508,0.00283309420169478,2.00120678313278e-06,0.000957303057879809,0.00597447668492186,2.13444270791951e-05,1.98892972381155e-05,6.92343040146341e-11,8.238279988939e-06,3.74554274032342e-05,-783.102962256772,0.1051000343025,0.0785663201063923,0.9825,0.51406449852651
"linear",400,"sir_laplace",38,3.837,3186.97676514112,3040.57443124278,134.274835925064,112.913208386478,6631.93763691951,1918.99515250144,6706.41456523938,2543.44533492108,830.590764957289,792.435348251961,34.9947448332196,29.4274715628038,1728.41741905643,1747.82761668996,0.0032984914474177,0.00299487705708876,2.36478397913808e-06,0.00103459988011184,0.00631118958466044,2.27419952708207e-05,2.06528972577247e-05,1.00039096473609e-10,8.74845914255711e-06,4.29694058125418e-05,-799.097526939819,0.12873173855801,0.11013053863675,0.9975,0.515525570046986
"linear",400,"sir_laplace",39,3.758,3513.65148599274,3069.88688027567,141.524219371354,181.045689680211,6952.11275743513,1826.3048529589,6835.53223180032,2985.37236034994,934.979107502059,816.893794644937,37.6594516688009,48.1760749548192,1849.95017494282,1818.92821495485,0.00361141948484633,0.00329843693270039,2.59579981273482e-06,0.00110005979235185,0.00686656902090843,2.24794538691643e-05,2.06057245747861e-05,9.60791478075792e-11,8.42527077444505e-06,3.9792656866493e-05,-783.109766137967,0.0930016857518246,0.0758451961393646,1,0.525282857721534
"linear",400,"sir_laplace",3,4.136,3931.12513442591,3784.42922169227,161.857684466058,191.12436580936,7099.55489648359,1850.70233743456,6745.29620856608,2995.10514772318,950.465458033344,914.997394026176,39.1338695517547,46.2099530486848,1716.52681249603,1630.87432508851,0.00373650983715967,0.00337015696169539,2.81054555104642e-06,0.00105136182996449,0.0069520014091545,2.28691757558716e-05,2.08749936519995e-05,9.24784334148967e-11,7.94745712084728e-06,4.22462235763242e-05,-833.402238663343,0.0928517375562553,0.0735406242109132,1,0.52665884763412
"linear",400,"sir_laplace",40,4.012,3150.08188674095,3069.32052848835,190.466208993163,162.18802933348,6992.57264888717,2309.07017209658,6745.0395762871,2894.0833559898,785.164976754973,765.035027040966,47.4741298587146,40.4257301429412,1742.9144189649,1681.21624533577,0.00305587655972262,0.00275174028841222,1.86475801720023e-06,0.001050043205337,0.00586035412730435,2.32598214196367e-05,2.15185114068783e-05,8.73330772193845e-11,8.9351578364151e-06,4.17308896264564e-05,-793.367835660636,0.0812567819766669,0.063832239344342,0.9975,0.507861248869274
"linear",400,"sir_laplace",41,3.84,3315.08432803014,3235.7692387871,137.756391873994,186.51339785659,7017.7292969011,2572.71182754728,6958.69786421244,3161.97100145244,863.303210424514,842.648239267474,35.8740603838526,48.5711973584869,1827.53367106799,1812.16090213866,0.00306796538647013,0.00278006773148564,1.98276068006884e-06,0.000982814110358799,0.00595042924029752,1.99718672533467e-05,1.83519088658013e-05,6.24466141628015e-11,7.35550974319951e-06,3.57514095502231e-05,-811.996684381904,0.0833623719082853,0.0663503243852967,1,0.504201775416749
"linear",400,"sir_laplace",42,3.83,2893.56470771147,2888.60495706678,215.74595617227,192.641670497002,7062.32491910204,2996.89891753575,6323.11467388462,2481.56979660231,755.499923684458,754.204949625791,56.3305368596004,50.2980862916454,1843.9490650397,1650.94377908215,0.00252607418705616,0.00234400092155274,9.00743334300202e-07,0.00100777295050647,0.00439675970714274,2.15662753115462e-05,1.98997683384998e-05,6.89233194091298e-11,8.17841771440615e-06,3.83100089575787e-05,-799.876492596773,0.118314273539756,0.091806011048011,0.94,0.482635126188176
"linear",400,"sir_laplace",43,3.998,3176.72759225992,3148.2857607194,128.438343645989,169.171873995029,6906.99698756598,3118.40864583861,6772.15812439265,2900.52839819009,794.579187658808,787.465172766233,32.1256487358651,42.3141255615381,1727.6130534182,1693.88647433533,0.00280426905158472,0.00256441295168647,1.49932799394693e-06,0.000985235994665007,0.00511166367122435,2.15194725615312e-05,1.9772932063708e-05,7.44718909359091e-11,8.43661700099607e-06,3.88198065899243e-05,-793.352690544629,0.1044330817079,0.0850377074247587,1,0.497878376875137
"linear",400,"sir_laplace",44,3.762,2588.45680900319,3061.90331631383,166.509987926831,162.450704162251,6835.93593372812,2649.65503162606,6256.22976529806,2814.99944714489,688.053378257094,813.903061221114,44.2610281570523,43.18200535945,1817.10152411699,1663.00631719778,0.00287801514207757,0.00262435287660846,1.43706449302295e-06,0.000911675855064555,0.00523209013567276,2.24954224882687e-05,2.0507135613982e-05,8.2275226310619e-11,8.84186969302039e-06,4.12422506737324e-05,-785.213505881064,0.100114042130063,0.0773105861002641,0.9575,0.505517744473364
"linear",400,"sir_laplace",45,4.019,3023.07188478994,2883.32765676682,167.565574908883,162.11110366964,6982.56130255887,3007.47055870651,6586.70068305944,2424.33264750304,752.195044734994,717.424149481668,41.6933503132329,40.3361790668425,1737.38773390368,1638.89044116931,0.00286142416882125,0.00257144478241213,1.71233204567098e-06,0.000934818802914599,0.00540131484323113,2.13516969892516e-05,1.92681038993251e-05,8.56111555357484e-11,8.43325891386756e-06,3.95093079430233e-05,-781.664362621007,0.0996473951391124,0.0737794148134635,0.9625,0.493453925076043
"linear",400,"sir_laplace",46,3.852,3433.06008641441,3157.99779190784,126.768607659665,172.998496380228,7141.97382306713,2838.72732729961,6753.09885887067,2279.24956780915,891.240936244655,819.833279311484,32.9098150726026,44.9113438162585,1854.0949696436,1753.14092909415,0.00303941600295005,0.00277447792015151,1.71480650449254e-06,0.00108956912806957,0.00558104310136994,2.24566792111224e-05,2.04290188771337e-05,8.99095056901162e-11,7.40979099594443e-06,4.02313306501543e-05,-813.352290479309,0.0889112025315257,0.0651635795565388,1,0.50650167013166
"linear",400,"sir_laplace",47,3.833,3126.22784490674,3027.33747281525,168.075820617662,197.326776052795,6973.72713102553,3363.88965439719,6668.14615076195,2865.37389650997,815.60862116012,789.808889333486,43.8496792636738,51.4810268856757,1819.39137256079,1739.66766260421,0.00270348086076753,0.00249141977952823,1.23729454036048e-06,0.000970490652607525,0.00489625076729054,2.11600696252043e-05,1.94579228822844e-05,7.23190550920749e-11,8.40393448166231e-06,3.80358041093085e-05,-806.636215742778,0.0726577598898557,0.0547892826150773,1,0.491572429348736
"linear",400,"sir_laplace",48,3.808,2998.66744086325,2907.16873402265,153.528604208314,188.888109144149,7026.07709560521,3177.02142036598,6537.76918016225,2773.80978215055,787.465189302323,763.437167547965,40.3173855589059,49.6029698382745,1845.08327090473,1716.85115025269,0.00257769085691481,0.00236417879752217,1.13755555433945e-06,0.000934354614657285,0.00485269555349005,1.94255234477464e-05,1.80262625355194e-05,5.59702224425361e-11,7.95659670066105e-06,3.40677424508661e-05,-807.468205186453,0.0828074999832824,0.0667016835586169,1,0.497106998951256
"linear",400,"sir_laplace",49,3.894,2446.77781424768,1995.84071083137,121.577912905224,122.373394030904,6817.12057230874,2378.88201750011,6378.53775726884,1646.47960814133,628.345612287541,512.542555426649,31.2218574486965,31.4261412508743,1750.6729769668,1638.04256735204,0.00311991925705012,0.00288287910249209,1.92327398029999e-06,0.00106152418338198,0.0058591589818609,2.37839190326209e-05,2.16947796322879e-05,1.02774770596488e-10,9.21374485010927e-06,4.51290223737306e-05,-787.562579823551,0.12665463171882,0.0988604018835382,0.985,0.51178290582137
"linear",400,"sir_laplace",4,3.999,2565.97880788165,2624.52798227557,134.141333081717,174.686524028653,6714.78044669769,2264.43918895484,6426.65775524247,2494.34624350924,641.65511574935,656.296069586289,33.5437192002294,43.6825516450744,1679.11489039702,1607.06620536196,0.0029672961844784,0.00272046946247854,1.66129387707978e-06,0.000862613911568436,0.00550697132371474,2.37179221453084e-05,2.07675536870459e-05,1.24400456992934e-10,8.73150696244238e-06,4.54014565009004e-05,-799.447156613155,0.0856922303617025,0.067909217959018,1,0.509194491339439
"linear",400,"sir_laplace",50,3.811,3049.24979700073,2888.86749439593,135.571569351103,158.926279376899,6849.23764082174,3243.15730896164,6187.45320083462,2561.39127337579,800.118025977625,758.033979112027,35.5737521257158,41.70198881577,1797.22845468951,1623.5773290041,0.00282893659965327,0.00258673150904822,1.40558936201565e-06,0.00101838566280139,0.00533194360054177,2.19604896915686e-05,1.99099440867639e-05,7.63960252763804e-11,8.77519573594075e-06,3.95839339288532e-05,-780.139673903065,0.108219805839646,0.0803071007959865,0.9525,0.507910124143605
"linear",400,"sir_laplace",51,4.015,3608.32169600495,3388.3367875177,149.211570243542,231.520895411192,7095.10058362756,2432.99244007262,6756.77659250662,3283.28529863056,898.710260524271,843.919498759079,37.1635293259134,57.6639839131237,1767.14833963327,1682.88333561809,0.00356498319297778,0.00324016860176977,2.61167722693551e-06,0.000988916201311709,0.00667652065837895,2.18047989337282e-05,2.06441759232779e-05,5.79407973319685e-11,9.05166470033167e-06,3.68324014109758e-05,-809.203732163747,0.102870731778071,0.081137538909831,0.965,0.520343747162634
"linear",400,"sir_laplace",52,3.766,2860.5478324572,2946.18212294399,187.763688572094,167.544716955903,6987.89892878951,3002.58658272249,6296.54179026787,2602.2006060671,759.57191515061,782.31070710143,49.8575912299772,44.4887724258904,1855.52281699137,1671.94418222726,0.00281750226594991,0.00264018864387262,1.13680715505562e-06,0.00100948210052878,0.00488192136072662,2.39675466495625e-05,2.16677341505308e-05,1.02937739622738e-10,8.63740242052965e-06,4.53245228883566e-05,-783.503599849849,0.13388531934965,0.107306340680971,0.95,0.510763318217093
"linear",400,"sir_laplace",53,3.809,3587.23967158664,3584.13022951526,82.6486005000854,135.189045373575,6578.80317406258,1548.1404611447,6057.55356828788,1884.89615321768,941.779908528915,940.963567738321,21.6982411394291,35.4920045611907,1727.17331952286,1590.32648156678,0.00384048675028294,0.00346900188913575,3.37390875079611e-06,0.00112298920160045,0.00775580832245598,2.61759688807253e-05,2.25192974183842e-05,2.10417816964229e-10,8.59560854320815e-06,5.18868018640695e-05,-797.209929677577,0.108414309476114,0.0890058756244611,1,0.536838314720475
"linear",400,"sir_laplace",54,3.746,3171.63719501998,3016.18520725373,192.541003331708,153.046164134783,6781.54771942024,2701.04238974433,6390.56811122985,2960.73024949655,846.673036577676,805.174908503398,51.3990932545938,40.8558900519975,1810.34375852115,1705.97119894016,0.00270635271470442,0.0025052479201468,1.16724053569194e-06,0.00100686438276139,0.00480323219025754,2.20508650161535e-05,1.99379189484334e-05,9.03173320242951e-11,7.51918653400169e-06,4.11559910385416e-05,-783.645830898794,0.0867780979897799,0.0725225189315574,1,0.493284107287167
"linear",400,"sir_laplace",55,3.797,3502.68507119582,3351.89041057534,153.370016506907,155.682705031137,7011.14399186254,2323.97107028478,6539.93874142521,2765.52525625347,922.487508874328,882.773350164692,40.3924194118795,41.0015025101757,1846.49565232092,1722.39629745199,0.00287070496595533,0.00257367266365565,1.78854937180226e-06,0.000968588807342991,0.00553418664159189,2.12013324840051e-05,1.92349828342582e-05,7.82049263304557e-11,8.00475986755907e-06,3.85739142066802e-05,-781.269095634229,0.11395285480984,0.0933605237446345,0.9975,0.497056924380906
"linear",400,"sir_laplace",56,4.035,3732.23438819659,3962.14832811779,119.348874426398,166.442399595047,7086.99855698079,1182.74401041867,6919.55497473146,3727.61432372519,924.965151969415,981.945062730556,29.5784075406192,41.2496653271492,1756.3813028453,1714.8835129446,0.00362692676713857,0.00329475861788804,2.8942916584492e-06,0.00107903816126432,0.00690486216094582,2.26410047705916e-05,2.05636494068978e-05,9.92995467500641e-11,8.18565325475321e-06,4.22770444578566e-05,-799.154738558919,0.0932806857781516,0.0739756382348754,1,0.52241187944417
"linear",400,"sir_laplace",57,3.994,3802.14404228021,3750.74490425113,137.701469720644,137.785490467833,6983.57263614566,2491.53297828912,6853.41419989815,3616.64637747896,951.963956504809,939.09486836533,34.4770830547431,34.4981197966533,1748.51593293582,1715.92744113624,0.00318082002095385,0.00283995652191684,2.18317089491116e-06,0.000909251424332381,0.00610383702295103,2.12055749871404e-05,1.87923345859669e-05,9.22493800833414e-11,7.57086706577055e-06,4.07781960947492e-05,-804.007630869832,0.0820175623507609,0.0652529438741556,1,0.506598211627353
"linear",400,"sir_laplace",58,3.827,3002.70653520253,3068.25332862259,182.702337775804,189.178308434878,7103.2938170662,2632.20436782094,6818.05825029497,2825.25045377548,784.611062242626,801.738523287847,47.7403547885561,49.4325342134512,1856.09976928827,1781.56735048209,0.00318403543984959,0.00297992842863818,1.62473534720631e-06,0.0010600518683799,0.00563904423677141,2.14554771410864e-05,1.98080200755568e-05,6.40890557615798e-11,9.05792519625955e-06,3.83650433295969e-05,-780.924951188774,0.116314059215255,0.0997962703961921,1,0.522464593959232
"linear",400,"sir_laplace",59,3.731,3636.06257987205,3650.51290442395,108.634565516657,159.95436132523,6918.79711057801,1773.96775342922,6752.09149969419,2383.73415750038,974.554430413308,978.4274737132,29.1167422987556,42.8717130327606,1854.40823119217,1809.72701680359,0.00391823794260344,0.00346911803665259,3.70129428523582e-06,0.00125194509433452,0.00778593853725658,2.2266232151918e-05,2.02433323175757e-05,8.95454782148093e-11,8.61279048860518e-06,4.12169422524223e-05,-805.159273117256,0.103858337703919,0.0809599453079835,1,0.53501856218847
"linear",400,"sir_laplace",5,4.04,3255.11864735227,3088.1536430559,196.299211541055,150.781319094408,7067.53277015085,3452.97803389586,6740.77983111517,2997.22677180298,805.722437463433,764.394466102944,48.588913747786,37.3221086867346,1749.38929954229,1668.50985918692,0.00281859987273054,0.00257419354051123,1.40750983940161e-06,0.000996960584160366,0.00514623040309418,2.0142360441507e-05,1.84305267948221e-05,6.57649227273082e-11,7.89791469152725e-06,3.69394410127187e-05,-804.321493991427,0.0742278764464141,0.0647335111238211,1,0.499103285703013
"linear",400,"sir_laplace",60,3.814,3676.18913157368,3359.78954306339,126.008541776698,191.018784651686,7082.041085938,3792.05666464816,6688.61119075933,3223.11655321343,963.867103191841,880.909686172887,33.0384220704505,50.083582761323,1856.85398163031,1753.69984026202,0.00276464396290589,0.00247742460560832,1.46195119359467e-06,0.000951831602855063,0.00515538316696981,2.08058105006988e-05,1.88674798675465e-05,7.95585083140655e-11,8.17940543163864e-06,3.72709989529345e-05,-780.612007982045,0.0972333248087743,0.082922850498117,1,0.495507750130013
"linear",400,"sir_laplace",61,3.88,3316.96732146981,3279.42882618974,133.002745905933,201.972486297582,6992.46600569765,3425.69882707195,6510.03698048426,3096.45442698073,854.888484914899,845.213614997356,34.2790582231786,52.0547645096861,1802.18196023135,1677.84458259904,0.00297597169888553,0.002707101759189,1.58717219088152e-06,0.0010316723937991,0.00547054479559253,2.39753471546555e-05,2.1698425438506e-05,1.03714898103433e-10,8.99017001422163e-06,4.35419451483197e-05,-791.874651411661,0.122085181608446,0.10402112260777,1,0.509901440375153
"linear",400,"sir_laplace",62,3.825,3083.22560136715,2988.3393841799,135.295040666047,164.045013300555,7034.8068435683,2991.64159043926,6943.5134915538,2787.52348732401,806.072052645006,781.265198478406,35.3712524617115,42.8875851766156,1839.16518786099,1815.29764485067,0.00303769034567705,0.00278917972833856,1.64706039810472e-06,0.000999255410394354,0.00553815861101243,2.1470601275808e-05,1.93052678327929e-05,9.08847420884013e-11,7.70690138278057e-06,3.99529182834973e-05,-808.856520740548,0.0876467353453142,0.0655107145077634,0.99,0.510298285992309
"linear",400,"sir_laplace",63,3.804,3539.67678428763,3666.71041277307,84.8271865376766,115.034064825757,6800.61027270583,2395.08590729465,6702.46039936409,2972.56301686063,930.514401758052,963.909151622783,22.2994706986531,30.2402904378962,1787.75243761983,1761.95068332389,0.00337976677696727,0.00303061087836357,2.44702163223223e-06,0.000947562893011591,0.00640050330595021,2.22465552772408e-05,1.95867457310962e-05,1.0853110665625e-10,7.11845642730042e-06,4.12718354356861e-05,-776.041251165659,0.101255020453694,0.0802767551691234,0.98,0.522693614660683
"linear",400,"sir_laplace",64,3.807,3306.66048988476,3225.04832708184,179.347573097373,134.165186099558,7004.10321143434,3450.57497729249,6481.02340513476,3078.00807526466,868.573808743043,847.13641373308,47.1099482787952,35.2417089833356,1839.79595782357,1702.39648151688,0.00267013857646513,0.0024638953206553,1.32098243893379e-06,0.000866759381790295,0.00491831327808493,2.08109878701032e-05,1.9313045883055e-05,6.61364701223947e-11,7.70033715305902e-06,3.66583285787559e-05,-785.45956287491,0.0849118468630828,0.070554276826732,1,0.490056967774446
"linear",400,"sir_laplace",65,3.904,3305.58816912699,3179.3867620202,145.53360706986,205.532635000051,6979.26017842112,3382.56851227531,6629.86861968239,2355.46092732643,846.718281026379,814.392100927305,37.278075581419,52.6466790471442,1787.72033258738,1698.22454397602,0.00262854007235221,0.00243513384603495,1.15813993155249e-06,0.000872471346314041,0.0047156761100334,2.13394862629882e-05,1.9768634825543e-05,7.43581114536275e-11,8.02789935195412e-06,3.74157660186304e-05,-796.182333041104,0.102956956250836,0.0789700094130425,0.985,0.489105701788133
"linear",400,"sir_laplace",66,4.022,3384.2346128426,3399.02902942577,176.578881516756,200.83330281898,7131.3615506562,3554.65497934385,6670.95107750582,3059.37391139923,841.430783899204,845.109156992982,43.9032524904914,49.9336904075037,1773.08840145604,1658.61538476027,0.00310338601266763,0.00280144139281263,1.78505161589255e-06,0.00107035739423212,0.00585144544424248,2.17646482875829e-05,2.00664285972241e-05,8.00498790631931e-11,8.40231699141491e-06,3.85038687349283e-05,-798.165426649224,0.0957692814861069,0.0739775285760737,1,0.511404404541701
"linear",400,"sir_laplace",67,4.123,3575.49619397818,3538.44234227164,190.996916415978,157.804345087785,6897.602698808,3733.73817581591,6682.63932050016,3288.07179565689,867.207420319715,858.22031100452,46.3247432490852,38.2741559756936,1672.95723958477,1620.81962660688,0.0028188685019715,0.00262338420625373,1.3429376109478e-06,0.000954794301351779,0.00515652835695062,2.28648643363338e-05,2.0409844781447e-05,1.09438602505263e-10,8.48834906970798e-06,4.35985910556185e-05,-812.498904987368,0.089082347030802,0.0706800844053737,1,0.499315846760036
"linear",400,"sir_laplace",68,4.008,3113.82086203095,2966.23454046974,138.197955369317,181.258878091143,6953.01547238459,2895.42990574884,6596.36814823783,2652.14169266662,776.901412682373,740.078478161114,34.4805277867556,45.2242709808242,1734.78429949715,1645.80043618708,0.00239589907651206,0.00220654148966027,9.87453893883477e-07,0.000915326759399746,0.00432554490947795,1.98187850353695e-05,1.81553953538357e-05,6.14197472391183e-11,7.97989890524834e-06,3.50885697200743e-05,-812.395381755844,0.0956515122943358,0.0730934304017743,1,0.480246356460659
"linear",400,"sir_laplace",69,3.843,4064.35976174589,3545.89973329661,172.832828794151,147.032634492957,7073.80295436653,3892.64695153611,6562.11698279473,3464.23016491721,1057.60077068589,922.690536897373,44.9734136857016,38.2598580517713,1840.6981406106,1707.55060702439,0.00292125654507704,0.00271736870699989,1.45875620834565e-06,0.00107318223388619,0.00533646361186791,2.16307447415626e-05,1.9359535790887e-05,8.4106002178164e-11,7.84679107639361e-06,4.06307390760034e-05,-785.377297556342,0.118084122013168,0.0884020731144491,0.9775,0.503586778641287
"linear",400,"sir_laplace",6,4.005,3095.31780412353,3031.59849682621,138.01976684111,154.664978778617,6587.89571431959,2115.94938246319,6063.44427580804,1996.39611011744,772.863371816112,756.953432416034,34.4618643798027,38.6179722293677,1644.91778135321,1513.96860819177,0.00377200939286222,0.00336022613477046,3.37805776655743e-06,0.00101652809558546,0.00741977570208347,2.67124281642319e-05,2.34556467451882e-05,1.74902673438167e-10,8.15592702506463e-06,5.26116184615198e-05,-788.808734511186,0.135650192323382,0.106903444262327,0.955,0.540894130480825
"linear",400,"sir_laplace",70,3.849,3194.13210336624,3175.43642508897,107.558184229333,138.927910129279,6957.10302532833,2503.23884204118,6536.67760729007,2894.31245694161,829.860250290007,825.002968326572,27.9444490073611,36.0945466690774,1807.50922975535,1698.2794511016,0.00301543998842216,0.00272130750513851,1.76259239932283e-06,0.00105567291641761,0.00568336603152427,2.28807748609016e-05,2.06083081014391e-05,9.5823891780719e-11,8.63086573341129e-06,4.31157119576019e-05,-791.441374776063,0.0913874866198878,0.0737821586584276,1,0.511463242550476
"linear",400,"sir_laplace",71,4.147,3043.0823841518,3142.32120198483,160.777732390783,127.714908569337,7026.10820531917,2674.69681866248,6687.27160820651,2947.12292500615,733.80332388517,757.733591026001,38.7696485147778,30.7969396116077,1694.26289011796,1612.55645242501,0.00322948134499521,0.00291972950359933,2.00043814855156e-06,0.00116527897769039,0.0060830847502648,2.28983916556741e-05,2.0387343927956e-05,1.16143407679482e-10,8.37626996238341e-06,4.35420321174377e-05,-803.868609878784,0.108848225179518,0.0900802898932091,0.99,0.50921664244341
"linear",400,"sir_laplace",72,4.065,3547.1147461101,3717.62354291869,131.877469606106,130.997323946677,7089.16917905643,3608.17066312469,6472.50009842706,3138.412491205,872.59895353262,914.544537003367,32.4421819449216,32.225663947522,1743.95305757846,1592.25094672252,0.00278126444256608,0.00249997449153577,1.53935183842975e-06,0.00100575282337346,0.00514085320492764,2.08644541174015e-05,1.87553596911438e-05,8.55464737681426e-11,7.83284814565105e-06,3.7842469610785e-05,-841.199268715721,0.0807017890302544,0.0656247256741006,1,0.495728053463858
"linear",400,"sir_laplace",73,3.901,3080.9455101683,2920.51754083938,154.008812964028,142.345617033306,6652.76523110561,3105.68697996603,6212.49568205725,2725.45630435068,789.783519653499,748.658687731192,39.4793163199251,36.4895198752388,1705.39995670485,1592.53926738202,0.00253564720884665,0.00230931541438012,1.16407939215344e-06,0.000956339355888958,0.004763658562052,2.23887095270005e-05,1.97889180784096e-05,1.07864298723855e-10,8.40141811412781e-06,4.35806442750036e-05,-777.474371668019,0.0985726379041503,0.0808419753136136,1,0.494443055855552
"linear",400,"sir_laplace",74,3.862,3803.13259087642,3652.89163952969,134.737191532667,179.80553745065,7012.64573179427,2256.71541635123,6996.24368031549,3278.69193399065,984.75727366039,945.854904072939,34.8879315206284,46.5576223331565,1815.80676638899,1811.55973079117,0.00325746261683866,0.00294019391916013,2.38862043894593e-06,0.00105538648709137,0.00631858334094521,2.06048515561094e-05,1.88733438733946e-05,8.31594292432753e-11,7.50913860615356e-06,3.65535143942199e-05,-801.259522508477,0.103842052171984,0.0816719838762432,0.9975,0.506436919584036
"linear",400,"sir_laplace",75,3.818,3334.5840767077,3178.52399090391,132.849873014369,202.18063328672,7204.43434255127,3463.52571391903,6806.12182926446,2520.30348989141,873.385038425274,832.510212389709,34.7956712976346,52.9545922699633,1886.96551664517,1782.64060483616,0.00283979178868101,0.00262409152031738,1.32733760989154e-06,0.000945100584897051,0.0050189634286894,2.0430341889046e-05,1.87868919984398e-05,7.18593635064963e-11,8.03213527039852e-06,3.60166380189848e-05,-800.211541164401,0.0843008576107553,0.061909654891212,1,0.492993140539558
"linear",400,"sir_laplace",76,3.769,3161.12983970707,3117.42598907046,125.765379483088,179.117826741928,6715.29064158742,3384.87308326989,6427.28440053622,2979.34413123526,838.718450439658,827.12284135592,33.3683681302967,47.5239657049424,1781.71680593988,1705.30230844686,0.00297551267951892,0.00260465861907295,2.07069719864479e-06,0.000969085302873732,0.005798931243273,2.35390651510271e-05,2.19630293516455e-05,8.52055111962636e-11,9.09932225917919e-06,4.12450518709775e-05,-770.902945511442,0.103886143099673,0.0855007918424327,1,0.515282412814757
"linear",400,"sir_laplace",77,4.1,3578.09191523286,3717.29394346306,133.656471425744,143.516758244588,6916.26766678852,1886.35279436299,6785.7116870854,3473.76859410536,872.705345178746,906.657059381233,32.5991393721326,35.0040873767288,1686.89455287525,1655.05163099644,0.00334638398417827,0.00307787955349946,2.15394694285149e-06,0.0011591696301888,0.00645247690199746,2.31596513781396e-05,2.1289702912181e-05,8.33187157596062e-11,9.5532397073607e-06,4.21501504832438e-05,-780.033684023628,0.111009391408998,0.0922863848038575,0.98,0.519410236033137
"linear",400,"sir_laplace",78,3.882,3491.07819594409,3533.58748656918,120.545246988993,129.643424651712,6825.98892698768,2076.54763063075,6520.91543246262,1936.40886726329,899.298865518828,910.249223742704,31.0523562568247,33.3960393229551,1758.36912081084,1679.78244009856,0.00303774701030086,0.00275507410826613,1.90344782435083e-06,0.000886448906328637,0.00562632806313643,2.27100685466878e-05,1.99760690504189e-05,1.27204617477816e-10,8.45578276467069e-06,4.27916911509949e-05,-785.275439454724,0.103567599553307,0.0808469982895398,0.9925,0.514148680084344
"linear",400,"sir_laplace",79,3.751,3157.91464383177,3003.95436346951,120.537026497981,214.276812575755,6759.38295329537,2537.38417016406,6627.62886963163,2875.20451556155,841.886068736809,800.840939341379,32.1346378293738,57.1252499535471,1802.02158179029,1766.89652616146,0.00301508435239907,0.00262764083177842,2.46431050936137e-06,0.000884803981969108,0.0058905191228431,2.18446660390476e-05,2.0255290360008e-05,7.10628422878055e-11,8.72269186343524e-06,3.84658107880212e-05,-797.941059723467,0.114592027603776,0.0898710401015421,1,0.512858783587357
"linear",400,"sir_laplace",7,3.848,3295.39829119587,3209.01891258577,170.190084811521,178.325307425632,6827.41788911281,3159.98631918099,6448.05834323936,2924.89407923095,856.392487317013,833.94462385285,44.2281925185865,46.3423356095717,1774.27699821019,1675.69083764017,0.00282910846202343,0.00253697761525291,1.670984301942e-06,0.00103787092300337,0.00549740410944082,2.18121419731611e-05,1.98069286878589e-05,8.03047279801851e-11,8.55991287663682e-06,4.04701322190073e-05,-787.134265276251,0.115771254291622,0.0923165575033438,0.995,0.508008141362713
"linear",400,"sir_laplace",80,3.916,3125.21591332381,3262.37315711613,134.546572397228,188.725675538102,6824.13383146146,3041.47496899794,6551.81951064127,3090.01969317465,798.06330779464,833.088140223731,34.3581645549613,48.1934820066656,1742.62865971947,1673.08976267652,0.00280396827586738,0.00255310331044137,1.57163909614366e-06,0.000881283642773323,0.00534069021022969,2.10041651315044e-05,1.9234611515548e-05,7.61614521244897e-11,8.11509455261251e-06,3.74758629913885e-05,-794.019124719161,0.100007291624753,0.0785145531640534,1,0.50019163874421
"linear",400,"sir_laplace",81,3.879,3128.56971019105,3191.91992282015,109.290187735429,193.50628755077,6903.42419510749,1357.56452942092,6868.95548179482,2867.43391057437,806.540270737573,822.871854297538,28.1748357142121,49.8856116397963,1779.69172341003,1770.80574421109,0.0033187571391562,0.00293938526545607,2.882328143753e-06,0.00101503754416246,0.00656866757143223,2.1180908152858e-05,1.93100793993652e-05,7.16472645129997e-11,8.31054033017758e-06,3.78319330840089e-05,-781.725583532862,0.164516161516754,0.12366904773046,0.8825,0.523335101827212
"linear",400,"sir_laplace",82,3.871,2983.84100235661,3282.35171417134,178.879255397621,206.466478015595,7001.82475819549,3125.55896853902,6636.21236379137,3027.94518222169,770.819168782384,847.933793379319,46.2100892269752,53.3367290146202,1808.78965595337,1714.34057447465,0.0028175532303781,0.00261990540718899,1.17820267618196e-06,0.0010059483101279,0.00498272615341768,2.07464395978887e-05,1.93983320418811e-05,5.72948784814804e-11,8.20378372655334e-06,3.53457690818102e-05,-784.46077388777,0.0996047525392631,0.0771025695792311,1,0.508296969301396
"linear",400,"sir_laplace",83,3.808,3995.01948192521,3803.03160658968,136.690309285854,154.51559002756,7125.33261111359,2899.52323464078,6461.59431477506,2428.00856159313,1049.11225890893,998.695274839727,35.8955644133021,40.5765730114392,1871.14826972521,1696.84724652706,0.00333795616860253,0.00304427992633926,2.11136524730353e-06,0.00122246921949833,0.0061681583336154,2.21922588717937e-05,1.98805116791813e-05,1.16436195334235e-10,7.47812166351684e-06,4.13576013188745e-05,-785.201523182139,0.111878546273313,0.0924739891776451,1,0.515745855903641
"linear",400,"sir_laplace",84,3.849,3137.8287785398,3136.20250904705,126.850546477337,243.279275670032,6873.37496944744,3261.39212129812,6734.93433701494,2990.55732637716,815.232210584516,814.80969317928,32.9567540860839,63.205839353087,1785.75603259222,1749.7880844414,0.0031372625863848,0.00280499675311117,2.13294708483811e-06,0.000976860898165024,0.00580670057643656,2.21248164041898e-05,2.07531328639662e-05,6.62248363653022e-11,9.47196566228252e-06,3.84881535613178e-05,-785.30348892458,0.118518144902217,0.0958978461057148,0.9975,0.513941616060161
"linear",400,"sir_laplace",85,3.81,3017.46248635776,3326.70750154959,119.154892316119,225.217363952783,6870.87941814552,2055.25498491042,6435.60835670145,3184.69923492014,791.984904555841,873.151575209866,31.2742499517373,59.1121690164786,1803.38042471011,1689.13605162768,0.00281873754597404,0.00258533564800078,1.49125455417167e-06,0.00091241247849003,0.0052100680454852,2.15943772548747e-05,1.96949941580395e-05,8.03044088754751e-11,8.61734981883897e-06,3.90640761836748e-05,-793.124927639741,0.114998592813344,0.0926143438166029,0.9825,0.498288746583624
"linear",400,"sir_laplace",86,3.934,2896.16505316288,2951.9844439742,169.57071512572,197.966035548438,7047.57912822892,3073.46249915516,6859.69293622962,2720.85378259142,736.188371419136,750.377337054957,43.1038930161973,50.3218188989421,1791.45376924985,1743.69418816208,0.00281133196398631,0.00256874223508036,1.47011880596687e-06,0.00102023227074519,0.00520128370078421,2.01747167485347e-05,1.84538048348666e-05,7.16363894472927e-11,7.738639643034e-06,3.646893909715e-05,-793.293898851256,0.118084509657115,0.0904383582860472,0.95,0.501083321323096
"linear",400,"sir_laplace",87,3.739,3313.55334033225,3305.98075149044,171.208673887969,154.299997852349,7234.38818118494,3465.73409703179,6838.9424932372,3161.83635929339,886.213784523201,884.188486624883,45.7899635966754,41.2677180669561,1934.84572912141,1829.08330923702,0.00302449005292401,0.0028105854721775,1.40051689721145e-06,0.00114746186921634,0.00539723178627272,2.1584349459951e-05,1.9622464788772e-05,7.75402955426452e-11,8.97569283388962e-06,3.93160217269384e-05,-806.724108878696,0.100258308264115,0.0838363124979822,1,0.499570880979715
"linear",400,"sir_laplace",88,3.817,3020.16287007751,3009.4546327041,151.028775926101,207.480944764252,7009.89201318722,1721.43398525819,6626.56541828699,2618.43412182199,791.239945003278,788.434538303407,39.5674026528953,54.3570722463326,1836.49253685806,1736.06639200602,0.00301524801174462,0.00276145454118816,1.58727237411418e-06,0.00109106397043471,0.00554241934397394,2.07474808233362e-05,1.88843261887244e-05,6.34922296722887e-11,9.16249492603281e-06,3.84431507757044e-05,-824.16400924882,0.112201101484801,0.0868937467197838,1,0.502771509048178
"linear",400,"sir_laplace",89,3.927,3313.39474695769,3172.49264314813,171.51107337354,217.906955348411,7098.44371513032,3099.99638061742,6959.94770335469,3049.91957481782,843.747070781179,807.866728583684,43.6748340650725,55.4894207660839,1807.59962188193,1772.33198455683,0.00297923221712376,0.00268028609941583,1.81469208091033e-06,0.000969994196664036,0.00584811666373337,2.0111676066996e-05,1.80786109377923e-05,6.77443756034003e-11,8.09609710823675e-06,3.64113372504924e-05,-808.882717840062,0.100991993934452,0.0813537258321717,0.9975,0.502968520169964
"linear",400,"sir_laplace",8,4.114,3729.17182245707,3745.15684970752,171.776223075011,150.310922392036,7005.14776718278,2302.46179858557,6762.76838205088,3546.97924719374,906.458877602593,910.344397109266,41.7540649185734,36.5364420009811,1702.75832940758,1643.84258192778,0.00298221126472418,0.0027061665384501,1.81111474288023e-06,0.00102842499546829,0.00563408236729036,2.14258761395773e-05,1.94197967183535e-05,7.77893796359728e-11,8.32645714285645e-06,3.95097407021929e-05,-784.80049835698,0.109277210462544,0.0832737229112382,0.9775,0.5040430214244
"linear",400,"sir_laplace",90,3.777,4018.90897551989,3836.68222289045,149.978551851565,205.2618224985,7104.41776667647,2420.21608322584,7345.08138397661,3724.74847486535,1064.04791514956,1015.80148871868,39.7083801566229,54.3452005555998,1880.96843173854,1944.68662535785,0.00359896549660392,0.00321100105217273,3.02444092883106e-06,0.00115406076067852,0.0070793623477562,2.12172926329955e-05,1.92024353555626e-05,7.89953554226366e-11,8.73269776006515e-06,3.76280272680982e-05,-830.261693362183,0.0909245358633622,0.0764890824338077,1,0.523551219528597
"linear",400,"sir_laplace",91,3.821,2724.33170608866,2809.47713879656,215.186874811814,213.294283832835,6853.90753883902,2872.80322061362,6511.0760149635,2560.30312165163,712.989192904647,735.272739805434,56.3168999769208,55.821586975356,1793.74706590919,1704.02408138275,0.00257465019905958,0.00235636767425143,1.1205500972284e-06,0.00101091809928682,0.00464130328722361,2.03330627191625e-05,1.86924477940554e-05,6.66637900773911e-11,7.66488491590777e-06,3.64711826786122e-05,-807.844386018133,0.130679026406014,0.100817757555885,0.955,0.497126934364569
"linear",400,"sir_laplace",92,3.789,3442.47030224109,3210.6614282349,162.85509994817,182.936457940781,6899.61399254477,3381.66988049487,6624.612214198,2998.8487209598,908.543230995274,847.363797369991,42.9810240032118,48.2809337399792,1820.95909014114,1748.38010403748,0.00307379793174638,0.00272162116640004,1.88343649472444e-06,0.00103613769636514,0.00607869221249682,2.27214485650942e-05,2.09127538094092e-05,9.75883984682494e-11,7.70010148148635e-06,4.27262307108582e-05,-792.447309086723,0.105323438890733,0.0876232848823956,0.98,0.504386187486786
"linear",400,"sir_laplace",93,3.91,4046.43601594213,4036.64008649675,88.4197174616759,171.96830630835,6839.73242178594,987.969777097122,7244.09109833842,3785.45486799465,1034.89412172433,1032.388768925,22.613738481247,43.9816640174809,1749.2921794849,1852.70872080266,0.00375342108260105,0.00333324666726338,3.35934531112046e-06,0.00104783504057043,0.0074588728673835,2.11435871283713e-05,1.92618962905684e-05,8.78532545355163e-11,8.18768174270446e-06,3.79432200359384e-05,-817.048434652679,0.079966265306617,0.0650768583137147,1,0.527578924689952
"linear",400,"sir_laplace",94,3.821,3556.64384546642,3725.19339897517,151.30098388889,148.448823613633,7009.34134518997,2228.1564003729,6792.76959647302,3235.63492718313,930.814929459938,974.926301746971,39.5972216406412,38.8507782291634,1834.42589510337,1777.74655756949,0.00319501846993928,0.00288953114335554,1.9680928768788e-06,0.00111134876912071,0.00596917545408288,2.19041034486585e-05,1.97666343332776e-05,8.87759504443409e-11,8.17778176612362e-06,4.05200903362051e-05,-811.150786157789,0.0775133399334823,0.0574847747557121,1,0.51031795690978
"linear",400,"sir_laplace",95,3.916,3126.10076582691,3071.38316104221,157.827070041563,137.809951293093,6575.14064703222,2813.81315464791,6110.46236236742,2383.98837313683,798.289266043644,784.316435404038,40.3031333098987,35.1915095232616,1679.04510904806,1560.38364718269,0.00312783738345349,0.0028613066155222,1.97635009812837e-06,0.00100056666035,0.00596648264297471,2.4011549447142e-05,2.16847780737391e-05,1.06133699941737e-10,8.70560192045093e-06,4.57555396320556e-05,-780.689485490935,0.132997451885003,0.102657141429242,0.905,0.513973919633409
"linear",400,"sir_laplace",96,3.752,3311.43846275538,3257.2155613638,169.46995221738,174.339561718635,7043.58315495329,3566.83428637048,6623.3034888482,3058.05302144504,882.579547642692,868.12781486242,45.1678977125214,46.4657680486768,1877.28762125621,1765.27278487425,0.00286865529689012,0.00263285426575059,1.41201741518296e-06,0.00111044975602757,0.00520672234759823,2.22235541907498e-05,2.02939958885029e-05,9.21579402537862e-11,8.53854720672152e-06,3.92740231325835e-05,-765.614130663488,0.112638842290732,0.0882566551557811,1,0.513458793833371
"linear",400,"sir_laplace",97,3.851,3502.37853828547,3202.81197379191,132.085138659917,102.701173245787,6855.67755593545,2455.73735736159,6630.39771865258,2997.56853059337,909.472484623597,831.683192363519,34.298919413118,26.6687024787813,1780.23307087392,1721.73402198197,0.00280927328975124,0.00252384119171221,1.67120964696844e-06,0.000938125004407987,0.00536143146178933,2.15538856572911e-05,1.97095884536671e-05,8.40477999118706e-11,7.14010861534494e-06,3.87107734880746e-05,-791.071876846013,0.104641620727865,0.0894859576852774,0.9775,0.501281179733875
"linear",400,"sir_laplace",98,3.931,3433.23951261226,3306.72435569569,212.864334116634,163.093837178509,6942.21928874929,3366.51664632011,6635.96282807241,2921.76090338903,873.375607380378,841.191644796666,54.1501740311967,41.4891470817881,1766.01864379275,1688.11061512908,0.00289615319313897,0.00261105439355665,1.52103181302885e-06,0.00104869107741417,0.00547827829446354,2.19574999744189e-05,2.04007813559502e-05,7.64156006605044e-11,8.19061288062803e-06,3.92165776091498e-05,-785.167217535073,0.0697960372460321,0.0517596320562358,1,0.505662982980104
"linear",400,"sir_laplace",99,3.988,3177.34254023127,3002.75353056067,154.362750673748,185.765377230734,6975.74295676935,3333.34052824432,6662.17804495381,2788.12644047848,796.725812495302,752.947224313107,38.7068080927153,46.5810875703947,1749.18328905952,1670.55617977779,0.00256655137668057,0.00232492860364791,1.15775280301997e-06,0.000950473559727068,0.00471913113791667,1.951776463608e-05,1.8119189452717e-05,5.03088514411932e-11,8.0920655150778e-06,3.30876404563578e-05,-791.95361048585,0.0796614808040789,0.0659045255673151,1,0.491678513293901
"linear",400,"sir_laplace",9,3.901,3317.04959457104,3525.43613048832,127.79327105871,258.577593385947,7025.3204654288,3053.65192377899,6525.99623267716,3267.85285545593,850.30750950296,903.726257495083,32.7591056289951,66.2849508807863,1800.90245204532,1672.90341775882,0.00270181260432452,0.00247260372212219,1.32354592397211e-06,0.000961425637145259,0.00499574684764554,2.06094679893237e-05,1.87725598085822e-05,6.80388194251336e-11,8.08049857560614e-06,3.75390972105187e-05,-793.240958973505,0.107790219170537,0.0811519472662706,0.9775,0.499588356737519
"linear",800,"sir_laplace",100,7.781,2850.90454100552,3103.23848231146,153.437729955,170.620218951635,7167.47773703149,3042.34331946602,7018.6486845296,2727.79596899457,366.393078139767,398.822578371863,19.7195386139313,21.9278009191151,921.15123210789,902.023992356972,0.00197061789027506,0.00183785784899916,4.48646503862422e-07,0.000869846916729611,0.00329553555630112,1.20630136615646e-05,1.14070413652401e-05,1.31562590359468e-11,5.99166127438258e-06,1.96424132334406e-05,-1590.2260392441,0.0941901800741166,0.0772847095669739,1,0.457241107476097
"linear",800,"sir_laplace",101,7.69,3754.08555489891,3581.72269492728,101.243658507443,183.19169438766,7289.40199420565,2027.70623845221,7167.59857486404,3300.68527527933,488.177575409481,465.76367944438,13.1656252935557,23.822066890463,947.906631236105,932.067434962814,0.00226639700971718,0.0021531109790504,5.53307736795789e-07,0.000972151417159767,0.00376156244030819,1.25401951405042e-05,1.20150532508141e-05,1.41731851667185e-11,6.26940450613039e-06,2.03766712708368e-05,-1595.40267589307,0.0917376927861222,0.074449835653575,0.99875,0.469365081397486
"linear",800,"sir_laplace",102,7.759,3173.15034523274,2993.27916942886,120.419738004691,145.012835061346,7162.94933220327,3415.84990657736,7010.74667310256,2857.2385812474,408.963828487272,385.781565849833,15.5200074757946,18.6896294704661,923.179447377661,903.563174778007,0.00213963971218747,0.00199881968152439,5.91725218981642e-07,0.000956290675163268,0.0037290959311688,1.27128541221151e-05,1.19913386815873e-05,1.79992901977462e-11,5.85767903326217e-06,2.1165499169408e-05,-1603.79141703454,0.0730791285169379,0.0591559066655683,1,0.464319052518023
"linear",800,"sir_laplace",103,8.384,3062.59221294156,2983.98227011637,59.9364050975687,115.939699712386,7013.51805414467,3180.3293970275,6794.95696857567,2672.09374368985,365.290101734442,355.913915805865,7.14890327976726,13.8286855572979,836.536027450462,810.46719567935,0.00205057808764022,0.00193306173068916,5.14908604215632e-07,0.00087453992785918,0.00346467142843085,1.29536279516569e-05,1.20345372082687e-05,1.78727512744809e-11,6.25182635252888e-06,2.14819379237469e-05,-1589.24584717125,0.0984867146986383,0.0804829531720258,0.99125,0.464007795006161
"linear",800,"sir_laplace",104,7.657,2923.31327720114,3067.23868351014,146.701985226294,161.609471119641,7002.56531308581,3004.76691458318,6820.89445496631,2763.57429428856,381.783110513405,400.579689631728,19.159198801919,21.1061082825703,914.531188858013,890.805074437288,0.00184836899011416,0.00173636916439981,3.82773138294535e-07,0.000824436266922561,0.00307717924738638,1.2165423564094e-05,1.14231778146822e-05,1.56545024183523e-11,5.69831104743384e-06,2.01433008968203e-05,-1598.73849124885,0.0858571518610859,0.070940261335366,1,0.449950148769685
"linear",800,"sir_laplace",105,7.657,3531.96364046963,3479.74653899573,112.242603669155,128.419144301761,7197.49802178904,2274.72850185286,7286.44636401774,3037.94244978035,461.272514100774,454.452989290287,14.6588224721373,16.7714698056368,939.989293690616,951.605898395944,0.00244125019675166,0.00225493671184323,9.50540719264357e-07,0.000933189761727168,0.00444349930016954,1.2630007331606e-05,1.18803253626831e-05,1.89578443631986e-11,5.25425210144887e-06,2.05392678760126e-05,-1601.35976055936,0.0908220750232815,0.073956868990977,1,0.473998822606618
"linear",800,"sir_laplace",106,7.594,3515.12221367253,3551.34546596218,93.8711272082048,142.203952878238,7199.00277192591,2748.4376222587,7316.3386384866,3131.51170550406,462.881513520218,467.651496702947,12.3612229665795,18.7258299813324,947.985616529617,963.436744599237,0.00237449305513106,0.00225735724260696,6.70118913725395e-07,0.000975573095614726,0.00398505811340574,1.27001347134418e-05,1.21761028724528e-05,1.45963248453432e-11,6.31306541836879e-06,2.0363393632924e-05,-1595.51843392915,0.0848068354840924,0.0698019021617127,1,0.471380075058377
"linear",800,"sir_laplace",107,7.698,3112.90634384476,2927.48687955554,116.083761609789,118.206132636398,7057.8722153683,3361.03467085265,6818.9189594063,2806.3179967725,404.378584547253,380.291878352239,15.0797300090658,15.355434221408,916.844922755041,885.803969785178,0.00198901980623949,0.00190388874246296,4.57989810908267e-07,0.000888176940957116,0.00328506882843573,1.25083638053019e-05,1.16720910434801e-05,1.87999318246726e-11,6.04156215505083e-06,2.17448745360676e-05,-1562.86850756635,0.103654288200867,0.0826477110015472,0.9925,0.46428634753714
"linear",800,"sir_laplace",108,8.41,3545.16087510153,3574.65122296825,94.2901523188346,170.430744646717,7087.91353922062,2379.1465602854,7152.75743348389,3339.49272210402,421.541126647031,425.047707844025,11.2116709059256,20.265249066197,842.795902404354,850.506234659202,0.00221081623168186,0.00208816847700685,6.49770481767744e-07,0.000925367772694863,0.00378076603677565,1.25192161767036e-05,1.17954846905278e-05,1.59979167782429e-11,5.96755007867791e-06,2.06882249684865e-05,-1611.09722996236,0.0936127872953929,0.0729576833628044,0.9925,0.464733169125942
"linear",800,"sir_laplace",109,7.684,3350.44045409266,3519.24296720467,70.9258982917057,183.576869379083,7090.69360723573,2559.81475423431,7140.27074119068,3336.75113474474,436.028169455057,457.996221655995,9.23033554030527,23.890795077965,922.786778661599,929.238774230958,0.00209541629799009,0.00197093894347899,5.52390077970855e-07,0.000806313970624503,0.00355223546398602,1.1384671060823e-05,1.06873280383408e-05,1.23261444601249e-11,6.05521412319096e-06,1.90107521355837e-05,-1602.51794617086,0.079153864666235,0.0666045278569247,1,0.460507941233476
"linear",800,"sir_laplace",10,8.035,3478.20272188445,3406.96931006627,82.6650333293114,131.629194066357,7035.62616944489,2283.84069485712,6959.06875203466,3189.10492226256,432.881483744176,424.016093349877,10.2881186470829,16.3819781040892,875.622423079638,866.09443086928,0.00207022743465592,0.00196267132223272,4.78686102055041e-07,0.000942755678970694,0.00351212782846511,1.26378611983029e-05,1.19941296310494e-05,1.61868504976652e-11,5.88103031589727e-06,2.04875471137842e-05,-1606.14633875211,0.0870973543633958,0.0661101992411344,0.995,0.456818957627863
"linear",800,"sir_laplace",110,7.709,3294.19307917222,3332.95339148288,85.2577509840005,143.338198141939,7014.62199724458,1742.04215296852,7101.86177747804,3026.80115801078,427.31782062164,432.345750613943,11.059508494487,18.5936176082421,909.926319528419,921.24293390557,0.0021723107335514,0.00202966632452942,7.22671885623578e-07,0.000895715382975296,0.00377334458858675,1.21310667715044e-05,1.1432729874954e-05,1.58433855416997e-11,5.69064213039903e-06,2.02034739306319e-05,-1582.15434595591,0.0923082948983712,0.0721739516703726,0.99625,0.468624794728441
"linear",800,"sir_laplace",111,7.682,2927.67128649011,2929.09556470359,62.6179145851549,147.879138371409,7158.79225306621,3084.34527542896,7156.10699191454,2582.14517476804,381.107951899259,381.293356509189,8.1512515731782,19.2500830996366,931.891727813878,931.542175464011,0.00210168578697913,0.00199053896786114,5.25013675249169e-07,0.000893917477741741,0.0035532350168135,1.19095506553339e-05,1.12960113202304e-05,1.32339163946721e-11,5.95894295147066e-06,1.95001748321055e-05,-1566.46600307522,0.0707128453728577,0.056553968689625,1,0.462650843790535
"linear",800,"sir_laplace",112,7.704,3349.48025201965,3178.1202526247,149.81857830281,118.289533938214,7017.20878658667,3490.59284536748,6854.36117329798,2864.88880838134,434.771579961014,412.528589385345,19.4468559583086,15.3543008746384,910.852646233991,889.714586357474,0.00198268309633437,0.00188284173317729,3.89020747156994e-07,0.000897546616909515,0.00328092652275702,1.29004341294252e-05,1.1932733911839e-05,2.04098382335959e-11,6.59218519811139e-06,2.18873614289013e-05,-1608.40618829019,0.087889061953556,0.0711753374905698,0.99875,0.456284911547555
"linear",800,"sir_laplace",113,7.572,3468.55765786222,3416.89859556961,96.369009432397,124.391247398798,7323.84747601784,1990.41730716207,7366.44262474513,3112.89009168234,458.076816939015,451.254436815849,12.727021847913,16.4277928418909,967.227611729773,972.852961535279,0.00263369189198417,0.00250391021310261,8.54195105225478e-07,0.00115767718540228,0.00452595531445378,1.32364249362761e-05,1.23389502945332e-05,2.00536576500559e-11,6.48577751625344e-06,2.22630562472781e-05,-1568.90946161576,0.0936403492835151,0.076117497891396,1,0.48433332576028
"linear",800,"sir_laplace",114,7.66,3657.85360721366,3588.33395429795,83.6807528766786,143.828214659517,6895.97649600683,2203.8843825813,6837.96455261929,3367.88862401618,477.526580576195,468.450907871795,10.9243802711069,18.7765293289186,900.258028199325,892.684667443772,0.00192864116197717,0.00180734645602921,4.13876483941386e-07,0.000865756583084056,0.00323366341344013,1.24194133442277e-05,1.16610861946301e-05,1.63789657007259e-11,6.01925863232074e-06,2.06203337085281e-05,-1610.1193221035,0.0929874643832226,0.0704383040746761,0.975,0.45431646117868
"linear",800,"sir_laplace",115,7.702,3761.6990575468,3457.45493381058,91.7700243281713,145.575707430866,7150.98631041613,3736.23808191222,7052.24200094129,3279.43534158273,488.405486568008,448.90352295645,11.9150901490744,18.9010266724054,928.458362816947,915.637756549116,0.00205585755804448,0.00192543493793336,5.25152287901663e-07,0.000878624475030498,0.00348202700507668,1.23733985912968e-05,1.18720300456796e-05,1.3664159724219e-11,5.94351476499236e-06,1.97039708907668e-05,-1590.79090041963,0.084921340985376,0.0686899490447291,0.99875,0.462858580692632
"linear",800,"sir_laplace",116,7.69,2851.8138643455,2749.2481977262,161.564031536256,154.157411452602,7094.01933487234,2946.65146544102,7090.07547554894,2576.19804150627,370.84705648186,357.509518559974,21.0096269878096,20.0464774320678,922.499263312398,921.986407743686,0.00205600253173932,0.00193038682702071,4.8855247104385e-07,0.00089971571361976,0.00346101438699004,1.25374541178056e-05,1.19744312866504e-05,1.4286944014416e-11,5.9768459542808e-06,2.01966226025728e-05,-1622.04415965187,0.078514065971381,0.0591309967016832,1,0.461491636165307
"linear",800,"sir_laplace",117,7.787,3056.7637522133,2798.59748727111,103.047509550204,149.589059786863,7073.8943212708,3182.05010336722,7064.30328843353,2614.34321033149,392.547033801631,359.393538881612,13.2332746308211,19.2101014237656,908.423567647464,907.191895265639,0.00198317389851617,0.00182940673179462,5.14167206363781e-07,0.000920557398912656,0.00347738805211443,1.17299937341732e-05,1.10333932096996e-05,1.5097427754808e-11,5.45390266049699e-06,1.90184315422618e-05,-1593.06626730027,0.0787475487222777,0.0626912245451056,1,0.461085189298376
"linear",800,"sir_laplace",118,7.742,3484.66635851384,3433.15568113194,86.0100659037837,169.248061896188,7203.48833682253,2101.91937902363,7269.15858326482,3343.00352601207,450.098987149811,443.445580099708,11.1095409330643,21.8610258197091,930.442823149383,938.925159295378,0.00212766208271206,0.00202915660934877,5.75667762976487e-07,0.000909569690802235,0.00361039576134433,1.14242124335068e-05,1.08546494744328e-05,1.15044168751629e-11,5.7058754434743e-06,1.84673683499645e-05,-1625.42617804206,0.0918515238295684,0.0717002768809879,0.98125,0.4610889232909
"linear",800,"sir_laplace",119,7.606,3055.2870602427,3075.66227896224,155.180436856656,134.796019863036,7054.43338247609,3247.11580992843,6892.6325858316,2882.26117789783,401.694328193886,404.373163155698,20.4023713984559,17.7223270921689,927.482695566144,906.209911363607,0.0019111235326626,0.00181745253563219,4.04944632339511e-07,0.00088316260854085,0.00322919030387156,1.18170441481186e-05,1.09323009833826e-05,1.47704493870865e-11,5.91059351144171e-06,1.97886780559102e-05,-1575.91988782017,0.0900013447536882,0.0734488408526096,0.99375,0.455235059932801
"linear",800,"sir_laplace",11,7.745,3330.6966448544,3392.34243539471,102.869641454164,153.376887165749,7147.12614886424,1736.88663655676,7230.49370813215,3162.36155275195,430.044757243951,438.004187914101,13.2820712013123,19.8033424358618,922.805183843026,933.569232812414,0.00236885129603991,0.00217111431206002,8.12757898347722e-07,0.00100549046961533,0.00428338770425788,1.2557878530011e-05,1.20687461761936e-05,1.62855433468093e-11,5.5917968613678e-06,2.10245420794049e-05,-1631.20984393346,0.0726007494761061,0.0606209073732508,1,0.469283716278413
"linear",800,"sir_laplace",120,7.931,2886.18645999395,2899.50427174411,139.628351694124,146.12178645909,7150.15281723381,3081.84810571339,6957.30027560725,2728.02064378587,363.912048921189,365.591258573207,17.605390454435,18.4241314410654,901.544927150903,877.228631396702,0.00209959106497354,0.00202452067567786,4.47220120475964e-07,0.000900995722010423,0.00338098916976056,1.2522082382542e-05,1.15866625272846e-05,1.78550566534736e-11,6.0864008067105e-06,2.16528625566899e-05,-1565.01774531003,0.12285470475617,0.0924968325590538,0.94875,0.467210420405473
"linear",800,"sir_laplace",121,7.685,3801.27350900779,3863.99881959883,114.707474784638,157.516593001811,7176.17912774477,3089.32031090612,7227.22129586682,3430.86991384838,494.635459857877,502.797504176816,14.9261515659906,20.4966288876788,933.790387474922,940.432179032767,0.00223606369046194,0.00211136913699978,6.23600903403734e-07,0.000920885574389341,0.00385758414334848,1.2321286545125e-05,1.17269185702508e-05,1.4397072974834e-11,6.22798343861125e-06,1.98107954167596e-05,-1638.11907785477,0.0969804401877574,0.07852321452421,0.99375,0.462770061566442
"linear",800,"sir_laplace",122,7.612,3876.52252618301,3734.80148576795,123.283515068644,134.701171964294,7277.66365714232,1544.95475777323,7337.28630981479,3631.53671732324,509.264651364032,490.646543059373,16.1959425996642,17.6958975255246,956.07772689731,963.910445325117,0.00241104497963974,0.00225916640616419,7.10686765762021e-07,0.00104084540982017,0.00400332619556849,1.26000325227807e-05,1.19646693002499e-05,1.55018176903373e-11,6.13871115156418e-06,2.07301608291367e-05,-1588.74012815355,0.0867212346732587,0.0716535389646043,1,0.475272513369787
"linear",800,"sir_laplace",123,7.771,3169.34896047165,3101.2043663104,97.6838563995663,167.139705687938,7090.44917835861,2374.52175365746,6922.48647480887,2839.82712907789,407.843129645045,399.074040189216,12.5703070904087,21.5081335333853,912.424292672578,890.810252838614,0.00200517552035282,0.00189162106240206,4.41105030611174e-07,0.000963116156823273,0.0034979279817219,1.23014243924303e-05,1.16956081790439e-05,1.2634539000115e-11,6.66554172587162e-06,1.97130719947321e-05,-1570.55713065588,0.0970428199154586,0.0762784337734742,0.98125,0.464521144220623
"linear",800,"sir_laplace",124,7.824,3481.87771531756,3595.67843473307,86.877838026167,166.889700854655,6995.2175672877,3577.78193621324,6962.22775878745,2982.91572209563,445.025270362674,459.570352087559,11.1040181526287,21.3304832380694,894.071774960084,889.85528614359,0.00207694267146697,0.00194750227532362,5.68902243608796e-07,0.000849322616942015,0.00360330055716202,1.2656884874004e-05,1.17811201678562e-05,1.71624115055965e-11,6.17546755813219e-06,2.15046616290504e-05,-1555.26662221374,0.107921345416388,0.0858961503669794,0.97875,0.465582736902672
"linear",800,"sir_laplace",125,7.748,3169.7357220063,3250.36207402154,140.141653772624,172.367699909529,6958.56929741916,3354.6736173774,6815.77267011978,2975.42683528915,409.103732835093,419.509818536596,18.0874617672463,22.246734629521,898.111680100562,879.68155267421,0.00194562658755872,0.00183427375531438,4.48434670628571e-07,0.000842231043604733,0.00326574645595019,1.21244676886247e-05,1.15136210177946e-05,1.41008837290053e-11,5.88353051839219e-06,1.95115916598945e-05,-1606.62938205821,0.115708744190662,0.0913627665195759,0.97125,0.46077451102979
"linear",800,"sir_laplace",126,7.653,3317.93991711005,3169.37228493323,100.034645783307,136.434062043675,7101.76233081372,2874.03208677817,6979.5056744469,2872.39526569882,433.547617549987,414.134624974942,13.0712982860718,17.8275267272541,927.971034994606,911.996037429361,0.00216798990283132,0.00202849881220704,6.34298678817176e-07,0.000886586276697253,0.00384474719418195,1.28505745714604e-05,1.19250283350713e-05,1.88160532706667e-11,6.70307018477431e-06,2.18141473411554e-05,-1600.49449926478,0.092983480396529,0.076985271689562,1,0.467935072617769
"linear",800,"sir_laplace",127,7.783,2856.00115610403,2805.44789161891,96.0469348846998,96.1324678691388,7038.09073175412,2977.7638158411,6930.24883164417,2561.00529212385,366.953765399464,360.45842112539,12.3406057927149,12.3515955119027,904.290213510744,890.434129724293,0.00178174809378954,0.00169546071299063,3.19155397499555e-07,0.000858474196612359,0.00297458573766352,1.17684185053194e-05,1.12148578017248e-05,1.24138727251229e-11,5.9683116119688e-06,1.91970458522165e-05,-1559.31516365026,0.0910197581621516,0.0705858379112265,1,0.452696497293546
"linear",800,"sir_laplace",128,7.885,3173.65088098594,3073.73778071098,97.5715438555279,155.393880196925,6963.63169998651,2269.65635599864,6728.44129207357,2854.22791490192,402.492185286739,389.820897997588,12.3743238878285,19.7075307795719,883.149232718644,853.321660377117,0.00196328545753549,0.00181753929210638,5.17988651820075e-07,0.000864979844209486,0.00350317679120686,1.2571139776961e-05,1.17564277875226e-05,2.03091421759913e-11,5.321331361953e-06,2.14786724928757e-05,-1578.07161793308,0.0807137707051202,0.0638783472909209,0.9975,0.457961944822574
"linear",800,"sir_laplace",129,7.681,3403.0857808796,3395.16422972671,106.873600837187,126.862727102792,7098.51730968692,1568.30731842976,7256.25049379812,3272.73699603968,443.052438599089,442.021120912213,13.9140217207638,16.5164336808739,924.165773947002,944.701275068106,0.00232230190465219,0.00215760808517277,8.04320437572295e-07,0.000872099114956759,0.00399579367634562,1.23524832001113e-05,1.17757562752587e-05,1.2488788107576e-11,6.50765170243941e-06,1.95816036111114e-05,-1609.00828575428,0.0790475129153976,0.0638202679123058,1,0.471223420987484
"linear",800,"sir_laplace",12,7.714,3498.85538246673,3496.22247345299,102.353131288299,186.432887988434,7175.12421955936,3465.00229574629,7133.10850244026,3320.59595065525,453.57212632444,453.23081066282,13.2684899258878,24.1681213363279,930.143144874172,924.696461296378,0.00211507924527992,0.00196492237588835,5.47949801123703e-07,0.000964214559849455,0.00359998253021322,1.16085784892202e-05,1.10114435124602e-05,1.1540162812254e-11,6.16533420668627e-06,1.84499099382756e-05,-1564.79659354443,0.092076980311536,0.0680247776447991,0.995,0.466610997581146
"linear",800,"sir_laplace",130,7.676,3083.76309266137,2891.54141688701,166.917812413566,134.94965893383,6974.83318611778,3033.52160814028,6720.7451619012,2757.0286952299,401.740892738584,376.698986045728,21.7454158954619,17.5807268022186,908.654662078919,875.553043499375,0.00175958693803916,0.00168011527502673,2.89597222687123e-07,0.000875948619574022,0.00282341555995605,1.18906834573411e-05,1.12506639958737e-05,1.59204742665222e-11,5.56286949835708e-06,1.94553012724017e-05,-1547.06083778907,0.0792691664817362,0.0627560811022582,1,0.454969230521443
"linear",800,"sir_laplace",131,7.8,3679.07863073501,3533.19490533214,102.414018507248,138.07167366524,7083.71944372312,3562.98568907044,7035.70342039536,3343.18073119671,471.67674753013,452.973705811813,13.1300023727241,17.7014966237487,908.169159451682,902.013259025047,0.00205815406561214,0.00191706585710831,5.83407545154945e-07,0.000813716603307021,0.00357021297666018,1.19891116694231e-05,1.1504649076634e-05,1.23817377534863e-11,5.87421060821758e-06,1.85917773621178e-05,-1574.80110827539,0.098032096046458,0.0774650023139747,1,0.467438511534216
"linear",800,"sir_laplace",132,7.72,3301.75141569285,3345.86485666022,124.77923934261,170.034084938565,7155.92430683008,2340.73797021428,6970.15075330627,3226.64212046244,427.688007214099,433.40218350521,16.1631139044832,22.0251405360835,926.93320036659,902.869268562988,0.0019540775299686,0.00187790936457307,3.95324434449171e-07,0.000913494259271497,0.00323907380370361,1.16568721993243e-05,1.07433598385406e-05,1.44780988369632e-11,5.9724126139357e-06,2.02152216433569e-05,-1613.40854623448,0.103068978638402,0.0823954039702094,0.98625,0.45851558143812
"linear",800,"sir_laplace",133,7.716,3103.73990413707,3245.36747288818,96.4369394472172,148.101762610324,7158.73562720097,3200.6598853773,7242.25950354828,2824.18494421247,402.247265958667,420.602316341132,12.4983073415263,19.1941112766102,927.778075064926,938.602838718024,0.0022200532089289,0.00207594615511507,6.66054123379341e-07,0.000975464077708497,0.00392353849787075,1.21302000063821e-05,1.13252334486929e-05,1.65328443386245e-11,5.47641459697705e-06,2.05214042581432e-05,-1610.90914231145,0.0944110169000468,0.0766922908539152,1,0.463437547861353
"linear",800,"sir_laplace",134,7.846,3284.58500820231,3318.90603266231,109.936588638623,96.2459181022132,7181.89340769116,2797.37121260675,7052.86264492893,2687.68403566176,418.631787943196,423.00612192994,14.0118007441528,12.2668771478732,915.357304064639,898.911884390636,0.00200331702762916,0.0018789793634075,4.65828676433941e-07,0.000870956597017818,0.00333210637218308,1.16090678660799e-05,1.10865966775825e-05,1.26765332733448e-11,5.79330743855587e-06,1.88662246430123e-05,-1593.05798435698,0.0777794694681416,0.0605762913234624,1,0.457457145864195
"linear",800,"sir_laplace",135,7.63,3236.60858550518,3482.89903678211,91.1568730484586,102.382179974954,7159.41231035816,3293.94433984788,6957.11687587044,3072.88955085901,424.195096396485,456.474316747327,11.9471655371505,13.4183722116585,938.324024948644,911.810861844094,0.00203271127802402,0.00193092786289217,4.60981903449372e-07,0.000881259278088687,0.00332271635757792,1.24707780953174e-05,1.1571858506843e-05,2.1042754911289e-11,5.29313038233697e-06,2.06556659121924e-05,-1598.27478370573,0.0790556945023941,0.0629704555903897,1,0.459297258591578
"linear",800,"sir_laplace",136,7.668,3275.29250179423,3299.50002205494,93.264807681883,102.041774290767,7253.74921696147,2502.46048997094,6980.66832272121,3003.78088855687,427.137780620009,430.2947342273,12.1628596350917,13.3074823018736,945.976684528099,910.363631027805,0.00212585231844599,0.00201527464825136,4.40703051878241e-07,0.00105894875337594,0.00345390891034801,1.24961015748803e-05,1.1765675546008e-05,1.76660849057034e-11,5.8526460376487e-06,2.13650414631471e-05,-1610.17241026471,0.0952816726828028,0.0752338277642166,0.99125,0.465746834384262
"linear",800,"sir_laplace",137,7.651,3382.31818796574,3497.83529812497,115.853943997179,156.760008657354,7188.15889628257,3460.70806062374,7101.76596275014,3255.51501632119,442.075308844039,457.173611047571,15.1423270157077,20.4888261217298,939.50580267711,928.214084792856,0.00203057696104252,0.00192525445839785,4.64720304946236e-07,0.000909951062902014,0.00342773212042245,1.18753946292675e-05,1.09143811891132e-05,1.62721998604869e-11,6.1001866618725e-06,2.03365639304587e-05,-1571.41616394656,0.0688988245823837,0.0545004381391861,1,0.463162792534105
"linear",800,"sir_laplace",138,7.581,3676.01659103439,3531.38953214228,76.2426960755622,131.988725309079,6996.16598804174,1332.44924625733,7149.45735578149,3030.11925528937,484.898640157551,465.821070062298,10.0570763851157,17.4104636999181,922.855294557676,943.075762535481,0.00228373461224696,0.00214660874160402,7.04149925018647e-07,0.000858401738832434,0.00400647023657764,1.30219073864927e-05,1.23578094474617e-05,1.96924043301681e-11,5.903515170055e-06,2.11120046488451e-05,-1608.5865450933,0.0955645795959795,0.0781017772177828,0.99875,0.46889220783152
"linear",800,"sir_laplace",139,7.639,3695.95053043618,3546.91437540309,113.240480619008,117.089388574904,7166.92025574197,2859.14163306572,6899.88795183726,3229.42117714564,483.826486508205,464.316582720655,14.8239927502302,15.3278424630061,938.201368731768,903.244921041662,0.00211320922808715,0.00198797920899071,5.45933175043331e-07,0.000865799060206413,0.00364606142211136,1.27915170068998e-05,1.20021714543684e-05,1.84417994499432e-11,6.06526628304012e-06,2.09968151741715e-05,-1636.92789308068,0.127324460692333,0.0996684489674351,0.96375,0.461981344941801
"linear",800,"sir_laplace",13,7.501,3526.75761151475,3472.3756052826,126.229683034655,139.713246927533,7178.68628640514,2970.57401334209,7065.97351175559,3309.93709957374,470.171658647481,462.921691145527,16.828380620538,18.6259494637425,957.030567445026,942.004201007277,0.00228481925524337,0.00213209845011157,6.46401430246656e-07,0.00105869795900592,0.00385990983489442,1.22875550741337e-05,1.16665939791989e-05,1.44364116452521e-11,5.87276312257853e-06,1.991245758987e-05,-1575.12215057884,0.0965134264545563,0.0795024340410358,1,0.470729140321388
"linear",800,"sir_laplace",140,7.774,3100.92515015081,3063.89368253674,129.794703610486,168.279697721396,6966.11052092103,2695.36864314582,6762.20859015213,2876.2329702506,398.88412016347,394.120617769069,16.6959999498953,21.6464751378178,896.078019156294,869.849316973519,0.001934023112433,0.00178702193780099,4.59813117932388e-07,0.000880365536805458,0.00330057123677191,1.18352274019846e-05,1.10940376691586e-05,1.39790990241496e-11,5.83687976860128e-06,1.9287426613582e-05,-1587.68725326161,0.0873985360023324,0.072530772291497,1,0.460138468147978
"linear",800,"sir_laplace",141,7.753,3262.25169263022,3265.95496472538,166.666703271799,127.262124858286,7001.3983572762,3010.76677462421,6924.31277544283,3115.64227635051,420.77282247262,421.250479133932,21.4970596248935,16.4145653112712,903.056669324932,893.113991415301,0.00184615138641396,0.00173382287772979,3.74793956473523e-07,0.000830662136188451,0.00310380176667259,1.13111737106008e-05,1.09186810325853e-05,1.10594076266485e-11,5.87651982149376e-06,1.79284947711432e-05,-1594.42744775207,0.10954279082659,0.0857486930315113,0.965,0.452670663791825
"linear",800,"sir_laplace",142,7.945,2620.57842919708,2614.59591953364,115.349879362753,140.280901705421,6841.85019716001,2737.9909963632,6627.55612182306,2216.69890420779,329.839953328771,329.08696281103,14.5185499512591,17.6565011586433,861.151692531153,834.17949928547,0.00177986008608564,0.00167840004884893,3.5111674621577e-07,0.000772832820538831,0.00294948311844063,1.21172040112884e-05,1.14382621429121e-05,1.57273295220689e-11,5.61146727917677e-06,1.99328981205476e-05,-1606.13090831704,0.0975688589093961,0.0809285485125217,0.9975,0.447994197698794
"linear",800,"sir_laplace",143,7.823,2762.31794139338,2609.11037639598,93.6363900066943,97.0774909596223,6978.67630787753,2962.55217861056,6827.34184789061,2383.13048958065,353.102127239343,333.517880147767,11.9693710861171,12.4092408231653,892.071623146815,872.726811695079,0.00204462747140536,0.00189628429363319,5.47430674884596e-07,0.000901166858907656,0.0034925773990159,1.29350255825234e-05,1.2155743480599e-05,1.64867599291976e-11,6.60373459084061e-06,2.14094862288415e-05,-1591.78056590901,0.107707923605099,0.0926204645971374,0.99375,0.465021023608249
"linear",800,"sir_laplace",144,7.536,3292.94406481814,3281.6321884773,169.77933967538,167.193176393663,7150.24226633394,3468.08741341897,6992.74907585897,3195.73186055116,436.961792040623,435.460746878623,22.529105583251,22.1859310501145,948.811341074036,927.912563144768,0.0018044043308499,0.00173021190737916,3.00683972252188e-07,0.000845321362773276,0.00293325797438553,1.12353436858642e-05,1.07650942805398e-05,1.00291496357012e-11,5.91141855279657e-06,1.77379157728678e-05,-1610.82007108839,0.0867098340394836,0.0712510873802812,0.98,0.446195905552049
"linear",800,"sir_laplace",145,7.583,3076.24010339711,3076.89285350881,106.405646202924,150.538702607679,7113.96188662184,3215.67053856965,7149.44171295786,2982.0128606106,405.67586751907,405.761948240645,14.0321305819497,19.8521301078306,938.146101361181,942.824965443474,0.00208552902721315,0.00193820530464067,5.50187652364582e-07,0.000915847524113394,0.00358875653303925,1.16048552871248e-05,1.11127085338983e-05,1.06501872016056e-11,6.11313980316016e-06,1.83380520869382e-05,-1601.99213511428,0.0976777553460035,0.0756247478175814,1,0.465945698551659
"linear",800,"sir_laplace",146,8.042,3105.68146136803,3229.09933237057,120.501951642273,165.203899367949,6951.40173993514,2891.92692044214,7111.42154200463,3035.71594328205,386.182723373294,401.529387263189,14.9840775481562,20.5426385685089,864.38718477184,884.285195474339,0.00217842150615838,0.00202045406786308,7.03271038588069e-07,0.000928547746015281,0.00393175711675502,1.25728796169217e-05,1.18197078314261e-05,1.59986784201372e-11,6.32728348518221e-06,2.00635282846331e-05,-1576.31541441678,0.107808082730284,0.0839279437960828,0.97125,0.468208719496855
"linear",800,"sir_laplace",147,7.628,2850.06625969387,3020.14328840156,142.627249175001,159.156001310543,6971.64437330988,2995.19676063559,6959.8486761616,2815.60340822046,373.63217877476,395.928590508856,18.6978564728632,20.8647091387707,913.954427544556,912.40805927656,0.00198089961788316,0.00183335698514694,5.14718281822451e-07,0.000866490585664117,0.00346450214184911,1.22771781389696e-05,1.16612175362795e-05,1.44245838378797e-11,6.31549461548748e-06,1.95408213425678e-05,-1596.01903898485,0.102073083242695,0.0786903107138613,0.97,0.461307694618962
"linear",800,"sir_laplace",148,7.709,3026.01870298048,2959.2908906545,132.137130821421,152.499254727746,7032.59049074264,3149.81492011592,6886.33446155612,2810.84116859522,392.530639898882,383.874807452912,17.1406318357013,19.7819762261961,912.257165746872,893.285051440669,0.00181582383666332,0.00171214719264428,3.60958402866877e-07,0.000817663523756735,0.00300771860499848,1.14386829368783e-05,1.08376625086293e-05,1.18923089922018e-11,5.74656829796534e-06,1.8111418230757e-05,-1583.0019920056,0.0837179551690015,0.0633029007104133,0.99875,0.452158102649586
"linear",800,"sir_laplace",149,7.866,3739.63287923647,3622.65404147333,101.463560740207,183.426419871321,7216.80330954174,3151.25459673812,7301.18239161618,3441.10211647724,475.417350525867,460.545898992287,12.8990033994669,23.3188939577067,917.468002738588,928.195066312761,0.00222090074000673,0.00210451919274652,5.79384206394524e-07,0.000943850877257477,0.00376083670198708,1.22966050111752e-05,1.16610874796901e-05,1.32515706965603e-11,6.315470867875e-06,1.98211573467673e-05,-1628.07455508263,0.0933349961206742,0.0749168218958151,0.985,0.462337064954572
"linear",800,"sir_laplace",14,7.827,2981.08692917959,2811.68537100523,116.172638271297,115.220541031449,7252.34325564314,3073.79749328771,7158.73007408398,2676.0079898487,380.872228079672,359.228998467514,14.8425499260632,14.7209072481729,926.58020386395,914.619914920657,0.00229221978978483,0.00215154529196516,6.12462799252323e-07,0.00093873347982722,0.00382221319699959,1.28109395341366e-05,1.19661612893131e-05,1.74028483356074e-11,6.09556880787031e-06,2.11802405703618e-05,-1606.77578046587,0.112382757683665,0.0924312475814794,0.975,0.474209066323109
"linear",800,"sir_laplace",150,8.072,3572.82767914857,3602.75696082179,114.512644129111,154.13571311767,7329.96898101751,3222.89370805741,7400.8682227809,3372.98638428837,442.619880964887,446.327671063156,14.1864028901277,19.0951081662129,908.073461473923,916.85681649912,0.00259334375035852,0.00246089421017267,8.58526190186913e-07,0.00100393821539141,0.00438684486169467,1.26530460536828e-05,1.19945802641493e-05,1.56094471215533e-11,5.87689434626951e-06,2.06530103204838e-05,-1606.03232009343,0.0849134817418034,0.0705040339661708,1,0.482213120491717
"linear",800,"sir_laplace",151,7.784,3176.89145883351,3108.82490893166,124.850715856421,164.122827124316,7167.29952878205,3342.96334212043,7065.04799359635,2877.41177706789,408.130968503791,399.386550479401,16.0394033731271,21.084638633648,920.773320758228,907.637203699428,0.00196013183936708,0.00185045563047979,4.35512414689569e-07,0.000880012194668496,0.0032337499754107,1.18140957891439e-05,1.12919562683561e-05,1.21220618406035e-11,5.96287725186119e-06,1.857402663087e-05,-1615.07057853862,0.0876080205066886,0.065168012337094,0.98875,0.454627038704006
"linear",800,"sir_laplace",152,7.791,2539.9036798404,2384.41067121519,161.048471172726,141.823805008134,6873.09339412126,2668.53406223189,6775.20295846345,2184.79717043518,326.004836329149,306.046806727659,20.6710911529619,18.2035431919053,882.183724056124,869.619170640925,0.00163255985339744,0.0015490511930546,2.49404708732311e-07,0.000784024957537514,0.00261507604322825,1.13002080351696e-05,1.07662365584426e-05,1.10627723658463e-11,5.84413572567619e-06,1.82975136139542e-05,-1579.07321430478,0.106438762768006,0.0773436548135652,0.975,0.444720513699862
"linear",800,"sir_laplace",153,7.647,3889.14486498586,3686.59982013752,138.929596445952,139.22167201497,7118.23208322846,3890.41012688882,7122.95067999335,3357.67261143778,508.584394531954,482.097531075915,18.1678562110569,18.2060510023499,930.852894367525,931.469946383333,0.00214210844644762,0.00199881942114026,5.59681479200565e-07,0.000955354889585555,0.00361919434935067,1.22486601341912e-05,1.14829890436513e-05,1.4982372229326e-11,6.00957679842663e-06,1.98902061310486e-05,-1621.23967852389,0.0912679277811989,0.0685331210820803,0.97375,0.465406280757662
"linear",800,"sir_laplace",154,7.749,2963.41798986917,2859.25240424421,106.242767033105,22.8052889903686,6959.19182536778,3116.94987000328,6877.15905608968,2719.57518091621,382.425860094099,368.983404857944,13.7105132317854,2.9429976758767,898.076116320529,887.489876898913,0.00177840840722357,0.00167357981831671,3.73446561485142e-07,0.000809766379391356,0.00302639293787619,1.10710835355929e-05,1.02627112495161e-05,1.20531515373633e-11,5.65132667849622e-06,1.78886875815753e-05,-1600.04194594256,0.0643483342048592,0.0515701278884204,1,0.448738512679671
"linear",800,"sir_laplace",155,7.656,2980.74337444879,3186.0288188095,111.213691467097,146.935644573026,7049.21533823542,3094.05493583804,6840.87563834046,2941.6708835388,389.334296558097,416.147964839277,14.5263442355142,19.1922210779814,920.743905203163,893.531300723676,0.00199739863766016,0.00189835156737034,4.54935502129959e-07,0.000874533418311197,0.00331927501604544,1.23338234441822e-05,1.18122466554373e-05,1.33084127565033e-11,6.15420664532876e-06,1.9650248168374e-05,-1598.24173595206,0.106552057203938,0.0837689041098058,0.98625,0.457425915889935
"linear",800,"sir_laplace",156,7.523,3603.67445303675,3264.19315993673,83.8918031733662,94.322755305253,7137.95836813895,3065.99783390405,7176.99530395455,3188.89652863168,479.020929554267,433.895142886711,11.1513762027604,12.537917759571,948.818073659305,954.00708546518,0.0020364701729282,0.00191474878832809,5.16838951243698e-07,0.000833959849772561,0.00349406879237537,1.15232406691663e-05,1.09545659102347e-05,1.20019391379741e-11,5.53198510326945e-06,1.85183248014612e-05,-1597.65216239819,0.0681336033160493,0.0535196825419063,1,0.460603329588098
"linear",800,"sir_laplace",157,7.703,3361.35706213748,3240.58124342496,149.351414424298,153.61241281369,7215.50624248878,3481.92071028173,7041.44095894192,3029.61869924021,436.369863966958,420.690801431255,19.3887335355443,19.9418944325185,936.713779370217,914.116702446049,0.00188071941352409,0.00179847856399335,3.77674615597304e-07,0.00084552523277006,0.00311476036160761,1.08273498523379e-05,1.01000319242161e-05,1.16581325118055e-11,5.58508415254638e-06,1.81070067501879e-05,-1599.38568130182,0.106416702616766,0.0854141069571877,0.98375,0.452168541661551
"linear",800,"sir_laplace",158,7.663,3190.28392680491,3101.97748373687,100.024690909515,174.406576369513,7013.51491630098,2733.7671153776,7058.94570625297,2903.08995027996,416.323101501358,404.799358441455,13.0529415254488,22.7595688854904,915.244018830873,921.172609454909,0.00200478633376416,0.00191551945919785,5.01277336547126e-07,0.000816513768435536,0.003394752060223,1.14482293598816e-05,1.0837583987976e-05,1.14207305633392e-11,6.00217662254781e-06,1.83872565313423e-05,-1599.79530563606,0.0672182613684164,0.05364208974313,1,0.459527608351192
"linear",800,"sir_laplace",159,7.891,3569.98457187124,3593.63505290658,164.087316223733,45.0922484658764,7257.96610042302,3716.91241451166,7134.99877353159,3251.26369734233,452.412187539125,455.409333786158,20.7942359933764,5.71438961676295,919.777734181095,904.19449670911,0.00201947063709184,0.00190758779604477,3.94387636351384e-07,0.000975344608552917,0.00329232241355212,1.21448524910847e-05,1.13518793864825e-05,1.82266632572376e-11,5.77300724058855e-06,1.94518655503818e-05,-1613.39275031125,0.0769474361044168,0.0655119108526517,1,0.457969205296303
"linear",800,"sir_laplace",15,7.758,3091.97308863298,3103.5083084858,123.265202526201,108.805541110817,7171.61518068113,3218.86474219158,6986.37636730968,2901.99990394623,398.552860097058,400.039740717427,15.8887860951535,14.024947294511,924.415465413912,900.53833040857,0.00217476183903141,0.00207551835149338,4.87845793619257e-07,0.00105378708991151,0.00353831394722546,1.26336658058488e-05,1.19010164351541e-05,1.74433719226803e-11,5.79530593005486e-06,2.08273642345371e-05,-1592.02738133773,0.0801893625966319,0.0620419078802062,1,0.469624141135977
"linear",800,"sir_laplace",160,7.954,3108.39835821805,2995.68109588547,128.949907443357,169.056173701009,7079.20067137929,3258.55502551002,6883.07771572676,2837.3865450513,390.796876818966,376.625734961713,16.2119571842289,21.2542335555707,890.017685614696,865.360537556796,0.00184579818738308,0.00175111879863181,3.5779437349456e-07,0.000866079370682105,0.00308900041341255,1.16709208548008e-05,1.08836872393709e-05,1.45527218397257e-11,5.82796423455251e-06,2.01364426008052e-05,-1633.91767355984,0.074505856259492,0.0615712667233325,1,0.449916815675911
"linear",800,"sir_laplace",161,7.799,2856.26756091413,3036.79480478041,124.058261218218,104.167914268507,7062.05662203948,2884.73270307569,6919.11043617501,2690.83037014119,366.235102053356,389.382588124172,15.9069446362634,13.3565731848323,905.507965385239,887.179181455958,0.00205050766865083,0.00191219327280248,5.440125733842e-07,0.000862270267920462,0.00357038578969676,1.23531016084995e-05,1.17541450531341e-05,1.53108530975281e-11,5.83914273934211e-06,2.03475205875458e-05,-1612.88362021053,0.0822471352705587,0.0609806003241603,1,0.464145398726499
"linear",800,"sir_laplace",162,7.894,3163.33474069099,3044.42643933995,109.414663842797,142.821506657469,7222.3702302295,3340.54964932342,6916.04813966422,2816.10584009374,400.726468291233,385.663344228522,13.8604843986315,18.0924128018076,914.91895493153,876.114535047405,0.00214657018651322,0.00202038121585549,4.96056531919059e-07,0.000920006246719324,0.00355792755750828,1.27574763315749e-05,1.21741887953015e-05,1.52459082514383e-11,6.29329484069076e-06,2.06093192405118e-05,-1604.26304285431,0.123721536227514,0.101950129248871,0.965,0.467022796864951
"linear",800,"sir_laplace",163,7.726,3335.5084251364,3281.77357466427,89.5268268752826,184.730860824353,7004.01163646981,3363.84264326071,6906.35369942366,3101.20392430337,431.72513915822,424.770071791906,11.5877332222732,23.9102848594814,906.550820148824,893.910652268141,0.00186796942769126,0.00176861084230576,3.84254375229185e-07,0.000864268059240624,0.00311335728952498,1.17748992409157e-05,1.13421488072673e-05,1.10321473884258e-11,5.98149870998704e-06,1.84311390485348e-05,-1589.99854170379,0.0833372608557476,0.0704368586460674,1,0.455171265069141
"linear",800,"sir_laplace",164,7.689,3409.9011145547,3611.50358859619,116.699751130566,127.749863691113,7184.19170678732,3580.59627137219,7038.78297162493,2387.6121529154,443.477840363468,469.697436415163,15.1774939693803,16.6146265692695,934.346690959464,915.435423543365,0.00201419391781725,0.00189488761693951,4.55763735158014e-07,0.000870431540875012,0.00338471420171778,1.20503144811385e-05,1.11412628963819e-05,1.78357557659604e-11,5.60527970931974e-06,2.05403964301827e-05,-1606.94002158004,0.0879224897762332,0.0698438245514692,0.9925,0.452922626905431
"linear",800,"sir_laplace",165,7.591,2831.59585725826,2777.34169007672,127.388887999449,128.464251817192,7013.89257334615,2989.8788908474,6846.2236766277,2512.44308858109,373.020136643164,365.872966681164,16.7815686997034,16.9232316976935,923.974782419464,901.886928814082,0.00185914060456013,0.0017581204595085,3.73554268351185e-07,0.000844293958835389,0.00300131515902057,1.19684372486394e-05,1.13599505811058e-05,1.42147513833731e-11,5.59092134914699e-06,1.99222041928872e-05,-1580.08494596096,0.0789532715422061,0.0631371142870624,0.99,0.452693296203364
"linear",800,"sir_laplace",166,7.722,4258.27103957791,4018.25017399252,89.70714886029,102.500091509206,7245.41577956917,1548.26205332475,7380.79572510722,3885.91014283561,551.44665107199,520.363917895949,11.6170873944949,13.2737751242173,938.282281736489,955.814002215388,0.00243331069968677,0.00225678609833026,8.89879445515389e-07,0.000902256700841993,0.00437605317989561,1.21017349548462e-05,1.11596206969713e-05,1.84670307753276e-11,5.17598982026913e-06,2.01480892155323e-05,-1631.73734544316,0.100254236747476,0.081786232883402,0.9975,0.472740674810603
"linear",800,"sir_laplace",167,7.803,3579.65165639571,3368.69504166053,85.7264233556499,144.727024934681,6871.87955376506,3145.93676511627,6798.95576532067,3258.02294100081,458.75325597792,431.717934340706,10.9863415808856,18.5476130891555,880.67147940088,871.325870219232,0.0018222720380113,0.00168330887622781,4.68536634783503e-07,0.000747422033885928,0.00320034257108064,1.1961425191623e-05,1.12470311012243e-05,1.69073376307984e-11,5.22806785368541e-06,1.99709063281826e-05,-1607.92407670257,0.0842241024758806,0.0682563070614909,1,0.44954366429917
"linear",800,"sir_laplace",168,7.857,3339.67910673406,3395.09572256309,93.3091567338274,123.740880843372,7056.1053963261,2418.11733269501,6892.2998608526,2013.20611620364,425.057796453362,432.110948525275,11.8759267829741,15.7491257278061,898.066106188889,877.217749885783,0.00205163341839646,0.00192686363295716,5.51317353594807e-07,0.000893146305867381,0.00348725195760392,1.23873738694545e-05,1.14748141391186e-05,1.97735778449245e-11,5.78684942017216e-06,2.11691994446984e-05,-1628.12007775086,0.0786752887099424,0.0583166353062752,0.97875,0.459391619432808
"linear",800,"sir_laplace",169,7.686,3063.60983357014,3174.45298924897,71.7980681693445,148.140552953759,7172.68130588432,2833.7786935529,7119.15803560931,2955.69419089557,398.596127188413,413.01756300403,9.34140881724492,19.2740766268226,933.213805085131,926.250069686353,0.0020278435705534,0.00189570802043828,4.98793011815587e-07,0.000822832906617255,0.00339337390226976,1.20079355812999e-05,1.1430257175796e-05,1.32169883169177e-11,5.7839698702776e-06,1.90002722322233e-05,-1638.17287654852,0.109840483140922,0.0891321764830929,0.96625,0.456277502067004
"linear",800,"sir_laplace",16,7.591,3727.14358741616,3786.73237360886,84.9071713254937,152.233649739773,7139.59314622774,2696.60694365403,7327.40743346876,3537.0319460875,490.995071455166,498.844997182039,11.1852419082458,20.0544921274895,940.533941012744,965.275646616884,0.0023037372714084,0.00213045841445264,6.77334100889881e-07,0.000940935933118279,0.00395072061814462,1.22861996393929e-05,1.1575094878668e-05,1.64073297043952e-11,5.69494742726012e-06,2.00829938088325e-05,-1585.94140203431,0.0758340648294571,0.0600642193747487,1,0.471560370562559
"linear",800,"sir_laplace",170,7.825,2966.21304711348,2996.11471856298,118.988679971562,99.1971722335897,7218.39087610768,3100.74596782014,6994.62563664231,2752.5749584628,379.068760014502,382.890059880252,15.2062210826277,12.6769549180306,922.478067234209,893.88187049742,0.00213262027467571,0.00202832031516575,4.92695583567232e-07,0.000897685470790205,0.00351933914945494,1.21227213373811e-05,1.14407735954668e-05,1.61183699364865e-11,6.07105541676219e-06,1.9978949021782e-05,-1564.04011838914,0.0874232657227841,0.0693736701826545,0.99875,0.468155314443783
"linear",800,"sir_laplace",171,7.656,2994.9023587581,2847.78169441745,145.019175045988,147.995095374316,7082.45371854826,3076.63870493298,6990.49726386518,2633.97792792632,391.183693672688,371.967305958393,18.9418985169785,19.3306028440852,925.085386435248,913.074355259297,0.00199315524045241,0.00186224807684594,5.27413046089038e-07,0.000932375431832819,0.0034630961355614,1.18011572149508e-05,1.12429531506061e-05,1.20885575301946e-11,6.12822288083099e-06,1.86262207741362e-05,-1600.83782426592,0.101072078230602,0.0791899115561234,0.975,0.463349586502929
"linear",800,"sir_laplace",172,7.648,2660.20696257179,2971.76372533065,122.446181653268,162.582944725537,6958.15288492685,2748.54809520915,6836.11682207071,2614.75550602959,347.830408286061,388.567432705368,16.0102224965048,21.2582302203893,909.800324911983,893.843726735187,0.00173010491952238,0.00164673047425406,3.10618664211857e-07,0.000810003097917535,0.002846639878992,1.15150230947719e-05,1.09084670401088e-05,1.3030731050132e-11,5.53370736793413e-06,1.86454654994818e-05,-1587.80999277223,0.0757373908003372,0.0584474857130883,1,0.449127492126913
"linear",800,"sir_laplace",173,7.662,3467.45397421277,3410.66854642146,87.0297315677051,126.07515353431,7236.70227015419,3650.78718238184,7212.18301727961,3052.07645941719,452.552071810593,445.140765651457,11.3586180589539,16.4546010877461,944.49259594808,941.292484635814,0.00205770588453798,0.00196138558179154,4.86272968824165e-07,0.000836189688235089,0.00337940164028437,1.15842737924944e-05,1.09325616448045e-05,1.34690271308701e-11,5.69956575319891e-06,1.89806167265527e-05,-1593.55862813421,0.0617668870296986,0.0505896476991392,1,0.460617561708189
"linear",800,"sir_laplace",174,7.621,2978.35464430235,3316.27332585682,113.347843785335,156.262299014829,7117.66826414151,2559.52384892309,6982.95204828726,2971.04482924349,390.808902283473,435.149366993415,14.8730932666757,20.5041725514801,933.954633793664,916.277660187279,0.00208137636159026,0.00195549086097148,5.88191085398867e-07,0.000803811998347799,0.00367578888689247,1.21378569873986e-05,1.1546181017105e-05,1.3396774258174e-11,5.757907565377e-06,1.94923839773027e-05,-1595.81563041684,0.0915053589933559,0.0687730990204508,0.985,0.461392271651338
"linear",800,"sir_laplace",175,7.561,3569.76181593418,3139.86527779061,120.840742754018,89.2834356834584,7196.11311105294,3641.83018547809,7189.70259081384,3070.22537996285,472.128265564631,415.271164897581,15.9821111961405,11.808416305179,951.740921974995,950.8930817106,0.00216681225225374,0.0020486789978547,4.91447965237462e-07,0.000963326239142862,0.00354988869184882,1.24079962344416e-05,1.15874382407473e-05,1.77320787416537e-11,5.67310392960788e-06,2.08866972986453e-05,-1599.49311512186,0.088369632486756,0.072097069531689,1,0.461561982794803
"linear",800,"sir_laplace",176,7.563,3706.66266854708,3696.79287373372,114.388002125001,176.44088860974,7108.64717700241,2021.59413405404,7182.54586008019,3453.31249263285,490.104808746143,488.799798193008,15.1246862521487,23.3294841477906,939.924259817852,949.69534048396,0.00223426911063841,0.00211114384429402,6.26238633754143e-07,0.000856206884759827,0.00377821258188301,1.20076711520922e-05,1.14118694540572e-05,1.33579119204903e-11,5.88080360331446e-06,1.96644916130252e-05,-1585.71404381943,0.0854913350578844,0.0725030576553661,1,0.473053971742833
"linear",800,"sir_laplace",177,7.675,3360.54719450968,3282.84831449438,138.918379982759,122.892734698507,7101.35651732311,3514.7999367576,6958.59582984825,3049.54004166856,437.856311988232,427.732679412948,18.100114655734,16.0120826968738,925.258178152848,906.657437113778,0.00188507420490975,0.00177367924206174,3.7988736039054e-07,0.000897643059031375,0.00312434503410665,1.1532965976177e-05,1.10891755146187e-05,1.10565787641579e-11,5.65889640042455e-06,1.76325019896858e-05,-1560.58811996482,0.0903831567370677,0.072131708606111,0.99625,0.456076857709883
"linear",800,"sir_laplace",178,7.841,2537.98513210026,2528.22848557051,105.95232812628,151.510620618979,6764.09668868074,2686.14385398952,6547.47328032887,2282.243032395,323.681307499076,322.436995991648,13.5126040206963,19.3228696108887,862.657401948826,835.03038902294,0.00171699510325631,0.00163028066243923,3.40409369933781e-07,0.000780251261572453,0.00293648987263519,1.18004244845754e-05,1.10147653604015e-05,1.5878645653397e-11,5.7073178609277e-06,1.99030208241327e-05,-1563.55102204908,0.0811412670818415,0.0665069902254991,1,0.451079231453712
"linear",800,"sir_laplace",179,7.716,2807.63342499079,2589.2432515836,146.338202697142,107.198785663742,7243.89878555141,2937.71695872433,7145.19661253983,2393.87708055561,363.871620657179,335.568073040901,18.9655524490853,13.8930515375507,938.815291025325,926.02340753497,0.00227830465751723,0.00218658426300661,6.08656153571974e-07,0.00101106576002118,0.00382054083615298,1.26335871027585e-05,1.18797384109597e-05,1.63468180020816e-11,6.06965173216201e-06,2.08508902388153e-05,-1610.34422683138,0.116532899997332,0.0880187254350052,0.96125,0.470954413559813
"linear",800,"sir_laplace",17,8.043,3126.23205805303,3185.74219617082,119.14126886407,94.6996513641163,7085.17642145922,2679.47998311512,7006.23176430601,2745.67019195245,388.689799583866,396.088797236207,14.8130385259319,11.7741702553918,880.912149876815,871.096825103321,0.00187774738789618,0.00180356588239088,3.30667026699377e-07,0.000857977520114511,0.00302513237102512,1.15396242451412e-05,1.10700384627585e-05,1.18170779975976e-11,5.53335559589005e-06,1.8406027463227e-05,-1580.40876077478,0.0805299409648918,0.0644724675097558,1,0.453890884099423
"linear",800,"sir_laplace",180,7.639,2923.23344859836,2948.08157473037,160.471846023787,150.180754776704,7021.6423431387,2998.99997418914,6854.57395727721,2695.47726389238,382.672267128991,385.925065418297,21.0069179243077,19.6597401200031,919.183445888035,897.31299349093,0.00193891303822303,0.00185008778426549,3.98248351420497e-07,0.000906389090628302,0.00318251791513967,1.2249830223702e-05,1.17144207273519e-05,1.27042549203553e-11,6.19598015255237e-06,1.95703816596482e-05,-1577.74608327613,0.0846407649799269,0.0684767661223809,0.9875,0.456888690366492
"linear",800,"sir_laplace",181,7.878,3222.11477090395,2496.03419260627,104.761156323191,101.134139459199,7087.1160587224,1875.77930328225,7244.74835423658,1892.95017316584,409.001621084533,316.836023433139,13.2979380963685,12.8375399161208,899.608537537751,919.617714424547,0.00254066871488866,0.00238693803317743,9.05398159171207e-07,0.0010202858980997,0.00440639787098753,1.28962940255529e-05,1.20998454120315e-05,1.90337535449703e-11,6.039054980247e-06,2.17430572396237e-05,-1592.26811244939,0.114534229465132,0.0941971249880614,0.99125,0.485623245754682
"linear",800,"sir_laplace",182,7.592,3296.63787503849,3091.87949831072,76.673739805515,147.686867392664,7061.67470613751,3444.71295424187,6815.58456566435,2888.04915016618,434.225220632046,407.254939187397,10.0992807963007,19.4529593509831,930.146826414319,897.732424349888,0.00208527986708078,0.00191808016346141,5.98333195227319e-07,0.000858683788166943,0.00376538371130867,1.30518727048125e-05,1.20299728149189e-05,2.22244168285833e-11,5.61493150639959e-06,2.31249889298739e-05,-1577.42008516123,0.101888572569023,0.0809599226944722,0.9875,0.46759139618881
"linear",800,"sir_laplace",183,7.779,3300.01863833227,3165.55187293846,154.129218982355,172.87338947689,6983.11425761351,3467.59476974308,6922.33276341868,3030.97450167139,424.221447272435,406.935579501023,19.8135003191097,22.2230864477298,897.687910735764,889.874375037753,0.00175925082316678,0.00166762387482386,3.34704110148685e-07,0.000827235332636503,0.00286763124345762,1.17718146880746e-05,1.12012177977223e-05,1.30527183075907e-11,6.3329402647785e-06,1.89990135262434e-05,-1594.33332366092,0.079436769691344,0.0659320267795658,1,0.44527858431168
"linear",800,"sir_laplace",184,7.645,3633.10134601476,3517.73639000848,71.7440365650308,142.612898133191,7029.04869065048,2660.70502593515,6997.57163254412,1998.40064093533,475.225813736398,460.1355644223,9.38443905363385,18.6544013254665,919.430829385282,915.313490195438,0.00214801746664295,0.00203617610585123,5.71794824233834e-07,0.000908105367001703,0.00357937262971288,1.31375440625004e-05,1.23693180687898e-05,2.078800785686e-11,5.82088099684693e-06,2.25536262553963e-05,-1610.68109955668,0.0972324951143345,0.0780156289742173,0.99125,0.464010881368702
"linear",800,"sir_laplace",185,7.607,3048.90864961853,2699.37288588482,153.04308025474,124.947765005926,7121.68344905271,3322.25897112473,6828.34483683937,2613.25071688245,400.803030053705,354.85380384972,20.1187170046983,16.4253667682301,936.201321027042,897.639652535739,0.00177353126123734,0.00166581609563377,3.40631323059225e-07,0.000824456837512625,0.00296376493245266,1.13482415380319e-05,1.06331573068053e-05,1.48917885664456e-11,5.19924585989835e-06,1.84627271718338e-05,-1601.92434501702,0.0859227012408044,0.0733602001979266,1,0.448915201125
"linear",800,"sir_laplace",186,7.745,3254.81246332948,3145.36693744472,88.0826421516916,165.307004387315,7085.06640759265,3211.16393519654,7019.39645367227,2948.14237300028,420.246928770753,406.115808579047,11.3728395289466,21.3437061829974,914.792305693047,906.313292920887,0.00217795029964088,0.00201527865871623,6.9158002812258e-07,0.000885112713648758,0.0037452081085951,1.23076248941611e-05,1.16482304464709e-05,1.43532071621423e-11,5.79035766802137e-06,1.9995414802655e-05,-1581.05907912446,0.0925195408732029,0.0736986581284681,1,0.468923166832828
"linear",800,"sir_laplace",187,7.793,3217.18880482539,3537.79217317352,130.107281482462,106.201432341058,7151.34326504218,3308.01543739179,7096.28017055975,3349.96554781989,412.830592175721,453.970508555565,16.695403757534,13.6277983242728,917.662423334041,910.59671122286,0.00191370254259908,0.00179317866360699,4.09396277159936e-07,0.00091051312485293,0.00324773336871695,1.1031423639944e-05,1.0469780225695e-05,1.11596941171957e-11,5.46063295942665e-06,1.7486983531002e-05,-1631.4521851998,0.08920122516836,0.0762869906970569,1,0.453642004317832
"linear",800,"sir_laplace",188,8.002,2929.80396111709,2798.89215030987,136.296520243119,145.30355249367,7087.01301487991,3081.85703004181,6867.3443655125,2750.58539077549,366.133961649224,349.774075269916,17.0328068286827,18.1584044605936,885.655213056725,858.203494815358,0.00197501093792046,0.00185506249946751,4.35169027194258e-07,0.000869484347400449,0.00331747102628972,1.1921445940779e-05,1.12598418044074e-05,1.54204736159981e-11,5.69801645775517e-06,1.92609437353625e-05,-1575.1680622862,0.108393817833673,0.0840608884789412,0.98125,0.461247385049831
"linear",800,"sir_laplace",189,7.759,3693.10531535313,3608.71637734786,145.331114146246,137.365182504781,7034.44636857478,3918.17980948702,6784.35289200466,3384.30422258963,475.976970660282,465.100705934767,18.7306501026222,17.7039802171389,906.617652864387,874.384958371525,0.00184870807206312,0.00174547192870744,3.71977750647954e-07,0.000830925201589436,0.00307397403680825,1.1917395839031e-05,1.11795808879853e-05,1.76624571456678e-11,5.07503004675713e-06,1.9991602177118e-05,-1613.59801102219,0.0872878389013626,0.069821154720027,1,0.451778322582803
"linear",800,"sir_laplace",18,8.046,3482.89153737225,3484.89294680645,105.664185465952,141.835877326677,7181.52809652985,3602.91503827899,7063.64126153041,3184.76850315807,432.87242572362,433.121171614025,13.1325112435934,17.6281229588214,892.558798972141,877.90719134109,0.00196746486143369,0.00188566839641654,4.18144644176729e-07,0.000836767672497442,0.0033260522088739,1.19128994384107e-05,1.12119228840086e-05,1.48283599556486e-11,5.75121367806444e-06,1.96104060098858e-05,-1601.8268688717,0.0825080187778777,0.0632893238889329,1,0.453582377151512
"linear",800,"sir_laplace",190,7.931,3622.35896091488,3539.39068835824,105.235172114595,118.908439399214,7106.07064608278,3323.6994131009,6943.19381127197,3249.65123997041,456.734202611888,446.272940153604,13.2688402615805,14.9928684149809,895.986716187464,875.449982508129,0.00191310899803966,0.00183249816898147,4.35004028816171e-07,0.000782797700139748,0.00309685477344911,1.18679641594683e-05,1.11735525686034e-05,1.47631688694702e-11,5.84617067775473e-06,1.96579599919568e-05,-1583.62866446369,0.0923889106419963,0.0746794269334238,0.99875,0.45280872606907
"linear",800,"sir_laplace",191,7.894,3605.28920399903,3464.87172752243,97.0944109581961,118.950423729863,7011.01433566323,2153.31947663527,7285.8974695115,3012.97678994221,456.712592348496,438.924718459897,12.2997733668858,15.068460062055,888.144709356882,922.96648967716,0.00232116734572678,0.00209601566551727,8.6543438811607e-07,0.000972030743314501,0.00434404421873097,1.23727393313976e-05,1.1749896003263e-05,1.42640712842866e-11,6.13597176789409e-06,1.99242816623466e-05,-1607.57499091181,0.0749996031785499,0.0622361352980248,1,0.472666163108804
"linear",800,"sir_laplace",192,7.801,3380.18577485945,3255.64831100155,114.339231063247,160.078197268937,7021.27047475826,3334.85689359789,6914.08066947636,3090.85473690746,433.301599135938,417.337304320158,14.6569966752015,20.5202150069141,900.047490675331,886.306969552155,0.00187198068760068,0.00174870353090735,4.44046539219548e-07,0.00083513219749325,0.00319038037097747,1.16469277397199e-05,1.08990560991777e-05,1.39035481689474e-11,5.51938079470769e-06,1.90867532021938e-05,-1595.90055347906,0.0904347967709242,0.071982048149239,0.98375,0.449179983019341
"linear",800,"sir_laplace",193,7.661,3164.23695718581,3079.99889330033,152.120544635084,160.059108022789,6916.61323960641,3314.31478248157,6844.82055122865,2910.59740273828,413.031844039395,402.036143231997,19.8564867034439,20.8927174027919,902.834256573085,893.463066339727,0.00176930840189591,0.00166152405694715,3.45906944048722e-07,0.000821945912609643,0.00288647388915246,1.13655417829058e-05,1.08205435393905e-05,1.09767738196187e-11,6.02012007326606e-06,1.80567228926184e-05,-1573.52232303828,0.0934641235121581,0.0751180428551318,0.9725,0.450301693131913
"linear",800,"sir_laplace",194,7.758,2449.28307470164,2120.75630057708,129.255947926921,122.123957878997,7029.57518468497,2544.06952581802,7100.4269970494,1966.65274732747,315.710630923129,273.363792288874,16.6609883896521,15.7416805721832,906.106623444827,915.239365435601,0.00214802665456102,0.00201308776557542,5.66609952340484e-07,0.000824862177847172,0.0035606902585428,1.24325684490414e-05,1.18293114606422e-05,1.57500733282777e-11,5.752692819478e-06,2.01767622727255e-05,-1586.28665605493,0.0758928468132311,0.058949568464545,0.995,0.468189311678569
"linear",800,"sir_laplace",195,7.669,3239.57406398269,3347.29964309295,98.6973606497097,175.882711590214,7207.05008679696,2302.75353216678,7202.74870325282,3056.89758499757,422.424574779331,436.471462132344,12.8696519298096,22.9342432638171,939.763996192067,939.203116866974,0.00255426194643742,0.00239553861050581,8.57755972517387e-07,0.00105132754531157,0.00443297130337214,1.26325452672586e-05,1.18672646060555e-05,1.64508813908702e-11,6.20394438352842e-06,2.10494894570484e-05,-1601.27277240389,0.1141187239616,0.0938479070827799,0.9925,0.47810481830828
"linear",800,"sir_laplace",196,7.812,3199.16259657651,3061.86964549261,119.345841963327,169.824795810838,7065.92452659399,2740.3951691267,6874.45492581676,2907.43138224162,409.519021579174,391.944399064594,15.2772455150188,21.7389651575574,904.496227162569,879.986549643723,0.00187738142248982,0.00178218406686166,3.60754074273082e-07,0.000864966106869455,0.00304937731069072,1.2068678752875e-05,1.15719120791094e-05,1.31223949899106e-11,5.7238864759231e-06,1.88590456607865e-05,-1583.41250479638,0.0849514595484396,0.0656283188936934,1,0.456151436297338
"linear",800,"sir_laplace",197,7.817,3483.57621174604,3421.73757401913,95.6933602626908,106.804548782556,7026.25188324,2175.33314442209,7141.14913883441,3212.46658696554,445.641065849563,437.730276834992,12.2416988950609,13.6631122914872,898.842507770245,913.540890218039,0.00234810384130423,0.00215359361435229,8.89207903121455e-07,0.000930800171831539,0.00422522256764478,1.24204781020109e-05,1.14857130554428e-05,1.85196221670203e-11,6.01206549550317e-06,2.11742346273109e-05,-1615.56263006725,0.104482416395989,0.0870021307433475,0.9925,0.47514301300637
"linear",800,"sir_laplace",198,7.853,3119.33278757926,3000.47342963895,108.391097945769,173.491355265979,6973.80517425979,3300.67897894411,6760.95220276242,2877.55868508917,397.215432010602,382.07989680873,13.8025083338558,22.0923666453558,888.043445085928,860.938775342215,0.0017485035401973,0.00164831542455963,2.88593418055531e-07,0.000880270009068004,0.00285442379122974,1.16006025854137e-05,1.10151911818742e-05,1.18368422794007e-11,5.98508373268236e-06,1.85925703848964e-05,-1562.11905418631,0.0897530509961906,0.0745430648856017,0.99875,0.446165384364649
"linear",800,"sir_laplace",199,8.015,3289.39647333646,3396.97206769713,115.385773461535,136.099041295141,7294.58776813277,1743.76243512864,7405.17141443186,3073.47339402608,410.405049698872,423.826833149985,14.3962287537785,16.9805416463058,910.117001638524,923.914087889191,0.00256682293793131,0.00240278233232097,8.82618822657477e-07,0.000991631527480417,0.0044010250879379,1.31066056436221e-05,1.24177104299744e-05,1.73154358206291e-11,6.29587774274154e-06,2.14271177447969e-05,-1601.14685883771,0.100583418945564,0.0792273578210051,0.9925,0.481034154375834
"linear",800,"sir_laplace",19,7.751,3954.44256569308,4088.12762908361,112.716768694921,117.106897047259,6956.69160590908,1811.21600193913,7260.20621059163,3676.08777550542,510.184823338031,527.432283458084,14.5422227706,15.1086178618577,897.521817302164,936.679939438993,0.00234910177633199,0.00211523130173125,1.0689445087302e-06,0.000900487042867757,0.00448908466276065,1.22522655790325e-05,1.14034067986277e-05,1.7478829827372e-11,5.6715591143508e-06,2.1172452312093e-05,-1595.78291152566,0.0813752752050366,0.0645254701537483,1,0.473272728635593
"linear",800,"sir_laplace",1,8.023,3461.02395837908,3379.15893929913,149.937902830881,115.540992473446,7024.21415473342,3699.00246252681,7022.64774662845,3203.93950490798,431.387755001756,421.183963517279,18.6885083922324,14.4012205500992,875.509679014511,875.314439315524,0.00191867203911402,0.00180802108509542,4.55118150105013e-07,0.000791814283141142,0.00326918082273529,1.15009450551437e-05,1.09403506868988e-05,1.33471617341375e-11,5.36061722620954e-06,1.86906894138627e-05,-1600.46040375764,0.0868397857731324,0.0684225876170452,1,0.451730453811191
"linear",800,"sir_laplace",200,7.946,3526.63625564873,3486.62443212575,65.8422940487229,89.3138432203543,7132.84355969062,1892.50105267692,7083.88083092112,3222.4000494367,443.825353089445,438.789885744494,8.28621873253497,11.2401010848671,897.664681561871,891.502747410159,0.00228001610960846,0.00213004672219392,6.42453405957022e-07,0.00101162392114852,0.00391003694813886,1.24035159703227e-05,1.15857753214125e-05,1.76824761773905e-11,6.10411435387208e-06,2.13066169361224e-05,-1605.95451755123,0.0951102714138205,0.0742908916041961,0.9925,0.471485312128256
"linear",800,"sir_laplace",20,7.702,3479.40430791495,3399.15320893296,100.819428040939,72.3049353082294,6834.86461739754,1765.53914580762,7332.47777337114,3201.04672839273,451.753350806926,441.33383652726,13.0900322047441,9.38781294575817,887.414258296227,952.022562109989,0.00251471247387959,0.00227784249454362,1.33649704291104e-06,0.000726486109368865,0.00473787287380932,1.2635263886177e-05,1.1752872273351e-05,1.90939898046295e-11,5.83647654143106e-06,2.14023992532625e-05,-1622.19799792459,0.0862792417043229,0.0617299184723504,0.99875,0.479667291620969
"linear",800,"sir_laplace",21,7.856,3562.09880316253,3138.59289500802,93.1256095083484,163.428106393005,6988.51457557354,1875.63513806446,6930.85468633197,3055.9383476532,453.423982072623,399.515388875766,11.8540745300851,20.8029666997206,889.576702593373,882.237103657328,0.00202187385582963,0.00187013646292285,6.88954681582536e-07,0.000785907115469481,0.0036270757996502,1.23072472229536e-05,1.15262946131312e-05,1.59324760412619e-11,6.13503405404851e-06,2.11444015893774e-05,-1576.79626139508,0.0788969517847821,0.0630335230586356,1,0.460450906703009
"linear",800,"sir_laplace",22,7.714,3450.78015578089,3214.51056270991,59.6947287027202,190.419794230247,7254.48582535418,3025.8410653116,7138.16656700318,3144.72723903393,447.339921672399,416.711247434523,7.73849218339644,24.6849616580564,940.431141477078,925.352160617472,0.00221201546179352,0.00202602839633566,7.10258773350144e-07,0.000856888671134676,0.00397333460084746,1.1980128412713e-05,1.14768699569914e-05,1.22054448490004e-11,5.92130430917631e-06,1.90973461809585e-05,-1649.77228746421,0.0906814019225835,0.0720034558798142,0.97375,0.462552981986221
"linear",800,"sir_laplace",23,7.748,2543.09859674561,2529.98757804489,139.837435621571,106.559583702849,7089.37780367816,2667.43512472411,6902.95943887062,2338.31516698717,328.226458020858,326.534276980497,18.0481976796039,13.7531729095056,914.994553907868,890.934362270344,0.00182244872484675,0.00172995166398678,3.38488508718727e-07,0.000861734829947179,0.00303173666426669,1.14542768696874e-05,1.08169534302461e-05,1.20218051270461e-11,5.88224344748436e-06,1.84845770290713e-05,-1603.82282022609,0.0825472293757806,0.0679918939612624,1,0.448071044232485
"linear",800,"sir_laplace",24,7.538,2915.78213884748,2768.53037094798,145.730782030607,136.392920588205,6987.02846749719,3068.41367860158,6720.43900055429,2671.26878770193,386.811108894598,367.276515116474,19.3328179929169,18.0940462441237,926.90746451276,891.541390362734,0.00174259058978169,0.00165142033964058,3.2931638520354e-07,0.000845233232701212,0.00280250445244732,1.16645936768529e-05,1.08986483469171e-05,1.54088601441936e-11,5.63347036288227e-06,2.01372045509436e-05,-1565.40254325567,0.0680433627345399,0.0561401067487196,1,0.448883312799286
"linear",800,"sir_laplace",25,7.959,3292.2087814813,3121.01687691381,107.458997771332,119.372445404824,7114.24611442512,2626.85535491486,7051.34545431543,2915.9595200312,413.646033607401,392.13681076942,13.5015702690454,14.9984225913839,893.861806059194,885.958720230611,0.00209867321790635,0.00200822071414449,4.55114682717179e-07,0.000960415081433022,0.00342927392146336,1.25677050417474e-05,1.18323533066438e-05,1.68835225251048e-11,6.16768938591849e-06,1.9979467764236e-05,-1566.0657862668,0.123013884577671,0.0974044363478942,0.985,0.470171616475178
"linear",800,"sir_laplace",26,7.571,3394.77743025542,3388.67527792225,133.073955191429,160.046562652483,7062.85335233743,3485.89427340164,6864.30338926902,3125.90237883006,448.392211102288,447.58622083242,17.576800315867,21.1394218270351,932.882492713965,906.657428248451,0.00190279708249902,0.0018020172069247,4.31569766111236e-07,0.000861148300595728,0.00317416202387426,1.17537789394504e-05,1.12167702456342e-05,1.15156759943207e-11,6.0307616780004e-06,1.82824057729545e-05,-1599.1243179444,0.0883986415128578,0.0669187099700559,0.995,0.457070375718917
"linear",800,"sir_laplace",27,7.86,2683.22111114042,3211.65628950197,102.963793014056,135.328507425848,7165.71041584189,1953.28662594554,7112.16401319587,2945.354595077,341.376731697255,408.607670420098,13.0997192129843,17.2173673569781,911.667991837391,904.855472416777,0.00206839385402215,0.00195930342841016,5.45511762540547e-07,0.000905593589252534,0.00354172081163393,1.18206714920822e-05,1.13068230260673e-05,1.21140928543971e-11,5.84162297070751e-06,1.85721731473456e-05,-1587.96249149894,0.0907456636705544,0.0686303091844576,0.98875,0.462248204326894
"linear",800,"sir_laplace",28,7.807,2784.89554279306,2433.83185018021,116.092529802983,153.143474388812,7038.05583198014,2899.77738947582,6988.69070296356,2432.40193495079,356.717758779693,311.749948787013,14.8703125147922,19.6161745086221,901.505806581291,895.18261854279,0.00191009205850175,0.00174936932209478,5.56951594673698e-07,0.000806031706149991,0.00334113593518304,1.17405755908247e-05,1.09109003728779e-05,1.57762002642736e-11,5.66105519521555e-06,1.95263122531379e-05,-1585.66211179345,0.0726848942465593,0.0575171791743452,1,0.454303816977741
"linear",800,"sir_laplace",29,7.624,3146.35176426923,3106.62761564498,124.968285435633,96.7733120909331,7035.77318879054,2307.73317010338,7060.49513289316,1938.26082838995,412.69042028715,407.480012545249,16.3914330319561,12.6932466016439,922.845381530764,926.088028973395,0.00224562593406156,0.00211709984091789,6.56646952207113e-07,0.000919181737059236,0.00371253778301686,1.27731963496333e-05,1.21041159855429e-05,1.67293105913847e-11,5.96746094708535e-06,2.07276008061821e-05,-1592.37770844434,0.107653348946158,0.0741151510589342,0.96875,0.472490310506385
"linear",800,"sir_laplace",2,7.978,2871.89577723273,3195.64530162119,79.7901880260862,129.946553661251,7130.08010922232,3060.27115297744,7033.78058351794,2679.95646988057,359.976908652887,400.557194988869,10.0012770150522,16.2881115143208,893.717737430725,881.647102471539,0.00204528885842656,0.0018737967830333,5.44267657640617e-07,0.000881544379188468,0.00360163823348513,1.19713040865803e-05,1.12038810881032e-05,1.45944016063842e-11,6.12772556980632e-06,1.99818043922663e-05,-1580.66366467487,0.100393039577754,0.0838601547577945,0.9875,0.462287351649415
"linear",800,"sir_laplace",30,7.648,3447.79684672346,3562.27007734361,112.202438353262,130.850645391101,6881.66824662785,3583.11141193531,6627.14498520542,3206.71581204344,450.810257155264,465.777991284468,14.670820914391,17.1091325040666,899.799718439835,866.520003295687,0.00185363247617676,0.00176354016959329,3.66587258287144e-07,0.00080891173128832,0.00306403112669349,1.24572314090309e-05,1.18033949268774e-05,1.3997726152231e-11,6.31270816556965e-06,1.99812529711681e-05,-1574.44938077917,0.114193576293606,0.0878459610609356,0.945,0.454541847006744
"linear",800,"sir_laplace",31,7.7,4175.9974395426,4037.79234257335,111.039867635483,124.001848709075,7220.11606395484,2245.27598118013,7428.80668463857,3420.48122417926,542.337329810727,524.388615918617,14.4207620305822,16.1041361959837,937.677410903226,964.7800889141,0.00284535040057472,0.00268192924081548,1.06849869578867e-06,0.001077162831866,0.00486304354213694,1.3037812775787e-05,1.20468448603154e-05,2.01051576911758e-11,6.03707886467514e-06,2.17773930088301e-05,-1583.18970015281,0.089057503315826,0.0721590104998125,0.995,0.490700938026206
"linear",800,"sir_laplace",32,7.689,3071.7710914898,3024.86450313121,126.269816184131,175.89975388487,7063.48881581638,3237.40502695919,6852.00634082,2804.96705252402,399.502027765613,393.401548072729,16.422137623115,22.8768050311965,918.648564939053,891.14401623358,0.00191124617027028,0.00181143384111016,4.01859261917623e-07,0.000892968224664313,0.00323801800943291,1.21343050120466e-05,1.1476358944001e-05,1.32599151087952e-11,6.34769197547389e-06,1.95693991338104e-05,-1632.26800186076,0.0891764730714658,0.0747227834840117,0.98625,0.459411232029976
"linear",800,"sir_laplace",33,7.682,3226.59913085889,3150.0581629697,124.362419932863,146.583287994087,7030.36389530053,3107.49199192372,6730.63557870372,2955.55786543786,420.020714769447,410.057037616468,16.1888075934473,19.0813965105554,915.173639065416,876.15667517622,0.00186040602867678,0.00177668968348113,3.73065567236256e-07,0.000830754732090996,0.00307466761019704,1.2425724181295e-05,1.14803291155165e-05,1.87512540354024e-11,5.870237063788e-06,2.09787062157497e-05,-1609.08144205719,0.0986238144547371,0.0791006622708141,0.99,0.455011640234928
"linear",800,"sir_laplace",34,7.827,3416.19170235127,3461.55870451248,115.784335142755,169.904281046047,7014.65513179651,1546.76874615189,7023.68049495056,3100.49920109806,436.46246356858,442.258682063687,14.7929392031117,21.7074589301198,896.212486495019,897.365592813409,0.00209004631049282,0.00190773941078127,6.65399803202512e-07,0.000757401019957017,0.00384072844451952,1.22057805201246e-05,1.15898755057198e-05,1.37750057772314e-11,5.80239608688828e-06,1.94054177576771e-05,-1615.77458170673,0.0917621417285193,0.0686199994901165,0.98125,0.464677692571248
"linear",800,"sir_laplace",35,7.612,3158.95456228762,3015.57396040915,103.907044083059,190.011478118269,7043.48837059103,3365.54832432792,6901.99048938979,2778.368492348,414.996658209093,396.160530794686,13.6504261801182,24.9620964422318,925.313763871654,906.724972331817,0.00187343444115611,0.00178306836203586,3.59963298199859e-07,0.000878507670312598,0.00308140877231856,1.18398557792511e-05,1.13098340634236e-05,1.10361805966669e-11,6.09593516207672e-06,1.85713476927605e-05,-1559.7833790922,0.0931238612801901,0.0722084624171112,0.9925,0.45519635790349
"linear",800,"sir_laplace",36,7.813,3449.65600603031,3668.80731309437,143.673532943867,93.7987643884275,7217.11729795402,3385.89038797515,7138.73931296965,3019.22722336742,441.527710998376,469.577283129959,18.3890353185546,12.0054734914153,923.731895296816,913.700155250179,0.00215335791474544,0.00207081941600052,4.8873328062451e-07,0.000986012285628334,0.00355821124535362,1.22237578860169e-05,1.15438392204464e-05,1.53142538809586e-11,6.16163748373341e-06,2.00270584092797e-05,-1587.75580176999,0.101224277183539,0.0804802876122435,0.9975,0.467626287512855
"linear",800,"sir_laplace",37,7.905,3349.10721736161,3295.77240338398,101.159223167223,165.142232404268,7145.90788634987,2266.14271318708,7200.02793337771,3117.84183727858,423.669477212094,416.922505171914,12.7968656758031,20.8908579891547,903.973167153683,910.819472913056,0.00213019278470532,0.00199924966468799,5.73359342189889e-07,0.000861933968048079,0.00365305435482756,1.19998301376617e-05,1.12299899045956e-05,1.52340585577523e-11,5.65937638427554e-06,1.97078646737069e-05,-1595.82058913191,0.0757839701037083,0.0601227119757699,0.9925,0.463819490582804
"linear",800,"sir_laplace",38,7.721,3607.77275376454,3579.00840401903,102.895063683015,143.302685033997,7060.41766772818,3589.42482758883,7029.11748627078,2913.76278555713,467.267550027786,463.542080561978,13.3266498747591,18.5601198075375,914.44342283748,910.389520304465,0.0022319821593021,0.00202893076448024,7.22176510761642e-07,0.000939016530656342,0.00399014731825163,1.23217052321253e-05,1.15486414782748e-05,1.67876724681283e-11,6.205489770509e-06,2.03747217580213e-05,-1576.86524684341,0.0850098914843515,0.06820176719355,0.9825,0.469131191379011
"linear",800,"sir_laplace",39,7.773,3078.7786244778,3156.38244461965,149.180991113787,112.766798000658,6979.45500765677,3109.27154754413,6786.88293602404,2747.49249759467,396.086276145349,406.070043048971,19.1922026391081,14.5075000644099,897.910074315807,873.135589350835,0.00178090781141692,0.00168817615869852,3.01730661807267e-07,0.000842834658891201,0.00289776134597311,1.20135144611909e-05,1.14214999105067e-05,1.38070784812413e-11,5.71005446946741e-06,1.90832302156802e-05,-1583.90417277032,0.0716788083420153,0.053601960195824,0.995,0.449635562350527
"linear",800,"sir_laplace",3,7.743,3548.23262392635,3460.54750507167,67.2890439188013,147.16291848036,7148.27091230323,3111.67285507961,7082.28258454003,3288.79909270458,458.250371164452,446.925933755865,8.69030658902251,19.0059303216273,923.191387356739,914.66906683973,0.00194940449191468,0.00181762994112594,4.57620730564109e-07,0.000917507118219671,0.00335746293434323,1.1157463746958e-05,1.05079447918419e-05,1.33335136496693e-11,5.49964926326705e-06,1.80591889489041e-05,-1577.69008119274,0.093332230258492,0.0678963055384087,0.96125,0.458012619169311
"linear",800,"sir_laplace",40,7.702,3026.00517395007,3191.14443621444,150.853047105054,132.025473784438,7078.16502372607,3307.60577937655,6880.81128625754,3028.32430089561,392.885636711252,414.326725034334,19.5862174896201,17.1417130335547,919.003508663473,893.379808654576,0.00197869310516767,0.00188630131739355,4.5245752768632e-07,0.000801828964252891,0.0032861463399124,1.1727093463082e-05,1.11624005840628e-05,1.39236130780165e-11,5.89832579784208e-06,1.90941980059145e-05,-1582.64276465089,0.0828897718880299,0.0596470955802764,0.98,0.458219614499247
"linear",800,"sir_laplace",41,7.898,3550.75540922918,3500.45130685262,118.934218520024,108.885635136373,7086.56490626826,3668.11612428353,7090.98188492151,3426.4454965303,449.576526871256,443.207306514639,15.0587767181595,13.7864820380315,897.260687043334,897.819939848253,0.00218374287585239,0.00206902651348612,6.0814981427867e-07,0.000886152225418044,0.0037307358742145,1.32770572587734e-05,1.22147748415332e-05,2.25654144302255e-11,5.56843168483565e-06,2.28573372769731e-05,-1602.2239711211,0.125045414721622,0.101498045213186,0.965,0.475291781914153
"linear",800,"sir_laplace",42,7.905,3712.82796543555,3557.86969399659,127.749516857779,94.1642109937245,7136.07492988469,3216.84340069648,7079.26164972931,3331.55860621314,469.680957044345,450.07839266244,16.1605966929512,11.9119811503763,902.72927639275,895.542270680495,0.00223316466304835,0.00210671567913267,6.80693418172889e-07,0.000877108772460324,0.00380562169008469,1.24712206867751e-05,1.16248419977248e-05,1.93345958862991e-11,5.49035320894787e-06,2.08178328259404e-05,-1609.87523423304,0.0948172907214229,0.0720264671513116,0.98625,0.46718669656529
"linear",800,"sir_laplace",43,7.592,3151.98473509558,2806.89639551278,128.103560161142,152.766710762832,7116.37346902784,3308.70214895817,7048.82051768724,2438.96344464697,415.171856572126,369.717649567015,16.8734931719102,20.1220641152307,937.35161604687,928.45370359421,0.0020769183441914,0.0019592464568126,5.67050789020854e-07,0.000850556036381718,0.00350693403603703,1.24025274965151e-05,1.18642845137208e-05,1.41181953735358e-11,6.02017803706997e-06,1.97642804666053e-05,-1582.58513435421,0.101999522871543,0.080774718802142,0.9675,0.46255791040774
"linear",800,"sir_laplace",44,7.664,3098.31656395076,3121.02321253772,88.8252943436053,92.9223198005601,7056.3246165272,2782.17975006078,6916.3425040411,3011.40249735019,404.26886272844,407.231630028408,11.5899392410758,12.1245198069624,920.7104144738,902.445525057555,0.00202635055135785,0.00190340839930372,5.50514175456531e-07,0.000801283394239846,0.00347758643928437,1.17029201183157e-05,1.09138638565722e-05,1.62506876071263e-11,5.28001058334439e-06,2.03092216423354e-05,-1589.72407000981,0.101893428757004,0.0825542833959644,1,0.464835220459054
"linear",800,"sir_laplace",45,7.637,3032.85691312054,2675.64963001757,87.8638432892202,126.364738328009,7160.08431865256,2312.01086992902,7125.35290381515,2497.21617834676,397.126739966026,350.353493520698,11.505020726623,16.5463844871035,937.551960017357,933.004177532428,0.00223521418047753,0.00209624285952589,6.36651404038996e-07,0.000952876865343348,0.00378727426017273,1.18601334456354e-05,1.10142052997206e-05,1.78746730312223e-11,5.27900676130044e-06,2.0146765599186e-05,-1596.34180628787,0.0894252780204596,0.0737962745857363,1,0.467950917405996
"linear",800,"sir_laplace",46,7.924,3194.50688393037,3113.66555246568,148.328366366863,162.163109693108,6928.15746123455,2989.33668709726,6866.09543241701,2991.43620730718,403.143221091667,392.941134839182,18.7188751093972,20.4648043529919,874.325777540958,866.493618427184,0.00190172156309946,0.00177611024502165,4.53909250615521e-07,0.000831491479349019,0.003287564267902,1.20847864906086e-05,1.14113665691497e-05,1.42247412067648e-11,5.9887888256395e-06,1.95604903253405e-05,-1608.3271274673,0.0714884224796539,0.0559563119164073,1,0.455352663612338
"linear",800,"sir_laplace",47,7.788,3432.54250859181,3537.97911640904,113.865223348099,13.3619459934919,7106.79320793647,1972.71328999908,7154.67731266487,3353.449407246,440.747625653801,454.285967695049,14.6205987863507,1.71570955232305,912.531228548597,918.67967548342,0.00215631474616777,0.00204717856718994,5.41656847385226e-07,0.000863715829976977,0.00363589985954938,1.24497435241649e-05,1.19404314662802e-05,1.24812886084239e-11,6.31518468144356e-06,1.9297216994505e-05,-1625.56333756062,0.0961123735246211,0.0732169277263765,0.99625,0.465166324093853
"linear",800,"sir_laplace",48,7.711,3409.04369875951,3177.35451040879,66.1096286528791,127.900765917033,7127.75523515666,3250.7178842142,6974.40467871011,2809.87611770237,442.101374498705,412.054793205653,8.57341831836066,16.586793660619,924.361980956641,904.474734627171,0.00194981934960681,0.00186212995416804,3.892252750122e-07,0.000854524939639973,0.00313392730580204,1.19015440320651e-05,1.11548460129153e-05,1.57271439178468e-11,5.58155811550168e-06,1.9563207304761e-05,-1570.83602284757,0.0699834335446848,0.0551832790579743,1,0.457435456343781
"linear",800,"sir_laplace",49,7.885,3096.56734670518,3085.23459259786,135.444560821801,155.219405208334,7102.59584774983,2996.68694566011,7085.47183394108,3014.29502885213,392.71621391315,391.278959111966,17.1774966165886,19.6854033238217,900.773094197822,898.601373993796,0.00219370448931009,0.00206222661159075,6.13779686779677e-07,0.000948683060368726,0.00379070298262734,1.18906623845496e-05,1.132524163323e-05,1.27066233715858e-11,6.16391127318758e-06,1.91411341173433e-05,-1615.84006755501,0.0920486531145106,0.0739558835479852,0.98625,0.467920419850502
"linear",800,"sir_laplace",4,7.624,3312.30127051875,3425.76978192783,137.657997183073,65.8296387526895,7368.14367465506,3559.45283693011,7334.94653901046,3176.45297135702,434.457144611588,449.340212739747,18.0558758110012,8.63452764332234,966.440670862416,962.086377100008,0.00228920923969387,0.00219609998946442,6.12523848415747e-07,0.000990569624942239,0.00378073988824414,1.24035974982532e-05,1.15193539213918e-05,1.75441529092278e-11,5.84983355104662e-06,2.09093416322321e-05,-1622.21432125812,0.0844520431814024,0.0653939847272253,0.98375,0.467815584174388
"linear",800,"sir_laplace",50,7.743,3385.25740952299,3398.933517594,123.31838040872,117.735788166396,7062.05717213432,3568.49101826775,6893.94757970041,3232.82557088002,437.202300080458,438.96855451298,15.9264342514168,15.2054485556497,912.056976899693,890.345806496243,0.00186675820128287,0.00177708791578352,3.80900552280628e-07,0.000829920393882537,0.0030650946492538,1.13553366482811e-05,1.06819512290254e-05,1.25493037240753e-11,5.67481952941359e-06,1.83992405841216e-05,-1580.55232263214,0.0626913487630925,0.0514928546028235,1,0.453160043466567
"linear",800,"sir_laplace",51,7.717,3399.902985891,3353.83308267206,129.448901530949,155.592672443549,7062.13239449724,2794.55766018461,6957.66053341451,3218.76885569878,440.573148359595,434.603224397053,16.7745110186535,20.1623263500777,915.139613126506,901.601727797655,0.00228369342132329,0.00216897147900279,6.10936709667047e-07,0.00094066014473594,0.00383082988109295,1.31448222565722e-05,1.2031081732238e-05,2.12245141460935e-11,6.53426553925022e-06,2.22374648720828e-05,-1572.78149980936,0.0930500237589381,0.073163356307565,0.9925,0.475590300106226
"linear",800,"sir_laplace",52,7.638,2946.84355086274,2947.80040384541,126.412465467248,152.080344904281,7098.21709837411,3001.40593021937,6883.31609866746,2671.25159475024,385.813504957154,385.938780288741,16.5504668063954,19.9110166148574,929.3292875588,901.193519071414,0.00198783626555697,0.00189445454896129,4.28606207847907e-07,0.000897019733459091,0.00325702965064132,1.20350236048597e-05,1.14105865996611e-05,1.36386093993788e-11,6.172861003418e-06,1.98459002126559e-05,-1566.67870284013,0.121719792910672,0.0944429647484681,0.97625,0.465299903747334
"linear",800,"sir_laplace",53,7.59,3434.14829027557,3422.73499410301,67.5971874800789,136.008165449729,7333.7370107177,2641.63784240817,7161.73101650084,3067.58373435219,452.456955240523,450.953227154546,8.90608530699326,17.919389387316,966.236760305363,943.574573979031,0.00225285697490862,0.00212290210491906,5.41371587062437e-07,0.00100703326231916,0.0037076660594485,1.27480100474415e-05,1.18237801199051e-05,1.85559644111824e-11,6.3937424903242e-06,2.12444327877557e-05,-1632.17321630466,0.0890172403030776,0.0718608364576196,0.9875,0.468131694920639
"linear",800,"sir_laplace",54,7.738,3717.1335431134,3599.29215561152,130.455627670039,164.022726555978,7180.02008446815,2588.7343740785,7195.36667708147,3358.1368765705,480.373939404678,465.145018817721,16.8590886107571,21.1970440108527,927.890938804362,929.874215182408,0.00230927922200371,0.00215544702751938,7.20760519482407e-07,0.000944613812385319,0.00399983671225669,1.237252988069e-05,1.15640220334212e-05,1.67003374961395e-11,5.63699002808601e-06,2.0536029361903e-05,-1598.44477423292,0.0859926730565256,0.0712633777723434,1,0.476482272625635
"linear",800,"sir_laplace",55,7.722,3374.71393095095,3157.1496136302,142.234572531583,177.647235042245,7176.07009686602,3553.21078284741,6902.7171616133,2930.22789801911,437.025891084039,408.851283816394,18.4193955622355,23.0053399433107,929.302006846156,893.902766331689,0.00188153777815327,0.00177043936516218,4.07414841693869e-07,0.000852176779553973,0.00320240669107545,1.12912900519976e-05,1.07238568983046e-05,1.1263191956428e-11,5.95648531576537e-06,1.8426753048435e-05,-1613.07347348159,0.0645031359799976,0.0515656231794721,1,0.455370406049434
"linear",800,"sir_laplace",56,7.862,3619.95716914244,3527.56839466704,121.017996044371,101.626929351293,7368.82199582014,3800.54393576944,7218.39710377643,3290.07955854282,460.437187629412,448.685880776779,15.3927748720899,12.9263456310472,937.270668509303,918.137510019897,0.00208704276650485,0.00197590323852472,4.28605061649612e-07,0.000962590333186803,0.0033960177536163,1.20324637954442e-05,1.10590542930423e-05,1.87584149718803e-11,5.64783693990825e-06,2.10024282127608e-05,-1606.05708341425,0.0964758642712569,0.0791044751521608,0.9875,0.458904914835995
"linear",800,"sir_laplace",57,7.574,3549.54003901858,3453.00070053613,131.782366555285,155.58833728757,7033.77712610338,3605.5173805664,7031.60761542513,3265.8863806959,468.648011489118,455.901861702684,17.3993090249915,20.5424263648759,928.674033021307,928.387591157265,0.00193263055587718,0.00176906783618835,4.8327722316409e-07,0.000825739864056086,0.00334708506786565,1.15456211067416e-05,1.10583067190136e-05,1.20158276224931e-11,5.78950179704495e-06,1.84463165835794e-05,-1602.32498129538,0.0931730407980127,0.0771424549683336,0.99875,0.454646444029188
"linear",800,"sir_laplace",58,7.736,2852.5235356776,2751.98007726458,58.4980759005725,150.43831310415,6969.92698874297,3004.71200424083,6840.64418331138,2664.41973678482,368.733652491934,355.736824879083,7.56179884960864,19.4465244446937,900.972981998833,884.261140552143,0.00192236675481434,0.00181380129953461,4.26006965386115e-07,0.00084214104988073,0.00321682642357329,1.1810882505062e-05,1.11566835068731e-05,1.39986488048028e-11,6.05286988579383e-06,1.8805955188054e-05,-1577.75892285237,0.0920124645389192,0.0711687377298232,1,0.459506695966704
"linear",800,"sir_laplace",59,7.581,2896.01356705598,2956.09508691532,110.808704892285,146.228398821798,6973.41715351459,3040.34270826734,6856.17634432074,2789.36707367353,382.009440318689,389.934716648901,14.6166343348219,19.2888007943276,919.854524932672,904.389439957887,0.00195866124105224,0.00184324415167816,4.61935232632248e-07,0.000865947304349873,0.00333404189243315,1.19236757268405e-05,1.11896808191241e-05,1.37611006121553e-11,6.02754360928897e-06,1.94493693044777e-05,-1593.99137624451,0.0861178653336794,0.0649015745601337,0.9875,0.461532027514865
"linear",800,"sir_laplace",5,7.678,3131.16428423411,3381.32183515386,137.856197082,97.2368680486584,7306.4706007072,2739.992859298,7428.54500597078,3169.23102409067,407.809883333435,440.390965766328,17.9547013651993,12.6643485345999,951.611174877208,967.510420157695,0.00242485393187122,0.00229684928175385,7.08351967520375e-07,0.00101253136165574,0.00403808433588089,1.20018100065728e-05,1.13481958971278e-05,1.50586887489905e-11,5.38725476123794e-06,1.98464435798667e-05,-1573.08318174023,0.086917946661794,0.0670330010987004,0.9775,0.474104342743881
"linear",800,"sir_laplace",60,7.705,2904.95117909209,2899.18259476579,128.804327664755,187.090408656856,6885.24780884464,3003.01028136704,6788.71644449402,2702.11514054211,377.021567695275,376.272887055911,16.716979580111,24.2816883396309,893.607762341939,881.079356845428,0.00181509842804748,0.00169587445137763,4.01871816670405e-07,0.000852993344029037,0.00311689265178313,1.17506574077696e-05,1.1122297956978e-05,1.29960110381209e-11,5.96975643114833e-06,1.85938231197753e-05,-1564.08672960177,0.0797346495797258,0.0643772217098154,1,0.453997816506376
"linear",800,"sir_laplace",61,10.988,2834.15914055325,2950.32766553834,132.482362783988,181.685415125948,7464.44821940757,2946.96921165665,7234.22998584343,2714.79504778714,257.932211553809,268.504519979827,12.0570042577346,16.5348939867081,679.327286076408,658.375499257684,0.00213170121269927,0.00203435727416125,4.92071761640756e-07,0.00103806433862279,0.00363799478219133,1.13826057690153e-05,1.083165605362e-05,1.07386340866413e-11,5.77582887036058e-06,1.80385411309422e-05,-1631.29066026162,0.10728458081241,0.0824631883615741,0.97125,0.461759301091087
"linear",800,"sir_laplace",62,7.702,3562.56519066028,3558.66332170831,125.451980114588,125.385595923392,7148.17037855994,3446.8177362941,7068.76462181421,3336.3054094321,462.550660953035,462.044056311128,16.2882342397543,16.2796151549457,928.092752344838,917.782994263076,0.00200855777354379,0.00191258005057212,4.50655190400122e-07,0.000859365506657515,0.00333552721269361,1.17187906931515e-05,1.11596759240502e-05,1.21850705329695e-11,5.50252983192426e-06,1.83568250950234e-05,-1607.11078781651,0.0919180378935923,0.0758148890371156,0.99875,0.455862060505282
"linear",800,"sir_laplace",63,7.925,3803.96597841312,3995.07845518749,57.0155751890822,134.366537981711,7072.89523239344,792.908007518474,7451.38239684123,3780.48180209133,479.995707055283,504.110846080441,7.19439434562551,16.9547681995849,892.478893677406,940.237526415298,0.00293445411148188,0.00271211493174766,1.373516910783e-06,0.00107145012907737,0.00527740485905869,1.32567634579174e-05,1.24274778182649e-05,1.98989780936917e-11,6.17336409398295e-06,2.2323201440063e-05,-1594.51568797751,0.106601256380424,0.0894310385776305,0.99875,0.496901097732174
"linear",800,"sir_laplace",64,7.766,3615.74111039775,2986.14832028335,49.5488635165395,139.450341204825,7285.95357139602,2496.02527904958,7235.49539990725,2850.88855130482,465.586030182559,384.515621978284,6.38022965703574,17.9565208865342,938.186141050222,931.688823062999,0.00225773227360146,0.00214226751426244,5.72600806174021e-07,0.000974712962875115,0.00371120768131801,1.26454947067964e-05,1.19383254063559e-05,1.58417886416091e-11,6.56041126636658e-06,1.98150377181517e-05,-1594.91979551471,0.0877761006682704,0.0678641486416696,0.99125,0.470881892065629
"linear",800,"sir_laplace",65,7.932,3043.69674018313,3049.50867619878,117.120827254903,125.814104144036,7018.61953678768,3118.60953360516,6925.77834660334,2825.13729035677,383.723744349865,384.456464472867,14.7656111012233,15.8615865032824,884.848655671669,873.144017473946,0.0017954672478608,0.00167032020594568,3.54060335471792e-07,0.000881353260238733,0.00296526326958976,1.14149768238135e-05,1.09679700441855e-05,1.10365187293904e-11,5.91888726126475e-06,1.81261504419599e-05,-1585.20170180713,0.0807457419322688,0.0641923751125037,0.9975,0.451094448196405
"linear",800,"sir_laplace",66,7.788,3240.15227500727,3159.426924359,108.816736164017,155.821265876574,7054.03115254519,3385.85889102515,6828.172856576,2969.30279022866,416.044205830415,405.678855207884,13.9723595485384,20.0078667021796,905.756439720749,876.755631301489,0.00192928201447418,0.00182762928601576,4.29330148609381e-07,0.000882393937652939,0.00321084488047933,1.16950211307624e-05,1.103198388161e-05,1.25660410635961e-11,6.15443086514352e-06,1.87629476905316e-05,-1606.58812363969,0.0879322159460244,0.0686400218044737,1,0.457198513390167
"linear",800,"sir_laplace",67,7.733,3260.01529201297,3315.0914759028,139.385552612369,167.278851101526,6953.67057923083,3368.8937137451,6781.37561328762,3002.68455717847,421.571872754813,428.694100077952,18.0247708020651,21.631818324263,899.220299913465,876.939818089696,0.00178694916878519,0.00168414386190266,3.28064123860846e-07,0.000847669195414732,0.00293722066807029,1.18348406458466e-05,1.11522803720629e-05,1.29479280401128e-11,6.04692970021452e-06,1.91347555226245e-05,-1590.12799113642,0.0886963319964833,0.0682448243108787,1,0.449975387939728
"linear",800,"sir_laplace",68,7.981,3760.49873245035,3296.27997354395,131.854482643067,70.2054878161982,7303.53090230984,2464.2869982249,7136.34464558968,2816.00169233049,471.181397375059,413.015909478004,16.5210478189533,8.79657784941714,915.114760344548,894.166726674562,0.00252185670922252,0.00237344414914223,7.07614490206018e-07,0.00115651765863217,0.00434807792595882,1.32440300900367e-05,1.22629343598196e-05,2.18910096001227e-11,6.22688620976745e-06,2.30819235162555e-05,-1580.20549519162,0.0946513448366276,0.0719016153592224,0.98625,0.483627882323287
"linear",800,"sir_laplace",69,7.758,3574.42310919543,3494.60625486522,127.649443850702,101.686513327454,7219.35532766623,3584.2786636186,7193.90776289162,3006.97196607245,460.740282185541,450.451953450016,16.4539112981054,13.107310302585,930.569132207557,927.288961445169,0.00213616747982593,0.00202739976627722,5.20711344373593e-07,0.000928518713474181,0.00360246672411265,1.22763423362258e-05,1.17674341461951e-05,1.27897394135701e-11,6.23266157488299e-06,1.93356070567216e-05,-1611.19896625749,0.086677299419744,0.0689811131925556,1,0.46427013467774
"linear",800,"sir_laplace",6,7.935,3447.6204410579,3490.27114755901,65.6751400399562,144.062707053423,6991.33137713154,1858.99505407716,7060.26300590737,3124.01686979377,434.482727291481,439.857737562572,8.27664020667375,18.1553506053463,881.075157798556,889.762193561105,0.00209010488243985,0.00196216201748716,5.60590822116053e-07,0.000806557934614433,0.0035381623715098,1.26368769109402e-05,1.17690259937752e-05,1.81701849825233e-11,6.20606819344813e-06,2.17321266535865e-05,-1574.65218985413,0.0998229599316971,0.0809759631607067,0.98,0.467234868039574
"linear",800,"sir_laplace",70,7.909,3330.68687976947,3368.28822151778,110.010262373369,136.769199127248,7025.03098863372,3452.15435311208,6891.64658284988,3133.72945501637,421.126170156717,425.880417438081,13.9095033978214,17.2928561293777,888.232518476889,871.367629643429,0.00193400206809299,0.00182798302699271,3.77784224991467e-07,0.000947738948629425,0.00319569085467666,1.26982833274119e-05,1.22220553235009e-05,1.37079950685768e-11,6.33945734265544e-06,2.01629229702297e-05,-1581.13433052835,0.0784314725336535,0.0611492499626727,1,0.45904317431667
"linear",800,"sir_laplace",71,7.896,3130.46841123893,3051.42623351962,99.0485646664603,183.914952072476,7086.58945103032,3415.06647545701,6934.71117681008,2636.52818179643,396.462564746572,386.452157233994,12.5441444613045,23.2921671824311,897.491065226738,878.25622806612,0.00213468724666767,0.00200991858539,5.7693133585005e-07,0.000961385013098246,0.00369981031303466,1.23309579931625e-05,1.17824024819087e-05,1.49254264186677e-11,5.92679550659011e-06,1.99554313154241e-05,-1559.10319611587,0.0856528073033986,0.0671762422289853,0.99375,0.464373637870148
"linear",800,"sir_laplace",72,7.746,3554.42017643702,3477.83330817832,110.638967884911,116.091896294743,7345.09177794342,3721.31905682651,7216.08817445306,3226.1625364964,458.871698481413,448.984418819819,14.283367916978,14.987334920571,948.243193641031,931.588971656734,0.0021123192554108,0.00197420108974299,5.75613793494441e-07,0.000899533819505702,0.0035738750133534,1.1354413519971e-05,1.06612588823584e-05,1.3136085758322e-11,5.31370386775458e-06,1.85041838869295e-05,-1606.25926231679,0.101131564939999,0.0743684840296736,0.96125,0.456908880520767
"linear",800,"sir_laplace",73,7.673,2905.24183791221,3015.28554072792,122.050195752932,134.020322578489,7199.45160884055,3035.32153163641,7142.28078699603,2597.91506837241,378.631804758531,392.973483738815,15.906450638985,17.4664828070493,938.283801491014,930.832892870589,0.00224812151799683,0.00211075939426817,7.16526473468268e-07,0.000920334029177915,0.00388525146581086,1.26866434931088e-05,1.17823009788381e-05,2.01994887966141e-11,5.60561653212967e-06,2.18482066066974e-05,-1613.74752820059,0.088778897597159,0.0758057370412395,1,0.469572899672898
"linear",800,"sir_laplace",74,7.721,3364.23386366973,3167.23349564432,96.9849472344826,177.807508996288,7074.61961470282,3008.96571702686,7024.56336470003,3091.68019449176,435.725147476976,410.21027012619,12.5611899021477,23.0290777096604,916.282815011374,909.799684587492,0.00208161242215331,0.00199076512887635,5.54295359628728e-07,0.000803614758721987,0.00341266791681401,1.23042713184865e-05,1.15522413492304e-05,1.49979253364052e-11,6.16640383268209e-06,1.96856087030328e-05,-1570.08314380489,0.0951979294152438,0.0794471393534406,0.995,0.462597896163133
"linear",800,"sir_laplace",75,7.651,3226.93230896955,3212.71235877812,75.4305265714724,141.36864590246,7372.69557595957,2638.13144464964,7291.84336851261,3094.98548819512,421.766084037322,419.907509969692,9.85891080531596,18.4771462426428,963.625091616725,953.057556987664,0.00234137165577694,0.00220103175908835,6.62377230539663e-07,0.000981413661450568,0.00397755716451703,1.26249814087362e-05,1.19762887881569e-05,1.63749277575838e-11,5.89198542953765e-06,2.06123276568596e-05,-1615.01507110908,0.0852205949221945,0.0708300649075581,1,0.470203619877584
"linear",800,"sir_laplace",76,7.916,3821.13385109855,3610.85117539173,118.833767223722,163.559533202018,7062.86220500965,3466.90022622072,7140.71212982729,3467.91336466603,482.710188365153,456.14592918036,15.0118452783883,20.661891511119,892.226150203341,902.060653085812,0.00215344306094983,0.00204393993918824,5.78349146784626e-07,0.00082575351334821,0.00360968490884173,1.22049021435e-05,1.16758346837412e-05,1.26128153209179e-11,6.23905281349018e-06,1.91130921727249e-05,-1597.60417083161,0.0858931404777134,0.0710759049504878,1,0.463408132150197
"linear",800,"sir_laplace",77,7.901,3553.16304446029,3562.34245326275,98.6492741666663,165.844357265372,7006.90875385993,3378.12110826849,6910.48854806839,3236.91262126628,449.710548596417,450.872352014018,12.4856694300299,20.9902996159185,886.838217169969,874.634672581748,0.00192579035347056,0.00179896522192215,4.92486355906901e-07,0.000792087525368861,0.00330926083357119,1.1867925921867e-05,1.13059296964137e-05,1.23154974360232e-11,5.96564435137934e-06,1.8981213420428e-05,-1576.60131887005,0.0770904972429095,0.0614145213054743,1,0.458390870874979
"linear",800,"sir_laplace",78,7.708,3528.45844120714,3405.69884722278,101.686869138184,135.957113746785,7178.95804605201,2076.39911863273,7223.98908135994,3035.93269614837,457.765755216286,441.839497563931,13.1923805316793,17.6384423646581,931.364562279711,937.206678951731,0.00221557222521822,0.00210241711682171,6.16046473734152e-07,0.000892789048584082,0.00369131599872836,1.26131877083264e-05,1.18389036605817e-05,1.52941033360586e-11,6.05113806628166e-06,2.06819003311324e-05,-1614.68239811097,0.0822328969155503,0.0625573138316368,1,0.466939161244551
"linear",800,"sir_laplace",79,10.935,3170.88881857683,3305.2107092907,65.9172358697151,117.140379283982,7080.75425536739,3305.50674678587,6903.3043351629,3018.81681734508,289.97611509619,302.259781370892,6.02809655873023,10.7124260890702,647.531253348641,631.303551455227,0.00198489651242373,0.00186488676460079,4.86815839235925e-07,0.000830273557424597,0.00342414147868117,1.17138106848972e-05,1.111746721895e-05,1.30817153085027e-11,5.65415581774319e-06,1.89117411739472e-05,-1588.86971717142,0.102598357968051,0.0825385051849709,0.97125,0.459994605476568
"linear",800,"sir_laplace",7,7.743,2662.77638018121,2926.94314105666,140.60045791503,115.949720851822,6885.32436035052,2723.89791697143,6608.72964190746,2764.12481111081,343.894663590496,378.011512470188,18.1583957012824,14.9747799111226,889.232127127795,853.51022109098,0.00175288107296858,0.00166295184332507,3.25222039525808e-07,0.000814224750071893,0.00289816092525795,1.18634366224195e-05,1.12118335142931e-05,1.34867458648119e-11,5.99806597663798e-06,1.93195658613272e-05,-1573.0391398429,0.0895936066459177,0.0724017202036812,0.99375,0.456934352969089
"linear",800,"sir_laplace",80,7.706,3917.35478026852,3777.94751701446,107.271911063525,149.473160642449,7107.81804261992,2460.78178969196,7287.81828300709,3544.34083803563,508.351256198874,490.260513497854,13.9205698239716,19.3969842515506,922.374518896954,945.732972100583,0.00244251797526389,0.00230609385853487,8.44938752684805e-07,0.000913162354252305,0.00412781833861232,1.24828892988374e-05,1.17805280424445e-05,1.52177564492467e-11,5.97222190085959e-06,2.03837729597125e-05,-1576.11685257166,0.104813864598759,0.083010795595364,0.97875,0.480071878621946
"linear",800,"sir_laplace",81,7.717,3474.87338536456,3342.74713771354,98.4527401966758,209.550712673189,7069.64633409597,3471.27286477164,6840.97244220139,3162.04024184632,450.288115247449,433.166662914804,12.7579033557958,27.1544269370467,916.11329974031,886.480814073006,0.00202001081097725,0.00189111721843233,5.21616832675098e-07,0.000885297634048407,0.00342569673977156,1.23740327385551e-05,1.17753052375061e-05,1.37135065347298e-11,6.10977526454164e-06,1.95752630164577e-05,-1595.6485354465,0.102566748971331,0.0809344570035209,0.96875,0.46364902658857
"linear",800,"sir_laplace",82,7.714,1966.96905161874,2352.79108406155,102.903315802393,86.6510911728941,7141.90281909437,1984.32574800669,7244.57288867696,1555.7362480212,254.986913614045,305.00273322032,13.3398127822651,11.2329648914823,925.83650753103,939.14608357233,0.00239341724044188,0.00218651915073272,9.10460985738433e-07,0.000984738989823999,0.00439226743596144,1.26929134780521e-05,1.17277999695697e-05,2.28335805147569e-11,5.83072258783717e-06,2.17765617729683e-05,-1598.91131161103,0.115006442014327,0.0871742287269035,0.97,0.4759399965909
"linear",800,"sir_laplace",83,7.706,2824.37683206714,2580.8414147753,115.464720949011,135.859486864454,7107.46439899193,2953.34198879685,7044.53262245984,2504.12653788084,366.516588640947,334.913238356514,14.9837426614341,17.6303512671235,922.328626913046,914.162032501926,0.00182503984426233,0.00169505003864549,3.90166205599594e-07,0.00088222630202799,0.00310209634327903,1.10162690418596e-05,1.05996985965509e-05,1.02497401326824e-11,5.53268904247872e-06,1.69158729688407e-05,-1588.87905736118,0.0739459305495763,0.0568766035230966,1,0.450878462674415
"linear",800,"sir_laplace",84,7.77,3514.58843973815,3192.48860102273,131.962538550487,140.79439370682,7034.34757238231,2708.31658006508,6976.66266205141,3084.28562665835,452.327984522284,410.873693825319,16.9835956950434,18.1202565903244,905.321437887042,897.897382503399,0.00203067467341692,0.00191134258199805,5.29711087081109e-07,0.000812777348052322,0.00346842540412611,1.24579685925176e-05,1.16881663127424e-05,1.4597560823284e-11,6.153562803116e-06,2.03586067819614e-05,-1610.56705339589,0.116346921987181,0.0890052351956056,0.965,0.461644149235629
"linear",800,"sir_laplace",85,7.939,2982.51565143132,2984.31300477562,139.955088787395,103.991478606053,7006.1968470707,3116.97518567997,6873.1131986912,2799.62689974914,375.679008871561,375.905404304776,17.6288057422087,13.0988132769936,882.503696570185,865.74042054304,0.00180960690981488,0.00173842470532694,3.18960452888034e-07,0.000837329472652319,0.00292440009347448,1.18685322570968e-05,1.12407659210855e-05,1.43199443816534e-11,5.36364144793887e-06,1.98657065760618e-05,-1610.18576567915,0.0703506042552755,0.057342116444013,1,0.447149549803395
"linear",800,"sir_laplace",86,7.766,2946.87592770864,2531.05706625598,92.8139167233099,81.8560047063066,6867.8514739381,2997.70094397478,6711.3950571365,2409.66092046209,379.458656671212,325.915151462269,11.9513155708614,10.5403044947601,884.348631720074,864.202299399498,0.00174360440214257,0.00163485864397053,3.44915008765416e-07,0.000778094148554451,0.00293361948607183,1.21055086935131e-05,1.13499688470458e-05,1.7941118283395e-11,5.53538633858588e-06,2.02711228838886e-05,-1604.99469669267,0.0802877711331123,0.0563149920903407,0.98875,0.450426734987837
"linear",800,"sir_laplace",87,7.679,3634.2687164902,3510.48793287846,91.8443153054343,111.223555146615,7112.20161897103,3004.38673007951,7151.42736725952,2887.91189958641,473.273696638912,457.154308227433,11.9604525726572,14.4841196961343,926.188516599952,931.296701036531,0.00215102676123198,0.002003147351654,6.78353625617862e-07,0.000838233598007751,0.00376521800676413,1.21140607954994e-05,1.16320720832229e-05,1.27821338296005e-11,6.24972700017354e-06,1.89180675704743e-05,-1584.55007047363,0.0872727902865155,0.0681311156647943,0.975,0.464729598572799
"linear",800,"sir_laplace",88,7.672,2973.93471371739,2986.45086925015,98.3207589452435,138.249039448519,7065.73237919583,3107.65849452574,6921.25934119227,2733.29108096568,387.634868836991,389.266275971083,12.8155316664812,18.0199477904743,920.976587486422,902.14537815332,0.00211331350865294,0.00197561111331368,5.06980168290613e-07,0.000992706515321907,0.00358242768441345,1.2839211751966e-05,1.21326921639592e-05,1.75290832370273e-11,6.30794014431053e-06,2.10405815225685e-05,-1609.77291669133,0.103155625737814,0.0850563655863939,0.98375,0.467006876293692
"linear",800,"sir_laplace",89,7.827,3326.18389341288,3146.85873614068,140.755198843581,138.685465882229,7038.62008258319,2621.19364494345,6849.09743682511,2625.9252179692,424.96280738634,402.05171025178,17.9832884685807,17.718853440939,899.274317437484,875.060359885667,0.00196188886185981,0.00186313256873218,4.17092119023784e-07,0.000881817401844939,0.00327103904266569,1.24535834032332e-05,1.17580384674583e-05,1.66285746848558e-11,5.87141384946134e-06,2.07166277913823e-05,-1624.23218227234,0.102634847161451,0.0732834225694444,0.955,0.454800319551104
"linear",800,"sir_laplace",8,7.863,3690.13974175433,3690.85503041045,87.0758724613574,127.130182682811,7067.09264957953,1650.3780061836,7139.9103469163,3400.99327784617,469.30430392399,469.395272848843,11.0741285083756,16.1681524459889,898.778157138436,908.0389605642,0.002695891228632,0.00254176484915767,1.13570724380114e-06,0.000941054192674703,0.00474730205070913,1.39812823784687e-05,1.30735000655552e-05,2.1985589311071e-11,6.21969569508678e-06,2.34057969387801e-05,-1573.02739891349,0.10399555998914,0.0860475745002928,0.98875,0.488276321480767
"linear",800,"sir_laplace",90,7.878,3207.60442542679,3198.35834015594,138.481504590749,180.080407174852,6939.0325588883,3411.17337379002,6788.06538419397,3054.79582737894,407.159739201167,405.986080243201,17.5782564852436,22.8586452367164,880.811444387954,861.648309747901,0.00177633343679329,0.00168336251072373,3.46909022847411e-07,0.000832458165041465,0.00295718567759512,1.15529498394404e-05,1.09379288578276e-05,1.2533572156588e-11,5.98631365167345e-06,1.90963881551426e-05,-1597.64353209547,0.0687394487216227,0.0537326369614385,1,0.448606282193535
"linear",800,"sir_laplace",91,7.845,2904.61684172355,3166.57115976805,135.037810468336,116.432902345572,7005.57373137106,2999.89428744676,6997.18364640597,2419.29086815918,370.250712775469,403.641957905424,17.2132326919486,14.8416701523992,892.998563590957,891.929081759844,0.00191196033606488,0.00177468193234664,4.64506076731586e-07,0.000888442246859431,0.00328685155888922,1.1932578612934e-05,1.13596762134493e-05,1.52417252157195e-11,5.56581458724144e-06,1.92865187983975e-05,-1576.53822178505,0.0922315783514472,0.0763416340407768,0.9925,0.452508490111603
"linear",800,"sir_laplace",92,7.792,3631.22331745278,3688.19274055393,45.409808626036,121.373320266858,7060.79955308132,2457.79169315322,7207.04437035137,3236.99070436104,466.019419590962,473.330690522835,5.82774751360832,15.5766581451307,906.160106914954,924.928692293554,0.00224005733420213,0.00205840728792449,7.17422101170057e-07,0.000904691987266326,0.00399227858202464,1.30244995524983e-05,1.2270648039965e-05,1.88632968989448e-11,5.90882623726067e-06,2.17041296666563e-05,-1589.01227209704,0.0901202592602296,0.0714295329032307,1,0.46743135542017
"linear",800,"sir_laplace",93,7.69,2884.80662756314,2891.85336341651,148.972926578485,161.164030932885,6965.79935249451,2788.53788508256,6948.1926035374,2511.38832595505,375.13740280405,376.053753370158,19.3722921428459,20.9576113046664,905.825663523343,903.536099289648,0.00197160722661008,0.00187446336562518,4.72369608298685e-07,0.000748531166938489,0.00326333738097037,1.1806319355947e-05,1.12986076530193e-05,1.19417589541606e-11,6.16412900342564e-06,1.85825228480635e-05,-1576.91046222302,0.0974886220280337,0.0765364741377699,0.99625,0.462431348467889
"linear",800,"sir_laplace",94,7.825,3558.8074462232,3511.29807872918,101.085957838583,120.593932744961,7098.02041079856,1612.22296916105,7351.12534498212,3394.70030845301,454.799673638747,448.728188974975,12.9183332701064,15.4113652070237,907.09526016595,939.440938655861,0.0023750640473604,0.00218272357506892,9.55966739544662e-07,0.000907237304193025,0.00429772744365131,1.22659256509293e-05,1.15742900682013e-05,1.62471723370147e-11,5.90719176798839e-06,2.01673818419098e-05,-1658.71923962764,0.080862055541338,0.0663853483387324,1,0.469219007502138
"linear",800,"sir_laplace",95,7.84,3046.38252637383,2975.08938551033,119.375915151554,115.078064406073,7002.60062419794,3170.42394237528,6871.36671082909,2658.68117970696,388.56919979258,379.475686927338,15.226519789739,14.678324541591,893.188855127288,876.449835564935,0.00190211641446518,0.00181090407321637,3.73499604885683e-07,0.000863262635899868,0.00315475962099683,1.16251923702435e-05,1.09572834327457e-05,1.38518346892394e-11,5.51633916031926e-06,1.91579056989403e-05,-1574.18563283213,0.084992712968542,0.065716951465242,0.995,0.459305934431333
"linear",800,"sir_laplace",96,7.573,2967.99159127502,2691.97589796451,125.956261584175,141.382609153832,7057.08988916498,3152.19649738531,6788.37545366876,2422.2701041453,391.917548035788,355.470209687641,16.6322806792784,18.669300033518,931.875067894491,896.391846516408,0.00193160848634948,0.00182285698960874,4.41940958432316e-07,0.000856004727912873,0.0032900297811624,1.21153491457336e-05,1.13955371972005e-05,1.50440226697714e-11,5.85047592209586e-06,1.98552175845797e-05,-1583.46523374262,0.0928038400961902,0.0737737996323218,0.9825,0.455760424696841
"linear",800,"sir_laplace",97,7.768,3387.5368365855,3350.93509421141,87.0856045457986,152.379693397501,7075.88106243203,3565.40642483005,7016.10648917003,3292.9606342334,436.08867618248,431.376814393848,11.2108141794283,19.616335401326,910.901269623073,903.206293662466,0.00191909760998911,0.00176876896673954,4.85757209160375e-07,0.000844884446090591,0.00332333279028286,1.1114472937839e-05,1.05511694588267e-05,1.36721520898388e-11,5.77185749079597e-06,1.75658515553012e-05,-1593.40294280147,0.085697034824604,0.0704798072559076,0.9925,0.456130603049865
"linear",800,"sir_laplace",98,7.745,3340.56906415198,3262.26491480706,135.843581310344,133.992406065178,7195.20534826324,3503.51450536101,7060.8631140331,3072.39101847629,431.319440174562,421.209156204914,17.5395198593085,17.3005043337867,929.012956522046,911.667283929387,0.00198688834122996,0.00189484627290703,4.09956801092685e-07,0.000832960719026798,0.00327041349723427,1.18854171351502e-05,1.13102681967404e-05,1.40183239045645e-11,5.69643568372285e-06,1.94127310816878e-05,-1597.10108225376,0.0966745807682632,0.0783441670758439,0.98125,0.455183482430919
"linear",800,"sir_laplace",99,7.678,3991.3381679734,3772.46165433192,60.8194675000175,137.5548007101,7087.19791524232,1924.75958717796,7261.17311890952,3638.26705409956,519.840865847017,491.333896109914,7.92126432664984,17.9154468234045,923.052606830206,945.711528901996,0.00274846509846252,0.00256668296652367,1.08852258582762e-06,0.00094045251809,0.00474538806103551,1.35589462022963e-05,1.30285187934704e-05,1.65320562291857e-11,6.69553801641844e-06,2.14327305526737e-05,-1606.63099199627,0.113754572094692,0.0903273267421908,0.98,0.494032405497376
"linear",800,"sir_laplace",9,7.973,3035.16065033949,2761.57310177715,129.670444109794,149.580731063787,6800.19473185797,3164.59550108162,6709.46981188729,2595.09440525965,380.67987587351,346.365621695365,16.2636954859894,18.7609094523752,852.902888731715,841.523869545627,0.00184613615591818,0.00173163681382469,4.23525490831411e-07,0.000794926918871921,0.00322158504664888,1.25085134201871e-05,1.1916575188571e-05,1.50211684951415e-11,5.83810492369546e-06,2.03709248333921e-05,-1591.26651735841,0.0955984276072981,0.0747579115184119,0.96625,0.453665987604871
"quadratic",1600,"sir_laplace",100,14.94,2926.88924979177,3035.83750680637,93.1943438356659,111.974113638569,6903.51643156026,3024.07561931747,6861.22013846734,2840.441003238,195.909588339476,203.201975020507,6.2379078872601,7.49492059160434,462.082759809924,459.251682628336,0.00135465417424277,0.00129485892614979,1.54771005791367e-07,0.000677545725307497,0.00210952157848897,7.17410776133647e-06,6.88468930943471e-06,3.26569807717807e-12,4.13354904586188e-06,1.0794539030381e-05,-3178.95963361571,0.088836212078678,0.0727514102286273,0.99625,0.423479769490819
"quadratic",1600,"sir_laplace",101,14.755,3475.8872666308,3370.99074473414,36.5592084784975,108.162037783483,7292.96152335975,3571.5151277545,7262.26415852583,3163.30873692061,235.573518578841,228.464299880321,2.47775048990156,7.3305345837671,494.270520051491,492.190048019372,0.00156940439889179,0.0015420811005768,1.70179927669637e-07,0.000834821150268086,0.00236606536617537,6.96003979969424e-06,6.70307203716547e-06,2.98616830485984e-12,3.81177033119347e-06,1.04230059909787e-05,-3151.74007903944,0.0824278122770677,0.0669744048267142,1,0.43514384894299
"quadratic",1600,"sir_laplace",102,14.789,3264.46146762083,3045.55307566092,117.193237319549,117.079141416659,6916.32055788378,3389.63503200242,6758.13013384544,2789.42277041713,220.735781163083,205.933672030626,7.92435170191011,7.91663678522272,467.666546614631,456.97005435428,0.00128588769767773,0.00124236985082518,1.05804354775263e-07,0.000683148314825231,0.00191337277426205,6.96462423584656e-06,6.7625929939769e-06,2.49383848187612e-12,3.98134441314575e-06,1.01622725133381e-05,-3176.95554683163,0.0760189790958718,0.0607095261450505,1,0.4211713095182
"quadratic",1600,"sir_laplace",103,14.735,3293.45619938518,3446.31693283795,106.437157031939,87.4884564125629,7132.75624684786,3357.15414625539,7062.52063730684,3188.86382293436,223.512466873782,233.886456249606,7.22342429806172,5.93745886749664,484.068968228562,479.302384615327,0.00151496054673974,0.00146710099599086,1.58309951275972e-07,0.000791833736204186,0.00227988287641844,7.39745902088287e-06,7.02843871113743e-06,3.38395517841548e-12,4.46710753764848e-06,1.12300293608012e-05,-3152.17018601794,0.0906134344900989,0.0718661041064168,0.988125,0.435116607557454
"quadratic",1600,"sir_laplace",104,14.79,2360.07503547674,2359.84404017156,82.020488707166,119.426421330606,7072.47110324118,2471.26813491598,7024.86939052727,2196.04184432932,159.572348578549,159.556730234724,5.54567198831413,8.07480874446289,478.192772362487,474.974265755732,0.00149901338317888,0.00143149845471123,1.96648033358369e-07,0.000758227811917176,0.00242284616955388,7.11746182216377e-06,6.86059999990594e-06,3.05859075838986e-12,4.20643504220289e-06,1.05311998285687e-05,-3165.5131170757,0.0966740530599593,0.0805339110499477,0.9975,0.434388934105473
"quadratic",1600,"sir_laplace",105,14.857,3460.31853012312,3428.64432335443,83.3628913907479,151.427118113501,6972.81166075026,3663.10229051385,6833.36969334288,3134.55129006548,232.908294414964,230.77635615228,5.61101779570222,10.1923078759844,469.328374554099,459.942767270841,0.0013407792870499,0.00128148224300387,1.49431008382364e-07,0.000668480465963817,0.00213585839995728,7.0739964482932e-06,6.91181755888107e-06,2.67572329800759e-12,4.03659639170423e-06,1.02858791315305e-05,-3156.23904389209,0.0987636599349672,0.0813396011372296,0.981875,0.423331896768053
"quadratic",1600,"sir_laplace",106,15.08,3694.01359397947,3646.16894198325,93.6685228381611,165.787296090621,7312.33706067494,3496.38020498751,7374.99278259847,3434.51098518796,244.961113659116,241.7883913782,6.21144050650936,10.9938525259032,484.902988108418,489.057876830137,0.00165575161601689,0.00157400859755467,2.51163054451697e-07,0.000876755776880326,0.0026799667696092,7.0256479623524e-06,6.94280664656518e-06,2.07653473534804e-12,4.36446140523659e-06,9.87432791457164e-06,-3179.96840266828,0.0741700162863325,0.0586954007925373,0.99625,0.438895242366662
"quadratic",1600,"sir_laplace",107,14.957,2564.09242237926,3123.82623957822,79.3136643874562,151.285099864333,6951.80347138796,2590.64437528674,6945.63548830982,2913.32330857571,171.430930158405,208.853796856203,5.30277892541661,10.1146687079182,464.785951152501,464.37357012167,0.00136675668509221,0.00128255815452485,2.01469677626863e-07,0.000649282599853142,0.00226948491305679,6.9132373582575e-06,6.77120614943815e-06,2.56520114319432e-12,4.01547338707713e-06,9.8724208928763e-06,-3153.59623451643,0.0907268569474922,0.0730689279635669,0.998125,0.42558493838024
"quadratic",1600,"sir_laplace",108,14.83,3548.68033056867,3391.91527566295,98.8481877297866,127.53585136235,7182.00608047844,3315.01213948503,7143.72431567567,3115.0007007945,239.290649397752,228.719843267899,6.66542061562958,8.59985511546527,484.289014192747,481.707640976107,0.00146769815007889,0.00141230882425718,1.47884369873975e-07,0.00077382449016414,0.00224638088448267,6.9873402825126e-06,6.7495465929171e-06,2.34554497710253e-12,4.3832928480552e-06,1.00877536954529e-05,-3134.72474075339,0.0789286159447028,0.0641370856404399,0.99625,0.432800665669204
"quadratic",1600,"sir_laplace",109,14.772,3294.4944711043,3345.04736459602,101.150987126974,120.375784394703,7121.79112295346,3387.9288900218,7038.91258763524,3107.6952676633,223.022913018163,226.445123517196,6.84748085072937,8.148915813343,482.114210868769,476.503695344926,0.00146685926829413,0.00140126292013743,1.6431341619595e-07,0.000817489656242946,0.00232695508465621,7.17728273437482e-06,6.98355145381332e-06,2.86917592340343e-12,4.23061500909325e-06,1.04683599321119e-05,-3140.40376922451,0.0801095593923708,0.0621503775464779,0.99875,0.430967379150033
"quadratic",1600,"sir_laplace",10,14.966,3101.75862104095,3131.66640517424,103.362222569178,85.3196353728774,6992.92538419266,3206.89724161588,6911.95014101217,2991.03216087427,207.253683084388,209.252065025674,6.9064695021501,5.7008977263716,467.254134985477,461.843521382612,0.00145767564988998,0.0013964215460486,1.9346658793059e-07,0.000694926311303485,0.00240655735105589,7.11885068243881e-06,6.84578774473904e-06,3.39600560152308e-12,4.18547592100984e-06,1.08170155149274e-05,-3190.05969423824,0.102520791284429,0.0841254318416418,0.993125,0.432890433843733
"quadratic",1600,"sir_laplace",110,14.663,2914.90544348645,2839.71612438485,100.256192173179,8.2694843641686,7062.9247547434,2999.71498907313,7034.80582499542,2689.61193654828,198.793251277804,193.665424836995,6.83735880605461,0.563969471743068,481.683472327859,479.765793152521,0.00145519749314171,0.00137827849903246,1.78404479907699e-07,0.000789631732295313,0.00233074139318416,6.96062174239258e-06,6.60887763975406e-06,3.38270464218304e-12,3.99531217382343e-06,1.07890726592924e-05,-3161.31165609198,0.092332019615133,0.0734301166862764,0.98875,0.431152138939389
"quadratic",1600,"sir_laplace",111,14.718,3406.24547693916,3568.79435087478,100.24005512558,144.335524615712,7249.12636683537,3555.19383093919,7176.6357754803,3312.66049011971,231.433990823424,242.478213811304,6.81071172208043,9.80673492429081,492.534744315489,487.609442551998,0.00155114151767675,0.00150731826736973,1.75107471939814e-07,0.000827665115330061,0.00240235860673009,7.24859948630119e-06,7.01582751545774e-06,3.10980893939253e-12,4.40802531927983e-06,1.07449962117255e-05,-3143.73162300828,0.0922175941370858,0.0769396482251581,0.99375,0.43549688869632
"quadratic",1600,"sir_laplace",112,14.825,2928.86999216567,3071.14055720676,69.5456979406157,93.8073415476314,7102.76600163757,3084.37596360082,7036.42658510428,2954.64639021588,197.562899977448,207.159565410237,4.69110947322871,6.32764529832253,479.107318828841,474.632484661334,0.0013961935332633,0.00134006088226274,1.53942622715581e-07,0.000691544056812808,0.00216867727907869,6.83786875952704e-06,6.62859380042093e-06,2.70191238253177e-12,3.94885158045392e-06,1.01411795423149e-05,-3170.70590973443,0.0848315778431799,0.0682583256500221,0.99,0.42868962184592
"quadratic",1600,"sir_laplace",113,14.839,3268.08827892636,3304.21923200194,104.186239494926,102.836006443716,7029.40495522903,3396.19210187793,6972.58814532378,3089.36750169788,220.236422867199,222.67128728364,7.02110920513014,6.93011701891744,473.711500453469,469.88261643802,0.00140091278485662,0.00132752571518341,1.49899840684306e-07,0.000764284769899372,0.00222097035086259,7.09747473580851e-06,6.80148946513363e-06,3.33466374299076e-12,4.02715176756184e-06,1.09640358651189e-05,-3114.40780055881,0.0802104254400442,0.062579863909177,0.9725,0.430557134107645
"quadratic",1600,"sir_laplace",114,14.837,3041.28214948709,3205.60892785155,91.457085015328,147.093836980259,7025.12195746334,3152.6880632592,7029.87704243469,2738.35259885721,204.979588157113,216.055060177364,6.16412246514309,9.91398779943781,473.486685816765,473.807174121095,0.00140594780279885,0.00136666857821465,1.43651521014989e-07,0.000686070733730055,0.00211472215061219,7.05377735726729e-06,6.87122097628907e-06,2.49639731756701e-12,4.25765883426767e-06,1.02953034495104e-05,-3148.571337843,0.081612116742136,0.0692240110956434,0.995,0.42662035408153
"quadratic",1600,"sir_laplace",115,14.839,3120.38240063911,3118.41545048084,105.323113503356,109.468274633398,7045.17903611135,3236.89365888849,7014.53498648001,2878.1715645918,210.282525819739,210.14997307641,7.09772312846929,7.37706547836096,474.774515540895,472.709413469911,0.00148105119452186,0.00140227349002585,1.83809098288581e-07,0.000774679773165433,0.00239170796740579,7.26276815392048e-06,7.04065099876892e-06,2.96685366659048e-12,4.25098922529928e-06,1.06428758740785e-05,-3160.66392583989,0.0909182806617654,0.0729178821061076,0.98625,0.432011807667676
"quadratic",1600,"sir_laplace",116,14.805,3532.89238046907,3390.32914960073,67.8988203308595,82.1884393909687,6955.6953788514,3316.56314184476,6973.8722593068,3022.12417523874,238.628326948265,228.998929388769,4.58620873562036,5.55139745970744,469.820694282432,471.048447099412,0.00145713472251783,0.0013728876731,2.06144133304066e-07,0.000699220605927229,0.00235889909929906,7.34720444877536e-06,7.01822449022846e-06,3.58250712193413e-12,4.28979878001687e-06,1.15046833041206e-05,-3120.08947117788,0.0857705689396702,0.069980508276195,0.98625,0.432426868209793
"quadratic",1600,"sir_laplace",117,14.913,2793.27550045674,2561.12498418406,79.8816586853924,94.0832669667788,6833.55517897453,2896.28543150395,6693.2353128802,2350.48281529176,187.304734155216,171.737744530548,5.3565116801041,6.30880888934345,458.228068059715,448.818836778663,0.00131074848534507,0.00124991325042736,1.3822848488075e-07,0.000674544431898361,0.00205616447803325,7.045326593469e-06,6.81067315993565e-06,2.70998939808235e-12,4.22401009051184e-06,1.050297454595e-05,-3153.67044022597,0.0874121347948891,0.0698360525466088,1,0.424926846068431
"quadratic",1600,"sir_laplace",118,14.713,2792.64160231033,2905.24000798993,64.7637187846628,69.1738244305167,6942.30388092013,2876.095545614,6807.32215469443,2641.30357758228,189.807762000294,197.460749540537,4.40180240499305,4.70154451373049,471.848289330533,462.67397231662,0.00133529826020552,0.00128695452597425,1.23794862619746e-07,0.000751074825900412,0.00201806019377284,6.98030213192498e-06,6.73632010141587e-06,2.73810585973938e-12,4.14864270518424e-06,1.02245809835673e-05,-3157.01637660877,0.0769763669248236,0.0611045850570008,1,0.423537681279086
"quadratic",1600,"sir_laplace",119,14.872,3269.29441495862,3123.2013153474,83.2624610248578,153.671511518479,7027.03610406242,3404.45285332522,7014.40075674724,2873.68348840758,219.82883371158,210.005467680702,5.59860550194041,10.3329418718719,472.501082844434,471.651476381606,0.00145372639395436,0.0013927243284813,1.71399324783477e-07,0.000749432177474322,0.0022866096046955,6.9440600510694e-06,6.71908982416546e-06,2.47934994781365e-12,4.25548509771476e-06,1.02646813126456e-05,-3143.08207033519,0.0762684926245492,0.0579571149855953,0.97375,0.430761561277338
"quadratic",1600,"sir_laplace",11,14.969,3237.77308064666,3199.51796162724,78.1522887141722,91.2462801341074,7020.26654765104,3366.80744782508,7053.03223091368,2971.25745117105,216.298555724942,213.742932836344,5.22094252883775,6.09568308732096,468.987009663374,471.175912279623,0.00141844144431679,0.00137099843492112,1.52154286364557e-07,0.000746140851527189,0.00219650405291332,7.00662629649665e-06,6.81629774232338e-06,2.6136737722338e-12,3.98955673790129e-06,1.01942055847436e-05,-3201.76372520324,0.073218189598407,0.0590535331542922,1,0.428516364464583
"quadratic",1600,"sir_laplace",120,14.878,3112.70074848422,3148.41643494357,69.8976244525863,106.800680237792,6989.31848511156,3241.43962179478,6905.97304158331,2843.361609329,209.214998553853,211.615568957089,4.69805245682123,7.17842991247429,469.775405639976,464.173480412912,0.00135955197564659,0.00131376747777789,1.38916436726464e-07,0.000704647106057535,0.00213185303965359,7.04837100822513e-06,6.66606361170447e-06,3.36452695644012e-12,4.0550426939679e-06,1.09507802100619e-05,-3160.88650207738,0.0921195440608258,0.0670944961779656,0.9675,0.425116411808454
"quadratic",1600,"sir_laplace",121,14.727,3151.20023862899,3116.22451408975,76.6283992022819,79.6670448401794,6821.95281262588,3332.15105212197,6769.18787244456,2908.67951039843,213.974349061519,211.599410205049,5.20325926544998,5.40959087663335,463.227596430086,459.644725500411,0.00130665581976353,0.00123865511707909,1.56740632532431e-07,0.000654256096335877,0.00211526562588467,6.90144863367712e-06,6.60600697918742e-06,3.15228711202731e-12,4.00465032611944e-06,1.06230178631275e-05,-3175.62434751281,0.0834241006990661,0.066043098422781,0.985625,0.421788065009191
"quadratic",1600,"sir_laplace",122,15.063,2692.82439648072,2971.08821873291,89.3931853918685,80.3758390109257,6932.16313792763,2795.40516463755,6825.81806519969,2658.47141038302,178.770789117754,197.244122600605,5.93462028758338,5.33597815912672,460.211321644269,453.151302210695,0.00143511244341197,0.00137424602371537,1.71730483338699e-07,0.000765686242920887,0.00231687585782699,7.2063036162779e-06,6.97172529825761e-06,3.45357584459458e-12,4.14638965628213e-06,1.11178581515464e-05,-3169.87305568632,0.0887117188565728,0.0720560220422519,0.99,0.431155744647456
"quadratic",1600,"sir_laplace",123,14.951,2745.67738781685,2834.91806117285,84.7337397375467,119.739314302086,6829.55342601513,2896.4207766319,6788.93385371687,2619.30073263145,183.645066404712,189.613942958521,5.66742958581678,8.00878297786673,456.795761220997,454.078914702486,0.00130564731755515,0.00124704261654532,1.42917425627369e-07,0.000631574074131976,0.00203930614988989,6.94372009061685e-06,6.63135127263716e-06,2.75061189589177e-12,4.26903714080197e-06,1.02327311162779e-05,-3110.42241985836,0.0931604531969704,0.0729691368340718,0.980625,0.425632315193554
"quadratic",1600,"sir_laplace",124,14.855,3227.87751546889,3171.26382796784,69.5912782833501,128.47008483246,7174.29191861635,3091.93733024684,7126.17894146149,2964.58261095944,217.292326857549,213.48124052291,4.68470402445979,8.64827228761093,482.954689910222,479.715849307404,0.0014719809472464,0.00140495138661609,2.00591814390964e-07,0.000760214836817655,0.00231273994786484,6.75601794742194e-06,6.56313762260014e-06,2.07840671143821e-12,4.19145244169805e-06,9.73153157342723e-06,-3130.92816164825,0.0876404397180914,0.0679654426618851,0.984375,0.432303503725154
"quadratic",1600,"sir_laplace",125,14.854,2968.96628663302,2954.58096520416,90.7814238520418,119.628453330924,6848.14345800921,3068.27122982944,6800.3974366958,2768.02914205228,199.876550870676,198.908103218268,6.11158097832515,8.05361877816912,461.030258382201,457.815903911122,0.00129996507562189,0.00124736413626376,1.35015005685887e-07,0.000684589954262431,0.00203971339318559,6.81166162232334e-06,6.53557122550736e-06,2.85031557802511e-12,4.07047113037855e-06,1.00791975373935e-05,-3144.08834384502,0.0768186181835841,0.0574218513729323,0.985,0.421915003332566
"quadratic",1600,"sir_laplace",126,15.191,3387.7813246547,3147.58892834321,61.2404174723968,133.629708579354,6884.88427065777,3523.24112690628,6778.52408610928,2846.73400265684,223.012397120314,207.200903715569,4.03136182426416,8.79663673091659,453.221267240983,446.219741038068,0.00130665459495099,0.0012517861668774,1.33517110184308e-07,0.000686370616181999,0.00202904474726582,7.34978313459352e-06,7.09139392489969e-06,3.21822316773403e-12,4.14344874957641e-06,1.07631849052121e-05,-3137.09847362941,0.0834124622905206,0.0671261222052699,0.993125,0.423886730445318
"quadratic",1600,"sir_laplace",127,14.879,3235.99314147536,3163.39868152089,96.4448315945691,87.4126990551757,6958.22973452825,3380.59869423775,6944.17805769976,3007.69924634467,217.487273437419,212.608285605275,6.48194311409161,5.87490416393412,467.654394416846,466.709997829139,0.00137870452438921,0.00131852129037199,1.57136904459319e-07,0.000684468101009451,0.00212882112477634,7.30648116905929e-06,7.19435666365952e-06,2.83499907369241e-12,4.18994852151968e-06,1.07145230391851e-05,-3177.24367934882,0.0790509015337099,0.0617087022055525,0.99125,0.425672552215579
"quadratic",1600,"sir_laplace",128,14.875,2928.33819431275,2848.81271171037,67.7513123341182,117.516671678581,6919.73871141606,3022.07165766315,6840.13616673269,2651.50113449142,196.863071886571,191.516820955319,4.5547100728819,7.90028044898024,465.192518414525,459.841086839172,0.00137376665600021,0.00131262248763926,1.52805890415668e-07,0.000696512754206628,0.00213352429502017,7.12686818194913e-06,6.94296256327263e-06,2.45269208030887e-12,4.29994408743313e-06,1.00968158862614e-05,-3131.67979742403,0.0858737531685373,0.0707287907322031,0.998125,0.428877296265745
"quadratic",1600,"sir_laplace",129,14.882,3337.92429708741,3459.67149154282,84.2609956646987,143.987545917217,7147.37034997253,3427.62696994797,7197.09167571112,3150.74634570873,224.292722556606,232.473558093188,5.66194030807006,9.675281945788,480.269476547005,483.610514427572,0.00151770005324496,0.00144861601050626,2.04291616432428e-07,0.000761402734532871,0.00237471162535991,6.9811780540279e-06,6.81688799815655e-06,2.47721933327385e-12,4.18691861263796e-06,1.02353031212058e-05,-3173.99152497085,0.0812958086959518,0.0611332527311373,0.985,0.434991155598043
"quadratic",1600,"sir_laplace",12,15.169,2576.47435344988,2556.2120167116,144.642682316958,116.074242636687,6806.12168225435,2693.29384646571,6728.38174746226,2240.42029977583,169.851298928729,168.515526185747,9.53541316612554,7.65206952578855,448.686247099634,443.56132556281,0.00124956489603757,0.00120741886624849,9.74226489730473e-08,0.000712657848154138,0.0018795962249427,6.82988514030368e-06,6.61816959136871e-06,2.28097707684057e-12,4.24161318655579e-06,9.84418991531277e-06,-3152.2121346863,0.0866636488800737,0.0694149993915844,0.988125,0.420617493646062
"quadratic",1600,"sir_laplace",130,15.14,3394.40467252909,3404.18627387435,96.7127558225142,97.3122120606172,6949.70219347795,3556.9642974795,6818.33109324388,3291.94245883079,224.20110122385,224.847177930935,6.38789668576712,6.42749088907643,459.02920696684,450.352119765117,0.00138122916906849,0.00133074262113025,1.51766636074795e-07,0.000722224283236199,0.00214062669169908,7.33449836623294e-06,7.10338474552228e-06,3.28792875725822e-12,4.25908018930486e-06,1.10294728638737e-05,-3089.07534715643,0.0933671905703931,0.0748110316103689,0.98625,0.428229757737859
"quadratic",1600,"sir_laplace",131,15.021,3219.1090544245,3330.99201056043,107.718238496174,143.76299122273,6778.38101683706,3403.58777481311,6689.06342526766,3069.50743350363,214.307240158745,221.755676090835,7.17117625299072,9.57080029443645,451.260303364427,445.314121913831,0.00121256350286291,0.0011696944357139,9.42843041942405e-08,0.00069115353318241,0.00183851050559019,6.89867420068172e-06,6.70853326341574e-06,2.17827401545559e-12,4.21491055883767e-06,9.89897898893317e-06,-3177.96246212778,0.07554442165908,0.0620764273615944,0.99375,0.416547536846508
"quadratic",1600,"sir_laplace",132,14.923,3727.72416808345,3706.82527928795,65.8549393716468,98.6644456901331,7260.44302014997,3058.42705244798,7254.20562010113,3325.37563463336,249.797237022278,248.396788801712,4.41298260213407,6.61156910072594,486.527040149432,486.10906788857,0.00149021415091222,0.00142217945076087,1.88941012621532e-07,0.000742335137967706,0.00235635839092455,6.68175907687432e-06,6.46321378416065e-06,2.31116481260806e-12,4.07117762480289e-06,9.69122919751124e-06,-3178.76944649742,0.0739946551462139,0.0603607221100354,1,0.429380211757024
"quadratic",1600,"sir_laplace",133,14.789,3282.68848230911,3085.85922870245,89.5479319137549,105.003027387388,6818.57118225485,3286.36476076159,6728.92730634341,2865.41541351353,221.968252235385,208.659086395459,6.05503630493982,7.10007623148207,461.056946531533,454.995422702239,0.00127468363818938,0.00122287723668508,1.22204294185777e-07,0.000681601459844542,0.00195481612182862,7.26090905348434e-06,7.01553568131638e-06,2.99092903197437e-12,4.3506160459683e-06,1.0730774521592e-05,-3121.70392193263,0.0746319898175812,0.0551115992522955,0.9925,0.422315391411128
"quadratic",1600,"sir_laplace",134,15.144,3226.53226416967,3279.14516254011,100.203450636495,107.436532315227,6840.68230673211,3188.3743794873,6776.45267488447,3036.18032347388,213.056805610781,216.530980093773,6.61670962998516,7.09432992044551,451.709079947974,447.467820581384,0.00138053169255131,0.00133780169027079,1.48647114304121e-07,0.000703281639361618,0.00208001038944428,7.43838640511568e-06,7.15964020648116e-06,3.57897829519867e-12,4.30896352245096e-06,1.12886677776993e-05,-3128.09057863706,0.0756166768455744,0.0592220367131668,1,0.430356329950007
"quadratic",1600,"sir_laplace",135,14.806,3310.87115942584,3173.12902111888,61.4358604193774,145.050328964906,7167.9465393754,3450.27473135636,7150.08541041405,3111.68836280887,223.616855290142,214.313725592252,4.14938946503967,9.79672625725419,484.124445452884,482.918101473325,0.00153207503134342,0.00149344319931787,1.63059964906622e-07,0.00085280149563504,0.0023312939581121,7.26245628649467e-06,7.05090924373965e-06,2.8090690711247e-12,4.13477470180883e-06,1.04910024408029e-05,-3199.21520227565,0.0897326119877451,0.0705001510980082,0.984375,0.434528692872888
"quadratic",1600,"sir_laplace",136,15.362,3114.19293564443,2950.19612243955,112.440492520184,139.202862099711,6952.75877307387,3272.33077403983,6861.49568906243,2781.87854611048,202.720540010703,192.045054188227,7.3193915193454,9.06150645096414,452.594634362314,446.653800876346,0.00140154032159339,0.00134102264383752,1.62529138873016e-07,0.000724107087105435,0.00216686456396774,7.36504673239748e-06,7.20916771277258e-06,2.82078017899672e-12,4.26091564414759e-06,1.06905785937357e-05,-3163.88152022216,0.101461974456928,0.0812390982734621,0.9775,0.431460669025336
"quadratic",1600,"sir_laplace",137,14.977,3029.61295790948,2960.58963120513,114.130301015544,45.2834092078758,6934.79901297292,3158.18108043272,6827.2603976168,2840.94296054978,202.284366556018,197.675744889172,7.62037130370195,3.02353002656579,463.029913398739,455.849662657195,0.00135429537494158,0.0012927325670976,1.4973961925422e-07,0.00071299203097975,0.00209364272175597,7.02911823179916e-06,6.84284066057487e-06,3.12103028088279e-12,3.87177539165288e-06,1.04571093989746e-05,-3145.47371551584,0.0859404974316591,0.0658151184116786,0.9925,0.428747363156682
"quadratic",1600,"sir_laplace",138,15.071,3077.72916461283,3167.88788692212,95.3939737651143,83.0514250807693,7008.0634632705,3237.63743107379,6982.86745700815,2942.59480645701,204.215325102039,210.197590532952,6.32963796464165,5.5106777971448,465.003215663891,463.331395196613,0.0013514689998126,0.00129702701851039,1.48108692309774e-07,0.000688038060290064,0.00211636599195007,6.70301187513297e-06,6.50399711640768e-06,2.09035109683376e-12,4.19147972350262e-06,9.5697092000787e-06,-3195.49134517876,0.0738324637662433,0.0569159237541351,0.996875,0.422948020132274
"quadratic",1600,"sir_laplace",139,14.658,3283.63973372749,3288.78080174234,126.642993114553,93.8195836793009,6879.41209037989,3350.45956565555,6832.40066940725,2974.88052361332,224.016900922874,224.367635539797,8.63985489934186,6.4005719524697,469.328154617266,466.120935284981,0.00129352975294771,0.0012373998767228,1.19544227691497e-07,0.000680097533439638,0.00197393928363705,7.04908281832816e-06,6.78351419610323e-06,2.81790619262428e-12,4.2695165134582e-06,1.05053104818668e-05,-3144.06426540027,0.0683844284160028,0.0548076469714703,1,0.420903970738144
"quadratic",1600,"sir_laplace",13,15.202,2828.75052059074,2991.32196171089,70.5837472420967,118.692999589485,6801.89301265258,2929.37874934817,6735.24476294717,2707.65406937386,186.077524048858,196.771606480127,4.64305665320989,7.80772264106598,447.434088452347,443.049912047571,0.001282017811945,0.00124358372010439,1.20868164357823e-07,0.000646191663647221,0.00200150538216661,6.89367993276259e-06,6.7254685278746e-06,2.46752206633548e-12,4.157256025868e-06,1.02192763205924e-05,-3088.9489874833,0.105218565490936,0.084311731075226,0.99625,0.42678516580036
"quadratic",1600,"sir_laplace",140,14.828,3069.96240564166,3135.81163417993,87.106816951389,139.02982561837,6867.17614975881,3199.12938788117,6720.93676806237,2839.94414430011,207.03819838425,211.479068935792,5.87448185536748,9.37616843932899,463.122211340627,453.259830594981,0.00139452922757932,0.00133605423927347,1.59301300357568e-07,0.000726498842811726,0.00226127294268815,7.48305932285618e-06,7.12506903117069e-06,3.33622145131433e-12,4.45063951816367e-06,1.12004228792103e-05,-3085.53281389317,0.109371156689305,0.0808123382237547,0.9425,0.43055185721017
"quadratic",1600,"sir_laplace",141,14.749,3587.73268085542,3661.64746097841,57.1128639065866,146.483868228271,7175.95339405803,2694.76648984058,7123.53419856265,3288.37766057677,243.252605658378,248.264116955618,3.87232110018216,9.9317830516151,486.538300498883,482.984215781588,0.00149844401083602,0.00144426645717166,1.94271302741506e-07,0.000783638685939087,0.00242031086908174,6.98927928523394e-06,6.77138352445263e-06,2.92647727026132e-12,3.97429632312479e-06,1.03769636283601e-05,-3184.18167345492,0.0686057744579204,0.0550749805575893,1,0.431019406447253
"quadratic",1600,"sir_laplace",142,14.865,3578.52969853063,3549.1064451259,73.7777586295193,157.091329207536,7083.42037417685,3313.05844696446,7130.05094459523,3069.0862367394,240.735263944206,238.755899436656,4.9631859152048,10.567866075179,476.516675020306,479.653612149023,0.00148540603667456,0.00143188012230009,1.69067927523989e-07,0.00079237076487415,0.00232908197608958,7.25319489940685e-06,7.07232182709696e-06,2.54432430568941e-12,4.25457087644021e-06,1.03050173608608e-05,-3155.47082111359,0.0820009643381599,0.0621270112463819,0.984375,0.430119157470181
"quadratic",1600,"sir_laplace",143,14.824,3255.1858694188,3168.51093427871,105.610029048265,111.441081732168,7045.71640991997,3381.06337072248,7004.36691922037,3010.31123354947,219.588901067108,213.741968043626,7.12425991960775,7.51761209742093,475.291177139771,472.501815921504,0.00143589263154955,0.00138536409508355,1.52797027643757e-07,0.000730392052603297,0.0021700070745621,7.06790892423068e-06,6.80391940212136e-06,2.83880023990865e-12,4.11446056110031e-06,1.02672351024746e-05,-3155.54365735394,0.0889996062136928,0.0710634031502667,0.9925,0.430254234674066
"quadratic",1600,"sir_laplace",144,14.774,3353.23827742982,3435.76526945717,63.9157114583113,118.628237199862,7053.62319463241,3060.4090113794,7020.55378411318,3327.98405112918,226.968882999176,232.554844284362,4.32622928511651,8.02952735886438,477.434898783837,475.196546914389,0.00139666862714084,0.0013295059640725,1.5876488728386e-07,0.000705444613059569,0.0021848177036579,6.5884436093408e-06,6.42440009935274e-06,2.17098274955714e-12,3.98923734146234e-06,9.61113544515877e-06,-3169.99069043981,0.0718333900952401,0.0585283349259089,1,0.42751707228483
"quadratic",1600,"sir_laplace",145,14.815,3160.79060255851,3235.87203501814,17.9709682956056,133.330810377047,7153.84395943204,3322.65328846842,7130.90284281804,3077.87336285903,213.350698788964,218.418632130823,1.21302519713841,8.99971720398566,482.878431281272,481.329925266152,0.00137838803472669,0.00132438313051256,1.5191518184306e-07,0.000717812541696875,0.00213290496726836,6.49924343201042e-06,6.28807907627086e-06,2.24276554749707e-12,3.85232630684136e-06,9.52325839074928e-06,-3143.46932232328,0.0763340004368575,0.0646736409828052,0.9975,0.423775642148444
"quadratic",1600,"sir_laplace",146,14.872,3271.77733001548,3181.53537767127,64.0372000817122,89.5036650930804,7186.412702986,3407.02419619245,7136.45442810146,2954.56945016575,219.995786041923,213.927876389946,4.30589026907694,6.01826688361218,483.217637371302,479.858420394128,0.00145453143852182,0.00140006252596487,1.63551368069566e-07,0.000748547376509071,0.00223981501306788,6.69291236477902e-06,6.47567301700063e-06,2.39042871040927e-12,4.06942282505587e-06,9.63031691254694e-06,-3176.98563714515,0.0719268390778743,0.0587614012091399,0.99875,0.429454206068562
"quadratic",1600,"sir_laplace",147,14.972,3315.00156761057,3546.2203843947,56.1441166035401,125.63882852088,6922.58427584565,3379.69638857889,6900.88798453643,3078.98340802911,221.41340953851,236.856825033042,3.7499409967633,8.39158619562386,462.368706642109,460.919582189182,0.00136304987915744,0.00131345431407394,1.67084536159105e-07,0.000671351943053867,0.00218610552922789,7.0035608408061e-06,6.83696894176292e-06,2.85357137425337e-12,4.0986741067497e-06,1.02249809724303e-05,-3137.03354194506,0.0842393197733846,0.067643755144839,0.996875,0.428310096150615
"quadratic",1600,"sir_laplace",148,15.038,3622.17985711575,3588.15061094167,65.6578679895081,119.450074871575,7222.23739949295,2639.73171226806,7305.2050916107,3360.52121979472,240.868457049857,238.605573277143,4.36613033578322,7.94321551214091,480.265819889144,485.783022450506,0.00166339191585598,0.00158947329989918,2.70953098206714e-07,0.000799817985443018,0.00273285991571794,7.42740172211956e-06,7.2212211174473e-06,2.87921778622846e-12,4.5684060045614e-06,1.10939622050899e-05,-3151.13252884128,0.0812631093811597,0.0671037952316997,0.991875,0.440510116859661
"quadratic",1600,"sir_laplace",149,14.85,3458.01191268856,3379.42484077429,82.234363228607,60.3140437557505,7091.81765803149,3319.34033601961,6947.26090190925,2967.77231148845,232.862755063203,227.570696348437,5.53766755748195,4.061551768064,477.563478655319,467.829016963586,0.00152211597975683,0.00144809334791416,1.91868225167975e-07,0.000777820483018512,0.00237689942083528,7.78708155288854e-06,7.44796641822243e-06,4.23830578499948e-12,4.20680648432452e-06,1.19154627269936e-05,-3204.98653366051,0.0852803276950537,0.0701819359408713,0.999375,0.433501776630739
"quadratic",1600,"sir_laplace",14,14.8,2892.15866333889,2968.36401468638,90.592477350245,125.032604633555,6829.01685816941,3006.78396775499,6792.552389751,2713.17553255241,195.416125901276,200.565136127458,6.12111333447602,8.4481489617267,461.420057984419,458.956242550743,0.00131011210416215,0.00124305917635222,1.55452702724489e-07,0.000677644214582689,0.00212152028175519,6.93344770234229e-06,6.71695206708076e-06,2.58259529995835e-12,4.19238856646707e-06,1.02656955139608e-05,-3170.93728707656,0.0727910775437159,0.0611013937182461,1,0.42508761915926
"quadratic",1600,"sir_laplace",150,14.992,3121.8953145633,3058.52106781184,74.2109014416523,77.8037515386859,7040.6556005792,3203.00660381325,7004.28852676224,2974.39007336097,208.237414258491,204.010209966105,4.95003344728204,5.18968460103295,469.627508042903,467.201742713597,0.00140897272565989,0.00135750416849612,1.56763699779469e-07,0.000740590078898519,0.00218758627306596,6.92288281809651e-06,6.67940198388088e-06,2.56139482021081e-12,4.11426231245908e-06,1.00277898758446e-05,-3137.00882014029,0.0786632871151788,0.0632747253759509,0.989375,0.427898251503411
"quadratic",1600,"sir_laplace",151,15.058,3410.19014220261,3253.65006793709,80.7949832255084,119.30464766699,7188.07933147983,3574.05455539306,7203.93384405746,3007.55641073606,226.470324226498,216.074516399063,5.36558528526421,7.92300754861138,477.359498703668,478.412395009793,0.00152190299659662,0.00144638519493684,1.99033664508454e-07,0.000716165957662782,0.00240696681401072,7.05652077608254e-06,6.87387207482293e-06,2.43330315601385e-12,4.37399507660607e-06,1.03084312744624e-05,-3170.61679830173,0.0739819075257166,0.0611859919181061,0.99375,0.432605736150645
"quadratic",1600,"sir_laplace",152,14.887,3724.39223208586,3632.9090692283,74.7792714798691,128.553836954707,7321.28479725786,3826.22699201297,7319.16527767097,3398.92923724341,250.177485865914,244.032314719439,5.023125645185,8.63530845400064,491.790474726799,491.648100871295,0.00177048995619082,0.00172077253626136,2.39078568526465e-07,0.000820868106275176,0.00271961608215327,7.5576586180382e-06,7.32293639792135e-06,3.33934215622082e-12,4.39391046858247e-06,1.1051136847123e-05,-3175.36804882679,0.0919739101520077,0.0748740245105615,0.98625,0.449005238386687
"quadratic",1600,"sir_laplace",153,14.743,3679.37993614447,3619.16772697942,106.853304790857,135.918261274811,6965.06319391283,3843.90000732383,6948.66868610188,3319.94277544392,249.567926212065,245.483804312516,7.24773145159446,9.21917257510757,472.431879123165,471.319859329979,0.00137700896139254,0.0013112368752018,1.55084692878162e-07,0.000750886275955901,0.00219053794311761,7.08716793342674e-06,6.87131892708272e-06,2.57188700401263e-12,4.4248569705781e-06,1.04013628597984e-05,-3164.64238602986,0.0865828106434475,0.0671832911836616,0.99,0.427334368209115
"quadratic",1600,"sir_laplace",154,14.971,3415.50363191882,3455.17229260008,120.160590761127,109.036410758478,7189.75407906032,3589.03001855746,7071.37998824558,3285.21659840242,228.141315337574,230.791015469914,8.02622341601276,7.28317485528542,480.245413069289,472.338520355726,0.0014835937516796,0.00143846032563079,1.26941731720266e-07,0.000849391990560047,0.0021804075404385,7.30496121778211e-06,7.05915001125568e-06,2.83953486173743e-12,4.4745807683734e-06,1.06458842883031e-05,-3154.42803791388,0.091882682635281,0.0738203924167848,0.994375,0.43257174101278
"quadratic",1600,"sir_laplace",155,14.759,3040.72372726889,2970.06328019656,71.1901847438248,119.893762049353,7080.66911705787,3096.29308808912,7118.81795171538,2834.6333938691,206.02505097018,201.237433443767,4.82351004430008,8.12343397583526,479.752633447921,482.337417962964,0.00145036412067493,0.0013864293293112,1.69562096863601e-07,0.000795963056555316,0.00223997603421041,6.94332003623111e-06,6.7536614936303e-06,2.46598015523419e-12,4.12711999751654e-06,9.99812886039272e-06,-3161.36877519452,0.0734843874049957,0.0596821920753425,1,0.429544653478227
"quadratic",1600,"sir_laplace",156,14.842,3006.2640460269,2830.50527752872,93.5672339721185,132.348918624332,6881.9824588164,3140.18645053472,6783.73484515855,2645.9962103571,202.551141761683,190.709154933885,6.30422004932749,8.9171889653909,463.682957742649,457.06339072622,0.0013093546246515,0.00125681957713001,1.09542882472185e-07,0.000744206666074413,0.00194189736712889,7.17114081488019e-06,6.93502758486502e-06,2.81980729145513e-12,4.35410331552315e-06,1.05848917086816e-05,-3169.46007203437,0.0795070504036786,0.0634116521387999,1,0.423463229505222
"quadratic",1600,"sir_laplace",157,15.461,3396.08874990044,3364.92678216282,83.2389558422242,124.666185785352,7079.2722041483,2959.45579611008,7052.26948688233,3116.37333673608,219.655180771,217.639659929035,5.38380155502388,8.0632679506728,457.879322433756,456.132817209904,0.00148277233209348,0.00141901995247058,2.16408140527439e-07,0.000708877913880449,0.00238177349575694,7.160481583771e-06,6.90107839510288e-06,2.8923203044374e-12,4.38448771540007e-06,1.06892215851051e-05,-3175.88373752071,0.0846665756538538,0.0687898716856412,0.995,0.430667017102075
"quadratic",1600,"sir_laplace",158,14.805,3365.40245989887,3336.35156696052,77.2411373337214,125.448034155273,7214.95913695166,3507.36037950525,7180.18885498875,3163.31928614711,227.315262404516,225.353027150322,5.21723318701259,8.47335590376719,487.332599591466,484.98404964463,0.00147849961389411,0.00144263030885308,1.49236055368248e-07,0.000790734941174779,0.00224692911302494,6.92830780848334e-06,6.77652292022882e-06,2.10777724518377e-12,4.27760375257236e-06,9.67977018250846e-06,-3139.06466452023,0.0693191026301094,0.0540803446890597,1,0.430446020422364
"quadratic",1600,"sir_laplace",159,14.72,3304.60871082404,3225.46409617332,98.260546716943,126.758144289685,7122.11561960656,3528.29894825588,7056.93446713701,3055.82994789428,224.497874376633,219.121202185687,6.67530888022711,8.61128697620145,483.839376331967,479.411308908764,0.0014086713671332,0.00136194109913609,1.3796435182233e-07,0.000776083940067819,0.00220428913221492,7.00483492336998e-06,6.71816566950634e-06,2.87173487944195e-12,4.12383184806938e-06,1.04599825477564e-05,-3171.46207791718,0.0903080606045052,0.0746182256423706,0.986875,0.427785022136201
"quadratic",1600,"sir_laplace",15,14.814,2706.21079672015,2813.29516131907,104.632804952939,136.417840297934,7069.91740753937,2781.16629661806,6955.29671817619,2526.88390775065,182.679276138798,189.907868321795,7.06310280497764,9.208710699199,477.245673520951,469.508351436221,0.00137947587182447,0.00133739939391125,1.19319508498157e-07,0.0007375937160474,0.00208662337180876,6.70001411946416e-06,6.51977458991872e-06,2.33082125497259e-12,3.93880809286081e-06,9.78948467870552e-06,-3156.25835277703,0.0855487120247793,0.066310398093451,0.990625,0.427135471618265
"quadratic",1600,"sir_laplace",160,14.913,3653.57133354346,3614.09945659399,103.128023354748,97.5181183427634,7112.82774770003,3719.75321422786,7025.65879547612,3322.39969098899,244.992378028798,242.345568067726,6.91531035705414,6.53913487177385,476.954854670424,471.109689229271,0.00138802368111508,0.00133222504061248,1.26279130507326e-07,0.000778641681246445,0.00209239709485762,7.08974745904851e-06,6.86929540065947e-06,2.82403739526367e-12,4.26124224997198e-06,1.07351771464659e-05,-3147.00504200593,0.0726911604203055,0.0592739294378289,1,0.426714296737725
"quadratic",1600,"sir_laplace",161,14.735,2954.05280347044,2973.81428714741,94.3948022626894,114.992771936529,6952.42372706915,3128.97133153391,6923.2006179347,2847.84804917833,200.478642923002,201.819768384622,6.40616235240512,7.80405645989337,471.83058887473,469.847344277889,0.00136898430945827,0.00129684206768929,1.73057002171442e-07,0.00067937817950119,0.00221571394153949,6.8892606925777e-06,6.60433583683e-06,2.82454309128438e-12,4.04817668608462e-06,1.03301858429042e-05,-3138.51674140846,0.0813886613861497,0.0654961289389955,0.99875,0.424657126614747
"quadratic",1600,"sir_laplace",162,14.923,3284.94504913917,3007.06258312369,104.763332437761,132.03638568338,6973.2499633038,3405.36466076906,6814.9541223676,2694.86464979814,220.126318376946,201.505232401239,7.0202594945896,8.84784464808549,467.282045386571,456.674537450084,0.00133384600447638,0.00129455501442074,1.05944126921819e-07,0.00074118603370331,0.00198205176918403,7.12909056778132e-06,6.90049492506123e-06,2.84108801524994e-12,4.09974311203401e-06,1.05509122118867e-05,-3141.89167414779,0.0884784966092747,0.0710372767774069,0.99,0.429081645362717
"quadratic",1600,"sir_laplace",163,14.879,3205.61933173307,3087.78172573755,105.441281396038,126.100897335935,7181.40815549231,3364.11820281736,7206.49011400386,2913.84056878933,215.445885592652,207.526159401677,7.08658386961744,8.47509223307578,482.653952247618,484.33968102721,0.00154684301163997,0.00147353928639119,2.00756847237844e-07,0.00082937878719524,0.00242892110018232,7.29540868160885e-06,7.00782263399439e-06,3.3555168753441e-12,4.27346996011985e-06,1.11620589073665e-05,-3162.43684430895,0.0946978630819073,0.0790582145050727,0.990625,0.435592698295031
"quadratic",1600,"sir_laplace",164,14.929,3531.18037302965,3541.71721593941,92.760162689953,141.560885846747,7136.52744922336,3603.54150889811,7174.7158192129,3365.40119438535,236.531607812288,237.237404778579,6.2134210389144,9.48227515886843,478.031177521827,480.589176717322,0.0015459434094778,0.00152282548558799,1.79999801257739e-07,0.000758985393243486,0.00236569198666217,7.46003928840666e-06,7.22879530726857e-06,3.23790239362649e-12,4.34726544918224e-06,1.10968983046378e-05,-3157.48728831368,0.0903558856878899,0.0709751868377264,0.984375,0.434006707918134
"quadratic",1600,"sir_laplace",165,15.214,3385.4153236963,3206.58085048042,64.5156480039735,105.583604147858,7313.16460912719,2395.74013923133,7415.91982731091,3105.3767688835,222.519739956375,210.765140691496,4.24054476166515,6.93989773549744,480.686513022689,487.440503964172,0.00163159897343743,0.00156086204608232,2.52270638172769e-07,0.000773410499974183,0.0025902539643783,7.14036135684719e-06,6.9239885658581e-06,2.87425186005284e-12,4.21870301878126e-06,1.05873419490722e-05,-3186.32735194935,0.0817279080514829,0.0646914887434117,0.99625,0.43533510793512
"quadratic",1600,"sir_laplace",166,15.16,2995.00294796631,2970.66410165466,121.206064138839,145.943789387642,6983.71193916199,3117.90286090002,6975.16505282145,2851.8928280336,197.559561211498,195.954096415215,7.99512296430334,9.62689903612415,460.667014456596,460.103235674238,0.00135983076646664,0.0012981395850015,1.48890338770761e-07,0.000747419297961913,0.00205057533625908,6.83603490894698e-06,6.58378093398388e-06,2.48934399806781e-12,4.21570068598197e-06,9.88946516935904e-06,-3151.73583655692,0.079628287965474,0.0671967890297546,1,0.425629899258034
"quadratic",1600,"sir_laplace",167,14.915,2967.44641651874,3072.68876001462,86.7719543265576,127.173259742153,6948.19477267106,3063.34285614867,6882.88949344652,2669.23051295132,198.957185150435,206.013326182677,5.81776428605817,8.52653434409341,465.852817477107,461.474320713813,0.00136324592353667,0.00133307562684103,1.43151205849534e-07,0.000707979399090301,0.00210358200093511,7.15343177241706e-06,6.94245293196956e-06,2.68592332001384e-12,4.22346003950035e-06,1.03313905283206e-05,-3188.33058091091,0.0728576288187607,0.057578387130405,0.99125,0.427291991529595
"quadratic",1600,"sir_laplace",168,14.702,3195.85901881046,3346.1663191758,107.423884990092,77.5858701942984,7002.5526506099,3383.82759374495,6833.94219737803,3043.32479267232,217.375800490441,227.599395944484,7.30675316216106,5.27723236255601,476.299323262815,464.83078474888,0.00132897800956908,0.00126484728914504,1.32309311239618e-07,0.000716509820447284,0.00205974894742194,6.83930308070494e-06,6.65791071511336e-06,2.70082311819854e-12,3.95275727032233e-06,1.00312850745455e-05,-3145.67703549636,0.0864782946707642,0.0667341605790942,0.98375,0.426253549761063
"quadratic",1600,"sir_laplace",169,14.789,3403.75962839097,3058.38636871479,84.2852139039966,87.767386792924,7566.76790295968,3182.23239212012,7565.68437238271,2952.37722668306,230.1548196897,206.801431382432,5.69918276448689,5.93463971823139,511.648380753241,511.575114773326,0.00187124785188932,0.00183327887062307,2.63332509265899e-07,0.000951311938870468,0.002825321839134,7.46978995787615e-06,7.16049469806545e-06,3.49458077240936e-12,4.34121452866417e-06,1.13871831035591e-05,-3199.85304834944,0.0841368991017329,0.0658034241265996,0.999375,0.448830974386655
"quadratic",1600,"sir_laplace",16,14.864,2944.46919423449,2998.2888091299,91.4124555544494,111.730921353437,6864.12728134295,2985.72363101375,6768.17696989307,2587.00112932087,198.093998535689,201.71480147537,6.14992300554692,7.51688114595246,461.795430660855,455.340215950826,0.00130020816644018,0.00123431579817112,1.34868109213914e-07,0.000684640799959944,0.00204638500678031,6.94881270062902e-06,6.70330101123672e-06,3.05916700308823e-12,3.89186258578442e-06,1.03399818135606e-05,-3159.86406142518,0.079690856026992,0.0628854377191724,0.995,0.423127976424124
"quadratic",1600,"sir_laplace",170,15.394,3800.33878667799,3460.10144059287,58.391285154254,62.8189298237493,7320.1759281112,2828.11422181268,7330.61854338003,3335.480547725,246.871429562036,224.769484253142,3.79311973199,4.08074118641999,475.521367293179,476.199723488374,0.00166544993581433,0.00159796707893514,2.28559087717929e-07,0.000861032201773622,0.00265764467053327,7.12713729871448e-06,6.81355774567991e-06,3.06637918607553e-12,4.2066699336631e-06,1.06633884599653e-05,-3128.51933060903,0.085839550220373,0.0680892248961794,0.99125,0.44247087690981
"quadratic",1600,"sir_laplace",171,14.797,2793.43784751807,2729.4869311308,105.99537114844,128.753521249112,6862.98796176374,2886.3639557007,6815.7118260186,2520.45317181265,188.784067548697,184.462183627141,7.16330142248022,8.70132602886474,463.809418244492,460.614437116889,0.0012839447004487,0.00123693978096236,1.17198190061898e-07,0.000664861351120494,0.00196544921994882,6.91044235939466e-06,6.67199899894207e-06,2.4598653042254e-12,4.21377247349406e-06,1.01175725492707e-05,-3158.71792186863,0.0914873456967721,0.0745389252600324,0.998125,0.423334246844002
"quadratic",1600,"sir_laplace",172,15.154,3138.76161112316,3088.83887119179,91.1301115481083,154.775648974755,7133.16258436664,3286.9100435499,7071.38722846729,2897.25223291694,207.124297949265,203.829937388926,6.01360113158957,10.2135178154121,470.711533876642,466.635028934096,0.00154819120921834,0.00148163118650011,1.96572243565673e-07,0.000854366119020461,0.00251281888025558,7.40256411787019e-06,7.18487771857409e-06,2.90309473942652e-12,4.42036829159342e-06,1.07809077782558e-05,-3143.38300059845,0.0819425251420051,0.0647333767665552,0.99375,0.437042878874098
"quadratic",1600,"sir_laplace",173,16.329,3263.12525911382,3068.26560717929,102.366818109189,104.258441793546,7115.6376511287,2936.59399575517,7024.04440504951,2575.01481724336,199.836196895941,187.902848133951,6.26901942000052,6.38486384919747,435.766896388554,430.15765846344,0.00160158980815008,0.00154187872120475,2.105122449604e-07,0.000820561460062412,0.0025091779299715,7.63882446028237e-06,7.32089560513835e-06,3.93381877997025e-12,4.4134554459984e-06,1.16394767937199e-05,-3093.06887776322,0.100217565908623,0.0782300117280995,0.9875,0.441793345072573
"quadratic",1600,"sir_laplace",174,14.828,2944.84238981725,2752.12758125013,64.0665840622413,90.5197118968287,7105.79787987158,2224.19113382949,7104.98934824384,2660.6371417917,198.600107217241,185.603424686413,4.32064904654986,6.10464741683495,479.214855669786,479.16032831426,0.00148174436025698,0.00143620483197053,1.68570398634577e-07,0.000762973820901497,0.00225799862550053,7.0663799930028e-06,6.82451034881236e-06,3.16076311531984e-12,3.85023702206644e-06,1.07340945398281e-05,-3152.0472914034,0.0662582078014979,0.0519693700541989,1,0.432147294296615
"quadratic",1600,"sir_laplace",175,14.907,3516.07054969664,3711.78540466223,104.621345431152,73.8239637497094,7074.42106050086,2902.08524683475,7022.98405204279,2744.99142370782,235.867079204175,248.996136356224,7.0182696338064,4.95230185481381,474.570407224852,471.11988005922,0.0013627283672841,0.00130950100426954,1.26565142999788e-07,0.0007493956199479,0.00207110271982635,6.63448427956841e-06,6.39469199973997e-06,2.43231776291223e-12,4.01839388199239e-06,9.88699585940231e-06,-3182.01336997003,0.0908639255238804,0.0742420404957692,0.980625,0.422162058570904
"quadratic",1600,"sir_laplace",176,14.779,3365.78661209204,3288.32062392318,61.0733089279018,73.7300740229744,6991.16501513943,2366.81712749374,6925.17993969332,2912.02922388396,227.741160571895,222.499534740049,4.13243852276215,4.98884051850425,473.047230200922,468.582443987639,0.00149553736706296,0.00139747678845046,2.17736322560084e-07,0.00078105963533836,0.0024631530567398,7.53322035832282e-06,7.22891756445252e-06,3.64697084465179e-12,4.25707144690446e-06,1.12268008658855e-05,-3149.73050281066,0.084229190575024,0.0682834157270373,0.99875,0.43522301873032
"quadratic",1600,"sir_laplace",177,14.595,3242.42766964916,3086.32088783435,106.696498638483,110.764925489424,6866.22557915475,3360.51783252275,6772.7620483501,2909.26178387216,222.160169212001,211.464260899921,7.31048294885121,7.58923778618871,470.450536427184,464.046731644406,0.0013051834281003,0.00125262122634946,1.19319436049118e-07,0.000693681910068497,0.00199466791936068,7.07139972323533e-06,6.80659171294045e-06,2.86097758318702e-12,4.0495566973189e-06,1.03422630562957e-05,-3158.75674245785,0.0751188106309785,0.0573800521444161,1,0.423815511718404
"quadratic",1600,"sir_laplace",178,14.876,3455.77694453298,3391.01114607919,81.1151216166317,111.03660397921,7251.19632715281,3546.50592677977,7168.75051663099,2917.79103511733,232.305521950322,227.951811379349,5.4527508481199,7.46414385447765,487.442614086637,481.900411174441,0.00160813017604712,0.00153501717009533,2.18207265967601e-07,0.000804011152634178,0.00257605862121442,7.27468291287333e-06,6.9670034330681e-06,3.47672450744167e-12,4.09111343529948e-06,1.09026816916937e-05,-3147.56081361323,0.0774712816101327,0.0643359173363061,1,0.43922701648261
"quadratic",1600,"sir_laplace",179,14.873,3270.89643531913,3265.22294301158,126.713661446593,140.207650650415,6892.38863021322,3485.6091723703,6817.09271061218,3069.15430239437,219.921766645541,219.540304108894,8.51971098276026,9.4269919081836,463.416165549198,458.353574303246,0.00137250959694379,0.00133309949035499,1.14958870991092e-07,0.000763144571464791,0.00207062748861598,7.35337943527355e-06,7.1747239192214e-06,2.41885399471886e-12,4.41858506123866e-06,1.02756592278751e-05,-3175.43318525821,0.0965510699078242,0.0764068061176008,0.98,0.428959636813599
"quadratic",1600,"sir_laplace",17,14.91,3199.82535023948,3125.44057475617,102.715708896451,107.671231127157,6847.20778973528,3331.26619930399,6710.13830083754,2937.65070204096,214.609346092521,209.620427549039,6.88904821572439,7.22141053837403,459.235934925236,450.042810250674,0.00128216022288133,0.00123471871637908,1.08225694312798e-07,0.000723955930916066,0.00192283041782799,7.21464461729302e-06,6.96458576943618e-06,3.40426583525427e-12,4.15322034562223e-06,1.10519918914997e-05,-3181.69149153357,0.075672000304064,0.0586153887650957,1,0.421378095859285
"quadratic",1600,"sir_laplace",180,14.874,3141.90894174799,3174.36387213836,83.2583235192369,127.451720579032,6993.9694822125,3189.5090424189,6937.04373168374,2901.59407812543,211.234969863385,213.416960611695,5.59757452731188,8.56875894709103,470.214433387959,466.387234885286,0.00135349743558367,0.00128923884250854,1.63653788611126e-07,0.000681434528195526,0.00208910408756044,6.98933993259349e-06,6.6777704679029e-06,2.95687884606632e-12,4.23598910377704e-06,1.05265653043965e-05,-3155.5837389315,0.0746099190631785,0.056071583557249,0.984375,0.423471191240204
"quadratic",1600,"sir_laplace",181,14.668,3474.23497064453,3639.31571380596,81.7790399894314,68.2406409502266,7063.25470625744,3394.51720302467,7044.81883978047,3047.08355453968,236.858124532624,248.112606613442,5.57533678684425,4.6523480331488,481.541771629223,480.284894994578,0.00141640945062477,0.001364756352828,1.57568459623458e-07,0.000698297175530309,0.00221458406641607,6.82434020175528e-06,6.63550919439033e-06,2.55213906612504e-12,4.08928022544946e-06,1.03831594204908e-05,-3163.23167420663,0.0779941661479725,0.0626314862187384,1,0.429208097354112
"quadratic",1600,"sir_laplace",182,14.759,2768.60579314012,2844.51205909561,91.9633611793575,113.004954467789,6923.14070073665,2846.12941949673,6865.76103640733,2621.61382468894,187.587627423275,192.73067681385,6.23100218032099,7.65668097213827,469.079253386859,465.191478854078,0.00136423008791198,0.00130914817076921,1.34140786360696e-07,0.00072965302949873,0.00209328735992079,7.17566057639987e-06,6.93021165567159e-06,2.75705103232386e-12,4.42045759006032e-06,1.05191535703447e-05,-3142.86872912332,0.0827817956438324,0.0643067357700973,0.996875,0.42715783454223
"quadratic",1600,"sir_laplace",183,15.134,3449.2393361116,3551.4034335288,126.66994906276,172.650541428242,7093.01666505466,3503.51359609247,7038.09942974146,3247.58390236206,227.913263916453,234.66389807908,8.36989223356415,11.4081235250589,468.680895008237,465.052162662975,0.00132078189856539,0.00127914884039172,9.93363007453245e-08,0.000786798706359079,0.00195018900110949,6.55439850680597e-06,6.4061977513154e-06,1.8765936185118e-12,3.93922914795107e-06,9.16018031516013e-06,-3151.12375827552,0.073772804485218,0.0595499831977703,1,0.423605686253855
"quadratic",1600,"sir_laplace",184,14.944,3356.73267558509,3305.24500096767,47.6008569036107,142.81871041697,6946.66610411117,3465.62506175152,6878.85150211826,3131.80030528783,224.620762552536,221.175388180385,3.1852821803808,9.55692655359808,464.846500542771,460.308585527186,0.00133531888305398,0.00129585778519623,1.2363412277501e-07,0.000705419043615573,0.00203415655009621,7.09665143250366e-06,6.87296497819433e-06,2.81979990650978e-12,3.94810104782933e-06,1.02609500385457e-05,-3142.82745971749,0.103522196372455,0.0856023552957672,0.978125,0.426855331365547
"quadratic",1600,"sir_laplace",185,14.786,3220.10288992868,3177.79005177639,99.604100560301,92.4127711106066,7045.71604016722,3353.43699370915,6920.08787977264,2866.00652754458,217.78052819753,214.918845649695,6.73637904506297,6.25001833562874,476.512649815178,468.016223439243,0.0014441780747372,0.00139024866007722,1.68180490539686e-07,0.000786494994123223,0.00221051101975126,7.33097608034759e-06,7.07308771050811e-06,3.67520606916998e-12,4.13504874337551e-06,1.10912840328002e-05,-3144.69015496839,0.0964767709873654,0.0756764202361792,0.979375,0.430213465091715
"quadratic",1600,"sir_laplace",186,14.874,3014.52994878858,2828.70330229383,105.737680520175,139.099059173724,7054.67970118965,2270.95172974292,7026.58598520704,2668.33672434198,202.671100496745,190.177712941632,7.10889340595502,9.3518259495579,474.296067042467,472.407286890348,0.00144635868477531,0.00138993008682814,1.76440524049446e-07,0.000731433337825145,0.00228820053959737,7.00502915132489e-06,6.76462129416668e-06,2.87368868699721e-12,4.10471743046243e-06,1.02872864978017e-05,-3146.8279240953,0.082444017196368,0.0622599964605249,0.985625,0.433258869040923
"quadratic",1600,"sir_laplace",187,14.789,3437.56628577487,3143.91702897004,87.5178030194426,98.1214969432872,7141.4902230914,2920.84446741819,7159.58895262329,3137.71731105149,232.440752300687,212.584828519172,5.91776340654829,6.63476211666016,482.892029419934,484.115826129102,0.00156076115204429,0.00148102077808833,2.15880385694577e-07,0.000752904508066037,0.00253798255370166,7.27753948175456e-06,7.06406102517999e-06,3.01724214446474e-12,4.35420340894282e-06,1.08613684761704e-05,-3153.47476664457,0.0811696007311109,0.0642431597462528,0.995625,0.43652517489804
"quadratic",1600,"sir_laplace",188,14.97,3328.32419853467,3451.67191522411,99.1702005435767,127.998493021706,7127.09771259946,3494.46168854981,7140.02843504734,3161.61640971279,222.332945793899,230.572606227395,6.6245958946945,8.55033353518409,476.09203156977,476.955807284392,0.00142203547390063,0.00136900229687755,1.56323167809155e-07,0.0007103542594188,0.00219015502023045,6.71162581860879e-06,6.51736278065101e-06,2.38973875263463e-12,4.00920768354722e-06,9.72743302728011e-06,-3153.11919867867,0.0897050317236955,0.0747450217095204,1,0.426661124595921
"quadratic",1600,"sir_laplace",189,14.629,2896.70022967083,3253.01279855203,96.2375185335034,103.054874576147,7060.992015647,2997.65868535396,7073.35302092393,2851.13480019855,198.010816164525,222.367407105888,6.57854388772325,7.04456043312239,482.670860321758,483.515826162002,0.00146481823962772,0.00138364447419362,1.73502137629592e-07,0.00082878921698658,0.0023232835115384,7.00955548676871e-06,6.80313827913019e-06,2.68029445876186e-12,4.19652473764071e-06,1.03395287373431e-05,-3171.70421800859,0.0701799818783336,0.054355576837066,1,0.431399153231239
"quadratic",1600,"sir_laplace",18,14.608,3428.27057341082,3394.45747103566,57.7777469152985,91.5756732172355,7091.3142884494,3483.58745235405,7058.59743804207,3281.20319194764,234.684458749371,232.369761160711,3.9552126858775,6.26887138672204,485.440463338541,483.200810380755,0.00150374559159758,0.0014345785654372,1.91848999586853e-07,0.000777161334857537,0.00240768890415816,7.31584542285669e-06,6.97321054796152e-06,4.17840705285594e-12,4.09387347093427e-06,1.11810641026377e-05,-3154.83866474682,0.0783699224159023,0.0619416883529875,0.99375,0.434371720863065
"quadratic",1600,"sir_laplace",190,15.289,3011.13373211746,3021.57972969583,96.6026836773803,125.4560445421,6860.63524301598,3255.21306166981,6797.18577293358,2922.27774718739,196.947722684116,197.630958839416,6.31844356579111,8.20564095376416,448.730148670023,444.580140815853,0.00127720894058908,0.00124814862267701,1.08463789661167e-07,0.000703375785772902,0.00189742697986375,6.89389184932352e-06,6.7414266893334e-06,2.3990437169066e-12,4.13576089884652e-06,9.9008340123635e-06,-3129.76203018455,0.0820224530083372,0.0623299882201111,0.999375,0.423732257332848
"quadratic",1600,"sir_laplace",191,14.797,3120.93551402086,3206.68871177893,76.069387830217,115.4379673956,7228.38404468719,3093.23379709362,7186.95733404748,2799.16122005422,210.916774617886,216.71208432648,5.14086556938683,7.80144403565591,488.503348292708,485.703678721868,0.00173789675302435,0.00166820168231802,2.26101088573021e-07,0.000876360411031264,0.00269156974048284,8.06978208628177e-06,7.80185474846035e-06,4.04142540383929e-12,4.52246705296312e-06,1.21895795521902e-05,-3151.35000160545,0.0953651772998778,0.0721994070008295,0.9875,0.448770508031061
"quadratic",1600,"sir_laplace",192,15.29,3366.03344188621,3446.45970673135,33.4658937998404,136.374237096575,7021.80072481152,3482.04567269559,6958.25629363159,3201.49851963813,220.146072065809,225.406128628603,2.1887438718012,8.91917835818018,459.241381609648,455.08543450828,0.0014222089559233,0.0013601315439491,1.6345502946076e-07,0.000729428811209167,0.00222592211518861,7.16367637953925e-06,6.90127075271924e-06,3.16200170109127e-12,3.95929798471238e-06,1.07243539950157e-05,-3186.68148155858,0.0939864642277838,0.0761676899608646,0.97375,0.429033510161067
"quadratic",1600,"sir_laplace",193,14.815,3108.97996102725,3094.82589470468,82.2803266101337,150.214138327324,7000.69750537065,3177.16532497142,6982.3586772688,2973.89885636306,209.853524200287,208.898136665858,5.55385262302624,10.1393275954995,472.541174847833,471.303319424151,0.00135936655005785,0.00130636469302908,1.59407892762947e-07,0.000679636926293147,0.00217729055004332,6.75370907332732e-06,6.52308803985107e-06,2.55068115562836e-12,3.76685705227786e-06,9.84069906817446e-06,-3169.93054088715,0.0798705133520343,0.0651426877640802,0.995625,0.424641232465822
"quadratic",1600,"sir_laplace",194,14.864,3012.65193891742,3049.32364223316,89.5000325167547,130.935934162108,7142.66050068306,2957.82439338656,7180.13145200616,2892.83992970866,202.681104609622,205.148253648625,6.02126160634787,8.80892990864561,480.534210218182,483.055129978886,0.0015832740239025,0.00151952449517365,2.26434446659993e-07,0.000761191532995131,0.00256669147379367,7.11462882111224e-06,6.88741632421103e-06,2.98895378034148e-12,4.05985525311552e-06,1.04869287081642e-05,-3126.37368208322,0.0772436707996684,0.0602008455805552,0.9925,0.438549632914382
"quadratic",1600,"sir_laplace",195,15.041,3480.45272742018,3400.34063538201,34.565440392216,88.8906561046241,7178.59924343,1855.31547963507,7261.26783246718,2945.67068901773,231.397694795571,226.071447070142,2.29808127067456,5.90989004086325,477.268748316601,482.764964594587,0.00161150837909646,0.00155499886450715,1.99067641479624e-07,0.00084695052182665,0.00247583652936465,7.11319432065347e-06,6.92504834181788e-06,2.82732962336264e-12,4.08689709323679e-06,1.0724193989963e-05,-3136.02168067176,0.0904367708119389,0.0719335633853666,0.985625,0.440187659544208
"quadratic",1600,"sir_laplace",196,15.095,3087.94588596686,3003.29762214748,140.20297145759,57.0922392637284,6976.1993167437,3254.46518030715,6859.50636707731,2929.14132152904,204.567465118705,198.95976297764,9.28804050729314,3.78219538017412,462.152985541153,454.422415838179,0.00130472511614602,0.00126461301270504,1.03624930590585e-07,0.000739169562197424,0.00196663433610556,7.04640461543801e-06,6.78506162673369e-06,2.70667654566128e-12,4.28407336688105e-06,1.04906519840813e-05,-3188.17149528014,0.0869419998336811,0.07133645257121,0.991875,0.42053266170349
"quadratic",1600,"sir_laplace",197,14.941,2613.38653144727,2670.8958628335,110.503238212021,157.042964506349,6890.65385882438,2692.33597888906,6775.18886661965,2467.23831625209,174.913762897214,178.762858097416,7.39597337608067,10.5108737371226,461.190941625352,453.4628784298,0.00128628999723258,0.00124467567648463,1.2025214531373e-07,0.000709859774909057,0.00199046189216213,6.85857633882331e-06,6.7172548619989e-06,2.28521356304345e-12,4.03549038632728e-06,9.74790119147643e-06,-3148.01004529921,0.0768089305233675,0.0606865848230531,0.990625,0.422333456974248
"quadratic",1600,"sir_laplace",198,15.33,3028.48527682881,2847.33722612465,83.3790808198521,66.9700551542385,6985.80067718985,3188.62351055087,6890.88982605866,2741.49303743151,197.552855631364,185.736283504543,5.4389485205383,4.3685619800547,455.69476041682,449.503576389997,0.00132993865805247,0.00128897786159461,1.22981375294461e-07,0.000675428801483433,0.00199930744907443,6.90578138428007e-06,6.71957701985457e-06,2.3678663617767e-12,4.36923238070156e-06,1.02285391530777e-05,-3144.2738372731,0.0837762379306982,0.0661372619281364,0.98875,0.421285369178774
"quadratic",1600,"sir_laplace",199,14.82,2819.71881785879,2767.54420110701,21.7829620753958,15.5131845358673,7015.42856994089,2911.15169568329,6945.80737059376,2531.60843376467,190.264427655789,186.743873219096,1.46983549766503,1.04677358541615,473.375746959574,468.677960228998,0.00135260840742249,0.00130286939729164,1.23187242203245e-07,0.000767363143974294,0.00206146945103603,6.82867566950889e-06,6.66656760595388e-06,2.32320567261973e-12,4.19984121125544e-06,9.81032620476675e-06,-3108.50584769987,0.088570064080293,0.0706396961153036,0.99375,0.427925571727794
"quadratic",1600,"sir_laplace",19,14.891,3304.13099675258,3295.28414510025,67.0309741397207,108.490787126291,6976.79219427986,3504.81775126354,6888.29390774569,2873.73321771608,221.88778434978,221.293677059986,4.50144208849108,7.28566161616353,468.524087991395,462.581015898576,0.00141417228743918,0.00136021800763834,1.47688638853626e-07,0.000786521930006496,0.00220892904108471,7.33945238365925e-06,7.06601081328737e-06,3.70095205761839e-12,4.20549652185473e-06,1.14539179978379e-05,-3151.12853136663,0.0906410377960544,0.0703671401019283,0.99625,0.429530511608325
"quadratic",1600,"sir_laplace",1,14.892,3040.85642646034,3037.11471248061,104.514391566845,65.5812319426223,7084.88535639384,3087.11599948245,6993.41070031247,2752.94298750398,204.19395826352,203.942701617017,7.01815683365866,4.4037894132838,475.751098334263,469.608561664818,0.00138226989660174,0.00134358416693977,1.36521963389496e-07,0.000739506691607009,0.00210089185531535,7.01968610000454e-06,6.76203811261601e-06,3.00927400330143e-12,4.12707838334149e-06,1.0547454488083e-05,-3215.73429660517,0.0766047379477085,0.0591728135018116,0.99,0.425153361652051
"quadratic",1600,"sir_laplace",200,14.821,3115.34321402118,3085.74272006043,108.96854808472,138.20965358182,7001.27381194729,3259.7010407735,6934.01879672015,2997.37091570286,210.197909319289,208.200709807734,7.35230740737604,9.32525832142365,472.388759999142,467.850941010738,0.00137414001725958,0.00132215735731387,1.41570349454383e-07,0.000786976265780478,0.00216358231247042,6.98195206963542e-06,6.8147669268217e-06,2.33259630505562e-12,4.35582969509026e-06,1.02785177081257e-05,-3146.96149230798,0.0901894421023594,0.0703612554731744,0.984375,0.429048725533937
"quadratic",1600,"sir_laplace",20,14.778,3326.40123613514,3314.57461149422,71.4661238848341,124.250171708565,6846.62619884215,3440.39925637262,6853.49942992098,3095.30341968658,225.091435656729,224.291149783071,4.83598077445081,8.40777992343788,463.298565356757,463.763664225266,0.00139028387420411,0.00130863544434374,1.92467420412633e-07,0.000680492395817446,0.00227605174988068,7.12192828039399e-06,6.92437344847319e-06,2.45273223202819e-12,4.41878443138195e-06,1.03117973364318e-05,-3136.51347109047,0.0742015872013818,0.0561113619649597,0.9975,0.426167092479125
"quadratic",1600,"sir_laplace",21,14.992,2818.95536974429,2895.45050524162,70.1846327256574,140.566288643812,7280.16238260346,2820.24388702037,7118.44924519773,2641.19763634587,188.030640991481,193.133037969692,4.68147230027064,9.37608648904832,485.603147185396,474.81651848971,0.00155377895908025,0.00147171921134386,2.17636578449961e-07,0.000779671424476482,0.00248985839630917,7.11698005792451e-06,6.91566302714336e-06,2.77429133960162e-12,4.17824285043344e-06,1.02991553473635e-05,-3181.60935601785,0.0938445653736151,0.0769209552039282,0.98875,0.435628365276801
"quadratic",1600,"sir_laplace",22,15.299,3475.28012718359,3292.10880061591,76.7446126695345,81.3149542162267,7108.83170949156,3350.83500210377,7129.84433521081,3231.71426704212,227.157338857677,215.184574195432,5.01631561994473,5.31505027885657,464.659893423855,466.03335742276,0.00147924573785086,0.0014336145697089,1.78603629672351e-07,0.000782254950990751,0.00232122482351592,7.34406130461256e-06,7.00468708881452e-06,3.49761484283752e-12,4.28513305365823e-06,1.10833391061176e-05,-3183.83780732998,0.0891823016699008,0.0726507268025287,0.97875,0.42928320427386
"quadratic",1600,"sir_laplace",23,14.777,3914.69760536299,3706.55088724269,80.253134196627,120.260874361838,7249.89955319756,3446.21714029137,7433.46542684105,3610.52780340521,264.918292303106,250.832434678398,5.43094905573709,8.13838224009188,490.620528740445,503.042933399272,0.00176829821508652,0.00168844271229699,3.0137872446324e-07,0.000840744996732136,0.00292905317977243,7.49533436227404e-06,7.27087936814206e-06,2.66763012659411e-12,4.5757723640771e-06,1.08291643492032e-05,-3151.80196133261,0.0897812818309023,0.0691805061056167,0.979375,0.447494683949676
"quadratic",1600,"sir_laplace",24,15.22,3423.23037818502,3183.32117033729,94.4911296029091,103.321884429119,6939.6298570599,3590.69286124911,6913.63072351112,2797.87787123611,224.916582009529,209.15382196697,6.20835279913989,6.78856008075683,455.95465552299,454.246433870639,0.00132828576458882,0.00127608496767189,1.48966605403452e-07,0.000695002536502223,0.00208039953421201,6.90686129347207e-06,6.70508115620002e-06,2.80540014322802e-12,4.17362179519141e-06,1.01287659141707e-05,-3162.73854338759,0.0777212261790435,0.0626631262918326,0.999375,0.423298461014744
"quadratic",1600,"sir_laplace",25,14.822,3400.54254654862,3385.93994902864,95.0045024648316,96.8476152657702,7073.64098111839,3528.67724852662,7064.20792378785,3220.04505235222,229.425350596992,228.440153085187,6.40969521419725,6.53404501860546,477.239305162487,476.602882457688,0.00146834054500334,0.00141253956187857,1.75089212418863e-07,0.000785263411355428,0.00238663874747298,7.10350518906409e-06,6.90117094547246e-06,2.54518240274544e-12,4.34584232791476e-06,1.01989147026126e-05,-3187.66006920036,0.0765577552115865,0.0573885558715447,0.9925,0.432353657213236
"quadratic",1600,"sir_laplace",26,14.905,3379.06809446353,3513.65625352592,50.2637591942665,77.7457480384159,7048.8342798584,3185.90284294414,7043.35823036218,3256.4677285433,226.707017407818,235.736749649508,3.37227502142009,5.21608507470083,472.917429041154,472.550032228258,0.00141682326012252,0.00136320522691994,1.80602808067824e-07,0.000710292099427086,0.00230740565605453,6.91455057645369e-06,6.70490029295049e-06,3.29241865020996e-12,3.8676516756648e-06,1.00963223698818e-05,-3205.30969031039,0.0867485323466802,0.0686424501949142,1,0.427395008345538
"quadratic",1600,"sir_laplace",27,14.582,3471.68666015226,3440.38993045713,95.1865700584117,129.18658491898,7243.34825189892,3570.43042792522,7156.95829765683,3365.3797979072,238.080281179006,235.934023484922,6.52767590580248,8.85931867500894,496.732152784181,490.807728545935,0.00156848265518607,0.00150210500545814,1.98215202033888e-07,0.000803055209920532,0.00243047348526407,7.40791309661037e-06,7.19092719138505e-06,3.24416574125372e-12,4.25893800342309e-06,1.10415661471637e-05,-3207.06541971835,0.0816138613076908,0.0656495364044201,1,0.43724663160594
"quadratic",1600,"sir_laplace",28,14.924,3118.05701899522,3210.16341611191,85.7429924676652,90.0181236001061,7099.07081957375,3229.25561371561,7017.98545620199,2958.55323352117,208.92904174452,215.100738147407,5.74530906376744,6.03176920397387,475.681507610141,470.248288408067,0.00139876465302444,0.00134469919585021,1.42617170471084e-07,0.000765669373184864,0.00218714802361483,6.94884659898577e-06,6.76211505651271e-06,2.50370049594889e-12,4.14748181791074e-06,1.01784505671968e-05,-3179.65828534953,0.0922623117387024,0.0763315037728705,0.994375,0.426048051069763
"quadratic",1600,"sir_laplace",29,14.844,2743.97006992017,2934.15531782666,99.932485106691,128.777646703524,6929.38037951275,2827.13526122885,6782.898505486,2539.27395038215,184.853817698745,197.666081772208,6.7321803494133,8.67540061327968,466.813552917862,456.945466551199,0.00129853163130423,0.00125651315661042,1.10113043885673e-07,0.000711736678056508,0.00193702941843852,7.07649282172547e-06,6.86141022664707e-06,2.44172901771489e-12,4.36112687837706e-06,1.03166563179622e-05,-3160.47546797154,0.0758662633399396,0.0591238270669658,0.985625,0.418979964697211
"quadratic",1600,"sir_laplace",2,14.978,2832.94609117304,2941.0461763496,105.79999593294,116.855815263727,7056.22501112037,2933.67541569163,6956.19054883559,2591.05838135863,189.140478780414,196.357736436747,7.06369314547606,7.80183036878937,471.105956143702,464.427196477206,0.0013916272202853,0.00134854125796582,1.44591887023727e-07,0.000727947788499453,0.00216470726169497,6.9427112258483e-06,6.73993797078745e-06,2.87550756578593e-12,3.96189775895347e-06,1.03306833995663e-05,-3171.72702619418,0.0990258393122076,0.0840915031095373,0.999375,0.429234889828474
"quadratic",1600,"sir_laplace",30,14.909,3290.52592137109,3274.34318207126,94.3177607272223,117.334235895668,7135.06142761607,2682.35162591758,7095.48659157291,3066.68141558611,220.707352697772,219.621918443307,6.32622984286151,7.87002722487545,478.574111450538,475.919685530412,0.00147447882478515,0.00141057602761336,1.53311282835414e-07,0.000795816201443569,0.00222200186488447,7.06897473012532e-06,6.84959305746044e-06,2.79897972447657e-12,4.19427981812981e-06,1.04205889301074e-05,-3156.90709663712,0.0904390715358982,0.073401051706775,0.995,0.429441299120309
"quadratic",1600,"sir_laplace",31,15.226,3418.30770067438,3294.34755398155,95.1579092687884,92.8740195357506,7204.50162838373,3560.63780631518,7139.62875884648,3030.78626860887,224.504643417469,216.363296596713,6.24969849394381,6.09969916824843,473.170998843014,468.910334877609,0.00149631283435608,0.00143742410510983,1.82544374643642e-07,0.0007262213556293,0.00237509124786848,6.99368012083079e-06,6.79780671353399e-06,2.63795527152604e-12,4.27609781412703e-06,1.03513456149e-05,-3158.19643407644,0.095104026392889,0.0728698107791719,0.960625,0.433480368079093
"quadratic",1600,"sir_laplace",32,15.124,3927.88411485542,3815.68452347626,59.4166982749176,137.356612357453,7342.8213089021,1908.28588039751,7343.56746583495,3613.22524448357,259.711988551667,252.293343260795,3.92863649001042,9.0820293809477,485.507888713442,485.557224665098,0.00177284440693007,0.00169322613390336,3.15057586791668e-07,0.000735036208002825,0.00280129848571991,7.43696412144994e-06,7.16041054292939e-06,3.22520073986115e-12,4.43603023815274e-06,1.10652776668436e-05,-3166.46998115076,0.0921812866987165,0.0780517443579753,0.985625,0.445974259824982
"quadratic",1600,"sir_laplace",33,14.855,3255.46216683288,3242.10575060757,91.1148656160735,148.889947708823,6934.23171175637,3266.8493791641,6829.67112921854,2911.53881053315,219.149253909988,218.250134675703,6.13361599569663,10.0228843964203,466.794460569261,459.755713848437,0.00132399137247936,0.00124384979363428,1.47667576400209e-07,0.00071974752346921,0.00208522611956944,6.84856620781764e-06,6.66818656126508e-06,2.23193400176278e-12,4.05777576486786e-06,9.94527500036946e-06,-3164.34734487772,0.0978867402853805,0.07863805259373,0.990625,0.42566863014853
"quadratic",1600,"sir_laplace",34,14.98,3315.06851883827,3210.44955896617,93.0586993685121,97.7499266748692,6892.60772549879,3507.85624920115,6789.2038469799,3045.09645682074,221.299634101353,214.315724897608,6.21219621952684,6.52536226133973,460.120675934499,453.217880305734,0.00127202392354279,0.00122346848572054,1.14961558438592e-07,0.00068306823112361,0.00192698214755041,6.64882408220882e-06,6.46040651507014e-06,2.48735125591715e-12,3.89835346688691e-06,9.83501360853235e-06,-3194.45143004624,0.0808999624867266,0.0632127509666954,0.98875,0.421509690640114
"quadratic",1600,"sir_laplace",35,15.22,2911.07514440026,2862.92126556208,76.1416289467784,140.580936101018,7070.48709640701,2603.46898872984,6993.59761165375,2538.64779211222,191.266435243118,188.102579866102,5.00273514762013,9.23659238508658,464.552371643036,459.500500108656,0.00150172979132536,0.0014232446977856,1.96554243879857e-07,0.000797522669576964,0.00242978507352634,7.31957320056675e-06,6.9947318171668e-06,3.58468613812914e-12,4.24588062960974e-06,1.11778903891028e-05,-3170.75257205804,0.082785029258502,0.0641569317536301,0.9825,0.432282434736847
"quadratic",1600,"sir_laplace",36,14.8,3211.26084612151,2860.27384792159,123.49287640364,104.557917751572,6875.15568298694,3400.51125472021,6835.65081794792,2488.36359479524,216.9770841974,193.261746481189,8.34411327051622,7.06472417240354,464.537546147766,461.868298509995,0.00131237755385095,0.00126053187990759,1.23784027831278e-07,0.000724144186143097,0.00198447144238533,7.03519038464453e-06,6.78004819730733e-06,3.11619456952224e-12,4.02508308031955e-06,1.05182439703951e-05,-3182.49333827531,0.0934754215269616,0.0765939223777956,0.989375,0.421992630518843
"quadratic",1600,"sir_laplace",37,14.801,3223.69398741082,3117.70262001932,93.7174570317091,158.031131847452,6971.76578338872,3379.58286293216,6838.11558911654,2735.7934123756,217.802444930128,210.641349910095,6.33183278371118,10.6770577560605,471.033429051329,462.003620641615,0.00135479640820387,0.0012959074550508,1.31438875631092e-07,0.000724258137767482,0.00210056316584163,7.23612035358031e-06,7.04325253827571e-06,2.79448070829649e-12,4.28556009490231e-06,1.04478571733356e-05,-3127.17586667486,0.0955923078965647,0.0764904232039812,0.9825,0.425876155688221
"quadratic",1600,"sir_laplace",38,15.061,3059.11993589068,2945.62270061968,104.882332719667,154.47766756981,7176.33966649213,3163.51519536228,7094.60860499585,2714.9490612612,203.115326730674,195.579490114845,6.96383591525576,10.2568001839061,476.484939014151,471.058270034915,0.00150103418670327,0.00144794863676309,1.68320387151763e-07,0.000807315790366052,0.00230324905042518,6.91466871242356e-06,6.73113139099264e-06,2.12839029353927e-12,4.31389510366964e-06,9.76271482645932e-06,-3141.60541880333,0.0907416139240354,0.0668368742576968,0.985,0.435717758809711
"quadratic",1600,"sir_laplace",39,15.164,3505.12175058365,3185.51659182942,117.878969931233,158.087003472219,7003.74714186012,3314.987101036,6905.28552806589,2804.63450134738,231.14756994089,210.070996559576,7.77360656365291,10.4251519039976,461.866733174632,455.373616991947,0.00129754101800339,0.00127375418221184,1.15464435668229e-07,0.000668234021921273,0.00193228574744207,6.70199858575775e-06,6.49913336540238e-06,2.37629745379841e-12,3.95411861970911e-06,9.74413116351494e-06,-3189.62763732674,0.0726654684068421,0.0552463916128383,0.978125,0.419165332230955
"quadratic",1600,"sir_laplace",3,14.85,3295.19385120071,3248.81687009407,95.5813714511148,107.410324032901,6943.26877692573,3314.3508119523,6945.41170288262,3118.68731056689,221.898575838431,218.775546807681,6.43645598997406,7.23301845339399,467.560186998366,467.704491776607,0.00139673899625274,0.00131581269636135,1.8710653342569e-07,0.000738589612689598,0.00232851449618014,7.02984564048536e-06,6.85405537249093e-06,2.69131680700051e-12,4.23974735516515e-06,1.00921147983493e-05,-3150.29634379478,0.0865004190501812,0.0697576671622747,0.996875,0.428146012683481
"quadratic",1600,"sir_laplace",40,14.847,3006.20853546347,2941.23247588475,110.341854562912,120.132597890381,6973.77497285198,3150.98114920271,6956.61108612999,2730.83421633251,202.479190103285,198.102813759328,7.43192931655636,8.09137185225167,469.709367067555,468.553316234255,0.0013825837439861,0.00130955133169201,1.65766819032725e-07,0.000734876517499673,0.00220939833614514,6.89827423761935e-06,6.68377640390873e-06,2.64973843492369e-12,4.14756279888304e-06,1.00250519379174e-05,-3158.60738113067,0.0965509441549678,0.0710702887697576,0.98875,0.427755706840087
"quadratic",1600,"sir_laplace",41,15.074,3448.26790570491,3401.05241133468,64.0315564291663,133.774244439422,7139.20390194672,3467.39412915015,6951.83161752962,3062.10828716238,228.755997459527,225.62375025439,4.24781454352967,8.87450208567214,473.610448583437,461.180285095504,0.00154950123550714,0.00147937141133224,1.64030799946767e-07,0.000880113732604768,0.0023586273962387,7.53614700110712e-06,7.25975626710311e-06,3.28162699705076e-12,4.45242381720105e-06,1.10085385839774e-05,-3092.96025089199,0.107546523188397,0.0862641078291897,0.963125,0.439312527064452
"quadratic",1600,"sir_laplace",42,15.064,3342.43790969073,3307.31905573289,89.5171111979804,80.2562848376733,7096.05249344823,2726.81789101301,7104.23144310377,3038.50220859439,221.882495332629,219.551185324807,5.94245294729026,5.32768752241591,471.060308911858,471.60325564948,0.00149064742192895,0.00141836131334807,1.77960875682943e-07,0.000773507581911309,0.00234982619933577,7.13369131656992e-06,6.88656485710614e-06,2.99471946441743e-12,4.02899987661345e-06,1.05822245928587e-05,-3130.81885363197,0.0926706771977091,0.0721226620503654,0.98625,0.436267482617644
"quadratic",1600,"sir_laplace",43,14.993,2687.89536641305,2849.57487848644,81.8377496512124,120.172444994884,6992.86293848671,2824.45198209568,6945.9138724987,2602.91803783283,179.276686881415,190.060353397348,5.4583972287876,8.01523677682148,466.408519875056,463.277120822964,0.00131089579044356,0.00127559360485404,1.05087771997204e-07,0.000774959948180038,0.0020005597364881,6.75570157797794e-06,6.52152660962361e-06,2.38665268160917e-12,4.1159302400514e-06,9.83177185769955e-06,-3123.37443410297,0.0915966548650302,0.0725487011771735,0.97875,0.425226240847835
"quadratic",1600,"sir_laplace",44,14.902,3097.25621241585,3083.64371748634,86.2818933215532,99.5190140701316,7157.58361424807,2248.78342857364,7130.2779766212,2878.83349730496,207.841646249889,206.928178599271,5.78995392038338,6.67823205409553,480.310268034363,478.477920857684,0.00146739926270799,0.00141444596898259,1.6739198640022e-07,0.00075165869711484,0.00226509594428223,6.93597846473647e-06,6.67373725918216e-06,2.85747302292253e-12,4.10948432448467e-06,1.04267383834735e-05,-3140.39149746024,0.0822781818510328,0.064853846634993,0.98875,0.429061259958834
"quadratic",1600,"sir_laplace",45,15.185,2845.7705916891,2745.6105446422,73.1828913163764,115.20327129072,6979.86031164263,2906.91568054598,6941.96083057175,2504.33233283462,187.406690265993,180.810704289904,4.81941990888221,7.58664940999146,459.654943144065,457.159093221715,0.00141509066067513,0.00135419835191547,1.49498717306895e-07,0.000755070779039999,0.00219959900928628,7.2285979914372e-06,7.03644166772251e-06,2.96628835972177e-12,4.22132041498321e-06,1.06389704078676e-05,-3160.91049884516,0.100331219746151,0.0768187652332671,0.97625,0.428733286452282
"quadratic",1600,"sir_laplace",46,14.708,3406.97839108483,2751.247364053,109.641504139076,133.590201748057,7082.83900625497,3506.95762881545,7017.34669779561,2788.08209285722,231.641174264674,187.057884420247,7.45454882642619,9.08282579195384,481.563707251494,477.110871484607,0.00143423338706253,0.00139358871684894,1.51058030705912e-07,0.00070945499044335,0.00226513711405499,7.22042457925491e-06,6.92827836967216e-06,3.03576687778478e-12,4.26883294248542e-06,1.05833328491534e-05,-3180.89463433283,0.0857826397751957,0.0676895448714745,0.986875,0.427064810231912
"quadratic",1600,"sir_laplace",47,14.602,3589.00524899456,3517.2630132655,33.3254940572885,87.3958358524363,7083.53526541506,1826.27710782981,7235.15892806728,3167.36661413169,245.788607656113,240.87542893203,2.282255448383,5.98519626437723,485.107195275651,495.490955216222,0.00156075527998444,0.00148430939572652,2.36132418142277e-07,0.000706548802986956,0.00252879976438097,7.13757304084156e-06,6.90802741758057e-06,3.28699996645445e-12,3.83361508495575e-06,1.04972218850997e-05,-3159.43791573936,0.0924886428661167,0.0740396176424334,0.998125,0.436254161887357
"quadratic",1600,"sir_laplace",48,14.779,3634.81743482153,3777.5147426126,87.1476761042157,107.5947039077,7199.78993078526,2461.53563917731,7332.05416465449,3476.75783201348,245.944748279419,255.600158509547,5.89672346601365,7.28024250001356,487.163538181559,496.113009314195,0.00170491997532296,0.00163338869041354,2.80737367461261e-07,0.000748658992051533,0.00274506068728699,7.24570711239294e-06,6.91701660852772e-06,3.20035746372356e-12,4.36907568287579e-06,1.04506960822647e-05,-3183.52287239576,0.0935294459034761,0.0752940474224131,0.97875,0.443255493776819
"quadratic",1600,"sir_laplace",49,15.174,2912.83262235547,3099.07068737442,68.3026325237868,171.121176637047,6882.71765634864,3052.8501023788,6809.18642758924,2881.94107037925,191.962081346743,204.235579766338,4.50129382653135,11.2772622009389,453.586243333903,448.740373506606,0.00129572970697618,0.00123638008394052,1.3972655585159e-07,0.000681106602005533,0.00207432608771071,6.80263828802235e-06,6.66492304435789e-06,1.9418927024604e-12,4.35780083558967e-06,9.5883708122705e-06,-3164.79208969017,0.0772658839878472,0.0618168964699369,1,0.422704041221433
"quadratic",1600,"sir_laplace",4,15.076,2860.13409675215,2773.44660863195,33.156179220482,101.810511452926,7043.62831980145,2863.77390302024,7008.71612452439,2399.30077707363,189.714386889901,183.964354512599,2.19926898517392,6.7531514627836,467.208033948093,464.892287378906,0.00145854186808752,0.0014088154958663,1.58332409480151e-07,0.000746275484820899,0.00229755153089642,6.97418699944983e-06,6.6728741925656e-06,3.40902842855323e-12,3.81037418491297e-06,1.07291330758664e-05,-3170.93979412382,0.0986426251446009,0.0769217638403882,0.966875,0.432321511938298
"quadratic",1600,"sir_laplace",50,14.892,3586.3177748365,3451.49921085777,57.4420499797323,134.053593013096,7062.95951083628,3738.49236603107,7042.62559317823,3159.32523638398,240.821768388161,231.7686819002,3.85724214207174,9.00171857461024,474.27877456596,472.913348991286,0.00145903496543479,0.00140159278176055,1.88735999494399e-07,0.000716872054791649,0.00232137921940314,6.74607637518018e-06,6.50984441491819e-06,2.71055343463263e-12,4.04612705061782e-06,1.01672645274348e-05,-3131.77605313167,0.0834375762451937,0.0669647102724616,0.9725,0.429744905606798
"quadratic",1600,"sir_laplace",51,14.881,2992.12097397534,3085.88438948302,88.3241120528651,201.78072392881,7020.53711378723,3120.45755306277,6999.54907325738,2953.4269717378,201.069886027508,207.370767386803,5.93536133679626,13.559621257228,471.778584355032,470.368192544679,0.00137372393493535,0.00129850639487412,1.79952937301815e-07,0.000659350230872222,0.00218509472347496,6.70954793112615e-06,6.45926385737282e-06,2.36296841649113e-12,4.1693931200358e-06,9.87716661197012e-06,-3135.26930506354,0.076688326544701,0.0619612155917828,1,0.427749193633566
"quadratic",1600,"sir_laplace",52,14.854,3341.87140787025,3139.65767279452,80.363579390306,164.494515180704,6971.16915237969,3497.28847152182,6960.56924176474,2949.94968944414,224.981244639172,211.367825016462,5.41023154640541,11.0740888097956,469.31258599567,468.598979518294,0.0014449689154756,0.00137194889084467,1.78490694986589e-07,0.000770282856298462,0.00231626284862121,7.44216666587737e-06,7.20326088778363e-06,3.29853849304426e-12,4.25729200555111e-06,1.09631228063985e-05,-3106.99022853437,0.100274331318917,0.0815773453020863,0.985,0.436157765843343
"quadratic",1600,"sir_laplace",53,14.746,3640.46639433366,3639.90026043508,75.5866669523348,129.634832168561,7252.4942789481,2376.89221353412,7254.60626274639,3443.09009005218,246.878231000519,246.839838629803,5.12590987063169,8.79118623142279,491.827904445145,491.971128627858,0.00171468558988646,0.00163194574661738,2.86542332937215e-07,0.000800858671419506,0.00272986861638012,7.44431171158196e-06,7.19530099706438e-06,3.45053636581939e-12,4.36313660306926e-06,1.12584800004988e-05,-3146.21800145106,0.0977775601550079,0.0780476191700956,0.980625,0.445998733775115
"quadratic",1600,"sir_laplace",54,15.18,3203.10820311751,2968.42536417408,69.6895197995857,147.513096779658,6752.18170006261,3009.63592727045,6698.32351408348,2847.73865600267,211.008445528163,195.548442962719,4.59087745715321,9.71759530827786,444.807753627313,441.259783536461,0.00127018840347525,0.00121091195525278,1.30484579776427e-07,0.000641591531058424,0.00200785747375811,6.78459365867239e-06,6.52979089637074e-06,2.45797806408649e-12,4.19306186143759e-06,9.99471104755409e-06,-3150.18358822067,0.0769726963041251,0.0635991610789179,1,0.420053746169095
"quadratic",1600,"sir_laplace",55,15.118,3155.27881437532,3221.97503871926,142.145325014355,94.3751124391949,7089.65797375112,3225.40794147947,7061.70592435981,3018.29413717388,208.710068420116,213.121777928248,9.40238953660239,6.24256597692783,468.954754183829,467.105829101721,0.00140815340996083,0.00136366864764569,1.12132993221573e-07,0.000815530729646101,0.00207801987464162,7.08694123499447e-06,6.82067074088698e-06,3.75073220354303e-12,4.10644852039099e-06,1.03068047717647e-05,-3176.45322080269,0.0774901666762313,0.0602448491151752,1,0.430882085427813
"quadratic",1600,"sir_laplace",56,14.85,3585.57140274818,3501.1526830096,90.3521183324349,106.712277522112,7239.6360141836,3723.45483356885,7205.32649432977,3304.69362174883,241.452619713682,235.767857441724,6.0843177328239,7.18601195435099,487.517576712701,485.207171335338,0.00161343564574182,0.00156246856533135,2.12488013004177e-07,0.000784339708666461,0.0025647355266076,7.27919745183661e-06,6.98652089217841e-06,3.03101956559029e-12,4.41547123175275e-06,1.05656580645607e-05,-3154.0977684789,0.0854843441707851,0.0695524397465982,0.99625,0.44199451186587
"quadratic",1600,"sir_laplace",57,14.894,3181.2823139608,3250.81586823561,68.7154752469502,153.030541267555,6945.00598200895,3349.80988212864,6901.16729309522,3055.36533203274,213.594891497301,218.263452949887,4.61363470168861,10.2746435657013,466.295554049211,463.352174909038,0.00131415320738655,0.00124431674400774,1.37373799104622e-07,0.000714845011195038,0.00206121928563642,6.78216136640359e-06,6.63280755577178e-06,2.15408700347164e-12,4.19878056238207e-06,9.55819703208322e-06,-3154.15009223004,0.0875848159324662,0.0710821584308489,0.99125,0.423542820405683
"quadratic",1600,"sir_laplace",58,14.819,3672.97077048103,3716.99208200381,61.2061245751188,89.8604128880698,7272.93360694943,1960.340413008,7426.36765959556,3509.66831201794,247.855507826509,250.826107159984,4.13024661415202,6.06386482813076,490.784371884029,501.138245468356,0.00184787074368628,0.00175664819141335,3.32686541003187e-07,0.000836478987029437,0.0030163407051525,7.445698217519e-06,7.188221840461e-06,3.55121226473351e-12,4.13566362464218e-06,1.11677928271036e-05,-3181.50001732973,0.0791653830249071,0.0638232428659343,1,0.448710742716486
"quadratic",1600,"sir_laplace",59,15.038,3291.86921133233,3366.09701877968,61.5227597866057,67.4224254876991,7028.11709788102,3250.24611559037,6996.06231298084,3145.06981394447,218.903392162011,223.839408084831,4.09115306467653,4.48347024123547,467.357168365542,465.225582722492,0.00135737372612788,0.00130177191436819,1.64990601791936e-07,0.000635811246763311,0.00216148428055837,6.69453992849694e-06,6.51151823454546e-06,2.35287859372086e-12,3.96072311908679e-06,9.83719587209635e-06,-3170.65434717902,0.0697715867259937,0.0558866606126504,1,0.424108972218326
"quadratic",1600,"sir_laplace",5,15.26,3351.68635411543,3413.05842122471,72.050590088369,151.464035288961,7142.94884840835,3499.21843419562,7160.7047827989,3186.62126878035,219.638686377158,223.660447000309,4.72153277119063,9.92555932430938,468.083148650613,469.246709226665,0.00150298205484847,0.00142183936831192,1.87445082787482e-07,0.000791692209654529,0.00236257995050943,6.91503316617315e-06,6.65685581910107e-06,2.54823892664225e-12,4.11647671297307e-06,1.00810832794513e-05,-3165.95128647711,0.0945622421182331,0.0757070437662816,0.988125,0.433235642962091
"quadratic",1600,"sir_laplace",60,14.842,3427.11518430509,3507.21186314409,112.465112832903,127.059199595219,7049.54568327172,3587.36987759052,6931.82465645672,3355.71719536773,230.906561400423,236.303184418817,7.57749042129784,8.56078692866321,474.972758608794,467.041143811933,0.00137571868901058,0.00133552218728359,1.14408952181434e-07,0.000765810790315233,0.00204778303779832,7.04200569611465e-06,6.77093896731691e-06,2.93367201334905e-12,4.09054391001298e-06,1.05665400520718e-05,-3152.66382746901,0.0765116949799352,0.0640836466705414,1,0.427078814396758
"quadratic",1600,"sir_laplace",61,14.798,3105.71356386971,2981.21620855073,104.894764624605,139.771802356734,6960.03595498345,3231.48533259223,6873.80938699873,2745.00129030474,209.873872406386,201.460752030729,7.08844199382382,9.4453170939812,470.336258614911,464.509351736636,0.00133303117976426,0.00127097401821543,1.46712769409827e-07,0.000700474294720292,0.00211325192207938,6.80739750525319e-06,6.54200347285974e-06,2.45091906200759e-12,4.13458891312208e-06,9.87549389753473e-06,-3142.23950583549,0.0954963068757793,0.0761008461859657,0.97,0.423468501981555
"quadratic",1600,"sir_laplace",62,15.195,3463.62776659384,3539.13005257978,103.654111171542,116.376472000111,7119.16638697451,2299.24543665823,7295.05250816155,3338.49311772028,227.945229785709,232.91411994602,6.82159336436604,7.65886620599612,468.520328198388,480.095591191941,0.00169240077829426,0.00159191343639033,2.78404209368764e-07,0.000855466006641492,0.00277743783778951,7.49452097936315e-06,7.18488140918028e-06,3.14495089159445e-12,4.57211173973198e-06,1.12861868871686e-05,-3197.3251821008,0.096374869392872,0.0786776059293521,0.993125,0.44063724886113
"quadratic",1600,"sir_laplace",63,14.834,3212.75389371973,3188.38423925315,99.1834682161943,84.4766657802016,6980.96816565795,3334.06368818585,6814.89645474264,2898.03063495524,216.580416187119,214.937591967989,6.68622544264489,5.69480017393836,470.605916520018,459.410574001796,0.00148010723767382,0.0014040031100911,1.949683344526e-07,0.000779974798628472,0.00238883868693271,7.79303784247732e-06,7.56175503686159e-06,3.53446252523576e-12,4.38419352499371e-06,1.14976489320481e-05,-3134.93017384766,0.0961409112239953,0.0773991738144421,0.9725,0.433120989818784
"quadratic",1600,"sir_laplace",64,15.217,3292.85983528875,3386.96509392348,84.4671409684717,117.110762072604,7117.73764029771,2877.29569554987,7133.43272040584,3131.56838599149,216.393496437455,222.577715313365,5.55084057097139,7.69604797743339,467.749072767149,468.780490267848,0.00153919360659275,0.00148838576699483,1.84802658400483e-07,0.000777846841837108,0.00244627132518599,7.05342155668861e-06,6.71607295586954e-06,3.25218084743499e-12,4.15192839947514e-06,1.09259257011453e-05,-3132.4022051111,0.0893729318753116,0.0711185291618016,0.985625,0.434493496842325
"quadratic",1600,"sir_laplace",65,15.115,2755.57067693787,3058.69449388737,58.7771437241694,134.579275404132,6813.87852672753,2857.14232938335,6744.2053259374,2842.27523135113,182.307024607202,202.361527878754,3.88866316402047,8.9036900697408,450.802416587994,446.192876343857,0.00132389420230206,0.00126404984411328,1.57190474508272e-07,0.00060793743989494,0.00206013603833363,7.12198972525783e-06,6.88669571616893e-06,3.10972012841765e-12,4.12717436294468e-06,1.08260054499785e-05,-3174.08338875691,0.0881263825580186,0.0701557475017024,0.988125,0.425272783141907
"quadratic",1600,"sir_laplace",66,14.766,3313.75007450698,3318.76338534911,117.927740509622,99.2002406189412,7101.68919531835,3432.97886313892,7068.65042867147,2997.60694247138,224.417585975009,224.757103165997,7.98643779694039,6.71815255444543,480.94874680471,478.711257528882,0.0014465265749141,0.00136896499554622,1.84476002209333e-07,0.000744775581375937,0.00226065521679169,6.91923240900001e-06,6.74027406383261e-06,2.48794417934473e-12,4.14364890139134e-06,1.03534982020882e-05,-3177.67057479734,0.0834910182147801,0.0688862438258137,0.991875,0.429076442412979
"quadratic",1600,"sir_laplace",67,14.839,3257.31781130239,3264.27279758651,69.4950351228642,101.540897591464,7238.51592569132,3381.536010798,7186.92474378081,3089.51003981024,219.510601206442,219.979297633703,4.68326943344324,6.8428396516924,487.803485793606,484.32675677477,0.00159920865302808,0.00153674214115464,2.14384238866627e-07,0.000749458272374213,0.00249532455525549,7.53877977226861e-06,7.28895847779634e-06,3.18136616518532e-12,4.47231137418612e-06,1.11732696583175e-05,-3139.12143684135,0.0924814444946001,0.0740399864683654,0.99875,0.439623389465879
"quadratic",1600,"sir_laplace",68,14.861,3560.85703349401,3636.54269815931,60.1521791995359,98.4519348463109,7326.2548652682,1978.1815832592,7408.4487302252,3322.1766198656,239.610862895768,244.703768128613,4.04765353606998,6.62485262407045,492.985321665312,498.51616514536,0.00187290317548308,0.001805571841283,3.0731975323654e-07,0.000856824866196438,0.00297287801116079,7.34764877543817e-06,7.10396995092899e-06,3.27400460575699e-12,4.2741942049181e-06,1.11710337170056e-05,-3125.25647027899,0.107844536902145,0.0839524645594066,0.994375,0.454435036835391
"quadratic",1600,"sir_laplace",69,14.902,3172.2271401608,3118.6986410084,89.7476664034651,80.4958735649135,7091.09745981119,3312.48989867914,7032.38421101292,2886.47028354112,212.872576846115,209.280542276768,6.02252492306168,5.40168256374403,475.848708885464,471.908751242311,0.0014613939333971,0.00139714692662124,1.78858318650478e-07,0.000777300918478036,0.00231182553281266,7.32565413582719e-06,7.12260114950748e-06,3.33530983605928e-12,4.07026188007204e-06,1.10639971313709e-05,-3182.69484751037,0.0875877071709915,0.0697178713761381,0.981875,0.430703219753094
"quadratic",1600,"sir_laplace",6,15.243,3807.6681645133,3646.63967997614,77.9654727278672,128.250766445019,7218.53744476691,1763.38704350868,7353.88791302742,3479.77026576363,249.797819622994,239.233725642993,5.1148378093464,8.41374837269693,473.564091370919,482.443607756178,0.00159334804109075,0.00151975822931787,2.34171778900935e-07,0.00079070700907308,0.00261749782442706,7.03260903134216e-06,6.78736203318906e-06,2.85827024450523e-12,4.12227412139017e-06,1.05110139998211e-05,-3157.53925798063,0.0739034771091245,0.0594232494711093,1,0.436375433409546
"quadratic",1600,"sir_laplace",70,15.129,2898.99305947763,3056.85422853971,81.9735486251261,125.408950055732,7079.86972909864,3001.64825606738,7069.170783588,2797.07114886611,191.618286699559,202.052629290747,5.4183058116945,8.2893086162821,467.966800786479,467.259619511402,0.00149142139839279,0.00144712931941089,1.60845925181833e-07,0.000752413079627068,0.00226912261676021,7.22512853039846e-06,6.97794973530482e-06,2.74393544972558e-12,4.46817037035745e-06,1.05334427693705e-05,-3156.62561844912,0.107197250326682,0.0868303179436233,0.963125,0.435519909940821
"quadratic",1600,"sir_laplace",71,15.058,3368.69758490801,3490.94166351166,62.8833961854075,112.016236892623,7252.83287994735,3180.66884509112,7282.07382562905,3319.17648816185,223.714808401382,231.833023211028,4.17607890725246,7.43898505064573,481.659774202905,483.601661949067,0.00165823563514261,0.00159220302843374,2.12424550639523e-07,0.000880752011341673,0.00263605978426692,7.36113795604152e-06,7.11437605727285e-06,3.06242002342632e-12,4.43221805189645e-06,1.09402898501894e-05,-3152.5251248177,0.0976365710291189,0.0779792595034842,0.9825,0.442034028572007
"quadratic",1600,"sir_laplace",72,15.119,3491.48902345042,3490.52263982071,86.7230286087119,118.16818898448,7233.13734902374,3630.95356411224,7172.34026593349,3243.05400865927,230.933859610452,230.869941121814,5.73602940728301,7.81587333715719,478.413740923589,474.392503864905,0.00170955032499547,0.00164856969938979,2.36389365439001e-07,0.000821381310103626,0.00265123840918709,7.5733265207452e-06,7.38038687215289e-06,3.46420319390851e-12,4.44467963921447e-06,1.14806355718188e-05,-3151.95241835497,0.100887842134108,0.0828294705070773,0.9725,0.445676623089172
"quadratic",1600,"sir_laplace",73,14.775,3228.57795083136,3308.06232467442,91.8134430156559,125.884504616939,6895.24682546624,3394.32198690753,6747.55798415899,3035.43358235288,218.516274167943,223.895927219927,6.2141078183185,8.5201018353258,466.683372281979,456.687511618206,0.00129622892458916,0.00124372787991841,1.3614897076729e-07,0.000655169289453539,0.00201714826870292,6.84431572777839e-06,6.65151695189769e-06,2.40916222370541e-12,4.08731446937115e-06,9.96039544657151e-06,-3129.65584962255,0.0701765021341803,0.0523414375716576,0.995,0.422850357745063
"quadratic",1600,"sir_laplace",74,14.713,3210.09481938475,3214.82120931746,124.045346538532,110.383725194048,7011.26978694999,2937.63281448212,6932.68887621921,2497.82148544163,218.18084818764,218.502087223371,8.4310029591879,7.50246212152847,476.535702232719,471.194785306818,0.00142274752117744,0.00138950263664144,1.45887080676385e-07,0.000693404368760804,0.00212932726404004,7.17775601218014e-06,6.87042094449062e-06,2.83639224792371e-12,4.47254957506799e-06,1.07569736759298e-05,-3123.81550412184,0.0779643025004367,0.0618502390521883,1,0.430567943408817
"quadratic",1600,"sir_laplace",75,15.132,3073.20283632648,2854.07536908673,118.753170608222,144.624837649409,6908.27328038172,3228.21127125845,6870.52698996266,2677.77606835882,203.092970944124,188.61190649529,7.84781724875908,9.55754940849912,456.534052364639,454.039584322143,0.00134446529338642,0.00129702612106248,1.4172769871091e-07,0.00070051883995535,0.0020871917995018,6.87336701665073e-06,6.67579129406522e-06,2.34317320875586e-12,4.16178690311312e-06,9.73251832869243e-06,-3180.33283677579,0.0677208164638007,0.0547187380840949,0.99125,0.425003183126401
"quadratic",1600,"sir_laplace",76,14.971,3307.43222801748,3363.84995923927,72.7765284435109,135.249957376662,7205.90642549454,3433.78685933521,7216.08462600793,3188.48518218034,220.922598892357,224.691066678196,4.86116681875031,9.03412980940896,481.32432205561,482.004183154628,0.00150530231210536,0.00142992388681748,1.95084075985519e-07,0.000741889612549948,0.0023773372099146,6.80355942124736e-06,6.54902285695175e-06,2.81654096000984e-12,3.9555503692735e-06,1.01987602843495e-05,-3192.08392992156,0.0880506743414574,0.0669559583711107,0.988125,0.432779573104882
"quadratic",1600,"sir_laplace",77,14.835,3417.77265279679,3110.36017114812,66.2080726359374,122.979567855406,6850.24949805494,3134.68236183834,6788.73712619319,2859.62945035856,230.385753474674,209.663644836408,4.46296411432001,8.28982594239339,461.762689454327,457.61625387214,0.00134845348589536,0.00128674719270308,1.62944001104114e-07,0.000673321306252386,0.00211717687997869,7.16783525711941e-06,6.83916785630733e-06,3.372718273957e-12,4.14430660601924e-06,1.08179950955948e-05,-3140.39395138749,0.0855897130534837,0.0674440785934227,0.973125,0.424953056509239
"quadratic",1600,"sir_laplace",78,14.784,2861.08197519149,2636.2685724576,83.2756700614728,120.472178156665,6992.70998021142,2895.82107483281,7060.43999438331,2281.68170785643,193.525566503753,178.319032227922,5.63282400307581,8.14882157444976,472.991746496984,477.573051568135,0.00144351981082429,0.00136053712109555,1.98840339117363e-07,0.000685231442024433,0.00237313162033377,7.1511373859572e-06,6.94733245721929e-06,2.98552489623734e-12,4.17366722076437e-06,1.09052677267429e-05,-3168.46591691529,0.0928284733021611,0.0728273149357956,0.979375,0.430169883589422
"quadratic",1600,"sir_laplace",79,15.294,3668.0600280101,3423.37251857469,66.4007742411531,141.958611107814,7059.27450701683,3161.04905181039,6936.03612992779,3078.72388335807,239.836539035576,223.837617273093,4.34162248209449,9.28198058766931,461.571499085709,453.513543214842,0.00136933655884633,0.00130775619169676,1.33835264516054e-07,0.00074846473599935,0.00209722359037118,6.80220622081626e-06,6.58230543822374e-06,2.36778048529798e-12,3.98983573339536e-06,9.84841359266315e-06,-3178.13614922131,0.0897588678694368,0.0664046818457854,0.976875,0.42407219209053
"quadratic",1600,"sir_laplace",7,14.857,2984.23744264486,3528.64900809275,66.3553991915789,137.259262873027,7224.78600456496,2531.84253015757,7309.64168642571,3174.46041838239,200.864066947894,237.507505424564,4.46627173666143,9.23869306542553,486.288349233692,491.999844277156,0.00156431187019539,0.00147170072151355,2.25841096407858e-07,0.000783116085351066,0.00248248589839307,6.67247998177127e-06,6.46302399645928e-06,2.13958128161094e-12,4.08586150638261e-06,9.60492930195001e-06,-3186.42139484299,0.0754486404567595,0.0609443782292404,1,0.435656903635449
"quadratic",1600,"sir_laplace",80,14.728,3657.38349637585,3748.98223040137,124.785480731509,108.952484201703,7281.27827992218,3530.84290723783,7280.34526987052,3364.15894883793,248.328591551864,254.547951548165,8.47266979437186,7.39764287083808,494.383370445558,494.320021039552,0.00157582516713957,0.00152331753650435,1.70479710934086e-07,0.000893741114187549,0.00241038573812314,7.2606513272011e-06,7.09486182232576e-06,3.02884185102521e-12,4.16842212441208e-06,1.04970154982591e-05,-3185.96014394317,0.08195745417285,0.0653552286515289,0.975625,0.433583033750165
"quadratic",1600,"sir_laplace",81,14.878,2978.16959719869,2989.37024086376,76.2300485518439,113.509778522079,6959.00161587498,3085.98258241872,6878.60856230113,2764.53886266498,200.172711197654,200.925543813937,5.12367579996263,7.62937078384723,467.737707748016,462.334222496379,0.00132026542159771,0.00129299408819314,1.20629424600841e-07,0.00070702049160401,0.00202434356793042,6.88727475612355e-06,6.63776289894002e-06,2.75369578786178e-12,4.1040049259531e-06,1.03092288255683e-05,-3148.06375637995,0.0822429571505519,0.064975177334721,0.995625,0.419460264708988
"quadratic",1600,"sir_laplace",82,14.897,3596.47615364907,3503.81519746205,97.1028096233095,112.047089066529,7142.05482777112,3032.71895942125,7100.84174495512,3347.91485601945,241.422847126876,235.202738636104,6.51827949407998,7.52145325008584,479.42906811916,476.662532386059,0.00160365341430207,0.00153539663637344,2.38708290467812e-07,0.000775244407868275,0.00256228576223986,7.34864601732793e-06,7.10180383567419e-06,2.97486088472585e-12,4.52360200565549e-06,1.08931431409175e-05,-3159.07943597522,0.0755106710075933,0.0625048356038469,1,0.438376088580585
"quadratic",1600,"sir_laplace",83,14.913,3140.68328692845,3210.69040518864,90.7491333604851,110.479593641751,7084.65068373394,3284.54095113092,6993.89891076684,2997.70636388579,210.60036792922,215.294736484184,6.08523659629083,7.40827423333675,475.065425047538,468.980011450871,0.00139386271253732,0.00133769047252579,1.36722461861988e-07,0.000762729427163565,0.00213101785332277,6.82083756211371e-06,6.52238288762133e-06,2.82228544404474e-12,4.08814450488878e-06,1.02150997298545e-05,-3144.45234288013,0.070366795513011,0.0565127977113056,1,0.427760488240467
"quadratic",1600,"sir_laplace",84,15.061,3428.31193285665,3266.10283935557,102.13042220496,108.058404521685,7141.60857366856,3567.12368938757,7148.6932115421,3075.12958084912,227.628439868312,216.858298874946,6.78111826604875,7.17471645453057,474.178910674494,474.649306921327,0.00151331799950509,0.00146098402756849,1.96566731525421e-07,0.000753264386903863,0.0023901618375568,7.05226885780893e-06,6.65320839600258e-06,3.49652428122386e-12,4.18465407026797e-06,1.11044810109609e-05,-3178.37776260155,0.0803972960019786,0.0638929417927715,0.99875,0.43569146887379
"quadratic",1600,"sir_laplace",85,14.982,2540.68945842355,2889.87006829225,86.5781391078268,141.708489968624,7114.69397859653,2621.85191766201,7045.75421805528,2586.46973589537,169.582796584138,192.88947191912,5.77881051313755,9.45858296413192,474.882791255943,470.281285412848,0.00146311549493474,0.00140462268651788,1.7517033815019e-07,0.000734763156859122,0.00224735807195875,7.00752779883519e-06,6.87204172464769e-06,2.35845215013057e-12,4.24841953789902e-06,1.00421478800266e-05,-3144.28507538576,0.0684542653276108,0.0571088346557282,1,0.432806750396337
"quadratic",1600,"sir_laplace",86,14.991,2971.52137546913,2847.83521156715,88.6360074589964,107.104820200927,6894.41826003372,3097.3430977611,6737.06821507254,2711.23886394272,198.220357245623,189.969662568685,5.91261473277276,7.1446081115954,459.903826298027,449.407525520148,0.00135431413362606,0.00130686364528748,1.48220147681715e-07,0.00070032065018605,0.00214507453515943,7.08307088275199e-06,6.77508809100377e-06,2.91159041383656e-12,4.26044156621006e-06,1.06174771055881e-05,-3149.51490890847,0.0928386643711377,0.0747518808052914,0.981875,0.429681749805429
"quadratic",1600,"sir_laplace",87,15.117,2778.96431326811,2800.138145949,69.213569916456,112.232282358552,7108.1696586601,3012.04603096059,7037.92646445767,2642.01050513549,183.830410350474,185.23107401925,4.578525495565,7.42424306135823,470.210336618384,465.563700764548,0.00147863196299954,0.00136860435295142,2.55003982466977e-07,0.00073921362421196,0.00252872131699122,7.16736640450344e-06,6.92972274311879e-06,2.71085404441634e-12,4.58596369948404e-06,1.07191343995555e-05,-3201.40201781865,0.097356181306428,0.0776175535693899,0.97375,0.425869726816364
"quadratic",1600,"sir_laplace",88,15.207,2850.73076292208,3037.7594802603,91.2742770959776,116.819985660075,7128.1367279778,2868.18697891936,7115.61996517686,2790.19665742009,187.461745441052,199.760602371296,6.0021225156821,7.68198761491912,468.740496348905,467.917404167611,0.00147269660805445,0.00144957145274559,1.44094943726196e-07,0.000783765081562453,0.0022453056946273,7.11682835915045e-06,6.87937915810182e-06,2.90932489564674e-12,4.16491607001811e-06,1.04949763009788e-05,-3149.99749050569,0.0865206237632987,0.06894470360997,1,0.434628861533232
"quadratic",1600,"sir_laplace",89,15.096,2503.54415767073,2619.25148319147,45.4584830034823,116.091103131541,6810.29359060824,2607.58811098327,6774.5962603706,2458.59252526408,165.84155787432,173.506325065677,3.01129325672246,7.69018966160182,451.132325821955,448.767637809393,0.00125240824088623,0.00120069692567924,1.261699307654e-07,0.000649455526439582,0.00192466224956803,6.67749278932899e-06,6.49281681501292e-06,2.21306045207155e-12,4.15244572121673e-06,9.51531729769799e-06,-3149.7736971779,0.0842758508006907,0.0679301543791684,0.998125,0.421850499410007
"quadratic",1600,"sir_laplace",8,14.931,3205.53334464324,2982.46491282692,124.537739197025,132.46690240761,7031.79858863031,2925.00377605259,6994.73025240282,2784.87848407105,214.689796037991,199.749843468416,8.34088401292782,8.8719377407816,470.952956173753,468.47031360276,0.00143235428434205,0.00137485229874916,1.59569282985223e-07,0.00078129262958961,0.00228154369517763,7.10674007228817e-06,6.89839022261928e-06,2.69598588011892e-12,4.21249137406586e-06,1.04271876968548e-05,-3146.80668448204,0.0835471307726555,0.0626708303013187,0.98625,0.430389342926792
"quadratic",1600,"sir_laplace",90,14.809,3335.09344977751,3612.18383061237,94.6606331823295,97.082137859241,7068.09625772695,3460.98271603481,7056.52366501346,3282.28059871047,225.207201686644,243.918146438812,6.39210163970083,6.55561738532251,477.283831300355,476.502374570428,0.00146557465307911,0.00139312029416689,1.83047088162194e-07,0.000765434991215034,0.00230732801725258,7.00962087313712e-06,6.62438271327724e-06,3.43082383545107e-12,4.140050021495e-06,1.09159748522262e-05,-3140.34330644394,0.0849435055053634,0.0653044846491397,0.981875,0.431874153470062
"quadratic",1600,"sir_laplace",91,14.909,2860.99372900714,2919.04919747364,86.6150976050766,77.3024239992407,6864.00536457778,2992.00910592189,6772.68853006496,2657.09240046864,191.897090952253,195.791079044446,5.80958465390547,5.1849502984265,460.393410998576,454.268464019381,0.00137088430755544,0.00132598403068955,1.46257711644372e-07,0.000699958598270442,0.00214626347034113,7.36917130160565e-06,7.06034275159327e-06,3.39015192057856e-12,4.21846285738459e-06,1.1110685613458e-05,-3140.70746173924,0.104194949562712,0.0824466964413583,0.97625,0.428198962413179
"quadratic",1600,"sir_laplace",92,14.996,3011.81740030437,3055.29004550362,59.0926873038138,141.765255294481,6782.86872323466,2596.91756046454,6723.7209970279,2857.35486702713,200.841384389462,203.740333789252,3.94056330380193,9.45353796308888,452.311864712901,448.367631170172,0.00133761726927981,0.00128952775374477,1.59211875487078e-07,0.000607447886574914,0.0021152567362238,7.10147016909067e-06,6.90343746208819e-06,2.4450495739638e-12,4.40570599595856e-06,1.01995439108319e-05,-3175.24949315948,0.092866311832717,0.0760548709614912,0.996875,0.426061522228448
"quadratic",1600,"sir_laplace",93,14.84,3084.22243906558,3198.3262032545,89.269173766593,143.793717608984,7070.09064766018,3187.97625020396,6984.09079939497,2940.00979330959,207.831700745659,215.520633642486,6.01544297618551,9.68960361246523,476.421202672519,470.626064649257,0.00139180748604705,0.00135370353042117,1.32912356677407e-07,0.000705239334027684,0.00206834182854875,6.84220724275844e-06,6.55582962968455e-06,2.85524627423327e-12,4.13254948268703e-06,1.03856759479568e-05,-3170.47994230118,0.0827322949525091,0.0665912800456264,0.993125,0.427821473891102
"quadratic",1600,"sir_laplace",94,15.091,3202.39621717882,3211.87647636899,63.4332605012436,133.574235806703,6887.42929765743,3283.89274008108,6864.11061988577,2918.88415210273,212.205699899199,212.833906061162,4.20338350680827,8.85125146157993,456.393167958216,454.847963679396,0.00129126974472161,0.00122709533080962,1.2786408078733e-07,0.000699069401877663,0.00200494988230082,6.62587681456708e-06,6.43950848570854e-06,2.03534699373258e-12,4.1560634471018e-06,9.5500170903735e-06,-3157.40084630165,0.0693294924946841,0.0522735539983972,0.985625,0.421760885631505
"quadratic",1600,"sir_laplace",95,15.29,3136.84947511882,3570.79447169901,79.5153577737751,108.009331923507,7274.07880084652,1739.6588250604,7282.79105818924,3000.51135789456,205.156931008425,233.537898737672,5.20048121476619,7.06405048551387,475.74092876694,476.310729770389,0.00173478878986099,0.00165815539965689,2.4472644149765e-07,0.000893047144737791,0.0027028410371236,7.53197516635251e-06,7.2679402203996e-06,3.36792313537336e-12,4.49736756739655e-06,1.11055728340761e-05,-3168.2843337647,0.0818792134238051,0.0661372165129914,0.99125,0.445125946521394
"quadratic",1600,"sir_laplace",96,14.885,3655.60948378448,3341.68253405265,80.1913000454739,85.2166027980805,7149.51974750074,3765.84945932046,7098.88072415452,3228.62343789142,245.590156787671,224.500002287716,5.38738999297776,5.72499850843672,480.317080786076,476.915063765839,0.00159012085382152,0.00153599794225703,2.20606671835429e-07,0.000705712141714387,0.00244349600191044,7.4431695315206e-06,7.10613046861509e-06,3.40814022069198e-12,4.20968882655972e-06,1.11690685614328e-05,-3147.28196545375,0.0785641498011635,0.0643016325665202,0.9975,0.437460976564908
"quadratic",1600,"sir_laplace",97,14.721,3514.59257166574,3509.41431046048,92.0771297272002,99.9373965803942,7220.68348187004,3104.52245026776,7225.96636074336,3235.2443634912,238.746863098006,238.395102945485,6.25481487176145,6.78876411795355,490.502240463966,490.861107312232,0.00164414124336478,0.00157475987842115,2.26751156770131e-07,0.000886961120757435,0.00260147233865171,7.34309796983163e-06,7.11977011474907e-06,2.92648645653211e-12,4.38423577258876e-06,1.07705396879623e-05,-3133.8614911794,0.0997032807222801,0.0770596115078857,0.975625,0.444859942079595
"quadratic",1600,"sir_laplace",98,14.914,3724.93338733501,3523.07854281434,56.8896920668181,115.333924565562,7418.77860615546,2144.9958621794,7471.63875621732,3318.13956027594,249.760854722745,236.22626678385,3.81451602969144,7.73326569435175,497.437213769308,500.981544603548,0.0018033498153082,0.00172114661266789,2.94765955987277e-07,0.000864512803384715,0.00288003813618381,7.25727454822639e-06,7.05541072983218e-06,3.11900372560229e-12,4.0964302724993e-06,1.08346641393812e-05,-3183.9573725132,0.0937408708731628,0.0748647243414793,0.98875,0.448118007070628
"quadratic",1600,"sir_laplace",99,14.983,3128.42473880513,3089.13990852541,83.8717022848298,117.329051330403,6979.24008129587,3217.14535465505,6913.38291124124,2898.33781286972,208.798287312629,206.176327072376,5.5977909821017,7.83081167525885,465.810590755915,461.415131231478,0.00131723476498081,0.00126634868130563,1.18704076402847e-07,0.000713802844578814,0.00202242302265788,6.56614380184704e-06,6.32654866097156e-06,2.45501005139659e-12,3.87260320621584e-06,9.66906202315067e-06,-3152.69070681147,0.0786373750611798,0.0653943629106162,0.991875,0.42161440313952
"quadratic",1600,"sir_laplace",9,15.095,3553.13686271933,3438.5372769258,113.789859055394,160.838552863235,7035.68464162002,3542.9057749359,6928.44593616688,3271.9772407327,235.385019060571,227.793128646956,7.53824836405389,10.6550879670908,466.093715907255,458.989462482072,0.00130047381785203,0.00127498910912942,1.04447903729397e-07,0.000718214529356782,0.00191759475106,6.70259562257517e-06,6.55082027970883e-06,2.05545645457672e-12,4.10951996830527e-06,9.54172918903516e-06,-3160.0857734284,0.0665353986509388,0.0543986826589675,1,0.422785228082976
"quadratic",200,"sir_laplace",100,1.794,4092.16646598171,3547.31452986617,107.182546289795,127.382912201306,5620.37997828914,1047.28130385235,3467.82820257417,393.14344479641,2281.02924525179,1977.32136558873,59.7450090801534,71.0049677822218,3132.87624207867,1933.01460567122,0.00797765566846647,0.00659752734861674,2.69720995959165e-05,0.00146187485756176,0.0184371647845287,6.13843522478421e-05,5.09366091254067e-05,1.60279342400628e-09,1.19835971790917e-05,0.000142041110997253,-383.640645966853,0.12728836559329,0.113018711581717,1,0.652285178773586
"quadratic",200,"sir_laplace",101,1.853,4100.05991077918,3789.01795878094,171.070768471147,204.715450255634,6397.13958002306,1492.87628591476,3786.71878457175,788.653408734697,2212.66050230933,2044.80192055096,92.3209759693182,110.477846872981,3452.31493795092,2043.56113576457,0.00721490101698105,0.00626259741171187,1.80142031060335e-05,0.0014812706908932,0.0156845512318044,5.93304722531555e-05,4.93078262641826e-05,1.35327700931617e-09,1.32182383507138e-05,0.000130468139332384,-387.492865406447,0.176879759833586,0.120811569103351,0.94,0.642359642399975
"quadratic",200,"sir_laplace",102,1.78,2518.70045203532,1611.82326985247,178.908495795066,157.748124055105,6082.15732771632,2363.53641718151,3552.62876365783,625.863722714726,1415.00025395243,905.518690928353,100.510390896104,88.6225416039917,3416.94231894175,1995.85885598754,0.00542178859910789,0.00461700364878825,9.56347292316686e-06,0.00128250480694386,0.0115864944161478,5.98639444873619e-05,5.07129988746213e-05,1.48983034910405e-09,1.13185735894587e-05,0.000127545785315443,-379.572849553748,0.151218391251691,0.111488832800087,0.985,0.607335180950779
"quadratic",200,"sir_laplace",103,1.801,2115.29087388542,1421.78127658234,201.458247515561,167.85586396649,6311.34731177358,2245.23622342909,4530.0627779141,987.128794588513,1174.50909155215,789.439909262818,111.859104672716,93.2014791596281,3504.357196987,2515.30415209001,0.00494123182382989,0.00427327961506584,8.00470844813909e-06,0.0010549963524162,0.0107542074946325,4.84532649883825e-05,4.15907087865136e-05,7.17570266200195e-10,1.29406354309722e-05,0.000101204050356633,-394.492975094658,0.120347906460707,0.0897817282636743,1,0.579910490510995
"quadratic",200,"sir_laplace",104,1.986,3181.73683406164,3151.53089274276,220.926096795717,210.555442940474,6190.6892960597,2426.20433645992,3786.85641512658,1254.06496178138,1602.08299801694,1586.87356130048,111.241740581932,106.019860493693,3117.16480164134,1906.77563702245,0.00454458007712358,0.00393261653688307,6.35618741657903e-06,0.0010869022700874,0.00920310638070004,5.80357325178908e-05,5.00737581467284e-05,1.01441410079764e-09,1.42532498483287e-05,0.000121974928871523,-381.130990351122,0.103375947251991,0.0807595639166261,1,0.579103204400347
"quadratic",200,"sir_laplace",105,1.751,2823.12386345227,3085.99368797799,179.149860992378,202.868135057589,6443.13128027905,2331.4820699725,4146.24640358431,1559.56810735445,1612.29232635766,1762.41786863392,102.312884632997,115.85844377932,3679.6866249452,2367.93055601617,0.00451559851354042,0.00385821735371615,6.78691463465334e-06,0.00119607811278632,0.00946259170087742,4.66485714643628e-05,4.12794835477848e-05,5.98373233297111e-10,1.14000118947107e-05,9.46223787212351e-05,-401.273910466407,0.0925837745761207,0.0700641177335481,1,0.559617358407933
"quadratic",200,"sir_laplace",106,1.764,3905.1057005594,3500.69101488935,153.087580375254,151.460492907509,6323.77664182096,1464.84171707743,4377.61741409451,829.726298017618,2213.77874181372,1984.51871592367,86.7843426163573,85.8619574305606,3584.90739332254,2481.64252499689,0.00537297431650341,0.00465595629417926,1.02704633536833e-05,0.00121399250667225,0.0111670191667299,5.12349905761525e-05,4.30216062056195e-05,9.43016442127438e-10,1.26062707510555e-05,0.000113198491531732,-393.541541634192,0.110278531210408,0.0906932669768964,1,0.59117698047741
"quadratic",200,"sir_laplace",107,1.892,3249.13616568385,3180.22932881719,105.194255441192,183.180420691266,5760.89342362873,1076.39687058509,3575.08529640042,679.098264232452,1717.30241315214,1680.8823091,55.5995007617294,96.8184041708595,3044.86967422237,1889.579966385,0.00664382078841828,0.00555850390015642,1.94579213822091e-05,0.000958338792412825,0.014987219630655,5.82258879131942e-05,4.99815607779136e-05,1.07016690581187e-09,1.47121273260424e-05,0.000125307121682632,-388.833341429401,0.0934734202773972,0.0804445368445776,1,0.623174962645492
"quadratic",200,"sir_laplace",108,1.846,3567.68592773595,3477.98853256865,193.698099704224,163.542927956216,6115.83057303121,3062.98990122477,4161.97178252523,1594.22859134654,1932.65759899022,1884.06746076308,104.928548052126,88.5931354042338,3313.01764519567,2254.58926463988,0.00401291573203869,0.00348896964714422,4.82115635492563e-06,0.0010232647345668,0.00836596113482888,4.9544329954169e-05,4.27630065137986e-05,8.25702525879295e-10,9.33915375880202e-06,0.000104495419031064,-395.011139122233,0.146507776201012,0.107692399451995,0.95,0.560399712201186
"quadratic",200,"sir_laplace",109,1.941,3259.68959641703,2892.47734758732,208.501229218677,208.1494992839,6311.97323484521,2144.26384807766,4241.63761896481,967.563801608769,1679.3867060366,1490.19956083839,107.419489551096,107.238278868573,3251.918204454,2185.2847083796,0.00473524380807363,0.00410607816200708,6.78962313164669e-06,0.00112501942774171,0.00986494760410547,4.99440240777121e-05,4.30400243869883e-05,7.70305193651995e-10,1.24293845918211e-05,0.000108221703254887,-381.267004602623,0.131182535793516,0.0915315562753557,0.98,0.5773217796397
"quadratic",200,"sir_laplace",10,1.823,3956.27386309751,3362.02430339139,207.673135590978,149.40357077446,6419.73068118255,2056.30326117,4501.65526726461,1553.75294219512,2170.19959577483,1844.22616752133,113.918340971464,81.9547837490178,3521.5198470557,2469.36657557028,0.00517277194761952,0.00449635944116109,8.61344451750205e-06,0.00125243096453512,0.0110823643939218,4.86918051753707e-05,4.13985155886087e-05,7.75683403995089e-10,1.23863847281134e-05,0.000103279847697547,-396.635943072636,0.0988189543494351,0.0842474011460526,1,0.57982245981054
"quadratic",200,"sir_laplace",110,2.541,3192.76073935838,3023.47371016582,179.402987209351,158.199565781069,6259.9100675572,2789.82395607792,3778.78355544769,1177.87231420652,1256.49773292341,1189.87552544897,70.6033007514173,62.2587822829867,2463.56161651208,1487.12457908213,0.00511714938612873,0.00446016564067815,7.73804154394342e-06,0.00125286172757671,0.0107584363293559,5.05144176389622e-05,4.35302997410307e-05,8.3440670071322e-10,1.22284792309092e-05,0.000109405004905122,-392.389842551386,0.126280556880418,0.106185282691356,1,0.587852055560638
"quadratic",200,"sir_laplace",111,2.537,3034.57066380003,1583.08424855735,205.061557728003,135.40717660509,6407.80879047396,1625.80038948532,4141.29123313713,852.044893401576,1196.12560654317,623.998521307587,80.8283633141517,53.3729509677136,2525.74252679305,1632.35760076355,0.00611224565633753,0.00527724056955095,1.09540561593579e-05,0.00162461685314291,0.0129104802425619,5.80705108660743e-05,4.83450172888071e-05,1.34866646197335e-09,1.20871317236287e-05,0.000124069059345904,-390.613305801341,0.12988457525925,0.111013367226365,0.99,0.593023971738561
"quadratic",200,"sir_laplace",112,2.008,1956.56720281534,966.473138116688,132.783120698747,111.712528889,5283.69304788719,1439.25127234272,2712.69938079267,358.719673749004,974.386057178953,481.311323763291,66.1270521408104,55.6337295263944,2631.32123898764,1350.94590676926,0.00725359263265605,0.006015569757026,2.01232066857583e-05,0.00155845901014633,0.0165461219290807,9.98146888508966e-05,7.97031785199804e-05,5.20283497926827e-09,1.33843944917315e-05,0.000238296304886774,-384.273131356799,0.177779244600427,0.141282171628732,0.985,0.653751477950843
"quadratic",200,"sir_laplace",113,1.78,3559.08054000463,2684.54823813888,172.687696237973,190.108291679893,6139.71304762277,3153.64132193368,4222.43702714578,1104.62125292709,1999.4834494408,1508.17316749375,97.0155596842545,106.80241105612,3449.2769930465,2372.15563322797,0.0050557166675872,0.00441383084559854,8.25389548052775e-06,0.000984394531625634,0.0106378503741855,5.56229832765204e-05,4.85257442014185e-05,8.7216238204859e-10,1.52767886206419e-05,0.000115457428022161,-375.934985085744,0.118435464817388,0.0951302323166746,1,0.599332014403028
"quadratic",200,"sir_laplace",114,1.865,3501.31364653785,3195.851200556,158.394388611215,198.356933809306,6054.03489434834,1360.9849693941,3380.18205034971,790.629295544762,1877.37997133397,1713.59313702734,84.9299670837614,106.357605259681,3246.13131064254,1812.43005380682,0.00636367251408885,0.00541757938610067,1.42823064421858e-05,0.00126901135349895,0.0139054199979804,6.26558296801723e-05,5.24629500393269e-05,1.72897097415832e-09,1.09199328975082e-05,0.000141769883097388,-379.22525833253,0.124174063814847,0.101698121465348,1,0.62383868233654
"quadratic",200,"sir_laplace",115,1.771,2462.36581472043,1536.56083947975,154.073193147959,145.370792928027,6033.08004579488,1729.29972326014,3374.99092104486,590.555094384061,1390.38160063265,867.623285985179,86.9978504505695,82.0840163342897,3406.59516984465,1905.69786620263,0.00619550052296104,0.00530166636581294,1.34657143579125e-05,0.00118352073142368,0.01362415076079,8.31189496158132e-05,7.1210646114448e-05,2.48721060897927e-09,1.62484342133332e-05,0.00018124110935584,-387.005423698733,0.180383717423846,0.135674081170237,0.91,0.624060715600202
"quadratic",200,"sir_laplace",116,1.752,2617.51299954838,2368.80013157328,156.376663678197,36.2683540997393,6063.12400462097,1878.17379188355,3363.01443388652,569.072744192314,1494.01426914862,1352.05486961945,89.2560865743134,20.7011153537325,3460.68721724941,1919.52878646491,0.00541467074926479,0.00450990599403004,1.1170206502371e-05,0.00120955159654039,0.0119052577088093,5.98355180520199e-05,5.11295909240096e-05,1.29275328235555e-09,1.37403845956249e-05,0.000124175484924476,-386.778501227896,0.0977512653709692,0.0813774868563721,0.99,0.59343408744845
"quadratic",200,"sir_laplace",117,1.757,2220.88015619897,2176.39534799297,137.078418363767,140.323714442078,5799.81178044079,1714.89904320283,3955.4074774214,829.587411727017,1264.01830176379,1238.69968582411,78.0184509753938,79.8655176107442,3300.97426319909,2251.22793251076,0.00601050902360697,0.00515795299196046,1.34797948379642e-05,0.00103229227859989,0.0130244934965952,6.11546015916207e-05,5.28275457556902e-05,1.23684279569422e-09,1.38041261370409e-05,0.000129259144532458,-386.909248945771,0.155524803587161,0.135659285656715,1,0.605252492054595
"quadratic",200,"sir_laplace",118,1.75,1806.72414925428,1530.95320734123,194.785458838634,151.267021441017,6151.42164195212,1816.59254456898,4344.27884439631,899.720044523694,1032.41379957387,874.83040419499,111.305976479219,86.4382979662952,3515.0980811155,2482.44505394075,0.00529901537397975,0.00446385340242746,1.11019223554477e-05,0.00121421996557729,0.0118105580553171,5.28934654257956e-05,4.40633775413853e-05,1.10625123581295e-09,1.28295016964468e-05,0.000118085785551846,-395.773915616074,0.111973269701043,0.0912690689247866,1,0.58927766957595
"quadratic",200,"sir_laplace",119,1.977,3158.95310157984,3149.3481713982,138.417522715814,182.139829780129,6033.54805785604,2397.87220927336,4309.13986689106,1062.40017588933,1597.85184703077,1592.99351107648,70.0139214546352,92.1294030248501,3051.87054013963,2179.63574450737,0.00452596761216707,0.00387817973295461,6.58228565036539e-06,0.00112229528683344,0.00948474933186326,5.28647005984785e-05,4.5308999700053e-05,8.95820973900402e-10,1.29309916540399e-05,0.000114820268102812,-393.26343620271,0.0961998584480406,0.0768260590061762,1,0.57500980539273
"quadratic",200,"sir_laplace",11,1.759,3185.81346569358,2906.69327660857,213.235142868655,192.116264215831,5977.51802817804,2631.04361036939,4192.04261633161,1275.31948237109,1811.15035002478,1652.46917373995,121.225209135108,109.219024568409,3398.24788412623,2383.19648455464,0.00459021873646746,0.00382901597164085,9.78599177463286e-06,0.000994224475512856,0.0101493218767513,5.26527842344638e-05,4.52622142629212e-05,8.40085924275385e-10,1.54708859645778e-05,0.00010925910570192,-374.045183840389,0.166227974206475,0.140714203889856,0.94,0.590559542900719
"quadratic",200,"sir_laplace",120,1.829,3829.20804696075,3349.77982413096,156.827873064035,179.024273813072,6623.86815621955,2962.7634140763,4102.26160906337,1257.85653497591,2093.60746143289,1831.48158782447,85.7451465631686,97.8809588917833,3621.57909033327,2242.89863808823,0.00514480903378547,0.00436129452013347,9.05731535786893e-06,0.00106236323590812,0.0108747659826314,4.98285061785811e-05,4.2350751561733e-05,8.85925840560212e-10,1.07091162369498e-05,0.000105399780665665,-388.135859792148,0.110008429667579,0.0808070147948037,0.985,0.59021143222547
"quadratic",200,"sir_laplace",121,1.847,2366.06912396748,1364.44818986514,115.718022102952,179.301538713579,6048.32557456916,2670.10766272746,4299.90646223303,495.017061973981,1281.03363506631,738.737514815996,62.6518798608295,97.0771730988517,3274.67545997248,2328.04897792801,0.00536181024046079,0.00466742250670852,9.6882296452588e-06,0.00109164282719013,0.0113730509588769,5.85408864143612e-05,4.84500940146146e-05,1.52616277932876e-09,1.23981925215464e-05,0.000134889344612106,-387.086139797913,0.099760595589241,0.0722678159047191,1,0.599836031516588
"quadratic",200,"sir_laplace",122,1.754,3299.65296699319,3295.98075970505,175.717614251301,192.848920954148,5773.37095479099,2089.73037451807,4155.86926247879,1401.56582913144,1881.21605871903,1879.12243996867,100.181079960833,109.948073520039,3291.5455842594,2369.36674029578,0.00560380191458525,0.0046662623134401,1.30297725062921e-05,0.00122707594621221,0.0133918476048181,5.45324003967484e-05,4.52431857076561e-05,1.11831215458636e-09,1.30079430422302e-05,0.000123236000920598,-382.639415332894,0.0786381514457927,0.0651359885074594,1,0.589237647979477
"quadratic",200,"sir_laplace",123,1.924,3560.66336792022,3415.80006699664,171.84961237646,175.737615613094,6361.81598611922,1420.72554476951,4372.32931878796,1027.23884672095,1850.65663613317,1775.36386018536,89.3189253515904,91.3397170546226,3306.55716534263,2272.52043596048,0.00484081698242969,0.00406565355400175,8.50318292732399e-06,0.00108159839832194,0.0103945906236273,4.93712084593916e-05,4.26504801127983e-05,7.30652176931885e-10,1.23012600019836e-05,0.000104977145698948,-382.882726581516,0.124010744236803,0.091935691009545,0.955,0.573970872910245
"quadratic",200,"sir_laplace",124,1.823,4114.45820393185,3691.52655221902,131.873765006949,147.614861475146,6266.39836945872,1865.85948960593,3566.77813831403,573.218379942059,2256.97103890941,2024.97342414647,72.3388727410582,80.9735937877926,3437.4099667903,1956.5431367603,0.00710117383844529,0.00610986674685714,1.80819051329992e-05,0.00124211305516752,0.0156953654884322,5.27667046375143e-05,4.49720580150023e-05,9.74676225139818e-10,1.35013188650454e-05,0.000113124866037367,-395.518634268071,0.11144720853901,0.0902327975239428,1,0.618205842379891
"quadratic",200,"sir_laplace",125,1.95,3332.97130120227,2467.52256791949,159.325546321484,145.964662566478,6229.68412277251,2256.81877294289,4321.15615477933,1461.35702717457,1709.2160518986,1265.39618867666,81.705408369992,74.8536731110144,3194.70980655,2215.97751527145,0.00469626000397145,0.00400681330460004,7.13623379640247e-06,0.00108567013820374,0.0100097815688157,4.81034526690917e-05,4.02591777073924e-05,7.66047545368526e-10,1.34713069630961e-05,0.000105752286623138,-402.988540674713,0.138833969251706,0.105779067785025,0.93,0.568245177275754
"quadratic",200,"sir_laplace",126,2.016,1517.00467846133,1561.68255214833,185.40712420311,104.757724339206,6209.30888574782,1599.51926621519,4858.22263120092,1311.08213840686,752.4824793955,774.644123089451,91.9678195451932,51.9631569142885,3080.01432824793,2409.83265436554,0.0049347772589673,0.0042231955076516,8.93987197203728e-06,0.0011812011959342,0.010831904569514,4.87728536806216e-05,4.01183048829421e-05,9.35616848371827e-10,1.15269276176241e-05,0.000107663664736515,-392.542357050236,0.117101217507045,0.0918078824769364,0.97,0.586944310999016
"quadratic",200,"sir_laplace",127,1.75,3695.70394615043,3513.8355456979,164.32048412091,177.431260990084,6100.92664169678,1868.26884592206,4437.63134946433,929.780955190258,2111.83082637167,2007.90602611309,93.897419497663,101.389291994334,3486.2437952553,2535.78934255105,0.00620922791278971,0.00519485729816552,1.78052697415887e-05,0.00126653029087909,0.013552552141888,4.46031323376955e-05,3.86071545626826e-05,5.96328099467212e-10,1.09769673242723e-05,9.40807391310168e-05,-408.738290648991,0.152230153406611,0.129854738556917,0.955,0.600727574973184
"quadratic",200,"sir_laplace",128,1.766,2639.29667237569,2213.29427118056,190.165701483284,188.78264125276,6151.71334756613,1838.64017797945,4529.98828983681,991.408578459854,1494.50547699643,1253.28101425853,107.681597668904,106.89843785547,3483.4163916003,2565.1122819008,0.00523479244230621,0.00451831372963908,9.36118108764813e-06,0.00124040146809627,0.0112085901727906,5.3840386869098e-05,4.52478847640963e-05,9.85860709089249e-10,1.01626702740789e-05,0.000118090755592288,-392.968710651428,0.0825904889912175,0.0599477589407712,1,0.589164134792094
"quadratic",200,"sir_laplace",129,1.802,2603.71546252111,2069.64958352389,241.783839841294,230.388606062873,6359.968923107,2376.93734712523,4436.01888814169,1098.01904761837,1444.90314235356,1148.52918064589,134.175271832017,127.851612687499,3529.3945189273,2461.71969375232,0.00433956850676991,0.0039604240622113,4.29434620148089e-06,0.00111270939729239,0.00837017435963752,5.36209994391879e-05,4.66976538233282e-05,8.62165186612749e-10,1.30128721656763e-05,0.000110787559334936,-373.65581217507,0.104928713419393,0.0884132830521378,1,0.577327509613541
"quadratic",200,"sir_laplace",12,1.813,3031.99583069212,2367.22151183722,154.912742119242,161.011935587414,5833.07677761974,1617.01237384881,3538.16947924763,865.729633996145,1672.36394412141,1305.69305672213,85.4455279201557,88.8096721386729,3217.36170856026,1951.55514575159,0.00542342174441921,0.00463881631738377,1.01082850338216e-05,0.00117253221482444,0.0119684811539659,6.44633797909114e-05,5.26711178993757e-05,2.02297933145206e-09,1.10675678144699e-05,0.000145955075785447,-379.094729218992,0.111627447347218,0.0936246942719503,1,0.60564043423006
"quadratic",200,"sir_laplace",130,1.781,3540.87358521018,2772.69091720778,144.910246013312,114.778986971972,5974.80325166958,1685.72143580309,3481.10350419546,667.906037738996,1988.13789175192,1556.81691027949,81.3645401534599,64.4463711240721,3354.7463513024,1954.57804839723,0.00504610698374256,0.00426761385705789,8.89141080129333e-06,0.0012456101409517,0.01116661808343,5.09732260011717e-05,4.21145022545967e-05,1.05323782034486e-09,1.11493762525102e-05,0.000114709352128642,-387.771236366854,0.124359269625507,0.0949158511533249,1,0.592020260893759
"quadratic",200,"sir_laplace",131,1.765,1887.50964340987,1298.80776931997,100.446854705713,161.572371868063,6130.90369800885,1998.08007293432,4297.36410790258,1150.15167214427,1069.41056283845,735.868424543895,56.9103992666931,91.5424203218486,3473.5998289002,2434.76719994481,0.00553508660993643,0.00472007130183866,1.10912968723374e-05,0.00103234744035843,0.0119947520067078,5.18465956552352e-05,4.35575223723683e-05,9.5153376004788e-10,1.23351113729199e-05,0.000111555774404026,-396.521142322602,0.133195872023281,0.104617484283659,0.98,0.595335401744951
"quadratic",200,"sir_laplace",132,2.037,2736.58471590827,2259.79534285827,184.092970670845,203.093676783658,6255.58101277571,2210.7390650847,3836.6277279494,1203.4837434849,1343.43874124117,1109.37424784402,90.3745560485249,99.7023450091595,3070.97742404306,1883.46967498743,0.00472563543200465,0.00406165664455649,6.72607078763692e-06,0.00126630173681829,0.0102116380977522,5.9677170659285e-05,4.99745012483648e-05,1.43045457846981e-09,1.5243359098259e-05,0.000138881261038047,-382.01172982544,0.109754378906988,0.0836525668299541,1,0.590424462900844
"quadratic",200,"sir_laplace",133,1.873,3129.69498506099,3084.29480152669,168.44363078274,153.978431722089,6279.66567618695,2820.20014937003,4183.617699241,1294.20050145464,1670.95300857501,1646.71372211783,89.9325311173198,82.2095204068818,3352.73127399197,2233.64532794501,0.00491649583123801,0.00418193044152351,8.27747377401673e-06,0.00118129030358845,0.0103619149340915,5.89107807512363e-05,4.99934100307771e-05,1.24061784781099e-09,1.28065137042244e-05,0.000124769019232525,-408.017745789344,0.124837054249016,0.0884316514454144,0.95,0.573363755351963
"quadratic",200,"sir_laplace",134,1.751,3851.15385823369,3438.59169500886,127.183076471462,180.624453043202,6389.84591918484,1867.10568357026,4263.17510444996,1147.64035158536,2199.40254610719,1963.78737579032,72.6345382475512,103.15502743758,3649.25523654188,2434.70879751568,0.00574345896117642,0.00478559301754119,1.27143924124199e-05,0.00127764532125552,0.0130182067836152,4.39420013727971e-05,3.83340994006071e-05,6.00533333205736e-10,1.14179928826941e-05,9.09078469864888e-05,-395.656101793303,0.0837978540641414,0.0725171450408769,1,0.590694393734411
"quadratic",200,"sir_laplace",135,1.843,3260.15352992348,2857.90817732252,87.904644113296,218.429371218599,6142.31287748485,2733.67311990924,4093.90302719366,1536.9324577101,1768.93843186298,1550.68267895959,47.6964970772089,118.518378306348,3332.77964052352,2221.32557091354,0.00460828841030202,0.00384658392089702,8.11833640153767e-06,0.00100782290027313,0.0105342599949294,5.00705908425391e-05,4.38044129454848e-05,7.12189722819884e-10,1.21936720763408e-05,0.000102798728179239,-387.204485908331,0.0987709099775678,0.0827512492904422,1,0.575315491551287
"quadratic",200,"sir_laplace",136,1.814,3023.90145539141,1904.76167240776,160.543904286432,115.886756253463,5682.66695198724,1212.5037097502,3808.76654042655,512.982711296087,1666.97985412977,1050.03399801971,88.5027035757618,63.8846506358674,3132.67196912196,2099.65079406094,0.00790613789865805,0.00665261940636777,2.43014210014224e-05,0.00136597512392369,0.0177542587966558,7.29155178080034e-05,6.10539393396825e-05,2.1115105097491e-09,1.33711999772286e-05,0.000167407875609012,-400.812420336556,0.0951350009360627,0.079971365960071,1,0.638292734852399
"quadratic",200,"sir_laplace",137,1.876,3319.45001173783,3265.99397597694,248.262639484421,187.425158046476,6529.10510574944,3290.99707623361,4969.10329157945,1675.26340014505,1769.42964378349,1740.93495521159,132.33616177208,99.9068006644328,3480.33321201996,2648.77574178009,0.00398656107411383,0.00352123805935689,4.06770934685425e-06,0.00102218421565057,0.00801300999089795,4.33812578497445e-05,3.70569636463577e-05,6.59118829461759e-10,1.1183650699726e-05,9.09354785398791e-05,-400.648309105137,0.1841204835783,0.145964603769901,0.905,0.544770270449317
"quadratic",200,"sir_laplace",138,1.777,2165.01498120329,1489.30357499578,218.671348334534,169.922757209691,5956.80792010441,2417.09968870448,3760.18177025382,867.664793155182,1218.35395678294,838.099929654348,123.056470644082,95.6233861618969,3352.1710298843,2116.02800802128,0.00427559459624119,0.00361446371948768,6.62000166582092e-06,0.00103105636025635,0.00908069540937977,6.5608063737575e-05,5.53398124060637e-05,1.51481915452359e-09,1.57240661238351e-05,0.000146264239107303,-399.072321071299,0.134928355055674,0.118019856807038,1,0.56191108156878
"quadratic",200,"sir_laplace",139,1.9,2512.52761541661,1989.75428688131,169.314993734349,66.0016198095298,6770.76213489296,2756.95541173678,4697.95819859243,844.868417631794,1322.38295548243,1047.23909835859,89.1131545970258,34.7376946365946,3563.55901836472,2472.60957820654,0.00446336026209471,0.00391321035765125,5.72931236051303e-06,0.00116144289758816,0.00906043302635486,4.65458215159393e-05,3.92002312416102e-05,7.52467942043394e-10,1.11509632838572e-05,0.00010014484396832,-398.514638553936,0.136088663582199,0.111979059033957,0.975,0.56304779388342
"quadratic",200,"sir_laplace",13,1.928,3231.62098868147,3097.4649916536,195.551769118337,215.515159437583,5969.28555251419,2573.63735745873,4221.14453176516,1263.35980060464,1676.15196508375,1606.56897907345,101.427266140216,111.781721699991,3096.10246499699,2189.39031730558,0.00398381849971,0.00337913540122508,5.15862278391733e-06,0.00101242570500736,0.00859112889288298,5.26150896917038e-05,4.52681524523684e-05,8.70623169745517e-10,1.29877020090957e-05,0.000115716296576574,-367.204166340245,0.0770884291505797,0.0606911648101203,1,0.563271495887307
"quadratic",200,"sir_laplace",140,1.76,3170.7275003156,3141.97499933519,161.531176309851,235.665694730916,5759.46378566323,2162.54785884575,3711.89301076107,842.069663979419,1801.54971608841,1785.21306780408,91.7790774487789,133.900962915293,3272.42260549047,2109.03011975061,0.0045861432172607,0.00389220311415671,7.78228375083371e-06,0.00108666316607732,0.0099710872829191,6.63923754729926e-05,5.68945089429674e-05,1.45558279212592e-09,1.45868275720313e-05,0.000145596919331242,-376.112285846928,0.133941777860275,0.112523946026078,0.97,0.58368171338965
"quadratic",200,"sir_laplace",141,1.755,2277.98231930368,1677.09690932582,167.777332202284,208.118547710448,6057.46163103244,1469.64296416724,4348.25310993741,1335.50904219333,1297.99562353486,955.610774544626,95.5996194884811,118.58606707148,3451.54508890737,2477.63709967943,0.00478253941529051,0.00398789415000367,9.22552944539436e-06,0.00101611902225086,0.0105642314602084,4.8896234784039e-05,4.20410690496886e-05,8.37442165703825e-10,1.22399779044555e-05,0.000101847403228859,-396.008104762629,0.116111602812675,0.0888347891891685,1,0.580733912667431
"quadratic",200,"sir_laplace",142,2.088,3161.2068790061,2903.69112188298,180.829548771812,95.4949925398464,5957.48569213877,2022.35821844408,3591.76043277675,1189.2113051363,1513.98796887266,1390.65666756848,86.604190024814,45.7351496838345,2853.20195983658,1720.19177814979,0.00471497729293405,0.00404695642122585,7.7027001982626e-06,0.00118698715568419,0.0101592269248578,5.90277845421126e-05,4.91023825120458e-05,1.34303809380341e-09,1.25480821698835e-05,0.000129276917444758,-382.252242869914,0.124542908717563,0.0985354433191396,1,0.584008694866163
"quadratic",200,"sir_laplace",143,1.762,2614.03269568695,2276.50484363031,112.854940205465,139.728516725429,6212.50807205023,1980.6707086001,3879.53177656664,484.366149681519,1483.55998620145,1292.00047879132,64.0493417738166,79.3010878123888,3525.82750967663,2201.77739873248,0.00545684329409855,0.00465718942916547,1.02980801733305e-05,0.00111679464739369,0.0119133440404063,5.84028559070804e-05,5.02156538340242e-05,1.18047308973701e-09,1.32908776322215e-05,0.00012281044975472,-387.356513263058,0.134076930284642,0.107081986636461,1,0.60142397482821
"quadratic",200,"sir_laplace",144,2.167,3058.9865226683,2882.79433906065,128.390902486994,153.204614132572,6200.33657786807,1606.50140138141,4009.15733419242,920.16622907774,1411.62276080678,1330.31580021258,59.2482244979208,70.6989451465493,2861.25361230645,1850.0956779845,0.005207803905272,0.00434748702392907,9.68281417863643e-06,0.00117335954333505,0.011113532456835,6.07092691054389e-05,5.24806860755031e-05,1.16063705625498e-09,1.50956439551154e-05,0.000129844388917462,-401.804217805595,0.0944942836827972,0.0812706176843007,1,0.598791458841764
"quadratic",200,"sir_laplace",145,2.08,2140.61489060105,2605.93650983307,168.156823040063,89.3093027496083,6295.41104119449,2234.98513170933,3479.09192270311,294.32135219601,1029.14177432743,1252.8540912659,80.8446264615687,42.9371647834655,3026.6399236512,1672.64034745342,0.00504886188169257,0.00442203797954595,7.65612816220725e-06,0.001170779264825,0.0104817327451678,5.58694236928374e-05,4.7522381782589e-05,1.0771718064906e-09,1.22385929700833e-05,0.000121767764368715,-396.957901448989,0.107338596288673,0.0911993968523552,1,0.577492731024825
"quadratic",200,"sir_laplace",146,1.772,4247.09634224466,3537.68340202691,96.0077847623816,210.799711221306,6265.00624055053,1578.32216104488,4409.21101506211,782.080730006985,2396.78123151504,1996.43532845762,54.1804654415246,118.961462314507,3535.55656915944,2488.26806719081,0.00649908719473317,0.00539484761066129,1.80029229643464e-05,0.00122820112011187,0.0146103179143531,5.32904312430427e-05,4.44286908061663e-05,1.06314454310441e-09,1.22068463889795e-05,0.000118227517395407,-400.966565930039,0.10253432002719,0.0790362595090383,1,0.611438125253264
"quadratic",200,"sir_laplace",147,2.089,3282.86844130363,3140.86649450632,164.549533460205,199.211791145436,6367.35962971613,1867.07108976925,4190.81029442466,989.164418836722,1571.50236539188,1503.52632575697,78.7695229584515,95.3622743635402,3048.04194816473,2006.13226157236,0.00521264323235716,0.00436154053123788,1.05673169632171e-05,0.000985447453982957,0.0115565094452439,5.22340697562467e-05,4.52380619544812e-05,9.06655518895701e-10,1.31286912131252e-05,0.000110666450304699,-398.616224635301,0.100569137456638,0.0876531896695005,1,0.576748021191071
"quadratic",200,"sir_laplace",148,1.816,2328.27267085294,1741.81728561864,172.301391944275,141.095150807549,6345.48117949556,2553.7377231629,4300.25032201795,1174.60290149752,1282.08847513929,959.150487675464,94.8796211146891,77.6955676253023,3494.20769796011,2367.97925221253,0.00452728306112299,0.00389852671805282,6.61383301940863e-06,0.0011452502508438,0.00974466332226432,4.99579648781411e-05,4.16057757242607e-05,8.57042711497151e-10,1.3541282753904e-05,0.000110664677663816,-385.84652494074,0.102873790518858,0.0774832710536918,1,0.575016062812588
"quadratic",200,"sir_laplace",149,2.259,3308.55080333779,2235.4871110655,175.544265372605,156.240818519781,6213.50496581003,1507.86586881705,3478.60894815026,681.64699947157,1464.60858934829,989.591461295041,77.7088381463499,69.1637089507662,2750.55554042055,1539.88886593637,0.00515665157011755,0.00433374797843741,9.12319128317246e-06,0.00108616870889198,0.0114500482873604,5.2606449254596e-05,4.47388309915194e-05,1.02259148578566e-09,1.01363109855069e-05,0.000117934031589657,-387.801468461306,0.160084599443844,0.118947562422471,0.96,0.585012042223498
"quadratic",200,"sir_laplace",14,1.754,3829.02399573384,3475.83700345084,102.944858572865,124.434048023255,6072.87268388865,1318.55233824614,3800.51859255268,542.662345443122,2183.02394283572,1981.66305783971,58.6914815124657,70.9430148365196,3462.29913562637,2166.77228765831,0.00772846013479008,0.00674685695897323,2.12529545696858e-05,0.00134980199468955,0.016923885197572,5.95192864741788e-05,4.73287957679818e-05,1.85126014699446e-09,1.10000323350226e-05,0.000143068464128122,-397.257632235973,0.160892592568901,0.131473996292992,0.945,0.633707463340659
"quadratic",200,"sir_laplace",150,1.896,2637.84850985072,2719.89248123595,163.104905809701,156.735582618773,6098.62172080561,1882.64283092655,4824.49338220433,687.493944215188,1391.2703111027,1434.54244790926,86.0257942034288,82.6664465288885,3216.5726375557,2544.56402014996,0.00557445597477542,0.00461872900328704,1.3469154499898e-05,0.00105620859991337,0.0123403951061777,4.94100922924434e-05,4.17050132451212e-05,8.998693949046e-10,1.16720530693144e-05,0.000109165726212569,-380.327363663752,0.132097069685302,0.10727504996132,1,0.602734990072739
"quadratic",200,"sir_laplace",151,1.755,2536.74355265416,2982.03513713315,193.384871694745,144.889430723426,6068.57224196882,1957.72473516251,3793.89111917906,714.337079689098,1445.43792174026,1699.16532030379,110.190810082476,82.5580801842881,3457.87592134976,2161.76132146955,0.00679826669315823,0.00567701255486074,1.97880023540078e-05,0.00130977821602753,0.0152534542380092,5.69566834534152e-05,4.78107667262277e-05,1.29539701150947e-09,1.1802164806822e-05,0.000125690550243654,-393.896659795884,0.0900132341566796,0.0741724739831154,0.995,0.616454293201967
"quadratic",200,"sir_laplace",152,2.243,3203.82246898888,3091.09992687417,194.960230130049,191.230174198342,6468.43733750882,2993.7219360817,4422.01364464948,896.466571994624,1428.36489923713,1378.10964194123,86.9194071021171,85.2564307616326,2883.83296366867,1971.47286876927,0.00508196714601858,0.00436779879230346,7.68660628377202e-06,0.00134014852536852,0.0108634288942377,4.98967095050345e-05,4.31005635712288e-05,8.12514458424334e-10,1.07413742769561e-05,0.000103329459290711,-386.717253002383,0.111181549843272,0.0950280168861614,1,0.595916469144275
"quadratic",200,"sir_laplace",153,1.77,2668.23309301332,1911.51659334286,243.215771876997,232.215437958899,6077.04663988094,2807.38187759072,4047.30436041837,1047.9176106498,1507.47632373634,1079.95287759484,137.410040608473,131.195162688644,3433.35968354855,2286.61263300473,0.00476788993954106,0.00405222021252235,7.3220252230595e-06,0.00118220877558031,0.0101616596552744,6.79355633357882e-05,5.81607155970029e-05,1.41274462191001e-09,1.709858306618e-05,0.00014282341105852,-392.231550816466,0.182821178686066,0.138118411972768,0.935,0.600767632166718
"quadratic",200,"sir_laplace",154,2.14,2593.75061704046,2645.28690636075,193.114342373767,179.507341947056,6146.101662812,2282.45199197532,4053.97822077284,1215.11432851368,1212.03299861704,1236.11537680409,90.2403469036296,83.8819354892785,2872.01012280935,1894.38234615553,0.00442820597349588,0.00376938962071062,6.12975782233624e-06,0.0011595579361515,0.00942430088914284,5.8660000194783e-05,5.06300201625788e-05,1.13347949236428e-09,1.62285806485573e-05,0.000123064580841807,-385.408653042536,0.105778060982081,0.0899403873364887,1,0.58444940589133
"quadratic",200,"sir_laplace",155,1.935,3689.57828202721,3203.83171505806,214.44809937001,131.498902731555,6190.64907156651,2497.48924161712,3521.57386260032,751.196436177749,1906.75880208125,1655.72698452613,110.825891147292,67.9580892669537,3199.30184577081,1819.93481271334,0.0057713339087217,0.00505989403918789,1.01578213584798e-05,0.00123055787106915,0.011995702858987,6.00010331788096e-05,5.11003123722147e-05,1.17904968361834e-09,1.27766746065395e-05,0.000129647994436421,-372.395182972355,0.142908355109297,0.118190339043529,1,0.613873196718811
"quadratic",200,"sir_laplace",156,1.84,3437.8780930077,3501.18132410626,217.382285468411,213.904008105045,6491.24966187844,2182.98755436606,4497.40719840878,932.99210849735,1868.4120070694,1902.81593701427,118.142546450223,116.252178317959,3527.85307710785,2444.24304261347,0.00442217049688141,0.00373276609811274,6.80035761718101e-06,0.00122871866483096,0.00960084535499455,4.80863149898483e-05,4.18109339869025e-05,6.80522427870553e-10,1.06709905034048e-05,0.000101929072051797,-395.741397175516,0.0770991922451857,0.0608565223979868,1,0.56995067292434
"quadratic",200,"sir_laplace",157,1.766,3181.77695452866,2952.57769573005,233.99077834519,251.576359136592,6775.65867392212,3391.00746164408,5048.43681888866,1405.38365599169,1801.68570471612,1671.90129996039,132.497609481987,142.455469499769,3836.72631592419,2858.68449540694,0.00426296608598076,0.00375765036136073,4.56336623846341e-06,0.00117371960165987,0.00880968328217746,3.94434072548182e-05,3.46843200724087e-05,4.12251505121744e-10,1.06550693501533e-05,8.04518404104675e-05,-390.279885356978,0.14856481355942,0.119099282717852,0.93,0.560433748187507
"quadratic",200,"sir_laplace",158,1.895,2311.17755779245,2154.23189732228,218.350583088243,255.043233288645,6447.27458690842,2367.12702099395,4339.3512928125,1334.73108388602,1219.61876400657,1136.79783499857,115.224582104614,134.587458199813,3402.25571868518,2289.89514132586,0.00409219015077907,0.00360068488881478,4.60538017168029e-06,0.00110776560569601,0.00825961000045343,5.19869025557331e-05,4.53426021015799e-05,7.77878557104296e-10,1.3152697929753e-05,0.000107118512441145,-396.27498734233,0.117019102431739,0.0896552153433298,1,0.568106862606567
"quadratic",200,"sir_laplace",159,2.051,3059.88238951451,2551.10593086564,180.757492740911,166.009183765165,6412.47806297156,2489.93337333431,3756.9279438905,727.743026253611,1491.89780083594,1243.83516863269,88.1313957781136,80.9406064189003,3126.51295122943,1831.75423885446,0.00591681738603665,0.00492693672241903,1.37158434944637e-05,0.0011233888156674,0.0134517374016447,5.95331126597479e-05,5.06903903797188e-05,1.41581583037143e-09,1.15600895176158e-05,0.000125788010100447,-408.646513919234,0.130952154017212,0.106742470598469,1,0.599577545555725
"quadratic",200,"sir_laplace",15,1.764,3552.77532858975,2910.45619298538,209.241630488686,187.641351369262,6487.10325440736,3550.44530253875,4479.49929398801,1198.68116594126,2014.04497085587,1649.91847674908,118.617704358666,106.372648168516,3677.49617596789,2539.39869273697,0.00530163828015341,0.00469482724203873,8.22017520921844e-06,0.00133466912962861,0.0107142783636665,5.13881897593612e-05,4.4202189722394e-05,7.91819483405574e-10,1.32825499098126e-05,0.000109955243835196,-373.285971776595,0.107454460379731,0.0845237018263929,1,0.591046616146967
"quadratic",200,"sir_laplace",160,1.979,3699.791075756,3115.16314207735,167.996015632313,120.990013496253,6143.93391327883,2567.0453538076,4208.18321376749,587.56180471326,1869.52555621829,1574.10972313155,84.8893459486171,61.1369446671312,3104.56488796303,2126.41900645148,0.00487421266280445,0.00428450635073698,7.06474200791993e-06,0.00096549185236531,0.0101379632787665,5.46030715043618e-05,4.69651244019827e-05,1.08193841256647e-09,1.15847429771365e-05,0.000118968916799327,-375.042963016637,0.104976845181991,0.0732822643075917,1,0.584260167286701
"quadratic",200,"sir_laplace",161,1.776,2350.53686762442,1917.02494077975,213.77525690507,200.260791765485,6502.48277586931,2560.1752452405,4585.75625989095,1149.23671513853,1323.50048852726,1079.40593512373,120.368950960062,112.759454822908,3661.30786929579,2582.06996615482,0.00441464100660454,0.0038394528424342,6.36552046704674e-06,0.00102852546894313,0.00923257283963033,4.7389860873309e-05,4.04576890203604e-05,7.53319462907144e-10,1.0643055419627e-05,0.00010203192225675,-380.421773842942,0.142576227060522,0.125729528861539,0.99,0.560088340047071
"quadratic",200,"sir_laplace",162,1.953,3934.12909595893,3533.43803584122,147.017305072375,101.550686891803,6256.42988936561,1797.27331468272,4266.601491607,364.915230572876,2014.40301892418,1809.2360654589,75.2776779684461,51.9972795144922,3203.49712717133,2184.63978064875,0.00540257547345042,0.00477491236182035,8.69134080573417e-06,0.00129259676002717,0.0112462230607226,5.07412422867324e-05,4.09822486529452e-05,1.27733085452514e-09,1.19215336145019e-05,0.000116917796484424,-395.629880009014,0.14918629498116,0.111569414855516,0.945,0.590664318121044
"quadratic",200,"sir_laplace",163,1.764,3097.01891765554,2922.21812949176,198.944629128411,174.149497744103,6550.99900692642,2846.43299790271,4128.22008086143,1459.47720645406,1755.67965853488,1656.58624120848,112.780402000233,98.7242050703533,3713.7182578948,2340.26081681487,0.00445432074528267,0.00386137670593774,5.6774057337134e-06,0.00121885639532312,0.00918736859607995,4.73003538639149e-05,4.13937925437484e-05,7.27771602709191e-10,1.08419984938722e-05,9.66426127793727e-05,-392.302076619985,0.0794981062949951,0.0684465875970747,1,0.571521225748333
"quadratic",200,"sir_laplace",164,2.015,2344.33664079322,1839.04012545917,152.316601755179,226.718139536041,6351.8312237535,2543.10123417478,4376.34492560087,1314.91650823024,1163.44250163435,912.675000227878,75.5913656353246,112.515205725082,3152.27356017543,2171.88333776718,0.00483993195983896,0.00406340958409694,8.55387764357905e-06,0.00114094683684826,0.0106215594104183,4.88065840006954e-05,4.25656546837745e-05,6.61992595134393e-10,1.32332280911929e-05,0.000103204166965698,-399.751197344846,0.14774667019092,0.121848898072819,1,0.592232670862411
"quadratic",200,"sir_laplace",165,1.76,2236.91535948054,1452.41827549061,171.945937231818,132.893858217497,6488.42630236461,2050.4656376155,4035.27999131011,1124.02619531737,1270.97463606849,825.237656528754,97.6965552453512,75.5078739872143,3686.60585361626,2292.77272233529,0.00471090796976466,0.00407486412090969,6.77802389537035e-06,0.00107173682280985,0.0100178436549716,5.3387890011666e-05,4.48102867141045e-05,1.15906800639389e-09,1.1138444098178e-05,0.000114059116051719,-392.026295911486,0.148475106542476,0.129245307419612,0.98,0.580322964838742
"quadratic",200,"sir_laplace",166,1.758,3068.04591573674,1535.2512895937,128.396576660316,136.518774844516,5891.02716236469,899.444735747822,3399.71512459012,572.060295440212,1745.19107834854,873.294248915644,73.0355953699181,77.655730855811,3350.98245868299,1933.85388201941,0.00708707172267595,0.00567536782800119,2.37231751208959e-05,0.00122583200219197,0.0168592459503761,5.73342762212868e-05,4.75578244061574e-05,1.33931084422181e-09,1.16154289078609e-05,0.000125056937539143,-387.920524381993,0.106392255581853,0.0798413871545618,1,0.627407234159535
"quadratic",200,"sir_laplace",167,1.764,1975.500203271,1391.731191358,139.301249125994,181.819042229553,5814.83612693691,2042.50906448787,3776.74122567186,598.133611165118,1119.89807441667,788.963260407031,78.9689620895659,103.072019404509,3296.39236220914,2141.0097651201,0.00517854148656759,0.00438193114951968,8.55381366546287e-06,0.00130170138217935,0.0109943863409537,7.41362317009168e-05,6.36694336410454e-05,1.7561683195894e-09,1.3614381301352e-05,0.000158819706062005,-388.958267023931,0.152061363967185,0.117037195916543,0.96,0.607991298924985
"quadratic",200,"sir_laplace",168,1.845,2911.0726217953,2602.64848924073,245.704311837997,202.756176827865,6097.15588226076,3046.40406693318,3834.08456959163,810.752351721972,1577.81713918444,1410.64958766435,133.173068746882,109.894946790171,3304.69153510068,2078.09461766484,0.00442001004422697,0.00382335273233996,5.65582441449969e-06,0.00120860468835516,0.00937326732964083,6.17505228401727e-05,5.40593236928124e-05,1.12582964625042e-09,1.32159196385149e-05,0.000126796861937802,-388.073812292951,0.140131776331987,0.113294241301482,0.99,0.580961964195198
"quadratic",200,"sir_laplace",169,1.837,2869.05025164159,1770.65033543913,153.800017903816,223.718877860462,6417.32026496028,1454.13640639793,4452.44920677317,1001.53280875284,1561.81287514512,963.881510854179,83.7234719128011,121.78490901495,3493.36976862291,2423.76113596797,0.00643292527279979,0.00548059990066568,1.37736736454771e-05,0.00119570360699497,0.0136440625226075,6.51812865849481e-05,5.67606237357386e-05,1.2056690628366e-09,1.61891423923738e-05,0.000135645360243898,-384.445617615063,0.138343849791175,0.111576202843924,1,0.623574285273186
"quadratic",200,"sir_laplace",16,1.768,3338.015457525,3078.43756830505,178.133261686407,155.317997391733,6143.31047798522,2877.48045113973,3704.37325838531,797.960804649797,1888.01779271776,1741.19771962956,100.754107288692,87.8495460360478,3474.72312103236,2095.23374343061,0.00510296487227028,0.00433641686536562,8.54010437009357e-06,0.00112238607930448,0.0111555992551467,6.18774910073794e-05,5.31617334825373e-05,1.37696289149327e-09,1.24676748946325e-05,0.000131205241722999,-390.049014622439,0.0981445522324178,0.0778094506358641,1,0.587421194659813
"quadratic",200,"sir_laplace",170,1.768,3330.19635935904,2905.78776533532,170.485203823856,206.055725489143,5924.03526475892,3369.27839408103,4221.5720363242,1255.68294139354,1883.59522588181,1643.54511613989,96.4282827058012,116.547356045895,3350.69867916228,2387.76698887115,0.00496890194195842,0.00422712158631535,8.95791668532431e-06,0.00118814371617929,0.0109596463963154,4.9946466137192e-05,4.16506508265942e-05,9.1581371882347e-10,1.10916373060374e-05,0.000110038767594903,-391.564944046897,0.0809600366774487,0.0710563480440259,1,0.585279021994083
"quadratic",200,"sir_laplace",171,1.882,3248.33821304588,2480.51394015185,186.084759713694,190.454980309623,6196.79277377888,1531.6755180194,3937.87518233493,1210.65582879991,1726.00330129962,1318.02015948557,98.8760678606238,101.19818294879,3292.66353548293,2092.38851346171,0.00575656064833243,0.00466720200231321,1.4499604545497e-05,0.00131101630997703,0.0130227848267922,5.40061890787318e-05,4.529821100758e-05,1.17383784823858e-09,1.29990141851378e-05,0.000119136744207366,-406.092055725163,0.114011747190075,0.0904465432116924,1,0.59597658904096
"quadratic",200,"sir_laplace",172,1.757,3879.65581299342,3629.20681846426,132.560767815913,204.731546242902,5865.50042638895,969.769051069831,3829.94471084948,788.70521807195,2208.11372395755,2065.57018694608,75.4472212953401,116.523361549745,3338.36108502502,2179.82055256089,0.00655059048022753,0.00538268602400093,1.88813801305758e-05,0.0010783533753388,0.015219370916018,5.20074015214189e-05,4.44181244886836e-05,9.01542580185483e-10,1.09270213655064e-05,0.00011376127640359,-401.389321572301,0.111661148832886,0.0867552929775009,1,0.611135179494998
"quadratic",200,"sir_laplace",173,1.917,4098.0843668339,3648.78898455422,135.594761362964,119.204847179763,5674.42911224635,793.75282641496,4282.07451768557,536.947434107711,2137.75918979338,1903.38496846855,70.7327915299762,62.1830188731156,2960.05691822971,2233.73735925173,0.0103961118003645,0.00874462803868107,4.64390657440266e-05,0.00155720542295406,0.0233151285499111,5.73702478373292e-05,4.71472379800989e-05,1.39316046679963e-09,1.34413856287067e-05,0.000130085394268437,-388.079044983271,0.132951135356536,0.110775954027872,1,0.68033008844893
"quadratic",200,"sir_laplace",174,1.799,3533.99938243227,3078.33483976231,208.796860562923,214.410733098173,6911.99013271782,3805.80016414507,5492.43037626092,2619.45752700739,1964.42433709409,1711.13665356437,116.062735165605,119.183286880585,3842.12903430674,3053.04634589268,0.00402779734041379,0.00356656753499513,4.27686254619737e-06,0.00113034751112052,0.00799690619406263,3.96454639263107e-05,3.47035706614103e-05,4.88007065941514e-10,1.06388890141868e-05,7.71872980865701e-05,-384.910968114196,0.152992381324333,0.122058090998304,0.955,0.553515002996682
"quadratic",200,"sir_laplace",175,1.987,3866.11494849498,1854.23338606741,74.148307727046,156.432455479343,5560.25492724749,908.472939621673,3672.03105030678,529.112575991954,1945.7045538475,933.182378493916,37.3167124947388,78.7279594762673,2798.31652101031,1848.02770523743,0.00813536877492401,0.00652403655878717,3.3080102524876e-05,0.00130630794828599,0.0199778829513775,5.68059231414732e-05,4.62389999363638e-05,1.70553561828271e-09,1.00564902141547e-05,0.000128146619533974,-390.593408075401,0.0940089907684748,0.066740246126131,1,0.651317865098134
"quadratic",200,"sir_laplace",176,1.764,3142.50872858528,3196.8221042526,214.478577900129,219.644650460915,6426.16571538636,2516.05138051986,4616.78887558714,1458.29493982144,1781.46753321161,1812.25742871462,121.586495408237,124.51510797104,3642.95108581993,2617.22725373421,0.00477652898129443,0.00420273083946034,6.83940421299008e-06,0.00112594142879659,0.00991382581562902,4.95457834027041e-05,4.25398736923318e-05,7.86758966040089e-10,1.24070390978695e-05,0.000102760820063008,-381.178769028298,0.147029964655774,0.106819937090342,0.965,0.584741534950984
"quadratic",200,"sir_laplace",177,1.775,1420.99037069831,746.130382596335,113.897236111254,97.4517087831675,5649.74438304776,1406.03337428165,2877.87891602805,368.963822465735,800.557955322989,420.355145124695,64.1674569640866,54.9023711454465,3182.95458199874,1621.340234382,0.00668698736178689,0.00547405415850278,1.88663696138976e-05,0.00117737068217989,0.0153399095752591,7.85086604433693e-05,6.39657518335048e-05,2.90262347467511e-09,1.21417754029721e-05,0.000180758653774813,-384.658141976721,0.173431370859904,0.136856361996674,0.945,0.631412207697484
"quadratic",200,"sir_laplace",178,1.759,2730.02233672894,2528.83626966802,196.73630865288,201.09166201275,5990.50224248029,2906.36186676802,4150.14523029055,1191.13759916573,1552.03089069298,1437.65563937921,111.845542156271,114.321581587692,3405.62947270056,2359.37761812993,0.00496844314413887,0.00426788222395471,8.46413127012321e-06,0.00125107308180294,0.0105451677353899,5.54624365799313e-05,4.7295662137255e-05,1.0817324732066e-09,1.23737053852225e-05,0.000122866227333183,-386.068106077136,0.0985519411346134,0.0813329851250416,1,0.594303379584424
"quadratic",200,"sir_laplace",179,1.754,2758.36716138758,2654.73373227688,171.497179283263,221.120263025433,6281.31749710827,2925.33295286993,4414.11081690384,1026.60368482933,1572.61525734754,1513.53120426276,97.7749026700472,126.066284507088,3581.13882389297,2516.59681693491,0.0048396538009022,0.00404380564263672,8.47831492203826e-06,0.00113503761437048,0.0106547652610828,6.15065768774691e-05,5.33251187658502e-05,1.10978423063756e-09,1.48022808831608e-05,0.000126437100493618,-394.16546960303,0.126038186310574,0.0995013009868112,1,0.581605506714504
"quadratic",200,"sir_laplace",17,1.761,3216.77793496754,2629.58784311057,195.479677704756,180.371415293895,6604.5156921209,3463.42768732294,4514.48999150743,897.249333203059,1826.67685120247,1493.23557246483,111.004927714228,102.42556234747,3750.43480529296,2563.59454372938,0.00391581189212647,0.003439317608132,4.27411192889186e-06,0.000978643836668688,0.00789241126134417,4.41320509332978e-05,3.95890843759567e-05,4.71360434948046e-10,1.23446026644337e-05,8.52591826553272e-05,-372.603293419203,0.142274077854828,0.10550774083631,0.93,0.556980871105437
"quadratic",200,"sir_laplace",180,1.76,3830.77290863845,3706.79221930215,196.382835156482,149.56697805356,6283.33395464838,2564.68993639583,4418.92090042617,883.810246757727,2176.57551627185,2106.13194278531,111.58115633891,84.9812375304315,3570.07611059567,2510.75051160578,0.00414647802857464,0.00372354406753866,4.34647897358676e-06,0.00103275376652017,0.00832906679541633,4.86053824536127e-05,4.09227880497232e-05,8.08191556487748e-10,1.1925348720137e-05,0.000107071247584999,-389.365917346944,0.129393640963459,0.100540514254739,0.98,0.566217858834085
"quadratic",200,"sir_laplace",181,1.857,3440.45215216759,2985.34079759592,204.228124105364,234.391044883024,6188.04832060558,2636.25721206541,4767.11127851961,1228.14380905423,1852.69367375745,1607.61486138714,109.977449706712,126.220271881004,3332.28234819902,2567.10354255229,0.00448162498713751,0.00390665959100655,5.85684765948117e-06,0.00107552065786962,0.00919698641959975,4.78282337014363e-05,4.02296390672463e-05,7.25749772543801e-10,1.26553663043275e-05,0.000103274782629206,-373.627182232403,0.131847272462592,0.114777849508601,1,0.57437699013074
"quadratic",200,"sir_laplace",182,1.955,3348.87201234763,3137.80305868026,152.36764237494,225.001659028663,6494.68998999237,2442.97857833567,4586.09449042596,1419.91396415688,1712.97801143101,1605.01435226612,77.9374129795089,115.090362674508,3322.09206649226,2345.8283838496,0.00497661412093897,0.00435514216467902,7.83183862539614e-06,0.0011846121344666,0.0105487060885282,5.14083788904668e-05,4.47708599680396e-05,7.9777813865923e-10,1.42283711305557e-05,0.000110533111154979,-377.186650822022,0.132587347054377,0.0978940005668671,0.945,0.58845157285579
"quadratic",200,"sir_laplace",183,2.05,3656.81623433274,2903.11135735169,194.417205057685,175.224606025161,6436.17219358876,2287.2599953234,4726.95475309318,1485.44698284556,1783.81279723548,1416.15188163497,94.837661003749,85.4754175732493,3139.59619199452,2305.83158687472,0.00487194391690853,0.00420576958728418,8.75114559530581e-06,0.00112514698499729,0.0105310413240235,4.68228011836632e-05,3.92521614292827e-05,1.11481438556517e-09,9.358206855946e-06,9.40666894583215e-05,-398.773274420077,0.119005485092606,0.0938611558596029,1,0.583170758855677
"quadratic",200,"sir_laplace",184,1.799,3093.95167731771,2740.74945647842,193.681714054307,134.392469247384,6160.03797846588,2435.91845208708,3425.04454160464,857.829676635243,1719.81749711935,1523.48496746994,107.660763787831,74.7039851291741,3424.14562449465,1903.86022323771,0.00495396907888859,0.0042747802116375,7.41365658148002e-06,0.00115568976594881,0.0104437869840437,6.06144802476008e-05,5.19201107160591e-05,1.33201071145052e-09,1.12840318202972e-05,0.000132280473495175,-395.075587388837,0.104947495267441,0.0820698325736505,1,0.588664397327459
"quadratic",200,"sir_laplace",185,1.783,2606.54589022328,2262.94873963178,185.409870595282,198.592511047246,6356.57942613936,1644.04919430769,4189.24984743121,947.987251580221,1461.88776793229,1269.18044847548,103.987588668134,111.381105466767,3565.10343586055,2349.55123243478,0.0057140290259434,0.00483035868405307,1.17480398834653e-05,0.00108099421345824,0.0127646018567675,4.96785418753217e-05,4.30896122427412e-05,7.65711508862583e-10,1.17632389335377e-05,0.000104989987464355,-394.243906851753,0.113440708889348,0.0917184896322561,1,0.598510530361691
"quadratic",200,"sir_laplace",186,1.923,3101.12723273803,3027.53144251888,134.35623426916,191.569350532068,6276.29220380877,1999.30882493362,3345.93624263485,874.047356156388,1612.65066705046,1574.37932528283,69.8680365414249,99.6200470785585,3263.80249808048,1739.9564444279,0.0055330593361267,0.00466918778515134,1.06783234607494e-05,0.00130211854683404,0.0119793771270085,6.15302432534606e-05,5.34497094500742e-05,1.15973946854973e-09,1.17780698859869e-05,0.000129126528905656,-397.931555097828,0.109834765553904,0.0912651799050891,0.995,0.587213215456479
"quadratic",200,"sir_laplace",187,1.859,2988.83393442435,2779.23215380617,192.774917986589,206.162818023803,6033.10275632348,2257.96502045727,3854.63229524478,1311.28322730048,1607.764354182,1495.01460667357,103.698180735121,110.899848318345,3245.34844342307,2073.49773816287,0.00523903557078116,0.00452134070863138,8.53790541399323e-06,0.00119629867978759,0.0111612979453763,6.6228039302618e-05,5.53716304905893e-05,1.56535353556143e-09,1.38729472471947e-05,0.000145874112151822,-382.624688942069,0.111021665768159,0.0917761513135487,0.995,0.59885567603307
"quadratic",200,"sir_laplace",188,2.02,3346.57646895311,3104.72682498422,194.121434725811,112.25290018182,6250.02240532904,1955.82132301778,3781.82215633706,881.274696312038,1656.72102423421,1536.99347771496,96.0997201612926,55.5707426642675,3094.07049768764,1872.18918630548,0.00555796721493762,0.00477769305325835,1.01051638298457e-05,0.00127190092947556,0.0118065581051324,6.2767462551752e-05,5.31307336839229e-05,1.41497249979477e-09,1.14269517606911e-05,0.000137640949791549,-386.360154352028,0.118425471665921,0.0951698392538921,1,0.597911046936331
"quadratic",200,"sir_laplace",189,1.761,3274.8543472736,3151.23636019516,206.062678102738,153.822953242908,6051.89812602825,2603.34514475607,3457.66351364633,949.139839263703,1859.65607454492,1789.45846689106,117.014581546132,87.3497746978465,3436.62585237266,1963.46593619894,0.00484182574952782,0.00418196698871051,8.31316370558341e-06,0.00108874019210434,0.0102877833854156,6.42319790660353e-05,5.52622319672473e-05,1.3831947239026e-09,1.17831182488338e-05,0.000139866940459243,-377.744680537078,0.119043247176123,0.0906348541765607,1,0.593642103273213
"quadratic",200,"sir_laplace",18,1.817,3767.37737235445,3572.97785742028,161.507316815696,179.153885203552,6231.14474659708,1741.13154927304,3834.31172794459,900.923867756731,2073.40526821929,1966.41599197594,88.8868006690675,98.5987260338757,3429.35869377935,2110.24310838998,0.0053865774237381,0.00464073889878829,8.98997872681521e-06,0.00125210423385791,0.0112994930249407,6.01421052119368e-05,4.99805176086022e-05,1.52890428568509e-09,1.0682356682885e-05,0.000132643506340834,-398.751715573836,0.150538367794632,0.117793312473041,0.98,0.601164042077165
"quadratic",200,"sir_laplace",190,1.822,3395.59088030228,3221.1453845385,243.81875951703,168.627204469798,6164.90012751918,2285.75226094056,3911.92431313527,1061.65097620109,1863.66129544582,1767.91733509248,133.819297210225,92.5506061853995,3383.5895321181,2147.04956813132,0.00445921715519519,0.00387430984754927,5.71975490258049e-06,0.00121417245334324,0.00924957675140822,5.62768161134307e-05,4.74636457385984e-05,1.25698286459385e-09,1.31449664536241e-05,0.000120566158981806,-375.316784561623,0.113643271495374,0.086584538336432,0.99,0.575574406024637
"quadratic",200,"sir_laplace",191,1.781,2375.3779399169,2010.9025800217,176.931029979853,127.918665082805,6370.66699545987,2507.42823152673,4685.44269460883,755.369557342411,1333.73270068327,1129.08623246586,99.3436440089012,71.8240679858536,3577.0168419202,2630.79320303697,0.00427303064063872,0.00365727707679743,6.20178453042597e-06,0.00104657983340033,0.00918777873078677,4.53379320551541e-05,3.70536613016316e-05,9.2147141655024e-10,1.21303165801462e-05,0.000103703237354937,-386.518977795804,0.154469032700557,0.121768551007668,0.9,0.575548067733319
"quadratic",200,"sir_laplace",192,1.763,3818.57275414382,3430.89894300928,149.51740316376,140.277125995838,5995.94264059726,1442.35083811302,3364.00651421023,592.499279241827,2165.95164727386,1946.05725638643,84.8085100191492,79.5672864412015,3400.98845184189,1908.11486909259,0.00630618129915191,0.00515853117173259,1.58035221629589e-05,0.00140872264320342,0.014279297831531,7.35140209272712e-05,5.88242265737609e-05,2.65317160431625e-09,1.42842956918655e-05,0.000175741987516986,-372.683379868722,0.156039051971669,0.125383441401603,0.995,0.61963420183222
"quadratic",200,"sir_laplace",193,1.76,2333.84408354192,1511.6471521616,168.206582846355,120.673339049176,6039.69628134376,2449.21176909257,4118.27488889292,796.78347598832,1326.04777473972,858.890427364546,95.5719220717929,68.5643971870317,3431.64561439987,2339.92891414371,0.00463235945265311,0.00393133151902794,7.14677026064544e-06,0.00101177847951826,0.0100411018282842,6.06165837512269e-05,5.29865736576858e-05,1.10232855998114e-09,1.535895593371e-05,0.000124707840939996,-379.39815504343,0.146969894267289,0.126843785348605,0.965,0.596256191747495
"quadratic",200,"sir_laplace",194,1.764,2753.9160933317,2515.23683903684,176.849278869324,233.905871550183,6173.95532891062,2468.50304330337,3915.55886958299,1472.59485368318,1561.17692365742,1425.87122394379,100.254693236578,132.599700425274,3499.97467625319,2219.70457459353,0.00387874947832868,0.00346324963267385,3.95269188425938e-06,0.00109205984420624,0.00783623926450727,5.26441006602042e-05,4.56761281264266e-05,8.04189294511142e-10,1.36900108552072e-05,0.000107699038921271,-394.46138132249,0.0983861346793748,0.0834871831607392,1,0.559352130074106
"quadratic",200,"sir_laplace",195,1.76,3888.4869556269,3515.56771252432,207.764800266117,180.603656457085,6316.18294990344,1169.45743642336,4245.46411539759,746.14174738487,2209.36758842437,1997.48165484337,118.048181969385,102.615713896071,3588.74031244513,2412.19552011227,0.00649206908195885,0.00554899097036093,1.44161270911691e-05,0.00150500315424864,0.0143676762077836,5.29636648969958e-05,4.34915276641287e-05,1.11322213802471e-09,1.27415727028921e-05,0.000118333836318031,-385.668568891275,0.108301605033031,0.081982429741626,1,0.60908881081443
"quadratic",200,"sir_laplace",196,1.829,3693.47224441297,3059.6440790352,193.124865353482,216.005327308641,6477.53194731414,3236.49956470941,4433.04774827702,1240.58869395572,2019.39433811534,1672.8507813205,105.590412987141,118.100233629656,3541.57022816519,2423.75491977967,0.00451962685173303,0.00387967433133332,6.83578669507081e-06,0.0011182353040993,0.00968564445506553,4.81323906959467e-05,4.16841981711681e-05,7.72615823052979e-10,1.17950116004809e-05,0.000100120050831469,-377.141412068608,0.105302286491023,0.0809602256087325,1,0.571080910211526
"quadratic",200,"sir_laplace",197,1.776,3819.13867342668,3452.70974746938,135.647640574869,126.186073568733,6054.11210683415,1572.49522080818,3405.88486974019,413.759942676133,2150.41591972223,1944.09332627781,76.378175999363,71.050717099512,3408.84690700121,1917.72796719605,0.006485830313924,0.00568217413493301,1.32359053370267e-05,0.00121144391403829,0.0137960178906807,6.93702709036338e-05,5.63939011099389e-05,1.98744621792932e-09,1.40362503592653e-05,0.000158876917447954,-377.676850134649,0.131396280427961,0.095578696378423,0.97,0.614962964283048
"quadratic",200,"sir_laplace",198,1.947,3112.45928201616,2261.06667561229,148.626609961783,216.072220142573,6017.67202563993,1596.62750259861,4020.50920457985,965.865276673524,1598.59233796413,1161.30799980087,76.3362146696368,110.977000586838,3090.74063977397,2064.97647898297,0.00551419337032921,0.00435876242651304,1.48698298608904e-05,0.000945990070287238,0.0127772984276274,5.43815103210464e-05,4.71937545219815e-05,1.01534767434001e-09,1.15129279992421e-05,0.000110451323152455,-405.164770803924,0.102672669855467,0.082559096740539,0.995,0.587198481603398
"quadratic",200,"sir_laplace",199,2.041,3283.98399056079,3048.08996719591,211.622780999744,167.429191580989,6263.66142870489,2501.98461865665,4509.07276008926,1065.25112617111,1609.00734471376,1493.42967525522,103.685830965088,82.0329209118024,3068.91789745463,2209.24682022992,0.00536248163866434,0.00463350079168949,8.94084673637704e-06,0.00135005381539159,0.0115179107600417,5.34116242888546e-05,4.61226867547033e-05,8.7375839186667e-10,1.32070177968527e-05,0.000113368657765596,-396.300961056891,0.105368874903753,0.0773232536248889,1,0.596025341137204
"quadratic",200,"sir_laplace",19,1.848,3669.84142534555,3136.59611272366,87.9886945652766,166.090141402262,6113.87044527007,1249.62812844571,4444.53035758797,819.435363067141,1985.84492713504,1697.29226878986,47.6129299595653,89.8756176419167,3308.37145306822,2405.04889479869,0.00582018284368835,0.00488805100044842,1.28367985630783e-05,0.00115093914167769,0.0129269755603063,5.13455260081275e-05,4.31475654091375e-05,9.14879417116306e-10,1.12332819464181e-05,0.00011335705014821,-387.208690427379,0.156227479373249,0.140025871314558,1,0.606883930041243
"quadratic",200,"sir_laplace",1,1.933,3352.94718419085,2230.04008519464,206.277344641542,154.920971679513,6336.41449186991,1775.20947137596,5185.28291964257,1430.55104227631,1734.58209218358,1153.66791784513,106.71357715548,80.1453552403066,3278.02094768231,2682.50539039967,0.00524380848509929,0.00443885055747432,9.25251019703519e-06,0.00128047878893671,0.0112473597522867,4.4108453838773e-05,3.77181921820599e-05,6.47293780552912e-10,1.03132519381148e-05,9.37568228630183e-05,-369.560402528735,0.145326929789822,0.110657590223182,0.9,0.588164587992911
"quadratic",200,"sir_laplace",200,1.759,2556.986345576,1981.60902130653,250.423768123998,166.414206146477,6015.50301340911,2754.87393121098,4441.83041540358,1190.13342505201,1453.65909356225,1126.55430432435,142.367122299033,94.6072803561553,3419.8425317846,2525.2020553744,0.0042230976389134,0.00378387166680051,4.5579980231084e-06,0.0011960580415052,0.00835011233982526,6.00328374189172e-05,5.08649271740802e-05,1.24407733905316e-09,1.51131769786541e-05,0.000130782337184071,-383.809958202938,0.0698804630956977,0.0509499552664125,1,0.569885447073326
"quadratic",200,"sir_laplace",20,1.753,3349.90201306579,3325.98811433326,197.929689310677,198.35651164718,6414.38124916536,2748.42354350709,3988.05757011396,1050.35602909798,1910.95380095025,1897.31210173032,112.909121112765,113.152602194626,3659.08799153757,2274.99005711007,0.00483648362520069,0.00412436547616795,7.59206105290864e-06,0.00104564706680948,0.0103434901378003,5.23772416325688e-05,4.53812397329581e-05,8.27494548658506e-10,1.18798025210915e-05,0.000109885554153518,-392.581363942209,0.101496417630404,0.0864757894785884,1,0.575977788629152
"quadratic",200,"sir_laplace",21,1.78,3071.64773228125,3055.94448576992,178.625320882391,112.319671752209,6318.37454456299,3319.89907521938,3543.13231156305,934.085214135029,1725.64479341644,1716.82274481456,100.351303866512,63.1009391866345,3549.64862054101,1990.52377054104,0.00473528743252863,0.00399685004872747,8.43067373749625e-06,0.000974305217733604,0.0101344660506646,5.3505943047737e-05,4.53169940215213e-05,8.9286653197363e-10,1.19805158345567e-05,0.000115566414917815,-389.776054474383,0.0931226969802405,0.0805803566086835,1,0.575878619022024
"quadratic",200,"sir_laplace",22,1.758,3186.0764438516,2651.47126711309,251.48276456467,236.460732664596,6559.84734101282,2937.6340055939,4556.2008199305,1252.82899673803,1812.33017283936,1508.23166502451,143.050491788777,134.505536214218,3731.42624630991,2591.69557447696,0.00392166049666835,0.00344307488891547,4.63876973217324e-06,0.000926584057392465,0.00788375622812205,4.73838271296224e-05,4.09469992752789e-05,8.51493796574659e-10,1.19430110947535e-05,9.69774659387317e-05,-391.374771002225,0.132785040985194,0.0972275170334344,0.97,0.556985077868654
"quadratic",200,"sir_laplace",23,2.01,3020.93155664151,2818.60746074298,190.958708298046,197.179411287914,6148.48412911746,1474.66111913089,4254.81502342661,993.316874150789,1502.95102320473,1402.29226902636,95.0043324865902,98.0992095959769,3058.94732791913,2116.82339473961,0.00469766176368063,0.00397099054931872,8.28256364104877e-06,0.00100766270230489,0.0100997349061569,5.49359077643317e-05,4.7311159690663e-05,9.98479421874623e-10,1.42556636205143e-05,0.000116723765976029,-389.857239863243,0.121839350614362,0.0973633989249144,1,0.583996990618395
"quadratic",200,"sir_laplace",24,1.824,2629.3257317468,2211.37859784257,212.590968612094,220.311331496613,6048.6338541368,2570.67452502489,3966.61392684568,1383.77437195477,1441.51630029978,1212.37861723825,116.552066125052,120.784721215249,3316.13698143465,2174.67868796364,0.00405941089276777,0.00354812350158837,4.51134166999131e-06,0.00104415022004714,0.00831653582257594,6.38799297432145e-05,5.41400280157959e-05,1.33088490177698e-09,1.59060712751573e-05,0.000140066381384891,-384.415747608481,0.113331358237718,0.093696129937647,1,0.572088388116678
"quadratic",200,"sir_laplace",25,2.009,3633.59448817353,3009.68794377436,128.844080534308,179.998923100266,6316.38835938048,1683.06797555336,3980.67755039709,1007.30574833599,1808.65828181858,1498.10251058952,64.1334397881077,89.5962782977928,3144.04597281258,1981.42237451324,0.00479223607582389,0.00422353114048213,7.96997952917459e-06,0.00110937862235669,0.00987872019709717,5.03730638377437e-05,4.17512332474951e-05,1.12988933108753e-09,1.01629528012952e-05,0.000109771597202648,-403.493284154762,0.17206475531112,0.149317021034165,0.945,0.566279717636517
"quadratic",200,"sir_laplace",26,1.927,3900.78287426069,3454.74354379393,154.710904820226,175.622498769882,5971.4176598464,1411.38616257137,5080.68969754991,961.797160572802,2024.27756837607,1792.80931177682,80.2858872964328,91.1377782926214,3098.81559929756,2636.5800194862,0.00647834062951014,0.00521628441125417,1.8695773741289e-05,0.000977796416557037,0.0150671348082871,4.52561211062424e-05,3.91251694737401e-05,6.79568232578869e-10,1.1748034139304e-05,9.17447356391393e-05,-385.730512687178,0.0997466289188177,0.0866120506768594,1,0.606904084399814
"quadratic",200,"sir_laplace",27,1.779,2737.55134883028,2313.66392619821,220.764316581427,226.908330715842,6447.1330066899,2845.65993816743,4692.8653427072,1770.36084661037,1538.81469861173,1300.54183597426,124.094613030594,127.548246608118,3624.02080196172,2637.92318308443,0.00414671911913476,0.00359664067249156,4.81371934747145e-06,0.00109634593349544,0.00842052274517017,4.67922282629686e-05,4.04613365407694e-05,6.60556378402907e-10,1.15574434600058e-05,9.95315119225752e-05,-388.127392470244,0.115509694492371,0.0835540266382886,0.995,0.562877022524203
"quadratic",200,"sir_laplace",28,2.073,2617.8037719785,2461.76975865602,154.148040195759,179.119567529686,6279.83242715725,2300.85972526832,4257.1138424629,981.664427113779,1262.80934490039,1187.53968097251,74.3598843201926,86.4059660056375,3029.34511681488,2053.60050287646,0.00579752913330051,0.00493394240532044,1.09964685224851e-05,0.001210911680071,0.012731624568805,5.62888958059836e-05,4.87382329825173e-05,1.1015151997768e-09,1.35467415451984e-05,0.000119846488700839,-382.998932135162,0.0949297952217138,0.0788308600217437,1,0.609306071815423
"quadratic",200,"sir_laplace",29,1.751,3907.06954535134,3639.8333755851,244.320754714748,180.68623933684,6278.22077588338,1975.46880806131,4095.31303402642,1123.80443796073,2231.33611956102,2078.71694779275,139.532127192888,103.190313727493,3585.50586857988,2338.84239521783,0.00510208717322847,0.00440419258540386,8.01603713751392e-06,0.00120646312748457,0.0106862413867668,5.28564282801482e-05,4.42417483783679e-05,1.13052072781291e-09,1.19585506739464e-05,0.0001147738978006,-394.676171138284,0.0990463886512483,0.078777826304222,1,0.581658700741823
"quadratic",200,"sir_laplace",2,1.756,3725.23762094584,3679.78364459435,204.555542877747,165.883505912546,6685.20429075456,2356.70770227461,4765.51083419375,1289.5310608525,2121.43372491221,2095.54877254803,116.489489110334,94.4666890162561,3807.06394689895,2713.84443860692,0.00474067213396126,0.00417314458724463,5.74022913890068e-06,0.00145402494511242,0.00961591252605397,4.53748823989555e-05,3.83407702762739e-05,8.8424464223451e-10,1.06390497170698e-05,9.65751849386033e-05,-394.450376079878,0.142248181129954,0.110045117161513,0.99,0.561384452956413
"quadratic",200,"sir_laplace",30,2.128,2465.83154224172,1918.75667278442,190.512120967871,167.564593439842,6566.35083675884,2638.70997030688,4372.78438184313,1042.28772540724,1158.75542398577,901.671368789669,89.5263726352776,78.7427600751137,3085.69118268743,2054.87987868568,0.00501494329739778,0.00423228108542734,8.41188815381375e-06,0.00127580702051031,0.010860876525954,4.36463552352656e-05,3.7388094578599e-05,6.13069913450508e-10,1.11104600862257e-05,9.37825379208601e-05,-391.704865427922,0.121753687383044,0.093104599541734,0.96,0.574604452837412
"quadratic",200,"sir_laplace",31,1.799,2705.11622064863,2352.28814659842,186.243895917113,148.952190225355,6240.64376943889,2390.43699643623,4597.04917774997,1076.57716070309,1503.67772131663,1307.55316653609,103.526345701564,82.7972152447774,3468.95151163918,2555.33584088381,0.00451037958883059,0.00376452044008408,7.76553723149742e-06,0.00107857281708864,0.00987334037168856,4.38828782968573e-05,3.80505863813243e-05,7.05020800262206e-10,1.16651014448989e-05,8.96784715013756e-05,-381.228625631287,0.139598355668415,0.111433526184494,0.975,0.578550057285213
"quadratic",200,"sir_laplace",32,1.769,3403.19948132488,3226.21560652654,203.234253802893,244.663162983007,6210.86073033306,2046.77481919627,4387.37397382955,1056.38260641205,1923.79846315708,1823.75104947797,114.886519956412,138.305914631434,3510.94444902943,2480.14356915181,0.00464212261594033,0.00401435554519903,6.24518178771569e-06,0.00120734602595518,0.00982808845705846,5.1935681463466e-05,4.45541711808456e-05,8.47353809149517e-10,1.11101077209063e-05,0.000109592839112073,-390.695207315824,0.111522453045395,0.0814049845856166,1,0.571384588729206
"quadratic",200,"sir_laplace",33,1.757,3482.99734180828,3567.60335110692,170.44050608452,240.797702183645,6472.7329208313,3110.88456448751,4448.86682434508,1111.62795146413,1982.35477621416,2030.50845253666,97.0065487105976,137.050485021995,3683.96865158298,2532.08128875645,0.00502777947482038,0.00428781812019365,9.00685986007582e-06,0.00126700910758945,0.0111091957638204,4.81287569503153e-05,4.35656624401314e-05,5.44061243099295e-10,1.48778945895335e-05,9.58592457291151e-05,-395.016301510148,0.0861202602936112,0.0664688149359599,1,0.576100785419719
"quadratic",200,"sir_laplace",34,1.962,3333.82086686824,3408.84971529097,221.834283266681,190.239161097995,6244.43952333876,3146.2363848013,4100.5557425339,1251.83229958561,1699.19514111531,1737.43614438888,113.065383927972,96.9618558093755,3182.69088855186,2089.98763635775,0.00397640724658837,0.00351232260372882,4.45180962806916e-06,0.00105152535649737,0.00808495160473868,4.85884925234991e-05,3.99998756544738e-05,9.46428648020105e-10,1.18385320594323e-05,0.000109944847102706,-381.382548851537,0.118417470904774,0.087702279672954,0.975,0.562351766411292
"quadratic",200,"sir_laplace",35,1.804,3570.71885617934,3347.30224863979,140.091112404835,137.508795288725,6038.21074339946,2429.76531276747,3207.12196079443,511.614325608744,1979.334177483,1855.48905135243,77.6558272754074,76.2243876323309,3347.12347195092,1777.78379201465,0.00552846621502157,0.00479251405286616,1.02659686774009e-05,0.00106245152881098,0.0116321180181099,5.44286775457478e-05,4.53212421554773e-05,1.10448589304525e-09,1.21998527539827e-05,0.000123671407458251,-389.025931440364,0.118865719216153,0.102138683808802,1,0.594569667939411
"quadratic",200,"sir_laplace",36,2.184,2707.53418007881,1538.82511439674,157.918469878553,155.90836581165,6251.28671806925,1817.96789575513,3306.97224311261,648.661259808672,1239.71345241704,704.590253844661,72.3069917026342,71.3866143826237,2862.31076834673,1514.18142999662,0.00640803464058381,0.00551599120567362,1.3467251627704e-05,0.00142253936652515,0.0140654357993588,7.52859857083783e-05,6.55850841520672e-05,1.8923681932111e-09,1.50095462432065e-05,0.000157836544966195,-384.431686448419,0.127240219432514,0.106288120733015,1,0.622556817231984
"quadratic",200,"sir_laplace",37,2.103,3117.05040132571,2448.99929744358,187.679243014392,177.834662936129,6223.41255038139,2060.65067053876,3785.88456004637,1076.36058439919,1482.19229734936,1164.52653230793,89.2435772774095,84.5623694418111,2959.30221130832,1800.23041371677,0.00543037435159341,0.00456754344500047,1.18944953292067e-05,0.00113511183318914,0.0118002448814323,5.45197689064049e-05,4.71749606598079e-05,9.15439658607892e-10,1.29348628926897e-05,0.000113241177185436,-367.899528737192,0.157876835909495,0.130497360231093,0.96,0.612764522198725
"quadratic",200,"sir_laplace",38,1.758,3615.19767327994,3234.2181830391,170.152725275724,226.415085157792,6063.49107961066,2098.65361374021,4725.48269830728,1656.4092837992,2056.42643531282,1839.71455235444,96.7876708053035,128.791288485661,3449.08480068866,2687.98788299618,0.00471744907320913,0.00401803328735495,8.33919495812564e-06,0.00103526103319709,0.00975718440318434,4.63004474620628e-05,3.83494584475537e-05,1.75535430106155e-09,1.14326553159495e-05,9.39071530452437e-05,-396.009018344176,0.132602402010891,0.106213899962809,1,0.573416174862546
"quadratic",200,"sir_laplace",39,2.015,3949.30799752264,3027.07355846724,179.380113908115,139.535993913947,6223.14999306069,1195.61804907893,4741.6710256409,906.787904295196,1959.9543412023,1502.26975606315,89.0223890362853,69.2486322153581,3088.41190722615,2353.18661322129,0.00630510112454481,0.0052564335687634,1.64983189560881e-05,0.00133918407000705,0.0142149807851448,5.17448054214807e-05,4.44055612134915e-05,9.28496757306834e-10,1.18043845930466e-05,0.000113683600661001,-394.867290514541,0.103222031922396,0.0808675218996885,1,0.614429619868983
"quadratic",200,"sir_laplace",3,1.778,3006.87790329458,2406.1110007026,117.933602336625,144.409190231819,6166.48338544622,2334.96675855934,3346.29296766677,744.247974903114,1691.15742592496,1353.26827936029,66.3293601443338,81.2200170032728,3468.21337764129,1882.05453749537,0.00527649556369459,0.00437625038573371,1.05503666973381e-05,0.00113631633560157,0.011959462153782,7.34186583547312e-05,6.57776327382508e-05,1.51525872800623e-09,1.94161651304672e-05,0.000144729751652867,-386.338660849031,0.181752783791133,0.155384252504616,0.96,0.602727265081338
"quadratic",200,"sir_laplace",40,1.905,2409.83051015266,1590.24926547075,157.175217222929,114.617774029448,6296.44414055348,1879.1540318566,3956.99633290749,582.062856558993,1265.00289246859,834.776517307482,82.5066757075743,60.1668105141457,3305.22002128792,2077.16342934777,0.00500082821347247,0.00421094675556032,8.83780527542163e-06,0.00111221837627207,0.0109816455788268,5.95763143749381e-05,5.06647531485681e-05,1.34131088509902e-09,1.23093051328101e-05,0.000128478369990328,-388.358918221186,0.172785848113756,0.136211423316258,0.92,0.589487652777746
"quadratic",200,"sir_laplace",41,1.759,3053.11958687375,2741.4743843284,191.104404176594,212.898629351656,6368.91408659369,2959.766739112,4670.57496995311,1530.25926689567,1735.71323870025,1558.54143509289,108.6437772465,121.033899574563,3620.75843467521,2655.24443999608,0.00438106650536588,0.00379051965833054,6.36391442503013e-06,0.00102822121554097,0.00905277214870705,4.58140097336675e-05,3.99691520432055e-05,6.01252372189522e-10,1.15398638689079e-05,9.50234053212831e-05,-379.478005695024,0.125931589190381,0.103713081095184,0.995,0.564967272917717
"quadratic",200,"sir_laplace",42,2.072,3566.3288055691,3338.94394349059,146.779698439101,118.510927976099,6258.47407139351,2463.63220832436,3855.53728148723,705.363159767078,1721.20116098895,1611.45943218658,70.839622798794,57.1963938108585,3020.49906920536,1860.78054125832,0.00487509283468766,0.00408053791849663,8.35239626114894e-06,0.00124590373442263,0.0108746751529497,4.91218270448034e-05,4.10991249630348e-05,9.42995368693904e-10,1.0047780513783e-05,0.00010696262969143,-373.24227528843,0.106938012829383,0.0865703965405014,1,0.583646643007588
"quadratic",200,"sir_laplace",43,1.975,2969.60585708539,2716.81333661131,268.546779800065,178.881015385254,6477.54811637601,2643.8895923082,4486.81802208954,1076.45175818887,1503.59790232172,1375.60168942345,135.973053063324,90.5726660178499,3279.77119816507,2271.80659346306,0.00497632905565751,0.00443399148140394,6.90578878223677e-06,0.00133826195698428,0.00998318360962615,4.79714447101146e-05,4.05673077898703e-05,8.16731537433904e-10,9.98401189402936e-06,0.000103891101141081,-390.382281034785,0.118741191453294,0.0924209781397978,1,0.582999930842955
"quadratic",200,"sir_laplace",44,1.759,3313.31192091124,2738.94755527477,90.4855254374971,194.292331085553,5670.67630154448,1304.29527495437,4192.11445724952,698.653344704761,1883.63383792566,1557.10492056553,51.441458463614,110.456129099234,3223.80687978652,2383.23732646363,0.00569828555945366,0.0044997452486424,1.80619422132072e-05,0.00109785930544139,0.0135502043760258,5.52818161700372e-05,4.70369552259125e-05,1.03558766178595e-09,1.20755728526689e-05,0.000118293580414654,-391.00652273412,0.11153523165308,0.0852938911588748,1,0.606022122092335
"quadratic",200,"sir_laplace",45,1.771,3670.21754411245,3263.95203528723,166.541240976415,154.846634859687,6398.46872009723,1111.81863634375,4916.11808700703,997.601904635828,2072.39838741527,1842.99945527229,94.0379678014765,87.4345764312178,3612.9128854304,2775.89954094129,0.00626858887549315,0.0053983353658454,1.30778053724045e-05,0.00112618130558946,0.0135582814709826,4.15464743795997e-05,3.57353173290583e-05,5.53544458781424e-10,9.41971150483833e-06,8.95793862463635e-05,-392.689464571287,0.126935752132229,0.0957006168790092,0.995,0.606115791571134
"quadratic",200,"sir_laplace",46,1.857,2458.55778725285,1589.16890121557,211.000327361533,201.79563496837,6132.48697693873,2675.35053124375,4373.96943303353,1114.6220268324,1323.94065010923,855.772160051466,113.624301217842,108.667547101976,3302.3624000747,2355.39549436377,0.00512954851440906,0.00431906025776558,9.5062971880027e-06,0.00127279694550008,0.011240664756439,6.1226205671199e-05,5.22236438322991e-05,1.21545639942321e-09,1.42837801111747e-05,0.000132049624161109,-394.667775897264,0.0958814059563997,0.0744507032143748,1,0.580845666394702
"quadratic",200,"sir_laplace",47,1.757,3333.82894108197,3356.16757537901,165.13176683812,249.168224856034,6610.55775213836,2463.72247242116,3579.21670391581,1058.71574956445,1897.45528803755,1910.16936561127,93.9850693444054,141.814584437128,3762.41192495069,2037.11821509153,0.00557028514130899,0.00474085140681499,1.01076686777161e-05,0.00146007136984438,0.0122610958964135,5.30015499243584e-05,4.56243290490511e-05,9.22209274057725e-10,1.13871198414434e-05,0.000111218825264342,-412.37098356318,0.152111179845062,0.123162870480359,0.93,0.58347660305782
"quadratic",200,"sir_laplace",48,1.939,3157.69880075496,3081.46459920926,206.96866298371,173.842596454749,6451.09359030882,2582.65094098089,4258.89754891165,679.511811112695,1628.51923710931,1589.20299082478,106.739898392837,89.6558001313815,3327.02093363013,2196.44020057331,0.00475499254737965,0.00419963840007417,5.70927789775266e-06,0.0012266652522359,0.00950155760029175,5.40861408022496e-05,4.55586792043961e-05,1.16272546470973e-09,1.25111074089038e-05,0.000112968255974323,-394.056027914376,0.110039659251062,0.0895590646322753,1,0.579015616971871
"quadratic",200,"sir_laplace",49,1.79,4075.32212681761,3774.77534176467,190.685277094606,221.407515134779,6956.10363347655,3511.81273934345,5294.11757039239,2275.43216046862,2276.71627196514,2108.81304009199,106.52808776235,123.691349237307,3886.09141535003,2957.6075812248,0.00372231330823341,0.00330075659644789,3.39630550152198e-06,0.00108726029389004,0.00755631788052486,3.58439236837486e-05,3.06704755500144e-05,4.02857069712657e-10,9.33705506563292e-06,7.49561411984225e-05,-384.641751526884,0.197716023290408,0.162174245735612,0.875,0.538435125442772
"quadratic",200,"sir_laplace",4,1.751,3438.02773861302,2581.94055382121,90.2041049869119,172.426470863342,6183.05731340391,2571.48638879917,3735.17856990169,767.967185535044,1963.46529903656,1474.5520010401,51.5157652695099,98.4731415553068,3531.15780320041,2133.16880062918,0.00611609556080198,0.00523593533346803,1.32686894873261e-05,0.00119178088960533,0.0133933452352418,5.94689744296457e-05,5.00135616064392e-05,1.51849802432878e-09,1.40785389471329e-05,0.000126120845911889,-387.667206128982,0.129219253653393,0.106174074812255,1,0.607191687105541
"quadratic",200,"sir_laplace",50,1.778,3074.99884629136,3343.11896082102,244.618109671367,234.493405741013,6355.16693558926,3231.422389454,4459.21184161146,1154.74491597356,1729.47066720549,1880.2693817891,137.580489129003,131.886054972449,3574.33460944278,2507.99316176123,0.00432455289265803,0.00375615714356087,5.62792035495672e-06,0.0010904391932157,0.0091612590728642,4.92261595373747e-05,4.38582968006104e-05,5.95737373307432e-10,1.42387825868704e-05,9.88210410857333e-05,-395.852812854282,0.0893709951825176,0.0681863630029214,0.995,0.565441923666674
"quadratic",200,"sir_laplace",51,1.911,3351.46767802398,3817.12708337457,202.523778669114,134.195763994738,6262.11955600155,1295.2341875966,3672.84562626455,1076.48251247168,1753.77691157717,1997.45006979307,105.977906158615,70.2227964388998,3276.88098168579,1921.94956895058,0.00733130754212023,0.00635838187400936,1.79226459056465e-05,0.00148050757305064,0.0156502163282407,5.85305513147515e-05,4.94688142097774e-05,1.21126438083262e-09,1.41926887746987e-05,0.00012684594556315,-389.266672537096,0.119084752952235,0.10296949973657,1,0.64066672884166
"quadratic",200,"sir_laplace",52,2.03,2760.42990515887,2227.94302288816,169.839011154757,117.895450312534,6032.08410567539,1581.8459628187,3904.18589571311,571.351745334902,1359.81768727038,1097.50887827003,83.6645375146587,58.0765765086375,2971.47000279576,1923.24428360252,0.00617232354277584,0.00525290060864151,1.29075895563544e-05,0.0012362692830188,0.0134220272860966,6.36163870769129e-05,5.38266412014147e-05,1.61468983217624e-09,1.31419399775091e-05,0.000142974221030062,-390.360934312886,0.109851031299039,0.0946307344179717,1,0.614416603770471
"quadratic",200,"sir_laplace",53,1.767,2648.00971868577,1621.15552262448,151.121908588385,189.159091774779,6409.57736296189,1425.41076980216,4235.2032742106,690.530984272819,1498.59067271408,917.462095429816,85.5245662639415,107.050985724267,3627.37824729026,2396.83263962116,0.00629951284892779,0.00541919694159523,1.37379850027487e-05,0.00135854319505841,0.0135766175728784,5.5668199915701e-05,4.64044474533724e-05,1.21840634106104e-09,1.31806625543091e-05,0.00012431136511698,-397.737597295332,0.0837314304703646,0.066442286648779,1,0.610320204754923
"quadratic",200,"sir_laplace",54,2.005,3843.53150676626,3460.9044251214,150.346062788027,207.135251238084,6531.41354143629,1306.56361853369,5320.20112160166,1459.75643613825,1916.97332008292,1726.13687038474,74.9855674753252,103.309352238446,3257.56286355924,2653.46689356691,0.00568396693577504,0.0047840522643509,1.26947503743005e-05,0.00132406184691036,0.0121329227053285,4.44149049283662e-05,3.80946667799806e-05,5.84274209141248e-10,1.21207652232415e-05,9.54607269876603e-05,-389.685017870368,0.107202688860873,0.0948869286509377,1,0.586481448328852
"quadratic",200,"sir_laplace",55,2.08,3342.34665686192,3271.17626921627,181.108775193856,212.902023317899,6358.63708265965,1790.94274161626,4553.16963893662,1468.13184298981,1606.89743118361,1572.68089866167,87.0715265355075,102.356741979759,3057.03705897098,2189.02386487337,0.00500180924578973,0.004368151350632,7.187486287888e-06,0.00127470666977479,0.0102512471768307,5.16671241951259e-05,4.39940527168231e-05,8.98711605933432e-10,1.11074863127763e-05,0.000111009162039233,-381.825170814306,0.109677487485917,0.0847501602021536,1,0.577967570065866
"quadratic",200,"sir_laplace",56,2.096,3613.04232332257,3365.24605643849,243.686235919198,170.57904126702,6585.60743462989,2936.57813655947,4528.18232899749,1609.69255472669,1723.77973440962,1605.55632463668,116.262517137022,81.3831303754866,3141.98827988067,2160.39233253697,0.00459268442329185,0.00398662817495222,5.73766444247089e-06,0.00125962517730122,0.00966965047882435,4.46009385111607e-05,3.9386563351924e-05,5.53881808979253e-10,1.27083958992881e-05,9.15213014097435e-05,-400.128359790217,0.0914052788326288,0.0665122304259091,1,0.570098503269763
"quadratic",200,"sir_laplace",57,1.942,2040.23703389838,1907.63585786619,136.302027224573,206.285044409666,6160.83980475763,2215.23659261043,3834.18808740801,933.616715711929,1050.58549634314,982.304767181356,70.1864197860828,106.222988882423,3172.42008483915,1974.35019948919,0.00454517186356568,0.00390972137895881,6.403991529924e-06,0.00124318889249581,0.00972220313445861,5.87112791227193e-05,5.01151005339673e-05,1.12914968352673e-09,1.41639119739753e-05,0.000127173521037141,-387.620576576106,0.111276350978227,0.0796238473100072,1,0.58499198697769
"quadratic",200,"sir_laplace",58,1.763,2654.33568668632,2541.72652966338,187.498717756429,189.695649721468,6340.98075614013,2918.63256202365,4753.87141322797,2144.17357453484,1505.57894877273,1441.70534864627,106.352080406369,107.598213114843,3596.69923774256,2696.46705231308,0.00401056320450626,0.00353175171826695,4.40188932000173e-06,0.00110320317568195,0.00817684603005248,4.8560061730608e-05,4.156093062137e-05,7.43754579009988e-10,1.18291809840828e-05,0.000104508137618503,-377.869893499468,0.0961279625936697,0.0736059833694774,0.995,0.561879849176262
"quadratic",200,"sir_laplace",59,1.758,4075.59463514865,3610.13265731243,150.618346526486,198.864255393914,6371.17798879139,2568.29972097289,4421.1128488606,1149.58222573044,2318.31321680811,2053.54531132675,85.6759650321311,113.119599200179,3624.10579567201,2514.85372517668,0.00575820773868918,0.00482147674773885,1.07460612876193e-05,0.00129703457652088,0.0125814753937875,4.89842131950026e-05,4.02542094240288e-05,9.62341404412517e-10,9.3798106614723e-06,0.000109567995141049,-394.78169564176,0.11808390554611,0.0922948485541991,0.98,0.591282548722043
"quadratic",200,"sir_laplace",5,1.77,4108.40571702996,3804.71565823658,196.153597977674,203.984639907714,6551.02054623007,2392.95702086046,4541.71572894928,1301.95129356914,2321.13317346325,2149.55686906021,110.821241795296,115.245559269895,3701.14155154242,2565.94108980185,0.00476402097316108,0.00403864953370265,7.55869373349019e-06,0.00130812419683218,0.0102908625616953,4.54058943076088e-05,3.89147016475938e-05,6.63631892752594e-10,1.20082238332121e-05,9.83902143752749e-05,-395.238016193129,0.112911338699635,0.0798438473728725,0.985,0.565776754974635
"quadratic",200,"sir_laplace",60,1.752,3373.06334731979,3317.29790292658,156.059715064382,202.157665844697,6158.8590784137,2662.4383321302,4106.64811652161,1076.1610164151,1925.26446764828,1893.43487609965,89.0751798312682,115.386795573457,3515.33052420873,2343.97723545754,0.00472194509455363,0.00404368928871789,7.82658010826311e-06,0.00102116256158051,0.0103737755766354,5.19093753465281e-05,4.53755519288951e-05,8.29412664370892e-10,1.03687644937111e-05,0.00011059137289482,-384.64968883315,0.098586233037006,0.0734181329320076,0.98,0.580080291692588
"quadratic",200,"sir_laplace",61,1.973,1475.60392813182,1361.70500854871,224.06889310236,173.76877957078,5944.54222377212,1553.90503851207,4151.07867068922,910.194444181573,747.898595099755,690.169796527474,113.567609276411,88.0733804210746,3012.94588128338,2103.9425599033,0.00478142893820629,0.00403197306948454,7.92329537648151e-06,0.00108952293307512,0.0105326156478876,6.92314481619119e-05,5.85156354231692e-05,1.64844810083639e-09,1.61161719884438e-05,0.000149646673629821,-384.226990919216,0.149116599877389,0.111955159128023,0.95,0.601445992598718
"quadratic",200,"sir_laplace",62,1.749,3592.20613831586,3584.28937605888,127.278309421366,139.06494787214,6376.11512233379,1857.0575149825,3678.71967055177,575.442064884086,2053.86285781353,2049.33640712343,72.7720465530967,79.5111194237508,3645.57754278661,2103.32742741668,0.00515360458369547,0.00433198168977417,9.3916845637852e-06,0.000969562098895197,0.0113452798419571,4.73571058485544e-05,4.03644045799039e-05,7.7930855123332e-10,8.28222749081101e-06,0.000104471135223795,-386.329669065873,0.0958343560416843,0.0808692511732232,1,0.58343692430343
"quadratic",200,"sir_laplace",63,1.762,3555.96792722486,3300.2584177727,136.830999116563,167.150394961509,5976.30480226368,1870.26610280021,3695.39519208493,860.155797211031,2018.14297799368,1873.0183982819,77.6566396802289,94.8640153016509,3391.77344055828,2097.27309425933,0.00602756178079172,0.00513006530804417,1.43419901117607e-05,0.00113304051637219,0.0133317959436727,5.58154857394102e-05,4.65238566468645e-05,1.23641156419876e-09,1.26831479270073e-05,0.000125876187095375,-384.719564103051,0.110598414874849,0.0933635392554549,1,0.616071917025573
"quadratic",200,"sir_laplace",64,1.758,3514.03103110191,2828.09413724912,252.755461235706,173.641500403447,6137.98653838328,2813.87525402289,4264.79359649755,791.264872393713,1998.87999493851,1608.69973677425,143.774437562972,98.7721845298335,3491.45991944441,2425.93492406004,0.00506212360919149,0.0044021403807886,7.9890601956031e-06,0.0011639923363945,0.0107596853476958,5.25282055617986e-05,4.32037447990045e-05,1.13697894872163e-09,1.1463883359071e-05,0.000120067817873889,-379.064532790558,0.117277827236748,0.0864567259033047,0.965,0.57964271691562
"quadratic",200,"sir_laplace",65,1.857,3801.39780941758,3649.50081044385,182.199341810802,181.869226518599,6253.42493378547,3000.9595224884,3853.84057115653,872.759926719109,2047.06397922326,1965.26699539249,98.1148851969855,97.9371171344097,3367.48784802664,2075.30456174288,0.00499435979342014,0.00434325437227965,7.52171299479141e-06,0.00129688329903174,0.0101186365577372,5.99881999507503e-05,5.28208229014493e-05,1.31390302882615e-09,1.52605073653719e-05,0.0001229756363074,-386.943051703212,0.120192271145131,0.0980792382957186,1,0.594553909310713
"quadratic",200,"sir_laplace",66,1.774,3675.81805809033,3482.397807526,137.561601306938,168.713298774678,6097.4315214977,2015.27940652229,4217.55433049131,916.499947363138,2072.05076555261,1963.02018462571,77.5431799926369,95.1033251266507,3437.10908765372,2377.42634187785,0.00588328420608071,0.00490817698523446,1.37393568520973e-05,0.00101425446375928,0.0132290664232894,5.07018144208105e-05,4.07422107408075e-05,1.36614081629219e-09,1.19669203869263e-05,0.000115885207957367,-396.056269001907,0.117830241680221,0.0934700302067511,0.955,0.597014788738817
"quadratic",200,"sir_laplace",67,1.779,3115.34956421649,3080.38896173045,221.053224758149,149.532917380011,6436.35801234392,2782.25290244057,4226.01406400927,903.153957014769,1751.18019348875,1731.52836522229,124.25701223055,84.054478572238,3617.96403167168,2375.4997549237,0.00465696880820544,0.00393345287261995,7.34892754278939e-06,0.0011343727645735,0.00995938868088173,5.29684020522295e-05,4.36992240074452e-05,1.30810505512668e-09,1.22881231245197e-05,0.000117119576513792,-399.424197392506,0.11486194949195,0.0934031472738647,1,0.570361334234422
"quadratic",200,"sir_laplace",68,2.101,2409.26157996725,2294.08592201667,186.416112985072,173.815451909148,6151.80329293033,2533.39502253729,4310.29294160926,1450.99954127272,1146.72136124096,1091.90191433445,88.7273265040801,82.7298676388137,2928.03583671124,2051.54352289827,0.00415712590705279,0.00362610232846586,4.85084042269885e-06,0.00105072101512351,0.00838403709625382,5.93390895363228e-05,5.08054536706049e-05,1.12917012939043e-09,1.48533861019312e-05,0.000127663680922527,-381.614635060019,0.0881839269078449,0.0622845149320784,1,0.573645300353527
"quadratic",200,"sir_laplace",69,1.895,3206.59849094711,3078.83410044173,155.597316609642,171.205982744584,6381.26760659207,2669.56129029628,4190.24112348803,827.050367016694,1692.13640683225,1624.7145648769,82.1094019048242,90.3461650367196,3367.42353909872,2211.20903614144,0.00496566786046066,0.00420011198847032,8.60603956931898e-06,0.00113489330645796,0.0107457242651138,4.74974971778331e-05,4.12260293304081e-05,6.75286124871234e-10,1.02522713727351e-05,9.90947910399925e-05,-382.072286289588,0.151775382735848,0.119757801258322,0.975,0.589300369645746
"quadratic",200,"sir_laplace",6,1.841,2775.54550157623,2614.38145291478,154.736431598913,137.711820684729,6003.28253829981,2378.69688323868,3123.77011617017,584.625340364229,1507.62927842272,1420.08769848712,84.0502072780626,74.8027271508578,3260.8813353068,1696.77898759922,0.00498581763569144,0.00425936783741353,7.95492719467537e-06,0.00119745043835818,0.0105804916458386,6.53608826385639e-05,5.73388353839729e-05,1.39801523802914e-09,1.19854329843887e-05,0.000139720026576948,-392.576132612279,0.147399672270389,0.10397782658904,0.94,0.591419650768528
"quadratic",200,"sir_laplace",70,2.014,2963.39099365536,2863.32710259841,210.879195614774,152.405821614137,6144.80765787836,2659.72247937363,3767.83530422341,645.214588106126,1471.3957267405,1421.71157030706,104.706651248647,75.6731984181415,3051.04650341527,1870.82189881997,0.0048104170461827,0.0040692438662173,7.48388490130127e-06,0.00130606664802697,0.0103600910485921,5.54867360815911e-05,4.87253631671854e-05,9.78864344174558e-10,1.20266566019953e-05,0.000114353690776412,-392.149198334926,0.153135126942644,0.122044849214868,0.995,0.596831764452465
"quadratic",200,"sir_laplace",71,2.087,2194.82531798743,1546.83909510034,187.32869829722,114.917922972955,6391.83777734378,2293.32937855695,4306.81660605422,1084.65053284698,1051.66522184352,741.178291854498,89.7597979382941,55.06369093098,3062.69179556482,2063.63996456838,0.00485186483451141,0.00417102306201771,7.67017875371221e-06,0.00111864079590704,0.0102778854245426,4.87947817266397e-05,4.08109743550964e-05,8.16448187444613e-10,1.17706018728434e-05,0.000105948805178607,-392.004006284521,0.135848419038514,0.107882698972023,0.915,0.575128336830376
"quadratic",200,"sir_laplace",72,1.776,2338.25516179825,1959.6811957752,195.535098524103,195.687182305258,6335.59514535506,2484.84138849887,4673.8082513475,1378.22228644955,1316.58511362514,1103.42409672027,110.098591511319,110.184224270978,3567.33960887109,2631.64879017314,0.00437592752834921,0.00383782667736963,5.57669209245963e-06,0.00118668294352818,0.00899066631321833,4.95906287478294e-05,4.13194619969371e-05,8.90391411058301e-10,1.24782288324708e-05,0.000109234506283908,-394.782127233163,0.0916474841636253,0.0752886616531436,1,0.570264800023562
"quadratic",200,"sir_laplace",73,1.904,2893.86380783479,2348.29815783823,97.5223568333094,170.283322853239,6327.34859526104,2135.19854612135,3806.98850307384,854.10303311822,1519.88645369474,1233.3498728142,51.2197252275785,89.4345183052724,3323.18728742702,1999.46875161441,0.00524355183307522,0.00444766900606201,8.98716118485914e-06,0.00119681260352287,0.011232712566122,5.78247706283624e-05,4.97754819092407e-05,1.10633626547768e-09,9.90106713969353e-06,0.000121662920094443,-389.044863512774,0.118618389387671,0.0943931279773588,1,0.588376291883906
"quadratic",200,"sir_laplace",74,1.766,2826.51869595401,2574.65119141144,189.948011678018,218.036359434486,6261.95403392164,2925.49948988158,4255.14200719341,1023.14993819116,1600.52021288449,1457.89988188644,107.558330508504,123.463397188271,3545.84033630897,2409.48018527373,0.00459650397832801,0.00391665113169133,7.10495634650034e-06,0.00104426388304544,0.0098044080110666,5.32715529475307e-05,4.53164447375159e-05,1.00201758994559e-09,1.21596443220453e-05,0.000115045199258536,-400.488329260418,0.0801327849771116,0.0664591545571565,1,0.57892764734655
"quadratic",200,"sir_laplace",75,1.783,3926.46948008328,3765.97173510349,141.45028451974,157.778748384679,5740.94518054795,1321.84081741775,3890.54779047612,807.553047211098,2202.17020756213,2112.15464672097,79.3327451036119,88.4906048147387,3219.8234327246,2182.02343829283,0.00607740268356255,0.00498752643644549,1.54808704765613e-05,0.00106484619964237,0.0139967525869746,6.35112696799018e-05,5.31890733004612e-05,1.40364743308022e-09,1.15925118823341e-05,0.000140469797318939,-396.993076634238,0.0972668790600338,0.0815296550953404,1,0.613114588168289
"quadratic",200,"sir_laplace",76,1.798,3270.77945443461,3166.42326178952,169.93208837752,163.687941242414,6216.51981920438,2451.86703792174,4556.40948230567,864.531504292429,1819.12094239967,1761.08079076169,94.5117287972859,91.0388994674162,3457.46374816706,2534.15432831238,0.00437021786859458,0.00372181719134741,5.85506906663836e-06,0.00101939688271689,0.00937411952683505,4.35486732592994e-05,3.6244024030722e-05,7.1328366760915e-10,1.10587882224909e-05,9.86981214961887e-05,-397.69176469962,0.132527848998668,0.111390805273818,0.97,0.562873664958224
"quadratic",200,"sir_laplace",77,2.037,3688.26740437608,3369.76122766093,162.806993652521,141.667040339848,6519.89958924871,2771.20949515653,3804.73610765621,1082.4243267353,1810.63691918315,1654.27649860625,79.9248864273542,69.5469024741523,3200.73617537983,1867.81350400403,0.00505455856986212,0.00443675124800342,7.69098495417249e-06,0.00114383328336177,0.0104436486617083,4.87450748606688e-05,3.97476478468667e-05,9.71279996633061e-10,1.09754613507437e-05,0.000110423382940147,-385.6256012028,0.0810413434893817,0.0616048884021959,1,0.58540417097388
"quadratic",200,"sir_laplace",78,2.06,3292.94237149355,1945.77316218651,112.810703266996,213.406606538784,6119.30284851083,874.124674151854,3727.41827688198,688.228906522412,1598.51571431726,944.550078731314,54.762477314076,103.595440067371,2970.53536335477,1809.42634800096,0.0063487803749302,0.00538371224989524,1.61768448116248e-05,0.00112658924188122,0.014179762303192,5.49524768742067e-05,4.63702903988915e-05,1.04310099069857e-09,1.35577373545914e-05,0.00012038897929629,-386.407894707084,0.110825523398185,0.0838739193278866,1,0.611546414374149
"quadratic",200,"sir_laplace",79,1.758,2813.20441971769,2777.95088350607,255.26422064165,205.556786959872,6602.47408519679,3176.29041953312,4242.55098406932,1565.6386669497,1600.23004534567,1580.17683930948,145.201490694909,116.926499977174,3755.67354106757,2413.28269856048,0.0042275646175405,0.00374240836261499,4.67838622724866e-06,0.00116441428358817,0.00870711542474987,4.50606383132431e-05,3.95017689987892e-05,5.88218063407477e-10,1.17903905242312e-05,9.11674761863847e-05,-383.553005395195,0.124801951331262,0.0887359746497917,0.985,0.566779987509454
"quadratic",200,"sir_laplace",7,1.754,3323.70202623609,2962.2911548251,185.971288433054,223.3145923496,6236.68554529052,2813.9849026722,4498.68356704534,1109.07915237518,1894.92703890313,1688.8775113028,106.026960338115,127.317327451311,3555.69301327852,2564.81389227214,0.00460922998098252,0.00398040956893292,6.84448107913408e-06,0.0012777326235995,0.00978199331635857,5.44667945716386e-05,4.64633061865915e-05,1.01254612199083e-09,1.1578654451427e-05,0.000118716257244463,-390.344721334095,0.118466308844339,0.085676724285241,0.945,0.571474615338603
"quadratic",200,"sir_laplace",80,1.752,1893.42383165862,1108.92219887018,212.141096404383,135.581230223792,6279.58829536301,1873.30035285219,4379.44109625693,752.91178119203,1080.72136510195,632.94646054234,121.085100687433,77.3865469313881,3584.23989461359,2499.68099101423,0.00604606629792622,0.00517274299870715,1.29658125548679e-05,0.00156804323922039,0.0125822447849091,5.39866568096357e-05,4.39150135805718e-05,1.30941428022579e-09,1.14524800056034e-05,0.000123329028721717,-388.826359522054,0.118460123348521,0.100668095170323,1,0.607406395651271
"quadratic",200,"sir_laplace",81,1.764,2361.6161629989,2080.00969301929,180.12122650257,139.328429857671,6115.80203295942,2179.21894870305,4334.56710993352,797.008331607573,1338.78467290187,1179.14381690436,102.109538833657,78.9843706676138,3467.00795519242,2457.23759066526,0.00585486713389487,0.00505608139454357,1.16098380620305e-05,0.00129598166074416,0.0124941497913439,6.09608990651477e-05,5.23722926573805e-05,1.23085612162028e-09,1.38443525639646e-05,0.000129110187310427,-384.42969721303,0.0876665030137819,0.0699589539502881,1,0.605844669796474
"quadratic",200,"sir_laplace",82,1.759,2844.69696490306,2285.89601048458,207.410499675637,179.683684095864,6231.82241501294,2536.86574782482,4087.71585482041,1065.64548932813,1617.22397095114,1299.54292807537,117.913871333506,102.151042692362,3542.82115691469,2323.88621649824,0.0047597354051535,0.00427051649855899,5.83437484699796e-06,0.00140371622395716,0.00961680602825484,5.56025852857987e-05,4.57070897455265e-05,1.6037041852495e-09,1.18266359154653e-05,0.000126500866752713,-374.649498520947,0.131446616833602,0.107201744669039,0.955,0.578269696080514
"quadratic",200,"sir_laplace",83,1.765,2447.6669146921,1787.83833424555,185.536648625572,216.445204124583,6120.35057264804,2742.74844327565,4001.0902343608,1033.82561114508,1386.78012163858,1012.93956614478,105.119914235451,122.631843696648,3467.62072104705,2266.90664836306,0.00432232864959934,0.00367191620722809,6.27246498587827e-06,0.00100170850067076,0.00931088576034696,5.44935286088731e-05,4.80833888445724e-05,9.22942017959112e-10,1.32213543738691e-05,0.000109165911546173,-382.250621901418,0.0814257006334984,0.0665634570725715,1,0.573162093175458
"quadratic",200,"sir_laplace",84,1.878,3209.23283358671,2477.43945578907,195.794749938182,225.906442605146,6370.7422247975,2075.2137149579,4210.50329149653,1351.81867464735,1708.85667390134,1319.19033854583,104.257055345145,120.290970503273,3392.30150415203,2242.01453221327,0.00432279066836473,0.0035926444424894,6.75669561732649e-06,0.00101101736129742,0.00965354664763042,4.72259246520495e-05,4.2289003381087e-05,6.48061197056241e-10,1.00152354327902e-05,9.08616312557027e-05,-392.105172756069,0.110589165460931,0.088986500577731,1,0.560141749418849
"quadratic",200,"sir_laplace",85,1.757,2615.9236287275,1884.71121581446,148.5671794342,146.009199297231,6135.07846821058,1918.69418491948,4370.75460043522,1294.62187039237,1488.8580698506,1072.68708925126,84.5573018976666,83.1014224799268,3491.7919568643,2487.623563139,0.00474075491688879,0.00385155666061191,9.54786211404443e-06,0.00113677417041693,0.0107588161259051,5.04199847126817e-05,4.14486293012142e-05,1.19674575730458e-09,1.11650220832547e-05,0.000111799633311932,-382.136587508628,0.0989488413086014,0.0811257639830205,0.99,0.580869062163476
"quadratic",200,"sir_laplace",86,1.86,2196.8027395878,1442.69531243747,202.012525289413,119.237260268633,6251.72520189275,2227.44173673165,4911.60974762225,1029.11736406594,1181.07674171387,775.642641095417,108.6088845642,64.1060539078674,3361.14258166277,2640.65040194745,0.00563310220867394,0.00464855377822537,1.31962264515391e-05,0.00118358102377646,0.0127563275077267,4.88298774781925e-05,4.11874316128594e-05,8.45204347340243e-10,1.1900159945724e-05,0.000106787245636433,-411.341313809938,0.153545575554579,0.132281422045431,0.96,0.586028162525781
"quadratic",200,"sir_laplace",87,1.765,3052.90119599728,2317.91228873871,178.714326056187,106.791845785391,6291.12083645834,2369.10570549944,4498.32072958407,945.002014759718,1729.68906288798,1313.26475282646,101.254575669228,60.5052950625447,3564.37441159113,2548.62364282384,0.00550504747509274,0.00467915914684656,1.01564854171559e-05,0.00119315137569777,0.011831102847619,5.15453102456577e-05,4.52758465098513e-05,7.9086332869562e-10,1.16825554890171e-05,0.000106931275780982,-397.828379716179,0.100322299502838,0.0751794143263774,1,0.594193458884072
"quadratic",200,"sir_laplace",88,1.782,3218.0868960255,1915.77127500528,178.138339019542,200.147979148697,6497.87390583283,2339.30005262616,4956.39164917376,1332.15216561431,1805.88490237121,1075.06805555852,99.9653978785309,112.316486615431,3646.39388655041,2781.3645618259,0.00486159332167459,0.00419657268309088,6.96951519319781e-06,0.00114224988385073,0.0101252303867286,5.209566583492e-05,4.47902630340249e-05,9.75158376418074e-10,1.26005393965819e-05,0.000110550294307113,-396.304778219435,0.0907874441930645,0.0700554783072037,1,0.580378462851765
"quadratic",200,"sir_laplace",89,1.754,3315.86744766649,3026.42256869627,156.105693930589,185.911920454216,6216.87548640129,1533.88965701492,4044.48941638179,911.185815340905,1890.46034644612,1725.44046105831,88.9998255020459,105.993113143795,3544.39879498363,2305.86625791436,0.00708999998621417,0.00608599489687032,1.82344798305498e-05,0.00126076482661255,0.0155173528667721,5.11990786992292e-05,4.36357210107354e-05,8.83165157073229e-10,1.09715996854944e-05,0.000110714894575572,-390.996100662644,0.110235261412918,0.0902355949470421,1,0.629531771506639
"quadratic",200,"sir_laplace",8,1.774,3695.81519509352,3269.71335602652,179.549834239513,180.645804672813,6193.77646411994,1994.98128078655,3702.39367827548,800.741698195387,2083.3231088464,1843.13041489657,101.211856955757,101.829653141383,3491.41852543401,2087.03138572462,0.00549362376783168,0.00451547968001881,1.2582832486223e-05,0.00120748312301817,0.0126798877898904,5.68804764654991e-05,4.88258145031697e-05,1.01251452620312e-09,1.25710962134766e-05,0.000119588637971583,-401.734866721657,0.104670800929681,0.0909223218592893,1,0.585821536745737
"quadratic",200,"sir_laplace",90,1.812,2524.48027281907,2227.71580443629,219.268229338579,166.84860905212,6072.70110927442,2765.33967948995,4264.52449266104,825.731859216839,1393.20103356461,1229.42373313261,121.00895658862,92.0798063201544,3351.38030313158,2353.49033811315,0.00534622858324555,0.00463827679233082,8.92729806444939e-06,0.00132414286740325,0.0113936703676533,5.47674198093336e-05,4.60761678280998e-05,1.22129204442464e-09,1.11735761887652e-05,0.000122831039666391,-394.438509831057,0.152323404866711,0.121414366099581,0.95,0.597104759536477
"quadratic",200,"sir_laplace",91,1.82,2036.03776033082,2044.60067855688,158.868784099757,129.30168094768,5925.15346071194,1318.5531922025,3611.64220727806,575.841278634659,1118.70206611583,1123.40696624004,87.290540714152,71.0448796415821,3255.578824567,1984.41879520773,0.00511494683983546,0.00433249789898116,9.30712083478178e-06,0.00124203023476075,0.0111287554080844,6.28727796659591e-05,5.23640959470641e-05,1.48915953849874e-09,1.46831253739791e-05,0.00013865952123722,-389.257004526369,0.103623505610312,0.0838270764066309,0.985,0.588542578212678
"quadratic",200,"sir_laplace",92,1.78,2411.49239419288,2286.66935786972,146.861495841505,148.343255599023,5911.80568689389,2461.51026363083,3300.54653704291,594.099600110286,1354.77100797353,1284.64570666838,82.5064583379242,83.3389076399004,3321.23914994039,1854.2396275522,0.00548576568342277,0.00476478064176181,9.57126506198855e-06,0.00107785677447105,0.0114898890345918,6.86008243493534e-05,5.72711868469904e-05,1.81882913685801e-09,1.71321107921442e-05,0.000155717763816705,-389.380994446776,0.162171185266433,0.127142337220428,1,0.621311888018783
"quadratic",200,"sir_laplace",93,1.756,4431.74618568881,4306.81184954539,173.425304710321,180.072795273173,6321.74640398931,1178.2449630483,4285.38288152204,1101.21959451746,2523.7734542647,2452.6263380099,98.7615630468801,102.547149927775,3600.08337357022,2440.42305325857,0.00657288646709455,0.00567269288444149,1.4894153654911e-05,0.00120586075352764,0.0142250491933002,5.10187086887961e-05,4.31388849911647e-05,1.02263489770945e-09,1.01330210853532e-05,0.000113638015676338,-387.031635952102,0.158403159913593,0.113175632076325,0.915,0.613396813300308
"quadratic",200,"sir_laplace",94,1.753,3711.34705426679,3247.56673204972,201.060347656008,150.868024749553,6577.74642957774,1685.19566090137,4466.83638096229,795.680932900118,2117.14036181791,1852.57657276082,114.695007219628,86.0627636905609,3752.27976587435,2548.10974384614,0.00654735169335664,0.00570616075646896,1.29122806603715e-05,0.0014535961418044,0.0140410618671136,5.61731279424664e-05,4.5802630784339e-05,1.26030022643156e-09,1.2249302255998e-05,0.000128627955681751,-387.949531811362,0.126632442464984,0.109881955419141,1,0.617313899628971
"quadratic",200,"sir_laplace",95,1.758,2688.24272366548,2800.39051677623,225.280506655536,173.116477734926,5847.00384080693,2677.28096104174,3499.9930890743,1173.53420619742,1529.14830697695,1592.94113582265,128.145908222717,98.4735368230522,3325.94075131225,1990.89481744841,0.00427609011115011,0.00380278785029053,5.108085092332e-06,0.00112403348269902,0.00884229875793272,7.04308321530871e-05,6.08269197512149e-05,1.46254369788511e-09,1.76612834841514e-05,0.000143320831795493,-371.376340029011,0.152857314621384,0.123999700212074,0.935,0.587694116393036
"quadratic",200,"sir_laplace",96,1.755,3730.85004825441,3137.05462713946,143.752048798718,164.814816530061,6029.16862640558,1528.52702254586,4285.92100572931,570.85087364153,2125.84048333584,1787.49551403958,81.9099993155087,93.9115763704052,3435.42371874962,2442.12023118479,0.00612065381771678,0.00516857225270987,1.46173340602742e-05,0.0012270863070275,0.0137073073201685,5.66644184386324e-05,4.78063805713312e-05,1.23296156102044e-09,1.14970848312908e-05,0.000121979984235124,-397.48678567478,0.121569461665299,0.098710642786152,0.98,0.604987601480747
"quadratic",200,"sir_laplace",97,1.756,2637.55997754252,2667.74000102071,184.381190574262,147.843483941831,5840.26193325591,1715.38131715012,3335.44658378926,604.954880317352,1502.02732206294,1519.2141235881,105.000678003566,84.1933279850976,3325.88948363093,1899.45705227179,0.00600798503904688,0.00495803563133257,1.6750680676272e-05,0.000987148302775812,0.0135327810026509,6.02663188339437e-05,4.94186169938196e-05,1.66171937247327e-09,1.05887026053625e-05,0.000136876917315616,-390.735616151034,0.0984341948204687,0.0810363226230841,1,0.601559981694632
"quadratic",200,"sir_laplace",98,1.753,3384.50859981911,2848.85468082668,179.912674130431,166.435124968404,6280.89231060373,2468.05398991218,4181.16586683717,1663.88826540835,1930.69515106624,1625.13102157826,102.631302983703,94.9430262227065,3582.93913896391,2385.1488116584,0.00533960600915232,0.00461757069014183,9.05015870231423e-06,0.00102710403180332,0.0112853695034004,5.14375505510024e-05,4.2895856906054e-05,1.10999497764628e-09,1.09695412516066e-05,0.000114448338497965,-388.836203265068,0.112632129911263,0.0876845845588342,0.985,0.593521052843445
"quadratic",200,"sir_laplace",99,1.749,3664.59244439746,3441.82870632801,171.147228108897,192.529792521356,6027.60976751557,2659.59477255702,3926.84762840511,971.322448540613,2095.25011114778,1967.88376576788,97.8543328238402,110.079927113411,3446.31776301634,2245.19589960269,0.00527777125022071,0.00437860385948967,1.32686052182145e-05,0.00111812278482478,0.0113686752123224,5.17184275856438e-05,4.26554138214857e-05,1.06526065137738e-09,1.18334063142361e-05,0.000115753393278491,-404.297591136477,0.117436293202043,0.0936861726036148,1,0.576443697283103
"quadratic",200,"sir_laplace",9,1.8,2974.04959372116,2425.60396298687,208.485913624289,192.876980712484,6208.66674193413,1946.70579579168,4303.01359069186,1277.46105593012,1652.24977428954,1347.55775721493,115.82550756905,107.153878173602,3449.25930107452,2390.56310593992,0.00511913985414292,0.00435205898636582,1.09174138541171e-05,0.00116888471348011,0.0107945065173402,5.22786836423666e-05,4.36592341256204e-05,1.04865429209699e-09,1.24263181622454e-05,0.000118292874358727,-398.460420284819,0.13423615008313,0.113507667495005,1,0.575083389872398
"quadratic",400,"sir_laplace",100,3.902,3120.96014817021,2883.41610399747,175.90078573597,175.459766989723,6773.69706578051,3264.82309457739,6351.84656498601,2772.06374645458,799.836019520812,738.958509481669,45.0796478052205,44.9666240363205,1735.95516806266,1627.84381470682,0.00253215546963782,0.00232571090178061,1.11499231817374e-06,0.000960628406038909,0.00462293698462595,2.06461144575106e-05,1.89997954301203e-05,6.33221055968114e-11,8.25174136952175e-06,3.61926916791043e-05,-781.971429658421,0.0894841338081142,0.0693339921137956,1,0.49052325411752
"quadratic",400,"sir_laplace",101,3.783,3546.75318481887,3478.84704830632,143.770822038395,150.586606157908,6891.67606850758,2877.25676024303,6309.48636751691,2723.88258339602,937.550405714742,919.600065637409,38.0044467455446,39.8061343267006,1821.74889466233,1667.85259516704,0.0031202651344131,0.0028792487033345,1.76069830847806e-06,0.00101668810321148,0.00570933470525134,2.3772814133871e-05,2.1722423764218e-05,9.56817781085993e-11,8.58749594388239e-06,4.33316638727093e-05,-790.179953322043,0.135646114897429,0.114353474268049,0.985,0.522776697313777
"quadratic",400,"sir_laplace",102,3.847,3058.07417927292,3087.28622537388,147.384749041283,170.964247144704,6939.11184260398,2584.3359033389,6614.62246082732,2889.20491607869,794.924403242245,802.517864666981,38.3116061973701,44.4409272536273,1803.77224918221,1719.42356663044,0.00373021856680885,0.00344256031886445,2.54380393094716e-06,0.00121568825225832,0.00693106983796599,2.63862791842296e-05,2.46252975898681e-05,1.16266713265442e-10,9.7228205814811e-06,4.75267638846725e-05,-771.859239029907,0.101999790733936,0.0808142159693595,1,0.542566518981999
"quadratic",400,"sir_laplace",103,3.888,3165.99673935146,3377.28726449404,151.898791829052,171.494325412651,6643.49522578678,2733.45485591193,6252.93556558684,2867.15169353599,814.299572878461,868.643843748466,39.0686192975956,44.1086227913198,1708.71790786697,1608.26532036698,0.00290218730941708,0.00253493323806534,2.00073210023548e-06,0.00107508600005274,0.00583226976021148,2.39008798749402e-05,2.18043756524381e-05,8.959309992038e-11,1.00722298951619e-05,4.43278422314842e-05,-780.323059942608,0.104927245501173,0.0819064190085417,1,0.514787836981343
"quadratic",400,"sir_laplace",104,3.864,2916.78056527125,2913.77170437197,177.586427151211,207.674005952221,6789.36831446757,2558.59384787244,6257.0244245516,2245.23906635011,754.860394738935,754.081704030012,45.9592202772286,53.7458607536805,1757.08289711894,1619.31273927319,0.00282853410497145,0.00259328486155274,1.40280520865109e-06,0.00103679487052774,0.00521148587117835,2.3556245175887e-05,2.18351827165372e-05,8.44430939387923e-11,9.24874000978339e-06,4.07349823604108e-05,-766.959719632391,0.0830948876199714,0.0660199541449661,1,0.514451705657157
"quadratic",400,"sir_laplace",105,3.771,3597.36255860842,3505.19017175242,135.585304064406,127.956934484743,6722.71792299221,1231.94393510553,6433.51301206013,2363.23476422734,953.954536888999,929.512111310638,35.9547345702481,33.9318309426526,1782.74142747075,1706.04959216657,0.00325927317134608,0.00291133943953553,2.30017450021236e-06,0.00105534602646639,0.00620109363512785,2.53757697411587e-05,2.34004764362737e-05,1.0515646285956e-10,9.29782042246918e-06,4.42612463821562e-05,-767.95621112453,0.106071188593297,0.080441547800068,0.9975,0.53017792233891
"quadratic",400,"sir_laplace",106,3.788,2526.65869924142,2670.04286819968,155.314693821087,166.887219254616,6733.9230424351,2676.27078546127,6278.34533384304,1960.39512785521,667.01655207007,704.86876140435,41.0017671122195,44.0568160651044,1777.69879684137,1657.43013037039,0.00264212198382356,0.00246767564026012,1.04411355660915e-06,0.00107169929075587,0.00471109521474521,2.24378351703013e-05,2.03305162292178e-05,9.21926882764538e-11,8.16226627367949e-06,4.25598731908884e-05,-772.104613443871,0.0860289685343649,0.073154158897148,1,0.496799758835879
"quadratic",400,"sir_laplace",107,3.982,2684.76840207621,2786.79944764296,146.72240764792,174.604335808251,6714.1848258092,2484.65328942957,6564.80962530207,2358.31477595247,674.226118050279,699.849183235298,36.8464107604018,43.8484017599826,1686.13380859096,1648.62120173332,0.00304297257922656,0.00277691734785358,1.73872500648898e-06,0.00101239370176096,0.00561335810293795,2.26532493112387e-05,2.07145891180093e-05,8.37268679800567e-11,8.39557619128135e-06,4.14142601072204e-05,-767.209782877847,0.0943936471611004,0.0781720338513498,1,0.521030044279209
"quadratic",400,"sir_laplace",108,3.938,3665.36856402777,3568.89168141906,79.5582914365776,96.2270406041514,6822.54929099669,2453.73927088318,6183.195008441,2015.79550814286,930.769061459565,906.270107013473,20.2027149407257,24.4355105647921,1732.49093219824,1570.13585790782,0.00333133742652028,0.00299650082931716,2.66534974350343e-06,0.000891748638041098,0.00628318405020494,2.33143536215204e-05,2.09196404527573e-05,1.01702641926695e-10,8.69505989514879e-06,4.38940216706799e-05,-783.670495954303,0.105337058456039,0.0733253411329225,1,0.524535876809351
"quadratic",400,"sir_laplace",109,3.787,2784.63915623383,2775.94754796578,153.385124378584,170.466123038639,6802.52208806947,2906.4158182015,6287.09336107142,2376.21227436198,735.315330402385,733.020213352463,40.5030695480815,45.0134996141113,1796.2825688063,1660.17780857445,0.00253112300777168,0.00234259929435517,1.0142834527872e-06,0.000944336628386232,0.00438796134923205,2.23930951037379e-05,2.02733182138561e-05,9.2424145494305e-11,8.66586366269279e-06,4.21134266243096e-05,-800.509257202903,0.110585928817412,0.0918891603468361,1,0.496410047650443
"quadratic",400,"sir_laplace",10,3.801,3299.73134342797,3180.01583420035,85.6880023078346,205.892818329898,6698.81290953729,3230.23660457531,6414.77342466622,2887.00813770489,868.121900401992,836.626107392884,22.5435417805405,54.1680658589577,1762.38171784722,1687.65415013581,0.00288011583183079,0.00250797805218637,1.96082365019492e-06,0.000948087075883982,0.00577701586995166,2.14577362033761e-05,1.96898012555553e-05,6.84452464975546e-11,8.47482130205685e-06,3.69064112134048e-05,-784.323489464496,0.0885363884778764,0.0716183804420129,1,0.510889435169312
"quadratic",400,"sir_laplace",110,3.886,3931.65672715422,3947.06038358197,174.407178001394,152.925367707731,6866.18114043745,2151.86597739286,5961.97244786738,1706.20507503283,1011.74902911843,1015.71291394286,44.8809001547592,39.3528995645216,1766.90199187788,1534.2183345001,0.00345650211936123,0.00312269061807998,2.47436136685093e-06,0.0011058448456399,0.00649572678201965,2.59228331318229e-05,2.34411045534032e-05,1.32055913251374e-10,8.94689429151831e-06,4.74291255842687e-05,-775.834966072912,0.148372467493372,0.118339042982382,0.98,0.534246106892577
"quadratic",400,"sir_laplace",111,3.822,3518.91913974914,3217.38538398687,126.851644049979,210.745229835049,6960.70458292009,2467.38059515045,6499.7062648155,2909.63152006765,920.700978479629,841.806746202739,33.1898597723651,55.1400392033094,1821.22045602305,1700.60341831907,0.00311606822379253,0.00275686298697455,2.10973806412831e-06,0.00100984708706386,0.00609019316229384,2.18952458569313e-05,2.02537693705889e-05,6.9048451899823e-11,8.79187458411031e-06,3.82568657636964e-05,-786.002393531465,0.0898543204821023,0.0758639072627701,1,0.52044905261168
"quadratic",400,"sir_laplace",112,3.823,3740.63924797501,3251.2649005406,128.509390888172,236.137721407999,7023.97990266721,2101.77499043081,6651.38580573986,2978.35737557558,978.456512679836,850.448574559403,33.6148027434403,61.7676488119276,1837.29529235344,1739.83411083962,0.00348027305465637,0.0031748929308123,2.55161618660532e-06,0.000980476332561043,0.00665328091255756,2.25205995653483e-05,2.08573278486054e-05,7.93031012221475e-11,9.1442845620437e-06,3.88424488460168e-05,-788.647136004355,0.132849475134978,0.0951116501784294,0.95,0.522250843204951
"quadratic",400,"sir_laplace",113,3.859,3036.83016205818,2989.35142728275,152.697581210897,177.399229688498,6736.69261761891,3155.80800673036,6082.08849913116,2194.43699701165,786.947437693231,774.644059933337,39.5692099535883,45.9702590537698,1745.70941114768,1576.0789062273,0.00289016907607374,0.00261385213389525,1.65957788756678e-06,0.000983961200854201,0.00539513001933909,2.46851174983073e-05,2.24002359181381e-05,1.05301707096148e-10,9.41153531928757e-06,4.50650412414183e-05,-760.059126646903,0.144587376730217,0.119967937325056,0.9425,0.525469989734704
"quadratic",400,"sir_laplace",114,3.875,3418.74828826109,3291.32526227237,147.922893390883,155.348516002562,6848.87517470292,3225.59990423294,6058.67161355043,2280.75588278141,882.257622777054,849.374261231579,38.1736499073246,40.0899396135643,1767.45165798785,1563.52815833559,0.00294734541700562,0.00264612144817991,1.66496703936146e-06,0.00104489187028537,0.00550598632912036,2.38847738864901e-05,2.17305749358246e-05,1.0917035972395e-10,8.86039336714734e-06,4.2648425266396e-05,-772.086671645994,0.129535160325926,0.0946102275073371,0.945,0.520747056283734
"quadratic",400,"sir_laplace",115,3.741,3031.99327175884,3305.87181219687,120.786036731249,176.465634354064,6630.41531218037,3209.64149471264,6321.28713909191,2419.70018205132,810.476683175313,883.686664580826,32.2870988321969,47.170712203706,1772.36442453365,1689.73192704943,0.0027711253762675,0.00249574258333228,1.89797609517969e-06,0.000906359876804871,0.00525280941430834,2.27017079671684e-05,2.07160458204214e-05,9.02992317033333e-11,8.34906235169429e-06,4.16665700433158e-05,-799.385103292268,0.109300126590983,0.0934396121227096,0.9825,0.503414149007901
"quadratic",400,"sir_laplace",116,3.856,3788.6138068743,3790.83724513456,124.835768129832,138.022424973295,6306.36945988354,1715.63110216951,6724.14518251197,2909.0166855052,982.524327508895,983.10094531498,32.3744211954957,35.7941973478461,1635.46925826855,1743.81358467634,0.00396608430556513,0.00347007841488022,4.16342435191494e-06,0.0011043390093078,0.00813509235061261,2.56856802319463e-05,2.3473652292026e-05,1.20599557633322e-10,9.71637270300321e-06,4.75635008930792e-05,-791.19566776007,0.109720842055348,0.0835514386993932,0.99,0.547646938968399
"quadratic",400,"sir_laplace",117,3.961,3628.69506445883,3551.12029685239,108.642177030354,158.598078424226,7057.32267017475,2548.95095679727,6526.9624302757,3193.83297784627,916.105797641714,896.521155479016,27.4279669352067,40.0399087160378,1781.70226462377,1647.80672311934,0.00299498276215462,0.00277182603932188,1.66225218281096e-06,0.000999641513456527,0.00551268045750447,2.22722391763646e-05,2.05172777434697e-05,7.47981408549303e-11,9.32416088160878e-06,3.86105710889265e-05,-774.021570256981,0.114618246956195,0.0954676388790634,0.9975,0.510758127864192
"quadratic",400,"sir_laplace",118,3.842,3368.73585533502,3835.1059214918,167.394210683583,194.961562206343,7030.00820845466,2343.91273431359,6809.98495512154,2355.5539307858,876.818286136132,998.205601637636,43.5695498916145,50.7448105690638,1829.77829475655,1772.51039956313,0.00338787600859208,0.0030321081327717,2.5411648534523e-06,0.00111834183796088,0.00672037497268145,2.34914764773841e-05,2.15664165400731e-05,9.7664536886489e-11,8.8906234107513e-06,4.23565695840475e-05,-794.324611703814,0.0899969664999041,0.0685845827841308,0.9975,0.51747705731963
"quadratic",400,"sir_laplace",119,3.882,3423.2576843071,3434.68480070791,167.065330401934,193.068727584337,6899.56779956473,2932.99262858417,6519.67220964883,3264.66529596196,881.828357626764,884.771973392043,43.0358913966858,49.734345075821,1777.32297773435,1679.46218692654,0.00290280501293047,0.00258437894562532,2.06725556278569e-06,0.00097798444677573,0.00549691406348875,2.13659692313651e-05,1.93733180181232e-05,8.27260262629517e-11,7.22417183312858e-06,3.92548232592043e-05,-807.144824899264,0.129828974962776,0.104762633910691,0.9575,0.499929893175886
"quadratic",400,"sir_laplace",11,3.92,2678.13951149387,2410.10906460314,155.598191725341,185.565043265368,6726.58338556582,2265.24839054995,6333.94280032239,1919.6239529326,683.198854972925,614.823740970189,39.6934162564644,47.3380212411652,1715.96514937904,1615.80173477612,0.00320025927591255,0.00286034352670091,2.32420588900217e-06,0.00102857747683362,0.00631120434326273,2.34591846476564e-05,2.16516773385156e-05,9.05521829258412e-11,8.6549608161291e-06,4.24147563573429e-05,-794.486783891169,0.115287732363011,0.0923347787418769,0.995,0.514629077115736
"quadratic",400,"sir_laplace",120,3.877,2533.004122723,2608.58040151759,171.264797761648,145.418147505052,6926.65881833301,2621.57324238629,6458.73901228712,2288.08901118561,653.341274883415,672.83476954284,44.1745673875801,37.5079049535857,1786.6027388014,1665.91153270238,0.00312678531182715,0.00286850142795282,1.72298909423538e-06,0.00102628498713254,0.00573124605139781,2.40282430569922e-05,2.15162134899452e-05,1.14641363805201e-10,9.11840112791586e-06,4.45034254717842e-05,-776.612921837308,0.0995958104870245,0.0757411405182213,1,0.524554190350211
"quadratic",400,"sir_laplace",121,3.938,3686.19535457209,3589.20260457835,111.520852838705,184.152808528689,6805.34582879314,1552.97900270841,6450.6863761238,3222.75796322887,936.057733512466,911.427781761898,28.3191601926626,46.7630290829581,1728.12235368033,1638.06154802534,0.00318632433367333,0.00284912938786082,2.20812137947972e-06,0.000985147622734028,0.00605419824970428,2.26201086189233e-05,2.10365982891992e-05,8.55049682069279e-11,8.79479839999477e-06,3.88321518806305e-05,-785.090498782238,0.073251782491517,0.057572654556157,1,0.516059812893641
"quadratic",400,"sir_laplace",122,4.115,3006.56713168156,2654.63181188163,200.385837283198,118.08683996646,6745.6062991866,3191.95966308442,6160.9247753663,2418.24140648907,730.635997978507,645.111011392863,48.6964367638392,28.6966804292735,1639.27249068933,1497.18706570263,0.00263559113100255,0.00246976746712541,9.98176164334991e-07,0.00100813939731758,0.0046697483057726,2.33185209321188e-05,2.07691938421681e-05,1.5737662363039e-10,8.54939423265942e-06,4.22359330112174e-05,-794.71687055172,0.0827521863530727,0.0666050797680292,1,0.502394130613898
"quadratic",400,"sir_laplace",123,3.879,2820.48120861144,2903.48447141093,150.962097367457,219.367734353263,6821.4219724136,2980.12475648388,6541.31988187828,2747.59635566845,727.115547463635,748.51365594507,38.9177874110485,56.5526512898332,1758.5516814678,1686.341810229,0.00285125237924729,0.00258671086032418,1.65948051968861e-06,0.000939413969191865,0.00546880951303192,2.23388423157277e-05,2.06184765730364e-05,6.95678711875183e-11,9.20900651092401e-06,4.0442690819379e-05,-788.60961342906,0.0986299383662907,0.0788282756578253,0.995,0.510269880955916
"quadratic",400,"sir_laplace",124,3.732,2720.16074917848,2012.4340445168,155.599626353829,119.715186951157,6930.63731372608,2652.59606449369,6371.98301234357,1856.47557715622,728.87479881524,539.23741814491,41.6933618311439,32.0780243706207,1857.08395330281,1707.39094650149,0.0030469253547797,0.0027017270199258,2.25122033076277e-06,0.000894347774928686,0.00590969356907598,2.35752582083272e-05,2.17042908249306e-05,8.87567761010818e-11,9.00587514051124e-06,4.12823583693056e-05,-781.422377643183,0.0976578357942824,0.0758189423150823,0.985,0.516301380240353
"quadratic",400,"sir_laplace",125,3.841,4397.33257608028,4262.50024557771,120.418811596865,164.796004857014,7122.11344076493,2016.87461328258,6533.29162541608,2951.7015970386,1144.84055612608,1109.73711157972,31.3509012228235,42.9044532301521,1854.23416838452,1700.9350756095,0.00373982304350267,0.00339967711801736,2.7626827096951e-06,0.00112692210122868,0.00695793344035639,2.33131134859533e-05,2.07324409660552e-05,1.23645355692227e-10,8.49449959348569e-06,4.48896153996972e-05,-823.18938773929,0.115775707669326,0.0899692549285371,1,0.526380396595766
"quadratic",400,"sir_laplace",126,3.807,3146.07673435884,3141.21853811974,174.4196806712,156.317170474462,6775.250604416,3270.76959077967,6105.83753559139,2984.49267699199,826.392627885169,825.116505941618,45.8155189574994,41.0604598041666,1779.68232319832,1603.84490033921,0.0027868665533946,0.0025776451518535,1.34086402248392e-06,0.000989770780465101,0.00501984966727175,2.36476591808659e-05,2.14388020366722e-05,9.46331771136046e-11,8.90541238994392e-06,4.32465252832961e-05,-757.526683190339,0.128289801204585,0.108232760794488,0.9925,0.515095489401735
"quadratic",400,"sir_laplace",127,3.801,2728.6960856992,2560.07515640154,163.1771003607,196.718497094042,6874.61175848305,2870.13270606652,6172.11471464292,2482.25715225079,717.888999131596,673.52674464655,42.9300448199685,51.754405970545,1808.63240160038,1623.81339506522,0.00287141600998448,0.00268883167791287,1.27293187792799e-06,0.000966691079960584,0.00508339143216403,2.33196390245501e-05,2.13990057510934e-05,9.77390796178557e-11,9.02194323806092e-06,4.07738539541585e-05,-779.01233453699,0.12241126982178,0.0956479070617109,0.9675,0.51964342675205
"quadratic",400,"sir_laplace",128,4.04,2754.13954440065,3069.98797391494,201.761776263997,203.722244695602,6831.84339027971,2840.80182747178,6404.60120472425,2530.73644276535,681.717709010062,759.898013345282,49.9410337287122,50.4262981919807,1691.05034412864,1585.29732790204,0.00267348324865332,0.0024736080845131,1.13622105742799e-06,0.00101142037272513,0.00474030071362328,2.21125823457811e-05,2.02324759994108e-05,8.14881720193811e-11,7.22227546977789e-06,4.05335645545713e-05,-788.458855019057,0.123329015381008,0.101598746789251,0.9675,0.500168294881409
"quadratic",400,"sir_laplace",129,4.158,3570.51375663357,3031.54147549275,166.127298552751,176.350890341776,7036.78607208021,3743.41504174697,6489.46114372827,2919.03891901753,858.709417179792,729.086453942461,39.9536552555919,42.4124315396287,1692.34874268403,1560.71696578362,0.00278889273338135,0.00257755322676808,1.19017426735813e-06,0.00100943266420416,0.00508118784313203,2.10897141983585e-05,1.98570110937403e-05,6.62102423343444e-11,8.31971217784363e-06,3.60787740665365e-05,-775.110199314486,0.079840958738239,0.0648652513144193,1,0.505490431197875
"quadratic",400,"sir_laplace",12,3.898,4252.94833241633,4116.09846994052,124.958746062434,160.310550596083,6983.39253537141,2023.10710437059,6632.27986379552,1879.13615868832,1091.05908989644,1055.9513776143,32.057143679434,41.1263598245468,1791.53220507219,1701.45712257453,0.00351713373293029,0.00316048400429218,2.52903985561819e-06,0.0011574387910749,0.00671561266910064,2.42706745000367e-05,2.24814554555613e-05,1.02377243145592e-10,9.07357334738518e-06,4.3287035157005e-05,-787.833418053764,0.102489802022338,0.0790021974503993,0.9725,0.522888144017699
"quadratic",400,"sir_laplace",130,3.854,3317.53019927495,3067.86246929076,173.803241820933,178.469508440639,6748.68993020152,2699.41163532515,6289.16975333651,2789.62458615895,860.801816106629,796.020360480219,45.0968453090121,46.3076046810169,1751.08716403776,1631.85515135872,0.00270043038666648,0.00246579533729232,1.23452972209156e-06,0.000946876353691191,0.00495390838599209,2.19613308393973e-05,2.05648363632408e-05,6.71308750000938e-11,9.05333757114475e-06,3.82708344864793e-05,-781.17382236192,0.104313216102832,0.082576987798704,1,0.509118676493859
"quadratic",400,"sir_laplace",131,5.434,3438.07927357601,3139.75130059774,172.18757176134,188.201716941112,6724.63771526097,3238.00160494598,5715.2548773698,2153.66082564211,632.697694806037,577.797442141652,31.6870761430511,34.6341032280294,1237.51154126996,1051.75835063854,0.00314493043732009,0.00285316717445397,1.89404755119267e-06,0.00103271506767812,0.00596805373438804,2.56100778348835e-05,2.31104425144927e-05,1.27060452661719e-10,9.23125659088442e-06,4.90604053890171e-05,-782.024022839439,0.108114612037563,0.0885628003343757,1,0.522573640765435
"quadratic",400,"sir_laplace",132,3.898,2562.22310603676,2579.23399512553,200.655810452632,186.551824829203,6492.64832548011,2641.63929380994,6037.40386378379,2418.80673367235,657.317369429647,661.68137381363,51.4766060678891,47.858343978759,1665.63579412009,1548.84655304869,0.00263249980232279,0.00241970122480472,1.09385991728911e-06,0.00103068078286307,0.00480055594538943,2.37951831697957e-05,2.18486515489662e-05,9.14233884126246e-11,9.38986705036604e-06,4.2297971160592e-05,-756.066759126653,0.100922422013087,0.0721843395852337,1,0.51204734272671
"quadratic",400,"sir_laplace",133,4.048,3265.50489770256,3294.12490570481,155.333500019138,188.414860201431,7057.83019420781,3377.58025295789,6459.59301316641,3049.46324937265,806.69587393838,813.766034017986,38.3729002023563,46.5451729746617,1743.53512702762,1595.74926214585,0.0028637957922426,0.00258522291774574,1.60531784708966e-06,0.00094414294027035,0.00527550492127026,2.19268612341252e-05,2.01210821435122e-05,8.67863633834747e-11,8.36144006616421e-06,4.05040637522904e-05,-790.941357198717,0.0609196342052242,0.0480556388845699,1,0.505131740523636
"quadratic",400,"sir_laplace",134,4.017,3393.32260712461,3433.15238467875,179.044745739849,182.632842182695,6971.58376866708,3473.75201413323,6388.51635587355,3016.01656858602,844.740504636449,854.655808981516,44.5717564699648,45.4649843621346,1735.51998224224,1590.37001639869,0.00274461716868367,0.00257648994500166,1.12291970917111e-06,0.00103199747875768,0.00491026231185689,2.29034210237747e-05,2.06989439505292e-05,1.08672354600628e-10,8.74992900700193e-06,4.05118199412191e-05,-792.19015102942,0.106985490606018,0.0883150452456511,1,0.503501935119003
"quadratic",400,"sir_laplace",135,3.909,2175.54728324565,2119.95758608871,170.462340543824,166.799918848371,6686.84709065311,2266.43464035978,5912.46616951109,1811.1935781758,556.548294511549,542.327343588822,43.6076593870105,42.6707390249094,1710.62857269202,1512.52652072425,0.00279827702511873,0.00256735805281691,1.34519264912657e-06,0.00103486716255213,0.0052447231871371,2.59147609749727e-05,2.37564532493164e-05,1.16023359950376e-10,9.36340491757597e-06,4.78740817621573e-05,-786.99047144882,0.130876958399069,0.089004291548116,0.9625,0.518347063107437
"quadratic",400,"sir_laplace",136,4.067,3386.22679726804,3329.5360871274,120.147094027616,200.489126920996,6836.55792001084,3177.96683693641,6502.29670276912,2498.94494973561,832.610473879528,818.671277877404,29.5419459128636,49.2965642785827,1680.98301450967,1598.79436999486,0.00307770811836881,0.00283047203995857,1.75572768501614e-06,0.000971341588175116,0.00555839022649264,2.32797802046277e-05,2.16201337838269e-05,8.51874637447366e-11,8.32283193836182e-06,4.14876867423613e-05,-781.324715539696,0.0986684971823062,0.0750500268017096,0.9675,0.519558384854443
"quadratic",400,"sir_laplace",137,3.872,3654.95601617761,3798.03200287224,138.835938956239,150.189796816523,6520.85316106701,1768.80478536761,6549.18034498967,3169.90231144209,943.945252111986,980.896694956672,35.8563891932436,38.78868719435,1684.10463870532,1691.42054364403,0.00397742862326481,0.00356630107958696,3.81310470936712e-06,0.00129965384734115,0.00782362585279599,2.5251205639503e-05,2.32980972858073e-05,9.95052886479558e-11,9.73400898329874e-06,4.45924455900244e-05,-801.856488559878,0.12670076171741,0.101316737671037,0.975,0.544428200654951
"quadratic",400,"sir_laplace",138,3.917,3230.08835306373,3060.95195901311,209.935998812083,175.521037716858,6682.1466376542,3366.68122630425,5991.94049723248,1652.50614918973,824.633227741571,781.453142459309,53.5961191759212,44.8100683474236,1705.93480665157,1529.72695870117,0.00253280900771465,0.00231718652326453,1.08646714887518e-06,0.000911450056790256,0.0045660916460162,2.4028975248043e-05,2.2099351200372e-05,8.99038900678395e-11,9.19133773884528e-06,4.27208384668351e-05,-787.397854149291,0.121469538187928,0.0996168632182769,0.9875,0.495859865105481
"quadratic",400,"sir_laplace",139,4.137,3325.18113412205,3509.52081547362,146.46803962325,207.502772968822,7120.00292302656,3478.47604147307,6532.69641351963,3237.89229961762,803.766288160999,848.32507021359,35.4044089009548,50.1577889699834,1721.05461035208,1579.09026190951,0.00266281158609648,0.00242043331186311,1.20540298988309e-06,0.000993150376228756,0.00493378513262814,2.05652380924202e-05,1.90066477916655e-05,6.19063213900311e-11,8.35878549771289e-06,3.63701459336321e-05,-794.868517081195,0.105020476293754,0.0838106766968326,0.9975,0.499701143650338
"quadratic",400,"sir_laplace",13,3.799,3603.54405398244,3659.52376772301,174.931936480807,188.973888708922,6852.01098603211,2360.97589660376,5880.06691860134,1723.40707874911,948.550685438917,963.286066786789,46.0468377154005,49.7430609920827,1803.63542669969,1547.7933452491,0.00333458148999419,0.00306767438635929,2.04151272684943e-06,0.00108590055950309,0.00616071840153587,2.50225735054915e-05,2.31087275803755e-05,1.14394616150451e-10,9.11298890983141e-06,4.46606003681346e-05,-788.25426966513,0.115749453236659,0.0912776964052748,0.97,0.526029429174009
"quadratic",400,"sir_laplace",140,5.388,2823.70294603529,3041.8014438561,150.05109830055,170.072152117835,6729.58932326339,3029.13299137986,6102.8755532288,2729.14445318615,524.072558655398,564.551121725334,27.8491273757516,31.5649874012315,1248.99579125156,1132.67920438545,0.0028306785485585,0.00256460215785947,1.58142481743482e-06,0.000920059375106923,0.00523426897017881,2.44249978098589e-05,2.22646100252858e-05,1.19399223600694e-10,9.23303278452512e-06,4.4712381784392e-05,-758.653144219123,0.0857505661337614,0.0678600339195114,1,0.510185091275306
"quadratic",400,"sir_laplace",141,4.098,3600.37576135592,3668.41199640237,91.836380507203,125.309452353263,6866.00973975812,2232.31163043329,6557.30241906991,3232.78385258802,878.568999842831,895.171302196772,22.4100489280632,30.5781972555547,1675.45381643683,1600.12260104195,0.0031335502956901,0.00281816757848094,2.15232945252676e-06,0.000981824849936232,0.00582558751791039,2.32322395870525e-05,2.09440642534949e-05,1.08046217744897e-10,8.26036316952854e-06,4.36186601211506e-05,-780.270014068572,0.10623695620291,0.0857487218870717,1,0.522284501026407
"quadratic",400,"sir_laplace",142,3.843,3649.35244002398,3594.02563068556,193.018161702431,237.386918421785,7209.52923293542,3516.98421459145,6442.3519990301,2031.13721492255,949.610314864424,935.213539080292,50.2259072866071,61.7712512156609,1876.01593362879,1676.38615639607,0.00296927619701768,0.00275637241173581,1.40129079991193e-06,0.000968144782380774,0.00525920118885015,2.19750163143679e-05,2.03023859889548e-05,7.79638433415296e-11,9.29592674817857e-06,3.81550941067176e-05,-810.641752983884,0.108404388531219,0.089568902488651,0.995,0.507086784911192
"quadratic",400,"sir_laplace",143,3.839,3939.0696118104,3841.20940489155,93.4978684098888,221.677629286058,6633.44626663625,1329.4866546223,6688.43883778629,3635.37851768865,1026.06658291492,1000.57551573106,24.354745613412,57.7435866856103,1727.90994181721,1742.2346542814,0.00366223320790667,0.0033272049818818,3.35127420945545e-06,0.000982019779368223,0.00723792370320106,2.29578924929286e-05,2.12523626046286e-05,8.66002826836924e-11,9.00367967210528e-06,4.20013744556454e-05,-756.503740093831,0.109189762310354,0.0811621816044209,0.9775,0.539901426495852
"quadratic",400,"sir_laplace",144,4.068,3315.83784520973,3283.35565431287,80.7930531750714,174.599735255445,6678.63075965533,1842.98285153786,6409.68192258564,1943.59157426562,815.102715144968,807.117909123124,19.860632540578,42.9202889025184,1641.74797434988,1575.63469090109,0.00353285419128872,0.00319662562397288,2.8798305831707e-06,0.00102567462313284,0.00689386612099043,2.46339669388277e-05,2.24950679076374e-05,1.06228907935646e-10,9.10251358865398e-06,4.46054445966644e-05,-801.898910763638,0.089176446695446,0.0680292357680707,0.9825,0.526340474703583
"quadratic",400,"sir_laplace",145,4.139,3722.36744721551,3397.48077297479,182.448240391326,145.975659942872,6800.19152567135,3057.10706175725,6368.8957226884,2782.54684364608,899.339803627812,820.845801636818,44.0802706913086,35.2683401649847,1642.95518861352,1538.7522886418,0.00299175796179499,0.00274068988486845,1.60145955122353e-06,0.00097054283299002,0.00550742234336231,2.28521465362963e-05,2.05448858619191e-05,1.0777202741183e-10,8.2869872642715e-06,4.447109084212e-05,-780.156410836271,0.109043931412132,0.0902218897676414,1,0.521011221324692
"quadratic",400,"sir_laplace",146,3.813,3405.11238697312,3369.96981521331,197.100662472131,124.166665552044,6812.47560056269,3549.53557958097,6412.17289134674,2940.92255266164,893.027114338611,883.810599321614,51.6917551723395,32.5640350254509,1786.64453201224,1681.66086843607,0.00278670893681146,0.0025780097025336,1.34618831907979e-06,0.00108566714679214,0.00508579811361614,2.17463868929584e-05,1.98468794546682e-05,7.81631419326537e-11,8.54673579388069e-06,3.94961544480012e-05,-790.775508340271,0.0650883908212074,0.0551834876555165,1,0.507509245610927
"quadratic",400,"sir_laplace",147,3.792,3663.15664666067,3563.22281062618,164.044489981545,189.497708584929,6907.16900545992,3118.13621429677,6476.43095520015,3032.63183703451,966.02232243161,939.668462717873,43.2606777377492,49.9730244158567,1821.51081367614,1707.91955569624,0.00282661456800394,0.00259873026370526,1.46556051180727e-06,0.000908262203957446,0.00500885443286706,2.21688200914105e-05,2.08643215098934e-05,6.80671290811925e-11,8.46455672225068e-06,3.78334672028076e-05,-780.525427182576,0.117094503295386,0.0885699085898237,0.96,0.505034895494343
"quadratic",400,"sir_laplace",148,3.953,3344.99636498199,3445.05750655115,71.1100045370329,190.70602202615,6759.48343236899,1802.40088102205,6092.44150529025,2114.10565004969,846.191845429292,871.504555160928,17.988870361,48.2433650458259,1709.96292243081,1541.21970789027,0.00337698074368751,0.00305760156943406,2.44232913853908e-06,0.000994583595466556,0.00637086804787785,2.53889920622474e-05,2.30807492583477e-05,1.12187496280248e-10,8.63020406932466e-06,4.60021728760237e-05,-785.834697704585,0.118424457107513,0.0930223948749526,0.9575,0.526111417391426
"quadratic",400,"sir_laplace",149,4.022,2964.08795887793,2805.99864886558,118.145538204114,173.348995815185,6724.75439624222,2729.51472334343,6046.13906319316,1670.40943145786,736.968662078053,697.662518365385,29.3748230243944,43.1001978655357,1671.99263954307,1503.26679840705,0.00320165282512801,0.00289147885385572,2.04642166580507e-06,0.00110596923773618,0.00615923343284348,2.70208312007538e-05,2.442401444658e-05,1.32113353702849e-10,1.01580407580623e-05,4.94393653325687e-05,-765.525705246108,0.134050686308922,0.105113611830166,0.9825,0.528447249255151
"quadratic",400,"sir_laplace",14,3.817,3562.56063680387,3279.3335855916,163.866050483522,170.133444086153,6917.59193654995,2080.06519604661,6469.0659292705,2584.85358758876,933.340486456346,859.13900591868,42.9305869749862,44.5725554325788,1812.31122257007,1694.80375406615,0.00359275771033091,0.00323682385292051,2.60753451679562e-06,0.00100667559959191,0.00677195747933386,2.46005625092413e-05,2.24234434543644e-05,1.06254131409461e-10,9.03068776617729e-06,4.55163505557956e-05,-787.098420628128,0.102053820796644,0.0890805208011913,0.985,0.528441432149916
"quadratic",400,"sir_laplace",150,3.862,2971.1499025682,3204.86709705183,189.832108470177,178.342608184587,6847.97388985522,3220.67457784144,6199.75576898632,1954.27247105936,769.329337796012,829.846477745165,49.1538344044996,46.1788213838909,1773.16776019037,1605.32257094415,0.00291260432574479,0.00266971317370326,1.66915087381984e-06,0.00102699683662286,0.00529304484556311,2.37980273288145e-05,2.17532596796237e-05,1.01570387467094e-10,8.29989449537361e-06,4.36790304507246e-05,-790.439755111036,0.114960896201534,0.0878043346580399,0.9625,0.517789883890537
"quadratic",400,"sir_laplace",151,3.8,2224.30300491002,1569.60266611807,116.497804533203,200.685626568377,6897.12426611433,2361.29525399075,6187.04833088977,1431.23555697343,585.342896028953,413.053333188967,30.6573169824218,52.8120069916782,1815.03270160903,1628.17061339204,0.00305038833711175,0.00275794066374915,1.98756259822232e-06,0.000934076768750239,0.00568233733532626,2.56203076045853e-05,2.3487725962801e-05,1.07964395434101e-10,9.4213515308755e-06,4.61898588524934e-05,-789.211729398454,0.10164102597625,0.0855342495510658,1,0.516240676737711
"quadratic",400,"sir_laplace",152,3.898,4018.00467639261,3608.07785039987,156.074225204507,201.474720882297,7002.4345551238,3394.88623349132,6705.48970438807,2968.9927807673,1030.78621764818,925.622845151327,40.039565214086,51.6866908369157,1796.4172794058,1720.23850805235,0.00339341925281334,0.00316145120550647,1.8098769959878e-06,0.00129543107091708,0.00608905104448764,2.36953686677737e-05,2.15641472419632e-05,1.20693663088563e-10,8.41791039508373e-06,4.26496322696113e-05,-800.383040099671,0.106219917116819,0.0849793349370484,1,0.53299031377717
"quadratic",400,"sir_laplace",153,3.764,3413.57951982001,3412.4927504104,109.684426356359,195.836122921677,6852.34589639455,2772.22573314899,6699.15244772813,3285.21653620435,906.902104096707,906.61337683592,29.140389573953,52.0287255371086,1820.49572167762,1779.79608069291,0.00313951588275424,0.00274079661820488,2.32823798500795e-06,0.000965231040401484,0.00634332664905159,2.19222660520686e-05,2.01079242418369e-05,7.77904164600462e-11,7.92516421169515e-06,4.00534753217696e-05,-785.193421557188,0.104398805627475,0.0798309247986016,0.975,0.511422212254375
"quadratic",400,"sir_laplace",154,3.867,2983.2285067043,2497.54610199209,192.352616635806,121.867950429489,6944.87675542541,3123.24496487249,6462.93753665427,2157.81887422115,771.458108793457,645.861417634365,49.7420782611343,31.514856588955,1795.93399416225,1671.30528488603,0.00305810553287637,0.00285297197040695,1.41805568134674e-06,0.00110931069737821,0.00542369322440406,2.30811976925142e-05,2.04788707657997e-05,1.19927639719311e-10,9.00829895514398e-06,4.38905836683128e-05,-785.86348902227,0.107095860055694,0.0862989924904793,1,0.523407770441972
"quadratic",400,"sir_laplace",155,3.807,3363.20648324551,3612.61515896015,97.2461820919752,70.8879295139728,6598.81148341289,2413.08455858001,6321.95849186161,2451.8150620321,883.426972221043,948.940152077791,25.5440457294392,18.6204175240275,1733.33634972758,1660.61426106162,0.00353691062671665,0.00312305930739659,2.8974763653431e-06,0.00112248323737323,0.0068757454580462,2.44209843528806e-05,2.20292800071506e-05,1.17644476187564e-10,8.52195755970623e-06,4.65509126495619e-05,-786.620156617783,0.0937730462721045,0.0752835052173387,1,0.531074230852179
"quadratic",400,"sir_laplace",156,4.081,3642.17533569525,3149.45906232627,111.338044524345,159.80605843023,6966.45224492904,1755.29004617478,6351.98109779855,2564.57898661182,892.471290295332,771.737089518811,27.2820496261566,39.1585538912594,1707.04539204338,1556.47662283718,0.00324627410968448,0.00295209235208167,2.11515296252038e-06,0.0011302752959596,0.00613570700863751,2.36607965311791e-05,2.09582733212303e-05,1.22676337781645e-10,9.55187500739972e-06,4.55831964382444e-05,-779.120549400144,0.125584702242379,0.0960002527029733,0.9425,0.528604971354455
"quadratic",400,"sir_laplace",157,3.837,4022.46015050197,3744.91609957134,140.956142619944,159.434246148944,6885.65099505222,2776.97435148846,6330.5890976149,2414.6590255349,1048.33467565858,976.001068431416,36.7360288298004,41.5517972762428,1794.54026454319,1649.87987949307,0.00326871967573598,0.00298651158707527,1.9313231512959e-06,0.00104770293024466,0.00606587702490855,2.55622314659083e-05,2.28664168682381e-05,1.38000892565393e-10,8.38457872611406e-06,4.99641250786267e-05,-791.454453120398,0.0790363521780377,0.0594708829740412,1,0.52518219351638
"quadratic",400,"sir_laplace",158,3.799,3335.62525809284,3274.9411701029,164.937214160293,185.517976665937,6881.79825097782,3318.49356355634,6325.12554144437,3070.74125324542,878.027180335047,862.053479890208,43.4159552935754,48.8333710623682,1811.47624400574,1664.94486481821,0.00277648441591525,0.00256728511636721,1.25899503735327e-06,0.000991408354224886,0.00500683332834928,2.18501099040089e-05,1.96477889363608e-05,9.43409756330384e-11,8.36569136525454e-06,4.19880155860796e-05,-781.000492040483,0.0895489252569062,0.0715714920036373,0.9875,0.505793526193242
"quadratic",400,"sir_laplace",159,3.852,3247.01892034864,3104.06531538832,172.696199786265,168.19454673393,6759.23918632833,3465.08903759586,6368.43633631142,2994.16534891646,842.943644950321,805.832117182846,44.8328659881269,43.6642125477491,1754.73499125865,1653.28046114004,0.00270600168826788,0.00250121377580369,1.2840263296502e-06,0.000944269553506937,0.00497357412252062,2.13561339484543e-05,1.96036660370365e-05,7.591629063118e-11,7.84253485279646e-06,3.84866119947274e-05,-766.094612891497,0.127512742195215,0.104518282935801,0.985,0.512912922415442
"quadratic",400,"sir_laplace",15,3.765,3726.85147177149,3937.79251576539,184.937726719119,163.319280860498,7062.53418966636,1948.00343332848,6794.15238251844,3184.30985028903,989.867588783928,1045.89442649811,49.1202461405363,43.378295049269,1875.83909420089,1804.55574568883,0.0038902334600481,0.00360102203276618,2.69601354101836e-06,0.00132433285370984,0.00715925020559798,2.49790262169954e-05,2.27176120631479e-05,1.06919403528415e-10,9.05664837297837e-06,4.58418675133756e-05,-790.513957835978,0.104994567995424,0.0864862219485754,0.98,0.538024648587154
"quadratic",400,"sir_laplace",160,4.236,3529.16957105789,3443.41614076518,158.021307570796,162.89176914275,6931.5561495787,3539.96430601331,6230.55557101388,2402.63100729761,833.137292506585,812.893328792536,37.3043691149187,38.4541475785528,1636.3447000894,1470.858255669,0.00284381552587081,0.0025512695401501,1.60214228408962e-06,0.00104701063439913,0.00526570356382051,2.22896995291572e-05,2.0558207702719e-05,8.3472023307528e-11,8.27642003321455e-06,4.12672621901874e-05,-785.641929977304,0.0940073970902566,0.0728582959839983,0.995,0.5158101287635
"quadratic",400,"sir_laplace",161,3.829,3623.45951111781,3424.50175820257,117.250890281447,181.09518465175,6981.59632551155,3205.96039477757,6430.22265619776,2544.95259348658,946.320060359836,894.359299608923,30.6218047222373,47.2956867724602,1823.34717302469,1679.34778171788,0.00306868092347704,0.00282402404150519,1.72314462866649e-06,0.00101051666769862,0.00559469511806035,2.2848949160014e-05,2.03819289011942e-05,9.96419164271045e-11,8.38277542829282e-06,4.17769827389914e-05,-803.243843950283,0.0896239621439781,0.0744128642186122,1,0.514853293027812
"quadratic",400,"sir_laplace",162,3.836,4302.15748555101,4104.77930801308,76.6618926757383,173.874253410328,7138.61832297847,871.324971200843,6660.01129059859,3391.50890934289,1121.52176369943,1070.06759854356,19.9848521052498,45.3269690850699,1860.95368169408,1736.18646783071,0.00368657261133012,0.00329347175127425,3.51857235179802e-06,0.00107728151457593,0.00747618877033407,2.13422494171757e-05,1.93536014108836e-05,8.03703967645239e-11,8.26943240898916e-06,3.97784895746622e-05,-810.976887279427,0.0971620382964218,0.0769282764315007,1,0.531402560576275
"quadratic",400,"sir_laplace",163,3.81,2928.90108577232,2865.51836902422,135.351338119347,172.381616716203,6726.88903718156,2645.64687059371,5925.46573279989,2026.2240324987,768.740442459926,752.104558799008,35.5252855956293,45.2445188231504,1765.58767380093,1555.24034981625,0.00287259784939179,0.00257617975748075,1.69934870179296e-06,0.0010110753104567,0.00558319570264439,2.53378842401778e-05,2.31235158789934e-05,1.23362104468853e-10,8.927563110004e-06,4.61180635364914e-05,-774.04399901244,0.123224545592637,0.103300886779114,1,0.516263716934594
"quadratic",400,"sir_laplace",164,3.762,3206.21109751232,3419.00086150409,183.983309489414,232.548745565256,6871.29645395368,3356.78188301548,6415.66811496194,2965.14582686294,852.262386366911,908.825322037239,48.9057175676273,61.8151902087336,1826.50091811634,1705.38759036734,0.00256820521900257,0.00233666697957612,1.16886456726563e-06,0.000973955763319435,0.00485107112594162,2.17088517236336e-05,2.01197064414374e-05,7.78193399668959e-11,7.93783382133813e-06,3.81892408796279e-05,-795.444966817664,0.0946710456375127,0.0731205603178833,0.9875,0.499220789349096
"quadratic",400,"sir_laplace",165,3.848,3349.52388612181,3314.12174487273,188.717477365585,184.636612210045,6858.7062257312,3245.99751567439,6267.03408235227,2056.91385474495,870.458390364297,861.258249707051,49.0430034733848,47.982487580573,1782.40806281996,1628.64711079841,0.00296367386301076,0.00270888247798504,1.3777624490316e-06,0.00113811234751276,0.00530560166560565,2.39668813904095e-05,2.14542968686187e-05,1.27567934684332e-10,7.61150248216851e-06,4.63314283497547e-05,-794.20446487215,0.103633076753502,0.0789872426269108,0.995,0.512454609822082
"quadratic",400,"sir_laplace",166,3.922,3478.8116297337,3383.04412754715,199.556706187155,171.289692392185,6885.94941150218,2128.13127699008,6083.17030337414,2896.22175489245,886.999395648571,862.581368573979,50.8813631277805,43.6740674125917,1755.72397029632,1551.03781320095,0.00290198210984039,0.00267874209212588,1.36872693256055e-06,0.00106501159261342,0.00529473394200229,2.47496720846112e-05,2.25758306113309e-05,1.11138215165373e-10,8.59409254177178e-06,4.62973504170969e-05,-777.231720870039,0.107532113346683,0.087904130045131,1,0.514418378255395
"quadratic",400,"sir_laplace",167,3.834,3609.31557364076,3655.30810428464,150.136669401532,190.706087406312,6887.1112318925,3278.9274096169,6598.88574173215,2743.29753286379,941.396863234417,953.392828451915,39.1592773608587,49.7407635384224,1796.32530826617,1721.14912408246,0.00307264681198938,0.00272379050435451,2.01999804865993e-06,0.00113093300460509,0.00588139680659444,2.35417816741935e-05,2.1712912663082e-05,8.7307457402568e-11,9.48592348275057e-06,4.19705476067688e-05,-820.256980193771,0.0916751503298097,0.0729857854395644,1,0.513735835320204
"quadratic",400,"sir_laplace",168,3.812,3064.10160921721,3202.67921996009,120.754148977131,189.056564092691,6775.76626778617,2138.05065490225,6245.03979659611,2936.60377601267,803.804199689718,840.157193064031,31.6773738135182,49.5951112520176,1777.48328116111,1638.25807885522,0.00352691508322641,0.00311014773444029,3.32346870411523e-06,0.00105243664046382,0.00724232418141531,2.42043134493715e-05,2.18506214304317e-05,1.15815979097259e-10,8.93974913552597e-06,4.40345488147826e-05,-784.303178467005,0.0850279464865175,0.0691184881734352,1,0.534838275788243
"quadratic",400,"sir_laplace",169,3.806,3341.50442806775,3123.88486855642,194.782780237915,112.1003132941,6833.07043923863,3422.03747339206,6292.65894756374,3003.04706217077,877.957022613701,820.778998569737,51.1778192953009,29.4535767982397,1795.34168135539,1653.35232463577,0.00271838591196834,0.00245468472183051,1.48518398731169e-06,0.00085200529667729,0.00525249445625716,2.18957528243629e-05,2.00623882296913e-05,8.21152252309327e-11,8.74600639298238e-06,4.05391245445241e-05,-769.209037087277,0.0624514709089006,0.0511919902264111,1,0.506834305261423
"quadratic",400,"sir_laplace",16,3.742,3399.61311368847,3357.61960884281,101.285393677353,199.747314559974,6761.84980554951,2449.62298939733,6596.13153290403,3046.15740160744,908.501633802371,897.279425131698,27.0671816347817,53.3798275146911,1807.0149132949,1762.7288970882,0.00382697745931733,0.00344522029260113,3.28939409297639e-06,0.00116868576916566,0.00736135047861861,2.5152873902584e-05,2.28391960653586e-05,1.33800900029733e-10,8.77948945700219e-06,4.55488126110233e-05,-778.041519659747,0.106070596656338,0.085479881837254,0.99,0.535029162441492
"quadratic",400,"sir_laplace",170,5.436,3701.27455940836,3659.12903262022,123.348697085759,185.001112512977,7005.41285819155,2942.29544772588,6567.81862630919,3300.82787029918,680.882001362833,673.128961114831,22.6910774624281,34.0325814041532,1288.70729547306,1208.20798865143,0.0030910874988244,0.00281804979092619,1.74747870861505e-06,0.00111176740217076,0.00568120538022218,2.15046497853385e-05,1.96475176333626e-05,7.32834073676685e-11,8.62413218892892e-06,3.91263852865246e-05,-804.705847749683,0.0907944022640735,0.0698297617805154,1,0.51244001446742
"quadratic",400,"sir_laplace",171,3.783,2534.28668267036,2690.81234530369,106.738919906654,210.022637554286,7016.65130936457,2729.45059022457,6524.02012033632,2195.33900494075,669.914534144954,711.290601454848,28.215416311566,55.5174828322195,1854.78490863457,1724.56254833104,0.00253100221053322,0.00231576363722218,1.27489762022739e-06,0.000868419517136191,0.00456398938647612,2.12107612737466e-05,1.97556109474703e-05,6.67624745548073e-11,8.68999946561532e-06,3.69176730530772e-05,-774.720053353012,0.0902746822615665,0.0692919495786612,1,0.500627733489739
"quadratic",400,"sir_laplace",172,5.376,3355.49600336675,3445.39463100424,153.199424950273,118.024834718328,6792.22285465636,2661.31572378487,6295.50270168906,1650.37732855086,624.162203007208,640.884417969539,28.4969168434287,21.9540243151653,1263.43431076197,1171.0384489749,0.00302353937919634,0.00269833765145692,1.91122437417953e-06,0.000950322619761795,0.00586609666193928,2.4077561370491e-05,2.15083535264657e-05,1.33543696307751e-10,7.77535804655258e-06,4.61359332394333e-05,-777.006392942724,0.0941050719657728,0.0737997712009117,1,0.516469168193848
"quadratic",400,"sir_laplace",173,3.814,3161.79887562719,3314.48012962541,163.07620464833,180.689033942891,6887.68814023441,3179.07987507111,6355.13281034413,2904.72067451164,828.998132046981,869.029923866127,42.7572639350629,47.3752055434953,1805.89620876623,1666.26450192557,0.00289870579061155,0.00265752435164161,1.60882070597402e-06,0.00101472348670502,0.00551954432499009,2.17172061549358e-05,1.99308418562081e-05,7.86301565552872e-11,7.82886704905489e-06,3.90422678645216e-05,-780.059113215029,0.107895972158761,0.0870201942251644,0.99,0.509214230033324
"quadratic",400,"sir_laplace",174,3.799,3308.87835145019,3307.65085402597,165.651132039441,159.133657846896,6896.31862373814,3507.66741745122,6418.8766477365,2958.51405856698,870.98666792582,870.663557258745,43.6038778729775,41.8883016180299,1815.29840056282,1689.62270274717,0.00263636191905405,0.00245001271302943,1.15229771483304e-06,0.000853454534775546,0.00472642307779064,2.13419057043345e-05,1.98268111934559e-05,6.74119149060067e-11,8.06371679596176e-06,3.69651009094387e-05,-769.611780492187,0.0826656768619575,0.0681101698876325,1,0.498346611844055
"quadratic",400,"sir_laplace",175,3.822,3657.43332814175,3805.67228273687,188.88752786739,212.586371031667,7019.76737955531,3890.38890893428,6582.01936960608,3304.67114922643,956.942262726779,995.727965132619,49.4211218909968,55.6217611281181,1836.67383033891,1722.14007577344,0.00281384453378525,0.00261845350786809,1.18395996502285e-06,0.00109187549110433,0.00506405401911051,2.20847549464111e-05,2.00274585970442e-05,8.74515101792089e-11,8.09822208477759e-06,4.1193206886713e-05,-781.417042768143,0.129630466386994,0.10780552064066,0.9575,0.508922715040298
"quadratic",400,"sir_laplace",176,3.737,3410.36107837753,3379.98103911948,144.353921862533,170.086313285501,6906.14825047625,2033.26661496867,6480.10267351598,1989.19594163927,912.593277596341,904.463751436843,38.6282905706538,45.5141325355904,1848.04609325027,1734.03871381214,0.0036115567618018,0.00319496651856627,3.15258886677669e-06,0.00116375990381221,0.00711568315693704,2.44234217240607e-05,2.19708139572658e-05,1.04726983531014e-10,9.28715611082993e-06,4.59916038433145e-05,-788.928248437406,0.142129317270661,0.108774648728795,0.92,0.536367912574275
"quadratic",400,"sir_laplace",177,3.82,3449.43241675567,3280.81408069869,184.39129223038,201.729689838978,6926.55803472981,2926.87976026934,6637.61355862998,3202.63291252061,902.99277925541,858.851853586045,48.2699717880577,52.8088193295753,1813.23508762561,1737.59517241623,0.00327885923870343,0.00297239281356056,1.92829122677023e-06,0.00114456519313337,0.00612162536048519,2.26644468209658e-05,2.08455784783333e-05,8.08980201000417e-11,9.18060932668112e-06,4.06779291079143e-05,-762.687465246576,0.11026941530703,0.0883059827910479,1,0.528378120110339
"quadratic",400,"sir_laplace",178,3.75,3009.90169399306,2631.06508627936,134.818524099788,201.663357211306,6983.90301942306,3104.07640666116,6333.11616720129,2562.05967706405,802.640451731483,701.617356341163,35.9516064266101,53.7768952563482,1862.37413851281,1688.83097792034,0.0030116716833658,0.00271163984897521,1.9835941304922e-06,0.00094298209613042,0.00565050226786021,2.4344504630487e-05,2.21082700517846e-05,1.11142576700295e-10,9.02984981168332e-06,4.41208701354104e-05,-791.150164400957,0.0864607782800957,0.072954906804038,1,0.51814268633163
"quadratic",400,"sir_laplace",179,3.771,3262.51130665854,3467.13672623289,184.498175776902,149.742811888704,6735.65558987974,3326.44351714822,5943.23010082114,2547.53915016078,865.158129583278,919.42103586128,48.9255305693191,39.7090458469116,1786.17225931576,1576.03556107694,0.00299888622605469,0.00269827612976475,1.78637572323824e-06,0.00104561449936943,0.00574709654533587,2.49805038127256e-05,2.1952879760396e-05,1.56538429683207e-10,9.21962101527126e-06,4.95591788658728e-05,-762.680512227138,0.136993074240578,0.111555227395686,0.92,0.516274537045907
"quadratic",400,"sir_laplace",17,3.837,3046.30652673457,2992.2545283066,202.304917934103,213.7549806399,6865.79779749724,3233.9813720081,6485.40814055398,2762.69541117798,793.929248562567,779.8422018,52.7247636002353,55.7088821057859,1789.36611871182,1690.22886123377,0.00259872812376632,0.00234527534073985,1.21020879533287e-06,0.000949374125633267,0.00486855338119458,2.17785993923372e-05,2.01964127270591e-05,6.89720655726567e-11,8.68273785509419e-06,3.82758801482636e-05,-768.686114935867,0.0643437901700467,0.0493637999022018,1,0.504235240189977
"quadratic",400,"sir_laplace",180,3.852,3205.41051199367,3129.76839807982,192.446777914503,215.382734452732,6882.76800619817,3206.71291340138,6512.78687329127,3027.12998836838,832.141877464609,812.504776240866,49.9602227192376,55.9145208859638,1786.80373992684,1690.75464000293,0.00253596783742426,0.00237104465993151,9.92923288537713e-07,0.00101544815936522,0.00459021431358599,2.07521050241719e-05,1.8948455421328e-05,6.88155230575454e-11,8.61242537404943e-06,3.80757810783188e-05,-795.785879144832,0.0946236711754343,0.0773690529502475,0.985,0.492952992063151
"quadratic",400,"sir_laplace",181,4.006,3136.06218418929,2973.31787253133,103.790730898587,164.358252581585,6850.31045189985,2992.87365476979,6272.16143438413,2831.87119897241,782.841284121142,742.216143916957,25.9088194954038,41.0280211137256,1710.01259408384,1565.69182086474,0.00258949405776814,0.00234357199618163,1.28378177446568e-06,0.000948768603008311,0.00472190885200062,2.18067296543081e-05,1.96278253246742e-05,8.90679471753145e-11,7.94430043122906e-06,4.05711015851377e-05,-757.567046894675,0.0832577422741129,0.0658966695030185,1,0.50512712963451
"quadratic",400,"sir_laplace",182,3.834,3009.75242169293,2987.65869734995,186.016974630746,185.086655608563,6858.08306526503,3136.16324941944,6466.97000296312,2897.84500007131,785.016281088401,779.253703012506,48.5177294289895,48.2750797101103,1788.75405979787,1686.74230645882,0.00257992640232114,0.00238298932675608,1.118411803545e-06,0.00103924320520486,0.00465028117439198,2.10193874363774e-05,1.97800663932164e-05,5.64208574605926e-11,8.63474327928751e-06,3.59648959426038e-05,-783.923738510684,0.105846425581668,0.0789646403266974,0.985,0.500002108608863
"quadratic",400,"sir_laplace",183,3.833,4029.65893900489,4112.73125631489,145.509566406078,147.216690684116,6888.52103546149,2363.94676704475,6458.07062540611,2567.84616353059,1051.30679337461,1072.97971727495,37.9623183944894,38.4076938909773,1797.16176244756,1684.86058580906,0.00317416425363871,0.00291353670999447,1.85678671097917e-06,0.00107139389489403,0.00590765124345966,2.37318219324436e-05,2.16132374166683e-05,9.8081840107238e-11,8.85692410767508e-06,4.39867103410992e-05,-791.047211404104,0.0825598425219882,0.0696548112971464,1,0.518222106666473
"quadratic",400,"sir_laplace",184,4.129,3489.83454948393,3283.94857201756,143.568040173288,189.982036257767,6678.58122296623,2568.14864173234,6315.52994974828,3196.56149352846,845.200908085233,795.337508359788,34.7706563752211,46.0116338720677,1617.48152651156,1529.55435934809,0.00290767193822336,0.00262655531190432,1.56441816340158e-06,0.00118654415268076,0.00556333276917966,2.23179413293266e-05,2.04757656487785e-05,7.84218418547084e-11,8.53328743482268e-06,4.04719193802243e-05,-778.877019561435,0.0851758422674455,0.0666021460549163,1,0.516023650608698
"quadratic",400,"sir_laplace",185,4.17,3143.42580946966,3064.6111469014,173.549074731525,177.012105196087,6808.75884218496,3342.59737821341,6384.90062501868,2896.140182501,753.819138961549,734.918740264124,41.6184831490468,42.4489460901887,1632.79588541606,1531.15122902127,0.00265225084199565,0.00238597778993685,1.43463264197834e-06,0.000954483899192843,0.00507895901025638,2.13355803355655e-05,1.96660175387166e-05,6.75550930083369e-11,8.36281412393269e-06,3.68764951072819e-05,-788.087980895613,0.0808052279338593,0.0632056890038664,1,0.5049984290405
"quadratic",400,"sir_laplace",186,3.872,2720.12432917442,2710.26512719726,133.907136692711,155.49273370834,6842.19552070806,1435.27687288244,6378.55163342911,1950.25737612315,702.511448650417,699.965167148052,34.5834547243573,40.1582473420299,1767.09595059609,1647.35321111289,0.00332492301577675,0.00301331753182309,2.29898563960382e-06,0.00108561786233565,0.00636178900787776,2.6277693471163e-05,2.32542045975788e-05,1.65369260595817e-10,9.20705502676628e-06,5.24101079629887e-05,-778.835973103283,0.0979843314457698,0.0800324848431567,1,0.526899730380523
"quadratic",400,"sir_laplace",187,4.182,2328.7638992317,2457.04793133502,187.332361855224,152.123567917547,6718.49404900872,2453.95522111182,5982.21934819068,2010.66125460487,556.854112680942,587.529395345532,44.7949215340086,36.3757933805707,1606.52655404321,1430.46851941432,0.00313767988282537,0.00291632970209478,1.69215400094103e-06,0.00117036390358856,0.00568753981235282,2.78875816309532e-05,2.52739889799145e-05,1.61700241942653e-10,9.29105271404894e-06,5.22004995057722e-05,-772.304501558376,0.128549308639248,0.0948130206123345,0.965,0.530164852184363
"quadratic",400,"sir_laplace",188,3.966,3481.9217827793,3628.37253490707,178.720998569836,166.267414395829,7192.13095593789,2829.16898930443,6806.74359349658,3440.41333302288,877.942960862153,914.869524686604,45.0632875869481,41.9232008058067,1813.44703881439,1716.27422932339,0.00339462736229785,0.00304948422695431,2.45592602651599e-06,0.00110718900370304,0.00646237956197166,2.21576587860862e-05,2.05992666546419e-05,7.51534201671137e-11,8.21203166989913e-06,3.86193341835102e-05,-802.107479148787,0.0748090368586344,0.0603454351584896,1,0.523778153316556
"quadratic",400,"sir_laplace",189,3.814,4542.016426023,4320.08367550274,155.065930364972,161.35723037383,6969.09370250185,1113.68237484281,6860.73448335867,2277.45107702923,1190.88002779837,1132.69105283239,40.6570347050266,42.3065627618852,1827.24008980122,1798.82917759797,0.00430279682129146,0.00398128976388824,3.45048019425321e-06,0.00142056092811086,0.00794833147888392,2.42508422816704e-05,2.16531570242096e-05,1.32651048995149e-10,7.70139443397815e-06,4.75066455972742e-05,-793.301213663459,0.0893992295824417,0.0732065653978112,1,0.54512363042791
"quadratic",400,"sir_laplace",18,3.819,3298.19569672165,3024.36996556147,167.210198287092,171.160311096658,6845.5758256107,2815.34759884942,6530.79523345497,2833.16533767812,863.628095501871,791.927197057205,43.7837649350857,44.8180966474621,1792.50479853645,1710.07992496857,0.00316393869368372,0.00282894625694028,2.2714350670944e-06,0.00104173416388075,0.00623055355600585,2.32973632185365e-05,2.10644343881611e-05,9.27143325773771e-11,9.17859203590372e-06,4.25485865473629e-05,-795.548215578494,0.109042469324477,0.0950876052738751,1,0.515229602612776
"quadratic",400,"sir_laplace",190,4.069,3009.28174117501,2645.98121321415,152.452621500253,185.260806850486,6805.51493728276,2987.07457034583,6339.08565778497,2608.60775138597,739.562973992383,650.278007671209,37.4668521750437,45.5298124478954,1672.52763265735,1557.89767947529,0.00273335500076486,0.00246853878047644,1.38542751045218e-06,0.000994811225124956,0.00516900359695843,2.29799610355677e-05,2.09599784029311e-05,8.47161391764547e-11,9.3142643073375e-06,4.22819166501131e-05,-764.54522080134,0.103042588546973,0.078441382744415,0.9975,0.50476604396022
"quadratic",400,"sir_laplace",191,3.821,3318.49708935802,3188.45064763531,116.684415610691,179.127287481723,6610.34857226117,1452.27499265125,6419.71951514089,2071.88309873426,868.489162354886,834.454500820546,30.53766438385,46.8796879041411,1730.00486057607,1680.11502620803,0.00313335702179333,0.00283571374521178,1.99331552635705e-06,0.000983583121052635,0.00587457749094263,2.39204276715314e-05,2.20120387174889e-05,8.80777844569652e-11,9.85093861190465e-06,4.25920060723813e-05,-803.308080335631,0.0951907480298002,0.0768849823866447,1,0.513960100141735
"quadratic",400,"sir_laplace",192,3.829,3307.23204510946,3353.32663718947,106.734032362729,162.019671108906,6926.01655383622,2629.57891624286,6635.88826151374,3248.61798116194,863.732579030936,875.77086372146,27.8751716800023,42.3138341887977,1808.83169334976,1733.06039736582,0.00286986413458445,0.00264918409531217,1.35884731409521e-06,0.00109358914105208,0.00532178679465862,2.13976739052578e-05,1.93650450849407e-05,1.07026410520022e-10,7.88577169975105e-06,3.85688352356769e-05,-789.820354316545,0.0884804498709344,0.068094072388388,0.995,0.505399423172009
"quadratic",400,"sir_laplace",193,3.916,3221.92585230195,3153.1482640503,170.365462969221,165.03819467449,6959.82660157469,3445.70742083265,6547.16613140162,3006.7609930282,822.759410700191,805.19618591683,43.5049701147142,42.1445849526278,1777.2795203204,1671.9014635857,0.00306081310934207,0.00281290757038974,1.4843380309146e-06,0.00104472917604739,0.0054346578246494,2.3555897507101e-05,2.14925096175271e-05,8.92756697649635e-11,8.90832207214346e-06,4.22483088768734e-05,-782.382310735082,0.0859945764380538,0.0721782349012597,1,0.515678208772412
"quadratic",400,"sir_laplace",194,3.855,3801.92944157167,3504.35453541525,140.099940965592,150.277339275164,6715.07253573596,3164.68748214252,5874.02510504382,2618.00299710659,986.233318176826,909.041384024707,36.3423971376374,38.982448579809,1741.9124606319,1523.74192089334,0.00286937491588436,0.00258499967257829,1.62700452810837e-06,0.00102155225795511,0.00560806437041003,2.39700603635911e-05,2.18425485589684e-05,9.94572294191931e-11,8.53657089935249e-06,4.37890953418142e-05,-777.051980718382,0.140309080012907,0.112287841503574,0.995,0.511686381212981
"quadratic",400,"sir_laplace",195,3.805,4240.54467321288,3771.90478740514,93.3987096528682,216.761623150867,6610.1125143833,1309.17783667407,6846.71247459137,3156.54400775508,1114.466405575,991.302178030259,24.546310027035,56.9675750725012,1737.21748078405,1799.3988106679,0.00444699919878186,0.00403983622533088,4.40394185836632e-06,0.00130414884442415,0.00842710582636877,2.58395903400771e-05,2.38144821702172e-05,1.24055350209243e-10,1.00450527744649e-05,4.49967062749882e-05,-779.037732301292,0.120333746676597,0.0952485758373643,1,0.559503695384546
"quadratic",400,"sir_laplace",196,3.92,3413.36125853501,3303.24438729552,130.925935795651,195.204518728721,6850.89690170964,3625.38042854276,6264.9258572294,2521.77071849131,870.755423095665,842.664384514164,33.3994734172579,49.7970711042655,1747.67778104838,1598.1953717422,0.00294076917924484,0.0027066845860143,1.67789209631003e-06,0.000926443568723633,0.00548809549657196,2.20718220277198e-05,2.05408548964175e-05,7.16717610845261e-11,9.01299751106628e-06,3.854342554455e-05,-784.37188025108,0.0869058984199481,0.0699879869708254,1,0.512396205151265
"quadratic",400,"sir_laplace",197,3.833,3550.76452191977,3411.06824102321,133.374303478288,153.922919188963,6908.09020574536,1930.69322372333,6221.60391835902,2968.06410100608,926.366950670433,889.921273421136,34.7963223267122,40.1572969446812,1802.26720734291,1623.16825420272,0.00355537756753518,0.00318139011434617,2.95565756835667e-06,0.00100929014699307,0.0069108071364817,2.44918498346195e-05,2.23592338787001e-05,1.06712511428549e-10,9.07043791816911e-06,4.4567331462481e-05,-794.071537574442,0.101880159086024,0.0828027827457559,1,0.536563745051412
"quadratic",400,"sir_laplace",198,3.982,3646.09647405187,3618.8164833249,167.77487344464,187.937381033537,6902.44073701017,2694.12090063067,6315.759567624,2210.94833378082,915.644518847781,908.793692447238,42.1333182934807,47.1967305458406,1733.41053164494,1586.07723948368,0.0029376156606798,0.00269856994243439,1.56915427864845e-06,0.00107935962341214,0.00542817289417238,2.22403372210836e-05,2.03756546013131e-05,8.1544194144564e-11,8.53932742750551e-06,3.97853645703027e-05,-785.794193606457,0.113498209811337,0.0915609169112126,1,0.502565486925776
"quadratic",400,"sir_laplace",199,4.162,3915.08249754869,3731.80205989246,154.34143862224,198.015532058168,6787.27638157145,1900.38839054496,6342.74176808043,2430.07632367917,940.673353567682,896.636727509001,37.083478765555,47.5770139495838,1630.77279710991,1523.96486498809,0.00317653013728084,0.00282357300140293,2.2986898272741e-06,0.00101276929967857,0.0063276440263148,2.26427972058441e-05,2.06614145592269e-05,8.2614092208086e-11,9.22848773670776e-06,4.05574849230561e-05,-794.334341382016,0.116533338000873,0.0870649763105116,0.9325,0.525091107949052
"quadratic",400,"sir_laplace",19,4.014,3985.48176810194,3736.30357032364,141.549741098651,164.379191558726,6687.32809448352,1709.61858017291,6594.56120356738,2263.70323862779,992.895308445924,930.818029477738,35.2640112353391,40.9514677525476,1666.0010200507,1642.89018524349,0.00366800240943138,0.00333643939779635,2.76045399847632e-06,0.00113360766659576,0.00700832109855027,2.50008330989231e-05,2.21704902786911e-05,1.37560511911886e-10,9.17034512148857e-06,4.60679070230257e-05,-782.217523663798,0.104934321623194,0.0853169036046293,0.9975,0.530072705788959
"quadratic",400,"sir_laplace",1,3.869,3510.8675139427,2532.97030857164,96.3540842704348,109.385191100993,6310.94499180712,1210.07406423179,6341.41202102401,1164.6244223696,907.435387423805,654.683460473414,24.9041313699754,28.2722127425675,1631.15662750249,1639.03127966503,0.00424059653599285,0.00368976174752918,5.10584801803774e-06,0.00111791155631834,0.00880944878820634,2.67780688923386e-05,2.39227871323703e-05,1.41504299371746e-10,9.69440137817758e-06,5.18230190447445e-05,-795.483285718588,0.0975548578938406,0.0810527382331859,1,0.553555997038857
"quadratic",400,"sir_laplace",200,3.838,3155.27812489729,3108.90809227381,188.408973636408,151.676456938629,6704.97503990812,2573.24954648686,6259.99848413316,2725.93925771146,822.115196690279,810.033374745651,49.0904048036497,39.5196604842702,1746.99714432207,1631.05744766367,0.00266908486968524,0.00243556940527801,1.24836880009985e-06,0.000980281572982777,0.00509532825166765,2.40258958255007e-05,2.16661222312077e-05,1.038086450092e-10,9.19219268208008e-06,4.45122845264838e-05,-780.122119564816,0.0776164556751757,0.061375429985734,1,0.506459435834133
"quadratic",400,"sir_laplace",20,3.998,2634.81493841392,2256.91856283642,203.202542144298,179.528654792134,6959.80717108314,2762.65732532344,6467.7221683857,2150.22395280122,659.033251229095,564.511896657434,50.8260485603547,44.9046160060366,1740.82220387272,1617.73941180233,0.00266751386093071,0.00246199757517293,1.22045648696532e-06,0.000983304601521079,0.00477619542431143,2.3470533502881e-05,2.13135394667749e-05,1.11850736395944e-10,8.97375621796803e-06,4.29677325257505e-05,-781.067592537899,0.0691804879831089,0.0555504007412225,1,0.50342180432314
"quadratic",400,"sir_laplace",21,4.158,3878.68423237502,3889.48001318673,170.816715559037,175.291522276263,7028.15078388605,3270.94297396944,6693.24408295148,3083.22977560602,932.824490710684,935.420878592288,41.0814611734096,42.1576532650946,1690.27195379655,1609.72681167664,0.00340723194167162,0.00311039178192186,2.18966343371851e-06,0.00108759576529882,0.00631275226405589,2.25142303922436e-05,2.05019052004146e-05,8.59633606604852e-11,8.92713390728841e-06,4.11091157491613e-05,-803.35522737224,0.0777699560304095,0.0657429219009297,1,0.527115763197247
"quadratic",400,"sir_laplace",22,3.785,3455.18184525464,3781.96733247349,64.276597190025,130.407632591112,6604.49512879725,1547.10509990287,6601.15845685557,3476.5527530014,912.861782101622,999.198766835796,16.9819279233884,34.4537998919715,1744.91284776678,1744.03129639513,0.00355445406336894,0.00311847834897751,2.92707897110334e-06,0.00108755704280517,0.00700749656273623,2.40721445201383e-05,2.15092873412615e-05,1.15628585793997e-10,8.94837866810625e-06,4.5715585349094e-05,-784.491821130412,0.113757462934852,0.080474428407983,0.97,0.535766577023996
"quadratic",400,"sir_laplace",23,3.899,3689.63658555407,3587.78484947172,81.6443574912595,121.075163204921,6584.36935524373,2211.5783176737,6579.64508056137,2109.45127451213,946.303304835617,920.180776986848,20.9398198233546,31.052875918164,1688.73284309919,1687.52117993367,0.00321987907473944,0.00288007860718808,2.48152682026709e-06,0.00109915524172372,0.00613754092384215,2.20896336854849e-05,1.93569448747299e-05,1.2920355046513e-10,7.50830650017681e-06,4.31001442186408e-05,-794.329802624342,0.0890038685337652,0.0705117346765506,0.9875,0.517725679335182
"quadratic",400,"sir_laplace",24,3.802,3086.7849362401,2999.60453824083,184.880608239725,148.85252211217,6814.30441298058,3138.06408300589,6086.26414865038,2758.01818039401,811.884517685455,788.954376181176,48.6271983797277,39.1511104976776,1792.29469042099,1600.80593073392,0.00260929849368818,0.00237150007433425,1.1925983374759e-06,0.000969547849714049,0.0047154636663253,2.28139119236697e-05,2.06394793449597e-05,8.34305506293436e-11,9.46078371030307e-06,4.25404920153384e-05,-778.871331139798,0.0746034310438096,0.0569241237382369,1,0.502348924850597
"quadratic",400,"sir_laplace",25,3.794,3368.66560287632,3123.79579045305,118.755922681518,154.148887943632,6832.12748802581,1742.45646709206,6584.37931477228,2700.23204990646,887.892884258386,823.35155257065,31.3009812022978,40.6296489044893,1800.77160991719,1735.47161696686,0.00311584993416479,0.00280813708137004,2.25787757687496e-06,0.000898200445992929,0.00621722118572825,2.273668650647e-05,2.02353220343622e-05,1.12179502115675e-10,8.88304708516323e-06,4.26024378367989e-05,-779.401245389395,0.136190388408223,0.109504971724916,0.9575,0.520306729955076
"quadratic",400,"sir_laplace",26,4.072,3213.12899973717,3221.82807215114,141.42722961858,148.858010262509,6785.25550349202,3342.43702132904,6130.50670026893,2646.60883053959,789.078830976713,791.21514542022,34.7316379220483,36.5564858208518,1666.32011382417,1505.5271857242,0.00280965287921958,0.00251766432280062,1.58171321618785e-06,0.000992016871241946,0.00526366441802846,2.27064157155119e-05,2.11231641220843e-05,7.36909161962455e-11,9.19703323592775e-06,4.06742834755963e-05,-765.266927940712,0.13332013791233,0.107043554504683,0.975,0.515153058002492
"quadratic",400,"sir_laplace",27,3.948,3461.29132674519,3332.49998369447,226.798916460408,157.951131085,6965.16656454234,3326.75591463525,6459.54825497177,3018.78602206985,876.720194211042,844.098273478842,57.4465340578541,40.0078852798885,1764.22658676351,1636.15710612253,0.00291461254361722,0.00262990791893476,1.62595893552825e-06,0.0010576553316508,0.00537106045649585,2.20523454557483e-05,2.00105199441978e-05,8.1188595814858e-11,8.61280001552902e-06,4.01153432236423e-05,-792.681669700082,0.0908517781337786,0.0734572388548138,1,0.518541342873305
"quadratic",400,"sir_laplace",28,4.146,3748.07339323404,3666.65490144015,145.842172012952,190.229490137351,6797.70607742061,1880.04286721109,6361.8537085579,2543.74366707031,904.021561320319,884.383719594826,35.1765972052464,45.8826556047638,1639.58178423073,1534.45579077615,0.00315995457066245,0.00284220505621531,1.90229456753586e-06,0.00110707566521472,0.0058785597246056,2.49338399012838e-05,2.28316903021726e-05,1.11174343700241e-10,8.69059873792468e-06,4.55798732489203e-05,-781.937964669157,0.105798381688517,0.076659229593322,0.9875,0.520334679845147
"quadratic",400,"sir_laplace",29,4.004,3459.35906541193,3796.16052587623,150.099579782193,197.055001131703,6930.32936855971,3550.84815712375,6218.385556615,3417.74012871988,863.975790562421,948.092039429627,37.4874075380104,49.2145357471786,1730.85149064928,1553.04334580794,0.00298237911280421,0.002697563707353,1.69484680438379e-06,0.000948693851742183,0.00574743352465046,2.29344634526595e-05,2.09292559218022e-05,9.4766049798936e-11,8.87463574295001e-06,4.24542541919063e-05,-776.703929036419,0.0921410848333365,0.0719150172554256,1,0.518993737024875
"quadratic",400,"sir_laplace",2,3.765,3718.26790217178,3702.47079193981,110.634679274091,23.9506323891356,7009.33211724541,3099.3407481755,6213.03147666455,1857.65211116591,987.587756220924,983.391976610839,29.3850409758541,6.36138974479033,1861.70839767474,1650.20756352312,0.00321196362078404,0.00289957444488112,2.09635872594489e-06,0.000998453426266491,0.00608146357212874,2.46326189581571e-05,2.21516229004104e-05,1.13742976825827e-10,9.32474407141558e-06,4.64471513435691e-05,-798.01909604352,0.102753267616305,0.0797370390229588,1,0.516361096599854
"quadratic",400,"sir_laplace",30,3.837,3265.68219103569,3156.84276219857,175.065409133066,162.503564041194,6702.06592958466,3511.9168148922,6108.98077921319,2626.34434901005,851.102994796895,822.737232785658,45.6255952913906,42.3517237532433,1746.69427406428,1592.12425833026,0.00271672806008022,0.00249368919025059,1.3131932990192e-06,0.000932568574817157,0.00498223838602195,2.46602459241788e-05,2.27986607283675e-05,1.19701074606728e-10,8.57198386584814e-06,4.51003277601833e-05,-792.830232447753,0.0884412749123102,0.0702813998744934,0.995,0.501454961121761
"quadratic",400,"sir_laplace",31,3.823,3534.69651894616,3837.35590512497,124.76608469317,158.415144203615,6859.32028644409,1238.49303889113,6886.37076829623,2910.02088407814,924.587109324133,1003.75514128302,32.6356486249464,41.4373905842571,1794.22450600159,1801.30022712431,0.00341524352957724,0.00314670045482186,2.3132786523279e-06,0.00106436964456258,0.0062631034583836,2.21426508532053e-05,2.01905419299819e-05,8.05753577604437e-11,8.28999976097301e-06,4.0032215247116e-05,-805.086904789134,0.101129963403374,0.0758375967939675,0.96,0.519969316149702
"quadratic",400,"sir_laplace",32,4.026,3250.66573799434,3229.62692177339,144.316625223849,206.652414933827,6967.06159820476,3262.84745783009,6666.35424847774,3070.29172567316,807.418216093975,802.192479327718,35.8461562900767,51.3294622289686,1730.517038799,1655.82569510128,0.00283127412122054,0.00255962420920682,1.61104071855898e-06,0.00100381455322896,0.00546813008186386,2.10850460490536e-05,1.90805189926486e-05,7.15040697464262e-11,8.0003207704626e-06,3.85121778182497e-05,-816.35766912984,0.072803138120049,0.0571202244014656,1,0.509293533618621
"quadratic",400,"sir_laplace",33,3.807,3854.04676119829,3749.3492244447,102.629943439141,176.027649378172,6709.58664135689,992.889253286981,6516.07580469869,2320.05712499532,1012.35796196435,984.856638940032,26.958219973507,46.2378905642691,1762.43410595138,1711.60383627494,0.00386311252241602,0.00341041007412745,3.56818101823042e-06,0.00125985753271866,0.00770586112571609,2.43358058190139e-05,2.23542052268101e-05,9.3728590949679e-11,9.65086994813096e-06,4.36129410559056e-05,-798.862052969232,0.127547710211123,0.0952362041821002,0.9525,0.541612866854814
"quadratic",400,"sir_laplace",34,3.803,3368.98265789138,2820.60506369426,157.15396556372,159.610858946325,6989.68320733312,2902.33436176841,6466.55314693237,2550.46627563548,885.875008648799,741.678954429203,41.3236827672155,41.9697236251182,1837.93931299845,1700.38210542529,0.00311077394981285,0.00281807293465078,1.96622258679546e-06,0.00101238342306338,0.00584688667604651,2.39009007679352e-05,2.14354776117598e-05,1.16714952605873e-10,8.32703243206922e-06,4.52061517464392e-05,-794.459903243021,0.106046284140681,0.0792035022878209,0.9575,0.510949562405838
"quadratic",400,"sir_laplace",35,4.075,3408.57770573073,3273.5130803787,115.892693437413,158.85555924599,6790.7355242943,3094.68023476225,6144.11241079401,2934.35263205268,836.460786682389,803.316093344467,28.4399247699172,38.9829593241693,1666.43816547099,1507.75764682062,0.00303175994898053,0.0027040874459229,2.15772793198663e-06,0.00097965173849844,0.00583261046985036,2.37055258183162e-05,2.1282967444825e-05,1.0961201088148e-10,9.29655282953006e-06,4.48446770767508e-05,-768.778861621325,0.108777268054245,0.0881858154624095,0.9975,0.526203092735356
"quadratic",400,"sir_laplace",36,3.765,4054.75822725517,3819.0376888919,35.3830445370632,154.85416033744,6922.90707433319,3279.21151771132,6304.5913296074,1312.46453278302,1076.96101653524,1014.35263981193,9.39788699523591,41.1299230643931,1838.75353899952,1674.52624956372,0.00332841817713099,0.00307992534342579,2.02045629358447e-06,0.00110732052009657,0.00601184191947059,2.35192408047332e-05,2.07313076456343e-05,1.07964279711614e-10,9.21614599299739e-06,4.42217332960404e-05,-793.329882645184,0.128570754371821,0.110520313602098,0.9975,0.520609842710308
"quadratic",400,"sir_laplace",37,3.907,3572.98713940121,3649.10010661997,138.150686547986,169.479818382047,6822.28982783917,3363.58907714364,6594.51129285119,2965.26592610357,914.509121935297,933.990301156889,35.3597866772425,43.3785048328762,1746.17093110805,1687.87081977251,0.00304832186000008,0.00277706290017755,1.82274047920869e-06,0.00111801948805334,0.00570035452978643,2.24772344987388e-05,1.98961104262052e-05,1.07293585058478e-10,7.87919137551654e-06,4.30630934112525e-05,-774.443453231991,0.111999882894565,0.0864014755760717,0.975,0.518184293672059
"quadratic",400,"sir_laplace",38,4.191,2846.49712506991,2836.69306986564,124.459683439778,147.137007375479,6750.58362073859,2079.17925390131,6356.36939331642,2750.81924705493,679.192823925056,676.853512256178,29.6968941636311,35.1078519149318,1610.733386003,1516.67129403875,0.00332192662389346,0.00301472322995325,2.24378634080815e-06,0.00113448984271344,0.00634265168879887,2.50491374189591e-05,2.29254313701875e-05,1.11576120331289e-10,8.68202055247889e-06,4.49657076427091e-05,-787.048832994893,0.13979800291771,0.121724694475746,0.9875,0.524886984479086
"quadratic",400,"sir_laplace",39,3.796,3716.07278052581,3216.24663429846,143.991075185135,143.643479720354,6729.82680211132,1980.93978045456,6336.91655071251,2112.21762827059,978.94435735664,847.272559088108,37.9323169613107,37.840748082285,1772.87323554039,1669.36684686842,0.00375870553831794,0.00343044782314048,2.82595313636173e-06,0.00126431223588494,0.00718365884675943,2.54577441613463e-05,2.28750309068501e-05,1.52751841357045e-10,8.31284505419078e-06,5.15153527883138e-05,-776.43817023728,0.10554176357271,0.0879917364064791,1,0.537131376776441
"quadratic",400,"sir_laplace",3,3.835,3943.46715161812,3907.66041695821,126.207878930334,120.47846754664,6873.37279119671,1109.54573715972,6581.27828822152,2398.50539707496,1028.28348151711,1018.94665370488,32.9094860313779,31.4155065310664,1792.27452182444,1716.1090712442,0.00387679149792775,0.00341509194595988,3.31873147337506e-06,0.00131729049965442,0.00762990206668283,2.4926346627677e-05,2.25012259445391e-05,1.25513979973064e-10,8.09724747706408e-06,4.58225648662756e-05,-814.979855881409,0.100738766556504,0.0804539085423419,1,0.537875396780331
"quadratic",400,"sir_laplace",40,3.829,3245.97032138036,3368.8963765056,107.154019108199,255.24309294647,6805.01918500345,3373.88841469739,6455.08038683778,3141.43957850134,847.733173512759,879.837131497936,27.9848574322797,66.6605100408644,1777.23144032474,1685.83974584429,0.00285977312483809,0.00257287282173591,1.63363341117533e-06,0.000982400649889705,0.00528154740534954,2.2207608636657e-05,2.08191075534238e-05,6.60677289587752e-11,9.30263339407965e-06,3.81475720731766e-05,-784.708449656725,0.0911650271328016,0.0684952995533608,0.995,0.505861746770288
"quadratic",400,"sir_laplace",41,3.859,3024.7278535928,3101.54564983583,132.35058377483,193.49028691348,7060.14513843504,3122.69971001346,6817.96292652941,2814.95643946544,783.811312151543,803.717452665412,34.2966011336693,50.1400069742109,1829.52711542758,1766.76935126442,0.00303261470425359,0.00276747504094455,1.62197859677223e-06,0.00108307407296511,0.00556101723471805,2.16311478390439e-05,1.99522133069921e-05,7.07808442803421e-11,8.33706024030598e-06,3.83037113772461e-05,-801.668342973556,0.0911746710129355,0.0747092370258092,1,0.509686814932038
"quadratic",400,"sir_laplace",42,3.982,3127.77170129715,3469.69758757499,163.590780909024,139.083244281906,7027.619904493,3324.41747892748,6210.3803684731,1986.24365615611,785.477574409127,871.34545142516,41.082566777756,34.9279870120306,1764.84678666323,1559.61335220319,0.0028411519608284,0.00260937464008128,1.31103242876407e-06,0.00102718231276657,0.0050827984823278,2.23201617958161e-05,2.05427872162086e-05,7.68846468622354e-11,8.71651242598478e-06,4.07581926622113e-05,-786.612728528881,0.118192859531235,0.0949474037319481,0.96,0.499486898030006
"quadratic",400,"sir_laplace",43,3.85,3513.19012755213,3308.52939044242,137.104645301035,189.660436126839,6908.46626461437,3195.15760136412,6497.24585550144,3159.42067405178,912.516916247307,859.358283231796,35.6115961820869,49.2624509420362,1794.40682197776,1687.59632610427,0.00265763437248725,0.00244884994275925,1.25363541926584e-06,0.000959516422356012,0.00491412470495959,2.11928779640535e-05,1.94084418555566e-05,6.72429083951095e-11,8.99624089092449e-06,3.80402115355533e-05,-785.96168521586,0.0975082530054594,0.0791601808197577,0.9975,0.498309799124229
"quadratic",400,"sir_laplace",44,3.988,2528.64862641276,2462.34991602502,163.844254756716,192.349273194667,6616.34409341118,2510.92573121928,5988.5897277777,2195.63462029664,634.064349652147,617.439798401459,41.0843166390964,48.2320143416917,1659.06321299177,1501.65238911176,0.00290053318712732,0.0026022489681691,1.67682190021008e-06,0.000981504106266528,0.00558652162464012,2.58812913301539e-05,2.3845840321683e-05,1.16866662179591e-10,8.83696197929341e-06,4.71514843667414e-05,-775.106934920151,0.106204814374637,0.0796110975227628,0.9675,0.515567080123454
"quadratic",400,"sir_laplace",45,3.828,3433.86808943643,3289.58326070916,136.031981113215,148.030546939151,6791.66269386987,2650.77666087427,6150.67650444103,2435.27433372641,897.039730782765,859.347769255266,35.5360452228879,38.6704668075108,1774.20655534741,1606.75979739839,0.00297289157217237,0.00271558084050339,1.63423544497621e-06,0.00104431317278561,0.00545986451148368,2.36782122134994e-05,2.14900858867859e-05,1.01389031182351e-10,8.85324237903819e-06,4.35778888232726e-05,-775.207373997234,0.0966519916972777,0.0720804347536728,0.955,0.506829814636473
"quadratic",400,"sir_laplace",46,3.844,3599.06112986374,3563.33109078239,112.60317604242,169.639988564792,6912.69322452064,2329.13199732656,6537.85318554661,2237.39824882314,936.280210682555,926.985195312797,29.2932299798178,44.1311104486971,1798.30729045802,1700.79427303502,0.0031277019708321,0.00279349706612891,2.09064884370294e-06,0.000948339279992036,0.00599226946636377,2.46458491157024e-05,2.26463844608297e-05,1.08148090842129e-10,8.68603351534798e-06,4.49249035855058e-05,-804.327963051883,0.0865997301747026,0.0627038134524588,1,0.516272929071951
"quadratic",400,"sir_laplace",47,3.815,3486.97568719374,3415.41719418598,138.19111952526,241.010374880925,7007.53364235,3613.06415351654,6559.11523054571,3231.70244761333,914.017218137283,895.260077112969,36.2230981717588,63.1744101915924,1836.83712774574,1719.29625964501,0.00285520246451133,0.00264926688022309,1.48058731474865e-06,0.000831480102127169,0.00518502846862042,2.35586780659359e-05,2.17440540384626e-05,9.09821552209274e-11,9.1070750672483e-06,4.28451684668476e-05,-793.224452244732,0.0787788857759153,0.0585032350130787,1,0.506108925631189
"quadratic",400,"sir_laplace",48,3.841,3014.31840827736,3111.28904959579,221.574838252988,155.187566179041,6918.67848391615,3226.136087911,6369.28342124177,2848.46085114151,784.77438382644,810.020580472739,57.6867582017672,40.4029071020674,1801.2701077626,1658.23572539489,0.00269205032864928,0.00244489417369836,1.33549511837098e-06,0.00107036516597552,0.00513515161011379,2.101817669738e-05,1.89208638148861e-05,8.03812263316461e-11,8.53277189715946e-06,4.00288233353207e-05,-799.076908960367,0.071755444140906,0.0594308364479879,1,0.506143819104936
"quadratic",400,"sir_laplace",49,4.07,2243.09381094447,2004.35932323732,185.545686976788,141.120467205768,6848.41946582538,2320.88518296092,5840.32824743668,1749.02197278736,551.128700477758,492.471578190988,45.5886208788177,34.6733334657907,1682.65834541164,1434.97008536528,0.00316553498657406,0.00285964548240118,2.00806195067976e-06,0.00101395671928428,0.00600041433093135,2.63243099891948e-05,2.41561956548797e-05,1.39341538649014e-10,8.7887875243244e-06,4.83738267233569e-05,-779.158234335526,0.132472197474901,0.108955752988225,1,0.521937047063317
"quadratic",400,"sir_laplace",4,3.841,3636.09737533247,3544.67922603733,151.403081878635,131.031606784193,6788.40673916812,3733.04884265378,6136.06116968112,1944.41368432565,946.653833723633,922.853222087304,39.4176209004516,34.1139304306673,1767.35400655249,1597.51657632937,0.00311544029617101,0.0028817086990297,1.72302173090422e-06,0.000991790635304783,0.00573594728379005,2.62506733189732e-05,2.31656136309808e-05,1.58868518497922e-10,8.84590474286547e-06,5.13177039179016e-05,-788.335700498936,0.0943044403711381,0.0702653272545535,1,0.525267130900272
"quadratic",400,"sir_laplace",50,3.916,3048.19470429615,3063.34407590507,116.298642366099,137.962955273552,6778.26623192229,1600.53146636305,6313.60930105252,2736.30321615658,778.394970453563,782.263553601908,29.6983254254594,35.2305810198039,1730.91578956136,1612.25978065692,0.0031250384958975,0.00276516259314707,2.44779143773337e-06,0.000940181642155537,0.00605339232012091,2.34368983867712e-05,2.17371559431048e-05,8.31964014167553e-11,9.14151641316176e-06,4.15100168837311e-05,-771.862366135355,0.124548906028559,0.0927185244618882,0.945,0.52372283105999
"quadratic",400,"sir_laplace",51,3.825,3640.08818852284,3468.9229450916,130.486481298409,173.208379149028,6612.47294405399,1722.82208388321,6335.62711129242,3137.98971568885,951.657042751069,906.907959501071,34.114112757754,45.2832363788309,1728.7510964847,1656.37310099148,0.00338900709233581,0.00301936664589755,2.77581952395144e-06,0.000986122903241607,0.00680372279123668,2.42757889336323e-05,2.20066345479115e-05,1.15056510129928e-10,9.47351354097713e-06,4.34994575168957e-05,-798.156778212708,0.109267725544583,0.0854111299909036,0.975,0.526416500771688
"quadratic",400,"sir_laplace",52,4.04,3293.88726438532,3206.70229170284,137.857989396845,194.815798782147,6774.02644209816,2015.16570917405,6426.29955886164,2485.88811339216,815.318629798346,793.738191015556,34.1232647021895,48.2217323718187,1676.73921834113,1590.66820763902,0.00324992746899645,0.00285734142188257,2.23702291261426e-06,0.00125125111640563,0.00622578829511291,2.53047504808396e-05,2.33070846769641e-05,1.00850661766626e-10,9.60343426791116e-06,4.48187619851605e-05,-783.29535985356,0.139643307303595,0.112139186029227,0.9375,0.530063640339532
"quadratic",400,"sir_laplace",53,3.85,3971.2976294365,3949.38594454978,94.6450075556672,160.131439124179,6724.00206051792,1679.09062212244,6232.73672390127,1446.05037088471,1031.50587777572,1025.81453105189,24.5831188456278,41.5925815906959,1746.49404169297,1618.89265555877,0.00389894746072386,0.00358949526577882,3.08499584228481e-06,0.00115922391980021,0.00739494132792737,2.49830225621553e-05,2.2646822971045e-05,1.04546507905138e-10,9.20084703515147e-06,4.52769911185164e-05,-784.988007855189,0.105944757013501,0.0838677320199234,0.9825,0.545836730713692
"quadratic",400,"sir_laplace",54,4.131,3338.26603439613,3170.73731319658,117.231090708309,164.283771975613,6783.16097696343,1694.24259367267,6003.89133041007,2088.04843772157,808.101194479817,767.547158846908,28.3783807088621,39.7685238382021,1642.0142766796,1453.37480765192,0.00304839530595837,0.00282473357393883,1.58178849652515e-06,0.00106312165617364,0.0055090190251095,2.38952589159134e-05,2.05389278604343e-05,1.57860194732411e-10,8.54898278034491e-06,4.90048082352372e-05,-784.282006366518,0.09111152619437,0.0753467968507881,0.985,0.510375339675345
"quadratic",400,"sir_laplace",55,3.837,3359.82847675515,3225.33560428291,148.415128668092,107.699856790396,6663.20720018903,3305.07277537703,5886.81233157207,2468.41878844506,875.639425789719,840.58785621134,38.6799918342694,28.0687664296053,1736.56690127418,1534.22265613033,0.00289178495966767,0.00262035008092452,1.55148111193036e-06,0.00101129100862348,0.00544694602898935,2.61627198532155e-05,2.36417596089992e-05,1.32668993915577e-10,9.74957817048173e-06,4.92790975730653e-05,-772.274341282639,0.117787541161198,0.099007575314166,0.975,0.508400262887976
"quadratic",400,"sir_laplace",56,4.177,3433.34781875635,3500.30319660585,154.518674916373,154.641278628882,6846.21587891729,2077.48606633645,6468.86455861026,3324.94825417606,821.965003293357,837.994540724408,36.9927399847672,37.022092082567,1639.02702392083,1548.68675092417,0.00322171087147303,0.00289373829903373,2.36745760538005e-06,0.00111206558641253,0.00614107111799932,2.39477456383749e-05,2.18908045638426e-05,1.06383188134623e-10,8.75686742197567e-06,4.33189825504289e-05,-791.185774541342,0.0971688752968456,0.0808433599968161,1,0.521420978783504
"quadratic",400,"sir_laplace",57,3.804,3926.18035933589,3651.80908683034,39.696413172265,212.202152800135,6870.28496753683,2773.03916520433,6624.43283599509,3332.32115360926,1032.11891675497,959.991873509552,10.4354398454955,55.7839518402037,1806.06860345342,1741.43870557179,0.00311648667514625,0.00275202272307558,2.12339968992605e-06,0.00116074690384785,0.0061653249076703,2.30444060197021e-05,2.13575000896244e-05,7.8205376688481e-11,9.46815615401643e-06,4.0627457161899e-05,-790.2553119653,0.0868405947740357,0.0709622721470605,1,0.51156068385201
"quadratic",400,"sir_laplace",58,4.01,3226.07922576306,3003.54807537727,150.572653720025,130.00044986975,6636.89801446275,2176.33631162295,6161.56512933696,2239.20214156501,804.508535103007,749.014482637722,37.549290204495,32.4190648054239,1655.08678664906,1536.54990756533,0.00347186569614052,0.00312851207735564,2.6048357099273e-06,0.0010151028442736,0.00677994641756247,2.55541590590224e-05,2.3361286221758e-05,1.21828580572319e-10,9.22823130852866e-06,4.73531849674542e-05,-774.32757587026,0.125989270992332,0.107775287761899,1,0.54412996223333
"quadratic",400,"sir_laplace",59,3.904,3813.68608123908,3776.62801608738,166.949654154014,154.083062685687,6667.1455393898,1922.80823674881,6291.48743355003,1987.59406551491,976.866311792798,967.373979530578,42.7637433796142,39.4679976141616,1707.77293529452,1611.5490352331,0.00378447200264887,0.00338262733295782,3.18266774692278e-06,0.00112716292690074,0.00734453489079195,2.75039237123117e-05,2.4937943561985e-05,1.33940971469847e-10,9.97313471399104e-06,5.14193740795871e-05,-795.318993899638,0.105300353389899,0.0775479181480089,0.99,0.544567806392816
"quadratic",400,"sir_laplace",5,3.97,3168.34083292746,3113.85414016862,186.558135024364,183.22480284757,6964.8090383404,3354.2842768086,6507.23128546678,2977.8976514559,798.07073877266,784.346131024841,46.9919735577743,46.1523432865416,1754.3599592797,1639.10107946266,0.00289908415045325,0.00267569427336928,1.43811724614587e-06,0.000926852702527633,0.00527249872891957,2.22902828949643e-05,2.02501756270806e-05,8.41680754420982e-11,8.96229321454506e-06,4.10794078314916e-05,-786.730206222962,0.086135368585471,0.0690072069495159,1,0.509441908935984
"quadratic",400,"sir_laplace",60,3.856,3439.78993297789,3200.88690072047,171.922036407953,170.992372752608,6883.61551254894,3669.49753761706,6393.90249465849,3035.37029559922,892.061704610448,830.105524045765,44.5855903547596,44.3444950084565,1785.16999806767,1658.16973409193,0.00282649303626762,0.00259002857568595,1.4840028455658e-06,0.00111616755580555,0.00505636767463265,2.28546490310876e-05,2.06982067171197e-05,9.30709450116686e-11,9.02761323195228e-06,4.31701293867349e-05,-770.274408222922,0.0904312848268005,0.0763477140988485,1,0.504940204508319
"quadratic",400,"sir_laplace",61,4.077,3222.67682299233,3138.7602043627,155.811213503617,183.128557664528,6805.95171023323,2495.39095793192,6243.66043842974,2615.32124406067,790.452985771973,769.870052578538,38.2171237438355,44.9174779653001,1669.35288453108,1531.43498612454,0.00309962467942666,0.00271422360671164,2.18065550794561e-06,0.0012279479097947,0.00617521987360689,2.40460758023448e-05,2.18069424876492e-05,9.57161987262902e-11,8.99756462697617e-06,4.41896576247224e-05,-784.51232453684,0.130610322344148,0.109986819073843,1,0.521361931991228
"quadratic",400,"sir_laplace",62,3.824,3178.12346141915,2988.83804014939,135.605322639321,153.278968599566,6936.71600368088,1862.97490088081,6617.60370524105,2311.09491582207,831.099231542664,781.599905896808,35.4616429496133,40.0834122906815,1813.99477083705,1730.54490199818,0.00341653159949702,0.0030231896483526,2.73309814514814e-06,0.00103036286008492,0.00674036094129849,2.20457685790434e-05,1.98738968501025e-05,1.0594327508008e-10,8.28065352905976e-06,4.04930924356343e-05,-802.909954847526,0.0918804639218232,0.0714085547366857,0.9975,0.529447404253957
"quadratic",400,"sir_laplace",63,3.846,3879.44386116443,3738.09382513131,80.4326386941957,210.006885502011,6877.92467136348,2786.30800198471,6650.92223099577,3549.982279998,1008.69575173282,971.943272265031,20.9133225933946,54.6039743894986,1788.33194783242,1729.308952417,0.00307817261422672,0.00287999028012624,1.60133294341455e-06,0.00108984985449694,0.00538743543790632,2.2992264551774e-05,2.12774557559602e-05,8.78347574879867e-11,8.40345272304559e-06,4.11784125913602e-05,-767.08519114727,0.0980839560257621,0.0803553369165799,0.9875,0.519681857946121
"quadratic",400,"sir_laplace",64,3.762,3152.61280599576,3055.36571306434,227.67308881161,178.476027969712,6884.88407998246,3343.43708800298,6349.97389146972,2708.9471533004,838.015099945709,812.165261314284,60.5191623635327,47.4417937186901,1830.11272726806,1687.92501102332,0.00256176216348724,0.00231964643986956,1.2387016975608e-06,0.00095907444693636,0.00461125520946618,2.30565747026381e-05,2.03741469014985e-05,1.176498151351e-10,8.35233890390571e-06,4.4224439229301e-05,-783.115995901818,0.0843252513296588,0.0727811927286754,1,0.493785968738008
"quadratic",400,"sir_laplace",65,3.911,3367.59957972284,3512.57024843648,199.320822402193,181.219807079581,6853.08560190197,3461.89719781397,6422.61616781117,3081.79437170715,861.058445339514,898.125862550877,50.9641581186891,46.3359261262032,1752.2591669399,1642.19283247537,0.00252566213420417,0.00234576929362096,9.83707727166504e-07,0.000880335135917337,0.00440892593650357,2.02829322818874e-05,1.88429231391611e-05,6.18263133134641e-11,7.922629042364e-06,3.51015239408135e-05,-782.222072238872,0.0992467416600169,0.0784163758713617,0.9975,0.493119055844789
"quadratic",400,"sir_laplace",66,3.828,3370.07050605179,3321.84830720574,152.393843277424,219.951972659832,6928.99863891572,3639.79065490145,6552.31952266925,3241.07422214552,880.373695415829,867.776464787289,39.8103038864744,57.4587180407085,1810.0832390062,1711.6822159533,0.00308924104187093,0.00284406511967244,1.67115325071775e-06,0.00090881898714227,0.00555834316092113,2.24224579407597e-05,2.04933544539202e-05,8.22199535240042e-11,9.359289733211e-06,3.99770253327186e-05,-789.461724615391,0.0888332334056352,0.0722027010741622,1,0.519240055187641
"quadratic",400,"sir_laplace",67,4.1,4004.0310771615,3849.94932130369,137.81228726619,165.253623390376,6911.52915551733,3447.96468001443,6508.8012707511,2113.01724127069,976.592945649146,939.012029586267,33.6127529917538,40.3057618025308,1685.73881841886,1587.51250506124,0.00339996097288572,0.00297946863545942,2.6372585748467e-06,0.00104755004020212,0.0067432459866083,2.37617749370878e-05,2.13672352181088e-05,1.10046228380243e-10,8.1566415186779e-06,4.41896118272106e-05,-800.668994299766,0.0943151699559251,0.0740068784743384,1,0.522865869029349
"quadratic",400,"sir_laplace",68,3.956,2811.08066819946,2870.69097353981,132.624897546028,200.377788574905,6912.68089375649,2983.27043928056,6490.57912899517,2706.14665074669,710.586619868417,725.654947810871,33.5249993796835,50.651614907711,1747.39153027212,1640.69239863376,0.00246980882714225,0.00226709236229545,9.84159153099385e-07,0.000920000261886274,0.00442987226549571,2.0509040013241e-05,1.87109071862199e-05,7.22214779448207e-11,7.62975993452052e-06,3.71685412425284e-05,-805.392303156117,0.101630617715923,0.0757544259314286,1,0.49066236278681
"quadratic",400,"sir_laplace",69,4.027,3974.25887455996,3820.62544801796,151.690840241794,164.870699015698,6992.06736769745,3298.17314171112,6142.19234014645,2574.71687403166,986.903122562692,948.752284086903,37.6684480362042,40.9413208382663,1736.29683826607,1525.25262978556,0.00322896684482437,0.00297805331427378,1.99343919160731e-06,0.000922669765253587,0.00591196449374431,2.39203707881517e-05,2.14503850419807e-05,1.02906762385842e-10,9.41218925008736e-06,4.50818558966027e-05,-780.039206951071,0.126506335798602,0.0923942777278507,0.9375,0.522867352826369
"quadratic",400,"sir_laplace",6,3.906,3988.71910219234,3827.76849804455,90.2470472957308,141.23911196518,6709.54694360357,1584.7715946264,6229.48911354822,2501.21102318435,1021.17744551775,979.971453672441,23.1047228099669,36.159526872806,1717.75395381556,1594.85128355049,0.00428016819256587,0.00381359094783733,4.8613930017501e-06,0.00101958154817804,0.00868126238965338,2.5327036880987e-05,2.31902368059778e-05,1.09862358600988e-10,9.35604488817398e-06,4.63287619360903e-05,-780.641117597562,0.135134028524775,0.107866161461033,0.995,0.560317867373516
"quadratic",400,"sir_laplace",70,3.874,2953.35389620342,2890.35588645221,142.452793584896,81.3896308954703,6710.92065114544,3113.95377822395,6221.18871362595,2761.77383468631,762.352580331291,746.090832847756,36.771500667242,21.0091974433326,1732.29753514338,1605.88247641351,0.00277497802877059,0.00256510754543159,1.20011756365511e-06,0.00108760587973738,0.00512610073272209,2.37327567970022e-05,2.15210641046477e-05,1.02292869322803e-10,9.45183546610344e-06,4.31280310391758e-05,-789.244514033611,0.0948782528436325,0.0762466544668138,1,0.510664160773522
"quadratic",400,"sir_laplace",71,3.853,3148.0745238711,3281.6540203647,167.602041741974,140.512620159799,6784.10948882211,3309.20013415809,6438.46652185673,2541.06459002503,817.045036042332,851.713994384817,43.4991024505512,36.4683675473135,1760.73435993307,1671.02686785796,0.00306030948960197,0.00280211888494593,1.69761051827651e-06,0.00115837267295352,0.00563029688651414,2.42010799986033e-05,2.21358809478833e-05,1.09969609690908e-10,8.993997717999e-06,4.47481360103128e-05,-794.292920743184,0.107580227141824,0.0890181401805983,0.995,0.511849772050901
"quadratic",400,"sir_laplace",72,3.793,3362.39768109916,3180.46547156499,184.608697450722,144.048182768829,6937.56862561698,3420.00144884953,6431.64008284372,3039.3337851306,886.474474320897,838.509220027681,48.6708930795471,37.9773748401869,1829.0452479876,1695.66044894377,0.00275191884776817,0.00249230999131312,1.43643599067557e-06,0.000930691675330637,0.00521408074938295,2.16922893811088e-05,1.98006081463886e-05,7.91946172696105e-11,8.28805864140292e-06,4.0076672436912e-05,-830.043456518006,0.0726844138341688,0.0564961950788058,1,0.501796507665828
"quadratic",400,"sir_laplace",73,3.801,3384.66767749928,3159.73233327771,161.617851553711,121.880614367543,6777.75602647251,3355.08258684376,6088.84301696155,2893.81594613503,890.467686792759,831.289748297214,42.5198241393609,32.0654076210321,1783.1507567673,1601.90555563314,0.0028141132343003,0.00255781931348563,1.53026582902707e-06,0.00100789777397679,0.00529944769114713,2.30074124464849e-05,2.1279742281105e-05,7.67159702400041e-11,9.96614466714555e-06,4.06745798087877e-05,-770.018086344942,0.101262786040058,0.0830806157922086,1,0.510293164632648
"quadratic",400,"sir_laplace",74,3.998,3503.39294276512,3556.91638548457,199.537934802219,174.741498396233,6890.4910458508,2494.54701093543,6606.12489393126,2774.57936940219,876.286378880721,889.673933337811,49.9094384197645,43.7072282131648,1723.48450371456,1652.35740218391,0.00338697722295983,0.00305175196577822,2.26224440738145e-06,0.00109058769058379,0.00646015227316144,2.42262965786031e-05,2.23901336536066e-05,9.68749708967678e-11,9.3722943929094e-06,4.36361673677334e-05,-789.86627886368,0.103341447590073,0.082975461555324,1,0.520838386362738
"quadratic",400,"sir_laplace",75,3.791,3091.60486647295,2881.0705807634,157.934082891027,162.845967730816,6878.11579608226,2884.99541485656,6277.23184078104,2697.4348349855,815.5117031055,759.976412757425,41.6602698208987,42.9559397865514,1814.32756425277,1655.82480632578,0.00311860901862144,0.00282885879849104,1.94246510859647e-06,0.0010899468704774,0.00597955958600532,2.44296471859911e-05,2.17159974336348e-05,1.36542034230849e-10,8.6507241165269e-06,4.65182201884722e-05,-787.712627805384,0.0748834864995756,0.0584192494238175,1,0.511616474763099
"quadratic",400,"sir_laplace",76,3.774,3479.0331533846,3468.69847714488,124.46088183554,143.183980783918,6750.26272411916,3613.37300703186,5983.53895432016,2305.88684430077,921.842382984791,919.103995003943,32.9785060507526,37.9395815537675,1788.6228733755,1585.46342191843,0.00347317808536607,0.00310485685960766,2.43256961939599e-06,0.00113752116073402,0.00669459726981159,2.5679140653362e-05,2.32846166270044e-05,1.51229112166261e-10,8.44783094074582e-06,4.80482947762277e-05,-760.744666358619,0.106599988092406,0.0914601323175196,1,0.535291822829976
"quadratic",400,"sir_laplace",77,3.852,3737.51384452742,3747.92215439012,157.041911956458,206.197377656695,6866.15712390844,2209.9987246465,6420.13104053379,2444.66435101,970.278775837856,972.980829280923,40.768928337606,53.5299526626933,1782.49146518911,1666.70068549683,0.00352272651024296,0.00314950377731264,2.7799264670814e-06,0.0010703301441638,0.00697473011916493,2.43008415116057e-05,2.23974721541286e-05,9.18249597170749e-11,9.97303551395971e-06,4.39627033073838e-05,-778.068312162347,0.11177413157955,0.0939125164455003,0.98,0.53068606216509
"quadratic",400,"sir_laplace",78,4.09,3341.46941841304,2920.96679392654,128.728320637287,131.383068502068,6625.2230326274,2335.91406353593,6231.34461832524,2814.51958886342,816.985187876049,714.172810250989,31.4739170262315,32.1229996337575,1619.85893218274,1523.55614139981,0.00281951004970481,0.0024885563246032,1.72412395545846e-06,0.000975661522012478,0.0054802613226822,2.347369568988e-05,2.12155043762787e-05,9.9055258651504e-11,9.00996026737022e-06,4.32714514232362e-05,-774.406007206528,0.107996843583424,0.0808341602236379,0.96,0.516622141924164
"quadratic",400,"sir_laplace",79,3.81,3014.83278741624,2936.03853793736,159.578252678715,157.179167107303,6812.2221566741,3065.78105598064,6520.01999394334,2847.88173069781,791.294694859906,770.613789484872,41.8840558211849,41.2543745688459,1787.9848180247,1711.291336993,0.00320029888265526,0.00289757226572711,2.22216431948835e-06,0.000998494410208411,0.00588502069423692,2.40520458986196e-05,2.15370122252872e-05,1.09538501340792e-10,8.6005231381624e-06,4.56971785403436e-05,-790.506030962675,0.132582343875242,0.104197082417362,0.9825,0.528450069199176
"quadratic",400,"sir_laplace",7,3.911,3768.4608387009,3336.19240963546,144.666045401896,207.019129494997,6829.47741844344,3410.38682375262,6280.55043265521,2745.15212129303,963.554292687521,853.027974849262,36.9895283564041,52.9325311927889,1746.22281218191,1605.86817505886,0.00293357641776742,0.00268954493415096,1.5496869781139e-06,0.00102860824203602,0.00540021351654471,2.35625531146068e-05,2.1918343367832e-05,7.75327134470756e-11,8.98711326103308e-06,4.17681742309005e-05,-782.436203093069,0.120490317028091,0.0916264774502299,0.9775,0.519615454369156
"quadratic",400,"sir_laplace",80,3.834,3782.79934739371,3513.61664620158,149.531787349624,121.552915428423,7158.65325948734,3426.72220917867,6748.77354950476,3019.4662153909,986.645630514791,916.436266614914,39.0015094808618,31.7039424695938,1867.15004159816,1760.24349230693,0.00322429597164047,0.00295644514418735,1.8051815383709e-06,0.00110851336247867,0.00582660497112532,2.34339984921238e-05,2.12394633191148e-05,9.77691760137503e-11,8.41619560557705e-06,4.25237405455526e-05,-786.821434934327,0.116380014175166,0.0901760183243636,0.98,0.521170777545658
"quadratic",400,"sir_laplace",81,3.805,3739.47588569229,3831.31344976411,135.485228903342,144.197971433258,6855.7021220306,2231.32216195361,6280.10426718867,3506.11160043,982.779470615583,1006.91549271067,35.6071560849782,37.8969701532872,1801.76139869398,1650.48732383408,0.00329806366570516,0.00294375978304483,2.33038190237774e-06,0.00102319057787556,0.0060955933842063,2.41950543064196e-05,2.22378150924501e-05,9.47653489472845e-11,9.28565680162759e-06,4.42364990763509e-05,-773.405722717137,0.154533879871062,0.116529466139754,0.915,0.529926798080532
"quadratic",400,"sir_laplace",82,4.113,3837.57859652848,3722.51915932685,133.555215425893,139.448244077059,6710.6173985197,3012.76811222428,6247.3531811872,3416.06641653062,933.036371633474,905.061794147059,32.4714844215641,33.9042655183707,1631.56270326275,1518.92856338128,0.00329303150990174,0.00298438182048142,2.22829234262591e-06,0.000997086411468111,0.0061912817431302,2.40875889674187e-05,2.17204508642677e-05,1.25682437524964e-10,8.8058626609115e-06,4.5151100040251e-05,-784.815705275242,0.101226723536691,0.0814556066905433,0.9875,0.53095406239277
"quadratic",400,"sir_laplace",83,3.841,3358.27873552875,3396.27459061784,173.963316855844,134.164724757132,7072.0519386925,2772.10652047673,6406.28661984981,2545.07754392345,874.324065485224,884.216243326697,45.2911525269054,34.9296341466107,1841.20071301549,1667.86946624572,0.00347123986957565,0.00319372931089018,1.96537732595434e-06,0.00126810962297397,0.00628874479906003,2.30109138397072e-05,2.09152636350528e-05,9.75640835577058e-11,7.90993030611804e-06,4.2456576185509e-05,-778.688288200174,0.118733299274264,0.0976073439318162,1,0.524747725172165
"quadratic",400,"sir_laplace",84,3.829,2869.29356063372,2763.21877276516,115.364671254633,105.455503460379,6896.14177043799,2988.28676184211,6339.17921873738,2520.5703137775,749.35846451651,721.655464289674,30.1291907168015,27.5412649413369,1801.02945166832,1655.57044103875,0.00294266424402429,0.00269731187397119,1.44972115315087e-06,0.00108886134246971,0.00530606695666826,2.46247277369905e-05,2.23807793414048e-05,1.04555696943109e-10,9.74113713076843e-06,4.67331547204646e-05,-772.584990041024,0.113303282487974,0.0922986395854888,1,0.517816499308664
"quadratic",400,"sir_laplace",85,3.976,3097.7575807607,3057.67876247816,133.378649844102,155.430037656794,6903.27083035417,2814.20334008952,6172.94737653005,2778.83201169714,779.114079668183,769.03389398344,33.5459380895629,39.0920617849078,1736.23511829833,1552.55215707496,0.0028569132664114,0.00257309581325998,1.52442402605234e-06,0.00105450200785119,0.00534665282886085,2.33498600461056e-05,2.15106997312026e-05,8.91402157670256e-11,8.58224111241686e-06,4.24805353614002e-05,-788.121062944342,0.10945645237228,0.0859642748666734,1,0.509762395706021
"quadratic",400,"sir_laplace",86,4.066,2857.06969710974,2848.43006326979,151.361471712831,221.991909725662,6831.63609463088,2941.96547157667,6519.37501689519,2496.37973460729,702.673314586753,700.548466126362,37.2261366731016,54.5971248710433,1680.18595539372,1603.38785462253,0.00276842102463929,0.00252808851575063,1.41828929757281e-06,0.000891823788911146,0.00508376978423866,2.16136854568467e-05,1.98957043584875e-05,6.58639581202991e-11,9.09559744949079e-06,3.80316969445954e-05,-783.515065183477,0.104467846139718,0.080929944648716,0.985,0.507555365828251
"quadratic",400,"sir_laplace",87,3.932,3198.98732479988,3279.41155410455,151.066341466328,176.457958730279,6991.94400709533,3023.37959563671,6532.54328351435,2017.97206735269,813.577651271588,834.031422712247,38.4197206170722,44.8774055773852,1778.21566813208,1661.3792684421,0.00304011775235994,0.00273573487055089,1.7395281133996e-06,0.000994088591444952,0.00580413240243308,2.20259210574958e-05,1.99090805937506e-05,8.66202397389618e-11,8.8994412190268e-06,4.16787305693546e-05,-799.051059245547,0.100176423402841,0.0850349155883982,1,0.506981744907163
"quadratic",400,"sir_laplace",88,3.915,3565.696923193,3281.57603541526,139.023103698062,164.213182211456,6855.10816924599,1646.1678999168,6083.77315432375,2101.06371301038,910.778269014815,838.205883886402,35.5103713149585,41.9446187002443,1750.98548384317,1553.96504580428,0.0032396555447145,0.00292312291923033,2.16766933249794e-06,0.00106304058903215,0.00622481090458804,2.50493804803668e-05,2.27275311759708e-05,1.19510663408022e-10,8.50719509204703e-06,4.73009790523316e-05,-809.917292431194,0.11242723439397,0.0879782734136261,0.9875,0.517452232248412
"quadratic",400,"sir_laplace",89,3.928,3572.00752293326,3381.32524439053,113.412254300372,192.359291245596,7000.31686449122,2686.69993605301,6732.36993272049,3230.40314998592,909.370550644922,860.826182380481,28.8727734980581,48.9713063252536,1782.15806122485,1713.94346556021,0.00307898346631924,0.00277523746853025,1.77054709041976e-06,0.00107742253616338,0.00587641487183795,2.22171507130606e-05,2.03213275742006e-05,8.55093212336017e-11,9.26660523178675e-06,4.07397895662679e-05,-797.813945238604,0.103965301448676,0.0856975569835486,0.9875,0.515360804399957
"quadratic",400,"sir_laplace",8,4.024,3801.11711836491,3857.20906266532,126.839326181525,204.928028284345,6802.47599584923,2910.760866509,6311.32076080218,2315.20928691811,944.611609931638,958.550959906889,31.5207073015717,50.9264483808014,1690.47614210965,1568.41967216754,0.00330870886461078,0.00292703616859971,2.5087492361266e-06,0.00100862259623799,0.00652111613542908,2.40818381950947e-05,2.20875241354011e-05,9.2218681527403e-11,1.00163129643635e-05,4.39557726701267e-05,-777.829355135384,0.118481926980883,0.0943835936936069,0.9775,0.525002883506701
"quadratic",400,"sir_laplace",90,4.01,4190.16296448067,3915.6120025073,94.9336341232388,140.74520429959,6559.76476020965,1132.86943250601,6937.03095825223,2967.38406889702,1044.92842006999,976.461846011796,23.6742229733763,35.098554688177,1635.85156114954,1729.93290729482,0.00409713930655673,0.00360078536482257,5.22399887995588e-06,0.0010057171876747,0.00819900963267763,2.20923154180597e-05,2.03249264555358e-05,8.86512112268846e-11,7.27042515768925e-06,3.95236839111737e-05,-817.190989510123,0.104862820745185,0.0879544101918672,1,0.542119726876832
"quadratic",400,"sir_laplace",91,4.163,2859.66189325541,2973.15927269637,142.580930009276,124.61536765703,6957.37850305528,2852.25281710918,6693.74700389076,2879.39824013525,686.923346926594,714.18670975171,34.2495628175056,29.9340301842494,1671.24153328256,1607.9142454698,0.00321980067577548,0.00295391080326087,2.06875744410566e-06,0.000994866700348062,0.0060445249891298,2.26413069932815e-05,1.97533127074329e-05,1.13081420524337e-10,8.37802374642412e-06,4.48937901946353e-05,-798.433949793378,0.152093012477105,0.118591054993781,0.94,0.526141374836702
"quadratic",400,"sir_laplace",92,3.786,3108.11337071202,2399.86616355315,165.058043499071,156.519812830463,6904.07545129949,3018.13430150963,6632.82184758662,2450.07651815753,820.949120631807,633.879071197345,43.5969475697492,41.341736088342,1823.58041502892,1751.93392699065,0.00320041906743896,0.00296886804113109,1.86668057172944e-06,0.00107587563831926,0.0059574317145814,2.40079479812674e-05,2.15375231094612e-05,1.07315016395654e-10,9.42100397067974e-06,4.5504792315883e-05,-780.772936695554,0.105383839661143,0.0876666683795349,0.9825,0.519204411888119
"quadratic",400,"sir_laplace",93,3.747,3964.57284085138,3855.91174385527,151.467101223838,155.372838407766,6912.04936034737,1734.62888928489,6716.43027721036,3718.1086658891,1058.06587692858,1029.06638480258,40.4235658457001,41.4659296524597,1844.68891389041,1792.48205957042,0.0036185470671267,0.00323212194957058,3.18471069401978e-06,0.000918931026755639,0.00725033944124089,2.21400989494213e-05,2.03938242479908e-05,7.44843595639898e-11,8.83334396198249e-06,3.9407120238346e-05,-804.601624617436,0.0884680097418775,0.0719550620646683,1,0.528482593177435
"quadratic",400,"sir_laplace",94,3.776,3472.73631179144,3294.82696602027,118.200952270675,114.54643554904,6796.77032800802,2341.37470885483,6265.82858067536,2691.62831309337,919.686523249851,872.570700746892,31.3032182920221,30.3353907704025,1799.99214195128,1659.38256903479,0.00299335750268666,0.00262725151751705,1.98663845703793e-06,0.000960505249029625,0.00592622725751639,2.23245439332743e-05,2.05265557806802e-05,8.700299567703e-11,7.61087046469379e-06,3.97792127125955e-05,-795.607932335255,0.0840133798355618,0.0631050872521036,1,0.510111291799745
"quadratic",400,"sir_laplace",95,4.152,2277.85104404131,2241.69682617811,167.672316435486,149.39775843677,6678.04529319381,2405.99550655851,6116.89333137806,1492.66892430847,548.615376695885,539.907713434035,40.3835058852326,35.9821190840005,1608.39241165554,1473.24020505252,0.00350375915651862,0.00319229491881619,2.40191551217964e-06,0.00106011005108921,0.0065061548648782,2.78094714564742e-05,2.51686783983914e-05,1.47679989454078e-10,9.70406264046952e-06,5.25215993035705e-05,-772.799362989347,0.145963661303589,0.109512717020788,0.9025,0.534666826156139
"quadratic",400,"sir_laplace",96,3.831,2858.22120543285,2821.88629840614,147.839537111339,141.33794506944,6883.26267793389,3083.7503897606,6308.92403459012,2652.694782477,746.077057017189,736.592612478762,38.5903255315425,36.8932250246515,1796.72740222759,1646.80867517362,0.00274474588301049,0.0025242149395459,1.17302993122973e-06,0.00104157311009055,0.0049074925592562,2.26380974691532e-05,2.02071910939106e-05,1.054714106145e-10,8.59669168161031e-06,4.28559473686869e-05,-762.407538548049,0.118129191108712,0.0935592326062397,1,0.516222467672928
"quadratic",400,"sir_laplace",97,4.138,3884.10830442782,3711.22584871418,143.539830624396,163.307699936908,6989.77450253011,3134.52918149511,6537.46388679167,3014.1363228388,938.64386283901,896.864632362053,34.6882142639914,39.4653697285905,1689.16735198891,1579.86077496174,0.0029781038465326,0.00267721350264261,1.83084872536542e-06,0.00103639382739357,0.00561784501772429,2.06355600140062e-05,1.92420843193186e-05,7.08977851450789e-11,8.0539772845377e-06,3.66700015861219e-05,-781.079505664649,0.106276608397463,0.0917644931038938,0.98,0.514524874871873
"quadratic",400,"sir_laplace",98,3.872,3497.69242325009,3380.29750818062,133.72197806645,134.346014206841,6705.39799710697,2910.51783081582,6310.74835076027,2762.0947665525,903.329654765004,873.01072008797,34.5356348312113,34.6968011897834,1731.76601164953,1629.84203273767,0.00282458604567736,0.00255756750766634,1.53716942366526e-06,0.000955949187894163,0.00530767757944276,2.38028705908184e-05,2.13068321195665e-05,1.07717797064298e-10,9.17642473396855e-06,4.51140970721709e-05,-776.176640266461,0.0785313420920958,0.0604342357370668,1,0.514129547738464
"quadratic",400,"sir_laplace",99,3.927,2878.30685577972,2846.51183273621,173.410441252299,166.911399880326,6856.1747526842,3004.91809351449,6419.21357766744,2377.55418724772,732.953108169015,724.856590969242,44.1585029926914,42.5035395671826,1745.90648145765,1634.63549214857,0.00281210006161506,0.00254571559259559,1.44918121592128e-06,0.0009888981426739,0.00526707944613802,2.49269157341375e-05,2.27650776429086e-05,1.00154184894708e-10,9.11401966588627e-06,4.48361279751115e-05,-784.991439727267,0.0858133164523003,0.0717240776683755,1,0.511076530116805
"quadratic",400,"sir_laplace",9,3.846,3605.45140057351,3376.91379550908,131.251557251558,164.25511508162,6905.74550641689,3790.17861652093,6395.52471466021,1474.64841846891,937.454862343605,878.032708140686,34.1267699562033,42.7080382427509,1795.56565429456,1662.90294192933,0.00305988537689167,0.00281532530389835,1.8355560502514e-06,0.00090750512552891,0.00551546447196497,2.32273680661857e-05,2.10457457425389e-05,9.63313908134504e-11,8.71093900828065e-06,4.31301683454625e-05,-782.064583480282,0.11221635585128,0.0881814191220354,0.985,0.519400839928517
"quadratic",800,"sir_laplace",100,7.703,2877.74094210657,2913.77295577342,131.516389405803,37.8183600304535,7107.48127785575,2353.71114327676,6998.0781381437,1987.19996907266,373.587036493128,378.264696322657,17.0733985987022,4.90956251206718,922.69002698374,908.487360527547,0.00197542425868626,0.00188427713853774,4.33451324394973e-07,0.000856398128968783,0.00327914919048605,1.19393786245458e-05,1.12537733209114e-05,1.36225949238881e-11,6.09589648391233e-06,1.91562381226853e-05,-1570.6385928933,0.0968590690533159,0.0777879878439638,0.98875,0.462495888287667
"quadratic",800,"sir_laplace",101,7.635,3766.08164975283,3602.68500740638,61.5272950410461,144.4973701839,7123.91450806589,1926.21970085965,7088.47302528015,3273.34783567587,493.265442010849,471.864441048642,8.05858481218679,18.9256542480551,933.060184422514,928.418208943045,0.00228820699369691,0.00212136082289387,6.31206833141702e-07,0.000963121831115763,0.00385903148877953,1.32685616443724e-05,1.24095855463216e-05,1.85475056304809e-11,6.36547125247273e-06,2.14037667569816e-05,-1570.41843185993,0.0908637664537178,0.0731642888131772,1,0.476291272417826
"quadratic",800,"sir_laplace",102,7.898,3175.29673894782,3078.84959602533,144.269236579527,128.473371360658,7170.35331957839,2941.21671175675,6976.82523634112,3044.68603762105,402.038077861208,389.82648721516,18.2665531247819,16.2665701900049,907.869501086147,883.366071960132,0.00217513062362532,0.00203535411307857,5.84015619464623e-07,0.00090513008537797,0.00363956287563649,1.21325508176299e-05,1.14444965588905e-05,1.38344432145101e-11,6.24123030595124e-06,1.96581970324941e-05,-1586.00329931235,0.0792825745828611,0.0635919422809205,0.99875,0.471130219965051
"quadratic",800,"sir_laplace",103,7.693,3287.20651681747,3211.27942639946,102.335327367423,155.874605314387,6996.91364818751,3224.30693446618,6836.44413933783,2966.7306061117,427.298390331141,417.428756843813,13.3023953421842,20.2618751221094,909.51691774178,888.657758915616,0.00221158047719533,0.00209324155546502,5.97442415131022e-07,0.000921741630340322,0.00368639066739772,1.34109773474345e-05,1.27155934794966e-05,1.71321602278194e-11,6.27050343545426e-06,2.12226621620778e-05,-1564.9175077523,0.110581696625964,0.088610479222239,0.98125,0.478134219063064
"quadratic",800,"sir_laplace",104,7.576,3163.91206235836,3063.10150192851,84.4322576133954,167.370339617662,7113.30804641135,3261.2357098539,6951.13392362615,2900.81834423363,417.623028294398,404.31646012784,11.1447013745242,22.0921778798393,938.926616474571,917.520317268499,0.00189696206106294,0.00176585674271982,4.482420139988e-07,0.000810304102208526,0.00318738491699632,1.18317654326058e-05,1.13527997791908e-05,1.10303223702943e-11,6.23817518519444e-06,1.85424966261844e-05,-1581.15589791329,0.0886730559417588,0.0729011177506709,1,0.458282544043272
"quadratic",800,"sir_laplace",105,7.724,3653.11517487761,3532.30911607715,116.915843699673,143.383958123356,7298.87534439831,3769.23117295494,7103.2596264493,3402.55707714572,472.956392397413,457.316042992899,15.1366964914129,18.5634332112061,944.960557275804,919.634855832379,0.00231123362855748,0.00224188724070993,5.60700291627857e-07,0.000966961152522806,0.00376276904700188,1.25682733797584e-05,1.18039136766521e-05,1.90480226817796e-11,5.94769662013244e-06,2.11164158581235e-05,-1590.26091368323,0.0964827212436134,0.0771549717952536,1,0.477647829136667
"quadratic",800,"sir_laplace",106,7.647,3495.71240279305,3488.59077178182,123.944284212429,142.996099335309,7148.37079093111,2832.30846621978,7176.45246140331,2756.60432312946,457.135138327847,456.203840954861,16.2082233833437,18.6996337564155,934.794140307455,938.466387001871,0.00240675723315692,0.00220435614923186,8.72118549921839e-07,0.000919562396690356,0.00436547271059528,1.30296573252152e-05,1.24336291680901e-05,1.4011341948959e-11,6.96823216860809e-06,2.08450530470711e-05,-1584.06460794149,0.0833355566189238,0.0677711649873348,1,0.480180177221424
"quadratic",800,"sir_laplace",107,7.655,3294.08180132103,3150.67766442579,91.0861750777953,123.340824196063,7011.40250031689,3466.50049420804,6799.17152134803,2964.76066141662,430.317674894975,411.584280134003,11.8989124856689,16.1124525403086,915.924559153088,888.200068105556,0.00206882208324627,0.00190101440803287,5.96646698487153e-07,0.000886503881665304,0.00367397340208606,1.292677373766e-05,1.21944769121392e-05,1.68256914670817e-11,5.92883411650325e-06,2.10578557489941e-05,-1552.17945440953,0.105813264293013,0.0844326674718482,0.99625,0.473783302296146
"quadratic",800,"sir_laplace",108,7.784,4060.1725984046,3823.02654442386,103.098484015608,182.958197145889,7077.19349910623,2275.7325623488,7177.9621770768,3253.63356188589,521.604907297611,491.139073024648,13.2449234346876,23.504393261291,909.197520440164,922.143136828982,0.00224584393480627,0.00211064480581177,7.05624422598429e-07,0.000899325319951684,0.00380992050580685,1.21928879059229e-05,1.17702034511393e-05,1.30104323909584e-11,5.97528381062749e-06,1.92302077771819e-05,-1599.50299483002,0.0925761903824576,0.0716705413142615,1,0.47076040383202
"quadratic",800,"sir_laplace",109,7.722,2952.32048138154,3035.90546475475,102.287855999466,103.203387784893,6942.11013717944,3120.86008548354,6927.3633777448,2797.92862534675,382.325884664794,393.150150835891,13.2462905982214,13.3648520829958,899.0041617689,897.094454512406,0.00198386023430139,0.00184103411147534,4.96267446008243e-07,0.000885279668794613,0.003346524131032,1.22517298185806e-05,1.15903297500092e-05,1.55082568056319e-11,6.10412316554756e-06,2.04747606017205e-05,-1577.69590055037,0.0811578004336606,0.0688741380460617,1,0.463566422775977
"quadratic",800,"sir_laplace",10,7.653,3330.07932651789,3186.45777661088,105.529853636385,166.679325695429,6988.29692726552,2208.4467301959,6778.25894446086,3060.08013420502,435.133846402443,416.367147080998,13.7893445232438,21.7796061277184,913.144770320857,885.699587672921,0.00197609854983521,0.00186426998826467,4.4300744731456e-07,0.000819358839079689,0.00330564287005714,1.26313234313186e-05,1.17852432196504e-05,1.79860985106472e-11,6.02840612860674e-06,2.1161459029074e-05,-1590.89594304639,0.0905808727842112,0.0680422664353976,0.9825,0.458050457184059
"quadratic",800,"sir_laplace",110,7.847,3633.0041674829,3525.63236518943,115.747714947373,103.000407801165,7035.87933224415,1894.99795974615,6921.64661381858,3310.0334312934,462.980013697324,449.296847864079,14.7505690005573,13.1260873966057,896.633023097254,882.075521067744,0.00218809581342197,0.00205752036975947,6.17823929235459e-07,0.000861010574074948,0.00377326520690207,1.29028136646622e-05,1.19208509787616e-05,2.07239476708288e-11,5.80925717500885e-06,2.22107258431067e-05,-1555.48317082119,0.0942131413782687,0.0743931501907445,0.995,0.476040609873884
"quadratic",800,"sir_laplace",111,7.678,3426.04654494226,3462.04041144884,110.618068300001,196.882178229695,7116.16864487151,3047.38690837422,7124.45587210572,3263.22060667878,446.216012625978,450.90393480709,14.4071461708779,25.6423779929272,926.825819858232,927.905166984334,0.00219321881429175,0.00206808719239742,5.81609535771896e-07,0.000830676501349442,0.00372321119472931,1.21933791839278e-05,1.13450610357921e-05,1.69809365074561e-11,6.05970380329109e-06,2.01078808980818e-05,-1546.25374369408,0.0883100821883848,0.0640528206073836,1,0.475513022243268
"quadratic",800,"sir_laplace",112,7.627,3464.86095873641,3002.84268252957,127.18173775791,131.935111419342,6948.84400691703,2117.03433334044,6917.45115169643,2860.6233658732,454.28883686068,393.712165009778,16.6751983424558,17.2984281394181,911.084831115383,906.968814959543,0.00208132628980993,0.00193520908444065,6.1368875741032e-07,0.000863464352370298,0.00359523063949152,1.26866807615149e-05,1.1884126068997e-05,1.70124433701118e-11,5.86449539776499e-06,2.04475358668541e-05,-1592.02440416772,0.0895781756836992,0.0704740890117469,0.9975,0.467308304839945
"quadratic",800,"sir_laplace",113,7.667,3913.2295520046,3621.24917104146,79.3484944711291,107.92506706315,7174.12052117394,1339.35435478496,7504.01296191136,3367.945778328,510.399054650398,472.316312904846,10.349353654771,14.0765706356006,935.714167363237,978.741745390812,0.0028034458465579,0.00260476648836829,1.19274372022081e-06,0.00100321280880029,0.00492858327667644,1.31838930332042e-05,1.2426390052822e-05,1.78718794464388e-11,6.45656462120717e-06,2.13784671902591e-05,-1551.98440215108,0.0923771272460234,0.0749728573546325,1,0.496529044920597
"quadratic",800,"sir_laplace",114,7.713,3267.77818168025,3546.278246857,121.94456124753,126.549649106479,7043.0763792447,3414.12101871958,6890.75066652263,2982.44601384518,423.671487317548,459.779365597952,15.8102633537573,16.4073186965486,913.143573090198,893.394355830757,0.00197602810841958,0.00187613721952179,4.15876129630691e-07,0.000840538308050985,0.00328255498720267,1.26572397246003e-05,1.20522451582379e-05,1.38977065289264e-11,6.57168874206327e-06,2.0557283595054e-05,-1591.19061808336,0.0948569929869503,0.0704993577577976,0.96625,0.461094881468725
"quadratic",800,"sir_laplace",115,7.711,3316.19863991431,3399.28808994195,93.3938931984297,142.985375536604,7029.60959466789,3074.6198784697,6937.69336757871,3265.81695572703,430.060775504384,440.836219678635,12.1117745037517,18.5430392344189,911.63397674334,899.713833170628,0.0020778435148911,0.00196495055915477,5.30516109557078e-07,0.000879861286655429,0.00345881253422605,1.25172481259552e-05,1.19509074289277e-05,1.63058998663244e-11,5.7008253607565e-06,2.05899993994699e-05,-1568.37679368213,0.085035652234473,0.0679274183780958,0.9975,0.470554016449768
"quadratic",800,"sir_laplace",116,7.686,2774.6272169356,2761.92655243214,66.7186277301024,160.283297883556,6955.98576021443,1162.15390481591,6981.66672584554,2532.73132495477,360.99755619771,359.345114810323,8.6805396474242,20.8539289465985,905.020265445542,908.361530815189,0.00210208389556976,0.00193097506127394,6.99302105647401e-07,0.000812919747953884,0.00388377266482995,1.25213939465609e-05,1.16818501437723e-05,1.75519471136031e-11,5.87819308764033e-06,2.07731121067418e-05,-1598.39540465728,0.0833115665756653,0.0614104701662201,1,0.468686927729721
"quadratic",800,"sir_laplace",117,7.882,2977.42221052009,3151.86675897109,139.149526330865,133.925348719571,7150.91824203479,3185.26158392945,6995.02544573521,2919.58138419239,377.749582659235,399.881598448501,17.6540885981813,16.9912901192046,907.246668616442,887.468338712917,0.00200557221516394,0.0019152939088108,4.33613730055323e-07,0.000842600077518722,0.00328220132149612,1.17393407351059e-05,1.11981569285523e-05,1.28319948543394e-11,5.35702582321315e-06,1.85885841468543e-05,-1574.7611504211,0.0761493876966542,0.0605490243840686,1,0.466726170551374
"quadratic",800,"sir_laplace",118,7.697,3580.4915345874,3594.12648951655,135.540480695571,148.024999075449,7088.42854634638,2026.30624756053,6891.80790627018,2927.59110521773,465.180139611199,466.951603159225,17.6095206828078,19.2315186534298,920.933941320824,895.388840622344,0.00196049215222857,0.00183729144153692,4.14645042674825e-07,0.000888642251056213,0.00328357441737073,1.19655094665538e-05,1.14518164931083e-05,1.32303757837023e-11,5.35894113991364e-06,1.91938778295786e-05,-1604.52760387878,0.10483552975996,0.0803575537036677,0.975,0.462824087480401
"quadratic",800,"sir_laplace",119,7.815,3090.56642617457,3093.26874758303,114.896151066893,70.0028775534365,6822.24251565255,3277.02406876167,6609.17350034831,2785.54056034596,395.465953445242,395.811739933848,14.7020026956997,8.95750192622348,872.967692341977,845.703582898056,0.0018224825115487,0.00171512787816023,3.91878097145598e-07,0.000803426353882283,0.00300820662632836,1.23699821960175e-05,1.17253561631641e-05,1.62099861595158e-11,5.5716210132172e-06,2.0532830145925e-05,-1555.93881527849,0.0923529921643121,0.0761001632302696,1,0.459767509628529
"quadratic",800,"sir_laplace",11,7.705,3696.17745015685,3942.59316012767,130.326601644522,187.630137230008,7279.23294623063,1999.82066391904,7358.43051477075,3713.14007629737,479.711544472012,511.692817667446,16.9145492075954,24.3517374730705,944.741459601639,955.020183617229,0.00239840385650204,0.00225180102775335,8.21831753489384e-07,0.00090685969087131,0.00410739308019331,1.26463023047692e-05,1.20284926582743e-05,1.55573381860277e-11,5.94644916508327e-06,2.02644147486935e-05,-1608.21511974829,0.0717167300984299,0.0602978444410534,1,0.477397523318465
"quadratic",800,"sir_laplace",120,7.688,3441.45613554989,3293.81253790061,133.713540040382,145.389656085991,7137.53922393127,3155.71761990819,6915.65436576679,2902.84805706037,447.63997600805,428.435553837228,17.3925000052526,18.9112455887086,928.400003112809,899.538809282881,0.00214572501223495,0.00200637154631957,5.83980410824178e-07,0.00087407788238316,0.00376081499435942,1.2512410166468e-05,1.18208785999554e-05,1.45525142234501e-11,6.38293872371133e-06,2.02619719883587e-05,-1556.00875282843,0.126930685420715,0.0964768934107595,0.9475,0.474935647817455
"quadratic",800,"sir_laplace",121,7.953,3356.26212413245,3536.67579389526,88.1326364095681,100.681076745146,7198.6399315867,2741.60641243993,7203.44626090453,3364.76729165893,422.01208652489,444.69706952034,11.081684447324,12.6595092097505,905.147734387866,905.752076059918,0.00238153162462709,0.00220276118375196,8.6054394627914e-07,0.000925483374105262,0.00411788403808544,1.24338625657246e-05,1.18078647121564e-05,1.48064512629186e-11,5.85594897826159e-06,2.0592010351349e-05,-1613.76853661772,0.089657623363956,0.0729753213249266,0.99875,0.475879266853233
"quadratic",800,"sir_laplace",122,7.963,3567.60676442494,3823.16363121807,160.19839859648,140.24367561859,7409.63762787428,2077.8632611328,7447.75692469044,3159.21325088143,448.022951704752,480.115990357663,20.1178448570237,17.6119145571506,930.508304392099,935.295356610629,0.00249839678002142,0.00238954947689199,6.5607799398086e-07,0.00117058346472089,0.00420205597343998,1.20837678850014e-05,1.15324187297373e-05,1.28645430523974e-11,6.31537097555976e-06,1.95875840695218e-05,-1558.86720190825,0.0841383701566802,0.0692947063852454,0.99875,0.483641658385298
"quadratic",800,"sir_laplace",123,7.937,3631.50635571986,3398.57951757429,115.142880807871,203.387500486831,7147.7209058261,3709.9564756745,6942.83945284785,3259.99021229492,457.541433251841,428.194471157148,14.5071035413722,25.6252362966903,900.556999600113,874.743536959538,0.00199269202271071,0.00186378949039452,4.71859680876598e-07,0.000888757189944236,0.00335840926026858,1.17158871924555e-05,1.10781498706686e-05,1.16461692055916e-11,6.0117543509856e-06,1.84578018531666e-05,-1550.85196987295,0.108118629064277,0.0855163803589603,0.9825,0.472319082974209
"quadratic",800,"sir_laplace",124,7.715,3781.42231980768,3462.37507761077,108.467991936004,80.3238197080653,6957.31053397938,2665.14301874513,7117.00661328969,3106.91950128422,490.138991549926,448.784844797248,14.0593638283867,10.4113829822509,901.790088655785,922.489515656473,0.00220645822283615,0.00201025765964839,7.81952960439863e-07,0.00081028088378794,0.00402309279777657,1.23920315525865e-05,1.17957911342815e-05,1.41750891959626e-11,6.27990929448034e-06,1.99968760294803e-05,-1544.96367334035,0.107388811858377,0.0843803931948246,0.9725,0.475301871284549
"quadratic",800,"sir_laplace",125,7.902,2998.75505684433,2938.24082666726,96.3459711806179,137.737746159167,6999.32167048945,3160.70987720376,6902.72568031002,2842.7899829954,379.493173480679,371.8350831014,12.1926058188583,17.4307448948579,885.765840355536,873.541594572263,0.00200312910831554,0.00187857860204337,5.37715695992697e-07,0.000884147999016307,0.00342996035694458,1.18557459960571e-05,1.12770238007669e-05,1.34602144875591e-11,5.75819218067369e-06,1.90335550918931e-05,-1587.98645203151,0.110311979435889,0.0905811619736944,0.97375,0.466875178938588
"quadratic",800,"sir_laplace",126,7.787,3357.96907370698,3459.71671849693,87.1531327032073,132.450077536752,7088.96489033963,2029.60105763566,6886.03632526733,3031.76547216707,431.227568217154,444.293915307169,11.1921321052019,17.0091277175744,910.358917470096,884.29900157536,0.00224440194966215,0.00212601999074626,6.76316106304481e-07,0.000876095206450316,0.00387260910815004,1.29257488636117e-05,1.22171236329925e-05,1.69545760542585e-11,6.01887555189356e-06,2.09273075850154e-05,-1580.63738065614,0.0974961181230097,0.0794475605217989,0.98375,0.47644662111897
"quadratic",800,"sir_laplace",127,7.756,3147.56912930218,3223.17682184194,154.34143648738,209.949429594863,7027.94101194036,3299.92892524093,6938.29199126107,3013.50021805047,405.823766026583,415.572050263272,19.8996179070887,27.0692921086724,906.129578641099,894.57091171494,0.00188988521563173,0.00180322627766982,4.01706964341097e-07,0.000783762897516385,0.00306750173845311,1.14812706938721e-05,1.10264489749964e-05,1.07808928284239e-11,6.0515609846397e-06,1.77690700532107e-05,-1532.53743003774,0.100787817727141,0.0785753835360906,0.99125,0.463900643320815
"quadratic",800,"sir_laplace",128,7.772,3110.6163010766,3132.81087494607,120.739423314036,142.10153452057,7018.14668382665,2811.81755553588,6808.75213249545,2943.95066037283,400.233698028384,403.089407481481,15.5351805602208,18.2837795317255,903.003947996224,876.061777212487,0.00207566118399943,0.0019676832453371,4.87398109289881e-07,0.000914032997582349,0.00343707246895697,1.32888339937382e-05,1.24405257086254e-05,2.09192188827655e-11,6.35283104392156e-06,2.28540320878461e-05,-1557.3644380016,0.0793225610809836,0.060990491849882,0.995,0.470469233052022
"quadratic",800,"sir_laplace",129,7.713,2944.5705931279,3233.91038325641,120.335353333502,107.271505438826,7250.83725735462,2602.0072089221,7121.35341836059,3015.52272412363,381.767223276014,419.280485317829,15.6016275552317,13.9078835004312,940.080028180295,923.292288131803,0.00235891557688977,0.00220587484935711,7.10069971882417e-07,0.000979144842860381,0.00402788163319843,1.26995665074862e-05,1.2011567384404e-05,1.65534225172304e-11,6.32266099368308e-06,2.08106398345266e-05,-1588.51377774366,0.0825404774939005,0.0673530841514061,1,0.47833938471125
"quadratic",800,"sir_laplace",12,7.584,3689.83405933923,3605.34958891841,113.884881181508,128.475298836489,7011.0701462523,3138.75616002936,6854.76178399483,2149.7653262949,486.528752550004,475.388922589452,15.0164664005154,16.9403083908873,924.455451773773,903.845171940246,0.00207041345331512,0.00194988988460865,5.27724589995377e-07,0.000882848437613896,0.00364479548566061,1.29979090595535e-05,1.22300311889197e-05,1.86800108395917e-11,6.25123006438918e-06,2.22206153963087e-05,-1543.94614388366,0.0950152427068853,0.0669713562578363,0.9825,0.473911540792076
"quadratic",800,"sir_laplace",130,7.685,2838.37165800614,2862.05016362169,97.6460162844494,131.574684689174,6744.27752227904,2969.61681669887,6608.17729837348,2639.36969803511,369.339187769178,372.420320575366,12.7060528672023,17.1209739348307,877.589788195061,859.879934726542,0.00177499809516476,0.00165554172849913,4.30239284688236e-07,0.000727777567554698,0.00303721314562168,1.19787174036469e-05,1.13577318432243e-05,1.3269824498907e-11,5.88276989347907e-06,1.95378380168509e-05,-1531.73418829554,0.079825024513231,0.0625287199840411,1,0.460851386008949
"quadratic",800,"sir_laplace",131,7.584,3269.34262764592,3460.51239448369,98.3917466961243,145.828718874281,6956.35706104784,3433.1803803315,6901.77303271169,3213.86165778809,431.084207231793,456.291191255761,12.9735952922105,19.2284703157016,917.241173661372,910.043912541099,0.0019971822402046,0.00187287129815777,4.89926093997432e-07,0.000905758045889709,0.0035101256252916,1.20320167603337e-05,1.15888325848367e-05,1.22756301871802e-11,6.06267264343657e-06,1.89165273151767e-05,-1556.38439511028,0.0989270578289152,0.0767921918220076,0.99875,0.472814423212464
"quadratic",800,"sir_laplace",132,7.694,3525.35434780767,3671.69622405589,96.8515031071903,144.082725039828,7162.26735294379,2448.09113877309,7007.82188775597,3455.80993680589,458.195262257301,477.215521712489,12.5879260602015,18.7266343956107,930.889960091473,910.816465785803,0.0020462129559149,0.00197195976114507,4.02346432228805e-07,0.000926374813692985,0.00327402944306243,1.19557875101796e-05,1.13042475064027e-05,1.39807591558267e-11,5.96013210348627e-06,1.94185327083551e-05,-1598.88622871807,0.10523926516783,0.0851953093785327,0.97625,0.46837547780527
"quadratic",800,"sir_laplace",133,7.946,3360.06848182814,3042.9189865267,127.415819871256,151.076565776933,7039.85622523112,3302.32749706585,7115.27345622244,2851.95624825496,422.862884700245,382.949784360269,16.0352151864153,19.0129078501049,885.962273500015,895.453493106272,0.00217115587943686,0.00204940058759934,6.13799989860447e-07,0.000909825293075195,0.00376811240581678,1.20108697105524e-05,1.1245037134239e-05,1.7633152841657e-11,5.70179645047129e-06,1.95657554370121e-05,-1591.43933922124,0.0864676272321086,0.0723285095854428,1,0.466971543285141
"quadratic",800,"sir_laplace",134,7.789,2688.26206775144,2626.89098158121,85.4146508726042,143.902359928725,7056.03224415536,2729.83546472255,7071.28659178251,2425.62608746589,345.135712896578,337.256513234204,10.9660612238547,18.4750750967679,905.897065625287,907.855513131661,0.0020323791489536,0.00188608629775928,5.71588769331536e-07,0.000861332532601896,0.00358285331198837,1.15291519560923e-05,1.09557186136549e-05,1.17984867983751e-11,5.8448149151063e-06,1.82074350761413e-05,-1571.24625504198,0.0810890203616506,0.0627508782393839,1,0.464715949430763
"quadratic",800,"sir_laplace",135,7.688,3471.35763138381,3124.27954499493,68.7899090600387,128.416444785878,7036.56862613075,3373.80830247015,7030.11447029138,3047.30754069482,451.529348515064,406.383915842213,8.94769888918298,16.7034917775595,915.266470620545,914.426960235612,0.00206696036285802,0.00191518916564324,5.5196565858568e-07,0.000952572676838813,0.00356062574953764,1.2436530898125e-05,1.18452488593594e-05,1.63484390519054e-11,5.78301238878194e-06,2.03204286465411e-05,-1587.41776492364,0.0831621465601615,0.0663322306501062,1,0.468375796383345
"quadratic",800,"sir_laplace",136,7.802,3859.98875862095,3806.85209317648,109.343419778374,139.082582046047,7174.83070789294,2525.10463560193,7094.44553925697,3618.69611105722,494.743496362593,487.932849676555,14.0147936142494,17.8265293573502,919.614292219039,909.311143201354,0.00215113800567955,0.00201531445035698,5.6037002239402e-07,0.000933061602028519,0.00364041632462617,1.23118848647617e-05,1.16039885955268e-05,1.38795506765769e-11,6.3993472008157e-06,1.99544951161431e-05,-1591.28569113072,0.0884261410890845,0.0711873174895655,0.99625,0.471300121762108
"quadratic",800,"sir_laplace",137,7.751,2929.89832004367,2819.66361346155,113.713290070312,138.64359238025,7096.1982036888,2998.69943365817,6973.6241506319,2586.24227332884,378.002621602847,363.780623591994,14.67078958461,17.8871877667721,915.52034623775,899.706379903483,0.00202821763091082,0.00193537848945165,4.79642724063285e-07,0.000881094329289249,0.00339173417649453,1.18031689501385e-05,1.122152263777e-05,1.23435078417688e-11,5.90887545387921e-06,1.89946439305019e-05,-1558.5930651271,0.0686517745614846,0.0567540125950523,1,0.469920628439749
"quadratic",800,"sir_laplace",138,7.869,3777.55382867374,3663.25795708546,99.5076127594821,135.517994475832,7191.27021651392,2455.51250149104,7244.23370714647,3288.25582316969,480.055131360242,465.530303353089,12.6455220179797,17.2217555567203,913.873454888031,920.604105622883,0.00242578538401754,0.0022600010486042,8.43670583680864e-07,0.000942616416541653,0.00407308504218998,1.27978472741634e-05,1.21663312993087e-05,1.68871395523618e-11,6.49064134412045e-06,2.13825150091143e-05,-1588.03045209251,0.0910150799978502,0.0739396903696657,1,0.480616239583364
"quadratic",800,"sir_laplace",139,8.013,3739.66599785638,3587.3197960048,124.259721538258,154.807184158132,6988.44242798072,3562.45218210506,6814.60557298615,3359.56152095104,466.699862455557,447.687482341795,15.5072658852187,19.3195038260491,872.138079119021,850.443725569218,0.00200821538469758,0.00189408487472868,4.74093017100853e-07,0.000884397892052061,0.0034071268060281,1.22842285506919e-05,1.14744767706224e-05,1.77277909997316e-11,5.78732026636331e-06,2.02892387829633e-05,-1616.1459259438,0.127620495248775,0.103994973135293,0.96,0.461768254583199
"quadratic",800,"sir_laplace",13,7.709,3264.62120088085,2993.71559799457,68.6875119470206,115.884262104742,7011.49160432691,3368.10491171021,6804.35348239875,2935.46363523513,423.481800607193,388.340329224876,8.91004176248808,15.0323339090338,909.520249620822,882.650600907867,0.00215030440986994,0.00199559476081271,6.67833469221688e-07,0.000837917301745598,0.00372831982500295,1.24534717920523e-05,1.16578573092559e-05,1.53162782126269e-11,6.11193292871562e-06,2.06044229440085e-05,-1558.99054484137,0.0857441440099445,0.0693297550111928,1,0.47114929103468
"quadratic",800,"sir_laplace",140,7.518,3082.2496366949,3201.77406743987,131.230022871974,151.933430210908,6945.77007813537,3185.55507982228,6739.85170191099,2989.63816471351,409.982659842365,425.881094365506,17.4554433189643,20.2092884026214,923.885352239341,896.495304856476,0.00196054695010111,0.00182652738075093,4.65030073101175e-07,0.000867979128567987,0.00334715556580388,1.1851519962342e-05,1.11999890669443e-05,1.39081133932876e-11,5.96687923249185e-06,1.92602114910766e-05,-1574.755218786,0.0888499490624004,0.0726569345595375,1,0.465302399013052
"quadratic",800,"sir_laplace",141,7.952,3388.08170559305,3340.598093221,140.975362557977,165.916571309733,6982.65723193006,3566.01856559727,6857.01886612489,3100.66742778392,426.066612876389,420.095333654553,17.7282900601078,20.864759973558,878.100758542513,862.301165257154,0.00195353648111828,0.00186036872946085,4.47057959657025e-07,0.000846901781836241,0.00331235085159074,1.22507555836519e-05,1.15379424298111e-05,1.64633829744539e-11,5.90680561319819e-06,2.0982682767171e-05,-1573.47679124608,0.113569789100666,0.0914826370679897,0.98125,0.464591004598921
"quadratic",800,"sir_laplace",142,7.948,3214.61308775062,3284.45076789041,109.327786299002,96.8938580536225,7225.0972485769,3292.5728780347,6996.7491281787,3081.63834149091,404.455597351612,413.242421727531,13.7553832786868,12.1909735850054,909.04595477817,880.315693027013,0.0019834376217748,0.00186929847984646,4.05581068116557e-07,0.000931316942484844,0.00329567312829783,1.2127069868091e-05,1.1409997119348e-05,1.55480974352798e-11,5.74870708914767e-06,2.04626127129078e-05,-1586.13534213096,0.0932490967434496,0.0777001219301862,1,0.461942184944853
"quadratic",800,"sir_laplace",143,7.696,2724.83494812905,2566.24952351604,73.0353471049412,142.723701118475,7025.4920386784,2872.29580701133,6824.96565325719,2341.75051418346,354.058595131114,333.452380914246,9.4900399044882,18.5451794592613,912.87578465156,886.819861389968,0.00219974901130476,0.00203876761244096,6.56735614850916e-07,0.00100758910675883,0.00396216528338111,1.25677377364124e-05,1.18272462570468e-05,1.57533488854836e-11,6.19470275862201e-06,2.05617064606257e-05,-1568.45060506344,0.120473276261268,0.0999747149902856,0.9775,0.47644664944781
"quadratic",800,"sir_laplace",144,7.934,2992.0246624547,3133.09407852954,116.384000815164,151.735719675094,7076.53184528425,3204.79030469996,7017.68815005652,2994.23808459227,377.114275580375,394.894640601151,14.6690195128767,19.1247440981968,891.924860761817,884.508211501956,0.00191058264025401,0.00180533737606086,3.90131071716746e-07,0.000846313196483987,0.00313256192423569,1.16932662403766e-05,1.12265797641023e-05,1.22142533015669e-11,5.77845014922433e-06,1.85150554669736e-05,-1588.65341503993,0.0906445551734961,0.0737992903419023,0.99125,0.457946588080703
"quadratic",800,"sir_laplace",145,7.752,3079.76367133312,3055.86927320683,125.058199245971,144.337905184056,6983.8086731386,3187.32458718629,6935.55190558829,2912.41508632057,397.28633531129,394.20398261182,16.132378643701,18.6194408132167,900.904111601987,894.679038388582,0.00197362029901231,0.00184672091348507,5.1976116732299e-07,0.000767561534189338,0.00344317107165288,1.16313968576887e-05,1.10497191457916e-05,1.19093829489753e-11,5.81321081557499e-06,1.8425460723286e-05,-1583.10132038405,0.101058265449634,0.0806423200777965,0.9975,0.468804859047959
"quadratic",800,"sir_laplace",146,7.836,3495.69176680956,3512.15371523234,110.839787157049,160.554520420998,7173.85321718039,3491.54036320693,7127.88838443249,3166.24439364406,446.106657326386,448.207467487536,14.1449447622574,20.4893466591371,915.499389635068,909.633535532477,0.00218139302770805,0.0020842447214415,5.57455462839911e-07,0.000927723869087415,0.00368402000021616,1.27189829176224e-05,1.21152250417446e-05,1.42532301682427e-11,6.6179959834692e-06,2.04047205553681e-05,-1554.81801114022,0.108392131453052,0.0842082977260629,0.9625,0.476165620901888
"quadratic",800,"sir_laplace",147,7.69,3335.99998175988,3320.44546166043,90.9710987081863,147.306110361667,7045.31500027015,2673.79275525416,6869.04405020587,3106.30127785308,433.810140670986,431.787446249731,11.8297917695951,19.1555410093195,916.165799775053,893.243699636654,0.00205927728288273,0.00190551047089593,5.04344585967822e-07,0.000949385201703971,0.00362954960345888,1.2404687410952e-05,1.1774934245087e-05,1.41151396468443e-11,5.92542789131462e-06,2.03546714094551e-05,-1575.2003784301,0.108546079891457,0.0840695032297313,0.97875,0.470445024748845
"quadratic",800,"sir_laplace",148,7.738,2962.37845883311,2725.72170683131,102.07580360528,170.807468383796,6984.65436341437,3132.1695080754,6797.46844770187,2521.94078999246,382.835158805003,352.251448285256,13.1914969766451,22.0738522077793,902.643365651896,878.452888046249,0.00181515458199045,0.00172224159199757,3.2247092101012e-07,0.000853351629419397,0.00298003617116141,1.14363634591253e-05,1.08598102377038e-05,1.19282563524848e-11,5.86267443825761e-06,1.81310992212915e-05,-1568.42186742223,0.082134989462287,0.0633920865661987,1,0.45755885415571
"quadratic",800,"sir_laplace",149,7.726,3723.02719817265,3557.82997776384,67.0533748734661,99.7477257739464,7148.35288832718,3242.40923249079,7206.36538639266,3005.25444855234,481.882888709895,460.500903153488,8.67892504186722,12.9106556787401,925.233353394664,932.742089877383,0.00225846001614956,0.00210886037141941,6.45745953849799e-07,0.000931208078410883,0.00391530394513351,1.19963960890564e-05,1.13824350751071e-05,1.48431063050594e-11,5.66056440652793e-06,1.9555670200718e-05,-1604.62382777386,0.094046746863395,0.0759084807456239,0.98875,0.469978464011787
"quadratic",800,"sir_laplace",14,7.666,2848.52411721913,3109.02555682883,87.3072368325446,158.174726880591,6947.52847797692,2943.91120569641,6860.52971347785,2384.54656468687,371.57893519686,405.56033874626,11.3888907947488,20.6332803131478,906.278173490336,894.92952171639,0.00212895408321356,0.00196092574847889,7.43882613562346e-07,0.000864440281228963,0.00385805501194865,1.26385629384338e-05,1.19901519699116e-05,1.77589091790072e-11,5.75607796478314e-06,2.09271789567147e-05,-1597.69645449989,0.109564609290108,0.0891170881041469,0.97375,0.47337847847001
"quadratic",800,"sir_laplace",150,7.577,3633.07002404956,3461.03932262036,99.0481308815478,96.2916066526523,7117.70579662698,2261.23478595838,7168.53351777248,2463.50061103543,479.486607370933,456.782278292248,13.0722094340171,12.7084078992546,939.383106325324,946.091265378445,0.0026456213328904,0.00244878669794482,9.7642440568918e-07,0.00101881670656539,0.00459653902603211,1.35492591999969e-05,1.25931397674851e-05,2.64391535582127e-11,5.97709987738835e-06,2.3065906941864e-05,-1589.65196319557,0.0877003205547291,0.0725212595111956,1,0.490028341314574
"quadratic",800,"sir_laplace",151,7.956,3052.55392847611,3045.62028656178,85.9551681377623,133.430240627788,7033.14177218118,3218.07200276029,6920.07854567398,2887.44344519225,383.679478189556,382.80797970862,10.8038170107796,16.771020692281,884.004747634638,869.793683468323,0.00204427337464373,0.00187223621251631,6.10636752836731e-07,0.00085603139625095,0.0035727964081146,1.24314028273516e-05,1.1644345376542e-05,1.56488164329388e-11,6.58307226721792e-06,2.06186733983112e-05,-1586.21635683449,0.0945700906656787,0.0693138444131729,0.9875,0.466394955325863
"quadratic",800,"sir_laplace",152,7.659,2359.68313196935,2121.03477140212,88.8040751860659,165.915648248761,7072.03693983568,2509.62695202295,6895.59102304274,2025.89288585459,308.092849193021,276.933642956276,11.5947349766374,21.662834345053,923.362963811945,900.325241290343,0.00189671723820981,0.00179383506541029,3.9370922330144e-07,0.000841400449703994,0.00305750841610931,1.17266791585679e-05,1.12061737247383e-05,1.19974235130636e-11,5.8366504556153e-06,1.90548953535502e-05,-1567.31134740234,0.111227209408605,0.0803767888846304,0.9725,0.461434104972077
"quadratic",800,"sir_laplace",153,7.716,3660.53079660748,3685.3236612808,131.118360025197,134.354372391599,7217.64964141607,3861.31668913955,7192.51285601323,3520.43730199609,474.407827450425,477.621003276413,16.9930482147741,17.4124381015551,935.413380173156,932.155631935359,0.00223022709318501,0.00210305796069769,5.5331881947615e-07,0.000988516304037595,0.00377630188045283,1.19926338763413e-05,1.14065812036276e-05,1.1993095747861e-11,6.26682600558491e-06,1.90243866064697e-05,-1610.54865759461,0.0961978023748648,0.0722766080911213,0.97375,0.474797712932521
"quadratic",800,"sir_laplace",154,7.628,3059.49911980226,2912.79459801622,138.777969125033,161.615070540358,6934.35117850896,3207.07927042241,6756.58322680378,2585.769135656,401.087981096258,381.855610647118,18.1932314007647,21.1870831856788,909.065440286964,885.760779601964,0.00176035665829004,0.00166811242707667,3.38307025515041e-07,0.0008484736341127,0.00292916206789636,1.13548585990665e-05,1.08398770684511e-05,1.16544594603379e-11,5.60922553141555e-06,1.83670166903994e-05,-1582.39202703819,0.0673803527111529,0.0527572013083346,1,0.45396785780084
"quadratic",800,"sir_laplace",155,7.957,3378.19533915741,3469.46190665764,121.493107226243,137.338242556286,6967.4313952179,3452.90112936133,6780.7063759803,3192.45939770715,424.55640808815,436.026380125379,15.2687077072066,17.260053104975,875.635465026757,852.168703780357,0.00198231524319766,0.00189630601681706,4.39391191105941e-07,0.000882613916029661,0.00332625336711655,1.27126757093721e-05,1.19064168707936e-05,1.65132807395955e-11,6.16097453683484e-06,2.06710629347578e-05,-1580.41072055548,0.101523108531276,0.0816074895097805,0.995,0.465373075628206
"quadratic",800,"sir_laplace",156,7.731,3399.84883445287,3421.26680153623,99.4000461872901,165.349978221856,7105.87792657525,3595.26629799474,7016.32011270912,3131.17155677892,439.768313860157,442.538714465946,12.8573336162579,21.3879159516046,919.140851969376,907.556604929391,0.00206118398470783,0.00194982663335869,5.12016323616878e-07,0.000886825504009927,0.00343310808436237,1.20116533132424e-05,1.15229775535608e-05,1.29308113262316e-11,6.01015756800076e-06,1.9188624371599e-05,-1585.29774622616,0.074202278366173,0.0590708773217723,1,0.467846277580363
"quadratic",800,"sir_laplace",157,7.933,3170.00956500817,3199.32530734475,156.412929269257,67.8537119848725,7161.3977272503,3309.47922990408,6989.13446369843,2852.70138410601,399.597827430754,403.293244339437,19.7167438887251,8.55334829003813,902.735122557708,881.020353422215,0.00194909465622674,0.00188313224556809,3.44124602656426e-07,0.00092349040933411,0.00307694404849186,1.19005089082639e-05,1.13857480958962e-05,1.28556852390454e-11,6.09087506642748e-06,1.88314774395784e-05,-1576.3509856132,0.112385685960418,0.0945305089095301,0.99375,0.465001486266574
"quadratic",800,"sir_laplace",158,7.9,3358.7191616635,2849.30497204744,176.003353333219,156.585817466224,6967.44477419848,3446.52008031889,6700.19626147908,2678.03331487636,425.154324261202,360.671515449044,22.2789054852176,19.8209895526866,881.955034708668,848.126109047985,0.00189209926549942,0.00180443874722291,3.80028566964818e-07,0.000816182732971612,0.00307069955274972,1.20838340194398e-05,1.15902962607728e-05,1.44184975815005e-11,6.01243089562784e-06,1.93730397872994e-05,-1584.6838785454,0.0753039050781745,0.0608429714444467,1,0.46111278906101
"quadratic",800,"sir_laplace",159,7.813,3422.43327194796,3574.81363344952,99.7093821847243,129.427926936318,7154.49600168251,2755.99791184178,7121.95584282304,3189.9851278226,438.043424030201,457.546862082365,12.7619841526589,16.5657144421244,915.716882334891,911.552008552801,0.00207934844468927,0.00195872870199395,5.29111983144727e-07,0.000876249490432403,0.00350146458813388,1.16693280098597e-05,1.10852586977064e-05,1.20958320644493e-11,5.8792115202809e-06,1.86396378512528e-05,-1582.53762360073,0.0756914120574681,0.0631280926990502,1,0.466161764634256
"quadratic",800,"sir_laplace",15,10.81,3687.22679531448,3657.10711669451,128.623248828983,154.796910673011,7153.92512251356,2939.30540675882,7183.41569207695,3383.42580567522,341.094060621136,338.307781377845,11.898542907399,14.3197882213702,661.787707910598,664.515790201383,0.00233063113672116,0.00217151721795877,6.99723668944495e-07,0.00101746917872253,0.00400653832237602,1.27319353386762e-05,1.21136686262606e-05,1.50015207498451e-11,6.35237081330391e-06,2.04013154412899e-05,-1570.01470989268,0.0888207206012746,0.0678999666393635,0.99,0.481945403225556
"quadratic",800,"sir_laplace",160,7.823,3424.90353178974,3369.14739847072,183.862214123383,160.48072669483,7078.98666988655,3590.35391499858,6857.27338361472,3113.85712740494,437.799249877252,430.672043777416,23.5027756772828,20.513962251672,904.894116053502,876.552905997024,0.0018555472738814,0.00179654965232848,3.05999165685321e-07,0.000878678526912641,0.00287568712481994,1.21348344222338e-05,1.13450096139034e-05,1.60375188062907e-11,5.76345380921261e-06,2.03579153786755e-05,-1609.0306996334,0.0740523380947008,0.063018501375953,1,0.458183734643611
"quadratic",800,"sir_laplace",161,7.736,2832.57341976046,2687.81488892318,135.126703124125,138.218416432716,7074.82874848167,2918.48529059756,6948.45928967773,2619.32653155407,366.154785387856,347.442462373731,17.467257384194,17.8669100869592,914.533188790288,898.197943339935,0.00201137630605644,0.00191939269346639,3.87970579244348e-07,0.000988144237063,0.00323729802313951,1.17857951605641e-05,1.13244641973771e-05,1.23236897760948e-11,5.98508808360252e-06,1.88462736119671e-05,-1590.68579438492,0.0852267453190102,0.0625484874174874,0.99875,0.468368929060612
"quadratic",800,"sir_laplace",162,7.786,2986.66952512365,2581.26631804477,79.5505739922696,191.381977860006,7115.0881683359,3108.61949498945,6863.63689763247,2298.18624819552,383.594852957057,331.526627028612,10.2171299758887,24.5802694400213,913.831000300013,881.535691964098,0.00212549064180974,0.00200894146049504,5.34789116577587e-07,0.000988174707409,0.00358352659316852,1.26053819003598e-05,1.1884591470003e-05,1.5127961931761e-11,6.31910407237833e-06,2.04264144558825e-05,-1593.69193757246,0.125918192961351,0.102553353185391,0.96375,0.47269559912092
"quadratic",800,"sir_laplace",163,7.923,3798.67129784895,3660.08422256138,128.014061531677,138.571509090918,7139.63577658489,3630.90558472497,7028.18592167724,3381.85454090369,479.448605054771,461.956862622918,16.1572714289633,17.4897777471813,901.127827411951,887.061204301053,0.00199887671606827,0.00188296284284065,4.7244015503171e-07,0.000881423997077916,0.00340315778370516,1.18909162955268e-05,1.14124915125322e-05,1.16779904185701e-11,5.85457211108124e-06,1.86322662395249e-05,-1571.99372299199,0.0938268021691057,0.0766760582914772,1,0.468113728931237
"quadratic",800,"sir_laplace",164,7.539,3601.18228508747,3558.41476623672,114.197978931329,144.182166194872,7150.06159423044,2990.16784672649,7086.21688429967,3439.13605470234,477.673734591785,472.000897497907,15.1476295173536,19.1248396597523,948.409814860119,939.941223544193,0.00211366724132457,0.00195699329559926,6.21250369725776e-07,0.00088933626690583,0.00368847972744896,1.26766131234277e-05,1.20515414463159e-05,1.62396014928427e-11,6.20492807177604e-06,2.02859516896139e-05,-1584.12941538225,0.0905312426593688,0.0731151072290452,0.9925,0.465638826085572
"quadratic",800,"sir_laplace",165,7.895,3267.8777370259,3411.45591876676,99.9875704680582,123.051194327001,6876.38885696345,3231.27543591668,6869.13754332545,3173.06190117801,413.917382777189,432.103346265581,12.6646701036173,15.585965082584,870.980222541285,870.061753429443,0.00194132290869956,0.00182872147009221,4.63140585168692e-07,0.000825952469267913,0.00327181852218783,1.19141749601577e-05,1.14226462583519e-05,1.25333083353835e-11,5.88601264738871e-06,1.87693982400665e-05,-1558.2199061136,0.081980437783503,0.0650658687211985,0.995,0.461088725447163
"quadratic",800,"sir_laplace",166,7.839,3762.40755585455,3440.75700971582,135.083328991818,155.366568666947,7330.37241574987,3040.04458049761,7184.68483182072,3298.37621990754,479.960142346543,438.928053286876,17.2322144395737,19.819692392773,935.115756569699,916.530786046782,0.00219824089313778,0.00208439607033511,5.29948291117643e-07,0.000929226261824248,0.00361930236962764,1.23914385526052e-05,1.16957995369432e-05,1.58297708318662e-11,6.25018241165288e-06,2.01537412927304e-05,-1615.43125611795,0.0978346302212668,0.0793009381539171,0.98125,0.469318703497393
"quadratic",800,"sir_laplace",167,7.763,3299.76428677948,3235.19477637885,112.151169112648,144.532264327558,7031.77147327477,3403.50934321866,6917.45233429453,3105.13278042273,425.06302805352,416.745430423657,14.4468851104789,18.6180940780057,905.805934983225,891.079780277538,0.00184756593200448,0.00174016754961209,4.06841395505822e-07,0.000829804957286691,0.00310320588094518,1.11076005699273e-05,1.06030328677007e-05,1.23120081020787e-11,5.72271132646314e-06,1.70308076168327e-05,-1591.24629482969,0.0838709725220394,0.0683138179142616,1,0.455499145614341
"quadratic",800,"sir_laplace",168,7.655,3550.12490038091,3028.38279667809,92.0057261585853,165.296206462909,7164.73503945152,3146.19010602321,7022.56621743614,2358.83325862632,463.765499723176,395.608464621566,12.0190367287505,21.5932340252004,935.954936571067,917.382915406419,0.00210295699253766,0.0020026634619918,4.86905557819807e-07,0.000948540618794052,0.00348418406647398,1.22971277839875e-05,1.16644499020401e-05,1.51730433961661e-11,5.67699055655835e-06,1.99779830954187e-05,-1604.11800992849,0.0768029703077395,0.0594301728467079,0.98,0.46688512827654
"quadratic",800,"sir_laplace",169,7.662,2819.91499480656,2730.09942779784,172.921789232436,146.040736097877,7036.95461671094,2994.8411979146,6846.83277933423,2611.37763251044,368.039023075772,356.316813860329,22.5687534889632,19.0603936436801,918.422685553503,893.609081092956,0.00189615556276547,0.00179046934141983,3.83758826601577e-07,0.000862211888586464,0.00314356204606464,1.20458676629381e-05,1.14539759430464e-05,1.31536861861103e-11,6.03465118592943e-06,1.91257147117536e-05,-1617.41821604665,0.107032017564561,0.0864963336876441,0.95875,0.456630930264788
"quadratic",800,"sir_laplace",16,7.709,3918.6111762013,3760.61906684351,121.090671024511,211.022545219189,7217.59395914141,2787.89604281656,7262.73831532513,3581.83134589636,508.316406304488,487.821905155469,15.7077015208861,27.3735303177052,936.255540166222,942.111598822822,0.00218667224767927,0.00207169808996795,5.63903255388989e-07,0.000943059548100266,0.00363244352208966,1.21103304732783e-05,1.15998643903317e-05,1.21651343702088e-11,6.12478919245622e-06,1.91502709112666e-05,-1569.37281375843,0.0794767496152999,0.0626727881626493,1,0.471687966336532
"quadratic",800,"sir_laplace",170,7.667,3172.07331376496,3229.57149027512,140.796337438605,104.330448067519,6894.35234180025,3281.67049745841,6765.75900398212,2899.08567545426,413.730704808264,421.230140899325,18.3639412336774,13.6077276728211,899.224252223848,882.451937391695,0.00190439307881475,0.00181102108418209,3.80092012669159e-07,0.000778116546379423,0.00304992781927834,1.23717467530505e-05,1.1622373272383e-05,1.75170727940365e-11,5.74053965269864e-06,2.03459613675891e-05,-1548.4389543515,0.0804719344505468,0.0621923850766197,0.9975,0.464876220134326
"quadratic",800,"sir_laplace",171,7.912,3262.45839632433,3267.820925115,121.365673207324,170.372977437482,7079.37574982653,3391.22073424311,6898.73057761537,3040.9149754669,412.343073347363,413.020844933645,15.3394430241815,21.5334905760215,894.764376873929,871.932580588394,0.00196727467063519,0.00190387195167595,3.46087787289467e-07,0.000962188755452047,0.00310870792132505,1.19920014110749e-05,1.12963301574709e-05,1.47647676148228e-11,5.6531145351037e-06,1.97760449716268e-05,-1591.59391964805,0.0925311692798833,0.0730751950650565,0.98875,0.467878519293918
"quadratic",800,"sir_laplace",172,7.856,3057.80917972873,3141.76004358428,167.306016849932,137.322539008238,6985.06861590221,3184.60216467342,6869.88419066711,3017.22872775359,389.232329395205,399.918539152785,21.2965907395535,17.479956594735,889.138062105678,874.476093516689,0.00176111235948292,0.00168653866553078,2.74335020977838e-07,0.00085010551955709,0.00279597147481404,1.13862628306404e-05,1.07575984356146e-05,1.17769309348408e-11,5.55099478752442e-06,1.835004927148e-05,-1574.57145008896,0.0821697409620058,0.0629900141645768,0.98625,0.456153010809012
"quadratic",800,"sir_laplace",173,7.761,3380.18386251826,3320.10769023479,123.237720853904,133.040837485162,7219.42638456059,3569.7958396464,7203.06935829714,2987.10716645401,435.534578342773,427.793801086817,15.8791033183744,17.1422287701536,930.218578090528,928.110985478307,0.00204430297060209,0.0019167901614875,4.93931602191157e-07,0.000939965237070653,0.00345727319446999,1.19141386281175e-05,1.12477046920277e-05,1.44310437508685e-11,5.72037916308958e-06,1.91504637116184e-05,-1579.44734486184,0.0620783664305238,0.0494988360079636,1,0.465570828759879
"quadratic",800,"sir_laplace",174,7.659,3098.59066211369,3203.94111257655,133.969757860207,108.745080245864,6963.53057502066,3218.92657340975,6623.56708323526,2308.75326611343,404.568567974108,418.323686196181,17.4918080506863,14.1983392408753,909.19579253436,864.80834093684,0.00209082898612615,0.00195744150415866,5.47143577652783e-07,0.000988726960484751,0.0035989284735112,1.30484607328963e-05,1.21688117867608e-05,1.99786748011202e-11,5.83390420258676e-06,2.18097732330633e-05,-1571.76035541325,0.0901599302636787,0.0682234474263232,0.9825,0.471249963254689
"quadratic",800,"sir_laplace",175,7.821,3499.01579516739,3376.42244900729,124.964579203864,158.552817817825,6988.58539778309,3699.86014895315,6888.13138603084,3263.70188375244,447.387264437718,431.712370413922,15.9780819848951,20.2727039787527,893.566730313654,880.722591232687,0.00205334632483445,0.00191612505845307,5.01091861330147e-07,0.000945071771501724,0.00349594037517621,1.27802377328387e-05,1.19859571030378e-05,1.86335615974811e-11,5.67618941028768e-06,2.09073419415571e-05,-1582.97409579854,0.0947211279146173,0.0765563969442523,0.9925,0.464560000579343
"quadratic",800,"sir_laplace",176,7.965,3342.07766795094,3235.30322461642,103.668180369374,105.602669534289,7031.13846950464,1874.69166236623,7054.25476907664,3117.87882689204,419.595438537468,406.189984258182,13.0154652064499,13.2583389245811,882.754359008743,885.656593732159,0.00220099248361175,0.00207013957169445,6.71824207653051e-07,0.000845210406672171,0.00376872251292786,1.25831153578349e-05,1.18428203616623e-05,1.75672234078682e-11,5.9981955924644e-06,2.09419070948732e-05,-1558.89157176681,0.0935802227087219,0.0800155852301618,1,0.477441791786255
"quadratic",800,"sir_laplace",177,8.044,2954.91187113192,3061.04599365384,122.062906159133,158.253580136092,7005.97910585155,3114.91808218142,6926.33519122024,2825.03310896175,367.343594123809,380.537791354282,15.1744040476296,19.6734933038404,870.957124049173,861.056090405301,0.0019618454804986,0.00187681235245324,3.868831795343e-07,0.000812698027548786,0.00327046364331637,1.22968656234788e-05,1.1834488481312e-05,1.37568682680223e-11,5.92883856951397e-06,1.94426958535142e-05,-1529.78168745139,0.0948851779179627,0.074754364725146,0.9925,0.467396041700566
"quadratic",800,"sir_laplace",178,7.641,2835.4106564018,2693.65249422811,38.7490714206937,176.578627969574,6952.39211405451,2966.0438296821,6733.09468658319,2518.42995129788,371.078478785735,352.526173829094,5.07120421681634,23.1093610744109,909.879873583891,881.179778377593,0.00191664484110821,0.00182386152079012,3.81148065679416e-07,0.000883606752082985,0.00307276758427301,1.24039213150242e-05,1.17717456770225e-05,1.42048867689146e-11,6.2329338076665e-06,1.97550038447161e-05,-1539.5204585329,0.0822160889115942,0.0665176736825354,1,0.467198691833083
"quadratic",800,"sir_laplace",179,7.639,3584.60309921515,3591.29348220513,130.739520789236,93.6502897107189,7347.68240534118,2984.74369372065,7208.44679763085,3303.87692431608,469.250307529147,470.12612674501,17.1147428706946,12.2594959694618,961.864433216544,943.637491508162,0.00252513390715228,0.00236028060322323,8.49610562772927e-07,0.001043918742212,0.00437943310433659,1.27764512930997e-05,1.20946401482665e-05,1.64808042041103e-11,6.24586894569678e-06,2.0864299801832e-05,-1591.58237088095,0.114517183109303,0.0851834742992075,0.97,0.487147388100159
"quadratic",800,"sir_laplace",17,7.586,3311.46187761318,3209.74654715565,135.87676725883,137.03336416377,7003.07850523726,3211.00846465256,6880.22789563109,2983.01130809971,436.522789034165,423.114493429429,17.9115169073068,18.0639815665396,923.158252733623,906.963867075018,0.00191190225347933,0.00181498274122579,4.42793554088397e-07,0.00081296199949387,0.00313677714147645,1.223454404999e-05,1.16498622931835e-05,1.41826109697569e-11,5.87653620526881e-06,1.99102287133244e-05,-1563.34127837941,0.0836794951449191,0.0649625480485188,1,0.463085610496823
"quadratic",800,"sir_laplace",180,7.565,3289.3089591402,3311.3256191542,136.491457821808,37.7662618199009,7208.82370017111,3409.44435659071,7048.80023675307,3216.70811225664,434.806207421044,437.716539214039,18.0424927722153,4.99223553468617,952.917871800544,931.764737178199,0.00214513540377761,0.00206562367908591,4.84025865547594e-07,0.000981495589075034,0.00349684971442685,1.25639072593716e-05,1.18457593621872e-05,1.56751297520237e-11,5.93616676393987e-06,2.08825855567055e-05,-1558.07689690311,0.0909174290898614,0.0725273066096024,0.98625,0.47137209865711
"quadratic",800,"sir_laplace",181,7.772,3210.16567240023,3219.88747020871,103.148940852123,149.840150685468,7116.68183189917,1915.20677516743,7091.6259267838,2239.13098482867,413.042417961944,414.293292615634,13.2718657812819,19.2794841334879,915.682170856816,912.458302468322,0.00256884119870411,0.00241926801246882,8.52986756384457e-07,0.00101480925636811,0.00435313997511653,1.35005442038879e-05,1.26766712117321e-05,2.14229720044188e-11,6.44247856525413e-06,2.27165920084752e-05,-1573.54799890268,0.117919608733963,0.0963337157283662,0.98,0.494443942318451
"quadratic",800,"sir_laplace",182,7.738,3262.4786548861,3326.20835339622,106.566310196466,76.8107593849975,7091.68074727985,2021.19724549015,7038.19055392048,3077.13052004423,421.617815312238,429.853754638953,13.7718157400447,9.92643569203896,916.474637797861,909.561973884787,0.00202458398418987,0.00192904746308195,4.84439198804143e-07,0.000815661707700415,0.00337501494698842,1.20244394091732e-05,1.11796212381795e-05,1.75856252266065e-11,5.67787198249836e-06,2.01159318735782e-05,-1563.14990852056,0.0958848888261648,0.077235256418924,0.98125,0.468333898349203
"quadratic",800,"sir_laplace",183,7.751,2916.71870469,3041.73639157275,162.78117064773,152.751831501339,7141.27655962294,3029.34459412498,7048.41754807356,2861.89390764651,376.302245476713,392.43147872181,21.0013121723301,19.7073708555463,921.336157866461,909.355895764877,0.00195901436750179,0.00187807501622499,3.76729666711078e-07,0.000843495772983648,0.00320759705893808,1.18835608862902e-05,1.12875800074024e-05,1.30206843502962e-11,5.87102461689452e-06,1.92264386108895e-05,-1574.4607325497,0.0889130478114047,0.0725143689670203,0.9975,0.460231431219001
"quadratic",800,"sir_laplace",184,7.692,3549.97330086558,3441.7207943859,44.8230450651749,112.973026262366,7173.43136623542,2495.83880247098,7020.52040480355,2416.37777998607,461.514989712114,447.441600934205,5.82722894763064,14.6870808973435,932.583380945843,912.704160790893,0.0023165768588337,0.00218433530066186,7.36401174670098e-07,0.000922944420673015,0.00398893815561465,1.32271671488522e-05,1.23630259460923e-05,2.00837127075769e-11,5.9427325705253e-06,2.22314432712353e-05,-1594.82402687884,0.102630614939428,0.0828248484232548,0.98875,0.476307827651188
"quadratic",800,"sir_laplace",185,7.805,3483.12598587764,3396.92381246487,135.345188550963,212.431625495974,6996.31329542552,3608.0084502807,6907.39692058921,3231.37432569373,446.268543994573,435.224063096075,17.3408313326025,27.21737674516,896.388634903975,884.996402381706,0.00183864174095455,0.00177748925238426,3.54301380268447e-07,0.000831878953844411,0.00296513768470853,1.12315874288186e-05,1.08626816700489e-05,1.00931234382537e-11,5.79650046700307e-06,1.77420850069965e-05,-1577.3723827995,0.085979156745115,0.0712392529452092,1,0.458417631521787
"quadratic",800,"sir_laplace",186,7.65,3097.2160762823,3233.87113039215,96.8553885388631,136.502457240659,7063.74479201075,3181.85749184481,6825.63611398674,2626.13117553848,404.86484657285,422.728252338843,12.6608351031194,17.8434584628312,923.365332288987,892.240014900228,0.00221562194058478,0.00209927814506893,6.10444795070764e-07,0.000952668405979085,0.00386942039495867,1.30921813788686e-05,1.24769356679169e-05,1.91259745449981e-11,5.51471688787654e-06,2.03984737962243e-05,-1570.01119305334,0.094692851783741,0.0752672522569145,1,0.47741420776146
"quadratic",800,"sir_laplace",187,7.72,3333.44667248518,3144.27958028995,104.601162986479,199.964713035011,7001.67284819695,3457.53683839906,6857.36113555953,2995.19167996557,431.793610425542,407.290101073828,13.5493734438444,25.9021649009082,906.95244147629,888.259214450716,0.00184706971512674,0.0017154616383101,4.06246808374922e-07,0.000800340888897982,0.00311371936626873,1.15326501467856e-05,1.10355231463494e-05,1.0990176439201e-11,6.07787728563105e-06,1.83291020364178e-05,-1603.98789030225,0.0862868338644921,0.0735910594405507,1,0.45872085164024
"quadratic",800,"sir_laplace",188,10.777,2895.02575875671,2909.05457064384,103.993593313244,54.5108508625737,6975.36431927959,3008.32215818314,6776.33549045964,2569.77400204614,268.630023082185,269.93175936196,9.64958646313858,5.05807282755625,647.245459708601,628.777534607,0.00206613785864433,0.00191542367664155,5.69558123409279e-07,0.000899185756711904,0.00347977043043786,1.28708709817245e-05,1.19688931158154e-05,2.08696504468113e-11,5.73341849245038e-06,2.23370956029174e-05,-1550.32641895825,0.110301671860007,0.0861602193965113,0.98625,0.472920568396929
"quadratic",800,"sir_laplace",189,7.716,3583.3412906744,3666.04137213871,107.641067313783,136.45205289625,7046.32830774545,3549.83950355217,6978.00589282139,3080.70505951912,464.404003457025,475.122002609994,13.9503716062446,17.6842992348691,913.209993227766,904.355351583902,0.00192697310849847,0.00180928219417232,4.78501771140762e-07,0.000815629734843469,0.0032847949355322,1.21609120241479e-05,1.1512569500134e-05,1.43801769308631e-11,5.95699350224317e-06,1.96325331893487e-05,-1592.31254941916,0.0920165632915327,0.0704140260871744,1,0.461521826109775
"quadratic",800,"sir_laplace",18,7.687,3224.42864392424,2912.85296315856,79.6660765651949,152.13830284572,6925.86059313034,3322.46062140262,6791.25474179911,2815.58426966103,419.465154666871,378.932348531099,10.3637409347203,19.7916355985065,900.983555760419,883.472712605582,0.00192535535244931,0.00179660213691486,4.60420315982068e-07,0.000801875108290722,0.00329010641649083,1.24388771031211e-05,1.18705734857415e-05,1.60753744055632e-11,6.18068790299521e-06,1.94475175908012e-05,-1576.68585597718,0.0831738372817542,0.0641836129298556,0.9925,0.458952659141794
"quadratic",800,"sir_laplace",190,8.501,3325.57296997707,3604.18080581713,107.404908868498,146.111748331242,7180.16353163346,3485.46995600196,7110.53040981024,3435.93896156148,391.197855543709,423.971392285276,12.6343852333252,17.1875953806895,844.62575363292,836.434585320579,0.00195168485627416,0.00186118733380078,3.93268181926919e-07,0.000869446209016005,0.00316766690139331,1.12145337966621e-05,1.0522092667844e-05,1.25494179137638e-11,5.72041461389709e-06,1.8161428406511e-05,-1564.17129133868,0.0826549877879643,0.0672262226988514,1,0.459564974652481
"quadratic",800,"sir_laplace",191,7.813,3325.11468405367,3541.45335364625,85.1061653781478,195.006904948087,7099.51612670208,1970.7950920916,7294.76113152991,3179.66831694732,425.587441962585,453.277019537469,10.8928920233134,24.959286439023,908.67990870371,933.66966997695,0.00233843540826915,0.00217756882661155,7.25954979684967e-07,0.00100854879907449,0.0041120314052618,1.1808528730953e-05,1.12366118909073e-05,1.07942746776563e-11,6.51237132375157e-06,1.87346194884209e-05,-1593.02576149469,0.0769210873151734,0.062992394736622,1,0.479542994189203
"quadratic",800,"sir_laplace",192,7.802,2766.27978061677,2630.20757537949,101.402260372224,98.692559564772,7174.37443085425,2577.6771413627,6983.59178430235,2605.58077718317,354.560341017274,337.119658469558,12.9969572381728,12.6496487522138,919.555810158197,895.102766508889,0.00218707076403309,0.0020704331277085,5.76387665539726e-07,0.000953371318806413,0.00370433584137413,1.19086340822184e-05,1.12327585744985e-05,1.35597500813804e-11,6.02776478712011e-06,1.92957005793052e-05,-1574.04421259002,0.0891285867348992,0.0738827596914817,0.98375,0.468470236081855
"quadratic",800,"sir_laplace",193,7.701,3337.9557585942,3317.60737483733,111.245568846186,115.460299415477,6965.34011652592,3516.16655901524,6750.33049110769,3093.06796809227,433.444456381535,430.802152296758,14.4456004215279,14.992896950458,904.472161605755,876.552459564692,0.00180208963459258,0.00173802456455831,3.19651105183004e-07,0.000776563325790012,0.00281031424954327,1.20452793045218e-05,1.14643744059386e-05,1.3513906614072e-11,5.828286077995e-06,1.96220717361965e-05,-1549.38195041891,0.0935595835126003,0.0774713147788419,0.97625,0.458923878570262
"quadratic",800,"sir_laplace",194,7.849,2761.84753922878,3114.4774706076,120.865359010186,104.182074392823,7158.3393471694,2391.53809997682,7057.84795062489,2573.16789046745,351.872536530612,396.799270048108,15.3988226538649,13.2732926987925,912.006541874048,899.203459118983,0.00222121443920792,0.00208129045380393,5.90774855127564e-07,0.00101225727864261,0.0038489725378663,1.23724341885343e-05,1.19213414436414e-05,1.53614567367287e-11,5.76271659501283e-06,1.95888666300459e-05,-1570.72798032948,0.0766669425430397,0.060107179475843,1,0.476296845568444
"quadratic",800,"sir_laplace",195,7.571,2833.43570509161,2945.65051224504,87.4532599807148,143.328226673062,7155.70657326526,2288.3057870151,7043.29227877489,2510.01757050519,374.248541155938,389.070203704271,11.5510843984566,18.9312147236906,945.146819873896,930.298808449993,0.00242085365795021,0.00220869547621277,8.54401774978097e-07,0.00101018419202936,0.00430908590024222,1.23184153357168e-05,1.16827301049283e-05,1.43695240919116e-11,6.15255206856083e-06,1.98698773543309e-05,-1581.09986630822,0.109401054759471,0.091506489244996,0.99,0.479163640226352
"quadratic",800,"sir_laplace",196,7.552,3457.31440503745,3447.61764837058,106.64987583672,55.8992796690656,6998.81107587666,2479.07174487766,6819.18130062846,3103.85521630508,457.801165921273,456.517167421951,14.1220704232945,7.40191732906059,926.749347970956,902.963625612879,0.00213063299309011,0.00200502106068543,5.97974331676278e-07,0.000951163940489121,0.00366041585559,1.30514614035358e-05,1.21756057216795e-05,2.05374653282187e-11,6.00149714755941e-06,2.20573085481915e-05,-1570.99726016709,0.0876356764431506,0.0687387362670215,0.99875,0.472758899869208
"quadratic",800,"sir_laplace",197,10.808,3208.15380368242,3458.02028229132,87.6892434558025,86.9000842604826,7079.52652628488,1557.83232066034,7106.18945139555,3085.85580796907,296.831403005406,319.95006312836,8.11336449443029,8.04034828464865,655.026510574101,657.493472556953,0.00254171023246623,0.00230674116547007,1.11090392157045e-06,0.000926444931347317,0.00464514425257385,1.39474823302618e-05,1.29135471168331e-05,2.40338044943907e-11,6.55722551223207e-06,2.39516890641213e-05,-1592.79593420138,0.107685531311764,0.0899611475503958,0.98875,0.48907656346711
"quadratic",800,"sir_laplace",198,7.719,3143.95911389595,3012.35835622781,155.414149267462,139.905646592654,6855.09509649786,3337.05554307074,6644.06326566381,2878.27942427972,407.301349125009,390.252410445369,20.1339745132092,18.1248408592633,888.080722437862,860.7414516989,0.00169224673202164,0.001629155203239,2.67884053157307e-07,0.000810705057461509,0.00276829030662796,1.17527331930856e-05,1.10652394068008e-05,1.25660413902133e-11,6.30913501309802e-06,1.92598579185719e-05,-1550.10637934906,0.0880991738402626,0.0695494513827747,1,0.451674223865011
"quadratic",800,"sir_laplace",199,7.546,3873.64469639067,3751.95963789236,96.9474039362639,137.714028089508,6993.38971998849,1140.61464806341,7319.50080082779,3448.15535551607,513.337489582649,497.211719837312,12.847522387525,18.2499374621664,926.767786905445,969.98420366125,0.00287257177271578,0.00261340276815392,1.51767438152112e-06,0.000954968516979489,0.00534639907743211,1.37928995603716e-05,1.31682167435045e-05,1.72347516707736e-11,6.80183790206295e-06,2.21611781014869e-05,-1571.16655784464,0.102117855159249,0.0808684220100147,0.9825,0.497572775454915
"quadratic",800,"sir_laplace",19,7.732,3147.66807228103,3009.28085069425,144.248340555924,164.962921657171,7010.76328436786,2912.31608742853,6962.86149711453,2684.9605399197,407.096232835105,389.198247632469,18.6560192131303,21.3350907471768,906.720548935316,900.52528415863,0.00205350088811078,0.00193500750040983,5.53274847631868e-07,0.000854681025813752,0.00360168515303916,1.22078500197757e-05,1.15993601738345e-05,1.38486155770768e-11,5.96371795237578e-06,1.97074104852464e-05,-1569.10514749368,0.0783332715736584,0.0624261695182668,1,0.467763519018686
"quadratic",800,"sir_laplace",1,7.727,3662.46012365976,3448.33306953271,120.151631961749,158.484530799016,7019.24089448502,3895.96463598413,6829.54509685056,3229.90955434163,473.98215654973,446.270618549594,15.5495835332922,20.5104867088153,908.404412383205,883.854677992825,0.00191104205455727,0.00179844796901242,4.71137822993668e-07,0.000771171669995022,0.00323382928507993,1.17715905898435e-05,1.11479950472472e-05,1.25114247334033e-11,6.02261491909583e-06,1.90689659887732e-05,-1591.20903819648,0.0969985184087982,0.0746283589785997,0.9975,0.45823607087523
"quadratic",800,"sir_laplace",200,7.638,3913.46026446016,3570.75570966958,95.9457678449669,102.094505336589,7055.32562314367,1764.01727235919,7014.55727392339,3000.06823656876,512.367146433642,467.498783669754,12.5616349626822,13.3666542729234,923.713750084272,918.376181451085,0.00241785859606716,0.00223911570809762,9.2182828782902e-07,0.000915661901714036,0.00416472603046471,1.33061289326954e-05,1.22827209128245e-05,2.21777545324621e-11,6.12035705188146e-06,2.2170108758883e-05,-1586.87812238603,0.102303412652012,0.0783826025976767,0.98125,0.485441443678604
"quadratic",800,"sir_laplace",20,7.617,3407.9956284465,3703.16418671755,87.3755440548715,127.353878805652,7226.88456045892,3266.22439900877,7299.05515858829,3393.56125261073,447.419670269988,486.170957951629,11.4711230215139,16.719690009932,948.783584148473,958.258521542378,0.00236258665543741,0.00221020707115954,7.33546173549399e-07,0.000948734763183075,0.00401808454734884,1.20856962239426e-05,1.14692358259687e-05,1.38776633751784e-11,6.26751672233742e-06,1.93087431768045e-05,-1609.24244637619,0.0828716139772323,0.0600520915716752,0.99375,0.480242565560828
"quadratic",800,"sir_laplace",21,7.689,3632.8827557964,3380.8031342137,157.146098891493,126.874871822139,7106.07281509968,3578.3006608715,6976.01473268479,3129.53555715325,472.477923760749,439.693475642307,20.4377811017678,16.5008286932162,924.186866315474,907.27204222718,0.00201664325446996,0.00191387971622339,4.37638040646656e-07,0.000901010318246656,0.00328131234998665,1.19487080973163e-05,1.13462874928476e-05,1.33045122322307e-11,6.07893539743252e-06,1.91615415089447e-05,-1550.41006960015,0.0882041759298807,0.0707309922874991,0.99625,0.466133192228326
"quadratic",800,"sir_laplace",22,7.613,3589.76228454166,3591.95667244412,77.9969600853053,166.950413385631,7227.72933405543,3589.27660878104,7069.49846091028,3317.54865452299,471.530577241779,471.818819446226,10.2452331650211,21.9296484152937,949.393055832842,928.608756194704,0.00220034274995535,0.00205936985758053,6.11502880332359e-07,0.00102238438213004,0.00384018700044353,1.27830291607482e-05,1.21844768132077e-05,1.48711207843234e-11,6.37810688876525e-06,2.06604158421699e-05,-1641.53338322895,0.093252347539562,0.0731909133375991,0.97375,0.470543612290943
"quadratic",800,"sir_laplace",23,7.765,3263.48023861182,3193.61599234089,135.992150505073,125.427831424988,6917.79673487597,3421.75817429705,6848.55211120381,2775.69335828914,420.280777670549,411.283450398054,17.5134772060621,16.1529724951691,890.894621362005,881.977090947045,0.00181632286497582,0.00168964001351817,3.98757082638788e-07,0.00086715261946886,0.00305137894697788,1.19804000951098e-05,1.14423426785272e-05,1.29666425364312e-11,6.19410013572778e-06,1.92988335395524e-05,-1579.20240797393,0.0818471026203477,0.0664680418703939,1,0.455599777681155
"quadratic",800,"sir_laplace",24,7.692,3504.75730430355,3262.19145293687,152.264452198172,101.027123304708,6961.40095174972,3559.73360059232,6781.18361341221,3210.87494314437,455.636675026462,424.101852955912,19.7951705925861,13.1340513916677,905.018324460441,881.58913330892,0.00185482844239604,0.00172581537889426,4.37070176058685e-07,0.000784852424007588,0.00322670973988092,1.13699070288057e-05,1.08334854201877e-05,1.03801236290657e-11,6.22841943893365e-06,1.79922607547268e-05,-1551.6192286937,0.0782045862292334,0.0623964061296124,1,0.458496616100235
"quadratic",800,"sir_laplace",25,7.659,3363.73170268623,3206.37681142217,70.3017226380484,149.025239620089,7019.5163866733,2516.77127742506,7069.9016880391,3225.64772688821,439.186800194051,418.641704063477,9.17896887818885,19.4575322653205,916.505599513423,923.084173918148,0.00214859054906326,0.00198900745631162,6.46479347506055e-07,0.000867156630431617,0.0038036379907662,1.18937632802914e-05,1.12660117807653e-05,1.37857492372491e-11,6.18390738784947e-06,1.94163347887735e-05,-1551.24203474797,0.121467267197801,0.0974936180051512,0.9775,0.477045083102506
"quadratic",800,"sir_laplace",26,7.612,3577.37333419558,3696.4045079465,128.015189078452,107.710595709754,7124.90301054225,3225.78048263306,6924.1518252341,3036.99254121267,469.9649677083,485.602273771216,16.8175498001119,14.1501045335988,936.009328762775,909.636340677102,0.00196375038493961,0.0018513220470613,4.31411163075961e-07,0.000896527842240944,0.00328993838523016,1.21288995996989e-05,1.16909336960558e-05,1.36929711148071e-11,5.27801707587777e-06,1.92449055224366e-05,-1581.40572116455,0.0889386377764632,0.0685838744189956,0.9925,0.463949875137816
"quadratic",800,"sir_laplace",27,7.673,3760.31420847904,3447.76647023797,86.1172273358836,113.513319995691,7091.01534396616,1851.91803045784,7076.49647173611,3295.20921359859,490.070925124338,449.337478201222,11.2234103135519,14.7938641985783,924.151615269928,922.259412450946,0.00209881178255124,0.00197486407016352,5.2767092530895e-07,0.000911453548736773,0.00345739318881415,1.1881271691415e-05,1.12334965149791e-05,1.3727853011781e-11,5.58991885271817e-06,1.9441590226883e-05,-1570.12872986991,0.0914169562186659,0.0726928107928185,0.98375,0.469374285481201
"quadratic",800,"sir_laplace",28,7.856,3208.73698982245,3142.23129377936,118.061644998889,198.462840280115,7048.39661946575,3020.97831597145,7003.24373580206,2885.80343999395,408.44411784909,399.97852517558,15.028213467272,25.2625815020513,897.199162355619,891.451595697819,0.00199324446785111,0.00184976405726358,5.19963370603409e-07,0.00088371122378469,0.00355659026008741,1.16859044543948e-05,1.11791884156052e-05,1.14603738179804e-11,6.02431205593204e-06,1.82846513534097e-05,-1566.69490150493,0.0802369960198796,0.0635890310541982,1,0.463355513903858
"quadratic",800,"sir_laplace",29,7.699,3087.29125571076,2901.49188819313,106.98991205336,134.777290131967,6930.65084562668,1607.05852828821,6828.53262627262,1924.55458706874,400.998994117516,376.866071982482,13.896598526219,17.5058176557952,900.201434683294,886.937605698483,0.00217200181605586,0.00204459428622609,6.27158369141933e-07,0.000877092155171424,0.00374181523522388,1.33933035162615e-05,1.24712628072957e-05,2.22539234483319e-11,6.11108153242473e-06,2.25114678578553e-05,-1571.44757842954,0.106864937804158,0.0762805860647397,0.96625,0.476860051051101
"quadratic",800,"sir_laplace",2,10.753,2975.84566306892,2489.53241340074,110.884173816247,139.470011534762,7106.94649347061,3186.88868996932,6860.66245377143,2358.64701285417,276.7456210424,231.519800372058,10.3119291189666,12.9703349330198,660.926857013913,638.023105530683,0.00198147313754072,0.00187994960425383,4.25315366868294e-07,0.000897290236490632,0.00333653958599579,1.21710976576367e-05,1.14621722075624e-05,1.60968142483963e-11,5.66032072231988e-06,2.02328465577142e-05,-1561.75708158181,0.108620802360531,0.0876128314543405,0.98375,0.469279387029391
"quadratic",800,"sir_laplace",30,7.665,3019.4551921868,3230.3712481212,131.46883822037,151.234821849155,6811.34812212043,3167.32776072432,6522.15776591675,3045.51587606382,393.927618028284,421.444389839686,17.1518379935251,19.7305703651865,888.629891992228,850.901208860633,0.00180259417862509,0.00171418550443978,3.18122775809257e-07,0.000809262014602392,0.00288785589127821,1.27465973321483e-05,1.2220487545751e-05,1.30433094156704e-11,6.37382543024504e-06,1.98177456869145e-05,-1555.42537889387,0.11637839531254,0.0893884737970716,0.94,0.459599675466132
"quadratic",800,"sir_laplace",31,7.73,4001.58261704635,4288.87188723674,87.0167482385526,146.334138656304,7044.31502495194,1506.98643631539,7402.84101584662,3223.44753718608,517.669161325531,554.834655528685,11.2570178833833,18.9306777045671,911.295604780329,957.676716150921,0.00286294123404715,0.00260880429795508,1.32865597579213e-06,0.00112375919944805,0.00517272384251233,1.34999645531632e-05,1.26289088187121e-05,2.22643093481073e-11,5.89031761104543e-06,2.19834670127968e-05,-1571.94351280697,0.0890785886293527,0.0702384159244198,0.99625,0.497731661912419
"quadratic",800,"sir_laplace",32,7.706,2642.46779980133,2430.77191436644,146.311981423374,166.250302329701,6824.330050435,2759.83083013839,6603.6227173472,2317.81310258386,342.910433402716,315.438867683162,18.9867611501913,21.5741373383987,885.586562475344,856.945590104749,0.00188734299260703,0.00177095950585581,4.1882354097094e-07,0.00081102959737134,0.00321227147799328,1.262788995457e-05,1.19356833997849e-05,1.56975062455443e-11,6.13556129962015e-06,2.04359192309079e-05,-1615.06998849829,0.0969294936176384,0.078316887383641,0.99125,0.468868465230367
"quadratic",800,"sir_laplace",33,7.756,3116.24247671689,3209.47892788396,126.841963139527,142.389758761743,6834.03215485149,2990.24479008565,6668.80359565313,3004.3533284821,401.784744290471,413.805947380604,16.3540437260865,18.3586589429788,881.128436675025,859.825115478743,0.00192078040668211,0.00179677813352159,4.51916814253268e-07,0.000831656105833601,0.00325618918915912,1.34144732868889e-05,1.23904104246026e-05,2.89949216179606e-11,5.88974551381368e-06,2.31795952260494e-05,-1591.17372900197,0.101669029804173,0.0837130229995446,0.9975,0.467130219181361
"quadratic",800,"sir_laplace",34,7.788,3550.09240669718,3418.86263479879,108.389015073179,159.150179501528,7044.62333854382,2263.70284353266,6899.78003972492,3187.66619714978,455.841346519926,438.991093322905,13.9174390181277,20.4353081024048,904.548451276813,885.950184864525,0.00203676832046862,0.00189011221057971,6.0356707097174e-07,0.000757060367116759,0.00349754889636571,1.17975311355521e-05,1.12161020520939e-05,1.44917456647088e-11,5.38477451845552e-06,1.87527982764251e-05,-1591.57604046791,0.0918837541833883,0.0704479651371767,0.98,0.467443940399037
"quadratic",800,"sir_laplace",35,7.717,3244.71717245556,3135.80802323986,113.560840461697,139.736220816551,6942.55499366634,3420.03010191765,6798.47061342543,3021.56711828472,420.463544441565,406.350657410893,14.7156719530514,18.1075833635546,899.644291002506,880.973255594846,0.00193580890401361,0.00183260918526395,4.65596817871688e-07,0.000795815685561196,0.00324223539797537,1.21566148275053e-05,1.14174443279224e-05,1.47330748837223e-11,6.12735546568674e-06,2.00623936243509e-05,-1541.36730703082,0.0911550054054534,0.0709608138770045,0.9925,0.462573940341221
"quadratic",800,"sir_laplace",36,7.552,3730.02286798401,3686.90925045999,80.8932170505046,93.4772474298251,6857.01398813131,1337.74159602884,7130.40613788972,3406.94458562777,493.911926375001,488.203025749469,10.7114959018147,12.3778134838222,907.973250547048,944.174541563787,0.00244459892800023,0.00223855837787799,1.0489673367954e-06,0.000957050331695645,0.00459005851125403,1.2906317689181e-05,1.22213904737527e-05,1.98297820952435e-11,5.64064610337594e-06,2.09932459217041e-05,-1571.96168837929,0.0999684038890323,0.080492180732822,0.99875,0.484151411536496
"quadratic",800,"sir_laplace",37,7.563,2862.24454643081,2829.86952859321,97.3277380159113,77.5479158370035,6964.40274166971,3030.08838355932,6901.15664496168,2583.16845602511,378.453595984505,374.172884912496,12.8689327007684,10.2535919393103,920.851876460361,912.489309131519,0.0020333490535029,0.00190049047914224,5.46332273154216e-07,0.000829562637574941,0.0034407749494425,1.26464440611346e-05,1.19163604734338e-05,1.47276707101098e-11,6.17777263909286e-06,2.07613643977646e-05,-1575.15778811693,0.0726975364507751,0.0583271909554619,0.9925,0.467975732474196
"quadratic",800,"sir_laplace",38,7.827,3485.28878488822,3223.74007232296,130.110562901069,137.735415967052,7055.89231734314,2827.09025810366,7071.89459754403,3026.43233783299,445.290505287878,411.874290574034,16.6232992080068,17.5974723351287,901.481067758163,903.525565036927,0.00236231438125669,0.00222058626401022,6.9789252263682e-07,0.000999470157756834,0.00392746094372255,1.38750585036384e-05,1.30702113162704e-05,1.91195084398676e-11,6.72242100844831e-06,2.31219198194208e-05,-1558.91853516728,0.0973743738422796,0.0764776570099236,0.9825,0.485537032673026
"quadratic",800,"sir_laplace",39,7.568,3177.24276712498,3138.32841121172,157.699659534586,155.618267827591,7014.72326885639,3253.84612944925,6974.08766974887,3014.59776827185,419.825947030257,414.68398668231,20.8376928560499,20.5626675247873,926.892609521194,921.523212176119,0.00193073217507833,0.00179137088690065,4.57879687048057e-07,0.000863761937129493,0.0033637780360377,1.23607283325299e-05,1.18451374455584e-05,1.25272214169299e-11,6.64716628274597e-06,1.96840590692217e-05,-1569.10928818641,0.0731946079531106,0.0543591380681524,0.99875,0.461217966026472
"quadratic",800,"sir_laplace",3,7.53,3475.10256221348,3189.18487235812,93.635825037368,133.400450908944,6982.44341596182,3547.27730683529,6935.93981016016,3052.27006092108,461.501004278018,423.530527537599,12.4350365255469,17.7158633345211,927.283322172884,921.107544509981,0.00197021153758481,0.00183356790722783,4.85306999278398e-07,0.000868734763363891,0.00335640557386291,1.18156671269203e-05,1.11390482371586e-05,1.44264820585267e-11,5.52879315464618e-06,1.99510423363432e-05,-1569.21449481259,0.102508587276834,0.0746262783759875,0.96,0.466841270811285
"quadratic",800,"sir_laplace",40,7.602,3541.96037421215,3360.26441576371,130.270073609643,164.870308964695,6989.64569526199,3132.6331267066,7033.09645176448,2692.34729647837,465.924805868475,442.023732670838,17.1362896092664,21.6877544020909,919.44826299158,925.163963662783,0.00196879003746584,0.00183496880019077,5.22542929013721e-07,0.000884397118265132,0.00341696864329023,1.13443049383409e-05,1.08360024477521e-05,1.16445954649582e-11,5.8344947457544e-06,1.84534197437646e-05,-1564.38333145539,0.0849173864390887,0.0594712678137252,0.98,0.462882210489274
"quadratic",800,"sir_laplace",41,7.984,3157.14453077687,2897.14919529112,124.142114865065,143.721964389169,6927.57935315246,3408.11984959374,6919.60125334272,2801.01342702972,395.43393421554,362.869388187765,15.5488620822977,18.0012480447355,867.682784713485,866.68352371527,0.00206687286523592,0.00190961158304223,5.99409893732584e-07,0.000894657054482446,0.003776488229767,1.2473130120461e-05,1.17232548000157e-05,1.6173807290435e-11,6.21661936170915e-06,2.1175622085549e-05,-1581.41170503251,0.123307972482408,0.0991468945174072,0.97375,0.475191456968983
"quadratic",800,"sir_laplace",42,7.701,3442.98711838697,3394.19929212799,87.9678120288087,130.143438367811,7072.64222159931,2919.04828530976,6866.47091110394,2968.26744470792,447.083121463053,440.747862891572,11.4229076780689,16.8995504957552,918.405690377784,891.633672393707,0.00231968276431505,0.00216779114577277,6.97416389961638e-07,0.00102341797550464,0.00400416160369438,1.29658217599095e-05,1.20819047939415e-05,2.01661580018023e-11,6.01104790011784e-06,2.20149676987407e-05,-1584.69482578652,0.0998597119232052,0.0755211034896346,0.9675,0.479054401897647
"quadratic",800,"sir_laplace",43,7.769,3656.72610403779,3550.82433580793,146.288609516754,155.135507061199,7173.26732476145,3499.58580424514,7132.16367422114,2936.59577503681,470.681697005766,457.050371451658,18.8297862680852,19.9685296770755,923.319259204718,918.028533173013,0.00227456491386219,0.0022055626556817,6.50652194133753e-07,0.000916142251252275,0.00373034089697117,1.26807207236354e-05,1.2011803272924e-05,1.61729208526824e-11,6.18997995224201e-06,2.08073275301267e-05,-1555.17081033737,0.100177442318053,0.0802230390611914,0.99,0.475487870079632
"quadratic",800,"sir_laplace",44,7.833,3675.11987146598,3435.34045539952,132.813492530621,165.765077973051,7227.21334763759,3455.70692804317,7120.16845882001,3294.18357726811,469.184204195836,438.572763360082,16.9556354564817,21.1623998433615,922.662242772576,908.996356290057,0.00226683236757444,0.00211997073074767,6.92745845067752e-07,0.0009575952457394,0.00383545339918207,1.22466709356727e-05,1.16566271624735e-05,1.27218543127497e-11,6.04625051163345e-06,1.93562118014321e-05,-1563.23209173069,0.108964070102421,0.087546986478962,0.98875,0.481117574889149
"quadratic",800,"sir_laplace",45,7.947,3254.37743330915,2768.55488162294,131.318713719128,121.672761784641,6871.05099372949,3426.64191885555,6764.52680909114,2590.55036031902,409.510184133529,348.377360214287,16.5243127871056,15.3105274675526,864.609411567823,851.205084823348,0.00208123498927534,0.00193881483413139,5.41385582083217e-07,0.000901168686876565,0.00363743369675571,1.30352298979629e-05,1.23013071408826e-05,1.77603483899599e-11,5.92696415674588e-06,2.15242977872053e-05,-1578.92182017103,0.0950029100333563,0.0818037196461068,1,0.470755771275324
"quadratic",800,"sir_laplace",46,7.596,3095.80109812721,3210.34905384814,131.772698815212,140.018430421031,6911.686437813,3271.89917283188,6836.65406839402,2896.93023814451,407.556753307952,422.636789606127,17.3476433406019,18.4331793603253,909.911326726303,900.033447655874,0.00184173587246517,0.00171205848213727,4.1385623844537e-07,0.000859172338091799,0.00307623508951034,1.17090443540682e-05,1.12064451294962e-05,1.08729607868221e-11,5.84618963380446e-06,1.83022326821093e-05,-1593.68048386575,0.0710007674054024,0.05385482860511,1,0.458770745907172
"quadratic",800,"sir_laplace",47,7.832,3535.97765804971,3438.44490859272,107.880379825715,140.07954969119,7117.72661759925,2666.3431245853,7053.88068077741,2461.26429814075,451.478250517073,439.025141546568,13.7743079450606,17.8855400525013,908.800640653633,900.648707964429,0.00221895718738287,0.00203934921915692,6.81816615211245e-07,0.000909445000678366,0.00387162565564334,1.30341628847921e-05,1.24007905221719e-05,1.55892054043266e-11,6.18550280611546e-06,2.06115218128569e-05,-1603.62896030589,0.103040399705806,0.0787798690134066,0.9825,0.474106174589759
"quadratic",800,"sir_laplace",48,7.727,3304.37158497815,3273.85257546474,104.071234765598,130.848930710212,6920.18158420872,3525.9830316249,6755.37386362699,3114.14108201261,427.639651220156,423.689992942247,13.4685175055776,16.9339887032758,895.584519763002,874.255709023811,0.00182624754085271,0.00174199671094514,3.42394161052464e-07,0.000794196255398077,0.00297056631416341,1.15643139615231e-05,1.0744559795702e-05,1.58909412978718e-11,5.35067871935514e-06,1.92831901639193e-05,-1548.56734099504,0.0722392804112181,0.0584406759312911,1,0.458209534272409
"quadratic",800,"sir_laplace",49,7.896,3216.35628588027,3376.71329465295,146.435829135282,125.43981866411,7043.83273389111,3414.51867867657,7080.0941082789,3120.45945758445,407.33995515201,427.648593547739,18.5455710657652,15.8865018571567,892.076080786615,896.668453429446,0.00209201967360036,0.00195974214442827,5.45838605514573e-07,0.000897580269877453,0.00344885063685628,1.13729908977184e-05,1.08864537224786e-05,1.17929732304324e-11,5.80177670709966e-06,1.81723486922355e-05,-1600.68219807091,0.0838020772939139,0.0668651915424526,0.99,0.469400929684021
"quadratic",800,"sir_laplace",4,7.591,3799.86723340148,3732.45765949126,101.910412759733,135.766121090873,7186.8789935897,2872.93878375782,7183.20314715713,3519.54507441996,500.575317270647,491.69512047046,13.4251630562157,17.885143076126,946.763139716731,946.278902273368,0.0023034625504775,0.00215062322933159,7.09580083805744e-07,0.000924327948703627,0.00395414332709077,1.25400148887301e-05,1.17260356643498e-05,1.92371026815472e-11,5.85805143405424e-06,2.1646834508774e-05,-1597.14228765353,0.0905987496723192,0.0696399937964161,0.9825,0.475000508785869
"quadratic",800,"sir_laplace",50,7.904,2972.03141876972,3126.39992747472,98.7825566049356,164.255046607311,6989.98150361176,3098.31582006223,6893.57484205176,2885.71021767171,376.016120795764,395.546549528685,12.4977930927297,20.781255896674,884.360008048047,872.162808964038,0.00178335565653334,0.00169675205478754,3.06725509567089e-07,0.000825348555056706,0.00292117752047398,1.1240257939298e-05,1.06539899255089e-05,1.13094763320264e-11,5.70726158896688e-06,1.80272892398043e-05,-1565.99014705241,0.0562588958474512,0.0470336373299353,1,0.454498653269919
"quadratic",800,"sir_laplace",51,7.735,3622.98955477359,3340.3262501007,87.1778210838276,123.284645908942,6997.89776484877,2358.31555805987,6825.79168889962,3007.52477345889,468.389082711518,431.845669049864,11.2705651045672,15.9385450431728,904.705593387043,882.455292682562,0.00237981096407263,0.00226786281705597,6.9024023590266e-07,0.000937161145874339,0.00396172794835513,1.39767607891549e-05,1.30032393310466e-05,2.29313431766928e-11,6.86812336866724e-06,2.3784211895711e-05,-1540.21371914842,0.0985805645336082,0.079356312932917,0.9925,0.486088426780442
"quadratic",800,"sir_laplace",52,8.059,2698.76110074008,2737.14537727552,95.5378333485533,116.44173418757,6963.01957304135,2878.80183255937,6832.95141403918,2523.67928731344,334.87543128677,339.638339406318,11.8548000184332,14.4486579212768,864.005406755348,847.865915627148,0.00207114594982681,0.00189338878465969,6.28294534490344e-07,0.000805881799748544,0.00368220308193235,1.25214998868557e-05,1.19009082042734e-05,1.68680238924974e-11,6.03915979978533e-06,2.04638730774812e-05,-1561.51405326037,0.121145128467691,0.0926933859062377,0.975,0.47563910340816
"quadratic",800,"sir_laplace",53,7.817,3433.63662059621,3283.35304097591,118.603042653674,179.766992746756,7246.51021638926,2907.88273747101,7157.94447760026,3165.33716806356,439.252478008982,420.027253546874,15.1724501283963,22.9969288405726,927.019344555362,915.689456006174,0.00237663489832798,0.0022492833746024,6.42309726282395e-07,0.00111637176910902,0.00396579683073648,1.28465859495257e-05,1.21673521509005e-05,1.49876264699585e-11,6.56561105747911e-06,2.08115649477524e-05,-1609.98709160891,0.0960730611774693,0.0777979508508352,0.9875,0.477284902312964
"quadratic",800,"sir_laplace",54,8.023,3735.22785617879,3760.33596161422,125.236430387688,100.707406960591,7224.9114073636,2153.47951386165,7167.32116180251,2911.89175291034,465.564982697095,468.694498518537,15.6096759800185,12.5523378986153,900.524916784694,893.346773252214,0.00245639844006732,0.00226977263116672,9.29623645885727e-07,0.000988096659999165,0.00430531438934488,1.2411767670263e-05,1.17734266551638e-05,1.45652188703857e-11,6.2220638708077e-06,1.99934435151419e-05,-1573.25874284196,0.0922088037799104,0.0760810430333923,1,0.488648228917529
"quadratic",800,"sir_laplace",55,8.015,3082.02916238181,2961.42305507562,77.9234067123085,179.592188932298,6889.30885884882,3067.37572726251,6873.16059731288,2772.5461812155,384.532646585379,369.485097326965,9.7221967201882,22.4070104719024,859.551947454625,857.537192428307,0.00189661420227523,0.0017393762692642,5.50773742296295e-07,0.000738034318980807,0.00340348895906001,1.15383785792042e-05,1.10949926317167e-05,1.0440964764524e-11,5.8059947139375e-06,1.82589284331401e-05,-1588.87516921663,0.0697646748128209,0.0562003286698349,1,0.462224735693853
"quadratic",800,"sir_laplace",56,7.923,3053.39770651327,2890.92687010099,141.222383267539,171.218477939985,6825.72393052296,3183.16585168049,6624.61443053005,2771.44699288078,385.384034647642,364.877807661364,17.824357347916,21.6103089662988,861.507501012617,836.124502149445,0.00174287533584765,0.00163401652961497,3.20601447609112e-07,0.000841702396826637,0.0028373777704703,1.25004882776087e-05,1.18617165788781e-05,1.49362750372749e-11,6.35204439075728e-06,2.05952338670812e-05,-1594.91201991232,0.103049367663137,0.0855545475178158,0.99625,0.454101515464115
"quadratic",800,"sir_laplace",57,7.767,3594.56055526236,3661.2476585491,81.7215724506642,132.10863820603,7091.1588903837,2705.9772954787,7108.82338249881,3351.79014255389,462.799092991163,471.385046806889,10.5216393009739,17.008965907819,912.985565904944,915.259866421888,0.0019322756836829,0.00182275796247499,3.92977500107818e-07,0.000928486724178661,0.00319251351552596,1.15879685706744e-05,1.10572327821922e-05,1.30751016807905e-11,5.32281937505964e-06,1.85296171108391e-05,-1587.30036594501,0.0883222480549991,0.0745523535192952,0.995,0.459759532710108
"quadratic",800,"sir_laplace",58,7.717,3124.93865621999,2993.70803109989,122.945884630212,157.275071418683,7031.17202087934,3282.20855862392,6816.66610276354,2825.8920223802,404.942160971879,387.936767020848,15.9318238473774,20.3803383981707,911.127642980348,883.331100526569,0.00195942069472378,0.00183625561101486,5.06074034274754e-07,0.000819284347006577,0.00339897410091363,1.18877773428515e-05,1.12180311424122e-05,1.31988917296779e-11,5.63016856238472e-06,1.90300655291906e-05,-1553.65780733126,0.0922633008374131,0.0706905187206975,0.98875,0.465766576951415
"quadratic",800,"sir_laplace",59,7.976,3305.90319173407,3232.91560720982,127.521420277016,155.864241199853,7087.54579927577,3424.79350186706,7054.68908886279,3023.6364065271,414.481342995746,405.330442227911,15.9881419605085,19.5416551153276,888.609052065668,884.489604922617,0.00212273068057982,0.00199294099737132,5.37297525619041e-07,0.000895133539132191,0.00364165508616718,1.21645500723019e-05,1.1470058886973e-05,1.54097635285044e-11,5.9809874617961e-06,2.02441797144177e-05,-1576.71114085415,0.0807124487333242,0.0620522555062738,1,0.473023620903967
"quadratic",800,"sir_laplace",5,7.6,3662.14623001801,3582.98461560704,68.1886364024139,159.772369358391,7073.78679677427,2248.03835396823,7252.69386280335,3424.76401587918,481.861346055001,471.445344158821,8.97218900031762,21.0226801787357,930.761420628193,954.301824053072,0.00231577548352563,0.00217304853785102,7.75134066991911e-07,0.000926299266658343,0.0040720735753757,1.22568282655956e-05,1.16480226627809e-05,1.25770508778801e-11,6.56719687965964e-06,1.96631953044552e-05,-1564.15625949203,0.0877083180958861,0.0688542351280506,0.9875,0.476357988752094
"quadratic",800,"sir_laplace",60,7.823,2856.17056975327,2750.34828513317,113.485629026806,89.3516327071782,7041.98981838765,2962.30894078166,6809.45559862022,2595.5908212117,365.099139684682,351.57206763814,14.5066635596071,11.4216582777935,900.164875161402,870.440444665757,0.0019803178321626,0.00188793368776812,4.69962965372656e-07,0.000757750899697984,0.00324658444044735,1.21207644721369e-05,1.14432725513968e-05,1.32368746897398e-11,6.25522719126365e-06,1.95407650685008e-05,-1550.96030977371,0.0879528026306408,0.0717092822859587,1,0.468014407740799
"quadratic",800,"sir_laplace",61,7.729,2930.26294622727,2784.13998278186,55.7351301857253,78.842526230954,7121.0007954753,2794.5717912793,7090.36157236175,2677.31624385203,379.125753166938,360.219948606787,7.21116964493793,10.2008702588891,921.335333869233,917.371144049909,0.0021463519841138,0.00202173484137026,5.90620835436721e-07,0.000816513040687665,0.00362734605703913,1.26185876726833e-05,1.18224059851127e-05,1.85735900076999e-11,5.85686995810749e-06,2.09791923608619e-05,-1600.31146361103,0.110387490256791,0.0854718606042757,0.955,0.467328769600513
"quadratic",800,"sir_laplace",62,7.783,3134.10493763483,3200.5812122058,131.781494300459,159.426397170239,7090.6450330549,2880.63285939592,7029.43756202356,2953.87855040568,402.685974256049,411.227189028113,16.9319663754926,20.4839261429062,911.042661320173,903.178409613717,0.00199799580774475,0.00187721924100595,5.76493752266224e-07,0.000824556598745989,0.00342398120943255,1.16510810807341e-05,1.10835864550899e-05,1.21472854602574e-11,6.10464652574487e-06,1.86923112957523e-05,-1593.11315417406,0.0925353031439402,0.0748795063478158,0.99875,0.460780633879342
"quadratic",800,"sir_laplace",63,7.705,3504.16067301172,3426.05203227015,105.5734467994,142.934871783265,6983.3513423578,899.633309737967,7526.50550933681,3239.29802402572,454.790483194253,444.653086602226,13.7019398831148,18.5509243067184,906.340213154809,976.833940212435,0.00296040935560189,0.00263606170811245,1.73478832630359e-06,0.000995690181060118,0.00564519948386048,1.3125791399545e-05,1.25171564834716e-05,1.67096364399934e-11,6.324256816867e-06,2.11554105422935e-05,-1571.99711718415,0.101928564627249,0.0855851555800985,0.99625,0.503780619480224
"quadratic",800,"sir_laplace",64,7.688,3603.88567276266,3563.66123120286,115.348325046267,102.495959146524,7068.02208081251,2239.80983273414,7116.86632985674,3087.32722118837,468.767647341657,463.535539958749,15.0036843192335,13.3319405757705,919.357710823688,925.711021053166,0.00227991855309653,0.00210388019732316,7.62383490301778e-07,0.00101733856010162,0.00409634510098921,1.28068470142483e-05,1.24085930769028e-05,1.31219106800117e-11,6.1707504953453e-06,1.95082985803402e-05,-1569.04970839417,0.0959073791009543,0.0704404643408867,0.98125,0.479323841488968
"quadratic",800,"sir_laplace",65,7.763,2097.04617685192,2636.74142601405,107.963443902792,195.241383574779,6933.7840894046,2205.95430313612,6785.21831748673,2107.83992514756,270.133476343156,339.654956333125,13.9074383489362,25.1502490757154,893.183574572278,874.045899457263,0.00189602411693879,0.00173536327258663,5.32127237403683e-07,0.000791582287734217,0.00348753720835208,1.23592413972186e-05,1.20028946422015e-05,1.23221316971715e-11,6.07401382282541e-06,1.90043079425945e-05,-1565.32699544838,0.0833890520103678,0.0626573405271163,0.99125,0.462057438428145
"quadratic",800,"sir_laplace",66,7.608,2994.31231997447,2699.59924002069,98.6718837214054,157.087237366573,7000.39277396145,2780.53615695271,6775.08352688341,2570.51553574531,393.574174549746,354.836913777694,12.969490499659,20.647638980885,920.135748417646,890.520968307494,0.00190009744855126,0.00175285097985156,5.18188822456427e-07,0.000804072548858628,0.00324257936888532,1.18689514298106e-05,1.14389635964839e-05,1.06907687844832e-11,6.21200186112244e-06,1.86818854281717e-05,-1592.25140032208,0.094007745525403,0.0736642237430705,1,0.461916430588063
"quadratic",800,"sir_laplace",67,7.732,3404.93891680839,3292.83145404505,105.36475947839,150.813219594521,6976.42239639019,3511.0873689222,6857.88572667816,3145.49436514228,440.369751268546,425.870596746644,13.627102881323,19.5050723738388,902.279151110992,886.948490258427,0.00188507166096093,0.00178959163417276,4.23718737699212e-07,0.000749789356188916,0.00311376869036329,1.21065939949372e-05,1.13649181157354e-05,1.42844755831565e-11,5.96511516536775e-06,2.00665364290078e-05,-1575.45736401958,0.0893218059380424,0.0710097377155601,1,0.461264396985676
"quadratic",800,"sir_laplace",68,7.852,2761.95474282326,3314.78377718823,122.490268832439,139.28236084187,7113.1812934157,2321.1100883991,7187.4444331234,2901.90738963319,351.751750232203,422.157893172215,15.5998814101426,17.7384565514353,905.906940068225,915.364802995848,0.00246021474180136,0.00230349211953839,7.56466102455989e-07,0.00101762408852116,0.00425394461919754,1.30175230957727e-05,1.24125661640156e-05,1.54129624167827e-11,6.42917591320582e-06,2.14690670620253e-05,-1557.59700288027,0.100967014856344,0.0743272259906238,0.98,0.48773056616819
"quadratic",800,"sir_laplace",69,7.743,3435.5463170608,3439.80207499424,114.165523534826,104.095768437436,7111.37012658144,3479.61693068727,6928.33809948869,3237.42775718337,443.697057608265,444.246684101026,14.7443527747419,13.443854893121,918.425691150902,894.787304596241,0.00204638651890827,0.00193980102166509,4.88153812315765e-07,0.000892921715121702,0.00349572857025063,1.23442498808891e-05,1.16358325327552e-05,1.56872862739236e-11,5.94579840712375e-06,2.08311902886276e-05,-1595.46823348674,0.0883957142102739,0.0718365838415497,1,0.466496779364794
"quadratic",800,"sir_laplace",6,7.614,3230.22577909343,2949.91423618756,119.510922737145,145.247342419015,7039.88582701172,3225.77743772354,6786.09197829465,2324.86758030583,424.248197937146,387.432917807665,15.6962073466174,19.076351775547,924.597560679238,891.265035237017,0.00225687645516158,0.00211130783251617,7.09418697361887e-07,0.000901581405262366,0.00395461853944142,1.31542297005132e-05,1.21243196555336e-05,2.5528875536321e-11,5.50622605786019e-06,2.34286763802888e-05,-1549.30871763177,0.115443385651394,0.0909516300827685,0.96375,0.482223819450378
"quadratic",800,"sir_laplace",70,8,3358.58853781068,3155.07397849498,121.16937332463,141.654296233612,6895.54356098174,3276.78481438446,6703.43232925726,3049.28060873167,419.823567226336,394.384247311872,15.1461716655788,17.7067870292015,861.942945122717,837.929041157158,0.00193263457101974,0.00179699667154158,4.61000484179921e-07,0.000864772936444311,0.00325385219621637,1.2174822149603e-05,1.14253156579594e-05,1.48891947290729e-11,6.33501729690603e-06,2.04288585623106e-05,-1572.91991558601,0.074294924635061,0.0585759333187345,1,0.464103465131031
"quadratic",800,"sir_laplace",71,7.643,3492.13542089924,3319.72789028753,95.2917032308139,164.270803239025,6939.18484749337,3330.72136712203,6974.87974255411,2738.66810883882,456.906374577946,434.348801555349,12.4678402761761,21.4929743868932,907.913757358809,912.584030165394,0.00219210819710714,0.00205512550490084,6.30245846693034e-07,0.000936943784605347,0.00376120395687527,1.3162924075715e-05,1.23372772166387e-05,1.93801803759897e-11,6.24024498365028e-06,2.17281982503749e-05,-1542.27130413302,0.0847615261442053,0.0672781415203726,1,0.474468876879083
"quadratic",800,"sir_laplace",72,7.656,3739.62577602831,3489.64327986524,87.5335753965876,198.849379522152,7217.73060362087,3606.98243775904,7049.12822053207,3389.34925888863,488.456867297324,455.8050261057,11.4333301197215,25.9730119543041,942.754781037209,920.732526192799,0.00208181466145748,0.00196604861640485,5.21308288774714e-07,0.000930204863589728,0.00345718328882029,1.22375335982848e-05,1.16372555139353e-05,1.31892023832166e-11,6.32260438543235e-06,1.96257052896711e-05,-1583.53193091241,0.110561035231369,0.0842606023547483,0.9475,0.463120630433273
"quadratic",800,"sir_laplace",73,7.505,3364.46235265666,3290.44101061568,102.322364015929,160.26414824749,7162.22480980408,3499.94788900399,7015.80804780744,3187.69944272183,448.296116276703,438.433179295894,13.6338926070525,21.3543168884064,954.327089913935,934.81786113357,0.00209323942076382,0.00196357426667222,5.88553225393931e-07,0.000897451354330552,0.00359441538182474,1.22849445433666e-05,1.17581964393019e-05,1.22982788376958e-11,6.35624553469114e-06,1.91109968198655e-05,-1608.7890103322,0.0909962675887108,0.0765485897295041,1,0.468505948693108
"quadratic",800,"sir_laplace",74,8.037,3573.39919487223,3334.36917608856,79.0349114637633,140.701545963006,7180.62593717527,3479.9102275575,7094.42273930582,3206.59524859005,444.61853861792,414.87733931673,9.83388222766745,17.5067246438977,893.446054146482,882.720261205154,0.00216412253605893,0.00207953361716954,5.56976885949619e-07,0.000850783045784716,0.00351374855984153,1.22243446741054e-05,1.15352197990432e-05,1.51881601881297e-11,5.78881698266091e-06,1.99346187854729e-05,-1562.66544341947,0.0915955782437955,0.0762982239174135,1,0.472102593570199
"quadratic",800,"sir_laplace",75,7.631,3743.58836455104,3821.60559423427,94.1540443743628,134.824480734987,7236.39556053398,1806.36458926779,7424.54457661186,3586.66054495295,490.576381149396,500.800104079972,12.3383625179351,17.6679964270721,948.289288498753,972.945167948088,0.00257967973565392,0.00243785370885336,8.94194816816809e-07,0.0010295019874071,0.00449427840112623,1.27551858994232e-05,1.20173639140024e-05,1.77454740339205e-11,6.24841735940277e-06,2.10688337410975e-05,-1600.0450202143,0.0854707800782548,0.0687946117047898,1,0.484237789396185
"quadratic",800,"sir_laplace",76,7.734,3632.30294486572,3491.71674768413,122.597181826509,92.39335094525,7086.03818946141,2735.58116976847,7128.46169021815,2933.51208879464,469.653858917212,451.476176323265,15.8517173295202,11.9463862096263,916.219057339205,921.704381978038,0.00229770057190341,0.00216029576545129,7.45328072789078e-07,0.000823425104181183,0.00399432200454901,1.27257959064084e-05,1.19876859730812e-05,1.91844312087164e-11,5.72295755204662e-06,2.01409626583746e-05,-1590.99394464197,0.0852338662668857,0.0696546131816253,1,0.474620865280216
"quadratic",800,"sir_laplace",77,7.635,3474.7284425192,3345.78679520952,160.970455540567,160.611274053166,7192.0871897206,3626.31099429799,6882.95792365988,2862.32912531493,455.105231502187,438.217000027442,21.0832292783978,21.0361852067015,941.989153859935,901.500710368026,0.0020397344689795,0.00196223823726228,4.18932925137526e-07,0.000857072410479085,0.00324541510719044,1.2052376028827e-05,1.15265317975776e-05,1.3468099169841e-11,6.03135043906057e-06,1.91901260843611e-05,-1564.72163328475,0.0745326210926179,0.0593969131059343,1,0.469681997304754
"quadratic",800,"sir_laplace",78,7.644,3731.38544229791,3338.96789933257,88.9188240505746,117.657313899271,6990.52960889993,1870.83971496735,6978.13138103488,3151.92256119525,488.145662257707,436.808987353816,11.6324992216869,15.3921132782929,914.511984419143,912.890028916128,0.00220618045560954,0.00206431227070673,7.10843535540837e-07,0.000910308517004557,0.00377799152509307,1.29208574649007e-05,1.2296839353465e-05,1.63839307641018e-11,6.41497587010829e-06,2.12489558208256e-05,-1593.98914735892,0.0817161899136062,0.0595211487818,0.995,0.471289787876657
"quadratic",800,"sir_laplace",79,7.786,3230.30255253447,3375.37466506529,114.071342042921,168.813004444177,6787.42339840862,3296.09603971367,6612.42786261599,2950.98911324311,414.886020104607,433.51845171658,14.650827387994,21.6816085851756,871.747161367663,849.271495326996,0.00186444634520721,0.00174395821637435,4.24484867452503e-07,0.000850114689738825,0.00318339773667685,1.28698049388626e-05,1.22239715727686e-05,1.71675854952883e-11,6.13989291591338e-06,2.06324654002306e-05,-1573.3055488285,0.102608812256071,0.0827826821249369,0.985,0.464151353521312
"quadratic",800,"sir_laplace",7,7.681,3080.52550101636,3160.57915198169,133.642314024954,162.964803105931,6970.44495272707,3218.56798938159,6718.18365666619,2917.50361117207,401.057870201323,411.480165601053,17.3990774671207,21.2166128246232,907.491856884139,874.649610293737,0.00191340391274899,0.00182429249601073,4.23283287517231e-07,0.000783585149623955,0.00316572596269916,1.16535000271644e-05,1.11009718473051e-05,1.26231980755169e-11,5.9230924514681e-06,1.89555328426357e-05,-1561.19430616303,0.0953155931063475,0.0747366021604086,0.99125,0.468668290487317
"quadratic",800,"sir_laplace",80,7.58,3542.84497158717,3542.52698651704,74.4179488740873,108.886558913336,7005.50565912147,2739.76435575323,7019.03442248392,3242.72535617376,467.393795723901,467.351845186945,9.81767135542049,14.3649813869836,924.209189857714,925.993987135082,0.00228902429389369,0.00208550028394304,7.68040855693369e-07,0.000887064961270762,0.00408575502495915,1.3036476706654e-05,1.21899911551035e-05,1.7201872299269e-11,6.41226938394015e-06,2.13871420051394e-05,-1556.19868677108,0.100996723940574,0.0796634212885856,0.99,0.482631831504684
"quadratic",800,"sir_laplace",81,7.797,3272.43375213856,3203.47659357543,127.920649207847,92.7953634273357,7079.17745798492,3431.60457973172,6851.68074226276,2952.28639933964,419.704213433187,410.860150516279,16.4063933830764,11.9014189338638,907.936059764642,878.758592056274,0.00201078252540562,0.00189810609201477,4.39282003373283e-07,0.0009180238369304,0.00334965411253323,1.26289086841929e-05,1.19045499124354e-05,1.81075355674635e-11,5.94734669510199e-06,2.1010970139708e-05,-1577.19007118838,0.109114665280121,0.084482647092322,0.96625,0.471315632812389
"quadratic",800,"sir_laplace",82,7.683,2246.66953161288,2283.56768858554,124.51691710228,189.45219351796,7161.02009259093,1938.35538717471,7117.5307087928,1768.12488968877,292.420868360391,297.223439878373,16.2068094627463,24.6586220900638,932.060405127025,926.399936065704,0.00242817980351715,0.00227210433900327,8.85165698901207e-07,0.000946477544479549,0.0043554637832654,1.31684074744294e-05,1.25805638261625e-05,1.55916137488969e-11,6.48621146257228e-06,2.11672618342968e-05,-1576.58132831745,0.115456769554914,0.0899174610324621,0.98125,0.481664117065814
"quadratic",800,"sir_laplace",83,7.658,3217.23784467123,3075.59519508346,66.5211852407267,150.798782990877,6866.02063320954,3377.06607140893,6647.44706378975,2823.31555933115,420.114631061795,401.618594291389,8.68649585279795,19.6916666219478,896.581435519658,868.039574796258,0.00179289591863959,0.00167633828785787,3.62945022346866e-07,0.000856788918664959,0.00304950098746896,1.20171204941142e-05,1.128566441618e-05,1.49426439784927e-11,6.02385905713265e-06,1.9591255317317e-05,-1573.43185202777,0.0845554159802855,0.0597156199173065,0.99,0.45953675027117
"quadratic",800,"sir_laplace",84,7.558,3419.23805977093,3357.00553253193,91.790183638789,133.580432101422,7081.02477948628,3020.04832912045,6998.80689661766,2875.35480289289,452.399849136138,444.165855058471,12.1447715849152,17.6740449988651,936.891344203001,926.01308502483,0.00212483830010466,0.001943449961571,6.85505292831623e-07,0.000927632275603401,0.00376926518950079,1.23558399956313e-05,1.17742533629954e-05,1.45814372968831e-11,6.08543763074421e-06,1.97858667215917e-05,-1592.89916279736,0.123872583818438,0.09557731800833,0.95,0.472157248958042
"quadratic",800,"sir_laplace",85,7.851,3183.18176596616,2967.65054602673,127.571374958373,146.419485207268,7193.24838716433,3440.98759265686,7184.77773097226,2871.30848816076,405.44921232533,377.996503124027,16.2490606239171,18.6497879515053,916.220658153653,915.141731113522,0.00198051132460606,0.0018674818491305,4.58828523478703e-07,0.000894876976093421,0.00331683033666831,1.13588565702445e-05,1.07268696680541e-05,1.22119171024725e-11,5.64524427008337e-06,1.83109812816895e-05,-1585.87520521724,0.0661439264041757,0.0515921227690193,1,0.459711011226585
"quadratic",800,"sir_laplace",86,7.807,2892.39248914538,3138.53202551491,107.913714816401,83.3998509598667,7114.69521339597,2776.42362779637,6892.97798522568,2685.17313677231,370.487061501907,402.015117908916,13.8226866679136,10.6827015447504,911.322558395795,882.922759731738,0.00187837429950333,0.0017717594870316,3.98146737820411e-07,0.000749512010930334,0.00309872887205306,1.15173883523778e-05,1.09364729181488e-05,1.24740766760937e-11,5.30832071678568e-06,1.8312584938492e-05,-1583.48682657014,0.0816651294578702,0.0588932476622298,0.99125,0.460824137573982
"quadratic",800,"sir_laplace",87,7.748,3279.18408135327,3754.12771615369,85.7223048529083,174.920442437801,7200.13029258972,2949.92885204737,7167.57838237313,3359.45476864253,423.229747206152,484.528615920714,11.0637977352747,22.5762057870162,929.288886498415,925.087555804482,0.00224075072088316,0.00212449004164442,6.30747687701388e-07,0.000867176088736064,0.00361606786128087,1.2054000671967e-05,1.12901797103668e-05,1.47025048082688e-11,6.18150122768188e-06,2.03761116140235e-05,-1567.83440100553,0.09251403977205,0.0695256141202777,0.97625,0.473141351379864
"quadratic",800,"sir_laplace",88,7.667,3426.54761670789,3284.55236339704,73.6944745500936,150.955300769951,7047.07842708567,3093.47132456805,6948.57767734134,2970.33701658415,446.921562111372,428.401247345382,9.61190485849662,19.6889657975676,919.144179872919,906.296814574323,0.00222399301352116,0.00209907259336701,6.37036750280817e-07,0.000852947889329355,0.003774160431303,1.24858232802943e-05,1.16670788856316e-05,1.78350618715691e-11,5.7948366749013e-06,2.09285708956309e-05,-1589.21813017622,0.100559195756053,0.0817288306806331,0.9925,0.476107947264839
"quadratic",800,"sir_laplace",89,7.637,3142.17880072526,2796.2408577175,106.613043954192,157.466190214004,6920.1809228725,2103.93625696401,6723.35568611284,2682.67153989483,411.441508540691,366.143886043931,13.9600686073316,20.6188542901668,906.138656916656,880.366071246934,0.00188472603130998,0.00174676262787048,4.52543966831614e-07,0.0008948708625643,0.00323976941103644,1.22275323721176e-05,1.1660831852173e-05,1.30787780508216e-11,5.90262682067151e-06,1.94289667452329e-05,-1613.44159392033,0.119542560800316,0.0833143320878362,0.94375,0.456961978962101
"quadratic",800,"sir_laplace",8,7.665,3850.07340003154,3772.25911392279,74.0589184595699,126.951091834476,7130.63915670973,1826.77926283745,7096.64053484577,3120.59732633915,502.292681021728,492.140784595276,9.66195935545596,16.562438595496,930.285604267414,925.850037161874,0.00255163519381266,0.00237713395187006,8.6052638711601e-07,0.00104574350005176,0.00438643212348813,1.35038626089149e-05,1.25266184423905e-05,2.34379542745379e-11,5.37600999507582e-06,2.2969598977783e-05,-1543.15082514203,0.0972247678261754,0.0795827228145239,0.99125,0.489354009150902
"quadratic",800,"sir_laplace",90,7.675,3013.64977563764,2967.48469444967,156.784170883984,136.836697784103,7027.3917278818,3131.18203456364,6844.28481127118,2801.20496068084,392.657951223146,386.642956931553,20.4279050011705,17.8288857047692,915.621072036716,891.763493325235,0.00183952017141013,0.00175944705046232,3.52721825263323e-07,0.00083900579634584,0.00311708938386328,1.16339836607351e-05,1.10884611390266e-05,1.27050540654483e-11,5.88600499501372e-06,1.92013534352854e-05,-1589.8202711523,0.0712535828666997,0.0571059040375245,1,0.456234571373439
"quadratic",800,"sir_laplace",91,7.629,3047.93406980547,3009.08562755089,146.068756163205,153.063780026687,6940.52038135075,2916.2278422155,6702.26115296119,2824.88910046332,399.519474348601,394.427267997233,19.1465141123614,20.0634132948862,909.754932671484,878.524204084571,0.00181416205609493,0.00171298284237696,3.62910845476578e-07,0.000851250125101452,0.00301153393271832,1.16635166080025e-05,1.11860948833382e-05,1.32693652212729e-11,5.3644943048245e-06,1.87179692264058e-05,-1558.23263006223,0.0945768672020103,0.0768193037139561,1,0.454578311457436
"quadratic",800,"sir_laplace",92,7.642,3413.98434592334,3484.56068818532,122.763887800582,161.031434925408,7021.58225848804,3136.11171463499,7113.56593912077,3292.08733539522,446.73964223022,455.974965740032,16.0643663701364,21.0718967450155,918.814742016231,930.851339848308,0.00214829869977313,0.00200144644906798,6.73401670621903e-07,0.000882390739005806,0.00374933225911778,1.24884420613065e-05,1.17542329200175e-05,1.66236010266015e-11,6.06554273805507e-06,2.06320536525119e-05,-1576.10050398229,0.098577385703732,0.0762817169139923,0.9925,0.469423589369199
"quadratic",800,"sir_laplace",93,7.669,3251.1324668246,3246.67441974561,67.5725161505475,94.5524943730885,7011.9415645213,2505.72977601373,7144.74212023176,2972.83424537297,423.931733840736,423.350426358797,8.81112480773862,12.3291816890192,914.322801476242,931.639342838931,0.00222047918808733,0.00208192439530075,7.33797346578006e-07,0.000892359417462937,0.00378108577404734,1.25370960669854e-05,1.19376326348337e-05,1.55628134913873e-11,5.79984138667841e-06,2.01425682472715e-05,-1556.33028950788,0.0901646220699714,0.073821388803624,0.995,0.477993361046004
"quadratic",800,"sir_laplace",94,7.738,3686.50869280864,3698.3319219442,118.296192431395,140.129296271916,7179.16933057226,1871.60446661862,7264.02843485864,3030.29236213944,476.416217731796,477.944161533239,15.2876961012399,18.1092396319353,927.780993870801,938.747536166792,0.0024212206879633,0.00225676325545619,7.71691320011254e-07,0.000995233610699042,0.00432545968577927,1.25587040522084e-05,1.19733464277484e-05,1.50777233694016e-11,5.93484981970328e-06,2.01178382821646e-05,-1629.01684818916,0.0824458838366318,0.0682117328292518,1,0.478175088331332
"quadratic",800,"sir_laplace",95,7.647,2789.54035906268,2908.6385242614,162.594949812137,162.858541653782,6975.0154374748,2906.07265306058,6766.78159786848,2583.48559966946,364.788853022451,380.363348275324,21.2625800722031,21.2970500397256,912.124419703779,884.893631210734,0.00194279558972629,0.00184616358713909,3.64559681491151e-07,0.000967211939231401,0.003152666649651,1.26329845949175e-05,1.18999956542322e-05,1.9279589185228e-11,6.20258331464488e-06,2.08395641483364e-05,-1547.96195017911,0.091946585675356,0.0704352234122819,0.97875,0.468531776048129
"quadratic",800,"sir_laplace",96,7.748,3343.20346010197,3329.41961214227,133.610882042265,128.946443005076,6941.58588731788,3514.60268701058,6780.75784548493,2985.92631696064,431.492444514968,429.713424385941,17.2445640219754,16.6425455607997,895.919706674998,875.162344538581,0.00186483331275255,0.00177581358227191,3.78182564826307e-07,0.000832300598002,0.00300346987476946,1.20103233735921e-05,1.11995888877147e-05,1.70552155677199e-11,5.68425677513691e-06,2.00585494732404e-05,-1567.54032950115,0.0893766839260499,0.0729391625197477,0.9975,0.458797673381148
"quadratic",800,"sir_laplace",97,7.943,3461.22584360495,3279.81393584414,138.06857421592,207.017485749302,6941.15800677621,3262.730372913,6768.59775327883,2917.82338807504,435.758006245115,412.918788347493,17.3824215303941,26.0628837654919,873.871082308475,852.146261271412,0.00182374191346778,0.00172333796112188,3.60198068376669e-07,0.000833388635141988,0.00304393418511085,1.19626792986904e-05,1.13807159606578e-05,1.22632187478772e-11,6.11329560812774e-06,1.88514964303292e-05,-1572.97309517711,0.0895000181997503,0.0732423039373758,0.9875,0.460953454120957
"quadratic",800,"sir_laplace",98,7.716,2978.16397103189,2888.15940951231,139.868607984063,166.434100328956,6986.1297277507,3104.32411058082,6853.822293574,2765.13650878037,385.972520869866,374.307855043068,18.1270876080953,21.5699974506164,905.408207329017,888.261054117937,0.00188496964123006,0.00179177268387495,4.05212608576254e-07,0.000829860795514402,0.00313890986343881,1.21116529254653e-05,1.16090990430296e-05,1.23485927936053e-11,6.23367810572601e-06,1.91087258247685e-05,-1583.75175766392,0.098845699446078,0.0791250220415918,0.98375,0.459020201900541
"quadratic",800,"sir_laplace",99,7.519,3728.14370225406,3835.10377196031,111.439892577252,119.549051320831,6949.42079346113,2006.665319724,7079.84036386142,3462.75223715991,495.829724997216,510.055030184907,14.8211055429249,15.8995945366181,924.248010834038,941.593345373243,0.00265053221518477,0.00245787241741854,1.13345872962714e-06,0.000952071886205199,0.00488984899670833,1.30640353286251e-05,1.24275403937284e-05,1.73460851252972e-11,6.19455783046064e-06,2.14191289869118e-05,-1589.32850387243,0.106411679630269,0.0838265078087124,0.9775,0.495687207540335
"quadratic",800,"sir_laplace",9,7.589,2915.87111606435,3196.2905913863,108.474650345857,135.925442183749,7113.48715884283,3061.56617945065,7032.57304980899,3033.05768178839,384.223364878687,421.174145656384,14.2936685130922,17.9108502021015,937.341831445885,926.67980627342,0.00199473435487992,0.0018833550151195,4.9688185133927e-07,0.000900634305019175,0.00325001103749248,1.15780288079335e-05,1.09093017044959e-05,1.21041561854159e-11,6.1265105341453e-06,1.86945434221266e-05,-1571.74529488223,0.0986385043379654,0.076174033177908,0.9875,0.463768093944889
"sinusoidal",1600,"sir_laplace",100,14.645,3568.33923001105,3724.26368889961,88.9794310584307,128.43012630651,7099.65619606131,3714.57431987493,7154.33772182215,3414.31999215609,243.655802663779,254.302744206187,6.07575493741418,8.76955454465759,484.783625541912,488.517427232649,0.001468445625672,0.00143290155484063,1.70097939376987e-07,0.000711352587567847,0.00224674673221577,6.9344345927053e-06,6.76114547720349e-06,2.37052429802792e-12,4.15948982181901e-06,9.90193323787773e-06,-3189.87386105215,0.0925794683800927,0.0726809329477373,0.99125,0.428571786484443
"sinusoidal",1600,"sir_laplace",101,14.912,3564.05331263057,3403.1737927974,67.4312465415895,114.393940888399,7086.90597145823,3436.69137398542,7170.16741255101,3274.08428614377,239.005721072329,228.217126662916,4.52194518116883,7.67126749519841,475.248522764098,480.832042150685,0.00146428059062896,0.00139136183840285,2.04473988322014e-07,0.000696194554641552,0.00242419486489431,6.84405101265989e-06,6.63940590045055e-06,2.58141002623111e-12,4.18044057655862e-06,1.03065342206344e-05,-3144.47649385576,0.0833174625687804,0.0656880799031925,0.995,0.429718970017313
"sinusoidal",1600,"sir_laplace",102,14.865,2831.28422821218,3087.17749798142,113.826107550989,147.240526254289,6899.18744313041,2874.63238379884,6818.46174844336,2652.3754306353,190.466480202635,207.680961855461,7.65732307776584,9.90518171909105,464.122935965718,458.69234769212,0.00127147165054324,0.00123694564051584,1.03492382647913e-07,0.000689031265331541,0.00191397342281824,6.79232995837538e-06,6.60387872884941e-06,2.13029908406467e-12,4.23312531436991e-06,9.55876232156718e-06,-3172.50795929292,0.0725574289271781,0.0564327485277097,1,0.421756171102673
"sinusoidal",1600,"sir_laplace",103,15.018,3593.57123136643,3452.22673202636,108.825152447121,150.988745297719,7133.81036292237,3773.52227061513,6989.10084154569,3088.07964479136,239.284274295275,229.872601679742,7.24631458563862,10.0538517311039,475.017336724089,465.381598185223,0.00149013824387387,0.00143909198888223,1.57341567083362e-07,0.000809455904872695,0.00226649023512213,7.10389402149974e-06,6.90827920545228e-06,2.89415789164511e-12,3.93402321301419e-06,1.03488328392288e-05,-3165.31701986589,0.0813809385660994,0.0654397522469196,0.99,0.434018204074984
"sinusoidal",1600,"sir_laplace",104,14.88,3332.18159193216,3213.12057296752,50.9452667479558,144.359898166592,7050.36519505866,3315.25896157116,7054.23111638474,2898.69187941095,223.936934941678,215.935522376849,3.4237410448895,9.70160605958277,473.814865259319,474.07467180005,0.00149574587724028,0.00142792414220678,1.93003426252792e-07,0.000765299675703093,0.00240169028816512,7.21589912849063e-06,7.00359519911803e-06,2.78078409342147e-12,4.36251986373235e-06,1.05527929862391e-05,-3167.30561548953,0.104328732623826,0.085046063831915,0.975625,0.43728504518139
"sinusoidal",1600,"sir_laplace",105,15.051,3428.12707451095,3475.59181270024,86.2377546358831,130.452488669052,7016.86201967741,3584.03725330576,6929.84437934354,3235.70040564915,227.767395821603,230.920989482442,5.72970265337074,8.66736354189434,466.205701925282,460.424183067141,0.00135188481680708,0.00130699776219984,1.21749181377618e-07,0.000767778995815463,0.00204151371169177,6.71258682848434e-06,6.6079836274328e-06,2.2323650858269e-12,3.96490516714369e-06,9.73991728331419e-06,-3159.59938843521,0.0920730335258279,0.0735229800950844,0.985,0.425362909452147
"sinusoidal",1600,"sir_laplace",106,14.802,3828.77421649194,3920.04969138269,76.347404958624,62.9487419249716,7348.39249084821,3256.2526937117,7425.77916780768,3596.1064221202,258.666005708144,264.832434223935,5.15791142809242,4.25271868159516,496.445918852061,501.674041873239,0.00158647988506784,0.00149896534168467,1.97731975647306e-07,0.000868034048585926,0.00250869186088337,6.82361559713727e-06,6.60050422986488e-06,2.65817605056394e-12,3.99598492039102e-06,1.00297874964967e-05,-3214.42492661169,0.0753772348758501,0.0595652619524698,0.990625,0.435981901328154
"sinusoidal",1600,"sir_laplace",107,15.117,3266.58184946694,2988.52729508826,86.3369728413764,95.5755556523478,6771.31146562857,3246.08700166277,6726.88528666923,2890.00908183777,216.086647447704,197.693146463469,5.71125043602411,6.32238907536865,447.926934287793,444.988111838938,0.0012732671783725,0.00120821803617626,1.43719176581188e-07,0.000626302739489682,0.00207038581820887,6.84749086200842e-06,6.65531549231744e-06,2.6311881817466e-12,4.02179779425901e-06,9.95240482322765e-06,-3144.26866427127,0.090917703909627,0.0727810467448663,0.999375,0.421737810272356
"sinusoidal",1600,"sir_laplace",108,14.806,3301.67794324608,3268.43784684538,117.186459785862,134.80764108411,7032.65170559786,3472.75543697293,6972.90591163587,3103.0860482939,222.995943755645,220.750901448425,7.91479533877225,9.10493320843642,474.986607159115,470.951365097655,0.00139880798821924,0.00135831948666081,1.31050669239366e-07,0.000756485613545645,0.00212397707258394,6.92763472934198e-06,6.76027238839576e-06,2.17518543169128e-12,4.40159205619417e-06,9.93753237837968e-06,-3130.52944231017,0.0803031954078399,0.0644698634669566,0.989375,0.429534678654109
"sinusoidal",1600,"sir_laplace",109,15.131,3191.56464615087,3165.34014538957,89.1117650313941,103.59878505978,6900.37360859776,3002.68616399758,6713.74804422532,2946.86866370064,210.928864328258,209.195700574289,5.8893506728831,6.8467903681039,456.042139223961,443.708151756349,0.00133468912621683,0.00127605678552208,1.40636065378353e-07,0.000666135942111921,0.0020921624921492,7.29128929105196e-06,7.09435735750334e-06,3.40083637610501e-12,4.17938884737465e-06,1.07503129355249e-05,-3141.43609327181,0.0821766556489401,0.0658404331446135,0.99125,0.426367101564608
"sinusoidal",1600,"sir_laplace",10,14.979,3633.38698792055,3510.11356210643,99.531225503167,137.852381832834,7040.92591217647,3648.87488977499,6977.2409182917,3159.95635210133,242.565390741742,234.335640704081,6.644717638238,9.20304304912435,470.053135201046,465.801516676127,0.00144073645975706,0.00137927653263095,1.52471407977732e-07,0.000808427306566702,0.00226706693432725,7.48302878775665e-06,7.28591740819957e-06,2.99307854831687e-12,4.36223683113006e-06,1.11896985429358e-05,-3190.93102765023,0.0967468983658966,0.0800545195427123,0.98875,0.432342231858445
"sinusoidal",1600,"sir_laplace",110,15.293,3428.14525520267,3367.51552201552,73.4190573358887,126.999117153867,7211.98848898315,3600.65393460337,7162.51238700401,3222.6447675824,224.164340234269,220.199798732461,4.8008276555214,8.30439528894701,471.587555677967,468.352343359969,0.00147816003568613,0.00143358716301519,1.49859434563117e-07,0.000773406053527355,0.00221667389186817,6.80736145990927e-06,6.650029363836e-06,2.0856235382334e-12,4.16853563085512e-06,9.71256217667587e-06,-3168.43126974315,0.0942798637372007,0.0755602965429253,0.989375,0.433960210215467
"sinusoidal",1600,"sir_laplace",111,15.034,3988.76616411433,4037.33496213997,99.3479675366737,93.785278334085,7180.11226245529,3543.36686288718,7147.45614247685,3247.16004331829,265.316360523768,268.5469577052,6.60821920557893,6.23821194187076,477.591609848031,475.419458725346,0.00155805405264822,0.00150688382558801,1.73407222046709e-07,0.000850273506789152,0.00239383395204809,7.28639231488553e-06,7.05081774306836e-06,2.94676563236852e-12,4.41455197756663e-06,1.09311251298881e-05,-3138.49835653541,0.0911300855708537,0.0760657533691966,0.99375,0.437211952386766
"sinusoidal",1600,"sir_laplace",112,15.368,2979.74100385627,2990.56862992209,82.8889902950917,155.656003670052,6785.27935376667,3101.16922589442,6794.9377710575,2755.46631036844,193.892569225421,194.597125840844,5.39360946740576,10.1285791039857,441.519999594395,442.148475472248,0.00128394422013649,0.00122971620291897,1.27795577514736e-07,0.000654649630523707,0.00197947882665031,6.94900418425366e-06,6.73553870078794e-06,2.67731603742816e-12,4.18777140939942e-06,1.03323371254487e-05,-3164.81650963734,0.0814995164974868,0.0637871790575015,0.99125,0.424567510975537
"sinusoidal",1600,"sir_laplace",113,15.209,3448.28126015392,3129.41571555919,126.146012962695,130.925147380958,7047.10353423559,3612.26376756689,6979.35203196086,3098.96922850944,226.726363347618,205.760780824458,8.29416877918962,8.60839945959354,463.35088002075,458.896181994928,0.00141505484284767,0.00134244414511332,1.60121145513282e-07,0.000756898211842339,0.00221201223729889,6.8816002274104e-06,6.58345026352143e-06,2.89438474269187e-12,3.93330497739941e-06,1.03700451961667e-05,-3132.50992551131,0.0880879837962886,0.0672549227635187,0.979375,0.43043000655789
"sinusoidal",1600,"sir_laplace",114,14.573,3278.24917670305,3204.74286196402,113.76627247772,127.668362971023,6865.29495999821,3336.38382164543,6752.97036973522,2946.33144474063,224.953624971045,219.909617921088,7.80664739434022,8.76060954992269,471.096888766775,463.389169679216,0.00130162364324227,0.00124592152258981,1.35705181719507e-07,0.000650282830752447,0.00206967170067565,7.24877523943376e-06,6.95431043001313e-06,3.36458078658839e-12,4.33832935334526e-06,1.0945350610222e-05,-3159.14269291912,0.0842032707016751,0.0689703849312135,0.99375,0.422066770371441
"sinusoidal",1600,"sir_laplace",115,14.859,3435.42331826866,3082.86471291849,73.6742654013971,114.501434789177,7136.06999337414,3603.52458469927,7129.11329819734,3004.22424751436,231.201515463265,207.47457520146,4.95822500850643,7.70586410856563,480.252371853701,479.784191277834,0.00149382060646985,0.00144766340144794,1.72987172598248e-07,0.000820510845255377,0.00234827341026805,7.13691266171274e-06,6.86609725938804e-06,2.97222180181469e-12,3.98108717425722e-06,1.05245300368196e-05,-3152.94683770002,0.089943721491742,0.0724620127821549,0.988125,0.434977425452808
"sinusoidal",1600,"sir_laplace",116,14.788,3909.31316565403,3700.16615902323,111.381422761855,75.5858927475775,7107.41300364665,3376.18737099772,7066.03014028664,3153.41272116381,264.357125078038,250.214103260971,7.53187873693907,5.11129921203526,480.620300490036,477.821892094038,0.00151543473145193,0.00146994530984056,1.80939546131487e-07,0.00071554885139711,0.00231638910093452,7.10832936141021e-06,6.79639891423782e-06,3.22897249527874e-12,4.14551881687481e-06,1.0875448740828e-05,-3129.11475123814,0.0858276481184558,0.0681269134878761,0.985625,0.436594191420126
"sinusoidal",1600,"sir_laplace",117,14.928,3366.9542001923,3474.16739936892,112.233067128623,107.010475644447,7070.9627123247,3266.20904552433,7045.82759376714,3155.4596337619,225.546235275475,232.728255584734,7.51829227817677,7.16844022269876,473.671135605888,471.987379003694,0.00143151533964037,0.00135505880416083,1.61388444149799e-07,0.000781687286734402,0.00220125360557183,7.07239373480748e-06,6.77727415478399e-06,3.12804152393617e-12,4.11629789134792e-06,1.07012258963512e-05,-3152.6634179575,0.0828626981943825,0.064104957137313,1,0.431800853798658
"sinusoidal",1600,"sir_laplace",118,14.659,3421.21901603358,3342.2606438319,75.0724117953075,115.65005391784,7046.5086744748,3548.42127599663,6977.19000162934,3174.67465380112,233.386930625117,228.000589660407,5.12125054883058,7.88935492992971,480.695045669882,475.966300677355,0.0013513004616311,0.00132647609131702,9.81250547744859e-08,0.000792050650915553,0.00197380940188281,6.82381221942864e-06,6.56123391428017e-06,2.84154188573372e-12,4.03618294486436e-06,1.02182967633781e-05,-3164.17890505743,0.0779858438753779,0.0628482155894756,1,0.424375365737485
"sinusoidal",1600,"sir_laplace",119,15.019,3552.46133417786,3457.6429653793,34.5106455814451,78.1941384399726,6891.24810507602,1869.74488432463,6867.33686938441,3235.21713601164,236.531149489171,230.217921657854,2.29779915982722,5.20634785538136,458.835348896466,457.243283133658,0.00141132114076808,0.00132684002771698,2.04894827339381e-07,0.000679460208663371,0.00237355109624646,7.0541278245823e-06,6.88314025923557e-06,2.90392424147273e-12,3.99931344343862e-06,1.02885722965641e-05,-3137.03552416324,0.0811673043115975,0.0613370136720747,0.975,0.429623623928008
"sinusoidal",1600,"sir_laplace",11,15.294,3229.34458277294,3137.75548725151,74.810040776192,145.049435401709,6945.37572470797,3402.24222509166,6927.57549902416,3032.73477937428,211.151077728059,205.16251387809,4.89146336970001,9.4840744999156,454.124213724857,452.960343861917,0.00130083600217931,0.00124432678460145,1.26350283565431e-07,0.000686310616838353,0.00201407072733456,6.59224069790063e-06,6.46315096080315e-06,1.77615093203607e-12,4.22752681482413e-06,9.25881109369738e-06,-3191.65864606287,0.0810147455536378,0.0642295455315185,0.994375,0.421710439956804
"sinusoidal",1600,"sir_laplace",120,15.069,3830.05323744833,3600.73056675733,75.7813152210418,152.362113675257,6844.62401494704,3138.79453572724,6824.89577277627,2741.43248248545,254.167711025836,238.94953658221,5.02895449074536,10.1109638114843,454.218860902982,452.909667049988,0.00131215469126377,0.0012564239724821,1.31878798959178e-07,0.000707399059889825,0.00201849179009442,6.98645808642177e-06,6.84420788377665e-06,2.35616465623919e-12,4.16788042916808e-06,9.9901051341867e-06,-3177.56007055411,0.088513623042743,0.0622910576821832,0.976875,0.423031179129152
"sinusoidal",1600,"sir_laplace",121,14.834,3215.23505947639,3282.37323573622,63.5032384853259,113.915981934355,6992.97268494626,2976.01566014601,6984.03881112582,3088.48053217074,216.747678271295,221.273644043159,4.28092480014331,7.67938397831705,471.415173584081,470.812917023447,0.00144542368132868,0.00138336996564827,1.86533187709984e-07,0.000723907926301302,0.00236952799876305,7.11401720824699e-06,6.72225199329786e-06,4.02721603240931e-12,3.86843533662167e-06,1.05755651870134e-05,-3175.08039251426,0.0891530719403826,0.0707215202145361,0.983125,0.429645253496307
"sinusoidal",1600,"sir_laplace",122,14.7,2821.97804024618,3307.79441793353,86.2382940237172,76.8064484352803,7012.25540662936,2900.93690539715,6938.16426734452,2954.93484768544,191.971295254842,225.020028430853,5.86655061385831,5.22492846498506,477.024177321725,471.983963764933,0.00138153168910991,0.00133952003271226,1.44317285732737e-07,0.000705959915029768,0.00211646955885133,7.03664824513695e-06,6.80159745818799e-06,2.70450689471263e-12,4.12998836941087e-06,1.03074766921482e-05,-3180.15588845969,0.0919089746596305,0.0741951000822818,0.99,0.427289985548505
"sinusoidal",1600,"sir_laplace",123,14.986,3727.58121782566,3532.27828371336,94.8573725264126,109.54246855497,6902.29890278208,3098.31874866958,6813.7677522176,2912.13253816437,248.737569586658,235.705210443971,6.32973258550731,7.30965358033965,460.583137780734,454.675547325344,0.00131288123656479,0.00126756260540081,1.22401941307195e-07,0.000701193813683609,0.00199954700612353,6.93333751818618e-06,6.72369799541399e-06,3.07331350572666e-12,3.89593100540058e-06,1.04459701478035e-05,-3120.37657922354,0.0909086452430544,0.0688784530738042,0.978125,0.425882235502657
"sinusoidal",1600,"sir_laplace",124,14.673,3576.36076820226,3614.75421138844,71.3259446284758,152.517090374108,7018.17071311358,3568.04219456573,6963.0911922501,3333.68089387908,243.737529353388,246.354134218527,4.861033505655,10.3944040328568,478.305098692399,474.551297774831,0.00141983322671429,0.00137042496776006,1.86437003758845e-07,0.000730166046603872,0.00218894910345252,6.92175533914201e-06,6.71749592187711e-06,2.46490058209946e-12,3.99459828337159e-06,9.89238577015004e-06,-3122.8155230912,0.0846231512145064,0.0656237493195288,0.984375,0.431549814391499
"sinusoidal",1600,"sir_laplace",125,15.087,3147.17132991026,3044.12658063764,85.5917391686565,86.9791118559296,7016.94620158568,3233.08570996176,6899.22025669012,2873.56271616149,208.601533102025,201.771497357834,5.67321131892732,5.76516947411212,465.098840166082,457.295702040838,0.00133104446537382,0.0012731562087613,1.13856215387804e-07,0.000755941682848381,0.00198222466705479,6.64592056157957e-06,6.49090817255357e-06,2.24714974666611e-12,4.12260721973508e-06,9.56852805092601e-06,-3142.64571105684,0.0752245773982156,0.0587171317445798,0.985625,0.424334483663784
"sinusoidal",1600,"sir_laplace",126,15.109,3500.73698776979,3409.23401220309,129.725610060444,107.51134050813,6939.5579855991,3711.54295495927,6898.29445641923,3143.19076033593,231.698787991911,225.64259793521,8.58598253097122,7.11571517030449,459.299621788279,456.568565518514,0.00129345912570627,0.00124740622716253,1.10697097889705e-07,0.000722526607788312,0.00195291139126799,6.83037345152148e-06,6.54924759532785e-06,2.63804506126188e-12,4.15794959983475e-06,1.04814678598933e-05,-3143.18178907716,0.078139324789371,0.0630185750330992,0.99625,0.42221897711309
"sinusoidal",1600,"sir_laplace",127,14.943,3285.11898103855,3204.24495748129,45.0560272912264,145.196432765584,6917.71877435327,3390.75125194211,6877.02390128295,3044.96795289899,219.843336748882,214.431168940727,3.01519288571414,9.71668558961278,462.940425239461,460.217085008563,0.00134556780257559,0.00128120877799801,1.57313054741661e-07,0.0006975599309669,0.00213796868105007,7.01720739543603e-06,6.76810648617643e-06,2.91213044172317e-12,4.23941845907343e-06,1.05798375247375e-05,-3175.84759222244,0.0828237021805427,0.0670226782380525,0.996875,0.424188307436389
"sinusoidal",1600,"sir_laplace",128,15.215,3136.20597275761,3201.90824374283,113.319097229955,127.138795104992,6919.55240777593,3319.49428928435,6876.35575468517,2843.22691343882,206.125926569675,210.444182960423,7.44785390929706,8.35614821590485,454.784910139726,451.945826794951,0.00138416088097053,0.00130587764740674,1.46360315802853e-07,0.000762922992622633,0.00217775016715838,7.22712666904953e-06,6.98176249352685e-06,3.02567548654875e-12,4.25854545836786e-06,1.05522252119124e-05,-3137.40930665007,0.0876608629724555,0.0710128095804855,0.989375,0.431307398898645
"sinusoidal",1600,"sir_laplace",129,15.002,3936.91718029937,3861.44471124128,76.0945966399494,115.226577687468,7137.44599454021,3786.80320148825,7143.34554672511,3151.81743336392,262.426155199265,257.395328039013,5.07229680308955,7.68074774613172,475.766297463019,476.159548508539,0.00146905674706073,0.00141118078801799,1.70831773641446e-07,0.000759548052806402,0.00232172275858371,6.82601566727549e-06,6.58902222902041e-06,2.51408988243478e-12,4.13206808221794e-06,1.00668933878553e-05,-3170.01628872821,0.095611994468443,0.0725790159524933,0.979375,0.432109503430644
"sinusoidal",1600,"sir_laplace",12,14.812,2924.47861473135,2907.92506251148,95.9996069346647,127.137301807741,6823.98186440002,3086.51214555641,6778.28859487557,2596.21238727458,197.439820060178,196.322242945685,6.4812048970203,8.58339871777893,460.70631004591,457.621428225464,0.00131018786983518,0.00125575547207512,1.2865263771063e-07,0.000717396904475106,0.00206051022289482,7.00605153123515e-06,6.76858197950492e-06,2.76727647587947e-12,4.19250105343018e-06,1.05197191179282e-05,-3159.52649137155,0.0907318915585051,0.0720391934764646,0.98875,0.426450498294081
"sinusoidal",1600,"sir_laplace",130,15.027,3251.54652017747,3302.82384549822,54.1157124350156,127.997312039709,6876.29648418063,3385.65322076795,6778.04152839373,3158.64831892145,216.380283501529,219.792629633208,3.60123194483367,8.5178220562793,457.59609264528,451.057531669244,0.00127408544716773,0.00122467904793671,1.20158703008019e-07,0.000717614654388728,0.00199833290861923,6.92374174698478e-06,6.73141195941026e-06,2.76179683040569e-12,4.00146826506296e-06,1.01486740152812e-05,-3096.21924327625,0.0838327539078258,0.0671143334549575,0.990625,0.42267279428987
"sinusoidal",1600,"sir_laplace",131,14.838,3229.78867020864,3117.41516793863,91.2802871683998,140.55375351493,6889.91922910048,3434.07360638766,6830.79549192252,2910.3436696696,217.67008156144,210.096722465199,6.15179182965358,9.47255381553647,464.342851401838,460.35823506689,0.00122235668115411,0.0011884680114341,9.32592729400431e-08,0.000717923804489971,0.00181971628369003,6.44468435437948e-06,6.24684712411921e-06,2.22686036756776e-12,3.73328599407333e-06,9.40444431139729e-06,-3195.67303917074,0.0814284221017875,0.0657922688924023,0.99375,0.415645179462244
"sinusoidal",1600,"sir_laplace",132,15.003,3546.18670155561,3688.32411993813,74.3269575867606,77.5002689800762,7049.85584858726,3515.39314812739,7121.51510103015,3434.29129228538,236.365173735627,245.839106841174,4.95413967784847,5.16565146837807,469.896410623693,474.672738854239,0.00146756853737011,0.00138914309980748,2.06592147514083e-07,0.000734685795942024,0.0023782415045552,6.9350321005305e-06,6.74297940640721e-06,2.58552392977701e-12,4.12409956178373e-06,1.00953627100417e-05,-3178.52982705306,0.0759065580011037,0.0592984396282591,1,0.431573570648375
"sinusoidal",1600,"sir_laplace",133,15.11,3651.69936373485,3718.39801610086,94.8284986627649,135.202993245409,6778.0255030127,3554.98491986196,6788.26944114027,3146.99689729692,241.674345713756,246.088551694299,6.27587681421343,8.94791484086093,448.57878908092,449.256746600945,0.00124621430714411,0.00119005040432763,1.52250710765763e-07,0.000630850292454685,0.0019617559433119,6.57218870199194e-06,6.35705867799733e-06,2.34806127026987e-12,3.90438549805812e-06,9.78676178125946e-06,-3144.47768701394,0.0628747910676869,0.0495482670883069,0.994375,0.418515355669458
"sinusoidal",1600,"sir_laplace",134,14.856,3529.78060779789,3632.88225990938,97.416684883608,170.497535773263,7031.16109682049,3357.68350697079,7095.84784528469,3324.20551182034,237.599663960547,244.539732088677,6.55739666690953,11.4766784984695,473.287634411718,477.641885116094,0.00142039010472656,0.00135513865881206,1.49456420868631e-07,0.000795843057110995,0.00222803451913346,6.916512047112e-06,6.76271755302112e-06,2.18381411335724e-12,4.21976593723255e-06,9.8491281668855e-06,-3124.00623360569,0.0829886259810232,0.0668372135105728,1,0.433747997759678
"sinusoidal",1600,"sir_laplace",135,14.886,3465.8084456672,3463.81643441778,53.6108894518317,75.9518655596069,6957.25150337079,3492.67127432445,6875.89081288293,3274.01969631314,232.823353867204,232.689536102229,3.60143016605076,5.10223468759955,467.368769539889,461.903185065358,0.00136561877290274,0.00133977185952636,1.05355668115235e-07,0.000750694982180912,0.0020133196161821,7.23707918674682e-06,7.00208935595566e-06,2.7283115023621e-12,4.3167646073338e-06,1.05451719639014e-05,-3188.63718758442,0.0880578392096948,0.0691643636776787,0.985,0.428168722138471
"sinusoidal",1600,"sir_laplace",136,15.117,3351.0329596233,3636.21469352262,113.961478848982,160.978950889968,6960.64908606593,3293.87079930877,6885.73641962303,3418.82585946424,221.673146763465,240.53811559983,7.53863060454997,10.6488688820512,460.451748764036,455.496224093605,0.0013406249656281,0.00129558303501373,1.26842176322556e-07,0.000683630648731467,0.00205392303010905,6.75864862552326e-06,6.58163041439677e-06,2.09453552855165e-12,4.32766945919285e-06,9.82922305148866e-06,-3161.96189375669,0.0973307126750796,0.0778358306208104,0.9875,0.426383194393624
"sinusoidal",1600,"sir_laplace",137,15.002,3255.26638966771,3321.22499941043,108.193083715218,128.783052756031,7030.10079010968,3405.84266217441,6914.59050036446,3146.237836336,216.988827467518,221.385481896443,7.21191065959325,8.58439226476679,468.610904553371,460.911245191605,0.00137411782864136,0.00133048246440112,1.30849341143118e-07,0.000716740479915427,0.00210567748959603,6.92436484771257e-06,6.73578194450647e-06,2.73147733012768e-12,4.10359569204417e-06,1.0347018466338e-05,-3147.10090224486,0.0858609553726122,0.0650355433236708,0.995,0.430451972542762
"sinusoidal",1600,"sir_laplace",138,15.193,3519.75446453658,3434.64044001769,68.9146290313547,108.37900802803,6978.72282242951,3713.81041280063,6899.53806839092,3229.5302169308,231.669483613281,226.067296782577,4.53594609565949,7.13348305325017,459.338038730304,454.126115210355,0.00131449975460811,0.00126409988401327,1.16132594901253e-07,0.000738274011149561,0.00202888835498702,6.74903719769603e-06,6.61032502321891e-06,2.55495840098189e-12,3.86551739864216e-06,9.67381151066736e-06,-3188.15364510073,0.0821872045025535,0.0631715449675818,0.996875,0.423339969925127
"sinusoidal",1600,"sir_laplace",139,14.761,3270.42964026008,3306.84718506974,98.164174798079,130.187922822623,6952.29505160382,3291.61432825763,6868.06088339512,3074.11135802056,221.558813106163,224.025959289326,6.65023879127965,8.81972243226223,470.990790028035,465.284254684311,0.0012761900250768,0.00122355067345381,1.15981675911411e-07,0.000684102934550461,0.0019729091984554,6.71474889187224e-06,6.45315435244088e-06,2.63502728636007e-12,3.90017281301447e-06,1.00358504990773e-05,-3139.99095357327,0.0783597898415796,0.063786987212023,1,0.417145311455673
"sinusoidal",1600,"sir_laplace",13,15.043,3015.02072474982,3146.6084373149,86.0191111631267,98.6366570996541,6799.52672241445,3174.08650444964,6697.49028300651,2986.53421578522,200.426824752365,209.174262933916,5.71821519398568,6.55698046265067,452.006030872462,445.223046134847,0.00123901152927765,0.00118966469001538,1.12936921285808e-07,0.000642417921847369,0.00190063364872372,6.93298305712303e-06,6.66225827374396e-06,3.06230657517043e-12,4.11298956775613e-06,1.065329025244e-05,-3095.98494916236,0.0942672147934685,0.0772058655236091,1,0.423685858305978
"sinusoidal",1600,"sir_laplace",140,14.87,3014.81705007779,2918.24831781335,97.9432483968831,120.516105571839,6802.68078120525,3136.95189342758,6654.31766361862,2726.48637042181,202.744926030786,196.250727492492,6.58663405493497,8.10464731485132,457.476851459667,447.499506632052,0.00132355033839156,0.0012812745451595,1.23606269304191e-07,0.000689709510730787,0.00207041610886229,7.38852003227308e-06,7.07213719248913e-06,3.52258141975084e-12,4.40005186861539e-06,1.13041590091543e-05,-3105.89296204413,0.0963055337907299,0.0721335130008268,0.968125,0.428321802965929
"sinusoidal",1600,"sir_laplace",141,15.137,3435.21411984618,3528.15904321153,84.6037759882606,118.49299466142,7011.33149100729,3492.44739176936,6926.9164089295,3111.75069921024,226.941541906995,233.08178920602,5.5892036723433,7.82803690701062,463.191615974585,457.614878042512,0.00138116920876422,0.00132301423223487,1.61422270525156e-07,0.000691322230318285,0.00216450792650237,6.86305581470753e-06,6.64776331731317e-06,2.56398353066902e-12,4.09023998583986e-06,1.03860963457745e-05,-3187.58319684648,0.064871152991471,0.0518363644351299,1,0.426943620863636
"sinusoidal",1600,"sir_laplace",142,15.069,3393.28971482494,3331.61828932693,103.977323695709,137.585214426856,6917.36661925455,3571.52969064897,6930.0423172774,3117.578632523,225.183470358016,221.090867962501,6.90008120616555,9.13034802753043,459.046162270526,459.88733939063,0.00136929285387769,0.00130243827910418,1.54195735268023e-07,0.000779327338993654,0.00218607087574181,6.88229716758387e-06,6.62571488191778e-06,2.75750388763238e-12,4.06641985283317e-06,1.02359643519414e-05,-3161.11145379894,0.0769379760184337,0.059479362044227,0.9875,0.424618693154764
"sinusoidal",1600,"sir_laplace",143,14.968,3186.00738943415,3149.81333892869,91.0291549668485,105.552878875032,6869.62790719549,3283.71043212579,6863.74636222913,3048.83974957318,212.85458240474,210.436487101062,6.08158437779586,7.05190265065688,458.954296311831,458.561355039359,0.0014394940686415,0.00138778124567159,1.79841911493426e-07,0.000714373169521525,0.00225743755956851,7.61223735749514e-06,7.30303394375699e-06,3.59495288752792e-12,4.40696072043522e-06,1.14601502550094e-05,-3148.34182107287,0.0948280581290714,0.0754555639728786,0.99875,0.432684484596806
"sinusoidal",1600,"sir_laplace",144,14.793,3678.7121768405,3429.49702347574,72.1247391677755,126.709493288616,6979.6331794166,3816.4043784106,6958.60998637022,3215.71266584861,248.679252135503,231.832422326488,4.87559921366697,8.56550350088663,471.819994552599,470.39883636654,0.0013636215881419,0.00132805848290321,1.22458451947893e-07,0.000722102713144098,0.00203310994793245,6.91243254472277e-06,6.6763365040046e-06,2.7119554531254e-12,4.12566710358582e-06,1.04323390489935e-05,-3177.70317365688,0.0699229504027937,0.0568389818619559,1,0.42684295086334
"sinusoidal",1600,"sir_laplace",145,14.809,3863.28758805915,3621.53088210686,85.6765028956001,156.52400157402,7129.38419595873,3562.18895152271,7048.10393810275,3300.14872357612,260.874305358846,244.549320150372,5.78543472858398,10.5695186423134,481.422391515884,475.933819846225,0.00138372506594919,0.00134157392367861,1.3606797417032e-07,0.000715543369268419,0.00207210609115929,6.62268637166601e-06,6.43827074864241e-06,2.06759165484868e-12,4.05431142997542e-06,9.41161657632606e-06,-3139.87738384672,0.0794811897563587,0.0668442895156583,0.995,0.427822413628033
"sinusoidal",1600,"sir_laplace",146,15.041,3402.04724565295,3477.88528151598,84.5322012569057,79.2731987251446,7052.5867143456,3505.25568053295,7063.39444369246,3213.53713721296,226.18491095359,231.226998305697,5.62011842676057,5.27047395287179,468.890812734898,469.609363984606,0.00138375240990699,0.0013138878739642,1.56365074914281e-07,0.000695750233075443,0.00217073317080162,6.64986644642284e-06,6.33452876389866e-06,2.91983671483133e-12,3.98960172916894e-06,1.02007988897842e-05,-3177.77144994431,0.0737255561413768,0.0595589535134653,0.998125,0.42509715756267
"sinusoidal",1600,"sir_laplace",147,15.274,3583.90542586203,3413.93798611303,75.9987981641659,123.662155358379,7084.07606109485,2080.21317830466,7128.98744341458,3115.46055355159,234.64092090232,223.513027766992,4.97569714312989,8.09625215126223,463.799663552105,466.740044743654,0.00155043201852757,0.00145179185900113,2.81389784008174e-07,0.000719830057177386,0.00266459249539119,7.11925935128836e-06,6.94771824186622e-06,2.88453800533303e-12,4.05750522621324e-06,1.02958466737254e-05,-3132.9835349261,0.090670333690039,0.0707826859268939,0.989375,0.440430778263623
"sinusoidal",1600,"sir_laplace",148,14.854,4074.38085223215,4002.67893729356,74.4721143590295,132.054519490025,7193.79825988011,3509.21765753336,7195.05540299365,3347.34985508097,274.295196730318,269.468085182009,5.01360672943514,8.8901655776239,484.300407962845,484.385041267918,0.00148284633782687,0.00144544159621096,1.55502215116511e-07,0.000760531646632276,0.00226345356405408,6.97371728487579e-06,6.73386565002852e-06,2.8226815686581e-12,4.05771412748447e-06,1.02278227001554e-05,-3160.05777897235,0.0754737068541967,0.0635356484296968,0.990625,0.430462619663454
"sinusoidal",1600,"sir_laplace",149,15.116,3689.97677651846,3557.52244378847,98.354250747036,112.733001498994,7165.42262207374,3464.52850191185,7181.51254664173,3420.47751489408,244.110662643455,235.348137323926,6.5066320949349,7.45785932118243,474.029017072885,475.0934471184,0.00158993557310581,0.00152976538226336,2.20363955621314e-07,0.000730867606685108,0.0025474186734037,7.28819264158644e-06,7.02415409266316e-06,3.20990691356982e-12,4.10732690016106e-06,1.07710823705567e-05,-3210.17536736301,0.083447164725468,0.0696318225310082,0.999375,0.437728556752738
"sinusoidal",1600,"sir_laplace",14,14.781,3377.34760890347,3442.0360432717,81.458734801672,113.848200772571,7100.36013317092,3572.38781959157,7119.5473854293,3085.46067557567,228.492497727047,232.868956313626,5.5110435560295,7.70233412979981,480.370755237867,481.668857684142,0.00147152666444387,0.00141588523955787,1.67839763634621e-07,0.000748755467289451,0.00231023643881999,6.85764879844333e-06,6.5930500190877e-06,2.49015280560931e-12,4.30018130784334e-06,1.00972724752945e-05,-3185.40145287627,0.0739320243832094,0.0614430295120761,0.996875,0.433225184866781
"sinusoidal",1600,"sir_laplace",150,15.363,3255.31371821016,3034.67232756134,94.0148687396513,102.871659570323,7249.31816960036,2793.53144642393,7147.14315348448,2808.85705618034,211.893101491256,197.531232673394,6.11956445613821,6.69606584458266,471.868656486387,465.21793617682,0.00151760943612785,0.00146782502777618,1.62434379654896e-07,0.000814087320195842,0.00229509108631489,7.08910800407501e-06,6.82908242108686e-06,3.00051000693846e-12,4.00874530242459e-06,1.04397877879993e-05,-3152.60468702628,0.0830251051635644,0.0661580272163358,0.995,0.434342039729226
"sinusoidal",1600,"sir_laplace",151,14.624,3506.24376168595,3501.29952126633,91.8743438728417,135.141477501496,7213.31624430708,3107.62754173017,7189.92863948393,3106.79429589004,239.759557008065,239.421466169744,6.28243598692845,9.24107477444585,493.251931366731,491.652669548956,0.00152855557578707,0.001473518492047,2.03947611604466e-07,0.000774030844160224,0.00239397548956198,6.853374898843e-06,6.67261643669496e-06,2.65102008399063e-12,3.85666266930873e-06,1.00403779577021e-05,-3180.91627502809,0.0793044405739442,0.0631904565067737,0.99125,0.432693470542204
"sinusoidal",1600,"sir_laplace",152,15.145,3998.94337745867,3928.26029492528,82.7186616335795,60.2798855923152,7137.50560412066,4154.52544522965,7171.30968982415,3720.60634776457,264.043801747024,259.376711450993,5.46178023331657,3.98018392818192,471.278019420315,473.510048849399,0.0015677911879122,0.00151106786002891,1.8375529786923e-07,0.000799062283402109,0.0024724039446663,7.31318617040512e-06,7.10744648612332e-06,2.75568408688389e-12,4.4923204351276e-06,1.0669106291264e-05,-3189.30022387062,0.09324450239817,0.0757059260591678,0.989375,0.439605125141854
"sinusoidal",1600,"sir_laplace",153,14.815,3578.19067865342,3524.3902252446,95.5295396942712,124.988665547119,6757.9238614984,3366.79893210857,6714.44652915513,3081.98205969187,241.524851748459,237.893366536929,6.44816332732172,8.43662946656219,456.154158724158,453.219475474528,0.00125611332446447,0.0012068479099296,1.09848824671821e-07,0.000708379740901751,0.00192443810226153,6.93745020628912e-06,6.76032295790756e-06,2.67812993410688e-12,3.84177734451079e-06,1.0075308793068e-05,-3153.87558307206,0.0892323960819464,0.0700276662132037,0.994375,0.422663516709119
"sinusoidal",1600,"sir_laplace",154,15.069,3555.5523537982,3416.5477112195,68.3226948869471,148.759265085464,7070.22789009546,3707.97898421949,6996.92665711408,3244.85307116422,235.951446930665,226.726903657807,4.53398997192562,9.87187371991929,469.190250852442,464.325878101671,0.00139916456805304,0.00135748728339222,1.28582293587305e-07,0.000765037629810105,0.00213796891510764,7.09860070798884e-06,6.91230369106715e-06,2.48818172953346e-12,4.22927039598912e-06,1.00636091701341e-05,-3147.27549216543,0.0845559564788229,0.0693667226464513,1,0.428932232552353
"sinusoidal",1600,"sir_laplace",155,14.812,3407.84800074605,3331.80344764894,73.1899467416462,103.042639151395,6911.88290121238,3602.07849245421,6899.5036937624,3136.42950108806,230.07345400662,224.939471215834,4.94126024450757,6.95669991570315,466.640757575775,465.805002279395,0.00136133704188933,0.00131422601251181,1.44241444568159e-07,0.000718690453768478,0.0021359652098905,7.01810053080753e-06,6.66264345568267e-06,3.62506080968875e-12,3.71880671268409e-06,1.08724126365566e-05,-3170.39426874994,0.0745847797711431,0.0608034310489645,1,0.428216750983007
"sinusoidal",1600,"sir_laplace",156,14.88,3272.72494452246,3148.1769416135,77.2087312455238,121.862888600919,6817.03147521824,3390.11137860705,6685.11046734883,2875.31255133103,219.94119250823,211.571031022413,5.1887588202637,8.18971025543814,458.133835700151,449.268176569142,0.0012119994185185,0.00116664742377836,1.08060391287105e-07,0.000637813201825833,0.00185906131478481,6.51597975412444e-06,6.20070338103962e-06,2.51670063221684e-12,3.93294629661353e-06,9.875512530029e-06,-3185.78016554844,0.0722021526475448,0.0586185139301386,0.99875,0.417155675618675
"sinusoidal",1600,"sir_laplace",157,14.968,2873.94368380247,2817.90962242706,76.5778640223892,96.1968971245544,6937.52915137551,3039.34482433326,6933.71826867775,2605.64336416645,192.005858084077,188.262267666158,5.11610529278388,6.42683706069979,463.490723635457,463.236121638011,0.00138620699890243,0.00133736576863922,1.52097762918264e-07,0.000720145695229348,0.00215719935462783,7.03580838697271e-06,6.63639895126694e-06,3.51743852691078e-12,4.05790992286658e-06,1.1020254589806e-05,-3186.60046640675,0.0808138351264578,0.0661922040850653,1,0.426295971235738
"sinusoidal",1600,"sir_laplace",158,14.845,3348.20351427864,3068.00896661588,106.50019804084,97.7970267517582,7141.7908362118,3531.41783077358,7057.06704684132,2948.68212297577,225.544190924799,206.669516107503,7.17414604518962,6.58787650735993,481.090659226123,475.383431919254,0.00144878833291883,0.00140010776348646,1.54317080232865e-07,0.000797941975100623,0.00220427357272387,7.06004423869421e-06,6.71759506710954e-06,3.35324836602728e-12,4.00913990485299e-06,1.07171281835422e-05,-3146.72210928152,0.0796528699823755,0.0619031136454804,0.986875,0.429572845167176
"sinusoidal",1600,"sir_laplace",159,15.077,3460.36992467736,3197.99089525264,56.4109152658893,130.848968879196,6894.67280273367,3226.34484233867,6920.78621294585,3025.54878319212,229.51316075329,212.110558814926,3.74152120885384,8.67871386079435,457.29739356196,459.029396627038,0.00136102960780633,0.00130429182035959,1.52678880996936e-07,0.000716937090489303,0.00220347328126458,7.0043123965778e-06,6.7533047477685e-06,2.60515554688126e-12,4.20464231495529e-06,1.01488292339991e-05,-3172.62551487271,0.0941662116577655,0.0730881907949447,0.98375,0.42581427230441
"sinusoidal",1600,"sir_laplace",15,14.837,3060.27371973481,2795.23908784981,122.513068012047,65.9671951410257,6907.07264397542,3190.41425930724,6792.60711269908,2674.56723593732,206.259602327614,188.396514649175,8.25726683372969,4.44612759594431,465.530271886191,457.815401543377,0.00130003998502817,0.00126807073658604,1.03334080635422e-07,0.000727710104229595,0.00194934366184977,6.89519325540627e-06,6.69846077381673e-06,2.42719642724588e-12,4.040690834769e-06,1.00169731394918e-05,-3154.88713898332,0.0848017767606135,0.0670369009241626,0.996875,0.42528710626611
"sinusoidal",1600,"sir_laplace",160,15.001,3027.37327664808,3042.30794248871,139.313978497163,113.144522506994,6873.92193692337,3171.82546918205,6830.9783262442,2838.92100707996,201.811431014471,202.807009031978,9.28697943451525,7.54246533611052,458.230913733976,455.368197203133,0.00126017325442651,0.00122316480991991,9.91631616037717e-08,0.0007035166616923,0.00186552413421704,6.78333289232983e-06,6.55492049845273e-06,2.06285574746103e-12,4.34780095578441e-06,9.58003505153254e-06,-3167.91539689442,0.0715989494818838,0.0587391928462406,0.9975,0.42038372558997
"sinusoidal",1600,"sir_laplace",161,14.739,3716.87286257674,3599.17033250734,94.9197008385483,150.288079190878,7012.44636925859,3057.70817420651,6998.67910452146,3253.18964801247,252.179446541607,244.193658491576,6.44003669438553,10.1966265819172,475.77490801673,474.840837541316,0.00144489221151824,0.00137694727344503,1.83235288243825e-07,0.000709698474955628,0.00231197101077439,7.3369769903882e-06,7.14444451386261e-06,2.64739249825842e-12,4.47013341863211e-06,1.06675292576459e-05,-3141.93258484319,0.0841871003528614,0.0666526727049975,1,0.43128145253995
"sinusoidal",1600,"sir_laplace",162,14.882,3363.85140925236,3265.19210077212,86.3033114881396,104.732017581421,6858.6573659774,3553.33499219299,6718.55200029183,3084.35633375959,226.034901844669,219.40546302729,5.79917427013436,7.03749614174312,460.869329792864,451.454911993807,0.00127954297094261,0.00123668662329031,1.124652176612e-07,0.000681378915737474,0.00196212166612284,6.95649779521747e-06,6.74420606821078e-06,3.18122982351635e-12,3.52689088344642e-06,1.03959084094436e-05,-3146.44840432602,0.0816256443521634,0.0639189828594506,0.996875,0.426010262504192
"sinusoidal",1600,"sir_laplace",163,14.745,3266.99890278712,2912.29845571808,52.6446369484539,147.02192569489,6976.91109674566,2056.42914489952,7042.01043261098,2536.28712066496,221.566558344328,197.510915952396,3.57033821284869,9.97096817191525,473.171318870509,477.586329780331,0.00140573072085109,0.00132207403005874,2.04341341858824e-07,0.000657775951292207,0.00230237270278917,6.65045552915441e-06,6.46486040814596e-06,2.45485590196877e-12,3.90443799169404e-06,9.9118755048418e-06,-3172.28366196948,0.0923452873184103,0.0774812258543116,0.98625,0.426652806629586
"sinusoidal",1600,"sir_laplace",164,15.185,3181.03466818363,3115.69154022879,62.116227825056,126.123830643208,7078.85898605533,3089.29112134125,7136.04064749172,2841.26048655533,209.485325530697,205.182189017372,4.09063074251275,8.30581696695476,466.174447550565,469.940115080126,0.00156656366275725,0.00150793777842895,2.01868932393195e-07,0.000755723086261169,0.00245269942569022,7.34420653279028e-06,7.10912519526392e-06,2.96668910864613e-12,4.36610285592184e-06,1.09011970227982e-05,-3157.72100465604,0.0840427051136041,0.0689910195385482,0.99,0.43734614052518
"sinusoidal",1600,"sir_laplace",165,15.172,2945.57313320682,2922.12391497371,86.629732192022,84.6750536156839,7218.68021383769,3055.12519607724,7184.70427610829,2719.72905456828,194.145342288875,192.599783480998,5.70984261745465,5.58100801579778,475.789626538208,473.550242295564,0.00150796219739755,0.00145575720171715,1.69257662543657e-07,0.000767206805241846,0.00229408672998236,6.90176196320568e-06,6.57677391712054e-06,3.22557581852419e-12,3.81818999611415e-06,1.04349298181239e-05,-3184.24329952561,0.0820774046954407,0.0665815648840692,0.996875,0.431833019213741
"sinusoidal",1600,"sir_laplace",166,15.2,2923.95642622426,2848.66748862961,97.9068307494655,114.951070174585,7008.92617893298,3108.46179635481,6998.95528986273,2662.76564678996,192.365554356859,187.412334778264,6.44123886509642,7.56257040622268,461.113564403486,460.45758485939,0.0013993044727518,0.00132850580138006,1.43918646217618e-07,0.000767858774439341,0.00216907894836624,7.08890504786226e-06,6.85715665642468e-06,2.43044941992181e-12,4.52527781529792e-06,1.02442715132221e-05,-3161.65211049105,0.081269540974257,0.0659355348040364,1,0.431303413980872
"sinusoidal",1600,"sir_laplace",167,14.668,3698.66605606223,3738.03701501305,82.5967184441361,114.277718883375,7287.72545312102,3238.27964871005,7318.09945222788,3407.23612662131,252.158853017605,254.842992569747,5.63108252277994,7.79095438255896,496.845204057883,498.915970290965,0.0015831850147916,0.00150116363030854,2.21419818298907e-07,0.000805727815414855,0.00256808950108102,6.63312952880786e-06,6.357113139902e-06,2.60247172711306e-12,3.95992697059157e-06,9.86995551001479e-06,-3207.36698868163,0.0806447934433772,0.0605443807791749,0.99,0.438015800484553
"sinusoidal",1600,"sir_laplace",168,15.126,3519.83964369591,3556.7577700762,87.1877744499122,121.632896205369,6963.73376494467,3615.87756391488,6883.77028905655,3261.98363005331,232.701285448625,235.141991939456,5.76409985785483,8.0413127201751,460.381711288157,455.095219427248,0.0013273440725467,0.00129449180292437,1.21137153684472e-07,0.000719550934364091,0.00201639101451733,6.64829523368231e-06,6.42764502424584e-06,2.42060474945464e-12,3.95249504009324e-06,9.82030454254702e-06,-3153.57964565584,0.0892868256221123,0.0682885901775423,0.98375,0.427641895945922
"sinusoidal",1600,"sir_laplace",169,15.085,3049.81899527742,3259.66131618484,60.1576460282962,87.0377441418078,7103.869880592,2427.81141053334,7207.16998471776,2905.19707837523,202.175604592471,216.08626557407,3.98791156965835,5.76982062590705,470.922763048857,477.770632066143,0.001609862592816,0.00152843271056397,2.85644451854264e-07,0.000724977798198593,0.002610452069676,7.18633604410221e-06,6.98883948208641e-06,2.97903631349067e-12,4.18400000675814e-06,1.05902945676114e-05,-3198.29531157676,0.0828209444320619,0.065038458824229,1,0.437182103283816
"sinusoidal",1600,"sir_laplace",16,14.915,3573.67090392741,3560.99112776192,86.815317059378,100.186974662257,7061.92825781448,3461.12270969852,7112.21912912321,2863.15392078726,239.602474282763,238.752338435261,5.8206716097471,6.71719575341985,473.478260664732,476.850092465518,0.00138227128827657,0.0013444868251461,1.39131408246796e-07,0.000709588226810536,0.00213281011781851,6.75262221605005e-06,6.54241359182979e-06,2.23779971115114e-12,4.17236529292558e-06,9.70859662241238e-06,-3160.87658507898,0.077844484210636,0.0614597009617327,0.994375,0.427548206581534
"sinusoidal",1600,"sir_laplace",170,15.074,4363.71472130716,4379.27468424162,57.2724989284371,82.4770088804613,7124.08452139282,2099.45809726136,7338.31597147805,3588.81322453164,289.486182918081,290.518421403849,3.79942277619989,5.471474650422,472.607438065067,486.819422281946,0.00174134853877529,0.00165441732531584,3.29265706820759e-07,0.000779132227159808,0.00283954722405236,7.19718516908202e-06,6.91829108216775e-06,3.56343549027555e-12,4.01022125449404e-06,1.08436972787082e-05,-3140.93247422126,0.0847787884692136,0.0665721976883325,0.985625,0.446828555395263
"sinusoidal",1600,"sir_laplace",171,14.783,3574.35285175761,3043.67174320478,102.856437366036,58.6194482264787,6898.82470631167,3686.79830757173,6835.79704489547,2883.63939157467,241.788057346791,205.889991422904,6.95775129310939,3.96532829780685,466.672847616294,462.409324554926,0.00127688680090478,0.00121893971437152,1.23072431604674e-07,0.000688009985136455,0.00200463062898125,6.64257187489063e-06,6.4593420304516e-06,2.10117574218277e-12,4.20121430380896e-06,9.63599589530346e-06,-3163.11199079879,0.0936977855768005,0.0745700582748225,1,0.423442203401005
"sinusoidal",1600,"sir_laplace",172,14.791,3559.00641262773,3636.3817691151,70.6614872034299,150.814164368235,7126.4251956155,3568.04096081561,7181.84081334766,3230.45606053662,240.619729066847,245.850974857352,4.77732994411669,10.1963467222118,481.808207397438,485.554784216595,0.00161171973494423,0.00157548304695325,2.22465279956826e-07,0.000759914437476017,0.00252761059482192,7.47031572580698e-06,7.19218692141019e-06,2.95313529409195e-12,4.53874020103085e-06,1.08486529967124e-05,-3156.22612448844,0.0873845918858303,0.0693865081328385,1,0.43992461410786
"sinusoidal",1600,"sir_laplace",173,14.786,3459.24955670813,3069.64691083825,62.6377931962288,112.845550429457,7085.10265845056,3015.28963362726,7101.0948250116,2372.22966481173,233.954386359267,207.604958125136,4.23629062601304,7.63191873592976,479.176427597089,480.258002503151,0.00159351087967676,0.00150482448131551,2.31810726353382e-07,0.000828862658499411,0.00262610145564263,7.45964484979739e-06,7.24485684997694e-06,3.31267271737718e-12,4.21973406706687e-06,1.09999854212315e-05,-3107.48140246592,0.104691462623135,0.0802816126707015,0.975,0.44350076454572
"sinusoidal",1600,"sir_laplace",174,14.868,3539.70575376475,3480.92866667538,93.2168881358594,117.395863353722,7367.7679524707,3721.421901083,7318.67891003864,3415.38009936208,238.075447522515,234.122186351586,6.26963197039679,7.89587458661029,495.545329060445,492.243671646398,0.00164377669217792,0.00159745879946572,1.89763879702323e-07,0.000833360083475506,0.00250996223454858,7.09715741504652e-06,6.94107606135513e-06,2.8678834263604e-12,4.10548653618642e-06,1.01897246456092e-05,-3166.79969075266,0.0702213766924215,0.0559181128561868,1,0.440806931826057
"sinusoidal",1600,"sir_laplace",175,14.768,3092.83804050958,3369.36484620582,106.987831062349,138.056072615791,6985.54145921912,3217.60240835284,6896.56421009684,2955.83091367616,209.428361356282,228.153090886093,7.24457144246673,9.34832561049504,473.01878786695,466.993784540685,0.00133191894027489,0.00130823887773097,1.21339719642155e-07,0.000720083984369009,0.00205435804352171,7.09513603036978e-06,6.90341181524722e-06,2.6493583724067e-12,4.28843599965454e-06,1.04609167730171e-05,-3198.42665790169,0.0935105198464589,0.0755087510731745,0.976875,0.421655143016921
"sinusoidal",1600,"sir_laplace",176,14.958,3726.87806952493,3495.19181717316,85.1241271034265,111.632412399114,7054.42044829056,3633.45426128191,6910.80917905601,3382.51575941299,249.156175259054,233.667055567132,5.69087626042429,7.46305738729201,471.61521916637,462.014251842225,0.00145788831362734,0.00139672601550585,1.82176547498824e-07,0.000704679916532666,0.00228920198201309,7.20715192087731e-06,6.96327021068665e-06,3.30935938272841e-12,3.98790189453227e-06,1.06059388680975e-05,-3158.48286176547,0.0824410355476631,0.0672615574882566,0.995625,0.433911468917587
"sinusoidal",1600,"sir_laplace",177,14.971,3277.11417707512,3281.88783147022,80.1668393133208,111.508028760232,7000.56629151443,3480.54283576973,6874.94982168688,3117.62425162732,218.897480266857,219.216340356036,5.35480858415075,7.4482685699173,467.608462461721,459.217809210265,0.00138939294489246,0.00133378523167256,1.46530392378358e-07,0.000741459876628424,0.00216670940705853,7.13896805761939e-06,6.91649187336836e-06,2.8202797951665e-12,4.1529993867434e-06,1.04713077387753e-05,-3159.65600280036,0.0850777338074535,0.062014005515403,1,0.430508244169323
"sinusoidal",1600,"sir_laplace",178,14.829,3165.26554133602,3149.72604758689,36.1860666346694,111.874677258565,6905.452690907,3323.82558822026,6798.6197522193,2885.91382842357,213.451044664915,212.403132213021,2.44022298433269,7.54431703139557,465.672175528154,458.467850308133,0.00138495592838105,0.00134466361813744,1.51852243702673e-07,0.000669453640749058,0.00220325276397608,7.24395476187736e-06,6.90572329567215e-06,3.60819437599369e-12,3.99327196871092e-06,1.10862030314633e-05,-3150.63652746623,0.0764449504437916,0.0617156818179074,1,0.430620841177713
"sinusoidal",1600,"sir_laplace",179,14.767,3165.4959595841,3192.29515226511,107.955366902442,89.647883339567,6789.08995015673,3088.53337934655,6664.28742785684,3055.30401025659,214.362833316456,216.177636098403,7.31058216986806,6.07082571541728,459.747406389702,451.295959088294,0.00124110336300794,0.00119622142672682,1.03718709058379e-07,0.000689902554434673,0.00190521334458637,7.08076496967212e-06,6.87041237629397e-06,2.7795993170383e-12,4.14064842070753e-06,1.05295224179553e-05,-3167.71226135901,0.0906123409002896,0.0710934811801063,0.98125,0.423261945607885
"sinusoidal",1600,"sir_laplace",17,14.977,3356.28977890897,3542.40211866697,63.5300761617428,114.332551788919,6887.43965326369,3350.63067714481,6812.7011292938,3015.53747041127,224.096266202108,236.522809552445,4.24184256938925,7.63387539486671,459.867774137924,454.877554202697,0.00129473099028968,0.00123388311161741,1.29975232214331e-07,0.000710341561159983,0.00199782482390256,6.85828742124212e-06,6.64312929716897e-06,2.63795509531659e-12,4.13410422862063e-06,1.00155182626089e-05,-3186.97752426415,0.0709858178475796,0.0567034890599795,1,0.422330792062143
"sinusoidal",1600,"sir_laplace",180,14.855,3496.94343855745,3474.32816035203,88.480398636137,119.754556526217,6846.91294537528,3694.49723123492,6729.0297944646,3297.84185676658,235.405145645066,233.882743880985,5.95627052414251,8.061565568914,460.916388110083,452.980800704449,0.00129767367379615,0.00124631358371531,1.11598605945018e-07,0.000713576798903823,0.00197945514187502,7.08159696668345e-06,6.88183096919712e-06,2.94203730981928e-12,4.03836193298714e-06,1.05922859001766e-05,-3137.89097543227,0.0675940457814843,0.0540367083297657,0.9925,0.422395827821493
"sinusoidal",1600,"sir_laplace",181,14.727,3674.93553947828,3580.85459379709,83.2538176205575,104.960827841244,6953.75167215215,3346.26068423065,6972.27531085761,3288.72098015748,249.537281148793,243.148950485305,5.65314168673576,7.12710177505562,472.177067437506,473.434868666912,0.00137972931540508,0.00132613572019689,1.54555083726163e-07,0.000670280654312944,0.00215926542558807,6.97501389731571e-06,6.71906007619323e-06,3.0454666218494e-12,4.05961928340011e-06,1.02632820216509e-05,-3165.50462713115,0.0875144462423438,0.0697841314811922,1,0.42926583780719
"sinusoidal",1600,"sir_laplace",182,15.103,3026.13381349941,3160.66990724063,79.7410192733296,152.622905733336,6942.11637930978,2551.78299617049,6925.98305041033,2912.30612917765,200.366404919513,209.274310219203,5.27981323401507,10.1054694917127,459.651485089703,458.583264941424,0.00142699602784979,0.00136179398958665,1.79974817131786e-07,0.000682469708120589,0.00225734290896972,7.06722597984225e-06,6.87137880593087e-06,2.44987758591439e-12,4.29961445700096e-06,1.01189982896406e-05,-3125.20370420691,0.0918146299938756,0.0675331653893087,0.983125,0.432977514475544
"sinusoidal",1600,"sir_laplace",183,14.775,3376.39954496675,3358.48427952163,70.1094167325135,141.402832459717,7030.88680165501,3553.11944302603,7021.71932314816,3150.76709233689,228.521119794704,227.308580678283,4.74513818832579,9.57041167240047,475.863742920813,475.243270602244,0.00139464113237921,0.00133740275618576,1.4863417308322e-07,0.000709027438754714,0.00219847412227648,6.93121819126783e-06,6.68815316673378e-06,2.66193217881708e-12,3.97452906290698e-06,1.00960228384741e-05,-3159.28551372263,0.0740019393754456,0.0582073275755184,1,0.429880040895574
"sinusoidal",1600,"sir_laplace",184,15.064,3729.84610422027,3536.85631390897,100.830990838743,122.627915544665,6895.19693416962,3793.63308271295,6839.10169806592,3336.97120503168,247.599980365127,234.788655995019,6.69350709232227,8.14046173291719,457.726827812641,454.003033594392,0.00133319748122262,0.00127644667313447,1.34205689959694e-07,0.000719562578080045,0.00207459607851514,6.94378966828388e-06,6.69563259890022e-06,2.60394447509436e-12,4.05663274565419e-06,1.01355177538133e-05,-3143.00619176246,0.108939647878639,0.0854961648628421,0.99,0.429960826003242
"sinusoidal",1600,"sir_laplace",185,15.236,3694.59704432811,3165.83636715569,65.0396773474047,98.0609801599954,7224.46857356415,3831.69503538989,7160.74618931285,3361.65017290959,242.49127358415,207.786582249652,4.2688157880943,6.43613679180857,474.170948645586,469.98859210507,0.00152712555763308,0.00146872512528024,1.648102241136e-07,0.000829030999945239,0.00231708632226995,7.09085839480801e-06,6.84299124528517e-06,2.6921541656905e-12,4.24848973509217e-06,1.04768502653572e-05,-3160.94672728172,0.101733009596586,0.0825089272040449,0.981875,0.434231417367653
"sinusoidal",1600,"sir_laplace",186,15.215,3361.33175738888,3397.60160633754,82.9578030179564,124.313599190422,6978.88444320205,3215.74934470827,6905.55298021034,2983.08625333615,220.922231836272,223.306053653469,5.45236957068395,8.17046330531855,458.684485258104,453.864803168606,0.00135536148922423,0.00130274933145332,1.39242564027024e-07,0.000711095688794451,0.00209141794810122,6.81398999548834e-06,6.66473361403262e-06,2.37906463291797e-12,4.04741743206833e-06,9.69828881201445e-06,-3154.04943311597,0.0911591969014936,0.0713394582045123,0.978125,0.42881574917266
"sinusoidal",1600,"sir_laplace",187,14.964,3711.12354538096,3628.92023475906,98.4232909074156,90.2297819206507,7092.26861934954,2345.55243556847,7093.91843859503,3438.43800071375,248.003444625833,242.510039745995,6.57733833917506,6.02979029140943,473.955400918842,474.065653474674,0.00154861948728728,0.0014611620630875,2.13362770497306e-07,0.000838051675353142,0.00257866236836789,7.18436693242117e-06,6.96167006844034e-06,3.18005129774558e-12,4.07445863362794e-06,1.06929617890369e-05,-3157.61744853256,0.0930552659705899,0.0718455516455982,1,0.438397443284043
"sinusoidal",1600,"sir_laplace",188,15.183,3304.93892436836,3270.23566981004,86.5186222800765,112.762371499762,6906.67741244808,3196.78145357533,6868.80199140911,2998.15524052826,217.673643177788,215.387977989201,5.69838782059386,7.42688345516449,454.895436504517,452.400842482323,0.00137316557695156,0.00132504109079273,1.47899563770006e-07,0.000688946431470119,0.0021324677471101,7.15822587967569e-06,6.8826702915567e-06,2.90095844910853e-12,4.15483626326646e-06,1.04592581278409e-05,-3170.50925022971,0.0944496989328049,0.0773455797393744,0.989375,0.427842711599975
"sinusoidal",1600,"sir_laplace",189,14.871,3203.04329147326,3026.98944800415,80.5131295137865,42.5736888002979,6900.13169607239,3281.44144616781,6784.30035543778,2730.99196364888,215.388561056638,203.549825028858,5.41410325558379,2.86286657254373,463.999172622714,456.210097198425,0.00133320389660067,0.00129137634214979,1.2749652678822e-07,0.00071335476381465,0.00204002913526675,7.14624328725597e-06,6.92888596489448e-06,3.33956109259236e-12,4.00590104654785e-06,1.08558994048681e-05,-3180.21534352043,0.0733567627212903,0.0555906677462128,0.998125,0.427116057182048
"sinusoidal",1600,"sir_laplace",18,15.089,3420.00883025437,3349.80094374773,78.079973929107,113.245378033884,7109.24898662412,2330.26769631708,7192.75667320969,3163.12566631471,226.655764481037,222.002846030071,5.17462879774054,7.50516124553542,471.154416238592,476.688758248372,0.00159981464689322,0.00153335028604733,2.70975704010265e-07,0.000689352605822162,0.00260138110396352,7.17567266259222e-06,6.88842719208114e-06,3.05160705808543e-12,4.34638564544053e-06,1.07157902850583e-05,-3142.8374317378,0.0830923144997455,0.0659466530101004,0.99625,0.43967708382014
"sinusoidal",1600,"sir_laplace",190,15.337,3450.26234043911,3250.37052232211,122.113398124578,121.3645550136,6970.63184490807,3414.9683943346,6898.90510274187,3060.49648668987,224.963313584085,211.930007323603,7.96201330928985,7.91318739085873,454.497740425642,449.821027759136,0.00134272379466017,0.00128475580726223,1.32178268400962e-07,0.000743304854638606,0.00209111913722787,6.86138990801265e-06,6.58311978113127e-06,2.3455665284169e-12,4.3822915809127e-06,1.00328413510733e-05,-3129.15873622511,0.0810468201696432,0.0598399215036597,0.98875,0.42686306239204
"sinusoidal",1600,"sir_laplace",191,15.213,3395.03254612264,3328.96736810636,90.5793536073918,132.756701648411,7117.83267756513,2654.42104792601,7071.09057630257,2893.7864494046,223.166538231949,218.823859074894,5.95407569890171,8.72653004985282,467.878306551314,464.805796115333,0.00161179458190203,0.00155180093625567,2.20786623213988e-07,0.000781189972204469,0.00245208804356144,7.45512368406631e-06,7.18678349750698e-06,3.39343530443756e-12,4.19101597147191e-06,1.10755098453804e-05,-3157.64795642087,0.0966281257200977,0.0735300409217452,0.97875,0.443539775970375
"sinusoidal",1600,"sir_laplace",192,14.846,3368.34983421851,3241.25754008353,82.7135695282518,121.734955424992,6992.72304394201,3320.71129860268,6964.07140979578,3082.61409020942,226.886018740301,218.325309179815,5.57143806602801,8.19984880944308,471.017314020073,469.087391202733,0.00137319686505666,0.00133010634167072,1.60629377581652e-07,0.000707445603846907,0.00212093688491947,6.82770776628024e-06,6.6611442473954e-06,2.52457063268922e-12,4.14698721600033e-06,1.01274409491683e-05,-3189.73487680221,0.101362801966539,0.0823916316270702,0.971875,0.426286361954097
"sinusoidal",1600,"sir_laplace",193,14.924,3642.37273824871,3645.12696445353,72.2330138238087,154.223499070308,7013.64124199105,3692.8313811894,6969.37302849793,3113.25711328102,244.061427113958,244.245977248294,4.84005721145864,10.3339251588253,469.957199275734,466.990956077321,0.001344152841155,0.00129483962836663,1.21717678944399e-07,0.000738628677943027,0.00206137600777039,6.83201438617702e-06,6.63210794308993e-06,2.35826387332347e-12,4.0183584219644e-06,9.85623113444705e-06,-3179.36163387202,0.0817149713652271,0.067045726806628,0.989375,0.42492100299778
"sinusoidal",1600,"sir_laplace",194,15.224,3457.26165837981,3688.5246760488,90.4020721085867,93.4333460077518,6992.76571918683,2238.37194423435,7031.95328072052,3348.09002462144,227.092857224107,242.283544144035,5.93812875122088,6.1372402790168,459.325126063245,461.899190798773,0.0015839581957311,0.00150042039291582,2.44468128849046e-07,0.000776065756267118,0.00254997154541142,7.4606129685909e-06,7.13948432752575e-06,3.98217149119979e-12,4.2343818629181e-06,1.13714928620171e-05,-3131.26902807953,0.0811744681185216,0.0640235699033259,0.99375,0.440405113197053
"sinusoidal",1600,"sir_laplace",195,15.084,3557.62205012442,3722.19271650477,93.0947813528519,112.388028214011,7262.74958893824,2313.90630500089,7248.71781259604,3486.75166425211,235.854020825008,246.764301014636,6.17175691811535,7.45081067449028,481.486978847669,480.556736448955,0.0015965373118558,0.00152779325643989,2.10939802008376e-07,0.000834018586814471,0.00249249148890267,7.05376860191501e-06,6.8491875309645e-06,2.60002636966801e-12,4.22342954418943e-06,1.01213848460592e-05,-3142.19104622246,0.0941330655217725,0.0755719346354731,0.9825,0.440080729316741
"sinusoidal",1600,"sir_laplace",196,14.961,3243.6570414451,3152.29954134795,108.729410635313,99.6746966230151,6781.81037509533,3152.84170182151,6686.40060444059,2805.05706651954,216.807502268906,210.701125683307,7.26752293531936,6.66230175944222,453.299269774436,446.922037593783,0.00122961558280969,0.00120058454903783,9.98124622213798e-08,0.000641839131284292,0.00183393942250492,6.79370715101512e-06,6.57999507194389e-06,2.55776306947823e-12,4.02563756800639e-06,1.00480849547466e-05,-3196.05827854054,0.0858137278451649,0.0722819779548869,0.99,0.418712744098297
"sinusoidal",1600,"sir_laplace",197,14.993,2999.08214094899,2835.50561270025,123.820546318142,146.726538261888,6738.14499996147,3110.26819891599,6616.90572436764,2722.8099081728,200.032157736876,189.121964430084,8.25855708118071,9.78633617434059,449.419395715432,441.333003692899,0.00116654319015666,0.00111733580263924,8.62460847279667e-08,0.000681860175263612,0.001759718741895,6.62759792996904e-06,6.42179301735999e-06,2.1634942776096e-12,3.99821734352803e-06,9.564810771376e-06,-3145.67647796336,0.0732881999766675,0.0586205455883904,0.9925,0.415961183262286
"sinusoidal",1600,"sir_laplace",198,14.904,3408.71106156862,3486.87460229795,145.625229699754,127.053679524631,6923.1654724492,3589.30892458122,6845.45703027552,2963.09722794388,228.711155499773,233.955622805821,9.7708822933276,8.52480404754638,464.517275392458,459.303343416232,0.00127212683046844,0.00123071398373072,9.93113151828021e-08,0.000721658625746622,0.00191685180832164,6.97653919392554e-06,6.78735286751397e-06,2.7016422054686e-12,3.93744988307982e-06,1.04457300671587e-05,-3158.73410068917,0.0886896220575379,0.0668392639348267,0.984375,0.419672791392405
"sinusoidal",1600,"sir_laplace",199,14.957,3246.45704646466,2937.80603297448,80.5250456401127,99.445173000894,6970.50504307172,3385.21715809511,6892.79835378793,2669.93652763185,217.052687468387,196.416797016413,5.3837698495763,6.64873791541713,466.036306951375,460.840967693249,0.00133323274112018,0.00127399257996105,1.34617817982913e-07,0.000731866881533985,0.00208006617141489,6.78039058942938e-06,6.50887513740769e-06,2.61453510607441e-12,3.8948211680166e-06,1.0167283023202e-05,-3114.35177345647,0.0883608831787785,0.0685468390951056,1,0.428089598386739
"sinusoidal",1600,"sir_laplace",19,14.803,3554.59294019709,3331.84111915465,90.443897140112,108.323631775786,7073.43116175201,3746.9639560808,6964.31756557712,3205.0472208751,240.126524366486,225.078775866693,6.10983565088914,7.31768099545945,477.837678967237,470.466632816126,0.00144794398229581,0.00138855594078915,1.56399248154079e-07,0.000773520594028136,0.00219792324669691,6.97009887577133e-06,6.77770901153154e-06,2.50486552210133e-12,4.15907715843041e-06,1.01604406623145e-05,-3164.04090887682,0.083913228531253,0.0673115457116051,0.990625,0.429854954702691
"sinusoidal",1600,"sir_laplace",1,15.026,3263.00719947535,3203.04209303877,80.1540933761888,142.790834709292,6830.27161048858,3378.96668138173,6753.46083878387,3035.26230130247,217.157407126005,213.166650674748,5.33436000107738,9.50291725737332,454.563530579567,449.451673019025,0.00126321337401679,0.00119174636271546,1.12240021178704e-07,0.000675067364746215,0.00194127729680184,6.95917774788053e-06,6.70383820364302e-06,2.61091836121926e-12,4.28933881133672e-06,1.02624939196024e-05,-3232.1257677684,0.0757379463043476,0.0583400873364813,0.9875,0.419010069150193
"sinusoidal",1600,"sir_laplace",200,15.272,3341.95005465144,3205.14277178484,98.866918098015,128.585668620342,6926.18860942279,3480.79602022584,6863.34031080499,3025.5459225164,218.828578748785,209.870532463649,6.47373743439071,8.41970066922093,453.522040952252,449.406777815937,0.00136897490457356,0.0013328965208852,1.41619321526272e-07,0.000687477888833209,0.00209814600523382,7.03888560715422e-06,6.87169149504807e-06,2.659944974674e-12,4.13134141461761e-06,1.02638598192487e-05,-3170.52956313612,0.0868049141767288,0.067948666897395,0.996875,0.427494471106894
"sinusoidal",1600,"sir_laplace",20,14.861,3243.00474918972,3125.32453547629,94.1341097488764,143.64927206294,6896.14260498278,3397.33758684491,6742.21404721423,2946.80747497288,218.222511889491,210.303784097725,6.33430521155214,9.66619151220916,464.042971871528,453.685084934676,0.0012731143427166,0.00124411422786212,1.03088750547657e-07,0.000661546200634888,0.00189631580996563,6.89221446285054e-06,6.66860531996613e-06,2.52269785658023e-12,4.14786447798235e-06,1.01836809977177e-05,-3130.17326774176,0.0702172467809322,0.0558650628603715,0.99875,0.421292348305715
"sinusoidal",1600,"sir_laplace",21,14.868,3662.61894918666,3508.59627114766,69.4762186282636,131.951766158292,7097.79637179464,3697.40234966645,7014.14039269852,3131.07914235308,246.34240981885,235.983069084454,4.67286915713368,8.87488338433498,477.387434207334,471.760855037565,0.00151452449448483,0.00146298810018978,1.78915406528652e-07,0.000714733985615386,0.00230844021333243,7.37066001178433e-06,7.10181985079556e-06,2.96688660668676e-12,4.31547783714799e-06,1.08616644363649e-05,-3218.12902991731,0.0953412597115128,0.0771326653546714,0.975625,0.433932210081997
"sinusoidal",1600,"sir_laplace",22,14.9,3672.6402388297,3552.39323541574,72.1754324126438,134.050166362791,7096.69143932184,3834.55404600038,7067.52057751709,2988.28463118192,246.485922069107,238.415653383606,4.84398875252643,8.99665546059002,476.288016061868,474.330240101818,0.00145388167140038,0.00139351926293459,1.78596871802305e-07,0.000681020072075244,0.00227253011180909,7.0540211411442e-06,6.83808762135858e-06,2.79420214891577e-12,4.3425624359063e-06,1.05351537725496e-05,-3184.90649401074,0.0978378583198778,0.0758636061073766,0.97125,0.429036761723131
"sinusoidal",1600,"sir_laplace",23,14.711,4048.2577199296,3724.02446616397,81.6426126763575,110.904172422053,7290.17002989791,3428.57385127917,7369.87221728901,3670.98815122088,275.185760310625,253.145569041124,5.54976634330484,7.53886020134954,495.55910746366,500.976970789817,0.00168465905969879,0.00161303636272972,2.49835768278064e-07,0.000868956802671764,0.00268785654340749,7.11941447458291e-06,6.91000178780077e-06,2.63302482867542e-12,4.09583503942491e-06,1.04339276004871e-05,-3146.25918896646,0.102821597595776,0.076969707245855,0.963125,0.446368061574145
"sinusoidal",1600,"sir_laplace",24,14.885,3609.77224094617,3542.1608216466,42.6684167004281,131.997102106301,7001.92804070646,3300.17537813488,7000.47589508767,3223.66657078783,242.510731672568,237.968479788149,2.86653790395889,8.86779322178709,470.401615096168,470.304057446266,0.00146510133578473,0.00139880998058033,2.26824215560496e-07,0.000624400122365551,0.00242132361696115,7.31401062650521e-06,7.0439174753558e-06,2.91396298984341e-12,4.45322094031827e-06,1.07656744761595e-05,-3176.26271871752,0.0874357132616756,0.0672552530258307,0.994375,0.430559572965412
"sinusoidal",1600,"sir_laplace",25,14.872,4054.67662576421,3830.3402514476,50.9249669475941,115.359123615865,7141.84981924686,3068.00262791554,7189.86014138505,3475.97647328431,272.638288445684,257.553809268935,3.42421778829976,7.75679959762406,480.221208932682,483.449444686999,0.00156167054456099,0.00151750074502546,1.86662880698681e-07,0.000776232431610409,0.00241493693883726,6.91215629955588e-06,6.59120870929304e-06,2.79981938830337e-12,4.14553415817382e-06,1.04528983732637e-05,-3187.25849597626,0.0815166066738086,0.0612549639683007,0.99125,0.438123511953949
"sinusoidal",1600,"sir_laplace",26,14.787,3454.25855342768,3461.81244925659,90.4776408710595,67.7197765345162,7132.53423112175,3597.62778028936,7073.47425990029,3250.37847007629,233.601038305787,234.111885389639,6.11872867187797,4.57968327142194,482.351675872168,478.357628991701,0.00147098251736965,0.00141067805853314,1.59735734018477e-07,0.000813061543493214,0.00229500368191775,7.15911551888906e-06,6.80621061270276e-06,3.52382499396726e-12,4.17458089561198e-06,1.12033480761755e-05,-3193.37414047219,0.0989484876794991,0.0773088110262217,0.989375,0.432126226471985
"sinusoidal",1600,"sir_laplace",27,14.859,3210.51953453598,3522.23477434014,126.600023266646,124.083723259942,7112.08883369847,3281.71354495303,6998.05691842227,2972.79244374715,216.065652771787,237.043863943747,8.52009040087801,8.35074522242023,478.638457076416,470.964191292972,0.00141337132073995,0.00136686386746707,1.32135945958298e-07,0.000754574516859768,0.00212040357681457,6.86414233720016e-06,6.63696281342397e-06,2.48021566015953e-12,4.24700068805245e-06,1.03386462055433e-05,-3208.52395791745,0.084228400541366,0.0654235078878811,0.999375,0.430635893597929
"sinusoidal",1600,"sir_laplace",28,14.836,3718.82915165277,3742.86739537288,111.913916159737,101.229005102751,7184.98613625396,3273.97989382104,7065.12723159949,2972.24759600398,250.662520332487,252.282784805398,7.54340227552822,6.82320066748117,484.29402374319,476.215100539195,0.00143752788401781,0.00138677211365484,1.35488070043127e-07,0.000836689267206201,0.00224089828140602,6.95292419876195e-06,6.71293325075987e-06,2.64302874229982e-12,4.19279837180155e-06,1.03641595713338e-05,-3167.68999669312,0.0972998724414801,0.0778666076128619,0.985,0.429583121194314
"sinusoidal",1600,"sir_laplace",29,14.89,3171.18709584887,3225.30132561326,74.2625236314789,140.157045362941,6911.05778995582,3319.84052892913,6884.9196690294,2944.28813203953,212.974284476083,216.608551082153,4.9874092432155,9.41283044747759,464.140885826449,462.385471392169,0.00131694472245901,0.00124912260734473,1.59025524523136e-07,0.000607514769963228,0.0021146247370565,6.76009232040247e-06,6.5743846682922e-06,2.19973857037556e-12,4.16434656208494e-06,9.75571854589998e-06,-3170.52446426792,0.0725331667074122,0.0555712780341741,0.981875,0.421165307922326
"sinusoidal",1600,"sir_laplace",2,14.783,3540.45788154567,3366.90758829833,50.2299485706126,112.274868078042,7009.85493663912,3491.21150795859,6941.31047112676,3150.22810722398,239.495222995716,227.75536686047,3.39781834340882,7.59486356477318,474.183517326599,469.546808572466,0.00139597703915288,0.00135423969353241,1.56010388192419e-07,0.000682857811350136,0.00216997997135544,7.00594769685765e-06,6.89644601952191e-06,2.04070727776204e-12,4.37512821834294e-06,9.88750153332004e-06,-3169.30204773282,0.0983772925405866,0.0821065777669686,0.9925,0.429922961135967
"sinusoidal",1600,"sir_laplace",30,14.807,3732.41937833759,3638.76198116938,61.5713731820805,121.409327590148,7029.47726603083,2369.26390268318,7051.08732811547,3554.54191490198,252.071275635685,245.746064778104,4.15826117255896,8.19945482475507,474.740140881396,476.199589931483,0.00148989366785722,0.001428700995372,2.061914715265e-07,0.000729729961204112,0.0024066058185949,7.2011890797491e-06,6.87213916416492e-06,3.25991617580218e-12,4.36004945188402e-06,1.08900807642642e-05,-3171.77923407554,0.0871946226904927,0.0723903184168209,0.996875,0.430142711579932
"sinusoidal",1600,"sir_laplace",31,20.496,3389.06709507736,3432.24519807597,100.941998111219,119.478970523587,6984.34800581578,3560.67524880578,6903.82454297766,3224.34730916527,165.352610025242,167.45927000761,4.92496087584011,5.82937990454659,340.766393726375,336.837653345905,0.00146201787885063,0.00140282110731321,1.72359768881246e-07,0.000766160911345689,0.00222997853389567,7.38903084802163e-06,7.14517077475681e-06,2.6984810698903e-12,4.49389898905599e-06,1.07269157334045e-05,-3152.90025500386,0.0951457316449853,0.0711597337993874,0.95875,0.435505206798245
"sinusoidal",1600,"sir_laplace",32,14.702,4136.44820330477,3984.03026234507,97.1450494570928,139.297909626275,7394.17306102071,3319.97528993964,7470.01042715921,3635.90106367485,281.352754952031,270.985598037347,6.60760777153399,9.47475919101315,502.936543396865,508.094846086193,0.00177781065989657,0.00173239056677084,2.28090860596645e-07,0.000914796537815804,0.00271306469052501,7.18046543934892e-06,7.02165915781978e-06,2.50038511532332e-12,4.3444816656111e-06,1.03120289715075e-05,-3179.37212982176,0.0928284568989456,0.0795634270121875,0.985,0.44602939894913
"sinusoidal",1600,"sir_laplace",33,14.858,3417.77328219384,3286.34137375342,112.948111409477,124.803948660894,6700.48181535128,3345.60624491161,6617.74874315575,2989.80069482774,230.029161542189,221.183293428013,7.60183816189775,8.39978117249251,450.967950959165,445.399700037404,0.00121235472051996,0.00116664788737178,1.13444287985682e-07,0.000638921116054641,0.00186882497950638,6.81529120961885e-06,6.66084039176929e-06,2.2587739256667e-12,4.08859138477496e-06,9.90992506600448e-06,-3152.71099833737,0.0928385194829385,0.0731626984752908,0.994375,0.421464079209859
"sinusoidal",1600,"sir_laplace",34,14.823,3813.45582542107,3466.9375194949,68.1271808045568,109.397936538988,6761.06956795231,3875.09505713849,6758.10080847745,3339.67378307135,257.266128679827,233.889058860885,4.59604538923003,7.38028310996344,456.12018943212,455.919908822603,0.00125148445125693,0.00119041648664014,1.3788664884922e-07,0.00060398359999169,0.00199931358705911,6.57702525126975e-06,6.41930848287163e-06,2.04245117554979e-12,3.83387178469883e-06,9.38774565961878e-06,-3191.36908623088,0.0746033769120571,0.0605506778393869,0.991875,0.421206638286227
"sinusoidal",1600,"sir_laplace",35,14.787,3593.95539865441,3635.16305323835,71.2562633033969,99.2235612261671,7259.4441896661,1761.95956033186,7263.78309704341,3388.84915705611,243.048312616109,245.835061421407,4.81884515475735,6.71018876216725,490.934211785088,491.227638942545,0.0015764263705217,0.00153979911542282,1.937193433846e-07,0.000809130377626208,0.00242212400946867,7.01961036352021e-06,6.74651217505187e-06,3.13834661554624e-12,4.05281287973248e-06,1.03974966986332e-05,-3179.38101669927,0.0822328164886269,0.0649018500752052,0.98625,0.436599011302883
"sinusoidal",1600,"sir_laplace",36,14.925,3628.78101565273,3512.02733276845,69.4082169445915,122.900549252197,6771.30214170552,3779.48392302841,6748.01519850459,3256.55611095494,243.134406408893,235.311714088338,4.65046679695755,8.23454266346379,453.688585708913,452.128321507846,0.00128089513451197,0.0012469195096238,1.31389118770361e-07,0.000640532660330053,0.00199701681743476,6.88847267522585e-06,6.66165991171206e-06,2.64685276097212e-12,3.85785637257688e-06,1.00594741496939e-05,-3186.75252541765,0.0965862898728882,0.0745878328996327,0.99,0.421634950484747
"sinusoidal",1600,"sir_laplace",37,14.688,3159.37928746818,3207.78766950159,86.017916250941,130.976093375508,6886.47175061826,3294.0339371748,6816.81335750031,2848.58941002603,215.099352360306,218.395130004193,5.85633961403465,8.917217686241,468.850200886319,464.107663228507,0.00132031951328033,0.00126699397041172,1.30684974000852e-07,0.00073149870230416,0.00203899423888953,6.98173127515345e-06,6.67764989086135e-06,2.75115618867057e-12,4.2723658003314e-06,1.03173245780034e-05,-3116.48064970363,0.0927305793122651,0.0760510688299112,0.99125,0.426275520598374
"sinusoidal",1600,"sir_laplace",38,14.898,3436.44369496241,3260.72393740454,102.598064123059,140.164234665961,7100.5608059966,3431.80414753381,7016.87840785586,3064.38490142158,230.664766744691,218.869911223288,6.8867005049711,9.40825846865089,476.611679822567,470.994657528249,0.00138579570304145,0.00133939167521173,1.25366353658002e-07,0.00077010732357938,0.00214267081927952,6.63298069223957e-06,6.3725030712817e-06,2.6420971869022e-12,3.94699890359592e-06,9.98902410885916e-06,-3146.83777247085,0.0870880332925388,0.0649996565310204,0.991875,0.431339374626341
"sinusoidal",1600,"sir_laplace",39,20.659,3399.25331267827,3375.983025871,116.632751236675,114.910257705227,6942.9571103856,3128.24965170117,6810.4385867302,2857.97620405132,164.541038418039,163.414638940462,5.64561456201535,5.56223717049361,336.074210290217,329.659644064582,0.00123071290962552,0.00119212480148315,9.75659065834299e-08,0.000714989122404354,0.00187525044416056,6.49208469430891e-06,6.32711632554933e-06,2.07933194677502e-12,4.04707448398771e-06,9.58866405820321e-06,-3194.04812715895,0.0779488387079008,0.0561420607630422,0.9725,0.415690745183993
"sinusoidal",1600,"sir_laplace",3,14.886,3376.62334315321,3436.25216954362,113.644673936139,183.273371305156,6843.68094022443,3546.58306018979,6701.8085708223,3136.84048839762,226.832147195567,230.837845596105,7.63433252291679,12.3117943910491,459.739415573319,450.208825125776,0.00125378322062014,0.00120886506074885,1.09916353179864e-07,0.000688062853515189,0.00196671597233005,6.90801862416763e-06,6.76917090112515e-06,2.21949839750338e-12,4.22103578250412e-06,9.68032804282799e-06,-3145.37970660334,0.0806526243373465,0.067602562247262,1,0.421831286391081
"sinusoidal",1600,"sir_laplace",40,14.937,3147.82097117357,3350.03132534204,82.6392723520559,122.311009118412,6992.43681286378,3216.65026042421,6958.81013968607,3074.41314525582,210.739838734255,224.277386713667,5.5325214134067,8.18845880152719,468.128594286924,465.87736089483,0.00134260385039607,0.00128733952392177,1.54464794539603e-07,0.000686274299010656,0.00217694221116725,6.69337877363817e-06,6.52903522328399e-06,2.30819391129534e-12,4.07140655762754e-06,9.78836266747888e-06,-3169.94822437201,0.0835027792878032,0.0661121460542903,0.985625,0.424475016480157
"sinusoidal",1600,"sir_laplace",41,15.119,3426.22741304225,3506.3776151446,107.646928578631,68.1583943086767,7065.23252214722,2411.62563681159,7019.58032548695,3337.32799661044,226.617330051078,231.918619957973,7.11997675630871,4.50812846806513,467.308189837107,464.288664957137,0.00161887627346093,0.00155275241089593,2.3360985567791e-07,0.000837397987050414,0.00262431841107406,7.7587090103309e-06,7.48889908941124e-06,4.18269153911958e-12,4.21273375977477e-06,1.17390376223877e-05,-3088.39016672032,0.109050158143817,0.0876852208457115,0.965,0.444133116160295
"sinusoidal",1600,"sir_laplace",42,14.976,3411.84952566509,3163.38541123094,98.44971986875,138.575217229678,7138.49729141909,3586.40195912165,7059.32443652969,3076.80948260418,227.821148882551,211.23032927557,6.57383279038128,9.25315285988772,476.662479394971,471.375830430669,0.00145875092826322,0.00141531541936053,1.51413801708885e-07,0.00074450655431797,0.00222937582743468,6.81163989508854e-06,6.57062990717249e-06,2.50687899359918e-12,4.0461995974495e-06,1.00676903228138e-05,-3121.08628173617,0.0920782340265002,0.0697067245472726,0.985625,0.436147113335666
"sinusoidal",1600,"sir_laplace",43,14.844,3360.44792400677,3260.88993214688,65.1125213395481,139.500259875991,6987.80648962852,2644.86160196021,6985.60198448018,3031.66351566083,226.384257882429,219.677306126844,4.38645387628322,9.39775396631576,470.74956141394,470.601049884141,0.00138849252638437,0.00134488084033034,1.45761335737752e-07,0.000762385485379272,0.00212312125270217,6.74176814598647e-06,6.59174959829287e-06,2.21530101155996e-12,4.13552224707798e-06,9.77343030605701e-06,-3144.15636992558,0.0948121264978365,0.0752144728966655,0.97875,0.42849388644761
"sinusoidal",1600,"sir_laplace",44,14.878,3368.30510744573,3055.6036962543,16.5515137886409,86.4884981359123,6937.20552984808,2226.71536684839,6997.27884663801,3026.14392174952,226.395019992319,205.377315247634,1.11248244311338,5.81318040972659,466.272720113462,470.310448086975,0.0014090185241278,0.00131864070919068,1.89119609209041e-07,0.000733804350665357,0.00227536536589715,6.95517574234667e-06,6.68913105145881e-06,2.85928461026678e-12,4.07366806944353e-06,1.04483146330861e-05,-3145.88066502194,0.0844048565792928,0.0666469395486354,0.9925,0.428465730079529
"sinusoidal",1600,"sir_laplace",45,14.759,2818.27452543434,2763.68221671795,62.2487764891092,133.320212625749,6845.91108764985,2918.33754212167,6682.27483515884,2554.31745515422,190.952945689704,187.25402918341,4.21768253195401,9.03314673255296,463.846540256782,452.759322119306,0.00125279851698636,0.00120405456491564,1.14102026831366e-07,0.000705910549865824,0.00198393554968864,6.84482713934925e-06,6.620460261817e-06,2.370205381491e-12,4.25848325366645e-06,9.9909727516113e-06,-3165.25154151477,0.0956858814845119,0.0726635578054532,0.981875,0.420620887627103
"sinusoidal",1600,"sir_laplace",46,15.07,3498.83015763437,3322.64158150898,63.1695345400701,75.4980433805014,6962.95733149253,3668.77166881943,6862.10613984033,3081.05854337747,232.171875091862,220.480529628997,4.19174084539284,5.00982371469817,462.04096426626,455.348781674873,0.00137106154079493,0.001341670610869,1.39919046120232e-07,0.000712870158141961,0.00209471364609505,7.35637021735955e-06,7.12951278445029e-06,3.20345919442182e-12,4.36287721250943e-06,1.08263811739738e-05,-3198.13462522831,0.0894263536554825,0.068295831332516,0.97625,0.425286401301751
"sinusoidal",1600,"sir_laplace",47,14.862,3331.63022230937,3288.556493033,61.5585486280987,143.981251511324,6908.51769857674,3433.52280558029,6952.21511754026,3203.78202969827,224.171055195086,221.272809381846,4.14200973140215,9.68787858372518,464.844415191545,467.784626398887,0.00142183496775254,0.00135889530891879,1.89252865103142e-07,0.000697313672909707,0.0023117561256748,7.26047566580581e-06,7.03105085125183e-06,2.6309430966301e-12,4.43643533952418e-06,1.0518763939969e-05,-3166.83495988704,0.0910905075294945,0.0742573891378674,0.99625,0.432503265609364
"sinusoidal",1600,"sir_laplace",48,14.871,3725.25591720419,3511.170801268,76.9072636806197,88.1343110499822,7170.71015946883,1667.23482686689,7236.31447833752,2518.38184359179,250.504735203025,236.108587268374,5.17162690341064,5.92658940555324,482.194214206767,486.605774886525,0.00172599710214484,0.00160076558380133,3.15919786252742e-07,0.000813884572328356,0.00288794642274608,7.45973134864331e-06,7.11620124878888e-06,3.73381730511817e-12,4.29389158032803e-06,1.14968707201274e-05,-3179.74063920492,0.101346980276026,0.0770173502139176,0.971875,0.446859499712441
"sinusoidal",1600,"sir_laplace",49,14.786,3335.75843064964,3190.99099359665,63.9965444066851,96.7451245998975,6883.97159181189,3521.89733046055,6880.42637422377,2959.9329038788,225.602490913678,215.811645718697,4.32818506740735,6.54302208845513,465.573623144318,465.333854607316,0.0013299901461183,0.00125838342535933,1.52216986449358e-07,0.000697792258056482,0.00209854055241733,6.76024697038871e-06,6.51076131527764e-06,2.47320767724848e-12,4.01793630175318e-06,9.8914484746263e-06,-3161.73950372466,0.0876283691021006,0.0690684959642028,1,0.425998398910906
"sinusoidal",1600,"sir_laplace",4,14.896,3327.81079338987,3283.98467110276,65.1937099221317,121.883845730084,7062.26996978465,3512.26194150728,6985.46804312332,3178.04155659295,223.402980222198,220.460839896802,4.376591697243,8.1823204706018,474.105126865243,468.94925101526,0.00138399948999911,0.00131193380316018,1.57397949354075e-07,0.000749430501358891,0.00219547990172731,6.65368969339232e-06,6.4913160323037e-06,2.12920635639171e-12,3.94578734106368e-06,9.61816605008153e-06,-3185.17983449531,0.0962535939826866,0.0719864921205347,0.9675,0.426505227314549
"sinusoidal",1600,"sir_laplace",50,15.025,3492.92010039638,3252.28863722524,92.1883908438037,78.4965571381438,7085.51902920515,3623.68678523482,6968.64977188892,3079.82634609467,232.473883553836,216.458478351098,6.13566661190041,5.22439648174002,471.581965338113,463.803645383622,0.00134603246611083,0.00132216637916163,1.33119832329026e-07,0.000698636455999777,0.00205597293912466,6.59628296433394e-06,6.33792187251374e-06,2.58632780550244e-12,3.8396292938078e-06,9.74207477320855e-06,-3144.69790478686,0.0932323856504216,0.0709570879782781,0.971875,0.423136805080716
"sinusoidal",1600,"sir_laplace",51,14.85,3497.2632458275,3585.91807989661,92.2525044777638,119.160541180159,7063.06281739649,3514.90066821038,7055.00617527269,2872.40344578821,235.505942479966,241.475964976203,6.21228986382247,8.02427886735077,475.627125750605,475.084590927454,0.00144748610499676,0.00138074333575557,1.79201832380924e-07,0.000725348021456928,0.00229839733906313,7.16168545198736e-06,6.8491495668841e-06,3.00031234597322e-12,4.44702850685677e-06,1.090199151729e-05,-3156.00552802563,0.0776794281395876,0.0630597587633356,0.99625,0.432895926755724
"sinusoidal",1600,"sir_laplace",52,14.845,3471.83875045821,3283.90764853225,112.998707314862,80.1380781466183,7047.06645913938,3283.63711636464,6915.40764823036,3037.50825900127,233.872600232955,221.213044697356,7.61190349039151,5.39832119546099,474.709764846034,465.840865492109,0.00143842235588149,0.00138533171789173,1.503929047476e-07,0.000758790926693576,0.00215000963924954,7.34562111035829e-06,7.13438875406759e-06,2.97029899211808e-12,4.4148172737792e-06,1.05978313546819e-05,-3115.23779805879,0.108368774508798,0.0860076681889311,0.98375,0.437494805900531
"sinusoidal",1600,"sir_laplace",53,14.788,3484.02042548205,3515.18327279302,112.806219265608,143.957556717951,7186.86058074015,3373.84879155449,7203.10906040917,3152.38633485484,235.59781075751,237.705117175616,7.62822689110143,9.73475498498451,485.992736052215,487.091497187529,0.00166399387175041,0.00158913868767759,2.6420402792943e-07,0.000853372323332184,0.00261056254160438,7.29117698586139e-06,7.03730229989175e-06,3.03366488907182e-12,4.45032400078046e-06,1.07278791400757e-05,-3182.93732822015,0.090728034192099,0.0745710001117851,0.99,0.4443272066526
"sinusoidal",1600,"sir_laplace",54,15.039,3497.4457809687,3564.24332781996,153.45332454679,124.581473728172,7007.02162737538,3659.68749006804,6933.22692117188,3206.45962492131,232.558400223998,237.000021797989,10.2036920371561,8.28389345888504,465.923374384958,461.016485216563,0.0013538234601264,0.00132015465291207,1.07350496734087e-07,0.000758807252603159,0.00201364791855211,6.96336748278203e-06,6.79558590014451e-06,2.06687584132957e-12,4.51029243886593e-06,9.89845467845419e-06,-3155.33079898772,0.0753764485477833,0.0598094998693236,1,0.426334732124037
"sinusoidal",1600,"sir_laplace",55,15.21,3233.94193859095,3297.03943284816,67.877931485003,184.374701524341,6945.7002625878,3235.03690865815,6909.91917179093,2999.86921844131,212.619456843586,216.767878556749,4.46271738888909,12.1219396136977,456.653534686904,454.301063234117,0.00134644162038706,0.00131815144790387,1.17855305806571e-07,0.000729854919899334,0.00203570449780269,6.73601676004035e-06,6.49873593997266e-06,2.19094586495478e-12,4.16930314242332e-06,9.66796883322e-06,-3176.33205937071,0.0849499313633694,0.0627987950248889,0.988125,0.428691651419782
"sinusoidal",1600,"sir_laplace",56,15.026,3625.43826067208,3546.79414095215,66.1956995127348,130.35601531515,6992.86196350104,3450.82851149619,7082.12596943791,3484.94525194805,241.277669417814,236.043800143229,4.40541058916111,8.6753637238886,465.38413173839,471.324768364029,0.001495233424034,0.0014368642904635,1.9067392325498e-07,0.000726169883764963,0.00235637998035759,7.20701016658057e-06,6.94562550280213e-06,2.8474331494451e-12,4.37767971671056e-06,1.0476239151767e-05,-3143.96123299448,0.085298090612938,0.0680222695549976,0.998125,0.437486464390377
"sinusoidal",1600,"sir_laplace",57,14.952,3675.3860679519,3492.38160063279,78.5154857113542,160.13985432763,7018.11284516135,3867.42042162499,7013.77908573179,3365.89351742557,245.812337342957,233.572873236543,5.2511694563506,10.7102631305264,469.376193496612,469.086348697953,0.00135397431410694,0.00131039264817325,1.34781941541816e-07,0.000715472248433919,0.00207957473506225,6.83847500455624e-06,6.75145287345495e-06,2.15817265746421e-12,4.15014769624372e-06,9.67850129079493e-06,-3171.76733744795,0.0933099544505104,0.0719566667050311,0.991875,0.42604598154809
"sinusoidal",1600,"sir_laplace",58,14.907,4187.84942146239,3909.11651897297,106.296206192774,128.130031245205,7380.45367836768,3684.78720992092,7375.32366166543,3171.25380952291,280.931738207714,262.23361635292,7.13062361258293,8.59529289898739,495.099864383691,494.755729634764,0.00170188305272733,0.001649564754487,2.05849430173862e-07,0.000869750315732536,0.00262846325563172,7.24824686209231e-06,6.90400462364998e-06,3.27421171421374e-12,4.16608766771502e-06,1.09721488976899e-05,-3165.89883735189,0.0806702081521761,0.0643431474454932,0.998125,0.443305980152698
"sinusoidal",1600,"sir_laplace",59,14.926,3036.93905386045,2997.28613999481,100.622782923622,129.475286852318,6982.35366218215,3214.3017603194,6943.4416588071,2817.34443820952,203.466371021068,200.809737370683,6.74144331526345,8.67447989094988,467.798047848194,465.191053115845,0.00132991294597401,0.00126952159834162,1.4068782052987e-07,0.000695030658399237,0.00208236743462673,6.76074108528614e-06,6.5877767943866e-06,1.96104443290138e-12,4.06973867697512e-06,9.50938051110186e-06,-3175.77738274029,0.0858276159485653,0.0650551972950958,0.986875,0.424290355602149
"sinusoidal",1600,"sir_laplace",5,14.962,3532.38345746025,3574.4896391962,106.478437693486,134.806538407645,7285.745012651,3729.8978324077,7359.06957381001,3367.06259388643,236.090325989858,238.904534099465,7.11659121063266,9.00992771071012,486.949940693156,491.850659925813,0.00158002768835688,0.00151713900086375,2.05816002252194e-07,0.000756139966439249,0.00249096323123904,6.87622818891867e-06,6.67365567923611e-06,2.20016607049397e-12,4.34201868348628e-06,9.91542476461391e-06,-3162.66001908823,0.0922970376126797,0.0736154301580673,0.9875,0.437855234429151
"sinusoidal",1600,"sir_laplace",60,14.778,3372.44652295625,3025.91009480515,87.9149231214041,129.623059741045,6909.96489763733,3536.13002241214,6815.6836183718,2957.666346459,228.207235279216,204.757754419079,5.94904067677657,8.77135334558433,467.584578267514,461.204738014061,0.00129884952551617,0.00124978343496661,1.24356258466293e-07,0.00070722805828745,0.00200249446755973,6.77850361240011e-06,6.59001712859069e-06,2.31805275141468e-12,4.11704168473477e-06,9.82207907470539e-06,-3161.65369907925,0.0828326558680754,0.068030086619934,1,0.424242255852148
"sinusoidal",1600,"sir_laplace",61,15.026,3100.07181353801,3254.67446810878,104.397852678373,134.319666400303,6765.09605222004,3278.15067157738,6705.14499144764,3105.44097006232,206.313843573673,216.602852928842,6.9478139676809,8.93914990019317,450.226011727675,446.236190033784,0.00120515507259458,0.0011565231278159,9.06314149794795e-08,0.000690685101955331,0.00183982894530616,6.749258442531e-06,6.53287334404288e-06,2.30763384205385e-12,4.0422515494215e-06,9.83159664050661e-06,-3153.86682559244,0.102160009852723,0.0794144250603867,0.96625,0.418939375881922
"sinusoidal",1600,"sir_laplace",62,14.916,3932.57653609664,3936.74704064866,53.0569035996291,122.937752613549,7283.15099925151,3760.30356614685,7230.07030137878,3737.69845972262,263.648198987439,263.927798380843,3.55704636629318,8.2420054045018,488.27775538023,484.719113795842,0.00167160345801608,0.00160736167744231,2.46607305519066e-07,0.000821502506285128,0.00264824503899623,7.36635354473803e-06,7.1186370257839e-06,3.038234200304e-12,4.30746525089844e-06,1.08145214404381e-05,-3195.0618746824,0.0997682257442859,0.0812973824005499,0.98875,0.44042227471604
"sinusoidal",1600,"sir_laplace",63,14.803,3058.41408299528,2988.45831419719,62.8541743031441,99.7230540605204,6854.28767174441,3213.30750189021,6787.37060627389,2437.75478896915,206.607720259088,201.88193705311,4.24604298474256,6.73667865030875,463.033687208296,458.513180184685,0.00137088391670778,0.00132885708186427,1.49739304455451e-07,0.00070766840177344,0.0021563272151977,7.45922332814086e-06,7.19672868110338e-06,3.52419209621158e-12,4.3005291015389e-06,1.11692643540269e-05,-3131.18892858453,0.101902074282146,0.078930339702798,0.964375,0.426684952190082
"sinusoidal",1600,"sir_laplace",64,14.96,3359.54747924905,3382.91517225272,109.994546013972,103.930689399217,6958.31075960476,3098.49687889116,6976.33027692783,3014.63942190023,224.568681767985,226.130693332401,7.35257660521205,6.94723859620434,465.12772457251,466.332237762556,0.00141785838546963,0.00134991734401925,1.67660888503712e-07,0.000743213575506505,0.00230358096903403,7.16602280999254e-06,6.91163006924357e-06,2.85851667973928e-12,4.34986882867672e-06,1.05515322844116e-05,-3136.78812770309,0.0887401970764519,0.0691358421158011,0.98625,0.432016807091591
"sinusoidal",1600,"sir_laplace",65,15.058,3593.19530614666,3425.34687192872,73.6180179834716,130.547230656752,6961.48278580107,2123.94401835735,6900.51277575275,3225.60209409561,238.623675531057,227.476880855938,4.88896387192666,8.66962615598034,462.311248891026,458.262237730957,0.00144400484386266,0.0013754031440979,1.87625945128108e-07,0.00068768863717406,0.00227373907953038,7.27147325476031e-06,6.97061266236512e-06,2.94488193767874e-12,4.40560607516719e-06,1.08502425784378e-05,-3178.08926090287,0.0924692197989426,0.071645845024744,0.99125,0.431665156018239
"sinusoidal",1600,"sir_laplace",66,14.829,3622.49525225845,3571.6299487146,75.2776596301642,110.697512523524,6950.0672287475,3752.30924060993,6918.98033421766,3307.88169063931,244.284527092754,240.854403446935,5.07638138985529,7.46493442063012,468.680776097343,466.584417979476,0.00137518462920833,0.00130517731866669,1.54847201274289e-07,0.000732874928403355,0.00220640081287347,6.86523186657868e-06,6.61804385253467e-06,2.80741082219495e-12,4.06843002067343e-06,1.02034936416528e-05,-3189.01016863179,0.0768701229588907,0.0614771316425827,0.98875,0.426841373603021
"sinusoidal",1600,"sir_laplace",67,14.805,3250.19099592095,3232.84423361441,82.1714887060868,122.864394076549,7013.01369793701,2447.62283085335,7059.14550456845,3204.41679792911,219.533333057815,218.361650362338,5.55025252996196,8.29884458470442,473.69224572354,476.808206995505,0.00148284057156274,0.00142625501398886,1.98281062995982e-07,0.000677608405701871,0.00222556315176203,7.23975553871184e-06,7.02243090759402e-06,2.9406574538067e-12,4.12497237605321e-06,1.0646436555791e-05,-3154.05340272619,0.0872662121454805,0.0683679509565085,0.9975,0.434382166705614
"sinusoidal",1600,"sir_laplace",68,15.308,3862.38893787319,3999.0660016207,82.1073091925269,87.1339487576645,7311.91040679381,1942.8289235689,7728.81905107142,3756.10706664056,252.311793694355,261.240266633179,5.36368625506447,5.69205309365459,477.652887822956,504.887578460375,0.00202346180544068,0.00192392231968453,3.7163105305131e-07,0.000980356128239511,0.00319908355839841,7.63703074665001e-06,7.3764839856718e-06,3.71810800061198e-12,4.19776995902047e-06,1.1458301386484e-05,-3139.15235572671,0.0964258483569618,0.0784487021107913,0.99,0.45932424718151
"sinusoidal",1600,"sir_laplace",69,14.98,3503.60269406322,3676.97701869126,80.898705939385,149.555277243961,7063.92191000894,3610.80756896398,6992.44106942712,3247.1049213097,233.885360084327,245.459080019443,5.40044765950501,9.98366336742064,471.556869827032,466.7851181193,0.00133623957564552,0.00129330765062074,1.20081774019899e-07,0.000728537281290167,0.0020087170534549,6.87995831778348e-06,6.58470732724382e-06,2.58110184015140e-12,4.24933675865198e-06,1.04599302008999e-05,-3170.62427173228,0.0909615194102535,0.0713005811524439,0.991875,0.424006608834931
"sinusoidal",1600,"sir_laplace",6,14.993,3359.1899629982,3432.5413516635,92.6821192705542,116.292390134157,7043.37824375628,3473.31669385312,6925.52347897142,3252.60224596693,224.050554458628,228.942930144968,6.18169274131623,7.75644568359617,469.777779214052,461.917126590503,0.00135004774491144,0.0012796120184296,1.44546971001533e-07,0.000760395560683745,0.00215023301062356,6.91582728718585e-06,6.65563534307481e-06,2.90134619459159e-12,3.82732853736254e-06,1.01486787016541e-05,-3146.5819460265,0.0679372477288643,0.0539246857733576,1,0.424550828375826
"sinusoidal",1600,"sir_laplace",70,14.837,3490.11167311402,3449.25049623262,106.291971937509,107.075374828167,6952.58126751073,3490.52407384541,6920.61170452958,3045.25885910908,235.230280590013,232.47627527348,7.16398004566346,7.21678067184522,468.597510784574,466.442791974765,0.00135820945256567,0.00130584698031938,1.45801153169513e-07,0.000717124867575858,0.00214394215503836,6.83731020930379e-06,6.5430665215397e-06,3.07648498094258e-12,3.92312923095117e-06,1.02467260889794e-05,-3155.91436014477,0.097422341341076,0.0786738749456839,0.98,0.427519234714565
"sinusoidal",1600,"sir_laplace",71,14.83,3332.77308765383,3696.1819226933,84.166843044626,136.781074983285,7140.56608155502,3203.70663782614,7170.55369819157,3162.41187389085,224.731833287514,249.236812049447,5.67544457482306,9.22326871094301,481.494678459543,483.516769938744,0.00162784248201866,0.00155474816936123,2.71520273780046e-07,0.000755458261636543,0.00262241538605053,7.23094194758115e-06,7.00365778654673e-06,2.83222568230595e-12,4.51899694026389e-06,1.091615971213e-05,-3159.9529810416,0.100715725085974,0.080182961240824,0.9975,0.441149384064857
"sinusoidal",1600,"sir_laplace",72,15.36,3549.77434772144,3416.07204777255,85.9817208366388,106.708927161134,6959.13362744996,3358.68498670032,6875.62665238298,3164.08824593084,231.105100763114,222.400523943525,5.59776828363534,6.94719577871965,453.068595537107,447.631943514517,0.00145908900399482,0.00135919062944593,1.9097895984983e-07,0.000779411021623159,0.00236681051414857,7.44079246760704e-06,7.21444722233361e-06,3.09676104925997e-12,4.31250516449407e-06,1.10586182016436e-05,-3143.01064967584,0.102260488358154,0.0832376653496371,0.9775,0.435712453432742
"sinusoidal",1600,"sir_laplace",73,14.838,3056.27972654727,3304.98348699763,104.310870728347,55.2371381347698,6971.91305232131,3201.26665168559,6920.78693105786,3107.26639697176,205.97652827519,222.737800714222,7.02998185256413,3.7226808286002,469.868786381002,466.423165592254,0.00130302211696934,0.00124530666436388,1.19596630143575e-07,0.000719579241325269,0.00197370534784772,6.68254775997708e-06,6.37864611278097e-06,2.94566168941937e-12,4.08587917804119e-06,1.00496046703683e-05,-3129.30593996737,0.0759884544894726,0.0572220177765812,1,0.42560040679775
"sinusoidal",1600,"sir_laplace",74,14.917,3300.18923523704,3172.34534664448,52.1553154343363,96.0630533898634,7051.49352827538,3425.75736421107,6969.59556681632,3091.5387658229,221.236792601531,212.666444100321,3.49636759632207,6.43983732586065,472.715259655117,467.225016210787,0.00135908574567909,0.00130439282662316,1.29228599762575e-07,0.000747801006255635,0.00210761508223915,6.76424770069296e-06,6.56312152584902e-06,2.61708146318568e-12,4.10980320928029e-06,1.01866053997698e-05,-3123.36529617054,0.0812569775907516,0.0662442050912054,1,0.427997945064941
"sinusoidal",1600,"sir_laplace",75,15.079,3519.33078519398,3218.89075856352,95.3506085987288,123.303479857044,7041.91953041887,3685.85339674403,6980.64649898978,2874.48958067831,233.392850002917,213.468450067214,6.3234039789594,8.177165585055,467.001759428269,462.938291596908,0.00136173138551517,0.00131490645652043,1.29203520997413e-07,0.0007230794187371,0.00210259171079981,6.61600647299237e-06,6.4668637007017e-06,1.98662678367303e-12,4.00773959985431e-06,9.40800028063914e-06,-3188.67719797021,0.0670043414497033,0.0536775801390145,0.9925,0.425187942953683
"sinusoidal",1600,"sir_laplace",76,14.909,3619.53591736053,3709.81131423466,129.413961294655,165.439704932683,7133.5232478941,3305.90330585603,7079.29162575336,2834.13213097006,242.775230891443,248.830324920159,8.68025764938323,11.0966332371509,478.470940230338,474.833431199501,0.0014039485847352,0.00137184598115513,1.12390224459492e-07,0.000813668379498288,0.00205468635902204,6.87320878752836e-06,6.70447937887048e-06,2.03856794289638e-12,4.50526893070365e-06,9.65548153769855e-06,-3185.58159265193,0.0846005282295488,0.0642762558276245,0.9825,0.431061326266486
"sinusoidal",1600,"sir_laplace",77,15.008,3669.30192877326,3469.89241125663,109.119338177072,123.56723543733,7012.87922745504,3844.87816609229,6852.61886038727,3470.38629201013,244.489734060052,231.202852562409,7.27074481457035,8.23342453606944,467.276067927441,456.59773856525,0.00139444369001597,0.00135558923375183,1.39226472751143e-07,0.000691849675094722,0.00212455876114334,7.17799058796387e-06,6.81349711149634e-06,3.33189969687682e-12,4.26356191001032e-06,1.11310892269196e-05,-3146.61992139162,0.102252275335321,0.0762945904159825,0.958125,0.428645580007312
"sinusoidal",1600,"sir_laplace",78,14.659,3438.94409715209,3241.21457864431,80.3191903617421,96.2958148052433,7027.01379490932,3579.92333950721,7000.45803016189,3098.0238049116,234.596090944272,221.10748200043,5.47917254667727,6.56905756226505,479.365154165313,477.553586886001,0.00148661536132936,0.00141886668456834,2.07036411342635e-07,0.000692476991588458,0.00242290572369408,7.53523621117695e-06,7.28074530153268e-06,3.29103665806387e-12,4.35528328951964e-06,1.10685617547929e-05,-3161.4340049577,0.0924774734006147,0.075013048774697,0.9825,0.434229200137173
"sinusoidal",1600,"sir_laplace",79,14.798,3425.02956344904,3404.08976707966,105.567015760202,119.423026088549,6813.30851794756,3302.4838150762,6739.1280512119,3064.71248182786,231.452193772742,230.037151444767,7.13387050683888,8.07021395381466,460.420902686009,455.408031572638,0.00125732439530944,0.0011910973491833,1.3319132434074e-07,0.000646340446618521,0.00194831633358378,6.71258376625125e-06,6.49485568266893e-06,2.49295763373059e-12,3.8819913665204e-06,9.89692170380399e-06,-3194.82244617215,0.0846491379405642,0.0639184202735237,0.976875,0.418681484454554
"sinusoidal",1600,"sir_laplace",7,14.851,3206.19443411667,3377.98805026238,89.9700999837128,143.452035457944,6969.16591482947,2590.37081085398,7054.13426242474,3148.54099048952,215.890810997015,227.458625699439,6.05818463293467,9.65941926186412,469.272501166889,474.993890137011,0.00144679775107095,0.00137749846743596,2.24611689817588e-07,0.000705931097645612,0.00243672800954619,6.85083237234404e-06,6.69082005715946e-06,2.50608060911562e-12,3.94633097574416e-06,9.96763192654505e-06,-3198.88045720142,0.0739623418780986,0.0595411061953029,1,0.431350150052913
"sinusoidal",1600,"sir_laplace",80,14.929,4109.96689372934,4083.62287882517,66.0828630700022,42.4891990311759,7318.92294830198,1204.39136064659,7485.95555442444,3914.34153952767,275.300883765111,273.536263569239,4.4264761919755,2.84608473649782,490.248707100407,501.437172913419,0.00175126039797529,0.00166801788058858,2.94655986024731e-07,0.000876792588891627,0.00295230309789799,7.21301811474176e-06,6.93928338936178e-06,3.42528253324376e-12,4.04360678187094e-06,1.09906744304695e-05,-3195.74844532211,0.0862516179988513,0.0688073407042466,0.974375,0.442913244736153
"sinusoidal",1600,"sir_laplace",81,15.222,3131.00624359727,3292.29802542305,118.204600918929,153.468654032702,6764.12622889066,3240.45234941377,6674.04512282985,2976.63195992151,205.689544317256,216.285509487784,7.76537911699702,10.0820295646237,444.36514445478,438.447321168694,0.00120672150216419,0.00117378196709674,9.29921993547601e-08,0.000669994193365298,0.00186119501477628,6.98007530531968e-06,6.7725620843926e-06,2.66899361281908e-12,4.24927218142558e-06,1.01629578112051e-05,-3161.21135482207,0.0802815741908326,0.0638824444318895,0.990625,0.416184690680293
"sinusoidal",1600,"sir_laplace",82,15.134,3793.88667453645,3768.9667167235,73.4052763051401,122.961525094306,7237.74829815006,2479.31567744557,7285.7585630062,3410.23429721058,250.686313898272,249.039693189078,4.85035524680456,8.12485298627632,478.244238017052,481.416582728043,0.00163725985662804,0.00157912787243557,2.51023067048834e-07,0.000730901012289513,0.00264579730953797,7.12767376221147e-06,6.94460559953903e-06,3.13437994364451e-12,4.08937532294066e-06,1.06220770171339e-05,-3168.96836375846,0.075259727199888,0.0608772258573256,1,0.439880069366341
"sinusoidal",1600,"sir_laplace",83,15.505,3348.06500621274,3403.98204738805,91.1058936864889,109.298062387502,6927.77599933725,3176.91287681647,6826.6054278412,2702.18124775861,215.934537646743,219.540925339442,5.87590413972841,7.0492139559821,446.809158293276,440.284129496369,0.00132164102831376,0.00127565343650331,1.17663769552235e-07,0.000716931994952237,0.00200698425695418,7.19201774574412e-06,6.91279088488938e-06,2.86567292201064e-12,4.35330616763061e-06,1.0603032043467e-05,-3144.63153375506,0.0685870941846309,0.0549266068922145,1,0.425492927982779
"sinusoidal",1600,"sir_laplace",84,15.406,3429.6580532316,3709.41917090028,56.4963112198811,121.777157768844,7112.85329628553,1904.51016841959,7173.86888221707,3518.44758851607,222.618333975828,240.777565292761,3.66716287289894,7.90452796110894,461.693710001657,465.654217981116,0.00152351705588325,0.00145396601514799,2.1220804790034e-07,0.000756357722332664,0.00251557308445664,6.90165991708563e-06,6.670898489521e-06,2.44545975965801e-12,4.05633533345951e-06,1.00882916567239e-05,-3199.67376387846,0.0893365240097584,0.0688722075385392,0.9875,0.437963655942225
"sinusoidal",1600,"sir_laplace",85,15.167,3605.12704587347,3201.03105828123,73.8069649047142,114.598910893604,6943.59267695369,1698.99794730548,6932.29843155364,2958.65134424672,237.695460267256,211.052354340425,4.86628633907261,7.55580608515885,457.809235640119,457.064576485372,0.00135223200584628,0.00126569275495407,1.87598251242276e-07,0.000660818252383527,0.00219400035532839,6.7304445174362e-06,6.56159330562462e-06,2.27641691081185e-12,4.07267805261468e-06,9.83427900125932e-06,-3142.35831287851,0.0711540732580852,0.0593105093032988,0.999375,0.427658841145947
"sinusoidal",1600,"sir_laplace",86,15.318,2813.3822717837,2900.83767434856,51.1538135672896,64.0134678207925,7028.26678882053,2970.67291851954,6949.11915480915,2810.56021004485,183.665117625258,189.374440158543,3.33945773386144,4.17897034996687,458.824049407268,453.657080219947,0.00139465667667026,0.00134459270181223,1.4341142701142e-07,0.000735639834288865,0.00211602832130779,6.96318755528023e-06,6.76933920448191e-06,2.39101120203205e-12,4.19792079737578e-06,1.00435857445296e-05,-3152.36635760092,0.097099131451429,0.0780495868830109,0.97875,0.432242706407694
"sinusoidal",1600,"sir_laplace",87,14.83,3209.23840739969,3133.59747072373,101.733718146426,111.839825114235,6796.62329713873,3334.54797230889,6757.92330817672,2961.43463736913,216.401780674288,211.301245497217,6.8599944805412,7.54145820055532,458.30231268636,455.692738245227,0.00127817247295313,0.00123418463286897,1.35467490712962e-07,0.0006162276883404,0.00201560867910809,7.2722013741024e-06,7.01733049593188e-06,2.94140356993553e-12,4.26763976671456e-06,1.07075505005437e-05,-3215.99590609611,0.098254463783515,0.0787292653402941,0.986875,0.416942490374662
"sinusoidal",1600,"sir_laplace",88,14.665,3180.39385892395,3136.71766799028,101.776924888183,102.316598952381,6972.49568963745,3282.29229175693,6966.18576043712,2880.04221959126,216.869680117555,213.891419569743,6.94012443833498,6.97692457909176,475.451461959594,475.021190619647,0.00142462724728661,0.00134533411697892,1.75893366682321e-07,0.000755209952278004,0.00228339171995633,7.13741528438701e-06,6.93969361822126e-06,2.94350332648078e-12,4.07067126464174e-06,1.04205223958224e-05,-3158.08853885521,0.0893051516081886,0.0733493864562353,1,0.432309305141356
"sinusoidal",1600,"sir_laplace",89,15.191,3424.65203090818,3319.56004696977,76.6871095399058,152.510612667577,6943.08009786428,3359.92495915562,6941.62969186365,3105.7167819813,225.439538602342,218.521496081217,5.04819363701572,10.0395374015915,457.052208403942,456.956730423517,0.0014040999748701,0.00134062756899754,1.59053630015373e-07,0.000734067987292666,0.00213400400540721,7.16655067698971e-06,6.98828951872296e-06,2.4797566221249e-12,4.36859808024929e-06,1.04220777038804e-05,-3173.80182689356,0.0904193882647562,0.0718579551571223,0.9975,0.431062550599732
"sinusoidal",1600,"sir_laplace",8,14.862,3889.25777922105,3744.08076345669,71.8485499659591,109.542473174458,7009.81840129346,3072.53035729066,6934.44030898397,2644.42501265088,261.691412947184,251.923076534564,4.83437962360107,7.37064144626957,471.66050338403,466.588636050597,0.00139953249440225,0.00134986765127399,1.50037324435225e-07,0.00074862927423062,0.00219584804376282,6.98111188317424e-06,6.76678182768863e-06,2.72578913620651e-12,4.18785571238591e-06,1.05795657704987e-05,-3140.76249608388,0.0825574994111956,0.0640806418605092,0.998125,0.42949518546382
"sinusoidal",1600,"sir_laplace",90,15.134,3501.47309564988,3454.28091794535,71.3387034363904,170.694184607903,7016.70139312585,3640.21200883527,6941.75529570766,3105.17407973394,231.364681885151,228.246393415181,4.71380358374457,11.2788545399698,463.638257772291,458.686090637482,0.00140193104911531,0.00134640682148744,1.44782204230025e-07,0.000734731486949542,0.00214231778229131,6.76121482489346e-06,6.63329884015033e-06,2.18518035853546e-12,4.11788886998857e-06,9.63894918302261e-06,-3141.2389764907,0.0818928189373227,0.0636824268374378,0.979375,0.429336944609612
"sinusoidal",1600,"sir_laplace",91,15.328,2931.89606689987,2932.78331315853,83.9456191959536,104.80529206734,7116.2606350449,2941.26116870799,7062.08544891865,2815.59436326044,191.277144239292,191.335028259299,5.4766192064166,6.83750600648095,464.26543809009,460.73104442319,0.00149786502510551,0.001460648332862,1.61318438821667e-07,0.000791780212402517,0.00227882491917982,7.29505248832391e-06,7.05814836567028e-06,2.85717099611371e-12,4.42734440528189e-06,1.0837063278984e-05,-3140.9872289684,0.0966894492777025,0.0769403696598984,0.98,0.434461157572701
"sinusoidal",1600,"sir_laplace",92,14.986,3216.78536668255,3407.48569964916,103.90077419589,124.007423382635,6924.78313242714,3385.63721761402,6913.80572397774,3182.48549618108,214.652700299116,227.377932713811,6.93318925636529,8.27488478464134,462.083486749442,461.350975842636,0.00134418032922377,0.00127921631677667,1.39133579947758e-07,0.000690986063231323,0.00209444424107655,6.99242444774165e-06,6.77263416056371e-06,2.75171306082312e-12,4.06117083265466e-06,1.03068349000441e-05,-3166.00028376502,0.0925369722100775,0.0758214735464182,0.998125,0.42832347321457
"sinusoidal",1600,"sir_laplace",93,14.816,3476.86156505649,3562.18796589221,77.0231721919376,95.4485775441315,6909.2188511687,3300.25597273548,6924.46635865262,3091.46203164599,234.669382090746,240.428453421451,5.1986482310973,6.44226360314063,466.334965656634,467.364090081846,0.00141263668393168,0.00135117504731566,1.80528772349819e-07,0.000683947292797253,0.00221299263206699,7.24152588661456e-06,7.06924956602319e-06,2.88217237211117e-12,4.18880174970007e-06,1.06652850829975e-05,-3158.81643995416,0.0841140052488109,0.0659977414817912,0.99875,0.431716136309133
"sinusoidal",1600,"sir_laplace",94,15.177,3676.97931831713,3314.77011431741,106.902846956203,120.794214781805,7079.49632416156,3171.46712210975,7096.00250095599,3273.87611925557,242.273131601577,218.407466186823,7.04374032787793,7.95903108531366,466.46216802804,467.549746389668,0.00143686997648817,0.00136961125926236,1.90057574544589e-07,0.00072199426907097,0.00227178859353855,6.73123088953553e-06,6.50344561607836e-06,2.68140120891155e-12,4.06594578044085e-06,9.95873659227969e-06,-3175.7835252322,0.0724126127399226,0.056919748088432,0.9925,0.430349931560235
"sinusoidal",1600,"sir_laplace",95,14.946,3726.98374854506,3893.35097589024,87.4520864766468,116.654442307552,7267.49755652793,1900.9043208121,7253.94437084436,3526.570340784,249.363291084241,260.494511969105,5.85120343079398,7.80506104024838,486.250338319814,485.343528090751,0.00167875161656533,0.0016185692946926,2.37142921130592e-07,0.000865938858528995,0.00265067243459937,7.47879362671851e-06,7.25045264511187e-06,3.56246053793316e-12,4.1081907583319e-06,1.09824949472868e-05,-3175.09891642549,0.0849965996895151,0.0664073918235861,0.99125,0.443783056023623
"sinusoidal",1600,"sir_laplace",96,15.409,3883.56179346722,3826.75104202608,118.913982197279,137.873262050199,7128.73627384459,3624.62384185347,7099.13648193794,3316.8846526392,252.032045782804,248.345190604587,7.71717711709255,8.94758011877471,462.634581987448,460.713640206239,0.00146845712073978,0.00141098065582286,1.48688562971539e-07,0.00076955325922692,0.00221603646491816,7.1608963430449e-06,6.95916343079406e-06,2.62931159636472e-12,4.37564964450598e-06,1.04530915389247e-05,-3158.96722636467,0.0791424604533498,0.0636920414670651,1,0.433448950732263
"sinusoidal",1600,"sir_laplace",97,15.016,3691.30851870857,3361.18317721076,74.1176347410431,83.6336120295767,6938.2974687964,2373.68178037222,7027.7978533679,3185.90054131269,245.825021224598,223.840115690647,4.93591067801299,5.56963319323233,462.060300266143,468.020634880654,0.00148660208359646,0.00143161230047478,2.00407693435352e-07,0.000734443063165148,0.00242972502992258,7.28145515485866e-06,7.0151795720416e-06,3.2302293752876e-12,4.20759226166531e-06,1.09794066669123e-05,-3144.25755871795,0.087817983918787,0.0702656086406398,0.978125,0.435820532476703
"sinusoidal",1600,"sir_laplace",98,14.915,3243.10555557892,3309.09395313593,79.6636491254672,89.3940720307732,7200.77226688451,1925.71579479672,7321.64085206842,3131.06373441726,217.439192462549,221.863489985648,5.34117660914966,5.99356835606927,482.787279040195,490.891106407537,0.00164276942210138,0.00156852315648047,2.22828964250912e-07,0.0008394841821175,0.00256634573697081,7.17939340986045e-06,6.91319597707919e-06,3.21544520311853e-12,3.92550284749865e-06,1.06012049129373e-05,-3184.47213611796,0.088458762227407,0.0704997880352469,0.99,0.441575779233643
"sinusoidal",1600,"sir_laplace",99,15.046,2804.99786458576,3142.4196624298,121.362314801443,129.168235320159,6832.97276218352,2831.08714233468,6730.70718103535,2669.98946676952,186.428144662087,208.854158077216,8.06608499278502,8.58488869600948,454.138825081983,447.341963381321,0.00121888730332219,0.00118694742612192,9.31349287112294e-08,0.000661514063599268,0.0017986274651958,6.5843923664044e-06,6.43646819973368e-06,2.04158530077132e-12,4.08414730167437e-06,9.32487178079034e-06,-3159.69499948462,0.0794806258145242,0.0636077415339776,0.995625,0.418132215891215
"sinusoidal",1600,"sir_laplace",9,14.836,3592.47531879211,3558.0795927913,77.7728637766829,111.356781466321,6959.08099151143,3348.6228534243,6931.46537631949,3180.26103608986,242.145815502299,239.827419303808,5.24217199896757,7.50584938435705,469.067200829835,467.205808595274,0.00136506512293238,0.00128193976277832,1.84076458889304e-07,0.000717495822963467,0.00221597789338867,6.61422767365877e-06,6.42718003765727e-06,2.12945722140474e-12,3.96245074805545e-06,9.56571985831963e-06,-3172.81029921044,0.0654549761596692,0.0552403559231474,1,0.426348269790823
"sinusoidal",200,"sir_laplace",100,1.989,4249.57680371588,4275.91789292885,155.331459586673,155.708748964243,6182.86606391018,1412.84664284064,6093.82418588259,1874.14126320838,2136.53936838405,2149.78275159822,78.0952536886239,78.2849416612586,3108.52994666173,3063.76278827682,0.00586391425813343,0.00491184351571335,1.27906462975948e-05,0.00135440404144428,0.013065513882404,4.22320189784446e-05,3.46140886714432e-05,7.72133229080549e-10,1.05768841523772e-05,9.46765339856801e-05,-383.691026949429,0.11707125265295,0.100291925572052,1,0.611715823808652
"sinusoidal",200,"sir_laplace",101,1.76,4090.42309020239,4144.18938326285,155.152738984754,174.438985806379,6618.1153654888,1075.96667890253,6272.0097338149,1756.5831664736,2324.10402852408,2354.65305867207,88.1549653322468,99.1130601172608,3760.29282130046,3563.64189421301,0.00546637395665104,0.0046713751916281,1.09849582139036e-05,0.00116378734635304,0.0117993494636656,3.77393922152475e-05,3.21683149600086e-05,4.44950304672318e-10,1.0170403148713e-05,7.87390360306924e-05,-395.925285007929,0.180821229750162,0.126198576840724,0.95,0.596590660273697
"sinusoidal",200,"sir_laplace",102,2.002,3773.98637630767,3495.57083579262,175.35228093458,251.418216245162,6763.09075488011,3165.241775574,6088.30060944976,2716.36756398767,1885.10808007376,1746.03937851779,87.5885519153746,125.583524597983,3378.16721022982,3041.10919552935,0.00463390523413064,0.00395842857141847,7.07277702420104e-06,0.00120080146830698,0.00969010490363805,3.38671555784236e-05,3.03180437315476e-05,2.72368461173133e-10,9.80647454793336e-06,6.50984464504805e-05,-388.500741948222,0.143987003480643,0.110767793942505,0.995,0.573966412002008
"sinusoidal",200,"sir_laplace",103,1.757,3109.44424280255,2844.01545505031,213.059934996365,271.347145289398,6823.16576960566,3175.15976972669,6169.60734644288,2650.91505818897,1769.74629641579,1618.67698067747,121.263480362189,154.437760551735,3883.41819556384,3511.44413571023,0.00422743734184473,0.00369833943329614,4.85487278720538e-06,0.00111349024705343,0.00845716840570628,3.60944208116606e-05,3.16437642629468e-05,3.9072599774385e-10,1.05725298320075e-05,7.31146563971836e-05,-395.738988418537,0.101168677005171,0.0801495967809131,1,0.562646411709021
"sinusoidal",200,"sir_laplace",104,2.041,3190.07738957943,3391.45558569109,282.625933024338,188.074416688504,6364.50745162884,3181.44748069838,5717.20638382877,1755.07241736994,1562.99725114132,1661.66368725678,138.474244499921,92.148170841991,3118.32800177797,2801.17902196412,0.00364907440732466,0.00318624259902073,3.50751322110992e-06,0.000989250295687681,0.00724059781726558,3.7624773246242e-05,3.2402629607244e-05,4.39046351221903e-10,9.44885762107513e-06,7.69934740232031e-05,-385.440904832617,0.0959301837183705,0.0764930870711183,1,0.549197572124921
"sinusoidal",200,"sir_laplace",105,2.075,4007.281501889,3602.16108905552,288.582419105952,262.764491008397,6883.15464614428,3558.0404184681,6144.74316287589,3304.31334159128,1931.22000091036,1735.9812477376,139.075864629375,126.633489642601,3317.18296199725,2961.32200620525,0.00348294875528839,0.00306987860060555,3.13461018323839e-06,0.000992603779729378,0.00700264791016939,3.20037981595535e-05,2.80137407291545e-05,2.46122535615843e-10,1.0926072381858e-05,6.48193464479937e-05,-405.475869263628,0.0747990434539122,0.0584595774091159,1,0.530122717786604
"sinusoidal",200,"sir_laplace",106,2.141,3786.89229471553,3696.13560705226,151.754519979035,160.46284591296,6459.89958402071,2030.47210508103,6156.93965070668,2858.21781829735,1768.74932027815,1726.35946149101,70.880205501651,74.9476160266044,3017.2347426533,2875.73080369299,0.00409170556686829,0.003520021715676,5.69393896353523e-06,0.00107967893384192,0.00879320693034038,3.77712718877601e-05,3.16270299178732e-05,4.90409932609097e-10,9.01725817819412e-06,7.95292617442359e-05,-394.777861395335,0.0996455597225684,0.0804014309107673,1,0.561681944677815
"sinusoidal",200,"sir_laplace",107,1.976,3785.44660619372,3734.16434297781,176.833466368069,216.752706200359,6676.61740589862,2625.47004345845,6219.68159275874,2608.73563572917,1915.71184523974,1889.75928288351,89.4906206316138,109.692665081153,3378.8549624993,3147.61214208438,0.00445600079361388,0.0038448010797139,5.91369725950403e-06,0.00110610146876124,0.00930895514471529,3.66424180337742e-05,3.22547531547022e-05,3.61415090654714e-10,1.04019370671725e-05,7.18405118079169e-05,-389.310298232398,0.0915360236927625,0.0747788566963311,1,0.574486073725458
"sinusoidal",200,"sir_laplace",108,1.76,3828.30704432893,3614.38645003453,243.868570990532,205.449952222052,6506.17704001019,3250.91443515111,5880.0152093311,2887.28172715339,2175.17445700507,2053.62866479235,138.561688062802,116.732927398893,3696.69150000579,3340.91773257449,0.00365510776308647,0.00318128679620503,3.68431342362061e-06,0.000980648920877844,0.00723299726912905,3.8041892618043e-05,3.37013150307766e-05,3.66225853702137e-10,1.0808098071192e-05,7.41073618202888e-05,-390.044945975916,0.14348312520249,0.101933294131411,0.95,0.553853088181298
"sinusoidal",200,"sir_laplace",109,2.14,3173.67102585104,2639.33726055668,247.468559550466,270.326131685891,6698.41938169313,3464.30910224211,5697.10272522503,2638.3060070297,1483.02384385563,1233.33516848443,115.639513808629,126.320622283127,3130.10251480987,2662.19753515189,0.00369639208403859,0.00329824480275203,3.17976982149251e-06,0.00121506074162548,0.0072621417195586,3.87533321921729e-05,3.37284071076676e-05,4.77941255744273e-10,1.0434630663248e-05,7.97784736459131e-05,-387.551381760894,0.111545193995541,0.0803036408314459,1,0.551194061537071
"sinusoidal",200,"sir_laplace",10,1.77,3562.69473416743,3230.48691051326,201.733824891767,181.558978576715,6597.13397473118,2945.99159991099,5971.85559413543,2302.61813510194,2012.82188371041,1825.13384774761,113.97391236823,102.575694111139,3727.19433600632,3373.92971420081,0.00413106745104022,0.00356394790849938,6.01637204081784e-06,0.00101818881470028,0.00877981179749236,3.73801315880486e-05,3.17909054227992e-05,5.03165083507912e-10,8.27011189956999e-06,7.62603154129688e-05,-398.482563998616,0.0902714632158055,0.0760907488044076,1,0.557945124031542
"sinusoidal",200,"sir_laplace",110,1.814,2664.28153964761,3296.62841191973,227.317305952077,206.821411493404,6737.20239814346,2679.6427666128,5785.75293264347,2770.50549432029,1468.73293255105,1817.32547514869,125.312737570054,114.014008541017,3714.00352709121,3189.49996286851,0.00349390714623423,0.00305435718759303,3.29574134868217e-06,0.000992382697473288,0.00700741416912786,3.83019935074553e-05,3.28579530670949e-05,4.649353475375e-10,1.07404901264335e-05,8.05634386831212e-05,-395.774111934179,0.101591714589385,0.0824849829307451,1,0.546038537514687
"sinusoidal",200,"sir_laplace",111,1.754,3193.72702003906,2768.56732138252,209.760869873067,210.981439131867,6700.69114970138,2561.87515541373,6324.44272758155,2529.98663819863,1820.82498291851,1578.43062792618,119.590005628886,120.285883199468,3820.23440689931,3605.72561435664,0.00408488781500622,0.00358005754409618,4.98058960135126e-06,0.00103401396820276,0.00837778288630307,3.64288844837716e-05,3.14266175993167e-05,3.64271871019187e-10,1.03370273861743e-05,7.64422409188086e-05,-392.421391886334,0.141463791370565,0.114808767082313,0.93,0.541109026099481
"sinusoidal",200,"sir_laplace",112,1.78,3197.1182391903,2332.96333025304,156.824448322695,232.356568755827,6214.71301349871,2242.42022715641,5961.70212758064,1157.83721639926,1796.13384224174,1310.65355632193,88.1036226531992,130.537398177431,3491.41180533636,3349.27085819137,0.00559669947834133,0.00471283071641148,1.15340794477332e-05,0.0010120637162561,0.0124451785928641,4.64995766043716e-05,4.0024080518178e-05,7.24347878469859e-10,1.21100133136454e-05,9.65219984847225e-05,-385.038010210841,0.136597106478622,0.110337561605786,1,0.603416143816722
"sinusoidal",200,"sir_laplace",113,2.081,3755.4393079319,3550.28826483641,260.664388572632,210.489726928553,6529.02708035079,3520.71722565625,5852.41607015128,2957.66866535322,1804.63205570971,1706.0491421607,125.259196815297,101.148355083399,3137.44693914022,2812.30950031296,0.00374444862053103,0.00319477367555548,4.21476326500623e-06,0.00101338178659792,0.00797532193734397,3.71846377310049e-05,3.1035358668273e-05,4.52198435959192e-10,1.03252269667586e-05,8.21231358424635e-05,-383.396471424503,0.0961354439398949,0.0835488504310519,1,0.557646694010757
"sinusoidal",200,"sir_laplace",114,2.012,3765.35017729419,3617.63947540349,219.757904160492,205.275574997818,6553.19613957976,1695.42228498738,5675.3090736652,1933.08015539438,1871.44641018598,1798.03154841128,109.22361041774,102.025633696729,3257.05573537762,2820.73015589722,0.00427563001259342,0.00370123590504341,5.51742725127069e-06,0.00117794276859214,0.00868428960914051,4.11696821301862e-05,3.39280959133048e-05,6.09603197143117e-10,1.1659038863943e-05,9.05283615492632e-05,-381.912970364852,0.112643967822346,0.0936310961823881,1,0.571762318628731
"sinusoidal",200,"sir_laplace",115,1.765,2650.45203493324,2648.69394299946,244.991314394567,199.384859470396,6520.18744226429,2566.65803930818,5778.92141292409,2149.71142123117,1501.67254103866,1500.6764549572,138.805277277375,112.96592604555,3694.15719108458,3274.17643791733,0.00400293572650574,0.00357318127751906,3.91192396600643e-06,0.00114219769661377,0.00793068473940736,4.0317059835003e-05,3.46838296965613e-05,4.6979318478351e-10,1.14597764322848e-05,8.41797035234951e-05,-388.257131447637,0.136988779065816,0.1059703004048,0.95,0.561457415599268
"sinusoidal",200,"sir_laplace",116,1.83,3844.5389624485,3643.6872729727,222.619254781135,174.615936989453,6689.53329779523,3027.84270299936,6201.87939402377,3112.45619787026,2100.84096308661,1991.08594151513,121.64986600062,95.4185448029795,3655.48267639084,3389.00513334632,0.00410078525407015,0.00349926001977291,5.87742628212583e-06,0.000991220203908764,0.0086165549579214,3.80773706116421e-05,3.39458265123976e-05,3.70272055955503e-10,1.08066630391546e-05,7.56427189027017e-05,-384.341922302169,0.0863532775613832,0.0697208688103927,1,0.558388695263543
"sinusoidal",200,"sir_laplace",117,1.911,2490.85115380544,2058.02285866437,201.646975315474,180.828375051339,6173.8406938981,2573.72441765222,5609.89898359706,1690.30452099689,1303.42812862661,1076.93503854755,105.519087030599,94.6250000268649,3230.68586807855,2935.58293228522,0.00404055592845679,0.00354325099074454,4.51927745472232e-06,0.00110831193746168,0.00822428521182146,4.70853442728882e-05,4.06106904733364e-05,6.72410440371377e-10,1.21462788988743e-05,9.75835676072004e-05,-389.413881610259,0.165789947961366,0.132387406827811,0.945,0.569591057664789
"sinusoidal",200,"sir_laplace",118,1.931,2796.74224728064,1960.31042257312,272.659059384084,173.605640204693,6689.69943356826,3066.45764323923,5759.70490342485,1745.32421008989,1448.3388126777,1015.17888274113,141.200962912524,89.9045262582563,3464.37049899962,2982.75758851624,0.00393240234437412,0.00347464950746857,4.36682701167376e-06,0.00109079015953702,0.00792764248724153,3.95898937823626e-05,3.37758283729912e-05,5.55481558822683e-10,1.04758068993296e-05,8.57537113395032e-05,-392.560307568696,0.0977708358078442,0.0755779095509861,1,0.554471034509713
"sinusoidal",200,"sir_laplace",119,1.849,3022.79501935344,2832.65746869101,262.983626157381,213.649509550778,6669.34277028023,3123.37399565017,5819.23553192219,2436.29882972427,1634.82694394453,1531.9943043218,142.230192621623,115.548680124813,3606.99987576,3147.23392748631,0.00378945921738214,0.00334543756636451,4.00984069561096e-06,0.00103413354385793,0.00754695363918413,3.70689672454313e-05,3.16839532984549e-05,3.84751060220882e-10,1.07098811804392e-05,7.62949471016959e-05,-394.792804827422,0.0827268809632035,0.0642062450790464,1,0.55276027667699
"sinusoidal",200,"sir_laplace",11,1.982,4069.95182719431,3490.54511261885,143.234298675271,233.766767582547,6551.07507886713,3340.73637761938,5817.22354571134,3091.7916569291,2053.4570268387,1761.12266025169,72.2675573538198,117.944887781305,3305.285105382,2935.02701599966,0.00420139281990533,0.003754451137508,4.48503571442207e-06,0.00101300280681628,0.00839214679142693,3.67240126708563e-05,3.24831052495663e-05,3.81441842874294e-10,9.61292484060353e-06,7.41057357114177e-05,-372.374862410005,0.156738029283903,0.125983834754294,0.95,0.57907122313246
"sinusoidal",200,"sir_laplace",120,1.782,3613.77245306148,3917.64757874153,170.27702086304,260.987391870289,6688.63164835933,3682.6916026701,5962.74019577026,2668.87492187768,2027.930669507,2198.45543139255,95.5538837615262,146.457571195449,3753.44088011186,3346.09438595413,0.00409541350444942,0.00352574080243116,5.64111672465779e-06,0.00106324010226471,0.0085469958567836,3.67428434779477e-05,3.16477673428666e-05,3.80222159165654e-10,1.09588451432969e-05,7.5108810913891e-05,-392.474131255785,0.126501335619719,0.0948213009987369,1,0.568174402029173
"sinusoidal",200,"sir_laplace",121,2.078,3953.43508806187,3633.05276417031,178.985591576919,231.820098158922,6597.49350881107,2080.14163682944,5618.61353958353,3290.66215450682,1902.51929165634,1748.34107996646,86.1335859369197,111.559238767527,3174.9246914394,2703.85637131065,0.00401755950615852,0.00350580488841057,4.90656746729591e-06,0.00107405319755045,0.00804758304115004,3.5436496975858e-05,3.08481172584344e-05,4.13873123616962e-10,9.83562059790656e-06,7.53209669817168e-05,-385.873559044984,0.0810494391069047,0.0583565641737538,1,0.558920059990173
"sinusoidal",200,"sir_laplace",122,1.795,3523.95666338271,3452.83201946303,175.676151209983,236.363187882371,6516.83617445476,2835.40319827475,5958.03509489654,1725.02661824702,1963.20705480931,1923.58329775099,97.8697221225531,131.678656201878,3630.54940081045,3319.2396071847,0.00364860818327483,0.00308733866763292,4.39239005126868e-06,0.000933553836823373,0.00782128114888384,3.54670906520876e-05,3.04002596251532e-05,4.06608280043003e-10,1.058099213326e-05,7.36608788530952e-05,-383.433424692534,0.0595605621945599,0.0506179332268891,1,0.5445292293776
"sinusoidal",200,"sir_laplace",123,1.776,3242.02159512358,3013.17307360997,192.415562535037,188.937275748988,6546.43004226776,2612.08764989165,5942.04359443929,2855.80696005783,1825.46260986688,1696.60646036597,108.34209602198,106.383601210016,3686.05295172734,3345.74526713924,0.00353146594717503,0.00312009920380958,3.04194635605999e-06,0.00113119598553526,0.00699148098736701,3.61761331343644e-05,3.1060931032836e-05,4.42977851455399e-10,9.79704842206253e-06,7.68908462062445e-05,-386.024743767936,0.108134611279182,0.0817100266544557,0.96,0.539594184543847
"sinusoidal",200,"sir_laplace",124,1.85,3737.53014025873,3502.70137314413,118.889061722584,206.864136179933,6351.34546797855,1387.07891024839,5822.32709794878,2082.56710915797,2020.28656230202,1893.35209359142,64.2643576878834,111.818451989153,3433.15971242084,3147.20383672907,0.0057081369710723,0.00494316358984138,1.02947427531125e-05,0.00110005896378641,0.0120384437364257,3.86547292777008e-05,3.27864639124866e-05,5.77335315375655e-10,9.82758104333871e-06,8.06789978684298e-05,-401.420258690938,0.107362099193151,0.0887681573482048,1,0.588728399651568
"sinusoidal",200,"sir_laplace",125,2.016,3724.51632882506,3379.61570070248,234.575130697484,254.997938454725,6714.45487800153,3301.96634845159,6167.00295816526,1948.42630844375,1847.47833771084,1676.39667693575,116.356711655498,126.487072646193,3330.58277678647,3059.02924512165,0.00403285195906067,0.00351676801992925,4.62126452275805e-06,0.000999715704148155,0.00834771022929183,3.63389608698929e-05,3.08365351941649e-05,5.12443957805939e-10,1.0756243276192e-05,7.45504110258864e-05,-401.467513400233,0.102813435967111,0.0846502501930309,1,0.551920791002669
"sinusoidal",200,"sir_laplace",126,1.766,3203.38849753702,3028.15565518197,184.186245020241,253.561611382812,6707.0538467322,2748.88063501037,5934.1857473175,2146.84444532645,1813.92327153852,1714.69742649035,104.295721982016,143.579621394571,3797.87873540895,3360.24108002123,0.00454032186917932,0.00395038943259546,6.71289735195082e-06,0.00107642719768159,0.00941567466205776,3.86728713413406e-05,3.33947885328688e-05,4.27240671797736e-10,1.13146860268598e-05,8.12075440816471e-05,-388.25204988496,0.113141372354792,0.0804339310797165,1,0.582162984316584
"sinusoidal",200,"sir_laplace",127,1.922,3776.27762653483,3445.19509243903,202.644413053628,195.201590515993,6400.32973037185,2894.05030974786,5541.00747675685,2458.74071920847,1964.76463399315,1792.50525100886,105.434137905113,101.561701621224,3330.03628011022,2882.93833338025,0.00412766367769333,0.00355903753401746,5.52941091098586e-06,0.00107346218872724,0.00865102410821014,3.8937859271178e-05,3.33656554059061e-05,5.02478879044961e-10,1.02862587945692e-05,7.92901691573282e-05,-410.211520789866,0.115073253419401,0.095541407257287,0.965,0.558836275211652
"sinusoidal",200,"sir_laplace",128,1.932,3118.93528889591,2883.44632607916,210.179868318545,222.093292541892,6857.59413907659,3042.05165835374,6189.1114052869,2442.14440578784,1614.35573959416,1492.46704248404,108.788751717673,114.955120363298,3549.47936805206,3203.4738122603,0.00435211892889769,0.00378024781775991,5.32395912619946e-06,0.00107797335318596,0.00921607284853697,3.53518431751636e-05,3.09833037920934e-05,3.73234959204426e-10,9.1237798185062e-06,7.16000393959073e-05,-391.6872510679,0.0665932078311067,0.0527798643405873,1,0.562898969691148
"sinusoidal",200,"sir_laplace",129,1.974,2927.34201234505,2543.54542195235,289.010435900369,204.237917444173,6632.34329636789,3079.66131885234,5726.69251554328,2393.14800966325,1482.94934769253,1288.52351669318,146.408528824909,103.463990599885,3359.84969420866,2901.06003826914,0.00341597160195821,0.00305533895121273,2.75330662496236e-06,0.000963594979979358,0.00681789008347135,3.62429654235256e-05,3.11805503970941e-05,3.75381054970495e-10,1.03207978214293e-05,7.7164296865878e-05,-371.554431145997,0.0903058167528402,0.076132616791957,1,0.542209871273603
"sinusoidal",200,"sir_laplace",12,1.805,3916.3359347815,3750.69400726406,310.515712149211,235.406036228277,6879.26834293691,3445.1052704469,5989.65203380349,2301.23935512519,2169.71519932493,2077.94681842884,172.030865456626,130.418856636164,3811.22899885702,3318.36677773046,0.00387778342651797,0.00344558568157577,3.55184650119926e-06,0.00125382259525051,0.00763600680479748,3.8493772940783e-05,3.28804488295336e-05,5.04538846778243e-10,1.06633757399288e-05,8.15173035750343e-05,-377.078781103801,0.100158479974769,0.0801072800488828,1,0.559939367773163
"sinusoidal",200,"sir_laplace",130,2.106,3617.99483781827,3366.90166342937,156.364677843596,202.048920975402,6706.8330830211,3495.80238368451,5774.88450427384,2915.75296662493,1717.94626677031,1598.71873857045,74.2472354433029,95.9396585828122,3184.63109355228,2742.11040088977,0.00372761013399031,0.0033718397391049,3.22127640297438e-06,0.00106711281681408,0.00717076733985138,3.55344006663896e-05,3.03505441513623e-05,4.77117029860059e-10,9.77608310526483e-06,7.30353973714495e-05,-384.837444645316,0.121556407335278,0.0904942938948579,1,0.55859725247058
"sinusoidal",200,"sir_laplace",131,1.77,3585.65349871175,3347.70600802952,244.592105887265,271.178674096865,6586.5168614996,3204.11644919924,6049.3756852985,3006.88886387643,2025.79293712528,1891.35932657035,138.187630444782,153.208290450206,3721.19596694892,3417.72637587486,0.00421237274653109,0.00369988380280327,5.14202249611085e-06,0.00115714556398881,0.00857519325591456,3.72525030434449e-05,3.25162430004904e-05,4.30348901179291e-10,1.01226721187441e-05,7.52114266494501e-05,-391.754313380984,0.113156332346204,0.0918014648632921,1,0.559523716902103
"sinusoidal",200,"sir_laplace",132,2.086,3341.75220177705,2676.40127081857,253.483931644182,220.997750660195,6588.07071135874,3258.97069756396,5798.75283121764,1623.87770086883,1601.99050900146,1283.03033116902,121.516745754642,105.943312876412,3158.23140525347,2779.84315974,0.00384863380114669,0.00336864952268783,4.00778321782039e-06,0.00110824376051533,0.00771337671706854,4.11281280613987e-05,3.57429895727096e-05,5.15499862332823e-10,1.08568143268303e-05,8.40508280374303e-05,-381.343092363062,0.136921824061547,0.0966892572433671,0.945,0.563329248784271
"sinusoidal",200,"sir_laplace",133,1.753,3524.09868132491,3436.68168535038,177.863581815144,281.41764135774,6697.58360844769,3742.36017855638,6112.87424964416,2892.24070165772,2010.32440463486,1960.45732193404,101.462396928206,160.534878127632,3820.64096317609,3487.09312586661,0.00384636287916302,0.00327199495595569,4.99373861487124e-06,0.00107963013243778,0.00817607120903048,3.78854603091953e-05,3.33771561800871e-05,3.53377157375118e-10,1.17174643904712e-05,7.66523334466951e-05,-410.352446121074,0.119919381164497,0.0811662144839366,0.95,0.545416244685316
"sinusoidal",200,"sir_laplace",134,1.759,3488.51715808932,3464.26783615321,162.535082864531,290.061289623726,6905.5047410126,2661.20700131734,6535.53145643678,3274.8708984892,1983.2388619041,1969.45300520365,92.4019800253163,164.901244811669,3925.81281467459,3715.48121457463,0.004499323479602,0.00392904687431848,6.55261708394328e-06,0.00113428437968927,0.00931160220319238,3.36875182937961e-05,2.98817084869944e-05,2.96653046530645e-10,1.01610894978884e-05,6.50641537303771e-05,-395.991890616171,0.065852059546791,0.0554198785051398,1,0.564165696112431
"sinusoidal",200,"sir_laplace",135,1.833,3072.00460613354,3101.93979287286,244.428103541048,257.633791401998,6753.68665746727,3411.81754834205,6006.14966815282,2855.39243960792,1675.94359308976,1692.27484608449,133.348665325176,140.553077687942,3684.49899479938,3276.67739670094,0.0037905246469084,0.00328129615142413,3.96271545056404e-06,0.00117601806582909,0.00793124665442728,3.72271983863295e-05,3.30461944602696e-05,4.01140512925598e-10,1.06813961610809e-05,7.24801064767432e-05,-390.005733892088,0.0890968398885741,0.0728009619860201,1,0.557945903190443
"sinusoidal",200,"sir_laplace",136,2.021,3967.90340981938,3477.78322715708,185.484744690871,192.91467686864,6409.77724676419,1800.21731320977,6077.36099760692,1376.44023337568,1963.33666987599,1720.82297236867,91.7786960370467,95.4550603011577,3171.58696029896,3007.10588699006,0.00498337067869365,0.00419467801550322,8.73842100121461e-06,0.00123734376586696,0.0110498665223439,4.25685633268566e-05,3.64336318391697e-05,5.6781462032007e-10,9.81514684066985e-06,8.96649947791494e-05,-399.321705126818,0.0930915769522752,0.0743903370128899,1,0.582061174637913
"sinusoidal",200,"sir_laplace",137,1.764,3237.84150748525,3175.45095828842,254.323377895242,280.51273942654,6857.75376563888,3510.23404289052,6008.26892673281,2789.37966982582,1835.51105866511,1800.14226660341,144.174250507507,159.020827339308,3887.61551340072,3406.04814440635,0.00353095185041602,0.00318869480047566,2.70188544375031e-06,0.00100949878882362,0.00670811602550225,3.58385135682247e-05,3.10518348397946e-05,3.74606963124783e-10,9.31880656109279e-06,7.46413071826036e-05,-395.450969961099,0.139591251135865,0.114096982021509,0.92,0.532074515016132
"sinusoidal",200,"sir_laplace",138,1.789,1826.49194003846,1955.82274464651,272.868280159905,255.242956747882,6490.22414609948,1885.70542379728,5908.24073222262,1587.6079281452,1020.95692567829,1093.24915855032,152.525589804307,142.673536471706,3627.85027730547,3302.53813986731,0.00347530268947071,0.00306460987836194,3.31478858873631e-06,0.000982479069295362,0.00698543870446385,4.01403112429082e-05,3.491725608299e-05,4.93980884404599e-10,1.20738310414339e-05,8.08804321716169e-05,-393.952145769135,0.115347766257446,0.0965045972741574,1,0.536998464425159
"sinusoidal",200,"sir_laplace",139,1.87,3093.80721460793,2909.70703486472,148.409807756677,194.78281484957,6577.44791693443,3423.97350226842,5621.47665926552,2441.0610494434,1654.44236075291,1555.99306677258,79.3635335597203,104.161933074636,3517.35182723766,3006.13725094413,0.00382801180556836,0.00339695681169184,3.68084374726328e-06,0.00111907823545881,0.00752969203301122,4.11615179553412e-05,3.57780656415548e-05,5.32371126362436e-10,1.00386635009609e-05,8.3763356945301e-05,-397.529011598301,0.114796861147224,0.0875327262154029,0.985,0.548722020142876
"sinusoidal",200,"sir_laplace",13,1.944,3756.09549447399,3620.47775795738,254.398628946209,261.152750155481,6671.34575212388,3595.822105539,5813.13301891872,2901.15373870997,1932.1478881039,1862.38567796162,130.86349225628,134.33783444212,3431.76221817072,2990.29476281827,0.00343474958056404,0.00304817060410539,2.82045936215496e-06,0.00100761829318343,0.00666258476651789,3.49522049937891e-05,3.06733241072237e-05,2.99923214431296e-10,1.06471908441947e-05,6.98414296068117e-05,-372.541796853647,0.068494496824245,0.0598486775889455,1,0.541470877497093
"sinusoidal",200,"sir_laplace",140,1.766,3946.53773508799,3872.47360559572,211.282290121186,201.107132132693,6717.67225586151,2094.70834102947,5696.09702271462,1437.4442218595,2234.73257932502,2192.79366115273,119.638895878361,113.877198263133,3803.89142461014,3225.42300266966,0.00386986981727412,0.00337092134680698,4.2991189376838e-06,0.00122238619950923,0.00801470688177164,3.82720552373019e-05,3.2334014611076e-05,5.16056068361426e-10,1.05270951075628e-05,8.27045625155602e-05,-382.059661326198,0.137307795405266,0.116514545522309,1,0.553831975690506
"sinusoidal",200,"sir_laplace",141,2.023,2536.59345530679,2142.6263298197,239.096607688184,215.34381068768,6742.82701614402,2549.83932735789,6140.65456025141,2015.34415436848,1253.87714053722,1059.13313387034,118.189128862177,106.447756148136,3333.08305296293,3035.41995069274,0.00349645290728455,0.00313530079382856,2.95100008671724e-06,0.00096532554628597,0.00669030452422004,3.92223197788765e-05,3.3141206160356e-05,5.26560958646007e-10,9.71246621317015e-06,8.37548599660383e-05,-393.35469139823,0.0855308916958847,0.062748243056387,1,0.547645963253782
"sinusoidal",200,"sir_laplace",142,2.096,3401.3076590417,3158.04314587397,229.117939788482,204.327952766066,6713.4572544234,3155.82311340656,5715.47336409167,2448.51269914779,1622.76128771074,1506.69997417651,109.311994173894,97.4847102891537,3202.98533130887,2726.84797905137,0.00381908894740188,0.00334510199966978,4.12807628663424e-06,0.00104569202379887,0.00768953056127878,3.66399716134372e-05,3.12429535278692e-05,4.03654439150925e-10,1.02527531142857e-05,7.80923741515889e-05,-382.734256709463,0.121499872560476,0.0976938071194135,1,0.559804039699834
"sinusoidal",200,"sir_laplace",143,1.761,3111.41977133581,3164.64053227389,201.94031496638,220.761251145968,6774.04400208629,3015.31583144321,5952.41625602273,2912.51233531688,1766.84825175231,1797.07014893463,114.673659833265,125.36130104825,3846.70301083833,3380.13416014919,0.00387416985135213,0.00336884230922049,4.44994273449538e-06,0.00105524096971691,0.00782791358376766,3.51493808027518e-05,3.03510359294539e-05,3.79891696144373e-10,9.81749773212606e-06,7.21062265225882e-05,-395.448577613195,0.112856863721824,0.0957484731336449,1,0.553477787654043
"sinusoidal",200,"sir_laplace",144,2.122,2766.39331229565,2380.41326195506,186.268269866369,247.077187899923,6815.38996025619,3063.84179132311,5850.0917535207,2193.25542412929,1303.67262596402,1121.77816303255,87.7795805213802,116.435998067824,3211.77660709528,2756.87641541975,0.00403366257839328,0.00350598819728651,4.72282844581641e-06,0.00106766351980717,0.00812844312546229,3.49911164123833e-05,2.92739893241894e-05,5.50640654553336e-10,8.21248858908072e-06,7.36405792988764e-05,-401.170583724626,0.0726470792648759,0.0613716201713393,1,0.559195781226948
"sinusoidal",200,"sir_laplace",145,1.959,3507.8817380774,3210.78987026258,248.270123442478,222.817066756274,6757.88386475568,3067.56824765209,6320.00276231731,3115.32897511286,1790.6491771707,1638.9943186639,126.733090067625,113.740207634647,3449.65996159045,3226.13719362803,0.00375041990003712,0.00332320132822324,3.57303335265051e-06,0.00102404118261016,0.0075300143781468,3.56491177750822e-05,3.12523200579828e-05,3.85544780324067e-10,9.80923565256043e-06,7.11883806697842e-05,-401.157296950029,0.104858643676355,0.0764070318710923,1,0.539990653828805
"sinusoidal",200,"sir_laplace",146,1.775,3648.26019511579,3681.50897268556,209.073263713078,261.737191081219,6822.29709288212,1482.69986975734,6525.7816493164,3267.49740115124,2055.35785640326,2074.08956207637,117.787754204551,147.457572440123,3843.54765796176,3676.49670384023,0.00437663114720779,0.00369227756767766,6.4138954290652e-06,0.00108728149960678,0.0096334207867777,3.54341734705193e-05,3.17964280872307e-05,2.78499084843608e-10,9.67513594277748e-06,6.86040123013559e-05,-398.33642112093,0.0808955771247559,0.0650705581258114,1,0.564022313171497
"sinusoidal",200,"sir_laplace",147,1.922,3581.93544839967,3404.81168414326,237.349261224102,195.727630714618,6801.28743010586,3512.34723136568,6433.65996529124,2666.63889255785,1863.65007721107,1771.49411245747,123.490770668107,101.835395793246,3538.65110827568,3347.37771347099,0.00406432238061057,0.00349170250263595,5.20493544497014e-06,0.00107433083120722,0.00855940752670522,3.59208373462155e-05,3.12296122295627e-05,4.01986415983255e-10,1.0903480099874e-05,7.43374477601473e-05,-401.222803394281,0.0707429603862776,0.0588209604394004,1,0.55202695237739
"sinusoidal",200,"sir_laplace",148,1.752,3134.56349215907,2756.66332017547,233.192503667996,269.575741822695,6529.6149361755,3066.63914571882,6043.53130783995,2629.71554831624,1789.13441333281,1573.43796813669,133.100744102738,153.8674325472,3726.94916448373,3449.50417114153,0.00370979775812107,0.00321263233068568,4.2749249705131e-06,0.000993409804486093,0.00768801790280167,3.57677961217859e-05,3.08401728462514e-05,3.83524541836368e-10,1.07967412203122e-05,7.16704161179007e-05,-384.331400510881,0.0864632023232282,0.0706472010820221,1,0.553981180064267
"sinusoidal",200,"sir_laplace",149,2.212,3530.60547597746,3475.0480326989,225.017338578679,224.50800174442,6413.25235290631,1669.31329004437,5665.9404746345,949.465622218195,1596.11459130988,1570.99820646424,101.725740767938,101.495479992957,2899.30034037356,2561.45591077509,0.00431735160244918,0.0037152973114015,6.15760894422873e-06,0.00104369360035936,0.00905745988199099,4.25822274606102e-05,3.47456868028095e-05,7.19343463208726e-10,1.10465356246962e-05,9.21977734423835e-05,-386.87081741433,0.141025469151553,0.0974243520772861,0.955,0.569730085723944
"sinusoidal",200,"sir_laplace",14,1.751,2895.45836632856,3042.70663783811,195.742526401529,184.853405938255,6132.47239682593,1714.3437840658,5309.52611092059,1375.03902230011,1653.60272206085,1737.69653788584,111.788992804985,105.570191855086,3502.268644675,3032.28218784728,0.00505603308428456,0.00423387998086624,9.20373318798624e-06,0.00115612012058739,0.0109707679798608,4.41120327990811e-05,3.59699400948897e-05,1.12104613081853e-09,1.08103801442338e-05,9.76857520050436e-05,-404.274344751142,0.13482646327077,0.110965471809729,1,0.580418387754615
"sinusoidal",200,"sir_laplace",150,1.915,3119.57721801687,3461.98003850333,149.818865275958,173.174355931204,6073.45136626367,2197.06288196523,5375.67065592415,2793.59149418083,1629.02204596181,1807.82247441427,78.2343943999782,90.4304730711247,3171.51507376693,2807.13872372018,0.00561036689157209,0.00466616853697795,1.20516718947689e-05,0.00130101814569723,0.0128570826842736,4.04920212426588e-05,3.48335282664902e-05,5.09278020360881e-10,1.09334465948929e-05,8.43140887964427e-05,-379.902154366658,0.125306805313097,0.0935914856728159,1,0.605455214773418
"sinusoidal",200,"sir_laplace",151,2.193,3206.70738268822,4294.81605059774,160.749333366264,118.865816581982,6332.00836666654,1726.40443858317,6272.9151295363,2992.11766193113,1462.24686853088,1958.42045170895,73.3011096061395,54.202378742354,2887.37271621821,2860.42641565723,0.00561828795694169,0.00478016977770444,1.10412120782224e-05,0.00130334934144556,0.0118563626779304,3.8503731853089e-05,3.34057340239938e-05,4.09982226821402e-10,1.1581321253408e-05,7.96030305016707e-05,-401.355488078493,0.0810363416747548,0.0679817871902767,1,0.588970165320254
"sinusoidal",200,"sir_laplace",152,1.995,3575.63307930412,3377.1756944278,160.481442546791,320.261730164815,6581.13088168458,2594.67123544618,6067.38446664041,3176.58443636921,1792.29728285921,1692.81989695629,80.4418258379906,160.532195571336,3298.81247202234,3041.2954720002,0.00406133230495052,0.00347956996595496,5.8162615359129e-06,0.000891253322853625,0.00862810569082894,3.36619729525861e-05,2.98772342633035e-05,2.64763134746087e-10,1.08465587345924e-05,6.48398858544913e-05,-393.787177196391,0.0987578952442479,0.0841496517312878,1,0.565613858009561
"sinusoidal",200,"sir_laplace",153,2.203,2611.42551174863,2728.89818206407,249.965433976788,186.773803093122,6558.58838206535,2575.35736491828,5665.13862205934,2150.37313445667,1185.39514831985,1238.71910216254,113.465925545524,84.7815719896152,2977.1168325308,2571.55634228749,0.0036880603177448,0.0032558866161102,3.46328458057491e-06,0.00102106976790683,0.00733694197203362,3.93503613569963e-05,3.34754220882134e-05,5.59686725495987e-10,9.68973878704065e-06,8.44985385570348e-05,-394.398420645272,0.145673543236784,0.112986637041189,0.925,0.555233378033417
"sinusoidal",200,"sir_laplace",154,1.771,3430.64133933539,3222.76906209827,211.560611479418,212.187034528339,6732.26104217134,3063.5419047405,6139.01980874155,2391.25571600676,1937.12102729271,1819.74537667886,119.458278644505,119.811990134579,3801.38963420177,3466.4143471155,0.00384734722100048,0.00333500375648669,4.22585363224866e-06,0.001140468529776,0.00791954073439823,3.7514326392377e-05,3.27367143535961e-05,3.57665862877897e-10,1.058969450517e-05,7.82689296202942e-05,-383.228414892384,0.0963770484574387,0.0853165828600524,1,0.563206711591789
"sinusoidal",200,"sir_laplace",155,1.768,3812.22450309961,3958.38347699515,299.495865212063,211.14351875462,6555.04192465221,2961.02888976755,5927.80495033529,2949.09659640026,2156.23557867625,2238.90468155835,169.398113807728,119.425067168902,3707.60289855894,3352.83085426204,0.00396156043980896,0.00345422807194303,4.04715394065663e-06,0.00117819244175611,0.0079427417672607,3.69439407047537e-05,3.11350878751611e-05,5.0165794111157e-10,9.52831649661964e-06,7.88223103297495e-05,-379.732745326371,0.12831917080278,0.106533656683992,1,0.566115801545989
"sinusoidal",200,"sir_laplace",156,2.004,3786.65635386595,3432.64551239774,292.210449956894,280.241608094203,6821.13857400883,3356.68287503984,6108.50642961505,3305.43911838051,1889.54907877543,1712.89696227432,145.813597782881,139.841121803494,3403.76176347746,3048.15690100551,0.00311896539204296,0.00282063919522152,2.03874644624972e-06,0.00101898511067423,0.00598852644658436,3.18521881385538e-05,2.78849773170696e-05,2.83910990024419e-10,1.09132986765349e-05,6.38417162002331e-05,-400.733489132051,0.0566893058029714,0.0442457791792807,1,0.529429642134372
"sinusoidal",200,"sir_laplace",157,1.791,3506.90257256411,3387.72183630304,239.519732929663,199.163566141469,6554.05804251845,3234.33748045893,5707.92582541814,2168.01590923921,1958.06955475383,1891.52531340203,133.735194265585,111.202437823266,3659.44055975346,3187.00492764832,0.00386239498801107,0.00339996195270549,4.09775116049974e-06,0.00107310302548488,0.00786761429813154,4.03514770732833e-05,3.39724972140451e-05,6.01554819193956e-10,1.02104936290827e-05,8.71887551483825e-05,-386.188145900823,0.113891752708431,0.0963258081674581,1,0.559612335381705
"sinusoidal",200,"sir_laplace",158,2.233,3258.38860046845,3106.52490671686,223.459661262693,159.333830070231,6795.66209887039,3288.45299548017,6000.34788082975,2863.92558311404,1459.19776106962,1391.18894165556,100.071500789383,71.3541558756074,3043.28799770282,2687.12399499765,0.00350603029848845,0.00319081914522388,2.77642860680804e-06,0.00103077619984634,0.00673424086728674,3.54545442058018e-05,3.08099913445148e-05,3.33769523407086e-10,1.10679472002019e-05,7.26159305460808e-05,-399.955418212759,0.0960097662159049,0.0789739705868065,1,0.545129615538734
"sinusoidal",200,"sir_laplace",159,1.913,3173.07309864525,3178.4945025123,163.310960462004,273.534564112406,6905.93122610194,3337.46821548192,6300.36031457523,2952.88691126375,1658.68954450876,1661.52352457517,85.3690331740742,142.987226404813,3610.00064093149,3293.44501546013,0.00363048145876433,0.00312983646584973,4.03491644445174e-06,0.000995823395872325,0.00772486288289737,3.42731456199821e-05,3.07865844426623e-05,2.52080527394835e-10,1.18219160130552e-05,6.67587597560717e-05,-406.26496225759,0.140903909941387,0.116584049383306,1,0.534808249020892
"sinusoidal",200,"sir_laplace",15,1.985,4234.14922596928,4223.79267618423,209.480225745564,178.004677630844,6856.21010998582,2483.84546996608,5766.58825545768,2484.83046056242,2133.07265791904,2127.85525248576,105.531599871821,89.6749005696946,3454.01013097523,2905.08224456307,0.00424614443842716,0.00365657830871068,5.3276524830744e-06,0.0012154331506401,0.0090004997902193,3.56511931439884e-05,3.09245493352144e-05,3.91968401710543e-10,8.36568496287529e-06,7.21914680669617e-05,-373.041474577036,0.0760219498775603,0.0617545398616027,1,0.562376896797621
"sinusoidal",200,"sir_laplace",160,1.86,3595.51074575339,3485.46569224803,239.54007296261,215.697826009092,6498.85473911123,3829.84211304386,5679.64508690529,3078.36404078461,1933.0702934158,1873.90628615485,128.784985463769,115.966573123168,3494.00792425335,3053.57262736843,0.00367606419793507,0.00322899616151665,3.81560543783421e-06,0.00095485569601926,0.00756560417926162,3.56059088530483e-05,2.99842333697486e-05,5.69508187629493e-10,8.63040119241365e-06,7.52384100049152e-05,-375.625423242577,0.0785096600278206,0.0557063155801772,1,0.547242382560911
"sinusoidal",200,"sir_laplace",161,2.007,3240.54180652063,2861.47059181312,185.994201773556,248.941368139241,6400.18812430091,3274.644739664,5775.43399412217,1864.20585434543,1614.61973419065,1425.74518774944,92.6727462748162,124.036556123189,3188.93279735969,2877.64523872555,0.00374783024756189,0.00329276010580496,4.55215647136815e-06,0.000997520622212841,0.00776592706046887,3.84566478152602e-05,3.28441999697633e-05,4.66188341517725e-10,1.04668673670747e-05,8.30246004136336e-05,-383.302977656787,0.122030402288523,0.106110271910318,0.98,0.546587119254737
"sinusoidal",200,"sir_laplace",162,1.896,3335.79462125112,3661.26124633931,313.73303971191,220.239756195023,6830.80689455824,3347.21151707941,5792.97789069609,2613.74103415629,1759.38534876114,1931.04496114942,165.471012506282,116.16020896362,3602.74625240413,3055.36808581017,0.00394716117006421,0.0035928486933306,3.5992811311311e-06,0.00124834809315682,0.0075886798642259,3.5821611255344e-05,3.11853915189827e-05,3.3619562643088e-10,1.10422703586213e-05,7.35640579925923e-05,-391.005890311772,0.113843034571118,0.08688739112705,0.935,0.55370872836362
"sinusoidal",200,"sir_laplace",163,1.784,3391.41237511956,3129.74647285967,221.056388025389,256.634906899621,6731.26926525026,3492.60672165294,6113.88410201313,2900.67521891679,1901.01590533608,1754.34219330699,123.910531404366,143.853647365259,3773.13299621651,3427.06507960377,0.00346231874939255,0.00311305551040647,2.6740703252586e-06,0.00113073619594278,0.00684479191513212,3.61445236953204e-05,3.12594771263886e-05,3.87671997096106e-10,1.03442180515816e-05,7.24752551171745e-05,-395.510715407557,0.0718012030789432,0.0601587195782332,1,0.54627511775438
"sinusoidal",200,"sir_laplace",164,1.806,3828.6518201178,3410.00923302137,151.861465345499,186.353463658835,6483.18585321891,2342.36742489528,5803.14213734139,1983.6067458543,2119.96224812724,1888.15572149578,84.0871901137868,103.185749534239,3589.80390543683,3213.25699742048,0.00465238971466274,0.00392333181639451,7.24064389838608e-06,0.00115701044507903,0.0101322187245201,3.89373947445864e-05,3.32050817352367e-05,5.48268598875106e-10,1.07536598693131e-05,7.63109922985426e-05,-398.090499013314,0.123150956452129,0.103276584629039,1,0.587726133456812
"sinusoidal",200,"sir_laplace",165,1.842,2327.53519017636,2257.91073208256,225.809149643156,229.438212669521,6566.72883279504,2475.51962589299,5594.40906792233,1989.74101533601,1263.59130845622,1225.79301415991,122.589114898565,124.559290265755,3564.99936633824,3037.13847335631,0.00396279941667242,0.00350713807488537,3.89444540692897e-06,0.00109452224338337,0.00782609312196818,4.26366860557864e-05,3.66890622160682e-05,5.38265978121618e-10,1.04515916993902e-05,8.9975116414119e-05,-390.268914978328,0.133387579746261,0.117996325700847,1,0.561411294129204
"sinusoidal",200,"sir_laplace",166,1.885,3389.86823852348,3394.83820002501,117.564558698305,177.033068517442,6519.54062005959,1929.29773638671,6025.97027706845,1299.2246670079,1798.33858807612,1800.97517242706,62.368466152947,93.9167472241071,3458.6422387584,3196.80120799387,0.00452192102142726,0.00383862837173346,6.94186469875195e-06,0.00111861532784058,0.00954012911521575,3.95006202834357e-05,3.32708376705628e-05,6.12031180679958e-10,1.08698597819568e-05,8.34125125101779e-05,-389.446235793903,0.0821058615581583,0.0681136986550331,1,0.570744190016501
"sinusoidal",200,"sir_laplace",167,1.781,3070.81419218547,3092.8185180756,208.904766753411,194.367779892864,6557.39156624145,2141.76942829523,6125.58633861566,2734.5289524904,1724.20785636466,1736.56289616822,117.296331697592,109.134070686616,3681.85938587392,3439.40838776848,0.0042029250242267,0.00373673307133738,4.5936250059892e-06,0.00112075572590475,0.00834038904241853,3.84737874456981e-05,3.28088691812566e-05,4.27631412551034e-10,1.0308722482879e-05,8.07883083179247e-05,-393.21025137065,0.159695115180509,0.127968283703357,0.955,0.569625146803281
"sinusoidal",200,"sir_laplace",168,2.042,2877.52922918659,2654.8994247507,134.559936904902,177.812324001469,6617.84575174497,3111.64678912518,5359.64117878413,2167.45052628594,1409.17200253996,1300.14663308066,65.896149316798,87.0775337911211,3240.86471681928,2624.70185053092,0.00340417870532087,0.00305186909541107,2.70033764387981e-06,0.000979897277049582,0.00672437181227049,3.79716991817292e-05,3.22106235342834e-05,4.64463072935297e-10,1.05473854155413e-05,8.20467432488815e-05,-387.717538176363,0.123700269067955,0.0964190366108283,1,0.545249411978864
"sinusoidal",200,"sir_laplace",169,2.054,2973.88220484894,2487.63516716468,174.551874205772,275.140933922996,6538.58761431019,2277.29569918056,5889.29436338123,2017.79365301149,1447.84917470737,1211.11741342,84.9814382696068,133.953716612949,3183.34353179659,2867.23191985454,0.0043453536820402,0.00367274015167986,6.55944158230699e-06,0.00102399657581028,0.00963420220554131,3.84133586847158e-05,3.35542127784634e-05,3.8137010152253e-10,1.19427832236436e-05,7.95889743126253e-05,-388.466330663524,0.115516139607052,0.0975763025018706,1,0.56899134278176
"sinusoidal",200,"sir_laplace",16,1.756,3221.85264222008,3129.94459031506,293.885371250551,194.131718843606,6725.83938594758,3357.04534076294,5869.24534506653,2688.38286060588,1834.76801948752,1782.42858218397,167.360689778218,110.553370639867,3830.20466170136,3342.39484343197,0.00363045073463131,0.0032881687978158,2.98171375754214e-06,0.00110144170554758,0.00710679592025707,3.54632147508444e-05,3.06119750914954e-05,3.59535517091483e-10,1.08670033920065e-05,7.55395525248901e-05,-395.896515998698,0.108703246122115,0.0826962411021443,1,0.54335170111358
"sinusoidal",200,"sir_laplace",170,1.779,3128.79253567137,3251.18540133376,191.692744619889,204.457647530362,6410.40802867484,3290.879857942,6193.83868041819,2992.44011704077,1758.73666985462,1827.53535769183,107.753088600275,114.928413451581,3603.37719430851,3481.64062980225,0.0038248739024982,0.00324579156186673,4.72575432783437e-06,0.00110916191336488,0.00827521658807849,3.71967733729847e-05,3.23036331443626e-05,3.99472847811032e-10,1.09875134648328e-05,7.5831276873384e-05,-387.553301395611,0.073623081897771,0.0615598428499581,1,0.557974570492984
"sinusoidal",200,"sir_laplace",171,2.128,3616.66221706856,3669.11788814111,174.89382730683,235.0850111082,6354.8854936482,1312.53372843772,6163.97677447007,3555.0137124473,1699.55931253222,1724.2095339009,82.1869489223823,110.472279656109,2986.31837107528,2896.60562710059,0.00459667621872821,0.00373939825815578,8.94937075345723e-06,0.00104056752510681,0.0109767672518684,3.55543487790623e-05,3.09477447191539e-05,3.35303214857038e-10,1.1238393152865e-05,7.23538209512868e-05,-404.161313992845,0.087881871907161,0.0705224819360402,1,0.565158265020462
"sinusoidal",200,"sir_laplace",172,2.123,4073.18748959961,4205.40873203023,247.569037675481,194.289483969919,6818.27306992922,2733.39170835715,6110.28577205681,2668.04038842768,1918.59985379162,1980.88023176177,116.612829804749,91.516478553895,3211.6217945969,2878.13743384683,0.00433846162488073,0.00390321456177534,4.63020547686148e-06,0.00110862790266805,0.00845904091843546,3.52663737034186e-05,3.01408559195209e-05,3.66906952851111e-10,9.05653740298311e-06,7.29199444571144e-05,-401.202550357927,0.0902062654344473,0.0691075366925566,1,0.558674989291135
"sinusoidal",200,"sir_laplace",173,1.956,4186.49728977766,3868.67703539775,140.751983187121,252.947004474817,5740.79128084913,1173.13213070673,5746.35917733027,2056.28649547714,2140.33603771864,1977.85124509088,71.9590916089575,129.318509445203,2934.96486750978,2937.8114403529,0.00614079358066296,0.00504492764010626,1.51972177081055e-05,0.00125404942377732,0.0139836091546384,3.81307739064135e-05,3.35213033864969e-05,3.9179349626659e-10,1.1677106361537e-05,7.90153158894303e-05,-385.412488191067,0.127302688033715,0.104246932044903,0.995,0.609160020844534
"sinusoidal",200,"sir_laplace",174,1.789,3397.80686974522,3108.81045168396,263.254472107438,251.787068412215,6368.0942834717,3531.35500487983,5504.49412366431,1559.81112550824,1899.27717705155,1737.73641793402,147.151745169054,140.741793410964,3559.58316571923,3076.85529550828,0.00344654006504429,0.0031141970379761,2.60208590188754e-06,0.00109155442519189,0.00674706398396147,4.00515331821494e-05,3.49132338320282e-05,4.4483571620967e-10,1.16377428498282e-05,8.35742922610786e-05,-384.086338314558,0.168805797940812,0.118310954143984,0.9,0.555385864803834
"sinusoidal",200,"sir_laplace",175,1.901,3163.68042109502,2880.00238891135,155.57673600514,234.025317246826,6192.16931743894,2023.87333857306,6613.92888716563,2771.68260767046,1664.21905370596,1514.99336607646,81.8394192557286,123.10642674741,3257.32210280849,3479.18405426914,0.00467861918906479,0.00374842782934186,1.29091164638476e-05,0.00105706015260738,0.0103021318646652,3.53157225957141e-05,3.12932546950812e-05,2.91414118887755e-10,1.17154842786531e-05,6.8630778710856e-05,-388.825642016774,0.0980635316359671,0.0758431429130084,1,0.576345634524015
"sinusoidal",200,"sir_laplace",176,1.76,3571.99683214775,3290.78823903491,260.164284262626,273.478114373303,6852.62132851889,3447.65999166696,6128.33133166898,3026.90025025444,2029.54365462941,1869.7660449062,147.82061605831,155.385292257559,3893.53484574937,3482.00643844829,0.0036150550907331,0.0032278108604034,3.23302824870293e-06,0.00107573149110705,0.0070453808429259,3.21797251291588e-05,2.90837423111393e-05,2.22529212637062e-10,1.01474298531202e-05,6.07236519144179e-05,-382.512560870039,0.132730965874615,0.0871051181666996,0.96,0.553608969304046
"sinusoidal",200,"sir_laplace",177,1.983,2657.08233207562,1769.5784420622,194.809364739195,184.34558412615,6541.52855429846,2649.70647697987,5794.73785243271,1316.18026116134,1339.93057593324,892.374403460517,98.2397199895084,92.9629773707262,3298.8041121021,2922.20769159492,0.00448374718318543,0.00392033329441229,5.70375224130121e-06,0.00119653302260869,0.00920374715115535,4.47551121121324e-05,3.70889060675846e-05,7.48809809600351e-10,9.57016832197924e-06,0.00010004524524014,-390.117414915785,0.153237655880837,0.123246357415407,0.995,0.571368973504217
"sinusoidal",200,"sir_laplace",178,2.1,3448.94184254464,3143.52411732023,193.171386246612,126.497310371758,6428.50250399319,2728.65906129304,5760.1985739051,2395.74480973722,1642.35325835459,1496.91624634297,91.9863744031486,60.2368144627421,3061.19166856819,2742.95170185957,0.00393899304915184,0.00347314937383523,4.18062657304899e-06,0.00107155891547531,0.00796729521970835,3.9885519499973e-05,3.50338437823152e-05,4.62290302737473e-10,1.08793116159056e-05,8.19081718569636e-05,-384.142510244855,0.0941128676884657,0.0770747638039057,1,0.564891669662215
"sinusoidal",200,"sir_laplace",179,1.756,2938.3333915003,2855.884046837,273.365135715033,241.373761446667,6746.87680186721,3158.00630485395,6052.38930720525,2512.78231730285,1673.31058741475,1626.35765765205,155.674906443641,137.45658396735,3842.18496689477,3446.69094943351,0.00351463810739292,0.00311920676275435,2.94708597299304e-06,0.00109906359238257,0.00689315662048493,3.78137618159095e-05,3.33213887657849e-05,3.83054699058511e-10,1.11578923520625e-05,7.57081868281915e-05,-396.409649366956,0.116787388214552,0.0983345780054689,1,0.536076890228037
"sinusoidal",200,"sir_laplace",17,1.807,3142.67649505567,2625.95473184626,255.296364286995,226.365539215578,6411.9299894828,3319.68739157369,5542.79121195472,2491.00903234218,1739.16795520513,1453.21235852034,141.281883944103,125.271466084991,3548.38405616093,3067.39967457372,0.00341102633992209,0.00306973901009197,2.76173956701609e-06,0.00102968328052888,0.00657996187921487,3.96108671135534e-05,3.45614633119544e-05,4.05433447329957e-10,1.26812503929924e-05,7.93481543809323e-05,-370.419000359009,0.118275767292729,0.0910543878320796,1,0.548334643864868
"sinusoidal",200,"sir_laplace",180,1.78,3754.12499287717,3712.14766168412,201.111403768379,243.611941880261,6509.17213823603,3050.55056673704,5579.5046640471,2327.79407076205,2109.05898476246,2085.47621442928,112.983934701337,136.860641505765,3656.83827990788,3134.55318204893,0.00394511244809161,0.00337159602567748,4.74520694710287e-06,0.00105259326728076,0.00852200371862224,3.86047322296053e-05,3.40496040280754e-05,4.19098337448008e-10,1.05116477883276e-05,7.79596443952125e-05,-388.572750763608,0.120996702861122,0.0962556142750918,1,0.561898988428997
"sinusoidal",200,"sir_laplace",181,1.948,3718.61328331473,3513.41883442171,232.622211487672,237.099893198509,6462.66373366894,3307.99238293842,5507.56103513886,2104.19544515505,1908.93905714309,1803.60309775242,119.415919654863,121.714524229214,3317.58918566167,2827.29005910619,0.00375892687122564,0.00336205190213312,3.3399302059266e-06,0.00114589036198033,0.00731487713022972,3.97272793072245e-05,3.42005208592948e-05,5.50930956694643e-10,1.09072776980927e-05,8.14802191564732e-05,-371.729814421996,0.104731165093496,0.0915899844001277,1,0.555622757079054
"sinusoidal",200,"sir_laplace",182,1.855,3188.07906451759,2965.25831296965,293.285093454991,195.692012446657,6462.61187119831,3274.62377255654,5790.24259899482,2649.79254500126,1718.64100513078,1598.52200160089,158.10517167385,105.49434633243,3483.88780118507,3121.42458166837,0.00362864248813824,0.00321915446867562,3.25453467552904e-06,0.00101508781015823,0.00705863743189176,3.82219253765646e-05,3.36034666042454e-05,3.75108657905354e-10,1.09079534290472e-05,7.67614507877351e-05,-378.528004309683,0.120658702241978,0.0939706494465953,1,0.552852309782097
"sinusoidal",200,"sir_laplace",183,1.894,3718.83181612038,3661.63681138234,158.27524050471,214.868956856066,6649.11136973749,3550.66183217075,5841.33481653985,2863.42908661686,1963.4803675398,1933.28237137399,83.5666528535957,113.447178910277,3510.61846343056,3084.12609109813,0.00357571049142891,0.00310689889303221,3.67282380154633e-06,0.00100344243438396,0.00734920137730015,3.65479912259188e-05,3.14015264076628e-05,4.19698593747642e-10,1.06403545135114e-05,7.57655801792178e-05,-395.065002071692,0.102651166726557,0.0825818749839185,1,0.553993717037596
"sinusoidal",200,"sir_laplace",184,2.218,3576.26395454229,3400.62228762514,185.550954017022,200.671132556378,6805.18526010416,3288.21386066967,5853.66921469102,1686.07716757606,1612.38230592529,1533.19309631431,83.6568773746716,90.473910079521,3068.16287651225,2639.1655611772,0.00372310567786714,0.00325753406768656,3.93868988496687e-06,0.000925040504378567,0.00743759388814105,3.36203609353921e-05,2.93436996698431e-05,3.51729985807735e-10,9.18524614695328e-06,6.67387522124413e-05,-394.037837564005,0.0952109468666631,0.0668930754277764,1,0.550675273315752
"sinusoidal",200,"sir_laplace",185,1.776,3451.30965633835,3128.28240447363,223.599800764137,225.044590283789,6419.47209393887,2324.1719215505,5816.70959540145,2917.29616866132,1943.304986677,1761.4202727892,125.900788718546,126.714296330963,3614.56762046108,3275.17432173505,0.00453784119483557,0.00396856420472849,5.67952372060087e-06,0.00116811981823552,0.00922887556757353,4.11596072872803e-05,3.53330192507321e-05,5.34582303382426e-10,1.07773579743548e-05,8.67529608105466e-05,-394.136173291928,0.108566928024454,0.0861059561180127,1,0.575599212251
"sinusoidal",200,"sir_laplace",186,1.762,3821.08943973178,3583.07269579716,270.469255581628,213.061331045919,6741.27960039959,3761.34181369316,5995.33153112421,3286.98541556898,2168.60921664687,2033.5259340506,153.501280125782,120.920165179296,3825.92485834256,3402.57181108071,0.00386053757705278,0.00334274047590874,4.70016798985795e-06,0.00113177800989285,0.00810234606905327,3.51261889676521e-05,3.02706880181884e-05,4.02115731733662e-10,1.00808359619129e-05,7.14227888690516e-05,-399.852537147599,0.100082775791234,0.0853130003463304,1,0.540591270287912
"sinusoidal",200,"sir_laplace",187,2.231,3610.03222084282,3614.71407590713,196.285868228429,279.241186902374,6584.31320735051,2722.93968002255,6121.62145799101,2302.50090510336,1618.12291386949,1620.22145939361,87.9811152973684,125.164135769778,2951.2833739805,2743.89128551816,0.00437253171626328,0.00372249844692163,6.30296414978377e-06,0.00110804226221938,0.00937387654549225,3.735802431944e-05,3.20039600062355e-05,4.26338500955557e-10,1.06088947220851e-05,8.04254319033419e-05,-379.321378397624,0.100594902143907,0.0878667158867825,1,0.566881117195753
"sinusoidal",200,"sir_laplace",188,2.088,3866.6443804537,3507.62163854176,231.601736434551,237.647669119283,6711.3750134125,3665.15431014911,5817.12333036851,2275.56509601585,1851.84117837821,1679.89542075755,110.920371855628,113.815933486246,3214.26006389488,2785.97860649833,0.00403390098133218,0.00355379221585051,4.57015632007274e-06,0.00103776092434749,0.00804380138612957,4.01318490817258e-05,3.55402126017874e-05,3.89152793628891e-10,1.08163615965065e-05,7.99421332731213e-05,-385.882986817677,0.120933319609321,0.0919956377295068,0.99,0.561331694409181
"sinusoidal",200,"sir_laplace",189,1.93,3983.45955613717,3769.98612599178,223.093887106227,226.673135256219,6499.90862337675,2847.35231558528,5628.19847807104,2273.53386111935,2063.96868193636,1953.36068704237,115.592687619807,117.44722034001,3367.82830226775,2916.16501454458,0.00385215340479044,0.00339057161721646,4.15404557469513e-06,0.00103433413419943,0.0078573910302332,3.75691486724191e-05,3.20784416518578e-05,4.60639377438135e-10,1.19465340544382e-05,7.75756199661725e-05,-377.911291025974,0.103933748842731,0.0765852796021093,1,0.562371413336202
"sinusoidal",200,"sir_laplace",18,1.928,3858.59913172195,3571.81536769344,133.023574379163,221.202821667558,6264.71174299287,931.317207277957,5790.18057274111,1957.43863200495,2001.34809736616,1852.6013317912,68.9956298647109,114.731753976949,3249.33181690502,3003.20569125576,0.00451203858974732,0.00380699461675181,7.66415472695162e-06,0.000976125397591909,0.00994041406971548,4.23482284477369e-05,3.54701690277e-05,7.27211545207311e-10,9.92257288915628e-06,8.94878846341844e-05,-399.318677398108,0.1365177984468,0.108320284626914,1,0.577557132964998
"sinusoidal",200,"sir_laplace",190,1.786,3319.25294549433,3201.5452889909,345.653830930195,193.585183884594,6591.01830668314,2995.53053259712,5710.12460405916,2022.00826599941,1858.48429199011,1792.57854926702,193.535179692159,108.39036051769,3690.379790976,3197.15823295586,0.00336249058410925,0.00297868786625976,2.64731836080969e-06,0.00109685227422413,0.00659385500815529,3.71321650038065e-05,3.22339768323575e-05,3.67693092394848e-10,1.16631413951426e-05,7.46251584095874e-05,-374.673757135308,0.0880951885239814,0.0747713244396188,1,0.546641541941523
"sinusoidal",200,"sir_laplace",191,2.133,3540.83647149316,3224.97780569934,253.144544793011,246.869407085292,6403.70161194692,3197.97201408441,5705.04698211149,2342.04717580387,1660.02647514916,1511.9445877634,118.6800491294,115.73811865227,3002.20422501028,2674.6586882848,0.00393424159346131,0.00342462356340195,4.15060623640884e-06,0.00115532889356549,0.00833023663890923,3.96369470520604e-05,3.4341718978852e-05,4.47415449630415e-10,1.19113873300514e-05,7.95090593587314e-05,-388.747179237002,0.150979839931944,0.110214723391708,0.96,0.572299653999332
"sinusoidal",200,"sir_laplace",192,1.831,4023.80031100447,3493.1592891339,203.011382757144,240.052339332962,6520.63762117686,2090.8052764866,6139.87063158545,2656.15200006286,2197.59711141697,1907.78770569847,110.874594624328,131.104499908772,3561.24392199719,3353.28816580308,0.0044013601472284,0.00377091992123132,6.50318414890677e-06,0.00115868804752581,0.00941079928954778,3.71716613676517e-05,3.16622599220398e-05,4.27578764055464e-10,1.04686244836539e-05,7.79650126462217e-05,-383.657872330483,0.139873432285916,0.111845530154454,1,0.565285138032971
"sinusoidal",200,"sir_laplace",193,2.155,1935.79717475691,1740.67448630399,250.276845223025,181.337111210394,6501.38789556131,2012.1442587524,5652.56085767351,1431.58461613167,898.281751627338,807.737580651504,116.13774720326,84.1471513737327,3016.88533436719,2622.99807780673,0.00393807642878727,0.00348268466124238,3.77688240409091e-06,0.00111458070482727,0.00788252175833542,4.04259840552759e-05,3.42102223470413e-05,5.56270150179621e-10,1.10608750057057e-05,8.78347147285887e-05,-379.995031290918,0.144598653313683,0.12738305142979,0.955,0.572718016523767
"sinusoidal",200,"sir_laplace",194,1.978,3135.78046115526,3179.35156866765,259.134177563727,282.1364837394,6534.02038968622,3247.62097621894,5977.90417275985,2814.92121626918,1585.32884790458,1607.35670812318,131.008178748093,142.637251637715,3303.34701197483,3022.19624507576,0.0033282997843148,0.00291716336552065,3.13307687310632e-06,0.000975747070984657,0.00663715443375732,3.38298797328559e-05,3.02528622210818e-05,2.77444572259132e-10,9.75735598411813e-06,6.71599556347134e-05,-395.907220500628,0.0872684592703334,0.0746236475796279,1,0.534075837123168
"sinusoidal",200,"sir_laplace",195,1.876,3998.02520480981,3432.16094541042,181.105640799396,207.913435875316,6518.96075501604,1769.64797300657,5467.96126642288,2617.08594627398,2131.14349936557,1829.51009883285,96.5381880593797,110.828057502834,3474.92577559491,2914.691506622,0.00461619015090171,0.00403098749244412,5.90274248497447e-06,0.00122385439440031,0.00943687352877819,4.0687224095952e-05,3.38827465729606e-05,6.43536826711448e-10,1.01709146083282e-05,8.81549022608718e-05,-381.22889945846,0.106095526033525,0.0808968875795586,0.995,0.57369373111076
"sinusoidal",200,"sir_laplace",196,1.771,3481.3294209786,3284.11912252481,199.591471415831,199.549040015226,6764.06892100473,3398.24507001044,5970.84876166667,2996.71459493696,1965.74219140519,1854.38685630989,112.699870929323,112.67591192277,3819.35004009302,3371.45610483719,0.00348226694892076,0.00311083052800622,2.97210156416013e-06,0.000952953147104457,0.00676147601219964,3.19411463656054e-05,2.81143191060529e-05,2.68764940635034e-10,1.04392980577593e-05,6.54295250961575e-05,-379.231185626131,0.0803225296142628,0.0619202122129411,1,0.540922955107002
"sinusoidal",200,"sir_laplace",197,2.122,3927.46526390713,3836.68935309855,164.032263049995,232.104026513144,6358.45445123407,2091.97514536041,5674.65878648227,3080.62790885677,1850.83188685538,1808.05341804833,77.3007837181879,109.37984284314,2996.44413347505,2674.20300965234,0.00411524346659824,0.00353642844929991,5.79275587589628e-06,0.00105468607108793,0.00866494367838096,3.87724396572053e-05,3.29579818166292e-05,5.23281036189393e-10,1.07220288724962e-05,7.73240131060064e-05,-377.909002258805,0.118489683708205,0.0851303997744595,0.965,0.553673039093257
"sinusoidal",200,"sir_laplace",198,1.986,3398.39054805004,3081.65640578138,226.584175403114,227.660525562911,6564.05816394082,2461.21128306264,6190.27130813248,2514.47483972519,1711.17348844413,1551.69003312255,114.090722760883,114.632691622815,3305.16523864089,3116.95433440709,0.00413338786161396,0.00357524879957695,4.77635514376388e-06,0.00121755620754071,0.00861520431470412,4.04762664760713e-05,3.49282665557417e-05,5.17994752600201e-10,1.0873876996971e-05,8.59817093987917e-05,-412.316659285398,0.109519562699562,0.092385672963195,0.985,0.551052752177374
"sinusoidal",200,"sir_laplace",199,1.773,3898.01551674373,4171.24358215087,192.553567410545,309.499921543792,6749.06512885085,3670.03952730741,6306.23296408272,3392.96227664074,2198.54231062816,2352.64725445622,108.603252910629,174.562843510317,3806.57931689275,3556.81498256216,0.00402083951269948,0.00346351242943861,4.86614488860049e-06,0.00105386485439305,0.00835802186131267,3.50520655985461e-05,3.09566536134942e-05,3.07276338180026e-10,1.02355041957293e-05,6.84730569195302e-05,-397.206898906271,0.108744681637035,0.0830467518764043,1,0.56112119161412
"sinusoidal",200,"sir_laplace",19,1.995,3833.81819050448,3711.01510010247,176.567994457051,185.107503285093,6580.54699518048,1617.61328045353,5575.64131382363,3560.14147281161,1921.71337869899,1860.15794491352,88.5052603794742,92.7857159323775,3298.51979708295,2794.80767610207,0.00430033496652213,0.00372763614216004,5.96305308088411e-06,0.00111389666623827,0.00893763094170553,4.00285638286849e-05,3.29565560871158e-05,7.04211817193484e-10,9.79529358816598e-06,8.86228878284526e-05,-390.876719728181,0.129506730701616,0.114058417517728,1,0.571511395525064
"sinusoidal",200,"sir_laplace",1,1.868,3868.23307888081,3555.17328331028,181.799545292233,154.887939991436,6397.3252271724,1262.53586639792,5937.93874484868,2873.30098990817,2070.78858612463,1903.19768913827,97.3230970515165,82.9164560981991,3424.69230576681,3178.76806469416,0.00512672710784454,0.00443795289668998,7.82056094823385e-06,0.00136312385575652,0.010764492738383,3.90673800161643e-05,3.29479770400276e-05,5.76372282729923e-10,9.82688322387233e-06,8.66374580327201e-05,-372.934971316172,0.132420325446309,0.105413605482571,0.905,0.585316583306108
"sinusoidal",200,"sir_laplace",200,1.813,3189.8034762184,2788.52181564935,274.63320465793,236.906074761117,6817.73611020991,3399.3422904966,6172.12793142286,2614.50999493653,1759.40621964611,1538.0704995308,151.479980506304,130.670752763992,3760.4722064037,3404.37282483335,0.00349514676238111,0.00305930250781597,3.11788000256488e-06,0.00100051541824785,0.00701911057326677,3.51244710012126e-05,3.03258490299437e-05,3.80636870066043e-10,1.03315665015872e-05,7.16910524212081e-05,-389.55232857076,0.0682469900822565,0.0514719450370696,1,0.542782438060226
"sinusoidal",200,"sir_laplace",20,1.914,3413.38441649878,2606.16109072035,199.007537063226,169.674416919909,6451.80897091693,3015.50106505936,5787.86757774672,2462.24256167364,1783.37743808714,1361.63066390823,103.974679761351,88.6491206478105,3370.85108198377,3023.9642516963,0.00333136827290783,0.00295680601874023,2.97418443303025e-06,0.00104551284297936,0.00660325766716311,3.60333095606849e-05,3.09697032946676e-05,4.51970616297119e-10,1.06847944825409e-05,7.5903716520027e-05,-395.519901543364,0.0871076062140432,0.0745279999724801,1,0.534338643291038
"sinusoidal",200,"sir_laplace",21,1.891,3392.98068260308,3165.62221662899,193.657958797134,185.044450893163,6688.29253903694,3788.84563167714,5852.13216690524,2981.76822564125,1794.27852067852,1674.04665078212,102.410343097374,97.8553415616938,3536.9077414262,3094.72880322858,0.00358799990962534,0.0031808703854627,3.04461556275407e-06,0.00107746611945723,0.00709697522947986,3.70669913874697e-05,3.18281680194667e-05,4.03898692174426e-10,1.06778045319096e-05,7.43466426142508e-05,-396.469094589468,0.0779284394765227,0.0621401326991546,1,0.546486055614818
"sinusoidal",200,"sir_laplace",22,1.923,3866.36257289594,3609.7618856425,217.676953932226,279.359002866586,6807.56181361463,3465.60465718173,5838.90106833945,2744.47757847181,2010.58896146435,1877.15126658476,113.196543906514,145.272492390321,3540.07374602945,3036.3500095369,0.00330478953656485,0.00292883583751051,2.65954384712722e-06,0.00103792993364184,0.00658814399190373,3.32824178869065e-05,2.94247190240482e-05,2.71791003219364e-10,9.48581901204467e-06,6.65488455990879e-05,-395.633974729281,0.106098657639347,0.0813755901520908,1,0.535261998291923
"sinusoidal",200,"sir_laplace",23,1.765,3078.76159900323,2986.98209763607,227.98339739473,162.513704288682,6324.28986052913,2570.00646784414,5574.32756817273,1330.6459370908,1744.34084929361,1692.34113180514,129.169063679734,92.0757531380636,3583.16705978987,3158.25924542364,0.00388308973423935,0.00339919362695606,4.20449809641641e-06,0.00114443678197321,0.00785209427261991,4.15897363784638e-05,3.49177249900687e-05,6.51421206031923e-10,9.99696929899093e-06,9.13501525277694e-05,-391.437643125428,0.113041932397911,0.0840042493302176,1,0.56619970640253
"sinusoidal",200,"sir_laplace",24,2.074,3115.81252646282,3079.87559368184,245.125544786282,271.516796843638,6630.04973425772,3001.07035431597,6001.76413050826,2115.48938470148,1502.32040813058,1484.99305384852,118.189751584514,130.914559712458,3196.74529134895,2893.81105617563,0.00321511564185035,0.00288004600054977,2.60361652066934e-06,0.000999288283639206,0.0061550073326537,3.5229696252226e-05,3.07113981390255e-05,3.27628838387139e-10,9.92211845803106e-06,7.01911475812342e-05,-390.202482867329,0.110065531306772,0.0923779033253046,1,0.537192990491365
"sinusoidal",200,"sir_laplace",25,2.004,3570.0353981547,3406.48781301292,241.72965000631,214.582304380628,6625.45410379065,3489.22996591514,5648.15749447105,2318.74658564677,1781.45478949835,1699.84421807032,120.62357784746,107.076998193926,3306.11482225082,2818.44186350851,0.00376916784066215,0.0033365931903691,3.68602781438667e-06,0.000980886634902201,0.0075821828897672,4.02665131547376e-05,3.44219260925126e-05,4.79178712319357e-10,1.09674739188212e-05,8.36797786934474e-05,-405.132353227687,0.140205963050989,0.118246247019035,1,0.545184039975216
"sinusoidal",200,"sir_laplace",26,1.794,3686.89469108561,3562.33058743017,100.221208523157,200.896263979703,6406.21459475644,1257.09673562176,6603.58287629722,3206.19928810208,2055.12524586712,1985.69152030667,55.8646647286272,111.982309910648,3570.91114534918,3680.92690986467,0.00509253871502582,0.00429081098678347,9.80524112373031e-06,0.00105442925053661,0.0113999424206487,3.64834062573276e-05,3.1362127508592e-05,3.67099248288748e-10,1.13480004161067e-05,7.52875815824704e-05,-386.618072779243,0.0764052758100546,0.0641281912684834,1,0.58177877402395
"sinusoidal",200,"sir_laplace",27,1.761,2917.82179639396,2711.48145216574,245.580957843466,248.272503072807,6889.22673833483,2994.7395056071,6333.03356578091,2024.68417270145,1656.91186620895,1539.73960940701,139.455399116108,140.98381775855,3912.11058394936,3596.27119010841,0.00369149663329845,0.00329118301936895,3.14036647461321e-06,0.0011295913342842,0.00726069764029239,3.51221236410886e-05,3.08307903818242e-05,3.76231776438427e-10,8.94971474139032e-06,7.14720297858267e-05,-388.839402782132,0.10424744452297,0.0752083492390325,1,0.546665705165207
"sinusoidal",200,"sir_laplace",28,2.044,3319.77979535816,2856.62516543154,186.612064735864,232.056415311099,6502.06682206237,2420.70049206059,5947.03163005002,2529.7486349057,1624.15841260184,1397.56612790193,91.2974876398554,113.530535866487,3181.0503043358,2909.50666832193,0.00392474781526977,0.00340469300862523,4.74940167766873e-06,0.00100891736583914,0.0081240201558876,3.74185419466857e-05,3.23305258689525e-05,4.69898324813985e-10,1.08761950049482e-05,7.39671784998488e-05,-385.679499794006,0.0761142163221091,0.0608204740777246,1,0.561923184147866
"sinusoidal",200,"sir_laplace",29,2.073,3430.65158187746,3397.20290008875,256.623370056639,253.198804645291,6812.17220867736,3690.67783369262,6202.78410095338,3122.25252544994,1654.92116829593,1638.78576945912,123.793232058195,122.141246813937,3286.14192410871,2992.17756920086,0.0035025733039346,0.0031486713081106,3.01575541067778e-06,0.000996727297199656,0.00681713554658939,3.54067107485638e-05,3.15426739700336e-05,3.01891851452161e-10,9.69599560957489e-06,6.90078116305557e-05,-393.361612954009,0.0690153361865741,0.0570379761243624,1,0.537891694617694
"sinusoidal",200,"sir_laplace",2,1.76,3661.3461625471,3555.77112001637,213.49106504154,199.974707912303,6565.71769952982,3533.99196776918,5905.2883851979,2009.95476146524,2080.31031962904,2020.3245000093,121.301741500875,113.62199313199,3730.5214201874,3355.27749158972,0.00372909358447783,0.00319311424566714,3.95609729925107e-06,0.00105294761654054,0.0075469329108294,3.62964696647249e-05,3.10553512347265e-05,4.4058066696363e-10,9.97772140459854e-06,7.66913111610816e-05,-399.540051120827,0.132418325756365,0.0982669708021924,0.94,0.536604378205522
"sinusoidal",200,"sir_laplace",30,1.859,3571.90672863734,3387.93560590341,202.57700454223,227.676373282912,6776.81121671337,3260.90271806664,6039.6769849276,3062.49223822134,1921.41297936382,1822.45056799538,108.970954568171,122.472497731529,3645.40678682807,3248.88487623862,0.00392627804471462,0.00346480596383331,3.83119808559597e-06,0.00118821048805153,0.00791955339587253,3.72593173954571e-05,3.2139908616307e-05,4.12123910763657e-10,1.04910623234933e-05,7.82905668241181e-05,-393.417315088058,0.0868365535691909,0.0650402454727089,1,0.550821830901342
"sinusoidal",200,"sir_laplace",31,2.049,2991.32954480347,2909.3103811449,254.786304424981,196.262446475786,6442.33534784761,3292.00130256075,5828.79781379561,2393.08458510498,1459.89728882551,1419.86841441918,124.346659065389,95.7845029164405,3144.13633374701,2844.70366705496,0.00425530425160685,0.0037550428035494,5.13610690843668e-06,0.00107952054105286,0.00880656597938279,3.8332134771051e-05,3.2440796812437e-05,4.85807706802078e-10,1.08796038161627e-05,7.93998569892875e-05,-381.84807644529,0.106124978152137,0.0830521232653604,1,0.5720682995985
"sinusoidal",200,"sir_laplace",32,1.773,3931.12576394598,3918.11337599853,216.221122748255,253.073450918239,6591.0468101646,3137.63466999228,6182.0824831297,3402.19842972134,2217.21701294189,2209.87782064215,121.952127889597,142.73742296573,3717.45448965854,3486.79215066537,0.0040490298842305,0.00349848879655881,5.22340753949065e-06,0.00103291483607321,0.00839029818248345,3.52101594382134e-05,3.04769611392742e-05,3.32556960771329e-10,9.91388849321501e-06,7.2642556948781e-05,-395.570067781554,0.118504566623682,0.0870892514548118,0.995,0.55068939284858
"sinusoidal",200,"sir_laplace",33,1.793,3282.45629870124,3226.26846769575,109.13455051757,207.662763330303,6485.55019293662,1965.1359575914,6138.48464007326,3142.46741024842,1830.70624578987,1799.36891672936,60.8670108854268,115.818607546181,3617.1501354917,3423.58317907042,0.00413022590824825,0.00351577426483815,6.41675204666124e-06,0.000960598185611058,0.0089242626332862,3.55200298900754e-05,3.09871714310314e-05,3.38222300134885e-10,1.04354619129305e-05,7.17994947680206e-05,-399.906012224619,0.075974373361853,0.0608387820586025,1,0.553807722015846
"sinusoidal",200,"sir_laplace",34,1.756,3721.82767065935,3301.5066433103,312.569808528291,202.305633319919,6687.59690079772,3621.55379866735,5736.15589245016,3017.2973346878,2119.49183978323,1880.12906794436,178.001029913605,115.208219430478,3808.42648109209,3266.60358339986,0.00340465592366945,0.00297708971284072,3.25109659762877e-06,0.00102610648590533,0.00689187586918994,3.50075431673977e-05,3.03412545787163e-05,3.52465657042767e-10,1.08344204591222e-05,7.23064132269864e-05,-384.717385118303,0.0993419012922069,0.0760309271366084,1,0.544956322531716
"sinusoidal",200,"sir_laplace",35,1.926,3268.35069831943,3216.98899037916,266.277104625362,266.467652919456,6445.14979940407,2906.56378809954,5642.36026669913,2069.12248659027,1696.96297939742,1670.29542594972,138.253948403615,138.352883135751,3346.39138079131,2929.57438561741,0.00377136297913399,0.00328585430619378,3.87396579034738e-06,0.00101951820386389,0.00759169000575177,3.66404804806026e-05,3.22984889997377e-05,3.60863131346785e-10,1.03129130772099e-05,7.34762815214211e-05,-390.263877937245,0.108464869673925,0.0909159983360649,1,0.549507834388275
"sinusoidal",200,"sir_laplace",36,2.163,2133.57235635981,1635.80596985471,199.305076362293,204.384100966454,6584.57987761974,1755.52902297353,5906.99330442015,1539.58153713475,986.394986759041,756.267207514891,92.1428924467375,94.491031422309,3044.18857032813,2730.92616940367,0.00423712969199462,0.00372022145266963,5.23118414576124e-06,0.00115739668772956,0.00860502185021843,4.09764410797353e-05,3.45621699111341e-05,5.42918709527384e-10,1.09165835400227e-05,8.91914859193492e-05,-390.563132753854,0.122003255225206,0.102484422904653,1,0.565654734100633
"sinusoidal",200,"sir_laplace",37,1.998,3398.08478946857,3125.30136008718,202.526802926956,147.761340339718,6497.85751553445,2305.41026844201,5697.2939722594,2616.26681984044,1700.74313787216,1564.21489493853,101.364766229708,73.9546247946537,3252.18093870593,2851.49848461432,0.00426003760161233,0.00374995528238222,5.35264331997691e-06,0.00100022113104299,0.00876554659188683,4.03900945261002e-05,3.51105515718231e-05,5.09147704577821e-10,1.13519207919633e-05,8.03199613267591e-05,-369.815386210605,0.172210573616039,0.139294510697055,0.99,0.588087861620665
"sinusoidal",200,"sir_laplace",38,1.757,3571.4640135604,3344.82902914181,210.644370856252,210.325062972096,6468.4721749729,2618.0528766168,5953.02882387682,3125.93267148949,2032.70575615276,1903.7160097563,119.888657288704,119.706922579451,3681.54363971139,3388.17804432375,0.00412341463147351,0.00360214990345845,5.17780183845188e-06,0.00101937889119529,0.00860093502655403,3.54808287914998e-05,3.09536756805543e-05,3.56782944595501e-10,9.94286733575889e-06,7.08203727450894e-05,-394.392511236276,0.101358474939542,0.0786341660206145,1,0.562340762010397
"sinusoidal",200,"sir_laplace",39,2.148,3274.42795392426,2929.89658899511,151.143612968394,152.981434969411,6082.88152301474,858.537791422513,5976.51417204179,2549.67699085433,1524.40779977852,1364.01144739065,70.3648105067013,71.2204073414389,2831.88152840537,2782.36227748687,0.00525779380134682,0.0042092268020409,1.41106842942753e-05,0.00100599468744115,0.0124703874041996,4.01644296216821e-05,3.37620924726008e-05,6.17542344986593e-10,1.15566713370081e-05,8.71715234443075e-05,-395.077845886372,0.0863991481076067,0.0692270061065064,1,0.5926691590302
"sinusoidal",200,"sir_laplace",3,1.766,3544.02465363458,3449.57066511118,188.33461099215,265.433197863508,6704.39186140439,3483.68181546208,5886.08008421641,2734.63240178442,2006.80897714302,1953.32427242989,106.644740086155,150.301924045021,3796.37138244869,3333.00118019049,0.00422101405261971,0.00369386617122663,5.6745061331246e-06,0.00104436922981137,0.0083888419752721,4.15990526946966e-05,3.72302178525267e-05,4.17702500024668e-10,1.23782278581893e-05,8.40883584977754e-05,-387.515762322949,0.148283060904258,0.126776131924788,1,0.564296876051504
"sinusoidal",200,"sir_laplace",40,1.814,2562.37251729444,2161.6059751796,248.079932780003,215.651418825271,6594.70979405213,2695.23395921105,6045.48321552353,1741.93308657425,1412.5537581557,1191.62402159846,136.758507596474,118.88170828295,3635.45192615884,3332.68093468772,0.00357375620231219,0.00313648586717031,3.3682428054301e-06,0.000936861309694111,0.00708198147842101,3.73579926608934e-05,3.22381432626788e-05,4.22949069033212e-10,1.03090780481328e-05,7.69498401032148e-05,-386.111211225489,0.175886740852132,0.129688450248645,0.875,0.552972756524552
"sinusoidal",200,"sir_laplace",41,2.082,3410.34150072587,3205.42842855451,248.758543131222,193.023201867069,6606.81777248737,2677.20574540638,5900.82288964253,1795.40421449661,1638.01224818726,1539.59098393588,119.480568266677,92.7104715980158,3173.30344499874,2834.20888071207,0.00363200259293522,0.00323270482075594,3.25713889038926e-06,0.00106574661167268,0.00720302516374818,3.74770199100689e-05,3.22749487385248e-05,4.64779060419281e-10,9.84550659911175e-06,7.5883230639552e-05,-381.075737142891,0.10194388770208,0.0884162044785445,1,0.543268567749029
"sinusoidal",200,"sir_laplace",42,1.784,4228.43898284975,4043.52214390346,183.357060666318,233.677088186432,6728.66479755522,2855.73931709141,6060.77091429952,3347.89067414283,2370.20122357049,2266.5482869414,102.77862144973,130.984914902709,3771.67309280001,3397.29311339659,0.00378719008760515,0.00331556651001756,4.04459973861627e-06,0.000918493149743343,0.00779757600718978,3.52980609933568e-05,3.08443335053708e-05,3.43315454445198e-10,1.03966280438284e-05,7.31506392336342e-05,-379.084530448751,0.104533810261344,0.086656260914531,1,0.555421005995769
"sinusoidal",200,"sir_laplace",43,1.858,4086.26204969251,3859.43622573518,251.480190574064,208.033116814431,6884.83001391631,4012.86615081965,6295.40736401035,3649.01126953078,2199.27989757401,2077.19926035262,135.349941105524,111.96615544372,3705.5059278344,3388.27091712075,0.00391375789078097,0.00348162453609722,3.72977341668928e-06,0.00118957236378668,0.00795471263262618,3.23721206240215e-05,2.79558559927207e-05,3.3907193422245e-10,9.72745584248263e-06,6.64508641189937e-05,-388.728781409826,0.103564522203356,0.07923148979082,1,0.549910440955892
"sinusoidal",200,"sir_laplace",44,1.761,3812.96837243515,3581.75491171073,205.034548371876,224.379592303922,6884.36890617885,3753.20226781763,6152.6396020019,3254.77828235166,2165.2290587366,2033.93237462279,116.43074864956,127.416009258332,3909.35201940877,3493.83282339688,0.00442661230610027,0.00373559959385621,6.64742514237513e-06,0.00123429273988218,0.0094828383184867,3.75545183774427e-05,3.11081494911887e-05,6.73152359334403e-10,1.0301890683548e-05,7.89410068834469e-05,-391.405039214541,0.0934371712125905,0.0725656231008888,1,0.570764064046998
"sinusoidal",200,"sir_laplace",45,1.797,3727.8978173043,3384.68877908218,141.518261135449,173.989665733954,5956.9547185561,1224.77663745686,5246.75063338189,899.556767829264,2074.51186271803,1883.52185814256,78.7525103703108,96.8222959009202,3314.94419507852,2919.72767578291,0.00540993054674699,0.00448895997051346,1.09893074770726e-05,0.00116014672338881,0.0122802795697546,4.38504520519932e-05,3.63187526051341e-05,7.82649479284374e-10,9.32745273871263e-06,9.78780214844615e-05,-392.157343746148,0.127198729911806,0.0922507036593948,1,0.598443519019675
"sinusoidal",200,"sir_laplace",46,1.755,2474.66611817764,2203.50924949163,246.737009007862,120.503528575892,6752.0485310818,2525.61440438374,6237.99225973394,1919.08540947802,1410.06616420378,1255.56082592115,140.590888323568,68.6629792455224,3847.32110033151,3554.41154400794,0.00415759897210344,0.00363444821330924,4.58718316277417e-06,0.00102045323407714,0.00852050566093753,3.87081609446663e-05,3.28781873501079e-05,4.86825980854119e-10,1.0361315167803e-05,8.52124939317394e-05,-395.773340587,0.093691552625773,0.0720123916683763,1,0.551856231666591
"sinusoidal",200,"sir_laplace",47,1.768,3590.01666376751,3497.38061983107,234.133015020792,175.656980075978,6737.75482419522,3077.05818394762,5987.89289062785,2505.14177911964,2030.55241163321,1978.15645918047,132.428175916737,99.3534955180873,3810.94729875295,3386.81724583023,0.00421071856249173,0.0035599283371505,6.3398354570524e-06,0.000945994727715571,0.00909870094687126,3.72097827122724e-05,3.18450055583961e-05,4.15403766221073e-10,1.01114871452735e-05,7.95101505719121e-05,-413.110827481512,0.154427403051254,0.126606728115312,0.935,0.549465940752532
"sinusoidal",200,"sir_laplace",48,1.776,3381.27059681291,3118.61723025808,233.841344132134,209.792162873947,6660.54429520704,3610.31761832554,6035.94899476527,3023.15754168287,1903.86857928655,1755.97817019036,131.667423497823,118.12621783443,3750.30647252649,3398.61992948495,0.00347172368567481,0.00305024122783501,3.28227604065941e-06,0.000995446981751069,0.00702304755475596,3.56464118384614e-05,3.10837164333154e-05,3.39446344228409e-10,1.13525530431239e-05,7.25359223350304e-05,-389.449753536441,0.0884954852900642,0.0719461497951864,1,0.538470857143116
"sinusoidal",200,"sir_laplace",49,1.958,2779.80887831479,2627.81087304937,298.238415749005,262.46843412717,6425.5521976947,3106.95947366827,5350.02614345781,2296.81781159592,1419.71852825066,1342.08931207833,152.317883426458,134.049251341762,3281.69162292886,2732.39333169449,0.00349358630852252,0.00311383684872506,2.95522071520615e-06,0.00107066337001917,0.00697004288645018,3.7761324372094e-05,3.33120273428603e-05,3.96691062407303e-10,1.04480568608101e-05,7.80811086761014e-05,-388.098592444013,0.163585088604308,0.128122178033934,0.94,0.540027267346368
"sinusoidal",200,"sir_laplace",4,1.749,4156.54434481412,4333.85334430369,203.572022676581,203.34290941415,6519.26853144782,2887.95684666923,5367.72890807256,1833.41159605446,2376.52621201494,2477.90357021366,116.393380604106,116.262383884591,3727.42626154821,3069.02739169386,0.00510834532534544,0.00445316540038424,7.86141551231874e-06,0.00127320637368514,0.011039087992421,4.41235341173515e-05,3.67823893849295e-05,7.35508904623391e-10,1.08812661156505e-05,9.46837883713551e-05,-390.787377726421,0.10949504583801,0.0909093323057987,1,0.579550665923978
"sinusoidal",200,"sir_laplace",50,1.759,3659.42566962058,3592.62316620412,231.730005589784,283.51815657421,6825.88884801556,3021.49366793452,6153.7223721185,3283.28146828827,2080.4011765893,2042.4236305879,131.73962796463,161.181442054696,3880.5507947786,3498.42090512706,0.00360590446609917,0.00315430798642574,3.57746057440477e-06,0.000964841686546812,0.00739134821795866,3.48138214522873e-05,3.08867447108118e-05,2.81997261589438e-10,1.11997686486491e-05,6.67190156290677e-05,-393.997150007211,0.0892138996392953,0.0719344755773453,1,0.534907129436172
"sinusoidal",200,"sir_laplace",51,1.765,3646.61919779039,3577.05531948739,177.723555698933,199.183137935506,6502.29577592832,2636.77347402759,5532.11866499034,1879.47178493254,2066.07319988124,2026.66023766991,100.693232690613,112.851636224083,3684.02026964777,3134.34485268575,0.00417454391474878,0.00361717679058509,5.23559398913505e-06,0.000990873280446474,0.00873583406791698,3.89865665119916e-05,3.286051592652e-05,8.26233873095138e-10,1.10886392280269e-05,8.2165354365813e-05,-392.720978901351,0.114003623109025,0.100456194349045,1,0.572789639811784
"sinusoidal",200,"sir_laplace",52,2.042,3647.47922184277,3443.72772828527,142.040586026293,223.827104633126,6277.08624735122,1212.06106732185,5872.42961936337,2439.84623180214,1786.22880599548,1686.44844676066,69.5595426181651,109.611706480473,3073.98934738062,2875.82253641693,0.00496632395716935,0.00421296735130374,8.67247055034744e-06,0.00120517743172629,0.0109581676922342,4.23128389358409e-05,3.6537957180418e-05,5.38878841980189e-10,1.15824524621076e-05,8.71359740639307e-05,-394.75805342744,0.108032478431483,0.0888600871924351,1,0.587052677984481
"sinusoidal",200,"sir_laplace",53,1.806,2983.11048345405,3044.67012976356,171.809867350145,196.290718395262,6652.38846193317,3112.84259161015,5905.93634823587,2013.1976633101,1651.77767633115,1685.86385922678,95.1328169159161,108.688105423733,3683.49305754882,3270.17516513614,0.00415933947978495,0.00354548474136483,5.69143576706182e-06,0.00104663347536949,0.00885754602182452,3.67396355585639e-05,3.14398439150352e-05,4.85485807408409e-10,8.88116150359789e-06,7.63691121027861e-05,-393.921010692439,0.0618277170763436,0.0455638641854949,1,0.560161488426757
"sinusoidal",200,"sir_laplace",54,1.761,2989.92756081947,3016.88835138788,215.365527402061,282.084243944185,6803.91290364888,2466.90486172634,6076.2728751023,2654.76333376542,1697.85778581458,1713.16771799425,122.297289836491,160.184124897323,3863.66434051612,3450.46727717337,0.00393531890619607,0.00338276576947183,5.03052036890868e-06,0.00101951519737317,0.00791862236416459,3.52306721973859e-05,3.1328802541992e-05,2.9599052345582e-10,1.13701732242978e-05,7.00381193516924e-05,-390.727839244495,0.075870340222379,0.0656784223849288,1,0.546759184083906
"sinusoidal",200,"sir_laplace",55,1.76,3931.20834940563,3750.69201305806,227.342538080936,259.723074615782,6946.50818609787,3277.92301233964,6442.60863077868,3406.43640912872,2233.64110761684,2131.07500741935,129.171896636895,147.569928758967,3946.87965119197,3660.5730856697,0.00399644967111945,0.00353905938860962,4.28111110365747e-06,0.00111606681053408,0.00802657494025201,3.40580610664774e-05,2.98916721246576e-05,2.92742330131159e-10,1.15771888522537e-05,6.85795392554866e-05,-385.280020122707,0.0759389583061262,0.0637315895148099,1,0.552032384973946
"sinusoidal",200,"sir_laplace",56,1.969,3663.10346223976,3466.08701043168,196.649608668247,205.340984884099,6573.62125338418,2885.32959694104,6098.72837263257,3316.3099387663,1860.38774110704,1760.32859849247,99.8728332494908,104.286940012239,3338.5582800326,3097.3734751816,0.00365694067599483,0.00315939195948744,4.04621079276587e-06,0.0010367470455433,0.00769871904714574,3.37909004927802e-05,2.8904036134319e-05,4.14764192170119e-10,9.02074099868934e-06,6.98526532736167e-05,-405.749204876448,0.061062623113151,0.0516040551198305,1,0.541606984906738
"sinusoidal",200,"sir_laplace",57,1.878,2792.22069114645,2990.72066039316,231.58463381288,205.286866705492,6613.82983827982,2841.39662025187,5713.50342633019,2624.68988686807,1486.80547984369,1592.50301405386,123.314501497806,109.311430620603,3521.74112794453,3042.33409282758,0.00373891409125756,0.0032926815952781,4.05428410626973e-06,0.00105384218439705,0.00730554385403942,3.82613173756467e-05,3.3015452175498e-05,4.03515095390631e-10,1.10270361478807e-05,7.80673727670337e-05,-390.123750775112,0.108030574488778,0.0770982048809983,0.995,0.557389947944365
"sinusoidal",200,"sir_laplace",58,1.824,3439.13756101017,3268.22857028531,295.570977993396,213.768202956929,6796.86832263163,3117.50151389592,5981.76287201233,2136.02439651426,1885.49208388716,1791.79197932309,162.045492320941,117.197479691299,3726.35324705682,3279.47525877869,0.0034796031192206,0.00308729418701064,2.95458766056137e-06,0.00101841587876169,0.00703270790552496,3.55051031037558e-05,3.03615103241374e-05,4.21003568368768e-10,9.44571581340653e-06,7.42643323868551e-05,-373.803101366901,0.0720054568457104,0.0590050902583162,1,0.548681987171396
"sinusoidal",200,"sir_laplace",59,1.753,4260.34380002149,4008.23854160452,199.66739346045,223.615765918797,6681.6778279853,3085.82068432351,6141.75229966057,3099.67590442718,2430.31591558556,2286.50230553595,113.900395584968,127.561760364402,3811.56750027684,3503.566628443,0.00437125968733536,0.00384693875427695,5.65470678331698e-06,0.000827877746382459,0.00904507098287595,3.31758662075171e-05,2.95053577089692e-05,2.69880047155095e-10,1.03020279707629e-05,6.7121128583945e-05,-399.898205331718,0.088286006170731,0.0694702240011696,0.995,0.558970075224588
"sinusoidal",200,"sir_laplace",5,1.756,4064.99166965922,3844.15631895365,231.863809534595,182.013365246141,6876.06994784327,3334.68196979756,6056.03234875938,3060.65557442217,2314.91552941869,2189.15507913078,132.040893812412,103.652258112837,3915.75737348705,3448.76557446434,0.00378526481149078,0.00328679746432335,3.90323748072487e-06,0.00112790944195313,0.00794539752402583,3.39251056364691e-05,2.90724622321971e-05,3.73164701124584e-10,1.04246702003199e-05,7.15530073955849e-05,-391.764827243488,0.101222200691207,0.0695090522383374,0.965,0.537782255202366
"sinusoidal",200,"sir_laplace",60,1.756,3384.7968896502,3312.8315262662,228.31751524401,209.770774815599,6686.43742132812,3071.91030002019,5998.18391179452,1999.02862486123,1927.5608710992,1886.57831791925,130.021364034174,119.459438961048,3807.76618526658,3415.82227323151,0.00385503417704469,0.00329153406090665,4.46805406134736e-06,0.00111638382924647,0.00828775188803493,3.78657514205246e-05,3.24509096276629e-05,4.81884525144705e-10,1.07645113303593e-05,7.92500353123554e-05,-384.762027984708,0.0994433724456979,0.07563431456174,1,0.561365488892546
"sinusoidal",200,"sir_laplace",61,2.001,2333.05415852688,1887.47598168177,198.750793381013,297.581386386514,6486.6642634165,2388.03413629066,5913.63778400326,1525.95591986141,1165.94410720983,943.266357662053,99.3257338235947,148.716335025744,3241.71127607022,2955.34122139093,0.00395741144313262,0.00338751127159853,5.2560708423059e-06,0.00118511058753634,0.00836888854782467,3.79315521421215e-05,3.35039673682159e-05,3.61328152111693e-10,1.12253278019323e-05,7.50399437368007e-05,-387.470659658629,0.1324663438751,0.105171497038734,0.975,0.565195114240829
"sinusoidal",200,"sir_laplace",62,1.761,3501.95678809566,3594.22205732817,230.133328149084,264.076017260725,6663.25873575059,2992.56851369307,5551.26063069702,2612.3588054834,1988.61827830531,2041.01195759691,130.68332092509,149.957988223013,3783.79258134616,3152.33425933959,0.00375617304382092,0.00323293253344403,4.51365110151729e-06,0.000980901063308403,0.00767015372202943,3.75701200083076e-05,3.25704484702236e-05,3.88778830875914e-10,9.64186061871903e-06,7.78197814172339e-05,-389.560774251644,0.0838196753078019,0.0689772619800727,1,0.552559770020058
"sinusoidal",200,"sir_laplace",63,1.767,3569.01955275822,3399.57356378612,203.94975868305,228.254206037828,6235.77607488489,2309.94722338016,5442.14136285497,2531.91442625229,2019.81864898598,1923.9239183849,115.421481993803,129.176121130633,3529.01871810124,3079.87626647141,0.00459409384901669,0.00399585569150578,6.90938321461522e-06,0.00107371566445098,0.00961250273907231,3.76377144562539e-05,3.22462219104593e-05,4.99760193611917e-10,9.41837578775192e-06,7.74240395975012e-05,-392.10125840788,0.107524713879244,0.0907942854405726,1,0.582284479429483
"sinusoidal",200,"sir_laplace",64,2.555,3604.06289641756,3835.27093175483,177.539656827763,205.405077789718,6571.92983315994,3108.20362505926,5900.61813545981,2123.1652396232,1410.59213167028,1501.08451340698,69.4871455294572,80.3933768257212,2572.18388773383,2309.43958335022,0.00411287189015596,0.00358176935367853,5.06560163562999e-06,0.00117685280832752,0.00836837897900461,3.43651626512956e-05,2.84431252878277e-05,4.01969059388247e-10,1.06103703969356e-05,7.63147155066791e-05,-383.435873562357,0.102801108665183,0.077099982471014,1,0.554200955027336
"sinusoidal",200,"sir_laplace",65,2.154,3936.86438428044,3675.97390133642,155.965946652474,229.103973161334,6271.28410545996,2215.47690644235,5605.63841694503,1685.01572701516,1827.69934274858,1706.58026988692,72.4075889751506,106.362104531724,2911.45965898791,2602.43194844245,0.0048174498202263,0.00408090663690237,8.54657099417243e-06,0.00114904892970196,0.0103951234670773,3.89631004059301e-05,3.28733667289089e-05,4.86424658619476e-10,1.19236862864112e-05,8.40128665825767e-05,-390.562405601263,0.106253033604682,0.0866336137502037,1,0.582584353398721
"sinusoidal",200,"sir_laplace",66,1.787,3885.82960859295,3762.47956610952,197.59407426839,215.253345255488,6266.51182861047,2205.27891564318,5941.62183617708,3414.18181542213,2174.49894157412,2105.47261673728,110.573068980633,120.455145638214,3506.72178433714,3324.91428997039,0.00495758355689381,0.00412538836132423,9.19997912533745e-06,0.00119202732517768,0.0112244649828564,3.81581133035254e-05,3.27231488413098e-05,4.68632186408628e-10,8.91012810348266e-06,7.8119318306894e-05,-396.996570588214,0.102623082281858,0.0829939064002505,0.97,0.574016471623076
"sinusoidal",200,"sir_laplace",67,1.747,3849.53803097856,3884.49648117374,221.195954639579,187.5484768745,6711.51488542665,2674.60569896361,6111.4064026458,3343.59378437098,2203.5134693638,2223.52403043717,126.614742209261,107.354594661992,3841.73719829803,3498.2291944166,0.00435675810130538,0.00369627405565212,6.51032337951277e-06,0.000983918873586253,0.00925735412424797,3.48096746262231e-05,3.04947489977299e-05,3.32725124328528e-10,1.06335081882148e-05,7.14220690158315e-05,-401.379456527226,0.0999883442379926,0.082102123593459,1,0.555766696141727
"sinusoidal",200,"sir_laplace",68,1.884,2277.8117249115,2286.7202584579,261.691095129485,197.15750084881,6594.17983840367,2412.80652009059,5643.69347264136,1635.12915002385,1209.0295779785,1213.75809896916,138.90185516427,104.648355015292,3500.09545562827,2995.59101520242,0.00330986297419872,0.00292232570828451,2.59690714910876e-06,0.00109396676812606,0.00656605240162417,3.75432198576913e-05,3.20557092200922e-05,3.93714454596946e-10,1.11648578802901e-05,7.58547050323452e-05,-386.190495534806,0.0894397325855474,0.0582605814315077,1,0.545345396613285
"sinusoidal",200,"sir_laplace",69,1.759,3681.51534617586,3421.40037909319,77.3002196543762,231.505867860684,6595.71550957448,2986.91922339216,6052.82866615616,3284.55276988301,2092.95926445473,1945.08264871699,43.9455484106744,131.612204582538,3749.69613961028,3441.06234573971,0.00422837435844545,0.00371685016043744,4.92714743044166e-06,0.00115120232076594,0.00856116168408123,3.44288003839544e-05,3.02325998308964e-05,2.99520338867713e-10,1.07749883361407e-05,6.80660353504259e-05,-388.458494325508,0.126076428638713,0.102279629583316,0.995,0.570162386496268
"sinusoidal",200,"sir_laplace",6,1.803,3411.93874023411,3083.08843821223,235.136152590739,192.829129313704,6668.48708042716,3264.49182397752,5621.97162474609,1688.62236040822,1892.36757639163,1709.97694853701,130.413839484603,106.949045653746,3698.55079335949,3118.12070146761,0.00385680623912947,0.00340957865797919,3.74069288257759e-06,0.0011773117242574,0.0077572976733435,4.11642241137959e-05,3.4610377649289e-05,5.75299857015865e-10,1.07014473635178e-05,8.97225492257985e-05,-395.079071819355,0.13882039573921,0.106544944731241,0.945,0.554410136414565
"sinusoidal",200,"sir_laplace",70,2.122,3479.72322385247,3444.03499122738,302.798064828124,281.794215383678,6582.20270556012,3330.15249826493,5799.83660004787,2860.23839142116,1639.83186797949,1623.01366221837,142.69465826019,132.796519973458,3101.88628914238,2733.19349672378,0.00330784783967641,0.00297896229923571,2.52700997455762e-06,0.00103666361531044,0.00658970810572935,3.34581553313951e-05,3.00766957652382e-05,2.59582502650195e-10,1.01610373713623e-05,6.41881952780719e-05,-392.720620526066,0.12118419616257,0.0995667768659095,1,0.546460904234709
"sinusoidal",200,"sir_laplace",71,1.907,2906.08869660825,2261.2243602865,222.259218581883,213.094667499302,6420.5847279636,2182.38251543551,5785.71784181655,1640.35001214519,1523.9059761973,1185.74953344861,116.549144510689,111.743401939854,3366.8509323354,3033.93699098928,0.00442252109355864,0.00376802702646843,5.98039551693567e-06,0.00117340625600336,0.00948254658002024,3.77144314062911e-05,3.17400597745824e-05,5.95320533874075e-10,1.0382489980035e-05,7.83058280354148e-05,-398.439311357688,0.11793066458492,0.0920317564612485,0.93,0.566941938162437
"sinusoidal",200,"sir_laplace",72,2.079,2650.74778014243,2528.28128996409,158.98265261949,168.511613549635,6510.87710875499,2800.72074880621,6026.37064470731,2173.64821091258,1275.01095725947,1216.10451657724,76.4707323807071,81.0541671715416,3131.73502104617,2898.68717879139,0.00368903242723835,0.00309730298500999,4.87710570167951e-06,0.000908016891256231,0.00798920959133215,3.69657843177987e-05,3.18533385021743e-05,4.19500295858436e-10,1.11782739674082e-05,7.70597323866552e-05,-394.829628457453,0.0543918777348644,0.04313226383874,1,0.549321400511755
"sinusoidal",200,"sir_laplace",73,2.539,3446.43545882732,3271.17962757621,210.96184950905,196.364386088242,6325.58251775674,2748.14835490214,5765.34971256148,1861.52611259114,1357.39876283077,1288.37322866334,83.0885582942301,77.339261948894,2491.36767142841,2270.7167044354,0.00392472758823304,0.0033562655072616,5.02907794578749e-06,0.00114833989936317,0.00801472844533522,4.4048784111901e-05,3.70134937787699e-05,7.32442311263757e-10,1.16575926553519e-05,9.39243049885349e-05,-386.401321672673,0.128042448291717,0.093656910912556,0.995,0.561258443760877
"sinusoidal",200,"sir_laplace",74,1.851,2968.04201851642,3269.62778062782,262.166481573082,248.766222022845,6606.48761978992,3234.92483297569,5841.32368167663,2687.60192761122,1603.4802909327,1766.41155085242,141.635052173464,134.395581859992,3569.14512144242,3155.76644066809,0.00345826406844789,0.00301732711510618,3.58797722996901e-06,0.000974286080262741,0.00694741624353811,3.66224949321869e-05,3.1961213441353e-05,3.79873481230059e-10,1.05577381998118e-05,7.53199375236385e-05,-402.601707862345,0.0611100435031981,0.0462289339233592,1,0.545366923114022
"sinusoidal",200,"sir_laplace",75,1.978,4146.3066798444,3741.23886257797,196.775485174805,214.761204297896,6523.55970596543,2411.64046998066,6069.49349288638,1753.02949894758,2096.21166827321,1891.42510747117,99.4820450833191,108.574926338673,3298.05849644359,3068.50024918422,0.00425211301569724,0.00357990012202162,5.92717956617884e-06,0.00106726403416431,0.00921224571422266,3.65074624327499e-05,3.14827355208295e-05,4.46555899716618e-10,1.03094317802403e-05,7.78310916619745e-05,-396.629726070226,0.0760739194131753,0.0635107560764915,1,0.561169989127918
"sinusoidal",200,"sir_laplace",76,1.791,4109.76698794422,3925.20474638265,198.793425337115,224.569672975336,6840.34556324804,3258.45628547262,6185.18902090502,2740.86226747031,2294.6772685339,2191.62744074966,110.99577070749,125.387868774615,3819.2884216907,3453.48354042715,0.00442094176765627,0.00389423235780603,5.63886158041639e-06,0.00115669968149911,0.00895680729764898,3.72686978351913e-05,3.23930633512158e-05,4.01667436808756e-10,1.10240478589546e-05,7.59931705495479e-05,-398.356869800292,0.104320337999835,0.0874234933965189,1,0.568197668936504
"sinusoidal",200,"sir_laplace",77,2.046,3568.92154436256,3611.33196616972,233.051681149524,207.351568906646,6700.33543845525,3724.93485354403,6215.4318793785,3146.23407416827,1744.34093077349,1765.06938717972,113.906002516874,101.344852838048,3274.84625535447,3037.84549334237,0.00365902197475768,0.00318589969253824,4.28234499356518e-06,0.000935025805940769,0.00745065272791685,3.84470756914456e-05,3.22694296266632e-05,6.30043949810448e-10,9.25883237568652e-06,7.98675842530478e-05,-385.198645353495,0.0729651343963023,0.0589894939166479,1,0.551863596418523
"sinusoidal",200,"sir_laplace",78,1.817,3732.11470344293,3487.76788444342,230.02274382351,212.937158149721,6853.47561969895,2240.78243085089,6063.29978827913,3155.4242149868,2053.99818571432,1919.52002445978,126.594795720148,117.191611529841,3771.86330198071,3336.98392310354,0.00445796239257873,0.00393762906843932,5.05787054737032e-06,0.00124262406521679,0.00880063468099288,4.07383386013927e-05,3.50302039199635e-05,5.81716293144764e-10,1.17843258627201e-05,8.58460986466578e-05,-388.015515649581,0.10628782018094,0.0811877876626517,1,0.57276380372814
"sinusoidal",200,"sir_laplace",79,1.753,3543.47668080421,2954.11051606809,297.416430673215,222.93738875905,6829.61627189585,3423.84097121732,6012.2470484516,2976.01641043649,2021.37859715015,1685.17428184146,169.661397988143,127.174779668597,3895.95908265593,3429.69027293303,0.00352887606536391,0.00318767679719324,2.79395506231099e-06,0.00111484523304746,0.00677208021128242,3.4235882372774e-05,2.94208270123456e-05,3.89917616777459e-10,1.02099630109171e-05,7.13024466557054e-05,-385.663034316983,0.120259884498778,0.0971513018409371,1,0.543502354098847
"sinusoidal",200,"sir_laplace",7,1.808,3444.25061793213,2850.86136551804,187.630766190234,214.071925919798,6649.86930477244,3399.80538372202,5645.86028944197,2776.15387378857,1905.00587275007,1576.80385260954,103.778078645041,118.402613893694,3678.02505794936,3122.71033708074,0.00355746536286813,0.00308064002695923,3.36660445123176e-06,0.00104983743685427,0.00736992345299696,3.82269606556496e-05,3.26649040669607e-05,4.78985377702771e-10,1.12031380513958e-05,7.86636191331326e-05,-389.502303449511,0.0862159222766439,0.06798664170456,1,0.544069849118294
"sinusoidal",200,"sir_laplace",80,1.759,2099.33489287566,1550.81874382595,211.523608589155,182.497713240635,6553.33968476915,2333.81815618256,5689.7709986644,1444.32937679175,1193.48203119708,881.647949872629,120.25219362658,103.750831859372,3725.60527843613,3234.66230737032,0.00395304331012465,0.0034740887821525,4.24141199483064e-06,0.00103808545277203,0.00798455021681875,3.96453511728829e-05,3.38849565896887e-05,5.44040147753076e-10,1.12094196648797e-05,8.22584687321027e-05,-388.667547717174,0.106687160364001,0.0885356736593408,1,0.560636942564084
"sinusoidal",200,"sir_laplace",81,1.892,3482.95844565357,3080.82445434247,238.736233113825,272.502487956668,6531.78130213496,2209.74852753551,6202.43618017596,2895.24297547374,1840.88712772387,1628.34273485331,126.181941392085,144.028799131431,3452.31569880283,3278.24322419448,0.0040491155770119,0.00343765926198815,6.08885091570263e-06,0.00104897142739503,0.00859617321780397,3.46384891363024e-05,3.02529606250621e-05,3.0572910609597e-10,9.43469911387056e-06,7.04163378608644e-05,-387.189324833103,0.0966850980576994,0.0767530590793172,1,0.557208470492969
"sinusoidal",200,"sir_laplace",82,2.094,3550.02210630148,3531.23454945388,238.696915597704,198.859295430492,6616.09478563798,2207.95979899482,5743.56281435808,2121.16797561288,1695.33051876862,1686.35842858351,113.990886149811,94.9662346850487,3159.54860823208,2742.86667352344,0.00392084685819798,0.00349174653399171,3.72719723635251e-06,0.00111528974314808,0.00774511268767201,3.78694533184028e-05,3.13256200118414e-05,5.69835014320966e-10,9.06696333636755e-06,8.49763425419895e-05,-378.856526861862,0.120290775500032,0.092352604116579,0.975,0.550790701486718
"sinusoidal",200,"sir_laplace",83,2.108,3030.75950584433,2976.27060245641,228.17436133384,233.690398152409,6737.45239062344,3036.05318226501,5987.01695689968,2649.90312692118,1437.74170106467,1411.89307516908,108.242106894611,110.858822652945,3196.13491016292,2840.14087139453,0.00375961922575684,0.00320718048431522,4.48527233325121e-06,0.00111390392531905,0.00800562345842,3.50576303430795e-05,3.01531756058561e-05,3.71302584532282e-10,9.15640212413057e-06,7.37615672071736e-05,-383.982475971353,0.0686011457648856,0.0572283048281175,1,0.546611054543139
"sinusoidal",200,"sir_laplace",84,1.758,3432.20496383593,2945.11091467159,159.874381872102,287.09526745366,6748.60962420068,3629.96291080239,6171.68787504375,2858.28532615331,1952.33501924683,1675.26218126939,90.9410590853822,163.307888198896,3838.79955870346,3510.63019058234,0.00365256103381914,0.0031849284949037,3.65378353853652e-06,0.0010074975517755,0.0073159825429639,3.37282821087494e-05,3.00407740265758e-05,2.76721481564917e-10,1.13950954429469e-05,6.70516873307613e-05,-394.941493142131,0.10907386127467,0.0968207662147958,1,0.53614117988712
"sinusoidal",200,"sir_laplace",85,2.078,2767.41608916704,2482.94754897456,200.013487548844,182.214382662417,6642.06313598974,2456.0872859193,5872.25595783262,2158.91564703884,1331.7690515722,1194.87370018025,96.2528813998285,87.6873833794116,3196.3730202068,2825.91720781165,0.00432304066333561,0.00374128485174202,5.86536171341849e-06,0.00112402952380091,0.00915733341914821,3.94872558843026e-05,3.30814768965972e-05,6.09525387422106e-10,9.50269310854417e-06,8.4513678201505e-05,-381.542954775561,0.083628336671258,0.0698114308932967,1,0.569837435290641
"sinusoidal",200,"sir_laplace",86,1.852,2537.43571263488,1965.92822935348,126.596964178755,206.109321129765,6498.81394019943,1496.19411039499,5844.1979970669,1318.39778723075,1370.10567636872,1061.51632254508,68.3568921051595,111.290130199657,3509.07880140358,3155.61446925859,0.00537449029855436,0.00447810345854543,1.28454748986564e-05,0.00107950994344916,0.0116584779340393,4.05880963575449e-05,3.40590221975293e-05,7.21271074862333e-10,1.13637458170144e-05,8.42877336622891e-05,-406.847256467315,0.120639699126999,0.102504859136119,0.97,0.579914077343953
"sinusoidal",200,"sir_laplace",87,1.79,3562.90993044444,3467.83929268544,204.123733562754,234.849167540005,6636.85738036058,3137.85902290817,6097.16378874904,3333.93820230323,1990.45247510862,1937.3403869751,114.035605342321,131.200652256986,3707.74155327407,3406.23675349108,0.00382701934921641,0.00330443083429748,5.05133919459001e-06,0.00104123035015322,0.00759074085888309,3.5431275160929e-05,3.1005237086658e-05,3.46651663967477e-10,1.07333456251641e-05,7.18849145218372e-05,-400.477102190671,0.0778314567514602,0.0596251171227243,1,0.548689128502892
"sinusoidal",200,"sir_laplace",88,1.991,3548.52648550075,3435.0024437545,218.764616075636,283.448063047891,6851.94771421982,3425.72911230694,6158.73997394162,2763.13217794495,1782.283518584,1725.26491399021,109.876753428245,142.364672550422,3441.46042904059,3093.28979103044,0.00395996493602092,0.00345471299187905,4.26777560515558e-06,0.00104031145529814,0.00811126606109772,3.54226594494938e-05,3.07509863358569e-05,3.61879344525366e-10,1.06172847182251e-05,7.26449665861766e-05,-396.32179993881,0.07614443261432,0.0594164893429003,1,0.550220337971272
"sinusoidal",200,"sir_laplace",89,1.754,2868.60679297446,3107.1621654855,142.8399941142,271.292789911442,6712.5781661417,2165.20547078212,6088.21738297302,2816.65046249404,1635.46567444382,1771.47215820154,81.4367127218931,154.670917851449,3827.01149723016,3471.04753875315,0.00429780483366846,0.00368964078676671,5.54026298394265e-06,0.00118385842112595,0.00912110305137454,4.0883346195868e-05,3.58898577781439e-05,4.34392877063237e-10,1.28300779269792e-05,8.18545136451279e-05,-388.302609308474,0.109165584001977,0.0922945269981043,1,0.573442030561009
"sinusoidal",200,"sir_laplace",8,1.865,3529.29661004069,3418.79698681878,242.173495179269,191.077535796932,6785.61368727975,2776.58938411502,6052.8221112072,2687.94893695333,1892.38424130868,1833.13511357576,129.851740042503,102.454442786559,3638.39875993552,3245.48102477598,0.00398188562629958,0.00348610124637526,4.76303365789073e-06,0.001112985823954,0.00811648579168709,3.44251605739255e-05,2.9876823930754e-05,3.2678564719142e-10,1.09056439770245e-05,7.05056149349273e-05,-406.286843215292,0.111890739114229,0.0952031868816552,1,0.544719697648094
"sinusoidal",200,"sir_laplace",90,1.776,3608.49042300352,3301.98770552787,217.526061809979,212.582340207431,6240.95976367949,2314.54330551369,5514.69262526648,1666.44660823696,2031.80767061009,1859.2273116711,122.480890658772,119.69726363031,3514.0539209907,3105.11972143383,0.00405587381365094,0.00348315389512438,5.25578098108793e-06,0.0010189016171752,0.00888790296705958,3.8915743588547e-05,3.28770581419055e-05,6.23977227680909e-10,8.9421684983027e-06,8.28905550577694e-05,-396.301480925885,0.11672516086211,0.0938572093390909,1,0.560790920003419
"sinusoidal",200,"sir_laplace",91,1.876,2474.92610786492,2251.517477622,171.640570015588,231.133296725462,6431.6310879499,2263.14632784372,5695.75539346825,964.924564401462,1319.25698713482,1200.16923114179,91.4928411596953,123.20538204982,3428.37478035709,3036.11694747775,0.00448642400532911,0.00385307419267942,6.1546528039681e-06,0.00122527674832249,0.00939869548460589,4.23056660782604e-05,3.57183339755945e-05,5.93697474190905e-10,1.04325121181021e-05,9.0665742516156e-05,-385.221400090597,0.0939705495492165,0.0787894238753827,1,0.569549618659039
"sinusoidal",200,"sir_laplace",92,1.815,3198.84724545643,3052.27471478736,214.081475250139,236.353044054814,6668.97609787834,3323.57665174545,6121.22804410444,2949.06858151771,1762.45027297875,1681.69405773408,117.951226033134,130.222062840118,3674.36699607622,3372.57743476829,0.00353835878508928,0.00310258138336884,3.51035511148712e-06,0.000976732175021314,0.00718912642189592,3.76385859952816e-05,3.21835761643078e-05,4.35894952113225e-10,1.14397781370624e-05,7.92692504695022e-05,-391.280973304627,0.107171328083361,0.085601810096717,1,0.557415106468181
"sinusoidal",200,"sir_laplace",93,1.929,4436.44417368389,4212.01327096967,155.638765083375,221.684423356185,6251.06511492665,1375.90542566218,6021.03586615633,2400.54038048689,2299.86737878895,2183.52165420927,80.6836521945958,114.921940568266,3240.5728952445,3121.32496949525,0.00524841011130841,0.00449470114775422,9.07379252276735e-06,0.00126119658893956,0.0110974559979702,4.27635648629936e-05,3.676750869595e-05,6.58937509042942e-10,1.32033602542741e-05,8.53707198630398e-05,-385.332701440766,0.161314351761827,0.119157462426382,0.97,0.59350784642668
"sinusoidal",200,"sir_laplace",94,1.756,3173.78272771372,3233.44500658797,123.748604723176,149.892856032999,6447.32013848996,2619.23085784365,5198.66563731788,1896.24391425785,1807.39335291214,1841.36959372891,70.471870571285,85.3603963741452,3671.59461189633,2960.5157387915,0.00447342243293572,0.00386619725469493,7.05687940561704e-06,0.00105638561654496,0.00957895518463359,3.95194372344591e-05,3.44649974049088e-05,4.53424866622125e-10,1.12162209820435e-05,8.30011259827824e-05,-394.447942625075,0.103419415970815,0.0835265310919094,1,0.570827071318035
"sinusoidal",200,"sir_laplace",95,1.829,3243.11376577596,3289.73440531864,226.114872268238,217.822430323636,6432.06278953785,3109.15381179776,5401.73112194727,2518.77443688844,1773.16225575504,1798.65194385929,123.627595553985,119.093728990506,3516.71010909669,2953.37950899249,0.00347407231397305,0.00307577971677296,3.01402464486356e-06,0.00110378837699421,0.00674320190116835,3.92976256727443e-05,3.37992481676496e-05,4.95369536675924e-10,1.13622167918855e-05,8.0836264799713e-05,-368.442679803361,0.159382826743371,0.137674308178729,0.945,0.559803371338237
"sinusoidal",200,"sir_laplace",96,2.089,4665.8926253119,4473.55419394853,161.350818044589,263.940196768282,6176.93105116924,1497.73182373862,6641.33190216913,3733.93957138833,2233.55319545807,2141.48118427407,77.2383044732356,126.347628898172,2956.88417959275,3179.19191104315,0.0058680751548706,0.00511845745921601,1.19279691041995e-05,0.00139916872936675,0.0122321798239785,3.58920416938246e-05,3.09991515278127e-05,4.20783070806836e-10,1.06281736716417e-05,7.3012014426239e-05,-408.963545136132,0.117801020882163,0.0923970823684761,1,0.590183533267708
"sinusoidal",200,"sir_laplace",97,1.752,3056.14310288941,3457.06741785596,202.843916930708,237.660111728367,6862.87981826092,2872.61278431567,5927.67443832499,2912.3730656364,1744.37391717432,1973.21199649313,115.778491398806,135.650748703406,3917.16884603934,3383.37582096175,0.00408404563895191,0.00351384628670256,5.04433719240389e-06,0.00113908964264511,0.00863360092455135,3.69027177839484e-05,3.21874171207507e-05,3.65026603470898e-10,1.02270432601858e-05,7.40894045720224e-05,-393.264645536283,0.0964788428484746,0.0834813735189851,1,0.550770001515966
"sinusoidal",200,"sir_laplace",98,1.752,3251.12620156338,2933.97883724011,156.907357201721,264.119085837501,6450.08168526963,2835.9875361845,5725.85387114286,2217.26826257271,1855.66564016175,1674.64545504572,89.5589938365987,150.752902875286,3681.55347332741,3268.18143330072,0.00399976848677633,0.0034153536664245,4.97036599597336e-06,0.00101923636302703,0.00839386716687732,3.77395435187642e-05,3.20497158430076e-05,5.51025229500273e-10,1.10293232753696e-05,7.89305695331371e-05,-390.657766159801,0.0928859665155221,0.0751082148518951,1,0.556547931010993
"sinusoidal",200,"sir_laplace",99,1.79,3983.2779467324,3865.33472428958,206.949018615794,269.774197163843,6772.09421423966,3579.77736979251,6346.19092906457,2895.33759070658,2225.29494230861,2159.4048739048,115.613976880332,150.711841990974,3783.29285711713,3545.35806092992,0.00384535907731717,0.00331962070947465,5.06706020797273e-06,0.00095961930992882,0.0078194164406404,3.53678031346083e-05,3.00559943914457e-05,4.48434232626892e-10,9.83168783808947e-06,7.54612026392038e-05,-404.219657702651,0.113769188298364,0.0886883806407623,0.99,0.534788737684245
"sinusoidal",200,"sir_laplace",9,1.763,3867.79506092458,3840.27500126117,238.506497389911,231.55465038352,6730.05355664006,3389.60103320697,5784.83118043276,2183.01734736184,2193.87127675813,2178.26148681859,135.284456829218,131.341265106932,3817.38715634717,3281.24287035324,0.00373566171978749,0.00321847788815174,4.07258281579331e-06,0.00106609274230439,0.00775996863911241,3.67976578115013e-05,3.23016581257194e-05,3.7855095063319e-10,1.02770642533372e-05,7.46896596718374e-05,-393.975791398323,0.107341013174921,0.0801127874428119,1,0.540846148441567
"sinusoidal",400,"sir_laplace",100,3.765,3319.60667750957,3036.87255753424,164.152123229479,136.728391636273,6926.34098747538,3480.46569411421,6521.27765456716,3053.49642927829,881.701640772795,806.606256981207,43.599501521774,36.3156418688641,1839.66560092308,1732.07905831797,0.00243223548159759,0.00221539092665083,1.01534823938467e-06,0.000908460964642111,0.00446752743856954,1.93532409198818e-05,1.77855700510436e-05,6.52854306218024e-11,7.73531942349325e-06,3.48787884779773e-05,-782.361689137754,0.0735458007383471,0.0576263275912803,1,0.48853222643042
"sinusoidal",400,"sir_laplace",101,3.826,4023.0201430135,3752.96240033264,215.283908684504,201.255646823499,7016.58179979124,2778.14887613266,6737.4579945955,3275.46210045033,1051.49507135742,980.910193500429,56.2686640576331,52.6021031948507,1833.92101405939,1760.96654328162,0.00281170633320266,0.00258649241480476,1.44041423497705e-06,0.00104466189818022,0.00513170470348987,2.0186328109313e-05,1.82263688910148e-05,7.03145283805813e-11,8.57393114118516e-06,3.73919921841097e-05,-785.270257956974,0.122331079688358,0.104173237188728,0.98,0.510732270147343
"sinusoidal",400,"sir_laplace",102,3.826,3883.77823734226,3430.87352873406,135.331303147706,198.028932744708,6802.24947162472,2740.72890643209,7004.18846549223,3363.24433024123,1015.10147342976,896.725961509163,35.3714854019097,51.7587383023283,1777.90106419883,1830.68177352123,0.0035415217135513,0.00311294076559944,3.00332692090372e-06,0.00108402529224177,0.00716587496452504,2.1361517913946e-05,1.94798119327077e-05,7.65674014915131e-11,7.82011112650109e-06,3.8790360950855e-05,-778.981404781757,0.0968250111872743,0.0803837573642245,1,0.532569808308803
"sinusoidal",400,"sir_laplace",103,3.933,3754.35160175584,3783.93141411507,168.613477344171,211.437742400847,6916.77357986128,1856.98904891396,6960.97712680963,3309.46257173929,954.577066299477,962.09799494408,42.8714663982128,53.7599141624324,1758.65079579488,1769.8899381667,0.00298740481240553,0.00272727204316147,1.72134738737289e-06,0.00102378626246262,0.00564182199822137,1.94042245111008e-05,1.7832396577165e-05,5.7626505663751e-11,7.82637180166253e-06,3.3693904016184e-05,-778.911538163467,0.10198647602322,0.0819993671355801,0.98,0.513936028665969
"sinusoidal",400,"sir_laplace",104,3.773,3300.32002807131,3104.15919108328,145.578995737734,213.578002561859,6859.39210030279,2877.95452808935,6449.05287690955,2553.57624518701,874.720389099208,822.729708741925,38.5844144547399,56.6069447553297,1818.02069978871,1709.26394829302,0.00265305002897438,0.00238418712803638,1.37684884719147e-06,0.000754824073523021,0.00510713405063124,1.96943418237877e-05,1.80354120995296e-05,6.43299857384787e-11,7.65948480016953e-06,3.49028699228729e-05,-768.916257824214,0.0893509571276718,0.0716259561900064,1,0.506263321781026
"sinusoidal",400,"sir_laplace",105,4.007,3585.70577256543,3729.40726255895,145.526670717535,151.889936535451,6819.00638182209,1299.19212037158,6951.5158765565,3481.37636247101,894.860437375949,930.723050301709,36.3181109851597,37.9061483742079,1701.77349184479,1734.8429938998,0.00339225017182791,0.00311164944828425,2.23274049658142e-06,0.00107475675571401,0.00639810252023731,2.0977574765191e-05,1.92889939862115e-05,6.92845510673729e-11,8.60154890598126e-06,3.77856739815357e-05,-769.52726587886,0.107909741686021,0.0893378754594498,1,0.531460157701485
"sinusoidal",400,"sir_laplace",106,4.235,3129.34416849825,2944.95798539334,167.661746303941,179.061066528142,6840.32137991718,3335.05185517749,6610.20123864828,2620.51986136317,738.924242856731,695.385592772926,39.5895504849919,42.2812435721705,1615.18804720595,1560.85035151081,0.00243422176981303,0.00228215658530277,9.04350843658908e-07,0.00101995083609705,0.00420712726010788,2.00303394360853e-05,1.83185816783478e-05,6.85387347588228e-11,7.40228937984489e-06,3.62289267591836e-05,-770.743928895243,0.0831826270452439,0.0702600329049483,1,0.491379275301949
"sinusoidal",400,"sir_laplace",107,4.192,3333.35923641585,3188.72604450701,137.114706629742,193.389973444302,6831.28198786157,2473.96624175292,6875.17385511294,2789.10938662962,795.171573572483,760.669380846138,32.7086609326676,46.1331043521713,1629.59971084484,1640.07009902503,0.00285006168801451,0.00255275066428109,1.665591260634e-06,0.000936600834793552,0.00548954424600334,1.92626007265818e-05,1.75597060057454e-05,6.27221906756527e-11,7.74803354822383e-06,3.58030537281461e-05,-773.359599940668,0.0869277807650416,0.0741267224622169,1,0.514803388759502
"sinusoidal",400,"sir_laplace",108,3.928,3816.63233672671,3598.50669721723,136.081849670446,205.681453149092,6932.58427926574,2031.76694257439,6742.69793799519,2538.16158105075,971.647743565862,916.116776277299,34.644055415083,52.3628954045551,1764.9145313813,1716.57279480529,0.00284767838187987,0.00256447696829853,1.68294636434258e-06,0.00089740649635166,0.00541539075418315,1.99533746992398e-05,1.78705212650485e-05,7.92766155124617e-11,7.76548598321541e-06,3.7269694406649e-05,-785.281310220073,0.109993411375102,0.0796451093285689,1,0.50763396519987
"sinusoidal",400,"sir_laplace",109,3.815,3395.00416812218,3025.04192570595,161.308822604439,158.451637860814,6913.74503532392,3239.26320186036,6664.41789902449,2477.8020304657,889.909349442248,792.933663356737,42.2827844310455,41.533850029047,1812.25295814519,1746.89853185439,0.00260748708198434,0.00236394141551619,1.38024214544802e-06,0.000909937264443452,0.00484865481188732,2.05665300299635e-05,1.85925813106048e-05,7.8101689768172e-11,8.16603082126321e-06,3.9517051023707e-05,-793.147100177603,0.103238771329204,0.0823810344042552,0.995,0.497695656524184
"sinusoidal",400,"sir_laplace",10,4.134,3507.05828226106,3511.39318137948,156.173033353775,167.698226393263,6761.40670603039,2884.17121572779,6637.92377859902,3231.67706013349,848.345012641766,849.393609429,37.7777052137821,40.5656087066432,1635.56040300687,1605.69031896445,0.00266707974501556,0.00242182324368754,1.27162597195277e-06,0.000897818339017728,0.00504481100837154,2.02098244435264e-05,1.77922254573488e-05,8.32357116485652e-11,7.5629070731576e-06,3.89646560955767e-05,-780.417446033914,0.0818938332553076,0.0691748162772536,1,0.505840249512706
"sinusoidal",400,"sir_laplace",110,4.044,3903.66323230978,3907.44315973569,139.175343806977,145.13556817764,6861.37558005828,2551.54727981663,6589.75294891789,2656.17624573445,965.297535190351,966.232235345126,34.4152680037035,35.8891118144511,1696.68041049908,1629.51358776407,0.00304879962800622,0.00277727533397231,1.68334216162603e-06,0.00109283797575792,0.00560440700006297,2.30035242047773e-05,2.05004253957371e-05,1.2097519837726e-10,8.1093836422526e-06,4.49922962704123e-05,-780.643946335728,0.130424412924316,0.105402288671582,0.9775,0.519656957369869
"sinusoidal",400,"sir_laplace",111,3.867,3595.00014938741,3590.91299882051,99.2931577264843,155.856125398658,6885.27276754116,2690.98795254468,6887.25391049075,3023.43803741585,929.66127473168,928.60434414805,25.6770513903502,40.3041441423992,1780.52049845905,1781.03281884943,0.00270600708299825,0.0024104271136516,1.63171958383355e-06,0.000923816711962411,0.00524540423289343,1.90159789867751e-05,1.74632387129716e-05,5.67875781846553e-11,7.75498205399182e-06,3.27962818038846e-05,-789.910235398682,0.073037801935926,0.0634483351636092,1,0.505397073672987
"sinusoidal",400,"sir_laplace",112,3.892,4121.38525687487,2908.13315086086,124.05414650689,149.211319248759,6879.90894856595,2036.30063708102,6639.21002171312,2295.4475735325,1058.93763023507,747.207901043385,31.8741383625102,38.3379545860121,1767.7052796932,1705.86074555836,0.00333986344279537,0.00313969062442892,1.94146617650984e-06,0.00108306267676458,0.0059524319891303,2.35374495205661e-05,2.07028229600698e-05,1.11913622896657e-10,8.37204688591582e-06,4.55639695597006e-05,-782.783849621539,0.130146278982691,0.0925194259305408,0.9625,0.524627834981157
"sinusoidal",400,"sir_laplace",113,3.711,3275.45564212437,2985.6580980361,188.578361919594,191.613760345122,6730.43070552105,3542.46505493026,6494.81561206368,2884.0205939464,882.634233932732,804.54273727731,50.8160500995942,51.6339963204317,1813.64341296714,1750.15241499964,0.00274725536896135,0.00252182187076471,1.31868318484475e-06,0.000928572120906809,0.00498329474719387,2.20100636174834e-05,2.01987667474059e-05,8.35308880344925e-11,8.15985747323634e-06,3.9411352787618e-05,-756.675073106003,0.121411625467231,0.10219013520371,1,0.518236369142207
"sinusoidal",400,"sir_laplace",114,3.942,4129.45515460038,4073.37632116149,75.1899821446927,172.661897256354,6974.5865620301,2617.17682662869,7026.74601512013,3161.19429433158,1047.5533116693,1033.32732652499,19.0740695445694,43.8005827641688,1769.30151243787,1782.53323569765,0.00316617889919466,0.00293164315668607,1.79819514338363e-06,0.00113915836475055,0.00576714039856715,2.08660388901272e-05,1.87857407302468e-05,9.21763361680171e-11,7.89778677329772e-06,3.97385728183189e-05,-766.806100769432,0.143366175268704,0.100183224221192,0.93,0.521430450764644
"sinusoidal",400,"sir_laplace",115,4.039,4277.89118579633,4289.64238318385,149.253995946927,210.872675382151,7109.89524256687,4199.95485303913,6889.87806273865,3858.38792834606,1059.14612176191,1062.05555414307,36.9532052356838,52.2091298296983,1760.31078053154,1705.8375990935,0.00275639217084908,0.00252413682086811,1.29198266035428e-06,0.00099594103483406,0.00506915422723954,1.91893537602053e-05,1.73861927719329e-05,5.87924909088179e-11,7.46673484630785e-06,3.44841386139201e-05,-803.033481843379,0.107988228142718,0.091853812609506,1,0.500652036280708
"sinusoidal",400,"sir_laplace",116,4.176,3711.12786118312,3688.14588752423,164.729252494495,182.921884227616,6881.23145130104,2816.5524989973,7250.77748422995,3506.65048294391,888.680043386762,883.176697204079,39.4466600800993,43.8031331962682,1647.80446630772,1736.29729028495,0.0035169971143366,0.00324344216449181,2.47224568843804e-06,0.00102713314314236,0.00658981367391014,2.0046644499036e-05,1.8363350328806e-05,6.48371337588982e-11,7.80773808475169e-06,3.55119932890998e-05,-799.552574060943,0.108663764676124,0.0869331964447924,1,0.531843090976537
"sinusoidal",400,"sir_laplace",117,4.127,3550.32497558342,3275.63091960493,186.279012376925,154.732602670234,6827.60024157358,3504.99278134218,6351.94456829369,3116.53117588831,860.267743053894,793.707516259978,45.1366640118548,37.492755674881,1654.37369555938,1539.11911032074,0.00253903932543986,0.00234309366173577,1.12535918196993e-06,0.000890065184411086,0.00459070007659797,2.08718167130062e-05,1.9061343421283e-05,1.07696599936425e-10,7.57302802268865e-06,3.70689121743661e-05,-772.152690722571,0.0950936155892172,0.08240727391098,1,0.499258589538831
"sinusoidal",400,"sir_laplace",118,3.798,3781.2888358889,3759.71375683371,188.051399986916,186.68160620097,7082.78254663222,2188.21051965962,7091.5722884817,1974.98331714739,995.60000944942,989.919367254794,49.5132701387353,49.1526082677648,1864.87165524808,1867.18596326532,0.00314733692886484,0.00279518601855056,2.19171422240234e-06,0.00100270114519624,0.00618812639274694,2.02902127242025e-05,1.82704534388951e-05,7.87954582283686e-11,7.44387043569407e-06,3.7316526120598e-05,-792.409857547576,0.0790144281300554,0.0605576206465797,1,0.508932225857217
"sinusoidal",400,"sir_laplace",119,3.793,3631.79608687314,3843.94283128744,130.829541438767,178.052781138733,6880.30269561,2196.22649809528,6762.0812798289,3479.70504646559,957.499627438212,1013.43074908712,34.4923652620002,46.9424680038843,1813.94745468231,1782.7791404769,0.00302706053946833,0.00273238923000862,1.88517586242e-06,0.00103399334468137,0.00585515916900667,2.05960347088263e-05,1.86750272358547e-05,7.10412992395099e-11,7.61245743257845e-06,3.8656704432206e-05,-807.42200012943,0.137509037143184,0.109433203660452,0.9475,0.504328292627216
"sinusoidal",400,"sir_laplace",11,3.984,3234.86222133142,2629.10628520672,176.075315702972,157.494055139966,6935.24735148651,2629.20686964752,6618.99156098285,2427.76006407195,811.963408968729,659.916236246665,44.1956113712279,39.5316403463769,1740.77493762212,1661.39346410212,0.00316422106849584,0.00287742759950647,1.84109412139707e-06,0.000997470814160764,0.00587858527275296,2.20082976562172e-05,2.00539188795465e-05,1.06106224239114e-10,7.7132447044674e-06,3.99295784841907e-05,-799.750759808426,0.116977854882293,0.0947482074845562,0.9675,0.513332646576099
"sinusoidal",400,"sir_laplace",120,3.851,2390.92387955242,2157.39105102283,182.168514225119,186.81052775379,7008.02283331103,2490.54964332283,6624.5468345447,2013.53807145685,620.857927694734,560.215801356227,47.3042103934353,48.5096151009582,1819.79299748404,1720.21470645149,0.00273504140122131,0.00249737090085583,1.36538176396255e-06,0.000980111169529751,0.00492573641675339,2.05518947619227e-05,1.84038279542501e-05,8.08036888455949e-11,7.57011522326659e-06,3.90016698299672e-05,-781.16155406248,0.0977135894776874,0.0745147102878508,0.9975,0.512100630115556
"sinusoidal",400,"sir_laplace",121,3.855,3939.85640877861,3676.32960328128,178.280139888467,147.513882809961,7027.72523998648,2486.60685726424,7017.01144258967,3224.61409757211,1022.01203859367,953.652296571019,46.2464694911717,38.2655986536865,1823.01562645564,1820.23643128137,0.00290044667275374,0.00268802656984008,1.4631745794284e-06,0.000956888377767344,0.00517479233439099,2.03755704289101e-05,1.82761320746344e-05,8.13789039661051e-11,7.53521726857399e-06,3.85793107449424e-05,-776.607557530584,0.072529006439743,0.0544560244178564,1,0.50593085298732
"sinusoidal",400,"sir_laplace",122,3.798,3354.28331519029,3549.84964986195,156.426950126321,161.21100727326,6939.3120797786,3441.65126985507,6643.9050822978,3254.93108845504,883.170962398706,934.662888325947,41.1866640669618,42.4462894347708,1827.09638751411,1749.31676732433,0.00240732621249379,0.00224658665567001,8.60153113479716e-07,0.000941282954772987,0.00422581321180333,1.97387739782368e-05,1.81363032150153e-05,6.69985078643883e-11,7.56837254348853e-06,3.648430961814e-05,-797.387161599279,0.0795076467916902,0.0666794874595153,1,0.490323893713703
"sinusoidal",400,"sir_laplace",123,3.858,3064.07810555802,2880.67590597782,118.531666793914,169.639866780123,6957.81597559329,3121.40102698677,6851.7615286711,2673.29068464624,794.214127931058,746.67597355568,30.7236046640522,43.970934883391,1803.47744312942,1775.98795455446,0.00285632064928577,0.00252121521506393,1.88373695531656e-06,0.000878906347296754,0.0055016275794808,1.87605169355728e-05,1.70556317508118e-05,5.45117808723e-11,7.45189813840382e-06,3.38034515323252e-05,-787.841066406963,0.102438870464651,0.0837357611414024,1,0.504029194237045
"sinusoidal",400,"sir_laplace",124,4.09,3060.46940185619,2987.49229597314,164.062057048513,184.599278000927,7005.69254169627,3190.90218301,6895.29843750216,2874.56166331904,748.281027348701,730.438214174361,40.1129723834996,45.1342977997376,1712.88326202843,1685.89203850909,0.00291205806587948,0.00265661966352989,1.67016549540829e-06,0.000917864609059381,0.00552033931907931,1.96289501252821e-05,1.78627129445895e-05,7.77719458961238e-11,7.01145339516779e-06,3.46373916938906e-05,-791.519063727899,0.0916216237752864,0.0718617194487248,0.995,0.507293143954559
"sinusoidal",400,"sir_laplace",125,4.152,4199.43398730275,4169.98953858064,132.450171177379,174.20836545136,7004.3924687354,1233.83778043084,6861.4598664303,2441.84411671938,1011.42437073766,1004.33274050593,31.9003302450334,41.957698808131,1686.99240576479,1652.56740520961,0.0038505877972104,0.00346557776855784,3.3739045430957e-06,0.00124274825766929,0.00745817804802629,2.17481044323238e-05,1.9522856153746e-05,1.13971775057188e-10,6.95764009419183e-06,4.09157893022269e-05,-827.687849342677,0.134656625276448,0.106324671100394,0.97,0.528295206300791
"sinusoidal",400,"sir_laplace",126,4.03,3393.03280262534,3391.1776648861,124.290054438446,248.053825054862,6932.12666682157,3111.95108264488,6764.73714482367,3277.33842592326,841.943623480234,841.483291535012,30.8412045752967,61.5518176314795,1720.13068655622,1678.59482501828,0.00259977647869576,0.00234861687935168,1.21878034528648e-06,0.000873021832784633,0.00480779931285011,1.88160538580046e-05,1.75248759827914e-05,4.97012609981784e-11,7.79162632336628e-06,3.2832182805544e-05,-758.34843037481,0.118525855499768,0.0968095493580305,1,0.50737113097652
"sinusoidal",400,"sir_laplace",127,3.822,3501.54460107413,3626.3395313496,168.22132071526,164.348275068273,6905.46050323282,3045.89402543711,6630.29652239182,3259.12188477786,916.155049993231,948.806784759184,44.0139509982364,43.0005952559584,1806.76622271921,1734.77146059441,0.00276163918614605,0.00254949049259874,1.38275463551245e-06,0.000960872342278821,0.00501502013507816,1.9778805947489e-05,1.79302097179743e-05,6.9372476760512e-11,7.20447450298678e-06,3.62650455960105e-05,-782.804149398899,0.0994107364881705,0.0776436313688475,0.97,0.512394171718561
"sinusoidal",400,"sir_laplace",128,3.838,3398.95665417084,3338.52100501808,138.244704755969,223.534016113658,6803.0661442096,3560.52608541935,6609.21974244657,3077.19086411185,885.606215260772,869.85956357949,36.0199856060367,58.2423179035065,1772.55501412444,1722.04787453011,0.0023603865795263,0.00214745219951569,8.7497329349783e-07,0.000947692715513808,0.00423434285184068,1.93443745499028e-05,1.81429830687387e-05,4.74700681423037e-11,8.96424226088398e-06,3.35879005110903e-05,-781.191793200273,0.127761797525196,0.104549914071394,0.985,0.493209171670551
"sinusoidal",400,"sir_laplace",129,3.738,3707.85397141259,3465.16612793493,163.595068444541,178.117754879364,6950.9856136063,3270.00319028564,6784.30437806521,3342.53037812938,991.935251849276,927.010735135079,43.7654008679885,47.6505497269566,1859.5467131103,1814.95569236629,0.00272946425885775,0.00246626685672209,1.42900599149421e-06,0.000905254616119022,0.00510562909069972,1.94104072623012e-05,1.75797273863167e-05,6.62860238105635e-11,7.46391315003585e-06,3.61945350292455e-05,-784.220908566944,0.0893643345854231,0.068547503298425,1,0.505421930662059
"sinusoidal",400,"sir_laplace",12,3.793,4025.55264517479,3763.81335897232,168.438166527329,185.895166780127,6943.98909305894,2580.59944954073,6994.85904398708,3585.64573568649,1061.31100584624,992.305130232617,44.4076368382097,49.0100624255543,1830.7379628418,1844.14949749198,0.00295988547625904,0.00270565168471344,1.7762694275648e-06,0.000875401086477399,0.00567896499367027,2.04761450642366e-05,1.91208474078493e-05,6.00660920007154e-11,7.31488344643099e-06,3.59046608767148e-05,-797.24081659036,0.116533953447436,0.0874601168476887,0.9575,0.503817887294779
"sinusoidal",400,"sir_laplace",130,4.058,3174.77392251512,3235.21044103512,129.798895732646,97.5212927172003,6771.49447566131,2723.76677508474,6572.15940285748,3000.92650781227,782.349414123982,797.242592665136,31.985927977488,24.0318611920158,1668.6777909466,1619.55628458785,0.00278617509477755,0.00253098749739753,1.39069746769283e-06,0.00106244733178728,0.00524530068965835,2.00069571823564e-05,1.78869431064223e-05,8.2891259317657e-11,6.71136679010937e-06,3.70992569939586e-05,-777.713395718883,0.106676338844141,0.0819960225017556,0.9975,0.514517037135194
"sinusoidal",400,"sir_laplace",131,3.853,3619.73264828608,3541.97165729071,137.718800251385,136.39564111594,6939.45816626549,2842.30354032682,6673.2360467478,2641.88333128524,939.458252864283,919.276319047681,35.7432650535649,35.3998549483364,1801.05324844679,1731.95848604926,0.00328538292373852,0.00304969623945722,2.02608867394623e-06,0.00112085849058071,0.00599342393614194,2.24039857150091e-05,2.01551405073363e-05,1.03470628331763e-10,9.11367976517891e-06,4.25009013826555e-05,-782.769570880924,0.108215389364276,0.0875293052770059,0.995,0.52639907756501
"sinusoidal",400,"sir_laplace",132,4.072,2421.47726339826,2291.55089122957,180.349484104231,178.394834760748,6680.38381563989,2564.54834478681,6220.29363071085,2123.31476262791,594.665339734347,562.758077413941,44.290148355656,43.8101264147221,1640.56577004909,1527.57702129441,0.00252597703751861,0.00232900550258572,1.03594411732774e-06,0.000956799154993304,0.00462944562176406,2.06728509485281e-05,1.89300047675926e-05,7.18260942841005e-11,8.07381073834078e-06,3.8151989556784e-05,-759.39291725362,0.108520292815343,0.0801208308651375,0.985,0.509390659574211
"sinusoidal",400,"sir_laplace",133,4.071,3567.9236024677,3518.08463798128,160.643183986694,173.340126146869,7182.19342117685,3737.10286623942,6945.88767625199,3077.83692589158,876.424368083445,864.181930233673,39.4603743519268,42.579249851847,1764.23321571527,1706.18709807222,0.00278588504776047,0.00252836325393413,1.30565695718984e-06,0.000963553946475438,0.00509623609585827,1.95689742192138e-05,1.78334945865741e-05,6.09479427806274e-11,7.91599826335252e-06,3.5414405142083e-05,-788.266383325077,0.0676242777843871,0.0526110376520897,1,0.500186522269029
"sinusoidal",400,"sir_laplace",134,3.88,3721.75256734799,3839.47055089207,163.874892200812,194.473189733068,7031.97538297151,3665.62188226775,6867.67435955933,3458.98874268977,959.214579213401,989.554265693832,42.2357969589721,50.1219561167701,1812.36478942565,1770.01916483488,0.00272966933101627,0.00247636572561813,1.43735930127409e-06,0.000984840061690348,0.00510558013450955,1.95022450594379e-05,1.77347111556495e-05,5.80149412126234e-11,7.91732499764561e-06,3.52212483262274e-05,-787.788842349583,0.113316398638175,0.0869879937385622,0.9775,0.498932340508815
"sinusoidal",400,"sir_laplace",135,3.875,2077.80171823053,1909.48477545776,140.15292184121,182.879439005189,6841.5958214849,2186.56136222976,6305.39424524702,1735.17606997111,536.206895027233,492.770264634259,36.1684959590219,47.194693936823,1765.57311522191,1627.19851490246,0.00250270450009215,0.00230160250930798,1.06193299453177e-06,0.000877128582264926,0.00447252169878205,2.18199453929259e-05,1.9927570227638e-05,7.79607141298353e-11,8.52558376457973e-06,3.97528073353633e-05,-783.778218901724,0.108723988910815,0.0774491032591739,0.9725,0.50232119053539
"sinusoidal",400,"sir_laplace",136,4.009,3548.6245417544,3698.59681791233,144.203000582924,187.670774736179,6670.8896691719,2300.30824750927,6528.08633987105,2512.70388548801,885.164515279222,922.573414295917,35.969818055107,46.8123658608579,1663.97846574505,1628.35777996285,0.00302721088287917,0.00272783891317292,2.00513166529515e-06,0.000985032831383894,0.00580135292006077,2.08963063737924e-05,1.86598515712183e-05,8.88133189040116e-11,7.52717102299728e-06,4.01061486992825e-05,-783.639068774391,0.0888011665876829,0.0696249923335219,1,0.515711132142797
"sinusoidal",400,"sir_laplace",137,4.17,3872.2452344433,3721.17399996434,126.691357529125,142.75631696359,6764.14867787351,1925.00800421241,6544.22829911449,2560.70779334184,928.595979482805,892.367865698884,30.3816205105814,34.2341287682469,1622.09800428621,1569.359304344,0.00366787493133827,0.00331150594566575,2.93562761412968e-06,0.00110500011679598,0.00723525822639775,2.33183146766123e-05,2.07787859215157e-05,1.40241023442773e-10,8.39606523081757e-06,4.35079717726121e-05,-799.877657292094,0.12824458679904,0.10449887144285,0.99,0.539576047195115
"sinusoidal",400,"sir_laplace",138,3.779,3688.73882062261,3607.62573247269,196.033230314745,168.043935729159,6804.45090892816,3597.18299451261,6142.99377361973,2593.69422399017,976.115062350518,954.650895070837,51.8743663177415,44.4678316298382,1800.59563612812,1625.56067044714,0.00243921653567527,0.00220625760306994,1.01714464238074e-06,0.000912384978759649,0.00441135247125439,2.09629106244665e-05,1.92429721635173e-05,7.7172536904115e-11,8.2885075400739e-06,3.89459726190073e-05,-781.93010729978,0.121927099187872,0.100629957757201,1,0.489311215615283
"sinusoidal",400,"sir_laplace",139,3.955,3076.08253974161,3162.74712909638,199.671459472868,192.983638351573,6881.33118574671,3049.84451185651,6500.20632086686,2594.58598024253,777.770553664124,799.683218482019,50.485830460902,48.7948516691715,1739.9067473443,1643.54142120527,0.00243710531498076,0.00225747374566973,9.60403367534299e-07,0.000908972245757018,0.0043476235394672,1.95761859804692e-05,1.76373478148119e-05,8.15676129436014e-11,7.75381778253088e-06,3.54498790942128e-05,-794.755486025128,0.0990591670908163,0.0764504288669787,0.9925,0.494009959747741
"sinusoidal",400,"sir_laplace",13,3.789,3703.15219000033,3686.74740172624,179.917058109634,154.155161740919,6796.9084826666,2250.44700511235,6708.94898211917,3284.46129680958,977.342884666226,973.013302118301,47.4840480627169,40.6849199632934,1793.85285897773,1770.63842230646,0.00300048271460774,0.00273695029093202,1.67178849767743e-06,0.000972036285506893,0.00556281602541587,2.19822740189021e-05,1.93789979116389e-05,1.13820597100998e-10,7.30095126705893e-06,4.20970670706273e-05,-785.06485388679,0.0997454933884797,0.0755049619178056,0.98,0.514429524120117
"sinusoidal",400,"sir_laplace",140,3.857,3609.54137431591,3358.80809201636,160.29004917349,187.351520459496,7008.39703267491,3828.15217592709,6776.98792558609,3317.29277099261,935.841683773893,870.83435105428,41.5582186086312,48.5744154678496,1817.05912177208,1757.06194596476,0.00267782810196316,0.00246296181052603,1.14446860687106e-06,0.000969960491655691,0.00488010352033474,1.96105243298716e-05,1.76284436224863e-05,7.83784507948412e-11,8.1822596092096e-06,3.6882294166176e-05,-764.519720679575,0.097530594881312,0.0738474341289812,1,0.504867221658
"sinusoidal",400,"sir_laplace",141,3.874,3575.43756081673,3540.75474550991,144.742974567431,170.190503211189,7032.59120612361,3700.25286840964,6723.78064483329,2699.60397848458,922.931740014643,913.979025686606,37.3626676735754,43.9314670137296,1815.33071918524,1735.61709985371,0.0025932213446849,0.00236374198438088,1.26021741464609e-06,0.000905453294427257,0.00471186765910207,1.83466686911276e-05,1.67144560506051e-05,5.13218996930825e-11,7.17598285737538e-06,3.30349124301501e-05,-779.790976582239,0.100328659597086,0.0788431724233575,0.9825,0.504971807962764
"sinusoidal",400,"sir_laplace",142,3.849,3450.69117370582,3478.05488558683,170.060413613299,215.802270162711,6718.04886037358,3349.91346288273,6300.71864009014,2958.05051174695,896.516283114009,903.625587317962,44.1830121104959,56.0671005878697,1745.40110687804,1636.97548456486,0.00261709480343453,0.00235426974720864,1.17702270136924e-06,0.00101419677030701,0.00489072942907254,2.12603619447925e-05,1.93398874207838e-05,7.58041859263353e-11,8.23665578887386e-06,3.91423736226361e-05,-806.610447806257,0.0961252867946937,0.0785976733502459,1,0.499653951984414
"sinusoidal",400,"sir_laplace",143,4.047,3895.85408170171,3651.66524861186,136.181596427404,181.407869819212,6859.35429901355,1985.19088498538,6963.35529914362,2877.86032907559,962.652355251225,902.314121228531,33.6500114720544,44.8252705261211,1694.92322683804,1720.62152190354,0.00326440292752488,0.00294409565254698,2.22151615250965e-06,0.00107066639302676,0.00639945617505844,2.1781610188773e-05,2.030949055772e-05,7.16471499605157e-11,8.28672724240214e-06,3.77108236410177e-05,-762.190211045464,0.104338527365873,0.0787236755564804,0.985,0.53049516438152
"sinusoidal",400,"sir_laplace",144,3.818,3753.73507753624,3637.07390717112,160.086169335497,189.302715056262,6938.46553223986,2424.01559514853,6998.75967715001,3360.0631055611,983.167909255171,952.612338179968,41.9293266986636,49.5816435453803,1817.30370147718,1833.09577714772,0.00304783003922784,0.00274025424394306,1.86971421422838e-06,0.000957982172924425,0.00591237049550481,2.09758629236803e-05,1.89238764391268e-05,7.9501556778038e-11,7.55575828052936e-06,3.92687032158167e-05,-800.522613549475,0.0899891271001502,0.0681718967039763,0.9875,0.511592366303352
"sinusoidal",400,"sir_laplace",145,3.831,3473.51954391073,3522.61132902319,99.7644024284333,174.480130461465,6707.59065986236,2572.29780094694,6621.85260281189,3194.27880906106,906.687429890558,919.501782569354,26.041347540703,45.5442783767854,1750.87200727287,1728.49193495481,0.00286080318532171,0.00254041437499505,1.85603299566517e-06,0.000967262577286134,0.00559763309703505,2.09776332520906e-05,1.89128471918917e-05,8.07061979640818e-11,7.56520548666991e-06,3.92499722041092e-05,-780.119462746498,0.110194596092771,0.0937159743304639,1,0.51829381048905
"sinusoidal",400,"sir_laplace",146,4.142,2952.72934901829,3249.69230264358,161.795735065683,187.599211432744,6865.04676281001,3120.34124636432,6596.727311137,2715.22010169963,712.875265335173,784.570811840554,39.0622247865,45.291939022874,1657.42316823033,1592.64300124022,0.00242840531775866,0.00224611338917214,1.00089640841568e-06,0.000956471306545627,0.00439777154562548,1.91586076807204e-05,1.75417407943022e-05,5.97457524782025e-11,7.75474719330285e-06,3.46985215682802e-05,-789.66390788644,0.0584067199251721,0.0476556872899635,1,0.494494988061413
"sinusoidal",400,"sir_laplace",147,3.872,3122.82944640173,2841.0305384322,161.726953734096,181.896353837703,6934.0713011789,2607.32096151127,6443.89308291838,2734.55199650288,806.515869421935,733.737225834761,41.7683248280208,46.9773641109771,1790.82419968463,1664.22858546446,0.0029505710088041,0.00271671055142702,1.51560688711507e-06,0.00101853585823577,0.00534648702726578,2.19080715259307e-05,1.99711504691274e-05,8.61149990051633e-11,7.98639238521769e-06,3.951917399539e-05,-773.23629730227,0.108561911174932,0.0801135640220233,0.965,0.513411792166359
"sinusoidal",400,"sir_laplace",148,3.827,3360.43406638267,3353.71145513186,134.068036352373,210.705190213656,6799.66291572272,3454.9319968101,6526.23541772909,3101.47420031365,878.08572416584,876.329097238532,35.0321495564078,55.0575359847547,1776.76062600541,1705.3136706896,0.00274478934133589,0.00249890928670006,1.3284909391912e-06,0.000930090491551615,0.00514618118038842,2.13449776683968e-05,1.99367621969011e-05,6.66902880391397e-11,8.94958330601748e-06,3.7453729692052e-05,-788.203718096466,0.123664426947331,0.0954477399785948,0.965,0.509345713672053
"sinusoidal",400,"sir_laplace",149,3.99,3751.10194605171,3812.36027964759,130.840636963415,181.939145871673,6797.19066771514,2818.1422524281,6410.781019219,1957.1119490469,940.125801015465,955.47876682897,32.7921395898282,45.5987834264844,1703.5565583246,1606.71203489198,0.00307393227135696,0.00282046349379364,1.74248998359982e-06,0.00101279387135124,0.00571592291705243,2.2731241805376e-05,2.01293042069346e-05,1.23794085457684e-10,8.21160660661596e-06,4.17564998253321e-05,-761.524147127271,0.119782159874732,0.100534712532555,0.9725,0.520753733977547
"sinusoidal",400,"sir_laplace",14,4.164,3652.24359312365,3410.93297526529,179.920244781721,139.873635698913,6839.46641889843,2075.86158455582,6797.32106558973,3341.93803583073,877.09980622566,819.14816889176,43.2085121954182,33.5911709171261,1642.52315535505,1632.40179288899,0.00310709607388935,0.00285147917096678,1.918099982345e-06,0.000882886765258365,0.00576534967956629,2.07994616091561e-05,1.92072549058485e-05,6.96835146928204e-11,8.0627688528682e-06,3.76339587739477e-05,-775.071655690788,0.102149615821862,0.0888059967601164,0.98,0.516998519078521
"sinusoidal",400,"sir_laplace",150,3.922,3688.03889719254,3465.83189806874,175.38056107656,103.34885474646,6940.77829943477,2845.70289332101,6831.15707648075,3347.60242683632,940.346480671225,883.689928115438,44.7171241908618,26.3510593438194,1769.70379893798,1741.75346162181,0.00291018288749062,0.00266232853313924,1.55699079236983e-06,0.000980373006871963,0.00539836794282821,1.94415806245781e-05,1.77100899290448e-05,6.5980030322732e-11,8.07476609512904e-06,3.63312413296563e-05,-792.148622569225,0.0940727120477461,0.0753831855217731,0.98,0.512780535767543
"sinusoidal",400,"sir_laplace",151,3.8,2814.17313487763,2400.1195639192,189.548790824317,215.82866510236,6975.37330893503,2917.93285640165,6631.93175444096,2058.24448024293,740.571877599376,631.610411557684,49.8812607432412,56.7970171322,1835.6245549829,1745.2451985371,0.00288347601482473,0.00261454171976341,1.57603554179713e-06,0.000971902659319586,0.00538438249546262,2.11498393365078e-05,1.90687750457133e-05,7.91945116826826e-11,7.51967179107069e-06,3.85811128504545e-05,-791.72448218425,0.113192311279767,0.0929818926863286,1,0.509753907700015
"sinusoidal",400,"sir_laplace",152,4.166,3704.11643387978,3525.74135128101,89.3190122170207,140.350450857566,6957.12733035105,2360.72963052241,6944.32736532222,2755.37771845795,889.130204963941,846.313334440953,21.4399933310179,33.6894985255799,1669.97775572517,1666.90527252094,0.0034524099835191,0.00310319992674335,2.73617195941817e-06,0.00105709146499935,0.00669861020715538,2.1662763459807e-05,1.93186524957839e-05,1.01557799936784e-10,7.75675105667421e-06,4.15387165312084e-05,-811.508742688154,0.0952271177315772,0.0802417161430645,1,0.531420290488021
"sinusoidal",400,"sir_laplace",153,3.776,3707.8332562478,3218.87350711076,99.7488176815664,154.035648457426,7089.08290964884,3060.50939901824,6805.1948458896,3076.53775724269,981.947366591048,852.455907603486,26.416530106347,40.7933391041911,1877.40543158073,1802.22321130551,0.00289037139900114,0.00270289084647243,1.30285553917244e-06,0.00104924062024701,0.00516289025462267,2.13833999609052e-05,1.92107570783775e-05,9.05370555687471e-11,7.51239356406514e-06,4.08877156488901e-05,-792.744367789794,0.106715359824919,0.0749204348268326,0.975,0.500968704549595
"sinusoidal",400,"sir_laplace",154,3.943,3181.80984291272,3031.31837865955,174.045777191388,178.679231814017,6709.61245106374,3095.68869020402,6634.67609317816,2898.33978559974,806.951519886564,768.784777747794,44.1404456483358,45.315554606649,1701.65164876078,1682.64673932999,0.00288947530315447,0.00262701437484584,1.88299807375442e-06,0.0010862165486849,0.00528039945712868,2.12130187782898e-05,1.90346027605137e-05,8.42224601149779e-11,7.87039909486326e-06,3.95307644487136e-05,-785.120127608525,0.104760337572281,0.0830981593889778,1,0.520306869398033
"sinusoidal",400,"sir_laplace",155,4.088,3836.83998257508,4007.82111660704,161.459783849596,152.328221406977,6834.37455590214,2369.66056958359,6949.8191593246,3086.13326783016,938.56163957316,980.386770207202,39.4960332313101,37.2622850799847,1671.81373676667,1700.0536104023,0.00313437944068533,0.002860022761635,2.0787562771269e-06,0.000993806473059558,0.00587865809731717,2.08912190800118e-05,1.90807149744625e-05,6.95624186461007e-11,8.15760303211673e-06,3.71501946322318e-05,-779.948240927515,0.0928315410616626,0.0716413041919498,1,0.514979103641658
"sinusoidal",400,"sir_laplace",156,4.218,3756.48401137304,3573.56645984113,141.253839486823,168.605811835711,6855.11486984157,2528.78568163657,6745.64628264026,3450.8357392999,890.584165806791,847.218221868452,33.4883450656289,39.9729283631368,1625.20504263669,1599.25231926037,0.00298763202075523,0.0027196802872618,1.59356356981225e-06,0.00104220664290539,0.00567632611428737,2.1036146451348e-05,1.88602665773946e-05,9.95903967964203e-11,8.02275874470598e-06,3.77928940302093e-05,-786.958711510208,0.140636680497536,0.105774450738701,0.94,0.518619091384293
"sinusoidal",400,"sir_laplace",157,4.229,3879.63355883948,3934.97925613687,115.465913365781,188.507791717762,6945.33049788481,3824.15280393713,6746.79142010099,3371.55655772561,917.387930678524,930.475113770838,27.3033609283,44.5750275993761,1642.31035655824,1595.36330576992,0.00293257779509233,0.00270809311511185,1.64347812680625e-06,0.000915474806956683,0.00541917012354233,2.02593250049297e-05,1.82497561263999e-05,8.59794131134017e-11,7.68273110747429e-06,3.78991354064379e-05,-791.492149792595,0.0852537436740036,0.0631113817365148,1,0.514841363774471
"sinusoidal",400,"sir_laplace",158,3.813,3583.68261646325,3535.89381713213,165.715559242683,88.2068818402487,6900.95225484047,3251.84665814528,6659.25463730817,3111.8105968197,939.859065424404,927.325942075042,43.4606764339582,23.1331974404009,1809.84848015748,1746.46069690747,0.00270225261229828,0.00240794029333788,1.57803522142475e-06,0.000994427995501655,0.00520992512894449,1.99698473647703e-05,1.7741403592352e-05,7.96350794211009e-11,6.76492344606888e-06,3.77424959358814e-05,-789.531382113317,0.0874388602413909,0.0636955184704254,1,0.50157891629008
"sinusoidal",400,"sir_laplace",159,3.849,3169.23537094976,2852.72942283972,120.463866976675,177.73927089251,6690.11396472,3306.19627113779,6515.95132956188,2524.97959298371,823.391886450964,741.161190657241,31.2974453044102,46.1780386834269,1738.14340470772,1692.89460367937,0.00254990669157348,0.0022702169170525,1.33517909531248e-06,0.000903536912549072,0.00492962120796146,1.96387510882429e-05,1.79306407491836e-05,6.36161224067778e-11,8.25302261049232e-06,3.64036356531321e-05,-771.564584181024,0.118902042966778,0.0977513044206396,1,0.506385405559408
"sinusoidal",400,"sir_laplace",15,4.03,4182.07533339238,4016.05775351729,105.89340778805,186.383296088961,6949.96602201529,1123.79257613359,7052.06620116119,3278.76722503031,1037.73581473756,996.540385488161,26.2762798481513,46.2489568458961,1724.55732556211,1749.89235760824,0.00353407221674512,0.00317926343196755,2.52804183394074e-06,0.00122903894843312,0.00666000946484463,2.18124659161591e-05,1.99832610784734e-05,8.08169950676438e-11,8.28862306734569e-06,4.08265091233044e-05,-796.006485288421,0.106787813658146,0.0857769827948548,0.9825,0.526582100874137
"sinusoidal",400,"sir_laplace",160,4.137,3359.44891447198,3022.41291935477,198.324296371634,179.142939857967,7020.29452933321,3168.80023452625,6712.71300514167,2812.41826325762,812.049532142128,730.580836198881,47.93915793368,43.3026202218919,1696.95299234547,1622.60406215655,0.00271241806525358,0.00248163061415048,1.17437288268517e-06,0.00107411621942983,0.00500838040948474,1.95275102351353e-05,1.77216583213771e-05,6.8238548827298e-11,7.71329470358573e-06,3.58438683672215e-05,-787.515094900539,0.0900331858530573,0.0763054226684173,1,0.510332658709486
"sinusoidal",400,"sir_laplace",161,3.829,3471.94671318923,3424.0097816772,170.908794446751,208.931163443413,6900.28857669254,3690.56949686039,6757.11543478243,3286.84691107348,906.750251551117,894.230812660538,44.635360262928,54.5654644668094,1802.11245147363,1764.72066721923,0.00258382016199244,0.00238608012598735,1.11895707156519e-06,0.000998478217667754,0.00462312279535468,1.89581527814343e-05,1.77891712654445e-05,5.28974734297751e-11,7.95358244947039e-06,3.38679500899401e-05,-810.357673817968,0.0803410834668676,0.0656033547158022,1,0.496262231541533
"sinusoidal",400,"sir_laplace",162,4.075,3508.97056877394,3916.74290724557,119.446976154926,129.108780378809,7065.07012215404,1282.36887904832,7136.35626616887,3647.20125201666,861.097072091764,961.163903618546,29.3121413877119,31.6831362892782,1733.75953917891,1751.25307145248,0.00318903046578603,0.00281450093331627,2.42112291287266e-06,0.0009777946893588,0.00642067400375492,2.00505437923194e-05,1.84267110216304e-05,6.98162562825355e-11,7.50144048954809e-06,3.67097663192399e-05,-815.559569145801,0.105476400688841,0.0871684919774766,1,0.518423235945053
"sinusoidal",400,"sir_laplace",163,4.184,2969.91315216932,3009.90657754319,173.643295602674,138.378594940596,7051.46139056983,3317.92310718393,6838.61675881043,2889.35319852113,709.826279199169,719.384937271317,41.5017436908876,33.0732779494732,1685.33972049948,1634.46863260288,0.00292879212573222,0.00268661518961226,1.5678158924723e-06,0.000931421858994403,0.00539906550970984,2.13729116040129e-05,1.99510939705513e-05,6.91386360631209e-11,8.3901856690705e-06,3.79977746146353e-05,-778.813585817043,0.0947077830892357,0.0834181951167942,1,0.513255528127142
"sinusoidal",400,"sir_laplace",164,4.213,3341.66031277078,3286.87906589247,206.281032663155,249.24932946785,6986.25134215166,3442.69490148067,6808.69581440716,2852.36199658047,793.178332013002,780.175425087222,48.9629795070389,59.1619580982316,1658.2604657374,1616.11578789631,0.00271979484311364,0.00251113716265952,1.34093750432877e-06,0.000973752136564204,0.0049474502067739,1.96747552377392e-05,1.84230167815141e-05,5.06214163340426e-11,8.21374865915989e-06,3.41011131519736e-05,-799.076444557227,0.0793225222544847,0.0650939439308195,1,0.503738355066303
"sinusoidal",400,"sir_laplace",165,3.914,3465.72737365704,3615.30010968365,96.9405372781958,153.093136209016,6682.87056654447,2181.07468693279,6683.22799664369,3208.15199139335,885.469436294593,923.684238549733,24.7676385483382,39.1142402169176,1707.42732921422,1707.51865013891,0.00288873704202601,0.0025905838077181,1.8588424679163e-06,0.000886512096915104,0.00553329999831424,2.03370063984181e-05,1.8379869469566e-05,7.76922302192458e-11,7.97029717851659e-06,3.81873774843998e-05,-791.524783577039,0.0937060268499188,0.0734876998937423,1,0.510436866832735
"sinusoidal",400,"sir_laplace",166,3.915,3571.88243977017,3616.9640283934,184.937336487325,172.793691815711,6944.69592319764,3318.27416676085,6576.82090316779,2924.80105967549,912.358222163518,923.873315043013,47.2381446966347,44.1363197485852,1773.86869047194,1679.90316811438,0.002756670384425,0.00253627088503191,1.22819289567564e-06,0.00105569029004955,0.0050509476797415,2.02418257729013e-05,1.80689425742902e-05,8.49777465522592e-11,7.67132632107284e-06,3.80890166814039e-05,-777.756869469489,0.103964847442187,0.0877856053312512,1,0.504423103878485
"sinusoidal",400,"sir_laplace",167,3.827,3431.85568562797,3440.92007974659,83.7922496364646,152.970032421363,7138.19615531815,3658.8078699682,6857.9823135724,2451.67674544066,896.748284721183,899.116822510214,21.8950221156166,39.9712653309023,1865.21979496163,1791.99955933431,0.0030285190645155,0.00282284932109449,1.45140108185261e-06,0.00109294416260861,0.00551823214905819,2.0721224665155e-05,1.90748738670979e-05,7.16213548640518e-11,8.84066588129528e-06,3.68974608451069e-05,-810.488835506482,0.0826477388883414,0.0637259087631467,1,0.511455095248281
"sinusoidal",400,"sir_laplace",168,4.134,3426.3942762657,3358.92715293011,105.893640348684,148.448800946757,7014.4151658626,2779.59171575385,6980.51457246417,3312.17574053484,828.832674471626,812.512615609607,25.6152976170014,35.9092406741066,1696.76225589323,1688.56182207648,0.00312386335389388,0.00281340331657169,1.94442823490987e-06,0.0010224862453249,0.00595023532358783,2.10732135033246e-05,1.92821273482205e-05,7.75028572342462e-11,8.46183471911311e-06,3.80976783974467e-05,-785.666426998094,0.0829929440548269,0.0674191094677872,1,0.522628346982992
"sinusoidal",400,"sir_laplace",169,3.972,3298.18606655956,3512.53493303251,177.314905586844,203.260822281857,6780.08661863353,3468.40332457879,6482.48639084114,3189.45881117779,830.359029848833,884.324001266996,44.6412149010182,51.1734195070134,1706.97044779293,1632.04591914429,0.00240081175218331,0.00221656221008749,7.75662785952894e-07,0.00105225537589306,0.00423547265563551,2.0313655751497e-05,1.85150083899832e-05,7.5596517188331e-11,7.30735538937486e-06,3.69964251942795e-05,-761.788564808251,0.0721405872470926,0.0581696134658573,1,0.500178799951431
"sinusoidal",400,"sir_laplace",16,3.905,3964.58540094124,3810.77771364552,138.72899319665,186.207445953006,7088.38299578228,3013.11403445222,7004.53206937668,3535.83065455308,1015.2587454395,975.871373532785,35.5259905753265,47.6843651608211,1815.20691313247,1793.73420470593,0.00324402638400599,0.00296613130049518,1.86890783684788e-06,0.0010829020118309,0.00588126478464876,2.07368489417481e-05,1.93132691470269e-05,6.49151808718729e-11,8.21609570079895e-06,3.66440858397169e-05,-779.774627093989,0.099747829655821,0.0807196787372731,0.9875,0.516528341350473
"sinusoidal",400,"sir_laplace",170,3.729,3557.84787091504,3235.18599861834,144.386184833155,153.044088695916,6786.34959039865,2440.25520747882,6621.52334182624,2707.94446461692,954.102405716021,867.5746845316,38.7198135782126,41.0415898889558,1819.88457774166,1775.68338477507,0.00294346151482161,0.00265728895749316,1.82824718954197e-06,0.0010253558811205,0.00550841462811259,2.07936160640276e-05,1.9099641576445e-05,7.35510952116507e-11,7.82128673110083e-06,3.66086310874399e-05,-803.505083134691,0.0930977416766074,0.0714818605581112,1,0.51275747744354
"sinusoidal",400,"sir_laplace",171,4.224,3156.35507586118,3284.15692219642,167.672077883035,172.500030694803,6986.5789444687,3336.55945778809,6666.82918827335,3084.22831332341,747.243152429258,777.499271353318,39.6950941957944,40.8380754485802,1654.0196364746,1578.32130404199,0.00251593963312765,0.00230390926974103,1.02179270115247e-06,0.000966374434355138,0.00453496009360722,1.93748061144587e-05,1.75360550904282e-05,6.81798365717522e-11,7.25993703899884e-06,3.48366164773855e-05,-770.792606144903,0.0932862131452987,0.0770671383702124,1,0.505291377984667
"sinusoidal",400,"sir_laplace",172,3.833,3384.31534621896,3401.25046270458,134.587949772824,202.381085220308,6829.59462544288,3521.37692083966,6880.65505572598,3219.85238225169,882.941650461507,887.359891130859,35.1129532410185,52.7996569841658,1781.78831866498,1795.10958928411,0.0028249544346943,0.00256775571991944,1.49827069822147e-06,0.00100955652417581,0.00539436629032385,1.92459106024841e-05,1.77908344084884e-05,5.53455495680019e-11,7.68222072341778e-06,3.39494750982319e-05,-767.544495293396,0.101301396686692,0.0791254320323707,1,0.511593342980392
"sinusoidal",400,"sir_laplace",173,3.885,3341.21450954009,3316.40468544524,215.198541527055,206.828668393788,7061.57823873991,3416.87103805605,6749.08485457416,2724.52239086582,860.029474785094,853.643419677023,55.392159981224,53.2377524823135,1817.65205630371,1737.21617878357,0.0027378683215327,0.00255214318312957,1.07322262130349e-06,0.00111524535200469,0.0047692471318026,1.93068008284858e-05,1.77391940235828e-05,6.08164448998262e-11,7.85967717353332e-06,3.3691792657996e-05,-782.196755867014,0.124547287035702,0.100246850036152,0.985,0.511251621990937
"sinusoidal",400,"sir_laplace",174,3.96,3571.65393884837,3298.41087670574,209.948252893943,133.155067109205,6942.25511018107,3814.84754699049,6685.18251828679,3141.57795594456,901.932812840498,832.932039572157,53.0172355792786,33.6250169467688,1753.0947247932,1688.17740360778,0.00256252026352524,0.00236627700394078,9.85180713456712e-07,0.000994893183978736,0.00453782274271719,2.01350442302077e-05,1.78971092089048e-05,7.59794320552491e-11,7.20246174237756e-06,3.82179527249144e-05,-766.415826953796,0.0791317185215372,0.0660681892683366,1,0.496939267868233
"sinusoidal",400,"sir_laplace",175,3.848,3619.16871419424,3439.90534783904,208.427409351365,205.362118273966,6933.10288994116,3896.17911430067,6758.06789238333,3277.70893893828,940.532410133638,893.946296215968,54.1651271703132,53.3685338549807,1801.74191526537,1756.25464978777,0.0025867007048802,0.00237359231174768,1.20165223919367e-06,0.000974336490374223,0.00469881987451949,1.91724109102634e-05,1.80299966079743e-05,4.95192613516941e-11,7.63324192444972e-06,3.24358019342699e-05,-787.194376755953,0.133529218531472,0.10159654395296,0.965,0.500544779398724
"sinusoidal",400,"sir_laplace",176,4.045,3250.3598904696,3324.00326429272,160.374978906444,143.6595331728,6956.30332658866,1853.32610380965,7075.94801333666,1947.13173056513,803.550034726723,821.756060393751,39.6477080114819,35.5153357658343,1719.72888172773,1749.30729625134,0.00371914098448,0.00331727816696934,3.06216615602265e-06,0.00109516998357936,0.00719256302581015,2.09269390933275e-05,1.93292847064953e-05,8.3018747936826e-11,7.29688612457137e-06,3.69599883837835e-05,-802.484766673523,0.125829514817944,0.0927030065085521,0.9825,0.537842092016019
"sinusoidal",400,"sir_laplace",177,3.855,3246.78596499219,3267.19434850391,144.777285859193,155.720357659657,6977.14945273407,3425.64490219965,6821.6823323472,3095.37360450589,842.227228272941,847.521231777928,37.555716176185,40.3943859039318,1809.89609668847,1769.56740138708,0.00286674475593913,0.00266286034553566,1.24376724049216e-06,0.00107958883615325,0.00509347923447269,2.00810138655925e-05,1.82168311652685e-05,6.90016957430816e-11,8.34907891732086e-06,3.79313609013248e-05,-772.038271438913,0.0930618275284899,0.0732313271883401,0.9975,0.513149098107824
"sinusoidal",400,"sir_laplace",178,3.844,3824.42115896942,3694.83562362454,152.42735263248,226.719824681265,7158.44195984436,3593.96561085397,6860.49629088795,3027.66689505449,994.906649055521,961.195531640099,39.6533175422683,58.9801833197881,1862.23776270665,1784.72848358167,0.00263143331783235,0.00243519350200078,1.10192539406114e-06,0.000972022575900944,0.0046816072446219,1.85506460807769e-05,1.68066243061531e-05,5.75671732592608e-11,7.41488572600062e-06,3.47211171889115e-05,-794.673663826985,0.0866077772606499,0.0747093471363549,1,0.501429502424101
"sinusoidal",400,"sir_laplace",179,4.04,3883.56319406037,3696.54778237054,125.862012829365,167.215216747276,6623.7404137666,2716.84525972669,6288.39186126491,2102.90715840926,961.278018331774,914.987074844193,31.1539635716249,41.3899051354644,1639.53970637787,1556.53263892696,0.00295943225494748,0.00267291380266647,1.71713702943819e-06,0.000983230268379987,0.00555129512923714,2.2722813170042e-05,2.03568075688957e-05,1.06579752120699e-10,7.87998876509268e-06,4.43513076478677e-05,-765.340668636331,0.136913295756878,0.110279584388923,0.9225,0.515791511111703
"sinusoidal",400,"sir_laplace",17,3.847,3241.62746188344,3141.42223762198,109.195477913395,203.950387013053,6859.60280731251,3356.51486828945,6587.25678925634,2936.84138113089,842.637759782543,816.590131952686,28.3845796499598,53.0154372272039,1783.10444692293,1712.31005699411,0.00239290479990932,0.00218014984631134,9.9267025514366e-07,0.000790618835392487,0.00440198189249046,1.98070914673095e-05,1.7726048371773e-05,7.61876071998709e-11,8.35133386112909e-06,3.71656377977038e-05,-772.624123757548,0.0670294443264217,0.0515574655366588,1,0.49669244326681
"sinusoidal",400,"sir_laplace",180,4.131,3392.39003144691,3300.1971945982,151.599713000106,163.530201686201,6953.97580449059,3285.63079817183,6725.07582396106,3127.06716784892,821.20310613578,798.885789057903,36.6980665698634,39.58610546749,1683.36378709528,1627.95347953548,0.00239430247719248,0.00223222725448976,8.74360821413855e-07,0.000988830319893805,0.00429199343738917,1.79492472041444e-05,1.67988042029671e-05,4.40194904041588e-11,7.25349523119909e-06,3.04989515797941e-05,-796.305306107584,0.0928585661906925,0.0781044327735277,1,0.484280245325155
"sinusoidal",400,"sir_laplace",181,3.823,3582.55009299171,3422.38467422628,168.110545523044,184.637211864913,6994.07034767877,3132.88461654342,6869.08945541313,3302.72255934966,937.104392621424,895.209174529501,43.9734620776991,48.2964195304507,1829.47171009123,1796.77987324434,0.00258540106924213,0.00236349068985074,1.13084173109589e-06,0.00097348469336482,0.00479360759725219,1.94560234012043e-05,1.76294942367428e-05,6.65291590482331e-11,8.27316724231896e-06,3.58317212191438e-05,-767.742569276953,0.0686843691553892,0.0565422074533616,1,0.50258969255836
"sinusoidal",400,"sir_laplace",182,3.878,3366.39645012768,3307.66529577593,105.542331818578,154.322107820585,6782.07380433029,2985.5377207824,6861.48465281611,3154.26967192319,868.075412616731,852.930710617827,27.215660603037,39.7942516298569,1748.85863959007,1769.33590841055,0.00264577393034726,0.00237993290393846,1.35341999453295e-06,0.00092576733730798,0.00504491242900048,1.85340451231016e-05,1.72825701523482e-05,5.03271320697772e-11,7.02304737501684e-06,3.2730551762063e-05,-787.580791564051,0.0888725066651344,0.070112185969611,1,0.498935418567042
"sinusoidal",400,"sir_laplace",183,3.905,3638.00451307469,3369.0412016856,135.349903540141,101.494974311496,7002.72632852296,3841.69435352645,6594.89342300977,3297.77612812987,931.627276075465,862.750627832419,34.6606667196263,25.99103055352,1793.27178707374,1688.83314289623,0.00275593148169998,0.00256179169047624,1.23119463871835e-06,0.000986501732664886,0.00492128152897283,2.12006107913881e-05,1.95692370747828e-05,7.49357932532624e-11,8.34596206299509e-06,3.77205057065802e-05,-788.729941893439,0.0816127593279709,0.0672305278163082,1,0.504355238917142
"sinusoidal",400,"sir_laplace",184,3.821,4012.59600048815,3929.91646570494,146.338464746277,157.643159967878,6948.22437685877,2443.03705002268,7143.25386143073,3588.79451539803,1050.14289465798,1028.50470183327,38.2984728464477,41.2570426505831,1818.43087591174,1869.47235316167,0.00334838806112958,0.00297753294720966,2.27988880703063e-06,0.00112830598356401,0.00628356342930025,2.00518016950664e-05,1.83147501653332e-05,6.59491077950998e-11,7.90448051655451e-06,3.63097537857694e-05,-779.937430238692,0.105805708971193,0.0894649350316571,1,0.530719427402316
"sinusoidal",400,"sir_laplace",185,3.809,3505.84398866298,3597.64018950863,178.250171067768,126.800971658965,6909.69986980759,3478.12970970356,6728.06816874309,3267.75863128321,920.410603482011,944.510419928756,46.7971045071588,33.289832412435,1814.04564710097,1766.36076890078,0.00264375125234787,0.0024403697076196,1.06178514136547e-06,0.00106233248327848,0.00468780367872212,2.12800431780997e-05,1.93056727716012e-05,8.23676364606331e-11,7.88468696112528e-06,3.92090638730928e-05,-791.62185466383,0.0777550440811566,0.0542032518847146,1,0.504829056046753
"sinusoidal",400,"sir_laplace",186,4.181,3275.57175130733,3341.73407660624,201.222593205265,192.118149045784,7038.07881063464,2601.80878220371,6796.49184426461,3165.27064490894,783.442179217253,799.266700934284,48.1278625221874,45.9502867844498,1683.34819675547,1625.56609525583,0.00292233889225169,0.00262225073536871,1.63712444807271e-06,0.0010573181306149,0.00552657152954202,2.07818764764281e-05,1.88821545059808e-05,7.86133538535606e-11,8.22685609927261e-06,3.83834537668896e-05,-775.268469431858,0.0999077851350764,0.0801501310649167,0.985,0.513260106845584
"sinusoidal",400,"sir_laplace",187,3.825,3745.61433635012,3021.47885813504,201.80910427982,179.941122808197,6838.12018448698,3693.49071116158,6695.67904144213,2894.40812821195,979.245578130751,789.92911323792,52.7605501385151,47.0434307995286,1787.74383908156,1750.50432456003,0.00293952875632761,0.00270880692613753,1.48801504676739e-06,0.00104290597468874,0.00528639006321096,2.20605426394194e-05,2.05608061394585e-05,7.45968593751732e-11,8.83953550358944e-06,3.94906965139512e-05,-778.598394417521,0.114313564297867,0.0824686159513796,0.9725,0.518913500912453
"sinusoidal",400,"sir_laplace",188,3.929,3841.22696375871,3616.9265386303,155.837837918772,79.1530967274359,7190.72983580466,2461.52454484293,7201.14822207574,3477.01870276053,977.660209661164,920.571783820388,39.6634863626296,20.1458632546286,1830.16793988411,1832.81960348072,0.00299935360025527,0.00272996673348305,1.81010121112942e-06,0.000971175512399129,0.0055602016052657,1.99410386667985e-05,1.84989084425085e-05,7.30020175898937e-11,7.4540727878149e-06,3.58055439054634e-05,-802.834660780591,0.0803652925645491,0.0661088019692875,1,0.510364827868584
"sinusoidal",400,"sir_laplace",189,4.082,4169.32138277969,3957.93845854449,132.398496540985,109.046721098798,7030.49190327275,1488.41591961699,7099.48857362882,3022.83626713673,1021.39181351781,969.607657654211,32.4347125284139,26.714042405389,1722.31550790611,1739.21817090368,0.0034408458283455,0.00312991289185638,2.5612585742385e-06,0.00118614146760619,0.0064644554473173,2.1805652510771e-05,1.97504912602371e-05,8.79166774630086e-11,8.24035119161817e-06,4.10607037924831e-05,-791.674409495776,0.0920888803985548,0.0774234369148687,1,0.522376826159983
"sinusoidal",400,"sir_laplace",18,3.849,3591.42062165468,3419.56449190577,154.098741627525,209.0850670291,7003.7839801779,3025.28066719296,7049.37833113409,3356.12144991305,933.078883256607,888.429330191159,40.0360461490063,54.3219192073526,1819.63730324186,1831.48306862408,0.00325033893925585,0.00302544994726795,1.95639906767006e-06,0.00100061142297759,0.0059430138998205,2.03859379463159e-05,1.87075291111488e-05,6.64183195261416e-11,6.99152640888796e-06,3.65279105657973e-05,-791.362550128718,0.114861722304583,0.0970081562361502,1,0.519513487351415
"sinusoidal",400,"sir_laplace",190,4.112,3707.95889145632,3750.87922713972,209.683356101704,157.365629234122,6908.80914090283,2806.29363261898,6474.70681071413,2420.12934632061,901.740975548716,912.178800374446,50.9930340714261,38.2698514674421,1680.15786500555,1574.58823217756,0.00261009361661641,0.00243069443990988,1.11969779003915e-06,0.000959810316631523,0.00472675431715664,2.0091238576037e-05,1.82559566922315e-05,7.44721673106388e-11,7.92185006052142e-06,3.6449073907877e-05,-760.869753393337,0.0922231713890616,0.0726078711968146,0.9875,0.500945596028863
"sinusoidal",400,"sir_laplace",191,3.853,3741.20985641002,4246.80509197166,121.851566508091,186.365313111441,7022.99293303262,1797.57871967147,7245.72043540534,4061.70629575567,970.986207217758,1102.20739474998,31.6251145881368,48.3688847940414,1822.73369660852,1880.53995209067,0.00372273438432666,0.00338217137946741,2.97280335598666e-06,0.00105593472816442,0.00696004185680241,2.11388443231772e-05,1.87451410918357e-05,9.97715621776067e-11,7.1055620705983e-06,4.09023022513443e-05,-796.3379777722,0.0919388067462541,0.0737420878158284,1,0.528951813581074
"sinusoidal",400,"sir_laplace",192,3.814,3642.07678498937,3499.44936270755,186.03270109697,117.233676538924,6851.28845722215,3540.36692718656,6720.48075804952,3128.31837997665,954.923121392074,917.527363059138,48.7762719184504,30.7377232666294,1796.35250582647,1762.05578344245,0.00272526732676919,0.0024904847807332,1.3271679651131e-06,0.000958152798388051,0.00502791259541416,2.02911953413645e-05,1.82348651527666e-05,8.39114631983185e-11,7.11296124444123e-06,3.79066921139448e-05,-783.360815842304,0.0760601786795637,0.0614338541702352,1,0.50153258354219
"sinusoidal",400,"sir_laplace",193,3.806,3517.01798167585,3541.89003438656,176.210560766328,169.870214190219,6762.86560728658,3699.6660583135,6315.37177589967,3202.98207514954,924.07198677768,930.606945451014,46.2980979417571,44.6322160247554,1776.89585057451,1659.31996213864,0.00252179384854721,0.00231400568018019,1.05016741933732e-06,0.000999642718601216,0.00464959578052777,2.04841811040747e-05,1.84738218653266e-05,8.01903963882218e-11,7.472902111943e-06,3.68402858273168e-05,-784.433069262187,0.0728440399480942,0.0589805111531464,1,0.496674669870715
"sinusoidal",400,"sir_laplace",194,3.793,3739.53300367755,3549.34278026421,250.997561005003,204.824880376479,6971.62131009922,3643.67645402994,6655.23652995146,3146.71724183955,985.903771072383,935.761344651783,66.1738890073827,54.0007593926915,1838.02301874485,1754.61021090205,0.00274483607195744,0.00258111524574558,1.05372138719822e-06,0.00106518801358612,0.00490707550167899,2.0865022411045e-05,1.86812124367038e-05,8.07371732727911e-11,7.27402221814041e-06,3.84384904396963e-05,-778.753472983684,0.119628687603192,0.0978618190819467,0.9975,0.505026871803633
"sinusoidal",400,"sir_laplace",195,3.852,4555.13299829539,4135.82982716157,111.427201534416,172.030450813535,6726.91486582506,894.322449016353,7383.50620909126,3908.5825971592,1182.53712312965,1073.68375575326,28.9271032020809,44.6600339599,1746.34342311139,1916.79808128018,0.00386662519703247,0.00349916241269966,3.0980579688558e-06,0.00126364180922788,0.00737440452359638,2.11094429956208e-05,1.92269559073863e-05,7.68297346312713e-11,8.40026667539023e-06,3.78188581497761e-05,-779.468775934919,0.104779369308848,0.0820766489489136,1,0.541631974132121
"sinusoidal",400,"sir_laplace",196,3.745,3677.4454888181,3884.48594772914,136.76584284345,161.471466091689,6857.88363543701,3731.90240606941,6706.4865795527,3278.14592942287,981.961412234472,1037.24591394637,36.5195842038584,43.116546352921,1831.21058356128,1790.78413339191,0.00274144028302778,0.00246989164982305,1.60759793357444e-06,0.000892971816154267,0.00531519431139438,2.06846324591144e-05,1.91306353728869e-05,8.0006163397293e-11,7.8749209917341e-06,3.75009369129043e-05,-787.111024219969,0.0881119253499114,0.0713872266639284,1,0.50713298551256
"sinusoidal",400,"sir_laplace",197,3.801,3627.3799877282,3616.58674317035,141.025874949541,155.575409131266,6842.40988383377,2239.18574647993,6882.7652474218,3407.62874529911,954.322543469665,951.482963212403,37.1023085897239,40.9301260540032,1800.16045352112,1810.77749208677,0.00292100541674788,0.00262248896277361,1.97850720461539e-06,0.000862985639287817,0.00552625582133769,2.13533597308637e-05,1.88942336185443e-05,1.02799242436303e-10,6.8842646032236e-06,4.01085267984646e-05,-788.079040155642,0.106227319049026,0.0861496613723856,0.9975,0.518812684170256
"sinusoidal",400,"sir_laplace",198,4.012,3251.60073562864,3356.63908176516,125.655749179953,151.535499092917,6907.36735572345,2663.39531991521,6625.39489696596,2915.48579517694,810.468777574437,836.649820978356,31.3199773628995,37.7705630839773,1721.67680850535,1651.39454061963,0.00265452594432624,0.00248553265380511,1.08083113488223e-06,0.00100424152072356,0.00462363840618097,2.09789298381602e-05,1.87706533520128e-05,9.11605353323645e-11,7.41650393315975e-06,4.07327900357953e-05,-782.927216944956,0.100196825389311,0.0800124470324432,1,0.496939191072682
"sinusoidal",400,"sir_laplace",199,4.006,4130.09780919826,3733.78518927908,128.955030907672,147.487794703797,7117.45229530447,2324.15478130335,6744.25554395476,3541.64188475569,1030.97798532158,932.048224982298,32.1904720188896,36.8167235905635,1776.69802678594,1683.53857812151,0.00347942751678508,0.00312317908769757,2.69515797362185e-06,0.0011825114880174,0.00674518121152801,2.111189930873e-05,1.90671115383736e-05,8.96401259840655e-11,8.08872554028737e-06,3.95770490068389e-05,-795.560412729402,0.134225378807576,0.0953822914617407,0.9325,0.535282275914735
"sinusoidal",400,"sir_laplace",19,3.865,3966.75398179351,4073.33454465881,160.362368168564,121.009547208669,6624.57433418194,1829.58541909277,6494.29291935081,1500.50106707352,1026.32703280556,1053.90285760901,41.4909102635354,31.3090678418289,1713.990772104,1680.28277344135,0.00355111491690963,0.0032471732673906,2.49711102025874e-06,0.00115771726071901,0.00665278672368139,2.42728553546261e-05,2.08769428769445e-05,1.86601475866619e-10,7.3241180978646e-06,4.8026768963786e-05,-778.320055529646,0.0976536160953329,0.0805321950090354,1,0.528952223507392
"sinusoidal",400,"sir_laplace",1,4.174,3541.84812976126,3633.00523024923,206.972448264458,137.642651908406,7136.05575911991,3483.67366426177,7023.2312919532,3478.39277821471,848.55010296149,870.389369968669,49.5861160192761,32.9761983489234,1709.64440803064,1682.61410923651,0.00330038611149675,0.00304442759119921,1.74205592634088e-06,0.00126053787344821,0.00606934716239687,2.12414263630363e-05,1.92718499191353e-05,7.73316165752563e-11,8.16096940580135e-06,3.9932713196254e-05,-796.116154318266,0.0818575582564871,0.06767203935187,1,0.52363026096521
"sinusoidal",400,"sir_laplace",200,3.928,3447.53485109034,3453.78663048149,245.717666674292,220.432398425262,6862.98905955255,3633.40800434906,6668.95003043065,3237.95561763533,877.681988566787,879.273582098138,62.555414122783,56.1182277050055,1747.19680742173,1697.79786925424,0.0025030010395059,0.00234745122722337,8.52319463948961e-07,0.000999255539856625,0.00436365013733755,2.01411408372516e-05,1.81632173054783e-05,8.08156163363269e-11,7.66086783129522e-06,3.77517232083203e-05,-777.431978691668,0.0895687839961236,0.0725902665976285,1,0.49721476210906
"sinusoidal",400,"sir_laplace",20,3.805,3634.17989097337,3350.17295956395,118.719026057829,207.793002023849,6773.68315254573,3836.33463112972,6665.39399055855,3175.24689598323,955.106410242672,880.465955207345,31.2007952845805,54.6105130154662,1780.20582195683,1751.74612104035,0.00250714800420604,0.00226254046779913,1.26752670778748e-06,0.000893808106775393,0.00466542884956687,1.87025616570481e-05,1.74145137046417e-05,4.66380935620971e-11,7.8240313624239e-06,3.16564824645871e-05,-780.999201604929,0.075866198794594,0.062035799396751,1,0.494092516047072
"sinusoidal",400,"sir_laplace",21,3.774,4268.61938687452,4052.94358696041,129.730336051127,144.272442890443,6914.00318926555,2031.41285490928,7004.67624498688,3355.80314342607,1131.05972095244,1073.91192023328,34.3747578301873,38.2279922868157,1832.00932412972,1856.03504106701,0.00329856491104345,0.00300506607717865,2.34306995832562e-06,0.000958497329261519,0.00621069727176194,2.08079601236518e-05,1.87500522874892e-05,8.98656280340884e-11,7.58292808899098e-06,3.8376012952569e-05,-803.949786815103,0.0916102281290732,0.0767247617305376,1,0.52606273095436
"sinusoidal",400,"sir_laplace",22,4.211,3314.9911192951,3176.54476291895,167.955880154063,91.2634498847091,7162.32650386079,2809.04797166824,7123.81267478051,2992.23603444702,787.221828376893,754.34451743504,39.885034470212,21.672631176611,1700.86119778219,1691.71519230124,0.00321898291441181,0.0029768315221573,1.66441598816046e-06,0.00128082638423581,0.0059092161811231,2.00785183507214e-05,1.81073536286409e-05,7.44887145231284e-11,7.73522704172996e-06,3.76480084545243e-05,-782.967481570564,0.0892578672661854,0.0675683635318052,0.9775,0.519158296803266
"sinusoidal",400,"sir_laplace",23,4.197,4618.61993589919,4320.07583035759,135.096983412562,167.273080942899,7191.72746909933,1932.63723539624,7163.2533418738,3680.41408875894,1100.45745434815,1029.32471535801,32.1889405319424,39.8553921712889,1713.54002122929,1706.7556211279,0.00348414078173087,0.00320242377583305,2.06768649894108e-06,0.00121940961527185,0.00654268593678279,2.14492170894627e-05,1.96768285106029e-05,7.85668933543593e-11,7.5994106651952e-06,3.8573635884103e-05,-795.701993889574,0.085653594762302,0.0704413801172786,1,0.527851878965715
"sinusoidal",400,"sir_laplace",24,3.792,3540.70962038074,3655.30599297309,184.993409290389,225.271372743909,7048.99763457898,3865.97363173468,6856.94986615029,3291.62484350483,933.731439973824,963.95200236632,48.7851817748917,59.4070075801448,1858.91287831724,1808.26736976537,0.00266009002661381,0.00248907381111066,1.10773760250218e-06,0.000924427574429361,0.004743445480265,1.95951863223219e-05,1.79679036426334e-05,6.40935790415906e-11,7.51442170307219e-06,3.46118732299845e-05,-774.885767821746,0.0616046778203456,0.0481937304718126,1,0.500898855818091
"sinusoidal",400,"sir_laplace",25,3.737,3329.49281101132,3535.95856754968,139.023837729343,165.837321870334,7061.61362055844,2782.58033967512,6960.74974391061,2765.10980223264,890.953388014802,946.202453184286,37.2019902941778,44.3771265374187,1889.64774432926,1862.65714313904,0.00293252984375409,0.00262723515027523,1.76078343984279e-06,0.00100585609970009,0.00546021865818768,1.93569504466417e-05,1.8049818975148e-05,5.45412998265663e-11,7.16944361210421e-06,3.3844724775202e-05,-775.25303285078,0.130341530144125,0.10199356440335,0.9625,0.515009308912168
"sinusoidal",400,"sir_laplace",26,3.99,3582.3248428951,3564.72642069601,183.951272337688,157.845556256297,6938.83907938643,3646.56305975019,6634.66640504241,3304.89515379515,897.825775161679,893.415143031582,46.1030757738566,39.5602897885455,1739.05741338006,1662.82366041163,0.00255778460411883,0.00235825033044202,1.05247885320942e-06,0.000956058608865508,0.00451493949751598,1.87855837650011e-05,1.70674796138861e-05,5.76502636236452e-11,7.41854537151779e-06,3.36655948976246e-05,-767.032958321286,0.111289701970728,0.0900310228084774,0.9925,0.503237135154409
"sinusoidal",400,"sir_laplace",27,3.899,3659.62654919894,3568.74496463463,174.031149680544,129.140855097522,6978.41587426034,3318.58451609021,6948.95976719776,3380.83852637001,938.606450166436,915.297503112243,44.6348165377133,33.1215324692285,1789.79632579132,1782.24154070217,0.00280838391410013,0.00259494059226361,1.35245268036028e-06,0.000971928516892368,0.00502048963668195,1.95284179161715e-05,1.77640649817988e-05,5.98206899400881e-11,7.97095463636231e-06,3.5296642324289e-05,-789.471406210163,0.106124672944874,0.0918295284926894,1,0.517093795189009
"sinusoidal",400,"sir_laplace",28,3.928,3981.614458659,4067.74131879031,166.385624967631,154.907520998789,6875.08815848804,2113.16239321477,6804.14837927966,3477.34182620048,1013.6493021026,1035.57569215639,42.35886582679,39.4367415984696,1750.27702609166,1732.21700083494,0.00309065624569434,0.00282486614857975,2.04188318760005e-06,0.000995948549148782,0.00587711298110587,2.20939303406864e-05,1.9950566661024e-05,9.26454299817743e-11,7.85181035672609e-06,4.19094881461353e-05,-780.297977012007,0.0893286116214392,0.065002557677802,0.985,0.51738910963197
"sinusoidal",400,"sir_laplace",29,4.099,3321.98241391513,3156.39609681696,156.728415981005,222.151788435982,6842.38128639857,3560.90338209002,6502.40024100089,3069.48531771425,810.437280779491,770.040521302016,38.2357687194449,54.1965817116326,1669.28062610358,1586.33819004657,0.00289701906448954,0.00266014550326303,1.50003644567416e-06,0.00104442274465722,0.00533687903677818,2.20975544854207e-05,2.01742338163247e-05,9.03998111787425e-11,7.64171184088301e-06,4.10708143947003e-05,-772.524286381206,0.0967331775836069,0.0724886200556864,1,0.518580185134024
"sinusoidal",400,"sir_laplace",2,3.917,3440.49287329606,3714.23641258729,181.052797185515,179.369106512706,7070.88401851295,3626.53874492107,6908.71624800615,3609.89424547131,878.348959227996,948.234978960247,46.222312276108,45.792470388743,1805.17845762393,1763.77744396378,0.00272365287214362,0.00254850992423219,1.19804677596383e-06,0.0010747871555324,0.00477824929509845,1.92259907955238e-05,1.75521949348765e-05,6.22087898870741e-11,7.18669408541088e-06,3.49910329533265e-05,-807.291265962241,0.101554091835367,0.0830090659355453,1,0.495828652574884
"sinusoidal",400,"sir_laplace",30,4.235,3753.29454452182,3618.12079437892,165.733112721575,222.333119866396,7056.59922887311,3699.29567583766,6976.25685540028,3484.0259762878,886.256090796179,854.337849912377,39.1341470416942,52.4989657299637,1666.25719690038,1647.28615239676,0.00272743719177422,0.00251732712867298,1.3136008944712e-06,0.000962902251891633,0.00497139227268799,1.9728479699453e-05,1.79972149244518e-05,5.78623673272067e-11,8.01294702389287e-06,3.47573867977316e-05,-805.950201528323,0.111123694092657,0.0835118929639802,0.9775,0.49688059721753
"sinusoidal",400,"sir_laplace",31,3.916,3743.44592451193,3550.09714407679,153.08343729049,168.887123633489,6962.71739526147,2012.63440963352,6682.68482147643,3336.24664764767,955.936140069442,906.56208990725,39.0917868463968,43.1274575162127,1778.01772095543,1706.50787065282,0.00290712936376245,0.00267844641230966,1.48364940259193e-06,0.00101153366986172,0.00529465443628897,2.10897994489901e-05,1.87246708503224e-05,9.36722849894283e-11,7.65981573569665e-06,4.01092547944348e-05,-794.847780729389,0.0870995103801309,0.0659880453363872,0.965,0.504557691509438
"sinusoidal",400,"sir_laplace",32,3.756,3476.80777061944,3314.92536173038,148.145464925149,160.402249442686,7025.59833445579,3765.45796036638,6808.49377639934,3090.65132566302,925.667670558957,882.567987681146,39.4423495540866,42.7056042179676,1870.50008904574,1812.6980235355,0.00268741525004725,0.00249247470386588,1.17646248171474e-06,0.000980525096240808,0.00474074951070726,2.00096166921206e-05,1.81392737372845e-05,7.080437884267e-11,7.66474725311724e-06,3.75115017946056e-05,-811.622304464854,0.0720753998173924,0.0573591628182434,1,0.503541863435256
"sinusoidal",400,"sir_laplace",33,4,3931.63588105191,4060.75576148195,149.728963874221,160.720823280925,6695.00528284024,1443.55734872693,6704.18874209402,2430.52290670612,982.908970262978,1015.18894037049,37.4322409685553,40.1802058202312,1673.75132071006,1676.0471855235,0.00341901256396604,0.0030763170897001,2.58675887890071e-06,0.00105728085391246,0.00671568472714766,2.32806273162943e-05,2.06928972341262e-05,1.06555252875001e-10,8.81278837253925e-06,4.4218764899421e-05,-799.389968406207,0.125312700612918,0.0906486226892791,0.9475,0.531208378860788
"sinusoidal",400,"sir_laplace",34,3.822,3006.51640974744,2915.2393950562,163.960018826928,194.687182463529,6810.16735601755,3209.00765779975,6590.98329867783,2844.6851089264,786.634330127536,762.752327330247,42.8990106820847,50.938561607412,1781.83342648287,1724.48542613235,0.00251077999586235,0.00224503978299372,1.32969485626879e-06,0.000880849174501078,0.00491732601378613,2.0232439431417e-05,1.84371153396142e-05,6.76099787930857e-11,7.67733545487746e-06,3.77119288894646e-05,-801.195193907926,0.0975329098066102,0.0816274006393748,0.98,0.490059088797985
"sinusoidal",400,"sir_laplace",35,4.065,3867.88065863586,3876.56933901187,184.072033794928,159.004209475819,6817.83609625829,3159.01591149331,6546.62682327654,2643.02536534268,951.508157105994,953.645593852858,45.2821731352836,39.1154266853184,1677.20445172406,1610.48630338906,0.00272997733630296,0.00249202984821755,1.41015581336114e-06,0.000949214272751783,0.00520826482490014,2.01449034549826e-05,1.81408759974462e-05,8.28116330570247e-11,7.46874879055298e-06,3.8023529660164e-05,-766.388462089922,0.109492526423201,0.0909887890339992,1,0.514914367317541
"sinusoidal",400,"sir_laplace",36,3.81,4036.63611078019,3710.72073550042,211.619705171761,111.843225458949,6961.4681055189,3609.84207901671,6648.70986805858,3100.16453614862,1059.48454351186,973.942450262577,55.5432297038744,29.3551772858135,1827.15698307583,1745.06820683952,0.00271209795729358,0.00252487722916755,1.1725385644739e-06,0.00096805839937186,0.00481991304848944,2.01231811154666e-05,1.83425459256233e-05,6.63968379475343e-11,8.02577843323934e-06,3.70759990335651e-05,-794.981324753195,0.131453092669003,0.110669038622943,1,0.498625304058914
"sinusoidal",400,"sir_laplace",37,4.171,3490.25917280945,3598.20806499763,119.64711059534,124.175302973131,6778.07225159713,2220.21925675925,6749.0284279538,3229.37699215431,836.791937858895,862.67275593326,28.6854736502854,29.7711107583627,1625.04729120046,1618.08401533297,0.00293982014472184,0.00263139521238561,1.7737589066004e-06,0.00100651286429159,0.00554093591131011,2.01681620984775e-05,1.84451267113095e-05,6.9017412175203e-11,8.03080427713976e-06,3.49325876992284e-05,-775.58008874447,0.102021876197823,0.0782727125485119,0.975,0.512496141558928
"sinusoidal",400,"sir_laplace",38,3.822,3148.0303872555,3409.02914227831,78.9658610569173,74.0026093695881,6479.60166126736,1637.53240181753,6507.23058684674,1942.35892097866,823.660488554552,891.949016817977,20.6608741645519,19.3622735137593,1695.34318714478,1702.57210540208,0.00325503686667553,0.00288733494015846,2.71585247879144e-06,0.00107863838753545,0.00630373940260324,2.31835918870869e-05,2.03565908661023e-05,1.3595346660747e-10,7.43323830253875e-06,4.728168646676e-05,-791.632059395058,0.147402013747858,0.126776616172554,0.975,0.527801290523472
"sinusoidal",400,"sir_laplace",39,4.214,3839.5787488541,3693.40537053889,159.479709292137,178.973841499195,6961.61430860156,2601.71979268174,7112.13478536091,3576.9656841045,911.148255542028,876.460695429256,37.8452086597383,42.4712485759835,1652.02048139572,1687.73962633149,0.0033478584910731,0.00307518424165582,1.96495062332897e-06,0.00114090127201439,0.00617657958838721,2.14230169066325e-05,1.90288394532429e-05,1.03992049523515e-10,7.8565685704639e-06,3.96066737894502e-05,-782.269635164777,0.0887764999536102,0.0751723335434928,1,0.523833835395836
"sinusoidal",400,"sir_laplace",3,4.091,3895.4517123097,3761.84947656663,140.912712582056,194.810679802674,6805.65915921972,1336.85450645224,6828.70674933261,3488.74362826189,952.200369667489,919.542771099151,34.4445643075181,47.6193301888717,1663.56860406251,1669.20233422943,0.00308685458106897,0.00284543121672488,2.00302415507801e-06,0.00102686901352592,0.00564684965366455,2.00720573752143e-05,1.84097627681499e-05,6.31101937689631e-11,8.21191649916491e-06,3.64479851433867e-05,-812.7284884672,0.0914657375708865,0.0754075328771913,1,0.518237461496627
"sinusoidal",400,"sir_laplace",40,3.741,3855.94861128974,3296.63018542185,182.734162816933,162.872873163679,6958.52252473243,2010.1433562803,6785.5756379986,2084.65619546202,1030.72670710766,881.216301903729,48.8463413036442,43.537255590398,1860.07017501535,1813.84005292665,0.00289033643965997,0.0026209163008247,1.56084694223348e-06,0.00105842934430687,0.00537986512352529,2.05562458999291e-05,1.84923402229865e-05,7.96946258942727e-11,8.24158362377015e-06,3.74685163269806e-05,-785.532132728854,0.0833084073356182,0.0657800601468407,1,0.505621011376722
"sinusoidal",400,"sir_laplace",41,3.944,3834.94979192985,3814.59980579407,147.011945748754,139.935309208064,6841.359077407,2069.44701287135,6668.19992702709,2707.98682705049,972.350352923391,967.190620130343,37.2748341147957,35.4805550730385,1734.62451252713,1690.72006263364,0.00318624028485811,0.00290038483793394,2.29569247699451e-06,0.000913634359005445,0.00613466419615688,2.17510768840449e-05,1.9675087133352e-05,1.00206002739327e-10,7.7042336433167e-06,4.05683001378401e-05,-805.417335406586,0.0797205728847527,0.0625206524322654,1,0.517130877746485
"sinusoidal",400,"sir_laplace",42,3.866,2968.58759302806,3045.38680097387,167.799087697875,135.686466481084,6865.13625743634,3091.73843408757,6458.05379870951,2583.49784125124,767.870562086927,787.735851260701,43.4037991975879,35.0973788104202,1775.77244113718,1670.47434006971,0.00254278307889541,0.00232374896335371,1.07665437893102e-06,0.000916199022221567,0.00464638091458281,2.08255051174618e-05,1.91896963997744e-05,7.22723758097877e-11,7.25700327537646e-06,3.71370837815177e-05,-795.818328637206,0.107591494076347,0.0898695458429969,0.9625,0.493253654990806
"sinusoidal",400,"sir_laplace",43,3.981,3610.95250131431,3432.01179158803,148.42519636075,160.288656822505,6951.75949654859,3760.61297719199,6694.22372949393,3268.81608984693,907.046596662725,862.097912983681,37.2833952174704,40.2634154289137,1746.23448795493,1681.54326287213,0.00256792125425021,0.00232504606603554,1.16882997155739e-06,0.000925290094612397,0.00465744440889532,1.86315874822187e-05,1.70437566391838e-05,5.76052842919723e-11,6.74046749438433e-06,3.38392246876944e-05,-787.19536996783,0.0910234048733153,0.0749459091246683,0.9975,0.495281517679998
"sinusoidal",400,"sir_laplace",44,4.107,2720.37798317256,3265.65597417322,101.983201429442,215.565212483684,6693.00122252306,2781.68163568294,6513.45551544932,2925.78315855247,662.375939413821,795.143894368936,24.8315562282547,52.4872686836339,1629.65698137888,1585.93998428277,0.0027647129203759,0.00247920104595733,1.6183860642242e-06,0.000960817238330439,0.00522253518451981,2.19249874499003e-05,1.99019503208383e-05,8.26761417303374e-11,7.75888916428291e-06,4.02001368807725e-05,-776.82314824392,0.111326213764332,0.0821065210639831,0.96,0.510878296607399
"sinusoidal",400,"sir_laplace",45,4.055,3721.03014905688,3716.48811580384,138.134617690177,147.767977634046,6807.11882476102,2303.27063000717,6717.90292527967,2624.28691730901,917.639987436961,916.51988059281,34.0652571369118,36.4409315990249,1678.69761399778,1656.69615913185,0.0026832723695071,0.00247233017724927,1.27236220702063e-06,0.000910435638137878,0.00488175454423332,2.0008289799213e-05,1.75378563942656e-05,9.28655966072542e-11,7.68134816982642e-06,3.81256755004358e-05,-783.31172947905,0.104224303345657,0.0732049164446854,0.9725,0.493161938248131
"sinusoidal",400,"sir_laplace",46,4.011,3125.03215394418,3124.03973262406,136.472261595472,208.050286728594,7121.09834451222,3250.62819409627,6849.47164052145,2992.40735854381,779.115470940958,778.868046029435,34.0244980292876,51.8699293763636,1775.39225742015,1707.67181264559,0.00298172451900169,0.00270667416912948,1.76335388340012e-06,0.000933121974159499,0.00547717872153988,2.08071455484989e-05,1.8636593107671e-05,8.12000189927118e-11,8.21155502003148e-06,3.89171200717437e-05,-806.435743853211,0.0980895150026257,0.0711518540156258,1,0.508111984985151
"sinusoidal",400,"sir_laplace",47,3.892,3693.72176631106,3620.29065797281,187.094003468906,233.706730109211,7048.16037227072,4031.85076428192,6849.69137431726,3653.86114699299,949.054924540354,930.187733292088,48.0714294627199,60.0479779314521,1810.9353474488,1759.9412575327,0.00270771706286742,0.00250546256991887,1.22950020467794e-06,0.000894469867336228,0.00484635659034517,1.94681503180483e-05,1.78810026935636e-05,6.42137723301557e-11,8.09152866469532e-06,3.41704275577833e-05,-798.168842528466,0.0832213834060946,0.0625053946380878,1,0.500978014402672
"sinusoidal",400,"sir_laplace",48,3.965,3668.06606262286,3576.98110350926,189.333397968949,228.993277986033,6936.80532935601,3330.84625850435,6661.35299764888,2961.60005226578,925.111238996939,902.138992057822,47.7511722494197,57.7536640570071,1749.50954082119,1680.0385870489,0.00240512094507281,0.00222586735075394,8.78229792705905e-07,0.000919479153488365,0.00426036544583622,1.80138700729519e-05,1.66227825122895e-05,4.42640918320951e-11,7.41927815942525e-06,3.12853552048351e-05,-800.729370964577,0.0769109161257863,0.0600815030400168,1,0.498368234849249
"sinusoidal",400,"sir_laplace",49,3.997,2589.13913979546,2181.5346094955,153.747235926234,212.669056938374,6901.85571361904,2714.45798432992,6582.15570283119,1910.59629196077,647.770612908547,545.792997121715,38.4656582252274,53.2071696118025,1726.758997653,1646.77400621246,0.00261947661830498,0.00239304829816904,1.16560994188936e-06,0.000941314407155585,0.00464517904171035,2.11622718373563e-05,1.9429291107876e-05,7.73938561543876e-11,7.87679205227175e-06,3.81359268131749e-05,-786.798025653446,0.116532835976984,0.0936786218953691,0.985,0.497597793304865
"sinusoidal",400,"sir_laplace",4,3.805,3427.40243174511,3444.27732152746,54.5961165525213,173.495369041459,6820.9427656103,3557.02407283131,6645.71386225319,3003.62660182798,900.762794151145,905.1977191925,14.3485194618979,45.5966804313953,1792.62621960849,1746.57394540163,0.00274622534326595,0.00249291965954066,1.47742482579124e-06,0.000931634565712285,0.00521605267390284,1.99523740021105e-05,1.75765476296617e-05,1.09793708680835e-10,7.88206372098068e-06,3.67474818983482e-05,-785.252591216672,0.0708148445440472,0.0587402661069181,1,0.506403654060956
"sinusoidal",400,"sir_laplace",50,3.745,3343.32567591926,3201.7984852784,184.311068037381,224.21516829294,6780.40705000722,3087.34309814262,6682.82660791991,3098.13600730329,892.743838696733,854.95286656299,49.2152384612499,59.870538930024,1810.52257677095,1784.46638395725,0.00266092170218563,0.0024410364198226,1.29804498263601e-06,0.000933152299629595,0.00481580830015955,1.94424512983807e-05,1.80568403581009e-05,5.34938574119249e-11,7.98779307739005e-06,3.41214958852479e-05,-773.897206815984,0.132089231454168,0.0931332829027081,0.9475,0.508292265113619
"sinusoidal",400,"sir_laplace",51,3.85,3890.67816439594,3682.93719215203,126.891143313503,216.04315019997,6902.20035668402,1503.60759939195,6828.09476188569,2991.86239960922,1010.56575698596,956.607062896632,32.9587385229878,56.1151039480443,1792.77931342442,1773.5311069833,0.00339601625924829,0.00298845936210176,2.70076619207638e-06,0.000999386825880761,0.00681283128763176,2.11881927876887e-05,1.896120445795e-05,9.04571271033063e-11,8.29349072033761e-06,3.80913969209621e-05,-804.98693540835,0.10254556645026,0.0797235260732765,0.995,0.522863214524065
"sinusoidal",400,"sir_laplace",52,3.744,3157.26134556421,2892.73612459606,159.165922092585,173.17917656588,6804.44332506626,2512.86770007739,6316.95769352787,2316.0160497088,843.285615802405,772.632511911342,42.5122655161818,46.2551219460149,1817.42610178052,1687.22160617731,0.00289158353879382,0.0026999717704945,1.3652606415048e-06,0.00103525542017988,0.00522192748944794,2.17135920183602e-05,1.91405640696297e-05,1.15785508544694e-10,7.65750349752138e-06,4.28970765164846e-05,-784.262149670359,0.13347647455445,0.108748580197873,0.925,0.518909841547853
"sinusoidal",400,"sir_laplace",53,3.811,4027.80348559761,3986.9133140559,154.498005728533,163.394558359087,6898.2587181542,1928.03735762791,6691.04615481625,3859.40655683109,1056.88887053204,1046.15935818838,40.5400172470565,42.874457716895,1810.09150305804,1755.71927442043,0.00316493174732818,0.00287735823805305,1.82624792778922e-06,0.00111977842229516,0.00591239404701388,2.01673967872908e-05,1.82488128324382e-05,8.34372977463922e-11,7.41681096148099e-06,3.63979386794919e-05,-780.350079438772,0.0998873507428523,0.0799255919072047,1,0.521692047371167
"sinusoidal",400,"sir_laplace",54,4.002,3731.6999222283,3854.70397543014,120.068412098592,164.497628479078,6987.21660905046,2697.55345361612,6882.9056402224,3170.85707597861,932.458751181485,963.194396659206,30.0021019736611,41.1038551921735,1745.93118666928,1719.86647681719,0.00305525865435299,0.00277302928732654,1.6589598336167e-06,0.00109865057390663,0.00574502635935229,2.02777077642569e-05,1.89016252244552e-05,6.17666504044273e-11,7.76360035887445e-06,3.52938851090216e-05,-782.508113029315,0.0963643471286112,0.0790735997573715,0.985,0.508728581218905
"sinusoidal",400,"sir_laplace",55,3.853,3917.55496491404,3950.34257994133,177.86789667886,178.917434060852,7072.88710657117,2836.00144437229,6690.26798577419,3392.91627223672,1016.75446792475,1025.26410068552,46.1634821382973,46.435876994771,1835.68313173402,1736.37892182045,0.00314221537626922,0.00288247010938526,1.76718893598476e-06,0.00109089154422027,0.00583396912293436,2.14376379946683e-05,1.94929503341272e-05,7.81311702933219e-11,8.54066646952596e-06,3.98972848328768e-05,-774.760096627599,0.118900358921023,0.0974212414755063,0.9875,0.512927339823368
"sinusoidal",400,"sir_laplace",56,3.853,3511.04511119072,3555.79285814159,132.503138943041,137.019020400297,7052.56683599816,3692.11479577699,6826.48681816719,3399.39857336811,911.249704435693,922.863446182608,34.3896026325048,35.5616455749537,1830.40924889649,1771.73288818251,0.00288704533611209,0.0026119225586929,1.51993192297141e-06,0.00105878345983925,0.00531574218965888,2.04836021916283e-05,1.82471155150561e-05,1.11800090864703e-10,7.68432819797803e-06,3.68258772710483e-05,-793.896959199233,0.0841783403546797,0.068528117809442,1,0.507071347279537
"sinusoidal",400,"sir_laplace",57,3.803,3927.07120302972,3864.08929226246,100.178605523456,196.927901655277,6869.36517772906,1884.60394915259,6955.48727042109,3618.40189705728,1032.62456035491,1016.06344787338,26.3419946156867,51.7822512898442,1806.30165073076,1828.94748104683,0.00294587842887808,0.0026298229946215,1.85246345437957e-06,0.00101763930086373,0.00569194628263803,1.95617034562971e-05,1.80473515801249e-05,6.02860498679293e-11,7.78627184829058e-06,3.45965390653261e-05,-794.415885338234,0.0935441273765146,0.072774773804197,0.995,0.505375059112515
"sinusoidal",400,"sir_laplace",58,3.999,3448.12142455455,3458.4362008702,176.836205510474,149.601732688949,6866.25187351251,3027.67328416974,7037.26992486085,3149.28542702779,862.245917618042,864.825256531682,44.2201064042196,37.4097856186419,1716.99221643223,1759.75742057035,0.00309712980013312,0.00285404479920604,1.6943406662094e-06,0.00109648494509695,0.00577317821072456,2.08648261521164e-05,1.85468694028242e-05,9.80918772752235e-11,7.47855294477318e-06,3.99803560649705e-05,-768.073881328614,0.103609703958755,0.0876156346088962,1,0.525913531341691
"sinusoidal",400,"sir_laplace",59,4.158,3943.79096453349,4051.89839529329,148.820641991414,97.4176998059942,6910.4112197875,2201.40818555897,6832.28880470219,2061.22679588554,948.482675452979,974.482538550575,35.7914001903353,23.4289802323218,1661.95556031446,1643.16710069798,0.00333023191146029,0.00300976643784971,2.72442177809267e-06,0.00107497656793342,0.00628848547757058,2.08124933729065e-05,1.90121355902047e-05,7.29128729509253e-11,7.78193396963897e-06,3.7900096291374e-05,-789.632801450063,0.108258556301117,0.0820377540388696,0.985,0.525608147018102
"sinusoidal",400,"sir_laplace",5,3.801,3697.53044649459,3618.34544234193,108.195758790578,155.871427426755,6815.40826582374,2741.09765136532,6790.48688764876,3502.37489253915,972.778333726544,951.945657022343,28.4650772929698,41.008005110959,1793.0566339973,1786.50010198599,0.00276927547245155,0.00253681469100577,1.46424239430813e-06,0.000847384847640522,0.00521954042457426,1.94964753965415e-05,1.81251412403941e-05,5.70197720242278e-11,7.6636313246153e-06,3.33432786508591e-05,-787.971886274278,0.0993568159069887,0.0760973835995673,1,0.509744436860147
"sinusoidal",400,"sir_laplace",60,3.963,3430.28206015254,3085.6644871847,99.5165779373131,195.809678619421,6757.92173393758,3016.45715882517,6741.34361379224,2901.99962225593,865.577103243135,778.61834145463,25.1114251671242,49.4094571333386,1705.25403329235,1701.070808426,0.00264542484433696,0.00236245069954253,1.32825792750887e-06,0.000919520158027129,0.00489635065582703,1.95739207495812e-05,1.82428771823822e-05,5.3370439952121e-11,7.68311088496164e-06,3.41464901874726e-05,-768.258109118826,0.0993282818293927,0.0817977227331688,1,0.494420980445055
"sinusoidal",400,"sir_laplace",61,3.927,3993.32525588174,3900.24193595136,157.878637915783,165.961282254502,6964.4937711784,3720.94678707757,6722.84089737479,3445.65535827746,1016.88954822555,993.186130876334,40.2033709996901,42.2615946662852,1773.489628515,1711.9533734084,0.0027414640137139,0.00249351082176906,1.43705145220303e-06,0.00094038388059528,0.00526190600324415,1.99177799216649e-05,1.81148674220862e-05,6.76449401999958e-11,7.17936018469725e-06,3.61878387405529e-05,-790.461888971913,0.116129303453497,0.101449058966799,1,0.505685935096281
"sinusoidal",400,"sir_laplace",62,5.426,2744.5639079884,2826.27447347416,99.3616195784456,106.682274557678,6694.75324396019,1479.51382031105,7099.87429929832,2749.85088069613,505.817159599778,520.876239121667,18.3121304051688,19.6613111975079,1233.82846368599,1308.49139316224,0.0031508733548033,0.00277065854569206,2.59563559990406e-06,0.000911100614768888,0.00623794739688467,1.97218952389777e-05,1.78346856400921e-05,7.62202715002831e-11,7.66366904835753e-06,3.73340656809161e-05,-804.129897438928,0.0826497314766287,0.0613246770880158,0.9925,0.520906573021902
"sinusoidal",400,"sir_laplace",63,3.834,3710.73102120521,3264.47895788477,153.17335986707,210.667791899049,6986.70664102202,2416.16440087604,6994.84494975564,3055.07393897327,967.848466668026,851.455127252156,39.9513197358033,54.9472592329288,1822.30220162285,1824.42486952416,0.00307135488900641,0.00283196206955803,1.64840844311834e-06,0.00107305136400317,0.00577243063416495,1.93436498063043e-05,1.80816858670509e-05,5.4159431189839e-11,8.07972090508708e-06,3.38840924340747e-05,-769.677769546218,0.0989915485326107,0.0789809344149991,0.99,0.51865153855571
"sinusoidal",400,"sir_laplace",64,3.738,3394.77753159879,3562.68891535898,122.749431664097,143.424657196141,6919.32286496896,3501.83773582103,6469.36852576483,3230.26354224714,908.180185018402,953.10029838389,32.8382642226048,38.3693571953294,1851.07620785686,1730.70319041328,0.00246739431700229,0.00226882958244865,1.01708952447211e-06,0.000886769496868172,0.00448585197279091,2.04502934567935e-05,1.84349761559885e-05,7.6479008223886e-11,8.15879834428411e-06,3.91484843931334e-05,-778.050662800151,0.0781582538303318,0.0657068697911815,1,0.493767217999111
"sinusoidal",400,"sir_laplace",65,4.006,3586.94076080897,3450.39284649443,194.45064239092,134.047918281181,6891.06638964404,3060.81508343646,6485.16162183117,2748.29765901926,895.392102049169,861.30625224524,48.5398508214977,33.4617868899603,1720.18631793411,1618.86211228936,0.00242326383458091,0.00224645797581242,9.2437430938484e-07,0.000916054787727843,0.00433803912328331,1.96463326695756e-05,1.7615100993755e-05,7.28653640356673e-11,7.68993467354095e-06,3.53954186063486e-05,-788.072746497272,0.0945739791854547,0.0768367912052999,1,0.48984322297149
"sinusoidal",400,"sir_laplace",66,3.917,3907.34522792652,3766.29195691317,169.107707205309,203.853957623787,6937.32486530772,3870.78409081956,6697.52075423097,3607.51332379438,997.535161584507,961.524625201219,43.1727616046231,52.0433897431164,1771.08115019345,1709.8597789714,0.00281351440858491,0.00259317866032171,1.39460246455111e-06,0.00102265486270076,0.00498578015623591,1.97485119850887e-05,1.82199258170158e-05,6.22554932247492e-11,7.97894802715994e-06,3.50458725860593e-05,-795.508497147482,0.0858428030429277,0.0723979191646305,1,0.509797780748291
"sinusoidal",400,"sir_laplace",67,3.824,3718.29849715549,3515.28364850858,133.80853521559,146.598646516985,7064.00831097922,3924.94505606696,6933.57263593911,3288.9262214465,972.358393607607,919.268736534671,34.9917717613991,38.3364661393788,1847.28250810126,1813.17276044433,0.00278208479347624,0.00252754899241715,1.412725618028e-06,0.0010474980899289,0.00524948133813747,2.04107999940119e-05,1.8508239298903e-05,7.24022110102942e-11,7.71908780195694e-06,3.72929098767388e-05,-811.810061843827,0.0942262049958697,0.0775053562769445,1,0.499627242654328
"sinusoidal",400,"sir_laplace",68,4.085,3296.59184562601,3101.76718758175,141.358575697957,205.794027957006,6917.21287318617,3475.50461801498,6643.4519074127,2895.99667252684,806.999227815424,759.306533067748,34.60430249644,50.3779750200748,1693.32016479466,1626.3040165025,0.00240449531016744,0.00224017910237254,8.38737571325021e-07,0.000938998971106114,0.00431711433930442,1.96012935808845e-05,1.80613872075556e-05,6.06512152009967e-11,7.88775214134498e-06,3.47966358412892e-05,-799.809038852496,0.0979885452710817,0.075878715365606,1,0.488145445485892
"sinusoidal",400,"sir_laplace",69,3.787,3566.16018700784,3876.81047308316,184.306711982765,162.335780389505,6963.10718071406,3806.78828760295,6790.87986764997,3330.01319282243,941.684760234444,1023.71546688227,48.6682630004661,42.8665910719579,1838.6868710626,1793.20830938737,0.00283264696747164,0.00262247430137659,1.2333515629014e-06,0.00103493738346996,0.00499781051521542,2.00365139831744e-05,1.84568989226342e-05,6.12753191139164e-11,8.26198358797692e-06,3.57473623408427e-05,-791.53902016435,0.107001230676005,0.0831781949549528,0.98,0.50628673863531
"sinusoidal",400,"sir_laplace",6,3.833,3707.01448766382,3271.15113311738,100.187693942482,89.3666057545692,6791.27095739169,891.021089307568,6824.36387293821,2930.39691893283,967.131356030216,853.417984116195,26.1381930452601,23.3150549842341,1771.78997062136,1780.423655867,0.00409011889701439,0.00357614753939254,4.4250947826189e-06,0.00109794729764651,0.00846760440198737,2.23013635280806e-05,2.03510067531449e-05,1.01225919652939e-10,7.52172801256094e-06,4.24136898413394e-05,-783.53182549748,0.139134838530737,0.114855752852786,0.9875,0.553957726151469
"sinusoidal",400,"sir_laplace",70,4.022,3557.42969516737,3504.39708889758,173.532195436549,201.300953687627,6932.17630219926,2931.64335150805,6931.85450657996,3401.79925521082,884.492713865582,871.30708326643,43.1457472492663,50.0499636219859,1723.56447095954,1723.48446210342,0.00289115120312219,0.00264432094931432,1.56636517649508e-06,0.00100314557347497,0.0053395917913843,1.8986886215411e-05,1.7345518316554e-05,5.79768663562665e-11,8.11151625031946e-06,3.3794350332143e-05,-789.352834652432,0.101770405958498,0.0824458865091137,1,0.511537658997823
"sinusoidal",400,"sir_laplace",71,3.84,3237.87927358321,3166.66691562481,151.797585119976,184.418117216609,6968.5214679786,3474.91709196731,6706.89195047743,2930.69825216868,843.197727495628,824.652842610629,39.5306211249938,48.025551358492,1814.71913228609,1746.58644543683,0.00292558811706527,0.0026777042620167,1.4994099946024e-06,0.00104377053715137,0.00542393869548144,2.12818646159118e-05,1.91257684116328e-05,8.92622296121677e-11,7.48741115891927e-06,3.99294038547504e-05,-786.544454276236,0.108387481117,0.0878183489336975,1,0.506960209687991
"sinusoidal",400,"sir_laplace",72,3.804,4121.42431133908,3850.46565741241,178.322154122063,213.889884723429,7088.84043828113,3754.40515230196,6725.51676245705,3663.35864819854,1083.44487679786,1012.21494674353,46.8775378869777,56.227624795854,1863.52272299714,1768.01176720743,0.00244517862820999,0.00229344973147037,8.43756724186941e-07,0.000842501519544045,0.00427376176302284,1.8353870776304e-05,1.68413473987729e-05,5.5509057815445e-11,7.83677620114945e-06,3.27835926765866e-05,-841.279264519924,0.0712489946135604,0.0584235712630583,1,0.489163238181335
"sinusoidal",400,"sir_laplace",73,3.963,3590.43809401118,3587.66464488528,154.197494587985,120.917108198002,6860.34509779223,3596.28200124137,6624.87899045447,3159.06518815346,905.989930358611,905.290094596336,38.9092845288884,30.5115085031548,1731.09893963972,1671.68281363978,0.00257177064080499,0.00236931450886555,1.09173358956632e-06,0.00094169905983989,0.00462138706530281,2.02039211380688e-05,1.84652484005696e-05,6.7042519235181e-11,7.97705891987174e-06,3.64592144016178e-05,-772.684596231636,0.0957721910093372,0.0749162205524406,1,0.50030616784445
"sinusoidal",400,"sir_laplace",74,3.867,3388.11150559402,3826.18177895016,178.920539405779,175.475473022023,7055.28966038145,2519.58929376068,6963.02245096405,2832.63091253963,876.160203153355,989.444473480777,46.2685646252337,45.377675981904,1824.48659435776,1800.62644193536,0.00294980617927116,0.00265250158490169,1.68490106268439e-06,0.00099240285113569,0.00547160470712105,1.96750352190175e-05,1.78794048919387e-05,6.41385618144692e-11,7.55257649942601e-06,3.55433350267591e-05,-795.978302803587,0.0972819380271607,0.0781222744153826,0.9975,0.506081955608988
"sinusoidal",400,"sir_laplace",75,3.841,3260.13935681717,3272.63185786765,152.289380511032,162.055088968056,7023.87589011442,3371.38836307583,6777.59829593529,3137.82109460036,848.773589382236,852.025997882751,39.6483677456475,42.1908588825974,1828.65813332841,1764.54004059758,0.00265168069121927,0.00246122512976593,1.06527021266455e-06,0.00103806601893,0.00471359157685411,1.96437297681785e-05,1.77418324050132e-05,7.12254605808286e-11,7.42484941351032e-06,3.71045113477297e-05,-792.991164934379,0.0933926022130095,0.0678451604164651,1,0.492407160254988
"sinusoidal",400,"sir_laplace",76,3.965,3524.0946581389,3667.57107252155,165.193132493765,177.001787652729,6978.08982681827,3663.59222175282,6571.923861715,3444.0819141073,888.800670400732,924.986399122712,41.6628329114161,44.6410561545344,1759.92177221142,1657.48394999117,0.00277658061897211,0.00259371432235511,1.09645653423333e-06,0.00104677646141142,0.00487478500070644,2.09800401815681e-05,1.96757411556134e-05,6.73083780976857e-11,7.62671788727374e-06,3.64982481896298e-05,-765.559755891194,0.100988855249256,0.0846244459607999,1,0.511865774774723
"sinusoidal",400,"sir_laplace",77,5.398,3990.46874571534,3994.17461184131,126.479793372186,181.595589827313,7120.9918813382,3359.50855715156,6867.5838726153,3115.85086005477,739.249489758306,739.936015531921,23.4308620548696,33.6412726615992,1319.19078942909,1272.24599344485,0.00287392298284816,0.00267158507983198,1.3134987315473e-06,0.00105238566479728,0.00525876829305412,2.04441560911701e-05,1.85818558364252e-05,7.55008386824475e-11,7.58927596305793e-06,3.72925265220734e-05,-778.568127828838,0.12341200430389,0.0997795073688125,0.985,0.509992044032859
"sinusoidal",400,"sir_laplace",78,3.87,3808.8925313292,3824.89739092988,125.906696918679,185.078297616118,6930.45448435745,3334.39546740255,6628.53744731173,3331.1030085405,984.209956415813,988.345579051648,32.534030211545,47.8238495132089,1790.81511223707,1712.80037398236,0.00305639999349789,0.00273557062014577,1.94531046247937e-06,0.00106375236239578,0.00588633992485388,2.08704583031366e-05,1.91886183304967e-05,7.21989912752097e-11,8.25301762756926e-06,3.85233805438236e-05,-769.127788517163,0.125686580199264,0.0916330180484849,0.97,0.526103326427533
"sinusoidal",400,"sir_laplace",79,3.908,3543.54445663089,3764.28488602872,91.841479921118,169.912469800754,6842.9314440161,2709.29725748147,6758.01310832914,3077.48885974101,906.741160857444,963.225405841535,23.5008904608797,43.478114073888,1751.00599898058,1729.27663979763,0.00325001223273355,0.00290898147631361,2.12066454596812e-06,0.00100385143315761,0.0062247093107106,2.21220986441562e-05,2.01024126644749e-05,9.71828537218951e-11,8.50385421458145e-06,4.11031883063457e-05,-788.100406612559,0.133589995997287,0.107641151640305,0.975,0.532042678544542
"sinusoidal",400,"sir_laplace",7,3.732,3583.95738043328,3331.54720359209,143.951443723055,152.537288412827,6568.76204669561,2614.29907643365,6172.77302638556,1959.42646005236,960.331559601628,892.697535796381,38.5721982108936,40.8727996818935,1760.11844766763,1654.0120649479,0.00290947677458404,0.0026153532237115,1.658485916912e-06,0.000960506712576864,0.0056071549036242,2.32550324213068e-05,2.08716546899271e-05,1.15475791711752e-10,7.7155146020837e-06,4.45323729926133e-05,-783.583568549123,0.125203086272035,0.0964705809503269,0.98,0.518145662858823
"sinusoidal",400,"sir_laplace",80,3.778,3287.42964048884,3410.64266701695,161.43559830261,155.360796309158,6790.06525482816,2504.29926779502,6945.40116414467,3241.8318759916,870.15077831891,902.764072794323,42.7304389366358,41.1224976996184,1797.26449307257,1838.38040342633,0.00305723532628978,0.00278822624357098,1.76050921719166e-06,0.00100302019738344,0.00566203264617055,2.10880778873483e-05,1.9448005188246e-05,7.22839723825001e-11,8.23033374760297e-06,3.72079698553965e-05,-788.294643906422,0.09795611539,0.0746083592962838,0.99,0.516714095582452
"sinusoidal",400,"sir_laplace",81,3.87,4064.59383288607,4112.93456246307,170.46357366471,176.369073329229,6966.3283589834,2463.28715155152,6954.32911547308,3624.9667279608,1050.28264415661,1062.77378875015,44.0474350554807,45.5734039610412,1800.08484728253,1796.9842675641,0.00285169490466844,0.00262554980188138,1.2611552501575e-06,0.00105672585251176,0.00511185513472208,1.97524196202923e-05,1.81831221431897e-05,6.28533477681675e-11,7.00310480350433e-06,3.50125240538978e-05,-772.934351017477,0.136159261971002,0.112073112057719,0.9425,0.508081631168377
"sinusoidal",400,"sir_laplace",82,3.843,3534.21664519228,3312.56321323704,127.264568170687,132.18408704232,6890.885010206,2945.927734096,6770.57377200697,3021.05503989091,919.650441111704,861.973253509508,33.1159427974726,34.3960674062764,1793.10044501848,1761.79385168019,0.00296748237454179,0.00267801188359634,1.67204465257589e-06,0.00112913667070973,0.00558951274014264,2.05880811073744e-05,1.87220654947224e-05,7.53980736088797e-11,7.83764911820165e-06,3.74695790841598e-05,-783.811620334735,0.0890644251453646,0.0689581313815815,0.99,0.516775691822805
"sinusoidal",400,"sir_laplace",83,3.974,4061.8404845852,3662.76160161729,135.44551824365,75.4485116051608,6894.16989071035,2611.78887952819,6592.14945325067,2361.31962299327,1022.10379581912,921.681329043102,34.0829185313663,18.9855338714546,1734.81879484407,1658.81969130616,0.00313741673571379,0.00283147429513106,1.8878059575135e-06,0.0010414166283805,0.00582379207292315,2.26529632422801e-05,1.96828354208809e-05,1.51312777933019e-10,6.97824850963428e-06,4.51280400064883e-05,-777.35796878673,0.105365259505489,0.0876751482016797,1,0.516661872621398
"sinusoidal",400,"sir_laplace",84,4.078,3041.07840626609,2609.11946517509,118.872322777699,165.294908675208,6700.93765803573,3203.69379356568,6473.37669924814,2544.6736170224,745.727907372753,639.803694255785,29.1496622799653,40.5333272867112,1643.1921672476,1587.39006847674,0.00267351962819901,0.00243904314523956,1.32016038074818e-06,0.00085485780858348,0.00503499888377437,2.05093895056249e-05,1.86429811292883e-05,7.27759003470319e-11,8.08058297473226e-06,3.68115778487653e-05,-780.049677177276,0.109087069556375,0.0876975181692937,0.9925,0.506658948766019
"sinusoidal",400,"sir_laplace",85,3.817,3795.63547464959,3508.87365741306,194.281652948141,158.43869841449,6951.65648894129,3705.73981869206,6656.99775767113,3173.49070940849,994.402796607177,919.275257378324,50.8990445240086,41.5086975149305,1821.23565337734,1744.03923439118,0.00280578563409664,0.00256337677359484,1.32108081484279e-06,0.00104815757107552,0.00513367319999868,2.1659127270612e-05,1.95569650114006e-05,9.14754380964351e-11,8.46221010961724e-06,4.03877200836834e-05,-786.696222395734,0.115904340393478,0.0924136725768446,1,0.509764512131666
"sinusoidal",400,"sir_laplace",86,3.839,2568.33335137405,2914.54272884332,148.251830440914,168.15831379911,6955.98346897429,2657.88560387062,6537.35527446936,2551.17059955094,669.011031876543,759.193208867758,38.6173041002642,43.802634487916,1811.9258840777,1702.87972765547,0.00269128324835962,0.00246253988514998,1.2223064498634e-06,0.00102183017141865,0.00493484647648102,1.97446092392458e-05,1.76489145443639e-05,8.10580492795784e-11,7.65082737540537e-06,3.663090973123e-05,-788.760122108519,0.0929491912065351,0.0722231034263437,0.9575,0.504565853866822
"sinusoidal",400,"sir_laplace",87,3.726,3760.99043246514,3755.09915254719,155.634097558887,151.699721401851,6965.51897570383,2219.54583183651,6864.91352751164,2369.00163189273,1009.39088364604,1007.80975645389,41.7697524312633,40.7138275367288,1869.43611800962,1842.43519256888,0.00273560570216505,0.00243935914085015,1.59544137768126e-06,0.000873024072041406,0.00513511700724184,2.01749238445851e-05,1.82270749125305e-05,7.52321173213921e-11,7.3582768564193e-06,3.75670814500492e-05,-805.060340183599,0.0961487515594754,0.079474729374678,1,0.495558186996982
"sinusoidal",400,"sir_laplace",88,3.85,2838.14586663912,2834.0098012347,118.761967860725,154.863289432074,6706.51121605659,2282.72487569543,6571.64095940136,1676.82630613763,737.180744581589,736.106441879142,30.847264379409,40.2242310213179,1741.9509652095,1706.91972971464,0.00285000178008545,0.00249089375441442,2.19732802790755e-06,0.000929286432803293,0.0057302539047452,2.15817649900408e-05,1.9695228754195e-05,8.39987372479832e-11,7.76436412912162e-06,3.90770950837338e-05,-811.48515988706,0.108030424182984,0.0814745806746882,0.965,0.506481250360933
"sinusoidal",400,"sir_laplace",89,3.812,3501.18410076962,3425.10212611192,121.64189437396,179.519512373531,6717.5752117018,3194.65220993637,6618.76740858905,2540.52961353888,918.463824965797,898.505279672592,31.9102556070199,47.093261378156,1762.21805133835,1736.29785115138,0.00266145247709658,0.00242658097192501,1.37489286035962e-06,0.000925063797127398,0.00506111126682708,2.01674502596643e-05,1.84297202518304e-05,7.46157880494987e-11,7.43642582436742e-06,3.69029342458089e-05,-798.188531027256,0.114039109926434,0.0882591590411859,1,0.506215397614339
"sinusoidal",400,"sir_laplace",8,3.97,3871.84368174777,3634.33660680234,113.700267599401,200.171500767096,6811.79970587117,2387.78885059052,6704.13121923384,3435.85166414035,975.27548658634,915.450026902353,28.6398658940557,50.421032938815,1715.81856571062,1688.69804010928,0.00279278145282751,0.00252524545610551,1.51656219154217e-06,0.00102576474666998,0.00527573391169227,2.03050334598899e-05,1.83864945605816e-05,7.06026781499751e-11,7.54217156932781e-06,3.70677941913798e-05,-775.087251475313,0.118365224779973,0.0896082132728759,0.975,0.507563971180522
"sinusoidal",400,"sir_laplace",90,3.93,4216.17750688815,4019.69313496185,149.192294102525,206.521140095248,7100.03203141431,2311.11989733504,7507.26081264843,3942.93242671905,1072.81870404279,1022.82268065187,37.9624158021692,52.5499084211828,1806.62392656853,1910.24448158993,0.00350453182971724,0.00319544328781415,2.41753801149423e-06,0.00108114713829564,0.00663713807087676,1.98019505649745e-05,1.83629412974605e-05,5.72993169064403e-11,7.97221905604545e-06,3.47735556359494e-05,-813.946147006022,0.0944446522048469,0.0813172308976697,1,0.529242245197842
"sinusoidal",400,"sir_laplace",91,3.808,3573.67925304388,3550.67738016569,171.352484936541,176.398522144983,6999.84585688289,2295.38195558475,6923.65798671422,3086.46714899598,938.466190400179,932.425782606535,44.9980265064446,46.323141319586,1838.1948153579,1818.18749651109,0.00299173815156585,0.00272160930664305,1.58318128074804e-06,0.00110100655415108,0.00556641272332922,2.07504417058308e-05,1.89074372362801e-05,6.78129289279073e-11,8.45636401316455e-06,3.81172600128083e-05,-792.348806827884,0.119855655517852,0.0965992308943685,0.975,0.518057213720441
"sinusoidal",400,"sir_laplace",92,3.824,2990.75640902791,3235.36141823528,198.747173056203,204.663703787387,6942.80646014603,3254.08692877039,6715.66078666419,2647.97376016331,782.101571398512,846.067316484121,51.973633121392,53.5208430406347,1815.58746342731,1756.18744421135,0.00268422115733272,0.00244730735623254,1.20137530147242e-06,0.000976675115676099,0.00488771569911699,1.96617235432192e-05,1.81437275782243e-05,5.86657639427913e-11,7.59385849021e-06,3.44020562777986e-05,-778.228652720738,0.102670383154197,0.0846449178570909,0.9875,0.499783842102773
"sinusoidal",400,"sir_laplace",93,3.834,4340.10934693199,4361.18447863823,125.136291336036,197.748371861812,6947.52606424221,2037.03729522949,7137.32629233747,3586.1386572451,1132.00556779655,1137.50247225828,32.6385736400719,51.5775617792937,1812.08295885295,1861.58745235719,0.00339475781836602,0.00304204806631977,2.50292017554368e-06,0.000915208077836478,0.00649604832457536,2.03235688681766e-05,1.78932615386677e-05,8.86225688200241e-11,8.10415482982273e-06,3.97076466240622e-05,-808.700971077351,0.0831443610914893,0.0675848102211762,1,0.521924212205977
"sinusoidal",400,"sir_laplace",94,3.849,3418.85961766369,3617.5273933943,155.470212833327,200.478401933962,6848.31027004207,3194.7648492712,6812.65865454875,3265.08086456979,888.246198405741,939.861624680254,40.392364986575,52.0858409805045,1779.24402962901,1769.98146389939,0.00280881555485557,0.00255080004567382,1.61476105175931e-06,0.000946491564973832,0.00530904262233913,1.9892355303352e-05,1.83833056765197e-05,6.20769982563118e-11,7.47665738356142e-06,3.54991910713661e-05,-799.474422194114,0.0842527156579821,0.0655992803879222,1,0.509189136442171
"sinusoidal",400,"sir_laplace",95,3.895,3137.93360379298,3399.4629294198,177.937421901002,164.340979541717,6898.07237476322,2639.79580797654,6583.99430222088,3233.9406303857,805.631220486003,872.776105114197,45.6835486267014,42.1928060440865,1771.00702818055,1690.37080929933,0.003356230108293,0.00312083350608313,1.96120093567636e-06,0.00101044683395062,0.0060664662114087,2.24076169938293e-05,2.01753148097902e-05,9.73112641621398e-11,7.94967475415126e-06,4.16552529755225e-05,-780.643118679863,0.147759755513135,0.115774004888552,0.9025,0.527266603812219
"sinusoidal",400,"sir_laplace",96,3.951,3802.18852531942,3615.5072242973,185.81094692206,174.670923145773,6920.40858611925,3106.00931953478,6549.78945882959,3014.37175419264,962.335744196258,915.08661713422,47.0288400207693,44.209294645855,1751.55874110839,1657.75486176401,0.00284346448898664,0.00262597073909637,1.37536950457067e-06,0.000981260082023949,0.00515274051430497,2.07091102919977e-05,1.84331444729105e-05,8.66178211867893e-11,7.51851528697219e-06,3.98226851986995e-05,-766.507305439186,0.0991522414527646,0.0772525760080789,1,0.515993977188772
"sinusoidal",400,"sir_laplace",97,4.048,4024.70370216257,3959.47516806619,140.988761011245,192.728051223907,7050.57989920635,2749.70507626434,6782.53398514037,3323.49594194866,994.244985712096,978.131217407656,34.8292393802482,47.6106845908862,1741.74404624663,1675.52717024219,0.00282049310962621,0.00256945776413214,1.48912698635367e-06,0.000929689534942438,0.00533823799098339,1.92694230076704e-05,1.75162619636404e-05,6.22331016224058e-11,8.06276673187929e-06,3.48892578031906e-05,-784.301062007356,0.0976207277948053,0.0854463210471278,1,0.508136997871127
"sinusoidal",400,"sir_laplace",98,3.853,3045.82095698666,3066.30995004488,158.794967910586,126.217833524686,6689.82802893982,2857.63531626954,6467.50793954806,2679.04130819057,790.50634751795,795.824020255614,41.2133319259242,32.7583268945461,1736.26473629375,1678.56421997095,0.00268016490805092,0.00244884995551457,1.38252295440055e-06,0.000822725837881837,0.00500194479631163,2.15944998378465e-05,1.95819910581822e-05,9.1246630144992e-11,7.46254747556884e-06,4.05286723589666e-05,-778.969954009352,0.0737871690333625,0.0573032385918516,1,0.50773688055546
"sinusoidal",400,"sir_laplace",99,3.768,3440.18463357191,3439.07732222593,209.971518822735,182.093496270221,6909.80720398622,2793.05166640122,6798.14916336889,3211.63608608611,913.000168145411,912.706295707519,55.7249253775836,48.3262994347721,1833.81295222564,1804.17971426987,0.00268638616124956,0.00250497899609687,1.33536658329265e-06,0.00094877824818731,0.00484405853135101,2.00054884359922e-05,1.83367693912869e-05,6.58646822960709e-11,7.55166325208997e-06,3.65017165245432e-05,-788.82242425694,0.0719888373896032,0.0594227320858072,1,0.502839541885417
"sinusoidal",400,"sir_laplace",9,3.845,3430.95323671494,3306.94249139164,141.017222625171,169.336284726463,6700.93125447159,3318.60932783083,6482.58230157147,3034.27147006509,892.315536206746,860.063066681831,36.6754805267026,44.0406462227473,1742.76495564931,1685.97719156605,0.00263721330135269,0.00245895428829812,1.15643033400748e-06,0.000927890850387325,0.00466072528826952,2.12070640067783e-05,1.8502173297876e-05,1.12970112775124e-10,7.58458081271641e-06,4.07472301604836e-05,-775.769910083247,0.104545514953034,0.0787753929915258,0.99,0.506610177034741
"sinusoidal",800,"sir_laplace",100,7.828,3532.11440909213,3534.43997100135,77.2390795934553,128.380774338423,7012.57658550453,3207.17944198404,6786.74160720575,3109.15956989803,451.21543294483,451.512515457506,9.86702600836169,16.4002011163034,895.832471321479,866.982831784077,0.0019454333075345,0.00179398997329587,5.18702979332662e-07,0.000802053085487837,0.00343839901377618,1.20051870584083e-05,1.12538210031183e-05,1.43885852943778e-11,6.03778182995366e-06,1.9334061912277e-05,-1571.53710877363,0.0846340947082065,0.0705526114719603,0.99375,0.463502194036239
"sinusoidal",800,"sir_laplace",101,7.703,3851.64725093366,3663.66410323798,103.938410799975,165.215958370277,7021.86693384024,2539.61576202057,6961.89923030299,2834.7406439516,500.019116050066,475.615228253664,13.49323780345,21.4482615046445,911.575611299525,903.790630962351,0.00200969546783641,0.00187801598195063,5.328362551921e-07,0.000825765453386794,0.0035067175483993,1.16438731720298e-05,1.09741501364321e-05,1.3724259472292e-11,5.4924048949321e-06,1.89184121706771e-05,-1581.37692363785,0.0880961930074557,0.069321334905014,1,0.466113180166692
"sinusoidal",800,"sir_laplace",102,7.752,3722.37082650322,3779.45773219869,123.835303411647,193.693301278987,7042.58857601271,2576.82834768128,7004.41316699582,3136.61104207309,480.181995162954,487.546147084455,15.9746263430917,24.9862359751015,908.486658412372,903.562070045901,0.00196734227657604,0.00183090341874715,4.65134258959722e-07,0.000869918244518546,0.00347080764680232,1.18198136025724e-05,1.11716696536046e-05,1.36425756668608e-11,6.01004333058207e-06,1.96664634012827e-05,-1587.26290007725,0.0776696062062431,0.0623278712890081,0.99875,0.464144008397509
"sinusoidal",800,"sir_laplace",103,7.882,3071.87781804385,3182.50404448182,130.966126895961,191.966148846629,6972.9522201547,3192.37682836435,6986.40570877215,2969.42923210589,389.73329333213,403.768592296602,16.6158496442477,24.3550049285244,884.667878730614,886.374741026662,0.00207712221551841,0.0019592751724587,5.2562927696828e-07,0.00088639381129732,0.0034982324822303,1.24771883592426e-05,1.19196447671018e-05,1.32162420911001e-11,6.57338281719971e-06,1.99447456505294e-05,-1579.73838210926,0.0988370306798279,0.0830007685514482,0.98625,0.47172241891395
"sinusoidal",800,"sir_laplace",104,7.88,2806.54681201508,2700.95891375592,122.149575844333,129.82017407713,6951.14899945885,2989.86118431954,6794.43092113538,2565.11726680023,356.160762946076,342.761283471563,15.5012152086717,16.4746413803464,882.12550754554,862.237426540023,0.00185120100475384,0.00174310100524902,3.97582153508367e-07,0.000826172130850149,0.00305119894230228,1.21241125188408e-05,1.16202699896454e-05,1.27940282512654e-11,5.85190300270311e-06,1.94962207987207e-05,-1580.62527140228,0.0899833494820617,0.0720636725921148,1,0.46020042350647
"sinusoidal",800,"sir_laplace",105,8.129,3416.46799739775,3437.15503264425,123.761446017745,123.517849073649,7261.57106566436,2124.93294155832,7278.26273015901,3329.18348199874,420.281461114251,422.826304913797,15.2246827429874,15.1947163333312,893.292048919223,895.345396747326,0.00249786195553236,0.00234056843200901,7.49968689365837e-07,0.00106103440701821,0.00422164999280166,1.27442784462848e-05,1.21042968369067e-05,1.69896360262844e-11,6.21355531335724e-06,2.08638068717558e-05,-1584.95688850091,0.0944040913577486,0.075920242804419,1,0.485998936258548
"sinusoidal",800,"sir_laplace",106,7.686,4113.21400383794,3801.52710113922,107.765255017119,109.339949466323,7153.85193955439,2351.46385456321,7495.65779257018,3709.53222519119,535.156648951071,494.604098508876,14.0209803561175,14.2258586347025,930.763978604527,975.235205902964,0.00247017533427414,0.00227704545312661,9.0984821911077e-07,0.000886335765248837,0.00436685615817994,1.21160040414503e-05,1.14129067406285e-05,1.46625860227511e-11,6.13644912556959e-06,1.98516610070302e-05,-1580.51698772099,0.0827068335745673,0.0675222219026796,1,0.481765975209289
"sinusoidal",800,"sir_laplace",107,7.688,3675.90862816912,3467.82081410025,102.087040383575,136.666097862623,6824.55025417888,3315.18126189098,6930.10049646714,3112.10956191912,478.135877753527,451.069304643633,13.2787513506211,17.7765475887908,887.688638680915,901.417858541512,0.00206508159621731,0.00191877667214369,5.92847576712274e-07,0.000826724764888111,0.00352630329560254,1.31111404951946e-05,1.2250768795968e-05,2.0268066964783e-11,5.98209887900569e-06,2.22192355504918e-05,-1552.52572690465,0.107603214716875,0.08436519693605,0.9825,0.474298905536452
"sinusoidal",800,"sir_laplace",108,7.652,4005.83039574917,3918.4930060015,140.886341705454,140.206747208488,7087.30487206811,3329.74713350419,7122.66846283941,2767.2942401154,523.501097196702,512.087428907672,18.4117017388204,18.3228890758609,926.202936757463,930.824420130607,0.0022222395323773,0.00207436176736243,6.67539454381956e-07,0.000915475950976972,0.00390792729251409,1.24935162417306e-05,1.18092352847276e-05,1.47994034941362e-11,5.63860043157777e-06,1.98621626388044e-05,-1594.87607313963,0.0884680755384501,0.0718265126824991,1,0.475297496439958
"sinusoidal",800,"sir_laplace",109,7.663,4048.50958139232,3847.64557344203,98.486941927074,166.763414185517,7067.62851737637,3087.83960614025,7267.74390565411,3588.06433551674,528.319141510156,502.106952034716,12.8522695976868,21.7621576648202,922.305691945239,948.420188653805,0.00225351670980224,0.00212406989981971,6.55028246210655e-07,0.000949903137090274,0.00383495046135792,1.19601620540714e-05,1.11524762899947e-05,1.57547629012124e-11,5.8741561164193e-06,2.02228304001536e-05,-1584.39838695046,0.0847024838966263,0.0707026119399864,1,0.472974881983948
"sinusoidal",800,"sir_laplace",10,7.787,4187.07419384078,3349.83506363791,86.9458220333741,147.234069544103,7100.23598684102,3131.92441127489,7167.69987137633,3158.80797186441,537.700551411426,430.183005475525,11.1655094430941,18.9076755546556,911.806342216646,920.469997608363,0.00212362921583726,0.00202668792370157,5.55144605958327e-07,0.000931196842244605,0.00364166984798798,1.16887542822902e-05,1.11581724794349e-05,1.15523706634171e-11,5.91124610085942e-06,1.84176776230498e-05,-1592.10597429539,0.0858901079360327,0.0633356832840021,0.98375,0.466736947637587
"sinusoidal",800,"sir_laplace",110,7.899,3677.40986904671,3758.41822968762,124.741098799416,156.765236771921,7104.70872780362,2061.28581940052,7015.06697909869,3325.66293107053,465.55385099971,475.809372032867,15.7920114950521,19.8462130360705,899.444072389369,888.095579073135,0.00227223904640832,0.00212951170155006,6.6088792260464e-07,0.000887386627221163,0.00384218453682452,1.28008554933308e-05,1.20416112387705e-05,1.71250185968335e-11,6.20843966123084e-06,2.14529390191804e-05,-1557.54684667172,0.0999377112802289,0.0781859942780863,0.9975,0.481729548174543
"sinusoidal",800,"sir_laplace",111,7.734,4174.85410066117,4102.47968955779,69.0296643309006,113.20848088709,7135.5862906436,2263.36349860007,7268.25340004361,3798.6093507994,539.805288422701,530.447335086345,8.92548026000784,14.6377658245526,922.625587101577,939.779337993743,0.00219782348557196,0.00207096399068006,6.62166424209763e-07,0.000831022957004748,0.00371117205890323,1.16517652620803e-05,1.10399519290282e-05,1.32603481433137e-11,5.64956915068819e-06,1.88936761027863e-05,-1549.36536475927,0.0676209319681446,0.0551716791539564,1,0.474866176568847
"sinusoidal",800,"sir_laplace",112,8.053,3885.26341407054,3796.64444534864,98.8400674367341,138.591304668425,6978.4945878355,2629.508930929,7003.8495751623,3117.91455482795,482.461618536017,471.457152036339,12.2736951988991,17.2098975125326,866.570791982553,869.719306489792,0.00201276823534045,0.00189432007801664,4.88800607992153e-07,0.000880291857038432,0.00339308499039162,1.16848575789738e-05,1.11073589124824e-05,1.32938232622383e-11,5.86187513556007e-06,1.9413182349602e-05,-1598.20688843981,0.0861866253171367,0.0694948939212195,1,0.463446796709739
"sinusoidal",800,"sir_laplace",113,7.981,4122.78837678233,4186.03827294547,125.640333028447,137.734267153768,7243.28797209654,1841.43442607659,7407.67620545281,3966.71653398335,516.575413705341,524.500472740943,15.7424298995673,17.2577705993945,907.566466870886,928.163914979678,0.00264282252727901,0.00246305601879847,9.05838875278235e-07,0.00110289797688916,0.00465061451900399,1.23561967776697e-05,1.15157978870128e-05,1.63853760984556e-11,5.50920378508893e-06,2.05044241859892e-05,-1554.74566595072,0.0909510830867286,0.0752622426452828,1,0.491434589577792
"sinusoidal",800,"sir_laplace",114,7.763,3333.35033829809,3440.68822964111,147.338983156898,134.373781939437,7104.9215928548,3561.6864793468,6950.45331416757,3150.38131129011,429.389454888328,443.216311946556,18.9796448740047,17.3095171891585,915.228853903749,895.33084041834,0.00188757088686017,0.00180136474236237,3.77756206643638e-07,0.00082739921687811,0.00308357505328868,1.14496044185264e-05,1.08207180516792e-05,1.20147784125392e-11,5.90877157973193e-06,1.84566614924205e-05,-1586.73487743579,0.0913869032229147,0.0708513194958455,0.97375,0.456333631199911
"sinusoidal",800,"sir_laplace",115,7.873,3837.43402633763,3723.97820951529,98.8822713281386,112.119904937317,6886.70498014141,2467.02194869873,6821.25316159581,3359.90127659877,487.416998137639,473.006250414745,12.5596686559302,14.2410650244274,874.724371921936,866.410918531158,0.00195923987930924,0.00183646696716457,4.80550715616879e-07,0.000833981519348626,0.00334808044335011,1.24267275476887e-05,1.15908496358149e-05,1.75722779405645e-11,5.85890421122494e-06,2.08888398647755e-05,-1569.39569183631,0.0850410707356075,0.0679721570742444,1,0.465946031856539
"sinusoidal",800,"sir_laplace",116,7.55,3211.80404082184,3192.00384542403,113.247761524565,96.4646280455105,7031.04373687452,3160.17532806427,7008.0915908149,3058.86104502106,425.404508718124,422.781966281329,14.9997035131874,12.7767719265577,931.264071109208,928.224051763563,0.00211758896635622,0.00200127554127835,5.84616590222755e-07,0.000927273944103664,0.00351034864104669,1.27384397434158e-05,1.17621304851086e-05,2.19733803622605e-11,5.81143986873786e-06,2.20295512095435e-05,-1602.31944877388,0.0768484189753538,0.0596963249676425,0.99,0.472635089296288
"sinusoidal",800,"sir_laplace",117,7.88,3502.58801030883,3541.91490448524,150.917059711349,111.596346161607,6936.5513981399,3673.99485880885,6778.67880744165,3312.61578296692,444.490864252389,449.481586863609,19.1519111308818,14.1619728631481,880.273020068515,860.238427340311,0.00184905016563872,0.00174391653312564,3.94101918657665e-07,0.000821160649967361,0.0031446014893338,1.15375430529641e-05,1.07927719623121e-05,1.52503521199744e-11,5.55918431470365e-06,1.949157449742e-05,-1575.99700110116,0.0759960723693796,0.061203057564457,1,0.460500569852129
"sinusoidal",800,"sir_laplace",118,8.113,4147.30584648692,3757.28901597083,113.391841739638,145.556254968563,7141.42861792478,3315.78408187679,7092.74231614415,2814.28984147789,511.192634843698,463.119563166625,13.9765612892442,17.9411136408928,880.245114991345,874.24409172244,0.00212387730712841,0.00199660949747798,5.04982180449854e-07,0.000942539208927327,0.0034297755917016,1.23032318001584e-05,1.14894385540859e-05,1.53127536130634e-11,6.16108085246875e-06,2.04591091486609e-05,-1595.88826064351,0.0977944613930276,0.0757284665710949,0.97125,0.468854355629338
"sinusoidal",800,"sir_laplace",119,8.048,3453.49018198709,3493.57279699028,103.052840406844,174.433056226577,6970.25613527209,3611.53139739585,6864.01511710135,3212.68602853717,429.111603129609,434.092047339746,12.8047763925005,21.6740875033023,866.085503885697,852.884582144801,0.00180993879086605,0.00173118429608108,3.28982177281691e-07,0.000806089131984768,0.00293143637928281,1.11798452570931e-05,1.07029458602534e-05,1.01260155300598e-11,5.73738115708986e-06,1.72207344233063e-05,-1559.76043070683,0.0832372017993025,0.0682519854756581,1,0.458702472814921
"sinusoidal",800,"sir_laplace",11,7.809,3831.58093069786,3889.76965875635,84.7292404837571,151.980033037654,7023.13692199119,1788.15493854524,7252.04509163371,3378.47388217987,490.662175784077,498.113671245531,10.8502036731665,19.4621632779682,899.364441284569,928.677819392202,0.00214852775848893,0.00197175165671458,6.85700623271134e-07,0.000849830772490848,0.0037850819224419,1.20474209198749e-05,1.12259717533748e-05,1.58092408456465e-11,5.71848523778095e-06,1.94090029375014e-05,-1613.59801733998,0.074247438155603,0.0615897699199136,1,0.465740350908991
"sinusoidal",800,"sir_laplace",120,7.573,3548.09042687952,3442.23729063852,115.648925883684,80.7428397416763,7035.87109283868,2784.25184995828,6807.05641859432,2663.86100055362,468.518477073752,454.54077520646,15.2712169396123,10.661935790529,929.073166887453,898.858631796424,0.00203576130486454,0.00194741835073642,4.65394932865874e-07,0.000931852462335393,0.00335847460104123,1.26883437703191e-05,1.16219903067478e-05,2.17311362488724e-11,5.62309130484699e-06,2.22525138981804e-05,-1547.30048177085,0.124452930464285,0.0924497363229435,0.94125,0.47294684798708
"sinusoidal",800,"sir_laplace",121,7.919,4315.14884550924,4100.72245393433,112.585259462141,145.609563457828,7285.26336211121,2729.04502793897,7556.6541855576,4033.47870178985,544.910827820336,517.833369609083,14.2171056272434,18.3873675284542,919.972643277082,954.243488515924,0.00249952734377698,0.00232141376391195,8.06271261009894e-07,0.00102444737241044,0.00429604423541988,1.21792041910773e-05,1.14956533439933e-05,1.45027272121651e-11,6.25140209200367e-06,1.99035220125433e-05,-1613.73401632938,0.0945231963174745,0.075138732133649,0.99625,0.479247652675185
"sinusoidal",800,"sir_laplace",122,7.894,3702.40297406898,3587.87687958438,108.805488507724,120.230465323632,7052.9698266585,1747.67076061985,6942.80826714678,3390.73874359118,469.014818098427,454.50682538439,13.7833149870438,15.2306137982813,893.459567603053,879.5044675889,0.00212248418506308,0.00200156751655617,5.42223653627682e-07,0.000874024944921685,0.00354033166873089,1.22960004608628e-05,1.15317432860291e-05,1.65085007082439e-11,5.94432234027239e-06,2.04638627194798e-05,-1582.19992912814,0.0861238331746951,0.0704880228175691,1,0.471107429535189
"sinusoidal",800,"sir_laplace",123,7.779,3334.18744181079,3270.65871916627,132.457933172978,132.096941390949,6837.25914232576,2233.52884554873,6581.32983909758,3129.3815120365,428.613888907416,420.447193619523,17.0276299232521,16.9812239864956,878.938056604417,846.038030479185,0.0018356493760332,0.00172129533826114,4.08340745285207e-07,0.00082579266308273,0.00315293744180261,1.19297621430462e-05,1.12340776539017e-05,1.45181543628222e-11,5.5838011226594e-06,1.9931626453423e-05,-1554.71835853751,0.116027065870144,0.0889806489696549,0.985,0.469086656960176
"sinusoidal",800,"sir_laplace",124,7.829,4159.42101384017,4028.2073776905,44.2658833467141,130.093260190026,6973.90102208891,2276.88154950657,7085.29792880083,3429.27743596045,531.283818347192,514.52386993109,5.65409162686347,16.6168425328939,890.77800767517,905.006760608103,0.00220100227953501,0.00204061388080419,6.43709123131454e-07,0.000862316345403056,0.00387980074087406,1.21490020399936e-05,1.15276103413072e-05,1.61750517153026e-11,5.87494618390466e-06,1.93649096798291e-05,-1540.10766231717,0.117358534781815,0.0919653717449857,0.97625,0.480636598496847
"sinusoidal",800,"sir_laplace",125,7.663,3260.11740135179,3324.6147532475,109.128764472532,160.45117408685,7107.21638564576,3468.54610945303,6890.57100531774,3175.50523751247,425.436173998668,433.852897461503,14.2409975822175,20.938428042131,927.471797683121,899.200183390022,0.00199405588436114,0.00187883439038094,4.87156626901261e-07,0.000934159312500028,0.00344504660690738,1.17695948933128e-05,1.12632672686156e-05,1.33017157786638e-11,5.83842001718037e-06,1.8897380334044e-05,-1590.29640703589,0.110360921336782,0.0918418089005527,0.9725,0.466794711517485
"sinusoidal",800,"sir_laplace",126,7.694,3783.44565441381,3823.98062024813,82.5985375969417,147.14149830399,7131.47491858608,2783.48744490111,7075.62217521801,3613.50790824827,491.739752328283,497.008138841712,10.7354480890228,19.1241874582778,926.887824094889,919.628564494152,0.00207878270484829,0.00194675113325091,5.41586972729903e-07,0.000861091570827601,0.00364064303454598,1.20027911830356e-05,1.14019412531739e-05,1.36248127813123e-11,5.78816421640743e-06,1.89710135696888e-05,-1594.06161240775,0.0986378437821565,0.0803029637991855,0.9775,0.468320802681884
"sinusoidal",800,"sir_laplace",127,7.718,3430.10260428261,3303.1235943154,124.930052597161,170.933802337096,7057.37360080956,3284.2872401693,6906.34910619648,3093.10465552621,444.428945877508,427.976625332392,16.1868427827366,22.1474219146276,914.404457218134,894.836629463136,0.00181229710864483,0.00169650835191548,4.01063725678456e-07,0.000849522605740716,0.00308640161079478,1.0920216579376e-05,1.04397649530567e-05,9.54822647274111e-12,5.75358182070326e-06,1.69462291803602e-05,-1545.6741406823,0.0869559836591392,0.0726189789469371,1,0.458345252257994
"sinusoidal",800,"sir_laplace",128,7.507,3237.48360969407,3341.76008560208,95.2765487908135,146.10685308209,6926.3672876999,3254.84397714685,6887.45612656081,2642.66772544089,431.26197012043,445.152535713612,12.6916942574682,19.4627485123338,922.654494165433,917.471177109473,0.00192982398303484,0.00177768309645296,5.91559505765439e-07,0.00081547772412571,0.00334054796505655,1.17133422134782e-05,1.08462568066466e-05,1.60352290232372e-11,5.88282191512333e-06,1.96569925783989e-05,-1569.21985243356,0.0779081794804851,0.0599422852739136,0.995,0.460012458845804
"sinusoidal",800,"sir_laplace",129,7.645,3638.36235055052,3689.62037469235,113.104998958338,157.88680632481,7135.79193476966,2385.97148421124,7166.55598095725,3473.14483846697,475.91397652721,482.618754047397,14.7946368814046,20.6522964453643,933.393320440766,937.417394500622,0.00223799983866237,0.00208391304875402,6.41744123195154e-07,0.000956533940047606,0.00381048462228146,1.22079645620125e-05,1.14799758260241e-05,1.62469964298363e-11,5.90988977836208e-06,1.98701213059025e-05,-1588.54599192928,0.0843457676327288,0.0683281836731812,1,0.475170530987215
"sinusoidal",800,"sir_laplace",12,8.055,3391.23556770798,3278.93188382181,150.765654758809,132.675158619636,6931.14431097148,3395.47465941814,6941.73719435806,3122.52257660285,421.010002198383,407.06789370848,18.7170272822855,16.4711556324812,860.477257724579,861.792327046314,0.00196881961439955,0.00185935573883447,4.25231739126296e-07,0.000891297947298329,0.00332381499121372,1.22449151345493e-05,1.15747344670598e-05,1.4491707673284e-11,5.97694562550479e-06,1.99842751290309e-05,-1559.60788778562,0.0820350903078939,0.0647204637057989,1,0.469293926426057
"sinusoidal",800,"sir_laplace",130,8.128,3138.76918276824,2979.54668527783,140.333119768174,159.007375061019,6780.02735095564,3310.2391316972,6666.23498817636,2884.25677124262,386.167468352391,366.57808627926,17.2653936722655,19.5629152388065,834.156908336078,820.1568637028,0.00173369698861115,0.00165570695113567,3.24498534114913e-07,0.000743874290478087,0.00284084004304722,1.13987436393304e-05,1.07936736551417e-05,1.15769050286333e-11,5.83522575093493e-06,1.8118184132827e-05,-1531.39895049807,0.0895665277267875,0.0693031024316548,1,0.460981926560339
"sinusoidal",800,"sir_laplace",131,7.803,3472.72024609777,3422.07447787484,109.170754794551,162.994235949298,6916.37420848041,3166.55398395692,6833.65512310847,3263.5132162972,445.049371536303,438.558820693943,13.990869511028,20.8886628154938,886.373729140127,875.772795477185,0.0019417830509156,0.00185688118223524,4.28210804617988e-07,0.000841511416798953,0.00323316552291138,1.18082762067414e-05,1.1294755647619e-05,1.28904157387816e-11,5.85174482793081e-06,1.87950770806602e-05,-1552.85091679499,0.0946281801013448,0.0735677746027553,0.99875,0.47070763777437
"sinusoidal",800,"sir_laplace",132,7.742,3599.49657460705,3675.17586839601,112.253327774631,186.883372146775,7136.86668119812,3296.94775235112,7093.97558230619,3566.13482922413,464.931099794246,474.70626044898,14.499267343662,24.1389010781161,921.837597674776,916.297543568353,0.00209479032956414,0.00195795087367393,5.20920912468239e-07,0.000946365035787299,0.00360199812253958,1.24239191962337e-05,1.16719684714322e-05,1.44371810179334e-11,6.1061150596325e-06,2.01605209200427e-05,-1591.37590637177,0.110915089052189,0.0858493241691956,0.9775,0.473407835868663
"sinusoidal",800,"sir_laplace",133,7.632,4123.34874961379,4027.7919292506,133.037538678216,107.641085765973,7169.13061764144,3508.46277075132,7228.04577406389,3610.80855683408,540.271062580424,527.750514838916,17.4315433278585,14.1039158498393,939.351496022202,947.0709871677,0.00222034613162829,0.00212404970202246,6.09929027470798e-07,0.000856671695712394,0.00371716219964073,1.22393120694252e-05,1.16885926626e-05,1.34723192256847e-11,6.14791610668736e-06,1.96581920127687e-05,-1589.324592133,0.0935436340635464,0.0799327865733808,1,0.470422754452092
"sinusoidal",800,"sir_laplace",134,7.664,3468.91984362529,3452.91968623296,113.93354276852,169.30952679446,7145.18494603206,2434.1538376489,7145.96492350858,3290.70569834003,452.625240556536,450.537537347724,14.8660676890032,22.0915353333063,932.304925108567,932.406696699971,0.00215644813342608,0.0020105519830893,6.01541320727869e-07,0.000961180301683251,0.00366760368744635,1.23771398063145e-05,1.16109410828563e-05,1.41443406207617e-11,6.19457447608391e-06,2.00308018712886e-05,-1586.96792540677,0.0776524918989926,0.061691094879651,1,0.471217189039632
"sinusoidal",800,"sir_laplace",135,7.896,3753.6991073394,3995.87860864511,103.497825370432,144.604791648453,7094.21664515883,3584.07850859287,6909.25254447625,3641.65825568138,475.392490797797,506.063653577142,13.1076273265491,18.3136767538567,898.457021929943,875.031983849576,0.0019395712663501,0.00182058438584035,4.51540409744738e-07,0.000828736916036773,0.00336594864730372,1.14453568131043e-05,1.06310946841623e-05,1.34874705040664e-11,5.7668634070393e-06,1.87315819747066e-05,-1590.1364457317,0.0765125404004661,0.0637486297523698,1,0.461571785764962
"sinusoidal",800,"sir_laplace",136,7.93,4118.85624799608,3837.73922282507,94.1296565372749,115.676303010985,7159.23533748355,2115.02625202856,7062.28713765875,3598.3542985533,519.401796720818,483.951982701775,11.8700701812453,14.5871756634281,902.803951763374,890.578453677018,0.00211823919809281,0.00199857722279682,5.40788543751816e-07,0.000845947572948404,0.0035360153674761,1.16419647485473e-05,1.08841011161595e-05,1.47576192720755e-11,5.75546528981502e-06,2.00122072864975e-05,-1598.91981698784,0.0915073740666027,0.0735362458031917,0.9925,0.4719232754352
"sinusoidal",800,"sir_laplace",137,7.622,3308.76625959342,3409.02270670486,64.0624716106684,125.261075187369,6996.4564323521,3253.29508738515,6909.61774990946,3166.81924550161,434.107354971585,447.260916649811,8.4049424836878,16.4341478860363,917.929209177656,906.53604695742,0.00209145579393796,0.00195006507891832,5.68484455763243e-07,0.000890929812241067,0.00364650195584298,1.23447582019307e-05,1.14786254564793e-05,1.81220282797048e-11,5.71329696407012e-06,2.10448367985884e-05,-1564.5945037851,0.072155917090966,0.0568422979480792,1,0.474249248795507
"sinusoidal",800,"sir_laplace",138,7.561,4182.47433461048,4170.26222968097,79.8812016604247,84.3837785151458,7273.65062083917,2087.56411513046,7374.3117487649,3737.31306084928,553.164175983399,551.549031831897,10.5648990425109,11.1603992216831,961.995849866309,975.309052871961,0.00239080022097465,0.00223811638532817,7.6614368857862e-07,0.000979416495431196,0.00416753303767765,1.19979403380006e-05,1.14742462204625e-05,1.26891939380652e-11,5.82547854831369e-06,1.90027689840459e-05,-1600.06660931132,0.093919057488564,0.0767165944710338,0.99625,0.478730610321321
"sinusoidal",800,"sir_laplace",139,7.785,4126.308109814,3883.48659274932,134.318826974511,141.729049167126,7131.6006587311,3253.77811698629,7006.38266305786,3153.21060062293,530.03315476095,498.842208445642,17.2535423217098,18.2054013059892,916.069448777277,899.984927817323,0.00207832811491923,0.00195345915201947,5.13963742425711e-07,0.000973907504917665,0.00346833618940423,1.20888155564509e-05,1.14244417898781e-05,1.54237326082961e-11,5.7071275661361e-06,1.91412526533943e-05,-1608.30810903718,0.123968178520908,0.0988297423875512,0.965,0.468222378750991
"sinusoidal",800,"sir_laplace",13,7.668,4026.29519941195,3745.88203829266,93.698128867474,122.450029310122,6997.75982571602,2529.29642805713,7026.84386122078,3672.5903370584,525.077621206566,488.50835136837,12.2193699618511,15.9689657420607,912.592569863852,916.385480075741,0.00215220971546698,0.00202587855633406,6.29598008296585e-07,0.000933022024936264,0.00378584608236992,1.27637285841648e-05,1.21095982939663e-05,1.71090306892905e-11,6.07324197153963e-06,2.09715276094422e-05,-1565.83363876577,0.0839055402872091,0.0671358912862933,1,0.471791401495185
"sinusoidal",800,"sir_laplace",140,7.656,3643.85602455697,3857.52218623084,111.860227546451,138.810482937458,7096.48843211942,3722.19257932878,6973.27549988463,3438.57263160995,475.947756603575,503.856084930883,14.6107925217413,18.130940822552,926.918551739736,910.824908553374,0.00197722926528512,0.00184250829367905,4.55301099905729e-07,0.000917514921139436,0.00336503871663868,1.17333899233761e-05,1.10848362756318e-05,1.44964819045341e-11,5.7674065935829e-06,2.00765928718921e-05,-1582.82588439103,0.0966660851632853,0.0785599489796128,1,0.466290493206924
"sinusoidal",800,"sir_laplace",141,7.692,3438.59515003084,3833.72955655837,140.235098842184,101.240972788754,7170.62299240813,3540.22856799605,7126.79868487091,3280.45034012081,447.035250914046,498.404778543729,18.231292101168,13.1618529366555,932.218277744166,926.520889868813,0.00206457442259602,0.00197556915839171,4.12006582460076e-07,0.000961200965462134,0.00333016486850673,1.22309856761041e-05,1.15202197224218e-05,1.50758324652504e-11,5.91646163075895e-06,1.97420469816225e-05,-1580.34765362848,0.101795509065932,0.0842782566859795,0.97875,0.468056597088393
"sinusoidal",800,"sir_laplace",142,7.739,3489.53377233499,3382.64682297401,104.52097246021,139.382831387423,6957.31433320057,3229.93764174905,6865.32015156628,3194.94376558279,450.902412758107,437.09094495077,13.5057465383395,18.0104446811504,898.993969918668,887.106880936333,0.00178856061319308,0.00167341003244701,3.61445957457766e-07,0.000810426988654101,0.00297868856493156,1.16871312254944e-05,1.10418594980102e-05,1.28283756891514e-11,5.90208775235392e-06,1.91843873736362e-05,-1591.62498642461,0.0851284717971679,0.0704899106546746,0.99875,0.455591229162913
"sinusoidal",800,"sir_laplace",143,7.755,3181.2231931034,2991.23878462483,89.5881680106018,134.844346286312,6987.10034768295,3232.15969929429,6749.58728553492,2896.78300195715,410.215756686447,385.717444825897,11.5523105107159,17.3880523902401,900.980057728298,870.352970410693,0.00191530898342832,0.00180926737380874,4.59160039708371e-07,0.000884575270794536,0.00313588410497198,1.21010940125105e-05,1.15928592587302e-05,1.32798944404905e-11,5.95134451787456e-06,1.93322806377531e-05,-1564.35806320765,0.112521486772347,0.0962034426367218,0.99125,0.465787468115219
"sinusoidal",800,"sir_laplace",144,7.724,3563.79621892629,3513.35661883093,88.9752857915479,132.792807550111,6901.23106979441,3342.23088743884,6774.36681835636,3049.88695848557,461.392571067619,454.86232765807,11.5193275235044,17.1922329816301,893.478905980633,877.054222987618,0.00183110169645498,0.00168285840222112,4.14889780186725e-07,0.000850754543949775,0.00317468904437929,1.19263613830241e-05,1.14068924530064e-05,1.12758789237505e-11,6.23361631824223e-06,1.82786485005491e-05,-1586.65758366305,0.096625862350663,0.0731826114923506,0.9825,0.457393548786119
"sinusoidal",800,"sir_laplace",145,7.911,3641.72037008262,3626.99703989358,128.866151178789,123.169271522198,6946.15801722554,3605.82958043442,6784.46564116125,3375.86470100185,460.336287458301,458.475166210792,16.2894894676766,15.5693681610666,878.037924058342,857.598993952882,0.00191008959161891,0.00182964172705499,3.51790977300321e-07,0.000856067337160101,0.00299173458599586,1.17911653599205e-05,1.10829805521902e-05,1.45064887341779e-11,5.73785065517056e-06,1.93440788498104e-05,-1575.47896005195,0.117837313564121,0.0869163964021825,0.95875,0.469717888603517
"sinusoidal",800,"sir_laplace",146,7.691,3302.70548277377,3404.19328230944,132.121157375784,153.532008423747,6958.54482088631,3105.82257053984,6800.63783426814,3069.35035623885,429.424714962133,442.620372163495,17.1786708328935,19.962554729391,904.764636703459,884.233238105336,0.00204990709858001,0.00190713358077279,5.10389786229976e-07,0.000931919643736996,0.00350647701484753,1.26743293454786e-05,1.19979652599633e-05,1.50483174145228e-11,6.00194865122934e-06,2.03720790721447e-05,-1556.27973464143,0.117071302352033,0.0869238771066601,0.95375,0.471433372527325
"sinusoidal",800,"sir_laplace",147,7.76,2903.18485110145,2993.21056191166,168.136926780023,130.002865396501,6975.79865697199,3007.51142020301,6888.13102055153,2831.85167344114,374.121759162558,385.723010555626,21.6671297396937,16.752946571714,898.943125898452,887.645750071074,0.0019427190203263,0.00181058394929755,4.58263859486026e-07,0.000904295720546241,0.00335561875810966,1.19733661125555e-05,1.1252592529499e-05,1.3582505562639e-11,6.03177733558181e-06,1.95967656145423e-05,-1580.28094896782,0.108156034317613,0.0832002551454065,0.96875,0.467970113481838
"sinusoidal",800,"sir_laplace",148,7.829,3453.75285148082,3403.5894645975,96.7390247521654,182.487053425824,6763.40905686936,3128.79225893017,6718.65860194948,3083.17446586783,441.148659021691,434.741277889577,12.3564982439859,23.3091139897591,863.891819755954,858.175833688783,0.00181840305281893,0.00169147397542701,4.37377268537636e-07,0.000785026460360462,0.00309326794853173,1.20525577315526e-05,1.14815422025615e-05,1.27940451251521e-11,5.84099536890647e-06,1.92510210376929e-05,-1575.0313883818,0.0838146560911124,0.0607121099678607,0.99375,0.460805503187239
"sinusoidal",800,"sir_laplace",149,7.696,3556.40351564109,3109.93954521826,105.984117110707,147.784303215718,7175.14175629522,2709.70538070603,7200.70946732664,2910.05496289971,462.110643924258,404.098173754972,13.7713249883975,19.2027421018345,932.320914279524,935.643122053877,0.002104659122801,0.00193741670063393,5.76640146362741e-07,0.000783402919275372,0.00366552142676027,1.1394422404741e-05,1.08251778304762e-05,1.26936863588062e-11,5.6420337145365e-06,1.87618419671935e-05,-1609.63701880781,0.0917121759860061,0.0737397945911047,0.99,0.464345439398714
"sinusoidal",800,"sir_laplace",14,7.669,3162.42289705327,3265.31918042992,54.0633955790118,150.813127110958,7188.15200810137,3317.6320205023,7121.84741823162,2903.11770653515,412.364440872769,425.781611739461,7.04960171847852,19.6652923602762,937.299779384713,928.653985947531,0.00226741408261751,0.0020929056403312,6.89622010136532e-07,0.000917311606955272,0.00406886806546845,1.20671858823422e-05,1.15342655627813e-05,1.27526143393976e-11,5.39591163342354e-06,1.88932376415931e-05,-1599.24595848107,0.122907624966056,0.0966056113524541,0.9575,0.479098378438021
"sinusoidal",800,"sir_laplace",150,7.708,3973.56563280112,4057.14009736955,120.853473384341,146.174959209239,7091.59236511945,3430.65640790182,7216.41703960068,3779.85485052456,515.511888012601,526.354449580897,15.6789664484096,18.9640580188427,920.030145967755,936.224317540307,0.0023621481341155,0.00222893302371584,6.8637919724422e-07,0.00103589161309227,0.00412360983891356,1.25456436535288e-05,1.17665688835998e-05,1.70826274738644e-11,6.29815284230261e-06,2.05191480728856e-05,-1595.87102298386,0.0867124605993905,0.0714957725849577,1,0.481770121109463
"sinusoidal",800,"sir_laplace",151,7.62,3471.32347197304,3124.23807495095,139.53749586823,129.006075404045,7044.76199443317,3232.02724026612,6857.27119501353,2473.0322000286,455.554261413785,410.004996712723,18.3120073317887,16.9299311553865,924.509448088342,899.904356300988,0.00185774010433114,0.00174334451270833,4.17555340865668e-07,0.000854540609620497,0.0031596228628278,1.13624643534956e-05,1.06319227167715e-05,1.4799941897984e-11,5.29118839050041e-06,1.86775195419554e-05,-1577.90891834705,0.0995632582034792,0.0756247815179253,0.985,0.459441164083156
"sinusoidal",800,"sir_laplace",152,7.791,2609.96691984728,2345.32518926167,118.751709649862,138.825586847217,6859.11292791447,2942.86155545531,6726.25452923405,2082.24877662339,334.997679354035,301.030058947718,15.2421652740165,17.8187122124525,880.389286088367,863.336481739706,0.00171272869756457,0.00163461688448255,2.83743023973737e-07,0.000837209880810078,0.00279903065938944,1.15071597626298e-05,1.06369384560247e-05,1.38005870247514e-11,5.66706580686094e-06,1.92745315180934e-05,-1567.29402795194,0.0904290497575296,0.0701945246364955,0.99375,0.453422237503868
"sinusoidal",800,"sir_laplace",153,7.913,3850.59980190282,3755.67088042289,102.216806406004,142.783631461095,7085.04886976995,3271.61945717067,7034.93778607137,3557.75774829275,486.616934399447,474.620356429027,12.917579477569,18.0441844384046,895.368238312896,889.035484149043,0.00215187115659626,0.00198679091852883,6.08231590734811e-07,0.0009161616570326,0.00376973515625015,1.23463889167252e-05,1.17513891121973e-05,1.47642922409632e-11,5.95372196809956e-06,2.01249511051155e-05,-1608.86454305943,0.103582548631007,0.0746712083279958,0.96125,0.472120610408661
"sinusoidal",800,"sir_laplace",154,7.614,3459.9555480539,3453.6302850492,129.556479102925,190.479114155871,6885.67156211403,3392.41832068503,6804.93252073656,3176.29852887492,454.420219077214,453.589477941844,17.0155606912168,25.0169574672801,904.343520109539,893.739495762616,0.00175789527458963,0.00166928325523929,3.0409946177542e-07,0.000784354266502243,0.00277309208260455,1.14994488866289e-05,1.07338658320662e-05,1.41035374032954e-11,5.56756971685104e-06,1.92454788651054e-05,-1572.17467128059,0.0751054494289939,0.0590471347588823,1,0.458732985674841
"sinusoidal",800,"sir_laplace",155,7.695,3132.12773999778,3107.17967049135,142.617664442727,134.702290167964,7169.02027295216,3303.89515363708,6767.66198027789,2947.10628711758,407.034144249224,403.792029953392,18.5338095442141,17.5051709120162,931.646559188065,879.488236553333,0.00195884762332088,0.00185231016802598,4.21217425078836e-07,0.000899390032697815,0.00328286350845272,1.17646288633575e-05,1.12137904949269e-05,1.31696284014394e-11,5.30980948104508e-06,1.86237641334858e-05,-1585.20636932676,0.100641012055468,0.08091193015397,0.9975,0.462367188537262
"sinusoidal",800,"sir_laplace",156,7.689,3960.8452757881,3865.10719847036,113.422781647612,181.485001307326,6874.58279191625,3374.68013051819,6893.37550215345,3082.26150872726,515.131392351163,502.68008823909,14.7513046751999,23.6031995457571,894.080217442612,896.524320737865,0.00183487628562381,0.00165757627408734,5.66143264191331e-07,0.000789595930210802,0.00339983798707741,1.1180540182435e-05,1.07134031373065e-05,1.07376907278309e-11,5.3429145979873e-06,1.76242879326953e-05,-1580.42580310524,0.0671404381882705,0.0532557370028014,1,0.45950553023448
"sinusoidal",800,"sir_laplace",157,7.735,3392.15054670573,3371.3466039694,107.35558735528,155.180204481664,6987.28360755901,3551.91805818336,6925.0911533293,3209.49453644177,438.545642754458,435.856057397467,13.8791968138695,20.0620820273645,903.33336878591,895.292973927511,0.00189551748058498,0.00177529489885412,3.89786915049687e-07,0.000856287429252117,0.00311666339751383,1.13615368455822e-05,1.07783116552169e-05,1.11221350765286e-11,6.04618577917982e-06,1.83985676281817e-05,-1578.36343184223,0.126920917182114,0.101616499052344,0.965,0.465852596460032
"sinusoidal",800,"sir_laplace",158,7.551,3033.4512750761,3210.60891541266,100.732018553921,143.760272027322,6968.3895243744,2980.68281293894,6891.17682022607,2993.41926240346,401.728416776069,425.189897419237,13.3402222955795,19.0385739673318,922.843269020579,912.617775159061,0.00197091924055204,0.00182152509944042,4.84651087024765e-07,0.000903039593468553,0.00333575260997124,1.23239896433936e-05,1.17316547011253e-05,1.33300644072097e-11,6.44818589515992e-06,1.96226088758439e-05,-1587.5805095052,0.0715700362438831,0.0567162947134107,1,0.466096803296706
"sinusoidal",800,"sir_laplace",159,7.771,3663.56471281874,3722.3375581936,95.77868531823,147.908985810594,7170.66763550149,3874.89966534728,7124.06133288929,3530.94363896406,471.440575578271,479.003674970223,12.3251428797105,19.0334559015048,922.747089885663,916.749624615788,0.00209306103158062,0.00196455412334601,5.1638546728896e-07,0.000921944612821264,0.00354476085800367,1.17954604096947e-05,1.12226600855476e-05,1.32225533916772e-11,5.64879751804428e-06,1.88160860054595e-05,-1595.67751190764,0.0920691918032411,0.0714203988140258,1,0.470602813735375
"sinusoidal",800,"sir_laplace",15,8.005,3607.78612889987,3714.34936210253,99.6981593578494,107.669482328729,6995.28795514515,3132.96861703575,6874.95923978284,3383.47720322216,450.691583872563,464.003667970334,12.4544858660649,13.4502788667993,873.864828875097,858.83313426394,0.002159426297565,0.0020407207417729,5.34819460325671e-07,0.000999829714265141,0.00361171870937886,1.24001413589061e-05,1.12588149905616e-05,2.22133828378541e-11,5.87491210847784e-06,2.19084596590013e-05,-1586.44754267706,0.0854061816928677,0.0664891759816307,1,0.475806517265288
"sinusoidal",800,"sir_laplace",160,7.522,3449.60544558392,3422.40601115802,100.793500657716,66.412618991033,6963.19830784047,3468.80018058494,6853.79964425239,3214.34332485391,458.602159742611,454.986175373308,13.399827261063,8.82911712191345,925.71102204739,911.167195460302,0.00174178350243379,0.00163875426928358,3.08030945555355e-07,0.000834863055871083,0.00284601755850269,1.10245526002695e-05,1.03433178522483e-05,1.36172948806241e-11,5.03157767664225e-06,1.81798145747003e-05,-1619.10137539288,0.0832681121481956,0.0670921819442716,1,0.451828679645815
"sinusoidal",800,"sir_laplace",161,7.744,2822.48772376231,2840.53741205306,113.649137853181,149.211766033826,7132.64616187563,2757.91545253869,7104.28590121196,2753.62723459484,364.474137882529,366.804934407678,14.675766768231,19.2680482998225,921.054514705014,917.392290962288,0.00217611710319206,0.00206473507261773,5.36269340395619e-07,0.000982157634803414,0.00362595790999338,1.2083753609047e-05,1.13923581669331e-05,1.40606762174883e-11,5.58194307703445e-06,1.99503169365121e-05,-1589.16499744067,0.0886614676766999,0.0678018558493391,1,0.478702730930783
"sinusoidal",800,"sir_laplace",162,7.695,3226.520148862,2966.39980719081,91.4045056560394,186.549334385183,6888.02982235513,3375.33000622761,6681.90045970612,2570.55985755113,419.300864049642,385.497050966966,11.8784282853852,24.242928445118,895.130581202746,868.343139662914,0.00189255455447829,0.00179626325293643,4.40260129283856e-07,0.000772198491078,0.00318641762837203,1.21299748933452e-05,1.1520403155217e-05,1.3829486168125e-11,5.45267711223898e-06,1.93106986021776e-05,-1591.26964566011,0.111798902406993,0.0911389005555749,0.95125,0.464283406209657
"sinusoidal",800,"sir_laplace",163,7.847,3700.89311060329,3352.9398159301,133.637524021374,181.721163732713,7129.86208624251,3805.60497445315,7077.65070332787,3237.54568038493,471.631593042346,427.289386508232,17.0303968422803,23.1580430397238,908.609925607558,901.956251220577,0.00199737095008462,0.00189259284105753,4.70904803709238e-07,0.000887561053676428,0.00334703071863601,1.16229899380793e-05,1.09002856494027e-05,1.2581668136351e-11,5.76260059890396e-06,1.85405090579077e-05,-1579.49388824484,0.0931580776066503,0.0735695092729833,1,0.469094237734922
"sinusoidal",800,"sir_laplace",164,7.703,3673.01359635934,3556.24198823671,125.97019189544,136.609768133383,7079.85262201845,3157.78648049904,7131.02206046704,3177.58299190181,476.828975251115,461.669737535597,16.3533937291237,17.734618737295,919.103287293061,925.746080808391,0.0021198912875926,0.00199230835378211,5.06485069275799e-07,0.000909651189273483,0.00356563998878984,1.22312090868478e-05,1.15215994702825e-05,1.31996254717155e-11,6.02716167829317e-06,1.96062206753166e-05,-1590.63005519596,0.0937179381766971,0.0742410398423243,0.9925,0.46670255186972
"sinusoidal",800,"sir_laplace",165,7.814,3562.5206360078,3375.6932279861,123.620854296502,154.051376923809,6961.57028298809,2935.01500270341,6863.27789167651,2213.82991962415,455.915105708702,432.005788070911,15.8204318270414,19.7147910063743,890.909941513704,878.330930595918,0.00188635953635815,0.0018197855722313,3.51463781676897e-07,0.000863902428504146,0.00304585939044022,1.19529347431663e-05,1.1362714398009e-05,1.37650711733134e-11,5.6846245708843e-06,1.90880101168891e-05,-1558.30925498605,0.0803317500340524,0.0637240631785691,0.98875,0.459415823124378
"sinusoidal",800,"sir_laplace",166,7.971,3645.62876617472,3573.34387580297,94.3402142814071,129.596163658908,6969.95984004448,1811.67334539507,7128.35291782621,3349.28934687071,457.361531322885,448.293046769912,11.8354302197224,16.2584573653128,874.414733414187,894.285901119836,0.00212880137311659,0.00195094925641829,6.73080351241297e-07,0.000851625091586706,0.00379533172202148,1.19579914323334e-05,1.11737776699607e-05,1.75207905752926e-11,5.40182330746401e-06,2.00990941286718e-05,-1609.52509720805,0.102240676414513,0.0783136241409458,0.99875,0.468855012738757
"sinusoidal",800,"sir_laplace",167,7.774,3994.24549209988,3928.92845506799,121.950006632662,167.226156808942,7072.12363881934,4021.05107941102,6956.66212931336,3495.96543413258,513.795406753264,505.393421027526,15.6869059213612,21.5109540531183,909.714900800018,894.862635620447,0.00193505609427017,0.00181824022312695,4.75207119390519e-07,0.000896470702472193,0.0032546814182832,1.16582672793178e-05,1.11614592151145e-05,1.13847251055664e-11,5.83413233270931e-06,1.8309285182702e-05,-1597.084448534,0.092850715271114,0.0733524727841688,1,0.4618943960182
"sinusoidal",800,"sir_laplace",168,7.665,3920.43659581028,3923.63377748458,115.132980861721,128.72352835246,7134.7672116363,2384.1462714184,7157.95657464164,3328.50913782315,511.472484776292,511.889599149978,15.0206106799375,16.7936762364593,930.824163292407,933.849520501192,0.00211850675538093,0.00198444617069717,5.92046399057363e-07,0.000857173737046945,0.00360951281160027,1.20663196220271e-05,1.12604827594259e-05,1.61274838927768e-11,5.71282414386752e-06,2.06981409450794e-05,-1614.79443671471,0.0700043693442877,0.0517800034574742,0.985,0.468918617104082
"sinusoidal",800,"sir_laplace",169,7.807,3697.52423888031,3565.8409507883,105.802365269849,150.703083081499,7236.03204023514,2096.00854910725,7285.25001693722,3383.60594439135,473.616528612823,456.749193132868,13.5522435339886,19.3035843578198,926.86461383824,933.168953110955,0.00214091719311195,0.00200576838658033,5.69556976799503e-07,0.000915299427563644,0.00362004960368178,1.12901596185221e-05,1.06599408157233e-05,1.34018914429595e-11,5.51629342121636e-06,1.79733199431298e-05,-1629.924130388,0.110661005352829,0.0850513604455955,0.97375,0.465052240216297
"sinusoidal",800,"sir_laplace",16,7.617,3537.39792109687,3297.91618951948,101.644902937711,138.167462368365,7046.92930927824,3195.57233608758,7092.43640076746,3276.55247038214,464.408286871061,432.967859986803,13.3444798395315,18.1393543873394,925.158108084317,931.132519465335,0.00215067223582312,0.0020627317618953,5.19479323538052e-07,0.000925974469351257,0.00355410147548618,1.23508323710954e-05,1.18281239198532e-05,1.49080951390176e-11,5.84525005222971e-06,2.00459607625717e-05,-1573.49423692658,0.0731913032882926,0.0588472530190553,1,0.473056185012442
"sinusoidal",800,"sir_laplace",170,7.913,3391.07759579374,3334.14510056489,87.6683658570497,150.050097255736,6964.79332503872,3392.85380007314,6769.45880526931,2974.20885555128,428.545127738372,421.350322325906,11.0790301853974,18.9624791173684,880.171025532506,855.485758279958,0.00189887162526797,0.00179507493440375,3.84067258850756e-07,0.000876667809683375,0.00308758024920986,1.18774288064668e-05,1.1257271209823e-05,1.47704779965373e-11,5.58126922575816e-06,1.93320928544216e-05,-1548.46160035226,0.0782158335413987,0.0626112276809427,1,0.466981764246296
"sinusoidal",800,"sir_laplace",171,7.486,2878.07875492294,2904.3582187923,112.157721266424,95.3949951576186,6872.24459880222,3040.18617811712,6764.25968065891,2446.71705663867,384.461495447895,387.97197686245,14.9823298512455,12.743119844726,918.012903927627,903.587988332742,0.00179735555042608,0.00171758515251387,3.25610866378077e-07,0.000880127208398221,0.00305512603803396,1.192304579188e-05,1.10366296804497e-05,1.62031412813385e-11,5.56648391842344e-06,2.01521068894958e-05,-1589.30146326802,0.0970357283664418,0.0776328914906424,0.97375,0.464124034202606
"sinusoidal",800,"sir_laplace",172,7.659,3149.33686441022,2844.9159053346,153.137435079451,153.769803939701,6810.55341456718,3062.00974521788,6674.29935971441,2746.15566096097,411.194263534433,371.447435087427,19.9944424963378,20.0770079566133,889.222276350331,871.432218267973,0.00172353400093308,0.00162904687827968,2.96199741393068e-07,0.000820556069651597,0.00284294121664808,1.161087491858e-05,1.09083306568632e-05,1.27341018482747e-11,6.00614658957292e-06,1.87710982849313e-05,-1582.38704062606,0.090843064169627,0.0647542724772208,1,0.457752475128568
"sinusoidal",800,"sir_laplace",173,7.815,4077.98838138708,3869.53348605386,115.697800456023,179.143142878676,7124.01397909579,4037.71369211793,7131.11208748306,3339.94217333853,521.815531847355,495.14184082583,14.8045809924533,22.9229869326521,911.582083057682,912.490350285741,0.00205081488763305,0.00192469161944687,6.06926786143855e-07,0.000847591912480083,0.00357265179304443,1.14570775612693e-05,1.10489638372065e-05,1.05994190893181e-11,6.09536452468929e-06,1.80840320060423e-05,-1584.54088907394,0.0575937294505287,0.045860106484405,1,0.46706437840837
"sinusoidal",800,"sir_laplace",174,7.833,4110.15661524885,3913.6931707251,66.4375202834568,127.41912237323,7013.71794775598,1854.80944236145,7071.56186293867,3470.19567804722,524.72317314552,499.641666120912,8.48174649348357,16.2669631524614,895.406351047617,902.79099488557,0.00208106705114769,0.00195747852618003,6.23614309895029e-07,0.000887279749700887,0.00344513245248578,1.22330114879791e-05,1.14306303210945e-05,1.6524461180924e-11,6.11179338977517e-06,2.04094818176032e-05,-1578.65495685669,0.0927423953731142,0.071970069300836,0.97875,0.470120627689572
"sinusoidal",800,"sir_laplace",175,7.639,3962.91385657502,3754.84928668701,88.9526423587987,181.537221969446,7082.62035396657,3453.233123837,7066.28676671196,3278.08839996937,518.773904513028,491.536756995288,11.6445401700221,23.7645270283343,927.165905742449,925.027721784521,0.001992612702269,0.00187564131630334,4.83383193839361e-07,0.000852921094234311,0.00344426018734371,1.16084651286747e-05,1.11383075154662e-05,1.19515040751869e-11,5.24946421690756e-06,1.83413716998944e-05,-1578.21135169354,0.0922624692647648,0.0747659113808083,0.99125,0.460070442851845
"sinusoidal",800,"sir_laplace",176,8.078,3527.89945368644,3299.80127222226,98.5496573461886,133.250519937973,7028.11734651481,2433.58185511296,7077.56306623266,3192.87850965809,436.729320832686,408.492358532095,12.1997595130216,16.4954840230222,870.031857701759,876.152892576463,0.00212868266770993,0.00199478683555402,5.86865136818153e-07,0.000902914062947074,0.0036633092545742,1.25047970302967e-05,1.19248648437893e-05,1.46040067394748e-11,6.11814122659667e-06,1.99245590991957e-05,-1564.94232707127,0.0989799511001236,0.0812507781310375,1,0.479055643023926
"sinusoidal",800,"sir_laplace",177,7.878,3640.46195529755,3728.09550847043,111.713192897385,111.184527079003,7072.10426919393,3507.85195484348,6862.12421518824,3278.55754341933,462.104843272093,473.228675865756,14.1804002154588,14.1132936124654,897.703004467368,871.049024522498,0.0019125399385975,0.00179770320784929,4.06400994500551e-07,0.00081335219620411,0.0032179355518707,1.17339632530506e-05,1.10342138987322e-05,1.43476937242028e-11,5.79908570374553e-06,1.95802819919758e-05,-1537.91125922443,0.090491075314343,0.0714166279936879,1,0.462772230946335
"sinusoidal",800,"sir_laplace",178,7.488,3568.22282451625,3488.91727802116,129.945728694422,186.85947086841,6880.55567454855,3656.91404217042,6832.2530308781,3197.76172768321,476.525484043303,465.934465547698,17.3538633406013,24.954523353153,918.877627477103,912.426953910003,0.00184210417085694,0.00171601034903945,4.7357891592595e-07,0.000802638540466915,0.00321460447994274,1.15866301669807e-05,1.09332035230506e-05,1.26730134614282e-11,6.08817090533647e-06,1.89512717503432e-05,-1541.37766376441,0.0862490293878984,0.0694948455251839,1,0.464385538481316
"sinusoidal",800,"sir_laplace",179,7.683,3077.00549360776,3224.01318454903,131.902631275476,112.204401208602,7090.65630068691,3199.65058356567,6919.15678200607,3025.34100008689,400.495313498342,419.629465644804,17.1681154855494,14.6042432915009,922.902030546259,900.5800835619,0.00198950295202062,0.00186348330458866,4.44855059557994e-07,0.00091182014058953,0.00332277179138666,1.19139850728919e-05,1.13377102737149e-05,1.29187324908594e-11,5.98566065498402e-06,1.90701750745783e-05,-1598.02499118217,0.103048907321606,0.076036804336177,0.97625,0.466238672216855
"sinusoidal",800,"sir_laplace",17,7.753,3390.67655673197,3586.74450117402,157.26782850227,141.691272750466,6974.82478057252,1998.06099011936,6851.46297592352,3248.60023513627,437.337360600021,462.626660798919,20.2847708631845,18.2756704179629,899.629147500648,883.717654575457,0.0017935906567775,0.00169938917194568,3.244548767102e-07,0.000780769699834803,0.00293150020887253,1.13152719886699e-05,1.06521264917053e-05,1.43645642165719e-11,5.81087605904241e-06,1.82916292978088e-05,-1568.1465871682,0.073134068049468,0.0593606289053812,1,0.457461516914839
"sinusoidal",800,"sir_laplace",180,7.909,3522.17844441506,3734.57832338585,145.382422125159,134.738687992679,7092.3313084555,2424.54410173471,7170.24959393294,3270.70143558609,445.338025593003,472.193491387768,18.3818968422252,17.0361218855328,896.741852124858,906.593702608793,0.00209364695887921,0.00197961743828015,4.80443998273937e-07,0.00101496267924702,0.00344575777932578,1.22667863140415e-05,1.1651777600549e-05,1.35132030959525e-11,6.1574840152145e-06,1.93942768302973e-05,-1562.44035582174,0.0967848666701281,0.0746039553882835,0.985,0.471774527968325
"sinusoidal",800,"sir_laplace",181,7.775,4085.677350705,3850.26253937501,81.4139369508467,109.97940432036,6834.08532428986,876.675223125733,6988.27709550248,3406.02095295928,525.489048322186,495.210615996785,10.4712459100767,14.1452610058341,878.982035278439,898.813774341155,0.00250754241190086,0.00224811283584474,1.16034414133472e-06,0.000945872178315286,0.00461943641972562,1.29478411916041e-05,1.2145586152934e-05,2.0225165094634e-11,6.05681907878874e-06,2.10720421173429e-05,-1571.05409442434,0.119748328396878,0.0990502963716225,0.9875,0.492020708033515
"sinusoidal",800,"sir_laplace",182,7.801,3247.22046121778,3328.15124800484,109.019021998112,123.010325467044,6917.0090673097,2949.53255709073,6739.21230671304,3088.91124092526,416.256949265194,426.631361108171,13.9750060246266,15.7685329402696,886.682357045212,863.890822550063,0.00198724746953437,0.00188269825067878,4.87449623626147e-07,0.000745007396209283,0.00334901537588704,1.23020763600171e-05,1.1664087418966e-05,1.456591519374e-11,5.82347540974987e-06,1.97448168587212e-05,-1565.87622261087,0.109461713512972,0.0827934142229786,0.975,0.470836537344424
"sinusoidal",800,"sir_laplace",183,7.908,3269.5705621816,3385.3592211296,138.768618295153,129.187206530551,7008.152659389,3423.94894272064,6875.22368997889,3089.50543498881,413.451006851493,428.092971817096,17.5478778825434,16.3362678971359,886.210503210547,869.401073593689,0.00179409247059245,0.00168878038871128,3.58337031153267e-07,0.000797044206899482,0.0030854533011136,1.11049860246841e-05,1.06706480585176e-05,1.13616627012913e-11,5.13237755022509e-06,1.76048278203983e-05,-1587.03135473487,0.0848791732615025,0.0683913916389449,1,0.45321953482887
"sinusoidal",800,"sir_laplace",184,8.001,3963.20521750028,3923.83683178673,91.1958833177621,118.684790791156,6914.58804557166,2084.33733876028,6852.23411648813,3470.48895602334,495.33873484568,490.418301685631,11.3980606571381,14.8337446308157,864.215478761613,856.422211784544,0.00212731022620855,0.00199793815145422,6.66575916001888e-07,0.000901124776158321,0.00379747100384828,1.22385443440817e-05,1.16055439135667e-05,1.60540136629615e-11,5.30272282439784e-06,2.00516642016801e-05,-1589.45626451651,0.0962606176642566,0.0731645255001843,0.99875,0.469611303380087
"sinusoidal",800,"sir_laplace",185,7.811,3627.72488220702,3712.42403881593,126.252456358256,146.013802428741,7001.53286600016,3819.11357757243,6871.23983221458,3463.92621374701,464.437957010244,475.281531022395,16.1634177900725,18.6933558351992,896.368309563457,879.687598542386,0.00178491297995789,0.00171259160095164,3.05523622130486e-07,0.000871489786239688,0.00277880756587833,1.11917024502423e-05,1.05236261724445e-05,1.28457316689471e-11,5.54290399112238e-06,1.86182549566704e-05,-1592.20030587253,0.0803177843123402,0.0673159885272313,1,0.456138953273577
"sinusoidal",800,"sir_laplace",186,7.849,3507.24858040423,3697.33448389848,122.348945621107,137.443033709733,7141.02778446236,3635.14487234336,7135.87290536904,3273.79824204714,446.840180966267,471.058030819019,15.5878386572948,17.5108974021828,909.800966296644,909.144210137474,0.00211076635666605,0.00196929612235141,5.43295122638987e-07,0.000923301677641747,0.00358699482630838,1.14792695471133e-05,1.07962307381605e-05,1.27293477618206e-11,5.89731332222125e-06,1.88706611487441e-05,-1579.11538095456,0.0919954904720438,0.0743262207075664,1,0.471035829059149
"sinusoidal",800,"sir_laplace",187,7.726,3680.37919450092,3506.79817325147,116.292630511724,195.142093148714,7197.7409170312,3284.24236596969,7128.33518587449,3449.49198471203,476.362826106771,453.895699359496,15.052113708481,25.2578427580526,931.625798217862,922.642400449714,0.00210542139669917,0.00198514227966827,5.61294915534142e-07,0.000851222702549949,0.00358376221365777,1.16822339512236e-05,1.10946746212247e-05,1.15112410388233e-11,6.53396375826167e-06,1.87062054540877e-05,-1609.22968729494,0.100268389777183,0.0794657946096892,0.9725,0.470211434892908
"sinusoidal",800,"sir_laplace",188,8.098,3332.95185056374,3300.22094886103,141.742508333451,123.980963438186,6937.95371872415,3222.14372090501,6804.05925548327,3140.09325960607,411.577161097029,407.535311047299,17.5033969292975,15.3100720471951,856.749039111404,840.214775930263,0.00205162880126057,0.00191025933869339,5.66370122441046e-07,0.000798735296812132,0.00351396019476056,1.2147149017428e-05,1.13998533469484e-05,1.65592857769304e-11,5.52268645076361e-06,2.0261743760752e-05,-1566.09967985447,0.113483618177282,0.0879139652543606,0.99,0.473790888492896
"sinusoidal",800,"sir_laplace",189,8.123,3310.70530254534,3414.07620549079,98.4318074587958,135.324972726826,6865.87177771392,3362.17474673088,6709.75783471928,2899.26762135459,407.571747204892,420.297452356369,12.1176668052192,16.6594820542688,845.238431332503,826.019676808972,0.00171789227453383,0.00163957377063613,3.45052716165493e-07,0.000733212039908518,0.00281657551256918,1.14928006988163e-05,1.08768241762408e-05,1.33291256487042e-11,5.68204982237451e-06,1.87755993362408e-05,-1586.71619804705,0.0891250607379363,0.0667595612071865,1,0.454189703430067
"sinusoidal",800,"sir_laplace",18,7.671,3298.19030795007,3158.64816128699,175.573281032526,153.530289488332,6960.16167074601,3378.33302979668,6784.50227705662,2886.62730808698,429.955717370626,411.764849600703,22.8879260894963,20.0143774590447,907.334333300223,884.435181470033,0.00178548037339451,0.00169862900068856,3.4158245971959e-07,0.000798338571076653,0.00292822025089088,1.12176485395483e-05,1.05952857642029e-05,1.20379021715416e-11,5.22699648875326e-06,1.81294439528221e-05,-1582.34630169305,0.0844247901427239,0.066952964626589,0.99625,0.456874600012727
"sinusoidal",800,"sir_laplace",190,8.011,3729.63099741022,3592.37561581272,91.1171242366664,124.098247588518,7111.54848681725,3730.78698698306,6989.68715183709,3539.55368993384,465.563724555014,448.430360231272,11.3740012778263,15.4909808498961,887.722941807171,872.511191091885,0.0019890105959477,0.00187991290699542,4.6768632664884e-07,0.000820742521036082,0.00338662201940867,1.1398456241489e-05,1.07517776946194e-05,1.15467459601106e-11,5.91393556437799e-06,1.81685018067885e-05,-1558.7851097404,0.087375704025381,0.068048178550111,1,0.462970143174363
"sinusoidal",800,"sir_laplace",191,7.577,3367.55572612799,3587.73349751108,120.051170407928,169.789214423839,7227.24284555768,3108.64608495475,7306.05828838175,3291.06870314574,444.444466956313,473.503167152049,15.8441560522539,22.408501309732,953.839625914963,964.241558450806,0.00230824231536565,0.00218606202932423,6.35393676064023e-07,0.00100379485264647,0.00392114015504119,1.19066898223718e-05,1.12980201744359e-05,1.27369018538403e-11,6.17412817438544e-06,1.92915106914289e-05,-1594.144317997,0.0684124122619448,0.0563846907825108,1,0.479230126911515
"sinusoidal",800,"sir_laplace",192,7.786,3686.65701426806,3621.1865388707,101.93394070188,145.879778259686,7032.24936914132,2744.61157644285,7125.43936655624,3516.49769725191,473.498203733376,465.089460425212,13.0919523120833,18.736164687861,903.191544970629,915.160463210408,0.00215901023121868,0.00202521093820988,6.16380907480537e-07,0.000899783213111563,0.00368665329823543,1.2237716451708e-05,1.15418169407093e-05,1.54787741306088e-11,5.57292992318908e-06,1.96965232583862e-05,-1578.78032681597,0.0906906105124242,0.0724589196756128,0.98125,0.469177578207869
"sinusoidal",800,"sir_laplace",193,7.879,3374.8591891607,3507.62221506178,132.71135310701,142.557385278597,6957.20794099552,3396.68827736022,6742.03737743099,3039.15497283629,428.335980347849,445.186218436575,16.8436797952798,18.0933348494222,883.006465413824,855.697090675339,0.00176920512665862,0.00167139433642169,3.13219377801903e-07,0.00082974558656018,0.00291381445417399,1.15908565903919e-05,1.0904572994639e-05,1.26957042048729e-11,5.960572215755e-06,1.86429381582432e-05,-1540.30305390534,0.096636555167882,0.0762908806913889,0.97875,0.460653734406104
"sinusoidal",800,"sir_laplace",194,8.075,3332.64660477456,2791.26422700014,98.5307080457527,136.4984139205,7079.99913950403,1613.99816510108,7201.11915896817,2730.03712502949,412.711653842051,345.667396532525,12.2019452688239,16.9038283492879,876.780079195546,891.779462410919,0.00226462652690451,0.00215318414920123,7.01745631102189e-07,0.000860647976701584,0.00396046083088918,1.24211698448098e-05,1.15438039069975e-05,1.72907304084421e-11,6.01418193047137e-06,2.03979354305233e-05,-1567.58792495355,0.0793343112424398,0.0625914840605615,0.99875,0.482101068588987
"sinusoidal",800,"sir_laplace",195,7.817,3447.8988725655,3348.34415711212,118.578519195345,114.81932205679,7257.41337245778,2837.26648485092,7211.8336314652,2970.96359469434,441.076995339069,428.341327505708,15.1693129327549,14.6884126975553,928.414145127002,922.583296848561,0.00249876429941435,0.00232942082235197,8.81997577472669e-07,0.00108231831533774,0.00441208402983728,1.30996117471044e-05,1.2264574629879e-05,2.02488108254903e-11,6.14722068030651e-06,2.17117898089231e-05,-1570.18509705013,0.108865036878739,0.0906694959905223,0.99125,0.484975000104796
"sinusoidal",800,"sir_laplace",196,7.697,3124.47700791865,3341.07510645785,84.1808828863747,137.111327231511,6992.8378194408,2195.95109533426,7069.76212096051,3140.77807204363,405.934391050883,434.074978102878,10.9368433008152,17.8136062402899,908.514722546551,918.508785365793,0.00204754351605657,0.00188693533585584,6.35661495357816e-07,0.000848714717092329,0.00377533246407621,1.18271059448113e-05,1.14073403420626e-05,1.26723679141764e-11,5.69529711538725e-06,1.88025091389555e-05,-1570.85568408666,0.0897558796546969,0.0704903712959859,1,0.470328735414802
"sinusoidal",800,"sir_laplace",197,7.667,3715.98747425195,3505.7861088313,89.9860667293512,130.130220046279,7069.41502012687,2544.03856105954,7333.63274622237,3335.76431609649,484.672945643922,457.256568257636,11.7368027558825,16.9727690160791,922.057521863424,956.519205193996,0.00228549767837338,0.00207350881304649,8.36792889609228e-07,0.000948553221068776,0.00409496597473309,1.23673887114827e-05,1.15884651832962e-05,1.69051707108258e-11,5.69812569127135e-06,2.07992829761887e-05,-1588.38785431935,0.105430715354192,0.0852422729690246,0.9825,0.478627361766581
"sinusoidal",800,"sir_laplace",198,8.077,3624.80719501483,3530.48036617875,168.03384625544,133.544406691977,6941.74147353355,3641.37732074944,6774.02358532704,3256.62201799719,448.781378607755,437.102930070416,20.8039923555083,16.5339119341312,859.445521051572,838.680646939091,0.00167715853673485,0.00157921598025798,2.86354229879521e-07,0.000836694282899011,0.00280982677975606,1.13471955575158e-05,1.06616612779764e-05,1.33545053566719e-11,5.45006869468101e-06,1.87539055170529e-05,-1553.57969544221,0.0968383261528496,0.0748895671547276,1,0.451546979597642
"sinusoidal",800,"sir_laplace",199,7.67,3541.07885953652,3469.6676232472,119.278926948075,143.000662244561,7110.34660871677,2393.88979760904,7075.87356752256,3249.91865753672,461.679121191202,452.368660136532,15.5513594456421,18.6441541387954,927.033456156033,922.538926665262,0.00230627917599224,0.0021836431564615,6.89556873307046e-07,0.000881338066499982,0.00390246426456571,1.26971595912953e-05,1.20656816706855e-05,1.48103057137102e-11,6.24162950495591e-06,2.00997794129746e-05,-1574.31741681288,0.0987401979030292,0.0786410000204568,0.98,0.47769977351162
"sinusoidal",800,"sir_laplace",19,7.505,3713.07348151913,3556.14032894392,126.073716650305,185.061950043267,7161.81905656672,3944.12472963061,7171.30604927507,3305.87727818311,494.746633113808,473.836153090462,16.7986298001739,24.6584876806484,954.273025525212,955.537115159903,0.00209663573376033,0.00196531601910479,5.18561525235226e-07,0.000922525385408032,0.00355438144526842,1.18293205164603e-05,1.12473212120936e-05,1.29421102996283e-11,5.73302929974319e-06,1.86825740077491e-05,-1583.05825993052,0.0911135986560153,0.0702548699743223,1,0.472059503250263
"sinusoidal",800,"sir_laplace",1,7.867,3742.84891340492,3527.45075538665,96.4382633364138,137.353019657867,6973.92539118574,3987.85887685359,6829.24051162815,3314.68773512499,475.765719258284,448.385757644165,12.2585818401441,17.4593898128724,886.47837691442,868.087010503133,0.00183423545935439,0.0017373180736651,3.4709627642253e-07,0.000847618035594523,0.00300392403490095,1.16648086886651e-05,1.09792001636595e-05,1.24182912754327e-11,6.05153761832298e-06,1.8653004644079e-05,-1593.95550967071,0.083889904885874,0.0668483419705379,1,0.457717121023682
"sinusoidal",800,"sir_laplace",200,7.754,3717.251764659,3773.43129537621,67.2312083457114,93.5931890100242,7065.46422441685,2458.29407238084,6941.74530245629,3175.70492669595,479.397957784241,486.643190014987,8.67051951840487,12.0703106796523,911.202505083422,895.247008312651,0.00224027860412832,0.00207712472085724,6.75976689159768e-07,0.000964202353111613,0.0038577492621149,1.28871882934313e-05,1.19707546681265e-05,1.93665831912179e-11,6.17966300347529e-06,2.17949932333389e-05,-1578.90672742896,0.0951594708373582,0.0764362723882236,0.98625,0.479153586276388
"sinusoidal",800,"sir_laplace",20,7.841,4155.10753611369,4253.21583210628,127.490857309762,136.989705798281,7189.59558790581,3235.7442526053,7285.02623494535,4004.03981040895,529.920614221871,542.432831540145,16.2595150248389,17.4709483226988,916.923299056983,929.094023076821,0.00234080953879328,0.00218843348926882,6.82354969549957e-07,0.0010551159033531,0.00417869579547828,1.23313043519965e-05,1.16033748249987e-05,1.52381870852159e-11,6.3123436207868e-06,1.99828824837678e-05,-1604.44162996505,0.0771768826344966,0.0594282800830204,0.995,0.47984021381727
"sinusoidal",800,"sir_laplace",21,7.705,3476.02399499558,3282.45885156918,73.5146949261796,183.743472367655,6913.98409827472,3566.08552445465,6858.97932191151,3105.0199070744,451.138740427719,426.016723110861,9.54116741416997,23.8473033572556,897.337326187504,890.19848434932,0.00182992630642722,0.0017200524780025,4.10432826700368e-07,0.000748795200820286,0.00311128339641143,1.13468063506699e-05,1.07700792941235e-05,1.16084912301099e-11,5.49555995561138e-06,1.80484036369595e-05,-1563.64947610773,0.0802773032029528,0.0645266464438409,1,0.458518242983205
"sinusoidal",800,"sir_laplace",22,7.904,3628.55411409822,3362.98770668003,136.309668879366,102.856557972982,7276.14111923535,3877.72602885931,7160.06198290521,3221.44669269235,459.078202694613,425.479213901825,17.2456564877741,13.0132284884845,920.564412858724,905.878287310882,0.00212730633201023,0.00202118916512946,4.92693102994881e-07,0.000924994672518851,0.00347279811789783,1.20784770174891e-05,1.14504195989627e-05,1.32003248877981e-11,6.19524710547592e-06,1.9615295120424e-05,-1633.33385236063,0.0931583059983105,0.0737479303534563,0.975,0.466124688068264
"sinusoidal",800,"sir_laplace",23,7.749,3312.05839596288,3242.30707530635,113.044357803209,159.562690204173,7155.7910363486,3368.5729369411,6998.52901301985,2977.67972037723,427.417524320929,418.416192451459,14.5882511037823,20.5913911735931,923.447030113382,903.15253749127,0.00189112709918773,0.0017988240867957,3.68149645252621e-07,0.00085371280283005,0.00308385582733321,1.14685058506391e-05,1.08023367676675e-05,1.2519796285774e-11,5.6071634302006e-06,1.87334466232928e-05,-1583.55649949926,0.0805452205844734,0.0637900127031539,1,0.45879894940132
"sinusoidal",800,"sir_laplace",24,7.631,3246.58634819105,3256.26138847059,104.953467340759,150.591910498863,7096.51602786532,3411.98564350825,6917.60901506377,3106.6249361041,425.447038158963,426.714898240151,13.7535666807442,19.7342301793819,929.95885570244,906.51408924961,0.00186874396176407,0.00177515501610651,3.81135652476074e-07,0.000898759785850066,0.00314061592907152,1.0929909597489e-05,1.04507161192883e-05,1.13182514825761e-11,5.56617418054977e-06,1.77581920587906e-05,-1556.17753725435,0.0744591902823587,0.0610820107976306,1,0.461138360581713
"sinusoidal",800,"sir_laplace",25,7.836,3637.42256941924,3699.82481812141,125.444849859588,130.206620140767,6931.63071471003,2761.70672307013,6916.75216787691,3248.18582903827,464.19379395345,472.157327478485,16.0087863526784,16.6164650511444,884.587891106436,882.689148529467,0.00202163413006197,0.00190469095173889,4.8070488774491e-07,0.00085857348927143,0.00340309551911753,1.19657399429989e-05,1.12921978119375e-05,1.50485358399548e-11,5.66251583706849e-06,2.02947736980419e-05,-1561.38337039618,0.109669033177841,0.0896282783169291,0.975,0.470474682688923
"sinusoidal",800,"sir_laplace",26,8.043,3486.26842142893,3542.22707867376,102.007399376378,158.058000501532,7097.57323716235,3497.8510175312,6969.36250282959,3235.61165851444,433.453738832392,440.411174769833,12.6827551133132,19.6516225912634,882.453467258778,866.512806518661,0.00200982911417461,0.00190301436420154,4.69818848194858e-07,0.00085930726654137,0.00339607355682826,1.19280221694018e-05,1.13789323464604e-05,1.44556799136448e-11,5.89184366189743e-06,1.90190648675957e-05,-1582.30516291202,0.0911865327043855,0.0708447459191454,0.99375,0.467231282204684
"sinusoidal",800,"sir_laplace",27,7.905,3712.84072526795,3458.93307235037,116.009845319334,172.665764855688,7250.66708309221,3887.87152684403,7193.78041853341,3295.36575595088,469.682571191392,437.562690999415,14.6755022541852,21.8426014997707,917.225437456321,910.029148454574,0.00213659963477719,0.00199636468694541,5.18957445928399e-07,0.00102889284653566,0.00361459743304716,1.13405997013058e-05,1.07025523834917e-05,1.2379851557355e-11,5.57098775905684e-06,1.81025550270774e-05,-1573.51718104183,0.0922515611087352,0.0728672590321188,0.99375,0.470897138189868
"sinusoidal",800,"sir_laplace",28,8.021,3435.9124959983,3341.346846403,121.979929068467,163.463226713857,7058.07284143252,3457.30249390861,7004.87934607194,3053.08364914998,428.364604911894,416.574846827452,15.2075712590035,20.3794073948207,879.949238428192,873.317459926685,0.00197224930779444,0.0018426943530567,4.64383157238243e-07,0.00087080278813282,0.00329263493994012,1.16108779114545e-05,1.08032149120656e-05,1.45112854109441e-11,5.49432977044101e-06,1.92434889925618e-05,-1568.64441620496,0.0917562015297954,0.070742462255272,1,0.46538547132636
"sinusoidal",800,"sir_laplace",29,7.73,3907.22227035685,3378.26565100563,100.750027866147,103.712080589621,7001.64291266465,1522.77256963028,7208.65803321675,2886.95170872663,505.462130705931,437.033072575113,13.0336387925158,13.4168280193559,905.775279775504,932.556019821055,0.00236553460606842,0.00219166564984021,8.59910189036679e-07,0.000902446129591945,0.00419996783495008,1.25360039098873e-05,1.15422892770327e-05,2.04108435106651e-11,5.52581766926145e-06,2.2376665576142e-05,-1589.61217242318,0.0953989462000742,0.0702369850053664,0.96875,0.48069714554374
"sinusoidal",800,"sir_laplace",2,7.707,3630.20807486938,3431.34707860277,119.038634959597,153.088522848242,6998.69520317894,3657.29054529749,6913.09476171612,2875.65124575626,471.027387423042,445.224740963121,15.4455215984945,19.8635685543327,908.095913219013,896.989069899588,0.00191821594657661,0.00184949314243747,3.68946455308459e-07,0.000837434978856185,0.0030459803841631,1.17243331456923e-05,1.11828113133217e-05,1.21597004860775e-11,5.94962077582386e-06,1.8876281382488e-05,-1565.64848902943,0.127677960104773,0.099661668496491,0.95875,0.468031403525101
"sinusoidal",800,"sir_laplace",30,7.801,3496.51934844188,3628.61087916363,101.463694508881,110.827880114282,6973.69404125969,3527.99763066044,6639.63341275712,3232.6524481024,448.214247973577,465.14688875319,13.0064984628742,14.2068811837305,893.948729811523,851.125934208065,0.00192925447240672,0.00183979063967855,3.75103113578086e-07,0.000869665067874602,0.00315071562368325,1.22090222245111e-05,1.13599118995456e-05,1.6925895551307e-11,5.60545361462779e-06,2.00142671227442e-05,-1565.02100737956,0.121244313759075,0.0901475862025708,0.935,0.464912065319813
"sinusoidal",800,"sir_laplace",31,8.051,4347.18441718522,3964.33115283556,81.5729346289768,126.948678127208,7228.53706568219,2110.1302970669,7524.87312875746,3907.82702000135,539.955833708262,492.402329255441,10.132025168175,15.7680633619685,897.843381652241,934.650742610541,0.00286713654528204,0.0026923916466282,1.13876468507617e-06,0.00112129389345525,0.00493977314775019,1.30442942046545e-05,1.21523714055244e-05,2.2118033219729e-11,6.18168941913278e-06,2.21214553600577e-05,-1557.49172809409,0.0956891141360118,0.0744339014267368,0.9975,0.500791706306113
"sinusoidal",800,"sir_laplace",32,8.051,3318.25193271882,3159.99101189108,161.950602860931,150.197449132416,7044.81554311229,3370.84436406506,6722.20384124575,2926.08168292098,412.154009777521,392.496709960387,20.1155884810497,18.6557507306442,875.023667011836,834.95265696755,0.00191667933241231,0.00181628660125565,4.13029116995522e-07,0.000795288101324205,0.00317198738333321,1.18908088716024e-05,1.12784680317021e-05,1.38755189534481e-11,5.80755425055851e-06,1.95462817734833e-05,-1619.96640007875,0.097615112104703,0.0784354209173466,0.995,0.467234373626042
"sinusoidal",800,"sir_laplace",33,7.918,3416.03645406536,3417.67738508009,133.483804941969,152.959231726449,7065.95743856303,3634.1097150708,6958.59497688393,3289.73150662452,431.426680230533,431.633920823451,16.8582729151262,19.317912569645,892.391694690961,878.832404254096,0.00191611464639375,0.00177137439751404,4.43710243972164e-07,0.000859228973396664,0.00316420083922662,1.19153631926422e-05,1.13558071496404e-05,1.32267178249616e-11,5.94305666268915e-06,1.91545799493394e-05,-1597.66941269972,0.103305741206818,0.081266296050275,0.99125,0.46460562678066
"sinusoidal",800,"sir_laplace",34,8.036,3669.67101701488,3461.93677537379,81.9178779772292,142.473635229528,7042.61111767364,1924.28190920948,7004.68277043124,3170.75089501874,456.653934421962,430.803481256071,10.1938623665044,17.72942200467,876.382667704534,871.662863418522,0.0021166483880404,0.00194447215462971,6.81300793326255e-07,0.000774051272728915,0.00369895188964812,1.20557791550213e-05,1.12740467879712e-05,1.76397556455391e-11,5.51512738656586e-06,1.98051497275481e-05,-1591.73133693378,0.10493966182291,0.078608465417336,0.9775,0.475415838904715
"sinusoidal",800,"sir_laplace",35,7.633,3571.01138548888,3565.40735684367,144.691033974334,207.914742469704,6925.57024760983,3742.88018499607,6790.59206666885,3425.08508822884,467.838515064703,467.104330779991,18.9559850614875,27.2389286610381,907.319566043472,889.636062710448,0.00174809260481173,0.00167694613358709,2.7829827151771e-07,0.000811982975199652,0.00278775610668426,1.12144350992579e-05,1.07160268224957e-05,1.12582046373516e-11,5.4752855163455e-06,1.7452967503271e-05,-1546.02897404643,0.0857876171732322,0.0707499586762635,1,0.457060964626135
"sinusoidal",800,"sir_laplace",36,7.83,3451.07870133256,3403.86670132729,124.410751920945,121.622465518032,7095.05918774132,3687.76997898035,7131.0061745456,3113.08417721815,440.750791996496,434.721162366193,15.8889849196609,15.5328819307832,906.137827297742,910.728757924087,0.00208332150234929,0.00195447052314728,5.72454069955594e-07,0.000943168316233575,0.00352692236228592,1.22324807126084e-05,1.14359976179383e-05,1.65596204594788e-11,6.03336092127365e-06,2.09778667890311e-05,-1571.09551200786,0.091800844396613,0.0745713899059156,1,0.473501435743957
"sinusoidal",800,"sir_laplace",37,8.194,3357.16368612625,3287.33455300195,67.1219908413332,136.38238694334,6980.2931457611,1256.26159911391,7187.59699444333,3144.84586183882,409.709993425219,401.188009885519,8.19160249467089,16.644177073876,851.878587473895,877.178056436823,0.00229811169202559,0.00210994992208386,7.97746871579599e-07,0.000839835091808603,0.00398799816965816,1.25160050116179e-05,1.18394423803722e-05,1.66296499322978e-11,5.5738676293437e-06,2.04368827812098e-05,-1575.48489722797,0.0817092089573684,0.064092424609094,1,0.479526171300408
"sinusoidal",800,"sir_laplace",38,7.626,3653.99548237675,3698.26823590305,106.057873030824,147.286782696965,7017.19260298049,2650.22351614179,6929.55593830514,3145.501792782,479.149682976232,484.95518435655,13.9074053279339,19.3137664171211,920.166876866048,908.675050918586,0.00209342248961852,0.00197408531615986,5.97865547920774e-07,0.000816211032924246,0.0036115836574241,1.21948673637252e-05,1.16191841979659e-05,1.45436150096345e-11,5.94331362852307e-06,1.99072461831254e-05,-1564.41106981514,0.0849292554325324,0.0697820681517368,1,0.472911281668147
"sinusoidal",800,"sir_laplace",39,7.697,3395.01832058074,3048.54483398127,118.665286192106,146.245632353093,6984.18699889494,3535.09452176282,6820.32201949542,2921.02966958539,441.083320849778,396.069226189589,15.4170827844752,19.0003419972837,907.390801467447,886.101340716568,0.00189458060609901,0.00179303508046424,4.29129227434364e-07,0.000766183053389396,0.0031438788176138,1.16164984487357e-05,1.07845692533428e-05,1.60382789679131e-11,5.07046946306695e-06,1.96222863833076e-05,-1575.38303130593,0.0759950050878226,0.0556268221392717,1,0.460172236302097
"sinusoidal",800,"sir_laplace",3,7.967,3956.12618215086,3885.30202627897,104.710048372867,97.5352776403225,7158.23575970244,3479.89273552379,7134.59604945164,3325.0875667262,496.564099680038,487.674410227058,13.1429708011631,12.2424096448252,898.485723572542,895.518520076772,0.0021009587893875,0.00199144903347454,5.06592147826702e-07,0.000955523414592244,0.00350907651940126,1.20276179954571e-05,1.11863845634044e-05,1.54075989188986e-11,5.9958402679987e-06,2.05084866125336e-05,-1567.0282174936,0.10184186417764,0.0764607132484004,0.9625,0.472994983476772
"sinusoidal",800,"sir_laplace",40,7.741,3537.98123540118,3574.31486987016,133.524832400889,119.394524979203,7124.00542728706,2969.73188427539,7070.80220561428,3056.42769188052,457.04446911267,461.738130715691,17.249041777663,15.423656501641,920.295236699013,913.422323422591,0.00204747492791609,0.00192054453002819,4.83828004881186e-07,0.000892109657854361,0.00344511027282133,1.20697878970264e-05,1.12969413833885e-05,1.57042877416833e-11,5.76132538715439e-06,1.92142522754075e-05,-1567.65950455709,0.079026549450479,0.0566275839975039,0.98,0.468374798009349
"sinusoidal",800,"sir_laplace",41,8.081,3400.96710985793,3291.26490309577,147.437855820452,103.255252505811,7083.70127843307,3572.89777821893,6904.39332956533,3100.21708160195,420.859684427413,407.284358754581,18.2450013389991,12.7775340311608,876.587214259754,854.398382572124,0.00208636574070715,0.00196563796750643,4.88566039724635e-07,0.000892296993830277,0.00349128139447914,1.21565654923753e-05,1.14083168208691e-05,1.44023708693184e-11,6.113883560404e-06,1.94692055216639e-05,-1572.6242530791,0.121212641432982,0.0956709104598046,0.97375,0.47596520883076
"sinusoidal",800,"sir_laplace",42,7.894,3565.134465031,3542.04344909412,114.829756626113,100.648833773288,7071.86931528921,3653.55948521853,6933.47662276367,3300.89143801521,451.625850649987,448.700715618714,14.5464601755907,12.7500422818961,895.85372628442,878.322348969302,0.00215700158484964,0.00200711926231227,6.3203084566463e-07,0.000881780097405394,0.00374730394025984,1.26238030444754e-05,1.16378714989238e-05,2.06126556155601e-11,6.02828588814501e-06,2.15416588285732e-05,-1599.2165487359,0.0985080662136388,0.0727740527142848,0.97125,0.474357485593627
"sinusoidal",800,"sir_laplace",43,8.012,3808.45961797358,3155.501472834,105.342836098582,136.509550473761,7201.71219269945,3387.79848589944,7068.33492438989,2970.61284743086,475.344435593307,393.846913733649,13.1481323138519,17.0381366043137,898.865725499183,882.218537742123,0.00211649840031082,0.00200383375984815,4.88400867673716e-07,0.000930516610322073,0.00350913404384357,1.23841271221963e-05,1.16857207842911e-05,1.63109079835838e-11,5.84493681063955e-06,2.08224025815438e-05,-1558.53913492136,0.0932008498347076,0.0763347716879852,0.99375,0.471841291029841
"sinusoidal",800,"sir_laplace",44,7.857,3579.91591420153,3334.2899851518,98.75337536733,151.118659750174,7018.67575559739,3680.49361720654,6910.41410432426,3289.22719149315,455.633946061032,424.371895781061,12.5688399347499,19.2336336706344,893.302247116888,879.523240972923,0.00199109063765265,0.00187529242291581,4.45814673265548e-07,0.000899425924456887,0.003326599941178,1.22601648014301e-05,1.16378184258491e-05,1.39437884392545e-11,6.17126889452457e-06,1.91761567218334e-05,-1568.33135011905,0.115081655844195,0.0906896160874692,0.98125,0.47104510104757
"sinusoidal",800,"sir_laplace",45,7.837,3721.49614602151,3686.91914980377,136.124855533397,181.442333994169,7166.97865342929,3808.84827870794,7080.88821154496,3523.05085436102,474.862338397539,470.450318974578,17.3695107226486,23.1520140352391,914.505378771123,903.520251568835,0.00210294217815032,0.00201416288220891,4.72190442155447e-07,0.000882103661908108,0.00343259847108003,1.18182051534945e-05,1.13063775073071e-05,1.23545619764048e-11,5.94061195086229e-06,1.86496988384148e-05,-1578.40420544364,0.0866086809484056,0.0725962066527666,1,0.471243424220535
"sinusoidal",800,"sir_laplace",46,7.682,3914.94376424577,3841.46220353753,92.2704825651252,102.156258204467,6996.76209010533,3230.96197664737,6960.26453952877,3547.5511037413,509.625587639387,500.060167083771,12.0112578189437,13.2981330648876,910.799543101449,906.048495122203,0.00191455380686037,0.00180010840290324,4.45157808342596e-07,0.000855998895549803,0.00328432218992826,1.15193746037738e-05,1.10619822529008e-05,1.25398958542504e-11,5.61934021599973e-06,1.8708711969896e-05,-1587.94353109351,0.0741348695460543,0.0591973187659812,1,0.46346420548053
"sinusoidal",800,"sir_laplace",47,7.826,3474.8984511587,3365.46163386028,110.667202338237,87.3553011935247,7141.16530061189,3404.38633862973,7015.31401158025,3074.69573203593,444.019735645119,430.035986948669,14.1409663095115,11.1621902879536,912.492371660093,896.41119493742,0.00211555024502917,0.00198963117457341,5.4690679144301e-07,0.000935609347095412,0.00360697612429232,1.21377841518109e-05,1.14898561757755e-05,1.43446983116231e-11,6.03997083921279e-06,1.95645788074296e-05,-1605.23205908897,0.0991664989188776,0.077825371794952,0.9875,0.468857037547742
"sinusoidal",800,"sir_laplace",48,7.831,3454.81118252386,3140.85471512526,131.708993278138,133.227692356585,6890.05349021381,3696.91056781572,6690.0036068973,2910.08192092134,441.171138108014,401.079646932098,16.8189239277408,17.0128581734881,879.843377629142,854.297485237811,0.0017572040871064,0.00169163857909567,3.0080548257758e-07,0.000817590312504002,0.00283577360572101,1.18937378236786e-05,1.1219365170471e-05,1.42415330724996e-11,5.91337852498379e-06,1.94220871992851e-05,-1551.17086943518,0.0611982480371347,0.0484316387799616,1,0.456120585992678
"sinusoidal",800,"sir_laplace",49,7.869,3421.01675351055,3422.24329780428,111.334793133403,151.367628833703,6888.70496016213,3376.37422680104,6889.22016258602,2941.28789915376,434.746060936656,434.901931351414,14.1485313424073,19.2359421570343,875.423174502748,875.488646916511,0.00194480234058431,0.0018426850561322,4.5756398618949e-07,0.000791200436677267,0.00325176955686396,1.17527229600087e-05,1.11265446698772e-05,1.34673375078798e-11,5.6445656011012e-06,1.92192982653792e-05,-1605.49209984808,0.0922725088703815,0.0713423176791879,0.9825,0.466215661785398
"sinusoidal",800,"sir_laplace",4,7.989,4094.10876081816,3866.42067231067,56.9189270473504,100.120520863033,7033.26777403413,2748.89721619481,7220.94765094621,3725.37904253772,512.4682389308,483.968040093963,7.12466229156971,12.5322970162765,880.36897910053,903.861265608489,0.00231391460654676,0.00213546369909772,8.68050575491075e-07,0.000894949389342211,0.00420776403666253,1.2080181863602e-05,1.14133891973817e-05,1.62981022095465e-11,5.52076911249872e-06,1.98800101034459e-05,-1594.11928816588,0.0938232032730237,0.0751569429618919,0.9875,0.473530734434188
"sinusoidal",800,"sir_laplace",50,7.849,3402.09538814525,3245.82731952599,109.784095337218,103.611163096763,6884.86231888455,3593.26314084725,6776.00972098726,3157.90193408662,433.443163224009,413.533866674225,13.9870168603922,13.2005558793175,877.164265369417,863.295925721399,0.00169377344906632,0.00161493299939663,3.00583417652155e-07,0.000782684526353261,0.00267497789507934,1.10942542040713e-05,1.01820695790149e-05,1.5588622811058e-11,5.14765456602377e-06,1.91262768267656e-05,-1567.69779167789,0.0601389110350381,0.0523820110328022,1,0.454220163700397
"sinusoidal",800,"sir_laplace",51,8.029,3924.83498220983,3765.59720235208,103.974617692972,85.262758934411,7046.68247736427,2939.51465704582,6940.45683105708,3266.90940996506,488.832355487586,468.999527008604,12.9498838825473,10.6193497240517,877.653814592635,864.423568446517,0.00218591703301564,0.00211498919131941,4.78470140099195e-07,0.000925269480290173,0.00351481502416013,1.287642197334e-05,1.20868096996099e-05,1.73506505465585e-11,6.01383420155071e-06,2.11234234407652e-05,-1555.38159442897,0.0932287498229044,0.0724778280844936,0.99125,0.479580036928801
"sinusoidal",800,"sir_laplace",52,7.837,3010.3782392526,3012.32199529211,61.9232346305235,164.854432901366,7021.56266054029,2950.00605674464,6926.09891699709,2696.74427485666,384.123802380069,384.371825353083,7.90139525718049,21.0354003957338,895.950320344557,883.769161285835,0.00204131347260651,0.00189717073325075,5.0785476516784e-07,0.000903403577705678,0.00345359982616937,1.17805808224205e-05,1.12133779231756e-05,1.34024837082888e-11,5.72396834996224e-06,1.89887954557813e-05,-1570.68937000251,0.120642389951151,0.0960865033133238,0.975,0.472611342668727
"sinusoidal",800,"sir_laplace",53,7.706,4001.65511187678,3990.26997489905,69.116044516385,154.385689885186,7052.04940929802,2103.04807326217,7129.05159363121,3637.5492116002,519.290826872149,517.813388904626,8.96912075219115,20.0344783136758,915.137478497018,925.129975815106,0.00232335725732243,0.00221602159198845,7.4183393024262e-07,0.000844621287427996,0.00407291931042987,1.24034141372753e-05,1.17024853521678e-05,1.44197141848911e-11,6.13702974428237e-06,2.0183119036502e-05,-1611.57344656869,0.0930437591269516,0.0749667499479986,0.99875,0.478134812995346
"sinusoidal",800,"sir_laplace",54,7.56,4193.77803680514,3747.4109571928,112.577401886152,121.654778551229,7180.64940079419,2545.11940465497,7162.22894093117,3197.16462036427,554.732544550945,495.689280051958,14.8911907256814,16.0919019247658,949.821349311401,947.384780546451,0.00244163650630116,0.00228386363567248,8.01904626204332e-07,0.00103464880601677,0.00426207326800744,1.26886808706594e-05,1.20591436263125e-05,1.75949408029039e-11,5.79768227552115e-06,2.07187810723265e-05,-1584.65811644317,0.0901215707059298,0.0735502163533553,1,0.487405484586585
"sinusoidal",800,"sir_laplace",55,7.643,3648.4839631014,3498.92649089367,138.840223143193,164.454035841783,6802.10867744175,3673.09628585502,6767.82675892832,3341.18777317745,477.362810820542,457.794909184046,18.1656709594653,21.5169482980222,889.978892770084,885.493491944042,0.00181520424082953,0.00169701808979805,4.38463027235288e-07,0.000820764134414769,0.00311375583382373,1.15273072036692e-05,1.09615435035146e-05,1.21885936782872e-11,5.9564501494536e-06,1.88758803053254e-05,-1592.49335727541,0.0735243240354375,0.057030591095137,1,0.461926236787849
"sinusoidal",800,"sir_laplace",56,7.927,3473.89618888461,3491.03278392913,96.7180677948686,136.656965867052,6917.57091834485,3525.87042574114,6812.51129771671,3312.06527898713,438.235926439336,440.397727252318,12.2010934521091,17.2394305370319,872.659381650669,859.40599189059,0.00182933378408428,0.00171742374733157,3.68621837523956e-07,0.000850446535985934,0.00304277229629324,1.17183120858561e-05,1.10164859364571e-05,1.41497647595847e-11,5.59322781128772e-06,1.93161644749688e-05,-1593.01757515322,0.0921861130220695,0.076783665387801,0.99125,0.454980747702329
"sinusoidal",800,"sir_laplace",57,8.169,3737.32902516053,3458.30220257069,159.82311566174,166.703789713765,6987.7303468251,3913.43420062101,6862.43061097693,3353.41791908091,457.501410841049,423.344620219205,19.5645875458123,20.4068784078547,855.396051759714,840.057609374088,0.00181145309886741,0.00175767870745008,3.10606695112311e-07,0.00081840691522492,0.00285068965483724,1.14390743469905e-05,1.06061022293608e-05,1.52461770786386e-11,4.98891259447727e-06,1.92049071401485e-05,-1580.43733386941,0.0951347820334746,0.0786299877625968,1,0.455278804746742
"sinusoidal",800,"sir_laplace",58,8.081,3275.20099769954,3101.77745694747,131.406292030514,97.5961131611323,6997.87374214202,3113.80948483632,6836.37217470771,3015.09595674499,405.296497673499,383.83584419595,16.2611424366432,12.0772321694261,865.966308890239,845.980964572171,0.00187365616360338,0.00177924382415209,3.25265396074421e-07,0.000954570443931556,0.00302120398341019,1.1513269465931e-05,1.10026592094573e-05,1.22048080137277e-11,5.5447558871695e-06,1.81514693767075e-05,-1554.75120156015,0.103110357920262,0.0774394198898147,1,0.465000403879915
"sinusoidal",800,"sir_laplace",59,8.177,3418.2499280065,2871.75415155381,99.2370087413108,171.501357460214,7056.88310478032,3575.27631167189,7111.70688266282,2656.63631071002,418.032276874954,351.198991262542,12.1361145580666,20.9736281594978,863.016155653702,869.720787900553,0.00200334087194025,0.00185809233763454,5.21334926708423e-07,0.000788020957779548,0.00347917875849252,1.16670857987072e-05,1.12387144674004e-05,1.14350211907883e-11,6.01926988894807e-06,1.78764064270176e-05,-1575.46059291234,0.0748795010823879,0.0578890125605266,1,0.468161229817841
"sinusoidal",800,"sir_laplace",5,7.995,3757.00818204674,3890.22235874987,75.0000503508512,143.975584630831,7083.62327526681,2095.27285588875,7317.00158320194,3598.17931189169,469.919722582457,486.581908536569,9.38086933719215,18.0082032058576,886.006663573084,915.197196147834,0.00241026871952646,0.00227929109717553,7.75279012680634e-07,0.000917245857757002,0.00417766190260399,1.21988811242667e-05,1.16479503409134e-05,1.39386678400546e-11,6.30176961789542e-06,1.98890837391407e-05,-1557.21115038083,0.0874148131590018,0.0665145571883444,0.98125,0.481836727109537
"sinusoidal",800,"sir_laplace",60,8.038,3386.32480610905,3259.08326407714,140.559017844308,124.828938452297,7015.63620473815,3427.46981214562,6855.35630184132,3101.57914064153,421.289475753801,405.459475501012,17.4868148599537,15.5298505165834,872.808684341645,852.86841276951,0.00181335819844879,0.0017124145487209,3.69990434294549e-07,0.000807948827696384,0.0030296835685532,1.1122366591663e-05,1.05684880044055e-05,1.20091183913871e-11,5.56043618359718e-06,1.81327055358062e-05,-1555.36122427882,0.0826306049111295,0.0661017456857613,1,0.460181791064023
"sinusoidal",800,"sir_laplace",61,7.893,3430.18492440387,3309.93503474946,111.95840717249,152.571495541641,7125.88526451891,3610.00190324414,7033.43103081317,3111.95682955506,434.585699278331,419.350694887807,14.1845188359926,19.3299753631878,902.81075187114,891.097305310169,0.00203025218979601,0.00190392505076019,4.87867569813303e-07,0.000849977657201052,0.00340435315256167,1.18870901036583e-05,1.11105247560594e-05,1.37236363518099e-11,6.05541307264194e-06,1.95131724011067e-05,-1607.26420598902,0.113209750907301,0.0881984918512831,0.96625,0.465892478762147
"sinusoidal",800,"sir_laplace",62,7.634,3650.35559585988,3759.40961489496,132.758916164941,153.648089015565,7203.07913787514,2325.68262986871,7103.92461916016,3549.8806520202,478.170761836505,492.456066923625,17.3904789317449,20.1268128131471,943.552415231221,930.563874660749,0.00202168072416789,0.00191597518453795,4.25177436572039e-07,0.000935781577326829,0.00327700131053577,1.17121553820664e-05,1.1137462005799e-05,1.31476029791549e-11,5.52086991735168e-06,1.90303669024518e-05,-1590.06921765346,0.0893582688520557,0.074644117398884,1,0.465430700077537
"sinusoidal",800,"sir_laplace",63,7.839,4110.84941480194,3955.74105000855,119.459026820565,161.461273186473,7094.06378486832,1133.12879881959,7440.69310905147,3794.94465702017,524.409926623541,504.623172599636,15.2390645261596,20.5971773423234,904.970504511841,949.189068637769,0.00265301469481017,0.00245585191296474,1.09069532788756e-06,0.00101055561015481,0.00474887899773302,1.21816563722153e-05,1.14915756995751e-05,1.43482478774434e-11,6.11967520532043e-06,1.97766928498909e-05,-1574.81217184437,0.1187642699276,0.0956968573013218,0.995,0.495833284163581
"sinusoidal",800,"sir_laplace",64,7.929,3405.45483856483,3291.04943686497,114.983532836411,163.669599878067,7058.26833158662,3687.84295656566,6910.57760739866,2998.18359705721,429.49361061481,415.064880421865,14.5016436923207,20.6418968190273,890.183923771802,871.55727171127,0.00203231042843987,0.00190179056726289,5.03888582615706e-07,0.000868391189520493,0.00340075423650626,1.19108111265945e-05,1.13740827343412e-05,1.25905754994001e-11,5.64007123461875e-06,1.94630731642824e-05,-1583.63666315884,0.086359791655095,0.0656222569774271,0.99875,0.469034731548153
"sinusoidal",800,"sir_laplace",65,7.728,2823.41766630969,3097.86241999258,108.718806849067,134.317704852709,7019.06621589819,3047.91489227817,6879.08122230616,2483.3651953939,365.349076903428,400.862114388273,14.0681685881297,17.3806553898433,908.264261891587,890.15026168558,0.00189674819721545,0.00178567003737218,4.61950628269864e-07,0.0008350948972722,0.00334371821516559,1.14296720280159e-05,1.09409696454334e-05,1.13148439971949e-11,5.39328673917349e-06,1.78654520427417e-05,-1565.84524964846,0.0825957632149532,0.0597085881523798,1,0.462668464197948
"sinusoidal",800,"sir_laplace",66,7.671,3359.95056932511,3310.58764738563,87.9601997418951,135.329865066224,6976.89315926367,3562.04980485552,6807.03428727262,3119.3284457026,438.00685299506,431.571848179589,11.4665884163597,17.6417501064038,909.515468552167,887.372479112582,0.00194755430598405,0.00182046127939387,4.78787219417041e-07,0.000826170840045755,0.00327437141762824,1.21810504992419e-05,1.16353151479421e-05,1.59250389254446e-11,5.48944536833185e-06,1.9759102185826e-05,-1586.06337913364,0.0851607254056612,0.0681626127788768,1,0.464995452293835
"sinusoidal",800,"sir_laplace",67,7.711,3899.62992221383,3666.55457832868,95.8431225620493,148.491080571144,6833.73782310889,3364.1325568294,6725.58141578782,3149.84700492559,505.722983039013,475.496638351534,12.4294024850278,19.2570458528264,886.232372339371,872.206123173106,0.00179747200205187,0.00168951970668378,3.9955431950636e-07,0.000819221159246595,0.00304480970135556,1.14768491864133e-05,1.08675745620602e-05,1.32310743011503e-11,5.20296136004069e-06,1.88133219219111e-05,-1573.11460131444,0.0813990454594521,0.0658486713401139,0.99875,0.459383530727545
"sinusoidal",800,"sir_laplace",68,8.03,3621.7095095031,3324.35153901642,131.494070216713,152.417919989584,7211.21831465895,2655.28516481183,7221.11029366976,2856.33325278987,451.022354857173,413.991474348246,16.3753512100514,18.9810610198735,898.03465935977,899.266537194242,0.00240457975600821,0.00227939078898744,6.07758166447354e-07,0.00111981412229332,0.00404104293910026,1.27399481950214e-05,1.20586395574162e-05,1.50693466535937e-11,6.40158204267652e-06,2.08199993283572e-05,-1555.18617646387,0.101596925527837,0.0762267437052313,0.9775,0.486259048624808
"sinusoidal",800,"sir_laplace",69,7.733,3823.13345681324,4072.28903269659,106.807616743958,127.544179000827,7048.10915249347,3363.48635848364,7017.4668846877,3446.88289215151,494.392015623075,526.611797839984,13.8119250929728,16.4934926937575,911.432710784103,907.470177769004,0.00201002734318204,0.00188195225682863,5.41974144443976e-07,0.000866656276969,0.00352030115571583,1.19528438987701e-05,1.14881120314425e-05,1.13321845818739e-11,6.45796526993659e-06,1.9262839827106e-05,-1595.80572672547,0.0928466743068732,0.0749341235030501,1,0.465335794302406
"sinusoidal",800,"sir_laplace",6,7.545,3539.37627867154,3567.65899121759,110.118255690159,123.900436691839,7010.14232340239,3272.95092868221,6815.01935025801,3322.53377861901,469.102223813326,472.850760930097,14.5948649026056,16.4215290512709,929.110977256779,903.249748211797,0.00208118448408626,0.00195799279508454,5.49436194313686e-07,0.000861731709961792,0.00351286442236313,1.27284178068524e-05,1.18423217865787e-05,2.03555541819381e-11,5.8451176891267e-06,2.18146268461071e-05,-1552.82022054239,0.128061611651718,0.101858317064944,0.96625,0.480676926017603
"sinusoidal",800,"sir_laplace",70,7.704,3177.42607902582,3094.13109094127,115.340910567903,154.848763069012,6838.91153321935,3340.80752482469,6588.90794390813,2834.77665625534,412.438483778014,401.626569436822,14.971561600195,20.0997875219382,887.709181362845,855.258040486518,0.00178237571772284,0.00168453666102829,3.01738643603948e-07,0.000850322781122353,0.00288330667669669,1.1902954104815e-05,1.11849047790816e-05,1.47949993307188e-11,5.83154492681448e-06,1.96170066550447e-05,-1573.86776639183,0.0734282186365756,0.0569694953560107,1,0.457028341249849
"sinusoidal",800,"sir_laplace",71,7.787,3075.25153756862,3182.29559664424,120.257943038106,159.876430351948,7050.48525533842,3292.97467321359,7092.05976197478,2869.5901414148,394.921219669785,408.667727834113,15.4434240449603,20.5311969117693,905.417395060797,910.756358286217,0.00218324184058504,0.00208904877840319,5.26919960020253e-07,0.000945088512129952,0.00357832131038885,1.23489683967183e-05,1.18341116664246e-05,1.5647854620779e-11,5.7449684543531e-06,2.0007618883616e-05,-1543.53812753216,0.0852208033314618,0.0673628787010011,0.99875,0.473587180198866
"sinusoidal",800,"sir_laplace",72,7.695,3530.51722713695,3416.14251573516,116.172745667532,155.225186257217,7053.04687995855,3741.35853988007,6963.07479113876,3283.93120625558,458.806657197784,443.943146944141,15.0971729262549,20.1722139385597,916.575293042047,904.883013793212,0.00194329182778454,0.0018547613628218,3.78927978799731e-07,0.000925143478212191,0.00314935815062187,1.18915890315503e-05,1.13208156832293e-05,1.50313633880098e-11,5.99769542488628e-06,1.9101450106809e-05,-1590.90283707493,0.114340316338381,0.0845962142098468,0.9475,0.457928459159781
"sinusoidal",800,"sir_laplace",73,7.719,3406.70160290698,3151.47683787977,85.5581974193775,137.60019312053,6982.78228793244,3558.74189320404,6973.26307095726,2625.72037846607,441.339759412745,408.275273724545,11.0841038242489,17.8261683016622,904.62265681208,903.389437875017,0.00195517820804228,0.00180051887230617,4.81794278552758e-07,0.000898429423078721,0.00343447280175639,1.16436269352484e-05,1.09537067050575e-05,1.24697907718621e-11,5.96342935988767e-06,1.85920106313734e-05,-1590.12592116157,0.08539071687691,0.0712874754774915,1,0.463631238268445
"sinusoidal",800,"sir_laplace",74,8.014,4135.80363267431,4239.44295328569,100.885501785549,132.158713412588,7173.45963290395,2663.96966784798,7310.31042884925,3905.8147933799,516.072327511145,529.004611091302,12.5886575724418,16.4909799616406,895.116001111049,912.192466789275,0.00229330968985534,0.00213642761124678,7.31862907922653e-07,0.000869227374794604,0.00400331015801141,1.2220465788733e-05,1.14145049493647e-05,1.68431939384173e-11,5.79068402114336e-06,2.08130608563416e-05,-1548.66797758116,0.105245492322888,0.0844934088700236,1,0.481104269514091
"sinusoidal",800,"sir_laplace",75,7.97,2934.37853576807,3248.16133236047,114.299875395531,146.269510752345,7093.12940942573,2894.62034047426,7177.49937736294,2796.24058432462,368.177984412556,407.548473320009,14.3412641650604,18.3525107593909,889.97859591289,900.564539192339,0.00232436545077564,0.00219912750676454,7.01064270470501e-07,0.000944326716472145,0.00390623872229618,1.24576608557638e-05,1.18767651385916e-05,1.53447778363691e-11,5.83539670693715e-06,2.00506429954404e-05,-1607.01923525335,0.0827471144323493,0.0679332474614478,1,0.476602677697079
"sinusoidal",800,"sir_laplace",76,7.811,3936.53246159817,3889.8359331281,107.195671915275,117.311348386629,7103.05616126477,3173.43731099707,7075.16566397778,3139.35401349023,503.972917884799,497.994614406363,13.7236809518979,15.0187361908372,909.36578687297,905.795117651745,0.00213543289621271,0.00199527388788639,6.18262105561661e-07,0.000899055116441954,0.00370831283747501,1.20044702661602e-05,1.15570167321463e-05,1.44143804843594e-11,5.30820542582005e-06,1.94520939359304e-05,-1587.61841846656,0.0880289749198376,0.0707093900524874,1,0.468657583297839
"sinusoidal",800,"sir_laplace",77,7.858,3542.34799048183,3495.22247250338,86.7426063072251,181.979220591561,6944.94256862234,3639.88778739365,6816.32612029207,3162.74252866303,450.7951120491,444.797973085184,11.0387638466817,23.1584653336168,883.805366330153,867.437785733274,0.00195976356038578,0.00178998858086111,5.99589127400795e-07,0.000800083541936728,0.00349479889378636,1.18152636635099e-05,1.11076963194604e-05,1.41477247743385e-11,5.84516418969257e-06,1.96767474966816e-05,-1558.86256761229,0.0746886354522859,0.0611619759925962,1,0.466996776244235
"sinusoidal",800,"sir_laplace",78,8.176,3962.52498338141,3320.61485471699,123.774495971259,103.672361813105,7198.77788699276,2759.88289698944,7105.7826312729,3189.51060861011,484.653251392051,406.14173859063,15.1387592919837,12.6800833920139,880.476747430621,869.102572318114,0.00212506835747931,0.00203176406861509,5.24414357938141e-07,0.000937224722659452,0.00348763020738147,1.17678525580502e-05,1.10561566034221e-05,1.51477917529678e-11,5.65700914547315e-06,1.97802559003906e-05,-1594.29542400987,0.0853741160561132,0.0657038219852384,0.99625,0.468595979827163
"sinusoidal",800,"sir_laplace",79,7.785,3109.61075460011,3022.03858652955,129.558037465327,154.123282273334,6931.89813580054,3280.26636813366,6816.07216061284,2870.9150479671,399.4361919846,388.187358577977,16.6420086660665,19.7974672155856,890.417230032182,875.539134311219,0.00178430311284019,0.00166254423763862,3.93109148710981e-07,0.000796964491107113,0.00304032626299979,1.12129965897584e-05,1.04951009941313e-05,1.28432933110906e-11,5.29958536084336e-06,1.81364384509994e-05,-1584.65138938045,0.110342647178763,0.0856099471732105,0.9825,0.461238528437196
"sinusoidal",800,"sir_laplace",7,7.821,3505.98909423731,3211.62290098534,108.50756864202,162.786737643355,6812.39534424026,3236.12441468339,6699.5642605784,2989.22240163116,448.278876644586,410.640953968206,13.8738740112543,20.8140567246331,871.038913724621,856.612231246439,0.00182941178473931,0.00169483515100353,4.20384123437429e-07,0.000847710130465367,0.00314367317137943,1.14257090391274e-05,1.08431138423874e-05,1.35578955711049e-11,5.240789283135e-06,1.79329210588247e-05,-1564.61491814872,0.0848563104162863,0.0668543526239715,0.99875,0.46595440654867
"sinusoidal",800,"sir_laplace",80,7.521,3706.36800873597,3854.93902745545,91.5946705007073,91.3830520952486,6983.9693601635,1697.14125353529,7374.48635450004,3595.77137951885,492.802554013558,512.556711535096,12.1785228693933,12.1503858656094,928.595846318775,980.519392966366,0.00257069246599602,0.00239078174833718,1.01801214598063e-06,0.000891450209359641,0.00457748667214359,1.28267195408268e-05,1.20523642678951e-05,1.67788022122918e-11,5.91285975747059e-06,2.08402520708414e-05,-1560.37456502109,0.101454713183147,0.0786830190642508,0.98625,0.491906898857685
"sinusoidal",800,"sir_laplace",81,7.783,3452.7078320124,3630.64998887611,72.064825090014,173.367964961313,6955.51265483113,3138.05883590081,6891.49740576289,3372.55518271624,443.621718105152,466.484644594129,9.25926057946987,22.2752107106917,893.680156087772,885.455146571102,0.00203223276508659,0.00192083850695243,4.87942485948949e-07,0.000903627104385212,0.00340976732540633,1.20156707658413e-05,1.15037321952532e-05,1.36002395072823e-11,5.59576998586832e-06,1.89508152901299e-05,-1579.40665362223,0.115867761604092,0.0859866579574403,0.9575,0.472488393922212
"sinusoidal",800,"sir_laplace",82,8.005,3283.58764335383,3088.12378080573,64.4144000069134,153.407839464614,7121.73571220816,2018.35243007006,7246.90213692998,2990.77282512932,410.192085365875,385.774363623452,8.04677076913347,19.1640024315571,889.660925947303,905.296956518424,0.00225052730494208,0.00209318675130764,6.23899180680839e-07,0.000926759853208216,0.00379722383553069,1.22271518486494e-05,1.17187565708155e-05,1.38995715867459e-11,5.8884812936061e-06,1.97095393283227e-05,-1580.26418731488,0.117260021769732,0.0909681226717507,0.9675,0.474707773099996
"sinusoidal",800,"sir_laplace",83,7.697,3254.85080898625,3170.90109347715,152.20695990275,136.999370565697,6653.47706766227,3333.58971668145,6519.58405402473,2653.69560312988,422.872652849975,411.965842987807,19.774842133656,17.7990607464853,864.424719717067,847.02923918731,0.00165239528562639,0.00160096921073912,2.8076045539942e-07,0.000752851575312382,0.00268619863381143,1.1650518838616e-05,1.10394244040963e-05,1.31966322225898e-11,5.48814072812066e-06,1.91859668594655e-05,-1580.89696946975,0.077094926949459,0.0566754684707599,1,0.451193700280754
"sinusoidal",800,"sir_laplace",84,7.671,4101.6785207398,3968.14355244131,113.843075598585,134.853815708197,7210.86546145668,3271.60520210296,7157.53440238145,3359.79396532883,534.699324825942,517.29155943701,14.8407085906121,17.5796917883192,940.016355293531,933.06405975511,0.00223774011767006,0.00209207880190114,5.75473631361941e-07,0.00105141943577791,0.00381695534642828,1.21609008206317e-05,1.13972759940534e-05,1.52853268805612e-11,5.31008690593397e-06,1.95242762548662e-05,-1595.50162495329,0.116401927142918,0.090279060380958,0.96625,0.478868772853416
"sinusoidal",800,"sir_laplace",85,7.929,3489.57725546042,3743.71320931723,118.684882477239,149.973887908365,7231.31207409576,3713.56173107297,7225.10526065816,3475.66955040605,440.103071693836,472.154522552305,14.968455350894,18.9146030909781,912.008080980674,911.225281959662,0.00212350785417228,0.00198698812237806,5.49533562311738e-07,0.000906425962450297,0.00365378137046716,1.13042391372549e-05,1.09004930648801e-05,1.05382261092505e-11,5.36145558773507e-06,1.76901721660153e-05,-1586.58265470121,0.0766990652243599,0.0583528421251162,1,0.46421875948092
"sinusoidal",800,"sir_laplace",86,7.771,2882.25750342532,3091.10634952337,133.46514023238,103.644591427894,6863.87497160202,2840.01858858569,6775.33298705257,2598.76901444998,370.899176865952,397.77459136834,17.1747703297362,13.3373557364424,883.267915532367,871.874017121679,0.00173493175496224,0.00165497129844508,3.12611727394796e-07,0.000741131744707728,0.00279199266856481,1.13829072416545e-05,1.07913641376739e-05,1.29412298383709e-11,5.54718693524595e-06,1.83654266048225e-05,-1590.37425659377,0.0764506390786578,0.0525785047232192,0.99,0.453919836435361
"sinusoidal",800,"sir_laplace",87,7.485,3253.43332361226,3729.39349705601,87.4371573082589,118.810673049354,7209.90238055758,3061.59632591851,7069.42044272329,3387.66562788693,434.660430676321,498.24896420254,11.6816509429872,15.8731694120714,963.246811029737,944.478349061227,0.0020178404507965,0.00188387604936526,4.91339574208046e-07,0.000928791748693513,0.0034039427639516,1.10303979496998e-05,1.06241448059173e-05,1.02228405135783e-11,5.31423557566844e-06,1.69620454972952e-05,-1562.18371694575,0.0902260683573608,0.0692609316754769,0.97125,0.466183886785612
"sinusoidal",800,"sir_laplace",88,7.742,3643.84457959336,3670.2946760691,125.703862352598,113.764724904746,7053.72439460092,3812.21255829824,6902.67017846471,3342.47916130828,470.659336036342,474.075778360772,16.2366135820973,14.6944878461309,911.098475148659,891.587468156124,0.00216628655850046,0.00205416500820406,5.44591913534144e-07,0.000867058594885863,0.0035061931560125,1.26945510241752e-05,1.19939441541726e-05,1.65523815299806e-11,6.1151399970298e-06,2.10306844256316e-05,-1596.80358974448,0.0972958870669739,0.080455816561916,0.98375,0.474216032809744
"sinusoidal",800,"sir_laplace",89,7.888,3353.40845202662,3429.01537699107,109.766483056248,119.355095122258,7049.52868397381,2870.07715216529,7004.95830873891,3132.90605287252,425.127846352259,434.712902762559,13.9156291907008,15.1312240266554,893.702926467268,888.052523927347,0.00194141594405009,0.00184208402518231,4.8050481646818e-07,0.000791506402952578,0.0032339338420216,1.16511685022042e-05,1.08561847170011e-05,1.56007645682229e-11,5.73267738775718e-06,1.95204086621953e-05,-1612.45544144454,0.124571433881499,0.0892112961144575,0.9425,0.457261927918577
"sinusoidal",800,"sir_laplace",8,7.805,3930.36215393361,3755.97141908387,115.477635388087,118.00362479048,7067.69288084867,1816.17547722004,7161.47428290365,2949.00081729368,503.569782694889,481.226318908888,14.7953408568978,15.118978192246,905.534001389964,917.54955578522,0.00240267994174886,0.00224825592568934,7.81898785665664e-07,0.000999842331043534,0.00424931550155263,1.22772145462314e-05,1.1480664372765e-05,1.81439647054239e-11,5.47887271555511e-06,2.06631210464843e-05,-1548.72144895166,0.106191612008441,0.0879008289029694,0.9875,0.487349961770635
"sinusoidal",800,"sir_laplace",90,8.059,2999.98775866717,3173.82189264783,180.372027219248,153.559659622739,6978.96094087092,3159.1179442473,6908.99332436241,2989.91537052747,372.253103197316,393.823289818567,22.3814402803385,19.05443102404,865.983489374727,857.30156649242,0.00170800803404126,0.00162444089550232,3.0251241452735e-07,0.000773910233956226,0.00280917110024526,1.11268708618954e-05,1.04492583861566e-05,1.14691623578787e-11,5.6008986278294e-06,1.81060463885639e-05,-1579.04612667632,0.062607121821164,0.0493435714617704,1,0.450525295782098
"sinusoidal",800,"sir_laplace",91,7.964,2701.62805697024,3291.28323367405,158.00208748594,163.237142469097,6910.95469820012,2797.84290141417,6818.47105745272,2692.13858236213,339.230042311682,413.270119748123,19.8395388606153,20.496878763071,867.774321722767,856.161609423998,0.00177833755468728,0.00165767030429177,3.60280761857544e-07,0.00081579790705635,0.00300965726047513,1.13871888705067e-05,1.07438971975756e-05,1.18040623239578e-11,5.75344789489462e-06,1.84825863586401e-05,-1561.83954586346,0.0947376237428512,0.0757398215633782,1,0.452033943580434
"sinusoidal",800,"sir_laplace",92,7.696,4039.54609227652,3875.23461842249,94.0646637366327,182.414583058495,6996.60734540141,2180.26790599771,7157.64363133551,3486.32079193376,524.889045254226,503.538801770074,12.2225394668182,23.7025185886817,909.122576065672,930.047249393908,0.00211260534055669,0.00196861223595301,6.27678194554301e-07,0.000894537575793676,0.00379669878301288,1.1624556122581e-05,1.09468065561979e-05,1.21796078959519e-11,6.02840775025237e-06,1.8483035456997e-05,-1574.80998401177,0.0902467314011434,0.0726458029265258,1,0.467995863732317
"sinusoidal",800,"sir_laplace",93,8.023,2970.38230157359,2693.47418680654,111.987722729979,68.7899193342768,6902.16721001314,3131.56175972092,6834.41668152,2555.22640035634,370.233366767243,335.719080992963,13.9583351277551,8.57408940973163,860.297545807446,851.853007792596,0.00192416470114174,0.00180398183859045,4.21954143496062e-07,0.000882681957408344,0.00326141655433921,1.17112681319129e-05,1.12230761550109e-05,1.21411457823781e-11,5.77553474560231e-06,1.83639427970512e-05,-1556.43575725638,0.0866117863288586,0.0717059776708681,1,0.466091452368784
"sinusoidal",800,"sir_laplace",94,8.053,3463.42888891381,3400.0031543607,107.586833995752,57.7340077465539,7034.29382039361,1393.19795805202,7204.36679346202,3396.63855628971,430.07933551643,422.203297449484,13.3598452745253,7.16925465622177,873.499791430972,894.618998318889,0.00221951646659276,0.00207614863357213,7.52115337749831e-07,0.000858371100686267,0.00385105936545565,1.22943808636392e-05,1.16802140951289e-05,1.40406999261788e-11,6.09369495169548e-06,1.96279322570506e-05,-1624.25581851592,0.0814614436090092,0.0671527112641082,1,0.472470126452608
"sinusoidal",800,"sir_laplace",95,7.875,3322.2946789564,3093.15529674369,97.3799913577187,101.904579969736,6799.39626170459,3049.64658492563,6664.20515915869,2880.02596847559,421.878689391289,392.781624983326,12.3657131882817,12.9402641231411,863.415398311695,846.248274178882,0.0018736343356279,0.00175666275152375,4.8275020789736e-07,0.000746162064826408,0.00319191146223347,1.14774725453545e-05,1.0797280705628e-05,1.32418927911168e-11,5.80405085529293e-06,1.87313060397855e-05,-1554.33961647504,0.0835800684530733,0.0664056647286417,0.98125,0.463292860699986
"sinusoidal",800,"sir_laplace",96,8.054,3108.60546548117,3399.67608256254,118.232519162175,176.836612842979,7062.80804244089,3434.31767146741,6961.73254969215,2900.73356918176,385.970383099227,422.110266024651,14.6799750635926,21.9563711004443,876.931716220622,864.381990277149,0.00195713426028815,0.00183550457717589,4.78545200338371e-07,0.000860339076268708,0.00342048971777832,1.14667669559466e-05,1.10611301825375e-05,1.05271754123743e-11,5.77603240584973e-06,1.77895872952991e-05,-1575.29765573907,0.0929553504673111,0.075333999580624,0.985,0.462067407668349
"sinusoidal",800,"sir_laplace",97,7.709,3782.37505842516,3604.92302417068,160.724168369989,120.697628079769,7027.14043127501,3447.53137893717,6974.13434409749,3370.76052596024,490.644059985103,467.625246357592,20.8488997755855,15.6567165754013,911.550192148789,904.674321455116,0.00192050063409548,0.00181003714993743,3.85584632566374e-07,0.000876328975154364,0.00312677712854296,1.16314921621234e-05,1.10150721497865e-05,1.2481183629853e-11,5.92613979719286e-06,1.89117938676366e-05,-1568.87660526646,0.0859940934724603,0.0708876881447945,0.99,0.467205448736326
"sinusoidal",800,"sir_laplace",98,7.724,3316.44358505096,3164.96402466667,135.173474731705,104.098476286301,7153.07643135967,2885.66533076257,7019.63156858203,2859.18572523148,429.368667147975,409.757123856379,17.5004498616915,13.4772755419861,926.084468068315,908.807815714919,0.00203186781193891,0.00194034286087536,4.47473778614321e-07,0.000859909705528363,0.00336511026044624,1.2179902082178e-05,1.14164440154053e-05,1.66772739415725e-11,5.87515258339356e-06,2.00977517744641e-05,-1590.61499758759,0.102292570322832,0.0828972101449497,0.98125,0.464222848736612
"sinusoidal",800,"sir_laplace",99,7.661,3947.75202053781,3895.27567888743,70.8579696480503,178.664959618175,7175.39983040138,2413.92432900165,7281.13241438096,3740.22599527915,515.305054240675,508.455251127455,9.24918021773271,23.3213626965377,936.613996919642,950.415404566109,0.00264823052512625,0.00245013329614856,1.10149479703523e-06,0.00104140249894782,0.00478957820817975,1.28721667116839e-05,1.20938297801888e-05,1.872994282288e-11,6.22488901708869e-06,2.22102341743705e-05,-1593.11928377436,0.11173555440034,0.0901575989174622,0.9925,0.497138191963934
"sinusoidal",800,"sir_laplace",9,7.97,3715.2809789783,3479.44802639136,102.528969889654,127.968099345018,6991.62689529918,2946.67828033946,6923.14957668873,3267.02072932556,466.158215681092,436.568133800672,12.8643625959415,16.0562232553348,877.243023249584,868.651138856804,0.0019499090486713,0.00180513992814038,4.59215775014995e-07,0.000927772435235265,0.00334276248195014,1.16163884559629e-05,1.08772480764248e-05,1.35488876195211e-11,5.96446150767619e-06,1.91506880345067e-05,-1576.26792927823,0.0905299778690642,0.0700712311783871,0.9825,0.466088138970917
"constant",1600,"stan",100,5683.698,10444.7643408521,11569.1776170074,57.7667804339739,111.632402197428,12696.5344142343,861.943761319506,12170.1578072658,786.26605063133,1.83767053436902,2.03550181888753,0.010163590752706,0.0196408046658053,2.23385099177232,2.14123934932253,0.0022220682813856,0.00213862369585277,4.97015634441203e-07,0.000975498899077544,0.00356827656790131,9.64266763946721e-06,9.32065164764815e-06,6.05267608171898e-12,5.28160460791107e-06,1.44688064759242e-05,-3185.67328574789,0.128105628130946,0.0905267625142291,0.959375,0.466707291937857
"constant",1600,"stan",101,5870.109,9511.70884814753,9219.17331331851,20.2591172058362,114.430289698153,10027.2689573961,434.927161590794,8819.51943064514,877.882988334761,1.6203632416617,1.57052847116101,0.00345123356411885,0.0194937248521541,1.70819127164352,1.5024455986499,0.00265061635407916,0.00250177589688557,8.66832760443774e-07,0.0011360910693352,0.004539053532394,9.1363681023165e-06,8.67160050762407e-06,6.47416991339002e-12,4.98033500818554e-06,1.47325205142793e-05,-3163.27388347247,0.123930304221549,0.0833256494737319,0.9675,0.485059774500662
"constant",1600,"stan",102,5703.815,10956.0174247435,12399.6185042466,66.9004625491301,76.7391384633141,12413.4047457684,1172.92516802324,12273.8167763838,1006.96739058116,1.92082271685592,2.17391666879914,0.0117290730062476,0.0134540020080094,2.1763336899546,2.15186095207924,0.00199870373970372,0.00193603470454748,3.38454000471944e-07,0.000969396832427814,0.00314525198428142,9.13412377971081e-06,8.77546190130358e-06,6.34362332222034e-12,4.90967771367746e-06,1.38264944133015e-05,-3183.42194113936,0.116533368710792,0.0777758494971705,0.965,0.460290883432189
"constant",1600,"stan",103,5717.101,11538.996107981,10977.3479527833,91.297162845969,125.320796350488,11597.0697029959,1407.19496670121,9900.38157556626,838.150219225292,2.01832993819438,1.92008991143996,0.0159691359040131,0.0219203397579452,2.02848781279111,1.73171360372438,0.00256141345517563,0.0024553895904528,6.24438893854046e-07,0.00114520417687022,0.00419006768637183,9.68497841397764e-06,9.28881713232083e-06,7.09463083053212e-12,5.06243617641673e-06,1.50687653686301e-05,-3153.41974773201,0.12807492559612,0.0936805854333202,0.960625,0.484150646071013
"constant",1600,"stan",104,5619.935,12191.4129771018,12028.7704571887,116.269349301797,124.130419812664,13020.8571373539,2246.08495576814,12518.5922034254,1003.17574062587,2.16931565527036,2.14037537038929,0.0206887355995749,0.0220875187724884,2.3169052911384,2.22753327279147,0.00223964850433293,0.0021530264785502,4.19729976176846e-07,0.0011286942191574,0.00357043674615775,1.02039086399923e-05,9.66559414266069e-06,9.12386144236314e-12,5.40336192596259e-06,1.66950157252382e-05,-3169.86527375266,0.136976693724206,0.0964608547731544,0.96625,0.475966008724272
"constant",1600,"stan",105,5556.794,12162.6449557395,12684.1833773072,89.1138929704369,58.6774483318215,12871.9303363988,1932.96146264974,12888.8096691281,1522.37809399396,2.18878816737483,2.28264416087896,0.016036925783183,0.0105595867566481,2.31643108173504,2.31946868448391,0.00161747222364353,0.00156941859832234,2.06450596715098e-07,0.000807517320135909,0.00249294322745105,8.74439328688876e-06,8.49728713869114e-06,4.40622932320542e-12,5.22112054184242e-06,1.30941074848106e-05,-3163.7742999471,0.136965359919093,0.0920905895966097,0.943125,0.442551656507209
"constant",1600,"stan",106,5572.915,11248.753383019,12989.9600993258,90.2392697275433,144.397784603344,12653.262747145,1775.01838306812,12667.9782574984,1915.3316633916,2.01846850042016,2.33090942519774,0.0161924719339059,0.0259106382572396,2.27049268599018,2.27313322695544,0.00250370999391092,0.00239938473326863,5.69341122142542e-07,0.00119097266343401,0.00400097216464378,9.03964632921388e-06,8.68789488066771e-06,4.8849852214516e-12,5.17777914902748e-06,1.35259101835972e-05,-3198.18500823536,0.120923854815949,0.082190970799464,0.96,0.48082770627533
"constant",1600,"stan",107,5778.001,10101.128315397,10017.7730250042,120.35516131187,126.013870813755,11314.1288330816,2215.1747411094,10999.0208520129,1184.12254815627,1.74820466721916,1.73377834739112,0.0208298962412553,0.0218092504334552,1.95813895378031,1.90360314095011,0.00178787979391959,0.00172153256168646,2.67861018305475e-07,0.000873661530010391,0.00279009486633822,8.77965940003461e-06,8.50897831121044e-06,5.58567328612171e-12,4.67530524657614e-06,1.34348951588268e-05,-3140.87006433025,0.128433775025173,0.0924878612548332,0.945,0.449929819334218
"constant",1600,"stan",108,5711.409,12922.878545643,12562.4612497556,90.9244942616078,104.334698824539,12327.902057247,1035.92134416734,11694.5425874933,1062.10612890558,2.26264281644739,2.19953802113552,0.0159198009215603,0.0182677687457752,2.15846948751997,2.0475757536351,0.00242794165701029,0.00232104588047042,5.80384486783718e-07,0.00112849078639948,0.00408809601431873,9.1635054847557e-06,8.72858589158306e-06,6.73287286417433e-12,5.10278978169077e-06,1.40520801431053e-05,-3136.97561077558,0.121364065321505,0.0845669010174029,0.9675,0.477700869675529
"constant",1600,"stan",109,5561.426,14678.1676234173,14003.7945545434,51.8818812447631,142.813409275259,12992.0878554822,2477.22744600693,13286.6877931319,3125.2309069616,2.63928129645477,2.51802227603916,0.0093288809821012,0.0256792788891301,2.33610729612913,2.38907931043798,0.00186587596053509,0.00178657383086374,2.75183698443976e-07,0.000962580422806674,0.00288386860007412,8.66179989491106e-06,8.421531403822e-06,4.44397787643298e-12,4.95009193708627e-06,1.27297549487301e-05,-3150.1351193362,0.123673671443805,0.0792547300205555,0.944375,0.452634343650595
"constant",1600,"stan",10,5747.293,12546.5472246788,12904.932826908,86.4195450790851,113.385451215588,12571.313783224,833.936799367663,11679.4648256188,753.637723179118,2.18303594834625,2.24539323589523,0.0150365650540324,0.0197284967402197,2.18734520464226,2.03216798336518,0.00238948138546845,0.00228510433135595,5.63960427452577e-07,0.00109645041487596,0.0038554209140557,9.01928278436551e-06,8.69373187684643e-06,5.51388475899894e-12,5.15388782084054e-06,1.39373767306624e-05,-3204.95905791871,0.126401123993048,0.0901999086382726,0.960625,0.475068155575338
"constant",1600,"stan",110,5653.402,12002.8617687593,12368.1938748978,74.4188874725805,113.359637223322,12395.7893570951,1045.37803870192,12374.2286605946,964.131755545637,2.12312193061085,2.18774357013667,0.0131635584153719,0.0200515790710305,2.19262478718038,2.1888110310561,0.00195974368031559,0.00189175753977657,3.95841280642366e-07,0.000880595199162493,0.00324080679118604,9.36820888063885e-06,8.95358332138236e-06,6.53373900388185e-12,4.92366329341609e-06,1.43891483699752e-05,-3145.82990493953,0.129999828337227,0.0911039949764613,0.958125,0.46305556892029
"constant",1600,"stan",111,5704.279,13465.2860963667,12547.5092458901,113.073309985503,107.684378723028,12773.6605045697,2078.81496115853,11727.8686042303,486.999273177027,2.36055881845308,2.19966611834557,0.0198225419874279,0.0188778246511133,2.23931201551848,2.0559773819321,0.00247099157645986,0.00235889193836997,5.03771380299191e-07,0.00132108711750361,0.00390217850989153,1.05872314341531e-05,1.01677723811836e-05,8.28196034869113e-12,5.79790712567119e-06,1.64562095894325e-05,-3145.14489840598,0.126086725096952,0.0947982055099927,0.965625,0.482250469792128
"constant",1600,"stan",112,5669.515,9902.42374086943,10271.9580811521,84.9363831832286,101.553513727979,11806.5614520357,1032.33346138047,10438.6130465187,881.403377286096,1.74660861482321,1.81178779510278,0.0149812432250781,0.0179122047878837,2.0824641000219,1.841182719601,0.00245016999610755,0.00239640473079392,5.39236182945182e-07,0.00110968274639467,0.00385615610890386,9.29110996022694e-06,8.8290743121304e-06,7.44037360469561e-12,4.85728535242782e-06,1.47569917326729e-05,-3179.28660220585,0.119911488882721,0.0848722691121293,0.97,0.478068841183127
"constant",1600,"stan",113,5691.632,10581.8906174433,10973.6023999395,108.609915239575,82.1651472871774,11874.4718926946,1648.86544850638,11479.5511413312,1077.24914304216,1.85920147638555,1.92802387785077,0.0190823853755082,0.014436131374477,2.08630352290777,2.01691731674346,0.00201187611938705,0.00190733629401504,3.80472948817503e-07,0.000991872960731001,0.00332113703540478,9.24749069492081e-06,8.91642175229593e-06,5.9365615100449e-12,4.91550451918491e-06,1.38109256076213e-05,-3132.4795261776,0.129755005966483,0.0864046837435241,0.930625,0.46442977969961
"constant",1600,"stan",114,5792.468,9964.81644736116,10135.6551729957,121.284304825616,130.819635120302,10737.3450827319,1493.21462307645,9733.84203729175,1315.29614001899,1.72030582600735,1.74979907925183,0.0209382779198117,0.0225844381221099,1.8536736124795,1.68043086941382,0.0021846754607691,0.00212407281979636,4.1807764751858e-07,0.00103089013236972,0.00341339626329365,9.57138616507496e-06,9.16260685196716e-06,6.18625408550814e-12,5.40432946328332e-06,1.4673776643461e-05,-3166.29153874376,0.128534334535217,0.0900180237732955,0.966875,0.465852612750497
"constant",1600,"stan",115,5303.409,7851.86179229728,7920.7201549369,95.2908766805873,71.2852716733072,11750.1213416687,1245.13548100848,11185.3710177784,768.676322461813,1.48053106828028,1.49351486090115,0.0179678536353857,0.0134414056455588,2.2155789496282,2.10909077873843,0.00222411123617908,0.00212423843009095,4.2912075748377e-07,0.00104654821993408,0.0035382003669415,9.53491381741641e-06,9.15164368365503e-06,7.01997161723982e-12,5.15381848938474e-06,1.47754061071378e-05,-3145.02817359371,0.12847774256704,0.0945870597005855,0.946875,0.471622561263898
"constant",1600,"stan",116,5625.93,12515.6622103773,12323.0401597473,83.8253101917686,107.253094589477,12120.4610486437,1034.78537653596,11897.0939616339,1209.11318559726,2.22463880822857,2.19040054884211,0.0148998139315222,0.0190640648905118,2.1543924379869,2.11468929788211,0.00221795607342288,0.00207360781152069,6.3832071074008e-07,0.000959058424759508,0.00375379920009679,9.38156080696531e-06,9.14624237182031e-06,6.26747581923529e-12,4.82604267279872e-06,1.40929536933005e-05,-3140.64587982717,0.120091317039457,0.0868076275116487,0.955625,0.471170210811788
"constant",1600,"stan",117,5725.979,11217.4620614283,11901.0060397728,81.64215988518,113.34847600502,12011.3155437823,1399.58058138432,11099.9625336232,1207.59780455673,1.95904701386929,2.07842292816176,0.0142582010666089,0.0197954753248345,2.09768766944174,1.93852658796394,0.00221240679758993,0.0020912642208498,5.02390193932066e-07,0.00103294552643165,0.00360599847450934,9.42432232987536e-06,9.05666223503913e-06,6.21440970489498e-12,5.07110624675053e-06,1.44240907986857e-05,-3143.95145351617,0.121455910957548,0.0875589988080926,0.9675,0.4716805435257
"constant",1600,"stan",118,5660.828,10212.1473069118,10702.6837866165,63.8122336649066,164.335267017694,12826.0770657575,2565.30684520259,12366.2163644126,1479.25910446669,1.80400240157655,1.89065694746714,0.0112725971650979,0.029030252644612,2.26575989691923,2.18452430711772,0.00212947827887464,0.00200739208854551,4.19636515837286e-07,0.00106280039465617,0.00355309469923301,9.19187577260024e-06,8.94812385487366e-06,5.20937454232843e-12,4.85801883343766e-06,1.37846560528362e-05,-3165.93178672771,0.12273074656335,0.086401616864959,0.9675,0.465089853734598
"constant",1600,"stan",119,5553.664,13172.1707528076,10621.098119585,120.099873959482,131.149660899548,12834.2114253535,2396.74141941591,12593.5923826047,1039.29054092547,2.37179828538557,1.91244881209685,0.021625340308575,0.0236149793901014,2.31094488707878,2.26761870768644,0.0022243077015116,0.00215942844055666,3.47720295951821e-07,0.00109748506970187,0.00339464025979662,9.66387638804124e-06,9.18774148975779e-06,7.06222260503818e-12,5.34544551396847e-06,1.52158894039546e-05,-3153.53887820089,0.121668340241097,0.0818350323450658,0.9475,0.470235270885532
"constant",1600,"stan",11,5719.619,11624.5781819768,12139.8181934399,101.793900337133,107.667484400884,12397.6443551918,2071.30838581192,11749.2999630383,717.60344391169,2.03240428811373,2.12248721347346,0.0177973218735606,0.0188242406357634,2.16756471981644,2.05421024775222,0.00205253382466889,0.00196040096676724,3.63995961923803e-07,0.00104619694515761,0.00325008811505558,9.13839132395506e-06,8.78261855800569e-06,5.91718422079359e-12,5.26585559598665e-06,1.42659981820295e-05,-3191.74206915819,0.118438901979102,0.0817589838264554,0.966875,0.463703929306035
"constant",1600,"stan",120,5723.976,11607.4890751807,9856.54983603775,85.7481638656011,144.520464499626,11284.8462646341,824.66999361476,10559.7834553462,956.036055453847,2.02787172328828,1.72197609424598,0.0149805247026894,0.0252482652791742,1.97150481843986,1.84483363580599,0.00231612935535695,0.00218729111312238,5.84720778467904e-07,0.00104047790810943,0.00381279463970515,9.3525741918141e-06,9.01889319624343e-06,5.57152840934072e-12,5.14419860767143e-06,1.40032562639735e-05,-3179.64134300936,0.121825096445292,0.081437908099827,0.949375,0.473652357842675
"constant",1600,"stan",121,5590.226,12804.1975264971,13123.0222245666,101.477952490576,104.848542619784,13186.8315363112,1674.46369668428,12736.8322468046,817.346102326104,2.29046151738715,2.34749404130827,0.0181527459695862,0.0187556894157381,2.35890848354096,2.27841097064851,0.00224237723736718,0.00215192961972495,4.10861348178684e-07,0.00117841100682933,0.0036122515688599,9.21604831299316e-06,9.01041527640938e-06,4.34642110956239e-12,5.49494443802682e-06,1.34431876462276e-05,-3182.36882636584,0.127182184741497,0.091293620889449,0.9475,0.468445460357884
"constant",1600,"stan",122,5669.962,11819.9550710958,12922.0786015547,112.595722944304,145.715605504473,12890.8016628903,817.428929505157,12114.3488813665,1109.8108824534,2.08466213196769,2.27904148238643,0.0198582852837998,0.0256995735605412,2.27352523048485,2.13658378686957,0.00239646941649039,0.00231156734040639,5.16904937185749e-07,0.00109738836295782,0.00378488180268475,9.94973263014853e-06,9.66312267748667e-06,5.7518448245214e-12,5.64461904435812e-06,1.46641194920319e-05,-3199.1878892069,0.120394054755376,0.0868775369846808,0.9575,0.477779134703559
"constant",1600,"stan",123,5708.974,10479.7646258042,10794.6648251476,113.734591753351,93.5749359618334,12238.9344770382,1309.92298562275,11957.8440357576,741.704981077555,1.83566515205782,1.89082395981267,0.0199220721189747,0.0163908499078527,2.14380630863587,2.09456971353479,0.00208279726586775,0.00201000037350699,3.94079558086374e-07,0.000950066657838292,0.0033238730222284,9.81211976973415e-06,9.2188895595193e-06,8.11203135221937e-12,5.24995928758927e-06,1.54755889880912e-05,-3124.00349864188,0.121603079846795,0.084973483402052,0.951875,0.467383094710845
"constant",1600,"stan",124,5742.976,14033.9928130752,13456.4234268495,91.7635997992183,119.402648771438,13107.9845967031,3085.25763236791,13089.7076618786,3248.10007537951,2.44367951617336,2.34310981394481,0.0159784055860965,0.0207910757021165,2.28243764151254,2.27925515653881,0.00168842448325825,0.001615360726948,2.42575970118416e-07,0.000866561537812674,0.00274859470616264,8.31888442591511e-06,8.06934926128173e-06,4.2318661330269e-12,4.68018036473867e-06,1.25000680346415e-05,-3140.62711311504,0.126618899174436,0.0858541729621078,0.934375,0.446073231409853
"constant",1600,"stan",125,5623.879,11568.2604405332,11099.4827465058,121.239774090367,128.189777031364,12569.0165917895,2593.21931759501,12377.6997819959,1713.18993378308,2.05698956903823,1.97363470062315,0.0215580338926863,0.0227938362527651,2.234937236699,2.20091857986202,0.00186706463408953,0.00177032652090796,3.11066811191717e-07,0.000912902904599412,0.00305001175411619,8.95793586730889e-06,8.5664921061104e-06,5.37131513780341e-12,5.13757249060398e-06,1.35381454920913e-05,-3152.18968032617,0.120953993888498,0.0811615774767729,0.95125,0.455173722246962
"constant",1600,"stan",126,5725.938,11612.5931338355,11544.5676115467,103.729914720283,155.879644987077,12208.5843401542,2304.42795410935,11704.6796833782,1552.69487981653,2.02806826302267,2.01618802221517,0.0181157942541961,0.0272234252251905,2.13215447672577,2.04415061486489,0.00190082864401509,0.00182699400255797,2.94517553574847e-07,0.000921476679391367,0.00297673174130206,9.11595790486102e-06,8.77866075866286e-06,5.15463222037096e-12,5.10932730481422e-06,1.36503875844861e-05,-3146.57741912824,0.118760697351203,0.0819628483983399,0.96,0.455987875810664
"constant",1600,"stan",127,5700.81,9887.43065352869,10152.305592298,84.0740325361675,128.105867195923,11257.619459503,1126.59299066629,10661.351543871,1237.23718683125,1.73439049074231,1.78085317565363,0.0147477345388054,0.0224715202218497,1.97474033681232,1.87014679385403,0.00196730165824064,0.00187884007093967,3.508722204134e-07,0.000922105903642255,0.00316935631439078,8.70541623995004e-06,8.37506214381022e-06,4.87145510247468e-12,5.22768243768314e-06,1.31443984094062e-05,-3169.51563044145,0.127567384294208,0.0865378777633339,0.951875,0.457445239225827
"constant",1600,"stan",128,5568.301,11428.2882201786,11382.0957385743,70.3592013576254,159.074075120161,12421.3292795236,815.366992086307,11907.2124903716,791.573026563034,2.05238334281472,2.0440877277601,0.0126356677481381,0.0285677938603106,2.23072159344899,2.13839239121083,0.00293474891295482,0.00283333353227934,8.5471636887605e-07,0.00130474448222949,0.00469192994133925,1.00055268259085e-05,9.66746687265117e-06,6.11272200588397e-12,5.86598071614068e-06,1.49583004748807e-05,-3136.88787957027,0.12839863814686,0.0934585430888002,0.97625,0.498323748354677
"constant",1600,"stan",129,5339.566,11943.9576171705,11667.6686501221,106.634437716798,136.550636194959,12063.6740948213,1697.97792400607,11894.4966000046,1415.40598597295,2.23687798168812,2.18513426936236,0.0199706189073789,0.0255733586203371,2.25929861992927,2.22761486607799,0.00230239225565957,0.00227961117408926,4.65285440834943e-07,0.0010484423825163,0.00354006123809735,9.5459205959394e-06,9.31737131004265e-06,5.65348034265264e-12,5.3939116807211e-06,1.40857896455525e-05,-3192.52163296269,0.121418129663851,0.0845215330948195,0.958125,0.472175995941148
"constant",1600,"stan",12,5672.462,12664.9664730105,12135.2958510143,65.7109635464198,118.569443529222,12586.6743395391,1718.1646631802,12391.6350116812,1586.13202823405,2.23271067712936,2.13933488686469,0.0115842051557895,0.0209026421912076,2.21890853381461,2.1845249931478,0.0016871298963959,0.00156345373823368,3.19211232520114e-07,0.000820586693086585,0.00284307056235804,8.77120696026286e-06,8.49380159083905e-06,5.0263591281309e-12,4.92311006055654e-06,1.32646888352013e-05,-3171.1544350159,0.126873446542333,0.0888657695129946,0.9525,0.44919391703302
"constant",1600,"stan",130,5434.303,12690.2798066313,12036.0894593784,129.623745042271,102.839435210764,12081.442590405,926.770775751496,11794.6937098658,550.928182922381,2.33521756269963,2.21483591536548,0.0238528740562076,0.0189241260950603,2.22318162796683,2.17041517741388,0.00282121212213107,0.0027418304225702,6.5724896323298e-07,0.00141298547259583,0.00443073422482532,9.7026000422543e-06,9.22723799301318e-06,7.74417697912009e-12,5.26188705516287e-06,1.53161443120325e-05,-3107.24769815925,0.127360031427223,0.0945229198158096,0.9625,0.494393504511169
"constant",1600,"stan",131,5588.055,13604.63003608,13344.8559961787,109.420639390085,121.623980666521,12847.4334849955,1504.23467700727,13177.7088285458,1372.85254777984,2.43459129090175,2.38810391024761,0.0195811672200945,0.0217649934845883,2.29908858896262,2.35819239942087,0.00182710073614152,0.00177457674719118,3.03676505451832e-07,0.000790354115067083,0.00291390934585997,8.19361425624765e-06,7.90662356622903e-06,3.81623368497287e-12,4.966047910324e-06,1.22337522753616e-05,-3188.1588803014,0.120400699896472,0.0825552620354425,0.954375,0.448789671104519
"constant",1600,"stan",132,5671.429,13262.3115265549,11781.9653424125,62.8803178701482,139.11811549032,12644.0706957264,1059.69136945616,12596.2301166771,942.510559842012,2.33844266172686,2.07742446258474,0.0110872088622018,0.024529640676154,2.22943295168227,2.22099758573671,0.00236954773857399,0.00227555922663599,5.24593026360509e-07,0.00106699560390382,0.00373552397902237,8.88625029904234e-06,8.53162575466371e-06,5.74139315843688e-12,4.71527080829132e-06,1.35308819512563e-05,-3186.33851415019,0.116891639934169,0.0817677466580796,0.969375,0.474569219280362
"constant",1600,"stan",133,5300.345,11554.4985047789,11555.8454550102,104.344064420519,85.5410572985639,11856.1033864984,1233.22685763312,11907.530695388,655.324382730849,2.17995215495952,2.1802062799705,0.0196862778593694,0.0161387715891256,2.23685503236079,2.24655766660245,0.00189154512259702,0.00180411776871885,3.15666391578356e-07,0.000969864967944635,0.00301697460870007,9.47455072236501e-06,8.82497582775454e-06,8.74636223965868e-12,4.84319413616664e-06,1.55701450994639e-05,-3136.85243906583,0.108005894942223,0.0685719618769475,0.965625,0.456437385955381
"constant",1600,"stan",134,5540.823,13207.0743225361,12644.2233525859,106.849374907181,102.936681456372,12683.0269639497,1666.48555111115,12328.5287040143,762.043990234158,2.38359433653379,2.2820117792223,0.0192840260205354,0.0185778685686894,2.28901500083105,2.22503564976075,0.00257610282127454,0.00251413818728785,4.66483412592852e-07,0.00136877672388377,0.00397077175464275,9.20575403848423e-06,8.82727315267422e-06,5.90801248458398e-12,5.15008680970965e-06,1.41140343957247e-05,-3131.18562425146,0.120054789188786,0.0818102167333588,0.97125,0.485945906181055
"constant",1600,"stan",135,5673.457,11827.1224440986,11493.6255504785,116.154188959486,125.183188732003,13085.3987758338,3457.52161082168,12100.2421968217,1132.12536107711,2.08464124150383,2.02585928658286,0.0204732650585852,0.0220647109393802,2.30642424465961,2.13278115914542,0.00210041637505833,0.00201750267207647,3.13367906995828e-07,0.00115191916454263,0.00318515036166791,9.03586773646885e-06,8.72910773448414e-06,5.58696063327235e-12,4.96872982821522e-06,1.36948206892701e-05,-3181.94514822279,0.118305412745599,0.0828448172529868,0.956875,0.462454466906404
"constant",1600,"stan",136,5687.17,12820.9544537018,10873.339260902,75.1949805360821,120.09223661028,12649.0854847097,1868.85907702934,11938.5497646334,733.980852756046,2.25436455279195,1.91190684662179,0.0132218626374949,0.0211163437369166,2.22414407951753,2.09920747307244,0.00193056492569066,0.00182508227185611,4.52514215273748e-07,0.000820212046551024,0.00317466579470018,9.63434584183552e-06,9.30721510167048e-06,6.288093373855e-12,5.43508973257136e-06,1.47447361595771e-05,-3176.99449445986,0.126348553904708,0.0909547226828035,0.95375,0.459182483035044
"constant",1600,"stan",137,5719.053,10203.5229581935,11503.0885301671,104.999044259374,131.656224843175,11884.8893090703,2756.7494852922,11737.6453697343,2412.37032115583,1.78412806424306,2.01136246336012,0.0183595158602961,0.0230206338082853,2.0781219039359,2.05237569397141,0.0019091667823664,0.00183970552127016,2.99904573549961e-07,0.000921723385777724,0.00299867284943927,8.89443486214464e-06,8.47662747112115e-06,5.71710218007042e-12,4.94913954532991e-06,1.38568714300695e-05,-3165.71873704421,0.13238140501045,0.0871388366126042,0.950625,0.458244456806096
"constant",1600,"stan",138,5503.594,12596.2308217142,11719.609800647,80.2822178869067,95.7667356810957,12433.4884787553,697.457295387616,12158.2241650649,561.477218890821,2.28872820591676,2.1294466489801,0.014587234793647,0.0174007631524229,2.2591580117929,2.20914263753193,0.00268604020085706,0.00256963027261122,6.54212420254892e-07,0.00128278129877985,0.00428429557111423,1.00431910455147e-05,9.63372947841382e-06,8.03043616867669e-12,5.0044276287582e-06,1.54604704712181e-05,-3195.35677750148,0.113664342552393,0.0795740485251895,0.976875,0.48793841722053
"constant",1600,"stan",139,5674.136,8964.05093043136,9952.70329292972,94.6034485962263,104.135242943379,11452.9120972975,1041.40702193826,10814.035509982,979.782731297232,1.57980896658652,1.75404736385059,0.0166727495774205,0.0183526166703405,2.01844159133611,1.90584707697913,0.0019753359132174,0.00191251482172632,3.1263956777408e-07,0.0010077655184763,0.00311803453834852,8.87282251056336e-06,8.48483173879543e-06,5.54885017899175e-12,5.06641276170368e-06,1.3535475036714e-05,-3148.33697390513,0.116073649846791,0.0775598853479943,0.968125,0.455307266167059
"constant",1600,"stan",13,5724.377,10527.2888451828,12578.3649298064,110.427658381895,166.625168680589,12511.6787453366,1727.11115986563,12416.8275200837,2200.88557627744,1.8390278706631,2.19733342681769,0.019290773193641,0.0291080005178885,2.18568391727808,2.16911421453962,0.00184115296991412,0.0017312036778454,3.39351398799639e-07,0.000838082446665664,0.00299544742071373,8.85095724665795e-06,8.57745198805207e-06,4.76482798992098e-12,4.98333314353957e-06,1.29209475949527e-05,-3125.94309466933,0.13203007992342,0.0991354083673723,0.95875,0.457290378303119
"constant",1600,"stan",140,5580.315,13400.1554428425,13391.4154600738,125.717762172366,181.988431330207,13172.8832924458,1508.49906042814,13291.5874729444,1581.52560608401,2.40132599017126,2.39975977343104,0.0225287931187337,0.0326125731845257,2.36059851324626,2.38187046303738,0.00173848501845593,0.00168767403277378,2.1748802060275e-07,0.000914614929697562,0.00263459327292601,9.32480531270591e-06,9.09220706675964e-06,4.94116355567403e-12,5.56222219716771e-06,1.40552370473756e-05,-3120.42373074458,0.132705163608327,0.0941588289670593,0.92375,0.450232332045407
"constant",1600,"stan",141,5555.422,13130.5123329712,12696.3639609944,91.4687562435496,130.36696961709,12936.7529497447,1886.96652592309,12860.6457968598,1130.10034108555,2.36354903965373,2.28540045400591,0.0164647719369563,0.0234666186685891,2.3286715122172,2.31497189535912,0.00210609221049063,0.00203754421647895,4.14704430680336e-07,0.000957083289560931,0.00340782163407461,9.02124980656251e-06,8.72499147481246e-06,4.65430362062071e-12,5.09497803504419e-06,1.33262244008037e-05,-3190.05877017112,0.109480284539579,0.0728403898151348,0.96875,0.462655546572717
"constant",1600,"stan",142,5686.304,9804.7172120749,9463.9982239458,88.973241371127,68.9368826742987,11760.4826307191,2164.61872969947,10247.9121410368,671.93968131874,1.72426891212199,1.66434967668732,0.0156469371618413,0.0121233199410898,2.06821208129553,1.80220968506728,0.00214323804561928,0.00205576291651543,4.65372850473985e-07,0.000961616021185332,0.00350691359096504,9.48168017102558e-06,8.94750605348237e-06,8.42280183360152e-12,5.01636260501137e-06,1.53747239331091e-05,-3168.85918781447,0.126822752319374,0.0858169848937347,0.948125,0.463861165421026
"constant",1600,"stan",143,5700.235,10061.4119901919,11466.495954169,64.7852622763133,111.633324845832,11761.5144013046,1207.81265506252,10708.0823765019,661.597410109306,1.76508722713921,2.01158302318571,0.0113653669149278,0.0195839864226356,2.0633385117113,1.87853349493519,0.00202279920107941,0.001923362425989,4.17570403969247e-07,0.000904598404237786,0.00322928101357817,9.69668646836559e-06,9.36620363507657e-06,5.5288308569327e-12,5.48149005944266e-06,1.44286609379385e-05,-3155.24025073219,0.133433402397311,0.0960154197917327,0.955625,0.46276919604233
"constant",1600,"stan",144,5650.517,13245.8373065725,13341.6300870067,56.2116053897496,116.565285163737,12521.4507799317,798.251562878558,12146.135843617,769.033125191903,2.34418148048621,2.36113440363187,0.00994804641588541,0.0206291362655377,2.21598320648035,2.14956186197069,0.0021349649182453,0.00204395102645795,4.70306462989628e-07,0.000977696126392213,0.00353671948721506,9.44908999340579e-06,9.00703808962214e-06,6.76071385060338e-12,5.02554898776308e-06,1.45726579875771e-05,-3172.40159909185,0.113051659229634,0.0794679416906656,0.9675,0.466992702078616
"constant",1600,"stan",145,5674.456,12504.8165027764,12408.5080435396,128.475869753583,108.21197454194,12763.7814636586,2421.91179917438,12033.0546156315,926.74489804768,2.20370313960958,2.1867308590532,0.0226410901333244,0.0190700173799815,2.24934010655094,2.12056532214392,0.00204735216736426,0.00197824753166393,3.45045166928554e-07,0.00100831359173413,0.00323416579712323,8.89842644183761e-06,8.43454734165235e-06,5.73591370111904e-12,5.19640832842732e-06,1.38481586547607e-05,-3148.01540437773,0.124548129945564,0.0876090551513008,0.964375,0.461500402186825
"constant",1600,"stan",146,5614.198,12959.4310350065,13570.1048213525,58.7811423916531,157.737806720059,12738.1470476608,1301.46303037601,12765.5208122895,1306.67377053637,2.30833166821094,2.41710477994408,0.0104700871596714,0.0280962315044925,2.26891660174094,2.27379241207551,0.00201918932061901,0.00191498638669714,4.15955634394481e-07,0.000933704902700419,0.00331853893507018,9.18105332194258e-06,8.77767644265363e-06,5.95059878904121e-12,5.16948977969686e-06,1.39802418109203e-05,-3182.7235955645,0.114871374903374,0.0758747629650261,0.964375,0.460813087687708
"constant",1600,"stan",147,5629.644,11799.1970979053,12871.1724847906,79.2725021451907,159.762656052159,12346.5268378119,1816.19919075659,12300.539305963,1721.8737707276,2.09590466073971,2.28632085524246,0.0140812637788803,0.0283788204106971,2.19312745847018,2.18495864142795,0.00217459546429663,0.00208837012105176,4.30560210251643e-07,0.000956861971555011,0.00354229018624047,8.86480140557369e-06,8.53076525060631e-06,5.09347381310548e-12,5.21956638568236e-06,1.34713682832396e-05,-3136.86999425353,0.126175445613445,0.0847077400395845,0.96375,0.470737811543054
"constant",1600,"stan",148,5646.912,11513.1256448427,11197.1131514589,78.2187779459003,134.649101555579,12026.2526099456,919.497707455577,11273.4967511986,966.573570782129,2.0388356760018,1.9828736752864,0.0138516020695737,0.0238447316968245,2.12970427198894,1.99640028943228,0.00235991210795927,0.00224675596006979,5.72525426013503e-07,0.00107102193364457,0.00395413400071132,8.90524871940877e-06,8.56602135413533e-06,5.76735427568958e-12,4.91397138434136e-06,1.38422295609154e-05,-3160.26442787081,0.124842641036189,0.0853090769136914,0.95625,0.473984405628832
"constant",1600,"stan",149,5679.77,12230.8558347834,12854.5177292288,71.6611603334245,127.553373896224,11993.6333922126,982.858944522273,11541.1676106865,835.18585295719,2.15340688703652,2.26321096263208,0.0126169123632514,0.0224574892814716,2.11164068126219,2.03197798690554,0.00292421895196732,0.00273680109426891,1.00559594886743e-06,0.00127599739398182,0.00484219434501595,9.66416517021717e-06,9.28510023296383e-06,6.35682963290968e-12,5.60470550693183e-06,1.43308968947892e-05,-3206.46777744205,0.125722961029124,0.090275302310735,0.96375,0.493548796005229
"constant",1600,"stan",14,5688.594,12214.9046268481,12454.8788630365,108.622114157589,149.256647978331,13026.3211500726,1348.26709168102,12662.6720595116,826.281062112554,2.14726250930338,2.18944766721557,0.0190947207970174,0.0262378802175601,2.28990171386333,2.22597570849873,0.00210672715070788,0.00201023910243093,3.95245179122678e-07,0.00109693331688927,0.00335390940033994,9.04975460444628e-06,8.69957029220208e-06,5.63501866373584e-12,5.04834529758851e-06,1.3701668381551e-05,-3201.98404613517,0.115463615787205,0.0802825772084356,0.9575,0.464684671810521
"constant",1600,"stan",150,5709.52,12305.7167111745,12361.7182476681,115.220046097451,130.834912036856,12605.7288403183,2227.25167245284,12091.180862463,1517.50960093133,2.15529794293996,2.1651063920729,0.0201803384693374,0.022915220900681,2.20784388885901,2.11772283177272,0.00192216406318197,0.00185087274007379,2.96006649399956e-07,0.00100288837218777,0.00305187035700131,9.23451344421148e-06,8.86351526258997e-06,5.65968214222789e-12,5.31277005929028e-06,1.38909775608548e-05,-3156.47327039442,0.127549827095004,0.0891924580192924,0.956875,0.45858729051165
"constant",1600,"stan",151,5178.444,11759.3631537245,11928.2505932924,97.1538546472594,151.799926442624,11242.425093837,1810.68048038768,11141.8189036333,1402.5267071796,2.27082945257774,2.30344300204703,0.0187612060007329,0.0293138105659971,2.17100447428551,2.15157659397944,0.00234010914096307,0.00223213002256601,5.04493105441094e-07,0.00113093560100595,0.00376589322861435,9.21818683636753e-06,8.84665485861285e-06,5.23490059600433e-12,5.30913452360212e-06,1.39193719883706e-05,-3173.51537092354,0.124051210726478,0.0823153178376088,0.964375,0.473056726697628
"constant",1600,"stan",152,5664.676,13028.1564111571,11891.361453414,91.9610424093273,107.115214925443,12334.823743487,1736.02583931371,10747.830709376,1049.61439298659,2.29989436485989,2.09921299177817,0.016234122200339,0.0189093277224404,2.17749854422159,1.89734253280789,0.0029289908307462,0.00278621198613975,8.30904011999867e-07,0.0013340433286089,0.00472658042015866,9.79011511596347e-06,9.38028357146872e-06,7.81875685702498e-12,4.93031964801767e-06,1.53223571188896e-05,-3177.34681336921,0.131558678139868,0.0986710027579533,0.961875,0.498568727651974
"constant",1600,"stan",153,5759.546,11019.4467915858,10595.5591855856,112.212191585723,101.173234351789,11439.3204076682,1313.74998671999,10743.5143506009,1394.24221053402,1.91324920255622,1.83965180338616,0.019482818886371,0.0175661821872399,1.98614967354514,1.86534048874702,0.00200012996274267,0.00190344988525772,3.91985473030715e-07,0.000941109616096468,0.00318533991324403,9.08735951525339e-06,8.81153930651246e-06,4.71212247788722e-12,5.27248055192227e-06,1.34007943959412e-05,-3156.52319896503,0.138474157878956,0.0972717295473889,0.94375,0.4630142887763
"constant",1600,"stan",154,5336.457,11942.9997297542,12352.0303954931,59.3148850161087,140.961651299447,11835.7472762882,832.560290149611,11896.8706614404,883.393705198847,2.23800167972013,2.31465003756108,0.0111150310057982,0.0264148387777597,2.21790361588,2.22935754217459,0.00214335168203473,0.00207642107291399,4.26511598971036e-07,0.0010127467436859,0.00341933993021764,9.90750006466454e-06,9.65588022830352e-06,6.11779668010058e-12,5.40126756734496e-06,1.50548479350345e-05,-3158.22014609169,0.122420598335072,0.0880977338139807,0.96625,0.466678591272274
"constant",1600,"stan",155,5711.786,9444.83905188295,8941.16923677557,89.55439810385,95.7751344251326,11306.0359190481,644.413482046335,10180.9823227914,788.374406502416,1.65357018835841,1.56538939602702,0.015678878393527,0.0167679836788585,1.97942218406784,1.78245163995839,0.00213629129195075,0.00205374111633012,4.49664909860068e-07,0.0009739479832341,0.00354239534232535,9.15229096229987e-06,8.77419705947923e-06,6.04689799337918e-12,5.12819806500672e-06,1.41612539401369e-05,-3175.98681796958,0.115396962352042,0.0781498979570051,0.96625,0.467318345334988
"constant",1600,"stan",156,5694.402,11080.407133644,7184.05657827281,90.5566226582901,100.776923161768,12565.9162499015,1389.10460042488,11734.2815506156,556.757506202305,1.94584209784346,1.26159982703589,0.0159027449516718,0.0176975428081418,2.20671393587975,2.06066968061188,0.00202804473323154,0.00188566549987749,4.88251739091458e-07,0.000896117645511637,0.00342079483177937,9.28458116728494e-06,8.81815507444799e-06,7.73023955791721e-12,4.98596589529925e-06,1.40478513329745e-05,-3185.09089224699,0.118494776164139,0.0821994785941813,0.955,0.461614492835974
"constant",1600,"stan",157,5650.291,12351.9038786974,11549.7661599256,87.5090135672779,85.8502124313842,12467.1395049762,1419.05516895227,11676.7977419284,1078.89047153512,2.18606508562079,2.04410111973448,0.0154875233093796,0.0151939453085486,2.20645972127385,2.06658342763734,0.00236773430484545,0.00225406458250954,5.4834531626146e-07,0.00109472828606739,0.00383989343039238,9.72861289103219e-06,9.28685951850287e-06,5.82803211470917e-12,5.69733534889542e-06,1.45726709599617e-05,-3192.64516217576,0.124256495646524,0.0877823858449898,0.969375,0.473723441157239
"constant",1600,"stan",158,5582.144,11958.5463283048,13297.6012671408,122.446119037356,107.368260935767,12592.0935072053,1712.34828589988,12489.9285517924,1618.75215477673,2.14228553192193,2.38216736564676,0.0219353207365048,0.0192342334658094,2.25578084463699,2.23747874504713,0.00259961243740851,0.00253367147821499,5.54585284809987e-07,0.0012201560420614,0.00394895323565084,9.41124342398365e-06,9.1411626886613e-06,5.62853357263736e-12,5.3614351990133e-06,1.4071087974213e-05,-3151.51499314397,0.118723524999355,0.0841758608329306,0.968125,0.483272261189337
"constant",1600,"stan",159,5599.918,13343.6599115161,13521.1583300687,81.3999147934124,64.7829189294681,12520.2977916859,847.718759456248,12837.9121071053,1024.59066007041,2.38283130422912,2.41452791452817,0.0145359119175339,0.0115685477768546,2.235800201304,2.29251787385195,0.00197630194430334,0.00185621695204362,4.5137087042315e-07,0.000914684746686921,0.00333277850043033,8.56027426982673e-06,8.32358262750375e-06,4.4895405577071e-12,4.86050020788265e-06,1.28054028864855e-05,-3170.22518982495,0.127925177287924,0.0912529276359547,0.94,0.45688859308524
"constant",1600,"stan",15,5687.131,11727.3375892876,12458.2278719231,82.8599761496456,89.5254694650653,12525.2813477818,834.042271668537,12427.7322271979,772.605407082812,2.06208325239697,2.19059977199806,0.0145697322867445,0.0157417631957247,2.20239015907702,2.18523755250194,0.00197752871170186,0.0018771761805047,4.27152620680225e-07,0.000915972316427106,0.00335298390533298,9.58204755462672e-06,9.13153297899783e-06,7.68464686230584e-12,4.98038553343931e-06,1.51596908235135e-05,-3168.42448450894,0.12946488990467,0.0886374099971242,0.946875,0.462315788976381
"constant",1600,"stan",160,5702.322,11275.7104060866,10539.1750209852,58.5795486935689,130.358567386116,12045.7339770658,2615.78412275133,11495.3658450226,1349.63285359515,1.97738928213569,1.84822516528972,0.0102729289390478,0.0228606114116523,2.11242612694719,2.01590963208017,0.00168595651247724,0.00163477125023074,2.16969973153722e-07,0.000833076903392422,0.00261028330965536,9.1630946173296e-06,8.82813226866876e-06,5.14588540905655e-12,5.12252403957202e-06,1.38247451332809e-05,-3161.8987826487,0.113944464752471,0.0761175358145595,0.96,0.446324810608491
"constant",1600,"stan",161,5667.419,11415.4384565997,12584.1734834072,83.0578320343434,143.76586727719,12584.2279081387,1669.1899814582,11617.2229304838,1068.72848480864,2.01422172184547,2.22044170078253,0.014655318767563,0.0253670793137387,2.22045130387195,2.04982601965441,0.00247432736722715,0.00242339855054171,4.50446520439726e-07,0.00129883893561758,0.00387629672703791,9.56259041773747e-06,9.14475587982453e-06,6.82877299476307e-12,5.3498074215808e-06,1.47743354672825e-05,-3144.26799387117,0.11694241512755,0.0808137948467864,0.970625,0.479451701043662
"constant",1600,"stan",162,5668.973,11416.3985736728,12280.4976335771,107.872500814183,107.075270919547,12566.6441474413,1699.27629589123,12034.952540355,579.341312489544,2.01383893937629,2.16626497137614,0.0190285790414213,0.0188879486495256,2.21674087130795,2.12295111307727,0.00215622904062271,0.00210360728488723,3.97942350456089e-07,0.000997783280936786,0.00343429326739901,9.95013154150631e-06,9.5294031630553e-06,6.78393312731709e-12,5.66941676903158e-06,1.51937275858832e-05,-3142.83185947243,0.12826851946672,0.0893296852193477,0.95625,0.473731223617674
"constant",1600,"stan",163,5647.02,14101.6660991881,13394.2075100446,100.86554398968,131.618468544863,13074.0326841675,2083.98003142606,12463.8759026186,1219.79982606246,2.49718720655994,2.37190722009921,0.0178617295475631,0.0233075973778847,2.31520920488462,2.20715986531279,0.00228884014633996,0.00222426747266816,4.1195517822589e-07,0.00110329744402858,0.00354771490543317,9.2641811817491e-06,9.04260665901063e-06,5.01646829635106e-12,5.20710686449386e-06,1.35549518752839e-05,-3186.27920918954,0.126554914025997,0.0909844155522459,0.966875,0.470340403740562
"constant",1600,"stan",164,5230.903,10174.5699650864,12387.1103319698,51.7563582249254,120.656557839294,11497.0085561243,732.890680680179,11472.8715136463,877.915168802737,1.94508863289692,2.36806347431214,0.00989434486262227,0.0230661049993269,2.19790130998879,2.19328699340177,0.00240789838201912,0.00230874876937438,5.4569540529237e-07,0.00109604634993986,0.00384930498993344,9.45455459370959e-06,9.02931695578295e-06,6.43763189625643e-12,5.22140115797066e-06,1.45406174474528e-05,-3176.38488147522,0.12441971014787,0.0890220335750079,0.953125,0.476802823601479
"constant",1600,"stan",165,5688.251,11126.3562308852,9853.49715398986,96.1463826647885,131.431585844908,12064.5924993511,2377.04632738824,11258.948808733,1270.66430289208,1.95602413305693,1.73225428237781,0.0169026266008284,0.0231057992773012,2.12096697198333,1.97933403584564,0.00243788730155377,0.00236632701617257,5.57878698657013e-07,0.00107090340423151,0.00389238725993308,8.70106269401905e-06,8.40036089409244e-06,4.92174999872956e-12,4.859367348974e-06,1.3129898261402e-05,-3194.09274701124,0.125763045768581,0.086462635324537,0.96375,0.47598658932176
"constant",1600,"stan",166,5757.69,10497.7667319309,11244.0017193442,73.2220248436541,82.7284994181545,11974.5688592626,2951.29598879539,11507.380308635,1754.96012558502,1.82326014980503,1.95286681279197,0.0127172572409515,0.0143683490111754,2.07975227205052,1.99861060748929,0.00174983829525134,0.0016850887104984,2.38729389278967e-07,0.000946010245095063,0.00281192480154646,8.7814096134295e-06,8.4040114927604e-06,5.07136621047736e-12,4.84578186642214e-06,1.33128787086158e-05,-3174.77505362165,0.125570935742761,0.084551445885476,0.95125,0.44970494203624
"constant",1600,"stan",167,5657.832,11488.9251987478,11201.4040877046,114.659606294596,88.4543948640092,12589.6780091838,2039.51922715092,10936.6076034081,1190.1107600689,2.0306232491081,1.97980500087394,0.0202656434999477,0.0156339733777902,2.22517706591214,1.93300324283367,0.00294349959578483,0.00283280569544596,7.78266973227274e-07,0.00143852054646718,0.00474950362466865,9.86006349002865e-06,9.53641855156246e-06,6.60469372985117e-12,5.32169278541099e-06,1.50191735551469e-05,-3186.85110398785,0.120464482359757,0.0817193778486111,0.9625,0.497678203185257
"constant",1600,"stan",168,5596.855,13657.0676134705,13322.1658241359,9.46024207090666,126.557744918706,12236.2212451526,106.876411818657,11751.1055649735,346.307562978591,2.44013246965849,2.38029497354065,0.00169027821355148,0.0226122965341618,2.18626733141247,2.09959085325125,0.00257479423881199,0.00243025928791879,7.81485427191435e-07,0.00110992574392914,0.00436704594223118,9.47173437085868e-06,9.14465761414105e-06,6.2031558035098e-12,5.26628676427851e-06,1.4499792388799e-05,-3163.71133963723,0.113500877381993,0.0781603340366255,0.960625,0.485356171327715
"constant",1600,"stan",169,5586.935,10288.4970487388,10426.1095632427,69.1826515341731,109.294806783281,12352.9070160483,1020.4802563416,12179.9317926772,775.081277914826,1.84152796636059,1.86615909496759,0.0123829347458263,0.0195625699571019,2.21103467572977,2.18007401064755,0.00234879599543095,0.00223637943586072,5.68043302669771e-07,0.000998889567044512,0.00382474596723652,8.94291493628898e-06,8.56308008653493e-06,5.79646911644836e-12,4.77833803954815e-06,1.34646945868247e-05,-3186.5711419326,0.126332676561721,0.086811010441097,0.965,0.47430768173927
"constant",1600,"stan",16,5610.98,12438.3236023201,12004.2097133288,99.6477649586972,121.742315842523,12470.6537534354,1436.63567775568,12340.0449089203,693.824891995351,2.21678273711902,2.13941409759593,0.0177594225890481,0.0216971573312545,2.22254468086421,2.19926731318242,0.00258896551983217,0.00245220053578574,6.80724598135641e-07,0.00118609682101152,0.00413802850773707,9.6547770122112e-06,9.26440518826634e-06,6.59177238429099e-12,5.26372499786042e-06,1.48163780132828e-05,-3181.42746075388,0.115271079512926,0.0808853888529664,0.96375,0.483045535664693
"constant",1600,"stan",170,4822.531,9487.69715271537,10233.5565430984,81.6622722128794,139.467867986839,10462.7450982842,2283.07328441958,9880.6476606018,1127.90250942655,1.96736882618595,2.12203022502052,0.0169334882892156,0.0289200562913621,2.16955476248555,2.04885104120674,0.00253644984689172,0.00240596717913216,5.95748859888836e-07,0.00127558257738081,0.00404468085961407,9.22285862104107e-06,8.92546588643286e-06,5.17940383655158e-12,5.36348099810866e-06,1.38963740217291e-05,-3142.0992335368,0.127525602283352,0.0870704059064403,0.956875,0.482507095769515
"constant",1600,"stan",171,5724.567,10282.0978325935,8947.09773731608,67.530400186798,90.7363419270882,12593.6587989285,665.363984875406,11871.0093669054,772.631020313597,1.7961354688649,1.56293004122689,0.0117965953035047,0.0158503415065433,2.19993211694936,2.07369559425288,0.00205204932460973,0.00199116402282197,3.7119348134674e-07,0.000907160024858778,0.0032342933125086,9.28154346123467e-06,8.78631401408125e-06,6.44871599509612e-12,4.92008989702022e-06,1.47045617737547e-05,-3186.82461015684,0.116664512072075,0.0845496471947977,0.9675,0.461730755033872
"constant",1600,"stan",172,5659.359,13956.6014555972,13454.1685895744,115.617865648331,143.482806905252,13015.0964210391,3318.05747632228,12540.4640449345,1834.99770488629,2.46610993499391,2.37733082307986,0.0204294984022627,0.0253531905124329,2.29974744861373,2.21588064035777,0.00175572201333403,0.00166768321695332,2.57374513802382e-07,0.000881137080512366,0.00280232104688915,8.81383806465156e-06,8.53164050295433e-06,4.78395160113514e-12,5.07611768353342e-06,1.32891319776661e-05,-3164.68222100929,0.13505332667576,0.0926405464977301,0.94,0.449847536065119
"constant",1600,"stan",173,5696.274,9997.42604472322,9678.41890597955,73.5729301390082,140.70396081997,11683.6654717489,1211.04707775175,10301.7270577094,1484.62631229217,1.75508166298237,1.69907889016216,0.012915974571976,0.02470105209475,2.05110664826672,1.808502726117,0.00229480152900901,0.00219896038624007,5.09138129862504e-07,0.00111118039303985,0.00376289038708809,9.37106766567702e-06,8.85789997233749e-06,7.08414989740007e-12,5.21667774766073e-06,1.48391982340758e-05,-3119.90337410335,0.134507848621903,0.0967401737764244,0.946875,0.47693106526325
"constant",1600,"stan",174,5738.189,8886.24115469805,9556.21787196104,112.282148945856,116.251892836107,12697.9139935795,1554.83142101673,12039.0567562137,911.231350531358,1.54861423259116,1.66537175264897,0.019567523646547,0.0202593349288612,2.21287831292756,2.09805859587645,0.00208450210290216,0.00202733358419728,3.61390843017407e-07,0.000977577617683526,0.00322443628639023,9.1781277001323e-06,8.89245858132699e-06,5.11261768715632e-12,5.39463096487052e-06,1.38694845985413e-05,-3180.81469963891,0.115072893209469,0.0778594947163413,0.961875,0.464112458355516
"constant",1600,"stan",175,5665.422,10735.4393375386,10886.5575471685,111.285008762657,144.906758684965,11529.0134243921,2682.85420928356,11225.3457278536,1599.93873065179,1.89490550528073,1.9215792834441,0.0196428454513462,0.0255773989448562,2.03497875787401,1.98137856771369,0.0017134618483011,0.0016439034049897,2.3729389079819e-07,0.00085782616958139,0.00265446061252698,9.51130740549661e-06,9.10105973554563e-06,7.24823395035895e-12,4.9853912631877e-06,1.4710705697339e-05,-3199.89189084956,0.134277285971119,0.0944315809034932,0.941875,0.446643166345424
"constant",1600,"stan",176,5659.856,11730.8326768941,13239.3093894559,137.085634078898,89.8823598369035,13030.4972349106,2174.05856909862,13087.2621889884,1274.60587272555,2.07263801002959,2.3391601110445,0.0242206929078934,0.0158806796209839,2.30226656560001,2.31229596459493,0.00188967073949777,0.0017955489527536,2.97592761574582e-07,0.00102000400618849,0.00298008837113,8.88030972689481e-06,8.57861875496845e-06,5.05327841211677e-12,4.91121299126007e-06,1.32372551728493e-05,-3163.2126159374,0.123602705516925,0.0893336551225994,0.953125,0.456932679750389
"constant",1600,"stan",177,5178.503,11540.092055303,11414.8788334106,91.9729015896058,129.039118237209,11325.874071362,3051.42723468912,11324.8302090577,1080.85743039287,2.2284610157227,2.20428159130363,0.0177605191287146,0.0249182279583905,2.18709423772893,2.18689266165487,0.00187244572117287,0.00180698034647043,2.8937862174555e-07,0.000923390773949722,0.00291676847154275,9.28284581148799e-06,8.81645045361688e-06,6.78427843832159e-12,4.78616598037368e-06,1.46623190410662e-05,-3159.8775187216,0.119878259535916,0.079174723973494,0.96375,0.455855028544721
"constant",1600,"stan",178,5680.729,13146.0340378731,11599.5659525467,63.7502827484666,101.455989905481,12451.4313230668,1059.69169533605,11147.4549326408,674.384026928474,2.31414560312119,2.04191503459269,0.0112222010147759,0.0178596778521703,2.19187208597114,1.96232823861881,0.0028554814601748,0.00275781362552144,7.66316852804304e-07,0.00124938964999572,0.00456606650674257,9.52410868914618e-06,9.31898383694427e-06,5.7936492639104e-12,5.22819287771239e-06,1.4228593589894e-05,-3163.94834460622,0.119275427903723,0.085626691765099,0.97125,0.495319390555169
"constant",1600,"stan",179,5692.681,11969.9367990923,11109.2798092892,126.565406170442,130.793569231877,12495.4130719534,1849.58441702825,11680.424675986,1723.42472629076,2.10268883836848,1.9515022551394,0.0222330051816432,0.0229757418748524,2.19499618403937,2.05183193577612,0.00214247323166822,0.00203240340950883,3.992496815489e-07,0.0010758875064307,0.00341637032054249,9.09356632651938e-06,8.86673746624283e-06,4.759074995763e-12,5.21477864048956e-06,1.33260884331031e-05,-3182.87754271786,0.127748189311894,0.0916580255797544,0.945625,0.466969955456001
"constant",1600,"stan",17,5527.615,12400.4978637485,12587.7620652485,72.9943955848258,166.929057833905,12469.0629341884,1674.11202596972,12643.8095693351,1602.34386059262,2.24337220731699,2.27725014590352,0.0132054051493864,0.0301991107980394,2.25577630391922,2.28738969145556,0.0019525656705991,0.00188183559058502,3.44904580905163e-07,0.000954121530951834,0.00314672923241777,9.45619762314205e-06,9.08389592082078e-06,5.56403736456023e-12,5.50459422332343e-06,1.44541237894654e-05,-3190.2307380831,0.11193541151319,0.0762791182117234,0.968125,0.457500378115665
"constant",1600,"stan",180,5672.664,12032.0767508978,11191.9012019081,65.6193975511126,121.811488462177,12843.1789842864,1746.41922727671,12225.0392614134,724.18598120731,2.12106282883982,1.97295330763608,0.0115676510280025,0.0214734185670395,2.26404718916658,2.15507903542558,0.00179630387217494,0.00169443287707867,3.84403353825456e-07,0.000815848448182286,0.00294729179514941,9.25028536831894e-06,8.85270137549045e-06,5.73299792183312e-12,5.23489330731228e-06,1.39546089614926e-05,-3162.40058660833,0.117572634916946,0.0737975273702657,0.9525,0.449185203702124
"constant",1600,"stan",181,5698.977,9609.3001691594,10317.5629124193,51.9244772767145,106.317570598277,12281.9996452428,754.760359031313,10895.1214605033,791.318852503622,1.68614475355128,1.81042367997261,0.00911119263627743,0.0186555535490453,2.1551235678338,1.91176792966585,0.00231145535443265,0.00220305047038926,4.65290135134694e-07,0.00114239447708641,0.00369001211179586,9.09738036500355e-06,8.71659321769655e-06,5.8407787106571e-12,4.95455046562669e-06,1.40984316307038e-05,-3164.41464008092,0.119109095449914,0.0829859028760928,0.96875,0.471534776628217
"constant",1600,"stan",182,5370.187,12677.0157566123,12964.9416340129,66.0853222754093,77.8521300409601,11559.5628639412,1060.44018242506,11978.1224964693,1006.73178487823,2.36062836482459,2.41424397958821,0.0123059629535078,0.0144970985257981,2.15254382462681,2.2304851761157,0.00236347853321755,0.00225378347773808,5.94737514868022e-07,0.000989883832308569,0.00382370931531626,9.33497119007674e-06,8.96433303491359e-06,5.92496506408252e-12,5.17231293157113e-06,1.40416411376832e-05,-3144.79027310828,0.125386604162554,0.0872797816034235,0.96625,0.478324246136438
"constant",1600,"stan",183,5781.444,10412.3062391509,9354.18495897592,82.7755191751757,130.366989871693,11245.0806788995,904.638032454691,9179.49078750032,792.259741682937,1.80098713040391,1.61796688837182,0.0143174471940186,0.0225492091373181,1.9450297674594,1.58775053213355,0.00252163765923934,0.00244528075794636,5.30835135023011e-07,0.00125204243013574,0.00392006492727142,9.37739767943827e-06,8.97542391783144e-06,5.98236971745641e-12,5.25825729071404e-06,1.41843940350119e-05,-3169.88088959229,0.110026491156961,0.076462793021901,0.973125,0.481732836882032
"constant",1600,"stan",184,5695.748,12294.14442114,12452.8167511772,138.401126692924,128.34542802573,12026.6442486709,2588.20207565717,11915.0254331302,2096.82527328592,2.15847759085198,2.1863356228501,0.0242990256403415,0.022533550997293,2.11151270187355,2.09191583495796,0.00183828495268695,0.00179262873397838,2.32397524964773e-07,0.000933566554853321,0.00274801264287913,8.17744630517036e-06,7.89963516643715e-06,4.08868573175159e-12,4.63184906950752e-06,1.23186540973625e-05,-3158.19054283453,0.140610727062847,0.100549914712188,0.945625,0.453563569618131
"constant",1600,"stan",185,5577.451,12789.0529885765,12411.3169878044,133.113186638788,84.3269404643044,12909.0814404967,1604.48072205473,12372.2476595882,896.208054987874,2.29299244199124,2.22526688048077,0.023866312162812,0.01511926155233,2.31451274793748,2.2182620088618,0.00231609172259313,0.00226426127647038,4.32680040748614e-07,0.00114649524654458,0.00358313432481911,9.09320435002464e-06,8.66909083189139e-06,6.62388375917656e-12,4.91301496505882e-06,1.41098111893053e-05,-3154.9501938296,0.132105678607613,0.0890807541291209,0.9675,0.472491888474362
"constant",1600,"stan",186,5559.749,12580.7792223777,12402.6931669654,86.6359301898433,135.084688005286,12426.9019786899,994.179862126708,12324.3833453222,705.561891245388,2.26283222900489,2.23080091690567,0.0155827052965598,0.024296904051835,2.23515521630382,2.21671578075237,0.00212627730339435,0.00203390200304392,4.92881191107464e-07,0.000963348133638985,0.0035795259376802,9.23902197968396e-06,8.97993946362611e-06,5.38325889675828e-12,5.10128042682932e-06,1.39404860453588e-05,-3167.90837350315,0.121397089767087,0.0852529606899866,0.955625,0.468172822292936
"constant",1600,"stan",187,5538.712,11222.2537369633,12027.5684967716,104.878758175288,116.105846844149,12185.2089674624,1299.67714594206,11847.6985514766,908.602506013363,2.02614863111916,2.17154610977635,0.0189355861390317,0.0209626077044897,2.20000768544428,2.13907106046976,0.00270743130251525,0.00259803892916609,6.59116011554655e-07,0.00125113295653727,0.00431037298259728,8.68720546193567e-06,8.30301977352201e-06,5.62795220240156e-12,4.67332275295905e-06,1.32136774821573e-05,-3152.31899112149,0.127712734404129,0.0876514007894647,0.960625,0.487652811060718
"constant",1600,"stan",188,5773.431,9960.62423782917,10199.1114227444,42.5483440800713,139.34878479033,10755.3488324405,324.833892056873,9813.16471755877,994.781120447204,1.72525214864942,1.76655985370647,0.00736968088474103,0.0241362172320635,1.86290419551918,1.6997110933791,0.00233285400712717,0.00221081292699359,6.11597071964233e-07,0.00100865272966281,0.00396017170134295,9.23683769788949e-06,8.94652746338667e-06,5.86428891475023e-12,5.00100259578519e-06,1.39413784396768e-05,-3170.01376654864,0.126223778545209,0.0912787492014997,0.969375,0.472524337726711
"constant",1600,"stan",189,5681.72,12639.7480084177,12475.9228340713,81.6756522432025,120.325100999755,12470.4094233015,1621.0999974603,11715.7924482308,775.513010427363,2.22463409115861,2.1958003622268,0.0143751631976237,0.0211775837246037,2.19482998516321,2.0620151025096,0.00239429838710236,0.00234071762212533,4.95534407444637e-07,0.00116293819253335,0.00376253043539895,9.70691751255196e-06,9.33756741521212e-06,6.61295644724423e-12,5.3333345826006e-06,1.48622623645655e-05,-3170.97086487471,0.11193168185186,0.0750185286759287,0.96625,0.478459924251238
"constant",1600,"stan",18,5633.332,11035.5621966161,11948.5586514711,113.181195103374,112.373391792817,12985.5589474246,2228.84591454912,12003.9413402375,1082.18684748702,1.95897600152381,2.12104641648514,0.02009134116423,0.0199479440929128,2.30512935282789,2.13087766533866,0.00296593983797203,0.00289235164004506,5.66776467949594e-07,0.00153686978831684,0.00441593698409406,9.29313722215369e-06,8.95130835341072e-06,6.41617961273602e-12,4.96047088269982e-06,1.42178372865553e-05,-3150.74752550076,0.123145181568688,0.0844015385763763,0.97125,0.497278904660037
"constant",1600,"stan",190,5319.672,11645.0890134082,8558.18870871104,111.727582493631,113.997706633837,11871.6235594815,692.981656795564,11869.6253134216,727.786534100291,2.18906147097193,1.60878127612211,0.0210027201853106,0.0214294615596294,2.2316457780633,2.23127014474231,0.00203548608739894,0.00194128362116389,3.71411942676921e-07,0.000964197949636577,0.00323461816503649,9.87516861910632e-06,9.18757010101274e-06,8.89652854591084e-12,5.24096448076983e-06,1.59712968158715e-05,-3141.16145133261,0.134249579132016,0.089845205298957,0.93875,0.466661140679217
"constant",1600,"stan",191,5588.149,11950.5720999324,12068.281808193,67.8424451807956,111.230752681143,12384.6942829703,856.874623044468,11171.7716713932,452.01689949847,2.13855645222281,2.15962062002875,0.0121404145059116,0.0199047578511495,2.21624267408945,1.99919001289929,0.00298872676304368,0.00287293181933915,8.15850255068925e-07,0.00136267784477781,0.00469750455948042,1.09603387106171e-05,1.05465934889923e-05,8.553920798185e-12,5.68126053490723e-06,1.65231047430554e-05,-3160.16049379905,0.118850710735643,0.0856083997192213,0.974375,0.503453041439624
"constant",1600,"stan",192,5657.46,10777.0537421362,12068.4227359019,59.377043720517,143.464261612484,12557.4300310091,929.923006659415,11612.407546701,696.322864829829,1.90492796098181,2.13318746149365,0.0104953536959196,0.0253584226158884,2.21962329932676,2.05258323464966,0.00258809348974676,0.00240411456338136,8.15689090777489e-07,0.0010999476468283,0.00437587458340171,9.84407386003815e-06,9.55801516979346e-06,5.53742072156836e-12,5.73911396681642e-06,1.44952845284732e-05,-3197.80352933061,0.132378595078556,0.0975365957590449,0.964375,0.484399690903211
"constant",1600,"stan",193,5098.576,11295.6408087653,11365.1045440669,102.366710150161,80.4701169547276,11152.9410193146,1967.45777721691,10781.4573673576,751.753429830206,2.21545011955598,2.22907426388602,0.0200775099067193,0.0157828611272496,2.18746195394843,2.11460167846034,0.0021981358915061,0.00213321990830898,4.32259993921425e-07,0.00103564638496524,0.00343867041125902,8.96056001654916e-06,8.58956954725685e-06,5.76662781174794e-12,4.59562586002988e-06,1.37788579425294e-05,-3175.61383367005,0.120247472122068,0.0823652922541005,0.95625,0.468291367437564
"constant",1600,"stan",194,5683.949,12229.3568083228,12677.2464544999,81.7150484327274,103.84580097871,12733.9723708565,788.475981157029,12029.6623697033,730.168373630562,2.1515599116605,2.23035893786166,0.0143764570077472,0.0182700092802926,2.24033895639396,2.1164268661987,0.00252963900499067,0.00238048714283185,6.24782299440255e-07,0.0012588464950797,0.00415734871648147,9.71649756867124e-06,9.33119845276703e-06,6.24064495129303e-12,5.58822503643983e-06,1.49123436522337e-05,-3127.76553543582,0.124232624697381,0.0845433830501852,0.96,0.484007628278299
"constant",1600,"stan",195,5365.227,12266.7374849072,12061.0164025153,91.1263788868674,93.039289925239,11600.9254972637,1082.58048867925,11504.6113906492,620.381968959362,2.28634081743553,2.24799741045725,0.0169846269108217,0.0173411656068306,2.16224318137214,2.14429163773484,0.00230566062126312,0.00217681171966538,5.64936394973108e-07,0.0010316476350084,0.00384709305083347,1.00456211018653e-05,9.4861280332636e-06,8.69704555322644e-12,5.17312202777118e-06,1.58008168876323e-05,-3138.5078476406,0.130023336712833,0.0946841994108938,0.951875,0.477567182770554
"constant",1600,"stan",196,5700.199,10618.5868648924,11834.6228834915,92.4081120722537,111.297531033202,11769.5333119807,1846.5560298542,11361.1511792596,1231.15249230822,1.86284494013146,2.07617714460345,0.0162113835099886,0.0195252009681069,2.06475832018859,1.99311483322943,0.00192215075370398,0.00184486739052198,3.35260315594717e-07,0.000957271307996793,0.00312678098727496,9.22524820486945e-06,8.79601341168427e-06,6.27470481079145e-12,4.73855478733926e-06,1.41254544223397e-05,-3216.25439933302,0.128960010891002,0.091771140150307,0.954375,0.456544976103462
"constant",1600,"stan",197,5674.354,12040.0454116017,11256.574352529,142.399110737442,101.796752481341,13038.7008071358,2631.71474634162,12605.0267085746,1145.06592695706,2.121835439171,1.98376314775726,0.0250952109680577,0.0179397958747975,2.29782999212523,2.22140294887745,0.00183730710748208,0.00179065664237931,2.6661354282243e-07,0.000919160025042704,0.00284289175119646,9.42710446482341e-06,9.1122341288822e-06,6.59565754273685e-12,5.08060500254483e-06,1.44952815037226e-05,-3163.23278134458,0.115054401261306,0.0733021332952521,0.958125,0.454121094697022
"constant",1600,"stan",198,5422.827,12655.1820226226,12183.169092514,56.4489986895899,158.801602149925,11947.4226951227,916.583287468001,12309.5617107903,1083.87429112818,2.33368721196943,2.24664535536796,0.0104095149429605,0.0292839144877617,2.20317238501665,2.26995286974677,0.00214629214316946,0.00203461446672126,4.31240825877873e-07,0.00103823648313211,0.00356090422531242,9.09738614164217e-06,8.74954650183661e-06,5.65025174664276e-12,5.16292762668973e-06,1.38273514734248e-05,-3162.14663934751,0.127318032780895,0.0823620753965596,0.9625,0.464177461173903
"constant",1600,"stan",199,5772.76,9185.2261540146,9551.52587414932,54.9839903167932,186.994075754163,11722.1382986831,1493.45508221472,11055.0054037617,1116.87203878886,1.59113251789692,1.65458565298909,0.00952473172568982,0.0323924908976232,2.03059512238221,1.91502944930357,0.00195459083320269,0.00188878788651383,3.66784852687975e-07,0.000863007578394841,0.00309517333058595,9.79303910133532e-06,9.4575371930428e-06,5.7625553904841e-12,5.74645917083005e-06,1.44615564793644e-05,-3120.79891134492,0.123647838602011,0.0875882657741747,0.95875,0.461806102355429
"constant",1600,"stan",19,5665.03,14501.9688226776,13716.0094485198,138.842512115998,89.7623705158539,12943.7711928998,2408.79672925905,12427.3214696539,617.789403089613,2.55991033104459,2.42117154693264,0.0245086984739706,0.0158449947336296,2.28485483623207,2.19369031931939,0.00166436600608444,0.00161093519439152,2.23424586595512e-07,0.000824058256293844,0.00262263970903962,9.03282365273884e-06,8.55781939052621e-06,6.79374799163517e-12,4.86176745288091e-06,1.38949075931134e-05,-3159.55966300859,0.124821795205317,0.0869817592811335,0.951875,0.446637136592953
"constant",1600,"stan",1,5588.616,13887.2717343574,13563.6939415574,112.598626908774,143.659463141686,12720.6388522237,3475.53059363199,13017.9732288664,2917.13541848191,2.4849214428684,2.42702199284355,0.0201478553739914,0.0257057316411946,2.2761697801788,2.32937335985625,0.00171862271359092,0.00163096857189417,2.75487443539636e-07,0.000867668712003656,0.00276782686453599,8.1920375398542e-06,7.92312348168783e-06,3.78457818666556e-12,4.91334286388404e-06,1.22424731769502e-05,-3221.14207117565,0.130237080423845,0.0854868823214689,0.95125,0.445011116855003
"constant",1600,"stan",200,5677.077,12818.0507913574,12224.5599606567,91.8630279074545,117.773177710159,12243.6266189961,1156.76437057752,10850.6449472707,632.559837689912,2.25786100688037,2.15331938613069,0.0161813954447781,0.0207453902263716,2.15667792052074,1.91130839818989,0.00220635991268395,0.00208085023663831,4.75110776699755e-07,0.00107866025711475,0.00365545790177088,9.11899512631313e-06,8.73860059369453e-06,5.54939197460089e-12,4.99693024913568e-06,1.3727880664474e-05,-3172.03862730652,0.129652601574416,0.0923582546460677,0.95625,0.47044156967496
"constant",1600,"stan",20,6542.032,8430.7899061152,8907.70902030516,83.2850273150708,101.513515912687,9400.81547151257,994.682740354335,8707.32894360148,1488.89593362553,1.28871119953482,1.36161196097866,0.0127307581673509,0.0155171231068095,1.4369870816151,1.33098232225117,0.00204073592315771,0.00195681450143357,4.04479822846417e-07,0.000920993490386328,0.00329926966202025,9.09267801425486e-06,8.74005692433531e-06,5.83920073982482e-12,4.95157480121243e-06,1.40932211289628e-05,-3142.71838921339,0.118408314490442,0.077869248776979,0.96,0.462004315968845
"constant",1600,"stan",21,5734.015,10220.5256141475,10982.4443828668,51.621723133309,106.785236574072,11604.7190688961,1383.4441185939,10741.7728731647,1345.24197806146,1.78243789284602,1.91531490288512,0.00900271853723944,0.0186231177585117,2.02383828240702,1.87334230433034,0.00229162367544265,0.00219555355206589,5.29574096271587e-07,0.0010381968665618,0.0038147512484423,8.97956663850274e-06,8.53274797205878e-06,6.04760612591192e-12,5.05240818469433e-06,1.39984110318396e-05,-3217.26592904956,0.127899515944237,0.0919777704629286,0.94375,0.471658734210429
"constant",1600,"stan",22,5481.343,11844.8641168171,12485.3284680831,109.814879522978,119.120920482347,12156.1828758845,1604.89279828883,11807.9454583815,913.378490499554,2.16094196564914,2.27778638703746,0.0200343017255038,0.0217320683055862,2.21773803899601,2.15420663483045,0.00262190686789461,0.00251908539283877,6.01712789935511e-07,0.00123862532163043,0.00420333549082039,1.05270969356211e-05,1.00337859693811e-05,8.54694321422495e-12,5.51130299641739e-06,1.62731655429749e-05,-3180.58424324048,0.129148259397441,0.0935463661063471,0.9625,0.484294006860222
"constant",1600,"stan",23,5659.905,10303.6823148258,10219.1078775288,99.5273163093759,81.0174627879441,12297.2041167852,964.492149103266,10725.9212314778,616.616781276405,1.82046912710121,1.80552639620785,0.0175846266517505,0.014314279619171,2.1726873713932,1.89507089456057,0.00273630419069177,0.0026235475894969,6.72084208972479e-07,0.00131865570323279,0.0045267096647441,9.77201933646783e-06,9.28611453144323e-06,8.35950329149242e-12,5.06683102682532e-06,1.57920565275574e-05,-3150.5554007443,0.124306768415588,0.085584258597287,0.949375,0.490611726051572
"constant",1600,"stan",24,5682.479,11216.6311986093,9584.2277983391,99.3199380692562,139.123640682485,11693.2468126585,1133.67450510261,10461.0864803771,1147.65099551357,1.97389751877822,1.6866279309328,0.0174782763067415,0.024482913299369,2.05777211190019,1.84093711219648,0.00221617421490699,0.00213576436087899,4.88751827636972e-07,0.00104168960329458,0.00364081817277543,8.77573001023039e-06,8.51105800199886e-06,4.52080836074114e-12,5.14198885403299e-06,1.29282345136265e-05,-3187.53088916705,0.126280441557477,0.0859697946712416,0.964375,0.467598422513627
"constant",1600,"stan",25,5542.813,12215.0095196495,12579.5601636623,51.5173915969778,133.940096172301,12046.9782823368,1398.610725227,12513.6394532509,1790.86994426562,2.20375638139867,2.26952635127007,0.00929444879287426,0.0241646427855858,2.1734412260231,2.25763334488298,0.0023201778404869,0.00221097613461164,5.31550224265436e-07,0.00112200520123893,0.00385827342478285,9.50877935122598e-06,9.2044791009746e-06,5.89383246997947e-12,5.2321344131621e-06,1.44465807878922e-05,-3166.29336748076,0.119516921879834,0.0787729085864365,0.96,0.476653831720875
"constant",1600,"stan",26,5733.529,11454.2809448763,12906.9199783146,86.6364413106292,104.269929438904,12177.8997447,2264.53936801462,11530.1392181275,825.075188825453,1.99777151992713,2.25113014660162,0.0151104915158935,0.0181859949498648,2.12397979406749,2.01100216256471,0.00180375544969647,0.0017241544112609,2.70481873516547e-07,0.00091546341738691,0.00283452483458293,8.32701959249945e-06,8.02108574199802e-06,5.0327110966118e-12,4.26391790815772e-06,1.25497108766795e-05,-3201.00929862253,0.131967375906345,0.0895740397332917,0.95625,0.450239888068082
"constant",1600,"stan",27,5635.154,14083.9970765285,14003.4861684892,84.3869054138288,150.785691451124,12939.0471706444,1481.68579932663,12734.9187819896,1371.31476060599,2.4993100590558,2.48502279946373,0.0149750841616447,0.0267580427173994,2.29613018040756,2.25990607922864,0.00212969732226591,0.0020352817511535,4.41404699718939e-07,0.00101103895169583,0.00349752308774615,8.83660925386068e-06,8.61466168274557e-06,4.57475720313153e-12,5.13064474063303e-06,1.28420732395538e-05,-3220.76815321754,0.123583741208804,0.0844303964721711,0.964375,0.465751351069053
"constant",1600,"stan",28,5652.013,12810.5068236705,12978.877049494,97.1691472050211,81.164126177507,12743.4778664196,1505.05023920864,12057.2010717019,751.720300625264,2.26653881080432,2.2963282373013,0.017191953947208,0.0143602157633939,2.25467950381919,2.13325784489559,0.0025675129142071,0.00246987285836523,5.26196746904235e-07,0.0013374425680321,0.00411938819689768,1.01014857214948e-05,9.63296428401401e-06,7.87366851519643e-12,5.60124396000896e-06,1.55128077773399e-05,-3180.15634579764,0.136920926012994,0.100669773469559,0.96125,0.483830121988161
"constant",1600,"stan",29,5710.332,10948.1252170089,10734.5372616886,123.783324951707,167.617047689441,12341.7860328379,3092.67125002013,11775.5715198716,1134.05379012489,1.91724845718408,1.8798446853333,0.0216770802383657,0.0293532928890021,2.16130796472743,2.06215181882097,0.0018088716074442,0.00173940927016679,2.63502005728668e-07,0.000897172807466802,0.00286366607497049,8.98899377206262e-06,8.58020732492952e-06,4.96374591019359e-12,5.230978589631e-06,1.34955524169262e-05,-3179.40802405673,0.117113021759183,0.0751983871303077,0.958125,0.448964315458821
"constant",1600,"stan",2,5714.029,12112.6985084433,11632.7091978616,84.0304197403117,143.073497220998,12517.9991273779,892.014897113298,11098.6613901703,1207.3517635311,2.1198174717775,2.03581556864021,0.0147059841208912,0.0250389868901607,2.19074826665702,1.94235300348848,0.00281949954284462,0.00270658069895379,6.90252367676154e-07,0.00144551001455795,0.00442380949627757,9.41446017770889e-06,9.08260360533294e-06,5.17694753445434e-12,5.38881728749915e-06,1.39644742728054e-05,-3178.6493228887,0.130995063969512,0.0995996033122798,0.96875,0.491872315309268
"constant",1600,"stan",30,5572.829,12816.2709177559,11429.7947433278,115.146952969054,123.496871729749,12606.8422329869,943.10892434033,12253.1021770558,1807.25759136218,2.29977824866973,2.05098608683809,0.0206622081835014,0.0221605349329307,2.26219793088696,2.19872208120074,0.00271929565252139,0.00262012812625372,6.01888562887763e-07,0.00137603572597032,0.00429628704999827,9.27793299878412e-06,8.81911758751962e-06,5.8919710849591e-12,5.28976293258469e-06,1.41609525808152e-05,-3174.29438682503,0.130138726475918,0.0938187430824751,0.9675,0.48495744727316
"constant",1600,"stan",31,5729.394,10302.3008811075,11287.0698805964,68.7624801241899,150.480856604653,12327.6008412325,845.988259650552,10959.0201863925,1030.92983642329,1.79814843962685,1.97002857206127,0.0120017021214093,0.0262647073328616,2.15164131516046,1.91277126104305,0.00236914699568907,0.00228506217218533,5.0926136284215e-07,0.00109561337696803,0.00380599785219047,9.2352787701651e-06,8.8976850438957e-06,5.37382620344751e-12,5.09221769606901e-06,1.37008589696772e-05,-3177.12295055398,0.127818026198386,0.0928561351520773,0.929375,0.478355128526818
"constant",1600,"stan",32,5709.86,12620.0770985232,11752.9887784876,60.4476310353032,111.028955228242,11817.9166783723,1187.84415118923,10706.7905291752,1208.77025184322,2.21022531174551,2.05836724166399,0.010586534702305,0.0194451274161261,2.06973843113007,1.87514063903058,0.00267743604761073,0.00257403829272403,7.073899991797e-07,0.00117422585683961,0.00435564610475291,9.31859678302506e-06,9.05112371010581e-06,5.49912305851993e-12,5.28828418491502e-06,1.40260780424294e-05,-3178.30631539026,0.132804400389575,0.100599883147527,0.944375,0.484104624513174
"constant",1600,"stan",33,6092.461,8290.12216928762,8139.2869014482,88.2940773758124,158.889209540379,9698.75659600366,1977.60111526144,9326.43357609814,1046.16385808115,1.36071813496838,1.33596044380887,0.0144923500332316,0.0260796432739379,1.59192756359108,1.53081547441964,0.00188963481466755,0.00179280174279599,3.67748065387867e-07,0.000842899340382338,0.00307573651922164,8.92399784402178e-06,8.55018081497266e-06,4.919464084741e-12,5.07083819731569e-06,1.32672827441424e-05,-3154.4434184238,0.127063789449181,0.0892784702368005,0.95,0.458652071441728
"constant",1600,"stan",34,5570.391,14083.6633715132,13136.7747003499,91.3518952157579,117.086332052171,12629.4904620475,692.880759461398,12489.387006695,1081.78336376834,2.5283078641182,2.35832183061295,0.016399548113545,0.0210194099574287,2.26725385382238,2.24210239580938,0.00226332418655307,0.00215805305499502,4.76888426665839e-07,0.00114613310511838,0.00373945091952754,8.95782036339507e-06,8.59388708994442e-06,5.28827738111372e-12,4.97346343191446e-06,1.34160520014599e-05,-3200.87121071132,0.115008551201784,0.0789972035839635,0.960625,0.471932605252546
"constant",1600,"stan",35,5613.254,12457.8656224247,12345.5142493987,56.6701675309273,128.252240554071,12440.5575427117,886.551397008058,11561.2101686628,497.853391263729,2.21936609717371,2.19935072408958,0.0100957782296913,0.0228481092346919,2.21628266647326,2.05962711978878,0.00268571692773313,0.00257120357216039,6.89454993741966e-07,0.00130102698917944,0.00444865597226504,9.94700781184096e-06,9.46377005610395e-06,6.98005262580851e-12,5.65914282319138e-06,1.55206457429606e-05,-3182.97799596472,0.123550054796568,0.0845773453028308,0.95625,0.486246122181524
"constant",1600,"stan",36,5464.55,12334.1987509241,13350.8946622748,86.8825286072606,116.979853754713,12249.8911651553,1077.05211997072,11984.3828327558,659.276350106902,2.2571298187269,2.44318281693366,0.0158993016089633,0.0214070424380256,2.24170172569658,2.19311431549822,0.00234864493067233,0.00224233131134369,5.46168551497287e-07,0.00102482416177061,0.00374587258103949,1.01345882762223e-05,9.5868543743223e-06,8.31162911814714e-12,5.20298596372909e-06,1.59553878450051e-05,-3182.53776175096,0.132862719562564,0.0941077096057656,0.953125,0.476174839015749
"constant",1600,"stan",37,5672.566,10795.7136005129,11320.3906372231,90.0935057082412,99.648229229365,12220.9130192137,1432.7369981281,11750.8698364836,932.099010173802,1.90314464397821,1.99563841782063,0.0158823195196391,0.0175666936672689,2.1543888637371,2.071526331555,0.00197906924683194,0.0019160709899698,3.80974093639051e-07,0.00089151439924083,0.00308500442009423,9.76383596746436e-06,9.37579126709887e-06,6.77403009713327e-12,5.15240539698489e-06,1.4873538740511e-05,-3118.82837708614,0.127506430205632,0.0906492472627682,0.95375,0.462381741351854
"constant",1600,"stan",38,5684.05,12445.689413314,12603.2884389028,83.9972721916612,223.851803160007,12645.8763519538,1887.51263381428,12849.1136102862,3007.15494661179,2.18958126922071,2.21730780674041,0.0147777152191943,0.0393824479306141,2.22480033637175,2.26055604899433,0.00189704315697509,0.00179775087132597,3.59830186660024e-07,0.000932840434873358,0.0030165614553788,8.86422718674143e-06,8.57194129506628e-06,3.61508627346779e-12,5.48456925685405e-06,1.258687859298e-05,-3148.66614051203,0.123593946565657,0.08413132149019,0.945625,0.459396338523071
"constant",1600,"stan",39,5488.603,11845.4458991306,9234.2809778621,99.917855480073,118.888941654114,12498.8248951203,1067.5038889833,12280.6351948866,917.167194614618,2.15818959744958,1.68244651286714,0.0182046060682605,0.0216610568580226,2.27723245698775,2.23747922647832,0.00214546307501608,0.00209361145925375,3.46115819554691e-07,0.00107066798203291,0.00332247167473292,9.16743188262305e-06,8.86290203552169e-06,5.75904237471093e-12,4.81294575478393e-06,1.39384043790042e-05,-3209.11453726856,0.116235433403529,0.075167154633208,0.9575,0.464067701107585
"constant",1600,"stan",3,5642.245,13406.5085437135,12604.718305563,95.1289616873187,85.2842624752398,12524.3100997059,809.324213119344,12055.8641788285,878.475430069205,2.37609471827499,2.23398989330719,0.0168601260114225,0.0151153064915188,2.21973879186492,2.13671405244339,0.00248472604052731,0.0023920623743247,5.99923146329388e-07,0.00114701029839602,0.00408481612557971,9.42677510102534e-06,9.03921285204043e-06,6.11947823937507e-12,5.42908421659653e-06,1.4641951535933e-05,-3156.11126917083,0.120356812921756,0.0852361178027482,0.965,0.478015231864102
"constant",1600,"stan",40,5578.163,12445.9141843986,12503.9052171189,79.0780052358918,116.579648613762,12278.4897838584,723.194547336806,12417.1498217365,652.045711839563,2.23118510240711,2.24158118310972,0.0141763525439991,0.0208992904319509,2.20117084851382,2.22602850109194,0.00235582398262195,0.00221082412033962,6.3752823081426e-07,0.00115235689183962,0.00393400249920579,9.2058758430373e-06,8.73267773301678e-06,7.11837890535737e-12,4.99836919325401e-06,1.44628565422758e-05,-3169.27339738449,0.114898637490792,0.0819110941154781,0.966875,0.473191835750154
"constant",1600,"stan",41,5701.914,12117.9364550943,8761.40975015724,83.5448682142292,112.862583166506,12265.1368472414,863.650183587712,11676.1312310611,1019.96413541991,2.12524013078666,1.53657346465717,0.0146520744111941,0.0197938066351941,2.15105609225979,2.04775646056063,0.00240614695270867,0.00233375285961584,5.6391214416567e-07,0.00103144112812208,0.00390793256303579,9.86994477765282e-06,9.48007729897787e-06,7.25110925782566e-12,5.09143255741137e-06,1.5036257696197e-05,-3109.53935306003,0.140001105478931,0.1073188783795,0.945,0.478873914238095
"constant",1600,"stan",42,5620.372,14662.1612907052,15417.5951265561,100.686386495437,150.867428676128,12784.6956043544,1061.03821857386,12455.8466250182,1008.67663566468,2.60875281755464,2.74316275267119,0.0179145413320395,0.0268429614047127,2.27470630135415,2.21619612100733,0.00245657130199505,0.00237165944727006,5.4282339485094e-07,0.00118507027891327,0.00395021138240271,9.39290986560755e-06,9.06142054984902e-06,6.38387825944571e-12,4.83316388395302e-06,1.42692749152668e-05,-3123.32478132898,0.119392584476609,0.0826088354711317,0.969375,0.481020316540982
"constant",1600,"stan",43,5634.483,11960.9050889628,11703.0627472768,112.794716697861,87.7932962609042,13081.3985911066,3864.33094952604,12720.7084024379,1690.54491433877,2.12280436181328,2.0770428710632,0.020018645312775,0.0155814289014456,2.32166794914574,2.25765316932147,0.00179415314834607,0.00175447984047281,2.41978434123719e-07,0.000938538592592793,0.00271435704778031,8.66559926391813e-06,8.31294584489388e-06,4.85041100707045e-12,5.08954481680617e-06,1.34156855250076e-05,-3131.75964933478,0.130973699681559,0.0873608938205049,0.940625,0.452049148635527
"constant",1600,"stan",44,5948.069,8747.0994563172,9112.45628843581,77.4380268660437,151.12231701006,10368.4763212882,1507.8727978643,9408.40053777244,780.825333162083,1.47057800713428,1.53200245128895,0.0130190195954424,0.0254069542586106,1.74316678594148,1.58175712786325,0.00204846244237786,0.00196803278881625,4.15551717535898e-07,0.000910873270572488,0.00338678883140539,9.00688971420351e-06,8.6284240161139e-06,5.61309365650905e-12,5.0945787577489e-06,1.39185914440145e-05,-3157.9576727905,0.123483230264909,0.0847028386115522,0.95375,0.462010859676066
"constant",1600,"stan",45,5595.341,13535.3934576276,13078.000611934,141.911238494378,162.709888965227,13250.4729003805,1666.35425846498,13051.5487644647,1206.63553722123,2.41904710680325,2.33730180375674,0.0253623931936191,0.0290795304459955,2.3681260713834,2.33257432647353,0.00186998832091828,0.00181840956417503,2.40489647449424e-07,0.00100548445977275,0.00287708712566856,9.16872909776441e-06,8.81712973955052e-06,5.57987894706936e-12,5.19299453123584e-06,1.3916101692774e-05,-3173.63435210015,0.129964044998834,0.0927502954800041,0.95125,0.453759764171735
"constant",1600,"stan",46,5662.298,11958.1724562508,10300.3949952215,117.340016844154,152.162539693214,12868.3210359072,2084.61879421154,12616.5462310702,1950.83243021339,2.11189387352111,1.81911919775708,0.0207230380393533,0.0268729303355658,2.27263224858656,2.22816712067612,0.0021913433133,0.00213121586294406,3.64512285653968e-07,0.00114337963289162,0.00336192021943628,8.56928039016121e-06,8.30184581940013e-06,4.81420324735388e-12,4.84136049797048e-06,1.29659669850431e-05,-3201.0347289005,0.128514723530019,0.0893213987676578,0.935625,0.46420652093438
"constant",1600,"stan",47,5636.555,11309.4368899429,12125.2157859414,75.8995377245663,119.117243554003,12331.720748872,785.026822569999,11555.10970349,1017.72685532237,2.00644487456308,2.15117492616348,0.0134655898371552,0.0211329870025224,2.18781165958142,2.0500305068415,0.00314727907203364,0.00296229799920637,9.82253707326733e-07,0.00146329522954943,0.00524989558247368,9.60353613459899e-06,9.14416918324315e-06,6.64856688499677e-12,5.32709314050084e-06,1.45876960831505e-05,-3151.75131608508,0.124591923568588,0.0948654008133494,0.975,0.505223305450698
"constant",1600,"stan",48,5624.949,12826.9222325166,11110.8049389672,106.692449032522,134.394291519133,12139.1936384611,1126.47610466317,10020.860219382,1011.0211534871,2.28036240551099,1.97527212050584,0.0189677184686513,0.0238925351179421,2.1580984358189,1.78150241351202,0.00391255295979482,0.0037805372401228,1.48523945064114e-06,0.00189343902587135,0.00642488701884217,9.30606857452416e-06,9.0646158737263e-06,5.30237847657075e-12,5.40740029357781e-06,1.40751546853659e-05,-3178.42222382306,0.119160262436124,0.0835614242559296,0.976875,0.525522697289275
"constant",1600,"stan",49,5674.723,12528.1771946326,12348.810532129,84.2049794682828,122.349126808389,12788.2591092805,1506.53834429841,12747.518163311,961.262899298029,2.20771607612083,2.17610807296303,0.0148386061254942,0.0215603698732764,2.25354772546264,2.24636835371717,0.00198116246015107,0.00189537010567861,3.40313953751783e-07,0.000931561629590966,0.00312107619862826,8.92835727676582e-06,8.50633389931164e-06,5.66321891891965e-12,4.92024518796694e-06,1.37043268897677e-05,-3148.77096618417,0.125771151338577,0.0886503975011779,0.96625,0.46276472445054
"constant",1600,"stan",4,5658.778,12415.0878109709,12665.7488684522,94.5175095940874,92.479906403179,12751.6746526689,2756.40495326978,12308.4921542399,1139.76703641586,2.19395208841396,2.23824805787614,0.016702812797054,0.0163427344920015,2.25343257018899,2.1751148665383,0.00199651482848896,0.00192870524844306,3.54633829830784e-07,0.000934234424229424,0.00317373206504992,9.03132669840816e-06,8.74167097064203e-06,5.69332188803481e-12,4.67231774025185e-06,1.35133828956541e-05,-3177.49343028623,0.124245851311155,0.0873465828186888,0.93875,0.462226284832642
"constant",1600,"stan",50,5616.39,13481.5594656069,12919.3480252714,116.256048878575,86.2944598217899,13034.5324162813,1555.46463617534,12829.5647956316,1446.14242691568,2.40039588874828,2.3002939655671,0.0206994259441696,0.015364755620922,2.32080258249184,2.28430803338649,0.0022397358498419,0.00216344799937166,4.02148842193134e-07,0.00113280336734602,0.00349229204923574,9.69679037932489e-06,9.2635059597402e-06,6.7983498450473e-12,5.19563057965215e-06,1.47859655922056e-05,-3153.32802113656,0.130548251989264,0.092369208167432,0.941875,0.467769253820473
"constant",1600,"stan",51,5570.328,14005.7409044049,12763.3044478037,73.9279473573593,167.748828540961,13301.320238479,1833.22324463896,12782.361033346,1411.56015933596,2.51434761191889,2.29130213657144,0.0132717404356367,0.0301147129111537,2.38788815281237,2.29472322515765,0.00231714797103926,0.00223762406992797,4.30147483468964e-07,0.00106783341008701,0.00364844807030667,9.00857646901683e-06,8.70708720069537e-06,4.66556590211317e-12,5.17348520086343e-06,1.33468449460593e-05,-3171.89384704012,0.117403591463624,0.0840137704927576,0.966875,0.4721239457968
"constant",1600,"stan",52,5550.021,13280.5460347505,10227.3481997522,105.891040988516,132.867734762083,12852.5015832846,2348.79026673374,12529.3347850859,1578.69588217675,2.39288212328395,1.84275846879718,0.0190793946524736,0.0239400418056226,2.3157572887174,2.25752925711198,0.00224398634131284,0.00216551429256806,4.24656221238177e-07,0.00111775071247624,0.00359135789726021,9.30118299823627e-06,8.91334950226347e-06,5.81678905176604e-12,5.11791102906957e-06,1.41875667903957e-05,-3129.13625038135,0.139110447695645,0.101310098615512,0.93375,0.476532784669915
"constant",1600,"stan",53,5555.583,11178.2483194838,10980.585285602,92.9352528068469,121.307156871439,12363.8230916323,1011.18126823275,11523.5122511526,796.254363651197,2.01207475785778,1.97649558752016,0.0167282628676139,0.0218351803710679,2.22547716263664,2.07422195855099,0.00295894278908076,0.0028457959072747,8.98846126405208e-07,0.00133060728792213,0.00471166913343082,9.54936179479809e-06,9.19484225276839e-06,7.20924151850089e-12,4.95012405471351e-06,1.48958771062127e-05,-3178.02202590955,0.124393097926343,0.087980693800008,0.965,0.4978002311999
"constant",1600,"stan",54,5620.64,11317.90159352,11273.4557912017,111.868396159442,137.763131546951,12690.1304042091,1263.55917999674,12013.5783793091,594.018111558919,2.01363218308235,2.00572457784196,0.0199031420193149,0.0245102215311692,2.25777320807045,2.13740399301664,0.00226162775667279,0.00218420917991093,4.63829969693635e-07,0.00109902922497592,0.00356791796248902,9.55022627130149e-06,9.23923449635507e-06,6.05053717398722e-12,5.50925487590768e-06,1.4593876404306e-05,-3170.04201402497,0.114298114214697,0.0752659330838057,0.971875,0.470640456623357
"constant",1600,"stan",55,5625.277,11153.8699102575,11536.7966595859,106.322382034135,142.87612928001,12425.6421032263,1857.79313984675,11953.1562780654,1539.06889455505,1.98281256376486,2.05088507811898,0.0189008260453903,0.0253989500037083,2.20889426480267,2.12490092097961,0.00197898816663659,0.00190537719648172,3.24976443385445e-07,0.000968510751163672,0.00310727813994236,8.8267426449488e-06,8.49105436889821e-06,5.37388926964391e-12,4.92100240649421e-06,1.37332644021971e-05,-3176.56210776765,0.12061564369741,0.0780548832111575,0.95625,0.462177928633869
"constant",1600,"stan",56,5548.783,12508.5796407941,11920.6813366483,93.1408414089166,81.3709774399917,12044.9161314392,1584.26788029064,11609.8871140216,694.010391419647,2.25429245310081,2.14834159790504,0.016785814368469,0.0146646530311226,2.17073115518108,2.09233035676861,0.00230741411254078,0.00214257177304189,6.48382709728027e-07,0.00106746564621743,0.00397959131765167,9.63578295534833e-06,9.09096234207412e-06,7.76206123728808e-12,4.94231661761611e-06,1.51507339475213e-05,-3145.10710434527,0.127021735568342,0.0886815555158271,0.96125,0.477086991369493
"constant",1600,"stan",57,5638.333,11944.9999063332,12269.6428556103,93.1266099549621,140.748254621158,11987.2775693808,687.674074640622,11245.2216767174,989.446152312284,2.11853395433246,2.17611177906843,0.0165166920710363,0.0249627424668174,2.12603221011968,1.99442311703077,0.00232043180276693,0.00221393976497242,6.16232870649429e-07,0.000972442597288813,0.00389784702845222,9.292222605199e-06,8.91097611797909e-06,5.94162214017526e-12,5.21355193056099e-06,1.43577542382709e-05,-3181.00502007092,0.113549988214439,0.0810832425910071,0.97,0.472903860880905
"constant",1600,"stan",58,5753.026,10084.4135474513,8894.25925068117,73.7289409496437,114.069436382026,10659.7494857739,801.448375729801,8772.48807100341,1054.66530299382,1.7528885750649,1.54601408905177,0.0128156801220164,0.0198277282915157,1.85289436998441,1.52484763166435,0.0028394954059197,0.00270473777471653,8.06292084962068e-07,0.00126399857444071,0.00456692218543957,9.18730690299437e-06,8.76170147344664e-06,5.60642595663554e-12,5.25847354560986e-06,1.42210464996687e-05,-3175.45363324079,0.126790921176653,0.091903909732184,0.965625,0.494187285513985
"constant",1600,"stan",59,5636.689,11155.3823620898,11118.5005519397,78.6361983944392,125.741296272097,12256.3145174985,952.100209926421,10979.3936030468,897.105983007362,1.97906649845144,1.97252332919905,0.0139507782661841,0.0223076519339805,2.17438189644638,1.94784448867887,0.00245192708552868,0.00236551913108051,5.38958948017379e-07,0.00110697135580022,0.00395238093616996,9.5530198067229e-06,9.17605372851056e-06,6.19457100767554e-12,5.29474610429509e-06,1.44131065103771e-05,-3191.49311285878,0.116052656760246,0.0806252604545178,0.970625,0.477601796261073
"constant",1600,"stan",5,5558.807,12491.0418857563,12507.9817203528,110.041944051067,153.512455178076,12471.9171123146,2726.60889290458,12543.8831967842,1267.75843082068,2.24707241783288,2.25011980454669,0.0197959641432177,0.0276160793454559,2.24363197216859,2.25657829041092,0.00212146580558397,0.00204014060864819,4.06793354877963e-07,0.00103215353208883,0.003367030102375,8.47940612300921e-06,8.23538985108194e-06,4.57429796815677e-12,4.95430212831295e-06,1.28608940804763e-05,-3174.72081821763,0.140175077506768,0.0972258089257924,0.95375,0.464032761729747
"constant",1600,"stan",60,5598.491,12414.8076700881,12274.2798189602,104.721570013385,142.8325903223,13087.5388252983,1340.83568919953,12747.5062088031,727.741535706506,2.2175274855471,2.19242646258791,0.0187053207754349,0.0255126944604001,2.33769042859913,2.27695395219945,0.00186957584574886,0.00178289831511021,2.79783630889197e-07,0.000947076164626704,0.00299181275614292,9.36374926139506e-06,9.09375148029093e-06,6.02910539795067e-12,4.92164175853201e-06,1.3908908363698e-05,-3175.6472116833,0.117890519359622,0.0826492884989617,0.958125,0.456621113541766
"constant",1600,"stan",61,5674.962,12733.9917539143,12176.0332136342,96.3553945013392,107.374502669155,12963.2060489992,2024.73757826761,12264.414453713,720.091715920269,2.24389022409564,2.14557088023395,0.0169790378334409,0.0189207439043918,2.2842806787075,2.16114477131529,0.00219709952560344,0.00213022427202272,3.5491772212208e-07,0.00110606281423051,0.00341440450300887,9.33411767436296e-06,8.8565782322115e-06,7.01968822344414e-12,5.01634954014555e-06,1.47610331679295e-05,-3150.28920954957,0.129652858721839,0.0926995104557806,0.948125,0.466870077217953
"constant",1600,"stan",62,5406.203,11581.4490871582,11576.4077051447,75.0432476306298,104.29444800016,11552.6262784033,1359.43369753523,10863.3127704864,871.713554873655,2.1422519811332,2.1413194630584,0.0138809526077045,0.0192916263041102,2.13692054819313,2.00941636310852,0.00271733316392921,0.00254946636395652,7.86634199833815e-07,0.00119321134330458,0.00450527993652619,1.04881027552269e-05,1.00408730137419e-05,8.56981420085864e-12,5.48866754194048e-06,1.63991695007909e-05,-3201.7694012306,0.135589150221811,0.0993899340376788,0.96875,0.489721925509844
"constant",1600,"stan",63,5668.532,11579.3338947689,12114.4752354761,79.1595813788386,108.55538215971,12820.4382703943,2408.33954553803,12293.6054150311,908.286366046191,2.0427394420229,2.13714507309407,0.0139647410262196,0.0191505282425345,2.26168578926507,2.16874587900908,0.00215622599630655,0.0020912736299518,3.37065120119259e-07,0.00104630505276342,0.00333087519905454,9.96928458774681e-06,9.63361025087182e-06,7.04910758640692e-12,5.35632081894557e-06,1.50224322654064e-05,-3143.07178761373,0.127745940290553,0.0919827483594872,0.9525,0.467013264185115
"constant",1600,"stan",64,5645.069,11757.6072364335,11863.0940971439,87.2320318452043,118.54584006964,12159.2724260099,1419.19119218087,11782.4524176566,1343.26192930073,2.08281018999653,2.10149673939218,0.015452783986379,0.0209998921305727,2.15396347254745,2.08721140833824,0.00198564480518345,0.00190816806223836,3.11054411537355e-07,0.00106260843805052,0.00311339777920059,8.85402691207729e-06,8.61022956899981e-06,4.5541619406669e-12,5.00961746111405e-06,1.30242809563828e-05,-3138.13294995273,0.124503217150442,0.0838418346562291,0.956875,0.460363145078479
"constant",1600,"stan",65,5489.053,12467.2739018502,13118.5848761436,109.059002332249,156.268112777852,12736.1549323924,1878.95790239433,12344.7678785097,1061.39059527893,2.27129778157547,2.38995412799687,0.0198684549652278,0.0284690478991279,2.32028273955314,2.24897953772894,0.00204657066506251,0.00196705112649502,3.6080231272251e-07,0.00101887949094175,0.00328702463793765,9.69305318782807e-06,9.3356116117006e-06,5.73606688690617e-12,5.75244379626009e-06,1.45934656296622e-05,-3179.53904189567,0.134693219337912,0.0928691155720307,0.95,0.464652731555848
"constant",1600,"stan",66,5668.819,13309.679013227,13217.8507254384,105.005100986234,118.531467737894,12702.0848747011,1498.73116353029,12713.933867505,1468.24465571282,2.34787510647757,2.33167626721516,0.018523276362543,0.0209093759631228,2.24069332160739,2.24278352642853,0.00201633265150324,0.00191458751419089,3.96147671988541e-07,0.00101266460786861,0.00332214446813586,8.99292164257785e-06,8.58853003354557e-06,5.53130497895402e-12,4.98415415976673e-06,1.37473015696287e-05,-3175.19561148597,0.114744965999239,0.0753140650802765,0.96125,0.460506589400217
"constant",1600,"stan",67,5652.967,12310.8259078884,12003.9216280192,97.3509124339603,76.4981330358265,12600.2896314929,884.543619540328,11683.7742312554,752.152004019058,2.17776362534725,2.12347279367086,0.017221206568862,0.0135323862735846,2.22896925304764,2.06683927772008,0.00303419052793004,0.00289096119685644,8.75859384048031e-07,0.00149833636255084,0.00493235184301981,9.8001457303566e-06,9.25538196138104e-06,8.12442027767837e-12,5.35626414265205e-06,1.57982573107179e-05,-3151.39190343146,0.124707887741087,0.0901448340818919,0.966875,0.500591316908669
"constant",1600,"stan",68,5682.544,13497.4219506561,13100.9631386206,100.636183057682,123.73922293258,12860.3765847535,1415.83699122031,11015.5809680724,538.751375069994,2.37524284029409,2.3054750017986,0.0177097059094803,0.0217753215694556,2.26313717672111,1.93849461932409,0.00320396885507614,0.00312196998075218,8.21788691592933e-07,0.00159178428382182,0.00496974535605687,1.06037702846814e-05,1.00561856561326e-05,8.51417770101676e-12,5.84527507758708e-06,1.65118664678389e-05,-3138.19325456158,0.135388464533914,0.10009094984307,0.97125,0.510126048324331
"constant",1600,"stan",69,5668.852,12846.388505633,12737.6790928015,126.166903101662,150.447703114699,13060.6541590866,2937.66580994663,13057.5343092487,2072.70392150926,2.26613580767906,2.24695918905654,0.0222561645817641,0.026539359841234,2.30393281727704,2.30338246778161,0.00180630444303909,0.00174404939596191,2.85059796494923e-07,0.000789196784036537,0.00282580228338769,8.61707689262535e-06,8.32972517916717e-06,4.12409204436236e-12,5.24047479542802e-06,1.27823790465351e-05,-3181.24599128387,0.129212431787068,0.0877128812258597,0.94625,0.451222993842101
"constant",1600,"stan",6,5465.643,12855.9098327982,12338.726623396,73.036293013787,104.521608397552,11961.4269852879,818.107719658242,11498.5270416604,415.452820055538,2.35213127399616,2.25750687035285,0.0133627997682591,0.0191233873850801,2.18847571736535,2.1037830391887,0.00269206221060268,0.00257968207920676,7.37381035455837e-07,0.00126617494216743,0.00432292611119964,9.02458839205241e-06,8.68553788666392e-06,5.83856522521703e-12,4.94731478992544e-06,1.40711936710771e-05,-3148.94900685475,0.107153122395239,0.0731451066948316,0.968125,0.486169065882037
"constant",1600,"stan",70,5642.295,12657.7787390851,12974.2010662044,77.6572378971315,127.725617421041,12531.5729640612,1913.41372428563,12268.8731455427,1238.12721954166,2.24337414812325,2.29945457765047,0.0137634132737001,0.0226371746640402,2.22100633945252,2.17444730301104,0.00226070885326943,0.00215431640150388,4.77350779056183e-07,0.00110897213831682,0.00367052752768101,9.58248622996354e-06,9.16042419109258e-06,7.24822224556979e-12,5.15591271331172e-06,1.52226450560927e-05,-3157.94445367946,0.131708231291664,0.0988043252633312,0.949375,0.472523862908959
"constant",1600,"stan",71,5662.08,11199.8561525961,10988.8710248893,70.6101461184994,173.521500288736,12170.4302760175,1090.38564147155,11607.4996718017,921.286258197549,1.97804625731112,1.94078342674234,0.0124707079586476,0.0306462466600147,2.14946279035575,2.05004162283149,0.00263819183327175,0.00255430933732134,7.29417421234313e-07,0.00112957470794851,0.00432400146850182,9.43080310717191e-06,9.09110399781421e-06,5.85619816860759e-12,5.3318476370787e-06,1.41170571651648e-05,-3167.48508453088,0.140133528894775,0.101276519301912,0.9675,0.489217431112586
"constant",1600,"stan",72,5250.025,9788.7919478419,11162.4600583992,116.546956722224,71.958071425551,11278.8952071564,1179.6213335395,10935.2281878742,403.866203533557,1.86452292090836,2.12617274363441,0.0221993146170208,0.0137062340513714,2.1483507615976,2.08289068868704,0.00253735374991497,0.00239400156397089,6.7175995971939e-07,0.00115507934550431,0.0039622135240841,9.58823611012877e-06,9.1741105580541e-06,7.52349457388762e-12,5.14152483822321e-06,1.50242116460622e-05,-3145.90604893577,0.130766814241467,0.0980257532278353,0.949375,0.485575780775581
"constant",1600,"stan",73,5741.106,11790.0733875412,12180.7980812048,105.675746468937,180.229102876121,11736.9223935,1351.30665744852,11476.3663909638,1712.14695291158,2.05362405563338,2.12168144625875,0.0184068621044338,0.0313927495636069,2.04436608442694,1.99898179740347,0.00194435802066806,0.00187019222522376,3.21793690352365e-07,0.00097132517738824,0.00312091120672529,9.07565766986616e-06,8.77654040758752e-06,5.2990237368923e-12,4.98840436183486e-06,1.36406301870249e-05,-3122.91770255729,0.118888844074485,0.0784342574576741,0.954375,0.459411305170343
"constant",1600,"stan",74,5727.985,10091.2440979778,9979.20776603359,60.2621123051062,159.953313803073,11574.819178074,1028.33418336406,10515.0294669754,1495.46345934835,1.76174415575071,1.742184689037,0.0105206477155765,0.0279248834979619,2.02074886335665,1.83572922536902,0.00228298160936835,0.00216398626976842,4.85676147697996e-07,0.00107382617536419,0.00371450168047772,8.69880563692014e-06,8.41607081895687e-06,4.24378617971592e-12,4.79749378256801e-06,1.26777512883433e-05,-3136.2710691083,0.128740627372376,0.0938054715751597,0.9675,0.472808488183207
"constant",1600,"stan",75,5663.521,11078.2892621498,10880.5982809878,83.9112395039969,39.9353026107074,12112.9651905553,1583.61202524865,11184.607741382,1038.89949683543,1.95607807619143,1.9211720555089,0.0148160904681022,0.00705132065559701,2.13876936106625,1.97485058171092,0.00211266980992795,0.00204459996364716,3.78603055436298e-07,0.00109726368905672,0.00337370219998878,9.26370028529588e-06,8.93351704231825e-06,5.66739179489632e-12,5.2074512598937e-06,1.39796581580702e-05,-3187.83109413632,0.123372416394249,0.0834253537701818,0.965625,0.4656558091591
"constant",1600,"stan",76,5702.327,12813.111953979,13285.7553289156,48.3938803718369,108.002997478372,12911.5535680447,571.888322382988,12595.9512737851,1737.76713221869,2.24699705120015,2.32988310367252,0.00848668979731202,0.0189401620563625,2.26426046209639,2.20891423339719,0.00241207836162827,0.00233785117316745,4.54723955215658e-07,0.00112178506670165,0.00370487668570343,9.01300875130954e-06,8.81416017594585e-06,3.99417066830378e-12,5.38380031588904e-06,1.2973791139374e-05,-3195.42290794539,0.12032843897695,0.0800389052792418,0.951875,0.47637954739137
"constant",1600,"stan",77,5684.99,11824.2507620617,11245.2497007373,25.9778926742844,130.16973819953,11757.5785000322,1357.0197290598,11600.0041710793,979.426479744987,2.07990704681304,1.97805971527431,0.0045695582005042,0.0228970918505627,2.06817927560686,2.04046166678908,0.00188027211295765,0.0017737854786619,3.61025723442195e-07,0.000925999941363156,0.00306795899085621,8.51270715465413e-06,8.24026103969708e-06,4.30833349252008e-12,4.94514976133131e-06,1.27332839861896e-05,-3166.88991337844,0.129318759327495,0.0912547906208982,0.93,0.453498615035115
"constant",1600,"stan",78,5703.736,9778.09716850885,10408.062350135,82.9227360061746,91.4370926595817,11362.6957547677,2643.06490535156,10375.6933905712,1281.97328285652,1.71433200423527,1.8247798197769,0.0145383194464426,0.0160310878097411,1.99214966379364,1.81910477458479,0.00217178654676806,0.00211211545688892,4.02822079675932e-07,0.00109131425946352,0.00338425053076719,9.81338410849474e-06,9.43760195598687e-06,6.55378086765831e-12,5.53305426217953e-06,1.49936779121541e-05,-3162.37091909886,0.133945736718618,0.0969128044743156,0.94125,0.469437190881288
"constant",1600,"stan",79,5695.643,13460.5001562854,11769.0218128663,87.6213087319166,120.528854214686,12577.7726384662,1134.20378224544,12167.7407015766,821.791073548041,2.36329772710218,2.06632013503414,0.015383918678175,0.0211615886414732,2.2083147835049,2.13632432748622,0.00214035649215475,0.00205893029608888,4.86431079803051e-07,0.00092093249729918,0.00345096015593512,9.40469110393127e-06,9.13305821220913e-06,5.38980116637841e-12,5.26062448550274e-06,1.39866101597275e-05,-3200.26108719127,0.117526736133855,0.0767090421500655,0.968125,0.464968518990034
"constant",1600,"stan",7,5680.102,13745.4377877698,13312.9353534072,101.35786463512,85.0305593660799,12528.4196916452,841.73227153291,12450.5039518522,697.228720997667,2.41992798505552,2.34378455763773,0.0178443740332691,0.0149699000768085,2.2056680833628,2.19195076987213,0.00242535363238026,0.00233395948044073,6.25717472306171e-07,0.0010653363462405,0.00401652444882288,9.1267106600924e-06,8.880650696146e-06,5.31257266599782e-12,5.2791108608696e-06,1.36507572539547e-05,-3199.90654966179,0.115253908794066,0.0766771233128698,0.966875,0.477791844089181
"constant",1600,"stan",80,5772.695,10654.6777047019,8839.54909647445,71.4820781697489,86.6002542566081,11829.9301902176,947.302878407452,8566.33121965267,1009.43360579582,1.84570251930891,1.53126903404293,0.0123827914292629,0.0150017027153882,2.04929070221406,1.48393968842155,0.00370712635089834,0.00361181485044578,1.00607187142379e-06,0.00173228234723041,0.0056257534385229,9.55288388113189e-06,9.09943811071759e-06,7.06853816468399e-12,5.30458953309609e-06,1.46279795954705e-05,-3166.86662811896,0.128831068275407,0.0930928968352298,0.955625,0.518792473432838
"constant",1600,"stan",81,5694.278,10281.8920714956,10066.7183400122,98.4100501832995,112.273623951366,12371.6077918339,672.573341424119,10902.4077656923,572.117700962934,1.80565333682261,1.76786562581106,0.0172822700583462,0.0197169200294342,2.17263853149317,1.91462513170103,0.002314800764659,0.00224501464074724,4.36025601035439e-07,0.00111299953503411,0.00363611041140047,1.00716722633017e-05,9.56502826173551e-06,8.18260057821107e-12,5.31490711467533e-06,1.60278462295785e-05,-3164.50134486295,0.108373686703194,0.0745736829905214,0.971875,0.472179841959828
"constant",1600,"stan",82,5685.914,12353.2808533691,10394.5654478883,82.3069110649775,96.0501988470921,12142.0547237393,1520.45180326301,10629.1579334251,879.631362284746,2.1726112729403,1.82812568883179,0.0144755814219099,0.0168926576882964,2.13546225351619,1.86938422449322,0.00321449579812274,0.00309219060203535,9.40241561189614e-07,0.0016100591350465,0.0051884833566312,1.00005919230189e-05,9.5347286241757e-06,8.14586179361212e-12,5.30770085001245e-06,1.6113835013479e-05,-3155.51016134413,0.127654956757118,0.0900735536174685,0.975625,0.507315326061561
"constant",1600,"stan",83,5451.123,13167.5124543294,12086.3891454842,112.17038587421,143.725269349986,12555.0321543745,2491.12099488214,12559.3606015201,892.761305138513,2.41555959282691,2.21722921047355,0.0205774820847393,0.0263661761714028,2.30320103846024,2.3039950853283,0.00221547994395291,0.00216506159076089,3.81523213712989e-07,0.0010138745585709,0.0033640414590772,9.39399865155244e-06,8.98166880254415e-06,5.89390981065115e-12,5.35988416344031e-06,1.43133785296442e-05,-3153.06929650832,0.111249399063579,0.0758602159340061,0.97,0.469920014880526
"constant",1600,"stan",84,5716.165,8212.13838196566,11357.6130085861,70.0317426605346,93.3728163871212,11822.9075717184,586.37501570594,10926.5253005125,899.073229663808,1.43665173800365,1.98692882528515,0.0122515257450641,0.0163348707371325,2.06832860348125,1.91151327866016,0.00335098042075332,0.00314918160132118,1.45170436054976e-06,0.00139554778637702,0.00585343503077828,9.37866457135944e-06,8.97668829477186e-06,7.27091123305499e-12,4.73619950538172e-06,1.45243569435343e-05,-3184.23061100664,0.123158940957585,0.0873867089506681,0.965,0.513027389304243
"constant",1600,"stan",85,5669.342,11762.5123512879,10892.746459251,103.589490682354,115.599461292222,12377.1082927717,1382.05362491653,11454.8358466746,780.63277403906,2.07475794391798,1.92134227556761,0.018271871882549,0.0203902783236965,2.18316487041559,2.02048771209685,0.00237263089506341,0.00226202819006401,5.13910601372849e-07,0.00114347788068547,0.00386950995863788,9.26920456969891e-06,8.73550269969418e-06,7.28714308545155e-12,4.92537271632604e-06,1.50246109465447e-05,-3146.493590648,0.120366389898059,0.0820387226540734,0.97125,0.478641448163144
"constant",1600,"stan",86,5534.105,12721.864005747,12890.4149821959,56.4916255684768,140.78325622221,11702.6727580331,430.304486507719,11721.3468922723,903.90591818992,2.29881146197028,2.32926823437501,0.010207906349532,0.0254392094516113,2.11464595594646,2.11802032890093,0.00276986223448557,0.00270479048860885,7.43198984477581e-07,0.00123879344326709,0.00445387796711138,1.03233621145867e-05,9.96813165160754e-06,7.99977610032925e-12,5.64434534854262e-06,1.62147188919642e-05,-3141.29514029301,0.136292431876641,0.100246507425412,0.963125,0.498301479965188
"constant",1600,"stan",87,5496.807,12904.5284651241,13035.8257394448,70.3437731129687,132.648188096164,12776.9278701931,2205.02883501564,12518.7735381558,1234.080268146,2.34764081495386,2.37152691361454,0.012797206289573,0.0241318620239284,2.3244272302435,2.27746281398562,0.00241785150367788,0.00228030606370793,4.45147225777807e-07,0.00133021309280159,0.0037387104745823,9.16241772479462e-06,8.73456565323112e-06,5.93432365265886e-12,5.1445350233986e-06,1.40697068060647e-05,-3217.03007055781,0.124008590440552,0.0873461872361734,0.9675,0.471579199707867
"constant",1600,"stan",88,5685.236,12526.0672169629,12017.8675028597,132.533506870792,129.17987675646,12986.8232566749,1803.87550034884,12696.617015976,1182.98088394181,2.2032624884812,2.11387310972837,0.0233118742776539,0.0227219902140315,2.28430680039929,2.23326120779788,0.00193267699520502,0.00184312683958865,3.52365360845674e-07,0.000946539970304657,0.00313416658764609,9.54046320680625e-06,9.14241561926949e-06,6.53627994828004e-12,5.0429692002242e-06,1.45183004801997e-05,-3166.86413779875,0.127024056081432,0.089119022859306,0.95625,0.460248867997892
"constant",1600,"stan",89,5553.931,12713.6556135055,14053.1333757918,131.889784921138,144.768353382673,12558.7205611608,1886.26301982216,12766.5474190159,1400.41435688254,2.28912739706444,2.53030391911455,0.0237471054143701,0.0260659258069056,2.26123093015754,2.29865070686256,0.0022112634015962,0.00214162652574569,4.30330143794362e-07,0.00103778655563653,0.00350778841202101,9.00581360366546e-06,8.66439868517111e-06,4.52887251149787e-12,5.21236841672678e-06,1.34889323723658e-05,-3169.14282675117,0.115721495034617,0.0806302117082405,0.96875,0.469180430193971
"constant",1600,"stan",8,5752.632,12942.3148373321,12007.7475351747,84.1293614673302,120.417472121423,12139.1034864663,938.455557902524,11978.4839178524,1577.49972272065,2.24980753806816,2.08734845809269,0.0146244990931682,0.0209325874002409,2.11018251931748,2.08226146185822,0.00221975382631612,0.00208812566911547,6.09067880623401e-07,0.000888011569437297,0.00372863162033325,9.12140759351978e-06,8.74234809783132e-06,5.31324370212234e-12,5.2562641496925e-06,1.3765715451114e-05,-3160.10125572683,0.122546345685165,0.0812746367547506,0.9575,0.46916660217467
"constant",1600,"stan",90,5688.417,12446.473562201,11665.9239543032,96.7844055246233,110.963800750395,12264.8997137051,2312.67091323168,12074.4112440526,2176.02131792676,2.18803817691301,2.05082080907627,0.0170142951061118,0.0195069736888831,2.15611825112418,2.12263117209104,0.00177035699087216,0.00174477099597537,2.59026868311543e-07,0.000877872913355283,0.00275889359808882,9.19362345198988e-06,8.76570554059327e-06,6.23716700626479e-12,4.89697218365838e-06,1.4060640221173e-05,-3130.95585901483,0.139353951890172,0.0992057468760005,0.940625,0.45350076370709
"constant",1600,"stan",91,5708.065,10837.0406726487,10808.5135934119,121.571537179801,129.361571869236,11956.8658028026,2916.71427775199,10902.5433944907,1015.55379942615,1.89854892553759,1.89355124607233,0.021298204764627,0.0226629465272796,2.09473189299747,1.91002439434217,0.00219216959895515,0.00212305717968357,3.87186702483163e-07,0.00105141132570496,0.0033549413055332,9.62912603543392e-06,9.35590469029936e-06,6.26942446642367e-12,5.31468516870282e-06,1.47593746942838e-05,-3140.31380680981,0.123897371109944,0.0880613135805035,0.95125,0.468780198781865
"constant",1600,"stan",92,5614.166,14063.9822558419,14222.844464114,109.443563313894,133.841035390458,12744.2604167541,1857.50591430548,12645.9432329387,1411.61950361231,2.50508842379115,2.53338509479663,0.0194941801353743,0.0238398785127583,2.27001845274152,2.2525061127403,0.00208436052173827,0.00201662666791178,3.99134376600353e-07,0.00104166611849059,0.00327519725153229,9.21657730681522e-06,8.81940062295842e-06,6.56855677454529e-12,4.64303270904249e-06,1.42413058301406e-05,-3166.11821133127,0.127227909466729,0.0910705236700335,0.966875,0.465181030587541
"constant",1600,"stan",93,5783.729,9784.71153063151,9059.72658338584,99.0937277936718,77.9264314645192,11464.0065928835,1050.98783473044,9949.77200681512,495.567229629885,1.69176521421241,1.56641616220017,0.0171331899875793,0.0134733891343317,1.98211337233877,1.72030397807628,0.00242468006864913,0.00234682254459067,5.30288717112163e-07,0.00115387249128883,0.00393585292288115,9.95238002184797e-06,9.49207166407365e-06,7.45165602543326e-12,5.33309594122356e-06,1.55417887783252e-05,-3163.5853466627,0.126697712978232,0.0901662242579982,0.96375,0.480853620270952
"constant",1600,"stan",94,5625.725,12733.7124069697,11978.7667677776,117.205789802493,164.660604529309,13269.8835923226,3520.13544079875,13093.0466246748,2091.57896057297,2.26347935723302,2.12928409543261,0.0208338995956064,0.0292692238830212,2.35878639505533,2.32735276336379,0.00165743972766011,0.00156936406365226,2.2862055952583e-07,0.00087364891059486,0.00263553837260848,8.81806951145008e-06,8.52507316581866e-06,4.47940811052173e-12,4.92432536421371e-06,1.29201752892368e-05,-3172.94135871613,0.11488083122274,0.0719334065657087,0.95625,0.446175586255467
"constant",1600,"stan",95,5693.076,13033.2689297439,12213.4845617776,93.4314355842134,105.592406975013,12176.9341845623,1201.51973997443,11442.4825338219,887.902467005838,2.28931932925959,2.14532259217646,0.0164114154780673,0.0185475140284467,2.13890244650911,2.00989456909093,0.00307934457017928,0.0030052507668322,8.41139319046096e-07,0.0013160384194162,0.00486085325898275,9.7722883643478e-06,9.22872673312427e-06,8.14185483154062e-12,5.23098356709322e-06,1.53872561176025e-05,-3168.5632616227,0.125050863106032,0.0887485783252304,0.96375,0.501250671330994
"constant",1600,"stan",96,5557.457,14138.5176126544,14104.9080257878,81.964171366575,111.731826004786,12225.015862952,2221.18013462502,12602.6665836848,2136.87040243631,2.54406243946725,2.53801478370194,0.0147485030233387,0.0201048475957233,2.19974996890701,2.26770384074674,0.00221775708224333,0.00211369545070939,4.82102778594243e-07,0.0010056752669819,0.00353629043462914,9.09833752963802e-06,8.76905815276081e-06,5.55206115855728e-12,5.2578336691721e-06,1.38929365483603e-05,-3155.79933963825,0.128098014131771,0.0868292996169322,0.956875,0.469545842226497
"constant",1600,"stan",97,5718.715,10101.259301491,10802.1523828181,91.1030672734992,154.713434545781,11365.3589631594,1599.70288469794,10822.7267202008,1540.16350413324,1.76635123476008,1.88891252367325,0.0159306884979404,0.0270538809060743,1.98739733719191,1.89251024403224,0.00209366713145895,0.00200328725619925,4.08252013067037e-07,0.00094648079233393,0.0033346784475523,9.8734118858722e-06,9.42151976463303e-06,6.6782749765719e-12,5.74065830050187e-06,1.5255137243745e-05,-3152.34566909325,0.119300183298446,0.0840035473883238,0.95,0.468790091340155
"constant",1600,"stan",98,5768.026,10667.0399449101,11103.6280342889,111.985089621476,142.328482559727,12127.5156274905,2152.13708032502,10741.7433502579,1213.3568625776,1.84933978191327,1.92503085705385,0.0194148031963581,0.0246754231967274,2.10254177555554,1.8622910767493,0.0024169890989836,0.00232321283439095,5.64798196315899e-07,0.00112788293273673,0.00394551664387506,9.24271001563272e-06,8.97213367496887e-06,4.98205658246896e-12,5.33172634820778e-06,1.37610571900706e-05,-3187.93366809143,0.135121328094029,0.0972298485124481,0.949375,0.478218095347895
"constant",1600,"stan",99,5670.447,12417.0770116151,13305.213451797,70.476777603303,124.285990535268,12600.3422116036,981.839283746941,12453.3012101988,1010.39614896115,2.18978803815908,2.34641351057457,0.0124287869374854,0.021918199841259,2.22210739499083,2.19617628208126,0.00193234613196575,0.0018803907928017,3.47724776149076e-07,0.000839541138706135,0.00306218938159166,9.1646468682861e-06,8.73739423038499e-06,5.77479759089636e-12,5.25686837303549e-06,1.40553000129025e-05,-3154.96508991093,0.122296243537458,0.0838896551519694,0.965625,0.458699519867065
"constant",1600,"stan",9,4488.496,9281.81850644202,9900.44295046661,111.932546338674,99.4564335130128,9794.01709152966,2079.0511141845,9947.58157563117,1434.4690013676,2.06791283905389,2.2057372782479,0.0249376509054868,0.0221580755587201,2.18202647201416,2.21623937631473,0.00182370636202789,0.00173351520832886,2.83751041718332e-07,0.000906761459310318,0.00289814516173474,8.98034529192721e-06,8.54631678407693e-06,5.5053107572561e-12,5.08020959364466e-06,1.3641130923117e-05,-3190.26518505352,0.110342127585576,0.0692658422059723,0.9625,0.451821166181577
"constant",200,"stan",100,465.169,8408.37253940382,3366.7408861043,234.491956452267,109.370308711512,7995.70783478257,915.120724710026,2398.31349089412,607.011378245315,18.0759520505533,7.23767251494468,0.504100566573153,0.23511951293296,17.1888234916397,5.15578959667157,0.0240071758902937,0.0226809582491266,0.000126708866103689,0.00471557987425433,0.045912611032188,5.30342349224641e-05,4.29907771228744e-05,1.37207991158306e-09,1.01619884010599e-05,0.000120842703541164,-383.273232161413,0.202678937385828,0.166810317642794,0.96,0.827242824620077
"constant",200,"stan",101,318.019,8408.09494943855,3420.5037643529,139.330056848724,110.323170948629,7679.97846243075,990.190702900141,2679.44950061444,245.228606228312,26.4389704685524,10.7556585120791,0.438118655956794,0.3469074833536,24.1494327773836,8.42543841913356,0.0197649606121048,0.01835315418781,9.94129182111673e-05,0.00224149570454467,0.0385555769520072,6.64871737346383e-05,4.63426391587227e-05,1.10700037645664e-08,1.02350996956448e-05,0.000147838024575214,-390.748777276033,0.221201762430873,0.164474994352999,0.93,0.784453157779708
"constant",200,"stan",102,329.005,8369.96487912986,5947.73875282678,206.397992805846,197.631250101072,7317.52022739954,703.6001188319,3289.38357104945,542.006449825507,25.4402361031895,18.0779585502554,0.627339988163846,0.600693758760725,22.2413648041809,9.99797441087354,0.0221628055933478,0.019679735905017,0.000163567517187502,0.00280096563342324,0.0467004868168792,5.89898077320803e-05,4.76790466551209e-05,1.98401455529476e-09,1.11578691507341e-05,0.000135483425460751,-385.924311516259,0.221314936483476,0.170480223140239,0.935,0.810344227166131
"constant",200,"stan",103,380.043,8620.68756365668,5167.98331357068,160.96178401754,73.2846878957822,8629.71480728335,1745.57231450213,3006.29656359144,232.570715977455,22.6834530925624,13.5984173200682,0.423535715741483,0.192832621297543,22.7072063089791,7.91041162076777,0.0186712381646975,0.0171703528650521,8.02049816896993e-05,0.0031466434524397,0.0361418546308578,6.68089273450451e-05,4.68155735189993e-05,3.56011252567338e-09,9.39892109801072e-06,0.000188346634133197,-391.42309931745,0.194849408528488,0.136308085622857,0.95,0.765178205552788
"constant",200,"stan",104,363.087,8152.31019163792,3380.05307593927,152.000157843503,99.1010570673983,8370.16798908136,598.924818154771,2892.74096136943,286.686849838384,22.452773554652,9.30920984761028,0.41863288369868,0.272940251420178,23.0527889709115,7.96707390066135,0.0131879565414893,0.0115942940296327,6.51186579291634e-05,0.00168591921185956,0.0282138915889014,6.79551481507297e-05,5.34281800154924e-05,2.52387080658196e-09,1.11795632675869e-05,0.000166681798902201,-388.342438955434,0.197135379173726,0.146511870360167,0.935,0.714283538042476
"constant",200,"stan",105,338.485,8289.7532462502,5431.16184504472,137.199135570219,172.993547227109,8805.96706586815,1282.15906460296,4669.35540220257,433.390844684429,24.4907551183958,16.045502297132,0.405332985420976,0.511081871359467,26.0158265975395,13.7948665441676,0.00659342213874147,0.00541216903628153,1.90093863060118e-05,0.00119515019981139,0.0151505303637313,6.44021346706813e-05,5.46016018395076e-05,1.64979488734259e-09,1.20770535820997e-05,0.000140307495217348,-406.022317848737,0.205232375582022,0.139485964724277,0.86,0.606622065958305
"constant",200,"stan",106,237.386,9761.95687655648,7120.1561292823,186.985534031742,71.8553347913137,8898.57702470931,836.289544079739,3350.61653230895,182.485200133896,41.1227152256514,29.9940018757732,0.787685600800981,0.302694071222876,37.4856858648333,14.1146341077778,0.0147194341221021,0.0135496763369436,5.81056582248744e-05,0.00217676363982376,0.0294235868430948,7.54647847706403e-05,5.22071038234553e-05,4.95164567527888e-09,1.05056784698029e-05,0.000219940255346514,-388.040616811536,0.190568138531741,0.132196864024987,0.935,0.726849351115613
"constant",200,"stan",107,343.946,7867.95127767315,4044.00448070569,162.578402616648,151.404523455038,8246.94281766887,642.938194077191,3112.25358585369,366.622122427731,22.8755423167391,11.757672659969,0.472685836197102,0.440198529580336,23.9774348812571,9.04866922672072,0.0160787579143201,0.0144086169931032,8.42523662812768e-05,0.00203342917611547,0.0336959353390908,6.24776709644819e-05,4.68559401920781e-05,2.67809612619357e-09,9.81124982321608e-06,0.0001642796131658,-389.887257321119,0.183055882892529,0.128946885603893,0.925,0.745362472264345
"constant",200,"stan",108,328.886,8020.56535264746,4674.20797292382,193.264337423507,137.55330991228,8548.95780672801,2118.17724905407,4473.95757739192,330.820171120705,24.3870683235147,14.2122436738682,0.587633214619982,0.418240089004335,25.9936811136017,13.6033688797696,0.00849562822764321,0.00723956901070507,2.53373299364937e-05,0.00156026785222352,0.0184337465182087,7.23910293091357e-05,5.84435523891703e-05,2.79560231463301e-09,1.00135073506118e-05,0.000174030043348625,-396.715229427697,0.228339300535672,0.149928089304491,0.865,0.653738790543723
"constant",200,"stan",109,315.656,7617.14471805819,6463.5909519351,129.749544196672,103.805377784516,8564.90298742183,687.312939606145,3192.75528227876,301.263323180607,24.131157709843,20.476692829964,0.411047292611805,0.328856026131345,27.1336612876734,10.1146668597421,0.0140608826765973,0.012998411617567,5.40735732771534e-05,0.00223163402338583,0.0282678801078211,7.38627874051127e-05,5.87653191354183e-05,2.89257784914095e-09,1.30838910412913e-05,0.000171602021558898,-386.641274243272,0.205216337427944,0.137672779869451,0.94,0.718155238535016
"constant",200,"stan",10,311.197,8869.9318853852,6689.29436352661,219.476793782343,141.240827951998,7008.39724487957,1244.46284190368,3414.7225959619,514.74192745876,28.5026265850416,21.4953690540931,0.70526641896401,0.453863076931969,22.5207738020597,10.9728647639981,0.0148652591981913,0.0128966799290221,8.3126395233197e-05,0.00184872480425042,0.0327039909256806,5.58593842383661e-05,4.32821412532514e-05,1.77620426147252e-09,1.14643855970755e-05,0.00013558465845309,-401.45477416111,0.201049372780596,0.148642674500181,0.92,0.723400505397211
"constant",200,"stan",110,333.607,5036.84258837515,1431.94724480323,143.502750152573,158.000399317243,8264.85579704102,1653.89605915493,3731.14807083996,300.136361171866,15.0981321985904,4.29231774154387,0.430155093126263,0.473612362202362,24.7742277501402,11.1842619334725,0.00803072785339593,0.00632533339525761,3.40393444732841e-05,0.00122307565638093,0.0200519084811874,8.54660373988524e-05,7.00981059730681e-05,3.6151972549369e-09,1.39731548289691e-05,0.000195344430518286,-401.011103932795,0.216951494803992,0.167275990804859,0.905,0.645858139217253
"constant",200,"stan",111,243.884,8351.22350127759,5229.16835730904,238.078842832032,175.418729591852,8990.59927297505,1550.75559779862,3232.87361486154,582.341851095235,34.2426050961834,21.4412112205353,0.976197056108775,0.719271168226912,36.8642439560408,13.2557839581995,0.0147135710159556,0.0134707216792371,5.11695868912167e-05,0.00313081876323444,0.0287901780267919,5.46597636957e-05,4.34396610067652e-05,1.58881253134469e-09,9.92121066459396e-06,0.00013086517028173,-394.051587348761,0.223203178508346,0.14560565091309,0.885,0.710392524410372
"constant",200,"stan",112,374.09,8243.92257600345,4940.5045481538,272.299020871167,150.282527491222,8539.76533349928,995.29652010955,3070.16274746763,575.503941801731,22.0372706461104,13.2067271195536,0.727897085918275,0.401728267238423,22.8281037544422,8.20701635293011,0.0217524797266357,0.0203778803891448,0.000104199711560767,0.00300147224322481,0.0411288915450131,5.86012917675752e-05,4.52634654278232e-05,1.71698699724461e-09,1.01429003718134e-05,0.000145116739526121,-377.430714710871,0.24239868531153,0.193090360471135,0.925,0.806383740835136
"constant",200,"stan",113,268.487,7442.80549025412,6893.49344151687,195.170596785253,160.483980456111,7737.67382995677,1146.87362800972,4204.63145983223,515.60556295951,27.7212881452514,25.6753341559065,0.726927548764944,0.597734640619884,28.8195474267163,15.660465720248,0.00838828905943532,0.00733522896962688,2.57923708364244e-05,0.00124018090316189,0.0179423216736181,6.08138767271653e-05,5.01562025707363e-05,1.77015967050414e-09,1.3107431852125e-05,0.000133268216936667,-386.934069797003,0.209595965045895,0.158957626586216,0.885,0.650059322168063
"constant",200,"stan",114,263.268,6223.18298552875,3798.34676679285,143.649422775408,131.754031819883,8242.61533161789,1013.39689970906,2782.20600208855,302.923347968138,23.638205119987,14.4276811720105,0.54563951097516,0.50045593015438,31.3088386420601,10.5679611729817,0.0126438771813516,0.0113494637730717,5.19771336354486e-05,0.00180266733438035,0.0266044078516217,8.44690244884532e-05,6.77141569931728e-05,3.70980724715824e-09,1.31059003481612e-05,0.000205581049227097,-383.598519625609,0.221135130847437,0.163951287033922,0.915,0.714995291290785
"constant",200,"stan",115,333.934,6744.38468765216,3198.77701158626,94.8629575302364,92.2082714598532,7676.51103622455,1291.17214694447,3096.15005840772,153.676609369339,20.1967595023333,9.57906955142711,0.284076965898161,0.276127233105504,22.9881085370898,9.27174249524674,0.0138106515098055,0.0126078381345861,6.06474484964563e-05,0.00151946816957939,0.0284313943838307,8.0858378604501e-05,5.57220455634631e-05,6.42462563848568e-09,1.0594250761403e-05,0.000225441384830329,-387.346527439794,0.229223680808368,0.172871223217847,0.91,0.728333432300404
"constant",200,"stan",116,274.727,7645.51889796913,6634.74213493902,203.217797269335,122.974544213381,8281.15713649304,1698.24424904712,3426.95520173732,254.122942686996,27.8295140192596,24.1503097072331,0.739708136693282,0.447624529854658,30.1432226773963,12.4740385973615,0.0135311054034904,0.0125888054468111,4.69045275020287e-05,0.00226570643164431,0.0266570561980745,7.80301903802513e-05,5.78589637568093e-05,4.26735935335794e-09,9.86554894143719e-06,0.000209680097448815,-385.346865168896,0.184294532576603,0.122291613401555,0.925,0.712889500622555
"constant",200,"stan",117,413.077,6950.59181375579,5470.29571909545,180.651489479903,145.064404777199,8473.45810138165,1223.57372957078,3734.01518193609,444.386378872732,16.8263830079036,13.2427990885366,0.43733127111871,0.351180057900097,20.5130232411431,9.03951365468446,0.0124626249001243,0.011188963803432,4.59603916886125e-05,0.00197405417230277,0.0255180825701996,6.01971896664466e-05,4.81464326166482e-05,1.76268405499369e-09,1.25167706397956e-05,0.000146967809229929,-393.670565363239,0.243015088076727,0.182716843508094,0.89,0.699367174392247
"constant",200,"stan",118,376.83,7279.03478997115,6945.89654010752,152.157331010047,170.564899465152,7771.62782297868,1031.98203564567,3916.42070866212,432.351387884687,19.3164949445934,18.432440464155,0.403782424462085,0.452630893148507,20.6236972188485,10.393070373012,0.00989110131892284,0.00854369899793362,3.63105054269357e-05,0.00131806190454995,0.0221343572184182,6.8840874261056e-05,5.46493514765621e-05,2.72803564309057e-09,1.13821116360352e-05,0.000167435699457136,-383.081615494941,0.203913362829554,0.154644773228109,0.915,0.675385704452255
"constant",200,"stan",119,376.53,6613.31019193219,6893.54368488491,187.504074638233,200.758703223113,8024.16791279477,1426.38935828594,4596.44953969172,554.130524199314,17.5638334048607,18.3080861681271,0.497979110929362,0.533181162784143,21.3108329025437,12.2073926106598,0.00743171561983632,0.00629206761586996,2.42575557437103e-05,0.00119764985296605,0.0163956891111667,6.25689604864536e-05,5.34542911918932e-05,1.46285070941864e-09,1.21003089584823e-05,0.000137483793169253,-397.654879716358,0.212796678772896,0.152937231658046,0.885,0.630933710614198
"constant",200,"stan",11,304.895,8585.00562627897,6805.40432171239,203.322281300601,99.4997272975399,7372.41547534144,752.561400045588,3794.95106442572,377.353598496209,28.1572529109332,22.3204851562419,0.666860005249678,0.326340960978501,24.1801783412042,12.446747452158,0.0127179478414809,0.0111177550288172,6.09307171695324e-05,0.00163604805844485,0.0283588942120906,9.05177331713014e-05,7.26474692000149e-05,4.22081016875936e-09,1.40530553747045e-05,0.000220033135972216,-376.505922135656,0.223017872691552,0.17441412020292,0.91,0.732515089074526
"constant",200,"stan",120,327.301,3938.23670468572,4249.55054783963,116.108538108614,139.338479293196,7153.78942173429,553.135680152107,3248.48727544474,361.498805054157,12.0324615711095,12.983616144893,0.354745442600586,0.425719687056245,21.856912816442,9.92507592535537,0.015612053950679,0.0136262571070602,9.91708124060738e-05,0.00151028898001508,0.0346272523136283,6.11569045436126e-05,4.89469157974187e-05,2.08491630541565e-09,1.18430788007805e-05,0.000146293715197771,-390.471121678792,0.201383285291355,0.151221896590255,0.945,0.742994074475288
"constant",200,"stan",121,331.58,8693.84283154831,6026.9063353491,158.672050137486,102.907268415501,8342.27371180013,1490.46983160954,3417.49245874583,258.883270400204,26.2194427635814,18.1763264833497,0.478533235229767,0.310354268699863,25.159158308101,10.3066905686285,0.0163248042373128,0.0150121331676835,6.13468506860183e-05,0.00363073372784455,0.0319261389554234,7.61137640878506e-05,6.00403074625123e-05,3.28386652701813e-09,1.1222527375811e-05,0.000188120589079611,-389.619200763369,0.171562440463775,0.120766998262744,0.96,0.74824893287789
"constant",200,"stan",122,380.008,8110.746772196,5984.58335726109,177.113228291449,165.320656222251,8084.82621296768,1065.69159653187,3606.48239378888,349.748211204463,21.3436211137555,15.748572022855,0.466077630711588,0.4350451996333,21.2754105517981,9.49054334063725,0.0116960873572244,0.0102992622239076,4.46408723588114e-05,0.00181439755349703,0.0245134028701398,7.21587795551138e-05,5.6689021707201e-05,2.84485972763327e-09,1.2279176059212e-05,0.000174868161024215,-381.389634625571,0.184354885326035,0.119238123835481,0.925,0.692424185801767
"constant",200,"stan",123,312.426,8895.51176422807,7443.51050104376,197.564100012995,136.450050873867,8052.25302835488,1471.44433734219,4771.73328385171,550.890044197618,28.4723799050914,23.8248753338191,0.632354861672827,0.436743583676988,25.7733128112093,15.2731631933697,0.00904619662415092,0.00787523325910753,2.84809682512236e-05,0.00176859383877956,0.0193380527182136,5.78258128661593e-05,4.68877634266e-05,1.51888140900593e-09,1.24201305999363e-05,0.000134155600922093,-389.872187998775,0.231923200295637,0.147374279092934,0.895,0.647412178075193
"constant",200,"stan",124,374.806,7004.77361544804,1931.23684221761,186.497784418068,114.883249289112,8776.42664176698,1167.68250998633,2631.97447027127,365.492086615977,18.689064784043,5.15263054011304,0.497584842339952,0.306513901295903,23.4159182130675,7.02223142177893,0.0202719264560479,0.0184706738749521,0.000104261253034528,0.00418507389868443,0.0408481701813732,6.2368328337759e-05,4.86587424006179e-05,3.04276413926409e-09,8.4739422813875e-06,0.000147869381257357,-397.720877005898,0.194728044177543,0.154517109187801,0.965,0.776990308375124
"constant",200,"stan",125,357.272,9476.66795605336,5444.45189082769,273.347176103252,138.606616913718,8693.77711960056,1237.1948821909,3537.56405889019,466.074449306993,26.5250788084523,15.23895488823,0.765095434579962,0.387958241658226,24.3337768411758,9.90159894671341,0.0201563403316114,0.0183529856517018,0.000109004312520887,0.00383649042898292,0.0410746549779863,6.11493368393742e-05,4.84749413230256e-05,2.23248756118939e-09,1.01383007728014e-05,0.000145318744837062,-395.119019381223,0.185243318372556,0.132904479125644,0.96,0.773772526238548
"constant",200,"stan",126,278.812,3288.28451108602,2737.90838942571,134.007613884763,129.452006182325,6703.91657082723,854.165405151578,2718.95892267307,281.427109830249,11.7939131424975,9.81990871779447,0.48063789895974,0.464298545910238,24.0445768863149,9.75194368489544,0.0155884499940119,0.0133296359264533,0.000103176711367358,0.00177019723669081,0.0353959199773389,7.22155153362405e-05,5.47432473598902e-05,3.65658273392383e-09,1.01236489655488e-05,0.000183999656519956,-388.989023180372,0.214779847729391,0.13724766380085,0.935,0.753363902000183
"constant",200,"stan",127,330.557,8725.36064833984,6700.45403976488,144.808486900272,133.321790949957,7964.4743512626,549.336100806187,3459.79661199838,268.483317537116,26.395933676612,20.2701925530692,0.438074180550623,0.403324663976127,24.0941028363114,10.4665658630686,0.012376555007215,0.010799363991921,5.94715156522196e-05,0.00163552398454289,0.027186669369407,7.74383443216688e-05,5.92276910630686e-05,3.30712511583672e-09,1.27829649122397e-05,0.000190516413345356,-405.675254650214,0.212252229360045,0.15587588202607,0.915,0.705754973738507
"constant",200,"stan",128,347.413,8754.90940681512,6785.88153347687,236.132452190749,190.654173925807,9165.66507085783,1419.90088327012,3909.94017633163,547.468811158939,25.2002930426182,19.5326068209217,0.679688014526654,0.548782497850706,26.382619737482,11.2544440660874,0.0136863225522244,0.0122883468773616,5.41268696532909e-05,0.00251375797920784,0.0281807152310538,6.57213828400078e-05,5.08598196133168e-05,2.43333086827107e-09,1.18708915841064e-05,0.000158468189580756,-393.424182371989,0.183070959607605,0.131779527430775,0.935,0.715571889142456
"constant",200,"stan",129,310.897,7691.40941412317,7852.03883723258,152.82540562286,162.135856982587,8163.42238590923,1074.51551180755,4217.06674760964,394.201773015193,24.7394134202748,25.256077856115,0.491562818627583,0.521509879421759,26.2576428396197,13.5641924740658,0.00863773695489656,0.00723697507284517,3.03773696122674e-05,0.00121606983158324,0.0193276088543696,7.16941147500945e-05,5.84767414909483e-05,2.12958021401102e-09,1.34652445628833e-05,0.000165801264193771,-382.460470397138,0.197453296115942,0.147441964355748,0.905,0.658545974628685
"constant",200,"stan",12,302.876,7612.0013863262,6712.34034544031,233.038753342369,191.102003590253,8488.9112444211,2216.00787754282,3644.13415988921,651.390098545542,25.1324019939718,22.1620080344442,0.769419674528089,0.63095789560828,28.0276788006349,12.0317693045643,0.00786365664386341,0.00666341612194293,2.42557282286979e-05,0.00130783702324226,0.0173766425465141,6.78604133143985e-05,5.67829759625359e-05,1.85845069116455e-09,1.12993978198839e-05,0.000151604119727818,-380.19411381434,0.220223450418266,0.16169608799325,0.86,0.646373129337161
"constant",200,"stan",130,343.855,7254.25965143524,6262.63666145067,175.209846009131,149.105615747789,7599.1118088916,879.712560974901,3057.99699978184,477.225145054707,21.0968566734095,18.2130161302022,0.509545727149907,0.4336293372142,22.0997566093022,8.89327478088683,0.0141399765242153,0.0124373231094504,7.11371584979522e-05,0.00182359915728172,0.0305262603453694,6.50245915226433e-05,5.37633438055924e-05,1.88287345805702e-09,1.03369152460629e-05,0.000149343300480098,-390.91902090369,0.224558870401779,0.167791926613702,0.9,0.733158053251208
"constant",200,"stan",131,325.029,5141.04867868386,5112.73307183299,94.9130625954157,148.692843041455,7281.15095409285,1167.89513158057,3585.6979146596,239.712344913411,15.8171999381097,15.7300827674853,0.292014135955301,0.457475619226145,22.4015424903404,11.0319322726883,0.0107205191738901,0.00892160636678534,4.85250553309022e-05,0.00150293956308469,0.0245330722693938,7.68842843997166e-05,6.21767627733282e-05,3.07580961270527e-09,1.09968411823536e-05,0.000175842824728782,-394.734551112593,0.214798110774401,0.159223643076353,0.9,0.685886428911277
"constant",200,"stan",132,316.726,9338.71887679942,8878.42155349981,231.934042623538,252.921940655826,8172.20968325024,1783.30640979707,5315.94248648033,876.645608982381,29.4851666007825,28.0318684083397,0.732286085207839,0.798551241943593,25.8021434402299,16.7840419999632,0.00744579536716322,0.00624131177599885,2.3203476587586e-05,0.00126333214207858,0.0168394104874053,5.34814189022684e-05,4.4662983331478e-05,1.09735511108906e-09,1.20044241462638e-05,0.000122376642196824,-391.714717672409,0.216375766406207,0.166445658302466,0.875,0.634065723458821
"constant",200,"stan",133,366.204,9711.37902280628,5183.7194183902,192.723961067835,168.036465122551,8249.7662840902,654.72226601007,2959.30306094468,499.546206614716,26.5190413616626,14.155277982737,0.526274866106965,0.458860266743538,22.5277885661822,8.08102331199191,0.0216635289949616,0.0193280586545053,0.000139583579317941,0.00366801909575195,0.0443857420813217,5.6071840738117e-05,4.69210316711748e-05,1.30366592268823e-09,1.09404650640428e-05,0.000124497347705916,-414.618034641758,0.182603927256584,0.121478724965679,0.935,0.790043403584428
"constant",200,"stan",134,251.311,8141.0110385868,5357.99454587402,138.193161976227,119.756520257313,7143.49751493904,1496.95535665451,3724.33070864187,350.663622201921,32.394169131422,21.3201751848269,0.549889029832467,0.47652717253647,28.4249297282612,14.8196088059889,0.00976434639779388,0.0082552235751421,3.96282392674477e-05,0.00154492026995008,0.0226975915525597,7.50639781678125e-05,5.83180836694269e-05,3.50130248495806e-09,1.14657560122057e-05,0.000183416214472937,-395.802697044133,0.191614335109438,0.129826114783439,0.9,0.66669172622108
"constant",200,"stan",135,283.572,6969.08632082974,2423.91567029893,182.413851107234,163.669235302798,8073.95587296791,987.391006054136,3065.69722717061,410.799070604507,24.5760735221734,8.54779622211969,0.643271730309177,0.577169943798394,28.47233109393,10.8110011819595,0.0168909992587607,0.0151862601508573,8.0761200057412e-05,0.00222331620888149,0.0341365282455151,6.63409370352856e-05,5.20931981785676e-05,2.7862992353752e-09,1.05056486705919e-05,0.000160652256450669,-390.180810140289,0.175719419205179,0.128017532363059,0.96,0.755791068995822
"constant",200,"stan",136,427.775,8462.50380088006,3899.75688371774,298.191722180979,190.767919322233,8962.02756169077,1138.17345452643,2542.24894492661,595.797094939046,19.7826048761149,9.11637399034011,0.697076084813228,0.445953876038181,20.9503303411625,5.94295820215444,0.0256460897034877,0.0240284464978536,0.000130314899974928,0.00642822940677647,0.0478571788291446,5.17839223214684e-05,4.06931895513624e-05,2.01612510942097e-09,1.02327773525004e-05,0.000118593838388763,-398.42876576056,0.174126630524144,0.125812544922672,0.96,0.816251727566069
"constant",200,"stan",137,353.712,8204.16701863516,6192.74469621952,161.604984203769,166.783984121887,8027.34682050181,1242.1320918637,4005.85753541647,316.872305486134,23.1944831349662,17.5078727784738,0.456882956201003,0.471524811490386,22.6945843525292,11.3251954568024,0.0119187547778451,0.0106350798971893,4.42809813788639e-05,0.00214016070104687,0.0242478402245918,6.74348551625596e-05,5.16913633324968e-05,3.77435002777021e-09,1.20443509052805e-05,0.00016309818183499,-401.455263268246,0.235022198633577,0.173577061189131,0.915,0.683111141848571
"constant",200,"stan",138,300.086,7570.79112086833,7935.49398819973,224.018822636911,189.136006372981,7998.52344780848,1988.77975132235,5279.90648506121,826.0177817302,25.2287381646206,26.4440659950805,0.746515407706162,0.630272676409365,26.6541039828865,17.5946444854515,0.00794342738550517,0.0069154333039457,2.27384017594066e-05,0.00120002027369678,0.0168349266617411,5.91521785196251e-05,5.01752906734929e-05,1.45919307467499e-09,1.22401464167461e-05,0.000128304598221311,-406.941903503779,0.237224377114869,0.179060707635773,0.865,0.624936490898859
"constant",200,"stan",139,235.243,8385.17195434808,7008.19629095313,173.825501886893,128.202098890968,8316.85561050229,1548.53625108143,3319.69902856839,259.636662146208,35.6447246224035,29.7913063978657,0.738918913153176,0.544977316608647,35.3543170700182,14.1117866570669,0.0106298026062395,0.00953370788363878,3.51732399967213e-05,0.00169805760352347,0.0222241845967936,8.38340475195504e-05,6.25355207601616e-05,4.95952616510032e-09,1.09588339040469e-05,0.000216219983077409,-400.970525057144,0.216643776584192,0.168304933953326,0.92,0.672171025738709
"constant",200,"stan",13,335.107,8666.98080329378,9407.42803006948,141.63413822626,153.882671354842,8006.6467075194,1445.19591149257,4417.35294749327,335.685573252345,25.8633236646617,28.0729081459638,0.422653475535456,0.459204586459972,23.8928064991761,13.1819178575597,0.00805344124914668,0.00656989077187334,2.9728181094985e-05,0.0013073013634481,0.0191529548301131,6.95555276752192e-05,5.81549570152216e-05,2.16219655411678e-09,1.10270016812533e-05,0.000154761565237066,-383.018282621177,0.18336903438332,0.122995184264548,0.895,0.646063288892765
"constant",200,"stan",140,337.835,8894.57195154296,7032.84287971306,156.418960316404,102.815343715953,8410.14173854943,1348.54553181053,3293.5160061842,216.694820610688,26.3281541330619,20.8173897900249,0.463004011770255,0.304335973821399,24.894228657627,9.74888926897509,0.0105938692460896,0.00929313980952866,4.32776503183357e-05,0.00131086572249729,0.0235378362970676,7.79756564844706e-05,6.19996936670044e-05,3.2725022316053e-09,1.04412311682476e-05,0.000192479930974123,-383.753514469542,0.212227851192218,0.153743673544498,0.89,0.686381592477022
"constant",200,"stan",141,301.38,6511.40170940226,5214.08823265573,195.655614337207,161.925917263943,7897.50139352755,940.36701617906,3660.2411866358,433.717789044045,21.6052880396916,17.3007108389931,0.649199065423077,0.537281562359624,26.204464110185,12.1449372441297,0.0125061203232332,0.0108888951829805,5.49694089656316e-05,0.00203113783353094,0.026883735079859,6.07177533123844e-05,5.0728571194121e-05,1.55132099373524e-09,1.2198041020844e-05,0.000139009390028189,-397.943738999508,0.216082781407581,0.155759367943687,0.94,0.70435183943886
"constant",200,"stan",142,340.809,7126.11561014262,3110.95860584764,119.227824918263,119.510776096985,8306.46561374809,1242.41062425314,4373.70627449639,220.516864934837,20.9094114596229,9.12815860451937,0.349837665432142,0.35066789931306,24.3727883176445,12.8333062639085,0.00713658995417349,0.0057367513614047,2.4515178805529e-05,0.00115315251143274,0.0172395938614161,8.11780790534259e-05,6.55182848708672e-05,3.16140737884166e-09,1.56135587161776e-05,0.000195482808402133,-387.556405727731,0.226764359024656,0.171813414986951,0.87,0.633701965007828
"constant",200,"stan",143,225.251,8396.35330850013,5238.07242943688,217.034344842606,159.986869052254,8096.70300543887,745.939198439336,3081.73031279954,557.875676595675,37.2755428766138,23.2543803554119,0.963522225617669,0.710260416389957,35.9452477699938,13.681316898924,0.0227060779739891,0.0211162474884907,0.00012146491078365,0.00339426784321132,0.0431869183251453,5.2482534861609e-05,4.23790585278647e-05,1.49385488104937e-09,1.28749397402883e-05,0.000115629438558939,-390.185285127448,0.196774577635849,0.159659679385795,0.97,0.799497485608188
"constant",200,"stan",144,386.165,7885.61345286734,5860.93499642758,202.415302909685,113.495785257152,7354.4605951975,971.158899381711,3474.09914474507,364.832965593955,20.420321502123,15.1772817226512,0.524167915035502,0.293904898831204,19.0448657832727,8.99641123546947,0.0136573884000461,0.0118658998618579,6.76683372153624e-05,0.00173063276104815,0.0304252227373041,7.43976775021518e-05,5.77651063271224e-05,3.15659633234811e-09,1.06044436594568e-05,0.00019077993161516,-402.095225386245,0.203279297156285,0.157404696991646,0.935,0.722684556031253
"constant",200,"stan",145,290.022,7714.08974580737,5275.65955592173,210.206990011483,177.542064603752,7961.05986124865,1092.44818432955,4021.53658078465,562.673994083817,26.5982916668645,18.1905495304554,0.724796705117138,0.612167575576171,27.4498481537561,13.8663155925573,0.0144173479529752,0.0129737836347694,5.95590113748623e-05,0.00286727200979829,0.0292656676571262,5.8644566646794e-05,4.8600376455627e-05,1.63278343667879e-09,1.06832255880655e-05,0.000137988077202526,-404.678164094135,0.207446102484129,0.151359808180054,0.95,0.714419296062811
"constant",200,"stan",146,260.627,7740.80151031394,4685.71286636498,200.62400578517,235.025283029257,8003.46528230985,878.138407319849,3111.18349971592,669.697956026481,29.7006891469953,17.9786164379169,0.769774450786642,0.901768746251375,30.7085040395272,11.9373031179268,0.0172614099192523,0.0151867363810784,9.58275927897219e-05,0.00308592541497546,0.0369436544722753,5.66628407584584e-05,4.55702410126604e-05,1.66330648278881e-09,1.09337333796237e-05,0.000136868430530229,-399.202802968144,0.202054486438681,0.144054471468744,0.94,0.754845175705777
"constant",200,"stan",147,377.021,8033.60028073745,5257.75842677212,213.681338471494,167.825608321385,8659.43863708951,1316.05760552211,3466.62605300739,541.886789139582,21.3080976410796,13.945532017506,0.56676243092956,0.445135969405909,22.9680538672634,9.19478239410376,0.0160013548494801,0.0147705810839222,5.97672180032311e-05,0.00228708219489962,0.0305322787779399,5.66529660406943e-05,4.43434994431315e-05,2.08784714166573e-09,9.49118291888805e-06,0.000134344680684484,-397.041782984812,0.192265742389277,0.133932074094036,0.93,0.729744406612804
"constant",200,"stan",148,302.885,7964.29505551536,8387.40842491472,253.783740449872,185.16198620516,8158.84964262672,2851.23720391213,5043.95705887607,583.819364441086,26.2947820311846,27.6917259848283,0.837888110833724,0.611327686102515,26.9371201697896,16.6530434286151,0.00623276959877523,0.00522037645231119,1.49430425677211e-05,0.00130124281545379,0.0137569975546375,6.83873991935435e-05,5.54722024856929e-05,2.33992317894343e-09,1.62854538058504e-05,0.000161086527376753,-389.0555210761,0.213639009758377,0.141415280390588,0.87,0.617692017473115
"constant",200,"stan",149,317.109,8569.37773766106,6414.22650338924,185.774628933941,156.002228101522,7876.02987419444,875.234496137859,4296.52772407488,489.838677524951,27.0234453694504,20.2271979142479,0.585838399206397,0.491951436577084,24.8369799475715,13.5490563940944,0.010218005033254,0.00893333883560678,3.62421953312329e-05,0.00149812091932009,0.0219975573258856,6.01273953262105e-05,4.93513643440532e-05,1.81363561686211e-09,1.06746167748152e-05,0.00013893489707494,-392.945569548062,0.23816266303403,0.167786920633082,0.82,0.671254428945279
"constant",200,"stan",14,320.611,4703.03905935454,677.855206712416,170.960151448633,94.981263849431,7158.30965557321,1055.65334762895,2794.0393412682,303.000745618093,14.6689884606409,2.11426060463433,0.533232332791556,0.296250795666496,22.3270868921316,8.71473324766837,0.0119201098820668,0.00998134454106635,6.8811074331212e-05,0.00126858395396003,0.0275456751454543,7.58622337384219e-05,5.88534297884006e-05,3.30100316421582e-09,1.16871469375782e-05,0.000189261715315591,-405.967687789385,0.239637241028528,0.194323635968048,0.87,0.700242292135002
"constant",200,"stan",150,288.139,5862.50100923511,2732.58073903524,257.839601132259,160.96788263415,7682.88668702138,1991.94203683664,2523.96651419677,614.350849587745,20.3460864694995,9.48355043584949,0.894844506062209,0.558646634555371,26.6638208886037,8.75954492171059,0.0217567741303383,0.02021209472177,0.00011518785117211,0.00401148724527643,0.0423358730686308,6.28533321678746e-05,4.80484418178566e-05,2.3765294444668e-09,1.13861303270687e-05,0.00015840066650592,-370.021168114244,0.209686032245169,0.166206418652867,0.955,0.811191736668027
"constant",200,"stan",151,343.46,4389.10297990551,2327.03488253273,170.119143021719,88.3476946932809,8112.83153517846,604.459254768571,2555.26182526213,253.166961152401,12.7790804748894,6.77527188765134,0.49530991388144,0.257228482773193,23.6208919093299,7.43976540284788,0.0208869055642627,0.0189746734345256,0.00011620604499231,0.00308719825364696,0.0417944101691553,5.90033019040811e-05,4.59142221044196e-05,2.85278572388707e-09,1.12832272312537e-05,0.000137393969362821,-393.25274792946,0.175810418269793,0.127731072761195,0.955,0.784377905133655
"constant",200,"stan",152,300.405,8576.44107799386,7768.86892248208,201.114159186445,223.172884289581,7975.22186268784,1485.81578409633,5251.29787162123,551.074601060532,28.5495949734321,25.8613169637059,0.669476737026497,0.742906690266743,26.5482327613982,17.4807272569406,0.00651070628027485,0.00541445115473236,1.74923616803359e-05,0.00104737561965528,0.0146481448917066,7.41269549219295e-05,6.22800072478679e-05,2.63777224066376e-09,1.48972432062744e-05,0.000160522899373917,-393.499756869223,0.216677014832491,0.167574384776663,0.87,0.628820914281753
"constant",200,"stan",153,296.017,8173.93587861906,7173.18637595931,221.82484253947,142.105504670928,8309.95591008049,1731.48725821149,4339.77888999337,371.357750621769,27.61306235324,24.232346034043,0.749365213955517,0.480058593496078,28.0725630963103,14.6605731765181,0.00869532271631758,0.00768018413003527,2.64892684073479e-05,0.00129165291042918,0.0189770244119068,6.77123591766743e-05,5.49150324906401e-05,2.2934620326752e-09,1.28115592542236e-05,0.000155135214544388,-397.818332950063,0.213713631483172,0.159230492455931,0.89,0.657281826752836
"constant",200,"stan",154,263.304,6937.255448256,5022.38280230414,120.579984287955,165.393840780079,7412.5189125317,1316.06934980196,3636.15997453742,410.119572006165,26.3469428806855,19.074464506062,0.457949686628214,0.628147847279491,28.1519419094723,13.809740735186,0.0118753100937404,0.0105806674948445,4.61118219382464e-05,0.00194945999963479,0.0252669116763343,6.53304708195796e-05,5.24683313392133e-05,2.02012482654508e-09,1.2260274451622e-05,0.000156961934645583,-385.015673035275,0.193523000866335,0.144778717567041,0.935,0.706388492978399
"constant",200,"stan",155,268.777,8911.96057047244,7966.90540629729,184.204042002601,153.898946333097,7670.38575582819,1325.91043409494,4377.86296129744,419.346587363213,33.1574523507311,29.6413212674347,0.68534153592979,0.572589716877178,28.538103170391,16.2880862622078,0.0080054450428428,0.00681957778015627,2.27752717872171e-05,0.00158978786950551,0.0177759591374613,0.000101134513042685,7.8377655401003e-05,5.82933615676548e-09,1.24471220498831e-05,0.000248158846735729,-378.595272763999,0.218459091925166,0.160314395837107,0.88,0.658814063045261
"constant",200,"stan",156,371.384,8371.51736697721,5030.11420030952,160.873863558852,105.549581880926,8257.126082131,1084.50702953899,3049.37985031275,269.920371912831,22.5414055720688,13.5442404635351,0.433173921221303,0.28420605594459,22.2333920743247,8.21085413026073,0.0150314766095131,0.0134828121164103,7.40740554402386e-05,0.00223671208200866,0.0309496904117219,6.56590653585032e-05,5.39934829593861e-05,2.08888691711699e-09,1.23655127860418e-05,0.000148926125729392,-404.023071082934,0.171335551944326,0.113704603532725,0.95,0.73430252951259
"constant",200,"stan",157,384.184,8134.49084298694,5798.51815302408,171.860201132763,182.06332143105,8265.05300695847,815.679088456912,3149.6431325308,468.408680150903,21.1734243044659,15.093075591446,0.447338257534834,0.473896157651151,21.5132670984697,8.19826732120755,0.0143150390762172,0.0124088475564676,7.48799808725346e-05,0.00207559252494442,0.0312775220119663,5.96561856404861e-05,4.87412429934675e-05,1.94062287679711e-09,1.125506114408e-05,0.000136620625367161,-393.736509478895,0.207032219755671,0.147428665553872,0.925,0.728254475919089
"constant",200,"stan",158,339.596,9323.74346732066,7868.53202085541,182.256402560061,130.034328349045,8381.77331890835,934.649144555696,4311.92520783591,361.777660051008,27.4553983772502,23.170272973932,0.536685952013749,0.382908892769776,24.6816020180107,12.6972202494609,0.0090376296396433,0.00793279928627201,2.88285241016666e-05,0.00131536411662962,0.0191903933426486,6.71559487638187e-05,5.24070904735444e-05,2.53565801034699e-09,1.0227467893986e-05,0.000166314265358026,-406.877046544014,0.215450966614986,0.148088218746686,0.91,0.658476904545023
"constant",200,"stan",159,223.622,8141.30254349163,6357.79177482169,128.030361704551,148.689454389124,8021.83234821925,568.697816817533,3596.42099378611,468.794340803217,36.4065366712203,28.4309762671906,0.572530259565479,0.664914249890995,35.8722860372381,16.0825902361401,0.0154337202074679,0.0134008149298405,8.85468692248432e-05,0.00192588840211563,0.0335638445355255,5.67020097819922e-05,4.46291282641065e-05,1.65712090625509e-09,1.28918493844849e-05,0.000132268604164521,-406.838570973818,0.229164410300719,0.165915423327882,0.93,0.730164125773122
"constant",200,"stan",15,272.876,7511.13740711203,7885.24851870253,149.593299180181,252.322733003915,7750.75447719903,1890.46300136394,4659.92069272991,575.595523400594,27.5258264087425,28.896819503007,0.548209806579475,0.924679096013994,28.403943465893,17.0770631815546,0.00709424865446308,0.00599945136004678,1.91833254457911e-05,0.00125646070240308,0.0156928705039327,8.03095576262831e-05,6.58369183716354e-05,2.77068881311156e-09,1.60487324337783e-05,0.00017967878557079,-376.110856948909,0.211250341197208,0.147972457513726,0.87,0.629981218908824
"constant",200,"stan",160,332.884,9257.72213424929,5448.29521648864,185.006767379663,114.672082004161,7839.29286987992,1682.77434818945,3532.85002307873,298.165029647943,27.8106551659115,16.3669482957686,0.555769479397216,0.344480605869195,23.5496235021206,10.612856199393,0.012034315211521,0.0109023655672554,4.44530094047153e-05,0.00170335240309482,0.0249941330225661,6.62504030847698e-05,5.034411571863e-05,2.65686361033487e-09,1.07202848804978e-05,0.000165925650160087,-377.645245223523,0.192181418739152,0.133236500945474,0.93,0.696015398086178
"constant",200,"stan",161,344.315,8356.76329399937,6825.83918832262,198.745175501971,175.989641672867,8198.55034651446,1122.30396841909,3862.70300954283,546.258879195933,24.2706919361613,19.8244026206312,0.577219045066206,0.511129755232467,23.8111913408201,11.2185150502965,0.0110193392007444,0.00951263070795307,3.99355500178607e-05,0.00200267849430513,0.0236157107379864,5.59562302996869e-05,4.57668936052984e-05,1.41751093241333e-09,1.02416328099414e-05,0.000123607696725993,-389.845684451749,0.212014781147499,0.168806376788962,0.92,0.67298958246651
"constant",200,"stan",162,270.687,7611.59661656832,3094.82249487235,199.420220173483,114.509231642141,7350.56965034027,1098.37350093893,3182.85418680788,295.392449667238,28.1195499472391,11.4332143578094,0.736718867819597,0.423031884213653,27.1552370462574,11.7584301677136,0.0158414404049723,0.0143834056273695,7.53731112818037e-05,0.00193401610493243,0.0325954968306731,6.78711735474351e-05,5.00603099042024e-05,5.05096056740314e-09,1.12798178858217e-05,0.000169599424631842,-388.763973196235,0.222702701966539,0.147413191920042,0.95,0.740010574429816
"constant",200,"stan",163,298.329,8691.43615868867,6694.32900853649,158.590989855149,115.955595588198,7303.59419072167,990.38784071032,3321.27170027083,287.362478668127,29.1337287313291,22.4394175844001,0.531597631658837,0.388683619722515,24.4816769094579,11.1329160097437,0.0137759074985007,0.0123720645384148,6.26426382422842e-05,0.00134374040690562,0.0288482919042836,8.03386261953005e-05,5.58968892883179e-05,5.11805234261855e-09,1.11107506220153e-05,0.000228058941908153,-398.255818703742,0.173383125677795,0.128435125983166,0.945,0.725520246711256
"constant",200,"stan",164,216.713,6166.03262884236,5667.64216385085,161.995669676542,118.551846834891,7861.6223277952,754.8385616166,3610.12798782037,267.508231750455,28.4525276695092,26.1527557823059,0.747512468917611,0.547045386455315,36.2766531209258,16.6585668041159,0.0122827531802509,0.0106805017669427,5.85867154269915e-05,0.00157192580029748,0.0270806509975208,8.26236958453052e-05,6.31663252223657e-05,3.85607589471019e-09,1.34631847695903e-05,0.000217719079555499,-396.625862973186,0.234886168198456,0.184533048469134,0.935,0.722565223350187
"constant",200,"stan",165,242.538,5064.7023420602,4765.75690636835,168.709840057177,168.907134143635,7592.86418213465,1165.9162699967,3191.96515342349,345.258000264165,20.8820982364009,19.6495266983662,0.695601679147913,0.696415135540143,31.3058744697105,13.1606806084964,0.0119951545493961,0.0103007311299852,5.5735762644274e-05,0.00137560106819359,0.0264954251717914,8.82944701606372e-05,6.92713895307142e-05,4.24783775151239e-09,1.22081227341614e-05,0.000225646392093901,-391.199520086964,0.233033949398395,0.176000396086001,0.925,0.715422892532608
"constant",200,"stan",166,290.146,7966.98900398761,7296.77454642789,204.090988146157,198.213179460151,8039.27859953389,1480.21653980781,4167.63837534172,583.077104129453,27.4585519152,25.1486305047386,0.703407898596421,0.6831497916916,27.7077009489495,14.3639353130552,0.00854499148114632,0.00734875540254239,2.54693826874407e-05,0.00170776537558144,0.0189727091232982,5.83240093293185e-05,4.82183404089034e-05,1.39412276699877e-09,1.06971462008638e-05,0.00013349532286169,-388.474063383844,0.212503816622295,0.14769487929219,0.855,0.645435823007617
"constant",200,"stan",167,357.723,7161.27367123935,5079.94186028385,189.144775656776,132.120949596683,8356.67332645721,1190.47042912705,3753.88475140538,388.456108391132,20.0190473389727,14.2007694788533,0.528746476063256,0.369338705078183,23.3607381310601,10.4938311246562,0.0115423169464307,0.0103411129349944,4.3571194858046e-05,0.00177671723104646,0.0242754782377333,6.38643860436916e-05,4.91897569071431e-05,2.66860462603981e-09,9.6079221201829e-06,0.000156453489678687,-397.676644485789,0.231686715970832,0.170172368272699,0.895,0.694565994557199
"constant",200,"stan",168,292.448,8189.1791114521,8365.00233276782,221.469063148124,160.967675626475,7489.37026700169,2140.72446151464,4922.26619684538,488.924336769321,28.0021717072851,28.603383619542,0.757293820262489,0.550414691249299,25.6092374268304,16.8312527247421,0.00689923965378412,0.00575030335078189,1.94998688802626e-05,0.00124458655264817,0.015939419061312,7.20789203231562e-05,5.85249242957805e-05,2.31481929065322e-09,1.45465264376759e-05,0.000170471510005974,-396.838336430122,0.239022228066666,0.180578352000644,0.84,0.624015012606953
"constant",200,"stan",169,261.43,7601.94422773941,5249.12529010649,234.196451981393,124.666150527872,7883.6719182872,1228.30232957913,2910.32273755883,308.292015680702,29.078316290171,20.0785116096335,0.895828527641788,0.476862450858247,30.155957305157,11.1323212238795,0.0179741180319256,0.0163241726800589,8.95830165952487e-05,0.00254162928538484,0.0367999424097976,7.53182313515819e-05,5.62347384548067e-05,6.13340592575724e-09,9.99998602314159e-06,0.000179925690821354,-383.129305933782,0.20325760604855,0.154015233121665,0.96,0.773731791546244
"constant",200,"stan",16,320.228,7927.04738577435,4943.41823646821,234.466154397388,188.656398819331,8192.41226951606,1071.46936187865,3912.16338818021,557.034611566677,24.7543855808185,15.4371829960784,0.732185050643256,0.589131490123695,25.5830604116944,12.2168061137071,0.0161751507231601,0.0149011508339223,6.80605938390741e-05,0.00266034874408593,0.0320639798031101,5.39642498434551e-05,4.3988366723826e-05,1.29122199594169e-09,1.158598053289e-05,0.000124151112382564,-393.1117327729,0.207991767094091,0.151078703565297,0.935,0.738487859417236
"constant",200,"stan",170,317.023,9304.7124798427,6700.20450538457,182.210059746946,91.1890197591201,7630.24419134551,933.756659628427,3159.13230478644,239.952975941557,29.3502757839106,21.1347583783655,0.574753439803882,0.287641653000319,24.0684246611303,9.9649940376138,0.0166060711914331,0.0146719925011738,9.00875751711164e-05,0.00282569879666552,0.0362126404890074,6.60688867514999e-05,4.90576665173582e-05,3.50732856064376e-09,1.03582518697488e-05,0.000167791102266355,-389.499455816028,0.177318435528654,0.132152883112913,0.96,0.760774828292564
"constant",200,"stan",171,318.303,7316.83984532662,5287.52641977254,155.9044436153,182.524345513198,7233.23822798943,833.979917188694,3379.67080438791,573.861972380809,22.987027597373,16.6116135247627,0.489798850828612,0.573429548302083,22.7243796885026,10.6177786712281,0.0134277829196513,0.0115496243720551,6.82234134630155e-05,0.0020518506030132,0.0296834683565083,5.61714440419971e-05,4.74450534741154e-05,1.28434536463849e-09,1.10372066944442e-05,0.000126379879877389,-408.839725659547,0.220418290518254,0.159314266963628,0.915,0.709389742273814
"constant",200,"stan",172,273.237,6679.26418536629,5144.60251424657,185.742865210821,185.360247290982,7763.73567283581,1611.76016650129,4528.38791257611,502.450826878378,24.4449477390188,18.8283523616734,0.679786651188607,0.67838633600494,28.4139251742473,16.5731138629692,0.00714229207500793,0.00619446912368074,1.80390007649383e-05,0.00122966923443205,0.0154352478550822,5.98860078025086e-05,4.91247894211863e-05,1.64340917521476e-09,1.13932625056775e-05,0.000140219910314712,-399.653133372568,0.226621920427724,0.153643086166891,0.865,0.616261674382774
"constant",200,"stan",173,339.178,7983.49351696042,6194.17439972276,131.038822624063,151.58121064516,7161.84226919775,654.310727767606,3584.37958192577,470.234650366978,23.5377693039066,18.2623118236524,0.386342341260527,0.446907554868418,21.1152912901124,10.5678422006314,0.0130332336276399,0.0115897114154675,5.6243693361951e-05,0.00160196738823143,0.0277887415118043,6.05287184398209e-05,4.69859556065966e-05,2.38378856175437e-09,1.13831766750172e-05,0.000153025283680055,-388.205214035727,0.246778455589782,0.180632949542612,0.91,0.711641511765286
"constant",200,"stan",174,322.829,9722.67940394535,8105.87841925834,161.051089822464,125.195510884646,7780.58390630843,1876.36007004009,4269.1797104537,252.171687778379,30.1171189823261,25.1088917639318,0.498874295129819,0.387807510739884,24.1012545536753,13.22427573252,0.00981919108986319,0.00805653022897431,4.11318743397534e-05,0.00156713665408894,0.0228354503031736,0.000122060944046408,9.54216958491564e-05,9.04083565476088e-09,1.49016282116339e-05,0.000308515066457395,-380.458797794651,0.24428403608883,0.166965323608432,0.85,0.688813321611962
"constant",200,"stan",175,280.13,8363.02993043068,4944.36700047853,177.779457373396,159.44441139968,7061.06462881264,912.57700581748,3132.48120382292,491.306153958387,29.8541032036222,17.6502588101186,0.634631982912919,0.569180064254739,25.2063849955829,11.1822411159923,0.0135528265113307,0.0114551508524307,8.07893158728886e-05,0.0017401075320414,0.03133179969937,5.56898594451356e-05,4.51712139262925e-05,1.36746267594512e-09,1.11107091445649e-05,0.000128449968199292,-393.133108512177,0.203061070926296,0.143736534401075,0.895,0.718101626663447
"constant",200,"stan",176,237.747,9497.03011146855,5346.01892186549,203.327306183145,133.156814532538,8369.99779175435,966.901758742249,3492.70316182228,343.284776196666,39.94595141671,22.4861677407727,0.855225538842322,0.560077790813503,35.2054822637272,14.6908401023873,0.0154465793522299,0.0141007747118369,6.61229476496554e-05,0.00232662999012559,0.0312490997000641,7.22541429312819e-05,5.21754352136341e-05,4.22684923020658e-09,1.17381997012115e-05,0.000197888617781664,-384.33786623454,0.190677650281754,0.133623738567926,0.95,0.738232454420561
"constant",200,"stan",177,334.908,8140.86282405231,5157.99561187014,250.905679883378,130.036225293147,8355.49296965695,1781.69392771685,2960.29198088539,271.017096794846,24.307758620434,15.4012314183899,0.749177923141214,0.388274467295935,24.9486216204359,8.83911994005933,0.0224535505144587,0.0211432711590101,0.000118693682151018,0.00341058247966406,0.0432358152437182,8.04537983001095e-05,5.47676024478213e-05,6.28957090167731e-09,9.60205316460717e-06,0.000237262331536676,-380.503840363259,0.232134469381533,0.18354493791619,0.945,0.816502215191455
"constant",200,"stan",178,296.242,7967.47579000109,4470.01607707031,219.91051727463,153.363944998308,7887.29497233555,1030.03792636136,2722.75590489526,402.173646921495,26.8951593292008,15.0890693320674,0.742334028512601,0.517698182561245,26.6244994711606,9.19098542710102,0.0175851105964578,0.0159055494264881,8.82904300848911e-05,0.00299772229018526,0.0358271235347767,6.64242616683157e-05,5.01970805176229e-05,2.66176119875752e-09,1.07733771197456e-05,0.000171583946601193,-382.667500090819,0.181103537485504,0.140324528853016,0.95,0.76621212006453
"constant",200,"stan",179,321.17,7719.82850097863,7359.56396274249,229.520591516359,115.762229284016,7981.34533267266,1008.19848069128,4203.41196740406,396.53188888149,24.0365803187677,22.914854945177,0.714638949828312,0.360439111012909,24.8508432689001,13.087810092487,0.0117811319674429,0.0103284788640209,4.72502097582487e-05,0.00185952065133359,0.0253486567310788,6.58988953313743e-05,5.31571751413548e-05,2.01658379906421e-09,1.10564732957603e-05,0.000153450118642105,-398.861790041099,0.229722115488303,0.165749805380271,0.925,0.692244337119747
"constant",200,"stan",17,264.932,7036.01908500586,7091.12237385213,252.159425035653,107.753978912956,8644.68417150468,2177.15799519122,5317.50296322251,505.710378877352,26.557830254578,26.765820564719,0.951789232843343,0.406723155047166,32.6298226394119,20.0711992632921,0.00642688909287938,0.00551644474400233,1.28609510334194e-05,0.00128915088575764,0.0134993847593946,6.37949711823912e-05,5.35783125292921e-05,1.85085134902257e-09,1.0765825947774e-05,0.000140376033493733,-380.896099008622,0.23308050389685,0.144291014065705,0.835,0.61381834633766
"constant",200,"stan",180,334.162,8866.15713481568,4049.45902836858,205.581614815119,166.702595860418,8085.48033582595,1118.24788528218,3829.88683837426,438.280613137779,26.5325115806575,12.1182511128392,0.615215418913938,0.49886760272089,24.1962890329419,11.4611680513471,0.0094449076618309,0.00802693923247211,3.47860083590008e-05,0.00153076361026617,0.0215003587146994,7.87873025568289e-05,6.42152665908279e-05,3.16630891244217e-09,1.24274383942577e-05,0.00018459449475143,-393.152545998663,0.211171821701638,0.14386862257505,0.91,0.665385545532093
"constant",200,"stan",181,294.492,8238.66462564747,8362.35400145678,132.613732826397,115.461470967094,7462.90901873146,1815.19849197583,4203.46897908482,179.254645925123,27.975852062696,28.3958613526234,0.450313532545524,0.392069974624418,25.3416358296031,14.273627056371,0.00776780679824475,0.00657901733987553,2.35683185150303e-05,0.00113945881312721,0.0175042175944635,8.99856191545022e-05,7.52447569160065e-05,3.35994129619354e-09,1.44279065093228e-05,0.00020789799716795,-381.924376085842,0.189991131605665,0.142064043662868,0.9,0.646034894485242
"constant",200,"stan",182,289.925,7754.82465447457,7574.26933152256,247.879603187188,197.605838628222,8154.87583843092,2148.846116023,4850.79407908744,515.80716618277,26.7476921771995,26.1249265552214,0.854978367464649,0.681575713126574,28.1275358745569,16.7312031700869,0.00661776147654233,0.00568110128283872,1.63531229352934e-05,0.00116167636859381,0.0147963220397473,0.000111583568249762,9.43415578922323e-05,4.95423811902372e-09,1.6665544685357e-05,0.000250818164204963,-377.655468856454,0.216842481355028,0.150849002414319,0.885,0.634339216876473
"constant",200,"stan",183,356.263,9036.28097633142,7041.3683572744,172.095175683178,160.477103631105,7808.13761944212,1209.51681630611,4177.95952730765,355.752133141104,25.3640736656106,19.7645232799207,0.483056550029551,0.450445607966882,21.9167795124448,11.7271777515702,0.0106199309979225,0.0088496042745346,4.91721283042155e-05,0.0017399029418964,0.0245090870577212,7.43869903097486e-05,5.76442646765413e-05,3.3994539162693e-09,1.03725571450468e-05,0.000184722463501249,-396.597950354114,0.203042252667471,0.139551343582861,0.915,0.684816829764067
"constant",200,"stan",184,309.059,7181.95469313768,4852.32304793481,192.035467515053,85.7246541952847,7925.54485103467,1375.20893149151,3218.72805608182,197.016652391602,23.2381347675935,15.7003130403412,0.621355364234833,0.27737310414932,25.6441160135594,10.4146071011743,0.0131197221319983,0.0115436291411009,6.08992625331125e-05,0.0017352231290941,0.0283497651494197,8.5966567475947e-05,6.66554179985767e-05,4.14757185566824e-09,1.38681223240138e-05,0.000216743355247677,-400.104849178608,0.199326451990574,0.14462562806179,0.925,0.713520555148099
"constant",200,"stan",185,339.386,8382.32523519844,8414.56847131484,139.046033486864,241.376880027909,8509.53283084472,1208.39787340841,5261.96359666804,570.362924640473,24.6985003364854,24.7935049510435,0.409698789834771,0.711216373179532,25.0733171988377,15.5043625743786,0.00696879831757866,0.0058485916080265,1.86084378210266e-05,0.00137307179433902,0.0157337384169903,6.16856269539194e-05,5.25226925408022e-05,1.40092514491588e-09,1.28271970458828e-05,0.000132032273270649,-393.76047115464,0.231191309410319,0.163639754425319,0.85,0.624535516034046
"constant",200,"stan",186,333.257,7647.14887005709,5401.09807599615,206.352716893705,166.034932181953,8595.86999696403,1389.60690196425,5248.00381937422,524.227103208443,22.946701404793,16.2070056322783,0.619199947469086,0.498218888671364,25.7935167062178,15.7476176625674,0.00685893484456978,0.00581057842027213,1.74131587553927e-05,0.00135099231014337,0.0149880774359495,6.10513017900196e-05,4.98107209682606e-05,1.75702340276554e-09,9.46444000182159e-06,0.000139149017316332,-407.203241142815,0.227794943609225,0.164889495684859,0.84,0.607179767869055
"constant",200,"stan",187,339.375,8441.56130474246,6874.91928901093,116.742915669207,124.353335160392,8388.93788699803,1269.13473295677,4310.68145017777,295.780908986164,24.8738454651711,20.2575890652256,0.343993858325471,0.366418667139277,24.7187856707124,12.7018237942623,0.0113678421120298,0.0100824378704088,4.18737429622612e-05,0.00177238489305738,0.0241853200459105,7.55066815116052e-05,5.78814302249762e-05,3.39577204028097e-09,1.28473210353717e-05,0.000195746801096498,-386.512411991537,0.197093380022642,0.138930087878081,0.915,0.691780755211265
"constant",200,"stan",188,290.047,7987.32980195022,6788.28359957928,203.862763125647,164.224370171795,7966.32053812897,1443.61639260855,4204.50446735432,423.844290387052,27.5380534946068,23.4040814060455,0.702861133284079,0.566199168313396,27.4656194965953,14.4959419244272,0.00937746571563983,0.00791553668780612,3.47292359928964e-05,0.00153921414371869,0.0213117509550876,7.00579650061548e-05,5.65951660295199e-05,2.45191640289936e-09,1.20891479787082e-05,0.000163810579800915,-386.38134778342,0.202513189664456,0.14841550756817,0.91,0.665135117440616
"constant",200,"stan",189,349.82,7396.57925222911,2719.1541672928,174.097144071382,154.693383386533,8619.6621715925,782.676052867957,4189.02834355173,310.256440629343,21.1439576131413,7.7730094542702,0.497676359474534,0.442208516913077,24.6402783477002,11.9748108843169,0.0105460141371019,0.00937531755523542,3.82321372277011e-05,0.00150603039537454,0.0227707999656659,7.84653605058913e-05,6.14192771894623e-05,3.27443044318067e-09,1.39667258278194e-05,0.000193190067502217,-382.480776372512,0.194623406721494,0.147535271196957,0.91,0.688790035872188
"constant",200,"stan",18,229.265,8293.94347979827,3711.23528846093,364.85830976501,190.390061057268,8500.7510378213,1795.79948951335,2612.63290456068,643.513787758781,36.1762304747706,16.187535334486,1.59142612158424,0.830436660882684,37.0782763955305,11.3956901601234,0.0332032692549864,0.0314807508559698,0.000173265916423167,0.00971022770392754,0.0588633610096071,5.73861617607345e-05,4.39358125567557e-05,2.02889515007715e-09,1.21999661542609e-05,0.000141652923250492,-389.451344462319,0.216755474643609,0.164709377005664,0.975,0.887771339350494
"constant",200,"stan",190,240.621,7069.41914762653,6405.29072067054,206.540683550452,126.845399912603,8363.62351758225,2310.93733784207,3922.24078742399,268.335835431559,29.379892642897,26.6198325194831,0.858365161604566,0.52715847707641,34.7584937207569,16.3004924234543,0.00871440073307245,0.00760888572638675,2.31855634416203e-05,0.00195386969626358,0.0186736766880679,8.64918731268023e-05,6.77970072377219e-05,4.11661291067216e-09,1.37777546366012e-05,0.00021960861261908,-378.646183451501,0.219133914251446,0.154806648283204,0.905,0.661467863070981
"constant",200,"stan",191,344.173,6660.19176330524,7149.53548164528,165.206140329067,138.052865806141,8029.57252884285,1235.57076564531,3513.63354269081,291.11695280548,19.3512906686615,20.7730864467732,0.480009008054285,0.401114746961968,23.3300477633134,10.20891686068,0.0114696137589407,0.00996120963720511,4.6501768788853e-05,0.00167675266567491,0.024200368330813,9.366556331211e-05,7.21005435509108e-05,7.55868011701211e-09,1.10393227596034e-05,0.000231005205291423,-390.313030047,0.23268588921476,0.179334665879332,0.935,0.715563414958946
"constant",200,"stan",192,362.445,9654.98941404596,4107.28735264477,200.380130306642,133.82484267092,8481.87616978904,1322.97762997339,3233.76093509925,368.360475964116,26.6384952587178,11.3321672326692,0.552856654959076,0.369228000581937,23.4018297115122,8.92207351487605,0.0182643286343698,0.0168324881820439,8.38539286624493e-05,0.00221210771345608,0.0357664941698927,6.24287084666208e-05,4.89585203269348e-05,2.23217084715003e-09,1.03729438728275e-05,0.000154910475347168,-380.11403379447,0.189601127120591,0.143799599692978,0.95,0.761383434285615
"constant",200,"stan",193,309.411,7957.66299036934,5901.52511973714,208.447506077691,180.957014746627,8210.07360642922,1384.90902816306,5073.68698520048,568.503050282355,25.7187462319353,19.0734172984708,0.673691323442577,0.58484350830005,26.5345240034427,16.3978881979001,0.0066084158179002,0.00561624430870879,1.56091373985017e-05,0.00144846042576127,0.0147162718599356,6.1194363174254e-05,5.17279428597826e-05,1.57619329367459e-09,1.1616586482051e-05,0.000137765568746833,-381.936289738277,0.244457985813229,0.195912460948058,0.81,0.628736892197019
"constant",200,"stan",194,319.241,8592.13163016512,7192.72517953321,163.532879108159,160.59633924147,8471.39093363278,1084.45872993475,4291.8579258255,371.430627023918,26.914248577611,22.5307062048208,0.512255252640352,0.503056747853409,26.5360368299585,13.4439433713887,0.0094112182489917,0.00809580253523063,3.27019474226814e-05,0.00145197350744706,0.0209048899694697,6.03926662292876e-05,4.88019377951228e-05,1.82483913379346e-09,9.62231238698127e-06,0.000140583176836112,-402.858140632365,0.212476982870464,0.154472416503394,0.915,0.650854164946101
"constant",200,"stan",195,238.084,7057.78914856354,4163.7491940343,233.805704860882,160.146845278761,8289.69772651403,1536.23115526526,3977.31816383984,645.881617401688,29.64411362613,17.488572075546,0.982030312246442,0.672648499179956,34.818373878606,16.7055247888974,0.0113222902317736,0.0103915036660768,3.47247003500998e-05,0.00174943431024852,0.0224522463165537,6.15806816437067e-05,4.98970077057704e-05,2.10322890321658e-09,1.22380698643044e-05,0.000142292834263912,-387.951585790141,0.220265979484009,0.142155514961706,0.91,0.68514678719388
"constant",200,"stan",196,235.472,8443.70894824065,7412.77862427713,136.747927854508,151.935207636654,7851.63678973741,712.046029775373,3680.73220256395,260.274146081407,35.8586538876837,31.4805098877027,0.580739654203083,0.645236833409721,33.3442481048168,15.6312946021775,0.00956379615489998,0.0080107702077413,3.85075594657227e-05,0.00119922353498416,0.0216554425552608,7.2222344351307e-05,5.88274655608314e-05,2.49928923743878e-09,1.19544939075752e-05,0.000175690027959113,-388.826226056408,0.182425158586358,0.126652674387182,0.925,0.662427785691146
"constant",200,"stan",197,385.768,8839.76733671205,3765.82816683214,297.366075176039,153.755107696672,9464.40335418988,1255.524407375,2707.2666770971,581.099594922942,22.9147242298792,9.7618987755131,0.770841736940438,0.398568848885009,24.5339254530959,7.01786223091885,0.0267676766928981,0.0250319894764213,0.000121108049557176,0.00908531329603558,0.0499307237021699,6.1028327630731e-05,4.73380236180395e-05,2.33171142082999e-09,1.12699070538111e-05,0.000151087749547726,-374.288702077439,0.197865220974483,0.146242055490584,0.96,0.835775862291913
"constant",200,"stan",198,271.877,7200.12832214624,6323.61993192019,173.521146520961,115.588888208105,7899.43943076537,1103.71723872579,3704.73280210636,330.673887996163,26.4830357924585,23.2591206020377,0.638234004792464,0.4251514037896,29.0551956611459,13.6265031691035,0.00901086841187583,0.00765752908159366,3.12265862305741e-05,0.00132315188015368,0.0200631684687698,7.18937104149024e-05,5.81832460609279e-05,2.67501448359518e-09,1.16448781747559e-05,0.000174100496174635,-416.073011977138,0.214310787521153,0.168614060757876,0.88,0.646929591893114
"constant",200,"stan",199,292.141,9230.17525975182,7155.58870953014,193.570627563294,175.177353967408,7904.42942515638,913.045747697184,3876.33672231613,418.077164704991,31.5949327884543,24.4936133905551,0.66259315728807,0.599632896332278,27.0568986385218,13.2687186061393,0.0104419343355936,0.00910383682942759,4.02625504227713e-05,0.00126255530139121,0.0226030394864017,6.44272785618281e-05,5.28807920981453e-05,1.9991161053544e-09,1.17278507553034e-05,0.000149720133519431,-401.101167126399,0.197149135993652,0.145142217382552,0.905,0.677427795291936
"constant",200,"stan",19,335.911,9214.18634523449,5683.01626689252,167.346089102879,104.27787211944,7557.40518485308,820.530025913712,3171.9971220532,241.775595775191,27.4304394474563,16.9182202038412,0.498185796543963,0.310433037677955,22.4982366902337,9.44296888775061,0.0178352120086016,0.0162386806011947,9.61109351198635e-05,0.00242382736768836,0.0363516961898185,7.07595382097476e-05,4.93499062878626e-05,5.16176949506549e-09,1.22204424792452e-05,0.000191846483603689,-389.714830986885,0.196209303025644,0.151779739175974,0.95,0.76986893529198
"constant",200,"stan",1,297.881,8044.56434374241,4947.82636240242,132.607771751444,79.5422549511633,8008.26685385404,1541.99274631493,3048.00620862922,156.623312538078,27.0059666233912,16.6100770522538,0.445170292000646,0.267026950195425,26.8841143069012,10.2322948043991,0.0173585091127843,0.0159119882115377,7.52764723313031e-05,0.00290783184195438,0.033506841300209,8.94948602346884e-05,5.97717837059802e-05,7.39173292763355e-09,9.81757693637417e-06,0.000261661007672035,-369.346065064021,0.225227921032255,0.163778020759243,0.935,0.76212352336622
"constant",200,"stan",200,311.429,7010.12317903097,5328.58688980186,204.918161223341,117.134873792055,7908.85126845738,1728.47036580054,4217.40584852601,339.006645496187,22.5095388644955,17.1101178432383,0.657993190176062,0.376120636780952,25.3953590335434,13.5421102354823,0.0109477438273943,0.00957295513949583,4.11022968608157e-05,0.00132349102018504,0.0231351775361675,6.77397786290005e-05,5.27610758791329e-05,2.67860891077355e-09,1.07732117773472e-05,0.000165921098734817,-396.096966392155,0.179123697658468,0.114467223467172,0.92,0.680585075327855
"constant",200,"stan",20,308.56,8561.19001395515,5741.56633842424,196.450811376547,131.563790786069,7382.48631616769,1008.94416095903,4280.40517086533,529.609454822528,27.7456248831837,18.6076171196015,0.636669728339858,0.426379928655914,23.9256103064807,13.8721972091824,0.0107456951445808,0.00939033870030844,4.15663392764664e-05,0.0017655008288316,0.0235925639626421,6.04613596861154e-05,4.96480244963029e-05,1.55619509432546e-09,1.05998835860014e-05,0.000139921064465004,-394.697155208912,0.203535489655872,0.145558942827772,0.905,0.67479733471208
"constant",200,"stan",21,305.9,5700.27183561254,2716.0146753375,197.719612609693,137.092507187252,7719.80159259161,1031.78426174855,3633.01577723804,335.392847677369,18.6344290147517,8.87876650976627,0.646353751584482,0.448161187274443,25.2363569551867,11.8764817824062,0.0111011469808409,0.00976178615019109,4.12151845187693e-05,0.00151135085406118,0.0236231014365049,8.15899612545851e-05,6.25178459285178e-05,3.88105261571635e-09,1.05853199821459e-05,0.000204853351887451,-395.202176778752,0.195358353280487,0.129321475603873,0.925,0.684154815438551
"constant",200,"stan",22,317.092,9459.97265538724,9052.03404006233,204.214093314717,133.616428710573,8066.61878127566,1459.15755245632,4680.83110953485,379.556478000763,29.8335267221729,28.5470274874873,0.64402158778751,0.421380636252484,25.4393639110279,14.7617445710861,0.00827091095044755,0.00701909522367792,2.78801567814322e-05,0.00133582572092419,0.0187388610271157,7.20000431493705e-05,5.8626901353538e-05,2.40434965123624e-09,1.19021383685689e-05,0.000173280913617139,-401.32470500906,0.228194708264045,0.150985754252999,0.89,0.637546914645255
"constant",200,"stan",23,386.52,7360.59164357741,6322.83034351761,162.957242118243,125.890482747443,8022.77614603923,1263.37980519664,3430.83448530831,332.059698870368,19.0432361677983,16.3583523323958,0.421601061053096,0.325702376972584,20.7564321278051,8.87621464687032,0.0106425142630061,0.00913196882177278,4.23890403331815e-05,0.00166312641834501,0.0235505654597505,8.12483973193522e-05,6.21162829099082e-05,4.58814219297645e-09,1.09613113054874e-05,0.000196078738720721,-400.37349616441,0.220569234935906,0.164795838922835,0.92,0.695084182364879
"constant",200,"stan",24,317.534,8066.18881526224,5804.55171797241,201.298637932979,138.469370314629,8228.786758027,739.998551454014,3847.44261183908,429.571901886258,25.4025988248888,18.28009510154,0.633943571186013,0.436077302949065,25.914663494388,12.1166319570159,0.0130606538855012,0.011847172917231,5.1716159824623e-05,0.00207058128137382,0.0267970990634095,6.34725381027858e-05,4.90690579622793e-05,2.19184702873119e-09,1.02024761043035e-05,0.000158380515068413,-397.340335231471,0.197500722955677,0.149002871722978,0.94,0.706674321401088
"constant",200,"stan",25,349.763,8229.2672145805,7845.65792784841,164.460827758001,143.153709911262,8065.56240412552,1686.88420667695,3787.17991865332,257.984417493547,23.5281239427284,22.4313547397764,0.470206476265359,0.409287746020197,23.0600789795534,10.8278460519075,0.0100658090403102,0.00867272412166102,4.00072614454595e-05,0.00137703893712793,0.0221904204011565,0.000112826551592997,9.28357793139166e-05,6.51196348823977e-09,1.05688801057867e-05,0.000267875432677555,-403.840685085115,0.225077570375067,0.178577632838761,0.91,0.677672270662214
"constant",200,"stan",26,269.986,8252.47193380969,4159.01306767232,194.817467242958,151.461707846332,8427.29807786831,923.739981965256,2576.43382295441,490.351115644796,30.5662957850025,15.4045508569789,0.721583590419348,0.560998377124487,31.2138335982914,9.54284230646926,0.0188026824603554,0.0170929381318298,9.74864040223867e-05,0.0026786991285955,0.0374991017839737,5.83587839326636e-05,4.63216307537899e-05,1.7614106526626e-09,1.0163885929855e-05,0.000138641722825846,-385.547635503815,0.187630271036676,0.141502809132746,0.955,0.768706250166475
"constant",200,"stan",27,393.757,7338.60213030108,5019.31849624073,144.314016176274,118.055571470821,7843.82029448447,1209.82226397582,2924.05562759779,298.346847100571,18.637388364654,12.7472489282495,0.366505271465077,0.299818343472804,19.920459304811,7.42604100396385,0.0130165000645935,0.011617068530062,6.10708303620955e-05,0.00136030318590562,0.0279271893387375,7.33362059632245e-05,5.71200542324198e-05,3.33151418020808e-09,1.27117798243243e-05,0.000171676786161743,-387.54505749776,0.189694099799836,0.131996285983462,0.93,0.708837200654079
"constant",200,"stan",28,237.583,8722.25014619524,7069.03620979097,223.569989579237,118.040231142431,8560.95059248575,877.42448316656,3706.02770897348,326.405296943111,36.7124337439768,29.7539647609087,0.941018463354855,0.496837867786967,36.0335149925952,15.5988757990828,0.0207977080479525,0.019207216149186,0.00010185122473722,0.00367172583248078,0.041002524315137,6.24797939852854e-05,4.83223130786287e-05,2.09642508489174e-09,1.06472109289391e-05,0.000154531663026106,-377.698311174751,0.183977558454923,0.138100546043519,0.95,0.798327584263622
"constant",200,"stan",29,256.804,9477.57276091577,6442.39987264326,142.22418582097,113.169212244406,7997.11140562793,862.630331949035,3174.36135538929,240.621960684013,36.9058611272246,25.0868361577049,0.553823872762768,0.440683214608829,31.1409144936525,12.3610276918946,0.0131266374942713,0.011414918587828,6.04431405672313e-05,0.0013429676214407,0.0284008954437497,8.12188092656514e-05,6.37121192468322e-05,3.48209310417362e-09,1.28298999897304e-05,0.0002032914319868,-398.415565488334,0.172804089905471,0.123222543694526,0.945,0.701531418426933
"constant",200,"stan",2,313.456,6571.32560798512,4289.37044409236,135.926604003504,218.458177894367,7786.93226204313,1139.70310727154,4377.29348795986,691.452805575197,20.9641085446925,13.6841229521603,0.433638545771988,0.696934108437442,24.8421860230563,13.9646186002497,0.00803160655440321,0.00658197218340195,3.00298164433771e-05,0.00132512346753056,0.0183211438636228,6.33516672919424e-05,5.30639695593945e-05,1.65326106416489e-09,1.29767108216138e-05,0.000142772816186646,-401.813703799772,0.250492859418426,0.1783743833887,0.85,0.623291268315857
"constant",200,"stan",30,266.6,8650.94566622513,6091.26871603179,239.259276683348,128.36431866595,8042.40586059055,1558.02618107419,3841.98509345652,595.788418766468,32.4491585379787,22.8479696775386,0.89744664922486,0.481486566638973,30.1665636181191,14.4110468621775,0.0122536979684494,0.0108634007092596,4.32595000763166e-05,0.00216935940465698,0.0255159741167745,6.78468838818494e-05,5.31423566580973e-05,2.64803763503602e-09,1.05860142394942e-05,0.000165058023469856,-390.71411198968,0.213147867388046,0.138189098085535,0.915,0.694831647189082
"constant",200,"stan",31,283.428,7722.7896209035,6248.23928464383,169.914775213342,112.994438137984,7668.42395062963,1479.57949094728,4195.14564122649,288.038620204682,27.2478005733502,22.0452435350206,0.599498903472281,0.398670696395499,27.0559858257816,14.8014509548333,0.00764746516519233,0.00644690834672668,2.32956336275247e-05,0.00133735687600851,0.0168717156819541,8.48540532736964e-05,7.12062926063408e-05,3.03397748869367e-09,1.50776750091122e-05,0.000193308501558781,-382.526267881214,0.218174657329052,0.158744194374125,0.89,0.656566137158567
"constant",200,"stan",32,272.932,8296.23891760913,4182.84633288827,222.019152473964,133.916156852835,8385.04378401415,883.165258342573,2746.72276034388,415.134492869534,30.3967248897496,15.3255988044212,0.813459588739922,0.490657588164214,30.7220984861217,10.0637622570599,0.0186287712945376,0.0171136019474665,9.20560480609173e-05,0.0024426619516146,0.0368886799828109,5.67311347357671e-05,4.42653042975504e-05,1.85124574954858e-09,1.0475665335172e-05,0.000139250876780337,-394.102683353755,0.20357040712105,0.15478194887598,0.955,0.759536972122737
"constant",200,"stan",33,421.081,4535.20843002522,1693.56074769554,127.819511225265,138.699600550447,9367.32981847471,595.692372998666,2045.65985459154,471.262198138032,10.7703943659895,4.02193579785252,0.303550887418966,0.32938935869927,22.2459095007248,4.85811483916762,0.025757095122655,0.0240084808783959,0.000155243518615192,0.00501203660092697,0.0514893953872173,5.22541353935571e-05,4.06278457689245e-05,1.66883330080628e-09,1.04772193726053e-05,0.000125752855485233,-395.645006419431,0.163286893723837,0.111481895035494,0.965,0.818941462160366
"constant",200,"stan",34,374.18,8490.287106596,3118.48575416082,52.3950108485451,84.8470440543855,8119.32702700696,977.781835878245,2798.5501534562,106.845466026585,22.6903819193864,8.33418609802989,0.140026219596304,0.226754620916098,21.6989871906755,7.47915482777326,0.0150330466592184,0.0132526064914395,8.21630522385051e-05,0.0018496950614821,0.0329045277245523,8.91771615130784e-05,6.73074904155652e-05,4.97587703239306e-09,1.12059527900833e-05,0.000230222274171467,-386.134026201597,0.201741276258675,0.147721862738618,0.945,0.743125797956198
"constant",200,"stan",35,201.569,9272.30117830432,4693.20585959989,167.974177269054,132.939179092441,7959.36733407385,1839.12775692231,4002.54472967744,250.414608245445,46.0006309417833,23.283371250539,0.833333385932628,0.659521945797425,39.4870606793398,19.856945907741,0.0109920446474902,0.00972954586738535,3.73410812936448e-05,0.00175263776890125,0.0226308324445902,9.37141497823648e-05,6.9766980817674e-05,5.8210080728998e-09,1.51563253561516e-05,0.000240035703798113,-386.669410973375,0.206629859402044,0.152154987046504,0.91,0.689083622876712
"constant",200,"stan",36,338.013,4962.76985199037,2490.01972619004,140.560178435013,126.139924748941,7933.88336412608,1304.73515752471,3281.03300007213,306.79966608175,14.6821863419169,7.36663893456774,0.415842522136761,0.373180690532439,23.4721249304792,9.70682488564681,0.013102321498347,0.0116242670274333,5.49216747346808e-05,0.002798614503335,0.0275541971214082,7.77836672621798e-05,5.80655491905434e-05,4.76521353586834e-09,1.02792093728965e-05,0.00019508558545665,-385.008439730167,0.22593112555774,0.166361505169101,0.925,0.719371803885933
"constant",200,"stan",37,287.582,8523.88196501475,6880.3601633563,144.324123557403,136.15232535,7563.77618826309,784.13472280483,3573.79772069998,281.086428240163,29.6398313003413,23.924863737495,0.501853814068346,0.473438272736124,26.301285157844,12.4270563550569,0.012972853304942,0.0115976887739778,5.59739996151765e-05,0.00177646428292928,0.0277942699142298,6.42847003760742e-05,5.04135765810847e-05,2.09429210748328e-09,1.14733306796952e-05,0.000156530632756822,-376.780061951981,0.222700675410748,0.172788022009575,0.91,0.729643656258648
"constant",200,"stan",38,362.891,9164.81370507536,5022.84688598166,229.242971461007,147.111674862045,7991.50198753614,1035.35745927789,2873.86786873787,453.907923219492,25.2550041336803,13.8411999360184,0.631713025291361,0.405388050026165,22.0217695879372,7.91936936638788,0.0171730939985651,0.0153581623280254,9.26762648703678e-05,0.002277827630057,0.0358036055767816,7.30580195283367e-05,5.68752276753167e-05,3.1284459456483e-09,1.10949654543079e-05,0.000171178368522383,-393.454202884543,0.201808610674257,0.160032050178912,0.95,0.757870776671827
"constant",200,"stan",39,287.912,8586.58775089844,4198.03217026176,138.957971235004,68.02179264046,8207.22124651079,675.107469930044,2363.68500871805,390.347695768985,29.8236535847705,14.5809558832621,0.482640429141557,0.236258970242505,28.506006163379,8.20974814776061,0.0247253299670188,0.0229720522051883,0.000146910136115716,0.00465070619040174,0.0483701922651053,6.13657891061722e-05,4.52099815736911e-05,3.01293737449138e-09,9.66471679691975e-06,0.000156618479421067,-387.101438261003,0.188011845719073,0.142574688299127,0.97,0.829137432370866
"constant",200,"stan",3,241.749,8079.58616010259,5885.23110618434,161.244548843176,127.526637655802,8113.0025236522,1039.68404590654,3141.76983710999,283.666338800968,33.4213839978763,24.3443865587214,0.666991585666024,0.527516712192407,33.5596115129833,12.9959993096558,0.0154804349825419,0.013709494324428,7.68036337869954e-05,0.00220723141610783,0.0327393355557755,6.51912107965521e-05,4.76496717832997e-05,3.25098009127415e-09,7.93443849381962e-06,0.000166090183801714,-389.047901960846,0.221194994878543,0.167962060424118,0.905,0.735064951743147
"constant",200,"stan",40,353.003,6085.41318238834,4895.87370366707,234.941782939144,136.570631860552,8541.10539874509,1191.38076110517,4711.32291884517,464.405934348527,17.2389843213467,13.8692127366257,0.665551802503503,0.38688235471243,24.1955603741189,13.3464104238354,0.00973943848339208,0.00851806582113141,2.92855064725276e-05,0.00179095443637627,0.0204530712566241,6.12295804368007e-05,4.82528654994863e-05,2.61026084416888e-09,9.69831195885484e-06,0.000140911202189649,-388.387187823425,0.256561440345663,0.193992617123926,0.83,0.664005192277752
"constant",200,"stan",41,350.841,8098.7254279282,5617.6465006439,160.04569102307,91.6833842807741,7920.97379057205,800.031314348265,3036.59139169677,262.737915169546,23.0837485582592,16.0119441588751,0.456177274101573,0.261324600832782,22.5771041314215,8.65517824797209,0.0143910043344515,0.0127246589905582,6.88884589332195e-05,0.00173014032079799,0.0302386200568008,6.74910909939287e-05,5.2918708895976e-05,2.51700731624777e-09,1.15112817475296e-05,0.000167524939756669,-386.42711870133,0.192057357135643,0.145682702160726,0.945,0.727824597860893
"constant",200,"stan",42,255.471,6746.63720610324,5514.74120167343,84.4689429581531,130.40490388217,7277.98783029693,556.406843872422,3210.57799074065,225.630003251457,26.4086225289886,21.5865644306925,0.330640045085952,0.510448950691743,28.488508794724,12.5672894016959,0.00872554103785899,0.00745874556393126,2.96798589866785e-05,0.00127249390491209,0.0194597207490887,7.41544158416142e-05,6.00100804985824e-05,2.5878819641853e-09,7.13286353752864e-06,0.000175841203119513,-373.924850424421,0.206015896740712,0.151584665317489,0.885,0.660735326299245
"constant",200,"stan",43,312.77,7971.85315572871,6396.77505811549,183.260354794298,144.699809808216,8163.74836775913,1154.27670590902,3972.90669977481,372.150163047238,25.4879085453487,20.4520096496323,0.585926894504902,0.462639670710797,26.1014431299649,12.7023266290719,0.00920165890284605,0.0079432037191683,3.15383224565233e-05,0.00134407171136401,0.0201390716237588,7.20184716970721e-05,5.61996023876568e-05,3.16827531607172e-09,1.11128635397172e-05,0.000172537680064378,-396.618456941988,0.216510605587195,0.155738438493131,0.905,0.658817769664667
"constant",200,"stan",44,318.988,7089.43449592265,5248.20481332475,181.210528309314,120.890174846754,7247.94785183385,895.40977215676,2900.52502044908,293.005984305027,22.2247686305524,16.4526716156243,0.568079452234298,0.378980321663367,22.7216943955066,9.09289697558866,0.0145518932096947,0.0131545573251894,7.27458683791997e-05,0.00189801684954728,0.0308458412253919,7.21104623154993e-05,5.55439975071914e-05,3.95016697827437e-09,1.39639017846365e-05,0.000180317141350215,-389.683317806596,0.19772995710189,0.150958598073365,0.935,0.735498400980158
"constant",200,"stan",45,346.221,9185.77766189026,4868.545530157,156.629744690398,138.775044286378,7169.93269527373,583.418550780517,2918.2141147511,374.689165825049,26.5315439037212,14.0619590670612,0.452398163861806,0.400827922876943,20.7091213279198,8.42876115183972,0.0166611490074805,0.0147180675241882,0.000103548143327426,0.00197124046544764,0.0362785197809757,6.71033396423145e-05,5.05565233124455e-05,2.88626257827953e-09,1.05908807022065e-05,0.000172684982552721,-395.28789998243,0.215600236585434,0.154986201270708,0.955,0.75288953375832
"constant",200,"stan",46,388.486,4707.68286536558,2085.69157640704,265.381972354638,145.455740740913,8864.83699600893,1739.84865139058,2697.19937540944,438.189037367273,12.1180244986063,5.36876895539876,0.683118496817486,0.374416943573033,22.818935549824,6.94284832763457,0.0192477466198132,0.0179170652312883,8.36065662704328e-05,0.00325999951747684,0.0369503942219494,6.84858567393782e-05,4.88680138169738e-05,4.84164091017704e-09,8.39926986987891e-06,0.00018669632149752,-389.582569231753,0.190950663381854,0.13614434362589,0.955,0.762305920488738
"constant",200,"stan",47,334.291,8343.00413061005,4187.9929656135,186.294740508606,167.434707462928,7902.44491828562,1294.02310090573,3931.89552546957,441.305077209426,24.957310040085,12.5279859930824,0.557283147044361,0.500865136850611,23.6394187049176,11.7618946530704,0.0105107323884561,0.00897075280080599,4.29727692828866e-05,0.00192367120616869,0.0234726168839586,6.43058027158506e-05,5.30172466847652e-05,1.87336303777523e-09,1.36992709566829e-05,0.000146820650145311,-414.863305054157,0.267317090958768,0.193869051623032,0.805,0.668768989119634
"constant",200,"stan",48,353.971,9168.7125168015,7712.25664269447,228.56046734276,200.603510822204,8594.16814230351,1517.00572227229,4791.54970749828,529.581635078538,25.9024397953547,21.7878205917843,0.6457039343414,0.566723010704843,24.2793001186637,13.5365600783632,0.00745406595046038,0.0063444943659808,2.14447559733468e-05,0.00122986539133316,0.0168000525880398,6.77041898981762e-05,5.50551678556373e-05,2.12774139090805e-09,1.31079782768007e-05,0.00015369417554502,-400.314441064121,0.209835473042411,0.143629848625709,0.89,0.627299045552741
"constant",200,"stan",49,230.713,9282.68969434151,2480.57133042841,186.482072029239,144.700677197633,8382.5902434254,1330.27561403248,2429.97048340694,340.031466273426,40.2347925532653,10.7517622779315,0.808285931131923,0.627189092932055,36.333410962648,10.5324384989443,0.0162491248274681,0.0144643404966798,8.06309758352506e-05,0.00281148891336462,0.0341480802853726,7.21930899391577e-05,5.67061495131883e-05,3.04787903025131e-09,9.04873804758463e-06,0.000175444299808972,-383.184016373695,0.227478758207033,0.166172708870352,0.9,0.740839136251922
"constant",200,"stan",4,259.209,8305.91152874591,6272.0644645471,168.88373143032,115.104909341843,7905.13194776687,1497.53120532563,3993.85017375064,293.810185919621,32.0432991475833,24.1969393985051,0.651534983084385,0.444062163512234,30.4971353146182,15.4078375895538,0.00913249412647847,0.00796674679689619,2.71838486782788e-05,0.00161737932768871,0.0196649954211349,7.32054563329314e-05,5.91291937587388e-05,3.08299361563185e-09,1.10822550960601e-05,0.000173169352619233,-392.134614815532,0.211921693498463,0.16038999936264,0.885,0.656444224688817
"constant",200,"stan",50,254.805,5797.75221277773,3297.57851403116,265.365860390182,197.602286911538,8235.45133607106,1500.71439627949,3705.78276709926,557.747488514368,22.7536830626469,12.9415769471995,1.04144683342235,0.775503961506008,32.3206033479369,14.5436030183837,0.0106375418911153,0.00940459781817335,3.55191099039419e-05,0.00183048121786874,0.0220278156751831,6.15823018201394e-05,4.98016773945381e-05,2.14450813969126e-09,1.11729937268371e-05,0.000139472699562935,-396.823199619556,0.196937078317278,0.135823740695539,0.92,0.667944108745662
"constant",200,"stan",51,370.181,6645.07849508714,3455.89957752692,138.224063655366,146.330558424796,7661.01242895676,606.773554883326,2803.61437121898,411.412198492481,17.9508902269083,9.3357022038595,0.37339588918763,0.39529462188712,20.69531507278,7.57363119992377,0.016191022264406,0.0141095042077674,9.54229946631549e-05,0.00125915031892822,0.0352222444573127,6.25222239663305e-05,4.87583079023721e-05,1.98363671368849e-09,1.18795279792876e-05,0.000150297887650466,-390.466002471857,0.217810248428813,0.177735490680339,0.94,0.761455822996658
"constant",200,"stan",52,241.176,7254.28425122386,3135.09156599186,223.117207212064,165.587798932021,9043.2431810167,1571.74196543394,2341.68137777887,540.811246862037,30.0787982685834,12.999185515938,0.925121932580621,0.686584896225252,37.4964473289909,9.70942953601879,0.0303447396216695,0.0288292099539433,0.000161746837695525,0.00715891926956998,0.0562769575140932,5.74691958651638e-05,4.47646915145308e-05,1.97914410770389e-09,8.51221535349214e-06,0.000137992233245508,-384.424350693635,0.211639098594539,0.162830697903124,0.96,0.86985049539675
"constant",200,"stan",53,278.06,8730.16813020772,4892.36167158268,204.400317826295,98.3290016402259,8273.2442424512,880.257936058611,2725.12952222184,359.534900117776,31.3967062152331,17.5946258778058,0.73509428837767,0.353625122780069,29.7534497678602,9.80050896289231,0.0230962242187594,0.0211005874238465,0.000135982459432091,0.00385698840493792,0.0460356610128031,6.5209646863674e-05,4.95468456053504e-05,3.26560286171571e-09,1.18717494854368e-05,0.000161732851426525,-387.859141957513,0.174005427019295,0.116633855153675,0.96,0.809672735210519
"constant",200,"stan",54,326.74,6963.12448262831,5816.53671113529,196.391636664927,178.883599274064,7738.02735910444,1113.41416480484,3590.39207251573,527.251657808709,21.310903111429,17.8017283195669,0.60106395502518,0.547479951258077,23.6825223697877,10.9885293276481,0.014242624294478,0.0127891750266944,6.16518524422924e-05,0.00229332448638917,0.0297860657372963,6.28929172445112e-05,5.04398871837172e-05,1.93607463007531e-09,9.75771712347445e-06,0.00015047660876521,-390.450252162679,0.188661639531101,0.126398728769546,0.935,0.714602840840424
"constant",200,"stan",55,380.704,6563.42150149276,4697.27157067211,213.688419071529,173.6629760924,8579.14827197493,1069.99988228972,3221.26886936553,441.433332203815,17.2402220662057,12.3383824984032,0.561298066402057,0.456162730342733,22.534957005902,8.46134758070714,0.0165423401517329,0.0150912717321727,7.12244868978474e-05,0.00272650691799358,0.0330550200267678,6.64810737053178e-05,5.24864991712507e-05,2.39770814252172e-09,1.23568970344467e-05,0.000158101186907832,-386.397678722319,0.184152907262548,0.129482256453709,0.95,0.742022010548946
"constant",200,"stan",56,376.124,8764.24067730252,6185.5277893272,183.281395675593,128.046133385571,8041.74074175814,1094.24510087651,3726.59623653607,370.20386924083,23.3014662114157,16.4454482812243,0.487289818452408,0.340435955657099,21.3805573208786,9.90789270702234,0.0121524147417785,0.010429365309555,5.58921524399378e-05,0.00175308829016858,0.027159620010206,6.88813659053758e-05,5.50440619048105e-05,2.29393869036257e-09,1.25834858891019e-05,0.000165769330390336,-408.853119155729,0.197152806735569,0.12393940534236,0.925,0.695918903367136
"constant",200,"stan",57,313.445,7759.80878817943,5733.77339710965,123.456052037067,179.637394557831,7430.77843130236,769.758475698815,3586.96416138575,452.584167967193,24.7565243924115,18.2927575718536,0.393868308752947,0.573106588262154,23.7068016120926,11.4436796292356,0.0142556245291012,0.0122095266964068,8.13799364954075e-05,0.0017919068390967,0.0313407022331103,5.61260137478628e-05,4.55556329345641e-05,1.60246093675217e-09,1.08356543737761e-05,0.000130350574494385,-397.20793228376,0.205260591918613,0.153869340853676,0.94,0.730421793881914
"constant",200,"stan",58,336.029,8991.76974915568,7724.86136430787,147.99353646054,154.088709243188,8425.50932098466,1523.49824290532,4302.85658800893,346.376961550527,26.7589099427599,22.9886746807802,0.440418941402497,0.458557771035201,25.0737564941855,12.8050156028466,0.00877295470336018,0.00758976756544346,2.73071024261052e-05,0.0013390994454087,0.0191372720999398,6.72623382252994e-05,5.5497266996361e-05,1.9002044555211e-09,1.13482283968805e-05,0.000159184658370052,-384.116550514127,0.204753130689538,0.131323010087412,0.89,0.65389288834115
"constant",200,"stan",59,348.559,8300.07326554357,2312.89110995328,126.693721889938,130.563486894085,7836.44161213189,574.27379164227,2928.19172021085,370.854506496605,23.8125346513605,6.63557994472467,0.36347855568193,0.374580736386337,22.4823964153325,8.4008495554866,0.0152468185069694,0.0137873769687907,7.69337984783971e-05,0.00152980952919594,0.0318628985230009,6.27938345870527e-05,5.1521708603998e-05,1.6434859729279e-09,1.1604736520418e-05,0.000144741483968862,-394.507912676435,0.209579364471752,0.156665190120204,0.915,0.727990432215205
"constant",200,"stan",5,275.434,7430.23417440724,2835.96164611494,198.911636323238,176.869797972062,7693.46210198643,903.872200095634,2679.96829730837,451.466128440809,26.9764596034158,10.2963383101394,0.722175317220235,0.642149473093599,27.9321438238795,9.72998357976275,0.0172806370792939,0.0158876510087895,8.46122626244522e-05,0.00183325620635494,0.0349245508763005,5.79861864485098e-05,4.39457948321259e-05,2.12542967605147e-09,1.04784685262794e-05,0.000151244684752462,-394.385604513105,0.186469475835383,0.130477293400819,0.95,0.743877969122316
"constant",200,"stan",60,328.94,9101.33464816975,7784.38250469198,139.288735661418,119.735734367839,8038.47699548871,1780.92831893364,3999.94282799303,317.633676115509,27.6686771088033,23.6650529114488,0.423447241628922,0.364004786185443,24.4375174666769,12.1600985833071,0.00832585671819421,0.00687686492276779,3.09744089162481e-05,0.00118936039590689,0.0189000687531153,6.59272425701089e-05,5.46269600328297e-05,1.84595307915833e-09,1.00408733747031e-05,0.000148996093320379,-389.146866866186,0.200461507143083,0.140997553870354,0.885,0.649145399297034
"constant",200,"stan",61,356.396,6792.20797668667,4757.67681336801,189.665580302101,172.471740970049,8104.74915014829,903.046940939677,4820.59311638066,477.515060284548,19.0580365006528,13.34941136648,0.532176512368549,0.483932875144639,22.7408532928212,13.5259461845269,0.0101424673554592,0.00853603919570001,4.17208988696521e-05,0.00182902366152406,0.0232757763206945,6.6666063236217e-05,5.1263192074003e-05,2.69831550723953e-09,1.22106157673743e-05,0.000163722995486004,-388.081656652778,0.22578817471895,0.155269943987596,0.865,0.685675937113249
"constant",200,"stan",62,278.578,8299.65345190669,2240.80178682668,146.110853578938,144.274251842221,7563.44328353091,626.355624699718,2641.85428798018,316.226642976152,29.7929249686145,8.0437141009939,0.524488127486513,0.517895353697064,27.1501815776225,9.48335578538212,0.0196780169610065,0.0181872716219088,0.000111108031970129,0.00231762422408537,0.0400411517647536,6.91561823312978e-05,5.14937306033601e-05,2.96337516613841e-09,1.06075495805209e-05,0.000177529712588833,-383.17705411655,0.184846225090567,0.132282849430863,0.96,0.785990495601449
"constant",200,"stan",63,235.113,8992.02067583733,7280.41580581809,197.60733627396,237.916651968923,8659.0635518266,1233.47398461472,4268.21385622536,596.390878445586,38.2455273669994,30.9656029475958,0.840478137210447,1.01192469990568,36.8293695024376,18.1538828402741,0.00808358151286518,0.00699650148385863,2.38286484579735e-05,0.00133824375072611,0.0176198257181507,6.38945691293753e-05,5.16936790223581e-05,1.92462728771552e-09,1.18394244766076e-05,0.000148192572806242,-392.888055153859,0.227437893844601,0.180968532556113,0.88,0.65154073813455
"constant",200,"stan",64,302.421,8683.24093298264,4767.20000852323,189.296497646638,92.9740946342231,8865.12389594328,1311.93858865337,2542.52589539997,215.316578185312,28.7124271561255,15.7634556083183,0.625937013787529,0.307432667156788,29.3138502152406,8.40723989207087,0.0181974619143872,0.0168674126461245,7.87491825864051e-05,0.00222474873763656,0.0348007893113315,8.72157487069044e-05,6.69523689061139e-05,4.8815763904137e-09,8.69100626662851e-06,0.000220277116879142,-377.905074207972,0.198836013716312,0.143045016504913,0.935,0.771846387539245
"constant",200,"stan",65,351.778,8254.44637529015,7203.70955592162,146.345703247305,159.902816192278,8028.78392661989,907.852726888577,3956.92721448622,350.937579558075,23.4649306531112,20.477999067371,0.416017213263208,0.454556044415166,22.8234395744472,11.2483646347589,0.0085076599193435,0.00681734545330372,3.36523751334049e-05,0.0014351373231935,0.0205051991062314,7.21097597956078e-05,5.9178176921656e-05,2.6395383870284e-09,9.85907120425316e-06,0.000166184176980632,-394.983089581778,0.206456092209012,0.157260103309881,0.88,0.655068699071869
"constant",200,"stan",66,274.001,9121.44032106193,4094.41558904621,308.464089334594,177.969127962152,8634.09448590975,1743.13410199361,2606.6612564831,768.126047388236,33.2898066834133,14.9430680510152,1.12577723926042,0.649519994314445,31.5111787398942,9.51332752976487,0.0248826297820839,0.0232550051818792,0.00012740158592252,0.00604178275786603,0.0479096891383304,5.05469038015515e-05,3.95669921682806e-05,1.30724442623841e-09,1.03689256644484e-05,0.000125777495413409,-386.790032193935,0.202569925619246,0.148318940230889,0.95,0.818552445228614
"constant",200,"stan",67,250.028,7894.02048679834,3635.59614861755,253.760648635433,162.530874518346,9752.03502957676,1684.01168098016,2641.37335531849,567.410707741836,31.5725458220613,14.5407560297949,1.01492892250241,0.650050692395835,39.0037716958771,10.5643102185295,0.0268263628585151,0.0251251682239544,0.000122052849682951,0.00727419760758706,0.0489889894607983,5.41410063333473e-05,4.25801886750327e-05,2.14705127800275e-09,1.08856818080082e-05,0.000123718025931091,-392.867136121896,0.179811777141772,0.136497235329565,0.965,0.826674244168321
"constant",200,"stan",68,283.264,7018.60584486875,6798.39326231374,205.028694239438,168.85370041147,7959.78854105416,1558.56372988936,4642.21862741236,491.140832285404,24.7776132684307,24.0002021517515,0.723807805578675,0.596100105948763,28.1002476172551,16.3883113541161,0.00844914570837479,0.00733868016821227,2.61149173903221e-05,0.00143777910642012,0.0181443487183177,6.50882324904851e-05,5.16678916859653e-05,2.41354903292677e-09,1.08176978723505e-05,0.000157162248005936,-394.533258479213,0.216189222166665,0.145762915266399,0.88,0.653535478620973
"constant",200,"stan",69,279.063,8039.24851596009,6097.08269018984,184.629345198177,170.141570527833,7196.67357161106,1144.29533668971,3720.92223744038,595.957552032274,28.8080057763304,21.8484094637764,0.661604530870008,0.60968874601016,25.7887056743856,13.333628024641,0.00974169672292268,0.0082471088850096,3.76861058399189e-05,0.00138280841442816,0.0219843496341005,6.14727055458928e-05,4.87463568741074e-05,2.28169785701423e-09,1.19494901886792e-05,0.000145003637717406,-392.142869813447,0.231079888259022,0.18039428195645,0.905,0.674220284752962
"constant",200,"stan",6,234.425,8836.51306368273,8229.9058364032,191.402824042941,140.694404971623,7889.04501710575,1225.29614419363,3563.83354313237,272.047478131979,37.6944142633368,35.1067754565563,0.816477867304857,0.600168092019295,33.6527461538051,15.2024465954244,0.0118072167511327,0.0102602120026072,5.15234931200099e-05,0.00141360100133012,0.0256489252339447,7.77374151043872e-05,6.1140522801747e-05,3.17136552624073e-09,1.05194366225139e-05,0.000189598349202825,-399.436213865357,0.205445471862551,0.157584189676818,0.91,0.700166342298209
"constant",200,"stan",70,264.215,7593.25919077742,4891.3259777366,176.704430976799,163.663158374491,7721.36665789656,2566.74456342454,3672.46467647031,430.524807978812,28.7389406005617,18.512673306726,0.668790307048421,0.619431744505389,29.2238012902241,13.8995313531416,0.00744779217747072,0.00612346437998105,2.3634620853311e-05,0.00120917537449546,0.0174257587866201,9.09353930402188e-05,7.49455544649425e-05,4.23272193877858e-09,9.98753229191005e-06,0.000206304766938463,-392.41034734804,0.227007219764096,0.169354632406476,0.88,0.652908046540626
"constant",200,"stan",71,395.372,7211.99428716916,3761.80846235555,233.041763139576,210.219653619131,8346.32561062399,1040.05443632094,2635.27458451113,701.399996173893,18.2410344869368,9.51460513732776,0.589424044038466,0.531700913618393,21.1100573905688,6.66530402889211,0.0206757203654149,0.0190554579503195,0.000105251759838839,0.00397804640870795,0.0406303939473134,5.39865932755673e-05,4.44226080730592e-05,1.31172445296402e-09,9.19676492479516e-06,0.000123418070579956,-392.660354027308,0.235442429086828,0.187466667145611,0.93,0.784978901809285
"constant",200,"stan",72,362.582,8304.73703642422,5196.49895188046,173.860870637691,159.886770846279,8119.40784264539,846.937268273663,3119.88517628251,439.298439609565,22.9044382689274,14.3319275415781,0.479507726907818,0.440967204235949,22.3933009433601,8.604633369231,0.0198868120884928,0.0179020689874545,0.000118428276611899,0.00347563544276401,0.0405102226676122,6.35341079297427e-05,5.19317727727844e-05,1.94590940375435e-09,1.22151610126868e-05,0.000150284315806109,-392.197575969545,0.158413366361981,0.108581772635629,0.96,0.785193655801018
"constant",200,"stan",73,299.792,5655.3198551974,5718.23580392374,139.181773512887,122.795310352749,6693.65912888541,795.046454285702,3870.62785317572,315.902353041531,18.8641453247498,19.0740106604704,0.464261132761672,0.409601691682063,22.3276776194342,12.9110445014401,0.0122708717015562,0.0104456826411791,6.10455877908452e-05,0.00158849379600081,0.027812323300838,6.29574315087456e-05,5.18975588984054e-05,1.67940912350664e-09,1.00298787984713e-05,0.000143550498098366,-395.35115120925,0.222645773548723,0.161740160550886,0.92,0.69755967125102
"constant",200,"stan",74,342.197,8143.10090443235,4488.65132602859,189.010704674815,128.393431688284,8013.7233573179,899.726879028167,2932.54230514519,421.550121749944,23.7965292052015,13.1171556911036,0.552344715689545,0.375203265044065,23.4184500662423,8.56974872703497,0.0205250005502175,0.0185993239633294,0.000120706990905837,0.00311061767370924,0.0421566419359783,6.40608235723579e-05,4.96452159497208e-05,2.77854703172666e-09,9.95478609034879e-06,0.000155935985999031,-402.37974494951,0.16888926081725,0.115715338326488,0.955,0.789799457906331
"constant",200,"stan",75,320.886,7599.99815693285,4405.95266307583,154.989450554973,126.503459543383,7429.86860128938,791.548357720223,2805.04213976158,252.626500202578,23.6844180080553,13.7305855134716,0.483004713683279,0.394231781827138,23.1542311016666,8.74155351047282,0.0152289711811259,0.0138368555372652,7.43782249603169e-05,0.00172445898316917,0.0317893535375047,6.92353977706862e-05,4.74806429849084e-05,5.27717130950315e-09,9.79270389087574e-06,0.000197961485918156,-394.211290032674,0.174614317665178,0.125394608486178,0.94,0.735496439617113
"constant",200,"stan",76,262.473,7819.65354245593,4117.45398561737,139.995186987381,133.250650829195,7238.91786726005,518.661621571765,2331.01818553957,253.425226797268,29.7922206949131,15.6871525285167,0.533369858946943,0.507673744839261,27.5796667362359,8.88098275075748,0.0187892046884431,0.0156950376590831,0.000162055670441276,0.00219723688462166,0.0436910092295728,7.02582172638871e-05,5.17188478798898e-05,3.76899248360807e-09,1.08825942684971e-05,0.000180019556074196,-397.409967220995,0.162582126087338,0.113580195053051,0.965,0.772075010635034
"constant",200,"stan",77,340.852,8798.24303438434,5645.43191467593,165.670002892438,191.552222162846,8578.95056518151,1022.3468264231,4611.11988075854,483.006499627821,25.8125023012461,16.5627073177682,0.48604673844495,0.561980631367415,25.1691366492833,13.5282171756614,0.00997720842009745,0.00868915318998085,3.67043342037809e-05,0.0012341838886673,0.0215654555741219,6.48396615251034e-05,5.28428829935134e-05,1.8666125840177e-09,1.03533170255587e-05,0.000153080642235038,-389.51215414123,0.202683038047318,0.13909530897799,0.9,0.673328045022573
"constant",200,"stan",78,317.665,8553.1948303485,7636.11711656852,105.675992465998,169.14612525691,6847.82294213287,533.260510651683,3622.785786683,290.572107285538,26.9252036905183,24.038270242452,0.332664890579693,0.53246698646974,21.5567435573099,11.4044222268207,0.0136730101939359,0.011986014220746,7.30965695931326e-05,0.00164033574756539,0.0300929386793027,7.10565500638861e-05,5.67692979529606e-05,2.7421802938018e-09,1.19466967884274e-05,0.000167021667252854,-392.138589764088,0.205873980207168,0.154493648202295,0.94,0.72339505355738
"constant",200,"stan",79,286.711,8846.29521709226,7647.23085692197,213.973383104073,139.184482803765,7777.61411524766,1361.7004228208,4325.75566854675,387.164887241602,30.8543976934692,26.6722618138891,0.746303361587358,0.48545218984889,27.1270168052417,15.0875120541129,0.00887045154837605,0.0075026439437454,3.19746026993484e-05,0.00143505738843913,0.0200542199734426,6.84079920858444e-05,5.60093821708592e-05,2.16844071400315e-09,1.16271949652315e-05,0.000160531750670222,-396.771408014587,0.195525277105414,0.13445128003584,0.905,0.652527096165979
"constant",200,"stan",7,236.807,7756.55793125944,7590.46236932606,137.494404085096,168.930150489762,8562.29930411353,1012.2760754446,3884.72238685558,244.884140517037,32.7547662495595,32.0533699144285,0.580617988847865,0.713366372150158,36.1572897089762,16.4045927141325,0.0102553413366202,0.00880619276488013,4.21255706481353e-05,0.00127315443970509,0.0232052265323515,7.58370240497885e-05,6.13885723688376e-05,2.72131839931327e-09,1.27216158422831e-05,0.000177791480761141,-396.660829735466,0.184907049768331,0.135621618586911,0.935,0.672226198623228
"constant",200,"stan",80,322.838,6432.57143580537,5064.47173091271,163.761386680375,214.428966494901,7289.79357780004,1716.58200766733,3770.01064554556,449.551360970228,19.9250752259814,15.6873470003925,0.507255610183358,0.664199897456004,22.580345491547,11.6777165189524,0.00835122834086684,0.00688278811630334,3.32736057834582e-05,0.00119036492803967,0.0197426872940992,7.37465548314447e-05,6.1153131605387e-05,2.40333417492442e-09,1.16911005315406e-05,0.000171359726119013,-394.101285101745,0.221099645301506,0.165036823011758,0.875,0.65255781988639
"constant",200,"stan",81,339.294,7301.05357994616,7279.56328280535,145.669981369398,180.239731894817,8936.42479108266,2504.60308615033,5105.46597336304,590.112873379959,21.5183692607183,21.4550309843539,0.429332618229021,0.531219921056124,26.3382930175089,15.0473217132134,0.00664252638356427,0.00574646323109511,1.52189355212796e-05,0.00140822832312512,0.0143296498302757,5.4982438889588e-05,4.7027935109185e-05,1.0918122599949e-09,1.09172056007259e-05,0.000119163579482489,-393.719456895107,0.225602095054479,0.169244839770108,0.845,0.615403311371045
"constant",200,"stan",82,237.295,6057.80497349908,6106.60861306304,137.209865297088,122.285641192066,7533.78301581783,774.349613432064,3001.54067012075,206.070757146878,25.5285824543251,25.7342489857057,0.578224847961767,0.515331722927437,31.7485956965711,12.6489840498989,0.0106272797773233,0.00917816589709499,4.14542493919458e-05,0.00159942290240797,0.0228944172228752,0.000102556374866401,6.98897747276481e-05,1.04402977871843e-08,1.20308783359348e-05,0.000287550268548325,-384.719161164472,0.216862402816771,0.15453610955211,0.895,0.681694684453092
"constant",200,"stan",83,339.372,9133.70202011464,6607.12781224073,210.306443125733,106.575737628428,8229.56103161935,1010.01449077331,3426.13254157325,387.256996120419,26.9135403631255,19.4686886727271,0.619692971505406,0.314038098689427,24.2493813031698,10.0955074124361,0.0156542355536612,0.0144269994115638,5.93268613898744e-05,0.00323106518893582,0.0306419071379525,5.65526193356937e-05,4.60757676012667e-05,1.44721427889225e-09,1.11809678975939e-05,0.00013348546940313,-384.828905379088,0.157639691160755,0.103689449372618,0.945,0.736487689256752
"constant",200,"stan",84,312.799,7992.31197500608,8888.02824811851,199.711040944795,111.726858810608,8020.92162694087,1796.80111202397,4881.08867409435,434.219303548489,25.55095116994,28.4145033971289,0.63846444823927,0.357184194356785,25.6424145439751,15.6045533204849,0.00674388031534019,0.00574648158406518,1.72011493060926e-05,0.00140390490030141,0.0147869102639888,7.6269801513799e-05,6.39834895052596e-05,2.45961480395145e-09,1.32687039465495e-05,0.000169238888530257,-398.073342880356,0.21806871320859,0.161803796125484,0.885,0.615532091531968
"constant",200,"stan",85,323.513,7797.38183698265,7501.35321206092,184.824241311854,236.973204950569,7779.56871275614,1127.45423450457,4292.5616648646,541.97025156338,24.1022210451594,23.1871770595337,0.571303908380355,0.732499791200259,24.0471595044284,13.2685909526498,0.00901274951840952,0.00745911538869371,3.33700300743146e-05,0.00143009860288217,0.0206739521257983,6.48980061680605e-05,5.53661203840093e-05,1.74174779376402e-09,1.2080464664136e-05,0.000141123387544925,-387.010562893833,0.199654154977569,0.136369122779618,0.885,0.65981791751719
"constant",200,"stan",86,223.753,8265.6298213048,3560.68479969847,173.94631925957,115.289293660416,8311.76551797427,985.433692448123,2598.83497025738,235.821946760581,36.9408670333126,15.9134617176014,0.777403294076817,0.515252504593975,37.1470573264907,11.6147491665246,0.0227262120268434,0.0209993533762759,0.000128552082036313,0.00309986826451982,0.0447618961030514,7.72830329749751e-05,5.58669854491272e-05,5.05774545625601e-09,1.02562739188538e-05,0.00020861183063096,-403.076631057556,0.203262528066607,0.161205753920979,0.96,0.797882732443216
"constant",200,"stan",87,301.524,8005.50570818048,5262.16008403002,160.035540113245,167.888126470967,7619.83412945009,1063.36531539116,3209.69357535182,410.727712776512,26.5501442942534,17.4518780728235,0.530755562121903,0.556798551594458,25.2710700622507,10.6449024799081,0.0173725680181009,0.0155111443125048,9.77074442601458e-05,0.00221132820295663,0.0366833583478611,6.42019700751026e-05,5.1255706640259e-05,2.15681914465274e-09,1.09568541638203e-05,0.000151434882258143,-397.682187426527,0.180197303717606,0.13270236026291,0.95,0.755034935067763
"constant",200,"stan",88,283.173,6140.69981641919,4944.60497459111,198.545512921421,142.948778637713,7881.67061445515,1152.54130882959,3253.51015048588,352.855199566704,21.6853295208907,17.4614280831545,0.70114563507616,0.504810764577531,27.8334114285442,11.4894786949528,0.0118108211008834,0.0103175664183941,5.03956516110202e-05,0.00212234603841218,0.0253824584443353,7.00336215741615e-05,5.55794545444677e-05,2.6184577906394e-09,1.13707901342806e-05,0.000170348953940582,-399.626723031242,0.185215703625086,0.130842455060947,0.92,0.690623566116116
"constant",200,"stan",89,290.045,4997.80380734744,5844.90329312632,200.552507280742,209.623869960324,7719.32215567287,978.403013946339,4666.38516526317,449.721057199585,17.2311324358201,20.1517119520292,0.691453075490843,0.722728783327843,26.6142224677994,16.0884868391566,0.00773068607276112,0.0062350070920948,3.14815386622695e-05,0.00132792655240603,0.0180583020079615,6.70130670492341e-05,5.6792369619652e-05,2.09547974143111e-09,9.98084301079446e-06,0.000143942151015238,-393.048085252165,0.222414150586586,0.167109824103488,0.85,0.64556993700083
"constant",200,"stan",8,432.339,6740.62573605626,5060.13852421487,169.176370182549,114.031439673857,7129.84237095176,1017.02638784011,3365.6868435417,348.027339382657,15.5910656592541,11.7040991541704,0.391304902362611,0.26375469174388,16.4913236394398,7.78483283613484,0.0112687600114156,0.00963603774817757,5.15579072346752e-05,0.00120955517359712,0.0253873282230328,6.49567230123469e-05,5.22482711392551e-05,2.18244870986881e-09,1.20956775896414e-05,0.000150922126562292,-406.213689882164,0.209354660704995,0.146893769502083,0.905,0.672618829286805
"constant",200,"stan",90,289.624,7670.6108895911,4699.574539961,190.658295994801,102.507601034501,8746.95141247371,1327.95928437172,2568.55070861015,259.675085889128,26.484721188821,16.2264679030778,0.658295914685249,0.353933379258974,30.2010586569956,8.86856996868404,0.0205655965992546,0.0189704477473674,9.85649633230403e-05,0.00361661927838398,0.0399553539223716,7.45465887569476e-05,5.79276323622381e-05,3.37075750417909e-09,1.01670967339669e-05,0.000190201795541685,-384.595806387708,0.223442570267402,0.155859383550937,0.95,0.7959407698667
"constant",200,"stan",91,254.568,2308.23237145809,793.926398435088,177.138138862147,119.607577838847,7469.77704465523,1098.15655146517,2857.02496588742,306.512424338175,9.06725264549389,3.11872033576525,0.695838199860734,0.46984529806907,29.3429537281011,11.2230326116693,0.0139235236010032,0.0129026245216502,5.32233466556495e-05,0.00180708241185863,0.0277346612051048,8.18713465311726e-05,5.78336132147525e-05,8.82489530689913e-09,8.53164559634239e-06,0.000212036241272356,-388.156406517747,0.220716634281423,0.169017144886227,0.93,0.72054658245449
"constant",200,"stan",92,246.825,7372.51940111492,7357.9122939304,224.276857844429,246.744772867875,7917.28958499565,1809.07669349581,4317.86433872874,518.39889287014,29.8694192286637,29.8102392137361,0.908647251471403,0.999674963508052,32.0765302744683,17.4936264103261,0.00829098120991607,0.00719059723180789,2.48224650207436e-05,0.00134148063580685,0.0180345568789123,6.44153686804695e-05,5.21510123371792e-05,2.32961646519504e-09,1.14205541665886e-05,0.000146855023999858,-396.429811427702,0.203905331612875,0.154757476706096,0.895,0.65956525612842
"constant",200,"stan",93,238.682,9512.20881704815,3635.22685679693,152.682251105271,157.993195188436,7557.65255960676,823.406037792855,2503.94028625634,387.631259691225,39.8530631427931,15.2304189540767,0.639689005058072,0.661940134523911,31.6641077232752,10.4906959312237,0.0196844998788418,0.0181240436526783,0.000105292679477705,0.00236470120757066,0.0397429962301097,6.25828893781676e-05,4.68127297717371e-05,3.10453834529141e-09,9.279654997642e-06,0.000160842957314774,-381.441329305514,0.238271300399386,0.179239262057802,0.93,0.783944102022936
"constant",200,"stan",94,239.998,8875.28597872004,5416.03281171944,190.099047202142,144.243156837974,8477.49570289602,1196.13962736156,3027.55026605213,339.564972814016,36.980666416887,22.5669914404263,0.792085964058627,0.601018161976242,35.3231931220094,12.6148978993664,0.0185622055020719,0.0165605645818915,0.000107159606421595,0.0027114017374461,0.0387808160085399,6.97451172988254e-05,5.04982872427893e-05,3.56711698173576e-09,1.21499069130699e-05,0.000185110056205403,-389.151790556929,0.222378231554849,0.162203559436167,0.945,0.773664011492066
"constant",200,"stan",95,225.454,7772.17532677386,7094.91466593886,230.879116116455,134.535693087917,8508.98204271915,1846.21738741681,4415.97236218579,278.722340557199,34.4734417077269,31.4694557024442,1.02406307324978,0.596732340468196,37.7415439190218,19.5870215750698,0.00731080685420769,0.00627847349463225,1.87253515401698e-05,0.00151862519992026,0.0157956032603235,8.74560518373617e-05,6.95135228060416e-05,3.97141946576027e-09,1.43926365612752e-05,0.000214072872533872,-376.643504038362,0.228053973954499,0.182206412295554,0.855,0.646846839368805
"constant",200,"stan",96,232.303,8611.12076239572,3817.81386916012,234.167228290099,103.415837840972,9005.91282847732,1425.94155673956,2208.91568055689,225.487263555098,37.068487115516,16.4346300700383,1.00802498585941,0.44517650586076,38.7679574886132,9.50876949741023,0.0287227468089641,0.0273342989711277,0.000157269537873011,0.0060455804922236,0.05273221387196,6.18209577529477e-05,4.24949731579596e-05,6.374724822584e-09,1.07781037534634e-05,0.000148015879400663,-389.881461775599,0.196640258036532,0.153590474412606,0.96,0.848406152061518
"constant",200,"stan",97,357.753,6358.38579680683,2324.88964242518,234.338153147203,130.018554851376,8404.53676862701,1036.00098891608,3109.94869755941,426.350756218611,17.7731166385938,6.49858880966807,0.655027779353919,0.36343106794737,23.4925682485598,8.69300522304331,0.0208203186074264,0.0191754738004072,0.000115325819130814,0.00312238737115507,0.0412955773944551,5.61232900014963e-05,4.5143365800171e-05,1.4017045864766e-09,1.01140492993473e-05,0.000134240057521155,-391.363280052343,0.195709645054366,0.14819987332144,0.955,0.783979086002961
"constant",200,"stan",98,244.518,8700.00080558685,7230.18743464088,122.420628578971,118.485673852693,7712.72980232268,967.645391159185,3052.44278045896,251.981940613613,35.5802059790561,29.5691418817464,0.500661008919469,0.484568309297038,31.542585013466,12.4835095185588,0.0106404427960288,0.00904086696606685,4.68963374246631e-05,0.00116955867160891,0.0239374707729101,7.63425904718951e-05,6.34429946555096e-05,2.81044836355903e-09,1.20087252091609e-05,0.000176709637156796,-390.126415836294,0.207333839482846,0.148188025013113,0.91,0.684271860433065
"constant",200,"stan",99,336.874,10087.9648678035,4914.30224818136,90.3488669489682,181.286941421354,8205.20674231236,1132.89716317104,4238.36165425601,306.380178009567,29.9458102073875,14.5879535024411,0.268197803775204,0.538144651772929,24.3569012221554,12.5814448555128,0.00859732881689142,0.00732768003130103,2.92245837185148e-05,0.00131829151832895,0.0193018549799882,7.15803953246729e-05,5.8588148229376e-05,2.26526240703035e-09,1.22104343431203e-05,0.000166052882092711,-406.641363898793,0.213103859200314,0.152695097629315,0.875,0.64075124052064
"constant",200,"stan",9,308.476,8553.72502945499,7948.51519723565,137.959553726884,192.627547000097,7674.8397999328,912.709103235079,4760.22515534665,661.009337142387,27.7289806320589,25.7670457255529,0.447229456187464,0.624449056004672,24.8798603454817,15.4314279079949,0.0105186682295057,0.00940816053268557,3.5162751381744e-05,0.0017591811951183,0.0221548088163507,6.16571408398213e-05,4.88206595633302e-05,2.73268324750857e-09,1.09384781646389e-05,0.000140529553964447,-399.973612315356,0.230041445209011,0.161313529903574,0.88,0.66560855994014
"constant",400,"stan",100,757.042,9882.77420323952,8280.91523925491,154.88765099456,176.74921129317,10486.9049062453,1208.94191152188,6253.14710198588,527.742025874481,13.0544595983308,10.9385149559138,0.204595849364448,0.233473454964414,13.8524743755899,8.25997382177723,0.00632875631368394,0.00582940618424795,8.21120486262396e-06,0.00168435000475183,0.0118795653702246,3.65625693571754e-05,3.15312180356051e-05,6.17689520198406e-10,1.07421152185137e-05,7.13206297874293e-05,-785.532152812224,0.157376781330289,0.0980793186220556,0.9425,0.595074248901177
"constant",400,"stan",101,677.778,10490.1533883088,8401.41005989302,118.983869752699,145.57902323523,9242.7587892935,661.171158699241,6340.6158940901,733.270648630475,15.4772704164325,12.3955189750818,0.175549914208928,0.214788652383568,13.6368527590059,9.35500398963982,0.00789893946477991,0.00696043062339396,1.65959939174949e-05,0.00177479709183701,0.0162418669322643,3.03884414409424e-05,2.64498996927462e-05,2.70235738743198e-10,8.77582567966333e-06,5.93479405959474e-05,-802.468156544631,0.207339334070081,0.165599649836759,0.905,0.62501172758312
"constant",400,"stan",102,660.657,10332.4348019686,8583.89851916631,139.6085397015,129.537619513774,9590.99254229308,644.672090116531,6368.69256112896,694.239903432996,15.6396356989613,12.9929729332563,0.211317733258711,0.196073937782804,14.5173555147271,9.63993806336565,0.00929807791388139,0.00850484481843214,1.85944903987851e-05,0.00229172863570168,0.0179384032704495,3.39033530894344e-05,2.92297714107148e-05,3.21729831998915e-10,9.00119700880085e-06,7.0565149524098e-05,-774.222046635893,0.177917125566026,0.129089503589431,0.95,0.652046806864044
"constant",400,"stan",103,687.932,11151.3327658947,6399.21237251549,116.938503258447,132.099569128952,10514.5767913768,685.971820301368,5140.39627585418,394.809711612655,16.209934653272,9.30210016762628,0.169985555634055,0.192024166820197,15.2843257638499,7.47224475072272,0.0101248139977095,0.0095857475785658,1.79630500086428e-05,0.00267665047174864,0.0189131804680289,3.49293173665877e-05,2.9065055947675e-05,5.68177408332874e-10,8.15278333704936e-06,7.32712760173531e-05,-778.392433906855,0.175176487140078,0.139802321705327,0.9525,0.66282522790627
"constant",400,"stan",104,607.557,9888.78157579324,9897.62745075212,84.4371920215054,137.545655357437,9495.48653389952,1018.90956271447,6602.82951530628,287.714323584771,16.2763025951363,16.2908623400802,0.138978222654838,0.226391359752973,15.6289640871548,10.8678354710855,0.00575687411066882,0.00509442452554348,9.02468158332551e-06,0.00133452730437057,0.0118592393668031,3.6385057954197e-05,3.20759119112373e-05,3.49173791890664e-10,9.09598461779434e-06,7.37284957026333e-05,-776.298862321612,0.168201580344102,0.118910907219191,0.94,0.597568871495826
"constant",400,"stan",105,707.16,9701.2758678632,7752.46930287035,157.525790785709,103.449957428894,9960.93864052016,766.946989091605,5116.67894382401,477.473646037036,13.7186434015827,10.9628221376638,0.22275834434316,0.146289322683543,14.0858343805082,7.2355321904859,0.00873569971097115,0.00809565144468024,1.54242687176074e-05,0.00202576060257331,0.0161023365611589,3.18376359053632e-05,2.65300096693385e-05,3.08362805894619e-10,8.69881268264363e-06,6.90753425395144e-05,-775.065993476613,0.159745163190693,0.117214554658127,0.95,0.644286125658553
"constant",400,"stan",106,665.344,7805.72531486954,7011.2864916478,176.45026558629,194.496155041957,10590.0285438302,1987.25850311903,7873.74929385127,941.380975019557,11.7318639904614,10.5378368056942,0.265201558271044,0.292324203783241,15.9166213925882,11.8341028007336,0.0039989378608953,0.00366061497043782,3.38086886822607e-06,0.00111429397290113,0.00746988784485447,3.08785706904306e-05,2.74159696880209e-05,1.98548323566889e-10,1.07262618685822e-05,6.12209176724446e-05,-776.145736129888,0.183920838766066,0.123241871777041,0.9025,0.54224415257315
"constant",400,"stan",107,668.773,11220.8010546506,8991.42034538011,174.416644011358,110.076897967642,10029.2839752839,1073.00776095405,7333.01468766805,544.358003254101,16.7781908878657,13.444652139635,0.26080096536696,0.164595308075598,14.9965443809542,10.964878497888,0.00635594125716571,0.00581930853854643,8.75947646893716e-06,0.00159769465938682,0.012144030895988,2.97418614307615e-05,2.53028527536381e-05,2.57822304223765e-10,8.77754798413468e-06,6.30159064584734e-05,-771.526468311714,0.180836517885416,0.127767912982283,0.94,0.607267544449331
"constant",400,"stan",108,816.877,8940.61175881518,6585.53302552121,97.0553287816444,211.8700506946,8553.937916046,957.02945979941,5639.64673173529,798.991345590453,10.9448690057563,8.06184165488955,0.118812659410957,0.259365915180131,10.471512744325,6.90391176607407,0.00643764947396128,0.00586926214594963,9.84744216074375e-06,0.00168203576331309,0.0128821404260372,2.96708674006936e-05,2.65477777155747e-05,1.91870424063438e-10,1.07392622725742e-05,5.87678864937579e-05,-791.209487773101,0.187954082070104,0.133152883564343,0.9125,0.596942020709105
"constant",400,"stan",109,630.172,10755.1521674604,5944.85310188027,75.7007974870249,169.19586815231,9532.6140291345,474.837109425993,6997.05056784552,505.082032870645,17.067010542297,9.4336992152623,0.120127199378939,0.268491567623299,15.1270034675208,11.1033980688535,0.00695723722160983,0.00629657842285245,1.17163004734803e-05,0.001806724510257,0.0136855670340141,3.43378991126347e-05,3.02198660393247e-05,3.09207589326932e-10,8.9649583724153e-06,7.08505447386681e-05,-799.86021038851,0.148841809971255,0.102071512305828,0.95,0.608348995019088
"constant",400,"stan",10,733.177,10477.8359813688,9972.06175252483,145.218454235347,90.0475558756094,10283.8791280629,832.442599305558,7056.85017996986,354.199807370973,14.2910047387858,13.601165547371,0.198067389232542,0.12281830427797,14.0264617248808,9.62502939940814,0.00548007084292121,0.00506449600766183,6.21972231679254e-06,0.00123373565821126,0.0102755320959946,3.2324222648519e-05,2.77169391525755e-05,2.82379047633499e-10,9.92011070459264e-06,6.83579208531721e-05,-780.609131032876,0.17567593014138,0.115725109531421,0.9225,0.584140232270845
"constant",400,"stan",110,651.064,10545.0347150173,9351.16095140123,158.598266022274,172.543414862345,10436.2116354365,1416.18979060198,7163.90651183135,660.699141110967,16.1966177134926,14.362890516756,0.243598580204518,0.265017594065015,16.0294711970505,11.0033829421245,0.00541697643127893,0.00504345464077307,5.8865676338113e-06,0.00157094325482314,0.0100505235226052,3.5960877441359e-05,3.15511675278955e-05,3.09682845271183e-10,1.16087028973654e-05,7.22833619434747e-05,-795.107930431795,0.198712101491159,0.150066631981119,0.9175,0.580702836338997
"constant",400,"stan",111,658.48,10940.8929460567,9089.02118091353,183.895048329942,147.272531873109,9970.44548997458,1245.75488921119,6801.48467572213,762.660504603947,16.6153762393037,13.8030330168168,0.279272033060901,0.223655284705852,15.141607171022,10.3290679682331,0.00869535108102353,0.00805684011485251,1.43285897290257e-05,0.00258941506022031,0.0161351339038349,3.41100936990841e-05,2.99422145739626e-05,3.34476693566579e-10,9.73605757629006e-06,6.54592308325818e-05,-787.682545552147,0.160203052813644,0.117547687013878,0.9475,0.645483367029722
"constant",400,"stan",112,672.446,9434.74967358306,5731.22504881231,142.182205324101,164.393025000532,9568.90789578959,953.773164533907,6827.29454956853,569.139776925874,14.0304941565316,8.52295210145098,0.211440331750209,0.24447022511924,14.2300019567216,10.1529261079232,0.00543506145672108,0.00478639559011688,8.14631295959636e-06,0.0013490886741326,0.0106099676324772,3.20605705394483e-05,2.85483349948181e-05,2.23814014213247e-10,1.02375123370509e-05,6.1583519254741e-05,-798.668786427197,0.194764827280942,0.132058332693563,0.89,0.575408771340289
"constant",400,"stan",113,601.361,10982.4700138299,10795.6459050653,159.17829263767,114.518926914099,9978.0377860379,1303.35825186803,6529.89120788649,323.165802483103,18.2626908193746,17.9520220051937,0.264696733971226,0.190432912866146,16.592425824152,10.8585212674026,0.00594269673823851,0.00536015965958987,7.95120961590722e-06,0.00148662287521852,0.0116091148662427,3.91730489835881e-05,3.34456827589471e-05,4.89128000290719e-10,1.17249765227693e-05,8.2348614422657e-05,-764.437882848678,0.207341966632158,0.167648810927418,0.8975,0.608793814223326
"constant",400,"stan",114,652.648,10519.668245807,9157.6878626879,187.335638685185,150.827590091196,9669.54862196803,1163.08703876189,6335.66364853888,644.641498883507,16.1184409448998,14.031588027065,0.287039320866969,0.231100976470005,14.815871069808,9.70762746310244,0.00899396271611028,0.00841380173493915,1.61338345882456e-05,0.00237573072740538,0.0168428490222676,3.39531081995612e-05,3.06382279373061e-05,2.48241189575008e-10,1.0947823764209e-05,6.65657553003121e-05,-767.831940889277,0.174653257282108,0.121933107742898,0.9225,0.649339568740865
"constant",400,"stan",115,644.976,8512.96275097199,8730.5629594117,133.098485893181,187.947415212151,10206.6052455058,973.773180324156,7787.21298584242,977.046326950588,13.1988829831994,13.5362602010179,0.206361920277935,0.291402184286161,15.824783008214,12.0736476796693,0.0048171857428882,0.00428654718040498,5.41990263265021e-06,0.00145074228662163,0.00943479419188387,2.89158479790236e-05,2.60429127947743e-05,1.73196638145587e-10,8.39585134665899e-06,5.49584265550813e-05,-806.649481662598,0.1753693188521,0.128936805391937,0.9225,0.563513969187232
"constant",400,"stan",116,737.905,9086.11730282507,7645.42329099384,167.953623391633,143.785707860365,10011.3816947101,1396.01742889328,5801.70354399513,789.751624155906,12.3133971213436,10.3609858870638,0.227608734717386,0.194856665641735,13.567304320624,7.86239901341654,0.00657565604215571,0.00610193104551647,8.61792556834181e-06,0.0017743421047683,0.0122185541523394,2.97190380095265e-05,2.66468218487748e-05,1.99381594919616e-10,8.62198013084321e-06,5.68973293963364e-05,-795.772161692609,0.183574411309001,0.133394672121379,0.9225,0.602580993387765
"constant",400,"stan",117,687.328,9636.5356494202,9398.88985046709,184.982689385916,207.499186542131,10228.792235058,1899.81247135161,7521.97885982307,1062.54190022532,14.0202867472592,13.6745336294565,0.269133062214715,0.301892526627944,14.8819664484176,10.9437980990489,0.00477952365707836,0.00422532766975891,5.32194518122369e-06,0.00119932424307872,0.00931328630727242,3.43094854707887e-05,3.10423885489976e-05,2.51761855774488e-10,1.14376541760734e-05,6.62074050486509e-05,-769.315020705361,0.182450245697218,0.125601312055937,0.9175,0.569300912323331
"constant",400,"stan",118,635.736,9648.40850916355,7268.51155465573,211.221414676636,137.102668642794,9220.88572910545,1388.94781873528,5560.48894277787,1004.95813644937,15.1767534151968,11.4332231534092,0.332247056445814,0.215659752857781,14.5042686415516,8.74653778105671,0.0111990309631898,0.010539203904009,1.92291169347284e-05,0.00370215152232803,0.0200251682231415,2.94019683925555e-05,2.53892317466766e-05,2.32094750410644e-10,8.64614948004001e-06,6.06147638852565e-05,-788.15148150464,0.178703085630412,0.124744836915935,0.945,0.663314578039253
"constant",400,"stan",119,748.888,8871.05875574545,6538.26801694403,156.557635705103,122.236680196993,10191.7192530799,892.218419018775,4387.76073675144,427.224829677205,11.8456414787598,8.73063531121347,0.209053470886305,0.163224247413489,13.6091368176281,5.85903464436797,0.0107743225063384,0.0101444934511535,2.06960852283608e-05,0.00316147401507565,0.0196836754275306,3.69699659197016e-05,3.06819498438919e-05,5.60346464705214e-10,9.52025434665048e-06,7.80489482304515e-05,-798.875631797504,0.171186945278703,0.125964144482746,0.9525,0.665360559430395
"constant",400,"stan",11,725.846,8734.99013735417,6161.86807334098,149.21882142946,84.0938241412104,9436.17821631803,699.539998531501,6340.62118610841,554.684488280433,12.0342195691017,8.48922233275513,0.205579174410908,0.115856289269639,13.0002482845094,8.73549098032973,0.00754192939802554,0.0069552602446372,1.2810299920577e-05,0.00198845121332287,0.0145628185344364,3.41653703749873e-05,2.91986616062663e-05,3.71879903528395e-10,9.4932071488471e-06,6.97232119937458e-05,-796.772999042931,0.173817011185327,0.130861631508135,0.9275,0.614305199990767
"constant",400,"stan",120,635.261,3586.05507787425,3772.90496337294,52.3429232603529,133.822883464656,8710.76513881135,472.183140746622,6655.21347287674,464.736033936469,5.64501059859531,5.93914149203704,0.0823959337348789,0.210658112908956,13.7121043772738,10.4763451130744,0.00649536016384557,0.00586475284679984,1.19903116668073e-05,0.00125248626766553,0.0129516646253333,3.67576717801463e-05,3.10694348558698e-05,4.60063562247515e-10,9.72927870451061e-06,7.94745894691692e-05,-785.895184906331,0.180241302040406,0.124144400807707,0.9425,0.609147987978324
"constant",400,"stan",121,637.827,10555.8172667767,9289.83393389281,129.37136030021,108.86335577915,9966.38505975422,786.337170304786,7044.57862994928,475.284731339348,16.5496557323172,14.5648176290637,0.202831426547026,0.170678500250303,15.6255302139204,11.0446541616289,0.00651856574568559,0.00580977172225084,1.09015340800782e-05,0.00170906106107255,0.0132550290126209,3.41722744868522e-05,2.96901402105917e-05,3.14745411178883e-10,9.34172422133289e-06,6.85405509776222e-05,-789.558801028159,0.166217784869906,0.115089694863449,0.935,0.60053216771962
"constant",400,"stan",122,780.335,6825.68533674796,5441.17318287911,179.834864566646,87.7235335491092,9325.08641969208,1245.86058598155,5252.31110630868,450.347570537036,8.74712186016,6.97286829743522,0.230458539686989,0.11241778665459,11.9501065820347,6.73084137749644,0.00727640332668459,0.00663548217853162,1.05261511270493e-05,0.00187073461633874,0.0136048358127374,3.10483494285946e-05,2.71458195757324e-05,2.51527444193561e-10,9.39406020879355e-06,6.16171663060986e-05,-799.260421582302,0.160513450468646,0.104760006545115,0.9425,0.608840894143243
"constant",400,"stan",123,632.341,8942.02476051901,7631.8094147333,164.869203359617,130.227115007225,9455.14663145846,1022.83774589944,6345.76938222409,594.585043718275,14.1411434028776,12.069135821864,0.260728314880131,0.205944442962303,14.952607266425,10.0353596907746,0.00908685153889222,0.00837827849390202,1.63153468215056e-05,0.00254786598473222,0.0170626319052312,3.14943575545433e-05,2.86968277310526e-05,1.96099316836735e-10,9.89147565233034e-06,5.96283322100689e-05,-794.483953333048,0.165524133618444,0.109019071791601,0.96,0.645131035920055
"constant",400,"stan",124,592.956,4158.48669310793,5385.03439793208,112.48434748548,143.457203019624,8604.93417419032,711.21366391398,6278.35129416809,604.770352608975,7.01314548315209,9.08167620857547,0.189701002242122,0.241935663050249,14.5119269797258,10.5882245801849,0.00805987520982519,0.00716411547189174,1.83398419967108e-05,0.00182720584313709,0.0165365865061834,3.58291155394633e-05,3.17929670470359e-05,3.19595295510706e-10,1.05168162118408e-05,7.14118281608323e-05,-784.679312294157,0.180097346915399,0.132302492566476,0.9525,0.636964732834353
"constant",400,"stan",125,671.3,10445.4834489352,8516.56933947576,178.439493617131,163.943147507225,9471.02661560466,1599.66276775735,6375.96009090887,949.947598929193,15.5600825993375,12.6866815722863,0.26581184808153,0.244217410259534,14.1084859460817,9.49792952615652,0.00663701675287507,0.00602443005632756,9.93236028821396e-06,0.0018109257050922,0.0130386684231285,2.83771029623681e-05,2.51016897479854e-05,1.91163706951654e-10,9.86539302462626e-06,5.4150750795422e-05,-824.058323743972,0.203257321530013,0.148328904372967,0.895,0.588735480661714
"constant",400,"stan",126,679.463,9601.65669085859,7738.85427466258,160.364048356863,153.759262195803,9777.93242573178,535.409583706648,5540.80133820347,547.951594053683,14.1312428945485,11.3896625344759,0.236015865995445,0.226295268757538,14.3906767928964,8.15467705850571,0.00951039372899266,0.0089167771189681,1.85252009799542e-05,0.00219787817918228,0.0180741634370763,3.61350316062142e-05,3.17258965733276e-05,3.40981944278276e-10,1.03952824445435e-05,7.3365240987558e-05,-754.712749756648,0.194515497409254,0.149112426678178,0.9275,0.665168917367349
"constant",400,"stan",127,620.649,9213.15404359159,7729.90652544922,136.206241577293,148.95682737285,9223.40748286904,808.958453803613,6522.91264501298,545.889630698726,14.8443871553674,12.4545540642927,0.219457763691383,0.240001719768903,14.8609076674079,10.5098254327534,0.00699104799336308,0.0062945218898116,1.28947187787388e-05,0.00139246936656916,0.0137631391458533,3.52360437417454e-05,3.08725717649564e-05,3.29864117189156e-10,1.02212178443375e-05,7.21843737787014e-05,-790.489335678889,0.18252853793128,0.136926571692009,0.9275,0.621976061734779
"constant",400,"stan",128,634.658,10459.801906421,11376.1496927789,124.924937141252,154.09073354975,10158.196207015,1649.01900325984,8272.12645517688,815.630618695319,16.4810053704845,17.9248503804867,0.196838198118124,0.242793336804625,16.0057798168698,13.0339906771472,0.00458333718660787,0.00417046566297912,4.55362997909941e-06,0.00130806839367998,0.008839290418846,3.04615791112441e-05,2.74185997646283e-05,2.06168095647653e-10,9.88765378040091e-06,5.80168556113165e-05,-792.481449948477,0.191458731402005,0.126849958687666,0.9075,0.559545384072619
"constant",400,"stan",129,669.889,9917.38009397275,8186.37224814014,111.175364145578,152.270844095157,10154.4114746384,1143.32784532779,6583.5692803945,520.697528246116,14.8045125296471,12.2204906307465,0.165960874332281,0.227307574979075,15.1583493304688,9.82785100276986,0.00814320244436089,0.00766488912209882,1.23509361132212e-05,0.00180000247591208,0.0144803024561691,3.0044974349523e-05,2.67491923171519e-05,2.1596312698911e-10,8.67763086160239e-06,5.83508419751999e-05,-773.624202253507,0.146808681683595,0.0988638127955702,0.9525,0.631956595818543
"constant",400,"stan",12,620.144,8213.95287622952,7499.56364286779,168.915297850487,138.539332598117,8732.88612875263,1079.95805350733,6172.65640618779,715.807916607579,13.2452347780991,12.0932616341814,0.272380766161548,0.22339865031044,14.0820295427395,9.953585628802,0.00744259897242613,0.00692353550523188,1.07791478713995e-05,0.00185232467100084,0.0140369349511782,3.38335562096718e-05,2.97648477491996e-05,3.0728431417541e-10,8.14158398320219e-06,6.66893584184327e-05,-790.128167881247,0.187334684275158,0.134925039786271,0.9,0.610241750245786
"constant",400,"stan",130,665.393,10347.3363009966,9210.20825831868,104.223650028387,103.521254018537,9878.87418993142,692.592341958171,6077.38718421857,338.411720603354,15.5507140907652,13.8417570643495,0.156634725686004,0.155579114926874,14.846675859126,9.13353038613056,0.00710224229988206,0.00669220635918729,1.06145220563574e-05,0.00167687932915178,0.0133317707106412,3.58704328324708e-05,3.02508205397704e-05,4.76662112617773e-10,9.21115130319356e-06,7.71391968618346e-05,-777.547016017285,0.173769545010842,0.124006446088224,0.9375,0.621606948785886
"constant",400,"stan",131,716.731,6615.14809897281,8097.11200046923,128.947955189903,158.075663558682,10269.1549347463,951.70643209179,6098.92288981174,761.581124918336,9.22961068932809,11.2972816865313,0.179911229163944,0.220550895048047,14.3277672303086,8.50936109895029,0.00599149377378478,0.00546992015599003,7.70387720124963e-06,0.00167546579354167,0.0117468399423247,3.04154366878146e-05,2.70438069861899e-05,1.94662219330388e-10,1.10763262605743e-05,5.99187041465923e-05,-783.345804587791,0.195769780215059,0.154097032952692,0.9275,0.593371108351504
"constant",400,"stan",132,581.833,7690.08815521312,4991.27813418899,194.55781927254,117.644701240167,9334.36693932151,1071.66430944353,6532.95908619492,438.423856374827,13.2170023962428,8.57854080842611,0.334387735437042,0.202196680559828,16.0430345809219,11.2282374602247,0.00722625505688234,0.00666481257758772,9.71314512303691e-06,0.00226198285027015,0.0135924615876823,3.96742946071935e-05,3.30511287993597e-05,6.00822048747973e-10,9.17278970418967e-06,8.99499159055913e-05,-759.308588008712,0.172529342445093,0.1246624537157,0.9525,0.629291180132526
"constant",400,"stan",133,652.419,10850.018094424,9131.89536852999,136.573207208289,118.266240587449,10199.3283209836,1157.34885588029,7412.36214954266,537.087343002598,16.6304446903355,13.9969795001831,0.209333583492034,0.181273446339621,15.633095175008,11.3613523664128,0.00507471223869821,0.0045840785546235,5.88601959472048e-06,0.00139392434604858,0.00995332010491972,3.06550151584253e-05,2.71260088452803e-05,2.35497494380737e-10,1.03324671048835e-05,6.25728921332996e-05,-796.643738676486,0.164107146649025,0.100564631621823,0.9225,0.570553660696442
"constant",400,"stan",134,679.634,8550.05704914382,8003.86845367929,152.937792852949,109.800008603295,9850.26328925346,1303.75662639722,6134.03818757631,490.247865088979,12.5803845145237,11.7767334384085,0.225029637794679,0.161557556866335,14.4934822113865,9.02550223734585,0.0061601171260866,0.00555026239017487,8.89020254972616e-06,0.00145695077763233,0.0120292178477709,3.44150122349102e-05,2.91628393652278e-05,4.20719820760559e-10,9.73982401832266e-06,7.77556131402264e-05,-799.568265274474,0.177300600311619,0.126285439766904,0.925,0.590086715342036
"constant",400,"stan",135,660.384,4010.05857514719,3102.87556056201,160.687032535466,166.762414597891,10169.8174692598,886.301133202281,6804.82170355142,527.396055413261,6.07231334367155,4.6985928801455,0.243323630698905,0.252523402441444,15.3998544320575,10.3043406617232,0.00630801154627664,0.00583100395993811,8.66627224490306e-06,0.00158656475822411,0.0120781034845637,3.55010762115396e-05,3.07449578376119e-05,3.74590139545055e-10,1.09114590391657e-05,7.15095454282793e-05,-796.645040497247,0.199010971773624,0.132339437131419,0.905,0.604994494535674
"constant",400,"stan",136,722.742,10407.4517752904,7555.41137913438,158.175598507514,140.738941650201,10093.7097831527,843.014756384575,5040.42362422366,727.332741137681,14.3999543063644,10.4538153021886,0.218854859005722,0.194729158745722,13.9658547353727,6.9740289400971,0.0123164069410281,0.0117668993333356,2.4859848495565e-05,0.00324999394582036,0.0220537812807192,3.30609319907152e-05,2.90224370273939e-05,2.62677405330586e-10,9.87478840860858e-06,6.53511066804723e-05,-779.057691055724,0.165215899588959,0.114659714941045,0.97,0.696543857274237
"constant",400,"stan",137,729.964,7970.6755986223,6119.14729222154,153.114432161461,131.640508340838,9455.39405130729,1283.41717161775,4357.4793165014,411.870431751617,10.9192721813984,8.38280694968731,0.209756141619945,0.180338356879021,12.9532333804233,5.9694441321783,0.00897605906261235,0.00842231106100653,1.54502326305371e-05,0.00238601318065369,0.0170087388081547,3.6098969656084e-05,3.07909908339215e-05,4.06597484855162e-10,1.00428116724124e-05,7.57796077759587e-05,-802.225180042675,0.192841423614454,0.131995889595307,0.945,0.642028827563948
"constant",400,"stan",138,600.508,8718.468589199,6876.29829405565,108.555196596805,108.680334262925,9739.72798250427,1056.21594782193,6137.46855026793,258.821907762891,14.5184886615982,11.4508021442773,0.180772273802855,0.180980660145952,16.2191477590711,10.2204609268618,0.00670733466830422,0.0061601182252435,8.93834949456165e-06,0.00206420106541536,0.0126476858953993,4.19054321217467e-05,3.49284267953426e-05,6.28219446982614e-10,8.99774114602467e-06,9.17281348848137e-05,-783.800148272823,0.185736538518691,0.133557731104286,0.9325,0.604160856021411
"constant",400,"stan",139,757.448,9169.07920162045,6177.52902247285,121.813332385379,128.323626742522,9033.47388358683,838.427646468631,5860.28434347431,359.68610531031,12.1052259714468,8.15571368922072,0.160820719554845,0.169415757573486,11.9261967601563,7.73688008084293,0.00564133635488697,0.00511746614340459,7.69286473575089e-06,0.00148062552931396,0.0112562338289473,3.34333946941245e-05,2.96327610026464e-05,3.0312004997444e-10,1.01440901944722e-05,6.38382977258715e-05,-789.925805960592,0.171548681254798,0.118859919617519,0.925,0.582931970934295
"constant",400,"stan",13,734.457,10263.1881820943,9488.56779028814,133.257976747702,122.372617403843,9795.84290819804,1055.29891690057,7369.6346627396,642.493627707287,13.9738448705565,12.9191604005247,0.181437411240825,0.166616449164271,13.3375308672911,10.0341267939983,0.00675621897333704,0.00614874907409023,1.06346987288707e-05,0.00184567493635523,0.0131971911676408,2.93659705920695e-05,2.53775906130849e-05,2.47849644989945e-10,8.96176518565528e-06,5.99094091985255e-05,-793.824790758647,0.191703356951013,0.140744020722112,0.865,0.605253119890111
"constant",400,"stan",140,637.254,11078.5723122885,11189.3414719573,164.367811276606,137.878613519949,10471.7054621014,1722.40298285357,8567.29362079862,1028.36320403117,17.3848611578562,17.5586837775162,0.25793139199849,0.216363668992191,16.4325456758237,13.4440797873354,0.00483222841867127,0.00437980566530872,4.86950158553362e-06,0.00146632779539993,0.00919053764453427,2.90733321216456e-05,2.62048442114403e-05,1.67913476830139e-10,9.42924206058277e-06,5.62132834159842e-05,-773.974469825116,0.180049594532234,0.124575244319544,0.9,0.566196804531289
"constant",400,"stan",141,814.892,7934.23734744581,6264.03785825175,152.247146839056,167.812734193341,9051.91326512922,904.395914097421,5893.30096887178,575.196858248606,9.73655079132672,7.68695466178555,0.186831073122641,0.205932484541928,11.1081140385833,7.23200248483454,0.00595416565518857,0.00538777062777021,8.5504864781818e-06,0.00158431127296249,0.0118299205725567,3.07044567227197e-05,2.70994942830252e-05,2.24628897401306e-10,9.53290344623156e-06,6.05838405297606e-05,-783.747021414865,0.179573988052255,0.13093176483392,0.9125,0.597354995286463
"constant",400,"stan",142,737.313,8329.82182087009,8075.48075608162,129.547601072812,112.68459394314,9904.14134804722,1058.7938958015,5823.59856292084,475.860902886055,11.2975382515568,10.9525815441768,0.175702315126428,0.152831421585053,13.4327501997757,7.8984075459416,0.0081830619098463,0.00744187517490369,1.57910855849159e-05,0.00190226249977069,0.0160951913772079,3.58095687263033e-05,3.13416347948138e-05,3.63691556398992e-10,1.04696332959698e-05,7.33171021047599e-05,-812.078184680825,0.178425250275972,0.131922024280682,0.945,0.629389893894605
"constant",400,"stan",143,735.472,10391.2897562507,9507.97369118606,130.151029860195,169.518669129245,10271.6293312979,1524.35536386263,7431.36662964114,963.363183237639,14.128736044677,12.9277167467777,0.176962589820136,0.230489629964492,13.9660372268393,10.1042142048115,0.00481014703798388,0.00440129299952393,4.94191610126292e-06,0.0012535598693389,0.00925871356625078,3.45728013381811e-05,3.12319178639244e-05,2.54251991143426e-10,1.08843040674034e-05,6.68260719795151e-05,-763.985862775943,0.187695622478891,0.132647491328616,0.8925,0.577912581054587
"constant",400,"stan",144,704.667,10176.1864477512,8752.61217181293,184.282650393113,139.791320158827,9225.9924972078,1590.89225975885,7165.70895011427,688.341818935156,14.4411281467009,12.4209196284386,0.261517355563853,0.198379263054502,13.092698391166,10.1689293667992,0.00650482603148173,0.0058390770233344,1.08250210622555e-05,0.00171976147440685,0.0131766794333593,3.47399002219853e-05,3.0677778674149e-05,2.9194756223171e-10,1.02600305843641e-05,7.03658974353876e-05,-804.301303197255,0.166135649232039,0.111157122939388,0.925,0.595821616105501
"constant",400,"stan",145,740.378,10740.917201768,10417.497894106,189.179084025213,208.804695628674,10602.9065396447,1926.55378122549,9071.40895949725,1341.68728624941,14.5073424679934,14.070512487008,0.255516890055097,0.282024446470147,14.3209367912671,12.252402096628,0.00418208278685029,0.00371825339799987,3.98379145174883e-06,0.00124985513905944,0.00833566947081584,2.8546669392731e-05,2.64353093627044e-05,1.28232589317467e-10,1.14529174945146e-05,5.14738221335507e-05,-784.741478654234,0.185808423552275,0.137677100000521,0.8625,0.559343020419842
"constant",400,"stan",146,752.236,7765.48770479855,8092.52120907482,221.338610673431,176.819887290161,10073.8125263884,1252.7593200628,6866.36325840208,810.750902357841,10.3232066861976,10.757955228246,0.294240917309769,0.235059060308415,13.3918245422825,9.12793758661122,0.00660639225663179,0.0060551789263216,9.33632035350057e-06,0.00177720369861601,0.0125267685005055,3.33311490239469e-05,2.86996184435236e-05,4.22774058958491e-10,8.59801897667526e-06,6.82840715027598e-05,-795.116395986626,0.158950302453923,0.096547237912876,0.9425,0.602154062415513
"constant",400,"stan",147,702.071,8306.05403038619,3505.67197830482,178.059571940961,144.066237852781,9934.08598467484,1246.89220947362,7328.51217914432,930.25856933553,11.8307892369663,4.99332970355537,0.253620462803564,0.205201807014933,14.1496885424335,10.4384203010013,0.00617915468673454,0.00563210836731336,8.65326308925394e-06,0.00163873120264982,0.0120169388940782,3.30941163917364e-05,2.95591756135229e-05,2.45280225444031e-10,1.07331879960966e-05,6.44349933701257e-05,-784.609627262186,0.192208074598549,0.123260518667811,0.92,0.594795253979644
"constant",400,"stan",148,831.473,8534.06412907857,7102.67942849655,197.11315144094,125.549390884674,9441.09580268216,1129.09597324528,5573.66081356454,567.721116256426,10.2637898393316,8.54228511147872,0.237065005647736,0.150996353320762,11.3546631131524,6.70335755167581,0.00736437087372859,0.00686049493908296,1.03562915566236e-05,0.00159015612852139,0.0137878088351605,3.32768518469524e-05,2.87952777884384e-05,3.34580475217308e-10,9.84056807092426e-06,6.84506005127298e-05,-797.181325556719,0.167345429725508,0.123945742304686,0.93,0.616213371175285
"constant",400,"stan",149,709.823,8852.48403865596,7533.70280204994,127.73150965612,142.875002506388,8827.351897645,1887.16426489359,6559.11023020956,538.38372134595,12.4713964448263,10.6134949164087,0.179948395101483,0.201282576792226,12.4359902365026,9.24048703720443,0.00763627482480095,0.00718796613190015,1.27554808655247e-05,0.00168656907929312,0.0144068692540442,3.53074107922604e-05,3.05733775412986e-05,3.68432242580942e-10,9.05458120053453e-06,7.28411547482334e-05,-769.389601626915,0.198677485116158,0.15627887379003,0.925,0.625166077319506
"constant",400,"stan",14,778.371,9200.80875785473,8429.7108078186,64.9335777645047,142.191229720485,9946.79117537874,421.12306298854,6699.05966983783,555.577383714357,11.8205955230279,10.8299394605125,0.0834224010972977,0.182677964261882,12.7789847969397,8.60651240839886,0.00564502159096376,0.00513568265940945,6.90440825603004e-06,0.00161195204953775,0.0110103221943668,2.98719450039971e-05,2.59069159355156e-05,2.47727425582672e-10,7.48319627605152e-06,6.20102227173096e-05,-786.301247851861,0.189403590932523,0.134482630704535,0.915,0.582061762197672
"constant",400,"stan",150,1010.209,7982.19842747911,5996.21884722449,191.824297099109,135.883382912206,8393.05246388181,999.582310069418,4987.49847552652,1053.20855146964,7.90153169045129,5.93562208139552,0.189885753442217,0.134510168600959,8.30823370597749,4.93709566587362,0.00982602773014762,0.0092719219099269,1.74018173440377e-05,0.00272955712263916,0.0177983216260484,3.06927751118877e-05,2.64873107016503e-05,2.84817687829711e-10,8.76741795094005e-06,6.37502092819781e-05,-787.896605836815,0.159424500707841,0.112904161816945,0.935,0.657182761196978
"constant",400,"stan",151,712.355,3956.45377779805,2484.43112219699,191.247985863006,174.430858293617,10472.5141029452,2198.84545246402,7056.77554536869,646.017220119285,5.55404788033783,3.48763063668675,0.268472862355154,0.244865071900411,14.7012572424496,9.90626239075839,0.00541897115746047,0.00494964948672139,6.26859510129092e-06,0.00152503338833116,0.0104161027607108,3.37812507280334e-05,3.0038240457154e-05,2.71826979808863e-10,1.04531500971583e-05,6.56565952176683e-05,-788.976308907237,0.188423358277808,0.140607342735924,0.9125,0.575030358696122
"constant",400,"stan",152,741.804,9838.44849467643,6346.54516184338,162.424208714231,135.534230138968,9883.29806407063,1220.86300556946,5809.89732251875,609.483014595637,13.2628679471618,8.55555532437595,0.218958388892795,0.182708950260403,13.3233280813674,7.83211916155581,0.0108096584135975,0.0100621703659183,2.27731799395076e-05,0.00312596618220442,0.0206146443506956,3.58057630767576e-05,3.15219123118602e-05,3.34913017796659e-10,9.84751829563625e-06,7.22150694252994e-05,-799.553562051993,0.166328399528784,0.125066987577278,0.965,0.68174172248335
"constant",400,"stan",153,713.945,8529.84585872703,6064.48173914447,138.128989304059,130.149297282676,9927.10722644392,972.127991751537,6477.03008803631,452.004215964553,11.9474831516812,8.49432622841322,0.193472871585429,0.182295971374092,13.9045826029231,9.07216954812529,0.00704584268853853,0.00651822949272454,1.07989529612244e-05,0.00170979930378719,0.0134595403453098,3.55116019318292e-05,3.07804696699944e-05,3.83261401119058e-10,8.95006354562797e-06,7.42091395224703e-05,-795.085075317637,0.179119354997069,0.127376004465515,0.9275,0.603430923377039
"constant",400,"stan",154,798.705,8728.91745715901,7915.46840776959,148.03770815761,100.103175267,9582.9474021333,877.817138392781,5956.05766064564,446.751739938691,10.9288378777634,9.91037793399264,0.185347165921849,0.125331850015963,11.9981061870569,7.45714332656693,0.00826681889859448,0.00764245561508578,1.48315512197451e-05,0.00222616499844018,0.0159671872578515,3.4359586508479e-05,3.00657583633963e-05,3.02613707066939e-10,1.0390112814537e-05,6.73154507441589e-05,-781.680201269808,0.185595977141012,0.133898381533585,0.9525,0.645047638442403
"constant",400,"stan",155,728.861,9394.57763674827,9365.34357988162,143.791216837197,146.509102819028,10098.0943414123,2063.10144092641,7094.77642636481,702.616349360852,12.8893954221014,12.8492861874646,0.197282083740518,0.201011033405585,13.8546229547366,9.73405961680596,0.00572295393953226,0.00533028771511504,6.32252644299464e-06,0.00171535273926478,0.0107275596514362,3.18373334203117e-05,2.82687121777783e-05,2.33915497843495e-10,9.88083466767468e-06,6.31699305853097e-05,-784.100525331433,0.179481002346238,0.124407845010684,0.9175,0.580123674535803
"constant",400,"stan",156,901.134,7658.72349324152,7293.89966097358,116.800822507575,133.454896438258,8152.1465970056,804.987568638045,5072.33234267922,555.081241557039,8.49898405036489,8.09413434735963,0.129615376300944,0.148096616527906,9.04654202039386,5.62883249625386,0.00675394731171432,0.00595836237475732,1.27526622658803e-05,0.00143515166182798,0.0142068603370434,3.71464415723603e-05,3.29737597261855e-05,3.2132795004032e-10,1.22217863935242e-05,7.3561201154213e-05,-780.116602610662,0.207845754266206,0.15395017192939,0.895,0.619600523677357
"constant",400,"stan",157,678.33,9504.04308951809,9580.35430339515,185.910482869506,198.539588826892,9985.70626770038,2131.22117171889,7984.83812550029,1242.32633685528,14.0109431832856,14.1234418401002,0.27407085470126,0.292688792810125,14.721015239928,11.7713179801871,0.00411967851874354,0.00364912987711717,3.90420239837479e-06,0.00118463994367375,0.00797060117463884,3.09948120398803e-05,2.73262033349003e-05,2.20942052852399e-10,1.01173321985377e-05,6.15642222556822e-05,-796.44763628086,0.179308658289415,0.11823996778868,0.895,0.550868153217108
"constant",400,"stan",158,715.989,10709.1278600361,9789.8052109982,182.373893376635,239.739477367999,10686.7854269384,1744.41911256128,8396.05202577727,1050.95024545232,14.9571122741217,13.6731223677992,0.254716054822958,0.334836816442709,14.9259072792157,11.7265098008172,0.00483534987562308,0.00431553222712558,5.71214925733476e-06,0.00135750898990102,0.0096331422869599,3.08126158655802e-05,2.80137396409339e-05,1.79613632702567e-10,1.12558711299595e-05,5.77595135591309e-05,-790.477423603325,0.186285855859251,0.114616370719926,0.905,0.566953282092229
"constant",400,"stan",159,705.648,7598.80995359447,7103.0805654178,142.186450422276,184.688410615545,9110.48646246297,661.61090901427,6531.91045620456,517.774080953071,10.7685559281603,10.0660393927536,0.201497702001956,0.261728809003278,12.9108088770364,9.25661300847527,0.00777241065531857,0.0071868907717214,1.41534833642927e-05,0.00195041011137422,0.0149742917748219,3.59689555782755e-05,3.18277174484406e-05,3.12070153825222e-10,1.07447607798374e-05,7.17008499617327e-05,-774.886166392054,0.162174380798956,0.118982984604115,0.9475,0.635574071347518
"constant",400,"stan",15,580.636,6974.65066876442,4350.42334113178,108.812705855809,68.201595471143,6272.59571757758,479.989714952592,3586.12779935844,269.545130299554,12.0120878980367,7.49251396939181,0.187402616881849,0.117460156571661,10.8029741827541,6.17620643459662,0.0126324047786567,0.0119280380677947,2.97491996801514e-05,0.00287240964559237,0.0233722499107768,3.76671528989843e-05,3.20353190787222e-05,5.60243558081872e-10,5.13029646835221e-06,8.57848455882835e-05,-787.547128442977,0.175143191704223,0.131889271177634,0.9625,0.699019983817272
"constant",400,"stan",160,747.902,9349.38958094179,8737.04101139391,112.589403636291,164.141562519321,10147.6012062129,603.229056662874,8177.42819610826,777.211220247285,12.5008217399362,11.6820666496331,0.150540316293166,0.219469345608543,13.5680894103945,10.933823142749,0.00530617404117682,0.00469374094508389,7.86184269289856e-06,0.00130502742305674,0.0104529764271244,3.10599273945059e-05,2.7459959422222e-05,2.33673371834734e-10,1.01638672715526e-05,6.14707091832885e-05,-792.526774023927,0.170881090636117,0.124983959204551,0.9325,0.581741169475718
"constant",400,"stan",161,662.122,9298.03173324944,8496.14191811827,158.617961812936,153.924416995135,10588.1815459941,2006.39006257019,7605.22091199643,737.01445492874,14.0427772121292,12.8316864839384,0.239560023398914,0.23247138291,15.9912849082104,11.4861323321026,0.00507377772893889,0.00471050085357793,4.61043607032594e-06,0.00163616291730799,0.00933398255174521,2.89416455254177e-05,2.64971064307504e-05,1.61448068524184e-10,9.37389449176075e-06,5.38494920762501e-05,-803.032041524052,0.183297998813627,0.122858572138912,0.9025,0.567026089882784
"constant",400,"stan",162,751.152,9193.31488390831,8133.86422601192,105.990898047779,108.707776943824,8644.83341841085,1097.61628612387,5674.12931596614,584.394939650379,12.2389541449777,10.8285196950976,0.141104460945027,0.14472141050523,11.5087670916284,7.55390295967546,0.00633352234058167,0.00559433487010854,1.12764578561731e-05,0.00161588364467502,0.0124871411952933,3.27615596955497e-05,2.97871329825789e-05,2.35517674889216e-10,8.61346796448583e-06,6.09315646159068e-05,-816.492996026685,0.176831724177794,0.132587620717897,0.92,0.602239739950568
"constant",400,"stan",163,655.497,7032.71493010283,7767.24432998291,208.084126824405,150.190087363323,10209.6130721743,1523.93971373275,6059.23014871161,630.722425611786,10.728828553148,11.8493972207087,0.317444819464322,0.2291239889173,15.575377266676,9.24371911497934,0.00967485568268676,0.00904907392009622,1.67425014870348e-05,0.00285947103084706,0.0173687645123246,3.5597978851002e-05,3.09085301322785e-05,3.53368289582195e-10,1.09643692584045e-05,7.119762154844e-05,-771.71242109668,0.177604904862462,0.141522458341589,0.96,0.66239715074407
"constant",400,"stan",164,667.358,10107.1654795667,8435.12245816984,155.830655619352,141.583432044959,10183.7980225101,854.856796854946,6528.65113762934,691.739491555176,15.1450428099561,12.6395764464798,0.233503839947003,0.212155143183957,15.259872545935,9.78283190975359,0.00716669176033227,0.00642576557388814,1.25480218961962e-05,0.00171538974520833,0.0140068799368356,3.39464981193471e-05,3.13643459049019e-05,2.32925814216525e-10,1.11103796101649e-05,6.37425248943612e-05,-806.795101757409,0.163117230627094,0.109982793462713,0.955,0.615299611355724
"constant",400,"stan",165,564.863,9530.6865932988,8883.42405694014,156.537474164623,132.561031386554,8907.12701266763,1145.30124599783,7333.08834297327,578.055479557977,16.8725630698042,15.7266878109208,0.277124672999688,0.234678198760681,15.7686501198833,12.9820652848094,0.00478994105277286,0.00428917127153011,5.1938098401016e-06,0.00148012597445645,0.00951584536520463,3.24272478519866e-05,2.76115837245764e-05,3.23955404700987e-10,1.04419336454475e-05,6.88391996606603e-05,-801.369436797768,0.178369383620431,0.127364559949325,0.9075,0.564016843564094
"constant",400,"stan",166,658.802,10620.2105682259,8328.37079281036,204.981539355714,174.747369006625,10801.1590026898,1463.2686284338,6464.53755774264,648.481745166334,16.1204892641884,12.6416902086065,0.311142861369143,0.26525021024014,16.3951521135178,9.81256516789967,0.00726380556967145,0.00676991562199391,8.65603283692743e-06,0.00246756289345243,0.0131686975248188,3.06488203921214e-05,2.68144066959595e-05,2.52198073029114e-10,8.9789833948568e-06,6.26273841097621e-05,-781.804743792795,0.184282378980915,0.133989579735534,0.94,0.608968745454276
"constant",400,"stan",167,669.097,9541.82030866744,8478.03203975322,125.007599654588,108.58210353069,9986.63651124106,997.618018119116,6237.12015145212,443.542237299576,14.2607429246693,12.6708564524325,0.186830309588278,0.162281557876795,14.925543697313,9.32169797720229,0.00689778472603441,0.00617546147381179,1.22749577299677e-05,0.00172664308576257,0.013960673848491,3.39408441206174e-05,2.83549815099373e-05,4.96249962103408e-10,8.77769176848685e-06,7.29758825998116e-05,-815.394171265421,0.163860063772182,0.112980361405245,0.9325,0.604557744587239
"constant",400,"stan",168,609.105,8291.2999400905,7705.23405404413,127.758744236405,135.465208284387,8381.15113940739,894.891701063355,6043.37771955797,795.789955520311,13.612267080537,12.6500916164604,0.209748309792901,0.222400420755678,13.7597805623126,9.92173388752017,0.00774531194390979,0.00701783905392704,1.36568267258828e-05,0.00201867733238869,0.0152473520483617,2.99137431376075e-05,2.52709733365058e-05,2.93996219479352e-10,8.6837764055261e-06,6.38226680796231e-05,-789.693517450543,0.172498171564098,0.124781157840341,0.9375,0.630177663406566
"constant",400,"stan",169,772.772,7834.72983822855,7843.54831282982,221.097744408505,76.0659810555784,8943.26905593099,1174.88273501214,5775.71067931896,632.385215462062,10.138475304784,10.1498867878622,0.28610993204788,0.0984326309125827,11.5729724368002,7.47401650075179,0.0053068475917153,0.0048567856255454,5.63060592321363e-06,0.00153433874583137,0.00994554779403463,3.55657380049023e-05,3.11268985173009e-05,3.59435955151539e-10,8.79192197394258e-06,7.43837743924767e-05,-775.885874508886,0.151874721759976,0.103664750213667,0.9375,0.583019157020628
"constant",400,"stan",16,787.225,7811.69646402449,6663.70230557586,161.543724931948,132.682641357556,10043.4776484981,1192.70041628139,5568.84813517575,498.564225543297,9.92307975994727,8.46480015951712,0.205206548232015,0.168544750684437,12.7580776124972,7.07402348143891,0.00802859819013244,0.00757238553542721,1.12571291766702e-05,0.00256639426924942,0.0146533279256021,3.33288678136172e-05,2.8981353732663e-05,2.7697137412078e-10,1.10594758205338e-05,6.80405670223878e-05,-780.867888444562,0.191111926582175,0.136991135836473,0.9425,0.625222684363463
"constant",400,"stan",170,647.179,10948.3877715273,9349.84593470847,138.661799494348,135.299016045969,10691.4141366657,782.632963920979,7518.05129208448,544.554638599833,16.9170936812339,14.4470786825723,0.2142557151798,0.209059651264904,16.5200263554065,11.6166490137728,0.0056937668196971,0.00529077192805799,6.43014875023423e-06,0.001788688322288,0.0107881611310132,3.4203743810668e-05,2.97054833148656e-05,3.06508199951766e-10,1.03361554787023e-05,7.07314475379444e-05,-809.207277227,0.183571870482754,0.125340032633693,0.915,0.584558176631846
"constant",400,"stan",171,652.926,9198.87866847423,9446.78099025071,175.728009124435,202.157404218109,10740.5947273845,2138.09781586333,8309.47462428411,897.843435507912,14.0887002025869,14.4683792500999,0.269139242616215,0.309617635410611,16.4499418423902,12.7265182031105,0.00412747039635852,0.00373738070906927,3.40129073106998e-06,0.00111273514139824,0.00768127713441938,3.1033908484787e-05,2.76744009861019e-05,2.24251350385506e-10,9.61139050182218e-06,6.05469702976704e-05,-768.407097418398,0.181130249970751,0.122367183132554,0.9125,0.556151772070734
"constant",400,"stan",172,663.05,8702.19153436723,7636.39071639449,190.278307842862,103.342434591322,10361.6582952253,1223.71265753618,6375.20654709178,435.999852354233,13.124487647036,11.5170661585016,0.286974297327293,0.155859187981783,15.6272653574019,9.61497103852165,0.00898286294848024,0.00843584695574386,1.29326935070526e-05,0.00264808331883698,0.015987345075419,3.36310124879116e-05,2.93261264215101e-05,3.02470007711256e-10,9.53807461511101e-06,6.75947417604435e-05,-770.592533039333,0.164929294247749,0.113623719671529,0.95,0.647084801281335
"constant",400,"stan",173,626.303,10137.6766596751,9124.33941096039,135.866456782184,134.215738492462,9585.86315305777,1079.16322413692,7399.68076699344,909.6492463434,16.1865369632192,14.5685705017546,0.216934066709219,0.214298412258064,15.3054721964573,11.8148576120399,0.00574810868127641,0.00526245989651889,7.22772699486487e-06,0.00146563407131099,0.0111437518012104,3.27824228908751e-05,2.9390174480042e-05,2.57537005033771e-10,1.02956145101667e-05,6.57078982348817e-05,-779.772656412899,0.188427997935862,0.133696301140629,0.935,0.588703968386142
"constant",400,"stan",174,631.838,10980.2761555517,9767.96378938689,148.763386182816,168.026371321063,10274.0483576656,1282.24364533207,7149.5867429728,598.779202042835,17.3783092431156,15.4596016532511,0.235445456244822,0.265932677871643,16.2605736876631,11.3155377533051,0.0054829238615904,0.00496866750820201,6.73416129857561e-06,0.00140060960716833,0.0105553577685518,3.43476423335931e-05,3.06121969713435e-05,2.89604714710765e-10,1.03308604271281e-05,6.73141541285908e-05,-773.814670852952,0.166311577570036,0.113183016218321,0.93,0.58200283250151
"constant",400,"stan",175,640.067,11684.8264630996,10599.1271960435,135.046058560671,188.894242018919,11058.7555546524,2536.29605010368,9531.40820173957,1268.58335227531,18.2556302123053,16.5594026813498,0.210987378759835,0.295116358160816,17.2774968161964,14.8912663857683,0.00358595744486313,0.00335485631045208,2.18023397990715e-06,0.00113994488561427,0.00646264444486502,2.68012744356476e-05,2.38421138033233e-05,1.75534616419985e-10,9.27802271675413e-06,5.04878943761243e-05,-784.665801272246,0.203922975164241,0.143405416638211,0.8675,0.529422903532357
"constant",400,"stan",176,757.458,7948.61361217771,4557.73780839915,129.328896825225,142.928950707091,8724.67551293071,775.336950404947,4705.001984952,927.398539134837,10.4938011245214,6.01714921276051,0.170740683741178,0.188695545768995,11.518362091272,6.2115681462893,0.00765380166615277,0.00675720908574202,1.57349991889669e-05,0.00162327621645617,0.0154970830709148,3.18609420201335e-05,2.85197206975149e-05,2.14654631854493e-10,9.48961474027155e-06,6.08795136505982e-05,-798.539452827672,0.205212990738641,0.157135476152182,0.9075,0.626898339376661
"constant",400,"stan",177,625.183,9101.32001319329,8075.87834793462,151.802843414303,169.569702811711,9545.77817352043,846.222133221943,7956.46281044258,1210.60620289085,14.5578494827807,12.9176230766586,0.242813453683646,0.271232107737592,15.2687743804941,12.7266141440867,0.0055729230663881,0.00502863247832919,7.76598358192977e-06,0.00158044369287858,0.0109743384691522,3.04990227607655e-05,2.70482886820948e-05,2.18968526638275e-10,9.35595836083433e-06,6.04512704461753e-05,-776.256641210894,0.173774497594846,0.123682608720066,0.8925,0.588648912126389
"constant",400,"stan",178,639.484,10546.7106581119,6838.17850271456,142.104129769806,171.798942823669,9938.61650012462,1232.31350459708,6667.93492633738,721.284674559834,16.4925325076342,10.6932753637535,0.222216865112819,0.268652449199149,15.5416187115309,10.4270551356052,0.00832349479602739,0.00745378898007373,1.56607335134726e-05,0.0020993954981492,0.0158823749571674,3.01782896273166e-05,2.74218689745211e-05,2.07471451721459e-10,9.08912007229537e-06,5.71585446893166e-05,-799.195214359454,0.157033284032603,0.113133987057003,0.9575,0.628121213954678
"constant",400,"stan",179,645.534,10122.4242727906,8452.4132023327,187.852471754315,187.157770522997,9960.82613778924,1179.74449280578,6438.74487565415,953.445625490759,15.6806988830806,13.0936762468479,0.291003218659768,0.289927053451867,15.4303663909093,9.97429240853952,0.00880987382776547,0.00818452455115419,1.50734633552148e-05,0.00222500605790349,0.0160788524248237,3.32462544678773e-05,2.94180329401273e-05,2.93057347960295e-10,9.86973684186655e-06,6.53556922729719e-05,-776.180405759586,0.210651946945421,0.143662875261302,0.905,0.641345768685912
"constant",400,"stan",17,728.794,9832.71058303339,9657.38075392781,144.302608236262,217.173488238808,10257.9508486944,919.247212583741,8282.96569335224,848.276098147315,13.4917556717445,13.2511803800907,0.198001915817449,0.297990225274643,14.0752405325707,11.3653044527702,0.00589591567019955,0.00539927542344761,8.04242819766682e-06,0.00124874007977612,0.0115324457822262,3.19029284830655e-05,2.90344677750937e-05,1.96581859337112e-10,1.07437765494967e-05,6.08966610221491e-05,-786.791146262435,0.149599762081204,0.0993085064389207,0.9475,0.592663706395617
"constant",400,"stan",180,618.726,8476.13893237779,10576.5188970346,176.182697346693,188.566709403374,10692.4301293728,1281.84123088818,8456.00051664307,1030.29477824388,13.6993417641699,17.0940269150392,0.284750757761421,0.304766099054144,17.2813654660913,13.6667935671736,0.0050807148137967,0.00464080515072933,5.78222385372969e-06,0.00135969370553944,0.00985849452035637,3.03506890526092e-05,2.71393435444743e-05,1.93283733086863e-10,9.99595932508003e-06,5.85331565489342e-05,-802.108599886292,0.177968663357089,0.130325518961425,0.92,0.56245065733186
"constant",400,"stan",181,682.082,8293.54833677446,8753.73427427581,179.720049187786,174.463803601374,9703.61345067888,1276.64294952137,6479.67414115952,535.103899589846,12.1591661072634,12.8338444267343,0.263487453396785,0.255781274980682,14.2264617020811,9.49984626651858,0.00622367829027087,0.0058174566406863,7.69740803655061e-06,0.00186116732316627,0.0117700082386709,3.46515501815107e-05,3.01019655976484e-05,3.08263363278732e-10,1.07342478943892e-05,7.10059400465268e-05,-767.260733376027,0.151983437044741,0.101134071136903,0.93,0.599480040106146
"constant",400,"stan",182,634.427,10409.8307475195,9905.8234560702,143.172192765342,132.759352994483,10183.6800809662,771.681336130389,8086.42352520073,685.480554394116,16.408240424067,15.6138112912442,0.225671657677467,0.209258674354155,16.0517759820535,12.7460267693537,0.00658723804616404,0.00595285463332345,9.98371071037898e-06,0.00147845489181077,0.0129086953101488,3.05899082293984e-05,2.7910941461531e-05,1.83835354164575e-10,9.42087571640354e-06,5.76152611816669e-05,-789.333219616651,0.17208458688888,0.109985198605982,0.9325,0.600795044970891
"constant",400,"stan",183,813.054,9154.87360512891,7086.38638019761,136.152878195506,110.990421601058,8956.854731006,813.276978710666,5080.05645242782,649.238778323959,11.2598592530495,8.71576350426615,0.167458592166703,0.136510516645952,11.0163097789396,6.24811691772971,0.00811497706598473,0.00746124482711869,1.63803899823693e-05,0.00170757406237313,0.0159673471485578,3.41789974636151e-05,2.99637079019479e-05,3.13318661155791e-10,9.53304560146903e-06,6.9112877079225e-05,-801.450847208528,0.154504637628736,0.113227655507547,0.9575,0.631124673032416
"constant",400,"stan",184,678.51,9120.66208056863,8484.25757619445,117.310819357118,76.00103037225,10031.7507216867,975.720493776435,5885.3865682949,460.727338959015,13.4421925698496,12.5042483916146,0.172894753735565,0.11201165844608,14.7849710714457,8.67398648257933,0.00813669761263855,0.00762523311470138,1.2272788744899e-05,0.0022193925366926,0.0149785143893789,3.22978655064531e-05,2.83470630615428e-05,2.64635604443051e-10,9.75966938558983e-06,6.55444219975886e-05,-774.170074455015,0.159671342393986,0.113299624393072,0.9475,0.635969702192534
"constant",400,"stan",185,602.183,9805.38731639619,8415.1096509173,79.6385203550819,135.364380420297,8415.32065702433,911.798883655568,6390.32121716822,629.079267149889,16.2830689614223,13.9743394465093,0.132249698771108,0.22478944178148,13.9746898484752,10.6119256391632,0.00776395886205493,0.00708507075342822,1.48497994442536e-05,0.00179810183909421,0.0151625984702581,3.48458821075046e-05,2.97977046026537e-05,3.60749662110734e-10,1.06190327015626e-05,7.15003061653237e-05,-785.135829740445,0.170672569396704,0.118866672351975,0.95,0.630454206841926
"constant",400,"stan",186,719.476,6762.84761644105,5297.31649434351,147.522187418295,66.6005023653938,10294.7834088289,684.635579097641,5369.87270772014,274.222333674868,9.39968479343445,7.36274246026762,0.205041151363347,0.0925680667115982,14.3087238612947,7.46358837226001,0.00863367431524013,0.00795466944231603,1.61036710537591e-05,0.00193407640714621,0.0164728470826588,3.55006288745668e-05,3.06596802199736e-05,3.51197193923667e-10,1.09159981138513e-05,7.45787120142602e-05,-778.982153839222,0.133592220888674,0.0914661835605797,0.9575,0.643680084075441
"constant",400,"stan",187,763.765,7408.71019166614,5021.60946242693,145.629231027881,88.0986535210137,9288.86341053704,1828.22141457647,4137.80440477704,261.50272056403,9.70024836391578,6.57480961084487,0.190672826102114,0.115347853752154,12.1619390919158,5.41764077272072,0.00891845561893965,0.00824425137172896,1.62596170409933e-05,0.00228431259497727,0.0166859375539419,3.98508031093905e-05,3.41249690874304e-05,5.1050604941025e-10,8.8176342348479e-06,8.66271584761345e-05,-774.234796119506,0.190882248710051,0.141321095421153,0.915,0.651835656822333
"constant",400,"stan",188,766.567,10773.9679513424,7987.68153905811,160.80593476851,122.637173841987,9598.53865399734,821.531983142043,6025.20252837467,606.559535232999,14.0548288034084,10.4200696600012,0.209774142075657,0.159982328800988,12.5214608168592,7.85998161722938,0.00917152115756239,0.00860955261698786,1.64454917579162e-05,0.00234542014585034,0.0170681858946183,3.23211869442207e-05,2.79494879945954e-05,3.27838849320435e-10,1.01605466296324e-05,6.49039693419032e-05,-797.705343271929,0.152984242368954,0.108928663703907,0.945,0.648662053348755
"constant",400,"stan",189,647.046,9269.02397174838,8054.97931196187,200.905191757849,118.052600081993,10037.8963710082,1835.06302185962,6109.18648250292,662.918282737111,14.3251391272775,12.4488511048084,0.310495995273672,0.182448543197845,15.5134200211549,9.44165713489137,0.00885086380070941,0.00828138389205316,1.32032507783837e-05,0.00249877337115168,0.0163505791433287,3.37676431592986e-05,2.94549483910534e-05,3.33425761870357e-10,9.46304519125659e-06,6.67923188437659e-05,-784.804612932202,0.168518197238435,0.120612736091723,0.9425,0.641018396973143
"constant",400,"stan",18,788.795,8349.07638575566,7450.97647488279,121.61260385365,146.774165842378,9498.77608976279,584.883617932633,5309.52978153548,700.383633526641,10.5845959796343,9.44602396678832,0.154175170803124,0.186073904933954,12.0421352693194,6.73119097044921,0.0124830637405868,0.0116427279992985,3.05994156000778e-05,0.00342403319042856,0.0234737494455858,2.72803789561409e-05,2.38625220982851e-05,2.05462987590137e-10,7.94853461975349e-06,5.48335762017162e-05,-794.917234024543,0.163956110581469,0.129278599653708,0.96,0.686855603551802
"constant",400,"stan",190,669.705,11006.3343483693,9378.09463561891,168.901119391877,187.02466393612,9756.1968265032,1096.15071429999,7411.94462515145,1029.22495254321,16.4346008292745,14.0033218142599,0.252202267254802,0.279264249088957,14.5679020262701,11.0674769117021,0.00657770349864817,0.00597440203303139,9.20399653075402e-06,0.00196749643529535,0.0125967949607413,3.7956372308155e-05,3.31876142512816e-05,3.88545423976838e-10,1.20335951249789e-05,7.5830868402819e-05,-766.054076407499,0.167173831045997,0.121932241736868,0.9375,0.609023267441404
"constant",400,"stan",191,822.291,8066.50606055919,5652.71310664199,125.596285638996,146.02117116547,8108.3804158888,517.241774632948,4255.23210731745,631.732945322021,9.80979490297132,6.87434631613625,0.152739462841009,0.177578462083946,9.86071891324215,5.17484942352214,0.0101356364873043,0.00930283550081306,2.47066615317805e-05,0.00221607608523631,0.0195878758599341,3.18246422329715e-05,2.74887287583337e-05,2.76925777863505e-10,9.89536846995258e-06,6.50568678545521e-05,-796.501730453297,0.162819960608086,0.122855038908976,0.96,0.656937099936076
"constant",400,"stan",192,708.966,10532.8437087058,7622.554147721,183.638489094516,109.217926291088,10670.9293319556,1077.87701076978,5122.37503744548,451.508084396737,14.8566274104906,10.7516497938138,0.259022984310272,0.154052417592787,15.0513978554057,7.22513496760843,0.0101607587565673,0.00964657807971194,1.60812309206998e-05,0.00308849781627082,0.018085547611492,3.45685220831577e-05,2.97429443891917e-05,3.67870309207244e-10,8.19056392004355e-06,7.02911818596825e-05,-785.61119611471,0.153270811206468,0.103958823275967,0.9625,0.658235793720363
"constant",400,"stan",193,595.98,11049.5530795209,9807.94960795421,178.506306178131,139.885651578533,9528.62359298241,2181.08256838855,6436.04652190634,610.544330865259,18.5401407421741,16.4568435315853,0.299517276046396,0.234715345445372,15.9881599935944,10.799098160855,0.0058727807551346,0.00542236981263339,6.98530354349334e-06,0.00166490373682796,0.0110397164405223,3.53933778671143e-05,2.98006025305443e-05,4.65151936767801e-10,9.79378941884919e-06,7.61119173024427e-05,-795.220584021535,0.169360257468545,0.116884305539315,0.93,0.585223674359408
"constant",400,"stan",194,657.688,11502.7335153711,9798.13106364892,129.510707582657,174.814271877842,10646.0169135391,1337.1383951392,8134.85733840458,878.479590603531,17.4896508912601,14.8978407142124,0.196918155086693,0.265801218629262,16.1870323216162,12.3688699480674,0.00546498936169077,0.00510862002797566,5.67644356766276e-06,0.00156933747152988,0.00998458464587764,3.20127945058984e-05,2.83269234173818e-05,2.78695773634431e-10,1.04418277239861e-05,6.12172076899858e-05,-786.628832480152,0.195307616515632,0.146704385699836,0.91,0.581110255298494
"constant",400,"stan",195,739.887,7649.28090647473,6100.20446511653,187.412364309585,163.086466092897,9130.59577222195,1698.89167711499,5158.96504067387,794.630084713819,10.3384447982932,8.24477854742215,0.253298631155277,0.220420775189856,12.3405273673168,6.97263912012762,0.00855051719280373,0.00816337734478901,1.16772383754995e-05,0.0025326367190747,0.0153722454017092,3.17158615074283e-05,2.8371906026969e-05,2.28836409916213e-10,1.04134394111785e-05,6.00491222720026e-05,-771.568664628513,0.184170207591941,0.139983057144574,0.93,0.636679117591984
"constant",400,"stan",196,749.172,9197.36792584009,8086.08483799444,120.446895102402,191.096062029487,8931.03206259099,1402.33628977339,6504.36195121605,1017.93825740642,12.2767107230917,10.7933623226635,0.160773353919263,0.255076353667097,11.9212037590713,8.6820676042565,0.00485440820370657,0.00438504697696926,5.62292101481065e-06,0.00130352830878315,0.00961562019850732,3.0031030952151e-05,2.70368235835377e-05,2.07017035223241e-10,9.87405512803229e-06,5.83993501492977e-05,-798.896371440744,0.180310580644353,0.130447315932325,0.9,0.568982981580238
"constant",400,"stan",197,853.443,7814.24290294863,4320.9214757014,118.100845281103,136.219856273715,9313.809913422,660.142247836663,3567.8409185615,766.314459001571,9.1561391949417,5.06292918882854,0.138381643860344,0.159612131417933,10.9132184731986,4.18052631348725,0.0133381286968198,0.0126489235631754,3.06698797163707e-05,0.00357799566910185,0.0237784380976922,2.92487812989806e-05,2.58566731566856e-05,2.15213208112495e-10,9.96550856512751e-06,5.94421650670781e-05,-786.946542127539,0.165333932437808,0.12869420191,0.96,0.709041366248322
"constant",400,"stan",198,629.266,9329.01352294994,8761.18340885025,164.775640407575,145.114717309002,10233.7286046845,1843.98302018512,7104.47998430096,569.273009893051,14.8252305431248,13.9228615702267,0.261853715928677,0.230609499494653,16.2629612988538,11.2901062258265,0.00626779615453577,0.00584351392269132,7.64843428075499e-06,0.00173294863470684,0.0114747641979756,3.48646326944578e-05,3.07917974650896e-05,2.88761421346251e-10,1.12416991270097e-05,7.00686064841461e-05,-785.895710468028,0.174430541291064,0.115909890415287,0.9375,0.591312718923976
"constant",400,"stan",199,933.428,8296.04703926219,7138.7031789361,94.1523345509572,156.816375036141,8200.71023136483,767.898433649317,5748.41411500952,719.834767000151,8.88772035900165,7.64783483989777,0.100867270481448,0.168000504630396,8.78558413864254,6.15839048647514,0.00661856563300192,0.00597011295900141,1.09946815028334e-05,0.00162383377251341,0.0132646878562791,3.06793242557917e-05,2.82275397835671e-05,1.75028816944716e-10,1.06821893073674e-05,5.76630292042829e-05,-798.212247611848,0.221260225046507,0.16028642157675,0.8425,0.610725856877263
"constant",400,"stan",19,915.36,9594.066795185,5501.27120449968,219.046961327867,18.3875915151677,9604.47447290635,1184.22812580176,3771.75090007878,253.407346606657,10.4811951529289,6.00995368434242,0.239301434766503,0.0200878250253099,10.4925651906423,4.12051094659891,0.0133192345785492,0.0127457794017083,2.46978620726848e-05,0.00437413984480918,0.0231040214673671,3.76102991042797e-05,3.16747410152403e-05,5.11885845937544e-10,1.01448403612651e-05,8.11031021584689e-05,-772.344651223544,0.154857307972788,0.112593269207334,0.9575,0.700878307413759
"constant",400,"stan",1,774.244,8552.23898246708,4114.91642895994,114.057375998737,16.5994314295697,8849.64204305567,948.912150877846,5173.02777067896,206.224610453354,11.0459221930904,5.31475404260148,0.147314510669424,0.0214395351201555,11.430042781159,6.68139213307298,0.0094083932586942,0.00865546474280918,2.20717016219749e-05,0.0016231659794408,0.017892359381112,3.4106958540876e-05,2.95041801311239e-05,3.29680696163454e-10,9.18014551237794e-06,6.91839555764727e-05,-805.121099247571,0.190943030608581,0.13773829748098,0.9225,0.651369682348286
"constant",400,"stan",200,674.184,10142.6291490359,8626.62664424778,189.678521638456,153.648364922794,10575.854682258,1253.16527152561,6593.23385141358,604.510893664826,15.0443041499589,12.7956561476508,0.281345332488543,0.227902716354577,15.6868965775782,9.77957627504298,0.0066009137112109,0.00608395928409056,8.28863969546835e-06,0.00200686804976529,0.0125022760784899,3.47410646255868e-05,3.05659115806553e-05,3.36494650080551e-10,9.55248348411091e-06,6.91138713512714e-05,-781.736158824965,0.162632540854021,0.107930416002196,0.945,0.60205714945041
"constant",400,"stan",20,735.204,8010.86570886389,5290.77138578062,127.186950319889,122.631705891202,10264.7738786857,874.691650838237,6744.28481204871,403.690605263418,10.8961127916386,7.19633106699722,0.172995454757984,0.166799562966472,13.9618036336659,9.17335163036207,0.00636310529750751,0.00566653868546467,1.07689269061659e-05,0.00152566874300209,0.0127649901950742,3.43652167967967e-05,2.87518252240245e-05,4.47717833461324e-10,9.40948525835724e-06,7.60684115831312e-05,-783.480144255834,0.152572327130431,0.100780643709415,0.935,0.596373333191234
"constant",400,"stan",21,700.858,9711.96720199877,7988.57787717748,157.14174459974,132.31123907914,9092.65996865709,929.986974030557,6279.36082324332,649.08142214434,13.8572538260229,11.3982830718597,0.224213385021987,0.188784659772936,12.9736122990065,8.95953363340836,0.00875555439073892,0.008128041518994,1.58558671550044e-05,0.0024503016234984,0.0167807606449887,3.3579664160562e-05,2.90798869394668e-05,3.05097008938218e-10,1.01733050198915e-05,6.80532490434783e-05,-803.048671953598,0.172582373827369,0.129172931717826,0.9375,0.645237022132669
"constant",400,"stan",22,761.717,9139.52077382858,8830.25699004587,156.539414386194,144.26319259117,9492.12133264996,1683.06716275934,6442.22249203892,814.091597111936,11.998577915195,11.5925691431934,0.205508626414002,0.189392113594905,12.4614802251361,8.45750126626938,0.00717493407917224,0.00657253121646946,1.06746744492568e-05,0.00179796205844485,0.0134044241882677,2.99133576109964e-05,2.57258226855144e-05,2.59891953194126e-10,8.94688133486359e-06,6.12184273219989e-05,-783.055797015547,0.171527263568105,0.122365763726605,0.9125,0.615311309583088
"constant",400,"stan",23,630.34,8416.2048280287,6644.78268467125,200.43230890472,135.42491864382,9111.80368897715,1217.51376731858,5824.96141103202,590.827458178747,13.3518495225255,10.5415849932913,0.31797491656046,0.214844240638101,14.4553791429659,9.24098329636707,0.00903052335315243,0.00834271772771033,1.55366674576838e-05,0.00271191804331241,0.0168678862242968,3.07881352311375e-05,2.74296197737477e-05,2.00134513828132e-10,9.74550525501452e-06,5.86962670428476e-05,-796.117661100869,0.170839624640343,0.118022890866052,0.945,0.644375927145402
"constant",400,"stan",24,767.578,9640.25034520043,7580.36153540068,117.958675184719,139.761204406296,9527.28474578448,956.097772279112,6815.25044926347,632.288129100356,12.5593103830496,9.87568890119398,0.153676466997125,0.182080784501765,12.4121388911413,8.87890279458696,0.00560274003701347,0.00500635928199482,7.58098703861763e-06,0.00125698157312143,0.0110745000505867,3.53475748835125e-05,3.08722659393096e-05,3.68522066554714e-10,1.07209324677536e-05,7.21676172057148e-05,-784.999673458527,0.15120122883897,0.0980533943986927,0.935,0.582660063810417
"constant",400,"stan",25,743.759,9676.46018100134,8697.40487308908,149.284284423408,158.262070868477,9864.04366496169,1210.96585912664,6900.92972975096,924.475362712349,13.0102091954535,11.6938482399394,0.200715936779801,0.212786764084168,13.262419231178,9.27844870415142,0.00651162415671279,0.00593094802061438,9.41983688934597e-06,0.00171637184445506,0.0123230148720014,3.19794567136553e-05,2.90918195329074e-05,1.99745479881108e-10,1.03629793322677e-05,6.01093640590361e-05,-780.38186326496,0.193795363026198,0.141849485795822,0.935,0.604194653415147
"constant",400,"stan",26,764.433,10060.4716145444,7826.68603517239,133.932204782331,204.209147779468,10262.2591120535,1112.89341365878,6899.31898117598,665.52263942183,13.1606976864479,10.2385507103597,0.175204635046277,0.267138058900476,13.4246678414636,9.02540704178912,0.00617666490530671,0.00570143129081006,7.62383937837521e-06,0.00179660367489098,0.011642583741128,3.36721330141988e-05,3.03678329943248e-05,2.55905370324049e-10,9.49952618214202e-06,6.44611217467432e-05,-771.748302650437,0.185699103173272,0.140341152090188,0.9325,0.604474805560087
"constant",400,"stan",27,744.479,9754.10648680325,8949.5813236154,168.39640813781,198.287151775446,10108.2796577325,1532.74355607743,7916.37498871752,1194.25271148119,13.1019229377904,12.0212676564623,0.226193630898668,0.266343512409948,13.577655860988,10.6334429698051,0.00502591339351887,0.00456776372847145,5.96545150908114e-06,0.00123488600845704,0.00986586117676457,3.00139816920128e-05,2.66899099625323e-05,1.85565755292781e-10,1.0691635568191e-05,5.70046086993764e-05,-790.496805086311,0.174404962971536,0.123024297081713,0.9225,0.580418992113861
"constant",400,"stan",28,858.039,8871.34811630993,6219.22223916087,189.050959152945,128.111581612076,9052.63395597113,1083.20929812797,4140.78018194117,332.185368729995,10.339096610189,7.24818130546615,0.220329098272858,0.149307410982573,10.5503758640005,4.82586477064699,0.00902885217602183,0.00839662627865431,1.67987567559704e-05,0.00214251954736791,0.0171812185046438,3.78123576849428e-05,3.23159793590061e-05,5.10704534855063e-10,1.00069035006215e-05,7.9549610764656e-05,-783.348927827367,0.156886248227785,0.111869605630955,0.955,0.643735671921268
"constant",400,"stan",29,738.017,10222.1495736348,6770.98386970665,130.651922350224,130.672707780598,9980.27290057646,1289.4497601796,6371.91443363664,501.489961488359,13.8508321266784,9.1745635530166,0.177031047184853,0.177059211075893,13.5230935067572,8.63383151558384,0.00686170357112323,0.00629047311814992,1.01960452796065e-05,0.00202576331045826,0.0129759968963747,3.51774153997059e-05,3.12198579121462e-05,3.44286444561577e-10,9.8399764530094e-06,7.00891190817697e-05,-779.539665067133,0.173577090603315,0.122494084463229,0.945,0.617697951351843
"constant",400,"stan",2,731.386,11398.7602499031,9838.5145970849,164.671299482473,120.303233326749,9667.0024723302,1720.74536787039,7125.44531130677,526.829037503527,15.5851496335767,13.4518771169873,0.225149646674223,0.164486650450992,13.2173742351237,9.74238679890888,0.00675297886175151,0.00602792983898509,1.13872166848323e-05,0.00161685048026699,0.0136056853861372,3.49632790731733e-05,3.07074066386883e-05,3.38947845277543e-10,1.11399150945475e-05,6.87314046589045e-05,-797.682947926721,0.179227107867583,0.129902023833515,0.93,0.603799572706223
"constant",400,"stan",30,709.613,10351.260468653,8822.93743985578,146.458993930334,172.334770064211,9320.88989125679,1074.12579019808,7303.42885600105,849.613738179635,14.5871911431344,12.4334495561042,0.206392771736615,0.242857402646528,13.1351735259314,10.292129450843,0.00655700775302948,0.00596851301023928,9.67689419613491e-06,0.00156326555504866,0.0124299904496552,2.79386258667972e-05,2.49990855006944e-05,1.6586276113273e-10,8.72881088707408e-06,5.46887212481604e-05,-809.727863607065,0.185969954744695,0.130812857419693,0.915,0.589645027660694
"constant",400,"stan",31,637.998,9255.28669042786,8603.21910510628,143.553829191756,188.884055884508,9146.48471145717,1210.61884383554,6831.25300987009,789.982112651666,14.5067644262644,13.4847117155638,0.225006707218135,0.296057442005317,14.3362278744717,10.7073266842061,0.00532346188566932,0.00475297092759032,6.83107346766263e-06,0.00139558934391724,0.0106285768667404,3.09000028561008e-05,2.77670200422949e-05,1.9935012776817e-10,1.07279930664785e-05,5.88959222429539e-05,-792.489835265353,0.180357396772256,0.120147528317824,0.8775,0.572530704229927
"constant",400,"stan",32,781.769,9633.47119435421,8073.15713691026,171.075523616605,163.706519466791,10025.3801856437,1030.91522683746,6488.84761546841,713.773431406225,12.3226569413141,10.3267808481921,0.218831296222548,0.209405232833216,12.8239674195878,8.30021095166015,0.00735526341604459,0.00680103611511045,1.15910356814028e-05,0.00178776483886599,0.0139305127121723,3.3142131025932e-05,2.8868996903001e-05,3.13065213848321e-10,9.85473574762437e-06,6.60192016936079e-05,-815.434066789377,0.158206847092232,0.105061977359916,0.9425,0.61892181735615
"constant",400,"stan",33,799.485,9793.35258916352,7811.44099592949,121.921336468051,130.795961634297,9787.23623668869,642.53761869954,5634.7060453392,884.691095530771,12.2495764012627,9.77059106290861,0.152499842358582,0.163600269716501,12.2419260357464,7.04791965495187,0.00910695145044189,0.0082694653180764,1.83490477579442e-05,0.00248731914186778,0.0175123730512834,3.12845703536819e-05,2.77447107779683e-05,2.54384269347781e-10,9.8707172303013e-06,6.04393654442218e-05,-795.530398669899,0.18974612539511,0.138101144659407,0.9,0.649536960883824
"constant",400,"stan",34,724.413,11083.4180374247,10232.1810612907,172.489713403201,151.710842464963,10063.4113977605,1176.1754839332,6882.09562395403,586.089253515355,15.2998607664754,14.1247893967815,0.238109632769154,0.209425897195334,13.8918150250761,9.50023760472829,0.00766495366234972,0.00697555742247806,1.19971136051634e-05,0.00227416184264047,0.0147396498743318,3.27390424203632e-05,2.86194780833813e-05,2.83110960547054e-10,1.00880003348561e-05,6.50435888954895e-05,-796.2137230721,0.170439776935954,0.115501186662167,0.94,0.617336823438211
"constant",400,"stan",35,765.873,9434.41722770256,9536.33705688,181.430208112763,191.414917747285,10278.593380793,2580.12514170882,8181.45776324794,1120.47738117267,12.3185139412181,12.451590612125,0.236893333637251,0.24993036410382,13.4207543297558,10.682525383775,0.00439840447420479,0.0039430855642221,4.11053350792292e-06,0.0012776356597437,0.00846454802742353,2.96235427904546e-05,2.60780088375528e-05,2.11313619661465e-10,1.02730131593698e-05,5.81724078548931e-05,-773.446535092459,0.182365142503506,0.129378031331249,0.895,0.563724429923298
"constant",400,"stan",36,769.969,11518.3187971347,10159.9676749079,150.988371449286,235.698817316797,10652.9820233043,1321.52268450558,8289.16425849549,1039.80842468341,14.9594578445817,13.1952944532934,0.196096688891742,0.306114684249361,13.8355986063131,10.7655818071838,0.00421805790877608,0.00387899565822781,3.57683442814732e-06,0.00118795355026191,0.00807044630687681,2.73369524862187e-05,2.53094436941273e-05,1.28039546494837e-10,9.56660859774449e-06,4.91235125605639e-05,-803.241302726601,0.214807997350521,0.167215941648608,0.8775,0.54190510757617
"constant",400,"stan",37,960.713,7574.93353134273,8167.78328979282,178.524727977152,215.022729241356,8732.69988948516,1180.99984524302,6698.33053117445,705.891978479653,7.88469972962032,8.50179324084593,0.18582524435201,0.223815779781637,9.08981130627478,6.97224928899104,0.00493045869581221,0.00456207587265486,4.96662622046139e-06,0.00136029141074566,0.00946347649405042,3.43106869212594e-05,3.12005664654412e-05,2.33400237712176e-10,1.25951526935774e-05,6.66766683839091e-05,-777.450503999761,0.161713425936202,0.115347183513505,0.9225,0.574846815934554
"constant",400,"stan",38,773.352,8939.01195120022,7127.13499081925,170.202368480275,123.169058311279,9476.05412076815,759.815167425848,5588.13276489773,519.81807436459,11.5587881730444,9.21590038018813,0.220083957215182,0.159266489659662,12.2532224921745,7.2258593304184,0.00988565400767471,0.00925175772393552,1.97478998403222e-05,0.00157781134729988,0.0182077654376016,3.44291907361531e-05,2.97463126315098e-05,3.52698945581348e-10,9.01360193309758e-06,7.35233677725793e-05,-785.276642462165,0.197486881496203,0.151169431153221,0.955,0.666034066693974
"constant",400,"stan",39,518.517,9220.84309795851,6281.29108796079,193.922402304379,161.164520768145,8813.25444302727,1398.06276873555,5917.95441501119,1032.04827039132,17.7831066251608,12.1139540033611,0.373994299713179,0.310818200306152,16.9970404885997,11.4132312248416,0.00655574322683969,0.00609751514281856,8.59102617053789e-06,0.00185949620421943,0.0125166487509835,3.35072632661215e-05,2.90605110159259e-05,3.52330116586725e-10,1.00634845899989e-05,6.78149278523085e-05,-783.907688110304,0.177821842872217,0.134274439938189,0.935,0.60308255874172
"constant",400,"stan",3,705.218,10706.3937984305,9403.51273271793,83.7423009647447,165.434340343017,9225.20667070372,869.511201490927,7071.28065627444,1028.46370890587,15.1816797053258,13.3341927357469,0.118746686790106,0.234586100103822,13.0813545183244,10.0270847543234,0.00625510937299928,0.00551701955682383,1.02785428907074e-05,0.00151992913067948,0.0126032098131608,3.23898684637357e-05,2.93397052914326e-05,2.08984582347333e-10,1.11596999898481e-05,6.05231053848624e-05,-812.806130227045,0.169781521928976,0.11709560020655,0.925,0.598033456099214
"constant",400,"stan",40,980.508,6849.97667030698,4196.35793436821,133.599590508849,87.9036427816458,9744.40807909168,1469.55976780706,4345.86637874098,480.930284255026,6.98615072014403,4.27977939432234,0.136255482371229,0.0896511224606488,9.93812195218364,4.43225999047533,0.00953632063851434,0.00917211042171371,1.38198092108006e-05,0.00249571190129777,0.016228477059519,3.48655594493224e-05,3.03519971207478e-05,3.31259989967808e-10,9.36614906019853e-06,7.2262332914769e-05,-781.335396669762,0.153861409191558,0.110890462136087,0.955,0.649170190657966
"constant",400,"stan",41,945.234,8007.94627369104,5443.25668063323,128.569196845631,143.267022795113,9101.57305680528,735.031052932256,4242.87626863342,636.034042571757,8.47191941222072,5.75863403203147,0.136018379412538,0.151567784056766,9.62890993849701,4.48870466850898,0.0110679559382007,0.0105378091334984,1.8769430663349e-05,0.00317858788771933,0.0191855996478403,3.32852367649214e-05,2.81544473214694e-05,4.10300843178637e-10,8.19475944491114e-06,6.84244836900609e-05,-802.633627607755,0.151329870850832,0.107289061412038,0.965,0.672750504881208
"constant",400,"stan",42,738.698,9957.3506039721,7141.48574838349,141.056116507179,100.758981452097,9932.79972817266,723.636370295821,5650.32432521013,550.551323098403,13.4795959972439,9.66766628362808,0.19095234657083,0.136400777384123,13.4463606618302,7.64903157340365,0.00904583485101241,0.00843254863773041,1.5247145515032e-05,0.00260743209439942,0.0169827989466664,3.58055321275581e-05,3.12842747843806e-05,3.37700748344051e-10,1.07510891153343e-05,7.32365186182845e-05,-788.525952862837,0.178859099310027,0.123033124597478,0.935,0.636744171941558
"constant",400,"stan",43,817.984,8597.97574213902,7671.68724857055,186.287433869648,52.9321770905464,10033.7278211873,910.885416776324,5876.76469164945,368.655185241967,10.5111783875223,9.37877421633009,0.227739703795732,0.0647105286784906,12.2664108603436,7.18444944112531,0.00689250381920469,0.00640894150404588,8.83719331441674e-06,0.00223425740090702,0.0128472426232691,3.87943620024732e-05,3.26750469455988e-05,5.45772119955672e-10,1.01862793325158e-05,8.64006248733435e-05,-790.309839350016,0.160362156346974,0.112702575277252,0.9475,0.603240695999388
"constant",400,"stan",44,831.551,4212.20767434216,4034.57154277398,136.356172818199,86.0039392057376,9310.97075428409,930.972868692148,4983.19590889582,354.95606335352,5.06548326481738,4.85186301594728,0.163978123793007,0.103425934435456,11.1971132910478,5.99265217514719,0.00766282458746725,0.00708147903604604,1.33347474906909e-05,0.00189473875564963,0.0147334807209491,3.7101377975507e-05,3.22395153981078e-05,4.14932866904376e-10,9.81110624193534e-06,7.92030178514866e-05,-787.040669480834,0.150049413782477,0.106608191022651,0.955,0.626715960037226
"constant",400,"stan",45,761.326,10187.2561988367,8424.03690339524,210.465531673501,185.31521416448,10282.1660118481,1886.34001915692,7205.92178394517,935.062611275143,13.380938256196,11.0649536511235,0.276446005618488,0.24341111976273,13.5056020835333,9.46496216331134,0.00493706534830414,0.00448426597877351,5.41650117316671e-06,0.00148183756170393,0.0097976559764581,3.16021311944296e-05,2.85707693775547e-05,1.8988235397895e-10,1.06894282741758e-05,5.92224693776089e-05,-787.732794753298,0.201410977537474,0.133341911962459,0.87,0.56110134322164
"constant",400,"stan",46,779.972,10073.2049415743,7773.12034219936,180.414638625134,132.886426374515,9915.84431113673,1428.13116730905,5500.73927797949,466.549254821814,12.9148289189539,9.96589665039176,0.231309122154556,0.170373329266327,12.7130772785904,7.05248300962021,0.0102478203246231,0.00945179124075876,1.9656982980658e-05,0.00315770046449745,0.0186646206738068,3.42037445920788e-05,2.99831831510002e-05,3.36335958242196e-10,9.45878933349524e-06,7.00515921542467e-05,-797.573436428347,0.178552828542304,0.120638853407546,0.9375,0.661265113267713
"constant",400,"stan",47,800.909,9835.45611025609,7624.68814800004,104.351027022686,156.299581126827,10070.9730892361,978.427762334759,5779.96289911747,561.735860113369,12.2803665713035,9.52004303610028,0.130290740923983,0.195152734114396,12.5744286669723,7.21675358763289,0.00663062280297524,0.00600396378170665,1.06550755305096e-05,0.00187674903773244,0.013085849309977,3.2409002373756e-05,2.87431419470362e-05,2.60912431200393e-10,9.96689585149543e-06,6.32242618298364e-05,-794.544067180962,0.158691135998887,0.10013032929378,0.93,0.597865264847532
"constant",400,"stan",48,900.319,7239.47596383497,6370.54197085952,162.341275589218,131.236916530559,8441.14741583017,1964.77324177135,5888.24492875671,674.234606907951,8.04101208997586,7.07587196411441,0.1803152833487,0.145767129795726,9.37572950901866,6.54017623615264,0.00567676244869951,0.00524247386160277,6.57406919589767e-06,0.0016144212686478,0.0107746448263239,3.34467741980866e-05,2.84278633931119e-05,3.27389435189108e-10,1.00431748463936e-05,7.18452601837573e-05,-799.572367783133,0.147145792619769,0.0964591473865217,0.9375,0.590355279530247
"constant",400,"stan",49,726.686,8081.55594649257,4396.16793909986,67.2525317085323,130.025027348322,9436.36944061498,711.223169130993,5823.62303736723,383.344900776019,11.1211113830356,6.04961144029176,0.092546893305406,0.178928763383802,12.9854840200788,8.01394692806416,0.00795862037998084,0.00743658279613223,1.20979885623932e-05,0.00205462075269551,0.0146595110223898,3.77302320993741e-05,3.210515412418e-05,4.63760372727231e-10,9.32372662847023e-06,8.12720332027862e-05,-783.070021936952,0.180471491968361,0.128183837626429,0.9325,0.626829459448619
"constant",400,"stan",4,733.803,8854.92720319538,7123.7105603307,148.706812267644,161.562259875222,10375.3259760265,779.95630867607,6466.35371337231,649.643344097063,12.0671722563077,9.70793327409496,0.202652227188556,0.220171162935041,14.1391163241722,8.81211130694793,0.0094627062393737,0.0088705355194351,1.6441344212926e-05,0.0028130415267996,0.0177394890086941,3.02016722169422e-05,2.62455489797046e-05,2.68822969934635e-10,8.34974691454708e-06,6.11804121518029e-05,-790.849020597759,0.143587717169752,0.100754365642851,0.9575,0.655194171947673
"constant",400,"stan",50,725.079,10917.5825065608,11943.1252852536,171.153061909631,124.654487154944,10259.9295311059,2591.58178602421,8409.05190336077,638.854567872799,15.0570937877953,16.4714814320283,0.236047467806447,0.171918490474754,14.150085068118,11.5974285606958,0.00459591881922908,0.00420275321636072,4.27932821824181e-06,0.00143973632917783,0.00877764573434125,3.10429973022913e-05,2.7017398433606e-05,2.61820314772284e-10,9.44294368131674e-06,6.30697357234234e-05,-785.197967363166,0.192099234572105,0.139015885913021,0.86,0.564070022161524
"constant",400,"stan",51,636.265,10865.0196521516,8988.2935551588,149.505319492786,149.105744175344,9693.42319085787,1232.51903192971,6371.32414669363,521.331570029148,17.076249129139,14.1266509318583,0.234973351501004,0.234345350090519,15.2348835640148,10.013632915049,0.00858447482734687,0.00786573692019044,1.58153482585478e-05,0.00206913768779523,0.0165036076602666,3.54962556295067e-05,3.22964264045122e-05,2.78476942009808e-10,1.08143540218995e-05,6.90092740413986e-05,-806.502338570811,0.174156901896,0.124111836731203,0.925,0.636118482934157
"constant",400,"stan",52,676.421,6825.92551851496,7232.41775508873,113.334944998946,98.5002020349338,9993.81399228934,593.686560339875,6487.98855635333,338.528812360754,10.0912383242314,10.6921839432672,0.167550896555467,0.145619668867368,14.7745472010617,9.59164271415779,0.00683534590995142,0.00604064785510895,1.24193227566856e-05,0.00169529057193193,0.0141773908541336,3.47716429392292e-05,3.12499935754148e-05,2.88105696178402e-10,8.83035908459205e-06,6.71306045765061e-05,-780.806861193453,0.198087911323288,0.150962822136495,0.8925,0.620514488031317
"constant",400,"stan",53,670.607,10013.7634147195,6978.69463446566,240.228649327492,86.614646073034,10709.556426716,1745.73174316954,5649.92980664484,481.110967330626,14.9323872472544,10.406534131713,0.358225681103079,0.129158577338194,15.9699442843812,8.42509816724973,0.0104398023797933,0.00993178220375559,1.55299429548143e-05,0.0034090699683152,0.0180420629149952,3.43636214401026e-05,2.9172473330656e-05,3.90346505542655e-10,1.01214330398384e-05,7.35994402537314e-05,-784.575695217366,0.153160561628199,0.113962664342686,0.9675,0.671004425398644
"constant",400,"stan",54,651.148,9637.60689550326,7951.74698974248,131.741239604382,161.709142030732,10337.0996868655,1867.67420010742,6860.33776101958,496.924171844912,14.8009467824569,12.2118888328652,0.202321499266498,0.248344680519225,15.8751922556247,10.5357580166407,0.00601808225966342,0.00554744028875833,7.26196325088977e-06,0.00166954623460683,0.0113923941737565,3.53397853887508e-05,3.03716209955151e-05,3.55847775452138e-10,1.0758988163966e-05,7.30338776481971e-05,-783.253427709395,0.177304650771603,0.125749666552364,0.9125,0.590626201433512
"constant",400,"stan",55,830.558,8146.40631141726,7902.82273868166,167.003959329524,141.090093656568,8628.89948049184,1014.45072743969,6250.4523678575,903.614313850851,9.80835331357625,9.51507629651591,0.201074409408523,0.169873860292199,10.3892798341499,7.52560612005121,0.00561515667403712,0.00517006112791947,6.35874070411828e-06,0.00150346669375059,0.0106476192828001,2.88045474168814e-05,2.57170358483129e-05,1.94165278814028e-10,9.1195611768065e-06,5.66424578284493e-05,-779.325951078097,0.21002686443109,0.150781600832191,0.885,0.578505760121169
"constant",400,"stan",56,633.498,10050.7607384506,9538.68153326454,136.928139583643,157.291312803767,9790.86334862003,1343.52615893072,6657.8362972967,495.304693301117,15.8654971893369,15.0571612432313,0.216146127665191,0.248290148988264,15.455239556589,10.5096405944402,0.00827435185231934,0.00765273598837892,1.41061799962487e-05,0.00197843059752802,0.0155807674782058,3.33521172162954e-05,2.84370497045946e-05,3.5660623218878e-10,9.19963207217965e-06,6.96644594507923e-05,-791.706487798251,0.168487039555192,0.126630990903976,0.945,0.629347668584371
"constant",400,"stan",57,739.344,8556.11308808109,7546.15528004164,101.432256573495,147.058491695806,9310.21969382925,568.642133077393,5441.28068803106,624.138703329256,11.5725739142822,10.2065551083686,0.137192236054523,0.198904017204178,12.592541082134,7.35960620229698,0.00671868510953934,0.00616905637333454,1.00064493908244e-05,0.00176828970185904,0.0130174592341755,3.31642984389272e-05,2.84976222402692e-05,3.45977071279689e-10,8.52353839336291e-06,6.97732355836947e-05,-795.066912956576,0.164427146657407,0.115267267290572,0.93,0.599650485425781
"constant",400,"stan",58,581.414,8851.07314818764,5714.14482904285,90.1404148547326,98.3490455531167,8771.03947108571,1098.10808216503,6956.84728157549,460.524765224839,15.2233574495758,9.82801382327024,0.155036539977938,0.169154931861147,15.085703940885,11.9653934744872,0.00637465771409703,0.00592461783050203,9.03391242993572e-06,0.00151684748811246,0.0122137101226843,3.41073536649137e-05,2.96783479117895e-05,3.41963655813288e-10,1.0004033342143e-05,6.9487260763256e-05,-770.445832782258,0.177431582402922,0.135501562474712,0.9375,0.609346063823693
"constant",400,"stan",59,710.868,8826.21776766335,5871.01695852992,154.486330085117,136.42535644676,9523.92398822707,1033.40268293586,4546.88652634439,545.538053811267,12.4161134945775,8.25894112342927,0.217320698195892,0.191913768022699,13.3975984124016,6.39624589423689,0.0124378931797122,0.0115183111069307,2.80108446854852e-05,0.00407913788703262,0.0232773696201753,3.3105937215001e-05,2.80875671016485e-05,3.43708617289323e-10,1.06685918045481e-05,7.09301800162177e-05,-786.194216583919,0.176860712973196,0.12652819525113,0.945,0.698271770966601
"constant",400,"stan",5,747.355,10842.1358440533,7926.39283882284,158.683487149722,118.13226294544,10054.8075623153,677.83572612936,6124.10350910988,424.246211408014,14.5073436908207,10.6059273555711,0.212326788674355,0.158067134019897,13.4538573533532,8.19437015756886,0.00802585534203602,0.00748110101055694,1.33652600833811e-05,0.00167506831647352,0.0151662636941284,3.4071622963063e-05,2.97478909868989e-05,3.23859589246994e-10,1.01520983336204e-05,6.83555782627271e-05,-792.044706416227,0.150167347358214,0.105868029383542,0.955,0.630556845406634
"constant",400,"stan",60,788.507,7553.24356428442,7750.26806578887,169.575812620389,74.651958322548,8694.75508450524,1171.94677559159,5163.98879723062,368.387593273416,9.57917122395162,9.82904155040966,0.215059362339699,0.0946750736804467,11.0268584609968,6.54907159635947,0.00729384749217147,0.00679795032782095,9.56820203528232e-06,0.00223609687657682,0.0134588071986584,3.14962581534326e-05,2.62760418111436e-05,3.51495501476728e-10,8.45805233419635e-06,6.69915758502628e-05,-775.201057222484,0.161835980858839,0.12097918734471,0.95,0.608473875084278
"constant",400,"stan",61,674.306,9497.82834764562,8566.35772037646,100.14201059806,117.098711353745,9518.86180954852,1088.04657492843,6841.82463319522,502.411583796579,14.0853386261514,12.7039618813661,0.148511225761094,0.173658118649018,14.1165313812253,10.1464685664894,0.00559078786687217,0.00490183431119324,8.1467221713198e-06,0.00136134036685545,0.011376466226773,3.13010230480848e-05,2.74868569307106e-05,2.46938622109392e-10,8.65553740531667e-06,6.24235011779896e-05,-793.298859147045,0.181641809526571,0.135483995073279,0.925,0.582200852022149
"constant",400,"stan",62,651.343,8810.65098664937,7557.23037806032,115.759660887822,176.679824657878,9088.89588396355,988.138011640164,6348.13693332501,585.417681616502,13.526899017337,11.60253565028,0.177724579657449,0.271254660997167,13.9540854572223,9.74622730777027,0.00777317283186337,0.00718339296497302,1.425393343098e-05,0.00182302506095053,0.0153518601741686,2.95058991135695e-05,2.63679511995346e-05,2.11628127265726e-10,1.00343002119212e-05,5.62264809142604e-05,-809.489412175803,0.172962037885277,0.111986274216007,0.9275,0.629398742710776
"constant",400,"stan",63,652.102,10703.9237851445,7192.10339449195,173.197914492408,136.055610929322,9618.63885029909,1142.90711501164,6057.07725362814,634.127170962436,16.4144931086617,11.0291080145314,0.265599422317993,0.208641609639784,14.7502060265098,9.2885426722018,0.0108064876310865,0.0100544489814222,2.02684592690726e-05,0.00341861271974971,0.0197236859140194,3.24044932945012e-05,2.86412451571276e-05,2.42623156034143e-10,1.06131709060051e-05,6.50232003128264e-05,-765.783379563182,0.168761012473952,0.118748670468161,0.9575,0.676960909517307
"constant",400,"stan",64,652.668,9566.79262980273,9506.1579248304,154.093256093691,168.337081047204,9749.17401059475,1101.64429033378,7268.1608995797,593.762042198832,14.6579771488762,14.5650743177701,0.23609745857571,0.257921456310411,14.9374168958716,11.136076687657,0.00608373405662758,0.00561981839009078,7.81175550365618e-06,0.00155526357742126,0.0113715614233001,3.53790532424936e-05,3.12810268236373e-05,2.9018524595081e-10,1.11405740666361e-05,7.03980659628875e-05,-785.349687257539,0.168811122925919,0.112042673563231,0.9275,0.590642647455456
"constant",400,"stan",65,653.296,10001.7811213895,7897.06919253085,140.855200409465,153.116361719017,9815.27591903005,1974.41502894822,7649.29599298488,678.60581954529,15.3097234965306,12.0880415501256,0.215607014905134,0.234375171008267,15.0242400367216,11.7087751845792,0.00444841474872143,0.00399761405489789,4.66236728653778e-06,0.00124434643383476,0.00869247089473499,3.08886209887997e-05,2.73412281791481e-05,2.27730253630676e-10,9.53066627028442e-06,6.20476070863967e-05,-797.621399640043,0.172145834369327,0.120490097595933,0.915,0.55463209254491
"constant",400,"stan",66,726.985,8373.78210376308,6917.19285380499,162.851563534003,112.889211531923,9775.68797872172,1161.88684047454,5693.44758948883,452.941648872734,11.5185074021652,9.51490450807787,0.224009523627038,0.155284100128507,13.4468908969535,7.83158880786925,0.00712286026017677,0.0064583786730391,1.10278510747432e-05,0.00196902467052586,0.0138947227193542,3.39041311763465e-05,2.90897254712508e-05,4.34914005535606e-10,9.67366163802106e-06,6.97101916376976e-05,-792.075983601605,0.178853116179002,0.120410880233342,0.94,0.616104513113322
"constant",400,"stan",67,630.839,10521.758221816,9906.65073154704,175.001815876212,105.790327456953,9858.15298766461,793.881764424344,7522.29662512252,670.059322631009,16.6789913461533,15.7039287861832,0.277411218831132,0.167697823782222,15.6270506225275,11.9242732696021,0.007014845020472,0.00643075590786303,1.07933702975693e-05,0.00177133576497944,0.0132593198880322,3.09454313583299e-05,2.72690269508929e-05,2.43411755130096e-10,9.1627835941371e-06,6.05996739437795e-05,-813.799712722459,0.169435495019034,0.119971063465787,0.9375,0.604712866350865
"constant",400,"stan",68,544.544,8610.88497151388,8013.44632159044,151.958617919516,209.116568800731,8959.92276498827,975.546529370495,6492.18254233372,767.79656254399,15.8130196485755,14.7158839718929,0.279056638066926,0.384021435918368,16.4539922669027,11.9222368483239,0.00531219134191007,0.00462443163371398,8.05624326263175e-06,0.00137551823121815,0.0111656819965101,3.38395791487051e-05,2.98756181737763e-05,2.91286016046283e-10,1.10395618604818e-05,6.46572555138289e-05,-807.41067237995,0.171866343611503,0.111922683602646,0.9325,0.570974167570601
"constant",400,"stan",69,723.161,10734.1847986167,8234.4070165809,210.269369086153,180.311113973695,10820.6698346436,1103.65702437415,5560.91472738317,700.88869647062,14.8434232468519,11.3866856987322,0.290764254552102,0.24933744210998,14.9630163056963,7.68973261470568,0.00829649210393835,0.00783930677300801,1.05426361249924e-05,0.00231644451841719,0.0147371635403571,3.21248815026933e-05,2.70551559745061e-05,3.57078696659109e-10,9.26265110955318e-06,6.79076054794122e-05,-784.810513389194,0.190975630759258,0.146264460184594,0.945,0.629203161181062
"constant",400,"stan",6,764.727,10037.7834660311,7067.27925048555,100.180340529256,117.687974725807,9788.31626079428,555.391794482852,4932.07416986029,443.738348021754,13.1259697461069,9.24157150262191,0.131001443036869,0.153895409375904,12.7997524094144,6.44945734864898,0.0136711442046204,0.0124947169323166,4.11096703084816e-05,0.00303947705085315,0.0262222297925207,3.59241368302573e-05,3.13224817489176e-05,3.67485385215257e-10,1.02555139438761e-05,7.47317089822976e-05,-781.453321458835,0.187737497049494,0.147438050345278,0.9475,0.72296554769876
"constant",400,"stan",70,628.732,10603.8084447165,10393.1291136442,104.373402655194,136.186821579336,9747.19141119975,1028.38171181394,7311.86178599078,493.455594394339,16.8653869132103,16.5303008493987,0.16600618809794,0.216605519648015,15.5029351316614,11.6295365688255,0.00647614715509525,0.0058959294009468,9.99939197166246e-06,0.00137136167651907,0.0127338294238352,3.40784100397402e-05,3.07182057930429e-05,2.7738059755478e-10,9.71905895951433e-06,6.72173741547516e-05,-790.303059257728,0.164340228426177,0.119030556789509,0.9375,0.6040884543263
"constant",400,"stan",71,726.073,8521.35439936755,7882.50827358733,136.144063608238,155.097115577738,9741.02826980527,1911.30751586932,6374.76507902226,787.932835446972,11.7362226654449,10.8563577954108,0.18750740436325,0.2136109118198,13.4160453147346,8.77978533704222,0.00549253984388755,0.00503963169653951,6.22893350254997e-06,0.0014519139580302,0.0104183418187527,3.30232343232377e-05,2.92138555366083e-05,2.6158015473692e-10,1.0024609220433e-05,6.43645263580617e-05,-796.169521519232,0.185408187057054,0.137473168691927,0.92,0.57482990128585
"constant",400,"stan",72,673.46,9034.65565190827,7802.87550010046,201.744303350697,115.165992306319,10352.3038881533,1691.43446456353,7748.53481175267,755.517074567367,13.415281756761,11.5862493690798,0.299563898896292,0.171006432908144,15.3718170168285,11.5055605555678,0.00448362248922226,0.00418376284151999,3.89842378282223e-06,0.00133562500641156,0.00827342155330212,2.78504584183231e-05,2.48760590361886e-05,1.76694929633276e-10,8.7199106539247e-06,5.48223006535478e-05,-845.119902275805,0.177560073018667,0.117535011920792,0.9,0.547977587586716
"constant",400,"stan",73,621.756,11069.9486573571,10446.9380986317,181.18733883911,96.7484456085467,9612.57272737024,2277.32952631473,6360.56384330206,458.612319951303,17.804329443314,16.8023116763355,0.291412288484727,0.155605166027423,15.4603618258131,10.2299999409769,0.00518353899098409,0.00471410185171418,5.788146465363e-06,0.00142695765453883,0.00992432346804944,4.01049590492994e-05,3.54533650536042e-05,4.93407972339619e-10,1.12885341305809e-05,8.33615813268574e-05,-771.337543741837,0.178753684006518,0.124268232373369,0.9275,0.582359282836791
"constant",400,"stan",74,661.724,9207.11514091382,6913.79563675543,203.459775408817,113.381566055254,9596.9443956319,1162.09728257544,5485.85230189907,695.446809147394,13.9138298458478,10.4481560843425,0.307469240059024,0.17134268374013,14.5029414009948,8.29024230932998,0.0105527578398135,0.0099043276889229,1.93515256763435e-05,0.0032104451691548,0.0194826084041538,3.36916542197968e-05,2.87026126486471e-05,3.49335667962417e-10,8.76350850238741e-06,7.16265468651717e-05,-794.245824835478,0.175485099519572,0.129007071729352,0.9625,0.664690452781257
"constant",400,"stan",75,593.234,6776.61181383256,6675.37540719459,159.126726209354,200.959325853409,10056.1579543927,2718.44951917357,8106.27412649049,1091.71017638062,11.423168284071,11.2525165570325,0.268236018517741,0.338752205459243,16.9514187561615,13.6645474239347,0.00461368682064297,0.00427068495659139,4.14347866216504e-06,0.00138427634140395,0.0085426704338117,3.07265141821615e-05,2.77087610429795e-05,1.88799915022724e-10,1.07690098621744e-05,5.82434058119345e-05,-795.90286460747,0.192063405933778,0.113690989112152,0.905,0.552193972106902
"constant",400,"stan",76,709.452,8969.42877402258,7630.85153140834,164.614083682513,125.64944274641,9853.33758918713,1129.0627654369,5078.89773645226,440.994510215983,12.6427563443652,10.7559800119083,0.232029909962214,0.17710774336588,13.8886599645743,7.15890255641292,0.00881500396353944,0.00826710064410781,1.55872487635189e-05,0.0022723426934534,0.0161955878426983,3.77752181755586e-05,3.24650864520958e-05,4.97920942402442e-10,1.01526213443898e-05,7.96117130598527e-05,-768.043189064497,0.173673939594042,0.129998222180346,0.9575,0.650339146907006
"constant",400,"stan",77,709.625,9437.58406617794,8104.77202218355,108.450827200197,137.987708040636,9832.5958544518,662.869193589164,5735.22668197393,748.625401541139,13.2993962532013,11.4212041883862,0.152828363149829,0.194451587867727,13.8560448891341,8.08205274895041,0.00738659533229353,0.00681466282749297,1.20904311054412e-05,0.00189260067030311,0.0144351225220849,3.66157364185113e-05,3.30025646972086e-05,3.08479356577652e-10,1.08050061668126e-05,6.97565499355029e-05,-785.253656223157,0.170598304768235,0.12514467490256,0.9275,0.619537757450614
"constant",400,"stan",78,665.215,9225.04220177126,8617.81398492743,93.3380861451223,129.555109243976,9319.65843188747,725.083352256997,5658.27742430672,394.66336595536,13.8677603508208,12.9549303382026,0.140312660034909,0.194756746681864,14.0099944106604,8.50593781605454,0.00666862106741666,0.0060478807480009,1.15615020366578e-05,0.00152037139728689,0.0133266264536014,4.2612446571067e-05,3.70015482233848e-05,5.37516874130879e-10,1.24341625627195e-05,8.85514897002236e-05,-780.519740038742,0.185626024235903,0.132049101928874,0.9375,0.618386753448972
"constant",400,"stan",79,668.455,10198.407306519,8608.45365586714,213.281749426494,130.142610202076,10017.4146079376,1571.52348456506,6137.10400835807,717.181844712452,15.2566849025274,12.8781348869664,0.319066727642839,0.19469165493874,14.9859221756701,9.18102790518145,0.0110528853875706,0.0104978058195147,1.85257067140249e-05,0.00339390995197826,0.0190622865723598,3.43082018844693e-05,3.08216159856819e-05,2.95909317224683e-10,1.0094379487401e-05,6.75324297821661e-05,-780.085385297835,0.169145035283366,0.128455683226133,0.9625,0.685623193426814
"constant",400,"stan",7,678.553,9751.45011317824,9433.72113520844,121.085177205894,188.321422122911,9776.52156522024,1518.4485909629,7734.39807892672,734.090212543401,14.3709483462283,13.902703451622,0.178446159999137,0.277533843521303,14.4078967526785,11.3983698825688,0.00488382066464699,0.00443019099210883,5.53274361502253e-06,0.00133886020665298,0.00949022291823719,3.32458746535075e-05,2.95679890234697e-05,2.64051669331136e-10,1.01157574181959e-05,6.48869445385873e-05,-782.695326689731,0.187835653983954,0.133720393587398,0.8975,0.568080629014822
"constant",400,"stan",80,709.772,9641.31119170532,7111.78780561703,176.519984074759,91.146286049107,10724.1255933948,715.424520955603,5069.61395529061,312.661833184421,13.5836736187189,10.019820175517,0.248699559963988,0.128416288680178,15.1092542300834,7.14259502388177,0.0113787976618912,0.0107195331295333,2.26789265912143e-05,0.00349534300783594,0.0210443857889719,3.52090987970542e-05,2.9201534018152e-05,5.02260496305529e-10,9.47516061240159e-06,7.9598571988094e-05,-791.828451481723,0.16694668527653,0.123506708492617,0.955,0.681309746631935
"constant",400,"stan",81,689.793,10222.5123064267,9843.1462335544,98.5611386452004,150.051364731517,9193.75517187406,1017.27389102599,7620.41286360932,476.943790026003,14.8196811310446,14.269710237063,0.142885095449215,0.217531005289292,13.3282813421911,11.0473908311759,0.00606788572744325,0.00539969707785424,1.00628592202314e-05,0.00146022376744503,0.0121228681334477,3.20819108514436e-05,2.86792814642089e-05,2.25296263422827e-10,1.02614638784552e-05,6.2825458193359e-05,-786.247804665789,0.195144613500575,0.142439213192883,0.9,0.59708614711045
"constant",400,"stan",82,719.66,9670.91818361444,8695.61116421396,163.409598566039,141.44771930217,9937.01956726816,1873.98764803152,6589.22018957987,447.467023917015,13.4381766161999,12.082943562535,0.227065000925491,0.196547980021357,13.8079364800992,9.15601838309739,0.0072025613917582,0.0068935873553133,8.60640460752275e-06,0.00208259543892275,0.0127580178099116,4.05714065165628e-05,3.40828226976824e-05,6.12264612625562e-10,9.14489715874159e-06,9.09872597755162e-05,-777.710442392856,0.156900678491126,0.111290381673494,0.9525,0.624457998129848
"constant",400,"stan",83,693.73,10044.665306272,10452.4583473468,128.533538378997,195.371157051647,9376.77524070796,1009.74390052018,7425.59261599064,809.680430091044,14.479214256659,15.067040991952,0.185278910208578,0.281624201132497,13.5164620828103,10.7038655038569,0.0068650515281219,0.00626006256634826,1.09979854475093e-05,0.00168470108398647,0.0133593859163173,3.45785869735926e-05,3.14377384843752e-05,2.26435843091481e-10,1.11482750571291e-05,6.55498959136107e-05,-781.67089478448,0.198516320853526,0.150340247835699,0.94,0.609100555065511
"constant",400,"stan",84,815.813,6085.02152995015,5990.47991264195,150.544743313688,160.04377396766,9526.06470035581,1730.12852296208,5456.08570988618,536.28198771351,7.45884354619276,7.34295716376418,0.184533395905297,0.19617703317753,11.6767748250589,6.68791219297337,0.00584700465543211,0.00532870144712865,7.69810984897823e-06,0.00136140189737665,0.0112434306580334,3.48284404717502e-05,2.9811529751821e-05,3.37218031675867e-10,1.09990814590358e-05,7.20350954457938e-05,-782.389397478299,0.193068081557988,0.144499106514885,0.925,0.59104285340066
"constant",400,"stan",85,767.712,8869.69440542647,7781.05948755985,149.941575940986,197.818991849962,10061.5391289487,909.125530180187,6345.00782046346,1174.82714004741,11.5534137872359,10.1353886451688,0.195309668132041,0.25767343984458,13.1058771114021,8.26482824348644,0.00586874179724811,0.00532524038060709,7.75936334536527e-06,0.00165917246136544,0.0114482006932184,3.17521708200811e-05,2.8305542061896e-05,2.18506411672613e-10,1.05194304706353e-05,6.15496111126271e-05,-800.19566548823,0.194276742347399,0.129865888190435,0.92,0.585769904547763
"constant",400,"stan",86,764.814,8312.5713462013,6657.58188613173,185.834280700428,158.217065218464,9950.42467699389,1560.561781203,6073.97572107941,712.069735784258,10.8687489326834,8.70483789016903,0.242979705785233,0.20686999089774,13.0102543585681,7.94176848368285,0.00751305480835508,0.00702601623615999,1.09260805456093e-05,0.00227158097633221,0.014107457718489,3.43108275795439e-05,3.0655326626017e-05,3.02051129267854e-10,1.01209529529868e-05,6.68529184242629e-05,-782.202332994476,0.170614340310466,0.1187729049228,0.945,0.625176988003622
"constant",400,"stan",87,803.171,8791.22288322292,7663.17808710874,138.143823669871,188.321525638964,9604.1555036245,1199.62087904788,6045.29868293961,855.004487848909,10.9456428123313,9.54115386027227,0.171998022425947,0.234472516610988,11.9577966630076,7.52678904360293,0.00595286437741937,0.00543901480040378,7.535436589862e-06,0.00167065251663626,0.0111274044828644,2.90550112035357e-05,2.61399502445772e-05,1.83819768403098e-10,9.5934752732933e-06,5.56412338690841e-05,-797.906807636921,0.180170333605533,0.126855913349733,0.92,0.58236005984336
"constant",400,"stan",88,777.26,6153.09692598522,5731.17028935298,107.707387550433,195.209718027697,9777.18608089156,579.900061821166,7024.73062118354,1247.53851077558,7.91639467615113,7.37355619657898,0.138573176994099,0.251151118065637,12.57904186616,9.03781311425204,0.00536889545488441,0.00485098442185229,6.60276614249084e-06,0.00159773276385666,0.0105653119603141,3.13007497618962e-05,2.81741845062688e-05,1.91892579415567e-10,1.23348168534704e-05,6.05195781574307e-05,-816.412144623726,0.202442732269061,0.134854657525977,0.8775,0.573822531236207
"constant",400,"stan",89,851.452,10711.9108220367,7574.10591850353,155.346316405361,123.250647472043,10181.4465367144,900.164171326227,5522.20701201057,632.66343820281,12.580757132565,8.89551720884269,0.182448706921073,0.144753488713449,11.9577457528016,6.48563514092464,0.0116917920478108,0.010950987003189,2.32728461715994e-05,0.00361736321871695,0.0211226591215297,3.43031730819712e-05,2.96793661441904e-05,3.35113308145847e-10,1.03881784135944e-05,7.26102925924688e-05,-798.186672780966,0.16412576461629,0.115810308654054,0.9675,0.687305827282746
"constant",400,"stan",8,873.815,8472.08900172798,6488.07352237857,125.897906133116,107.72937378385,8830.52140848866,1093.31399866827,5764.83438565086,502.216828691823,9.69551793197414,7.42499673544007,0.144078444674349,0.123286249130365,10.1057104861883,6.59731680693381,0.00562464949010859,0.00510312406216539,7.85439032370031e-06,0.00146567395388586,0.0110285347164696,3.1498172739665e-05,2.82394066569537e-05,2.15085026375531e-10,9.94640205340504e-06,6.02814635495141e-05,-788.30786329578,0.189227966972564,0.139033110868297,0.9125,0.58378058669374
"constant",400,"stan",90,763.182,9669.03604906184,8498.77397467508,123.052756418684,143.162858357326,9675.18446202117,501.477456828574,5619.16598268798,640.669616287695,12.6693711972529,11.1359727753997,0.161236450045577,0.187586785795951,12.6774274839045,7.36281251744404,0.00881570551594719,0.00783400387296019,2.07553258283806e-05,0.00192089714555319,0.0175041985936204,3.18582129945562e-05,2.81454332682397e-05,2.86283673592998e-10,1.00166453561737e-05,6.28397539313019e-05,-812.414721798144,0.175951332171069,0.130634157805932,0.945,0.64697572280378
"constant",400,"stan",91,716.081,9621.43596278009,9264.18000927862,78.4747694742948,144.499627429208,9466.47757099718,402.755323856128,7628.28385472502,708.017786051381,13.4362397030226,12.9373353144108,0.109589235679057,0.201792293650032,13.219841848893,10.6528225923115,0.00635488057046974,0.0056223164470905,1.03562558957727e-05,0.00168922490119085,0.0127713997799912,3.13882458613502e-05,2.81235739790025e-05,2.18265711452746e-10,1.08056891828134e-05,5.96424758417853e-05,-798.525411873041,0.209250577566801,0.153063015861117,0.8825,0.606885845963523
"constant",400,"stan",92,708.2,9152.4332259907,7288.65857366436,124.564043469789,134.818260413554,9017.33718034764,818.745265534914,5284.66792518151,480.218523286958,12.9235148630199,10.2918082090714,0.17588822856508,0.190367495641844,12.7327551261616,7.4621122919818,0.00998779272217108,0.00933374769896613,1.92049444297734e-05,0.00256386738262396,0.0184402393183912,3.43899562320535e-05,2.9431029614853e-05,3.49604968000906e-10,1.0437622293675e-05,7.16403311383527e-05,-784.254986957265,0.170856235220105,0.123788689646544,0.9425,0.656350099604879
"constant",400,"stan",93,753.296,7827.94561769231,8070.33520239132,160.138812173064,174.86867795975,9320.48087598915,1029.03886548038,5734.04364739154,748.422336923357,10.3915932351855,10.7133652672938,0.212584179622703,0.232138067850818,12.3729329187851,7.61193959265885,0.0107880457441927,0.00988493261890551,2.66323619302762e-05,0.00281450112149033,0.0208606566069205,3.21853937445154e-05,2.80530529282544e-05,2.69278135982348e-10,1.03825386573147e-05,6.41208646196187e-05,-794.912860630997,0.152327378155634,0.106901155979387,0.9625,0.669503957634506
"constant",400,"stan",94,652.15,9410.27536758056,7935.3685147052,15.5289273648163,83.9220675625607,8707.47089695421,755.742328635916,6274.66541780664,354.725818679399,14.4296179829496,12.1680112162926,0.0238118950622039,0.128685222054068,13.3519449466445,9.62150642920592,0.00763697923042485,0.00709734341981762,1.23976679568254e-05,0.00192684865847335,0.0142323871652204,3.24192352948205e-05,2.82005946329072e-05,3.08601778217899e-10,9.9619302501078e-06,6.81140348038154e-05,-798.967103696642,0.152610507925772,0.103722491548283,0.945,0.622379801699005
"constant",400,"stan",95,756.42,8466.8455616506,7525.02568415285,237.404365062848,92.3066788033861,10232.271373454,1525.0540303274,5898.52477268776,578.798861320818,11.1933126591716,9.94821089362107,0.313852575371947,0.122030986493464,13.5272353632295,7.79794925132566,0.0114488833537586,0.0106495581919296,2.0374570777584e-05,0.0040385917588941,0.0205669574270381,3.31265199559343e-05,2.82418558030448e-05,3.38373622050081e-10,8.46700517475476e-06,7.2396803021712e-05,-776.996406712277,0.185033119991954,0.144773465406688,0.925,0.682664380977565
"constant",400,"stan",96,795.728,9454.80345236803,8610.61282358591,179.402073974687,114.263317127566,9845.28671647577,965.918930919594,6158.14030923145,410.054946369808,11.8819539495506,10.8210504388257,0.225456530340376,0.143595948775921,12.3726784987782,7.73900165537903,0.00707607440644799,0.00645038431008034,1.07243282163255e-05,0.00185558762234229,0.0135814116514084,3.62086735518023e-05,3.1634687107404e-05,3.42876513090838e-10,9.98540493396656e-06,7.27437244620526e-05,-764.689867533666,0.163093339925543,0.119753897158297,0.945,0.620060924558122
"constant",400,"stan",97,756.211,9284.71114439148,6890.55283211165,143.393130875463,130.803166987368,10446.8035185833,687.526366655576,6196.93525924477,557.433634926645,12.2779371688477,9.1119447245698,0.189620530348624,0.172971785635713,13.8146674917229,8.19471716127479,0.0069677516873023,0.0062455294835476,1.20992258688283e-05,0.00164489579455284,0.0136085135697364,3.06569306959611e-05,2.68761336996891e-05,2.4880538379184e-10,1.0004400441882e-05,6.26618202981518e-05,-789.133314777504,0.185035453035215,0.126371403776883,0.9125,0.611373065943096
"constant",400,"stan",98,834.287,8117.47602697525,7375.57449120113,112.780622446226,149.491489513985,9203.12869562784,1643.6739522468,5662.29864665345,423.303578791343,9.72983640758546,8.84057223857153,0.135182044603627,0.179184728413586,11.0311304091132,6.78699134309111,0.00516449633089381,0.00470296186091247,6.14290549745321e-06,0.00131443568040757,0.0102167586948791,3.46638087053851e-05,3.03010786593818e-05,3.08871313130182e-10,1.06760583141194e-05,7.04852486941205e-05,-781.536028788055,0.16610191464092,0.113105728638164,0.9225,0.578390151081427
"constant",400,"stan",99,841.27,8704.06670631032,7362.96522203231,97.3314225936603,132.066924697968,9121.35550678115,1026.43114289891,6248.76507914036,504.850680136618,10.3463414912101,8.75220229181156,0.115695820121555,0.156985182756984,10.8423639340297,7.42777595675628,0.00600316415107944,0.00551080103445718,8.35763251936192e-06,0.00143189009388602,0.0116657978012868,3.13448588295078e-05,2.78290471778805e-05,2.42404707063687e-10,9.88227810022971e-06,6.0221999655729e-05,-792.699508226932,0.172070394153105,0.123584049610726,0.93,0.594086397991587
"constant",400,"stan",9,756.74,10064.2312152465,8743.35323532658,164.569860096985,129.378601731544,9655.91924779869,1686.50560839141,6219.04181987622,373.684790896818,13.2994571652701,11.553972613218,0.217472130582479,0.170968366587658,12.7598901178723,8.21820152215586,0.0063195725282408,0.0056738711502444,9.65970126580888e-06,0.0016567315322464,0.0124307440852049,3.38558896063426e-05,2.90192438668412e-05,3.5781144492344e-10,9.64719705029752e-06,7.17016472915072e-05,-783.388487913588,0.178708277410769,0.128795345755009,0.915,0.602392840269129
"constant",800,"stan",100,1954.728,8083.21007820405,8551.35908279746,152.631134725934,147.335147401265,9827.95416430611,1914.24065897488,7936.04248149827,875.741913581093,4.13520964461759,4.37470537220394,0.0780830554051174,0.0753737335328829,5.02778604711556,4.05992162669091,0.00348000123662892,0.00327995956452532,1.40529967290465e-06,0.00155175008549945,0.00596744581080467,1.72941546198364e-05,1.60491918551553e-05,4.3194265958688e-11,7.22144495065208e-06,3.02369346543776e-05,-1583.84042738552,0.153088405991522,0.106746623570891,0.93375,0.52029502449578
"constant",800,"stan",101,2172.884,10212.1587595274,9885.78922091117,103.449909063803,114.740455855133,9765.60146367668,1305.14513234145,8337.46075206745,729.99257051583,4.69981773510571,4.54961664815571,0.0476094945997132,0.0528056057549013,4.49430409707867,3.83704825111117,0.00337763490976502,0.00313199925290145,1.78244303149188e-06,0.00119772304357047,0.00602314426732318,1.64281324291168e-05,1.54441004171215e-05,3.56475293674194e-11,7.12869120997182e-06,2.77491491691512e-05,-1586.03789225237,0.155405978153075,0.10909155756146,0.93625,0.515472963461002
"constant",800,"stan",102,2267.887,7985.15326647878,8057.81153540483,69.6817848737122,120.920981079263,9258.71438605694,798.964056747522,8080.507874473,793.376459599581,3.52096610919273,3.55300397921273,0.0307254218899408,0.053318785759283,4.08252897347043,3.56301168200752,0.00420664756005828,0.00397476060469453,2.62903971698894e-06,0.00150856608856255,0.00723954303138154,1.69678123754273e-05,1.5765833142784e-05,3.80090334292755e-11,7.15353292255571e-06,2.93351925746197e-05,-1595.53868211022,0.139901608395297,0.0983116504981422,0.95375,0.538213361435528
"constant",800,"stan",103,1975.681,7478.11350546814,7350.97501771589,132.368107000564,120.134808392891,9575.62347681829,1331.09376329871,7007.78038499718,575.776800684725,3.78508145063304,3.72072972191153,0.0669987244907268,0.0608067842900202,4.84674574327449,3.54702018443118,0.00384556978299945,0.00361435442604806,1.99387188821303e-06,0.00153780138175253,0.0066344736488439,1.99878774500991e-05,1.81557065206345e-05,6.28052762092604e-11,7.77505944353373e-06,3.61414997399213e-05,-1582.13154949807,0.14650026047423,0.104625140528222,0.9525,0.532671257093401
"constant",800,"stan",104,1815.397,9014.09108596673,9408.71072641976,73.4276679202021,105.735813037765,9564.01790552222,1687.22554348997,7211.97264855132,568.794401611227,4.96535528370198,5.18272902644422,0.0404471682613787,0.0582439064500851,5.26827900757918,3.97266969624348,0.00349526487102339,0.00316889852210277,2.19924375434627e-06,0.00111779107560984,0.00644634337957378,1.83068419647807e-05,1.71561917771393e-05,4.28405928678654e-11,7.56261731393048e-06,3.14244334825135e-05,-1592.10823276675,0.145884731910837,0.106609644740344,0.95125,0.519252356755362
"constant",800,"stan",105,2240.6,6767.29709309751,7565.62388186352,102.296108711765,114.334695185907,9687.06392946303,1058.14608586246,6174.23212851223,611.243532712046,3.02030576323195,3.37660621345333,0.0456556764758393,0.0510286062598887,4.32342405135367,2.75561551750077,0.00590780813026991,0.00564701143732623,4.77400579541504e-06,0.0020087265322786,0.00975706876524076,1.79523750086793e-05,1.64464638181283e-05,4.87101543567304e-11,7.52009575761027e-06,3.2085556154665e-05,-1583.64524382454,0.141770313927832,0.102446870327457,0.97,0.579356240716859
"constant",800,"stan",106,2544.569,9677.30012849511,7059.66287519114,151.493581963743,107.879801528805,10368.8089655778,1120.21778445996,6624.99860124784,644.251430625623,3.80311955718045,2.77440418208001,0.0595360479372902,0.0423960999009284,4.07487828609787,2.60358379012235,0.0072485256110414,0.00696042588199569,5.47167952432525e-06,0.00325784961081839,0.0121672161010506,1.71801226367488e-05,1.53940181437913e-05,5.32686930231997e-11,6.62165229944903e-06,3.2148196537212e-05,-1573.24088023998,0.138171480544278,0.0999429519300268,0.975,0.605568043113413
"constant",800,"stan",107,2239.176,9696.94808581566,9930.94505145196,123.685945537508,155.959317289928,9742.22374611611,1430.82263013295,8506.49458388104,745.217763953476,4.33058771879283,4.43508909145684,0.0552372593925213,0.0696503165851759,4.35080750513408,3.7989396920479,0.00346901454079133,0.00327550788642995,1.57884563711908e-06,0.00142842950352675,0.00603733226192326,1.85195248243728e-05,1.71594697782994e-05,5.28632538864884e-11,7.51785549112109e-06,3.2925596717469e-05,-1549.45548275237,0.14325622829367,0.101910513301276,0.94875,0.525769363811894
"constant",800,"stan",108,2279.747,9577.89863060648,8563.43807443166,96.2753391353101,116.851430070666,10028.6506800594,583.520770857834,7122.9530216042,523.592382241211,4.20129892948932,3.75631071098313,0.0422307120637992,0.0512563148764603,4.39901913679871,3.12444890665683,0.00503104986651794,0.00477709136965434,3.46900160611739e-06,0.00171256180011278,0.00852600654905336,1.82532112515789e-05,1.66462172631029e-05,5.12627537823816e-11,7.86444156083588e-06,3.18957304126124e-05,-1600.03846200618,0.13920754911839,0.0977126488735875,0.955,0.5584771751748
"constant",800,"stan",109,1821.765,9590.13284424786,8266.10979681566,93.8479080524324,130.435222205524,9514.65780765218,849.520395394441,7003.40770039156,863.87927635992,5.26419864485697,4.53741827119066,0.0515148265843467,0.0715982699225884,5.22276902215828,3.84429808476481,0.00386711733279231,0.00366198998476386,2.23676007815953e-06,0.00136363560838571,0.00677429066803969,1.73666143245468e-05,1.61358359902872e-05,4.30962732064779e-11,6.59017177122692e-06,3.03046025716609e-05,-1585.93239020617,0.137082149386055,0.0961140122976264,0.95125,0.533257144845798
"constant",800,"stan",10,1585.879,10562.336114333,8254.53250887698,85.4714468467426,95.0816294844726,11075.1955918915,612.614854704019,7279.38996005355,722.372033227063,6.66024085969546,5.20502037600408,0.0538953141108134,0.0599551601884334,6.98363216354557,4.5901294865835,0.00551661391767027,0.00528094291883468,3.67621677766022e-06,0.00218940984992144,0.00936865079802673,1.68008001093854e-05,1.54535986141807e-05,3.70139890977027e-11,7.04489773768385e-06,2.91335483457582e-05,-1596.33182831871,0.13754491188247,0.0954711975065593,0.97,0.567905172280873
"constant",800,"stan",110,1765.456,8455.93226483751,7771.21205068396,118.309932355905,122.774285161899,9430.56193395397,939.650580753683,6946.19661694195,617.260913165102,4.78965902567807,4.40181576356701,0.0670138096649845,0.0695425347116544,5.34171451112572,3.93450565572971,0.00386447725725728,0.00356086001332478,2.6556201584212e-06,0.0012246872107101,0.00693005489207091,1.76626276022693e-05,1.65476644141685e-05,3.62260027806811e-11,7.88937469975974e-06,2.96569203139231e-05,-1568.41806461084,0.157032987694302,0.109607298622676,0.9575,0.537396255262619
"constant",800,"stan",111,1719.501,7419.79027926979,7018.71992136099,63.2556315075476,192.530532892478,9097.39724687232,368.834272086904,7436.51667050871,1292.30728310535,4.31508343366464,4.0818353239463,0.0367872025125589,0.11196884031616,5.29071936967313,4.32481090183066,0.00394299940920252,0.00357624364818204,3.17166598318912e-06,0.00128992019684706,0.00737539930871636,1.5012755099927e-05,1.42969892538522e-05,2.19169350886893e-11,7.23660251973153e-06,2.42334618765478e-05,-1556.27763855786,0.136106373633345,0.0953650317721059,0.94,0.535159347204888
"constant",800,"stan",112,1957.267,9002.93694132273,7906.24102443079,121.590096219117,144.284587828417,9463.45632267704,1446.52222657929,7442.12584862718,858.897048452088,4.59974900783732,4.03942897133135,0.0621223860715563,0.0737173762335015,4.83503595711625,3.80230487134723,0.00385519963751338,0.00371033161499321,1.74916185399194e-06,0.00160928485654779,0.0064467349828957,1.79438475607987e-05,1.68872787173204e-05,4.25366547734246e-11,7.7333244747981e-06,3.06250622121431e-05,-1595.02059157259,0.148001349768609,0.105072195035163,0.95625,0.530500428349285
"constant",800,"stan",113,2010.803,8410.68268620264,7095.56330515421,124.780441312185,111.875003152779,9408.83682317805,806.670328595539,6964.40437012535,483.819425975734,4.18274822854484,3.52872126466601,0.0620550304093365,0.05563697843736,4.67914401519097,3.46349412156504,0.0047939732377057,0.00456134507101478,3.05174991258647e-06,0.00179536034563252,0.00812795564506471,1.96900076307759e-05,1.80161642377141e-05,6.2276233899098e-11,7.47467888590502e-06,3.60714292149879e-05,-1551.16214191769,0.14589318845534,0.103131363043573,0.96,0.557635944130943
"constant",800,"stan",114,1677.868,9366.35270663619,7949.19784282164,77.8020688313905,95.5560326703876,9966.36526503215,904.688002779796,7149.12983406876,535.801419992557,5.58229414151542,4.73767772126392,0.0463696004878754,0.0569508642338894,5.9398982905879,4.2608416359742,0.00416508134178573,0.00397947272559648,2.42326213786925e-06,0.0016251885087726,0.00704896580766011,1.71100301945361e-05,1.62249175456429e-05,3.48105976273285e-11,7.14948734149491e-06,2.89620121729895e-05,-1602.5671880536,0.148536291381843,0.106771356530222,0.95,0.535725229538085
"constant",800,"stan",115,1992.365,9038.18219310383,8528.43128589602,142.138258286206,104.425273690411,9930.09502113444,1362.76038934206,7182.17980772912,491.31514838982,4.53640883728826,4.28055666802821,0.0713414752247737,0.0524127224130172,4.9840742138787,3.60485142417636,0.00440384932579559,0.00422152464796319,2.18457986829338e-06,0.00173917075511403,0.00724562115695562,1.80785110829323e-05,1.68440690878425e-05,4.83301741107428e-11,7.33033048635503e-06,3.13994231932049e-05,-1572.27781723221,0.14380455637429,0.0980474456747427,0.9575,0.548404601335499
"constant",800,"stan",116,1673.603,7841.36430431754,8795.6713332177,133.151066791175,160.443977388804,9996.36447819964,2370.16702961105,8127.81012727028,1001.67574672095,4.68531922105633,5.25553033378746,0.0795595292259723,0.0958674054652175,5.97296042024282,4.85647440119926,0.00321100012207174,0.00299367090085941,1.44085102124837e-06,0.00130430221557374,0.00558359637993454,1.65170166810666e-05,1.56109148599754e-05,2.76613467123145e-11,7.94779692991255e-06,2.71125994968868e-05,-1606.20117784093,0.138608582764764,0.0899952929694399,0.94875,0.514242975474347
"constant",800,"stan",117,1675.631,8646.26159751206,9199.60311121915,119.803440178691,177.200046601629,10170.2763949265,1724.83680053364,8645.19653481599,1547.96548322144,5.16000336441141,5.49023210433511,0.0714975076127683,0.105751234371785,6.06952031498969,5.15936774553347,0.00285133919578903,0.0026874354398037,1.20032231834512e-06,0.00109412850249316,0.00495680071337231,1.49085691891349e-05,1.40792594111247e-05,2.30102460940408e-11,6.84021470326039e-06,2.45344084270897e-05,-1581.0175522212,0.138117703704379,0.091991239028591,0.93125,0.499881522510498
"constant",800,"stan",118,1936.554,9457.96799190392,8311.1262283628,63.1664423986604,147.857161682845,9526.75667120026,511.494524710017,6830.61887752301,721.289788067292,4.88391647839612,4.2917089987487,0.0326179607687988,0.0763506525936511,4.91943765637326,3.52720289623889,0.00385753275816914,0.0035086349876452,2.45439779742543e-06,0.00140153855855076,0.00705395746756702,1.71041669126421e-05,1.58590971806612e-05,3.89580553580328e-11,7.79066196438933e-06,2.96400939095492e-05,-1602.45620656405,0.160499171790071,0.112591071118814,0.93375,0.530163082818788
"constant",800,"stan",119,2525.131,9936.75454140141,10610.3961566408,107.834438896358,78.3375509756632,10679.6808562888,864.780400487215,9501.24651056163,753.339609678524,3.93514417327315,4.20191909118411,0.0427044929139747,0.0310231631450658,4.229357152674,3.76267469313934,0.00410299085859831,0.00387208379448109,2.49808510163474e-06,0.0014900402938434,0.00715392711355043,1.72355207279332e-05,1.58966316285004e-05,4.39304806537788e-11,6.86942804698996e-06,3.05251576960534e-05,-1566.6521723105,0.145392751914759,0.100833282458264,0.95625,0.541322242722308
"constant",800,"stan",11,2044.053,8623.72768024954,7158.32445673879,107.476739431687,114.385527182213,9953.39200436784,820.003823424339,6273.32957279228,704.785712828144,4.21893545825355,3.50202487740719,0.0525802116832034,0.0559601571887878,4.86943929749759,3.06906404716134,0.00541048173510461,0.0052627105682975,3.51674050974718e-06,0.00188160472832745,0.00892340297700384,1.70245339367042e-05,1.58143783491736e-05,4.32171204280239e-11,6.28608754214656e-06,2.90424557629832e-05,-1610.10386510844,0.128388537914147,0.0876815170616975,0.96625,0.565471837631873
"constant",800,"stan",120,1570.13,8857.043655052,9225.8479362368,147.376032203506,100.138361207127,11396.3614345386,1208.11122936937,8025.13247042812,523.701111336357,5.640961993626,5.87584972979104,0.0938623121674674,0.0637771147657375,7.25822793943086,5.1111261299562,0.00412454518028615,0.0039056981186236,2.06212859569836e-06,0.00165216389347381,0.00692168248680104,1.79294349343419e-05,1.64754937741491e-05,4.4165965256199e-11,7.35322847036696e-06,3.14939132405111e-05,-1546.11368672029,0.169576629468406,0.124257442817903,0.915,0.543730176226893
"constant",800,"stan",121,1626.248,9244.6134226187,8117.84222011152,95.6518475111933,92.4869461887122,9558.72111218176,1081.56643502495,6410.56708411764,404.643432632494,5.6846270818588,4.99176153951398,0.0588175035487781,0.0568713665988903,5.87777578338713,3.94193695187797,0.00433933865212145,0.00410929507878287,2.98804854011417e-06,0.00136077585532979,0.00765793695546134,2.0328776680329e-05,1.84204370845215e-05,7.78783929978874e-11,7.85266497163578e-06,3.62769681261524e-05,-1610.1522511625,0.15416694373612,0.111383748345996,0.9625,0.541305757142281
"constant",800,"stan",122,2044.33,9693.79837359927,9739.86686310616,161.970369932049,134.313129673804,9969.63963431025,1759.52113710197,8934.57237167029,1202.20753084951,4.74179725073705,4.7643320124961,0.0792290725724558,0.065700317303862,4.87672715966123,4.37041591703408,0.00314989525503144,0.00298516202836086,1.3245513382564e-06,0.00109367712726378,0.00528376033119088,1.64676901577608e-05,1.51269562834669e-05,3.77051656657844e-11,7.23064813433579e-06,2.82105353450374e-05,-1577.5135306898,0.156017251024099,0.10495804489818,0.94,0.511713314730176
"constant",800,"stan",123,1444.569,8766.997669107,8701.67469246526,53.6312188344132,118.629899488567,9927.16536793185,446.457202818947,8517.34101263052,600.032512466936,6.06893659569532,6.02371689581132,0.0371261039344006,0.0821213105698424,6.87206036397836,5.89611227475498,0.00309838960095481,0.00280513800654144,1.9258383176718e-06,0.0010554555040517,0.00587812548760955,1.49601944800575e-05,1.38948105933752e-05,3.12820236972523e-11,6.27896864041816e-06,2.59820610714105e-05,-1574.03710363148,0.148934593914333,0.104770698113379,0.91375,0.512526343155117
"constant",800,"stan",124,1747.972,9483.2708138621,7163.1559261223,122.474793196053,131.769752158122,9666.53137187244,962.725351915456,6774.05164274338,631.079283760864,5.42529904018033,4.09798093225881,0.0700667935161737,0.0753843609383456,5.53014085573021,3.87537766208119,0.00469458744110041,0.00446110724512856,2.69050346579164e-06,0.00190166610619974,0.00797895755734914,1.92553369149514e-05,1.80833870085596e-05,4.38839817545567e-11,8.61524799552578e-06,3.1512746951503e-05,-1541.80392972446,0.165431991427988,0.122313029824772,0.92625,0.562201855083764
"constant",800,"stan",125,2163.593,9258.67773978219,8781.61888163601,98.4184413643032,132.994314844928,10008.5625458762,896.832694468474,8370.77176041975,604.975833848477,4.27930657003521,4.0588127626758,0.045488426596085,0.0614691926092053,4.62589893102639,3.86892163194268,0.00403810287829846,0.00379400061976731,2.8157498478415e-06,0.00116248764950185,0.00718471871905933,1.69215554165903e-05,1.54029192261097e-05,4.60738137003444e-11,7.49832504087989e-06,3.07384967220683e-05,-1594.05946691109,0.168935975216716,0.120768557060393,0.9175,0.541225749490816
"constant",800,"stan",126,1517.913,9816.24493885606,8942.57929045023,120.775687629853,128.47657506897,9913.3743803103,757.40285716622,7742.20842677406,1133.76169375039,6.46693515297389,5.89136484795257,0.0795669367281608,0.0846402758715224,6.53092395961448,5.10056138050999,0.00375915534905269,0.0034993622446069,2.32436623333834e-06,0.0012771904223167,0.00667644704963199,1.64628491677227e-05,1.51078345508767e-05,3.81114754165391e-11,7.53024796149014e-06,2.90697898112575e-05,-1605.09845698801,0.143478683068339,0.103118823500116,0.945,0.527102204984938
"constant",800,"stan",127,2133.058,8586.21470325015,6668.7628897615,105.858188176572,131.404043524092,10620.5591422679,1217.08396670626,9375.03002232312,879.276592941875,4.02530765841817,3.12638610378222,0.0496274307480488,0.0616035961160416,4.97902970395924,4.39511256717967,0.00308371745103789,0.00291926243921992,1.21847764092136e-06,0.00108473938499983,0.00525313558921491,1.75391222076549e-05,1.60549248170234e-05,4.52362094738755e-11,7.74256165148524e-06,3.1627529794084e-05,-1554.00131604432,0.143524203414484,0.100893909592933,0.94625,0.510688934656204
"constant",800,"stan",128,1349.75,10667.73713696,10471.5252120523,119.174611937032,190.284326759509,11416.5693597786,942.740162442623,8941.23954273641,1479.63243768746,7.90349111832563,7.75812203152605,0.0882938410350299,0.140977460092246,8.45828439324218,6.62436713668191,0.00396312531101956,0.00373194707122442,2.35227073008879e-06,0.00146377631856548,0.00701243461451713,1.73000975443086e-05,1.60182793815031e-05,3.83138148068826e-11,7.45637787953525e-06,2.98524760092209e-05,-1587.49963113652,0.137037319426478,0.0897955319092487,0.95125,0.532807776882584
"constant",800,"stan",129,2217.728,10759.0815530218,10771.4172762572,101.242395644625,111.685566216724,10445.6599594877,1059.49916384126,9747.05218763755,1230.62489018175,4.85139816651177,4.85696049121316,0.045651403438395,0.0503603535765989,4.71007263266175,4.39506205794288,0.00344825870707181,0.00318687457345744,1.82519385592821e-06,0.00134398097117313,0.00613785724969612,1.66586504810853e-05,1.57344986446227e-05,3.33285434993401e-11,7.31903420990415e-06,2.76613226716983e-05,-1591.12505047957,0.146546693378243,0.104217924519817,0.94125,0.521543817720834
"constant",800,"stan",12,1611.601,9585.9373808288,9053.90952310324,136.898286372809,123.939381075229,10501.6912707986,1247.27683930048,7674.25366792074,954.874147791546,5.94808353980222,5.61795973265296,0.084945520865778,0.0769045074278489,6.51630972604171,4.76188192233731,0.00435315715406899,0.00409628915899915,2.53311866730032e-06,0.00159241117860029,0.00750342711065477,1.79136435738012e-05,1.68610386905064e-05,4.05661309977903e-11,7.65049721086906e-06,2.98363066153515e-05,-1551.62341503243,0.131470448747281,0.0892866980238712,0.955,0.548519428789761
"constant",800,"stan",130,2131.17,11381.2687435777,11561.7984152511,127.105907594077,101.691631278969,10737.6310445903,1589.05205412724,9737.4532513824,946.982283789757,5.34038520792694,5.42509439193076,0.0596413742658151,0.0477163395125538,5.03837377806103,4.56906452858402,0.00279363685921135,0.00260446962543564,1.03671468121077e-06,0.00115013486122566,0.00489181348777945,1.67344762368615e-05,1.59833310072808e-05,2.99190453426204e-11,7.47090913902167e-06,2.68872954093353e-05,-1538.83210945521,0.141846064423273,0.0992482600219905,0.94625,0.506339656836211
"constant",800,"stan",131,2155.136,10386.8851296486,10079.0724423289,97.9682932826489,104.052318229388,10373.4909649051,636.794196711071,9545.73539902624,846.99815359688,4.8195961320532,4.6767686319234,0.0454580561424657,0.0482810914157566,4.81338113460363,4.42929606253445,0.00349334150837012,0.003275546739838,1.75286861974815e-06,0.00125419628331192,0.00618141497753863,1.73377830235875e-05,1.58947123336915e-05,4.83041730124128e-11,7.51623697500818e-06,3.00904896290192e-05,-1571.15465549231,0.145245173138385,0.10807992339012,0.95125,0.527781715228245
"constant",800,"stan",132,1974.045,8764.55590340957,8463.11763566082,134.25270553265,126.42271599018,9620.09826072821,1577.86968457623,7856.67144685065,584.016500897821,4.43989671127536,4.28719590265714,0.0680089387692026,0.0640424691383325,4.87329228094,3.97998599163172,0.00419734708112315,0.00394925367034869,2.45734174323433e-06,0.00160254870068653,0.00721442783971823,1.80431079454209e-05,1.66828067031613e-05,4.66955528834428e-11,7.40544859540975e-06,3.17987704077309e-05,-1589.11637330551,0.145396148076298,0.104862959161154,0.9425,0.54448297036909
"constant",800,"stan",133,2092.857,9253.01328006742,8001.42330832918,105.385089863229,127.093655119716,10283.6943502434,853.54894165888,8555.70755853423,933.188015650256,4.42123531615749,3.82320593730445,0.0503546538837719,0.0607273478884205,4.91371094644468,4.08805167220418,0.00365490379515253,0.00342825411794128,1.78772368832778e-06,0.00148125984962124,0.0063635561062654,1.73688120537885e-05,1.61383102447309e-05,3.88705225578686e-11,7.37690293113873e-06,3.0165386892858e-05,-1588.12640866404,0.144282916518857,0.10000928582533,0.95125,0.524436513135082
"constant",800,"stan",134,1790.66,7203.01567628323,7273.30896531476,72.6275046064795,126.184375204622,9580.78647055629,1169.50983093896,7714.44879334557,924.184393172288,4.02254792997176,4.06180344974186,0.0405590701788611,0.0704680817154692,5.35042189503105,4.30815944587223,0.00369040359184657,0.00351625227409574,1.63613473136086e-06,0.00148931446701989,0.0062103849087217,1.64888582076053e-05,1.52734861662609e-05,3.25844935719462e-11,7.68514964962737e-06,2.84745422834334e-05,-1586.81255954975,0.147904881554134,0.101797642634044,0.95125,0.52313918399681
"constant",800,"stan",135,2139.191,9402.79835338836,8975.82149295907,115.183126367215,140.302641167917,9854.17101896213,907.554304529124,7599.31435423389,682.703592486828,4.39549266680178,4.19589531414402,0.0538442459636445,0.0655867761073774,4.6064942396271,3.55242442317395,0.00491425253413821,0.00463550453235834,3.55352389554302e-06,0.00175116209078509,0.00863642564984629,1.7501901160615e-05,1.63066085501744e-05,4.16821162952023e-11,7.51408341670472e-06,3.03504598730771e-05,-1591.42390936228,0.121459867928482,0.086037381194217,0.96375,0.558927273294865
"constant",800,"stan",136,2249.517,11048.749514249,9631.05539058488,99.9944118527962,113.759724232896,10571.4229185211,671.912269416921,8296.96637114394,822.802853847037,4.91160969854816,4.28138813380156,0.0444515030794594,0.0505707332875883,4.69941899462024,3.68833237141304,0.0049554159163597,0.00471171376625061,3.04839813159415e-06,0.00198303428893143,0.00854152786835646,1.89013994624366e-05,1.75705000674606e-05,5.10731422474769e-11,7.74183739883924e-06,3.3183527727115e-05,-1607.58076609161,0.14817460584534,0.106837029313292,0.96125,0.562685850312199
"constant",800,"stan",137,1324.831,11699.875604578,11218.9580421922,109.625755586429,177.021843400555,11070.7741747431,1432.89487607711,9887.47640576684,1075.06886282044,8.8312211931771,8.46821824232086,0.0827469734527866,0.13361843389878,8.35636709492993,7.46319825378999,0.00402623133115186,0.00379796514905392,2.47952158341213e-06,0.00144452892379833,0.00707470606946278,1.70332745239491e-05,1.59422865923352e-05,3.43953013566043e-11,7.87394351089541e-06,2.9416566764864e-05,-1571.1372553051,0.137823566664092,0.0945385475272286,0.95125,0.541037234324462
"constant",800,"stan",138,2127.916,7928.16919889949,8520.72389170118,97.683652677171,139.557169166713,9510.78156845616,1129.70269790531,7695.60836590983,804.273538488785,3.72579049121276,4.00425763596927,0.0459057841931594,0.0655839653288538,4.46952866957914,3.61650007138901,0.00518135650618022,0.00487283950362605,3.95363166164642e-06,0.00169724245619614,0.00908481974215854,1.65246712547265e-05,1.55016557855086e-05,3.20484596135968e-11,7.6636143595718e-06,2.77222586230648e-05,-1596.72508953707,0.146913503097502,0.106711343441604,0.955,0.561459674115853
"constant",800,"stan",139,1966.601,9461.77815275078,7763.96544953668,146.574422565651,107.256613341746,9973.04090878081,991.617032290519,7744.84968383654,689.127076246733,4.81123428328918,3.94791086221185,0.0745318560123029,0.0545390820719333,5.0712070769723,3.93819065679136,0.00373774112380452,0.00349634260643944,1.94094885410952e-06,0.00155903622955305,0.00667839497322234,1.7089300319066e-05,1.58807822886012e-05,4.08055581822982e-11,6.60935156792907e-06,3.05785844276247e-05,-1620.52707519803,0.177528337571792,0.12760352830558,0.92,0.525056112645591
"constant",800,"stan",13,1604.086,10000.9152525976,8448.41185781048,55.5589639264271,112.604955142476,10802.1895040665,717.87971028005,6991.69441077385,428.367080519316,6.23465029468344,5.26680730198411,0.0346359010217825,0.070198826710336,6.73417105072081,4.35867803270763,0.00465721711452121,0.0044059423489073,3.00157728360629e-06,0.00161474879458962,0.00808457493159706,1.85600107551253e-05,1.73143395529223e-05,4.84618202120846e-11,7.16818465608764e-06,3.3061377622919e-05,-1574.21418965746,0.129345967091948,0.0927175305264662,0.965,0.552499567718664
"constant",800,"stan",140,1556.476,8829.66406471613,8126.33274989159,145.596844901253,124.030048255471,10269.2987441455,1425.33857555114,7496.66720191017,563.649727991022,5.6728559031531,5.22098172403017,0.0935426212169366,0.0796864508386065,6.59778804436785,4.81643610432166,0.0037036126560083,0.00352956890950525,1.64125601751263e-06,0.00140622615696495,0.00618458469059508,1.80448416001852e-05,1.65674219972688e-05,5.38355435540262e-11,6.69331626339671e-06,3.17699586214024e-05,-1584.04555137724,0.145071918285552,0.10434904900713,0.95375,0.533365412474901
"constant",800,"stan",141,1549.055,8395.62873506529,7271.50140391575,98.4954412549793,84.584432099667,9772.92240141341,1462.39709347014,7321.6204565135,800.381402626642,5.41983902125185,4.69415314750977,0.0635842118291341,0.054603892114655,6.3089576557407,4.72650774602161,0.00367211399806216,0.00337330869633564,2.29193721149173e-06,0.00122607714226335,0.00663065920357578,1.57553812594542e-05,1.50284426063769e-05,2.71223627606002e-11,7.16987799561975e-06,2.62867982474866e-05,-1596.88064914975,0.149424978760771,0.110809870706819,0.92125,0.522097760908745
"constant",800,"stan",142,2284.06,11455.4948312992,12079.6268416075,126.161854220214,139.987949938343,11451.9953764607,1059.60396361628,10265.976458421,526.804717204726,5.01540889087817,5.28866441407298,0.0552357881229976,0.0612890860740711,5.01387677051422,4.49461768010516,0.00334409151670601,0.00316224128538895,1.52967425605749e-06,0.00127473645993337,0.00584064574539368,1.68449831142875e-05,1.57978892513469e-05,3.63011507898348e-11,7.4809807276088e-06,2.87052180085992e-05,-1599.4930405619,0.148698706430088,0.107340754180634,0.94125,0.516172725486795
"constant",800,"stan",143,1803.482,7665.21402846473,7993.60061984338,124.90332494199,180.089862411536,9503.90784188666,993.298052193818,8137.48637553041,1158.47432012402,4.25023040344441,4.43231516579782,0.0692567627190012,0.0998567562146648,5.26975475324215,4.51209736250787,0.00309106818576565,0.00281710566116625,1.78238830710398e-06,0.00106703935762801,0.00555083990356212,1.65771710775522e-05,1.55910314637494e-05,3.01841277988966e-11,7.56511437673317e-06,2.78655161898994e-05,-1581.11463942116,0.165984137790831,0.125784871143045,0.925,0.509864532519578
"constant",800,"stan",144,1390.313,9100.80080450889,7845.14195785021,124.901132317381,148.901064166598,10655.8779102577,1153.5260648375,6733.90627437092,701.205535969332,6.54586471140591,5.64271639397043,0.0898367003094847,0.107098951219328,7.66437335352376,4.84344624150887,0.00515865739589493,0.00484605323686444,3.71671110635667e-06,0.00186983327927566,0.00901551068757774,1.81063418815183e-05,1.67120463371395e-05,4.54332855043244e-11,8.41167641167822e-06,3.2131695480598e-05,-1598.54286246895,0.14048273356827,0.0915420191377771,0.96625,0.559624085673387
"constant",800,"stan",145,1515.102,7765.52737390434,7916.25999740379,184.515445612691,132.834440501799,9748.31949192774,1939.23430932267,7580.16439020641,720.063644692565,5.12541556535754,5.22490234809524,0.121784174011182,0.0876735959043012,6.43410113109728,5.00307199792913,0.00358723553246445,0.00335703449390389,1.84599465078975e-06,0.001517898860091,0.00642266237724999,1.58729909764468e-05,1.48552057082223e-05,3.13810062892211e-11,7.31543694493404e-06,2.68451714493797e-05,-1585.53595498869,0.153362685001793,0.107632967675855,0.93875,0.528248300724129
"constant",800,"stan",146,1460.574,8441.41746081479,8594.81165520966,109.654078445152,109.70736433415,9990.60869076344,761.172756416675,7177.51559193973,694.646168553,5.77952055891368,5.88454378566897,0.0750760169941081,0.0751124998350993,6.84019343817118,4.9141745587281,0.00431164341591544,0.00406726989262595,2.91680037657304e-06,0.00146059652500353,0.00766056614714807,1.80175842416391e-05,1.70860334690776e-05,3.63535229363649e-11,8.30396375992837e-06,3.03196008945529e-05,-1557.78251059167,0.172375537696424,0.125529493878646,0.915,0.54877556437787
"constant",800,"stan",147,1421.034,9165.37187781911,9610.18936606414,114.872732830517,153.551556731875,10277.1202347504,1555.67167044195,8309.44791507792,968.200208376398,6.44979070016559,6.76281451820585,0.0808374274158933,0.108056215918743,7.23214239402462,5.84746594034901,0.0029532398224907,0.00276321925704004,1.44139301275935e-06,0.00112885941426438,0.00520290000970948,1.75968906766103e-05,1.65463668262173e-05,3.82615240395467e-11,7.87337616564625e-06,2.94007026503798e-05,-1602.61526450113,0.156154057460064,0.114691752784177,0.93375,0.506706084572467
"constant",800,"stan",148,1967.827,8295.88789998111,7650.96592725803,125.502731738724,100.173285429287,9756.93964219132,743.45891471499,7272.11930799125,814.075196721756,4.2157607858725,3.88802772157208,0.0637773197230872,0.0509055345969371,4.95823039433412,3.69550743433811,0.00452800924931823,0.00428025445556192,2.92242700519044e-06,0.00154829916526523,0.00814173225725081,1.82151015369166e-05,1.674936289448e-05,4.46507808667546e-11,8.01700252645626e-06,3.15062797283505e-05,-1576.85758555828,0.139195001744594,0.092316060362054,0.96375,0.55116924550269
"constant",800,"stan",149,1389.468,10691.4735459326,10228.4730141014,118.903994831729,90.6110755307301,11189.4903444827,795.85226201079,8401.09028430344,467.06162475171,7.69465259072725,7.36143114782161,0.085575194845602,0.0652127832600176,8.05307523777637,6.04626395448002,0.00514010628855771,0.00481949215785042,3.81273832947195e-06,0.00188651765827756,0.00879593299346438,2.03124845983531e-05,1.86805956947742e-05,6.91939767340861e-11,7.80155213116068e-06,3.69722897652756e-05,-1608.0384973683,0.135978019206389,0.0954753678786933,0.95625,0.56317599263039
"constant",800,"stan",14,1818.376,8171.29838827739,7184.25871896697,101.956397882546,136.806419076337,9750.62126162837,955.260599160928,6456.51058884371,988.549188564471,4.49373418274185,3.95092033713983,0.0560700305561371,0.075235495341083,5.36226900356602,3.5507016089322,0.00537372129803071,0.00508882844752831,4.13004719394989e-06,0.00201044488814878,0.00939429649987129,1.79195606046854e-05,1.65928894201215e-05,4.38644005967845e-11,7.48916209365628e-06,3.11116206011343e-05,-1592.72377684368,0.186047487073658,0.138313397782202,0.90875,0.576014722410972
"constant",800,"stan",150,1471.274,8813.06625314895,6904.55881405027,106.300902393671,103.096020003938,10258.7273002311,825.968997303821,5677.04466758038,520.589681614847,5.99009175255524,4.69291159501919,0.0722509215779459,0.07007261733976,6.97268306259137,3.85859103578285,0.00738852443296889,0.00708847527369484,6.58909906579389e-06,0.00288564152906435,0.0124495884236597,2.0335202112206e-05,1.84456719241548e-05,7.85160559633113e-11,7.68521575189557e-06,3.74481418746944e-05,-1576.40159511382,0.140254529702212,0.10498124288683,0.975,0.615561643714923
"constant",800,"stan",151,1328.545,9558.11492897901,9358.87023403014,88.3986888541168,166.951675405477,11135.8493551649,879.710353267035,9479.12138930266,651.977136126116,7.19442316893971,7.04445106039325,0.0665379711294061,0.125665051169119,8.38198883377293,7.13496448317721,0.00366885992563302,0.00339839622503903,2.35722585975249e-06,0.00125474849432416,0.00678032397362461,1.58610341815634e-05,1.49206936143714e-05,2.83226607348588e-11,7.18522738230296e-06,2.6254069250505e-05,-1598.62776778908,0.144612456291368,0.0948706024483513,0.94,0.524810549978432
"constant",800,"stan",152,1874.88,7559.54340072883,8103.33213061579,53.4477207747778,143.975027770997,9617.72249939329,1330.86001233095,8890.92212623965,1064.22558529982,4.03201452931859,4.32205374776828,0.0285072755455164,0.076791596140018,5.12978030561598,4.74212863022682,0.00301577611918023,0.00284853234576925,1.11237954713936e-06,0.00129661558810631,0.0051848000617155,1.64389508470049e-05,1.53520962297749e-05,3.27085499000364e-11,7.63470411575474e-06,2.77275496483734e-05,-1584.1752680387,0.146795089607666,0.0972376615918511,0.94375,0.505841233293587
"constant",800,"stan",153,1880.742,8978.15977256933,8613.56453741616,163.478236741859,163.855520358274,9546.98496770307,1576.34190653462,7633.46932566842,1189.60750481987,4.77373279937882,4.57987567535375,0.0869222023764337,0.0871228059767232,5.07618002240768,4.05875411176462,0.00436277547287975,0.00408121317387524,2.81105816657391e-06,0.00165717037023255,0.00752117423825952,1.71949041614155e-05,1.60691550152508e-05,3.30106427752456e-11,7.61301426203894e-06,2.89226332750294e-05,-1593.49440829574,0.142438821675408,0.100941868870035,0.93375,0.543706678467475
"constant",800,"stan",154,1635.945,8732.94842129211,6795.67563106903,129.139764523478,119.150948834751,10074.9308110517,1320.01995524625,6963.69547859018,858.909635754759,5.33816749419578,4.15397561108046,0.0789389401987709,0.0728331018675755,6.15847770618921,4.25668068216852,0.00421702304136951,0.00393110385368814,2.58326571028866e-06,0.00171482048074347,0.00741250191869737,1.76744235859578e-05,1.63636715510167e-05,3.92570178143152e-11,8.08870449750658e-06,2.9949882531711e-05,-1575.0293293778,0.130444697044566,0.0823900853368697,0.9575,0.543452307230386
"constant",800,"stan",155,1696.27,7872.17295198192,8253.05494359467,105.118827218129,165.764282658809,9459.2741978566,687.774240280784,7620.92105878132,757.223775365467,4.64087259220638,4.86541349171693,0.0619705749781159,0.0977228169211322,5.57651446872054,4.49275236771347,0.00364559906693286,0.00339519108854358,1.87009402506845e-06,0.00146554791555579,0.00648622257746834,1.72303320942074e-05,1.65733068908688e-05,3.00834715964179e-11,8.13690392886366e-06,2.80409547913404e-05,-1592.88757789893,0.162679330178744,0.121271490077982,0.93375,0.523526138956993
"constant",800,"stan",156,1420.764,9737.05257666741,8975.58350551905,137.309228594047,172.390543563954,10722.088358521,1290.42589291965,7858.82843337229,1390.75016065098,6.85339196141471,6.31743449687566,0.0966446423150128,0.121336508782566,7.54670610919269,5.53141016620093,0.00412899996173677,0.00391922046753659,2.13687417481805e-06,0.0016007708393611,0.00710909394670531,1.66291956057244e-05,1.55227577616447e-05,3.60804535726969e-11,7.34972834039839e-06,2.83070994851466e-05,-1586.29585368824,0.12928429945843,0.0818382814189543,0.96125,0.538999361700323
"constant",800,"stan",157,1415.409,8699.38117714111,9258.25890866617,145.494794286036,116.467251013757,10240.9509564431,1098.94961163909,8158.32554056159,749.278188516384,6.14619603036374,6.54104849458084,0.102793464140779,0.0822852271066223,7.23532982794593,5.7639350467332,0.00352330548966577,0.00326462390231719,1.80656886892999e-06,0.00127733090396927,0.00617601766867184,1.68147871514972e-05,1.59183208281749e-05,3.41313514697517e-11,6.70530461105434e-06,2.78176187042443e-05,-1597.41709211359,0.1584026872166,0.108545435260093,0.94,0.52138471009799
"constant",800,"stan",158,2405.496,10883.8539508158,11856.5612830351,120.998867011043,123.034966369164,11700.7415431243,1389.19039423512,10995.1971999368,1151.8414593896,4.5245778628673,4.92894658026247,0.0503010052858301,0.0511474416790401,4.86417002694012,4.57086488605129,0.00327728123698832,0.0030554840446289,1.46244317641987e-06,0.00140164164066039,0.00580656545614543,1.65860745919275e-05,1.55493251562511e-05,3.15081333457869e-11,7.35457202471677e-06,2.77575436237453e-05,-1597.85507658228,0.141902106464775,0.0924470863370421,0.945,0.513086761360367
"constant",800,"stan",159,2345.319,10752.6337560025,11868.4318878502,89.0846088307603,151.132547952969,11372.2156548399,810.372781008485,10299.7864277183,848.244462360283,4.5847212067964,5.0604765867032,0.0379840050887578,0.0644400816916457,4.84889929891835,4.39163560595311,0.00340038931113857,0.00322856709286375,1.58536902823582e-06,0.00122914634399628,0.00594378003208078,1.49439877812266e-05,1.4008242307036e-05,2.42819643588983e-11,7.22009384949178e-06,2.48303509130951e-05,-1603.50149970548,0.144231374566252,0.0972041067406169,0.93875,0.51492208945422
"constant",800,"stan",15,2165.059,9520.9348058751,8879.7028633776,21.7927430819461,108.041446936744,9087.27299283493,445.037419556601,6976.44228918785,525.758105641445,4.39754057782033,4.101367613251,0.0100656578328563,0.0499023107161257,4.19724034903203,3.22228737839839,0.00502853856013494,0.00486910995181134,3.305612105412e-06,0.00145059868137466,0.00845605668676899,1.85167696489418e-05,1.67737941166156e-05,5.6690180026573e-11,7.54874194759218e-06,3.43244441102993e-05,-1586.84711396818,0.134715891509206,0.0931295199390128,0.9625,0.56463235483108
"constant",800,"stan",160,2160.376,10017.5582468633,10533.8960468792,140.814299426522,157.810114233029,10453.2164651916,1450.4663084144,9880.5773196191,1259.76824579587,4.63695127462226,4.87595494806422,0.0651804590619975,0.0730475223910232,4.83860979069922,4.57354521602679,0.00322797125968742,0.00303669319893867,1.52294706788933e-06,0.00115729711536627,0.00568116470780954,1.61289850116182e-05,1.51831812609972e-05,2.85960479686642e-11,7.23572624824473e-06,2.6819095934818e-05,-1625.93921269907,0.144957548398817,0.0985932871293128,0.93875,0.509820925943657
"constant",800,"stan",161,1604.487,5103.24516862195,6904.712804589,96.7255005787225,157.750558584219,10122.5771081304,1650.97048653373,8143.66707896329,1404.5862430158,3.18060861111492,4.30337721937853,0.0602843778595417,0.0983183775151927,6.30891812032778,5.07555815594847,0.00369019545711516,0.00345143346612002,2.3061992420864e-06,0.00118061484670245,0.00646332818488829,1.5732133880381e-05,1.48799961882041e-05,2.56172067720529e-11,7.33015102033977e-06,2.56716213544905e-05,-1601.26142078011,0.141770977928854,0.0931430460117197,0.93875,0.529332308962631
"constant",800,"stan",162,2170.724,8340.82682593658,8408.05194345908,123.97111367706,149.245514850497,9828.08168819588,1109.41615272838,8296.44410243445,973.163998294229,3.84241701199074,3.87338599631233,0.0571104910974677,0.0687537958996618,4.5275593249975,3.82197096564762,0.00355211219145978,0.00332724305293796,1.7623126109509e-06,0.00146675661345719,0.00620460820036374,1.54122590073528e-05,1.4898300632564e-05,2.27142472785388e-11,7.39434176049729e-06,2.48026124745995e-05,-1596.29717071758,0.168527297674599,0.122081852639516,0.905,0.522105218812603
"constant",800,"stan",163,1771.137,9417.0473856253,9043.62315668361,115.772633837797,123.943843892919,9899.12428691886,886.195530892858,7655.42424465291,601.121293548154,5.31695028991281,5.1061115863333,0.065366278180512,0.0699798174240157,5.58913527689775,4.32232190093308,0.00352394780101191,0.00334784161684907,1.96378856827197e-06,0.00117807968225257,0.00605419952930774,1.68847208938247e-05,1.55828959188918e-05,4.06366601841057e-11,7.3251407385353e-06,3.00240922178667e-05,-1584.00154745041,0.14423444572312,0.104706331358471,0.94875,0.523696086967317
"constant",800,"stan",164,2557.269,11595.3453333832,10732.3309968254,121.021461774311,47.3516124660967,10755.7820956481,1093.88033938298,8995.56130468424,417.681186954854,4.53426891476148,4.19679392227621,0.0473244941280369,0.0185164769393039,4.20596429067418,3.51764374599788,0.00439113619824977,0.00417579113664085,2.70683151083838e-06,0.00154797790920916,0.0076161182576872,1.76184881280331e-05,1.63520820381489e-05,5.03013089980632e-11,6.92600115161146e-06,3.12308433965645e-05,-1592.85728499139,0.153446187647252,0.105173488937481,0.95375,0.540745450039338
"constant",800,"stan",165,1902.616,9551.7037203455,8292.59332264787,142.315946651126,178.707230401217,9539.31407215867,2754.40789404763,8440.83625368206,1401.13842833347,5.02030032352587,4.35852180505571,0.0748001418316286,0.0939271142475501,5.01378842191944,4.43643712324613,0.00303211737600993,0.00287989053040848,1.15134040451338e-06,0.00123475797700484,0.00520947726930892,1.69845714935542e-05,1.59178483397428e-05,3.59787163300794e-11,7.43874161207666e-06,2.84409435308104e-05,-1567.58767277066,0.150064437309637,0.102239443104128,0.93875,0.508020241790077
"constant",800,"stan",166,2154.779,8211.43729100115,6932.16519349431,108.316194203708,144.07637395879,9434.64661278669,607.160285667632,6494.91922472581,1047.25815125954,3.81080254216379,3.21711191425864,0.0502678902122713,0.0668636430737398,4.37847529272686,3.01419274307287,0.00604042454122126,0.00580453558915738,5.55799560302097e-06,0.0018757237652265,0.0105113106264126,1.65628159554071e-05,1.56625599718256e-05,2.54961453936243e-11,8.15437479573859e-06,2.67017582499901e-05,-1603.79475505796,0.155431253925485,0.115782576470646,0.95875,0.583494788017448
"constant",800,"stan",167,2264.311,9865.00882629651,9885.51249435254,140.29039154118,141.516725192043,9998.19613064888,1691.0108704835,8511.30662984926,818.938303028361,4.35673757990687,4.36579272650821,0.0619572097389363,0.0624988021486637,4.41555781456208,3.75889470565185,0.00353555373872275,0.00328029859730339,1.86190431363839e-06,0.00141036791664416,0.00633192685426399,1.75848874210094e-05,1.65078577678132e-05,3.35895082973596e-11,8.07210980042656e-06,2.92824359623992e-05,-1605.61583384379,0.137326710823719,0.0983344792982558,0.95625,0.521230857826699
"constant",800,"stan",168,1542.845,10815.4526509835,10135.6390361274,138.64660142413,120.257547931633,11264.4727985357,758.841554250694,8058.76710823996,783.68722722042,7.0100707789723,6.56944737554803,0.089864245224977,0.0779453204512654,7.30110464663376,5.2233160869951,0.00588672960684888,0.00554066790774666,5.12127328381302e-06,0.00228486287694125,0.0103387875205965,1.83517821323556e-05,1.68619487437034e-05,4.96985323804773e-11,7.99428228903011e-06,3.23980334594044e-05,-1604.00118099878,0.132269583252428,0.0896080148587771,0.96375,0.580555474516911
"constant",800,"stan",169,1805.642,9053.27704575837,7435.90872122435,86.1042159851847,129.115564908532,9546.85316753812,400.809581388288,6417.95371288338,568.284367115435,5.01388262222433,4.1181522811412,0.0476862057845269,0.0715067355037886,5.28723477164251,3.55438880624364,0.00524974060403813,0.0049300082059419,4.19993816273665e-06,0.00154282265837213,0.00932984392332033,1.78678328843111e-05,1.6406786684878e-05,4.52877059920887e-11,7.45801017222995e-06,3.15550171708793e-05,-1627.7545561074,0.165842987208917,0.118086156376491,0.9425,0.562194052594372
"constant",800,"stan",16,1841.409,9758.91176784058,8082.4053434356,150.787457937923,75.210270803948,10125.1074945882,976.454379199208,6552.64379661097,487.674251542275,5.29969809414453,4.38925048342633,0.0818869995410702,0.0408438705382389,5.49856522618724,3.5584944988381,0.00530921768411683,0.00500883183293938,3.35898734492574e-06,0.00229658113242654,0.00907549597844699,1.77846936594523e-05,1.65593394644325e-05,4.73368255708645e-11,7.09196078806342e-06,3.13464919979305e-05,-1573.1789674018,0.124176670841699,0.0860721892913131,0.965,0.569677459574467
"constant",800,"stan",170,2290.634,8721.21901536606,8993.22618955355,124.760216761111,133.844624595845,10070.3955579469,1059.26709668734,7842.52365292488,495.814428137902,3.80733849902082,3.9260860484711,0.0544653649431168,0.0584312572832872,4.39633549399288,3.42373493667032,0.00413760516867718,0.0039364283321406,2.29842673411697e-06,0.00159039514078461,0.00715064141921663,1.88254011043314e-05,1.75284871504459e-05,4.44194016871484e-11,8.45933560302075e-06,3.30597849011355e-05,-1554.537573965,0.130711095777333,0.0914999303095308,0.9575,0.543164973639542
"constant",800,"stan",171,1725.781,9161.02412637448,8097.88404533187,113.854575196432,109.363939935295,10069.7573659983,849.745550857235,7519.55429026449,676.886473257299,5.30833525596497,4.69230107721192,0.0659727828713099,0.0633706941583521,5.83489873048683,4.35718917421416,0.00393993791106447,0.00363363075735339,2.50821279825185e-06,0.00142099662948779,0.00707647416684246,1.72417628793907e-05,1.58842726853431e-05,3.90999548087515e-11,7.76618238636535e-06,3.03214695195175e-05,-1586.92692612559,0.145714735667532,0.101635184921494,0.9325,0.539843106203205
"constant",800,"stan",172,2131.981,6788.71869317506,7532.91579924819,151.990632392162,157.908730625523,9883.84074759151,1892.05473015083,8531.39282849456,744.071036883922,3.18423039097209,3.5332940580841,0.071290800617905,0.0740666688049861,4.63598913291981,4.00162704475066,0.00290570859313761,0.00275559338880966,1.040989281341e-06,0.00119990388004794,0.00489611524884895,1.73677013235124e-05,1.63070530910733e-05,3.38490251086789e-11,7.77275731274086e-06,2.89617076843039e-05,-1586.68560949878,0.143628808623861,0.0941356678723357,0.94625,0.507912415292106
"constant",800,"stan",173,1915.805,8061.11083652233,8127.65998431818,140.714624554863,98.6217573300475,9520.07379444025,1094.1832794406,7074.64576621132,406.276690702681,4.20768858862062,4.24242549962975,0.0734493461259697,0.0514779726172797,4.96922901570893,3.6927796754948,0.00394962738123158,0.00369618399472178,2.49260682458987e-06,0.00137440430581212,0.00721649412601375,1.79880267358635e-05,1.64149314388913e-05,5.90572335301548e-11,6.19485481579134e-06,3.3469067692861e-05,-1586.06839348805,0.129707955673276,0.0836746695045685,0.96,0.533306044936683
"constant",800,"stan",174,2237.761,8870.06199033573,8216.21312603318,144.526390629613,90.939437255038,9805.40437092922,1683.28174192457,8145.40847473938,889.665904887724,3.96381114441432,3.67162227156214,0.0645852665363338,0.0406385835015616,4.38179250193797,3.63998142551389,0.00401587888468589,0.00377405958273658,2.18850244668338e-06,0.00163313879882092,0.00685833565795521,1.83486177702168e-05,1.7382436672828e-05,3.80509235858022e-11,8.35209861222001e-06,3.0035096740944e-05,-1582.25619954646,0.154189389310895,0.108508556454169,0.92875,0.535483546827248
"constant",800,"stan",175,2181.115,8865.31690030666,8420.06784317413,148.975284433252,168.61736213257,9621.29679553632,1340.1739514354,7314.29236692748,1073.90425951533,4.06458022630932,3.86044194972486,0.06830235197743,0.0773078733274358,4.41118271871787,3.3534647952664,0.00464541189615029,0.00440351554973745,2.73863479234365e-06,0.00170986673205656,0.00790750326830377,1.55816674184823e-05,1.45154795357134e-05,2.91877951595277e-11,7.41776788271765e-06,2.62480353233012e-05,-1590.23410614747,0.154052814907375,0.110544256081709,0.95125,0.547234450392395
"constant",800,"stan",176,1947.586,8049.89576288031,7697.28619632112,80.8218948342229,111.078663110288,9479.00686796331,872.7377760383,7108.51606658562,544.940367537562,4.13326844764766,3.95221889884252,0.0414984985691122,0.0570340221742648,4.86705432672206,3.64991125762129,0.00396620876921091,0.0036846029775315,2.6378764849801e-06,0.00136370707067126,0.00718054253264359,1.87210353631711e-05,1.71962754885348e-05,5.38413065147836e-11,7.35494361838325e-06,3.3176231725238e-05,-1570.24454630306,0.147081979370509,0.108002078705272,0.9525,0.542630374220699
"constant",800,"stan",177,2399.672,10547.277394067,10248.1669181309,88.0248361809526,132.090089271908,10192.9781360744,1239.11076203779,9463.09783948361,416.351599755271,4.39529960514062,4.27065320515923,0.0366820282859293,0.055045060021498,4.24765473617829,3.94349637762311,0.00335864629272245,0.00313478275630265,1.71950588597867e-06,0.00115999020397146,0.00595209003397575,1.67485422660574e-05,1.55529518457006e-05,3.53466519738007e-11,7.46145190123666e-06,2.87946884635101e-05,-1551.45354979677,0.151070842222402,0.104070551149952,0.94375,0.51632801669933
"constant",800,"stan",178,1806.937,7440.90825416053,7949.19746144893,117.503988241741,123.931347618976,9344.40964680936,710.008162630442,7738.49171832112,702.188660254691,4.11796772890285,4.39926652752638,0.0650293774723421,0.0685864242189829,5.17140865830373,4.28265718080991,0.00366988361799542,0.00340475381134819,2.19619011642068e-06,0.00131177029469768,0.00669121302343185,1.68209956851285e-05,1.53216145836281e-05,4.03873982445125e-11,7.65568319266526e-06,2.96200019010735e-05,-1551.27691871076,0.139628341171967,0.0978944779521257,0.95625,0.531036755418907
"constant",800,"stan",179,1631.627,9053.90692583033,7862.23899363945,102.981625644646,127.931910340257,10134.4262851415,1046.46113579846,6756.42930921546,756.143230313118,5.54900533383569,4.81864972425649,0.063115911690997,0.0784075713016869,6.21123963083563,4.14091536191511,0.00503080362735453,0.00475901092470271,3.55893246071097e-06,0.00168896476388287,0.00864150215394821,1.65851850185151e-05,1.52500330086607e-05,3.79103625186521e-11,7.20376726563213e-06,2.83583890473261e-05,-1603.61288006084,0.164168647120221,0.114664474267757,0.95125,0.56126266898566
"constant",800,"stan",17,2020.21,8948.5229556197,9175.47560176194,179.819835815353,135.389981642503,9661.71455085957,2099.29722630677,8492.05673295498,873.597810172151,4.42950136650135,4.54184248259435,0.0890104671372547,0.0670177761928229,4.78252981168273,4.20355147878437,0.0031169033562062,0.00295526769491925,1.2091699571029e-06,0.00125070409717604,0.00532717848840806,1.79738692812268e-05,1.67225748604125e-05,4.40176274321443e-11,7.29546195271361e-06,3.09788368969629e-05,-1576.33479357323,0.133127840677349,0.0875994141631222,0.9475,0.51001546323427
"constant",800,"stan",180,1638.947,8173.22690367965,6759.58239885571,85.845461727585,142.834966333252,10053.3059619989,907.451197856875,8172.3188834856,1111.4363248705,4.98687688111919,4.12434471575695,0.0523784245174401,0.0871504486315009,6.1340030897881,4.98632285454356,0.0033115744592176,0.00310284511651871,1.59244920523093e-06,0.00137196196145917,0.00596422755467074,1.77291291432222e-05,1.66379069381499e-05,3.60126831712272e-11,7.68420254961817e-06,2.94311897472126e-05,-1572.74568932257,0.146950771485236,0.100786806656133,0.9325,0.515897907797698
"constant",800,"stan",181,2547.898,11390.4684924493,8947.23782738317,107.350174660605,149.189354713836,10599.9791989579,734.630796936102,9980.43727561309,1012.20401988922,4.47053551297944,3.51161538938497,0.0421328383870176,0.0585538960797629,4.16028396700255,3.91712591148197,0.00376367293204587,0.00357033885162388,2.31116403529982e-06,0.00124167548142628,0.00678793024656561,1.56880980584104e-05,1.48477114795855e-05,2.56530627054645e-11,7.34897684276768e-06,2.60065093805783e-05,-1576.52262998074,0.166606776205222,0.125797208248304,0.9125,0.531785249409542
"constant",800,"stan",182,2234.776,10285.0048563968,10581.6978417896,144.923593109688,169.725979439223,10088.8196381868,2050.34690195562,9508.58488791845,902.334487616361,4.60225313695726,4.73501498216807,0.0648492704010101,0.0759476472985314,4.51446571745304,4.25482683182496,0.00240016642384286,0.00223511916646181,8.68349043938939e-07,0.000992629473798109,0.00412926090989639,1.60829591221552e-05,1.53212967545336e-05,2.8648747664072e-11,7.13974922694424e-06,2.66777179104697e-05,-1559.82702370313,0.165022938761492,0.120440918210113,0.90875,0.492742335352083
"constant",800,"stan",183,2534.894,9919.72782322256,11018.5836064716,105.752491782213,212.333647071364,10863.8706520601,1964.89125713002,9583.73336880821,898.805047854298,3.91327125442822,4.34676306246795,0.0417187037336525,0.0837643100939778,4.28572975913789,3.78072352090786,0.00309413336897634,0.0029159734495407,1.39779634925387e-06,0.00114561310566243,0.00546232884125254,1.77348881610582e-05,1.65116763016151e-05,3.78160473883942e-11,8.0121654237548e-06,2.99560484992978e-05,-1586.63780204086,0.14443290586318,0.0969765460110929,0.95,0.508056850567335
"constant",800,"stan",184,1578.738,9911.25264812279,8665.6272032091,97.397011551443,83.6403694026693,10562.2450489513,942.842652413646,6819.75239145888,389.457285165068,6.27795913452567,5.48895839791599,0.0616929544683431,0.0529792590047679,6.69030899930915,4.31974931334957,0.00470002195729539,0.00448487888844915,3.27208334840426e-06,0.00167257451110276,0.00832193538150335,1.9051148584617e-05,1.75013160745269e-05,5.12279140295312e-11,8.15859360398709e-06,3.39252985058865e-05,-1584.45133211588,0.149363755362073,0.105841944839555,0.95625,0.554770729050786
"constant",800,"stan",185,2363.674,9028.60438312645,9230.10038892946,159.030286099033,148.515024154603,10207.8490190067,1886.01777657798,8637.38824096461,767.954379998109,3.81973334018416,3.9049802929378,0.0672809727987163,0.0628322789668129,4.31863658821253,3.6542214539588,0.00314994207499087,0.00292329177524164,1.36087650885013e-06,0.00124121017655056,0.00539669471836318,1.72135599202416e-05,1.58103766066203e-05,4.31727125233407e-11,7.37031469473789e-06,3.11251959332177e-05,-1599.50466141358,0.143665699523811,0.101555852228705,0.9425,0.509282700368919
"constant",800,"stan",186,2567.582,11362.1208498492,11639.7079849868,93.3635342065947,105.493481783523,10916.2150524467,887.125337863117,9502.97372873816,534.471563800836,4.42522219342916,4.53333446993585,0.0363624352431956,0.0410867040598989,4.25155459589867,3.70113738479946,0.00379533217522965,0.00358991053658489,2.19148420706498e-06,0.00123260026160896,0.00669019133111368,1.77377467221378e-05,1.62957564243734e-05,4.67249132251413e-11,7.56298971144132e-06,3.19597020819899e-05,-1580.75609757784,0.144469308475891,0.0957834425932095,0.94625,0.530970015471541
"constant",800,"stan",187,2268.098,9221.98682733969,9107.47817154843,128.611519556113,110.689096316054,9842.3301780881,1223.57507951803,8014.32045459774,555.028402476517,4.06595606862653,4.01546942484338,0.0567045690072091,0.0488026074340941,4.33946424629275,3.53349831206489,0.0037619411804828,0.00353591776668684,2.28805611066121e-06,0.00128742053022829,0.00684780477421004,1.78948972925582e-05,1.65342085735721e-05,4.53788672630087e-11,7.51529028713445e-06,3.14901997775779e-05,-1619.83592118169,0.143445893541899,0.104678614972171,0.955,0.528687576225634
"constant",800,"stan",188,1775.135,8057.12114109397,7000.83495916299,132.34492763044,97.2079494392918,9946.18474293334,856.616349731774,6946.29764271558,453.714760131627,4.53887796764413,3.94383241790793,0.0745548522396553,0.0547608770258554,5.60305821412644,3.91310950587734,0.00479348269848218,0.00449082244288662,2.93519319812913e-06,0.00181392925845643,0.00831265015907531,1.86074505487937e-05,1.72425869542308e-05,5.25597656813607e-11,7.81486090766257e-06,3.29321092501868e-05,-1563.22426050281,0.151961638409127,0.107066335891727,0.945,0.563577262768649
"constant",800,"stan",189,2460.831,10683.1878784841,10460.8211845947,64.6247739768373,133.10588435701,10363.3833762627,777.99891628071,9727.02920437324,516.85489076774,4.34129279031518,4.25093035019257,0.0262613621076934,0.0540898112698554,4.2113348605665,3.95274165693347,0.00341570176546576,0.00317821843704787,1.88699111842414e-06,0.00115336705778074,0.00621002338042105,1.66428638867247e-05,1.57436479710935e-05,3.42175308154365e-11,7.20657540441191e-06,2.82982407333939e-05,-1594.92451815248,0.137801030368349,0.0945632374933788,0.95,0.518564309094179
"constant",800,"stan",18,2082.012,8890.68399830792,8859.10619713307,111.912336080142,169.230876117428,9528.49019342106,1441.27290278867,7723.72498789451,1099.23516045369,4.27023667409598,4.25506971003677,0.0537520129951902,0.0812823730686605,4.57657794163581,3.70974086023256,0.00343324608446363,0.00320968720842159,1.66397509032591e-06,0.00114312552910348,0.00603561113433685,1.70131313232731e-05,1.57904970876542e-05,3.55975640023548e-11,7.73151740134476e-06,2.91604772581658e-05,-1584.88418717153,0.148749701868476,0.0984715300657957,0.9375,0.516584510283609
"constant",800,"stan",190,1717.32,9842.27329346366,8575.59152188156,122.363928953404,156.142411692894,10243.7995992645,1344.82068644492,7717.93038361285,1152.6766600552,5.73118189589806,4.99358973393518,0.0712528410275335,0.0909221412974251,5.96499173087396,4.49417137377591,0.00376020103732731,0.00354718548821724,1.77766852144976e-06,0.00145203678199106,0.00636202881097076,1.64722205458745e-05,1.54177052435697e-05,3.41692371117096e-11,7.30907047948119e-06,2.83149303890536e-05,-1570.66720751063,0.148670093399239,0.0997332952383571,0.9475,0.526438271238783
"constant",800,"stan",191,1701.549,6561.33397487682,6011.66793587447,165.656421883167,114.919585432333,10812.7118152347,1650.16578707644,6514.89276029662,628.811848230415,3.85609463781344,3.53305601888307,0.0973562453289134,0.0675382169025592,6.35462852685093,3.82880114548368,0.00521758901180518,0.00501262599248205,2.73855617689104e-06,0.00235149270112438,0.00873613414375851,1.73804298472488e-05,1.59279280453555e-05,4.13607650584746e-11,7.23251872262961e-06,3.0347709985824e-05,-1583.9712109539,0.130180582977117,0.0927335588258758,0.96375,0.565283422484897
"constant",800,"stan",192,2523.922,10235.4369693971,10666.3876635521,72.0615864540659,149.554372894497,10173.4087045369,1038.08120981373,9620.06472092978,1282.46689708851,4.05536976554629,4.22611620468149,0.0285514316425254,0.0592547522841424,4.03079362378748,3.81155389149498,0.00328274450796402,0.00304074533456567,1.80850942874575e-06,0.00121081274921951,0.00598902088468942,1.72712590741423e-05,1.6263242856072e-05,3.39340825157611e-11,8.01338798556901e-06,2.93816524476242e-05,-1576.51557455301,0.163349685743535,0.105984873046329,0.92625,0.512089932769925
"constant",800,"stan",193,2243.916,9210.05641660336,9658.60717910863,115.288467537619,145.481856839258,9653.03185317886,808.668318478425,8928.48735779204,894.609594478064,4.10445685872527,4.30435327307646,0.0513782456819324,0.0648339139429722,4.30186863197145,3.97897575390168,0.00314398413359546,0.00296711474656871,1.33052765132866e-06,0.00111079473392117,0.00535390438575817,1.61670690818024e-05,1.50096467699103e-05,3.45324997691731e-11,6.8962241528915e-06,2.83564730445084e-05,-1543.6063256086,0.151527976682151,0.106813847439032,0.92625,0.512709878258039
"constant",800,"stan",194,1771.582,7179.96386845787,6299.14563945953,134.710801224285,153.247560622594,9995.00568571843,1216.4819654076,6916.94168077957,953.799796995828,4.0528543801291,3.55566134644602,0.0760398340151826,0.0865032274106388,5.64185326206657,3.9043869720846,0.0044167547565698,0.00422769109653826,2.55385180754607e-06,0.00170631658883123,0.00755862171425981,1.78419310694086e-05,1.64702820105006e-05,4.19245845201025e-11,8.04489265867626e-06,3.14973576712373e-05,-1561.55083554251,0.144918095908638,0.100700634330096,0.95,0.553334769445186
"constant",800,"stan",195,1607.168,8712.44793856056,7677.30797683131,98.6853946604963,64.1259499178676,10938.8559036562,856.314083671873,5858.93758190878,309.096181154626,5.42099390888853,4.77691689781735,0.061403284946251,0.0398999668471919,6.80629274827284,3.64550413018973,0.00688060141246676,0.00654563495484496,5.69268146136297e-06,0.0025326464371872,0.0115511291207308,1.97462070157261e-05,1.79118689894966e-05,6.95820847771334e-11,7.49358221053459e-06,3.59268267324877e-05,-1576.83296000891,0.165042250817836,0.123179284002099,0.96125,0.601424256171933
"constant",800,"stan",196,1621.902,8004.33509054789,7998.94589466604,161.702766688331,121.558287504753,10452.8587240672,2399.76924159464,8533.73579277513,1626.24449983929,4.93515335115678,4.93183058820202,0.0996994680864387,0.0749479854545794,6.44481523795349,5.2615606817028,0.00315889940634673,0.00297378961465993,1.39099343528991e-06,0.00124141393880879,0.00546167721861356,1.58066302492253e-05,1.49816449254753e-05,2.47844683990361e-11,7.7098055347726e-06,2.57533792984068e-05,-1579.8938435214,0.148238619487784,0.103283620029933,0.94,0.512527550951513
"constant",800,"stan",197,1746.029,7764.0593974314,7878.48461902757,82.2717514095945,60.4768288680405,9103.03683788341,569.900993830812,6209.97710784045,542.946180775897,4.44669555742281,4.51223010558678,0.0471193499131999,0.0346367837350013,5.21356566121377,3.55662884627945,0.00491664880475275,0.00462586925814941,4.24417918975639e-06,0.00140629099038883,0.00901141374893825,1.86410107791428e-05,1.74070812907269e-05,4.89906624267248e-11,7.96218425333638e-06,3.23437502491014e-05,-1583.7322837459,0.155856880996179,0.113192621595925,0.95125,0.56083241473311
"constant",800,"stan",198,2478.743,10871.9210035077,10396.638629579,110.109609720243,151.682398958049,10441.5550546443,624.001739845859,9192.80327251518,692.792573354777,4.38606221117222,4.19431890663088,0.0444215514558158,0.0611932737512718,4.21243955288802,3.70865526297611,0.00372206241435395,0.00347229110838021,2.1556725518908e-06,0.00123173517308136,0.00657132125464707,1.64759040911823e-05,1.55098181721348e-05,3.13621502180937e-11,7.35953272107862e-06,2.77732598897494e-05,-1572.01033162536,0.139019986161752,0.0950472614623493,0.95625,0.523771533551595
"constant",800,"stan",199,2695.557,12344.7130512289,10914.908449146,94.4792057357982,143.011647397964,11237.4589652213,687.911487786636,8909.9086096358,707.082916586994,4.57965201671822,4.04922190446947,0.035049975101917,0.0530545810746957,4.16888196585022,3.30540537990323,0.00462407254380843,0.00436283021279695,3.15434894079948e-06,0.00163472954137368,0.00814277709110731,1.72601848472575e-05,1.6051592934601e-05,4.19043981288754e-11,7.53366453293137e-06,2.98260957059124e-05,-1589.39827265422,0.154056928115021,0.110230796275923,0.9375,0.550486565148297
"constant",800,"stan",19,2497.752,10444.4773227648,10880.0433983915,80.1266200682184,109.814207602433,10082.1941570442,901.110524754439,8888.21612929312,536.410128605714,4.1815509797469,4.35593421540311,0.0320794939082096,0.0439652165637071,4.03650729017301,3.55848624254655,0.00476673487966778,0.00448348660106331,3.17386962720722e-06,0.00183329015918388,0.0082370503833714,1.71858926936084e-05,1.57230884341592e-05,4.75290977048077e-11,7.26593668662486e-06,3.13889846580964e-05,-1573.36239294404,0.143240775683991,0.0979148494814604,0.96375,0.558555457968601
"constant",800,"stan",1,2138.076,10387.2591428414,9201.06613335433,90.7247475759904,115.921884247388,9141.24285683609,503.61014562472,7025.0938713324,645.480160198309,4.85822727669243,4.30343268123038,0.0424328918036545,0.0542178501827754,4.27545272330642,3.285708212118,0.00430145837965193,0.00393448006808604,3.62440991547848e-06,0.00126313230077581,0.0080011259255729,1.64307465984466e-05,1.53014336745511e-05,3.59928482350082e-11,7.13972284344527e-06,2.80448840661359e-05,-1601.10264746419,0.14674048351173,0.0972155563575763,0.955,0.54100191651482
"constant",800,"stan",200,1735.296,9189.01040925176,8136.88422580062,104.350248088628,142.675442772465,9822.81870556848,1254.69783790055,7160.57726660282,898.786954741815,5.29535618664006,4.68904684030887,0.0601339760413371,0.0822196574950123,5.66060124933641,4.12642988089803,0.0039446560764046,0.00371635601096645,2.34336047591608e-06,0.00141290135354652,0.00698380412124894,1.6831581295665e-05,1.53076486739346e-05,4.62275415005017e-11,6.92160970600616e-06,3.01411509238253e-05,-1591.41491616332,0.148297407465324,0.105496480042127,0.94125,0.535003726788028
"constant",800,"stan",20,2353.758,9514.93553773324,9478.38292581907,102.511462283409,124.275468920594,9484.9823855568,764.248263988286,8586.09039371108,809.229430167322,4.04244426900864,4.02691480000029,0.0435522523060608,0.052798745206854,4.02971859705068,3.64782207589356,0.00374471710961361,0.00349303967387107,2.32848572714468e-06,0.00105043538231477,0.00668470290191134,1.62012730252006e-05,1.49620071015096e-05,3.66127756725449e-11,6.58089433561121e-06,2.80192445879749e-05,-1606.6371637903,0.14464735421429,0.0943445427950677,0.95,0.528860473475686
"constant",800,"stan",21,1939.617,9844.70653277955,9114.27693429861,107.767334784331,190.14282124891,9737.753921122,1818.44399802206,7573.59261748831,1016.23356134841,5.07559303345947,4.69900858483846,0.0555611415987442,0.0980311170962671,5.02045193516143,3.90468459365344,0.00327916565432777,0.00307975918973364,1.48229991046619e-06,0.00116589556238514,0.00563072333366841,1.68514182082927e-05,1.58606157972893e-05,3.2949586943755e-11,7.35029733940647e-06,2.80409291663354e-05,-1562.52443933391,0.141407605508316,0.102127143506611,0.95,0.51557842048857
"constant",800,"stan",22,2038.685,8503.98352735797,7658.78456429128,81.1935965682774,80.9787920044931,9486.15170625901,918.713410058279,6562.13267370522,460.768318628756,4.17130823415975,3.75672777515471,0.0398264550768154,0.0397210908033821,4.65307377366244,3.21880657075773,0.00446723389147621,0.00427511357789046,3.0619451206193e-06,0.00129163238768474,0.00781009384959133,1.81603287153591e-05,1.65691100026518e-05,5.6797145960077e-11,7.63418767161682e-06,3.16410654067331e-05,-1633.14693554702,0.15668130517521,0.102106744477167,0.93,0.544344781008897
"constant",800,"stan",23,1988.128,8210.37917088028,8121.34800617677,113.481237791051,112.804623060467,9822.26182727824,869.527113485998,7403.51087231042,629.383379723201,4.12970350544848,4.08492210067801,0.0570794424660035,0.0567391149163771,4.94045746917615,3.72386027072222,0.00343812740488975,0.00327519628054123,1.62434306500948e-06,0.00135266112129615,0.00606493392430397,1.63018389853514e-05,1.5204264110357e-05,3.39419467397758e-11,7.34333229371109e-06,2.85208096085557e-05,-1592.9280388176,0.146062463753629,0.0976587495982146,0.94625,0.51704022241024
"constant",800,"stan",24,2539.007,11688.898335516,11796.5906028617,78.7440935842923,191.275739604729,10756.6041046714,751.788224979892,9537.80216022611,1055.25899092596,4.60372828255929,4.64614339498147,0.0310137363088374,0.0753348610715641,4.23653975931197,3.7565088084539,0.00380132972428446,0.00355704596125659,2.25026529544522e-06,0.00128941159510364,0.00679098700750313,1.6648579706416e-05,1.55246613004714e-05,3.43457528638371e-11,7.83277695995275e-06,2.86730663733767e-05,-1556.2176215998,0.127067803047959,0.0860560153598527,0.96,0.529955217406805
"constant",800,"stan",25,2186.509,8851.69381244304,9743.27503291574,134.125181195461,98.0143704416455,9325.40824417824,1318.14336442839,7685.28535942398,591.221305727787,4.04832260578074,4.45608732134912,0.0613421582968382,0.0448268772008922,4.26497592471755,3.51486564172568,0.00380464253008007,0.00358843582491485,2.17902706196792e-06,0.00136283248073256,0.00679238105260781,1.82647908150882e-05,1.69335780986886e-05,4.38884228336577e-11,8.033692125724e-06,3.12466105613672e-05,-1553.39500506012,0.147623316601963,0.110787468546575,0.9525,0.5383228815184
"constant",800,"stan",26,2270.692,9522.78161395607,9413.02759956203,139.342795718995,160.87289674052,10108.2542195213,2385.95700110926,8973.79993995829,1643.40952309619,4.19377952357963,4.14544447224108,0.061365784403607,0.0708475199368826,4.45161836987196,3.95201107854271,0.00276456318241,0.00259472323185906,9.22244064009487e-07,0.00124235166910492,0.00470736005923453,1.7233598026963e-05,1.62779020380634e-05,3.25281821503145e-11,8.42605902166949e-06,2.85190848542819e-05,-1589.84490840497,0.15273022904644,0.101571698500697,0.93,0.501206902428743
"constant",800,"stan",27,2057.908,7565.10309827029,5708.75566995185,135.427304433074,136.02803297664,9868.97787704117,2233.37343759258,8177.66941213982,960.769057088503,3.67611336282783,2.77405776640737,0.0658082404233202,0.0661001526679716,4.79563609113778,3.97377793960654,0.00302641999065521,0.00286507721128558,1.22440939322256e-06,0.00126603167934068,0.005293821257157,1.6632984410349e-05,1.5805151835336e-05,2.92070196004877e-11,7.2724687091547e-06,2.71696830515656e-05,-1580.49768653097,0.156122436880624,0.105313915334918,0.9275,0.507709456834715
"constant",800,"stan",28,1721.157,8175.60933169285,8845.18792798388,130.417076816947,152.837806897451,9958.27521561687,3196.83561689132,8616.73440380437,1577.30717241634,4.75006599147716,5.13909418372867,0.0757729113712156,0.0887994569335924,5.78580293117761,5.00636165312309,0.00261956337000178,0.00244021057705314,1.02320362270665e-06,0.00100448752210227,0.00466216130709651,1.60603263807553e-05,1.49217692792955e-05,3.42937130501087e-11,6.83071419416842e-06,2.72805473942503e-05,-1582.14638421592,0.147729200967147,0.0969456821447449,0.9325,0.494205021142966
"constant",800,"stan",29,2432.876,9425.97424147458,7589.7224173533,97.6918005301054,124.498350496758,9799.42138870466,388.812090033901,7292.73709415086,513.074723668241,3.87441622239464,3.11965033045387,0.0401548622001719,0.0511733234643928,4.02791650240483,2.99757862470215,0.00576150664161822,0.00546404607483857,4.36775629817244e-06,0.00226520670516484,0.00998949890185259,1.69000708481308e-05,1.54521220720112e-05,4.58555890249759e-11,6.70765058485879e-06,2.92854711458256e-05,-1583.29114442125,0.133353750004048,0.093133646369797,0.95625,0.577526635812062
"constant",800,"stan",2,1527.137,11563.8819506771,10061.7318460639,84.3757505348106,119.959230545827,11219.3462793996,1184.04924088527,8422.34044068309,590.009795024425,7.57226231220717,6.58862423349308,0.05525093723406,0.0785517151020681,7.34665343017658,5.51511779276063,0.00418304924957264,0.00397990796263953,2.69429845669215e-06,0.00127335339502759,0.00732515207617456,1.75893559044903e-05,1.65880275054392e-05,4.21721307086191e-11,7.17637195561639e-06,3.04142112836542e-05,-1560.6457435256,0.146124350573257,0.107950393906125,0.94125,0.542362579165531
"constant",800,"stan",30,1893.942,9014.51276533488,9139.22505569812,100.403909851731,113.781962625377,9207.24440620594,873.571961435958,7354.69705413947,445.02598106641,4.7596561908099,4.82550418951484,0.0530131914555627,0.060076793600531,4.86141835716507,3.88327470119965,0.00331044597132749,0.00303775040389377,2.08190497654467e-06,0.00111364959258723,0.00622999801508048,1.85014456204295e-05,1.72967196618069e-05,4.40140459986145e-11,8.07146510567911e-06,3.14220606342925e-05,-1574.44292493781,0.16364379074329,0.117139966617118,0.8925,0.520741637533588
"constant",800,"stan",31,1729.071,9590.80806740802,6424.57179399027,129.743722214434,86.0807821368695,10983.642338988,1724.82230100254,5469.20239586671,808.139310226587,5.54679829076309,3.71562058121978,0.07503666547784,0.0497844114769547,6.35233737595967,3.16308722768858,0.00732415969186205,0.00712963096957513,5.12205713046696e-06,0.00307827022407151,0.0115674398073084,1.75201254085081e-05,1.65331625955119e-05,4.03148906128752e-11,7.56065045776341e-06,3.04547478826347e-05,-1560.1576968025,0.135678060818694,0.0986935193820185,0.97,0.607337166884671
"constant",800,"stan",32,2084.755,7427.54595434315,8003.07830429086,118.239235383655,116.371606449214,9284.39641822671,1761.38210160225,8584.89801745056,986.626093379768,3.56279080963622,3.83885794939495,0.0567161298971128,0.0558202793370032,4.45347123198012,4.11794096546144,0.00265763187962189,0.00248485490192424,9.90853285665971e-07,0.00100850542559865,0.00465345060523955,1.70630692251453e-05,1.57198405331987e-05,3.84490844084866e-11,7.58983584336245e-06,2.98620280919187e-05,-1628.84587092612,0.150391916279423,0.107861393298627,0.9125,0.497979973519852
"constant",800,"stan",33,2518.09,10614.3334031295,11642.2016124004,89.0989658917033,141.071661904677,10393.6787975162,1024.89306703828,10233.3838341407,1706.31836853351,4.21523194291288,4.62342553776885,0.0353835509817772,0.0560232803055798,4.12760417519475,4.0639468145065,0.00318499183746978,0.00299431902141906,1.43835862787858e-06,0.0012414502870512,0.00555956053278288,1.59577695560876e-05,1.51016629822621e-05,2.52274264175098e-11,7.77913545812234e-06,2.60726742534783e-05,-1605.38873861672,0.161927291650969,0.11416785066651,0.91125,0.510130596894689
"constant",800,"stan",34,2678.327,11122.3261961825,10518.6967855625,92.3853857542433,105.692319589153,10825.2572511014,811.510942702715,8496.93977563352,576.296068746293,4.15271406224204,3.92733851600736,0.0344936916792622,0.0394620670251067,4.04179820130306,3.17248034897662,0.00455451374514902,0.00426658415968004,3.34804863071404e-06,0.00146317990284287,0.00812755524594832,1.77360673968987e-05,1.64577624102638e-05,4.39159599925578e-11,7.15855979490305e-06,3.10581135684366e-05,-1599.02422330489,0.15390848301031,0.107501647832957,0.935,0.552974384304352
"constant",800,"stan",35,1519.896,9718.17272581656,10388.8624544004,133.17348569283,167.46893355437,11282.9552760389,1163.01443624049,9198.93815235175,701.725519287451,6.3939721703436,6.83524560522586,0.0876201303857832,0.110184468907326,7.42350481614457,6.05234710292793,0.00339598531949495,0.00315540228261525,1.60061525047053e-06,0.00135413043984568,0.00601226358952907,1.82517343053871e-05,1.71487430192928e-05,4.26943183870017e-11,7.8229391902884e-06,3.21766162141575e-05,-1547.67154755155,0.134315129456179,0.0970454013196467,0.94875,0.525014331573333
"constant",800,"stan",36,2192.038,9366.60128049287,9097.56346354614,74.2688864996269,142.614714753038,9245.93993083741,994.299421177413,7732.45356922626,839.640814644941,4.27301044986121,4.15027634719204,0.0338812039296887,0.0650603295896506,4.21796516795667,3.52751803081254,0.00376298502115009,0.00360968089070894,2.37689622090008e-06,0.00117472297903063,0.00662392455899483,1.74891300218788e-05,1.63974499325862e-05,3.73984346156733e-11,7.84094540929803e-06,2.93498258865291e-05,-1564.3820457129,0.147217650243187,0.1055417541353,0.95,0.533898762477211
"constant",800,"stan",37,2331.516,7604.86672597578,7881.62133003496,144.604213324166,120.98034719471,9751.49687217596,1740.1312235583,8175.76007197785,1011.95958256662,3.2617690489689,3.38047061655805,0.0620215402013821,0.0518891344493069,4.18247049223594,3.50662833623181,0.00366894651361436,0.00345353155321165,2.05799024674647e-06,0.00123189993851642,0.0063927511670317,1.73914666644539e-05,1.59893007553815e-05,3.99831506430881e-11,7.80783362362513e-06,2.9600861681253e-05,-1588.70131107821,0.143987612169516,0.0917276043212862,0.94625,0.526062181533939
"constant",800,"stan",38,2091.884,7824.54088746692,7804.09497696608,105.350351704321,112.90702554592,9405.3506712967,864.045407937097,7182.55621402955,696.889393433552,3.74042771371019,3.73065379197225,0.0503614692326732,0.0539738463250925,4.4961148282107,3.43353465776761,0.00432647525108892,0.00401106996470835,2.85587677366064e-06,0.00158393152017125,0.00758568214903962,1.79222309933376e-05,1.64659174932885e-05,5.30576637818134e-11,6.69599915720227e-06,3.20389850799996e-05,-1557.2779459516,0.145757146154803,0.101575727606219,0.95125,0.547994372615678
"constant",800,"stan",39,2527.166,11615.4866045266,11009.6694255453,125.137250109956,138.565348240274,10483.6539990995,1309.28832622365,9548.94896807971,793.063231759309,4.59624995133942,4.35652799441954,0.0495168303585739,0.0548303309874672,4.1483836040448,3.778520670221,0.00369768632511561,0.00342735433456577,2.06325794698501e-06,0.0014183769371986,0.00662742386714367,1.71096512728159e-05,1.61242935660147e-05,3.71719951473841e-11,7.4842544508855e-06,2.85959616720581e-05,-1575.14057691339,0.134025439482083,0.0833191458760283,0.955,0.525795179972109
"constant",800,"stan",3,1666.395,8832.23463921764,8792.17969235877,109.372207959177,128.295612777523,10200.1045489129,1324.55010262316,7788.4437179558,982.654135230429,5.30020471689944,5.27616783077168,0.0656340231212753,0.0769899170229886,6.12106046220305,4.67382806474803,0.00393533373969507,0.00378232777351492,2.07483959521744e-06,0.00144482208681592,0.0065930942752236,1.66688208955945e-05,1.56950681697037e-05,2.94037467506858e-11,7.90767115827883e-06,2.72819430750833e-05,-1564.45630460744,0.160562117864063,0.11134616840711,0.915,0.536607246220764
"constant",800,"stan",40,2333.482,10460.5389739872,10337.0806226941,106.315949380815,112.847865707896,9972.00833133149,1528.08303536946,8962.46960682787,1145.89947323725,4.48280251314867,4.42989516211998,0.0455610754146874,0.0483602897763498,4.27344557675246,3.84081368822552,0.00340834589941993,0.00322065669864101,1.61975782193158e-06,0.00123151389619452,0.00588939815242914,1.56697584965009e-05,1.46150662383893e-05,3.09856803487768e-11,6.98602955087092e-06,2.65104047536236e-05,-1572.04691023462,0.138868695553025,0.0912514178997486,0.92875,0.515826545291802
"constant",800,"stan",41,1644.559,9007.30775711046,8257.64923776552,128.897476248148,131.464565602416,10142.9892046744,1178.22763718544,7486.25578487134,819.331523702481,5.4770353372001,5.02119366819039,0.0783781404304426,0.0799390995412239,6.16760432716272,4.55213573053405,0.00430042504148085,0.00408020995043088,2.50681559397602e-06,0.00156403090639849,0.00746804143834292,1.73890799334177e-05,1.60094415845519e-05,3.98009897038017e-11,7.00843395042225e-06,2.99711462253475e-05,-1584.57030951299,0.174694836431976,0.131329608636949,0.915,0.549956622739744
"constant",800,"stan",42,1538.584,9538.10483460481,9219.08045859957,108.560466220997,168.416041493552,10938.1634670104,1393.85764918332,8705.23683469182,832.719903257567,6.19927468022858,5.99192534083259,0.0705586865721971,0.109461713818389,7.10924035802427,5.65795356944556,0.0038128992433086,0.00355368171521737,2.10293002160123e-06,0.00142925762531445,0.00682177839257411,1.80963641550003e-05,1.69052836904589e-05,4.09106675825073e-11,8.24634105169234e-06,3.07553065170866e-05,-1596.47384938176,0.170441903264987,0.111487183251048,0.91,0.532396928897829
"constant",800,"stan",43,1668.729,8131.89107087969,6053.53563456009,89.112189802029,148.957182079591,9620.99575816629,624.620392867547,7217.84850326568,660.149787807678,4.87310466281804,3.62763254822088,0.0534012351927898,0.0892638541546236,5.76546327064867,4.32535690532476,0.0046106828924927,0.00442574737137386,3.27562176464386e-06,0.00128955644489337,0.00808701072996747,1.74737814572557e-05,1.6565739148585e-05,3.43216800890736e-11,7.43621293519415e-06,2.91437710840162e-05,-1552.67659257354,0.148238416955861,0.106529102533823,0.95875,0.552319144451789
"constant",800,"stan",44,1875.437,8574.14709542051,8563.20860279837,129.096550374103,124.165231199828,9903.23078056014,1507.57248135452,7402.79285184688,782.172108143166,4.57181291369452,4.56598041032483,0.0688354502839089,0.0662060262220632,5.28049237620893,3.94723621846369,0.00384258232883831,0.00353620172731679,2.17787777095889e-06,0.00141717700325452,0.0068056051778689,1.87347908396499e-05,1.74870009118498e-05,4.25213776903131e-11,8.24308019064291e-06,3.27097660891545e-05,-1576.06756925492,0.15317600359792,0.115403483828024,0.945,0.536395591138131
"constant",800,"stan",45,2672.614,12241.0278546289,10316.1611030237,133.001607379944,137.813745067353,11414.1670861165,1245.34386155495,10486.5178760061,905.924699816342,4.58017052018319,3.85995175622956,0.0497646152343527,0.0515651512217449,4.27078773295228,3.92369338632743,0.00347932461140721,0.00325361166719458,1.56584763477194e-06,0.00139906905787594,0.00593067875696578,1.64863657206267e-05,1.52697730463935e-05,3.44610293809032e-11,7.12466035284883e-06,2.77881531914299e-05,-1582.50344031171,0.158045188233648,0.112081926763798,0.93625,0.523903267875088
"constant",800,"stan",46,1879.137,8173.44303807912,7219.98104135616,141.871470954565,152.732992160755,9560.37224836284,1443.12889724606,7431.35546783765,916.206736406142,4.34957272305272,3.84217917126647,0.075498205268996,0.0812782634585741,5.0876398306046,3.95466401217029,0.00374221917052729,0.00351367149791263,2.02299523747653e-06,0.00147673685686224,0.00659136114458021,1.70182697365405e-05,1.59457259004976e-05,3.50850010607949e-11,7.25838826537888e-06,2.89577321122466e-05,-1589.83019012506,0.134249676003608,0.0883895189274993,0.95625,0.528559714641645
"constant",800,"stan",47,2526.185,10794.6273652659,10974.3446398688,119.008392329106,112.410182702236,10710.7834362558,841.984229180545,8831.544989089,466.276477234662,4.27309455375039,4.34423632468278,0.0471099275504787,0.0444980010182294,4.23990461357967,3.49600088239341,0.00421387362635604,0.00395048692813582,2.50873608809656e-06,0.0016562297624264,0.00734405740151338,1.80881289737229e-05,1.70975867591126e-05,4.4778703637766e-11,7.02022246615292e-06,3.1151131947121e-05,-1610.33786141339,0.151754518514853,0.101024211074066,0.9525,0.540786215445084
"constant",800,"stan",48,2672.525,12443.6803615558,12007.4024520228,95.1290336140516,123.745111222337,10990.8655939621,1153.18669847795,9393.41204307836,581.615658757151,4.65615115351803,4.49290556758976,0.0355951894235046,0.0463026954742562,4.11253986172705,3.51480792249964,0.00403284049572233,0.00388383185417642,2.36062364677944e-06,0.00146739443025709,0.00707459663947468,1.63099955849937e-05,1.52766350414443e-05,3.54172569564492e-11,6.92291300906887e-06,2.85631634026676e-05,-1560.61599812915,0.139111202745306,0.0893763623264398,0.95375,0.535938010154144
"constant",800,"stan",49,1998.166,7426.04466432299,7675.59242867469,112.592364177231,135.513710712645,9135.38839009229,1398.08384756976,7772.6493861402,984.839071547519,3.71643029874544,3.84131870358854,0.0563478530698805,0.0678190454209735,4.57188661507216,3.88989172378081,0.0032319628305236,0.00303019980911375,1.56973101604449e-06,0.00124772765429232,0.00588982517098759,1.61082864468716e-05,1.4804657322945e-05,3.63346776126982e-11,6.918428768317e-06,2.82581827331154e-05,-1608.36682575376,0.151258250970457,0.102060380995824,0.9275,0.516102209786493
"constant",800,"stan",4,2204.509,9567.65083178393,7137.2561055408,71.3488802316861,139.194865458371,10002.9863847024,1336.84286611492,7215.36269403723,546.946875078951,4.34003709296897,3.23757177019499,0.0323649757073734,0.0631409830753111,4.53751215563302,3.27300214879469,0.00454641130742634,0.00430327154215045,2.69766646902765e-06,0.00175289480666916,0.00768870356833572,1.7455968966951e-05,1.62481420242262e-05,4.09528697714422e-11,7.58442184016855e-06,3.0445723793605e-05,-1599.08780023402,0.142628347216472,0.0988938175406553,0.95875,0.545667158356323
"constant",800,"stan",50,1642.921,9827.84245605793,9979.13676562034,93.6610336411685,151.886244617573,10433.2180181611,926.461533705911,8195.04557640325,996.446613914738,5.98193245813885,6.07402106712394,0.0570088480463568,0.0924489032750652,6.35040760825448,4.98809472665043,0.00350740057041944,0.00329822801988356,1.66838115964429e-06,0.00131238889942925,0.00595995359386553,1.71297439140272e-05,1.62421156561272e-05,3.28115321837932e-11,7.53403422726082e-06,2.8749585749549e-05,-1567.92933169045,0.124508170467369,0.083224715037363,0.9575,0.52293443656127
"constant",800,"stan",51,1717.55,9015.5663128642,7301.24711501191,123.607704323704,115.208124953624,10151.5011412939,1167.86377862662,7167.55677772767,825.794864689186,5.24908521607185,4.25096626882007,0.0719674561577272,0.0670770137426126,5.91045450862793,4.17312845490825,0.00405867438411687,0.00391458865319996,2.20343757841406e-06,0.00140694802067363,0.00687332973783688,1.78179415754016e-05,1.70365843675999e-05,4.08087968003972e-11,7.17946067787396e-06,3.10151178276857e-05,-1549.97323330281,0.152627965933614,0.108124881010037,0.9575,0.543748175963053
"constant",800,"stan",52,1775.9,7563.97135786399,7229.10381218565,108.574138063322,101.295711827558,9826.88307179655,1282.76878598975,6962.11928876603,722.187187320648,4.2592327033414,4.07067054011242,0.0611375291758104,0.0570390854369941,5.5334664518253,3.92033295161103,0.00405551493890224,0.00380168472485185,2.38948950533288e-06,0.00131076318478591,0.00704426648729536,1.73900079053066e-05,1.62178965603312e-05,4.19176529293078e-11,6.95460175420466e-06,2.98679567031302e-05,-1568.34531062646,0.173065420622979,0.129603936931736,0.9325,0.545798339611817
"constant",800,"stan",53,1980.145,8229.23746670377,7210.28413426788,107.7699549105,105.798938898747,9784.84068352561,1153.2677438978,5959.38507199529,299.041296333724,4.15587619427051,3.64129098337136,0.054425284466794,0.0534298947292986,4.94147685322318,3.00957004259551,0.0049386431624666,0.00480538960235074,3.50254207614686e-06,0.00150968281355273,0.0083667521896366,1.97582378103322e-05,1.81583192942769e-05,6.16119351363337e-11,7.04154050388567e-06,3.56873326290112e-05,-1614.82269273586,0.14956923008724,0.107097843584836,0.9525,0.559488650924048
"constant",800,"stan",54,1780.308,8197.17813981114,6089.77372264386,90.2177477860254,116.613938782812,10004.0194587388,661.831784771371,5046.50792957889,609.509647568789,4.60435954891577,3.4206293083241,0.0506753594243386,0.0655021146806124,5.61926332900756,2.83462632846613,0.0078561051022551,0.00738022820647196,8.1840051757835e-06,0.00323344065621567,0.0139694708624219,1.79574720542994e-05,1.66353492791418e-05,4.42607685930335e-11,7.993030373712e-06,3.12639014687166e-05,-1573.68860734656,0.144988146158503,0.110689958243417,0.9775,0.625338997330958
"constant",800,"stan",55,1959.167,8788.85822469488,8159.61062804701,39.491612183259,127.687651717156,8586.33598363778,290.394945319137,6734.29111433552,368.923117766232,4.48601789673616,4.16483670256135,0.0201573485993073,0.0651744602257773,4.38264628979448,3.43732367599879,0.00408160100098034,0.00372484197612276,3.71660027411939e-06,0.00114522950927491,0.00802313101378348,1.82053741428645e-05,1.68649854601301e-05,4.56075360988846e-11,7.73821743303217e-06,3.17462091055602e-05,-1610.74768743736,0.123351930085924,0.0814616712158731,0.96,0.542765760306153
"constant",800,"stan",56,2393.956,9914.43599129755,10066.3055760514,60.72121946425,133.704854491638,9998.78254065989,738.142028220359,9407.89280421465,1017.80459280274,4.14144453419259,4.20488328776778,0.0253643840840224,0.0558510074920501,4.17667765851164,3.92985201240735,0.00324519659466299,0.00300596771051836,1.58481910830125e-06,0.00128614947337662,0.00577993074484787,1.64565585800245e-05,1.52815173899683e-05,3.15763313538965e-11,7.43878329443851e-06,2.76253165012368e-05,-1606.96575366153,0.15258949788977,0.099423457114199,0.94125,0.5083103485294
"constant",800,"stan",57,2111.296,9480.73382655416,9998.96851865016,71.2959026822519,176.714385842124,9829.79013323556,2069.62175672323,8758.89497526775,985.244991925436,4.49048064627327,4.73593874030461,0.0337687859410769,0.0836994840335625,4.65580862808226,4.14858692256687,0.00266214169113098,0.00253946255699738,8.05554788540908e-07,0.00123651915091295,0.00445325666655758,1.56635631517135e-05,1.46649642355244e-05,2.89212999595585e-11,7.4149089384306e-06,2.67731269716444e-05,-1591.17500534789,0.156368949048268,0.106967594508843,0.935,0.493990104894185
"constant",800,"stan",58,1975.188,8124.06029692934,7959.30780309716,133.106581228852,97.9006796676133,9712.52122060056,1341.30340431132,7541.45714291145,763.73289104844,4.11305673026028,4.0296456859282,0.0673893225499808,0.0495652462791458,4.91726418983943,3.81809586880411,0.00335646810691279,0.00317352548073112,1.59552621572353e-06,0.00114323334877507,0.00582048658377734,1.56925188243829e-05,1.46229219736358e-05,3.15707385044284e-11,6.3305826699971e-06,2.66945572376118e-05,-1575.07650860411,0.152354821511215,0.109816480381226,0.94125,0.521031662329254
"constant",800,"stan",59,2380.984,9234.50988231555,9508.39527822633,114.520893720443,181.88512196231,10273.587359011,1528.11881102264,9599.56513399484,1798.76031083951,3.87844264485421,3.99347298353384,0.048098136619332,0.0763907367551861,4.31484938958473,4.03176381445438,0.00285782750311215,0.00264645894870085,1.03070997825904e-06,0.00129514807369597,0.00493247760833029,1.61539875888792e-05,1.50069049077113e-05,3.26600982563299e-11,7.37509005571326e-06,2.81104730902941e-05,-1584.53238541132,0.152556109660389,0.0993774415600788,0.93125,0.503774920785302
"constant",800,"stan",5,2717.929,10247.9514872435,9639.11152551666,89.8778570388697,95.33276736077,11288.6063694307,651.115055897285,8889.94608258028,373.365932256473,3.77050007091557,3.54649129006558,0.0330685080584775,0.0350755179258803,4.15338530529337,3.27085294817498,0.00496742567409622,0.00485557608029018,3.13624451505246e-06,0.00190276389961419,0.00861256060333999,1.84092083819643e-05,1.66969887012401e-05,5.52355898188546e-11,7.12470134184052e-06,3.31295361164897e-05,-1543.63192043765,0.150294068258615,0.108873969015731,0.93875,0.562845704644051
"constant",800,"stan",60,2649.354,9771.38695322962,11077.45108801,146.2511949424,151.363448989244,11916.4021004271,1523.40557407785,11291.6989118415,1898.86440440355,3.68821492078055,4.18118948544059,0.0552025870994969,0.0571322099610864,4.49785196709353,4.26205743431853,0.00302179390350897,0.00290545720622822,1.10077031861354e-06,0.0012122085748115,0.00507495768559977,1.50081737715544e-05,1.4246093603546e-05,2.30490238571991e-11,7.06903367557656e-06,2.43063268333289e-05,-1558.94070036905,0.149026418937063,0.10988654562343,0.935,0.508673701305904
"constant",800,"stan",61,2503.937,9544.24986677269,9856.59141788709,79.4962129983754,131.962960732023,10631.8957960413,650.939585057426,9664.7844145956,871.446322660711,3.81169728582336,3.93643746543427,0.0317484876809502,0.0527021888857521,4.24607160485321,3.85983529721219,0.00362129491749306,0.00334029002015436,2.12420380389301e-06,0.00117703111434235,0.0063850886210438,1.59445109865942e-05,1.47051212389381e-05,3.87988157748508e-11,6.46303521881826e-06,2.71379854538751e-05,-1604.25558427239,0.169935243020589,0.117048235829219,0.92125,0.524354066675034
"constant",800,"stan",62,2070.451,8645.43217690079,8640.67895591404,151.328901347047,185.437647956217,9863.22824516341,1601.66732346873,8265.47110612382,1231.16572235788,4.17562752120229,4.17333177936306,0.0730898250415232,0.089563891131071,4.7638066513834,3.99211143182032,0.00300819724995536,0.00278565862858408,1.3153428486231e-06,0.00129427205473139,0.00537309795187021,1.60322322325739e-05,1.49715078513095e-05,2.79429529570968e-11,7.41161023060728e-06,2.64392797048286e-05,-1599.58165192028,0.150184364890822,0.100928072731778,0.925,0.501798583336536
"constant",800,"stan",63,1645.682,9140.14002020453,8375.85469228602,131.075155098779,106.131956993833,10745.7803779185,1072.06892427114,6604.72577232203,651.440915759253,5.55401348511106,5.08959488667071,0.0796479241425618,0.0644911696146841,6.52968214874959,4.01336696416564,0.00581263622917137,0.00562046488433618,4.13827040264036e-06,0.00221633345788681,0.00986934100575203,1.86242193337262e-05,1.75111976973364e-05,4.50518855020068e-11,7.1654269269994e-06,3.23189540952062e-05,-1568.06184276759,0.155990488822785,0.117281699612854,0.96375,0.585776261962743
"constant",800,"stan",64,1574.473,9244.44498709701,8734.32947275753,96.3472424728803,145.129408096023,10330.8925503343,1296.03928715829,7716.99549066739,546.887089728872,5.87145348767303,5.54746221291666,0.0611933278454952,0.0921764984829988,6.56149235352674,4.9013196737368,0.00416877389113999,0.00386714302549886,2.57333845242296e-06,0.00153215718757098,0.00735728707377001,1.84031673164411e-05,1.74445939777857e-05,3.81153728086214e-11,8.70707535240989e-06,3.08171632737655e-05,-1585.14293077699,0.137790816712801,0.0940091542448735,0.9425,0.541892718577123
"constant",800,"stan",65,1935.821,5978.00291126551,4195.07454723923,152.374718298009,143.90316829464,9795.44256272132,1842.35422189752,7674.43201943391,779.531946215511,3.08809694246808,2.16707771392046,0.0787132272550037,0.0743370220152793,5.06009727279605,3.96443267194328,0.00303849366692707,0.00284840372156017,1.22539603499632e-06,0.00116243963709832,0.00515843014278243,1.8088407388151e-05,1.689556868319e-05,4.46421426051426e-11,7.42557291824494e-06,3.09843524131865e-05,-1580.14138814204,0.137954962700103,0.0905327967527996,0.9375,0.506328288761819
"constant",800,"stan",66,1614.372,7894.54781564623,7078.1665149221,73.9776092978003,154.383072250588,10078.3541243387,978.804233055822,7999.17473223878,742.375582268417,4.89016646451142,4.38447056497641,0.0458243882437259,0.0956304199097781,6.24289452761738,4.9549761345209,0.00346807980564548,0.00326148447464252,1.90916562372805e-06,0.00118067534439822,0.00624951347985474,1.69325466012439e-05,1.57626293049709e-05,4.17807873776601e-11,6.59845776291743e-06,2.94595393510879e-05,-1598.91718156781,0.139432699428341,0.100255997623996,0.9525,0.518305824776734
"constant",800,"stan",67,1871.55,9566.101032288,9307.4041842576,125.495446843687,143.116845641907,9763.21115379854,1420.38318876461,7573.74357118478,840.974623219403,5.11132538926985,4.97309940116887,0.0670542848674561,0.0764696885693179,5.21664457471002,4.04677597242114,0.00345888721544218,0.0032428988594554,1.89203758601196e-06,0.00125072957372377,0.00614969880627111,1.51065917933164e-05,1.42617212259593e-05,2.42915775809515e-11,6.69785512316284e-06,2.45984813511617e-05,-1581.99286018128,0.141798048667363,0.0926476324787042,0.94,0.519637837386518
"constant",800,"stan",68,1780.001,8790.30153922575,5990.6252925842,145.093028538058,98.3808170717601,10376.3161441545,1044.1405655071,5741.62115355878,702.942431286523,4.93836887688588,3.36551793655408,0.0815128915871722,0.0552700908998141,5.82938781728467,3.22562804939929,0.00643104912552096,0.00627793194445262,4.47463824002228e-06,0.00258647252552706,0.0107087532983678,1.942129068397e-05,1.79496762771345e-05,5.90726735839726e-11,7.95069429970792e-06,3.38536855293253e-05,-1550.25665960187,0.145375871578685,0.109789078879338,0.95875,0.598169761525557
"constant",800,"stan",69,2015.668,8865.6123657895,9323.81372381144,132.78150977295,187.696256957739,9609.30318608373,2446.12034548716,8545.25858965051,1625.35900236056,4.39834951281139,4.62566936807621,0.0658746925450768,0.0931186370760161,4.76730452935887,4.23941769659017,0.00304732172967747,0.00286482615712866,1.22840591972246e-06,0.00114977576392991,0.00529172578968816,1.59845958255156e-05,1.51161907365846e-05,2.60391474677361e-11,7.64346544266967e-06,2.65151444698113e-05,-1602.63354812632,0.144929782212043,0.102476558980023,0.93875,0.506627472201446
"constant",800,"stan",6,2070.981,7888.08740763127,6255.21831698654,123.457369261822,146.438286344358,9772.71488696684,1471.39573435439,7350.1855022921,776.516106903183,3.80886517434553,3.02041318437327,0.0596129898158516,0.0707096232869149,4.71888196316955,3.54913227223818,0.00409759852399437,0.00394710116335216,2.06185725561223e-06,0.00146861406944859,0.00680602858766005,1.71243508871504e-05,1.59336197927879e-05,3.92040716164305e-11,7.21019925389698e-06,2.9550637686934e-05,-1557.54172638828,0.150605410247127,0.109814782789425,0.925,0.545136960107464
"constant",800,"stan",70,1747.238,8475.77138938235,8930.46351662774,34.0505627900969,154.621785489709,9799.73121629387,1256.52934523526,7706.2138626368,1018.97906549134,4.85095412839141,5.11118892596643,0.0194882224345492,0.0884949763510805,5.60869853808919,4.41051182645799,0.00340830025401428,0.00324791710313517,1.61784936811484e-06,0.00123902662921553,0.0060015723556615,1.75218138293942e-05,1.63814743029474e-05,3.95195502454293e-11,7.47472939901804e-06,2.95988482861797e-05,-1574.16259197053,0.143065518639591,0.0904099168701501,0.945,0.519335420847917
"constant",800,"stan",71,2436.86,10978.6882855145,10254.400455366,119.068375557499,124.091101227814,10057.3529567369,1958.10653454789,8750.51890519427,554.073037367396,4.50526016493131,4.20803839997621,0.0488613935792368,0.0509225401655468,4.12717716928213,3.59089931518194,0.00407658577971168,0.00391832236190196,1.99935715540323e-06,0.00148560357495709,0.0068152315718495,1.93613472092076e-05,1.75225036038976e-05,6.83051189869118e-11,7.12268980387804e-06,3.46719751021108e-05,-1552.35149224076,0.143800536087984,0.0942530368988215,0.95,0.539348505832444
"constant",800,"stan",72,2249.827,9393.00608845215,8912.6132351493,138.510722190901,136.278448242081,9855.3432830686,1411.5677933654,7929.036190531,787.71946951017,4.17499038301707,3.9614660305656,0.0615650546423797,0.0605728565983431,4.38048938121402,3.52428706319686,0.00406296548293029,0.00384680036072017,2.14909769550398e-06,0.00172477892475991,0.00716255478329118,1.75040638102206e-05,1.61841317568961e-05,3.97925027475898e-11,7.55202140282417e-06,3.04170581914643e-05,-1589.40019113586,0.158513373511191,0.109939313426091,0.92625,0.52972425991388
"constant",800,"stan",73,2205.556,8355.79254496608,7699.35111521707,152.932532379476,112.571784190483,9810.25706666457,1452.02322877152,7036.04676134476,498.400391382886,3.78851978592522,3.49088897095203,0.0693396732522212,0.0510400933780341,4.44797459990341,3.19014650335097,0.00503118130071214,0.00477430133434482,3.24176085836642e-06,0.00170824980675032,0.0085295220970797,1.92652975364897e-05,1.79211558347743e-05,4.81064407440614e-11,7.77424081270834e-06,3.26728784275009e-05,-1596.59218265206,0.141893146556138,0.105450893693941,0.96875,0.564266308430982
"constant",800,"stan",74,1866.518,8244.91702496207,7596.89581815673,97.8573140996252,120.07748638102,9071.41494690974,887.336478131246,7062.82075511491,710.176448522095,4.41727163893521,4.07008977044782,0.0524277366195371,0.0643323484590129,4.86007364885296,3.78395534096907,0.00428634128644768,0.00398949070214932,3.08277772013421e-06,0.00142850475726449,0.00772585505253601,1.70570412409008e-05,1.58773801566923e-05,3.53464014334869e-11,7.76630444869379e-06,2.95310824483914e-05,-1567.92841273516,0.142813311626662,0.100214997917351,0.95625,0.54608659983349
"constant",800,"stan",75,1768.894,7438.2380911093,8391.46150580697,114.139489863887,141.777876844648,9475.11633675093,1189.79253266901,7397.5815909525,891.739965894099,4.2050219465436,4.74390297316118,0.0645259070718129,0.0801505781831179,5.35652014012763,4.1820378106051,0.0036764599437846,0.00344765845904616,2.02766548314232e-06,0.0012601429826638,0.00667307430477758,1.59382579831979e-05,1.48426725789913e-05,3.52438250407096e-11,6.92627928178086e-06,2.7010815068814e-05,-1593.28796510253,0.143154673856566,0.102304763234664,0.94375,0.522559958387611
"constant",800,"stan",76,1934.696,8411.82623040203,7995.29719161304,107.71411802512,144.826585925166,9605.50093145343,1356.54017594817,7037.86156799169,570.547910419003,4.34788009609884,4.13258578692107,0.0556749577324395,0.0748575414045236,4.96486317822202,3.63770926698132,0.00393130745761612,0.00371984384127784,2.16501827659132e-06,0.0015191057897324,0.00677248132783663,2.03008226155521e-05,1.91445819654561e-05,5.2366771292436e-11,7.97665793292484e-06,3.45345860847647e-05,-1590.74565497244,0.144682449407357,0.106205916980145,0.9525,0.534069462867571
"constant",800,"stan",77,2352.74,9722.00221540947,9677.08520697536,113.239520381824,126.703420763877,9388.86617605235,649.930782310334,7853.44400579686,575.487405540045,4.13220424501197,4.11311288411612,0.0481309113551959,0.0538535583038828,3.99060932191927,3.33799910138683,0.00478245070151919,0.00442136851186027,4.00793475515417e-06,0.00157094035485803,0.00898191071739881,1.67101327837972e-05,1.5740746622768e-05,3.51214173468166e-11,6.77564069603477e-06,2.808905266351e-05,-1552.06664791594,0.12819555253179,0.0909385887546967,0.96125,0.558199742870295
"constant",800,"stan",78,1784.814,9079.20288446172,6594.35968268872,105.667647511638,134.044255813229,9965.58989471772,700.304625264274,5959.24240742857,692.458967497462,5.08691823599642,3.6947041443471,0.059203730759417,0.075102647005923,5.58354534126118,3.3388590673474,0.00567449591547004,0.00535395840192537,4.51631250167071e-06,0.00198079756367434,0.00994877588147132,1.7032433538118e-05,1.54489655245436e-05,4.5602318927934e-11,7.53573281271983e-06,3.12926983327844e-05,-1587.80417886109,0.137593268667934,0.0913565765093051,0.96875,0.575038617602627
"constant",800,"stan",79,1562.329,9139.15318596938,9819.96589360226,103.424787543715,127.890933414988,10419.3158484503,1034.69927701983,8603.79672208456,736.862381294352,5.84969822999469,6.28546605331032,0.066199108858451,0.0818591560516309,6.66909200843758,5.50703259178097,0.003367751039445,0.0031664349427002,1.59899316569257e-06,0.00135255884287907,0.00593079590025169,1.66248234494601e-05,1.54081005727779e-05,3.89970671379728e-11,7.04193607335166e-06,2.94853719935041e-05,-1596.98791340293,0.148310009815693,0.108247122963729,0.9375,0.517203655885833
"constant",800,"stan",7,2529.354,10802.2529338451,10634.4512169278,117.623907259156,137.043107760884,10802.8588145125,1214.32172906388,9487.49620685033,523.433183727618,4.2707556687775,4.20441394005258,0.0465035369739292,0.0541810706452651,4.27099520846527,3.75095625477902,0.00392419026895683,0.0037397144175785,2.03662002123785e-06,0.00154625200939886,0.00675707115427843,1.8616082518577e-05,1.75612656450418e-05,4.6606119257032e-11,7.61060160305069e-06,3.1384907899051e-05,-1562.60490206132,0.134883384364303,0.0956742791541413,0.9625,0.543397337545648
"constant",800,"stan",80,1785.999,8434.06941163243,7756.93285319191,58.7026348342753,162.611011127784,9323.97387794072,1221.22100474503,6976.58207224184,266.024234278927,4.72232594286583,4.34318991958669,0.0328682349958065,0.0910476495943079,5.22059300029884,3.90626314585945,0.00432212034797083,0.00402864872289282,3.01487125801094e-06,0.00125263470061773,0.00767591249031853,1.85185656223164e-05,1.74790651621159e-05,3.7647698450633e-11,8.40798261116341e-06,3.11777550237159e-05,-1560.3270669083,0.153121992022101,0.106536265906936,0.945,0.549501039319236
"constant",800,"stan",81,2314.187,9457.0375930219,9032.40729525119,124.424456537186,140.899224771681,10074.0923942699,1201.3993072584,8009.18613674997,699.001822282692,4.08654857754447,3.90305852346901,0.0537659474092569,0.0608849780815814,4.35318856871545,3.46090706444638,0.00405132667289643,0.00376772213057495,2.33362491611026e-06,0.00151105875256323,0.00701953900347353,2.06920105294696e-05,1.88563164388114e-05,6.51568319095317e-11,8.74657748470982e-06,3.72909168952484e-05,-1587.62924994182,0.155941605117546,0.111246653957764,0.92875,0.544368574506493
"constant",800,"stan",82,1663.301,5571.93836372836,3163.51923860261,134.47371983196,142.614856261878,10284.4731343499,901.218175992347,6466.12908502012,751.966468206462,3.34992786256268,1.90195234572853,0.0808474953312478,0.0857420612756667,6.18317017446025,3.88752792490362,0.00555832407466957,0.00522582583415643,4.26945551387859e-06,0.00218370815548302,0.00973979027932946,1.89364696254837e-05,1.75272656288495e-05,5.24663610030199e-11,7.64525127199936e-06,3.35515281712991e-05,-1582.76271021213,0.158171033800395,0.111124798745859,0.95,0.573662179145118
"constant",800,"stan",83,1632.997,8216.2711038134,8662.90664740772,110.438537080117,127.130145476094,10089.219848044,1408.33280177976,8853.31127927446,1099.8354651515,5.03140612249343,5.30491277534969,0.0676293569921543,0.0778508138570334,6.17834561119461,5.42151104948414,0.00283187319130509,0.00265477428453031,1.02212289183275e-06,0.00112171378200928,0.00485890396461089,1.59994057368926e-05,1.48686980952772e-05,3.06367958981068e-11,6.88886836688179e-06,2.65284146565586e-05,-1590.1421000831,0.137019843519712,0.0888049729760722,0.9325,0.500741121439598
"constant",800,"stan",84,2145.419,9475.95965635604,8732.1001632161,132.300103905755,123.508911683665,9555.72268018557,1538.33252836637,7779.38030428789,785.263023648222,4.41683403398406,4.0701141190677,0.0616663243430562,0.0575686668588584,4.45401233054502,3.62604242075226,0.00366058570116587,0.0034066612364365,1.82821826191172e-06,0.00154656574464936,0.00635949767796904,1.6458899505057e-05,1.51114258816778e-05,3.87577589045394e-11,6.96211084467183e-06,2.92803940986353e-05,-1595.07497274489,0.16356329457317,0.117612895196201,0.92,0.525366379971998
"constant",800,"stan",85,2049.079,8401.60421540269,8430.02619767309,114.81268699933,175.353966715452,8935.03201533629,1034.61552690803,7858.7778567753,1043.79091340144,4.10018560309422,4.11405621631625,0.0560313618944558,0.0855769673670227,4.36051124204401,3.83527324069755,0.00339189630413199,0.00316194521272388,1.97735415392885e-06,0.00130678642443966,0.00620549189245696,1.56541960320672e-05,1.49206348964911e-05,2.38867454131081e-11,7.78737970084357e-06,2.55234112105934e-05,-1597.86530857734,0.144272521880332,0.0904593147143833,0.945,0.5148787673547
"constant",800,"stan",86,2390.556,8826.30403143293,9759.97325831036,73.9078504004837,124.113370685931,10095.1755051016,967.166103700786,8985.27812837969,679.869408089942,3.69215531091216,4.08272103155515,0.0309165944660923,0.051918202579622,4.22294039759019,3.75865619896781,0.00342623171219801,0.00319649590932182,1.81963443826888e-06,0.00123355430226279,0.00615509684544853,1.6452632172977e-05,1.54873424792528e-05,3.18439940282004e-11,6.69359950389428e-06,2.75240674632131e-05,-1596.43513614694,0.140222057839396,0.0887584719832067,0.95,0.518425684177914
"constant",800,"stan",87,2663.804,12194.0245389205,10895.6515853724,113.374137139657,131.230243641137,11479.1270535133,1122.57147097862,9664.74003363569,801.738908584764,4.57767333441968,4.0902602388811,0.042560990650835,0.0492642265125875,4.30929867719747,3.62817235563716,0.00414918724648257,0.00391089292022585,2.38525139476903e-06,0.00157430054373117,0.00718447579885221,1.82509442035484e-05,1.69530770203482e-05,5.01656492598873e-11,6.99340955824911e-06,3.10997339228903e-05,-1572.56594610402,0.131178493782437,0.0855651875622208,0.9475,0.53941678359026
"constant",800,"stan",88,2261.008,9251.21556148688,9571.37960094329,102.032069851566,98.0258986757061,9585.34899997781,2371.39004480732,7722.98574419998,756.568870562656,4.09163327218961,4.23323561922085,0.0451268062083664,0.0433549543724331,4.23941401356289,3.41572685465951,0.00389416857915822,0.0036620684196042,2.07734346430642e-06,0.00159568029940553,0.00685823145799151,1.83954674473524e-05,1.72294301518141e-05,4.55157921290542e-11,7.41221852044416e-06,3.16765618265821e-05,-1584.43537409408,0.153175860161937,0.106318483549198,0.935,0.53668293694497
"constant",800,"stan",89,2153.794,6503.59272992727,7491.44972886063,142.419619659129,131.671775796293,9845.2185096369,916.017807829969,7566.72112490563,652.100211135048,3.01959831345397,3.47825731191592,0.0661249960112849,0.0611348048124813,4.57110499408806,3.51320559204159,0.00406253285628306,0.00381187589222138,2.36452556811739e-06,0.00155909145710452,0.00712729860482437,1.76572135099185e-05,1.64159646076283e-05,3.97024288785871e-11,7.56083665715626e-06,3.06202376715454e-05,-1608.4816872369,0.158137685253312,0.106969974208602,0.92375,0.533865655237082
"constant",800,"stan",8,1574.944,10091.2991748239,8700.81783037542,101.931705968772,100.313762847459,11014.2726085482,1292.34421905012,7771.85523198072,634.570634063475,6.40740189798743,5.52452520875372,0.0647208446578238,0.0636935426576813,6.99343761336799,4.93468671392806,0.00499691731175457,0.00471972938093401,3.47057602078074e-06,0.0017711564132527,0.00874278785934551,1.86006337748463e-05,1.67761885856954e-05,5.43854758472497e-11,8.10434860525789e-06,3.44480301148881e-05,-1552.85848332252,0.153814233063279,0.112646030572266,0.95,0.565826411648808
"constant",800,"stan",90,1560.557,10250.5913594845,10004.8299553826,157.399841163964,192.810844519668,11027.4392073907,1859.1411956982,9695.45410237925,1273.77594666295,6.5685465891246,6.41106345707499,0.100861321415344,0.123552580597612,7.06634823809106,6.21281638695623,0.0026169573964962,0.00250902978805501,8.58508112399291e-07,0.000953058583544864,0.0043651093014073,1.51530367144807e-05,1.42960540662534e-05,2.3451983653034e-11,6.84804367900765e-06,2.49494737162933e-05,-1587.0920310572,0.140794727418883,0.0867849595126934,0.93125,0.488126932275378
"constant",800,"stan",91,2340.469,9793.39442224482,9319.49742936055,106.362937977674,138.001270869094,10197.7081689171,1404.69167875547,8647.6577016906,768.806282235501,4.18437262883841,3.98189312883894,0.0454451385502966,0.0589630842660568,4.35712165763233,3.69483966747289,0.00378926369318319,0.00356367352210389,1.91429058045827e-06,0.00146787081175251,0.00649412803288963,1.66644755558801e-05,1.55294986811117e-05,3.70781310055414e-11,7.34568268025731e-06,2.86427468977433e-05,-1571.38374618588,0.146863451937951,0.0976556865860539,0.955,0.5257110737978
"constant",800,"stan",92,2323.009,9244.12041113694,9549.202471415,77.1130241043845,153.299808217176,9491.91477052895,1045.26055301212,8698.16628675234,1166.27934829777,3.97937348117762,4.11070403576353,0.033195318702762,0.0659919131682984,4.08604304612206,3.74435324475813,0.00344724323017196,0.00314664750095695,2.17449376397367e-06,0.00109593293122884,0.00652932013009835,1.48919336261197e-05,1.39132884918913e-05,3.0975389306728e-11,6.81361419366086e-06,2.42157328663978e-05,-1589.63350837135,0.156586869429724,0.105506299042059,0.92875,0.515057040459701
"constant",800,"stan",93,2431.316,10651.5372017719,9858.38854271465,116.487670860069,149.327382139157,10350.835231654,1700.23235772301,9471.54457901494,1053.62321861732,4.38097606472045,4.05475410959112,0.0479113660503484,0.0614183356417502,4.25729737790316,3.89564523040812,0.00333153186286784,0.00311819943888585,1.61337192789699e-06,0.00127035029655412,0.00582303100676632,1.68765746395903e-05,1.56016778024869e-05,3.85266564655782e-11,7.58912862515787e-06,2.840027888729e-05,-1571.87883651087,0.147131529017287,0.10497308360263,0.945,0.520236363205473
"constant",800,"stan",94,1981.662,8759.89057293073,8794.63360985396,125.869695873205,130.876031843324,9206.78172117615,1137.21183963261,7397.58033927319,699.528196587475,4.4204766367477,4.43800890861003,0.0635172374871218,0.0660435694095782,4.64598994236966,3.73301821363744,0.00347200612198217,0.00318280774094297,2.21983245260053e-06,0.00131415521113377,0.00630897792851998,1.88083177896886e-05,1.72179608356828e-05,5.48076915226444e-11,7.32509068836258e-06,3.27333107003042e-05,-1625.95609712261,0.139880355697591,0.0963262092318373,0.95375,0.517353895414101
"constant",800,"stan",95,1956.208,8651.19585837527,8711.20892178994,117.54548991051,132.215705869819,9484.48997511763,1380.58800765597,6967.8779292612,413.765964119708,4.42243148907236,4.45310975202531,0.0600884414696749,0.0675877544053697,4.84840567829067,3.56193100593659,0.00415595293097445,0.00392756013442378,2.52124972234892e-06,0.00147655450996518,0.00725678963619722,1.91683920520053e-05,1.76916573486646e-05,5.41978924080249e-11,7.8202325783301e-06,3.43711382734064e-05,-1561.44000395828,0.133384592604384,0.0947044274220513,0.9575,0.544487974915548
"constant",800,"stan",96,2062.263,8539.65998278657,8862.51843873747,168.669940002683,200.028113832585,9681.97615595229,2444.69548212708,8090.3193424249,1386.80149435299,4.14091703278707,4.29747245561671,0.0817887631222025,0.0969944734655983,4.69483094830887,3.92302986691072,0.00313329767986987,0.00290773392796075,1.29130328713616e-06,0.00128595125920565,0.00546141271789204,1.69726911754696e-05,1.60459176607863e-05,3.32966800984605e-11,7.42323257209144e-06,2.85223158498349e-05,-1580.5581433905,0.151661888417799,0.10462028945057,0.9425,0.510734490332465
"constant",800,"stan",97,1728.17,7976.30913905293,7902.63767724622,83.2943574717005,138.799016008211,9605.35161012796,874.335365856538,7559.08214443875,667.162315390307,4.615465572862,4.57283581895659,0.0481980114639766,0.0803156032150838,5.55810574777248,4.37403851729792,0.00359372178769778,0.0033778010565367,2.16241336989965e-06,0.0012414618889235,0.00650958875704148,1.710726979866e-05,1.60018571351066e-05,3.80063471445354e-11,7.21710592229293e-06,2.93964726050563e-05,-1576.62667672076,0.15174224157138,0.105852368328379,0.93875,0.527633542536751
"constant",800,"stan",98,1632.744,9206.25759978197,9979.67793364064,127.718608236848,159.985494038048,10170.4158514381,1976.93526665437,8133.7271695342,843.069233104417,5.63851871437407,6.11221228413066,0.0782232905077882,0.0979856572971931,6.22903275188155,4.98163041452561,0.00312064386947747,0.00289831336053187,1.47050400108473e-06,0.00102444566855136,0.0055497612018574,1.73542675638353e-05,1.59239330920166e-05,4.2603224033597e-11,7.77675087925663e-06,2.97647505009869e-05,-1578.31927016307,0.154288869992329,0.110498652390928,0.925,0.508745986642626
"constant",800,"stan",99,2441.018,10742.2239976857,9826.48301873096,116.991806473441,77.6050240383437,9770.81942436402,1199.75810235401,8549.47748210005,737.403887553087,4.40071478280197,4.0255676192191,0.047927465702195,0.0317920736505604,4.00276418460004,3.50242295718428,0.00427657755638444,0.00398858723425844,2.94751550047142e-06,0.00137054872678063,0.00752525592100681,1.77340168715675e-05,1.6389515432782e-05,4.18592655548672e-11,8.11100156130311e-06,3.14652506806632e-05,-1587.40186131916,0.161785986643243,0.114873068080986,0.94125,0.550161131359865
"constant",800,"stan",9,2268.586,9319.93159692282,9584.33534705894,130.196302657072,156.777560163263,9706.91120779723,1294.28412516924,8559.68246510283,1075.15485712337,4.10825580203828,4.22480582488781,0.0573909486601223,0.0691080524005978,4.27883765825815,3.77313554130319,0.0032798285006748,0.00308774103804218,1.50312078913601e-06,0.0011901531945737,0.00569518131029585,1.6315033272963e-05,1.55366505845439e-05,3.1393098653385e-11,7.12054116853134e-06,2.7072402214397e-05,-1584.47307729977,0.151505044473613,0.102035816111679,0.94375,0.514965560904618
"linear",1600,"stan",100,5691.181,10309.4600474252,10479.2959238584,86.7162643326908,146.097966141481,11892.285504158,6415.9726930668,12515.3740515905,7777.94021713277,1.81147991030776,1.84132184934171,0.0152369542161268,0.0256709400283493,2.08959889066224,2.19908206250873,0.00141507506099506,0.00137672890798821,1.47182752123091e-07,0.000746405515814878,0.00213181880488697,6.82120810306993e-06,6.57254978487673e-06,2.97707596235748e-12,3.92648187301381e-06,1.04014502744626e-05,-3214.82321256134,0.083305178670747,0.0674026135635064,0.995625,0.419527073314601
"linear",1600,"stan",101,5751.427,12203.0523267391,12253.6373423656,115.137533587661,186.507755046141,13419.6054038542,5173.49582397756,13858.2897277815,9754.10817405242,2.12174340850351,2.13053861978351,0.0200189507034794,0.0324280835079956,2.33326536246643,2.40953935915061,0.00138547335478556,0.0013396063076936,1.41138317274775e-07,0.000741397796942289,0.00214467040536229,6.70724333493845e-06,6.50626227316557e-06,2.42797558944972e-12,4.01160773686604e-06,9.91062343831605e-06,-3185.17980177228,0.0766821279910006,0.0630103488426571,1,0.419854219866244
"linear",1600,"stan",102,5710.876,11644.1699993533,12446.2292945177,146.016233377474,188.776410545573,13039.3131434311,8466.69114418838,13492.012755038,9178.31205661232,2.03894638919727,2.17939056889305,0.0255680973247317,0.0330555961196799,2.28324221072759,2.36251194300804,0.00134273752822969,0.00130123433581542,1.26775889917935e-07,0.000676817494322471,0.00203960752532468,6.76759813246881e-06,6.61110052623934e-06,2.24387433431809e-12,4.00281306839798e-06,9.71111202698135e-06,-3215.5505163696,0.0739851968814162,0.058877334188625,1,0.41819921446738
"linear",1600,"stan",103,5579.707,14733.5887625084,14159.8528601043,75.4686534926395,157.515706985823,13522.1875935622,3465.58954860742,13793.1339328257,6413.64812855791,2.64056674705471,2.53774129360274,0.0135255585091904,0.0282301036570241,2.42345836323704,2.47201760465661,0.00152672850270557,0.00147680669936746,1.77327839744027e-07,0.00082856144528946,0.00237251174650934,7.18053390521097e-06,7.01914544683737e-06,3.15484893950943e-12,4.01468214903002e-06,1.04398179401731e-05,-3180.23943642585,0.0907882642026481,0.0731884310728948,0.986875,0.429769550779544
"linear",1600,"stan",104,5753.65,9434.22568172288,9044.20555315593,93.2014364194393,126.647743260068,12044.4268359191,4015.29049008235,12889.23256825,7939.82115132928,1.63969405190147,1.57190749405263,0.0161986628347987,0.0220117218218119,2.09335410320737,2.24018363443205,0.00140661362581905,0.00135952567623381,1.73960513657169e-07,0.000707564494877888,0.00225062484950908,6.88598205186873e-06,6.69296858131424e-06,2.81745887029357e-12,3.98724192857777e-06,1.02319705281962e-05,-3206.52882124177,0.0935370512749139,0.0784069351878885,0.996875,0.424028912847565
"linear",1600,"stan",105,5718.476,14160.0129909234,13180.9620768567,132.350514873465,192.561986922664,13526.7322693898,7259.64685304219,13867.1530578703,10073.5965013779,2.47618648586152,2.30497812299232,0.0231443683375544,0.0336736548203863,2.36544356737526,2.4249735520216,0.00127065035100263,0.00122879397687318,9.95684820333238e-08,0.000728335648440161,0.00192276155869793,6.7647250214686e-06,6.52786234708377e-06,2.58573917033882e-12,4.06886021500246e-06,9.92922730450057e-06,-3192.08790637538,0.0914793949497669,0.0746245583791714,0.981875,0.413831463373056
"linear",1600,"stan",106,6292.242,8997.85429629811,9318.22415311131,119.116877807465,147.553788477942,9932.33389491576,4812.43920840144,10078.1041468591,6792.28685953433,1.42999177340892,1.48090682988851,0.0189307527916862,0.0234501134059913,1.57850475155211,1.60167141487233,0.00155861857077222,0.00147127019604379,2.13275256146652e-07,0.000825878653592389,0.00246067586514324,7.01676166484923e-06,6.72192496882413e-06,3.01535482706732e-12,4.11562265204215e-06,1.04519062122266e-05,-3230.13332216999,0.0752860744789994,0.0602965871501199,0.994375,0.428420145784856
"linear",1600,"stan",107,5913.47,8600.79017907378,9842.13870380095,126.670326351821,157.37636435793,10734.9180937088,6603.74935596259,11203.6042438637,7923.52699317712,1.45444048571715,1.664359285462,0.0214206424234537,0.0266132007700943,1.81533314512609,1.89459052702791,0.00133817410174788,0.00129226415457488,1.23425701425363e-07,0.000699442034229397,0.00203353369230704,7.07519360701161e-06,6.8494178609164e-06,2.54438235049422e-12,4.28958200169413e-06,1.0327886151089e-05,-3186.75051604158,0.091450837811964,0.0739165019548818,0.999375,0.419162974091087
"linear",1600,"stan",108,5538.065,14408.0153984901,14104.3251546658,90.3082240756035,158.585680060504,13422.0510842907,6062.70792744578,13802.0491397884,9783.362051678,2.60163349445883,2.54679660759956,0.0163068190921565,0.0286355757941634,2.42359941320491,2.49221508591691,0.00148179977580876,0.00143053022630544,1.72833058486003e-07,0.000750550608622725,0.00227273934764086,6.99183243951979e-06,6.70920341844757e-06,2.87231603229427e-12,4.04070098863525e-06,1.03620349784066e-05,-3167.8983160683,0.0757533065530027,0.062211281315729,0.995,0.427274596051636
"linear",1600,"stan",109,5655.501,11601.0056584671,11847.2460636052,73.1803279268163,100.273943652559,13005.1741148877,2915.32224107046,13315.5009721836,2808.92305209653,2.05127815528052,2.09481813611299,0.0129396719984341,0.0177303378874053,2.29956180980036,2.35443349266203,0.00141050122051654,0.00132308864674426,1.95051504416053e-07,0.000689404515279154,0.00232131167458998,7.14431658463074e-06,6.97989118537073e-06,2.92308765501604e-12,4.13702779624525e-06,1.04175327206319e-05,-3170.8341625373,0.0837526234805985,0.0623703151066312,0.9925,0.422400063382391
"linear",1600,"stan",10,5962.74,8803.34225942332,9594.27648963315,88.8687134226894,126.083907481606,10872.4888395327,3610.9963969047,11098.814150236,8091.02156245574,1.47639210487516,1.60903820888269,0.0149040061150896,0.0211452968738544,1.82340481717007,1.86136141274581,0.00142591982984584,0.00135422008112632,1.88445260172681e-07,0.000693889491334982,0.00229248073773106,7.18749439989098e-06,6.95861060449662e-06,2.94189278451429e-12,4.26372847991991e-06,1.05380189554813e-05,-3237.66221269548,0.0961049873595243,0.0796292391844953,0.9925,0.425139520725371
"linear",1600,"stan",110,5674.885,13262.171250206,14280.4823760073,119.923744569661,146.111116536163,13214.7899576737,4701.86683954512,13589.4425485048,9620.3831146667,2.33699383339152,2.51643555349709,0.0211323656020625,0.0257469739979159,2.32864453776134,2.3946639532792,0.00138338939664089,0.00132436101487551,1.45615167837539e-07,0.000702730919789393,0.00215901846136963,6.75755587165645e-06,6.59253959866029e-06,2.11536110025605e-12,4.26761786532916e-06,9.7496209683365e-06,-3193.32295084085,0.0894403143109576,0.0701676004768198,0.991875,0.422824778314314
"linear",1600,"stan",111,5691.499,12505.2376131804,11874.7492141431,107.444852268627,157.833065547079,13208.1371675157,3458.32393427396,13458.5833204666,7981.6861918008,2.19717821494485,2.08640100158906,0.0188781289900301,0.0277313701622505,2.32067811441514,2.36468166303228,0.00158695329588035,0.00151926828136601,2.20160791613508e-07,0.000781870156334582,0.00249522457170063,7.64894037938765e-06,7.39570495666454e-06,3.78837775567566e-12,4.29957874849942e-06,1.13936686275488e-05,-3182.28148670044,0.0947973049585666,0.0781465632011893,0.99125,0.433606110241387
"linear",1600,"stan",112,5603.679,13731.8968746391,13627.1826388423,118.190825228475,204.182163244047,13628.6584882019,4973.74312069738,14037.1078000237,10421.0646006215,2.45051454136454,2.43182784717724,0.0210916480455919,0.0364371626647507,2.43209121868008,2.5049807099985,0.00142635569569873,0.00138357028370536,1.70230953559993e-07,0.000688991562594501,0.0022631390634905,6.90152705577253e-06,6.70219525919254e-06,2.25787299989381e-12,4.32215830590513e-06,9.92339327508692e-06,-3211.72324128326,0.0788772526015431,0.0628598661215328,0.98875,0.424764070005908
"linear",1600,"stan",113,5815.701,11734.3815536877,13015.5830081689,101.525978476756,104.45261632936,12581.8896148023,6489.6320468446,12992.2738214446,9424.40786307859,2.0177071609575,2.2380075949862,0.0174572211461278,0.0179604515997916,2.16343474583757,2.23399961955482,0.00135448384157256,0.00128009582024343,1.58693209918349e-07,0.000717741019317952,0.00211377491426113,6.9902951180744e-06,6.81798645935321e-06,2.74908417869167e-12,4.19053513470155e-06,1.03481096724648e-05,-3150.5000779691,0.0794553909147566,0.0608412994110886,0.970625,0.421081514651116
"linear",1600,"stan",114,5779.578,10911.8677594575,12176.0948897938,113.682390938951,130.259495278609,11475.2101220171,6807.75681779967,12229.7267561291,9019.45312684044,1.88800423827786,2.10674462561001,0.0196696698165421,0.0225378903578443,1.98547543125416,2.11602417272145,0.00135783718755695,0.00131136538493935,1.43124086865432e-07,0.00069718015129974,0.00207864686620939,7.24444633909167e-06,7.06662689371904e-06,3.18564797624299e-12,4.08302659441433e-06,1.08129692891474e-05,-3183.11760496323,0.0812103468735409,0.0691076340871219,0.9925,0.419978290036088
"linear",1600,"stan",115,5734.334,9608.08107125832,10856.7725096968,110.490171005224,163.872343160767,12911.6440963073,4049.34094901194,13182.9495698164,9452.76845818207,1.67553565440351,1.89329266654102,0.0192681784851081,0.0285773976822359,2.25163795766122,2.29895042210942,0.0014804189861236,0.00144465220019671,1.82644382424454e-07,0.000742866551052306,0.00232787161151688,7.23912857829109e-06,6.97917366302039e-06,2.94850443759795e-12,4.29914779732551e-06,1.06319844916571e-05,-3173.64441408424,0.0867219910826914,0.0687159704304121,0.98125,0.42630932427501
"linear",1600,"stan",116,5759.013,11470.4732866531,12032.6683858071,93.2053176956055,114.58127546851,12493.2947103767,4882.87884176444,12585.0671431228,5524.71141714481,1.99174290571198,2.08936294913853,0.0161842520056137,0.0198959918077126,2.16934650266925,2.18528194729249,0.00148556860242629,0.00141097394362587,1.79386711140589e-07,0.000757213522732227,0.00230667059929147,7.38198461108727e-06,7.09165240647761e-06,4.06954681840251e-12,4.11771274572384e-06,1.12322930253151e-05,-3152.08014176689,0.0870055735918774,0.0704037231032072,0.985,0.428688671341685
"linear",1600,"stan",117,5710.911,13910.2882880984,13695.4511249139,143.7203340475,59.4531970619115,14141.7122458483,6665.54653766272,14278.3438916751,9528.93942423472,2.4357389369399,2.39812021670691,0.0251659208220019,0.0104104576418564,2.47626206149042,2.50018672882052,0.00129738161254211,0.00125416386780172,1.0935901763851e-07,0.000709460448189441,0.0020043358572408,6.70681242283498e-06,6.52082576489133e-06,2.47787911796835e-12,3.94382567260475e-06,9.95980266754341e-06,-3185.94207068799,0.0825676034566865,0.0645043746751189,1,0.41881079433092
"linear",1600,"stan",118,5659.337,12563.7449066715,13013.9889485391,118.599367925506,155.601935203025,13482.2938974094,4481.88040010069,13842.0014627136,9196.30275641072,2.22000296265649,2.29956069916655,0.0209564067178728,0.0274947286586795,2.38230978247265,2.44586980112928,0.00140381502215187,0.00135830657463307,1.58240692087258e-07,0.000679980060470028,0.00215187747249605,6.76653876382409e-06,6.54082399396834e-06,2.49468649979254e-12,3.96993163555257e-06,9.8751064659689e-06,-3181.75617694286,0.0760280184928536,0.0611228327271971,1,0.419973888911611
"linear",1600,"stan",119,5650.651,12599.2878009489,12491.0814007102,100.570147754624,106.62731802456,13484.2563142803,4769.20896040871,13689.6924131193,10122.5509142882,2.22970553321181,2.21055616436233,0.0177979754464793,0.0188699174704933,2.38631908328443,2.42267526575598,0.00144804097583956,0.0013878569632798,1.66415112634593e-07,0.000743944201566681,0.0022526711340558,7.21803876118666e-06,7.03116824391754e-06,3.18997912797711e-12,4.11603487352185e-06,1.07834953146657e-05,-3181.6457742209,0.0733074574523137,0.0560802829008825,0.97375,0.424574419102376
"linear",1600,"stan",11,5652.27,12913.5885831291,14751.8013243501,125.077628931028,156.63505366993,13972.0943694935,7021.50348175225,14043.4747149041,9703.59514498484,2.28467298680515,2.60988971233684,0.0221287427760932,0.0277118845472579,2.47194390386402,2.48457251951944,0.00135048314483842,0.00130310475598638,1.25533823417844e-07,0.000760596677071354,0.00209119003682455,6.80070959171935e-06,6.52600724807527e-06,2.50953430091975e-12,4.1166181387696e-06,1.0004337826486e-05,-3223.99460767245,0.0797211577688711,0.0608822305424364,0.994375,0.419197322768627
"linear",1600,"stan",120,6347.209,10264.321643177,10571.7043899249,149.205697834085,184.927815623031,9802.3784622499,6173.52149569704,10584.837139171,7167.15089003008,1.6171393825502,1.66556739976972,0.0235072923916772,0.0291352964150118,1.5443604365714,1.66763645866569,0.00136404203890578,0.00132496759957219,1.24125268594568e-07,0.000739349581071805,0.00204396625732329,7.11178638143914e-06,6.94308197799815e-06,2.4180699192833e-12,4.37345910488836e-06,1.0153017589693e-05,-3201.32787847006,0.0866834613302462,0.0624956911339401,0.971875,0.419673071569781
"linear",1600,"stan",121,5694.769,11704.6998975312,12347.8005537279,97.998857927236,149.606877382695,13170.2232193107,5406.39478739326,13360.7929476683,9407.43596214814,2.05534234971273,2.16827066273063,0.0172085747336259,0.0262709299328374,2.3126878753661,2.346151871598,0.00144036565929734,0.00137189137032927,1.63413547864629e-07,0.000734875802304028,0.00224677331497437,7.21219818728071e-06,6.96947006724238e-06,2.71368770102278e-12,4.49611954566963e-06,1.06877459229767e-05,-3207.44950838739,0.0846582929206083,0.0683366085192595,0.988125,0.424756836617143
"linear",1600,"stan",122,5688.434,11116.2440784773,10459.6975920788,74.2047295213226,134.979812287186,12757.766514844,4406.83081010213,12736.7933213373,9350.92979781555,1.95418353776756,1.83876574679055,0.0130448431890609,0.0237288175071006,2.24275547801802,2.23906848903184,0.00148956005967607,0.00142171120375654,1.9341196394786e-07,0.000780954505788983,0.00236252639947229,7.11401853577598e-06,6.82658874550619e-06,3.1737534604688e-12,4.2208848990935e-06,1.0571886275592e-05,-3221.32682097515,0.0873858217536452,0.0716814553920463,0.99,0.426207780768587
"linear",1600,"stan",123,5734.635,10656.7976416956,11499.9918112537,88.4227346094723,166.491776724526,12237.2130387583,7521.92451643594,12682.5275954282,9453.85999278096,1.85832187082449,2.00535723917105,0.0154190693234133,0.0290326719528839,2.13391315031528,2.21156666386408,0.00129232207312225,0.00122236044795058,1.33828203906764e-07,0.00069792642163118,0.00201006118839485,6.91473543044803e-06,6.63237173132917e-06,2.74131456105992e-12,4.08984200908827e-06,1.02057346312077e-05,-3157.0046981589,0.0890564527560783,0.0688077906149908,0.99125,0.418877359250515
"linear",1600,"stan",124,5729.548,10516.0087359486,11002.1479756295,118.297298931448,126.115979447506,12424.6952969096,6631.36569143707,13082.8062127353,8972.71326079922,1.83539936063868,1.92024710773511,0.0206468815570527,0.0220115058722793,2.16852975084763,2.28339237453553,0.00138199123248428,0.00130271539433906,1.57900261001546e-07,0.00073360602400694,0.00221527537763876,6.99277789200119e-06,6.73596034264462e-06,2.76854989744302e-12,4.02912954522079e-06,1.02176428508209e-05,-3167.82189042883,0.0832800973624786,0.0644840546403113,0.9925,0.423091330178059
"linear",1600,"stan",125,6579.952,7561.26046917395,9193.67616272771,58.3183473567115,83.3086848251558,9355.04117198956,4137.36592694734,10460.9913885679,7253.09872187901,1.14913611363334,1.39722541482487,0.0088630353772659,0.0126609867101091,1.42174915136,1.58982791797994,0.00127513831520384,0.00122395988174656,1.52301985870313e-07,0.000597788949516991,0.00205470759411882,6.77206767408093e-06,6.64944505119965e-06,2.12991155907655e-12,4.09893845117114e-06,9.6084194717345e-06,-3181.62194685922,0.0771690543602531,0.0586682904691086,0.988125,0.415487117085328
"linear",1600,"stan",126,5782.207,11642.0585828995,12202.4686716291,101.345091143036,225.069634731043,12692.2534496399,7827.28616500541,13197.6238946317,8901.14975255332,2.01342819150187,2.11034794700866,0.0175270603669215,0.0389245204696135,2.19505345444048,2.2824544148336,0.00130069159962168,0.00124942711869951,1.23502241148822e-07,0.000731225871153958,0.00201870708361483,6.79759579984235e-06,6.60069456617176e-06,2.30033386032334e-12,4.15802212807801e-06,9.79616929467629e-06,-3180.70170893955,0.078591650231537,0.0643165623741386,0.994375,0.41596593269266
"linear",1600,"stan",127,5815.689,10116.913742186,10411.5162283234,79.0082818930132,149.293527927894,11430.4694617094,5152.28740263749,12126.2794389511,9043.64342043119,1.73958988215945,1.79024638840272,0.0135853691442258,0.0256708238573098,1.96545404365836,2.08509764517173,0.00131171946372536,0.00126900639475061,1.28930049322738e-07,0.000683677298065951,0.00204585933852628,6.87152590827598e-06,6.73172651793669e-06,2.31373987111561e-12,4.20711267580529e-06,9.92172551102874e-06,-3206.76154712435,0.0788090014009876,0.0623254449267768,0.99125,0.414997275222554
"linear",1600,"stan",128,5764.426,11432.9607164391,11902.5779977593,129.854564681495,162.306141802184,12075.0848525668,6876.70289707172,12613.9691879149,8402.21495388624,1.98336499010294,2.06483316773592,0.0225268855357836,0.0281565140748072,2.09475927916617,2.18824375365646,0.00139200205235675,0.00135121102931444,1.35191307337956e-07,0.000736564205019617,0.00212167428394489,7.02454016718355e-06,6.83560949974275e-06,2.99378614788292e-12,4.2088017479775e-06,1.03303544230447e-05,-3184.43310782876,0.0854866562350684,0.0704540965823659,0.99625,0.423957750928627
"linear",1600,"stan",129,5830.697,9709.86112019497,9841.46116063186,129.021879357026,177.436938534268,11319.0925647023,6673.79913992887,11695.6704380542,8524.70166532808,1.66530024115384,1.68787044852989,0.0221280370695007,0.0304315141970622,1.94129322183991,2.00587861760853,0.00139797290486634,0.00134730549885951,1.37141758042192e-07,0.000780740410893559,0.00212921749747272,6.96288027014332e-06,6.74586308686383e-06,2.7346059821075e-12,4.19245577741783e-06,1.03324679844589e-05,-3221.52853949586,0.0811336011750308,0.0625502212028469,0.98375,0.422821369589508
"linear",1600,"stan",12,5746.172,11961.1485431147,12164.9997205065,99.4303762959199,116.446159759572,12900.3355362163,5925.88596133721,13594.885930707,8705.38916155863,2.08158553957569,2.11706153601154,0.0173037591453788,0.0202649972467882,2.24503122012642,2.36590306219636,0.00126524424962369,0.0012244113415266,1.17446504026511e-07,0.000673780073896776,0.00194166799949395,6.9327492070837e-06,6.65544961476919e-06,2.78479102201634e-12,4.21560834726592e-06,1.04268046846737e-05,-3172.86569468158,0.0834445402065176,0.0675641804605641,0.9875,0.415978535777438
"linear",1600,"stan",130,5795.66,10565.2138548684,11547.6749375035,91.8436225821773,163.34616547659,10813.6953139654,5194.96350872733,11725.4959432046,7400.93673942756,1.82295266714549,1.99246935422429,0.0158469652433333,0.0281842215514005,1.86582637938827,2.02315110672548,0.00133841546186956,0.00129082313015288,1.39769215764494e-07,0.000671307568567433,0.00207002431054741,7.027245880864e-06,6.73906677839353e-06,2.86752982443571e-12,4.20756007857458e-06,1.04265899254373e-05,-3128.32537715068,0.0843517969102042,0.0689300387177138,0.991875,0.419936351957025
"linear",1600,"stan",131,5752.158,11960.0680569072,11314.5168930178,132.118902194919,162.33363118813,11972.6724477909,5329.10881700789,12970.333735179,9965.48108792167,2.07923149136502,1.96700384325636,0.0229685801737225,0.0282213442656009,2.08142273696079,2.25486395456783,0.00122365677918622,0.00117564062262598,1.16275663648088e-07,0.000632692701248477,0.00192197192551258,6.71558789603103e-06,6.48837964520202e-06,2.51233108775611e-12,4.00980562527233e-06,1.00382992070006e-05,-3211.20285372469,0.0772098299686989,0.0639338156591304,0.991875,0.411915010065167
"linear",1600,"stan",132,5760.238,12595.8395609274,12083.8160891205,89.3520293414619,147.010619585464,12264.6281030643,4745.02672732956,12923.0168253972,10414.8389693809,2.18668734884347,2.09779805784423,0.0155118641523947,0.0255216224721034,2.12918773548321,2.24348661034444,0.00141169196459724,0.00135584673487427,1.71798301437654e-07,0.000681960593811097,0.00225781862695675,6.74713798959657e-06,6.49906078496123e-06,2.73441620319719e-12,3.92774368871426e-06,1.00709332313183e-05,-3205.11741236532,0.073829487358839,0.0601199560877933,1,0.421087421200696
"linear",1600,"stan",133,5724.732,11557.177046259,12423.267792723,101.294861681317,160.610846098291,12370.583161326,7532.88288356137,13101.9256587186,8058.84169672564,2.01881538668692,2.17010469533299,0.0176942539286235,0.0280556096072778,2.16090170881816,2.28865310353718,0.00128109883434443,0.00123272838664297,1.13470567020038e-07,0.000691034456177089,0.00194602638780152,6.73679587470236e-06,6.48785740056356e-06,2.81750623320644e-12,4.04248012665317e-06,1.01105972229753e-05,-3171.44444095823,0.0700280440942737,0.0522728251786844,0.99,0.415973223963134
"linear",1600,"stan",134,5649.263,13027.6679684,14017.5846731614,116.000729249792,163.154617704264,13230.7045645216,4262.5894609381,13883.3963124453,7504.65549516148,2.30608275245816,2.4813121062272,0.0205337809993608,0.0288806907563455,2.34202312133841,2.45755885545517,0.00147294326728847,0.00142522990176237,1.57075759029638e-07,0.000761989278880709,0.00223811146014207,7.20445674273543e-06,6.9492329554976e-06,2.82462897494274e-12,4.31184222861943e-06,1.06685196408598e-05,-3166.23352160916,0.0773212795916212,0.0614502268431301,0.990625,0.428265035413005
"linear",1600,"stan",135,5893.717,7845.15529340015,8801.09966203577,105.973482059434,107.647600239502,10914.7487184992,3590.02703205505,11293.5316772288,7326.98753202723,1.33110485172602,1.49330204725401,0.0179807551091161,0.0182648064437947,1.85192955795116,1.91619850040794,0.00137908075959054,0.00133585618272772,1.6486846720242e-07,0.000672821486735556,0.00213938849492294,6.95227038967279e-06,6.63312181397966e-06,3.57292886062531e-12,3.92146208259188e-06,1.04924855465767e-05,-3221.74751353604,0.0814083412535536,0.0653379771606687,0.98625,0.419433156431571
"linear",1600,"stan",136,5749.384,10918.2623260831,10915.2044633174,117.653895450784,155.90489348972,12171.3449289875,7963.92470833485,12498.0116414701,7747.17692407246,1.89903167471213,1.8984998155137,0.02046373932421,0.0271167995544775,2.11698243307239,2.17380012214702,0.00143721232163925,0.00139739908547689,1.54272353091069e-07,0.000735742319099493,0.00222534416101014,7.46030232710115e-06,7.12294740733844e-06,3.85554714715556e-12,4.26241149731671e-06,1.13251299406564e-05,-3197.10668490783,0.105636513539596,0.0841060843567521,0.9775,0.427458528860637
"linear",1600,"stan",137,5675.946,13800.5329965547,13875.903150091,104.001095154008,153.074981532363,13700.2818886733,5797.63450091499,14065.0058343869,10174.5990809855,2.43140667591882,2.44468554670728,0.0183231297750204,0.0269690693907876,2.41374422671979,2.47800205188472,0.0014125409199174,0.00136170038405028,1.52646489340253e-07,0.000725151492165126,0.00227154632802192,6.92931323433257e-06,6.80103025132872e-06,2.35639290447282e-12,4.08125791899119e-06,1.002378910408e-05,-3182.28900928142,0.0921637327141041,0.0700003468634236,0.988125,0.426092841801636
"linear",1600,"stan",138,5657.216,11587.6037907781,12504.4605415456,99.8461785311183,116.119176622207,12720.8070912151,6498.48546667991,13261.4874096286,10502.4419506508,2.04828731849342,2.2103558608237,0.0176493488194756,0.0205258516949338,2.24859844333592,2.34417201139723,0.00135901190808992,0.00128400193101788,1.58082768645971e-07,0.000728776646059282,0.00216155548886109,6.66082952855541e-06,6.42940903311944e-06,2.27530713483117e-12,4.09404531320523e-06,9.71186872261626e-06,-3213.85516332253,0.0736483740818329,0.0572176894684262,0.999375,0.419354147354232
"linear",1600,"stan",139,5690.558,12699.2352146443,12268.0184180477,113.994149711846,190.9289479008,12821.1292501835,6326.44922144922,13180.5330055316,8876.81232103091,2.23163268253206,2.15585508803314,0.0200321567255523,0.0335518850525379,2.25305308375444,2.31621099469184,0.00134106656941957,0.00128272168165548,1.53270171720106e-07,0.000699880221175161,0.00209730868756006,6.942549736804e-06,6.70209038835911e-06,3.02821653313919e-12,4.16467146166134e-06,1.0295643666779e-05,-3178.00906848542,0.0685426489099791,0.0554736147998801,1,0.417482656758402
"linear",1600,"stan",13,5858.104,9263.39087849686,10231.0541864487,128.166001122076,179.642852028941,11142.8907347725,6423.99708636533,11709.1208998647,8203.96043432025,1.5812950535697,1.74647875600172,0.0218784099978553,0.0306656986678525,1.90213262427101,1.99879020581824,0.00130722349414428,0.00125240521377748,1.25585984632057e-07,0.000722797406284852,0.0020501754068242,6.82173352710405e-06,6.59564973397211e-06,2.65006603259003e-12,4.02537081866428e-06,9.97093601940847e-06,-3131.45189621096,0.106026032459557,0.0857973218150502,0.981875,0.422738847728141
"linear",1600,"stan",140,5751.489,11877.5313279564,12626.3545229237,108.026977966233,168.609628520609,12107.6185474647,4781.90303480887,12961.1568998569,7329.48848635996,2.06512284522432,2.19531925087986,0.0187824366813938,0.0293158221324268,2.10512765432825,2.25353067698763,0.00129037906449132,0.00122379448023427,1.35150032027664e-07,0.000659895961291048,0.00203051584355301,7.24501536506344e-06,7.00620873839833e-06,3.18194347088201e-12,4.38063452562778e-06,1.09212826458504e-05,-3132.48751579844,0.0970538007957456,0.0737583545045892,0.94125,0.418314083221909
"linear",1600,"stan",141,5759.542,10738.2800684742,11576.1902029958,74.8094261923564,103.720403365428,12082.7280632508,2332.99085838039,12526.6995730499,9873.24918384471,1.8644329824271,2.0099150597384,0.0129887803912805,0.0180084463947703,2.09786265353232,2.17494716993989,0.00144500210684031,0.00137412117103803,1.81642680709534e-07,0.000727641090683889,0.0023156918523756,6.94942872622422e-06,6.70461727922528e-06,3.29214466492723e-12,3.99696562528818e-06,1.04241125143618e-05,-3214.70753712358,0.0681430496986126,0.0545578187153644,1,0.422089042572484
"linear",1600,"stan",142,5741.364,12111.3772757164,12388.1279712009,72.417528671621,137.685329608246,12719.3229441931,7059.71349676154,13301.5623549101,8750.51810628455,2.10949476042913,2.15769771280848,0.0126132968875725,0.0239812925305286,2.21538347754873,2.31679481651226,0.00141448213806671,0.00136884022752712,1.40730749516336e-07,0.000715126175578802,0.00217989097952519,7.09555098368165e-06,6.81493869783592e-06,3.22557961140937e-12,3.87843011300322e-06,1.0635245067056e-05,-3186.54411439943,0.082933314293605,0.063260253406001,0.986875,0.422219916965681
"linear",1600,"stan",143,5645.506,12938.2536334371,13879.9404636027,123.313677369779,208.082774135794,13793.6106745402,8653.18955673545,13945.4925088475,10276.4127677968,2.29177927247569,2.45858218264275,0.0218428033500946,0.0368581264701151,2.44329041091095,2.47019355020569,0.00137062744393147,0.00132862251769424,1.36298789314934e-07,0.000701930842437675,0.00208076793902118,7.12023752792828e-06,6.87836850600122e-06,2.7857521602856e-12,4.15179595037414e-06,1.04067420092535e-05,-3185.33968167536,0.0843683151953934,0.0686952486944949,1,0.422142288255326
"linear",1600,"stan",144,5780.966,11091.388192897,11312.3814688233,102.824678833934,137.017278330771,12029.8068764401,6102.40290700032,12510.9564322603,9016.598337692,1.91860464027932,1.95683238213532,0.0177867641556678,0.0237014502992703,2.08093368416976,2.16416364190004,0.00145151999390971,0.00141856027193345,1.50691887403462e-07,0.00070915598022828,0.00216758393977173,7.1888420868648e-06,7.01753915884912e-06,2.86287149213671e-12,4.05499540180865e-06,1.05433458720127e-05,-3195.74290013693,0.0750986637771419,0.0597900813532821,1,0.425661414354929
"linear",1600,"stan",145,5532.532,13956.5251956956,13227.5232110029,82.717616278369,140.85401164253,13722.5842304249,6800.37381603443,13991.2284849174,11334.8880269001,2.52262891487941,2.39086248592922,0.0149511320094252,0.0254592312602133,2.48034430355303,2.52890150204597,0.00136144387560366,0.00129947190151867,1.37039415473559e-07,0.000742399082062971,0.00212295811381545,6.59901895186811e-06,6.41115284009525e-06,2.24706209646694e-12,4.03399779930388e-06,9.83871798443572e-06,-3181.0315157459,0.0781609231252675,0.0653600575227528,0.999375,0.418385149471759
"linear",1600,"stan",146,5775.082,10441.5367624826,11798.5727934349,90.9250447829081,76.7351569849899,12033.7673099671,4968.86313430018,12377.1601763074,8700.44722659333,1.8080326413517,2.04301389892557,0.0157443729427406,0.0132872844030595,2.0837396438643,2.14320076776527,0.00143277757959178,0.00136953554223437,1.64898531349839e-07,0.000721224550348875,0.00228047279141346,6.93390140678841e-06,6.63251617863938e-06,3.30164828851536e-12,4.10716416755771e-06,1.06789915348696e-05,-3217.38056552331,0.0752150232955562,0.0619329186114768,0.999375,0.423760895823259
"linear",1600,"stan",147,5818.878,11762.0069300441,11047.5803960767,139.642179538121,190.662490016302,12354.2069865631,6765.02736975428,12656.9419296154,9471.70470453886,2.02135307357262,1.89857570412658,0.0239981280821013,0.0327661947915563,2.12312528060618,2.17515162366618,0.0014324520978466,0.00139704537888437,1.3545730063353e-07,0.000758470048127304,0.00217746451162415,7.04366499340086e-06,6.89375212408997e-06,2.24409980101977e-12,4.37542036050327e-06,1.01131132298747e-05,-3168.86845983149,0.0812048152488604,0.0646820778465462,0.991875,0.426547056390171
"linear",1600,"stan",148,5839.477,10932.2800881894,11593.1094645413,95.9213413365635,106.766334989021,11954.3370119571,6161.51828032532,12141.5436064409,8182.03350810865,1.87213342704995,1.98529927672312,0.016426358274305,0.0182835440552332,2.04715884863612,2.07921764336787,0.00149384062719133,0.00143868992348326,1.70196218628747e-07,0.00081275115092529,0.00230669303933211,7.04606320004645e-06,6.83287277418681e-06,2.95688922330955e-12,4.13588223798399e-06,1.05423255249941e-05,-3198.37675632808,0.0821179511082554,0.0678425565587174,0.99,0.427811056434683
"linear",1600,"stan",149,7888.97,9706.9329079062,9988.87621234237,63.0420826387066,184.00122510538,9628.09976123141,3043.47445301635,10403.3385010679,7604.01640699799,1.23044363306062,1.26618255771569,0.00799116774923806,0.0233238591483273,1.22045080171827,1.31871949076596,0.00149496208029567,0.00142004436222328,1.94567801549715e-07,0.000767276876929065,0.00239833220965989,7.21025992625862e-06,7.04041645195984e-06,2.42618148971251e-12,4.40769708745662e-06,1.05208786047097e-05,-3239.97541325974,0.0853989416622648,0.0708092767443749,1,0.426192257271359
"linear",1600,"stan",14,5741.828,11044.8886633649,11556.1740513862,144.716486945249,177.068867119646,12273.5812477464,6970.64730458916,12984.4292927063,9973.99180129202,1.92358403340624,2.01262978469334,0.0252039049141231,0.0308384136758618,2.13757382627038,2.26137552234346,0.00127902190188054,0.00123153011518955,1.07700975478295e-07,0.000704167039677292,0.00194564102139464,6.56120154805654e-06,6.38335057015068e-06,2.10386200776549e-12,3.9890177888836e-06,9.26638967059078e-06,-3215.19224424238,0.0765368640678861,0.0636133298108788,1,0.416305935270158
"linear",1600,"stan",150,5727.097,12506.2961068388,13106.015960949,124.04607472391,137.713953227917,13259.0739316964,3511.03304010239,13713.5462394923,9343.30862476293,2.18370600442752,2.28842220778677,0.0216595030124179,0.0240460312140543,2.31514743537544,2.39450217789087,0.00136906919768586,0.0013114549395007,1.57398641999584e-07,0.000701343663278516,0.00215452432586926,7.19995640740809e-06,6.88562279949822e-06,3.60742936460628e-12,3.89042608000398e-06,1.08771769581616e-05,-3171.92252102545,0.07644561341672,0.0617722307607726,0.989375,0.421238134508122
"linear",1600,"stan",151,5690.023,13195.6071790317,13308.9041444337,106.251957290667,157.907402004339,13564.2557690456,4124.15646770619,13834.9465761919,8270.03651930103,2.3190780035567,2.33898951628731,0.018673379227231,0.0277516280697527,2.38386659755956,2.43143948208855,0.00162536640171861,0.00156257355046613,2.36850385799909e-07,0.000768966595114845,0.00257153918928626,6.96134844318058e-06,6.80810702882041e-06,2.43852100820136e-12,4.29861048856332e-06,1.02290259246024e-05,-3207.808299511,0.072732099226765,0.0583029325109699,0.9925,0.431280966862136
"linear",1600,"stan",152,5668.115,11011.4660616341,11771.0226547334,130.162963878351,114.137584605966,12405.6373744853,5267.75741541139,12056.7138647796,6827.26079115917,1.94270336110578,2.07670850974855,0.0229640654570965,0.0201367799711132,2.18867072642056,2.12711172317069,0.0017246671127006,0.00166144944977154,2.59304660923257e-07,0.000809931368667156,0.00278158724599396,7.33885249791235e-06,7.12932897270799e-06,3.13898155105433e-12,4.25298094960496e-06,1.08688506703195e-05,-3208.69619444101,0.0984578982601475,0.0806701954076331,0.9875,0.441058610871052
"linear",1600,"stan",153,5698.208,14055.8135090084,13352.9271035347,91.7748667315312,150.485727140236,13969.9302847217,6552.81283860489,13952.891838352,9423.05236373203,2.46670769284104,2.34335550817637,0.0161059172868964,0.0264093074770588,2.45163572209398,2.44864558091806,0.00137592436083714,0.0013162703365024,1.46650462064964e-07,0.000710017530837331,0.0021209090929261,7.33271771861792e-06,7.11407789749826e-06,2.73209843535606e-12,4.30491514370193e-06,1.04457829773379e-05,-3198.51645749137,0.0930325349291246,0.0719604426863021,0.979375,0.422885698061104
"linear",1600,"stan",154,5669.663,12997.2022020053,13383.3011607696,62.4244400909445,178.716924293538,12792.0057026353,4603.66825954831,13183.2164994189,7402.41965952221,2.29241177156478,2.36051087353334,0.011010255828423,0.0315216132411288,2.2562197616746,2.32522047596461,0.00137852359107793,0.00131092125870689,1.8331672520782e-07,0.000592387331513102,0.00221968807336917,7.10535395784427e-06,6.9053818568561e-06,2.55876434576076e-12,4.22791286798908e-06,1.03494188297064e-05,-3195.53042242184,0.0890274547083833,0.0714841741566408,0.99625,0.421164981085722
"linear",1600,"stan",155,5737.919,9989.87975209939,9498.10122492145,140.709789797553,107.872022982337,12149.4379287978,6873.77921924257,12642.1570930915,7746.64649035061,1.74102836796744,1.65532159393004,0.0245227912414854,0.0187998511276191,2.11739446457815,2.20326517211056,0.00137545673163005,0.00132147495011686,1.4925318269429e-07,0.00073175962753776,0.00216337450094589,6.55316559188257e-06,6.32276504208792e-06,2.55542026092387e-12,3.81490834349442e-06,9.61808716334981e-06,-3204.76261651342,0.0678592184487228,0.0561891153468091,1,0.419223749117273
"linear",1600,"stan",156,5817.355,8129.67783781738,8190.7215804429,54.6209374985577,154.511950578935,11095.5138330956,6851.73514666042,11719.1280461532,7045.34654336655,1.39748697437536,1.40798035884743,0.00938930794124782,0.0265605160040834,1.90731248704878,2.01451141389053,0.00134451634620365,0.00130098920179217,1.29089856867112e-07,0.000712552590997145,0.00207074064069821,7.03416709781332e-06,6.75575254534816e-06,2.97926791042961e-12,4.15313643939918e-06,1.04904637629396e-05,-3224.54126633949,0.0758588180450476,0.0610983267076326,1,0.419734812755423
"linear",1600,"stan",157,5909.262,8706.16486070714,9147.16442836005,115.382566879329,131.151047249547,10383.1526288112,4455.90955412692,10884.1536451707,7582.36004686783,1.47330831848497,1.54793685376618,0.0195257152042555,0.022194150005457,1.75709803166811,1.84188036427742,0.00141574429272709,0.00135761197187613,1.42232640395068e-07,0.00075186403308901,0.00219139451306575,6.91535065345842e-06,6.72615087607806e-06,2.67169637818482e-12,3.89060934529702e-06,1.01026257229753e-05,-3213.60462277303,0.0817742490347681,0.0660204516377467,1,0.42200669882581
"linear",1600,"stan",158,5647.648,10901.1091629477,11855.6074228639,89.4716178197759,171.436001611652,12393.3900636177,4841.24621341557,12738.7596378831,9771.35142845664,1.93020336305445,2.0992114634028,0.01584227944443,0.0303552915499783,2.19443387116508,2.25558668633086,0.00149484001034562,0.00142715479595623,1.9061240636343e-07,0.000728136908644279,0.00235766210983427,6.69777793284763e-06,6.49005303099068e-06,2.20726475198432e-12,4.2095115222684e-06,9.72492136632775e-06,-3183.3098732247,0.0717388112409668,0.0567526642893653,0.999375,0.42623736331459
"linear",1600,"stan",159,5683.448,13649.0253546851,13300.8152480847,108.464205023502,122.652204924083,13296.3557670152,5851.76387405757,13579.4366358886,8764.4182135981,2.40153958559753,2.34027218126826,0.0190842258121306,0.0215805977153451,2.33948753767348,2.3892954832856,0.00139922770180005,0.00133669965174754,1.74510432685022e-07,0.000667993118409731,0.0022225369687395,6.89773472778297e-06,6.62557192065883e-06,2.85284733201508e-12,4.14978387628477e-06,1.04643494128549e-05,-3202.38795250658,0.0864884584106822,0.0715908325257989,0.985,0.421810712163027
"linear",1600,"stan",15,5421.092,12520.6080991151,12765.1583834366,78.55903781799,120.474473420886,13018.5389510207,6951.87024135151,13196.8362299415,6419.32654605146,2.30960996402848,2.35472085392327,0.0144913677572692,0.0222232851648498,2.40146061919271,2.43435016965983,0.00140147851835604,0.00134562981477399,1.54492544746384e-07,0.00075233904116589,0.00219201188519038,6.9675032095456e-06,6.70696504740797e-06,3.05843149425693e-12,4.11686116293284e-06,1.06207808050335e-05,-3196.45409750252,0.0806598759035763,0.0628477639651464,0.9975,0.423688712960241
"linear",1600,"stan",160,5781.75,13757.0848438783,13879.1459352402,116.437440907245,175.429357924576,13553.3120324316,7919.14580503701,13906.4836609109,10465.7296559135,2.37939807910724,2.40050952310983,0.0201387885860241,0.0303419134214686,2.34415393824215,2.40523780186119,0.00126771172095168,0.00120988613834953,1.11526720985793e-07,0.00072717462912915,0.00196449960584345,6.82294956248652e-06,6.5778639523295e-06,2.71462181452727e-12,3.84527974271728e-06,9.99242207675947e-06,-3175.35605474807,0.0733896924388557,0.05973622847708,0.9925,0.414753104132235
"linear",1600,"stan",161,5655.527,12013.7566967793,12091.1128525576,108.942920774925,142.389252230863,13696.8779966117,5045.16858609785,13829.8224475621,8345.67471859516,2.12425061303381,2.13792858783233,0.0192630891471166,0.0251770086555794,2.42185706064382,2.44536405671163,0.00138351043627895,0.00132762542994056,1.56626962492175e-07,0.000735872040336715,0.00221439808869577,7.00108068357569e-06,6.78911947665804e-06,2.74666261408271e-12,4.08151208763589e-06,1.01989890463016e-05,-3175.52503364101,0.0798910149787115,0.0638197902339749,0.99625,0.420274985533129
"linear",1600,"stan",162,5747.437,11571.3863946425,11942.3108367749,103.072083127715,122.289581998841,12874.5427637609,5179.89970395702,13604.9137354341,8675.51226202268,2.01331243729032,2.07784980275119,0.0179335733697846,0.0212772374884389,2.24004939310529,2.36712707515265,0.0012915034881879,0.00124324690292033,1.22020685281582e-07,0.000705249791814204,0.00196546698019662,6.75256957113515e-06,6.47988916833313e-06,2.75205752472178e-12,3.88685103926781e-06,1.00254675483486e-05,-3187.60899605784,0.0810930784503261,0.0642960185004585,0.999375,0.419524568445166
"linear",1600,"stan",163,5617.151,12538.7494441882,12539.1550874022,47.129612425069,172.26029907002,13401.5148720573,3272.6040072461,13998.9217032512,10552.6433903124,2.23222581059121,2.23229802570773,0.00839030541017485,0.0306668450020339,2.38582065393244,2.49217471690742,0.00163216501260812,0.00157031604558707,2.83115167524788e-07,0.000750068877424912,0.00256474612528832,6.69420460679612e-06,6.48420534403214e-06,2.27109961695069e-12,4.02397409560816e-06,9.72206460737924e-06,-3205.49191713699,0.0903077077122841,0.0731106639245303,0.99,0.432293903471195
"linear",1600,"stan",164,5672.821,13352.2973410262,13044.94882884,67.5784403082563,157.257254420472,13511.6639537743,4909.21308008644,13658.4937214256,8014.41879005873,2.35373147522655,2.29955234421111,0.011912669253667,0.0277211733669143,2.38182448446273,2.40770750944294,0.00153423374403388,0.00147968220427363,1.91511171540237e-07,0.000725854307333969,0.0024165838194915,7.44810109806445e-06,7.21372887595845e-06,3.22108553116496e-12,4.23247124596063e-06,1.0937692077376e-05,-3193.95068566316,0.0829705838196184,0.0660220838140602,0.98375,0.428576145044787
"linear",1600,"stan",165,5638.163,10987.1756656213,9076.18571470886,104.83597891168,134.270281474146,12841.160140316,3316.69726539582,13412.9840505376,8552.41017515797,1.94871550638414,1.60977710554109,0.0185939957592004,0.0238145441119999,2.2775432601569,2.37896351179234,0.00155383403959325,0.0014625536860905,2.48665382076904e-07,0.000747492216674163,0.00252973266996873,6.78650741971787e-06,6.52110883167543e-06,2.91528672441088e-12,3.89924913716824e-06,1.00894699249261e-05,-3231.71152373964,0.0787762179556401,0.0640815127893402,1,0.427355435449739
"linear",1600,"stan",166,6120.573,8746.66421222212,9166.63291960489,100.071128235084,190.14073098675,10223.1082350745,5859.35266773772,10628.9253059483,6990.1195850641,1.42905969951214,1.49767561298671,0.0163499607365331,0.0310658382780093,1.67028613743754,1.73658990848541,0.00140677165540043,0.00134210075351201,1.70964341343088e-07,0.000738742794917165,0.00222188828879932,7.00889148013399e-06,6.8450149766412e-06,2.51243105048662e-12,4.06721489130263e-06,1.0097246838818e-05,-3190.79558601124,0.0769560139831168,0.0631077248975841,0.995625,0.42315529635982
"linear",1600,"stan",167,5762.066,11615.9781453692,12661.5110110869,126.956357533901,127.338007185107,12981.8412831246,5203.73140802699,13241.6450985638,6900.05042121986,2.01593979405464,2.19739083361539,0.0220331314382551,0.0220993663010988,2.25298378795463,2.29807244459952,0.00151395227961565,0.00144321316045206,1.81073058184732e-07,0.000829170557796814,0.00234663379078599,7.30076762997784e-06,7.02765110634816e-06,3.33055584914197e-12,4.25969311906598e-06,1.09964905010722e-05,-3240.34254869973,0.0790411667687103,0.0611538100545272,0.99125,0.42994866174647
"linear",1600,"stan",168,5684.132,12524.8608015214,12646.5213361114,118.653467107233,167.349834497287,13361.9644310849,6404.48354446967,13739.1168082063,9359.10706416208,2.20347817424391,2.22488171212621,0.0208745094426436,0.0294415813174794,2.35074843988226,2.41710023768032,0.00133907617701749,0.00129553676229044,1.33695772307226e-07,0.000670779499106148,0.00209032020057943,7.06521315526833e-06,6.96705636769399e-06,2.69694048895881e-12,4.09530440434404e-06,1.02823885421835e-05,-3183.50287480494,0.0898772657015252,0.069702193605379,0.984375,0.422035444930317
"linear",1600,"stan",169,5655.136,11574.2556466643,11176.2119120835,54.4623485080243,115.26829502441,12929.9365574442,2210.48957117332,13335.6032879001,6651.05493611959,2.04668033565671,1.97629410010361,0.00963059924783848,0.0203829395127563,2.28640594274729,2.35814015576285,0.0017981163260358,0.00170266276486399,3.41125011843525e-07,0.000826279811310933,0.00291038232060547,7.17532648227579e-06,6.92173085894963e-06,3.08859906737699e-12,4.39590104210663e-06,1.05391896049075e-05,-3225.5520888415,0.0848646063835758,0.0668827638686776,0.99125,0.441062214813133
"linear",1600,"stan",16,5741.975,11185.6318157391,11228.8226124578,78.3771408486654,160.533399894119,12293.2959646324,3922.0343737905,12629.0717818994,9644.49709604689,1.94804606703079,1.95556800795158,0.0136498575574894,0.0279578716198032,2.14095254065586,2.19942994908537,0.00137361154533845,0.00132065833263697,1.53317895072957e-07,0.000684338775099538,0.00214597194669265,6.91087061690598e-06,6.77717999133275e-06,2.76428097046451e-12,3.94818898311133e-06,1.02043977495603e-05,-3196.78266317665,0.0824773432020009,0.0647966551589716,0.991875,0.420993085955865
"linear",1600,"stan",170,6660.311,7586.74493984631,7531.61348187138,82.912849993829,84.1673211045544,9492.14073849015,2249.88091624606,9712.88856038485,5743.50339701213,1.13909769976902,1.13082008961314,0.0124487955583199,0.0126371457886207,1.42517980594152,1.45832357683971,0.00170222039925924,0.00161277356160329,2.87554966002865e-07,0.000797769346429763,0.00273990943336818,7.49355676577735e-06,7.23741503439172e-06,3.6963121863322e-12,4.32783686820454e-06,1.17166239787388e-05,-3166.47163719837,0.0836726022819637,0.066157056639935,0.990625,0.43902344097355
"linear",1600,"stan",171,6135.936,8448.17778402643,8867.00326710441,138.38108092425,220.605285781456,10078.5311110638,6490.54713782974,11038.9664295394,7686.59219502997,1.37683603349618,1.4450938319931,0.0225525626284644,0.0359529965406185,1.64254175908351,1.79906805246004,0.00128466024247873,0.00124139070463103,1.10341386486572e-07,0.0006837245382309,0.00192819680133166,6.94075606207332e-06,6.78476581244199e-06,2.35933731960693e-12,4.18510303696506e-06,9.98529949460432e-06,-3209.90449623239,0.081776890575082,0.0681769579181799,1,0.415417029945943
"linear",1600,"stan",172,5691.933,12662.4724297205,13214.1402821899,102.568738462872,198.449209403965,13628.6220165284,5930.32013451107,13931.4303876058,9710.05937183236,2.22463483490064,2.32155583739126,0.0180200185882146,0.0348649939140122,2.39437498939786,2.44757455641269,0.0014729611524922,0.00140526726384838,1.65173559916079e-07,0.000785384135736004,0.00232316626780125,7.16751522526561e-06,6.93801742847237e-06,2.79676715808892e-12,4.24298029685654e-06,1.03356299316414e-05,-3176.44131760279,0.0806793992482607,0.0649116924277832,0.99625,0.428222671593691
"linear",1600,"stan",173,5739.421,8076.13717696528,8682.78949796167,63.1656957417129,48.3078635828441,11428.7750202345,3275.74472995837,11410.5177972834,6367.63655009956,1.40713447871576,1.51283369837509,0.0110055867554781,0.00841685312557558,1.99127664972381,1.98809562798816,0.0016063755581909,0.00152314015119702,2.51196029249807e-07,0.000777950453855837,0.00264822573053559,7.61486437459569e-06,7.42187195534629e-06,3.58002842930609e-12,4.15894536776124e-06,1.12935517306093e-05,-3154.0440983552,0.0988948984848592,0.0758458733055301,0.984375,0.435972433294643
"linear",1600,"stan",174,5756.437,11486.0455302425,9777.90813528805,104.484890252471,165.137581656118,13206.2902112935,6017.34708387646,13389.9788517419,9115.7474628269,1.99533939661678,1.69860421216945,0.0181509656498405,0.0286874644256713,2.29417784148311,2.32608796930147,0.0015069161268,0.00145695766828674,1.71140993191124e-07,0.000761849746615885,0.00233848004362391,6.99722792497643e-06,6.78302287644636e-06,2.49723380094431e-12,4.17200787092667e-06,1.00825753045682e-05,-3185.23131711807,0.0654391909754259,0.0532414033289369,1,0.427513792426553
"linear",1600,"stan",175,5765.949,10682.1134801769,11506.7262025384,128.974710076255,181.650610390985,11631.6083788505,6395.67724091012,12102.0688561424,9335.2843891953,1.85262018102777,1.99563440511499,0.022368340419982,0.0315040265515676,2.01729296926673,2.09888586530031,0.00134100807489877,0.00128809305218538,1.35569108654742e-07,0.000702004881259561,0.00206227954109553,6.93655752717484e-06,6.72035518810946e-06,2.62196669728175e-12,4.10506186258944e-06,1.00726558895097e-05,-3214.16684741555,0.0911044597483779,0.075894338481817,0.988125,0.416185016940471
"linear",1600,"stan",176,5722.22,12111.3935317216,12004.4557529202,71.5898491856821,103.912755796511,12484.3770005647,2758.15582872031,12848.3492320358,7328.33357603251,2.1165550313902,2.09786686861397,0.012510852289091,0.0181595177739603,2.18173663378281,2.24534345621731,0.00149240222514674,0.00140844070589891,2.18561650038038e-07,0.000714030821063269,0.00241164644735811,7.42707898442465e-06,7.17000858215271e-06,3.43560902188766e-12,4.16836853496644e-06,1.11428010641784e-05,-3175.6705409722,0.0844729265728655,0.0690756813419678,1,0.429568508672679
"linear",1600,"stan",177,6175.224,8927.68527138163,9981.58835888738,87.7291944945117,189.932700328441,10080.0164835584,5894.36632560614,11134.8110311431,8199.03203398542,1.44572654714738,1.61639292095111,0.0142066416529201,0.0307572163096336,1.63233212002647,1.80314285459816,0.00127551680570583,0.00123121155529709,1.07107405840275e-07,0.00068826007915714,0.00193756382689881,6.7426862609952e-06,6.47295282786741e-06,2.94490678925084e-12,3.96230196290069e-06,1.01476517156659e-05,-3188.22439056396,0.0783851262037378,0.0601972335147697,1,0.417032863571806
"linear",1600,"stan",178,5861.822,8419.53986195476,9172.5613659627,72.2709464083478,202.566631436856,10919.27318881,5728.23018363553,11526.2853470828,7693.87883792136,1.43633495898626,1.5647969805229,0.0123290926282558,0.0345569400498439,1.86277802171577,1.96633151724545,0.00143965216834767,0.00138155321845448,1.7639310126406e-07,0.000747056860345553,0.00222601509046306,6.88672047033247e-06,6.7186904266053e-06,2.3052820093505e-12,4.15774255732842e-06,9.91935771859754e-06,-3190.95297121075,0.0736021038846438,0.0608760679691958,1,0.424760536201483
"linear",1600,"stan",179,6052.841,9567.18932341919,9832.8738740851,114.219770923866,81.1673300119451,10316.1755090791,5804.39571230559,10558.7017665082,6826.99108849637,1.58061137297662,1.62450556260855,0.0188704396702087,0.0134097905449598,1.70435263524667,1.74442080446326,0.00140853170778718,0.00137169594843607,1.28836472797256e-07,0.000748953758449198,0.00210852220848555,7.35880980857506e-06,7.09038899535337e-06,3.36898153711081e-12,4.13162170955387e-06,1.09801015949054e-05,-3218.86141224078,0.0959154028071149,0.0757127539341298,0.96875,0.424641053588679
"linear",1600,"stan",17,6006.133,9739.44456843967,9910.58466523343,78.3540303680356,122.129410498031,10527.2996581555,5768.39000738097,11436.7051357652,7459.51394617164,1.62158323307853,1.65007745669858,0.0130456702121041,0.0203341168931874,1.75275833188434,1.90417114235818,0.00126237887402546,0.00120865006641394,1.32383380731913e-07,0.000630632275608417,0.00198188309341294,6.88754715306485e-06,6.67824225946663e-06,2.66513163607778e-12,4.04139944371785e-06,1.02445864616186e-05,-3215.60320572062,0.0710880275364202,0.0562801608586568,0.999375,0.413209454672194
"linear",1600,"stan",180,5646.411,12461.294254976,13529.5755578986,113.811269989159,112.749524552807,13750.4931392724,4252.95874817359,14061.3252492831,8725.13785394211,2.20694070179729,2.39613722024461,0.0201563913766035,0.0199683523839846,2.43526253035289,2.4903120317106,0.00133848410198653,0.00125904643845502,1.49853142434238e-07,0.000713681087832411,0.00213218375375522,6.75942812084396e-06,6.41491251091431e-06,2.71588148557844e-12,4.08841056672238e-06,1.01990469152479e-05,-3190.77769753391,0.0706380395986985,0.054695230046702,0.99375,0.415895519880826
"linear",1600,"stan",181,5721.588,12162.6940131597,11258.4488276563,115.179704186283,152.545988600254,12514.748813351,6856.06316422235,12798.3988760162,7758.57766568931,2.12575495005228,1.96771400311527,0.0201307231814459,0.0266614773031988,2.18728590967245,2.23686131822428,0.00141324514230984,0.00136539751743812,1.55359744076398e-07,0.000677841353473964,0.00215459793236355,7.07492307699303e-06,6.83973856710994e-06,3.03403749466774e-12,4.02960906933085e-06,1.0512147888095e-05,-3207.46122586493,0.0773577672098818,0.061640057804054,1,0.422315919885403
"linear",1600,"stan",182,5796.227,11642.2959690527,12751.8621381273,73.9964724387401,139.041713129698,12185.5602478532,4076.4538953174,12708.935722183,7142.60789505542,2.00859903676179,2.20002807656209,0.0127663171988847,0.0239883139721233,2.10232626290398,2.19262215268363,0.00143295561489911,0.00138043060430394,1.60390354969876e-07,0.000757331752183507,0.00222750672832282,6.95527792539615e-06,6.77381626390289e-06,2.43701959609288e-12,4.26465514513726e-06,1.01494768030954e-05,-3174.8942319622,0.0798799930989599,0.0645757062097213,0.994375,0.424497419400282
"linear",1600,"stan",183,5749.406,13088.3564485319,12300.4835401449,84.8470916451146,161.489429066033,13040.5941881425,7074.51639598019,13400.367706988,9260.49446227084,2.2764710734521,2.13943554171421,0.0147575404563732,0.0280880197129988,2.26816373520022,2.33073950717482,0.00137856133370146,0.00132055867597192,1.41057400100456e-07,0.000762932995958199,0.00213772642661467,6.9411378387101e-06,6.70223338291935e-06,2.56455570127208e-12,4.11037273720267e-06,1.02010911641029e-05,-3189.30014506375,0.0742234022160667,0.0589585417868833,1,0.422141884653775
"linear",1600,"stan",184,5587.653,13713.5581919308,13606.7938715695,95.2279331984886,206.306276244918,13554.181260396,4704.52475981897,13848.8286402985,9848.17636132755,2.45426088411912,2.43515369898051,0.0170425638812017,0.0369218124756347,2.42573782953164,2.47846969743799,0.00139195401549436,0.00133076076841747,1.84401500425201e-07,0.00065847624290271,0.00223215714482401,6.8439313351418e-06,6.58724032609545e-06,2.5170933105251e-12,3.99932529342133e-06,1.00024541468702e-05,-3187.98670649638,0.099199604772719,0.0820803675676112,0.989375,0.423613190601328
"linear",1600,"stan",185,5805.83,8999.68199887553,9487.84867413433,96.494401327096,160.728991087307,11660.4780505004,4851.04625714431,12055.2097515594,7059.16584524341,1.55011118115335,1.63419333224265,0.0166202595196718,0.0276840677538452,2.00840845331338,2.07639730263535,0.00150535445175844,0.00142984141920161,1.85060790730714e-07,0.000759289618736144,0.00234839336661611,7.21035321479287e-06,6.94728278405019e-06,3.03989231242132e-12,4.40884607421559e-06,1.07751427366522e-05,-3198.5492229077,0.0915029881851752,0.0742483845556223,0.985625,0.427057810714388
"linear",1600,"stan",186,5724.01,8693.31803049231,9969.60665304904,94.5269529378744,128.316014807305,11931.5489597411,3489.61799204639,12414.2843261189,8033.86256755754,1.51874612911094,1.74171719704351,0.0165141138708483,0.02241715419912,2.08447381464063,2.16880898637824,0.00150743730215448,0.00143025497379703,2.19289938168437e-07,0.000721557328494097,0.0023968727341594,7.1645372313926e-06,6.69829268334808e-06,4.26965480777673e-12,3.855228643309e-06,1.1291249371445e-05,-3188.21674803593,0.0884580490376031,0.0664134858598755,0.97375,0.431296862447683
"linear",1600,"stan",187,5673.378,13670.256824912,12347.8381939228,87.1640883618709,133.420636071771,13321.2336291997,2555.54223962923,13669.1223895676,10245.6567084547,2.40954451208998,2.17645258149956,0.0153637019006791,0.0235169657427675,2.34802504419759,2.40934455443786,0.00147667820955304,0.00140444222177529,2.1893543711806e-07,0.000686648659978592,0.00240958709101638,7.02535520343044e-06,6.76333281308172e-06,2.96797833066451e-12,4.14392926420014e-06,1.04873700685455e-05,-3180.58794666206,0.0727529963516389,0.059465583422618,1,0.426730529369054
"linear",1600,"stan",188,5700.161,11926.2200438006,11997.4648283721,102.865645461413,158.184704647261,12650.3294803621,4109.63131043871,12675.810718114,6437.82549133593,2.09226020875562,2.10475894073379,0.0180460947438875,0.0277509187279554,2.21929336388255,2.22376363020518,0.00144584460120501,0.0014141317956462,1.63357009504126e-07,0.000702285790587064,0.00222419499543261,6.91106713877237e-06,6.62539131094204e-06,3.3313634378715e-12,3.97730794566037e-06,1.04178463506857e-05,-3193.13448101223,0.083445391667789,0.0696222216224818,1,0.423287598735397
"linear",1600,"stan",189,5540.94,14082.592862115,12821.4818552293,125.071471415268,173.057444894578,13201.6435903039,5549.48459745354,13487.4268426203,8220.32924973125,2.54155303289966,2.31395428487392,0.0225722479245882,0.0312325065592803,2.38256389535059,2.43414056867974,0.00147917765051868,0.0014364023261059,1.50168599514859e-07,0.000761927275885603,0.00221882292547413,7.33255028128079e-06,7.02236064650824e-06,3.74086756000399e-12,4.15701119367194e-06,1.15205568069992e-05,-3204.5104525206,0.0730151475260344,0.0567993027793065,1,0.427642952858848
"linear",1600,"stan",18,6116.728,9151.28869486864,9819.02592526586,93.2669905953841,153.683766949865,10050.1478627724,3427.55108279127,10451.7499700952,8102.54751047532,1.49610849049829,1.60527424552242,0.0152478564676056,0.0251251595542364,1.64305946950271,1.70871583142085,0.00151154867187154,0.00146330196978244,1.88567977453371e-07,0.000754882295849052,0.00238981381461666,7.10168847271819e-06,6.88703686547341e-06,2.9786974479307e-12,4.09317148798704e-06,1.03833593617637e-05,-3183.9768231513,0.0796526297472629,0.0648934146350773,0.994375,0.428676635393165
"linear",1600,"stan",190,5719.461,12084.3049489956,12053.3271770159,132.94329561852,140.770372685114,13439.5026111246,8291.24885306815,13759.4956524168,8005.85481787095,2.11283981987037,2.10742361509518,0.0232440252007173,0.0246125242719749,2.34978481558395,2.40573292700427,0.00130464680538246,0.00123873816359671,1.36363178731411e-07,0.000697998896108454,0.00202757215356739,7.05413000633108e-06,6.83691929439837e-06,2.93703424872453e-12,4.08479283573169e-06,1.05594740004957e-05,-3170.00273738516,0.0881415730388509,0.0659750067181996,0.989375,0.420627744521658
"linear",1600,"stan",191,5724.72,10679.0106297358,10142.8655165855,100.06171867795,220.701748136911,11976.2002775817,6002.33126475591,11769.3021581818,5289.57516122629,1.86542060218417,1.77176622028422,0.0174788843258622,0.038552409224715,2.09201502913359,2.055873852028,0.00166728833537416,0.00163317115421392,1.87905136279308e-07,0.000841636005904434,0.00251635247247053,8.20539210394578e-06,7.91236975560839e-06,3.91261944316025e-12,4.94343920078652e-06,1.24824698029756e-05,-3185.92756615142,0.0925056168893198,0.0694319785779344,0.98625,0.440793557545373
"linear",1600,"stan",192,6843.753,8842.72960653267,9061.51332068467,110.616097030068,149.796912290952,9501.63385249627,4355.70385389963,10037.9683163516,6622.3829375781,1.2920877779389,1.32405616051378,0.0161630755858764,0.0218881237079935,1.3883659817203,1.46673445350111,0.00146842953712982,0.00139599760166342,1.83399743144903e-07,0.000811726008332129,0.00229775919160616,7.23777173753679e-06,6.99830076738656e-06,2.70153348458994e-12,4.41265481535373e-06,1.05970052761987e-05,-3231.00077460708,0.0916327282219527,0.0746580730198653,0.9825,0.425752650340015
"linear",1600,"stan",193,5960.933,10510.1789259334,11503.6340758538,115.436572269694,161.7433312317,10720.5780888011,5171.526998631,11114.4720897651,7815.00087116062,1.76317682583135,1.92983784180326,0.019365520845427,0.0271338951858208,1.79847317337757,1.86455242656898,0.00139150974785172,0.00132314921685356,1.67181181207936e-07,0.000707437306925103,0.00221036274798944,6.99483337130768e-06,6.76458115532045e-06,2.7385410175166e-12,4.26434051343698e-06,1.03038736459505e-05,-3193.13441387262,0.0766211884243594,0.0630484827307111,0.995625,0.421454667821999
"linear",1600,"stan",194,5668.04,11868.7954226772,13160.927504848,119.156578344763,136.787688802167,13265.1678247322,5782.85701564888,13439.8014058077,6971.10068092984,2.09398582626044,2.32195388614901,0.0210225365990295,0.0241331551651306,2.34034477962968,2.37115500345934,0.00150172103828557,0.00145550654910182,1.68003297810789e-07,0.000766181674043767,0.00230595562465724,7.48420671154474e-06,7.23387060514009e-06,3.19409054279157e-12,4.51228128534426e-06,1.09528536789613e-05,-3164.71107053199,0.079165330175182,0.0606671710478716,0.99375,0.429180507015449
"linear",1600,"stan",195,5824.212,10690.1513329662,11519.2205741824,89.8815600592732,164.514296667615,11213.5149709161,3290.01950942432,11404.6857652554,8404.32710026611,1.8354674130966,1.97781615335815,0.0154323984187515,0.028246618884686,1.92532740410482,1.95815086491622,0.00158031727423538,0.00152864738695665,1.91779553622919e-07,0.000846805845478407,0.00243679533780257,7.24946157455578e-06,7.07765195415217e-06,2.80379291101687e-12,4.34805664134433e-06,1.06254555811231e-05,-3163.26555853131,0.0932252939716799,0.0751957109180822,0.981875,0.43382771035395
"linear",1600,"stan",196,5819.319,8954.52746833211,9327.48941972236,104.07730310855,144.585838717818,11363.9645666956,6788.49027391229,11621.0483275049,7320.31534912761,1.53875865343215,1.60284896217622,0.0178847908335236,0.0248458348335635,1.95279972909125,1.99697736582321,0.00133784411378536,0.00128647540716755,1.34483464623337e-07,0.000701957314415075,0.00209214329251923,6.94374092410241e-06,6.7378849781405e-06,2.48773757818625e-12,4.16718914287291e-06,1.01091719436555e-05,-3226.7001983022,0.0885791732814266,0.0722622321882521,0.989375,0.415978072904873
"linear",1600,"stan",197,5815.112,10172.4712469803,10911.1660546442,126.760101087174,159.289827764567,12438.3272401126,5306.40169229719,12906.6047933727,6461.77122367409,1.7493164786818,1.87634667305534,0.0217983937518613,0.0273923920578945,2.13896606636512,2.21949375925566,0.00124966306993551,0.00120043314283232,1.08662303866399e-07,0.000680013464008417,0.00189531194591916,6.94670528236856e-06,6.6984284630993e-06,2.83805871831485e-12,4.15209001295259e-06,1.04729151555513e-05,-3187.78294424517,0.074292178372229,0.0585998359644268,0.995625,0.415232057034761
"linear",1600,"stan",198,5750.573,10547.3657592757,11715.1441313514,65.0904728517462,164.697383469493,11824.0389428928,6154.14174497376,12670.8649855688,8557.22745127014,1.834141703666,2.03721335792996,0.0113189542766862,0.028640169156968,2.05614969897658,2.20340911863371,0.00125753064961361,0.001213549979058,1.12202556724158e-07,0.000686785967195827,0.00193499104377912,6.67507476235475e-06,6.47310079370819e-06,2.20554235381026e-12,4.06502820109567e-06,9.6506119784954e-06,-3188.06929123954,0.0833771935096821,0.0651835625208631,0.985,0.411284728213295
"linear",1600,"stan",199,5782.17,9747.01831640544,10519.1923732272,84.9835844368396,158.163491295869,12285.1757231991,7245.60140761699,12822.3514221048,9423.7156652928,1.68570248131851,1.81924647203855,0.0146975243614144,0.0273536563774274,2.12466525944396,2.21756735310528,0.00130976217592225,0.00123018967173402,1.48900530373093e-07,0.000702213229032586,0.00210905960255345,6.85785721600492e-06,6.54659010391304e-06,3.10640201798593e-12,4.01073935419725e-06,1.05403888701051e-05,-3162.86044254425,0.0867318413777892,0.0706893179217965,0.99,0.418987129664816
"linear",1600,"stan",19,5688.68,13122.3010228766,13321.8474881197,75.3355240319365,118.248580050384,13388.9178013477,6515.3995796349,13896.5818016726,9934.15456919559,2.3067391772567,2.34181699236373,0.0132430588523061,0.0207866464716567,2.35360712877991,2.44284821815827,0.0014178025449216,0.00136405445730122,1.66151244957621e-07,0.000722344514802264,0.00227931878011707,7.30559581389652e-06,7.08551391636242e-06,3.18998679715376e-12,4.19125000194467e-06,1.07804992812322e-05,-3188.33663944618,0.0883854581848079,0.0688004577784409,0.9925,0.424472693683259
"linear",1600,"stan",1,5851.873,8780.98100986253,10071.9835286034,94.5313957473431,132.929147407626,10789.7796716169,4985.44103827077,11762.4601799738,7295.97555123658,1.50054196491662,1.72115552210435,0.0161540408938032,0.0227156582871203,1.84381644502827,2.01003339955836,0.00128317662768374,0.00124114146539888,1.19096681576941e-07,0.000672588767000403,0.00193905787987543,6.52359531676515e-06,6.31885065881967e-06,2.40216974143562e-12,3.87514465555462e-06,9.39834307296113e-06,-3244.01030805063,0.0770402199446895,0.0598762994915057,0.988125,0.413510589071056
"linear",1600,"stan",200,5747.839,13058.3293651316,12885.7985549421,97.8868276205304,146.52288732592,13645.4066159423,4935.44849012335,13776.1463294591,9516.3201234195,2.27186762975296,2.24185099042302,0.017030196500029,0.0254918217656967,2.3740064076155,2.39675229759552,0.00133552135638372,0.00128608138566675,1.26140768195359e-07,0.000683253893516638,0.00202494213468895,7.1426961628776e-06,6.89096640839685e-06,2.71269939125553e-12,4.46075859437771e-06,1.06221667210711e-05,-3192.52631583307,0.0903737605177752,0.0718868140823953,0.9875,0.421900670034704
"linear",1600,"stan",20,5696.141,13416.1353894617,12715.2845811558,127.861710272414,169.960789504927,13312.7323721506,7536.12230593123,13772.4808197396,9038.25101978068,2.35530254420698,2.23226296209237,0.022447076059461,0.0298378831396427,2.33714937396222,2.41786163996635,0.00125379108547846,0.00120039638720538,1.13769410554628e-07,0.000679368508222977,0.00194666465083556,6.78123260359604e-06,6.61335980118296e-06,2.33108832340924e-12,4.02463547909172e-06,9.87915051600347e-06,-3166.73816842447,0.0722407494775335,0.0558225814505138,0.99625,0.413628651647659
"linear",1600,"stan",21,5518.859,13681.6953245738,14002.6572732845,156.095663111028,112.978619203018,13406.0414717672,7744.03173976623,13551.2809275324,9799.41461530732,2.47908042669215,2.53723772853855,0.0282840462332935,0.0204713726520315,2.42913281019993,2.45544974559639,0.00148362071811109,0.00141924830832985,1.54071919927792e-07,0.000814858020400537,0.00226864122406695,7.37156611158288e-06,7.15266367001881e-06,2.96493806936633e-12,4.56531890765547e-06,1.08713255802074e-05,-3227.51540252312,0.0908394493898202,0.0745432952141155,0.9875,0.427322798302789
"linear",1600,"stan",22,5690.178,11501.7930038771,12329.1861176353,67.589259405972,158.664564234484,12603.0311511283,4447.34795646217,12985.9803513616,6953.0670479002,2.02134151231773,2.16674875858633,0.0118782328788259,0.0278839368881753,2.21487467547206,2.28217471428163,0.00148228887214433,0.00144239843991571,1.56458162654224e-07,0.000785256242978562,0.00232248940133845,7.17474478452401e-06,6.96007079604144e-06,2.87489976907505e-12,4.19288254099288e-06,1.06646936640152e-05,-3223.98636852443,0.0923274726746961,0.0748501255296228,0.9725,0.424006367040464
"linear",1600,"stan",23,5724.183,11822.6100460094,10830.6845910834,120.039064299072,129.974801854561,11911.2187077348,4501.29361712252,11665.2274979471,7963.41820978788,2.06537946917655,1.89209265166459,0.0209705147964473,0.022706262510224,2.08085917374318,2.03788514412399,0.00171605469980555,0.00166645683021676,2.3402891604921e-07,0.000843097472165432,0.00264326650126148,7.46509746849889e-06,7.25305784001006e-06,3.19644566354024e-12,4.38503555554371e-06,1.10759359647959e-05,-3191.63954369264,0.0866584064690663,0.0695256462101629,0.98375,0.439545682808205
"linear",1600,"stan",24,5686.537,12319.0392024304,13276.4840093272,104.362139752388,181.700905281893,12747.5527930148,4935.5740773873,13107.3168590858,9902.98729731661,2.1663517185293,2.33472217086202,0.0183524946294006,0.0319528221274024,2.24170752656929,2.30497345908166,0.00141439916757157,0.00133649367468035,2.16235571718689e-07,0.000681169505016586,0.00232569963286856,7.07116506606773e-06,6.85384012761475e-06,2.53120230836275e-12,4.26334961158418e-06,1.01607395528065e-05,-3190.61602315507,0.0829940230762147,0.0659593972403957,0.99875,0.422815868240226
"linear",1600,"stan",25,5695.864,10513.9625732625,11708.9873257706,94.8451384496195,147.481866781758,12344.4385085674,3312.07304437582,12625.0308625097,8908.3619397521,1.84589424418534,2.05569994750061,0.016651580594203,0.0258927998951095,2.16726356327458,2.21652603757915,0.00152029248101138,0.0014561804630843,1.95424094813274e-07,0.000770790981267655,0.00241089278972802,7.14764821520912e-06,6.92903728147477e-06,2.63889366449487e-12,4.32318292554752e-06,1.06137564089337e-05,-3216.30742074224,0.0784986039519449,0.0599056227409298,0.993125,0.430513956973953
"linear",1600,"stan",26,5741.885,12959.8597455932,13118.1681587985,64.9167823454742,119.960596024849,13469.4934410804,5673.91581863262,13878.7006493862,10619.9105011423,2.25707406985566,2.28464487860668,0.011305831159188,0.0208921976014583,2.34583128033396,2.41709833084192,0.00140029586160533,0.00133913647702038,1.67386244386479e-07,0.000754236041975673,0.00223095602020277,7.02136697007248e-06,6.76475650993312e-06,2.71505771173901e-12,4.30423435785249e-06,1.0460312718718e-05,-3241.08751994876,0.0852603501501231,0.0659885124341459,0.983125,0.421974415189848
"linear",1600,"stan",27,5765.804,11533.4615480077,11765.6142290741,50.9386750121161,176.39216170885,11667.9293077388,3238.68334693044,12075.2426012514,8641.79716578183,2.00032147260082,2.04058518622452,0.00883461786285418,0.0305928126777896,2.02364307002784,2.09428600092049,0.00153193889797563,0.00145091214067846,2.25929697594897e-07,0.00072519944938153,0.00250842548219053,7.2808206341055e-06,7.02987246283538e-06,2.79812410025423e-12,4.46966435597614e-06,1.06607791444102e-05,-3249.49181300521,0.0826442375263768,0.0657875334898545,0.9975,0.42840018363015
"linear",1600,"stan",28,5941.615,9344.6528300488,10184.566689307,133.946237356575,151.776360384615,10715.4119333273,6354.20047823373,10986.8221785863,7189.59729123179,1.57274627017213,1.71410747571275,0.0225437422917127,0.0255446306071018,1.8034510706815,1.84913061155701,0.00141212464902099,0.00137920485927019,1.31622091740869e-07,0.000744585761734576,0.00213618808049954,7.12809303063962e-06,6.94791014594414e-06,2.59992416829949e-12,4.34690081094874e-06,1.02485490211073e-05,-3224.60032567709,0.0983000246449233,0.0789701202479302,0.981875,0.422148983785498
"linear",1600,"stan",29,5756.335,10283.5447871445,10928.2180227177,146.561913029904,185.338421293693,11728.3292636305,8011.30252023859,12497.5155287955,8686.10056999131,1.78647434298812,1.89846803959771,0.0254609769983685,0.0321972958998553,2.03746468258545,2.1710889878361,0.00124981403230517,0.00120567074464064,1.04410384608712e-07,0.000659026843871993,0.00184106347447842,6.80367000154397e-06,6.60954492214784e-06,2.4327506468579e-12,4.20210236059737e-06,9.9967460904203e-06,-3195.59525794041,0.0722198155239972,0.0568128291736236,0.990625,0.411223041353339
"linear",1600,"stan",2,5684.285,11734.78419055,11462.087763484,107.710358668107,165.314997516559,13013.193250328,4892.08252834869,13088.6741255897,8812.72470354355,2.0644257264634,2.01645198358,0.0189487963161781,0.0290828129688359,2.28932807737965,2.302606946272,0.00146366645711711,0.00138819818074754,1.86437517709347e-07,0.000710675033793469,0.00233285638607726,7.17297140400775e-06,6.90302301141089e-06,2.90827373373983e-12,4.32639779732226e-06,1.06181793917181e-05,-3208.68691160663,0.0984163276684488,0.0827272474653821,0.9975,0.42711230989843
"linear",1600,"stan",30,5755.745,9681.37399222389,11212.7600754108,135.687782165496,198.454244964042,11620.1071536846,4152.82079606697,11645.645133862,8668.60888945557,1.68203664203746,1.94809882567953,0.0235743213372892,0.0344793323825224,2.01887108509578,2.02330803985618,0.00146754605290363,0.00140600217869103,1.64865745427711e-07,0.000772492509385125,0.00226604190891712,6.96663848636877e-06,6.69493950753387e-06,2.81710244614809e-12,4.24584938523659e-06,1.04206410958861e-05,-3209.47333543317,0.0879442447540024,0.0711611047321281,0.9975,0.422900266384627
"linear",1600,"stan",31,5733.264,13742.5607661142,14475.4454305617,100.792608668085,184.480879560088,13548.7891319046,4217.96960873745,13876.8034179001,9853.01950622042,2.39698725998214,2.52481752637969,0.0175803187622417,0.0321772867183663,2.3631894732049,2.42040195914581,0.00158613673249343,0.00151033647881654,2.38343414981986e-07,0.000759387623651099,0.00256212567134635,7.26975184754103e-06,7.09107981975244e-06,2.6511294601745e-12,4.34983924276571e-06,1.03782274814748e-05,-3191.78336940324,0.0935925194131537,0.0735158972160483,0.959375,0.43378076380331
"linear",1600,"stan",32,5757.787,11488.8950652985,11927.3996557367,96.9372868349407,138.218227443595,12066.5319947143,2254.28828506552,12162.6180350965,8262.80547322296,1.99536646029082,2.07152498967689,0.0168358584357047,0.0240054429668195,2.09568919355896,2.11237720935083,0.00180036557608614,0.00171537179978175,3.0036604269851e-07,0.00090873136825917,0.00293398956577322,7.2861474100355e-06,7.11289621481497e-06,2.9700832276816e-12,4.44356324015127e-06,1.09507339464625e-05,-3198.82515573964,0.0947674100017158,0.0801795764135003,0.98375,0.441109613530349
"linear",1600,"stan",33,5836.566,10801.0482307615,10910.8115353418,115.853736540568,163.761265023873,11713.3961726883,7574.34840575288,12684.5197812158,9464.43372782169,1.85058272805644,1.86938887272788,0.019849640446209,0.0280578108812397,2.00689860659304,2.17328473304608,0.00126613794702249,0.00122078417922678,1.15005958752356e-07,0.000697837035910697,0.00194045721177323,6.69673482142424e-06,6.52810548209233e-06,2.27833132474561e-12,3.98657407476844e-06,9.72799215926936e-06,-3206.08568509492,0.0974412049947331,0.0751863233323839,0.98625,0.416854498113201
"linear",1600,"stan",34,5727.484,14057.7840667005,14686.736756913,132.41554899831,173.589033335813,13705.2815250166,9049.08828225386,13989.4071152241,11397.4315911886,2.45444318424992,2.56425626975353,0.0231193223758128,0.0303080782653978,2.39289739177214,2.44250479184649,0.00134960184523988,0.00129700133536188,1.38837901277928e-07,0.000686910571618591,0.00207962831998057,6.88959854446493e-06,6.72039268297511e-06,2.6287244659772e-12,4.05269018906897e-06,1.02172591080824e-05,-3213.03731067064,0.0865257785584786,0.0640115548342078,0.97375,0.421331146038512
"linear",1600,"stan",35,5713.336,11265.3870152562,12162.0833356358,102.519223441775,177.336788410194,13010.5694421403,4398.0111530294,13343.551907005,8454.39966158975,1.97177043591629,2.12871837673048,0.0179438463695773,0.0310390966696505,2.27722812768937,2.33550974544557,0.00150779492166095,0.00147102694160177,1.56459535083578e-07,0.00080938992196971,0.00232253451242428,7.09984443373096e-06,6.87334422906444e-06,2.7605077533345e-12,4.18652034334099e-06,1.05019463601192e-05,-3216.71207398278,0.083299604384239,0.0645848714835606,0.983125,0.426841937317835
"linear",1600,"stan",36,5822.459,11069.5625614972,12300.9589697344,143.724050866554,181.262053991631,11754.9015995357,7224.76611590013,12441.9428660674,8327.51416361713,1.90118342808377,2.11267421028372,0.0246844247192731,0.0311315294777742,2.01888954469851,2.13688801691303,0.00128053774787561,0.00123327042558439,1.13461059312046e-07,0.000713232854744775,0.00194247517967472,6.75346432248916e-06,6.50983484378956e-06,2.67718784284415e-12,3.87241078477965e-06,1.02671913798473e-05,-3216.1100124193,0.0933214712978821,0.0738060133889252,0.989375,0.415426894364241
"linear",1600,"stan",37,5867.556,9148.62381425528,9812.32322594978,146.198665466588,177.045010391074,10868.1480184344,5402.58905368074,11675.6962644573,6975.28796651156,1.55918815504365,1.67230158961411,0.0249164499608675,0.0301735527349161,1.85224444699538,1.98987385283708,0.00126844485684041,0.00121512649561536,1.18766118398168e-07,0.000691144351673907,0.00197164599941277,7.10329269641639e-06,6.91877874003203e-06,2.53738007388627e-12,4.16268442080664e-06,1.02307296880045e-05,-3157.74135639639,0.0920042752840698,0.0727197115451238,0.985,0.416822694099508
"linear",1600,"stan",38,5724.723,13036.574180681,12863.1438879439,87.9279701861327,88.5493541536512,13604.8901893003,8260.20586938788,13960.1253390792,9382.6385867685,2.27724104392143,2.24694607720652,0.0153593405630513,0.0154678844991541,2.37651501903242,2.43856782923458,0.00140342268470104,0.00134202131097849,1.53653275188716e-07,0.000757020065918369,0.00218664101379123,7.04212836081481e-06,6.80843700396224e-06,2.63391435028788e-12,4.2534884639501e-06,1.03198375227672e-05,-3190.02149773159,0.084636158945915,0.064470721721353,0.989375,0.425672836235449
"linear",1600,"stan",39,6129.897,8457.56162788332,9454.85883485025,126.910047013055,124.440294953026,10120.5495959159,6557.94157117472,10840.0613769177,7323.6758736931,1.37972328538038,1.54241724369109,0.0207034550520269,0.0203005523507207,1.65101462486497,1.76839209156658,0.00124532886330906,0.00120261320905266,1.22946116535982e-07,0.000616853975378896,0.0019182883569232,6.67511917111529e-06,6.48935330529917e-06,2.23818367837645e-12,4.00598534968234e-06,9.63282387435425e-06,-3225.51108867343,0.0681149856261913,0.0527218406178155,0.98625,0.410632543560407
"linear",1600,"stan",3,5998.466,9050.28981730462,8930.09390120174,90.1503926217034,146.932674206569,10430.1475214799,2914.43030079528,10596.5675920682,7917.03960883527,1.50876737774368,1.48872960206855,0.0150289078277185,0.024495041600064,1.73880247407919,1.76654624566818,0.00142330437696409,0.00137792309811443,1.41703423945201e-07,0.000777403400767425,0.00220209393527188,7.04636991002302e-06,6.86660007414337e-06,2.76989685543237e-12,3.87288472258017e-06,1.03861024714734e-05,-3178.73164209049,0.0807998797310488,0.0664252061719968,0.995,0.422512171422018
"linear",1600,"stan",40,5748.868,9631.71314685279,11338.0615681836,90.7996117422959,135.722571122246,11491.7155126849,4766.0345985953,12420.5683417951,8550.91172457504,1.67541038459272,1.97222506555788,0.0157943462508264,0.0236085732221102,1.99895275255665,2.16052418350797,0.00136352823138503,0.00132003043317768,1.61509494385631e-07,0.000658972070085508,0.00215641962327157,6.88124280072514e-06,6.68940473781003e-06,2.74469614675819e-12,3.91347591516219e-06,9.96749537210275e-06,-3186.20944134259,0.0908356683619959,0.0709616243477942,0.995625,0.42078170443315
"linear",1600,"stan",41,5705.175,11575.0163831227,11194.9984788941,129.311447565903,141.402806287328,12752.3357325078,3992.51923372354,13030.4413676389,5313.77658961232,2.02886263491001,1.96225330141391,0.0226656408551715,0.0247850076969291,2.23522253611988,2.28396874199983,0.00158235639521023,0.00152498978503294,1.87768504058706e-07,0.000811560404511977,0.00241205009885373,7.75987399614569e-06,7.40213728808607e-06,4.21227055674157e-12,4.34485164775919e-06,1.18468081806314e-05,-3121.79894608635,0.105739954764458,0.0848867305383871,0.96375,0.434607649745838
"linear",1600,"stan",42,5762.126,12209.8556590856,11530.0127990742,100.077373392419,208.879552223886,12726.8265987784,4177.6622310753,12921.1793555987,8119.4683487018,2.11898449618866,2.00099976971593,0.0173681334619234,0.0362504312165138,2.20870328048682,2.24243262913701,0.00145334186593785,0.00137098708419979,2.03971235742037e-07,0.000752842368915339,0.00238534301462139,7.07711909631409e-06,6.87879653462883e-06,2.69562233989151e-12,4.27051978837782e-06,1.04300397290357e-05,-3171.33129188147,0.0887591933201198,0.0688542114351731,0.98625,0.428134585868212
"linear",1600,"stan",43,5670.811,10898.0063347697,10906.8581670105,96.5604368129313,104.900265665844,12707.572590205,5496.88107590779,13215.4602308971,8859.10939268518,1.92177209481496,1.92333304125468,0.0170276238818277,0.0184982828145469,2.24087394028914,2.33043566976524,0.00137836328567723,0.00129940867835015,1.5973617525493e-07,0.000739114011037503,0.0021706907047768,6.66647807555035e-06,6.47401401754014e-06,2.50177434111292e-12,3.88198378159448e-06,9.77055158863776e-06,-3173.56887653984,0.0866054885177438,0.068689811633822,0.981875,0.421654616615529
"linear",1600,"stan",44,5736.659,9654.09826340156,9628.42888954888,70.2449333083462,153.362233564613,11473.8265086802,1603.17446028724,11712.7040957354,7222.54415479372,1.68287818108093,1.67840356025151,0.0122449204856601,0.0267337196728293,2.00008864195696,2.04172918343854,0.00150102831504223,0.00143765757391352,2.24924392899356e-07,0.000706073868662365,0.00242756972830522,6.99162193931445e-06,6.73549377621005e-06,2.87717478931807e-12,4.03592165763196e-06,1.03876159339698e-05,-3187.80460814341,0.0837649515258698,0.0673842979987543,0.9875,0.426813074753474
"linear",1600,"stan",45,5903.879,8563.12021741317,9990.64139372871,18.4832870366972,127.159595127114,11086.4857401995,5663.53454517558,11783.6836928877,7853.20730743242,1.45042271655858,1.692216489147,0.00313070221064781,0.0215383132220551,1.87783078552245,1.99592228988564,0.00129007982480196,0.00124286878238853,1.24788062035578e-07,0.00072330253433063,0.00201817083803843,7.06981635513918e-06,6.86249261544184e-06,2.59873118644773e-12,4.11996113513816e-06,1.02857995238243e-05,-3198.94459649208,0.0937098343377241,0.0725014395588076,0.978125,0.415963975741576
"linear",1600,"stan",46,5798.576,11145.1764319212,10932.097545051,121.635679754821,94.8418042533046,12169.6373565804,3527.88844882863,12298.2589977953,6006.13354232195,1.92205404084058,1.88530727976163,0.0209768190940018,0.0163560509085859,2.09872861140052,2.12091020240061,0.00146294081505778,0.00139493644778029,1.94508277239568e-07,0.000731324621931287,0.0023685475366205,7.3029981185182e-06,7.04518099854023e-06,3.58905401617376e-12,3.92137040396061e-06,1.09027752385392e-05,-3212.13265576351,0.0850714696623576,0.0672628540042894,0.985625,0.423604719009804
"linear",1600,"stan",47,5727.933,11071.5165722738,10929.0745231973,112.86725445413,169.528136967741,12337.7042055612,5729.45556186885,12385.7987048493,8991.14286832949,1.93289910553664,1.90803113849224,0.019704709264953,0.0295967388179543,2.15395400148033,2.16235048574229,0.00150188996971483,0.00142894814120796,1.84453372714387e-07,0.000779648093104965,0.00236988683414846,7.11805932200198e-06,6.88010760506353e-06,3.08611416348707e-12,3.96922977640964e-06,1.06741835088127e-05,-3191.49894444273,0.0868775409236928,0.0705169247152422,0.999375,0.427925305359565
"linear",1600,"stan",48,5749.213,11354.319488699,11095.7772456423,70.2369550243287,91.0870775918249,11919.2469403824,1954.74674189972,11740.3880262226,7896.97724717826,1.97493456733974,1.9299645439545,0.0122167947203085,0.0158433993647174,2.07319626884279,2.04208611269448,0.0018387545192789,0.00175299453573629,3.59592890694295e-07,0.000889227308677761,0.0032245834119892,7.26842832258341e-06,6.99847586481537e-06,3.1337823399608e-12,4.29548352381359e-06,1.05907128545121e-05,-3226.22521661425,0.0944552500421416,0.0742063454880397,0.973125,0.442936535052962
"linear",1600,"stan",49,5780.417,11382.932240863,12333.7296777237,92.3050864662969,128.840563447101,12606.8438860507,5032.86595266833,13126.8904488466,9030.17069078507,1.96922336932838,2.13370932888124,0.0159685860840657,0.0222891468638163,2.18095751328161,2.27092447635639,0.00137097914070125,0.00131380059427894,1.5891739939142e-07,0.000689563860427458,0.00220486918342196,6.890015124884e-06,6.65084283933482e-06,2.89025494262847e-12,3.8574903133026e-06,1.02134305364087e-05,-3184.44871512376,0.0791281593127853,0.0650115931324731,0.995625,0.421119154142628
"linear",1600,"stan",4,5800.785,11675.2163005492,12080.6209000884,104.743217677562,172.565375402556,13132.4145021651,8135.18267695852,13321.7170472585,9647.36932309525,2.01269591969866,2.08258380548295,0.0180567315764266,0.0297486246090066,2.26390298936525,2.29653694237219,0.00142654850748983,0.00136864877102557,1.45069284246943e-07,0.000783079840349497,0.00218905804780063,6.89932495447969e-06,6.70982395777934e-06,2.4091834547262e-12,4.29984103414047e-06,9.95782509276318e-06,-3196.28446430981,0.0934454646808616,0.0729639931450969,0.974375,0.424901892343971
"linear",1600,"stan",50,5626.165,13287.7482214834,13698.4892930134,82.5764757120842,182.861231285065,13523.4832194988,5725.90125173394,13656.5102414406,7819.26171910754,2.36177720018581,2.43478271487122,0.0146772225329481,0.0325019318283528,2.40367696637031,2.42732131770765,0.00135812534799908,0.00129229613255515,1.43069979777327e-07,0.000721715835810362,0.00212148017986979,7.00620402075048e-06,6.8382573905252e-06,2.86938576880710e-12,4.00481010283103e-06,1.02784272748635e-05,-3169.17443056745,0.0813319786076863,0.0651503076282015,0.973125,0.418451576629599
"linear",1600,"stan",51,5688.992,9726.20838726337,9682.34375926158,114.207390477978,157.652366360096,11423.8330224841,8033.41853514424,12383.4992711291,8584.23698414137,1.70965408059343,1.7019436412042,0.020075153995291,0.0277118277473577,2.00805925240959,2.17674752770422,0.00133109117776454,0.00129107313006991,1.27644755472681e-07,0.000685780283836293,0.00202994582908352,6.84448511905616e-06,6.66187386330294e-06,2.63468423901452e-12,3.87948548589667e-06,1.00856982297093e-05,-3172.74385732867,0.0802537936388197,0.0652290250793781,0.995625,0.420473097088492
"linear",1600,"stan",52,5896.864,9087.06195466054,8679.93456995316,92.3918953853632,86.1432079760768,10715.9397227304,4876.75014906618,10864.6033485646,6873.95384451175,1.54099907250032,1.47195773379769,0.0156679712106915,0.0146083084120775,1.81722687223758,1.84243749704328,0.00148263316272611,0.00142660511838204,1.83407062736252e-07,0.000758425288960624,0.00236970427130474,7.19711268081102e-06,6.88619457622191e-06,3.64668456006468e-12,4.09222600340308e-06,1.08805617558945e-05,-3144.78188029734,0.0950850858572645,0.0780283397031614,0.986875,0.431252558520858
"linear",1600,"stan",53,5623.273,11496.549295861,11828.6859307165,85.260881466904,110.572490577699,12243.0735759926,4565.71863155388,11878.6001624116,6354.45079437988,2.04445868017808,2.10352332720046,0.0151621451540596,0.0196633687494274,2.17721486685648,2.11239969363245,0.00169344482390866,0.00162560671515776,2.20089348174385e-07,0.000874980194310203,0.00261286891394851,7.35196688414428e-06,7.11605124787931e-06,3.00859012576427e-12,4.36184831578198e-06,1.08478262942858e-05,-3205.25238136358,0.0905539371652028,0.0718954961441892,0.986875,0.438850297324419
"linear",1600,"stan",54,5724.744,12710.3840973501,12441.4914736622,104.134380316487,22.9040751512668,13054.8889711362,6202.14660519331,13507.4676312666,10079.6832445822,2.22025370869861,2.17328346449416,0.0181902248059455,0.00400089072127362,2.28043192344256,2.35948849961965,0.00125631963261486,0.00119925282917663,1.316526976129e-07,0.000631350965591421,0.0019942126069889,6.78849278510635e-06,6.6275828443089e-06,2.13698335769851e-12,4.14170456667518e-06,9.75184490703923e-06,-3185.69175698898,0.0753080062319927,0.0600988593925341,1,0.413548207216082
"linear",1600,"stan",55,5705.106,11833.3891254319,12925.2241703426,74.1045046181324,144.934139480445,13699.8261260778,4691.24045911172,13977.6752729709,10787.6105052868,2.07417515562934,2.26555372859726,0.0129891547357985,0.0254042851229136,2.40132718411854,2.45002902189212,0.00137570200501774,0.00133226057739735,1.41763874297925e-07,0.000667942367296392,0.0021024980112624,6.89591312503318e-06,6.67664845613102e-06,2.5401061433438e-12,3.95418185364033e-06,1.00249383069218e-05,-3210.77156630454,0.0810758470885161,0.0631255476083811,1,0.422379658992931
"linear",1600,"stan",56,5693.491,9038.79582143799,10032.5297479707,70.1182100059413,128.544723276873,11836.1428201804,5545.51660601589,11733.5787902815,8883.83146823063,1.58756654246718,1.76210513865232,0.0123155037930053,0.0225774877446673,2.07889023099894,2.06087597052169,0.00151355785833472,0.00146043875472011,1.75934998718076e-07,0.000807546556780862,0.00233556755505039,6.89190063423012e-06,6.71393787251518e-06,2.5050114294739e-12,4.07406064178851e-06,9.9338510668229e-06,-3186.86688351983,0.0846837456565982,0.0690882986307805,1,0.431352659755947
"linear",1600,"stan",57,5640.301,12936.6122360756,12781.929597868,60.2255871891328,121.824952316086,12950.9550024851,5999.041767437,13507.678266531,8273.82109832001,2.29360316693659,2.26617863086882,0.010677725743561,0.0215990161369201,2.29614607491428,2.39485060576217,0.00130095588125888,0.00124569604799168,1.39050567233992e-07,0.000666661898713337,0.00202371349260727,6.74809374964065e-06,6.54729765968447e-06,2.46494761973021e-12,3.9688130971731e-06,9.88567241570358e-06,-3200.06498247265,0.0817224971031968,0.0671975638819449,0.99625,0.417322149065395
"linear",1600,"stan",58,5674.317,11820.3118923811,11405.5763453874,110.927273380335,124.471354658824,12218.2231800407,2652.30298470129,11744.1856946868,8950.86367278541,2.08312505141696,2.01003510120909,0.0195490088728449,0.0219359183949054,2.15325001758638,2.0697091288144,0.00172617670443725,0.00162940758208542,3.04637213297877e-07,0.000856425092490468,0.00285706715358416,6.99711580315663e-06,6.70770677393288e-06,3.06410679122635e-12,4.0775790943121e-06,1.04629810817993e-05,-3214.61356019533,0.0790188486915733,0.0635858352864946,0.999375,0.437887277845241
"linear",1600,"stan",59,5650.465,10724.2390458701,11842.9763043278,102.541553804995,114.442453016068,11593.9591439343,7400.4898163627,12063.029388051,8753.90128225324,1.89793920427259,2.09592950391301,0.0181474540245794,0.020253634526728,2.05185929723206,2.1348737472139,0.00134194202973933,0.00130363091614461,1.33897229988734e-07,0.000706845245744141,0.00207013458949003,6.58059615293213e-06,6.37989973204698e-06,2.18922313296413e-12,3.98945338755676e-06,9.50342104451069e-06,-3223.72906123241,0.0730042797116225,0.0592821788166644,1,0.418640605683178
"linear",1600,"stan",5,5694.881,12987.758557462,12302.2236612806,106.21467950389,168.288217517972,13028.579824955,4461.1621329859,13288.8911871829,8462.18447066734,2.28060227377218,2.16022488639896,0.0186509041196629,0.0295507873681595,2.28777033707201,2.33348004763978,0.00157388492665877,0.00149893379760904,2.28085071539578e-07,0.000749062445640583,0.0025273637675616,7.33819434539975e-06,7.09675788908217e-06,3.12274204259355e-12,4.36803555200449e-06,1.08958040788157e-05,-3197.72684247683,0.101589321592066,0.0800468460910229,0.97875,0.432600005538755
"linear",1600,"stan",60,5630.903,13066.271603595,12894.7939223598,148.818484064227,142.533866802274,13428.4540347573,7732.41272617623,13829.7750435573,8881.83043307969,2.32045758976757,2.2900046266753,0.0264288843306708,0.0253127902935416,2.38477807817987,2.45604924175701,0.00134676883787783,0.0013008730988075,1.30725217573381e-07,0.00071718706851792,0.00209190589636328,6.96501353165802e-06,6.76464549799156e-06,2.59374839110296e-12,4.16870879797023e-06,1.00692086423847e-05,-3187.23476771037,0.0713728183700807,0.058890741250277,1,0.420191114395905
"linear",1600,"stan",61,8543.25,8973.44562347119,10688.8711226129,99.5550232534311,167.550909131552,10107.6082540019,6298.35331162113,11249.1116258842,5539.49445259842,1.05035503157126,1.25114811372872,0.011653062154734,0.0196120807809149,1.18311043853357,1.31672509008682,0.00125793218828514,0.0012068367161506,1.36079077420318e-07,0.000651603562544174,0.0019345445051647,6.79993403998323e-06,6.59826562458756e-06,2.82968462765458e-12,4.09523272464318e-06,9.84683815165497e-06,-3185.07851310183,0.0924037125916557,0.0740865655116003,0.969375,0.413762614154236
"linear",1600,"stan",62,5609.541,14943.1274652341,14382.1692881379,72.3398693601391,135.541961427023,13561.4745820169,5830.54317478473,13812.9444394387,6446.89747884472,2.66387703828783,2.56387631147324,0.0128958624885956,0.024162754390604,2.41757294973276,2.46240190408426,0.00155970484433687,0.0015011902506647,1.84338675486491e-07,0.000838273885905969,0.00240853544874688,7.34755481940347e-06,7.05290114875882e-06,3.39826639009063e-12,4.28642588732631e-06,1.12493174882114e-05,-3229.85121727969,0.094683652286297,0.0767443734834689,0.98375,0.428773162499821
"linear",1600,"stan",63,5671.61,11429.6450939944,10782.6117892873,142.115974195925,154.401254166622,13650.6707426977,7797.72957501893,13719.7418463742,6001.74824746088,2.01523819409204,1.90115536669258,0.025057430640669,0.0272235316191738,2.40684227982843,2.41902067426608,0.00145188236578096,0.00139782630486416,1.47718329812444e-07,0.000763124482428916,0.0021957550133763,7.47054563018227e-06,7.24359468958871e-06,2.80781407571107e-12,4.62816045982394e-06,1.08924591716082e-05,-3175.38090003008,0.0912390898889736,0.0717726336258721,0.98125,0.425061650587528
"linear",1600,"stan",64,5664.157,13632.7969050645,12956.1010075101,100.65158243839,143.538707667464,13665.9728150779,5154.03950491796,13794.8678356813,7273.93745780607,2.40685364213325,2.28738380795413,0.0177699139410136,0.0253415835167465,2.41271080852419,2.43546706697594,0.00159010848943989,0.00153311759350998,2.00779052050773e-07,0.000833451005149458,0.00248518161828462,7.48964669878636e-06,7.28913058754052e-06,3.14332044596662e-12,4.17334449893297e-06,1.08641467009352e-05,-3182.55336137477,0.0850273017519222,0.0682383875276731,0.9925,0.432599218696468
"linear",1600,"stan",65,5722.259,11686.5690149572,11432.5855004879,174.722739451371,122.298107491505,13373.7296812084,7059.76364688532,13471.4523460766,8963.25966391013,2.04229990550186,1.9979147222256,0.0305338747252389,0.0213723474403211,2.33714162207764,2.35421925957504,0.00142115848343076,0.0013772181607559,1.42180033301345e-07,0.000725752939132849,0.00213571214703457,7.25279941154796e-06,7.03316609846604e-06,3.038368963043e-12,4.25423592246718e-06,1.07469041983627e-05,-3201.08921440597,0.0939379175424056,0.074157333870359,0.990625,0.424377544718066
"linear",1600,"stan",66,5658.441,11362.2308530975,12633.8459365611,86.2016975960728,127.260532139581,12504.7878404424,7505.95832253663,12920.9370718766,9463.58710977505,2.00801437235052,2.23274324793015,0.0152341780352703,0.0224903877480707,2.20993518187119,2.28348003838453,0.00136874507341981,0.00129421330572047,1.55728921999928e-07,0.000729714936154502,0.0021860231615832,6.82213236870683e-06,6.60682013586341e-06,2.65807546153975e-12,4.02338821361261e-06,1.00684029102907e-05,-3212.31656166233,0.0738354334138279,0.060130233737064,0.991875,0.420371113071359
"linear",1600,"stan",67,5693.999,11744.8226719541,13345.9192249326,69.3682461700866,168.444412544479,12931.3149481071,3607.08768086906,12974.2331258898,8484.79297295708,2.06266679568333,2.34385696677021,0.0121826937746365,0.0295827962991351,2.27104271498944,2.27858015533368,0.00161838527460995,0.00155900347392676,2.02715483814722e-07,0.000833453877223252,0.00256412137702354,7.49127264727508e-06,7.26937891112186e-06,3.17605334598065e-12,4.4574060764336e-06,1.09499555331897e-05,-3170.60390230482,0.0874609153556798,0.0694356043873746,0.9975,0.435014833659639
"linear",1600,"stan",68,5712.7,9728.30840107749,9894.93444970647,118.779305774783,162.972617107416,11635.0289927856,2574.68243717874,11699.6641426855,6405.47151586745,1.70292653230127,1.73209418483492,0.0207921483317491,0.02852812454836,2.03669525667121,2.04800954761943,0.00182925096455878,0.00172793923203238,3.13434466387346e-07,0.000896650490371339,0.00299776286947614,7.77572188158601e-06,7.51441168412145e-06,3.48730534213503e-12,4.51031222855957e-06,1.13875272326812e-05,-3166.0502487827,0.104866272879389,0.0820635459744301,0.985,0.447693075584526
"linear",1600,"stan",69,5736.234,10645.7647155186,11527.3698101649,92.0762326819395,167.095788914271,11672.7813556135,5974.20972708863,12177.5379823549,9000.24360126351,1.85588048108195,2.00957105483578,0.0160516869921868,0.0291298766602393,2.03492070853691,2.12291513602041,0.00139292355900801,0.00133931336260674,1.4085701580738e-07,0.000741144617157563,0.00215391443078563,6.82640262002563e-06,6.57117817197078e-06,2.49273461278417e-12,4.02092822887344e-06,1.00834838117907e-05,-3210.04908214353,0.0839778671825582,0.0670888571506247,0.989375,0.421038386468739
"linear",1600,"stan",6,5770.317,10741.353199786,11433.1176879965,94.2089359821004,171.933486865158,12256.3219140491,3062.03016260382,12374.8413386872,9244.48766025692,1.86148407440805,1.98136734740855,0.0163264749548596,0.0297961943624862,2.12402921954706,2.14456871930731,0.00154950521674932,0.0015167502623138,1.80306713548996e-07,0.000791272340906571,0.00236715857120113,6.90517725051007e-06,6.66952340923978e-06,2.61127014928501e-12,4.19380669502184e-06,1.01436718857172e-05,-3188.42765818682,0.0714371879554318,0.0568540976189011,0.99875,0.42862670926026
"linear",1600,"stan",70,5762.897,9696.89540034668,10747.854709638,72.8694206723352,104.403979002017,11700.91071964,3745.54177418366,12085.5592081844,8950.55827273996,1.68264249740134,1.86500898933957,0.0126445814791302,0.018116579040371,2.03038692512464,2.09713260677476,0.00140514030425206,0.0013243268064722,1.88567453898212e-07,0.000695696753277446,0.00223685939987496,6.86188320357782e-06,6.66978093597306e-06,2.54619578851164e-12,3.99005924290161e-06,1.00478514622811e-05,-3199.32121856856,0.102274491672054,0.0825889981273508,0.9675,0.424804281121681
"linear",1600,"stan",71,5684.083,12234.2419780692,11719.0982467259,100.841607182458,144.839974911266,13305.8226679417,3459.84911412534,13440.6447464481,8567.72939948648,2.1523686367826,2.06173946557887,0.0177410511392001,0.0254816783835256,2.34089169140242,2.36461092254425,0.00170218783271824,0.00163132657069836,2.27057956081299e-07,0.00090110454600845,0.00265759443973127,7.40412142706837e-06,7.06980150508831e-06,3.48323540846390e-12,4.3178919048814e-06,1.10865389541744e-05,-3199.48489899544,0.101703330936935,0.0823912607640938,0.984375,0.439368467301384
"linear",1600,"stan",72,5813.617,10063.0842494627,10608.0400960504,91.5712545987789,91.247344535488,10887.9800260913,3496.35060152737,10898.2407303397,6484.84997950218,1.73095067140864,1.82468850219242,0.0157511674055547,0.0156954516500636,1.87284095703093,1.87460590030951,0.00163000574069148,0.00155517820964157,2.33499009714754e-07,0.000836374354764453,0.00264123648741282,7.77439104305933e-06,7.45138920053913e-06,3.91179380360661e-12,4.43771744067131e-06,1.16300306287668e-05,-3191.02322576944,0.100810167080012,0.083156048880844,0.979375,0.43881197663746
"linear",1600,"stan",73,6570.008,8626.29749864922,9607.63542414992,98.364048998001,113.55693992888,9451.5809834288,4737.18174987414,10368.5729758988,6796.20803705121,1.31298127774718,1.46234759899073,0.0149716787252011,0.0172841402824593,1.4385950494168,1.5781674810592,0.00135321810976117,0.00131364668474375,1.32464164408516e-07,0.000666543668470113,0.0020579938268025,6.97917355574705e-06,6.76086787317406e-06,2.54539049485547e-12,4.18418595754119e-06,1.01918210985098e-05,-3158.99318919134,0.0661464505396363,0.0509485666257657,1,0.419603529643051
"linear",1600,"stan",74,5659.45,13534.829523316,12538.8129930777,121.397958170008,74.1116136806293,13486.3745794288,5445.4360761448,14017.0486196166,10578.0432145287,2.39154503058,2.21555327692226,0.0214504869148076,0.0130951971800492,2.38298325445562,2.47675103050943,0.0013700717233309,0.0013098991804759,1.55849397863405e-07,0.00069466408503668,0.00213764801876051,7.12138110512211e-06,6.85753722510269e-06,2.98888384801521e-12,4.11886929197301e-06,1.06631882279959e-05,-3174.30077487526,0.0780553534356901,0.0634989430086124,1,0.423030517396338
"linear",1600,"stan",75,5651.693,12697.288650172,12516.5200590753,126.176578979609,130.482603272268,13628.8852228398,7623.38152973969,13817.9865543436,10259.7576038751,2.24663453060385,2.21464967383672,0.0223254481408684,0.0230873480339905,2.41146948761014,2.44492872389629,0.00139512343302726,0.00136170563052824,1.27959950734405e-07,0.000771757280090928,0.00212032050865313,7.15821292147692e-06,6.93282489654569e-06,2.7930667370956e-12,4.37513612135234e-06,1.04636989949617e-05,-3210.46345715701,0.0687315701852722,0.0553249256292369,0.994375,0.421994265683563
"linear",1600,"stan",76,5666.934,12744.0657838989,13205.0311977481,108.237532648955,172.970651925085,13445.182849047,4885.96281844669,13705.1557218458,9288.58098736419,2.24884669274406,2.3301896930065,0.0190998399926583,0.0305227927350284,2.37256739694639,2.41844279849489,0.00149108513810091,0.0014438514133949,1.67868450045195e-07,0.000767552672048242,0.00225319064582372,6.60827117175482e-06,6.41103188140679e-06,2.1853595092339e-12,3.98159541297698e-06,9.60553885385129e-06,-3243.36996064356,0.0825848131590134,0.0636072652989859,0.985,0.426008518670887
"linear",1600,"stan",77,5740.221,11954.1792999379,12400.7863629044,118.010783796463,87.1638330133207,12874.5596240902,7423.73694724727,13113.5463495454,8736.69074315638,2.08252945312347,2.16033256609883,0.0205585784582967,0.0151847521224916,2.24286828400687,2.28450199905986,0.00142120124678844,0.00137182543497604,1.30900682286944e-07,0.000785872231751381,0.00216889398652086,7.17476114995025e-06,6.89233214904552e-06,3.14335748494792e-12,4.07225284508825e-06,1.0549458762643e-05,-3189.09678605379,0.0864326404433793,0.068294364532428,0.966875,0.422919535561672
"linear",1600,"stan",78,5697.28,10519.2670018502,11054.68963197,74.2615225710506,152.310929536265,12047.3492274596,4320.70600577137,12541.2208737332,9376.87557812239,1.84636651206369,1.94034515276939,0.0130345572924361,0.0267339729724123,2.11457910221362,2.20126461640172,0.00153471286199192,0.00145559110244783,2.25438261847657e-07,0.000777114123525688,0.0025087908243907,7.23835056105883e-06,7.07013515426104e-06,2.8653733466229e-12,4.14729105292718e-06,1.06710887165149e-05,-3182.40900521712,0.100515195763055,0.0783913314233514,0.97625,0.429685514755568
"linear",1600,"stan",79,5771.825,11345.620322385,10936.0997571886,94.1899241217645,134.163273040361,11561.2408514319,4931.58836862566,12048.4135152904,7430.47109057871,1.96569028381577,1.8947386237782,0.0163189154421287,0.0232445150433981,2.00304771046106,2.08745301794327,0.0013632177683767,0.00132414294062227,1.45042867452404e-07,0.000639996252727424,0.00205848107053233,7.14838070604361e-06,6.86871362521237e-06,3.097224643573e-12,4.13669354294324e-06,1.07779724649031e-05,-3222.77314944321,0.0868239586856458,0.0622204870542798,0.9775,0.419379124996188
"linear",1600,"stan",7,5822.72,10189.4234568568,10746.3510882365,116.529082431918,165.612254312459,11475.7687611924,4582.58193191375,11504.1474155239,7789.42353253909,1.74994220172991,1.84558953345456,0.0200128260386758,0.0284424211214791,1.97086048465191,1.975734264317,0.00150521492223861,0.00145390014766143,1.76381552526492e-07,0.000739573460637033,0.00233968281462398,7.26820575778885e-06,7.07695370884781e-06,2.95971601689942e-12,4.27538065331348e-06,1.06342254765219e-05,-3219.32757475719,0.0739524569716555,0.0595227273140704,0.999375,0.42903546694719
"linear",1600,"stan",80,5736.876,10668.7185333615,11065.2326292862,104.531204037258,136.139821213337,12045.1963315061,3090.73981901479,11602.0781476529,7135.62211064206,1.85967389453101,1.9287906221585,0.0182209279122049,0.0237306543166241,2.09960897385721,2.02236864587153,0.00175440009780752,0.00167371523239665,2.72822657335852e-07,0.000931524845556723,0.00278378816571068,7.28131928597579e-06,7.05752284636737e-06,3.09935679079216e-12,4.2257787863505e-06,1.08560372377019e-05,-3227.04390981947,0.0862347766467187,0.0673734430607662,0.974375,0.437722360000415
"linear",1600,"stan",81,5855.706,10209.7030652221,10477.134166782,151.624551903747,163.051310034546,11325.0159745519,5597.82472743836,11943.0160917138,6190.1105856569,1.74354775755854,1.78921792979053,0.0258934707281662,0.027844859361885,1.93401375932328,2.03955186474761,0.00124417678083432,0.00120542087278767,1.12916668561993e-07,0.000656120161432193,0.00191355388477752,6.7953308247039e-06,6.55632874333301e-06,2.79898744609633e-12,4.02826127006544e-06,1.00446791562111e-05,-3183.07514440519,0.077777139330998,0.0601836956581396,0.99875,0.409595736533655
"linear",1600,"stan",82,5697.1,11800.1076976327,11479.5522234667,112.720767371951,148.853772800841,12283.8661939649,4590.67987886384,12660.6868081398,7293.44786610205,2.07124812582414,2.01498169655907,0.0197856396011921,0.0261279901705852,2.15616123886976,2.22230377001277,0.00152590091922868,0.00147366093454939,1.99605320664052e-07,0.00071103314018969,0.00239409310494343,6.68654909306617e-06,6.5026959864957e-06,2.33472794538445e-12,3.80765353761083e-06,9.54349503361141e-06,-3188.52030651143,0.0759711855453753,0.0626930587940791,1,0.426612951586533
"linear",1600,"stan",83,5761.566,10582.9786668099,11405.112790091,81.5759500682069,115.459005905306,11425.6052323219,5690.49806974478,12102.1531712514,8707.87931645978,1.83682329887566,1.97951612288933,0.0141586419505056,0.0200395180590321,1.98307287156337,2.10049718622531,0.0012980644791394,0.00125287150670786,1.25085601264582e-07,0.00066602221821007,0.00196635838875102,7.07042013034554e-06,6.86458846539507e-06,2.82630838942508e-12,4.09157904544071e-06,1.03602179348589e-05,-3187.61802702412,0.0719031607715637,0.0585490107568758,1,0.416756388001367
"linear",1600,"stan",84,5687.489,13050.6902947169,11071.5535952163,105.892079109348,183.933003053353,13127.5785805292,4039.11782203645,13600.8426868336,8959.75273769409,2.29463130297341,1.94665055092262,0.0186184235449682,0.0323399312162807,2.30815014860322,2.39136158097776,0.00149968837722079,0.00143106498337931,2.1398384464106e-07,0.000688808381060074,0.00245562403926895,6.79028870040498e-06,6.60238569844366e-06,2.50738930438239e-12,4.12655265012281e-06,9.97758547753161e-06,-3212.3312584918,0.077566341810103,0.0625238192943796,0.999375,0.429943920025669
"linear",1600,"stan",85,5813.576,10823.4563904698,11579.6886886857,118.594058784514,117.99198092772,12156.1104593085,6898.277262401,12954.6313195335,9572.87328867181,1.86175537921406,1.99183578036749,0.0203995026098418,0.0202959384942624,2.09098676258958,2.22834126870165,0.00133440417816456,0.00128537241751152,1.47079952701564e-07,0.000692906418361376,0.00207172499479486,6.53198969825748e-06,6.35570594776785e-06,2.29151455743356e-12,3.86782799225018e-06,9.56787283602857e-06,-3177.43954747151,0.0684680700223306,0.0564321434053815,1,0.417978482104343
"linear",1600,"stan",86,5714.376,13146.6685060163,13190.6275701826,67.2146394157404,198.380385805756,12901.3992330295,3226.61706187129,13055.8908768743,8200.53264337321,2.30063063858876,2.30832335327298,0.0117623760522129,0.0347160190029071,2.2577091939749,2.28474480448509,0.00150749056326831,0.00144357597825233,2.17301857148745e-07,0.000665675883836893,0.00239710404010604,7.26530554145789e-06,7.0310430835863e-06,2.63151464464988e-12,4.50337158418858e-06,1.06231284230048e-05,-3193.57141945895,0.102406355200661,0.0813069296837319,0.97625,0.433705108551401
"linear",1600,"stan",87,5790.933,9239.06640753712,9839.07585512584,91.522463646924,205.897730378907,11113.1694592204,6616.0345120414,11502.744425186,7104.02046489488,1.59543659157119,1.69904847027687,0.0158044418139398,0.0355551912582838,1.919063725866,1.98633699011645,0.0013764133735552,0.00132290052774672,1.43764823227251e-07,0.000735694976409253,0.00213598938322499,7.12669481567991e-06,6.89458355499945e-06,2.59363253295445e-12,4.31947848728498e-06,1.03896346944924e-05,-3241.41312893573,0.0902566638809741,0.070975430295009,0.984375,0.416501357757784
"linear",1600,"stan",88,5841.124,7731.20539793092,8906.70320993441,109.908192878956,165.304427176513,11091.3038668269,6279.28458770312,11322.1376840749,6769.88293316368,1.3235817965739,1.52482693569498,0.0188162745524587,0.0283001057975336,1.89883040778229,1.93834914034951,0.00139974548669281,0.00135218896876274,1.44352726973449e-07,0.000736906078550807,0.00216587269654416,6.96972730516552e-06,6.75148389931945e-06,2.52477750504043e-12,4.29302211450915e-06,1.02014772640562e-05,-3178.47712851095,0.0833567065153421,0.0676847259874583,1,0.424487484275822
"linear",1600,"stan",89,5614.134,13807.5178765676,13634.4605548594,105.049064385357,171.579952260088,13755.9209314193,7731.95587965484,13966.2135459148,8969.64613333973,2.45942078984356,2.4285954975174,0.0187115349197859,0.0305621405296147,2.45023024591492,2.48768795791386,0.00131930146110718,0.0012817126737014,1.15454246952303e-07,0.000719467657645558,0.00200749877115835,6.70478101789706e-06,6.55126025761143e-06,2.15250095016778e-12,4.01564005618538e-06,9.57238553827327e-06,-3190.84430709884,0.0861345467113146,0.0699281780256005,1,0.419307315791468
"linear",1600,"stan",8,5778.807,11994.9771686568,13025.2764013063,52.5768943249265,145.134875249682,12221.8413693275,5083.03339166226,12469.355989336,9011.88792048193,2.07568398955991,2.25397325110639,0.00909822638564093,0.0251150237842658,2.11494195416589,2.15777339325158,0.00145390602200493,0.00140756399921742,1.78707478144211e-07,0.000720823069230889,0.00226691257548725,7.13030315904324e-06,6.89384022657299e-06,3.03264000472713e-12,4.27831196580145e-06,1.08431733639807e-05,-3174.02486565191,0.0801182584193088,0.0621767760595716,0.98875,0.424869664156435
"linear",1600,"stan",90,5719.085,11778.5547780231,12260.2121214185,110.655005664106,162.750575552221,12348.514441222,5121.5296579143,12910.4289094577,6771.36316418122,2.05951734902054,2.14373665042896,0.0193483757741152,0.0284574500208024,2.15917658877635,2.25742910088899,0.00131861279604115,0.00124011333066312,1.52725008308302e-07,0.000662038378081019,0.00212834252770496,6.85683993413607e-06,6.59275944534793e-06,2.58554623052621e-12,4.10021726728199e-06,1.00424278275495e-05,-3168.53736903178,0.0850122592210138,0.0642989688795004,0.979375,0.418930492721143
"linear",1600,"stan",91,5669.958,12418.5285675466,12714.6052347412,136.816058914595,100.998728968397,13263.3706581769,4347.18709721622,13536.1767190029,8792.53080737919,2.19023290252707,2.24245139641972,0.0241299951277584,0.0178129589263972,2.33923613864105,2.38735043875155,0.00144457118973626,0.00138658422553722,1.56528558354517e-07,0.000802343528672857,0.00223211693773848,6.9809769691195e-06,6.75922593265949e-06,2.66818900886443e-12,4.12314927848902e-06,1.03160697550452e-05,-3171.04713081243,0.0988199611402463,0.0771512861341642,0.978125,0.426489950507352
"linear",1600,"stan",92,5816.196,12669.8239520099,12834.9206054536,62.7417564647808,159.999728321073,12470.7789151272,5639.44198978023,13135.8395977607,9445.03511948017,2.17836949649047,2.20675517218705,0.0107874212741078,0.0275093425876763,2.14414695019343,2.25849328285372,0.00136489103053574,0.00131082463448359,1.36169514625779e-07,0.000729152273530062,0.002089595102352,7.01477378232686e-06,6.77156438022488e-06,2.82395615924701e-12,4.18444223303387e-06,1.0377946338554e-05,-3208.23560993806,0.0916523211520674,0.0752503013384237,0.99625,0.421656022735552
"linear",1600,"stan",93,5819.291,9605.84856391817,10376.8553821428,111.783825991995,160.470688828479,11504.1896249533,5582.10506165815,12095.8187453781,8144.28988538598,1.6506905332485,1.78318207186112,0.0192091830417133,0.027575642604654,1.9769057132481,2.07857258648486,0.00133960745664321,0.00128835326158909,1.31965201480921e-07,0.000680721858260487,0.00206226786850623,7.19462267056168e-06,6.90359729620079e-06,3.01306573858199e-12,4.24519380555588e-06,1.06408830963272e-05,-3200.84382421488,0.0795890162181844,0.0646677402798736,0.99875,0.420861041261391
"linear",1600,"stan",94,5764.501,10604.2621122076,10637.3242824318,55.3775809773528,187.384384622925,11803.9653292423,4410.01074652379,12850.6596349628,9914.53746526217,1.83958023638258,1.84531571465281,0.009606656495914,0.0325066097868532,2.04769941565493,2.22927528938981,0.00130090154094514,0.00122531631968258,1.75789401830649e-07,0.00063816230328549,0.00219495759141725,6.73556743429217e-06,6.46416437154009e-06,2.55146406893552e-12,4.1958380494257e-06,9.93455522818274e-06,-3196.0373032907,0.0652874556444353,0.0506195549172622,0.99125,0.417887941437029
"linear",1600,"stan",95,5728.485,10531.614924465,11490.5422651564,92.1492057024201,129.94788140868,11986.057922387,1763.72583160123,12236.8065126628,8849.783907239,1.8384642579085,2.00586058358473,0.0160861389533917,0.0226845110720687,2.09236088117311,2.13613311593951,0.00164406542090113,0.00156383839333581,2.71107236728211e-07,0.000823622233038016,0.00270685013121097,7.55653782603487e-06,7.30397122220566e-06,3.19803955100601e-12,4.425318265399e-06,1.12062414663223e-05,-3188.4266847256,0.0819888354824465,0.0649208611604899,0.99375,0.435821767098966
"linear",1600,"stan",96,5781.596,13768.5148842104,13937.4837728041,98.4887543471503,161.928170957401,13300.1003322579,4030.10135779918,13474.8302079466,8646.84756175509,2.3814384270728,2.41066372897796,0.0170348731296947,0.028007520926298,2.30042021826809,2.33064195560302,0.00150218069571313,0.00142745476377906,1.98486268210056e-07,0.000787653681850668,0.00244928186763151,7.00081980201326e-06,6.78238862421319e-06,2.48531501260168e-12,4.38896757638291e-06,1.02169453785228e-05,-3195.10960038647,0.0814137005680544,0.0643253851483343,0.99125,0.427242517685899
"linear",1600,"stan",97,5739.403,11644.5167107701,12811.2972022286,99.8131333985678,133.778689360361,12717.7322155289,2568.95960761395,12974.8372425731,8293.36887102407,2.02887246474418,2.23216547125695,0.0173908564006688,0.0233088161539381,2.21586325538195,2.26065973108581,0.00156620923979106,0.00149147343240965,2.22260987873418e-07,0.000773342084813128,0.00250501234788178,7.33240960655336e-06,7.10200406661781e-06,3.38750019767095e-12,3.94828010902152e-06,1.09737253954193e-05,-3171.83857926488,0.0932084454885227,0.0724398555681954,0.9775,0.435227510371178
"linear",1600,"stan",98,5662.355,12286.3202511169,12193.6301220015,111.898430461966,158.023510993565,12371.5846470138,2581.72759276452,12672.0701126305,8390.77112808879,2.16982514362255,2.1534556067222,0.0197618182650092,0.0279077364442119,2.18488325917639,2.2379504839648,0.00161514128081015,0.00151791210848543,2.56257604497581e-07,0.00080005605072692,0.00263744181997523,7.00042405634797e-06,6.79282317095283e-06,2.63021375697149e-12,4.07229375344984e-06,1.01025384993458e-05,-3220.68556361062,0.090853267386063,0.0713410489779352,0.98625,0.433596729797577
"linear",1600,"stan",99,5748.336,12450.2660553821,12720.0363459273,114.32031765306,124.19481650904,12650.4246270796,7659.27707186585,13252.9774287889,9967.81174435603,2.16589045166847,2.21282060511552,0.0198875496583811,0.0216053509239962,2.20071071473199,2.30553284094543,0.00120717762078508,0.00116299910705948,1.10773717847116e-07,0.000600357042828195,0.00186074836368476,6.47675077856784e-06,6.23556052249109e-06,2.4309107996524e-12,3.88244373707377e-06,9.72826923539856e-06,-3190.38405633881,0.0768919529670986,0.0648556592418362,0.998125,0.410755880134612
"linear",1600,"stan",9,5764.942,11020.9928844718,12486.5513906156,81.3577347774356,204.509302394083,11963.7534028297,7471.25316267224,12724.3651195223,10191.3804331438,1.91172658536232,2.16594570953456,0.0141124984045695,0.0354746504638006,2.07525997708731,2.2071974218513,0.00117896579034152,0.00112837163662453,1.07503272772729e-07,0.000612547178688265,0.00181709248671233,6.36513652359557e-06,6.16934169265286e-06,1.83337695381972e-12,3.97739074210934e-06,9.00286262549852e-06,-3200.18399427422,0.0630596656519309,0.053539213299036,1,0.40996571740736
"linear",200,"stan",100,292.262,8278.43399070747,7844.21987280863,182.579282460105,232.991907476207,7071.98444273197,1613.6275095368,5034.65120694594,1839.99287599279,28.3253860943519,26.8396845050285,0.624710986923053,0.797202193498323,24.1974134260765,17.2264995344791,0.00779973475104204,0.00642587095656154,2.71766980137239e-05,0.00126454175371777,0.0180430756448558,5.26975805245404e-05,4.3174510422421e-05,1.81594629195445e-09,1.12596199473934e-05,0.000111858732215597,-391.028132272481,0.132192650822652,0.117207182977952,1,0.643048481952777
"linear",200,"stan",101,228.556,7274.66349073558,6258.48329495875,275.340581014997,215.45820551739,8436.48962327585,2071.02485237536,4754.80866488725,1346.92914360523,31.8288012160502,27.3827127485551,1.20469635894484,0.942693280935044,36.9121336708546,20.8036921581024,0.00574678549727165,0.00479828853120697,1.31334437136284e-05,0.00112122741537616,0.01296785572967,5.49407639077135e-05,4.58879057816786e-05,1.1260549847079e-09,1.27320661326102e-05,0.000121398592803948,-393.322265001052,0.150496702579896,0.113192220258251,0.965,0.60530976573735
"linear",200,"stan",102,282.775,7721.51136394221,8403.90630340993,186.803161495363,205.857790376731,9006.28352600762,2728.96088491402,6257.95736367279,1453.16311407434,27.3062023302704,29.719410497427,0.660607060367299,0.727991478655226,31.8496455698263,22.1305184817356,0.00532424459318963,0.00448509641777141,9.90219543266294e-06,0.00120284362110484,0.0117966634738297,5.43983732708416e-05,4.6394418763322e-05,1.07126951127118e-09,1.30573234863259e-05,0.000116663236217783,-390.959110805161,0.138202787674423,0.105347679311817,1,0.595907596659227
"linear",200,"stan",103,295.925,7930.7411309762,6444.50531894103,321.114328437406,274.366909357471,9849.77129449088,5895.49090382994,7053.76806722985,2392.79229952586,26.7998348601038,21.7774953753182,1.08512065029114,0.927150154118344,33.2846879935486,23.8363371368754,0.00457377333824621,0.00405132431107426,5.19923139810187e-06,0.00122704014881019,0.00914027211329147,4.84752438438681e-05,4.12064760712091e-05,8.56309816891299e-10,1.12697457482603e-05,0.000103159286456631,-394.54003520176,0.108533845355509,0.0808781222970545,1,0.562792877230814
"linear",200,"stan",104,290.152,8994.31981618204,8720.40835259493,179.178204829317,264.583735752359,9729.74324226917,2445.5772217755,7156.73147832668,1556.07487510691,30.9986483504578,30.0546208628406,0.617532206668632,0.911879758720805,33.533262711507,24.6654563067864,0.00429114698028088,0.00364776185216048,6.27818973636845e-06,0.000966456641589003,0.00924266701422772,5.02381080265776e-05,4.24703985625378e-05,8.29120159544948e-10,1.37083981360416e-05,0.000107840903763366,-384.620201400588,0.106700167122615,0.0821069403691849,0.995,0.565717552564035
"linear",200,"stan",105,297.077,9941.26057456965,9325.84111344148,251.579419835079,245.466166070454,10197.2839961671,3448.40491472304,7098.65974011353,2740.17263256666,33.4635820833307,31.3919997624908,0.846849200157127,0.82627118918817,34.325390374102,23.8950162419626,0.00422522024118892,0.00368320589201853,5.67421417563605e-06,0.00102902513483218,0.00878445175228311,4.15058157946783e-05,3.59216183236e-05,5.24398342002973e-10,1.04185697560436e-05,8.52340556355253e-05,-404.356004942185,0.0809483690093708,0.0636267670300729,1,0.545981137803362
"linear",200,"stan",106,302.834,9797.34289559507,9238.54567455077,263.235347452033,335.685784548496,9172.08910535005,2301.16214737428,6976.25898058383,2707.29001665193,32.3521893036947,30.5069631367375,0.869239740095343,1.1084811631075,30.2875142994183,23.0365777309808,0.00477793567283062,0.00415199157090925,7.1036021640402e-06,0.00119499802759171,0.0101476579361308,4.01533967614556e-05,3.43383988328462e-05,5.05504205579467e-10,1.16492866307862e-05,8.63252285488698e-05,-397.027808695837,0.106806658575769,0.088968066198932,1,0.561239411595544
"linear",200,"stan",107,235.055,8893.71608049598,7576.9746048741,153.121680924274,301.089197671265,8084.15604544978,2168.5135822396,4987.97387357671,1720.25848013107,37.8367449341472,32.2349007886414,0.651429158810808,1.28093083606503,34.3926146878381,21.2204542493319,0.00602953231622198,0.00498124872292506,1.47724786860525e-05,0.00130837152980174,0.0136385411400399,4.62954931149239e-05,3.83035762073045e-05,9.65485604284012e-10,1.17153522418006e-05,0.000100765612669953,-388.290368820922,0.101864170733398,0.0850032203285019,1,0.602206713529466
"linear",200,"stan",108,286.53,10082.7734617389,10144.6426215153,274.446384127613,313.073758860194,10151.9380055858,7222.04618201516,8791.5170075681,3561.21105883204,35.1892418306596,35.4051674223128,0.957827746231154,1.0926386726004,35.4306285749687,30.6827103883297,0.00364388043680703,0.00324802890928777,3.05723539741805e-06,0.00106340127037244,0.00728888989202115,3.73506238724904e-05,3.24783006989372e-05,4.02513637446663e-10,9.99937181935855e-06,7.44462593369766e-05,-399.861238862308,0.132191251093883,0.096069008011574,0.94,0.538843905877831
"linear",200,"stan",109,282.886,8418.16336233952,7859.2528791457,134.086591896595,230.956526557198,8862.95940043562,1722.57706943668,6097.39767955632,1198.36543318975,29.7581476719934,27.7824030851499,0.473995149624213,0.816429680356037,31.3304985062379,21.5542574731741,0.00464981193530118,0.00392241319910357,8.86177932209032e-06,0.00106722151467993,0.0102153765024767,5.18098927290984e-05,4.32871535944181e-05,1.19438905418315e-09,1.10926652289244e-05,0.000113673297214159,-384.388388633725,0.129296453737054,0.0955797744945539,0.99,0.570400732477216
"linear",200,"stan",10,308.979,8671.00413237139,9123.82794135726,226.774130291359,276.133779865244,9069.53243654071,2842.62425863149,7754.40351179834,2353.21319163869,28.0634092684985,29.5289580889227,0.733946741659979,0.893697564770563,29.3532325385891,25.0968626081331,0.00448647454488707,0.00380848671170475,6.91081623618357e-06,0.00110118964081857,0.00954747719988543,4.05605725873619e-05,3.38748339449477e-05,6.93724818346884e-10,1.0037233326706e-05,8.70086298070662e-05,-403.336984773762,0.113667237581567,0.0996839131797887,0.995,0.555005438198717
"linear",200,"stan",110,248.528,5910.41471037085,4813.75599486783,197.247992704738,283.746037413025,8849.33062951142,4068.62609694423,6394.54422212505,2430.43871084852,23.7816854051489,19.3690690580853,0.79366507075556,1.14170651762789,35.6069763950598,25.7296732043273,0.00436457298326861,0.00379851660410058,5.98364766858196e-06,0.00111057998660196,0.00906759519143809,4.54730236280032e-05,3.91311559930051e-05,6.72321579659027e-10,1.17089876726231e-05,9.51615546566296e-05,-398.02178833112,0.115437469003838,0.0991743076601811,1,0.561578402654106
"linear",200,"stan",111,270.506,8248.64323933886,5667.79062225267,271.828402682792,271.648589396684,8941.26314544826,2619.8896923844,5890.60422161333,1463.96784145465,30.4933836563287,20.9525504877994,1.00488862606667,1.00422389668504,33.053844075356,21.7762423813643,0.00526249660683161,0.00452745539858591,8.20157357451066e-06,0.00135735191919237,0.0110332321414607,4.68196972591905e-05,3.97727548699126e-05,8.1959048941293e-10,1.12231757846638e-05,0.000100577564639384,-395.577566603865,0.119225356486371,0.0988537332882833,1,0.564722513353986
"linear",200,"stan",112,252.142,4936.86964584586,2966.56289428375,223.566177734763,185.020476589416,7925.80405532659,1728.77704352645,5065.01936927691,1398.22106687894,19.5797195463107,11.765445242299,0.886667741727926,0.733794752914689,31.4338906462493,20.0879638032415,0.00592317962264242,0.00501658087869982,1.29079283630912e-05,0.00121595224539124,0.0133688357894543,5.32167555504791e-05,4.5189199554271e-05,1.06394993498345e-09,1.13539640738643e-05,0.000116182845051431,-386.712151567323,0.154910163235229,0.126873885418456,0.99,0.605782416612582
"linear",200,"stan",113,315.252,9172.25369286167,9856.07605871494,256.651234135205,229.273667831696,9660.25263799368,4595.18045181195,6840.39275252206,1917.90683466109,29.0949896998645,31.2641190498869,0.814114531026623,0.727271096873917,30.6429543285805,21.6981740084823,0.00459223559585295,0.00399561303622318,5.82496576741558e-06,0.0012999691603345,0.0095244502492876,4.76340904445342e-05,3.98682042953184e-05,8.06269620901637e-10,1.1484218014144e-05,0.000104190039836017,-385.986428935854,0.113500775026493,0.0916631289895177,1,0.575640271419761
"linear",200,"stan",114,207.883,9099.21669759914,8510.86439402283,227.970133819911,225.863752705337,8999.0219179322,1813.35902125703,5344.05684884006,1650.07123522078,43.7708552291392,40.9406463925517,1.09662711149979,1.08649457966903,43.2888784457228,25.707041214722,0.00562341443740266,0.00483301562328547,1.13735630406154e-05,0.00108182436475011,0.0119395670141793,5.48871960302309e-05,4.73123662075224e-05,9.89698210337962e-10,1.3552201908486e-05,0.000117922256292201,-381.866523719589,0.148205833239786,0.116178230529909,0.97,0.602106804460694
"linear",200,"stan",115,295.835,6877.05511955031,5507.98456403164,161.845927253348,222.236139543661,8271.1914309313,1412.24610648473,4917.56147999161,1003.97509075961,23.2462525379022,18.618434478786,0.547081742367699,0.751216521181271,27.9587994352639,16.6226493822286,0.00697541032596155,0.00558326349011443,2.20619924171973e-05,0.00117328481925428,0.0165573010636314,6.44422785377596e-05,5.27261694783865e-05,1.68900145818127e-09,1.41541127394441e-05,0.000150554564823043,-392.47413078873,0.175456331374468,0.134663589297955,0.94,0.625360082588501
"linear",200,"stan",116,285.229,9319.3708167189,8818.00449803506,251.392989053904,202.67790255293,8999.97629725911,3045.06807196088,6154.28449952049,1986.29984640556,32.6732934474366,30.9155257636322,0.881372472833771,0.71057957834908,31.553510678294,21.5766436776081,0.00492434714899939,0.00414155047212765,8.77130648746184e-06,0.00124923929223451,0.0108773607484065,5.0972865877479e-05,4.37689716370209e-05,7.73643810490315e-10,1.21443043041045e-05,0.000107882847755401,-384.21528325844,0.0905891889487377,0.0699662958477826,0.985,0.57486687199092
"linear",200,"stan",117,294.132,7410.23237009832,6078.74417036103,179.994348358913,222.638979085217,9400.02861296934,2911.77977226106,6474.89862674397,1857.10551561354,25.1935606125764,20.6667216432113,0.611950921215349,0.756935590432925,31.9585377074556,22.0135810681734,0.00493171616795962,0.00418630306008081,8.67338446648506e-06,0.00103819882441522,0.0107562249138483,4.43074594518546e-05,3.73684831002316e-05,6.56290659672398e-10,1.08991356698418e-05,9.52745915983165e-05,-396.98025680506,0.168728780547357,0.143465317189307,0.945,0.570933014090515
"linear",200,"stan",118,306.524,7369.7836352183,6242.66660167517,227.26071607443,279.059710737408,9515.13856985873,2836.55540590715,6695.07122780029,2937.6327599476,24.0430884211947,20.3659961427985,0.741412470391975,0.910400851931358,31.0420670807465,21.8419152425268,0.00545791382258363,0.00474234765166957,9.24354823369982e-06,0.00128103579366735,0.0114790409745404,4.57672952268417e-05,3.94972922596396e-05,6.65305867286327e-10,1.19678345437198e-05,9.50320192161946e-05,-396.751532637233,0.106003345669498,0.0845437089529336,1,0.588756302215741
"linear",200,"stan",119,289.437,7695.06397167216,6057.54281761204,203.807313478096,367.026305252822,9330.49449322907,2833.05997460276,7805.59278978334,2269.01992790767,26.5863174772823,20.9287092445404,0.704150863497397,1.26806975353124,32.2367026096493,26.9681926974898,0.00429357600445348,0.00373238968128028,5.65338852710709e-06,0.000984104294390238,0.00887906852206234,4.65628189653175e-05,4.013508903867e-05,7.22777396049089e-10,1.20012640976577e-05,9.56450815207715e-05,-395.365720585158,0.107279361900964,0.0759885758513468,1,0.563689220291957
"linear",200,"stan",11,365.214,8591.42344463899,8394.48057061977,241.160858249061,239.135267470354,9403.32468445182,4417.13435098544,5864.69676619844,1134.48358081107,23.5243540626564,22.985100709775,0.660327529199485,0.65478121723251,25.7474376241103,16.0582474006978,0.00463270191670116,0.00391805745079459,7.49490431613949e-06,0.00107580035139114,0.00995246218429273,5.17925869697785e-05,4.37660529672051e-05,1.20534823032246e-09,1.09206375117426e-05,0.000111223736713986,-375.138541234389,0.179690014569132,0.148146775950428,0.93,0.591686668244416
"linear",200,"stan",120,286.084,10177.7933058564,9928.9495531313,270.534347151489,176.524583915347,9521.75700377241,3642.25016378621,7012.24649069358,2691.63650974186,35.5762409147535,34.7064133371013,0.945646548396587,0.617037597053127,33.2830812061227,24.5111452954153,0.00462268941773397,0.00396394409966564,6.603696969962e-06,0.00119121285441642,0.00983077420200656,4.03246698858713e-05,3.44285399194755e-05,5.02438965154089e-10,1.02651622468222e-05,8.61425400851591e-05,-392.145241955025,0.108287405272389,0.0879837364892788,1,0.567513040386916
"linear",200,"stan",121,292.742,8587.64712067095,7669.49513241192,245.199381647679,238.367380096488,9613.71819389307,4139.48729583457,6799.61612068881,1387.18499250436,29.3352068397119,26.1988205737883,0.837595499271301,0.81425753768331,32.8402422402425,23.2273336955026,0.00497138006599258,0.00439243503927735,6.94845584676812e-06,0.00117151839462116,0.0101450617153572,4.54029072601707e-05,3.9370474539893e-05,5.86964644223106e-10,1.07453751089577e-05,9.24737176471848e-05,-387.853303068547,0.0868312653365426,0.0665196657157405,1,0.576643478184573
"linear",200,"stan",122,307.343,9583.99719845378,9333.72215847831,246.421037585657,209.294929912901,9580.00904935407,3580.95514416866,6452.30803133263,2854.47979679777,31.1833918405618,30.3690735057519,0.801778591299159,0.680981606585806,31.1704156247387,20.9938343522795,0.00465435292383736,0.00400977278297933,7.09321385997279e-06,0.00118676730392766,0.0101812957292286,4.06717720247667e-05,3.49265693745111e-05,5.24969858677171e-10,9.46361169041261e-06,8.29094061029779e-05,-384.986980740805,0.0751465565832074,0.0639954758525013,1,0.561486950791922
"linear",200,"stan",123,313.93,8482.45923423695,9218.26335341827,245.605917591642,227.211985129513,9896.36922728193,1689.3611698672,7168.80122723518,2358.00764892702,27.0202249999584,29.3640727341072,0.7823588621401,0.723766397380032,31.5241271215938,22.8356679107928,0.00433668257396373,0.00374436023049084,5.75377395091822e-06,0.00114565293161389,0.00918221388016858,3.90791767372028e-05,3.30747355632045e-05,4.99922357984001e-10,9.70744197865676e-06,8.49328441819423e-05,-390.770257146791,0.121955038734404,0.0868372953429565,0.935,0.551047066800765
"linear",200,"stan",124,334.747,7955.0059722991,7733.92421704685,220.744249849936,190.367570365015,8897.78331206954,2872.69036733544,4865.75957472924,1356.75782273644,23.7642338013458,23.1037894799561,0.659436081129737,0.568690893017756,26.5806215203409,14.5356331041929,0.00602325171832545,0.00520112396412632,1.14469803243432e-05,0.00140082534859235,0.0126525646434559,4.73033805976436e-05,4.01630258392009e-05,7.59074716866021e-10,1.06789319860853e-05,0.000105047352156667,-400.966207237555,0.100241936918763,0.0845137351175456,1,0.589768248284309
"linear",200,"stan",125,269.571,9017.4321603691,8946.07516764139,233.080135267212,224.694974525705,9477.87981464017,3258.36367860825,6910.7117238522,3683.18142953895,33.4510468869763,33.1863411407065,0.864633566916368,0.833527992720673,35.1591225118435,25.635961300927,0.00444591337788186,0.00391195223379988,5.62842968823936e-06,0.00119514246399164,0.00947714559507499,3.81937992648671e-05,3.29919590496452e-05,4.5088236678074e-10,1.07435720089125e-05,7.58741708384698e-05,-405.133710918161,0.130429210605492,0.102390815555308,0.975,0.555273993390706
"linear",200,"stan",126,300.469,4414.05409092394,4353.53121965036,204.208486572835,290.537425830621,9195.12756761259,2860.11535265171,6832.49624640469,2393.47916390446,14.690547413956,14.4891194088254,0.679632463158711,0.966946426521942,30.602583186993,22.7394381663489,0.00476942104000284,0.00399509614449686,8.37250198666675e-06,0.00124705156266768,0.0105233802698319,4.1942908289907e-05,3.57869188767451e-05,5.29115515869467e-10,1.01290217541775e-05,8.88563887511584e-05,-395.635506383223,0.117527770493684,0.081968180017739,0.96,0.578708581809227
"linear",200,"stan",127,388.296,8371.79438037036,8192.33575651088,153.713731701638,248.105613677326,8396.12417173388,2089.01123682717,4806.02026751709,1941.43627207916,21.5603415445185,21.0981719011035,0.395867409660769,0.638960003907653,21.6229993915309,12.3772077680869,0.00617865308755558,0.005251568644319,1.34404992273241e-05,0.00137949855906153,0.0134787428721715,4.64526281119232e-05,3.96856276765756e-05,7.54545972748937e-10,1.14750198477128e-05,0.000101791191709796,-412.866703387389,0.127392233603998,0.106565116486372,1,0.599610180242261
"linear",200,"stan",128,325.665,7615.47220847969,5088.81039721831,256.620545962033,192.07744599496,9416.81725794214,3234.10430770247,6064.84292600679,1431.1040409033,23.3843741528248,15.6259051393865,0.787989332479796,0.589800703161103,28.9156564504695,18.6229497367135,0.00477868812388147,0.0040348645129802,7.65131921021685e-06,0.00114833923544622,0.0102488462750766,4.66026996187491e-05,3.89825441813407e-05,7.26373051827819e-10,1.26145634360314e-05,0.000102289774085055,-400.441963604873,0.0698588316791337,0.0555955374289395,1,0.572090189694637
"linear",200,"stan",129,309.32,7917.09851576758,6999.59404013187,264.030561525393,253.571243171895,9741.70150671998,2882.3947810201,7662.42648755602,2061.3853277127,25.5951717178572,22.6289733613471,0.853583866304775,0.819769957234886,31.4939270228888,24.7718430349024,0.00377214325849089,0.00334006384436455,3.66560513033797e-06,0.00111426322745142,0.00764683307172402,4.68490112556897e-05,3.98720712743511e-05,7.44606222901539e-10,1.09548527065299e-05,9.9922296971444e-05,-377.699324242685,0.0922243000950954,0.0748845427697763,1,0.551156745736783
"linear",200,"stan",12,261.347,8632.80731885749,8199.71874199904,260.057509096096,244.722818413279,8726.87148291243,1942.71321830857,5673.363581447,1334.72500696886,33.0319740378022,31.3748340022998,0.995065981611022,0.936390386778036,33.3918946186963,21.7081641704209,0.0053764407371061,0.00455325947270863,9.69925653597827e-06,0.00124571194020532,0.0117208577108016,5.04161942366962e-05,4.19698659393813e-05,1.21631559925619e-09,1.19144177021105e-05,0.000109162979300469,-381.884157558165,0.115176282895209,0.0942438356102983,1,0.591979295974037
"linear",200,"stan",130,324.355,8938.29266087624,8635.5445376165,187.955740217436,164.328559404955,9301.67792590567,2393.09246918941,5887.77869940498,1373.35169309063,27.557129259226,26.6237441618489,0.579475390289764,0.50663180590697,28.6774611950045,18.1522674212051,0.00543859405745345,0.00467735537564867,1.04077034678103e-05,0.00116278445533502,0.0115752229338448,5.03940032475478e-05,4.24079650888791e-05,9.80748421549744e-10,1.07922672283242e-05,0.000107573024746541,-392.531901002809,0.124733336821743,0.0942428845410293,1,0.597024181629216
"linear",200,"stan",131,276.611,6009.4255025322,5449.1208808841,217.821815280327,226.807195644423,8780.619686527,2302.03214232246,6616.94799078024,2184.48158595982,21.725186281573,19.6995812924435,0.787466208069552,0.819950022393988,31.7435665484272,23.9214926043442,0.0049522771080238,0.00428002530651509,8.36206373696393e-06,0.00102450291275479,0.0105191790659622,4.97161767047467e-05,4.19381185883465e-05,9.30630094692476e-10,1.15510000782561e-05,0.000108928749328288,-395.772720451347,0.11673200449493,0.0898061131315086,1,0.578700207273035
"linear",200,"stan",132,306.775,9567.04359357979,8917.13731723836,335.823929316423,305.879254818135,10067.4271790617,4085.21627825987,7605.53199076714,2577.6549739119,31.1858645377876,29.0673533281342,1.09469131877247,0.997080123276458,32.8169739354957,24.7918897914339,0.00398334014467355,0.00358722053346516,3.86635230338908e-06,0.0011343693489567,0.00784275817378601,4.22590614665469e-05,3.61147147568668e-05,6.00490268562961e-10,1.15503030021798e-05,9.08606471416006e-05,-384.709589638249,0.109536611014288,0.0894156916515397,1,0.555826853838331
"linear",200,"stan",133,259.124,9142.56555489982,8150.84644223362,239.42692022321,253.021232851594,9270.10087264084,2831.63117944665,6462.10127596512,2528.38639780585,35.2825888566857,31.4553898605826,0.923985891786209,0.976448468114083,35.7747675732114,24.9382584244035,0.00473830857368854,0.00395964220479759,8.98427126799126e-06,0.00101065492926138,0.0102385539830572,4.05992125042874e-05,3.54653803651682e-05,4.32798556126024e-10,1.11989422125103e-05,8.2718995324421e-05,-418.843615104726,0.116623774368114,0.0821613873289054,0.96,0.557482510873492
"linear",200,"stan",134,282.689,8996.39155492836,9153.5643777349,206.191363877388,229.223582687618,9495.51181493252,3773.57817921612,7597.65055880146,4251.48856568295,31.8243424927336,32.3803344938604,0.729392950830729,0.810868419668322,33.5899586292092,26.8763572647024,0.00449006970288141,0.00381034713647566,6.66212655989967e-06,0.00117014540060265,0.00952486929863672,4.07288053136906e-05,3.44351578287892e-05,5.66085970337507e-10,1.09427461509421e-05,8.73294594590282e-05,-399.643975175699,0.0783440397613904,0.0667884478024563,1,0.561572287424524
"linear",200,"stan",135,262.447,8154.67779589387,8704.01192731544,287.679809171633,297.849207007476,9077.53913556776,4054.04551574965,6924.04758739388,2708.71867677949,31.0717127492174,33.1648368139679,1.09614439933256,1.13489278600051,34.5880849678897,26.3826509253064,0.00443781159642752,0.0038275918188712,6.56928332705521e-06,0.00114614446074419,0.0093249125201531,4.13184238987979e-05,3.51394073885859e-05,5.52268793100539e-10,1.0800355376819e-05,8.98007753114151e-05,-397.999072084875,0.108241212858659,0.0909862666835682,1,0.562042973870096
"linear",200,"stan",136,181.844,8475.16867964162,6972.90147087355,149.513017400263,189.013881107553,8696.67030677368,1445.12366081821,5135.18695233995,1868.36203632507,46.6068095710698,38.3455130269547,0.822204842613794,1.03942874720944,47.8248955520869,28.2395182262816,0.00660738908633128,0.00561777516522066,1.568906707288e-05,0.00116916919129647,0.0144108481290739,5.09483610923036e-05,4.10955127048331e-05,1.20563669201717e-09,1.09781075020589e-05,0.00011627707054624,-402.559837706588,0.0870016084257939,0.0710860770570247,1,0.604431535894994
"linear",200,"stan",137,286.562,8236.68662850593,8181.28903002996,284.208464615958,316.689794878302,10059.2509128509,5885.93565641047,8375.63290778879,3825.92547837035,28.7431223557413,28.549804335641,0.991786994144228,1.10513534550395,35.1032269207044,29.2279957139774,0.00378898524966159,0.00338784522988904,3.379487979631e-06,0.00109740058520762,0.00754028787492681,3.619344748599e-05,3.18924091388698e-05,3.56516525849439e-10,1.07743359980752e-05,7.24721955159607e-05,-404.33889049427,0.181325317732613,0.141197248251402,0.905,0.532065005716311
"linear",200,"stan",138,299.493,6639.67351910745,5129.40737179038,345.893048969033,308.448965319019,10465.9441652339,5174.2315014425,8050.78650995169,2860.21398488254,22.1697118767632,17.1269691504989,1.15492865933105,1.02990375507614,34.9455385108629,26.8813845731009,0.00405264239406659,0.00356366579420668,4.42722044875682e-06,0.000992337939642834,0.00801096937591928,4.12503695298372e-05,3.61864096446969e-05,4.9344615064331e-10,1.07451063384005e-05,8.11511392120506e-05,-401.968136073942,0.131487132171918,0.105099926398107,0.975,0.545473236499144
"linear",200,"stan",139,357.139,6783.05525049688,6266.12619076252,308.656425568185,235.772281219561,9368.37953334784,6015.93839950632,6905.32133620579,3389.73453224595,18.9927598231974,17.5453428238376,0.864247325462033,0.660169517245557,26.2317459962307,19.3351085605487,0.00369474403828089,0.00323153895653391,3.79696437208511e-06,0.00104899941522209,0.00739909431600618,4.41947016682503e-05,3.7322680487518e-05,6.13792687716761e-10,1.20069430082827e-05,9.40853804016334e-05,-404.464163888011,0.130476952219607,0.104523871399417,0.96,0.53770291495543
"linear",200,"stan",13,314.919,9851.28653337858,10122.270142835,306.645690707867,335.484049776877,9498.96667820496,3675.64646720615,7738.67088134098,2646.88717878827,31.2819694377874,32.1424561326403,0.97372877059773,1.06530266442126,30.1632060250571,24.5735280543282,0.00399306907020528,0.00346237098337913,4.26484773282978e-06,0.00112594444336594,0.00814180284822129,3.91749801169257e-05,3.45051357480254e-05,3.94761766592842e-10,1.20411302052942e-05,7.7419065141459e-05,-378.901169512634,0.0708112898816128,0.0565367977781604,1,0.548969021127398
"linear",200,"stan",140,283.337,9511.82764733123,10475.5334352511,241.279746065831,305.426218548599,9149.92835740065,4131.5494827193,6809.60601533924,2323.30977983664,33.5707219577084,36.9719924868657,0.851564554102822,1.07796093891232,32.293446875631,24.0335925605877,0.00404468758485119,0.0035806353730769,4.03411178693646e-06,0.00119522448562785,0.00814948166668794,4.80808009757849e-05,4.12477600285628e-05,7.98776228021393e-10,1.22555841542438e-05,0.000101329335927458,-381.818326548118,0.133614047750147,0.1079941167542,0.965,0.559165883845501
"linear",200,"stan",141,353.44,5891.74994752703,4922.32108243608,267.569880620168,294.625884980971,9642.41716633392,4009.41393470792,7174.53845167745,3276.31384493261,16.669731630622,13.9268930580468,0.757044705240401,0.833595192906776,27.2816239427737,20.2991694535917,0.00441319765837008,0.00377630457259436,7.07406951824708e-06,0.00100997857419033,0.00934754086205049,4.3758198939818e-05,3.79127899702242e-05,5.47499997785794e-10,1.13633278781384e-05,9.02782379689294e-05,-399.982834198293,0.109195030595645,0.082425990862652,1,0.564237784114831
"linear",200,"stan",142,331.728,7994.6574754191,6388.31388854142,267.399781172798,255.374396917149,9609.47370079796,3977.1784598443,6877.02074953599,2743.98229894208,24.100038210278,19.2576866846978,0.80608143169343,0.769830695380398,28.9679306564353,20.7309022739593,0.00420756884513582,0.0036881641004974,4.74548757838223e-06,0.00111189914921334,0.00849901568363897,4.9254043344986e-05,4.10862084044416e-05,9.17978321146299e-10,1.20808915614285e-05,0.000110849735489284,-387.389485643727,0.109529909559202,0.0927746842297615,1,0.566006573324183
"linear",200,"stan",143,264.759,6917.21934609472,7861.49090446567,243.500427497385,225.252756069975,8273.93587273422,2694.3651189783,5436.63893463652,1090.21686581625,26.1264748170779,29.6930072423059,0.9197059495518,0.850784132248479,31.2508200768783,20.5342932049015,0.00552705399751143,0.0046949077408101,1.10098824817835e-05,0.00108733475698749,0.0123278776191956,4.74684844444229e-05,4.12065085961485e-05,6.91921006281381e-10,1.2798412277213e-05,9.73642235825716e-05,-394.110781390014,0.123834777609161,0.101606926520942,1,0.591079414388772
"linear",200,"stan",144,333.216,8007.4448279533,7174.03109290051,249.076621166024,235.189687901455,9435.00477661107,4768.54186647505,7155.39122047296,3129.15472267229,24.0307933231096,21.5296717231481,0.747492981027393,0.705817511468403,28.3149812032167,21.4737324152291,0.00479750195880354,0.00406096518733976,7.66268925519991e-06,0.00113717749609979,0.0105096185686052,4.57285341077017e-05,3.98552836212149e-05,6.34820195111644e-10,1.08195188788095e-05,9.32478045307556e-05,-404.377908433687,0.106014286493492,0.090507945441802,1,0.572497326379519
"linear",200,"stan",145,316.647,7595.25191178615,8851.785329028,315.169725016966,282.944975932549,9317.39662771912,4263.81665298292,7308.61639514445,2099.56563548061,23.9864957248487,27.9547424388294,0.99533463136226,0.893565945461505,29.4251852306168,23.0812747164649,0.00388638010057962,0.0033812573022317,4.43168689532413e-06,0.00107545276502934,0.00800034070814401,4.29873835203471e-05,3.51639483901843e-05,9.37215224021434e-10,1.03135468063942e-05,9.37992131762855e-05,-398.842205076494,0.0971153691412579,0.0804827132378673,1,0.543022165365645
"linear",200,"stan",146,313.807,8559.10632140316,7888.92894957846,160.404209991307,194.164713785002,8165.61766596713,2075.04802249204,6374.22921122625,2090.97665712673,27.2750649966481,25.1394294887573,0.51115561472914,0.61873926899337,26.0211456913553,20.3125781490733,0.00590999031617429,0.00480494790629754,1.54296802081821e-05,0.000981276829518175,0.0135797136620542,4.11936088643542e-05,3.54198135234624e-05,5.3346320636909e-10,1.20307251284486e-05,8.84519307800693e-05,-407.879191069855,0.113913424728436,0.0872931422684449,1,0.590030368725572
"linear",200,"stan",147,344.242,7787.43955058002,7350.60875151552,162.583967949436,213.77885170253,9560.71115963947,3560.18254490174,7099.51865417872,2693.22330668229,22.6219913624137,21.3530270899992,0.47229555937229,0.621013274680398,27.7732268568027,20.6236271407287,0.00466435600085491,0.0039871715167889,7.28228447458628e-06,0.00113927285269307,0.0100894575767176,4.07319450971568e-05,3.54919789730151e-05,4.7658001501112e-10,1.13983009577902e-05,8.41349585040062e-05,-405.684541496132,0.0987632845382544,0.0840167911457503,1,0.55797815124032
"linear",200,"stan",148,332.923,9396.95695677326,9390.54733489708,293.88853135345,262.487299658231,10278.8359699781,5431.37815428824,7911.22344165147,2239.5365256599,28.2256166043597,28.206364038823,0.882752262094988,0.78843245933213,30.8745144372064,23.7629224825304,0.00387040966160361,0.00337912177635697,4.3488677045447e-06,0.00100372960766673,0.0078396381996904,4.31375156524072e-05,3.59912724055754e-05,7.24501300264326e-10,9.88832796557357e-06,9.41564685877017e-05,-385.890480970235,0.0860882694460038,0.0686784085603155,1,0.551539271094774
"linear",200,"stan",149,348.526,9241.40528109078,8907.54886777077,312.138139461477,275.326770023708,9950.71458630803,2092.33391359906,7381.00986042816,2509.89512980444,26.515683998011,25.5577743633783,0.895594989933253,0.789974836952502,28.5508529817231,21.1777883441355,0.00431599154436288,0.00369425422099025,5.78093893543786e-06,0.00096929598819882,0.00917295539525321,4.1155542316543e-05,3.50014827510134e-05,5.58444946345289e-10,9.16004127866201e-06,8.67871264981255e-05,-393.021669127086,0.148915881313011,0.113688311945216,0.92,0.555159361424482
"linear",200,"stan",14,342.595,5056.79809760386,2843.55605432529,225.042482451673,149.075158786778,8604.98811052404,2679.12091154072,4848.34180892419,814.716169472032,14.7602799153632,8.30005123929213,0.656876143702252,0.43513524361645,25.1170860944382,14.1518171862525,0.00726245738859959,0.00640230035098615,1.7577346575007e-05,0.00121492437342515,0.0154317140066023,5.74486455131676e-05,4.58751490587659e-05,1.74646472058887e-09,1.04376481634544e-05,0.000137167629079764,-402.3856825076,0.152431491132277,0.12634794976068,0.99,0.622341640330523
"linear",200,"stan",150,318.399,8379.76647032465,8470.94085789659,228.195266795589,300.84280965374,8426.46808815252,2971.90380721506,5643.27789117698,1480.65678522776,26.3184446883459,26.6047973074557,0.716695928051248,0.944861038048925,26.465121084402,17.7239183891186,0.00566276284282797,0.00464771970830569,1.52121326408683e-05,0.00102823879285557,0.0129440059990266,4.49214099773517e-05,3.84835302314074e-05,6.37422711701442e-10,1.16392537066577e-05,9.43608283926934e-05,-382.233944901458,0.118548968548151,0.097977073300964,1,0.596609402103869
"linear",200,"stan",151,327.475,4577.16154702474,6205.36153180058,200.414164515899,202.631211067374,8569.74639320058,1854.53863529989,5249.45314644626,1358.5865893966,13.9771327491404,18.949115296742,0.611998364809218,0.618768489403387,26.1691622053609,16.0300882401596,0.00570835209163885,0.00470357024029427,1.34967576040955e-05,0.00121768555858334,0.013463137605337,4.57138035838194e-05,3.85074539387829e-05,7.78068506256462e-10,1.17357312734026e-05,9.73062720138261e-05,-403.317716208635,0.0788788431902442,0.064767228618162,0.995,0.583202705706339
"linear",200,"stan",152,304.964,8814.8835595619,9655.6186797855,241.632033025617,273.568376969967,9199.97195991383,3323.1963199032,7129.27608097258,2269.08044843978,28.9046692710022,31.6615032586977,0.792329694736483,0.897051379736516,30.1674032341976,23.3774349791207,0.00458214116404734,0.00397870648481057,6.50027657927253e-06,0.00103699585077056,0.00961916284636424,4.32442885916478e-05,3.73201424027487e-05,6.18121105467333e-10,1.05592991323973e-05,9.0856086352208e-05,-395.820046904614,0.105510491123283,0.0880824687952739,1,0.572674137931031
"linear",200,"stan",153,244.402,6762.77171341073,6982.89910516812,359.135825158402,300.223945611853,9247.85840498533,4010.0953863757,7054.41175556581,2294.0997353987,27.6706889199382,28.5713664584092,1.46944716147332,1.22840216369691,37.8387181978271,28.8639690164803,0.00423320650111789,0.00375912860248916,4.57976197983365e-06,0.00118392327937942,0.00851048281575234,5.73962936463097e-05,5.09815928492008e-05,8.78296146979853e-10,1.50133636477141e-05,0.000115181172359373,-393.248074933403,0.16100812234767,0.125837966309274,1,0.579369438498627
"linear",200,"stan",154,304.222,8113.96305397374,8625.51803445059,348.134187787386,236.832408795008,9554.83805836308,6361.68143163665,7023.25064128392,1956.6077177801,26.6711909525733,28.3527096477263,1.14434257807583,0.778485477036533,31.4074526443291,23.0859393511446,0.00386815488661674,0.00343698223993311,3.54204270945167e-06,0.00115062229706597,0.00761196126507198,4.08135973293828e-05,3.53796426936997e-05,5.21176258890044e-10,9.21426637638416e-06,8.65412597626051e-05,-389.283284214183,0.108959642133339,0.0901161515867629,1,0.555929927242108
"linear",200,"stan",155,279.525,9420.6861143803,8436.00145993491,289.727641432953,188.618539013754,8505.87757829502,2261.13819067224,5492.46445444881,1809.77242880546,33.7024814037396,30.1797744743222,1.03649992463269,0.674782359408833,30.4297561158931,19.6492780769119,0.00534685052392491,0.00478409316374189,7.64612978337899e-06,0.00116853288697607,0.0108965871090988,5.11203317866496e-05,4.24941459978064e-05,1.13637640962177e-09,9.63147338438091e-06,0.000109813976944505,-379.777753260998,0.132561479909108,0.110975299285589,1,0.594021505816898
"linear",200,"stan",156,339.442,8283.28241287936,9286.56556312046,269.085118460908,265.188608607619,9825.2401367331,2551.84006802093,7173.58732965393,2986.85718935077,24.402644377771,27.3583279709655,0.792727825257062,0.781248662827874,28.9452694031178,21.1334700174225,0.00437128738793455,0.00381319417846503,5.23186793902434e-06,0.00121232385695061,0.00895161496472725,4.33369930163298e-05,3.67937206914284e-05,7.27607332227226e-10,9.78316470547661e-06,9.21860430459287e-05,-405.939804825017,0.0677202303658514,0.0541332920680206,1,0.557673432898477
"linear",200,"stan",157,333.247,9430.3199710248,9856.30569992221,282.048643019965,331.993262314079,9930.40239110452,5468.39076646239,7940.50029471024,3633.80056724652,28.2982891699694,29.5765774333219,0.84636513763054,0.996237812535685,29.7989250949131,23.8276722512438,0.00415525372436251,0.00362008534854327,4.93366130554782e-06,0.00117370854992114,0.00855932755926643,3.70667234987416e-05,3.2468562570009e-05,4.23256118998925e-10,1.05668293554381e-05,7.57195645110495e-05,-395.307821498605,0.137436959440741,0.113874024155789,0.95,0.555858121008009
"linear",200,"stan",158,319.612,8051.69017598505,9678.2627297972,349.310032043918,292.736824989859,10131.7162507156,7428.84616403072,8269.63219204916,3323.33837316278,25.1920771935505,30.2812870912144,1.09291901444226,0.915913122754648,31.7000495936184,25.8739727921641,0.00374344486047103,0.00328889176347596,3.66762538421324e-06,0.00108649151731472,0.00740974835634667,4.03646199501408e-05,3.49444976350631e-05,4.7038010466321e-10,1.18123076836211e-05,8.38201319702006e-05,-402.296800162282,0.110635132132928,0.0842512631573723,0.995,0.54402839610483
"linear",200,"stan",159,292.318,6843.84828790208,7868.63117921265,223.749546906345,324.646885403597,9074.81229051824,4639.42260421764,6463.23707639115,2069.87726617323,23.4123396024264,26.9180521870451,0.765431984709614,1.11059491855991,31.0443157469545,22.1102945298994,0.00464150134902927,0.00393676620096768,7.32994756611788e-06,0.000969200421564316,0.00991065990690475,4.67150388708884e-05,4.04043900868554e-05,6.5852233594544e-10,1.21642611362842e-05,9.50906711670007e-05,-409.296270606513,0.11992337246339,0.0966266821223951,1,0.561850229390594
"linear",200,"stan",15,337.87,9243.25472073526,9382.54395630266,286.72260385092,197.838713946684,9413.83887596707,4362.0925884711,7387.89141064684,2350.7949047096,27.3574295460836,27.7696864365071,0.848618118953799,0.585546849222138,27.8623105808952,21.8660769249914,0.00428140490532438,0.00375547338244673,5.23621643498891e-06,0.00107679626874021,0.00892862428026419,4.50059106055585e-05,3.80154481485084e-05,7.23862736063183e-10,1.03770076077639e-05,9.83521784750928e-05,-375.57444864163,0.0898146231732925,0.0743564081302395,1,0.558501906515049
"linear",200,"stan",160,311.615,9045.10572074947,8894.33634694867,237.252615406008,231.850717153079,9049.12324556596,3244.12443333514,6980.82378633097,1533.53628919931,29.0265414718466,28.5427092628682,0.761364553715346,0.74402938611132,29.0394340630777,22.4020788034304,0.00479714214350627,0.00411480326066271,7.33545184499996e-06,0.00124261864101947,0.00996348683042167,4.61925122824788e-05,3.90626682241291e-05,7.78307161195636e-10,1.12643691698622e-05,9.84629339656442e-05,-381.551775647925,0.0939978792888622,0.0644121432794777,1,0.571374800003487
"linear",200,"stan",161,343.783,7821.29537592868,7887.14434152155,174.589329161138,280.225644454071,9981.35502788008,5921.30220601115,8058.74972674384,3258.39640166932,22.7506752106087,22.942217449733,0.507847476929161,0.815123622907681,29.0338819193505,23.4413851957306,0.00379707422373922,0.00338022182370169,3.49591911113105e-06,0.00108612439808197,0.00742276011296222,4.19660648182971e-05,3.43325386308344e-05,8.17252727568662e-10,1.08858471193027e-05,9.29066019988838e-05,-386.549819581934,0.138301385978128,0.124955694114223,0.955,0.536718149836888
"linear",200,"stan",162,298.547,9013.89247825062,8332.09977490678,239.712376509626,211.68562802448,8933.09457308535,2879.52032861603,6791.77934785221,1443.90764508967,30.1925408001106,27.9088377203817,0.802930113213754,0.70905293982013,29.9219036636957,22.7494476509635,0.00470222149672923,0.00400409951011995,6.71360291420923e-06,0.00108316444064266,0.00991705276839109,4.20741833999143e-05,3.54198358196453e-05,6.29725606700281e-10,9.20068555145091e-06,9.07074230418764e-05,-395.310884387033,0.144784331923973,0.101821834377478,0.935,0.561876636410744
"linear",200,"stan",163,320.051,8751.35265952192,7160.94464279111,292.479001149481,285.441478903831,9462.3802089638,3177.70805973252,6877.5368735696,2306.03902012932,27.3436191717005,22.374386090939,0.91385123355178,0.891862480991563,29.565226195087,21.4888779399833,0.00393542995294097,0.00343805685673669,4.76531215348822e-06,0.0011250806439251,0.00799069678123625,4.33250007320355e-05,3.83566394043226e-05,5.190520346476e-10,1.16714604948327e-05,8.98315194611079e-05,-393.978908694337,0.093695444494985,0.0801013308276811,1,0.557383906731838
"linear",200,"stan",164,241.574,7339.17475493357,5462.90644688968,201.97786448743,301.392694838643,8935.15740078917,2537.7891341285,5694.86908083064,2597.08309848827,30.3806483931779,22.6138013481984,0.83609107142089,1.24762058350088,36.9872478031128,23.5740149222625,0.0051624179498627,0.00422291709485824,1.18655884528584e-05,0.000966381634876425,0.0117212990718878,4.68291148472063e-05,4.00894294079005e-05,7.15412161211904e-10,1.27479503763709e-05,9.84505894811307e-05,-406.282369017336,0.139721210027406,0.114608956382598,1,0.593272677045195
"linear",200,"stan",165,331.704,6823.39583575003,4623.77108135052,311.759066302325,254.710760160931,9746.20025453345,4465.58257939362,7469.3708248341,2230.69260259335,20.5707372710309,13.9394492720935,0.939871289771378,0.767885705812806,29.3822210601423,22.5181813449162,0.00422942370204482,0.00374720274282786,4.79074788911617e-06,0.00120657062043726,0.00838791152042087,4.76951829739615e-05,4.07638919743664e-05,7.94348110781595e-10,1.20099664833719e-05,0.0001014303648317,-391.353050621039,0.131762780246395,0.106991276247572,0.995,0.566257063796831
"linear",200,"stan",166,372.257,9175.71227064909,7513.37033068044,178.78038278096,249.320785474595,9356.65425287682,1626.57369043711,6081.25354414058,1925.14358009349,24.6488642809916,20.183288240867,0.480260633865745,0.669754458545023,25.134931654413,16.3361697540693,0.00521312872808754,0.00447247746732967,9.73529985058973e-06,0.00107129921479716,0.0115208576528018,4.29199671623237e-05,3.70821050303671e-05,5.5164828726636e-10,1.14856714083496e-05,9.05211804175803e-05,-393.636716020209,0.103774357347676,0.07950030696713,1,0.579234035197055
"linear",200,"stan",167,255.999,6731.85572275581,5397.26157035953,259.434664092002,161.458636231027,8437.44156443533,2306.26352716506,5465.47051676429,1050.40041635558,26.2964141373826,21.0831353652144,1.01342061528366,0.630700261450345,32.9588848567195,21.349577602898,0.00531036893016321,0.00433506206081005,1.3142589229123e-05,0.00115697499270754,0.0120180930430905,5.8789095778288e-05,4.97528926110507e-05,1.24678362962792e-09,1.34483802947629e-05,0.000127255643078738,-394.811137626271,0.144823650757404,0.122475807862344,1,0.596403920807575
"linear",200,"stan",168,301.753,8057.27304236405,8579.9217599639,302.181181200865,193.413076613,9443.20933667402,6213.19513082684,7281.26116908276,1789.12346603803,26.7015507463523,28.4335922425424,1.00141897910166,0.640964883905048,31.2945002590663,24.1298716800919,0.00394790823019934,0.00352765329406949,3.80638306587592e-06,0.00111594648802766,0.00782236737324921,4.85838776194193e-05,4.2856312860988e-05,5.90169875470316e-10,1.33399620866121e-05,9.61047695691841e-05,-387.712864884573,0.126261869087285,0.100002661844064,1,0.557822022329464
"linear",200,"stan",169,325.581,7732.21544696083,4958.16946887655,200.180410000846,259.332053771617,8878.31834137924,1409.81048665724,6075.4967938678,1369.43905705991,23.7489762822795,15.2286818606631,0.614840577309014,0.796520846645282,27.2691537324943,18.660477097459,0.00560907820953982,0.00457084378298564,1.38938600730873e-05,0.0010812710009216,0.0128786447816475,5.34742155054897e-05,4.56238481189786e-05,1.0581691714821e-09,1.37409955704185e-05,0.000112162549199939,-391.646284397021,0.131459187435232,0.102622350480259,1,0.601319426848673
"linear",200,"stan",16,310.163,8534.49213560455,9039.50249384099,231.461679455504,289.140633353796,8797.78381177851,3670.60579391657,6782.99361776817,1654.9188683162,27.5161516222262,29.1443611708714,0.746258191517053,0.932221552389536,28.3650332624411,21.8691256460899,0.00473541679062795,0.00405021020750561,7.46346342063922e-06,0.00102045030882594,0.0101043167903933,4.56704230225741e-05,3.9449021283049e-05,6.23729929330761e-10,1.24713151533508e-05,9.62096747373808e-05,-394.925417874199,0.104606496206876,0.0865164977614859,1,0.566324840149749
"linear",200,"stan",170,353.987,9150.69533451945,9254.94098347297,273.938864511061,331.923869145138,9892.06188050317,5265.29497961629,7206.55453648342,3678.02084919311,25.8503711563404,26.1448612052786,0.773867019159067,0.937672482732807,27.9447038464779,20.3582463098459,0.00444848854035554,0.00389477473691656,5.84712246529772e-06,0.00115970657771299,0.00922571569848532,3.96983929417728e-05,3.48585344090161e-05,4.26667869866647e-10,1.1042706187173e-05,7.83913151505114e-05,-393.5977781544,0.0814878130154536,0.0694987188993004,1,0.563775267529763
"linear",200,"stan",171,290.024,8173.64917854058,7494.6923880365,237.650099662348,356.262156323815,8622.00357936437,1708.71043464387,6005.9712649867,2013.30056322913,28.1826648089144,25.8416282377889,0.819415288604903,1.22838853447927,29.7285865285782,20.7085319317943,0.00568116565297148,0.00474495902288202,1.25056535839846e-05,0.00128262756151558,0.0125394694376898,4.20637002192503e-05,3.67096485644013e-05,4.95755749931117e-10,1.08657079701571e-05,8.45087277019075e-05,-407.75203169038,0.111935982755006,0.0869728841770931,1,0.584698815164521
"linear",200,"stan",172,343.707,9186.94516008967,8859.17798700116,212.946744333497,215.20120418562,8944.99727981736,1550.68300655987,6223.01225105118,2111.50176096786,26.7290022027182,25.7753784095208,0.619558939252028,0.626118188415192,26.0250657676956,18.1055732093067,0.00566165552938458,0.00479813787823268,1.25064350059079e-05,0.00107175014884894,0.0124806818019405,4.01047740419738e-05,3.39090476996454e-05,5.60080882429026e-10,1.03707280111579e-05,8.49648370098842e-05,-408.662825045821,0.108947734644097,0.0836354204816158,1,0.584414710434234
"linear",200,"stan",173,262.488,7705.03331813553,7491.34312591619,198.014759134995,327.501679803683,7646.84810475179,1353.06286492077,5074.17710010705,1744.39626521387,29.3538497688867,28.5397546779898,0.754376425341328,1.24768248378472,29.1321816797408,19.3310821832124,0.00714962763349867,0.00592724353629242,2.04364921055903e-05,0.00133942906021435,0.0161815591167918,4.2599068614063e-05,3.65011163735783e-05,6.5432352849463e-10,1.00783171349534e-05,9.11446337693711e-05,-396.135991348041,0.141761637576046,0.113809124352414,0.99,0.620382627787003
"linear",200,"stan",174,373.286,8182.06771183094,9118.52735971789,188.24098694412,267.082794753853,9769.5717924993,4796.23497061987,7322.84086587124,3338.33114516958,21.9190318196529,24.4277239428157,0.504280864924267,0.715491057135422,26.1718140849089,19.6172395050209,0.00359732673171,0.00316741299991589,3.09759247485914e-06,0.000993676769811132,0.00727166085889028,4.0452990938551e-05,3.52628682106236e-05,5.16409296103589e-10,1.06229938598074e-05,8.21522016908683e-05,-386.524945222709,0.143790849349389,0.110666317778596,0.965,0.539612511267104
"linear",200,"stan",175,322.541,9167.61361781882,8141.75859133633,240.509271304735,154.677238882229,8749.21603105058,2088.70672395815,5879.43521592531,1602.8524670026,28.4230954136647,25.2425539430222,0.745670383934864,0.479558378259599,27.1259034697932,18.228489450722,0.00634443564343848,0.0053661367530333,1.39699468220624e-05,0.00141006580444614,0.0140611966472215,5.37213313236407e-05,4.35469625338911e-05,1.19659688503686e-09,1.2080489321475e-05,0.000126657642653774,-395.265217123424,0.0932767463578275,0.0675806012124166,1,0.612402630307576
"linear",200,"stan",176,297.149,8365.63999852576,8714.84068244943,256.256264781305,262.845320759236,9085.83749339185,4025.53814417052,6941.10458954876,2701.51182075184,28.1530141394579,29.32818445443,0.862383062979531,0.884557312187609,30.5767056035586,23.3590036969627,0.00422257814185722,0.00379218500043636,4.48509307644e-06,0.0011091454624778,0.00841246142823448,4.63539654710848e-05,4.08327698860506e-05,6.58725396793298e-10,1.207009565896e-05,9.2821647994311e-05,-386.480412304173,0.13363551489355,0.0971977194440326,0.96,0.563282985132779
"linear",200,"stan",177,236.67,5407.45898302644,5298.80673978427,296.552835405229,226.673675765368,8746.47548382653,2981.550761016,5476.23486290617,1678.3441224954,22.8480964339648,22.3890089144559,1.25302250139531,0.957762605169089,36.9564181511241,23.1386946503831,0.00509164738233452,0.00441180020474109,7.6654987218056e-06,0.00123148744530311,0.0106603255104728,5.54399551675951e-05,4.76089240682683e-05,1.01422739914859e-09,1.13225179629303e-05,0.000120035950794346,-390.973641881143,0.15782717610125,0.123638960874793,0.97,0.592088788425038
"linear",200,"stan",178,331.483,7821.70285987772,9476.40693297563,212.866754291829,285.449070196626,9381.53312546804,3157.69055525605,6506.43226732846,2304.88850930506,23.5960904778759,28.5879123001048,0.64216492034834,0.86112732838977,28.3017021248994,19.6282532356967,0.00517705202084389,0.0044180510107762,9.20363314635947e-06,0.00120305478349774,0.0112356377637359,4.63136152076323e-05,3.97068429655553e-05,6.97465590724261e-10,1.19041244267445e-05,9.78096216379394e-05,-390.780287936612,0.0965033710165923,0.0790446521283475,1,0.585149027733307
"linear",200,"stan",179,294.458,8089.08884281497,6429.24859056641,335.467393878071,266.52409545588,9496.89978656346,4215.46973487095,6929.98166812444,2255.23013128109,27.4711124941926,21.8341786963384,1.13927077504456,0.905134502903232,32.2521371012622,23.5347033129494,0.00429335412809065,0.00373640776694058,5.13598450671799e-06,0.00108033324883213,0.0087545136436694,4.61972117926263e-05,3.94091597568771e-05,7.07925280109868e-10,1.12193352015782e-05,9.59842322014789e-05,-399.529504814584,0.123249582431363,0.0960983888046402,1,0.554847224481848
"linear",200,"stan",17,368.661,8597.02942730632,8058.30626425567,287.9429834124,245.085893050157,10143.889565589,6512.84995766368,8357.11794650294,4915.06555145894,23.3196064332987,21.8583095696471,0.781050839151415,0.664800163429702,27.5154940869499,22.6688419618645,0.00359377785273169,0.00322909884390875,2.95726523137307e-06,0.000987404867521554,0.00698450921603347,3.5580764038936e-05,3.10902080499741e-05,3.66172375487560e-10,1.09266494210776e-05,7.0382828894734e-05,-376.485771603986,0.133746335189628,0.103977401256806,0.94,0.539000949413192
"linear",200,"stan",180,316.379,9502.96737716786,7612.57902633298,251.991882448486,257.142140926475,9328.55990809366,2893.31098984913,6511.30381413899,2323.44964077879,30.036656595943,24.0615812880532,0.796487385219897,0.812766147331129,29.4853953900027,20.5807079930684,0.0043041177676023,0.00371980731304648,5.62514230173361e-06,0.00103728950880258,0.00920493143752018,4.52895034505688e-05,3.83742108985372e-05,7.07567506561704e-10,1.17808187966811e-05,9.92099407927022e-05,-392.125542064646,0.100230180752036,0.076266521650966,1,0.558782635222909
"linear",200,"stan",181,288.591,8747.54192933626,8342.40701197265,296.71049139189,272.700953369609,9357.498724647,3664.05690691351,6978.84337817115,1546.56841369556,30.3112083513909,28.9073706802106,1.02813494319605,0.944939216294373,32.424776672339,24.1824706181799,0.00448708466821144,0.00395169897019379,5.84878044061069e-06,0.00101431917525217,0.00907195144150213,4.84753359932669e-05,4.17457646158813e-05,7.16790483529461e-10,1.01686089623029e-05,0.000102235221596161,-377.495810591477,0.111361511802865,0.0991859368030719,1,0.569488777385651
"linear",200,"stan",182,293.851,8622.08619009853,7139.44734951714,282.351605851464,216.418674979242,8910.0647717297,3611.52886875022,6889.31159327388,1312.87859896892,29.3416942263206,24.2961478760227,0.9608665815378,0.736491197849393,30.3217098860637,23.4449145766864,0.00472166371176618,0.00406141734999789,7.05620930126351e-06,0.00120686182228744,0.0101710071301422,5.59526663362928e-05,4.68778406236305e-05,1.28639856189205e-09,1.23440452360357e-05,0.000119478452811982,-381.205952577397,0.135783290687727,0.0989403678041324,0.94,0.581207660652296
"linear",200,"stan",183,262.965,8434.10812975155,8305.22516112239,259.460823497797,244.276898236572,9287.60320169763,3263.36568958878,6713.67627104687,2125.24712186198,32.0731204903753,31.5830059556306,0.98667436159868,0.928933121276868,35.3187808328015,25.5306838212191,0.00435023773163407,0.00367333477193855,6.49208703670537e-06,0.00107838670417457,0.00933062125590449,4.31077044046867e-05,3.61954252375349e-05,7.94514507765475e-10,1.09252426577558e-05,9.13037239241797e-05,-399.816359493202,0.0972390352266436,0.0769812361078313,1,0.56235667683357
"linear",200,"stan",184,248.862,9101.53348567237,8470.30761928,270.005995600329,254.973032159547,9147.50730496349,4651.10729056424,5781.72125446354,2036.73984509127,36.5726124746742,34.0361630915126,1.08496273276085,1.02455590712743,36.7573486710044,23.2326399951119,0.00461420946404482,0.00408474638494605,5.89026824263419e-06,0.00108142922814007,0.00939901195662183,4.80437796784685e-05,4.00294754072805e-05,9.30536443931435e-10,1.13753697293535e-05,0.00010742806436424,-398.668754006714,0.103602160892857,0.0766415646078752,0.985,0.569144762073603
"linear",200,"stan",185,286.226,9022.21249418912,7758.36404066481,276.386042556088,299.751876000632,9042.72701292861,2089.92127961513,7224.75565614462,2943.01409534284,31.5212891008822,27.1057277838659,0.965621720444992,1.04725593063045,31.5929615511121,25.2414373821547,0.0049586063608755,0.0042171031605916,8.29894266078426e-06,0.00105426496147699,0.0107134723119289,4.35001787203487e-05,3.56427081669937e-05,8.32491914287811e-10,1.05024620841467e-05,9.83403413031788e-05,-400.95089083329,0.111066455184689,0.0894920724316381,1,0.571349280016703
"linear",200,"stan",186,292.107,9170.31155941557,9156.55409399058,259.438420663668,281.993250033529,9380.33950248967,3699.92013544735,6270.48400370399,2195.3765427581,31.3936727275128,31.3465753781682,0.888162285271042,0.965376557335253,32.1126830322097,21.4663941764627,0.00482640899832241,0.00407204864506782,8.35836303207656e-06,0.000885517312835212,0.0106218405590911,4.67923787148983e-05,4.09488704354173e-05,6.253434007013e-10,1.25117252108972e-05,9.48488389906309e-05,-405.137742969523,0.100196799114164,0.0810554589525451,1,0.56369986630954
"linear",200,"stan",187,269.203,8009.51162834116,8046.84106693814,260.594518344002,278.891813795287,9226.38132183421,3219.3981619052,6528.71639587814,2197.75145241862,29.7526833963261,29.8913498992884,0.968022341296353,1.03599073485543,34.2729513483661,24.2520194644121,0.00454682491853524,0.00393421376710809,6.43629755203416e-06,0.00115805941617382,0.00946792097136588,4.31952802439018e-05,3.79982420989844e-05,5.00973350492983e-10,1.21764788127452e-05,8.73592086503386e-05,-384.232558978091,0.107230411988774,0.0900387274672467,0.99,0.565536897213929
"linear",200,"stan",188,317.039,9348.80666141794,9084.16300122422,274.566142377705,280.970068793292,9787.64645928727,3404.48696699656,7040.15687454317,3195.71941999126,29.4878758178582,28.65314046923,0.866032703792609,0.886231879337534,30.8720581987934,22.2059648009966,0.00424356746925298,0.00361823803288203,5.54968702222452e-06,0.0011571425756481,0.00899644186380656,3.9483669433798e-05,3.34675084782466e-05,4.97771593737757e-10,1.09128112120323e-05,8.49610931690712e-05,-384.492121952542,0.112633832838755,0.0890273327845967,0.995,0.558427935061272
"linear",200,"stan",189,298.202,9771.51223528322,9665.75623421349,226.512389361302,139.272060752011,9379.23476287817,2755.19873414462,6041.78676904321,2022.20277885355,32.7680975824549,32.4134520701186,0.759593796692517,0.467039324860366,31.4526219236563,20.2607184695046,0.00471768453486155,0.00406908421660328,6.74487633053999e-06,0.00107786937638871,0.00989531616536646,5.1159073540019e-05,4.31855775784895e-05,9.74891690946318e-10,1.12054588587471e-05,0.000110366177068076,-386.883620903285,0.0991291879865895,0.0775006607645043,1,0.579045714515585
"linear",200,"stan",18,359.253,9290.68807521565,8777.15004955918,216.279862458559,244.11635786074,9500.67372819955,1984.12230820244,6210.99148235355,1588.0528276868,25.8611287176882,24.4316680711342,0.602026600915119,0.679510979339742,26.4456350488362,17.2886280207919,0.00536233214465822,0.00454690793001032,1.13481944968541e-05,0.00121451494647064,0.0115948640813397,4.66820308788249e-05,3.98670012435789e-05,7.4309398052287e-10,1.15313285052612e-05,0.000102024791943025,-403.254153270698,0.142516193282236,0.111140032001749,0.99,0.587994790747189
"linear",200,"stan",190,264.785,8333.18518189777,9342.96706237799,239.198667877651,267.324263668827,9046.28681065092,3937.90084804866,6725.63769483927,2241.51150059286,31.4715153120372,35.2851070203297,0.903369404904548,1.0095899075432,34.1646498504482,25.400372735764,0.00391779790636807,0.00335316453021373,5.01346244611471e-06,0.00113134064339357,0.00815601790830203,4.61747078778158e-05,3.98291282629482e-05,6.77266360838989e-10,1.08830385218325e-05,9.50701560939879e-05,-383.491182884089,0.108754880144484,0.0844933034271082,1,0.552565808382442
"linear",200,"stan",191,248.864,8143.0243370343,8123.66581696316,250.54862173685,286.255925965692,8730.62258680463,5484.23260835369,6200.08076447913,2144.7806592817,32.7207805750703,32.6429930281727,1.00676924640306,1.15025044187063,35.0819025122341,24.9135301388675,0.00436488135960583,0.00383584436624441,5.167051968277e-06,0.00127258550668072,0.00899329871577348,4.29207529625469e-05,3.69281859510466e-05,5.69944908413562e-10,1.11980931016373e-05,8.94807042100894e-05,-393.538509683787,0.149244948519073,0.118305757543446,0.92,0.570960133485973
"linear",200,"stan",192,305.877,9326.09818425787,8455.70190875451,224.111535516369,201.00166733204,8975.46852210692,1806.99022744326,4811.65874301986,922.141248215587,30.4897007106055,27.6441246277246,0.732685149639785,0.657132335324459,29.3433913700832,15.7306981009355,0.00639852901615791,0.00549509631910582,1.44517006256134e-05,0.00115303380881508,0.013963681533005,5.5987556138565e-05,4.67782130454048e-05,1.22174217032158e-09,1.16245939427242e-05,0.000125350690401015,-376.920994648557,0.169851316697968,0.130770157140029,0.95,0.610792289069205
"linear",200,"stan",193,342.642,6115.9403200817,4966.87959483832,287.79365517625,233.508263439504,9418.47853227636,2894.72859949697,6663.73711692891,2830.36421410202,17.8493597401419,14.4958282838599,0.839925214002516,0.681493405477157,27.4878109872005,19.4481036093909,0.0041787283431431,0.00365635514587376,5.81371303459471e-06,0.00105934691937792,0.00846685324986444,4.39182620763384e-05,3.78978893250923e-05,5.74924005373382e-10,1.1117962787824e-05,9.0888457654087e-05,-380.652423439313,0.144267842202618,0.125777465759454,0.925,0.565668192874371
"linear",200,"stan",194,283.462,9011.95686116082,9297.72434156597,330.344604500773,326.937772219054,10161.9370650988,6820.35628066154,7707.01143745328,4214.78273232736,31.7924690475648,32.8006023437567,1.16539290804684,1.15337425199517,35.8493803934876,27.1888698924487,0.00363666753496492,0.00313339678899152,3.7123364439182e-06,0.00113009724797677,0.00759927730041083,4.17448158118019e-05,3.62966361990396e-05,4.90515374028565e-10,1.13992310950691e-05,8.4436758671081e-05,-400.457247061861,0.100483217186548,0.0840624752618281,1,0.536475812673812
"linear",200,"stan",195,257.458,8863.84809930899,8519.99357689093,284.755659483574,207.548620014289,8876.12136071184,1861.25864364172,5874.94396150266,1990.30283446489,34.4283265593184,33.0927513493111,1.10602762191726,0.806145546125149,34.4759974858495,22.819038295577,0.00577619368112508,0.00504911869749458,9.75011652349756e-06,0.00153514931734437,0.0120719483649284,4.49343788198769e-05,3.81492897354151e-05,7.30067966409622e-10,1.03219177797124e-05,9.6468169085091e-05,-389.121221051163,0.104161404232203,0.0756591919041644,1,0.586423192727163
"linear",200,"stan",196,284.144,9516.57240171768,9382.41960757519,295.698227350404,261.636485340293,9746.08219491847,4634.79055954881,7286.62216636606,3490.16903421851,33.4920758549105,33.0199462511093,1.04066328111945,0.920788351470709,34.299799379605,25.6441176529016,0.00404773372428349,0.00349696361718574,4.92630832085006e-06,0.00102113937088603,0.00843362279929183,4.15825788559577e-05,3.61531141171762e-05,5.11650306199094e-10,1.06168565085437e-05,8.52120338484632e-05,-379.550149584974,0.0813753629040018,0.064488401499043,1,0.552203343338586
"linear",200,"stan",197,231.499,9306.84421628618,8059.07421557729,246.778217708973,263.033518532269,8721.6348499598,1886.00884838447,5115.48527923685,1134.18146900437,40.2025244873031,34.8125659962993,1.06600122553001,1.13621881101978,37.6746113372403,22.0972240883842,0.00612781062369134,0.00528773306755742,1.18224707135569e-05,0.00134428051324574,0.0130367529720789,5.24717616953859e-05,4.60389946784167e-05,8.42589429371885e-10,1.17471324844636e-05,0.000108554881885242,-383.690756933292,0.12386963775607,0.0932228930429122,0.965,0.597881989063487
"linear",200,"stan",198,271.937,7182.98144648141,5820.42430949115,291.740631381241,275.778445310829,9468.97975022366,2774.70883965857,7120.64734930553,3100.43209889064,26.4141380043223,21.4035762308592,1.07282433571467,1.01412623258633,34.8204905923933,26.1849154374194,0.0044651364394799,0.0039179314411778,5.82725512847342e-06,0.00105561182383579,0.00929630440071144,4.33503626005667e-05,3.7476782653007e-05,5.69013376604068e-10,1.23285470607515e-05,9.10717751092773e-05,-410.798880465721,0.102515797653035,0.080182511967949,0.975,0.556957028202365
"linear",200,"stan",199,265.492,8936.16895519592,8920.88761074263,246.502167764256,257.416605591317,8731.68176222899,2545.98059869526,6304.09939451718,2374.81537450168,33.6589010410706,33.6013424537938,0.928473052914046,0.969583285339359,32.8886812492617,23.7449693192909,0.00467683222990874,0.00395547290100455,8.55449488286276e-06,0.000947697714824118,0.0100305154870568,4.66227289867589e-05,4.06416100982536e-05,6.36701867476076e-10,1.22280588178616e-05,9.69372638501585e-05,-400.669131142941,0.113432088926573,0.0946299236728689,1,0.572015653394052
"linear",200,"stan",19,329.982,10056.4543794029,9140.06128736088,261.231236328092,224.722433475601,9066.82991631829,2306.08665526776,6221.80734717401,1354.82509101227,30.4757664945447,27.6986662525861,0.791652988126905,0.681014217368223,27.4767409019834,18.8549901121092,0.005463205534166,0.00456890655624111,1.06698787015415e-05,0.00113519694468371,0.0121224476260509,4.61240675480852e-05,3.88732158995455e-05,7.87292820854875e-10,1.12206752062275e-05,0.000102110865358273,-397.26505198767,0.121678994990166,0.105110460138727,0.995,0.58616073103901
"linear",200,"stan",1,370.387,8365.4964045983,8057.51093840302,296.866963630139,248.686813705942,9269.76181720533,2165.37256374345,7378.86354033625,2512.81119871984,22.5858261888195,21.754302765494,0.801504814235216,0.671424250057215,25.0272331836844,19.9220370594439,0.00472880410609324,0.0041721502512738,6.09815777816721e-06,0.00116767555954498,0.00962472474049551,4.05408636122119e-05,3.51558269853096e-05,5.36345674122559e-10,1.15664385311596e-05,8.37796496258895e-05,-376.723828772563,0.148675128680276,0.114942421908551,0.9,0.571472648117799
"linear",200,"stan",200,274.478,5792.28326819538,4084.42833845456,225.784465762968,278.563477981837,9242.33180613013,4613.65315185309,6566.37418891819,2350.49544138254,21.102905399323,14.8807129841173,0.822595857456583,1.01488453712806,33.6723956241671,23.9231347828175,0.00420598552718128,0.00363014847182295,5.5745997281523e-06,0.00109300744657873,0.00875435830750746,4.47063254938946e-05,3.82451663410962e-05,6.32616606285346e-10,1.1751860597744e-05,9.41675337166757e-05,-394.374451662296,0.0617812066052744,0.0493446892917827,1,0.557481607735851
"linear",200,"stan",20,357.584,7934.79745861808,9142.08747777982,248.972493337523,277.003202379437,10021.1237209878,4645.27074853709,7463.83605607948,3009.91480178192,22.1900237667739,25.5662654866544,0.696262957340158,0.774652116368287,28.0245305186691,20.8729586784629,0.00433292710743863,0.00374308868372809,5.69873011291889e-06,0.00115268204202039,0.00903438762874208,3.81592583878625e-05,3.33484070072703e-05,4.14141309629695e-10,1.09808005199684e-05,7.52550734936231e-05,-400.970616976531,0.100458849536469,0.0875811600820687,1,0.556306252845187
"linear",200,"stan",21,212.871,9445.29767025105,10375.5901861289,289.32877378518,282.313823820783,10105.9637364154,4712.28987021521,7481.71010796067,2629.54026764536,44.3709930908909,48.7412103392612,1.35917421248164,1.32622021703653,47.4745913554001,35.14668558874,0.00422552767529892,0.00374143277257228,4.89072578588025e-06,0.00101091364337068,0.00834749287526858,4.84080390142478e-05,4.2184073343019e-05,7.20164470890427e-10,1.25657687116135e-05,9.79344687197389e-05,-394.208445671703,0.0872582515869826,0.0758219050664305,1,0.557639058651197
"linear",200,"stan",22,318.387,8804.96283949767,8923.98289246128,395.831767553995,207.258748658715,10159.5312088846,5308.79974022351,8145.02062719681,2438.32798383624,27.6549068884649,28.0287288503025,1.24324098519724,0.650964859302405,31.9093782374424,25.5821394315623,0.00357218854190261,0.00319452890405452,2.95518318526689e-06,0.00110909873635139,0.00703777690845894,4.01863724048215e-05,3.46854434519208e-05,5.05811950193355e-10,1.10519280662837e-05,8.1731721005483e-05,-395.856119258061,0.115289620212114,0.0849729591827593,0.97,0.533129086102455
"linear",200,"stan",23,320.097,8054.62409130726,7789.43555874473,338.434064171575,297.904714339936,9701.95402168712,4041.64932937514,6781.34306487128,2611.68758060404,25.1630727289142,24.3346096925142,1.05728596072933,0.930670122931286,30.309418775206,21.1852752911501,0.00447631843253304,0.00388274369773382,6.33623091273705e-06,0.00112183191024231,0.0097207674755152,4.4141266580163e-05,3.81900596465067e-05,5.77780926963341e-10,1.12299144165064e-05,9.23031476769073e-05,-395.17763936762,0.131386775219512,0.100138815874068,1,0.572260868384622
"linear",200,"stan",24,332.974,8188.69028925656,8092.14413578647,363.614579543521,356.160080464571,10179.924424892,5095.05799420105,7817.67390923993,3368.5332925697,24.5925816708108,24.3026306431928,1.09202093720086,1.06963330609769,30.5727306783473,23.4783313689355,0.00372126629932605,0.00327892978097913,3.57393802045803e-06,0.00115009763830092,0.00748329628213867,4.32026103834682e-05,3.79126599217659e-05,4.73241409393486e-10,1.16135724502459e-05,8.59832548478814e-05,-388.008513314258,0.104309566131944,0.083942369942269,1,0.545266024167259
"linear",200,"stan",25,274.924,8264.21744157842,7931.93561574423,233.439589529324,171.647757682087,8809.46364329455,3130.21794226442,5915.98366974596,2084.94064140068,30.060007280479,28.8513757101753,0.849105896645341,0.62434621088769,32.0432688426421,21.5186148526355,0.00459052520585008,0.00396825721996432,6.53455720027314e-06,0.00106177585536662,0.0094458717890148,4.54316062055527e-05,3.90915516945398e-05,6.94361335474691e-10,1.08486493849909e-05,9.57133306355665e-05,-410.903638833908,0.154501982638587,0.12811099451343,0.99,0.559418552740911
"linear",200,"stan",26,307.997,8419.45413222449,8256.7523331745,253.335979883133,240.467934034126,8343.23596677,3256.671179561,7460.06816480082,2636.9285178493,27.3361563009526,26.8078985612668,0.822527426835757,0.780747650250249,27.0886923144381,24.2212364562019,0.00496593690556796,0.00423774572490902,8.65846437901069e-06,0.00107384663284638,0.0107554146376074,4.26164357241467e-05,3.58484059969895e-05,8.62140627017966e-10,1.10829331380489e-05,8.87510346032891e-05,-389.55245454486,0.091016415799283,0.0771061691889093,1,0.569577649885437
"linear",200,"stan",27,397.268,6246.18455277804,5809.95326930613,262.502617230847,280.942547563667,9512.40697539336,4500.33803323702,7495.15082663756,3269.81978473405,15.7228484367682,14.6247703547885,0.660769599441301,0.707186452378916,23.9445587749161,18.8667368794808,0.00411052361617398,0.00356849777465668,5.24473737860719e-06,0.0010539554830068,0.00877253464725156,4.23717578719485e-05,3.62786599361871e-05,5.27149525612353e-10,1.20781882037502e-05,8.93786897353271e-05,-393.088358442993,0.0997667980937138,0.0710024505131406,1,0.555189901656051
"linear",200,"stan",28,325.977,8975.74410432343,7232.66993430525,183.35567370833,243.739457725649,9335.39886759991,2949.2239876675,6673.09811387081,2319.75489538392,27.5349000215458,22.187669480685,0.562480401096796,0.747719801475714,28.6382133328422,20.4710703941407,0.00498790702142452,0.00416839344483839,9.57464803713933e-06,0.00103003338708403,0.0110264130649772,4.75751504776601e-05,3.99289289955951e-05,8.03987845528617e-10,1.27134794760237e-05,0.000103673437509217,-388.755787807079,0.102750987239798,0.0800138550730263,1,0.586935375152807
"linear",200,"stan",29,370.815,8955.08886480306,9838.57995358216,231.936645946667,272.702540477534,8813.43440469168,3195.25301946175,6393.80076376133,2320.49547123217,24.1497481622994,26.5323138319166,0.625478057647794,0.735413994788598,23.7677397211323,17.2425623660352,0.0043558625574025,0.00374258592845456,6.04770107578238e-06,0.00110894353499245,0.00926664672615992,4.4840013624988e-05,3.85678555570704e-05,6.86297742999452e-10,1.0405578626564e-05,9.40153776357054e-05,-396.192575803996,0.0816211163287405,0.0695716665462795,1,0.554444754977798
"linear",200,"stan",2,352.613,9553.00059266071,9082.27527955136,252.242023039177,304.057105092395,10286.6468786257,2622.11519188169,7742.10295381992,2759.74339034352,27.0920260814568,25.7570630678715,0.715350889045999,0.862296923517838,29.1726251687422,21.9563741377088,0.00407522118295973,0.00359105894394764,4.32074715903586e-06,0.00124903796024249,0.00819656280978656,3.98636100409875e-05,3.35573568926023e-05,5.32624650083574e-10,1.05409171201344e-05,8.5588149142294e-05,-400.469533743026,0.13594748903947,0.107675100808748,1,0.538933696605542
"linear",200,"stan",30,372.918,8415.03875833424,8468.17171516779,256.757060870468,272.60772281234,9705.83176804563,3418.02784730261,7852.65026615183,3107.08434500835,22.5653863807439,22.707865308641,0.688508092584611,0.731012508949259,26.0267183886153,21.0573108998542,0.0042936624928609,0.00375957871664619,5.36717287977202e-06,0.00104087306271448,0.00880038926199799,3.90780606500788e-05,3.39356000416123e-05,4.79126917514385e-10,1.17128781456649e-05,8.04432323871371e-05,-397.419555320267,0.119979691899433,0.0897130672091927,0.96,0.553624066484573
"linear",200,"stan",31,327.983,8834.63981001751,8950.33496901245,290.170689287228,268.706264333364,9659.61587080766,5004.24982068407,7403.37804536909,2470.54627541446,26.9362735569146,27.2890209828328,0.884712589637963,0.819268877756971,29.4515748401828,22.5724444418433,0.00407890474661174,0.00353903276524698,5.25219887044497e-06,0.00103702470330302,0.0084608570347102,4.16171785859918e-05,3.60430654644106e-05,4.85751309416242e-10,1.1301754886058e-05,8.62293701134218e-05,-387.621631173213,0.132914495373874,0.101453937023591,0.975,0.561840405191464
"linear",200,"stan",32,311.949,9469.65411863647,9272.65067317571,322.092087322333,355.967565773131,9382.44249110158,3756.8270134858,7572.10150162312,2257.50439040145,30.3564176151758,29.7248930856509,1.03251521025018,1.14110821247425,30.0768474689824,24.2735238825036,0.00423513563381364,0.00376382665295355,4.66251069360295e-06,0.00118714475288026,0.00849857904706744,4.04662501360142e-05,3.51184399974742e-05,4.85986534191574e-10,1.05203842335581e-05,8.16210749743641e-05,-396.326360220446,0.110664640892936,0.0808516251260616,1,0.54998177503409
"linear",200,"stan",33,275.5,6873.12958432859,5617.69988356357,246.736374985578,278.272509345328,9025.96615822225,3484.3325543401,6139.67024128209,1686.90978519322,24.947838781592,20.3909251671999,0.895594827533859,1.01006355479248,32.7621276160517,22.285554414817,0.00440207748832214,0.00383463410011492,5.80255500670233e-06,0.00100395149492846,0.00929424129897855,4.26015689221658e-05,3.67146123761191e-05,5.4765899529782e-10,1.07593462211314e-05,9.05150566908939e-05,-400.683134057132,0.0782142324218904,0.0611462322214694,1,0.556918378744158
"linear",200,"stan",34,277.669,8352.78863291617,8817.75376620945,357.989847254148,268.512154601468,9216.96168584552,5371.98127091814,7088.81445165979,2927.65602797731,30.0818191188651,31.7563493447574,1.28926832759202,0.96702244255379,33.1940608632779,25.5297294680349,0.00391992382646549,0.00344569223046046,4.27840285134797e-06,0.000974173668736501,0.00796069470468117,4.52232700100151e-05,3.85323882971333e-05,6.7881220714392e-10,1.07356132705082e-05,9.66559814369909e-05,-389.160265820033,0.0955121285009587,0.0691479729348148,1,0.550624232556716
"linear",200,"stan",35,314.727,8343.02214391093,9177.65283508367,257.497806397046,256.771538117171,9048.08609772738,3587.67761843699,6194.45376892786,2041.89011131593,26.5087588415069,29.1606784136209,0.818162427745463,0.815854814226843,28.7489986487571,19.6819903247191,0.00472970780293396,0.00408252657150534,7.14368847539587e-06,0.00113540122407166,0.00984086652628511,4.72405559772925e-05,4.1027274766517e-05,7.38965770241344e-10,1.15452209668488e-05,9.69898044542861e-05,-395.524730614009,0.107566365922522,0.0890126172555337,1,0.567596554649364
"linear",200,"stan",36,296.124,5119.14708898415,2888.49066275162,271.121734589683,266.837948694075,8474.94750731399,1894.54750977804,5275.93899405122,1186.63224419524,17.2871739169542,9.7543281285935,0.915568257181733,0.901102067694868,28.6195901288446,17.8166544895085,0.00550269683495599,0.00469222579710869,9.69726854910565e-06,0.00114462866232375,0.0117773474285456,6.19537905200145e-05,5.36092723548767e-05,1.23660751397045e-09,1.3407223314543e-05,0.000133291094307967,-389.701837705382,0.13862292864098,0.109674521425872,1,0.599967943564368
"linear",200,"stan",37,349.855,9225.76732120414,8990.3064994199,274.041459633454,279.180327762216,10196.1943743893,4570.81786752935,7895.01142696865,3459.98853704495,26.370260025451,25.6972359961124,0.783300108997882,0.797988674628676,29.1440578936682,22.5665244943438,0.00409039654250318,0.00351763840957084,5.67983487985546e-06,0.00107950201763495,0.00887093502364068,4.11779007805567e-05,3.51510032150955e-05,5.6798500032182e-10,1.1380041495924e-05,8.67990020574142e-05,-377.688901293246,0.132708437079634,0.115523353796088,0.985,0.567426809722965
"linear",200,"stan",38,261.537,8812.69342733906,8519.69499308889,322.098005127061,253.530001773197,9000.37974520894,3868.52642080254,6285.54094069206,2569.0816973366,33.695780816248,32.5754864248229,1.23155807831038,0.969384835695131,34.4134089830844,24.0330849581209,0.00481754566219724,0.00418817782670377,6.97545624344366e-06,0.00125491634031032,0.0100093257005996,4.25873889913963e-05,3.65312563913692e-05,5.87013519601547e-10,1.10142360172926e-05,8.99377189960284e-05,-401.053460618238,0.109070782515116,0.0919476610431602,1,0.567881593939413
"linear",200,"stan",39,313.383,8744.66749076098,7271.66032349677,147.895289914446,247.051279754411,9065.46533770764,2036.52251269645,6665.83503298117,851.237827022923,27.9040901732416,23.2037485233621,0.471931438254295,0.788336571397972,28.9277508279251,21.2705699829958,0.00577139079143657,0.00495847594759663,1.1357240048268e-05,0.00117535970112062,0.0123088076579853,4.66860303420402e-05,4.00255889755721e-05,7.08825152098196e-10,1.07546532454472e-05,9.97515594390196e-05,-398.592009582325,0.0969532086823976,0.0784940206362232,1,0.594270473488252
"linear",200,"stan",3,284.768,7913.30052150664,8173.28723562431,263.856381254158,366.760037943965,9002.45547636812,5505.25522948307,6254.4621006721,2297.28715073525,27.7885876274955,28.7015649076592,0.926566121383574,1.28792574286424,31.6132974083047,21.9633600006746,0.00438270021707773,0.00379436411240484,5.38379698485222e-06,0.00118500663935003,0.0091818750034553,5.82636278888745e-05,5.19378609277316e-05,8.36906663649576e-10,1.59254669979504e-05,0.000114685296824601,-390.220726846504,0.183090505413538,0.15101587869773,0.94,0.575909353613806
"linear",200,"stan",40,340.922,5973.5018996523,4944.78694524555,238.287572524588,283.902522428232,9710.67655309518,3586.29494895981,6942.25040671662,2490.24007069513,17.5216087540619,14.5041591485605,0.698950412483173,0.832749199019812,28.4835726444617,20.3631634412464,0.00431429597566791,0.00375613296536978,5.44286624382217e-06,0.00112220369867427,0.0089810049020557,4.03659790003259e-05,3.41973834584295e-05,5.89979356373277e-10,1.06739397602802e-05,8.89341103686697e-05,-393.113294550904,0.167126306656985,0.13126941319045,0.915,0.559450112074953
"linear",200,"stan",41,259.233,7819.97489834667,8283.54480074476,318.150752789754,233.222734710744,8904.58060018114,2727.01435935309,6112.77946964464,2010.43468267613,30.1658156883833,31.9540521490117,1.22727720926639,0.899664528477253,34.3497185936248,23.5802520112973,0.00466748227353428,0.00399664458922421,7.58574520397297e-06,0.001104067303257,0.0100033765299199,4.69404916897241e-05,4.04663013706989e-05,7.90542325110308e-10,1.2079105122944e-05,9.68839262720192e-05,-386.086672622356,0.098298040758778,0.0813922869485783,1,0.570320847387525
"linear",200,"stan",42,321.76,10470.5989500627,10193.7459299432,231.942685963974,252.592513981469,9740.79381294541,3861.30929763837,7227.36771707778,1967.2037522077,32.5416426841828,31.6812093794854,0.720856184621997,0.785033919634103,30.2734765444599,22.4619832082228,0.00414240952398348,0.00357057399214682,5.10177817304582e-06,0.00110415341034274,0.00867800032099681,4.86915759830868e-05,4.10370187526388e-05,7.83617071904529e-10,1.36699713696922e-05,0.000106315984443842,-379.66204299247,0.0907513922703632,0.0728814133013602,1,0.560235641566659
"linear",200,"stan",43,354.146,9053.08518004912,9183.59479871928,246.299755521634,303.714439280863,9388.79393439595,2858.4324475436,6955.92203823886,2753.22857566954,25.5631439577155,25.9316632087311,0.695475186848458,0.857596695376661,26.511082814421,19.6413965941698,0.00478591824412192,0.00417311112965747,6.67046871947244e-06,0.00114724013855342,0.00986502123452106,4.52719913755523e-05,3.95181036769302e-05,6.28886764295147e-10,1.05649991419936e-05,9.37204728301089e-05,-391.546751227353,0.104206072463736,0.084672838410763,1,0.566816372116755
"linear",200,"stan",44,332.108,9258.19055660258,8415.23724991019,271.471444934954,193.90726825388,9043.24036773734,2466.41884129264,5643.84499515506,2035.90641889405,27.8770476971424,25.3388573894944,0.817419167665198,0.583868103911619,27.2298179138634,16.9940049476527,0.00565867804325455,0.00469481677395543,1.33695271568054e-05,0.00117104616499237,0.012800999318692,4.80264000260463e-05,4.06209133205537e-05,8.71072348186783e-10,1.01423125314268e-05,0.000100186075249938,-398.005155580999,0.0961455289610164,0.0769306421950991,1,0.594077108075495
"linear",200,"stan",45,320.908,7940.76630377458,7761.93066263745,232.653325462595,236.3923315027,8673.70435301839,1557.42444994408,6216.61046099073,1462.89951044637,24.7446816650709,24.1874015687906,0.724984498555957,0.73663583177328,27.0286323588642,19.3719398113812,0.00612008362450367,0.00519372731656282,1.37614928305653e-05,0.00133495897314155,0.013388820956443,4.39592238089674e-05,3.81292838063815e-05,5.97559444439408e-10,1.13461680653162e-05,9.26339021344502e-05,-398.433119164026,0.119912800333931,0.0931986606891062,1,0.600699882788676
"linear",200,"stan",46,280.724,4977.92129971501,4715.67367669463,242.41040875938,290.159593745856,8694.31042337829,2944.10745351356,6397.51149827538,2251.35090918866,17.7324393344175,16.7982562114199,0.863518647352489,1.03361163899722,30.9710264294406,22.7893286583099,0.00487380053676445,0.00414917392291234,7.7108613831407e-06,0.00113048304691604,0.0102713560964164,3.83746751631946e-05,3.37422220132341e-05,3.94337026481914e-10,1.06535394408989e-05,7.83462295276731e-05,-399.655360098254,0.109795918809185,0.0826436814878256,1,0.559092449324432
"linear",200,"stan",47,310.944,8237.78265971886,7623.34981616977,242.123000424686,237.867542942398,9050.09174921705,3641.42254316633,5165.91512864404,1274.12133265947,26.4928175482365,24.5167934295879,0.778670758801219,0.764985151481931,29.1052142804397,16.6136511032341,0.00557321649966979,0.00478746042506706,1.0281165037506e-05,0.00123405327122673,0.0115808512090704,4.98788404336765e-05,4.23889013154148e-05,9.34022711106323e-10,1.08470179383006e-05,0.000107337997000463,-415.605476473881,0.142384494226942,0.115677037130379,0.945,0.581253893803417
"linear",200,"stan",48,331.647,9650.00249609203,9404.97036064706,213.770600595277,266.43381761924,9697.09686075263,2567.73021137697,7026.05879547261,2231.73688940078,29.0972102750576,28.3583761066648,0.64457269505009,0.803365679831991,29.239211754524,21.1853530876885,0.00433352435021141,0.00378918948111711,5.44643847380212e-06,0.00112820995316475,0.00902310807775207,4.63173986692644e-05,4.07773141869234e-05,6.23794917597144e-10,1.15732976254644e-05,9.42220810342729e-05,-401.802640118258,0.0960767493140964,0.0797203041839624,1,0.561499603399533
"linear",200,"stan",49,334.8,10058.0457762209,10241.2624286043,294.044002868856,169.427747569407,10270.9067455437,6800.01500815577,7602.72559954417,2800.88924044404,30.0419527366215,30.5891948285673,0.878267631030034,0.506056593695959,30.6777381886012,22.7082604526409,0.00382338289412409,0.00334677694690531,3.90015348003446e-06,0.000993588665718915,0.00775864927406291,3.90014007836557e-05,3.34403047783093e-05,4.51845262215963e-10,1.17504110764029e-05,8.40463421502875e-05,-392.924691242515,0.181555391127191,0.148552433908027,0.895,0.534688073499056
"linear",200,"stan",4,276.31,8459.84565928929,8141.32699378436,262.755361694677,189.317232417514,8394.18705636241,3197.45631411339,5581.49103043427,1277.49567172565,30.6172257945398,29.4644674234894,0.950944090675968,0.685162435009643,30.3795992051044,20.2001050647254,0.00538803678889882,0.00464752976754004,9.07097501717904e-06,0.001245093005665,0.0113935355714804,4.64977156957843e-05,3.79175894048343e-05,9.85576109667709e-10,1.02460829661984e-05,0.000104649288785208,-393.499435151966,0.119525534896952,0.100479302383081,1,0.579328692069554
"linear",200,"stan",50,335.578,9043.93334087325,9265.00674661915,298.660916420714,297.983895901509,10249.131812701,4119.20547764063,7595.44823811975,1664.16017678157,26.950316590698,27.6091005567086,0.889989559568012,0.88797208369294,30.5417274454852,22.633927844256,0.0043060773334309,0.00383188276681548,4.72171142621867e-06,0.00114334048434116,0.00865104593396512,4.21439735841329e-05,3.62487294778064e-05,5.5481409084634e-10,1.1113744367626e-05,8.8598936377301e-05,-402.33196500181,0.085695443757452,0.0675629527567352,1,0.551893751435999
"linear",200,"stan",51,283.595,8439.45967506939,8490.48240160474,260.112830793629,205.356891367333,8995.80423975389,1539.52037834671,5469.96445544526,1049.21327237459,29.7588450962442,29.9387591516237,0.917198225616209,0.72412028197723,31.7206024074962,19.2879439180707,0.00561351894183646,0.00481471868137875,1.14729835831585e-05,0.00114629199388179,0.0118245520737965,5.06409379836487e-05,4.27819975434689e-05,8.9717333427011e-10,1.25732392461499e-05,0.000108988358134857,-395.582822119209,0.117746849683078,0.103600313780037,1,0.602774254721245
"linear",200,"stan",52,310.452,6566.4353094082,6234.93350103917,197.504711285034,267.459906539936,8388.97341077074,1583.03764833148,4763.08448966452,1702.34420631367,21.1512095570594,20.0834058116526,0.636184374025725,0.861517743612332,27.021805015818,15.3424184404176,0.00659125887357824,0.00570737615330539,1.39694501025934e-05,0.00125664675655788,0.0139979825004361,5.34216447498813e-05,4.60471393246397e-05,1.00721190019215e-09,1.06571340849529e-05,0.000114823836517431,-392.930289705823,0.117387562063305,0.0985879847584445,1,0.614897273161201
"linear",200,"stan",53,332.836,5905.44284398772,4155.8113496408,198.628441196789,218.976077833504,8715.37486722532,1830.0542253891,6118.21306361401,1621.20399604719,17.7428007907429,12.4860632552993,0.596775712954095,0.657909834974294,26.1851929094969,18.3820652321684,0.00547943284902905,0.00463626654903226,1.04522083244625e-05,0.00124892119093602,0.012188822066837,4.62815823644545e-05,3.93498552700692e-05,7.1950545943626e-10,1.13282655033953e-05,0.000100341095022849,-400.434403133929,0.0732280656529934,0.0545009019801977,1,0.588227909178717
"linear",200,"stan",54,353.898,9025.96999891267,8017.55809048687,152.16522762956,268.276232516189,9454.92092672636,2296.08245105377,6547.68091402551,2520.07816792505,25.5044391291069,22.6549968931355,0.429969165210203,0.758060889058963,26.7165141558482,18.5016047392907,0.0049474988205283,0.00416109481311818,8.44005314237842e-06,0.00111059698602451,0.0107504322145314,4.436651026486e-05,3.82036029060947e-05,6.84324439182752e-10,9.35353541670057e-06,9.52237278847102e-05,-393.611422343941,0.0916117357548107,0.0807327690617199,1,0.562273457536307
"linear",200,"stan",55,270.476,6420.39441071405,8213.87717193112,241.429978737461,270.761853495233,8773.88066568768,2030.11550827641,6086.53874454494,2660.793923184,23.7373904180558,30.3682292400476,0.892611465481081,1.00105685345551,32.4386661503708,22.5030640224824,0.00469203548788741,0.00405862701348502,6.99762298532647e-06,0.00111655927358437,0.00977567977299273,4.48585537627173e-05,3.82717494634717e-05,6.80650936938659e-10,9.880362335497e-06,9.59353556760282e-05,-388.273119688153,0.100639720359751,0.0789114412019098,1,0.564714777288622
"linear",200,"stan",56,318.538,8965.84088853511,8808.31483502507,266.44950763828,277.811055397499,9821.93583892796,4602.31538392901,7478.53233234868,2674.06059434077,28.1468486916321,27.652320398273,0.836476362751947,0.87214415673326,30.8344242725451,23.4776771761883,0.00400162701126161,0.00347503152011262,4.82707975726602e-06,0.00100253210365698,0.00827516184870698,4.01697532795214e-05,3.47347349124557e-05,5.06265224718767e-10,1.10418158617309e-05,8.37597707028641e-05,-408.225919912207,0.0790564051937227,0.0578401272763565,1,0.548831789835633
"linear",200,"stan",57,306.908,7678.64421096045,8272.83543011865,269.404457681891,251.540229982143,9023.12044978228,2569.94312661576,7268.85060837949,2466.69113987592,25.0193680547931,26.9554245249998,0.877802004776319,0.819594894828884,29.4000822715025,23.6841353382104,0.00425938791400982,0.00369880665025982,5.70183330867146e-06,0.00112545343929605,0.00902116033048182,4.83135023037477e-05,4.14397418637316e-05,7.80461374092527e-10,1.18353867664072e-05,0.000104453890043685,-389.228023628064,0.122437630179801,0.0854431256026699,1,0.566153093217962
"linear",200,"stan",58,301.287,7638.59294764945,7106.1214243471,199.603703734315,288.583059012837,9721.55913663118,6233.05131118345,7438.76245206305,2793.38706304029,25.353211216048,23.5858879551627,0.662503538932363,0.957834420379364,32.266772667361,24.6899549335453,0.00364677578269814,0.00321843279913973,3.42072920061661e-06,0.00100706688053242,0.00728545805782498,3.70743539638788e-05,3.17730736709181e-05,4.54535325196832e-10,9.70496978794725e-06,7.77349149592231e-05,-380.636926724549,0.0900809592620705,0.0720515102777645,0.985,0.543436788947253
"linear",200,"stan",59,307.143,8779.43277701971,7904.92665258002,158.058427937692,303.545482930647,8980.51177957135,2521.64986032494,6223.46613971078,2477.67963478002,28.5841864441635,25.7369585260938,0.514608595793138,0.98828715917552,29.2388619619244,20.2624384723428,0.00526955577289386,0.0044065362782039,1.03758852394964e-05,0.00121695904219337,0.0116860712630954,4.12397332685459e-05,3.43615650139063e-05,7.79363980767907e-10,1.17018421670139e-05,8.76588080937283e-05,-401.835926404095,0.110509453803183,0.0875860018939791,1,0.57494780789599
"linear",200,"stan",5,368.899,9905.39076340597,9375.05320073129,195.522797612591,219.530874649982,9042.68934377467,2499.32078642573,6066.9818062495,2196.91972101277,26.8512269304226,25.4136042676486,0.530017152696513,0.595097505414712,24.5126426034624,16.4461866425485,0.00493754911615154,0.00409855050650496,8.71797768073456e-06,0.00116595535696709,0.0109849730830337,4.54991960840818e-05,3.846174163978e-05,7.88172612159221e-10,1.13943215646222e-05,9.79314360705551e-05,-396.609181197892,0.105489113880564,0.0747298768790847,0.97,0.5622443522962
"linear",200,"stan",60,311.758,8657.77164761125,9637.05361175733,296.49283828336,218.379338813756,9409.84149406538,4348.22154491459,7403.73982952479,4363.07275981523,27.7708082795349,30.9119689366667,0.951035220534388,0.70047709702319,30.1831596753424,23.748355549897,0.00428560115775477,0.00379455537257039,5.28410332119658e-06,0.00109010155736242,0.00860677072082668,4.05378520537696e-05,3.49803143794984e-05,4.72609786375524e-10,1.04670909982996e-05,8.62580813377276e-05,-387.029872252902,0.101161257193642,0.0788186356596961,0.985,0.556151754106456
"linear",200,"stan",61,380.465,4001.2081169899,3308.27872355742,177.045658085449,288.877051560963,9058.20564204723,2921.47715257359,6514.10051959733,2311.71548697382,10.5166260155071,8.69535627076713,0.465340197088953,0.759273656081278,23.8082494895647,17.1214185788373,0.00456165647864302,0.00384334969894969,7.21455505183487e-06,0.00111544392190929,0.00994707378700758,5.35384938713037e-05,4.56003506037241e-05,9.19283296833177e-10,1.36711313175353e-05,0.000115445840653181,-383.733402929841,0.163189883008837,0.122339281820066,0.955,0.585287048363658
"linear",200,"stan",62,351.621,6414.18690025044,7593.24777345389,303.470380374414,190.522710797559,9584.18850293774,2986.08891992698,6331.22107301096,2131.00594947811,18.241762864705,21.5949780401452,0.863061024155024,0.541841103908921,27.2571561509061,18.0058104408183,0.00481157637976139,0.00419783167310701,7.05743695940406e-06,0.00119084308562191,0.0098483130695732,4.62000647241745e-05,3.77583844296188e-05,9.19772058419385e-10,1.09271539660865e-05,0.000103789460404,-390.684804047939,0.0870566124465668,0.0715792573844824,1,0.57009198862619
"linear",200,"stan",63,211.238,8991.85067785638,8644.53598294602,267.508613038166,264.050002201532,9423.79419110111,2682.4093461446,6496.59383168218,2521.62155609994,42.5673916523371,40.9232050244086,1.26638489778433,1.25001184541386,44.6122108290228,30.7548539168245,0.00538065114580089,0.00456716989219882,1.02948981432849e-05,0.00116222325055372,0.0118677542427458,5.2461834968454e-05,4.4964473858464e-05,9.5057104172302e-10,1.2479849518021e-05,0.000109339339414926,-389.294000893928,0.126476054544978,0.107274465880808,1,0.601775948535468
"linear",200,"stan",64,341.908,8339.45571244222,8440.94512164399,227.705475951187,179.21818598801,9304.76182597894,2127.9997894278,5661.63916682906,1226.55158714133,24.3909347322736,24.6877672404389,0.665984638999928,0.524170788598131,27.2142267100476,16.5589549435201,0.00559804241893518,0.00479856866979802,1.09270226666217e-05,0.00126960481663824,0.0118608917213103,4.86347842036209e-05,4.13287687195478e-05,8.44180564747723e-10,1.09788158464232e-05,0.00010573740003695,-384.189452045032,0.0954952469739626,0.0712913871218012,0.985,0.588907699504441
"linear",200,"stan",65,313.897,9712.00485087214,9478.60785644486,244.817924560425,199.896829820737,9360.54961261247,2343.34174395693,6146.55466124681,1597.81854501547,30.9401008957465,30.1965544635497,0.779930756141107,0.63682300187876,29.8204494232582,19.5814380553073,0.00503441015991079,0.00434304055986469,8.37597116530412e-06,0.00112393341005285,0.0106553013468117,4.64247052595623e-05,3.95175711815041e-05,7.42110537228548e-10,1.12596711524124e-05,9.75115580059213e-05,-391.847785369909,0.0957943906468105,0.079207418664808,1,0.582129050546108
"linear",200,"stan",66,283.4,7282.92631139478,6382.53248992973,170.545050793017,215.326372414109,8192.38207915366,2088.462440107,6163.57456731598,2399.18158948854,25.6983991227762,22.5212861324267,0.60178211288997,0.759796656365946,28.9074879292648,21.7486752551728,0.00559380345983355,0.00468747778380986,1.2032799149539e-05,0.00114765896715111,0.0128348678032751,3.8134517077068e-05,3.24899035446972e-05,4.97493689083307e-10,1.02688894634183e-05,7.97165944766661e-05,-406.852166849149,0.120173671527714,0.0983359297669305,0.95,0.579054815463176
"linear",200,"stan",67,292.915,8031.23311267311,7989.6961363776,277.070556040733,292.887189860302,8803.1169910671,3559.06100809965,7074.51537859208,3584.91637744665,27.4183060364717,27.2765004741225,0.945907707153043,0.999905057304344,30.0534864758278,24.1521102660911,0.00446060252516367,0.00388301792528938,6.2787243779238e-06,0.00114342690389367,0.0090814009964472,4.03150890696368e-05,3.49647423543628e-05,4.7538963632636e-10,1.13297081146689e-05,8.12207311513965e-05,-407.112798721443,0.0979717833379738,0.0801474811965062,1,0.555729846068876
"linear",200,"stan",68,344.482,8769.86767392879,8379.4936092329,305.122609945169,320.071731762748,10286.1676061565,6749.03417436947,8025.51558804755,2725.18890672456,25.458130392673,24.3249098914686,0.8857432607369,0.929139205423644,29.8598115610003,23.2973438032976,0.00378245517131977,0.00328637413907911,4.08020986536367e-06,0.00101973405239069,0.00775820261805214,4.6379414676873e-05,4.06707913414933e-05,6.04403781883527e-10,1.31887655387482e-05,9.38619258412053e-05,-387.231688579075,0.0958785622235873,0.0643727961069714,1,0.554624264499073
"linear",200,"stan",69,347.998,8495.82853401444,9401.34919926563,287.173147232233,180.41357518653,9729.74391230912,2228.8742363173,6441.25839152814,1814.63324506313,24.4134406922294,27.0155265239042,0.825214935810645,0.518432793253208,27.9591949158016,18.5094695703083,0.00458705049730443,0.00390324383395677,7.45136467779363e-06,0.00117838693269744,0.0101177816745722,4.71826030665132e-05,3.78995294690476e-05,1.09709970909856e-09,9.71571252100599e-06,0.000109667232240147,-387.92541731323,0.140491416038991,0.112931150589975,1,0.575614298412663
"linear",200,"stan",6,303.278,8077.72831928552,9970.8732945588,332.322226593809,238.422476836574,8561.83502814673,2574.72588657375,6378.25666984878,1921.16119387735,26.6347322235227,32.8770082055368,1.09576766726834,0.786151573264707,28.2309795901672,21.0310562251425,0.00460764591223217,0.0039976800518126,6.37936663558989e-06,0.00116607139010867,0.00967236672382152,5.94043735742898e-05,5.15556252713673e-05,1.09345819296004e-09,1.34170262106839e-05,0.000123120486321336,-391.623539509381,0.144719159376109,0.104460694377724,0.95,0.57711545421591
"linear",200,"stan",70,311.774,9164.71319294203,9672.60604505838,319.153457284535,315.492566509454,9293.19521650979,4766.75105818304,7109.74169172574,1675.90885978761,29.3953735492441,31.0244152657322,1.0236692517161,1.0119271219199,29.8074734150692,22.8041520194941,0.00426203156351078,0.00369185620468583,5.56780148921479e-06,0.00113937405805354,0.00882699983617671,4.90564738206795e-05,4.20575633236035e-05,8.20997152143822e-10,1.19359119980798e-05,0.000101258827745601,-397.081091793779,0.126525570263775,0.101591968986144,1,0.5738789069908
"linear",200,"stan",71,356.938,5445.48028851054,4262.58989648669,198.791924275031,233.536698992639,9494.53221054055,2417.85603230583,6657.20241812472,2068.32282074127,15.2560957043255,11.9421016996977,0.556936846945496,0.654278051069483,26.5999479196403,18.6508649068598,0.00443997161044976,0.0038156056249716,5.99696522169078e-06,0.00113715277029084,0.00936217394434516,4.34538540769949e-05,3.5791125328605e-05,9.3592750068355e-10,1.12138458054167e-05,9.94243388921393e-05,-400.218046146946,0.138443364209377,0.109710498953219,0.915,0.5574426309537
"linear",200,"stan",72,354.092,7084.66622698747,6610.97121533893,285.79123092006,235.778243270355,9562.77213333048,4046.51383839235,7116.55995160275,3270.70377743771,20.0079816177363,18.6702077859396,0.807110103927963,0.665867184998121,27.0064619740928,20.0980534765054,0.00461850018837844,0.00401720385607779,6.55943120748057e-06,0.0010905969434108,0.00966472982073938,4.62883652812683e-05,3.94719153883469e-05,7.11943215007862e-10,1.07371455282326e-05,9.904076908304e-05,-397.916948856639,0.077948154267534,0.0634054106010243,1,0.566173347271443
"linear",200,"stan",73,320.977,8907.60390643017,9439.38365913982,300.878082926543,280.608754395863,9676.86238755676,4910.11865217509,7104.07728576408,2970.54218353949,27.7515333074649,29.4082867592999,0.937382064529681,0.874233214204952,30.1481488940228,22.1326677168896,0.0040698655439777,0.00360274158533444,4.40468701277285e-06,0.00109812097327493,0.00837584326470327,4.49599667205611e-05,3.8659197636513e-05,6.483596509346e-10,1.11147572382715e-05,9.59453817820316e-05,-386.080720326877,0.129242733770892,0.102257527851137,0.97,0.553377760979423
"linear",200,"stan",74,335.138,7557.71726306995,7557.44203307724,211.965863948155,330.750076562296,9581.76956207961,4274.45185131125,7246.49724569575,1862.71910315969,22.5510603484832,22.5502391047188,0.632473380959949,0.986907114568614,28.5905196130538,21.6224279123697,0.00445288639892764,0.00378560336038881,6.68809838435034e-06,0.00110530952850047,0.00960088957803051,4.46850250761835e-05,3.84817703461265e-05,6.15522073619278e-10,1.22796717777685e-05,9.25876920783855e-05,-409.33112915984,0.088425143573819,0.0680691396394102,1,0.566610265749465
"linear",200,"stan",75,321.464,9806.26949319728,9148.74533253492,243.667869391682,157.036118573958,8947.13644572218,2391.93189652541,6023.49144612695,2166.98107344777,30.5050316464589,28.4596263735128,0.757994268072573,0.488502969458347,27.8324678524568,18.7376858563539,0.00567150912923879,0.00496015467704011,9.49719587369986e-06,0.00135877402011261,0.0117127875807009,4.49452297096017e-05,3.78137955541369e-05,7.97178448011299e-10,1.0541045953809e-05,9.48605778456866e-05,-398.550683793319,0.0939790748211176,0.077212085309252,1,0.59209589549057
"linear",200,"stan",76,311.153,9520.81813629037,8717.63140896664,244.720060477927,266.566972573977,9078.14808939134,2456.99265194776,7183.6114970886,2102.95593809733,30.5985098529996,28.0171857863065,0.786494298553852,0.856707062358316,29.1758333983325,23.0870713028272,0.00445803601056084,0.00383424002174473,6.49071557076949e-06,0.00104721067488226,0.0092614416196586,4.42228131768334e-05,3.74462011490055e-05,7.17161022310313e-10,1.09616505515899e-05,9.67918193403407e-05,-397.031183628189,0.105723526998945,0.0844343138364452,0.995,0.561275650595123
"linear",200,"stan",77,277.31,8052.87636218434,8847.40446215362,244.173325137863,305.15742659799,9192.55538974435,4744.28031201713,7108.55154099567,3263.58173712926,29.039257012673,31.9043830448005,0.880506743852954,1.10041984276799,33.1490223567284,25.6339531246463,0.00402737423340996,0.00355784458762904,4.1765914477384e-06,0.00116911452165809,0.00823494032595733,3.8665190889227e-05,3.38317011621091e-05,4.23617407899124e-10,1.12340104953884e-05,8.03496333003764e-05,-388.23880163028,0.0904966069920297,0.0720185310340971,1,0.552121603280338
"linear",200,"stan",78,320.668,7421.56860969632,5965.05389348844,308.5614788014,223.615675374407,9051.86195092391,2440.63192108017,6384.19628027488,1311.41590824378,23.1440886203061,18.6019618218483,0.96224593286951,0.697343281445005,28.2281423494827,19.9090532272471,0.00563141872128929,0.00493591956134494,9.04307598615131e-06,0.00149301305098832,0.0117406209444829,5.14132986763239e-05,4.28463547339301e-05,9.79865473330268e-10,1.25852530808813e-05,0.000111536812681316,-389.220439784585,0.106011710492632,0.0810345291415137,1,0.59351542328554
"linear",200,"stan",79,299.764,9012.2850976353,9125.04556963268,292.664362623913,257.560672419485,9204.28823992658,3277.64365097504,7743.33475400275,2909.30998178897,30.0646011450184,30.4407653008122,0.976315910596045,0.859211487768662,30.7051154906079,25.8314365767829,0.0037936350627585,0.00336311478837449,3.61954714603948e-06,0.00109225918016185,0.00756664968372247,4.35125342122863e-05,3.68093079414164e-05,6.17399736262554e-10,1.14338871366481e-05,9.37806569120743e-05,-394.22276731151,0.111636570089204,0.0824405970805526,0.985,0.549958192622438
"linear",200,"stan",7,272.262,7135.91654220366,8412.68778687606,257.708279585568,261.917487919211,9118.25740012294,2785.2850214613,7204.07492819741,1938.54131714411,26.2097411397979,30.8992359817972,0.946545164531106,0.962005303418073,33.4907456792463,26.4600823038008,0.00394950295763082,0.00352151905918451,4.12564889731974e-06,0.000988217586888098,0.00779192579949601,4.23277966850289e-05,3.64613308404969e-05,5.42286790865241e-10,1.23247539661927e-05,8.92651432536758e-05,-395.384449799518,0.10690801147776,0.0857946884838832,1,0.546832490504395
"linear",200,"stan",80,316.956,6348.7107748483,4456.65139098426,305.567702157638,241.206110591008,9458.1875161073,3439.94499155678,7116.37485332015,2540.32671578771,20.0302590102358,14.0607888507688,0.964069783053918,0.761008185965901,29.8406956047757,22.4522484298141,0.0043824864151006,0.00387770096392188,5.04322009123911e-06,0.00118983579310247,0.00870784158483782,4.27869120194065e-05,3.5721304913303e-05,7.36363501107683e-10,9.99229503253376e-06,9.25537668407186e-05,-389.631287482255,0.104060135383423,0.084460575863281,1,0.559819003585345
"linear",200,"stan",81,279.359,5875.79400537517,5281.43338110763,250.478980837263,226.612358036176,8491.39518717922,3149.6602474036,6270.52758473305,1642.13183539235,21.0331294333641,18.9055422632084,0.896620408997966,0.811186888685082,30.3959965033495,22.4461269718643,0.00503402587914307,0.00437222253181769,8.40030637146382e-06,0.0010743920012088,0.0110215782507055,5.0394439870461e-05,4.14492135632582e-05,1.18607183111886e-09,1.0381932378858e-05,0.000110699816509782,-392.641391389556,0.0907815026489725,0.0729227352637299,1,0.580924597566934
"linear",200,"stan",82,344.394,9471.49848443861,9568.70928646336,293.750891132922,230.278595107318,10042.0554536907,2380.73417427387,6720.22682289467,1321.91398183358,27.5019265272874,27.7841927747387,0.852950083720746,0.668648684667322,29.1586248706153,19.5131936761229,0.00453977766931092,0.00405137093009685,5.58127361384422e-06,0.00112217412844821,0.00902175416834174,5.22720030883248e-05,4.40080577388898e-05,9.8260572618133e-10,1.1865055684432e-05,0.000112307191299934,-379.537209856314,0.109887097638989,0.0903883914883666,1,0.564935032874548
"linear",200,"stan",83,331.392,9265.82532939668,7992.36285487055,283.206301151472,243.924044035516,9210.25798936772,3969.43339221016,6966.9805537493,2378.30186878785,27.9603168736622,24.1175491709835,0.854596070971754,0.736058939369435,27.7926382935246,21.023381837067,0.00442156167172425,0.00378264953296413,6.5136802024381e-06,0.00106181278621527,0.00943122819156011,4.59394138725691e-05,3.90192932519854e-05,7.24013280124762e-10,1.2374748398899e-05,9.53182798792969e-05,-387.959189487897,0.0662871430897759,0.0562173346389923,1,0.561550420973427
"linear",200,"stan",84,314.639,8388.85819122768,9256.90324945319,282.649749291856,279.997345544208,9516.44261053075,3211.24579263099,7684.77158949034,2461.25226578916,26.6618511730195,29.4207115120922,0.898330306452334,0.88990031605811,30.2455913301617,24.424091067828,0.00376275013823204,0.00331665146843238,3.83443595950755e-06,0.00107411393317127,0.00746326018006573,4.20428698471029e-05,3.70809606859904e-05,4.613727968668e-10,1.13718052821351e-05,8.49333057854146e-05,-395.56865006603,0.0973728067240796,0.0852581493127221,1,0.539331235824389
"linear",200,"stan",85,328.409,8801.66380936686,6814.41132642274,299.642193658842,177.002114737886,9946.26293686009,4185.33536118902,7837.2315455025,2711.05861828514,26.8009214405417,20.7497703364486,0.912405548139187,0.538968526251977,30.2862069457904,23.8642410698321,0.00399599352917985,0.00342352868561292,5.59398443944789e-06,0.000993422169966804,0.00815443327559905,4.07727867503363e-05,3.5557840127915e-05,5.09644072235498e-10,1.16963717720355e-05,8.17646433410555e-05,-384.527349745041,0.0936408443827965,0.0739983386625908,0.985,0.556623545019599
"linear",200,"stan",86,318.487,6493.92878665252,3957.85669377136,217.069642003294,311.109554340265,8693.00788819645,2626.59694918792,6396.4789903887,2517.73900503524,20.3899336131538,12.4270588556875,0.681565156515945,0.976835959835928,27.2947024154721,20.0839563008496,0.00546704001889366,0.00454311205212956,1.31730135643919e-05,0.00119449181383975,0.0119691647502089,4.13306567818158e-05,3.59256220568636e-05,5.47027999301518e-10,1.02117976399352e-05,8.42951336467342e-05,-411.329330445792,0.136590947444194,0.111227630988988,0.96,0.572929843257517
"linear",200,"stan",87,249.822,7688.19476853477,6418.96505159712,154.008395945676,315.72909510936,8990.86160393529,2574.09461934806,6002.94220818251,2601.81375001816,30.7746906538847,25.6941544443529,0.616472512211399,1.26381621758436,35.9890706340326,24.0288773934341,0.00496765756313157,0.004084939835823,9.81634554461126e-06,0.00109287537534267,0.0113436000967093,4.44955428013502e-05,3.91135450891952e-05,5.16714250408866e-10,1.28569029133596e-05,9.17562656912143e-05,-400.113829350988,0.083697800470803,0.0692134251892434,1,0.576379463891323
"linear",200,"stan",88,284.224,7681.37235548576,6571.24359155322,358.280353255363,310.105819039331,8866.68109209111,3775.07870552355,7654.5938749556,3113.44436189946,27.0257696587401,23.1199462098669,1.26055629804437,1.09106134260066,31.1961026939707,26.9315535456387,0.00404661691417779,0.00347793603747489,4.80282922326044e-06,0.00117945956559922,0.00844183454997602,4.14008325511579e-05,3.61581262354195e-05,4.58234238478159e-10,1.27443239636329e-05,8.46670063206672e-05,-402.307238192171,0.0820762212568329,0.0645345497905325,1,0.552877797112548
"linear",200,"stan",89,336.106,7443.0501811335,6391.34636493072,245.386489677109,275.380563296575,9195.2674014097,3109.46586343714,6219.44658877159,2531.77777388521,22.1449488587931,19.015865128652,0.730086608620821,0.819326531798228,27.3582363939046,18.5044200007485,0.00495064756167299,0.00412686611004071,9.59265668555348e-06,0.00114222489995514,0.0112577993950891,4.50905703907955e-05,3.93505712199306e-05,5.9371267431465e-10,1.13256367057552e-05,9.2522300761029e-05,-397.300278679321,0.119100390347898,0.0992193596083573,1,0.581530501476593
"linear",200,"stan",8,284.784,8867.591301259,8808.03910469717,199.660734380222,264.534205770489,8866.86455134477,2762.98941518425,6359.62087869277,1373.30204977443,31.1379547350237,30.9288411733003,0.701095336747224,0.928894199710972,31.1354028012275,22.3313840619303,0.00473248599162214,0.00408015520051167,7.2159553227217e-06,0.00123041820384532,0.00981465626905719,5.18851915890589e-05,4.47656795390497e-05,9.09925963833926e-10,1.26602216013582e-05,0.000111168163551595,-403.598430786348,0.0978803031561529,0.0812226650977542,1,0.562156291408248
"linear",200,"stan",90,325.884,9490.49180195189,9594.22676650902,174.632845415677,262.118739889122,8893.18359708624,2725.31456960081,6051.43338188652,1221.36136174207,29.1223005791996,29.440619258721,0.535874254077146,0.80433141820133,27.2894146293965,18.5692865617414,0.00507765111414095,0.00433239783934311,9.22186403012757e-06,0.0010780096271752,0.0111852375699952,4.4823244408972e-05,3.83459558571823e-05,7.80577793638115e-10,1.06854048575486e-05,9.28716055597711e-05,-397.496456533351,0.150267794424621,0.114787266648755,0.94,0.586783393266406
"linear",200,"stan",91,265.653,3645.41735544228,2478.59274747669,311.522644738617,186.4584485162,9080.92753028591,2345.76814870891,5763.67995229321,1231.39110997619,13.7224776510797,9.33018918467582,1.1726675201809,0.701887230771723,34.1834179560777,21.6962727779969,0.00492074889050994,0.00427433407736736,7.29424162060006e-06,0.00110325286004669,0.010257499452537,5.25388749360719e-05,4.40809153538385e-05,1.0886809706853e-09,1.2476891514111e-05,0.000116429014983382,-394.16776274017,0.105418483596724,0.0849348344003424,0.995,0.575690153751477
"linear",200,"stan",92,365.25,8885.78075270517,9047.85837600327,197.009791320204,284.393995666191,9537.16500438661,3486.85467486938,6506.06384509805,2089.67228798261,24.3279418280771,24.7716861766003,0.539383412238753,0.778628324890326,26.1113347142686,17.8126320194334,0.00478859279144573,0.00396580912457404,7.91648795101788e-06,0.00108885593160636,0.010604875850798,4.62886065543153e-05,4.05442040062525e-05,6.77419243943465e-10,1.2946225059882e-05,9.23470246580449e-05,-396.495137571582,0.122210639748964,0.101025851717503,1,0.583305648184786
"linear",200,"stan",93,359.325,9182.04177759642,6756.88808646148,164.15330136118,185.656200164387,8336.53748152962,1039.8164656765,4683.06584126815,1186.12367600641,25.5535845755136,18.8043918081444,0.456837963852167,0.516680442953837,23.2005495902863,13.0329530126436,0.00708865318805438,0.00606386220541835,1.87635085338093e-05,0.00121324997209465,0.0156907897964385,4.57846108955599e-05,3.65358299395899e-05,1.11242525656094e-09,9.04499047825575e-06,0.000107535879455505,-390.201890724001,0.154027937198134,0.113755023621899,0.945,0.617064728836283
"linear",200,"stan",94,253.459,7170.05175328506,7552.69490785971,222.207783354712,203.207544018552,8895.05329063319,2754.05219182157,5356.80600378067,1392.84213303503,28.2888031329921,29.7984877548626,0.876701097040198,0.801737338262016,35.0946436726776,21.1348028824412,0.00583261080513073,0.00507573228313754,1.11779575334941e-05,0.00125637680936614,0.0123723961049263,5.20116420348263e-05,4.3773167014877e-05,1.32185287687226e-09,1.12145281546525e-05,0.00011080824521765,-392.298218595247,0.11509882991481,0.0959983358091634,1,0.595617073784476
"linear",200,"stan",95,350.629,9335.19995599877,9915.48603756572,269.745188883591,267.222604617673,9723.47211516241,5476.62092345816,6920.2011787449,1830.4188659993,26.6241524688453,28.2791384556489,0.769317965381046,0.762123511226034,27.7315114128107,19.7365339967456,0.00413355737555615,0.00360327510863444,4.77891640695113e-06,0.00111922350264715,0.00851875575772357,5.71360774988074e-05,5.05657303421086e-05,8.09420681393312e-10,1.49214507703221e-05,0.000114829564165829,-374.990061998967,0.13908850377158,0.118484311621323,0.965,0.571589957574565
"linear",200,"stan",96,362.083,8110.65258929178,6848.1957508498,198.73626024481,220.694198261275,8792.34608409943,1462.36160578073,5720.45232463099,1482.49150117213,22.3999817425612,18.91333133798,0.548869348311878,0.609512731228129,24.28268127501,15.7987321266974,0.00604813757684265,0.00500697352013606,1.64481177308052e-05,0.00118072974438919,0.0135430011496842,5.08015572838341e-05,4.38029564457692e-05,8.28371703671868e-10,1.41846918614136e-05,0.000108729843909374,-402.689540913024,0.105815976991999,0.0859484388356876,1,0.5966815493503
"linear",200,"stan",97,291.475,5852.59051283293,7010.06024299791,201.871553690621,248.23054871172,8579.56214740101,2273.24484137535,5335.68871876895,1162.29244987672,20.0792195311191,24.0502967424236,0.692586169279083,0.851635813403277,29.4349846381371,18.3058194314056,0.00594117301759324,0.00486141468767167,1.61997814832885e-05,0.00106942969024822,0.0134834956587609,4.92104222808682e-05,4.21908308406811e-05,8.43446116567469e-10,1.26749658159673e-05,0.000107605266412219,-396.92710573236,0.0931501130970442,0.0797918491246234,1,0.592065708716993
"linear",200,"stan",98,334.942,8178.99124187189,8441.53175282423,243.064598260585,241.990703012207,9553.87779124328,5046.63069123276,7474.04251887099,2897.32463112887,24.4191270186238,25.2029657457835,0.725691607085958,0.722485394522655,28.5239766623573,22.3144380784464,0.00437619543392307,0.00394516938064902,4.81411469185191e-06,0.00110659111552148,0.00870522736330079,4.4232871005376e-05,3.71124854424413e-05,7.05513328241664e-10,1.16244306121284e-05,9.51766360993959e-05,-390.92086619656,0.104594203953577,0.0798093290366923,0.975,0.562345378684427
"linear",200,"stan",99,360.616,9085.02980446408,9517.11604115783,238.440386126919,248.455612514558,9527.26286484016,3465.30593554898,7149.55778683228,3417.62906376145,25.1930857323693,26.391275043697,0.661203014084008,0.688975565461761,26.4194125186907,19.8259583236248,0.00471876097084482,0.00406076806977666,7.89652138685601e-06,0.0010010106418977,0.00994259037768685,3.9850866002379e-05,3.44165310143075e-05,4.82404996997252e-10,1.12376363548137e-05,8.35430393813951e-05,-409.883618193044,0.120753336857697,0.0954728680300677,0.975,0.552117612111999
"linear",200,"stan",9,276.314,8386.1776402954,8033.17996717402,234.133986978532,350.223823058383,8877.78080445626,2770.99121584002,6052.0747659098,1960.80668703752,30.3501727755213,29.0726491135955,0.847347535696823,1.26748490144684,32.1293195583874,21.9028886191427,0.00498096448503732,0.00424615723859349,8.70573363855945e-06,0.00113355318072365,0.010967866271912,4.3030900961026e-05,3.68332304589511e-05,6.6179618355759e-10,9.94273558087571e-06,8.67616040726574e-05,-400.491791008499,0.1307464135667,0.104938930796246,0.985,0.56175165890341
"linear",400,"stan",100,845.508,9255.84241661992,9667.06546793993,209.159451512449,191.138721716177,10187.3217208353,5741.54193331272,9457.29171993368,5987.139515138,10.9470784624391,11.4334405682027,0.247377259011682,0.226063764880021,12.0487585224921,11.1853367678764,0.00262397981381427,0.00242364296637668,1.17489801302031e-06,0.0010215161510115,0.00467096526508772,2.06727912567859e-05,1.86723643788376e-05,7.77077435514856e-11,8.07231205793227e-06,3.84997426637393e-05,-787.400842063535,0.0832578619377323,0.0652212991098926,1,0.487629989629479
"linear",400,"stan",101,651.343,10221.4549298163,10371.5172843198,117.573984088608,160.850927891889,11672.3205269422,2659.3490230561,10338.9813948285,5432.92518918958,15.6928913488228,15.9232804901869,0.180510090825583,0.246952723667698,17.9203899127528,15.8733284841143,0.00308849540736807,0.00277513603985795,1.97691922737802e-06,0.00098615871366809,0.00587654848888569,2.20253281292424e-05,1.98558805718193e-05,9.70343959553524e-11,7.58118108228367e-06,4.05531201339005e-05,-795.137605350307,0.132550998176427,0.113593611956474,0.9725,0.512962205238471
"linear",400,"stan",102,748.82,7624.72053490239,7466.565967439,180.479776626643,179.632326311277,9212.93292482361,2681.89926932403,8028.94918085313,3643.84092686214,10.1823142209107,9.97110916834352,0.241018905246446,0.239887190928764,12.3032677076248,10.7221350669762,0.00390952630438935,0.00351618182129524,3.59704629112944e-06,0.0010215047607295,0.00748841482896714,2.39218991664629e-05,2.13962120880205e-05,1.16313839860753e-10,8.96474984969305e-06,4.49096914843465e-05,-786.142464763036,0.105311201921305,0.0827968079949169,1,0.538084767223736
"linear",400,"stan",103,662.149,12080.9173526293,12704.1825169944,152.79607907724,179.216123190402,11590.7254565453,4058.23485512042,10659.5014077104,5964.94490123809,18.2450133619915,19.1862896674229,0.230757849180834,0.270658300760707,17.5047088443013,16.0983425297182,0.00271836420880147,0.00249000488973471,1.38287562795835e-06,0.000993644258279555,0.00517400373594993,2.09811245947082e-05,1.89165644017987e-05,8.0677303853044e-11,7.79857885211761e-06,3.98957813450294e-05,-786.797435712152,0.10369947534201,0.082897668912798,0.9975,0.501161553968819
"linear",400,"stan",104,692.805,8479.17124756999,8702.69277331315,219.720375800224,214.684391816264,10523.5089709897,3124.77884674187,8887.95855968852,2672.5137860591,12.2389001920742,12.5615328603476,0.317146059569755,0.309877082030678,15.1897127921849,12.828946903802,0.00299874436874809,0.00273375603692728,1.61433094562367e-06,0.00104926239542662,0.00547815868301796,2.41868074318058e-05,2.17463625131534e-05,1.36364630426092e-10,8.32184921243364e-06,4.51139390735991e-05,-779.965805604434,0.101147012264303,0.0784626235932571,1,0.517155988609289
"linear",400,"stan",105,743.414,8823.13640482624,9431.37340976588,172.755025336793,199.35201523326,9672.59013221797,3003.95928437995,8923.18336066006,3478.40536958764,11.8684022695648,12.6865695423625,0.232380645692431,0.268157467081949,13.0110411321524,12.0029799824325,0.00306246802570546,0.00282281469342696,1.73219919851153e-06,0.00102738236031072,0.00559282855846563,2.21573850072315e-05,2.01114992265039e-05,9.13453862243953e-11,8.0183553327496e-06,4.07645401688453e-05,-773.227239859287,0.10305315845466,0.0797283732299031,1,0.515127501262641
"linear",400,"stan",106,658.997,10356.6523053649,11095.3743440894,186.624147099752,208.24497272986,11392.3956995725,4104.3616216561,11680.7031857314,7636.94124639899,15.7157806566113,16.8367600218049,0.283194228653169,0.316002914626107,17.2874773323286,17.7249717157004,0.00255961714418283,0.0023593883858035,1.16836733046829e-06,0.00089768627462726,0.00454858813518185,2.04805287830827e-05,1.89881102668765e-05,6.19518246627592e-11,8.17132709555499e-06,3.67239328196936e-05,-780.608072469448,0.0782609301589275,0.0649640846643,1,0.487293998857238
"linear",400,"stan",107,804.582,7537.21076655481,8240.79300004948,155.938125684978,187.336941227313,9470.34382553998,3971.76193866822,8500.63709850777,4731.44306154651,9.36785904551035,10.2423283146398,0.193812595465693,0.23283759918481,11.7705141620618,10.5652837106818,0.00289186628612791,0.00259407521191431,1.71500183416096e-06,0.00101791874547694,0.0056048813113716,1.97864530567266e-05,1.83120948632343e-05,6.17714299213009e-11,8.21932820964454e-06,3.46991219168834e-05,-777.770191942074,0.0908187433194216,0.0759006466839563,1,0.508488091019479
"linear",400,"stan",108,778.696,9759.26275154247,9766.83336545355,202.961880405252,148.59018105966,9694.59224878865,3916.28510475636,8149.62377608873,5026.11123623639,12.5328276394671,12.5425498082096,0.260643281081772,0.190819242759254,12.449777896366,10.4657321677378,0.00329191606280432,0.00300810900285119,2.09683798475806e-06,0.00114700673982843,0.0060639488208691,2.23198820109926e-05,2.01073794878097e-05,9.57189280917167e-11,7.76711088218447e-06,4.14726905432631e-05,-796.215509764658,0.101130836767259,0.0750190767947157,0.9875,0.513955376135378
"linear",400,"stan",109,701.366,8385.373274694,9358.12168878637,197.763571223213,280.375389596281,10919.2304579442,5060.32740658605,9685.20293167635,5385.03611904918,11.9557738394704,13.3427079282235,0.281969144816277,0.399756175229882,15.5685197998537,13.8090568001248,0.00261482556382417,0.00239085074269854,1.15237280879342e-06,0.000936008219841809,0.00473468460930515,2.05379408810428e-05,1.89279214789021e-05,6.63703619716563e-11,7.6252323785382e-06,3.68564981319079e-05,-803.241182868006,0.0937843930166062,0.0774049037795382,1,0.494560150740062
"linear",400,"stan",10,701.431,10729.1665496837,10500.574047905,233.555456771413,221.221820191411,11520.3974965254,5594.68062410748,11103.4083062507,6756.07925543075,15.2961111637263,14.9702166683609,0.332969966784207,0.31538643172516,16.4241350845991,15.8296515355761,0.0029240409682199,0.00265309112316276,1.51963647142849e-06,0.00112071377461764,0.00543398794696036,2.10577985860663e-05,1.94945561034239e-05,7.34921421926134e-11,8.03540877049923e-06,3.81335647810129e-05,-793.215204167267,0.086267730870062,0.0707743616339449,1,0.50454147817173
"linear",400,"stan",110,664.506,10636.6105603736,10003.5051403171,202.091184417406,215.085250299239,10495.8888404854,2953.7313539631,9220.88113343151,3512.16171850729,16.0067938594589,15.0540478796536,0.304122437445871,0.323676912321694,15.7950249365475,13.8762947715017,0.00294213168013339,0.00266206121537158,1.77684585880756e-06,0.000955477864328957,0.00558938263093528,2.31193121811982e-05,2.10656035814289e-05,9.1652709245807e-11,8.65691388272135e-06,4.24117418622024e-05,-789.562959891381,0.134104518558705,0.107669870075158,0.9825,0.510771659230205
"linear",400,"stan",111,662.805,10552.9591512008,10485.4941793051,164.771036485823,180.357331701287,11569.0857553216,3310.39014608186,10536.7087188342,7493.12085199101,15.9216649711466,15.8198779117615,0.248596550246035,0.272112207513956,17.4547351865505,15.8971473040098,0.0028604819189558,0.00253686779357909,1.78079382020592e-06,0.000918064316271156,0.00564614524786466,2.10019270367747e-05,1.93757506265036e-05,6.98371166844307e-11,8.11132545274727e-06,3.79651839504964e-05,-803.476866894157,0.084949707321713,0.0719274881915958,1,0.50760954029049
"linear",400,"stan",112,745.553,5669.11611677863,4633.27441514877,198.757383848954,27.1393497273738,9898.15792214916,2254.138310739,8561.73111740678,2945.90893263971,7.60390759178574,6.21454734291025,0.266590549362626,0.0364016370766046,13.2762632866465,11.4837323669904,0.00316278522343114,0.00291105393777094,1.82877346543439e-06,0.00108320179943375,0.00582141094862116,2.34563271695596e-05,2.08793288693225e-05,1.26666745350867e-10,7.81268785094206e-06,4.53595642601508e-05,-787.553981737283,0.120697381811688,0.0884936969975259,0.965,0.506377674935431
"linear",400,"stan",113,618.669,11246.2155933216,12060.7170780507,241.536424239445,282.783844268332,11723.6878316922,5857.79470460064,11151.0843935832,4184.54888572825,18.1780816451473,19.4946200279159,0.390413006372463,0.457084231258285,18.9498549817305,18.024314122064,0.00268999037729579,0.00248334053139172,1.0530291632624e-06,0.000998326743538743,0.00475041866278677,2.24072992453742e-05,2.06942019683726e-05,7.80614847981666e-11,9.09546472139938e-06,4.00218127679486e-05,-762.175651679849,0.153838299004212,0.13064736399551,0.9525,0.513426812154609
"linear",400,"stan",114,798.218,8016.88599359549,8179.9381091958,209.317236500368,277.865571430082,9480.37215790075,3770.66448873526,8232.13675461991,5967.35311336859,10.0434793422292,10.2477494985027,0.262230664430479,0.348107373461989,11.8769210389903,10.3131434703551,0.0029236696019041,0.0026375188331908,1.81820786353226e-06,0.00101380413478592,0.00557458891484282,2.09927471884887e-05,1.89861183290052e-05,7.32759128081696e-11,8.61436545570823e-06,3.91051250400743e-05,-782.173678053676,0.120838620159632,0.0856401042671613,0.9425,0.509470153676111
"linear",400,"stan",115,763.449,8541.87135354628,8559.40210357601,222.43156995963,274.097290178396,10213.5743961636,6040.91731731796,8736.26810589433,4461.00146229804,11.1885291008912,11.2114916694842,0.291350921881658,0.359025016966943,13.3782012893639,11.4431587517887,0.00277592072674065,0.00252603907682683,1.37241913115426e-06,0.00100394814791095,0.00506955055138794,2.15083582010741e-05,1.98747447306725e-05,7.02683682179563e-11,8.38298182480642e-06,3.72185309784778e-05,-809.74343623468,0.100406271713651,0.0835712342639274,0.9925,0.499138824882322
"linear",400,"stan",116,710.851,8518.53535814592,7608.80629748324,154.263542057432,190.201008780046,9345.82810163832,1547.90299001859,7605.49500653953,3753.72420924695,11.9835737139653,10.7037991048521,0.217012485116336,0.267568039969059,13.1473798329584,10.6991408980778,0.00441354913152174,0.00397967900021536,4.52618353413049e-06,0.00120770190206172,0.00878013935401146,2.31815097554918e-05,2.06801670951753e-05,1.10379602310783e-10,8.86872758402641e-06,4.24412161568577e-05,-797.882834012618,0.117475891095012,0.0888380143453584,0.985,0.552950872477321
"linear",400,"stan",117,930.606,8377.8730123612,9268.67941239297,142.601228102384,237.199006542763,9570.50969439819,3357.8225474549,9340.12631775447,6008.72987725592,9.00259939476127,9.95983199376855,0.153234804097958,0.254886607804767,10.2841693416958,10.0366065958681,0.00278081161207213,0.00255477311502447,1.40772249014765e-06,0.00097884374844065,0.00508699805662659,2.12161479162665e-05,1.9294815288898e-05,7.48192304870307e-11,8.99249002277001e-06,3.85432123612836e-05,-781.191734342473,0.104663983247019,0.088456133921709,1,0.498778828272171
"linear",400,"stan",118,666.641,9676.41566372479,8927.9994217457,163.229723831447,178.599185532405,10899.4469625335,1560.47337759866,9228.34341360565,4832.40447169798,14.5151823301069,13.3925147444362,0.244854012626657,0.26790909279868,16.3497999110968,13.8430480777595,0.00360929870293569,0.00317421650453176,3.3352525924024e-06,0.000996887171699061,0.00716712471186759,2.15996849241897e-05,1.95538513722753e-05,9.04620625770965e-11,7.83511780869088e-06,4.00294625097536e-05,-804.948278978412,0.100580915136587,0.0776453369278016,0.995,0.516992547247299
"linear",400,"stan",119,668.03,10793.6110041312,11653.0163927253,213.188748997801,238.950195416316,11381.341375534,5184.79718615328,10110.7980768699,6037.62039444979,16.1573746749864,17.4438519119281,0.319130501620887,0.357693809284487,17.0371710485069,15.1352455381792,0.00275730065296691,0.00254178852902607,1.340287882727e-06,0.000927259543845342,0.00495203513194542,2.13317637700289e-05,1.94205671895315e-05,7.82117283521417e-11,8.2375763520322e-06,3.82795737666523e-05,-813.97063787325,0.113512476927685,0.0923986949437292,0.9725,0.4923721564287
"linear",400,"stan",11,914.365,5661.85237327994,5907.1479034328,221.605926175579,182.341696667005,9612.78519141233,2479.4714073385,7356.61836692962,2742.58810727315,6.19211406088371,6.46038278306016,0.242360464558004,0.199418937368562,10.5130721226341,8.04560363413912,0.00363194102951726,0.00338497061024422,2.37982278880562e-06,0.00120778973090421,0.0064872687012618,2.5022781389288e-05,2.22591617565813e-05,1.31640947906079e-10,8.92405393145756e-06,4.85148368376477e-05,-807.282258367526,0.119130512474717,0.0952543625313439,0.9725,0.523900815354488
"linear",400,"stan",120,734.448,4251.91496299306,5512.46718010982,169.902946657502,203.470206050093,10275.3976919353,4080.04655183618,9105.49536003718,4199.80379328601,5.78926617404235,7.50559220000575,0.231334208354441,0.277038273710451,13.9906401704889,12.397740017043,0.00287541851620698,0.00264095725444783,1.48710488797247e-06,0.00100732014997337,0.00523133684610787,2.26922797109332e-05,2.05503636973151e-05,9.06645292143713e-11,8.58791141405782e-06,4.21102758004855e-05,-788.131067470214,0.109314769785782,0.0829518890500079,1,0.509984741237249
"linear",400,"stan",121,673.768,9835.46593899073,10006.6154691121,199.519012298146,266.440513654274,11117.7059627463,2783.36871209195,9520.04925571329,5422.78689938984,14.597704163734,14.8517226539582,0.296124203432258,0.395448453554153,16.5007925023841,14.1295657492094,0.00321584296876202,0.00293333790488106,2.16020705819156e-06,0.00100976184542623,0.00608200391591606,2.20518041477085e-05,2.01275026235855e-05,8.34962141510359e-11,8.29437201656142e-06,3.9157226214827e-05,-793.405475894523,0.0824668551871805,0.0669027978689549,1,0.511324623647507
"linear",400,"stan",122,700.374,8532.18958310358,9242.65019047171,182.471815690975,257.897501400395,10716.9998842031,5127.3430679567,10480.327857624,6719.04786346209,12.1823334148663,13.1967351593173,0.260534822382006,0.3682282629001,15.301824288456,14.9639019404261,0.00255076876776958,0.00232640407357294,1.15694562501249e-06,0.0010097683533218,0.00475118060362017,2.10268331906609e-05,1.91296866082334e-05,7.70712397399949e-11,8.27230029345133e-06,3.86939133303741e-05,-798.148153273114,0.0802992091883874,0.0655256286016156,1,0.491601221679173
"linear",400,"stan",123,765.218,7772.7784148215,8672.12042789687,237.928979200518,264.021869847176,9971.74840082956,6352.7953963062,9248.78829219695,4679.95784045853,10.1576000758235,11.3328756353051,0.310929668670258,0.34502830545959,13.031251748952,12.0864750857886,0.00262487397025875,0.00242432708562529,1.13760626711632e-06,0.000987394161194017,0.004575625151566,2.03864619623134e-05,1.86641879133384e-05,7.41559373458427e-11,8.26004879087562e-06,3.6344999383157e-05,-801.98809922911,0.107792873329702,0.0903292421110335,0.985,0.493200164644333
"linear",400,"stan",124,772.485,5407.7931139348,6503.74370085381,178.478430930765,150.917451482216,9885.87496584431,5093.36442563047,8531.87584023818,4020.96173067959,7.00051536785155,8.41924917746469,0.231044526341307,0.19536619025899,12.7974976418239,11.0447139300287,0.00297510901393045,0.00274880983647101,1.49592968324588e-06,0.00108556087853039,0.00539754522814325,2.2348493225397e-05,2.02880399446538e-05,9.02375085654009e-11,7.98312195250461e-06,4.0776473777402e-05,-795.358844314641,0.0945619249476049,0.0739453191747711,0.9925,0.508830624507634
"linear",400,"stan",125,679.568,10481.4218135061,9061.87676077682,141.799751372174,190.869582970082,10610.9250358036,1946.10099015042,8605.46325368279,4621.49929626966,15.4236541648607,13.3347608492113,0.208661607627455,0.28086899761331,15.6142211460863,12.6631378371006,0.00378442842518767,0.00335923923455387,3.27904037643229e-06,0.00108754542973192,0.00719543089412468,2.30704420003906e-05,2.08803118612474e-05,1.02543645544217e-10,8.7371546073088e-06,4.30672950309464e-05,-826.865298846743,0.11911544831885,0.0920801203464271,0.985,0.520128046271454
"linear",400,"stan",126,843.066,8421.87592051733,9626.36559033065,215.043944259859,238.370230679512,9636.23343938164,4202.7292417617,8581.95375618161,4245.05742794045,9.98958079262754,11.4182823056921,0.255073676627759,0.282742075566458,11.429987022821,10.1794565979195,0.00299408570053249,0.00271278883693952,1.73654583096603e-06,0.00101861944265817,0.00551683397373635,2.23171584132081e-05,2.03476345036579e-05,8.31022193159198e-11,8.54606218941171e-06,4.06088994391406e-05,-762.583435830482,0.130157609848527,0.110523549375916,0.9625,0.51462811915838
"linear",400,"stan",127,869.882,8019.24150125336,9311.34673210424,199.05766939712,190.064447087923,9394.91081514393,3846.45869868218,8959.19139957042,3232.1127118339,9.2187693287749,10.7041492203589,0.228832955960831,0.218494516598715,10.8002129198488,10.2993180679338,0.00275389202083927,0.00249812375262574,1.49648526710151e-06,0.00100541187108967,0.00510463124284326,2.18548733275453e-05,1.9697015908677e-05,1.06013315191623e-10,7.85640850267911e-06,4.06527100101394e-05,-789.111464206252,0.115383253814945,0.0892329692960324,0.9725,0.507583015354793
"linear",400,"stan",128,678.885,9323.37666013764,10257.8429442956,185.717866997577,253.643061238232,11115.2334397336,6771.4745436661,10598.8320982195,7102.96383002899,13.733366711796,15.1098388450114,0.273563073270992,0.373617124016928,16.372778069531,15.6121170716977,0.00237637352763185,0.00218263114550027,9.0149635801455e-07,0.000910598161834065,0.00424627226956951,1.93078142898393e-05,1.7875256252261e-05,5.33437634209041e-11,7.35193086826947e-06,3.3655227093124e-05,-797.584500621318,0.112239353743791,0.0936155007241392,0.985,0.481773576641131
"linear",400,"stan",129,748.14,8493.03768781024,9312.68970450823,170.446062988947,235.927723743637,10359.6858635458,5991.49299022863,9333.67609613475,6861.5077425554,11.3522037156284,12.4477901255223,0.227826426857202,0.315352372207925,13.8472556788111,12.4758415485534,0.00279250558153992,0.00258249269373342,1.22722171948985e-06,0.00107139721218569,0.00506316672395406,2.02297037580834e-05,1.86323667651276e-05,6.08682310442134e-11,8.42382545415825e-06,3.58656280236825e-05,-788.594204215013,0.0773907518718002,0.0630973261787243,1,0.499577532145919
"linear",400,"stan",12,747.615,11819.3605745225,10698.0805947298,126.581182657377,210.587061589543,10946.2199976677,1324.57438492604,9460.27092581053,5466.70859703825,15.8094213927256,14.3096120258821,0.169313326588388,0.281678486372722,14.6415200305875,12.6539340781158,0.00336594849210449,0.00297957206216842,2.76259209701955e-06,0.00105361539572797,0.00653634849745602,2.25199473909764e-05,2.06028480308657e-05,9.2241233683313e-11,7.63919006129246e-06,4.05775017654338e-05,-799.223434440591,0.109844881477753,0.0858475855486845,0.9525,0.509796758914629
"linear",400,"stan",130,718.375,10463.8137424709,10759.6958418329,189.172874582308,190.594467772629,10416.8033236004,3224.31240279934,9611.29749953448,5286.01101318811,14.5659491804015,14.9778261240061,0.263334434776138,0.265313336032893,14.500509237655,13.3792204622022,0.00269491523679964,0.00248494849017975,1.27019653431155e-06,0.000945182194771057,0.00489364970323513,2.1431603274477e-05,1.92829283368879e-05,8.34269996890821e-11,8.36690266909964e-06,3.94549466605371e-05,-798.082690605798,0.104954486695969,0.0835822028396953,0.98,0.500265452015566
"linear",400,"stan",131,722.127,8607.03433590655,7845.68899536863,223.592342018819,201.787052840789,10267.8183370563,3804.88200000651,8042.72510471103,2898.36383818384,11.9190036321957,10.864694154032,0.309630220195089,0.279434300117278,14.2188539371279,11.1375493572613,0.00324263702786236,0.00293382532798402,2.03406183486453e-06,0.00117070687729201,0.00625713180031858,2.48793341777399e-05,2.2479494712971e-05,1.17812432109055e-10,9.39874589969724e-06,4.7291502835199e-05,-791.93984815891,0.120263258744317,0.0994540700255222,1,0.518838328622449
"linear",400,"stan",132,1030.318,8049.3001463786,7649.00109007082,214.643385641852,208.7505004055,9903.62843362733,5775.703047277,9620.84548841784,5177.22575049557,7.81244251423211,7.42392260454619,0.208327318014295,0.202607836032662,9.61220558471009,9.33774377271662,0.00260538056571575,0.00238592307822195,1.14169553190004e-06,0.000911318117028121,0.0047180041003742,2.20228084590681e-05,2.04585116426159e-05,7.15818013392675e-11,8.18865770970391e-06,3.95250141301654e-05,-762.968760659354,0.102453079011974,0.0734030307288983,0.9925,0.502717723159748
"linear",400,"stan",133,885.886,7985.26874385066,8470.00883757317,235.436528764112,228.206527394563,9577.79136797857,6844.01968215148,9231.72359805969,5976.14106054541,9.01387847177929,9.56105959183594,0.265763911794646,0.257602589266071,10.8115393718589,10.4208934310506,0.00243995268324521,0.00230142101347922,8.51783334736113e-07,0.000905754690155017,0.00424260326611985,1.97687504883969e-05,1.80342492122251e-05,6.37204471710709e-11,7.95636827211403e-06,3.67770788750867e-05,-798.001568130363,0.063346017773128,0.0499340938030807,1,0.485304256316678
"linear",400,"stan",134,701.243,8724.8925251082,9589.87771882247,216.703765138871,178.10847246861,10601.7940178838,5537.92708841476,9693.05873185498,5567.32504596194,12.4420386729111,13.6755414582712,0.309028061797225,0.253989661884125,15.1185737581463,13.8226816265617,0.00257707472892365,0.00237293884687061,1.06491283621765e-06,0.000894620818873321,0.00457089620736908,2.13401476299256e-05,1.9450166955165e-05,7.63227604467611e-11,7.92445595407834e-06,3.94616122588094e-05,-802.514646389188,0.102997695321351,0.0825526359199208,1,0.490673813108897
"linear",400,"stan",135,655.612,4930.96785392702,5061.73753469566,187.094989286109,232.539141442318,11480.3687247126,4834.19988373541,10261.9810242387,3797.9219132584,7.52116778510311,7.72062978514069,0.28537456496542,0.354690184807963,17.5109191483875,15.6525216503644,0.00270502439568293,0.00250046730762741,1.23607078286303e-06,0.000881714149910006,0.00485264183976007,2.25280252980585e-05,2.04223785509793e-05,9.14842012922110e-11,8.82337121152197e-06,4.22224507244735e-05,-799.055532857902,0.114287109317779,0.080166774942591,0.975,0.504549897808399
"linear",400,"stan",136,712.311,9013.84614529979,9864.28747305606,211.028740768966,126.535348199247,10293.9722843309,4065.06301665559,8542.30126708533,3650.29636419052,12.6543688716021,13.8482874377288,0.296259275469515,0.177640592661418,14.451513853262,11.9923758963224,0.00326495491837587,0.00298419329129136,1.86773629190166e-06,0.00118356834462919,0.00595576294595877,2.37322047493363e-05,2.10173248150739e-05,1.14938589936603e-10,8.7095397420576e-06,4.55029209795276e-05,-791.747372440663,0.0954404633594707,0.0747270532571046,0.985,0.518720956256271
"linear",400,"stan",137,654.462,8510.81989367539,9262.46285662555,181.535833811853,228.957764165454,10802.475209199,3501.17609332967,8928.61360903985,4369.64045869815,13.0042995524192,14.1527894004931,0.277381778944925,0.34984118889325,16.5058860700835,13.64267689956,0.00360920246629971,0.00323649644832208,2.83530345385849e-06,0.00110154314148069,0.00677434434993163,2.30058252570808e-05,2.11447392276187e-05,8.98882053754639e-11,9.08245561799375e-06,4.12222298998632e-05,-813.497298756993,0.124753488522166,0.1027639357542,1,0.52525427549052
"linear",400,"stan",138,732.159,9116.88917124045,10397.2826100242,203.728579922552,247.216723498202,10470.3145379408,6881.9271056975,10008.0238809444,5935.76230377318,12.4520618762324,14.2008533802415,0.278257291001752,0.337654421373229,14.3006021068385,13.6691946434373,0.00230856680691362,0.00215037223494767,7.90512510901046e-07,0.000914930455789051,0.00402082755994438,2.10894729342016e-05,1.95285531131394e-05,6.80806660414437e-11,8.30302445005962e-06,3.76641557529679e-05,-796.136320822824,0.105382086278853,0.0870782296054768,1,0.481632722084045
"linear",400,"stan",139,896.971,8829.16805881064,9015.27214282077,160.049456688673,174.482055920968,9692.03846994144,6620.58674630478,9138.01949221894,4857.93375238764,9.84331495534487,10.050795558408,0.178433256692438,0.194523631110669,10.8052974621715,10.18764206671,0.00260575717353716,0.00235834562883599,1.30498164688576e-06,0.000923102577681885,0.00472791055857444,2.0174756050928e-05,1.83396861887118e-05,6.9065568299204e-11,8.15760147474985e-06,3.73823510584888e-05,-798.331456947614,0.100222096338665,0.0807036446750638,0.995,0.492480135453784
"linear",400,"stan",13,736.823,9170.03225164307,9593.91105719904,198.288450559206,215.948927738805,11363.0843702324,2134.21293443482,9262.23354344311,3525.97199730024,12.4453664606603,13.0206454700777,0.269112732039045,0.293081143963754,15.4217286515654,12.5705000297807,0.00352672550246939,0.0032650512358299,2.24450241100019e-06,0.00115066240812113,0.00646739424489677,2.27532166449418e-05,2.05051998583639e-05,9.66834362633592e-11,8.43131877401897e-06,4.33844403917425e-05,-795.437749303476,0.114409768704659,0.0908653464333937,0.9475,0.521943264728155
"linear",400,"stan",140,839.159,7546.3704835006,8157.63082070305,200.228609047897,236.947326749582,9534.4812253363,5246.15377424923,8747.66207909152,5162.26195612482,8.99277786867638,9.72119803363016,0.238606282060846,0.282362849888498,11.3619483617959,10.4243201575524,0.0027954366010506,0.00253871562559378,1.402827518136e-06,0.00096835008225876,0.00522609272730835,2.14289904101139e-05,1.93726062309664e-05,8.23567074315476e-11,7.62861958726935e-06,3.96746746790433e-05,-774.220673971644,0.0747961253891317,0.0595838643394296,1,0.501756098083031
"linear",400,"stan",141,934.989,8218.96873555048,8214.16400461285,229.981282821719,211.931666522937,9670.42118254904,3798.69481459742,8661.65566168661,4941.83064701457,8.79044431062876,8.78530550050626,0.245972180230697,0.226667550658817,10.3428181321374,9.26391183392169,0.00289615292105422,0.00263475449841076,1.59622080344231e-06,0.000987331533632446,0.00538918454479764,2.0615818026029e-05,1.90211607665479e-05,6.45119299472326e-11,8.3908519580011e-06,3.71036026638325e-05,-789.517747113997,0.110775063821623,0.0884453081627231,0.9625,0.508671176210763
"linear",400,"stan",142,820.812,8049.70793486403,7954.53130772543,197.212773400631,279.754200480553,9623.80330242666,5007.14030155348,8427.21463345198,4774.28463384298,9.80700566617451,9.6910514316621,0.240265460788379,0.340826158097778,11.7247351432809,10.2669242572623,0.002749207512233,0.00250570992466599,1.42028568530594e-06,0.000889631327581886,0.00513984850551188,2.1043898275179e-05,1.94995575531241e-05,6.79340473004344e-11,8.23163550952626e-06,3.69943465607371e-05,-819.494850297848,0.104025310077411,0.0867762403528701,0.995,0.496154635400573
"linear",400,"stan",143,701.247,9810.38414448184,9389.67227928514,197.64803737267,145.487221931876,10466.1507204501,2705.33492066919,8937.97939828623,3696.43983824301,13.9899124623447,13.3899642769026,0.281852239471499,0.2074692967412,14.9250559652306,12.7458362007769,0.00373610135824724,0.00336729120699612,3.03206589248942e-06,0.00111521334332176,0.00731624004721588,2.2174797174591e-05,1.99840449718025e-05,1.10184436058532e-10,7.95732105341545e-06,4.06132533174963e-05,-771.678567031054,0.0994723490031886,0.0765610603170787,0.995,0.534500228325619
"linear",400,"stan",144,587.082,10518.1256262403,10210.6255447576,109.974196982701,208.344358541491,9574.81310304577,1479.1041925354,9127.73487509512,4050.97460882839,17.9159395557014,17.3921624998852,0.187323401130849,0.354881189580826,16.309158010373,15.5476319749117,0.00346223746810491,0.003052569535345,2.70956442003412e-06,0.00116024911316191,0.00679015601360903,2.33176892924287e-05,2.09713700419201e-05,1.04015364204486e-10,8.04266672868985e-06,4.46281360070254e-05,-807.602213784253,0.0840242012735621,0.0627948918037113,0.99,0.515752513353061
"linear",400,"stan",145,618.778,11173.4754513013,12222.2666387077,158.524762806688,224.341927402566,11549.8327111392,2722.85233263853,10998.5460424876,5722.90267201154,18.0573250039615,19.7522643641302,0.256190043612876,0.362556405370853,18.6655516374842,17.7746236008514,0.00303847692348072,0.00278143366382169,1.71257176882646e-06,0.00104125941539237,0.00573312346492269,2.10215297869518e-05,1.92471801798027e-05,8.08527361329327e-11,8.38869581922095e-06,3.75964992207713e-05,-791.407304570291,0.0981423302120581,0.0808799220581142,1,0.515419183780027
"linear",400,"stan",146,694.319,9432.74118583478,9318.96151824411,215.668944494891,158.809820082052,10814.7761533124,3750.4319555795,9626.81744222789,5825.15712115478,13.5856014106409,13.4217290874139,0.310619390359318,0.228727458246213,15.5760913259069,13.8651217123943,0.00282487800082989,0.00260617150123242,1.33537849572184e-06,0.00106656951305959,0.00521718899733614,2.17292842405397e-05,1.98264138883756e-05,8.25796861894951e-11,8.63558621760379e-06,4.0105662434686e-05,-798.085617935922,0.063866031319775,0.049887190465421,1,0.50055174243901
"linear",400,"stan",147,670.699,8520.84442797939,6695.22772262264,204.464298582569,201.901588512552,10741.7809358348,2524.42512321846,9201.42881814832,3988.92295804436,12.7044239338055,9.98246265854376,0.304852547241862,0.301031593177493,16.0157998384294,13.7191628705997,0.00321654790766924,0.00284984655210589,2.34128268110462e-06,0.00110218997988742,0.00639236479542647,2.18509738478457e-05,1.99160525839607e-05,7.6191607315317e-11,8.56120493359066e-06,4.03223662197204e-05,-789.354317975803,0.124579878801449,0.0931440833278753,0.945,0.509941690648392
"linear",400,"stan",148,963.096,9073.19336639984,9373.46611118479,56.6565143439093,290.964575202022,9517.87656924749,3468.83035107885,8621.38428988121,3546.04028054824,9.42086081387508,9.7326394369666,0.0588274838062969,0.30211378222111,9.88258342807725,8.95173927612742,0.00303917770355486,0.00276722091756246,1.70721773000055e-06,0.0010794181581625,0.00570093480986061,2.22820433187454e-05,2.02939879168979e-05,7.93643339501447e-11,9.07018097932518e-06,4.07957779032183e-05,-796.682320951561,0.106319580159551,0.0856516001523029,0.97,0.507781756994701
"linear",400,"stan",149,858.205,7941.60987890577,6800.34325673342,241.445204542049,232.207837578856,9234.35623160379,4869.52692294423,7774.59445671091,3403.98553234042,9.2537445935479,7.92391474849647,0.281337447978105,0.27057385773662,10.7600820685079,9.05913442209135,0.00328204804032356,0.00302376327470666,1.83091143673381e-06,0.0012254441274437,0.00602820203215767,2.59812858836046e-05,2.37431413868727e-05,1.31523153607204e-10,9.29044472776356e-06,4.90269930866022e-05,-776.24167195696,0.139478488717002,0.112883709981606,0.9475,0.522486634423368
"linear",400,"stan",14,714.846,9664.35344792457,11747.8804684213,190.498059004843,200.423487279038,11148.4894741062,2872.45359548073,10576.1976011628,5298.6464323223,13.5194901390293,16.4341417150286,0.266488249224089,0.280372957642678,15.5956520342929,14.7950713876315,0.00332834083255641,0.00302196988204705,2.11732923119046e-06,0.00109111554214528,0.00620639830907062,2.23082848106215e-05,2.00510742594765e-05,1.01650826824664e-10,7.39628345421911e-06,4.12489833537428e-05,-796.784847923052,0.0935738477891857,0.080954363651045,0.9875,0.514390525854594
"linear",400,"stan",150,701.016,9280.79046259089,9127.83441141462,243.724959451969,233.307518833177,11153.6172656696,4762.68335386235,9831.52258598114,4845.84826366073,13.2390565444881,13.0208645899874,0.347673889685784,0.332813400597385,15.9106457850742,14.0246764495834,0.00295960273486386,0.00272409204612373,1.54591254249274e-06,0.00098475885361982,0.00546324069710491,2.07888951048777e-05,1.88233786026149e-05,7.54438745151685e-11,7.82692098303913e-06,3.79475049224884e-05,-803.35961691787,0.114009176654712,0.0870349880956799,0.9725,0.508625586998815
"linear",400,"stan",151,785.841,3445.09710748249,3497.14988970688,197.033408670007,199.912159251638,9512.05516809867,2723.09954153616,8431.27512725095,2734.31848072111,4.38396203237359,4.4502003454985,0.250729357045518,0.254392630636017,12.1042999386627,10.7289835058885,0.00292788493234646,0.00268189331006358,1.5967113138876e-06,0.00090413920824629,0.00543448461390554,2.4313426870667e-05,2.22907156380677e-05,1.00157284200236e-10,8.76330677083083e-06,4.27476000383757e-05,-795.824575751999,0.104662167559144,0.0848052257956568,0.9975,0.506075361252076
"linear",400,"stan",152,1236.297,10360.3021069001,8170.84665115797,159.743739233844,189.2287986212,10519.2090256369,3035.22960059403,9792.81964277131,6148.58157443224,8.38010777903698,6.60912923929927,0.129211459086162,0.153060954302405,8.50864236153362,7.92108986980581,0.00353256123995001,0.00324648769954754,2.41933203875107e-06,0.00117081488949253,0.00669310986872466,2.28181308994056e-05,2.10319702872002e-05,7.91614940937103e-11,8.70428039607206e-06,4.05811876866871e-05,-814.482351054112,0.104829902545154,0.0862641215542577,1,0.530465239987218
"linear",400,"stan",153,811.167,8935.28567770857,9111.16727269446,206.753526983286,246.130126582827,10051.1161131107,4449.0229273997,8494.32288185635,6459.06632970065,11.0153466274005,11.2321720098259,0.254884046051289,0.303427193885879,12.3909332025473,10.4717313227194,0.00314025394457887,0.0028714491624831,1.85338301913303e-06,0.00113370047012208,0.00576470425713873,2.15225925633088e-05,1.97636010662003e-05,7.87077021909504e-11,8.64619971298493e-06,3.93403049297062e-05,-799.986264359892,0.105674061917399,0.0791307242981326,0.98,0.504135495270785
"linear",400,"stan",154,651.753,7501.71574459204,7835.45438565326,212.506729682959,204.445636342909,11526.0688410581,3920.55347592962,10722.0108456622,7081.88707903962,11.5100594007117,12.0221224691766,0.326054087488602,0.313685761849825,17.6847192741086,16.4510341274413,0.00294543365403279,0.00273286626066387,1.55200604658446e-06,0.000961815002619971,0.00538079951671137,2.09033184271023e-05,1.9197064266414e-05,7.58826328679821e-11,7.72492048623376e-06,3.78013853260272e-05,-793.526262584252,0.0995131672772229,0.0778784925389462,1,0.510900354476881
"linear",400,"stan",155,658.938,10775.7079573321,10863.9670183909,156.611706374675,285.940340044773,10959.3947843958,3508.90346217046,9810.67117511342,4975.33507853127,16.3531439336206,16.4870853075568,0.237672901509209,0.433941190286146,16.6319058612431,14.8886104233075,0.00351441337000539,0.00319260355808856,2.44044954504893e-06,0.00115751705066008,0.006557159434268,2.19805968050071e-05,2.0188211650642e-05,7.36812149815733e-11,8.71830838114153e-06,3.947528696046e-05,-784.109649602778,0.0926619900496795,0.0722841187669353,1,0.520420910907064
"linear",400,"stan",156,628.066,11397.1852154851,12039.6691796429,211.947482607717,162.399171297737,11523.5292467167,3311.19677797664,10508.096570545,5106.83612704502,18.1464769872674,19.1694331163332,0.3374605258169,0.258570231946543,18.3476406089753,16.730879510346,0.00293063966077566,0.00272423334626483,1.34002653176275e-06,0.00107349330566585,0.00517481461847758,2.21067988752403e-05,2.00516002643682e-05,9.28728161242437e-11,8.35027645766622e-06,4.10763957865334e-05,-795.945623925204,0.12543445614379,0.0950992175360694,0.9475,0.511976740901167
"linear",400,"stan",157,870.747,8955.91117036275,9462.40529118786,165.862895696665,245.961325988349,9226.31588624251,2960.93895660912,8374.68905420081,3894.22283964801,10.2853195823388,10.8669972921961,0.190483453513667,0.282471631815383,10.5958629616209,9.61782131227648,0.00300842357142371,0.00272445062006373,1.717517298066e-06,0.00114540812481339,0.00581157354510656,2.10475441634081e-05,1.88226060921041e-05,9.67744172845038e-11,7.81630686991875e-06,4.07240975327135e-05,-804.719363234579,0.0789217757306862,0.0613096724446209,1,0.506804326572324
"linear",400,"stan",158,642.948,10921.9915321658,10755.3183874785,271.206000177514,241.796048672374,11843.0588981368,4550.49664507098,11341.0139731522,8409.91652036848,16.9873637248515,16.7281310268925,0.42181638356059,0.376074035026742,18.4199327132782,17.6390843009889,0.00271542677227732,0.00244270918582544,1.39708614109748e-06,0.00100124803125014,0.00513748964417728,2.03233369197777e-05,1.85901382057013e-05,6.67631794193948e-11,8.28304165580901e-06,3.70731100413677e-05,-789.365672534867,0.0881888856321482,0.0689020674866127,0.9875,0.495987024803331
"linear",400,"stan",159,714.668,9069.76628721393,9153.5984854768,223.679662198211,203.265171806525,11112.0896351945,7223.66248052504,10319.1558952816,7161.82112507035,12.6908806427795,12.8081829401579,0.312984018031045,0.284419019469915,15.5486038764776,14.4390904521843,0.00244916005866285,0.00226327919423386,1.00417892246849e-06,0.000830072463481183,0.00436856710911098,1.99790846803422e-05,1.84940916296667e-05,5.75873367768359e-11,8.02991046048606e-06,3.48721458279642e-05,-774.226537763165,0.121707294548467,0.0981741687790136,0.9825,0.498862078375695
"linear",400,"stan",15,794.302,9318.89143144605,8910.66937025962,221.737324302704,149.53527165173,10856.6050079775,2226.39233175059,8350.19211300467,4759.7714762842,11.7321767179814,11.2182386173768,0.279159972280951,0.188259971209604,13.6681073546051,10.5126162505,0.00377966829057153,0.00344277070662441,3.01650224297789e-06,0.00111253500084849,0.00689598748024764,2.30626722742689e-05,2.10671898710227e-05,9.55212058843563e-11,8.43488776383193e-06,4.34534440034234e-05,-798.016101963393,0.0982855069451803,0.0791371404845914,0.9825,0.528096197929057
"linear",400,"stan",160,951.584,9002.49088905467,9778.06434656901,173.157491530726,295.470727199508,9577.44645092728,3761.11521022581,8786.67814491843,5901.5481740833,9.4605320066906,10.2755661576582,0.181967636625591,0.310504093384827,10.0647409486995,9.23373884482971,0.00270217278242269,0.00235262371012594,2.0433930075261e-06,0.000834709210126148,0.00539592962785327,1.93147090372346e-05,1.78170748085417e-05,5.38521989445476e-11,7.38435965899298e-06,3.35621915977023e-05,-793.49811474998,0.0933496260568902,0.0732164666572688,1,0.5044431037612
"linear",400,"stan",161,884.246,8733.10310313764,8101.59146480917,258.509023297819,275.830375741858,10274.9245946106,4589.44250631563,8347.81478772158,6138.69370130101,9.87632751874212,9.16214658003448,0.292349666606147,0.311938505508487,11.6199842516795,9.44060226195151,0.00300865276473407,0.00275866620707826,1.55643598247236e-06,0.000980141914451073,0.00550311813397882,2.13766400682014e-05,1.95966114964181e-05,6.84755674852036e-11,8.74057899595352e-06,3.88767710114487e-05,-816.227999850736,0.091850466106337,0.0759586297109555,1,0.504900341479666
"linear",400,"stan",162,848.315,9690.11844407141,9403.49703924778,145.157378097515,223.379980001193,9576.22274599057,1465.36219393892,8024.59588286894,5193.69042457542,11.4227833341051,11.0849119009422,0.1711125915462,0.263321973560756,11.2885222423163,9.45945301317192,0.00364298701369044,0.0031250846454167,3.69162458966425e-06,0.00101587712189847,0.00773747459208908,2.13090016331294e-05,1.9525409341609e-05,7.09250508581064e-11,8.56353620374305e-06,3.81707039603368e-05,-816.409581910974,0.10411674662048,0.083056189864735,0.99,0.530148197288813
"linear",400,"stan",163,807.253,8535.45881172875,8421.06454542634,235.124762130901,259.841539625201,10739.1979065856,5075.27060753608,9178.93704229592,3484.06010297994,10.5734618660181,10.4317537939485,0.291265268919287,0.321883646917635,13.3033855638637,11.3705827569497,0.00278408794828319,0.00253163513990162,1.31656995376206e-06,0.00108677204486917,0.00504824052672401,2.23910195644192e-05,2.06906344128463e-05,7.68875708999976e-11,8.09267365105703e-06,4.00197689273434e-05,-783.810561141744,0.111525966104679,0.0968744422945757,1,0.504950114257682
"linear",400,"stan",164,755.81,10007.3526370173,10357.5781501179,247.072783892359,184.452743265123,11604.7602741794,7247.924116423,10710.4808886707,6461.45166586079,13.2405665934789,13.703944311557,0.326898008616397,0.24404644456295,15.3540708302078,14.1708642233771,0.00252457454618502,0.00230060826174649,1.13847327512486e-06,0.000912200836899269,0.00469092893334304,2.03036546373557e-05,1.86104400934581e-05,6.84736217472798e-11,7.64331086261419e-06,3.58260953862828e-05,-808.250533506576,0.0815785122085885,0.0634485257246751,1,0.491525184473621
"linear",400,"stan",165,753.412,10755.3638870963,10308.9191092369,191.546536867537,241.030507977,11139.4257326921,3604.79462454679,9484.76754503238,5556.66419072116,14.2755409883255,13.6829770553653,0.254238765599084,0.319918594310948,14.7853043655956,12.5890847836673,0.00321985242882375,0.00290867644823749,2.05381319376098e-06,0.00107170667581698,0.00601497448210738,2.31517849648939e-05,2.11906427301244e-05,9.14480195629612e-11,8.75238363324401e-06,4.27150728773165e-05,-802.23618460447,0.097222066263664,0.0791039400547742,1,0.51458523861847
"linear",400,"stan",166,1091.495,8594.16952185529,9265.84552510849,213.306465440698,264.260697912611,9916.65948622968,3330.29593465448,9051.33397294584,5496.54776781481,7.87375986317417,8.48913235984451,0.195425966624398,0.242108940409815,9.08539158331434,8.29260232336918,0.00275718395084023,0.00254736637779584,1.25432325353435e-06,0.000985146123893707,0.0050414921339692,2.25521372775251e-05,2.0533644172753e-05,8.64700593611497e-11,8.83930361381877e-06,4.07128267644228e-05,-788.205432022399,0.107566519098438,0.0914961288330265,1,0.498355893342115
"linear",400,"stan",167,781.281,9144.41177651106,9011.67653537969,171.073391103759,254.376377686653,10658.2169839323,3263.10744087443,9511.37703086064,5404.68480076879,11.7043826440308,11.5344882767912,0.218965252071609,0.325588844073583,13.6419764258088,12.1740795320258,0.00328241798592698,0.00294851494757699,2.42965340362784e-06,0.00103510819770039,0.00634551681938447,2.32934642050109e-05,2.13582351425425e-05,9.06373500850385e-11,9.71739603470291e-06,4.32994432406999e-05,-826.320095060747,0.0932487294331629,0.0726032260054185,1,0.514427249840256
"linear",400,"stan",168,720.7,11277.203207984,11830.9466884676,238.041727714589,191.619113472751,11218.664739021,3510.65206444831,10499.8741709191,4431.71934718359,15.6475693186957,16.4159104876754,0.330292393110295,0.265879163969406,15.5663448578063,14.5689942707356,0.00309429460506493,0.00274572743163206,2.05504872070452e-06,0.00106217955057216,0.00604419074821237,2.17556311864225e-05,1.95206283458685e-05,9.5503061887734e-11,7.66853483642923e-06,3.9673286150892e-05,-789.882039107693,0.0882787417564722,0.0705619634138037,1,0.513923314450239
"linear",400,"stan",169,857.162,9133.31176891952,9713.63694519852,234.844540247279,198.241441842155,10364.7366403358,7538.04883620675,9294.47664886702,6250.98906952128,10.6552924288752,11.3323233475102,0.273979178086849,0.231276516973635,12.0919226941183,10.8433139230006,0.00266919270430501,0.00250604543324581,9.58688525946544e-07,0.00102928901631932,0.004557895261741,2.13826580074336e-05,1.92398216330564e-05,8.68632119881679e-11,8.68854907811992e-06,3.98291416879946e-05,-776.692791283083,0.0693994489406938,0.0558713560953959,1,0.49971004012577
"linear",400,"stan",16,922.198,7775.81999768503,8262.35572623454,123.167799896118,236.833192487306,8641.57784864309,2199.92697018553,7773.36959080208,3732.13202599187,8.4318335082976,8.9594162275721,0.133558953604452,0.256813821421545,9.3706317392177,8.42917637080332,0.00346225890182902,0.00298405206810448,3.21260648673519e-06,0.00112423261728338,0.00708133918025784,2.269287107073e-05,2.03773802304497e-05,9.88354784037532e-11,8.66837384561621e-06,4.31450336442567e-05,-793.277006152866,0.109862492087491,0.0862794728361022,0.9775,0.517426808611182
"linear",400,"stan",170,880.339,7840.38039906731,8313.0128670364,204.664946369366,219.434590170136,9658.66945792624,4013.73233007381,8318.35936660457,4267.28889031441,8.90609231110664,9.44296784197497,0.232484243421416,0.249261466514758,10.9715342134408,9.44904107009297,0.00306780311542367,0.00281898726008057,1.80528996617096e-06,0.00105115170035766,0.00563936106351822,2.2327720498758e-05,2.02971981748859e-05,9.39987185829745e-11,8.1050275988298e-06,4.10231439939271e-05,-810.155090763659,0.0965582076663842,0.0740464795014907,1,0.507918296896052
"linear",400,"stan",171,846.321,8442.91036063217,9180.70324788491,261.601142139084,288.057531982491,10701.0646239761,6547.48695074743,9979.2737738569,7433.39597432467,9.97601425538557,10.8477790907763,0.309103924089186,0.340364391268196,12.6442149302406,11.7913578581376,0.00239405542366617,0.00221422076249065,8.34822006024797e-07,0.000958845390835983,0.00424888684646479,1.94196081184928e-05,1.79288453127847e-05,5.48001191710369e-11,7.77960493882262e-06,3.41578223819287e-05,-777.432176323046,0.0968383004344863,0.075373903310043,1,0.489573675311314
"linear",400,"stan",172,767.598,9297.55347735908,9864.22146448609,124.754639659626,307.074329877334,10872.7170786288,4646.03118367096,9509.49290417374,5496.56703858631,12.1125295758445,12.8507649374882,0.162526009264779,0.40004576598341,14.1645979778853,12.3886368961015,0.00306211753683923,0.00277630947620557,1.89938112181053e-06,0.00103373698887268,0.00576829077191859,2.06624786047544e-05,1.90966289986885e-05,6.43804357271377e-11,8.13784858540316e-06,3.69073627394447e-05,-777.031748813181,0.0995631319182883,0.0819211932229846,1,0.510850381442385
"linear",400,"stan",173,1120.008,7684.65772130031,8319.12562142561,181.574046388475,160.214224362973,9687.30992074352,4395.15763598351,9371.58892838793,6557.23738412369,6.86125252792865,7.42773767814659,0.162118526285951,0.143047392842706,8.64932207693474,8.36743034727245,0.00283232848402172,0.00257769209389034,1.49113883565872e-06,0.000925532723297839,0.00515665250393123,2.08674954962093e-05,1.88383063185414e-05,7.67816832558509e-11,7.15513014899916e-06,3.80503863643778e-05,-781.971213691515,0.103907592133448,0.0853267990225321,0.995,0.500898521875796
"linear",400,"stan",174,730.684,11118.9528114074,11393.5837342036,202.439093820546,301.095145672114,11971.2795539175,7494.21937535495,11107.1449677368,7073.08341457904,15.2171839145341,15.5930384875043,0.277054231132126,0.412072996907163,16.3836618208658,15.2010239279042,0.00254810675153172,0.00235003037798465,1.07183161096186e-06,0.000919773120963167,0.00451106890981144,2.10614192810591e-05,1.92557050105576e-05,6.39891128381147e-11,8.21207631290121e-06,3.73468231775874e-05,-770.3536767701,0.0775184920217174,0.0648978380653309,1,0.490077632963177
"linear",400,"stan",175,781.916,10379.3080381572,9615.18129581269,214.301698910266,288.664038954807,11464.0900469242,6953.80636029948,9930.09003488973,7030.49116165795,13.2741983002743,12.2969491554242,0.274072533251994,0.369175255340481,14.6615365933479,12.6996890137684,0.00274925657111852,0.00254673652113945,1.22024167383875e-06,0.00100783715804209,0.00493081231198431,2.04453885282659e-05,1.89017847167287e-05,6.22435413836771e-11,8.0930298214488e-06,3.66002062279585e-05,-794.429304713873,0.126182280418756,0.103514313293914,0.95,0.496630179678986
"linear",400,"stan",176,866.695,7761.18895426455,7856.15464388646,115.366347611153,183.803364914447,9610.65910113802,2264.74494892405,7794.847961705,2919.88599507023,8.95492526697921,9.06449748052828,0.133110664779598,0.212073872486223,11.0888595193673,8.99376131361667,0.00356033317926324,0.00315212356278885,3.36460582421383e-06,0.00110770989105163,0.00712283227088413,2.37665831572047e-05,2.14176396891962e-05,1.12434164155133e-10,9.16933673619281e-06,4.39509568847407e-05,-801.34231754593,0.131635971406619,0.0992658333093436,0.935,0.528411977574934
"linear",400,"stan",177,1068.937,8870.31931974597,8982.07978318928,147.89342375463,184.242485633678,8837.07347730761,2343.07219935959,8245.60245858594,5259.74552876895,8.298262030172,8.40281493033666,0.138355603515109,0.172360471789898,8.26716025107898,7.71383389160067,0.0034710616764159,0.00313186851019691,2.90277699339261e-06,0.000962992745801878,0.00665577839549655,2.25401114543224e-05,2.0687372732516e-05,9.26282007285833e-11,8.0590598125404e-06,4.24558813643809e-05,-773.578315740783,0.105789556158346,0.0854815826827742,1,0.530204678704208
"linear",400,"stan",178,763.513,8880.31968583889,9273.31816868004,189.866178232778,307.238599842009,11456.9697014379,6610.56313084714,10129.5669381568,7731.20207003129,11.6308690039841,12.1455930268116,0.248674453785042,0.402401268664723,15.0055987277726,13.2670523463998,0.00279182863598468,0.00252677818558547,1.5671067085687e-06,0.00089717225101455,0.0053659122801263,2.11048141127586e-05,1.97593703731753e-05,6.50702801547741e-11,8.99220117569563e-06,3.61109455942336e-05,-795.339679452494,0.0929508944768476,0.0788135081209795,1,0.505408731403962
"linear",400,"stan",179,1076.99,9409.20082769127,9989.8395975028,213.469044571863,188.474280765432,9509.06671856731,4923.10117879112,8662.65738531903,4500.9359748538,8.73657213873041,9.27570320755327,0.198208938404129,0.175000957079854,8.8292989893753,8.04339630388307,0.00270902484099411,0.00246151953710347,1.35460739922364e-06,0.000949632581567644,0.00512354498403571,2.26873846070354e-05,2.02976674086751e-05,1.09239314030156e-10,8.25234413298349e-06,4.36272452501376e-05,-774.783628364701,0.149120889714519,0.114404316085357,0.91,0.496209643044253
"linear",400,"stan",17,747.013,10087.3337658856,11477.7943798808,274.643142700823,278.077900115655,11645.7188979895,7779.20100497958,11289.0324505799,8747.02050849207,13.5035585269408,15.3649191913405,0.367655104664608,0.372253093474484,15.5897138309367,15.112230243088,0.0024405428546375,0.0022433538328241,9.44340583343038e-07,0.00101172588018577,0.00447181039979652,1.96655629186793e-05,1.81703527832629e-05,5.80168764791682e-11,7.43410819837382e-06,3.49076719027455e-05,-781.620139022713,0.0647662874697637,0.0498801266884343,1,0.489421585508251
"linear",400,"stan",180,743.7,9957.15592166239,11114.1952393389,194.323579769692,198.520032375251,11455.3309103591,4837.03617709849,10704.9611008009,7325.40625626875,13.3886727466215,14.9444604535954,0.261292967284782,0.266935635841402,15.4031611003887,14.3941926862994,0.00258696544980309,0.00230633377421948,1.43397423977718e-06,0.000864458032766261,0.00511426390858311,1.94865687601527e-05,1.78328989387013e-05,6.27723674068689e-11,7.82017560566097e-06,3.47866689361491e-05,-800.942733421991,0.0847245359781742,0.0693165686490495,1,0.486232292218234
"linear",400,"stan",181,777.931,8259.77233833962,9787.29962435545,212.69645028611,277.704298630336,11271.6500537272,5999.69318436585,10404.2923929434,7002.91652123577,10.6176156218734,12.5811924506871,0.273413002292119,0.356978059275612,14.4892671120282,13.3743126227692,0.00246427318095055,0.00227990370161832,9.47834587541699e-07,0.00102702113732573,0.00454852981364767,1.97307027447584e-05,1.79006488802911e-05,6.68371460717052e-11,8.14844404929893e-06,3.61216582788547e-05,-762.124375599007,0.079040354605776,0.0625822977786324,1,0.492499843295523
"linear",400,"stan",182,689.375,10658.3340078798,10456.68620726,220.730084137956,317.513734119407,11230.678664511,4578.29695889041,10861.7343971613,7384.13222103978,15.4608652879489,15.1683571456174,0.320188698658866,0.460582025921171,16.2911023238601,15.7559157166437,0.00253749190124622,0.00230903203094501,1.28626653312361e-06,0.000878902561161326,0.004683405917334,1.87128086501274e-05,1.72225394813264e-05,5.0482439112313e-11,8.22492449207523e-06,3.27651380579242e-05,-792.773960534559,0.110977473960802,0.0834539421652894,0.985,0.488794054372752
"linear",400,"stan",183,767.494,9966.61423807631,10204.3978886981,136.008125925351,230.480338186461,10618.8981178016,3227.12505255855,9641.55126316735,5428.51638928066,12.9859181154202,13.2957363688811,0.177210669953578,0.300302462542328,13.8358060360101,12.5623799836446,0.00311811614657994,0.00287108170123912,1.83627391569203e-06,0.00102926710704206,0.00573906630852123,2.25347734531704e-05,2.07436526416016e-05,8.64176435691437e-11,8.0325124604453e-06,4.03004124333797e-05,-800.202296167381,0.080500558379806,0.0663216878060045,1,0.507637412534957
"linear",400,"stan",184,774.032,9855.7500219279,9505.48688126434,148.681622126974,173.930930143389,10865.9551992353,3374.11193581657,9557.44996890711,3755.26548244308,12.7330007311428,12.2804830824363,0.192087177438367,0.224707673769805,14.0381214203487,12.3476160790602,0.00312023928845967,0.00289288582297457,1.8399332884979e-06,0.000970594382190728,0.00561227867811278,2.26695338455766e-05,2.04027667113685e-05,1.06556604866818e-10,7.30078490775733e-06,4.30392057863086e-05,-781.981507310379,0.096083626860117,0.076977424510203,1,0.517910532937446
"linear",400,"stan",185,723.603,10436.1757479594,10927.2700985891,184.372597076779,240.845791701826,11963.3825619054,5844.52676550815,11461.0299743316,8228.1431033549,14.422515865688,15.1011951285292,0.254797999838004,0.332842444961984,16.5330748516872,15.8388370063856,0.00281630576138539,0.00257205130813921,1.5199754233172e-06,0.00094628765105888,0.00514187804237524,1.98731427919847e-05,1.82541215130368e-05,6.27058717546633e-11,7.44527282668546e-06,3.57555514789383e-05,-791.628840219055,0.085609963063342,0.064152218537741,1,0.502373707576162
"linear",400,"stan",186,1099.466,7598.85258721889,8466.6149888398,177.796299030499,230.418689507713,9340.21789449523,1508.93943191967,8284.82362225147,2419.89674086435,6.91140297855404,7.700661038031,0.161711502702674,0.209573274214676,8.49523122542691,7.53531589176152,0.00320290427538232,0.00279818331474784,2.39861005172317e-06,0.00103343601901816,0.00645782780259624,2.27915359519492e-05,2.05022091828364e-05,9.31086636042611e-11,8.99410030135524e-06,4.37609320501735e-05,-787.906198283723,0.0983060287302056,0.0792339094374775,1,0.514126483877049
"linear",400,"stan",187,754.011,7634.66174847508,8310.16877606403,169.242567398467,142.429651314229,10963.027507592,4364.19550612922,9851.55848171382,4167.30682235202,10.1253983674974,11.0212832121336,0.224456363897168,0.188895986019075,14.5396121642681,13.0655368180488,0.00306153733578318,0.00278342640450816,1.94289482995665e-06,0.000944293170698907,0.00574882713553999,2.29395875784361e-05,2.08406833720498e-05,1.00261756127719e-10,7.60106381312003e-06,4.28780706643037e-05,-786.65004412562,0.131148167864937,0.101275736761815,0.9625,0.517966772465667
"linear",400,"stan",188,1030.195,8409.04576587253,9518.18731800088,157.65906648394,201.194722789563,9053.25475259532,2839.18533928346,8906.63370751244,4904.13712503846,8.16257676058661,9.23920939045606,0.153038081609734,0.195297708481951,8.78790399156987,8.64558040711947,0.00313593486769819,0.00281079088743068,2.04351657757011e-06,0.00104030988152481,0.00590606590652216,2.12041036240314e-05,1.93974659535194e-05,7.950979233337e-11,8.4040716076754e-06,3.8990961763565e-05,-807.236156629915,0.0749969143295943,0.0611923228443091,1,0.51007742880098
"linear",400,"stan",189,847.337,9403.91238882491,9043.36657754574,137.129898782306,195.124803796514,9287.67892640744,1581.45392977033,7473.53578770813,3424.83790843389,11.0981963360799,10.6726917124423,0.161836316344389,0.230280046541711,10.9610213249362,8.82002767223446,0.00394190553830514,0.00353584034856897,3.57779035613514e-06,0.0012210766068883,0.00765754101527904,2.33698307888131e-05,2.1184131623854e-05,1.05645728155018e-10,8.03083266111904e-06,4.38793411437594e-05,-804.661553792154,0.0904869474905397,0.0755376945242502,1,0.530955273953521
"linear",400,"stan",18,903.27,9145.45361947538,8931.83236493418,76.0845195905512,140.600913152457,9265.8868491909,2095.62774587863,8278.59447623366,5413.95623431181,10.1248282567509,9.88833058214507,0.0842323110371774,0.155657680596562,10.2581585231336,9.16513830442023,0.00335967287194385,0.00291982962377229,2.95683401204116e-06,0.000904493808867833,0.00687425554736046,2.09787766524952e-05,1.92352765360708e-05,7.38453416537391e-11,8.26940053976754e-06,3.79008766521416e-05,-804.098892991144,0.102440321440464,0.0890250019751975,1,0.513618279956093
"linear",400,"stan",190,982.61,7986.0485805363,7983.99184064773,124.28294643858,124.185097126638,9519.68870703341,1301.03456915833,8698.33417966305,3185.72667765231,8.12738378454962,8.12529064496365,0.126482476708542,0.126382895682558,9.68816591224739,8.85227524619437,0.00286682550281427,0.00262932898360567,1.44867068775376e-06,0.00100159879571032,0.00522807934966285,2.29607859943932e-05,2.09064536607262e-05,9.23153949559448e-11,8.53362024888673e-06,4.18167470886161e-05,-777.685012516769,0.0921757927270101,0.0712312423415246,1,0.504625758187147
"linear",400,"stan",191,761.247,9855.58569862788,10150.8932953822,160.630116237503,210.441733955572,10624.0578414878,2069.61115790571,8847.63446542107,2281.58072553482,12.9466332197406,13.334559341951,0.211009194436896,0.276443432887843,13.9561244136105,11.6225541321294,0.00375478645245469,0.00338709012014474,3.1692044730422e-06,0.00114303936785093,0.00715659099379891,2.26258028323183e-05,2.00227797656509e-05,1.12134226931986e-10,7.39362871590357e-06,4.35907964492603e-05,-807.713370061252,0.0957945726956901,0.0762438896469803,1,0.522945696800438
"linear",400,"stan",192,972.712,8940.57886051213,8959.20216285592,200.253036202526,257.318621797581,9381.96976701561,3815.59405318641,8944.65576095484,6643.77503233515,9.19139360932334,9.21053936093717,0.205870839675594,0.264537316078738,9.64516708647124,9.19558488119283,0.00296231278650527,0.00271090189473164,1.62956379128183e-06,0.000996122160776651,0.00544423104697403,2.06279676533896e-05,1.90692471209807e-05,6.77206265541019e-11,8.46125414841268e-06,3.66391211410343e-05,-802.216705902576,0.0942565525286782,0.0688076581468328,0.9825,0.498424185211525
"linear",400,"stan",193,694.259,11796.599050471,11646.1430410372,238.247771978087,196.112980326384,11695.6390963417,5551.33164853124,10519.1770583795,3698.59222698318,16.9916400802453,16.7749255552138,0.343168431346353,0.282478124628393,16.8462189130306,15.1516610636369,0.00296969014656471,0.00274010872826869,1.48199011224091e-06,0.00108783686582122,0.00542951264806972,2.17631010304252e-05,1.99165976791681e-05,8.29029691332685e-11,8.06628577711162e-06,3.91165342568384e-05,-792.624451360798,0.0830363069036334,0.0666302791445779,1,0.504277867648357
"linear",400,"stan",194,736.872,11848.5280436534,11714.0509006989,226.23964881624,219.716640671808,11542.2383560992,6206.83110960853,10771.7902266469,6703.79538638866,16.079492834106,15.8969955442721,0.307027066866755,0.2981747721067,15.6638308364264,14.6182650808375,0.00276667462794632,0.00246814958108517,1.67907528414406e-06,0.000930039281133143,0.00535993396566967,2.26122007813896e-05,2.06114181975673e-05,9.28988474873478e-11,8.46684250194614e-06,4.27000739577235e-05,-783.70598884726,0.127272283098933,0.103955226406189,1,0.502200698638643
"linear",400,"stan",195,809.585,8713.63524725515,8782.44317095226,154.751132770276,220.141838353429,9374.50270544519,1476.05078874571,8033.57179154821,4788.35762700728,10.7630888013675,10.8480804003931,0.191148715416264,0.271919364061129,11.5793927820367,9.92307391014929,0.00423641739885318,0.00377038421160224,4.24768272288526e-06,0.00113595726919808,0.00830718109692135,2.26990364927381e-05,2.04244431329839e-05,9.58390891322548e-11,8.55525221836403e-06,4.26863394691985e-05,-793.405487277191,0.111286440192473,0.0891976576821891,0.9875,0.544463403418823
"linear",400,"stan",196,1002.055,8744.08058498803,9124.81981120763,172.576942527551,221.058172157751,9615.33955983111,3548.55229846545,8502.3136882029,5742.21412672558,8.72614835012851,9.10610676181211,0.172223024212793,0.220604829233676,9.59562055958117,8.48487726542246,0.002970223970596,0.00271640889471044,1.5335918678309e-06,0.00105614567021921,0.00542400207596704,2.15004701911802e-05,1.92515035407392e-05,8.65212685706316e-11,8.51523321518791e-06,3.92691109630769e-05,-798.904353310112,0.0875225305455873,0.0723074227333714,0.9925,0.506221548151099
"linear",400,"stan",197,734.957,9713.1039879575,9626.48566279315,114.513993857277,192.328918796052,11257.4830127599,2805.89220249529,10196.6264271402,6744.78088361658,13.2158806405783,13.0980256842144,0.155810467629095,0.261687307959584,15.3171995269926,13.8737727882587,0.00304680417416743,0.0027776161441302,1.81880140482966e-06,0.00105843661693289,0.00570546778392685,2.26974731307349e-05,2.06213599624545e-05,9.320546291687e-11,8.19913182310609e-06,4.09187541017326e-05,-796.97816307559,0.111912817448259,0.093645675518488,0.9925,0.516851280125484
"linear",400,"stan",198,745.042,10450.0362534369,11241.4846051788,223.217220375781,165.03526413681,11062.5748845607,3605.19793834334,10025.3976283286,3946.62660071459,14.0261035665599,15.0883904601067,0.299603539633713,0.221511356590381,14.8482567218502,13.4561509664269,0.00283873283645706,0.0026052889442741,1.4945089701364e-06,0.000955603727107038,0.00523256349991187,2.24913358942616e-05,2.02572787579556e-05,1.01338604135365e-10,8.48996146745733e-06,4.1664236407753e-05,-788.182300426829,0.106794159238153,0.0865333170326684,0.9925,0.493806218320872
"linear",400,"stan",199,974.657,8147.41787774814,8564.50127647698,191.074437984366,135.652107534035,9081.56671154494,2802.02297826509,8483.07039068466,5202.17190734226,8.35926677564327,8.7871951635057,0.196042749381953,0.139179329275874,9.31770531740391,8.70364691443725,0.00324860082336124,0.00296187266801619,2.02356851560769e-06,0.0011548157836741,0.00603032549997755,2.22730552580189e-05,2.04196258681979e-05,8.80257694337028e-11,8.42824114406535e-06,4.08935983472277e-05,-812.291480716431,0.12671034669987,0.0913172083755048,0.9275,0.520818870674689
"linear",400,"stan",19,734.423,11211.014269542,9800.61276312915,143.040950067395,219.276476982273,10933.8594179822,2672.69112095451,9515.09009386079,3675.53903930786,15.2650642334758,13.3446430233383,0.194766435783459,0.298569730226685,14.8876865484634,12.9558716078619,0.00358837207911812,0.00324310508173252,2.79500560570681e-06,0.00105466161517422,0.00688694626933736,2.28728983285621e-05,2.07155277675839e-05,9.93773287890008e-11,8.46393908583023e-06,4.25191449840895e-05,-789.34332993847,0.098197793503729,0.081932658967609,1,0.521550208353253
"linear",400,"stan",1,802.96,7902.48316446144,7159.61840462682,138.97454315377,170.297646707896,9661.55635891803,1779.05804375217,8291.61665018932,4247.84536284359,9.84168970367321,8.91653183798299,0.173077791115086,0.212087335244466,12.0324254743923,10.3263134529607,0.00380142964865423,0.00342160041840796,2.98692576015452e-06,0.00118008371203275,0.00723584971940367,2.4364422504584e-05,2.21969541958185e-05,1.16496948884708e-10,7.6612966307368e-06,4.39241827874608e-05,-804.053231101358,0.0963803718676233,0.0789808600571654,1,0.533572379907854
"linear",400,"stan",200,676.339,9498.93843208619,10458.9742411825,232.334329778049,234.947049632883,11218.119891911,5793.70521807548,11171.4194257615,7692.55575723805,14.04464097455,15.4641004602463,0.34351757000269,0.347380602971119,16.5865341077641,16.517485204552,0.0023872579741124,0.00224832155888524,7.47659131767337e-07,0.000948968829530126,0.0041269035178429,2.01643960797491e-05,1.85457491437085e-05,6.32502761062071e-11,8.22118622740515e-06,3.61727261747423e-05,-790.007501944062,0.0740218523339361,0.0604279416281057,1,0.484852129220068
"linear",400,"stan",20,918.246,8229.7127562684,9109.69688012485,213.185882912505,230.313215899872,9702.98225757429,6256.18838676554,9224.45012506627,6708.42223467085,8.96242701440398,9.92075857681368,0.232166416093841,0.250818643261035,10.5668658045603,10.0457286229031,0.00250171694093879,0.00233301731463156,9.70320433501951e-07,0.000919116544214346,0.0044375047916473,1.96199453731764e-05,1.83770720631465e-05,5.2261349121089e-11,8.63037400863162e-06,3.38281032037242e-05,-788.455558279216,0.0621917172077476,0.0513927797208023,1,0.487886257460044
"linear",400,"stan",21,733.256,11828.0614156114,9938.06893317137,116.075804009288,216.51424024398,10443.7689479463,2238.56846012366,9474.131589734,4755.87105820789,16.13087573182,13.5533414430586,0.158301880938291,0.295277829631098,14.2430051004647,12.9206328891056,0.00394571831999254,0.00344025148440898,4.09900288640051e-06,0.00111973687579906,0.00798559313165876,2.12737566407073e-05,1.95359164410658e-05,7.97296291584447e-11,8.08925816574639e-06,3.84107492142561e-05,-814.964325252383,0.0898781604718083,0.0744695045111549,1,0.53600391158576
"linear",400,"stan",22,789.038,9102.33154231437,9278.31485458965,150.757040760112,218.589532524475,10390.7050788939,2486.97579989522,8613.1237349393,3669.30158988141,11.5359862798932,11.7590215611791,0.191064360347806,0.277032959787076,13.1688272033715,10.9159808969141,0.00376757494427303,0.00348600813662806,2.60394424460469e-06,0.00120386451313686,0.00700450669970356,2.20882802170171e-05,2.01215897120607e-05,8.64316477832703e-11,7.81005564694311e-06,4.06012033686501e-05,-788.334528162652,0.107093821482584,0.0738602717888898,0.965,0.533665755530902
"linear",400,"stan",23,817.161,10016.3601718592,9612.22578855684,134.066753391622,171.738604726912,10270.8622162021,2444.44453653489,8359.45294526786,4903.10611947786,12.2575112760633,11.7629522071622,0.164064062518429,0.210164954919424,12.5689579118462,10.2298726264076,0.00331547161962931,0.00296196877847526,2.39578259696395e-06,0.00108441879918968,0.00638972424760759,2.10848978566151e-05,1.93718579932211e-05,7.4298105956346e-11,8.32930152688473e-06,3.90144591862916e-05,-798.49131081227,0.0896243347384833,0.0737767140662416,0.99,0.516172949725826
"linear",400,"stan",24,696.094,10327.320057489,10542.2986853775,185.476869865096,190.339233013101,11148.2010891172,5624.83471447342,10683.556084757,6211.07384520654,14.836099804752,15.1449354331132,0.266453768981052,0.273438979524463,16.015367305446,15.3478640596773,0.00275137079125948,0.0024671656748061,1.44894635155507e-06,0.000975689542842747,0.0052470352019117,2.13736195149596e-05,1.9782031982529e-05,6.85224724744869e-11,8.27473180225623e-06,3.83519085309593e-05,-782.412030264974,0.0762652697604757,0.0584256316221109,1,0.498410049793245
"linear",400,"stan",25,795.167,8888.58305455926,9756.28738942758,204.743350066688,238.004912118453,10769.7868883428,2200.78035908964,9386.04048488163,7023.74397365764,11.1782594782722,12.2694822464056,0.257484717130726,0.299314373104585,13.5440566426208,11.8038606794316,0.0031979471784616,0.00294400228579845,1.81243477743632e-06,0.00102599300292861,0.00588579063284191,2.18638528164972e-05,1.98998999687684e-05,8.52374640778661e-11,7.84721542544343e-06,4.01478093561545e-05,-787.059279926521,0.133019123940712,0.105753301850707,0.985,0.517149064415685
"linear",400,"stan",26,789.144,9330.283573211,9766.1073956921,170.678195829868,231.269556682416,10426.7870778231,4205.07776428139,9656.55460243164,3062.79111134036,11.8232966013947,12.3755707395508,0.216282701040454,0.293063821916426,13.2127812893757,12.2367458948324,0.00288355884481254,0.00257072456030878,1.88997113240474e-06,0.000933621134191756,0.00556362753252712,2.25527120743938e-05,2.06433581379237e-05,9.09427430070464e-11,7.76898089909247e-06,4.13265706010467e-05,-779.518644709188,0.128458821278688,0.100325588162931,1,0.511582858678881
"linear",400,"stan",27,948.597,8071.2100435589,8170.01300977342,200.400590274121,205.234308243075,9517.72502854346,3323.88373988401,8586.64078330763,4975.91871214557,8.50857639604479,8.61273334173882,0.211259987406792,0.216355637054592,10.033475784283,9.05193752806263,0.00282298573476337,0.00254579569241537,1.62182546099927e-06,0.000937924053081547,0.00537787275605499,2.10994969764617e-05,1.93656878569577e-05,7.33478026477053e-11,8.52143452497007e-06,3.68758048147356e-05,-794.964005889825,0.0921956916258122,0.0740401434323297,1,0.508656467708778
"linear",400,"stan",28,765.178,9144.67419179457,9896.70245235548,188.208463784475,176.763376419594,10689.4737028945,1964.09240083182,9267.02623533317,4082.76950893141,11.951041707674,12.9338565044414,0.245966904151028,0.231009485923006,13.9699177222744,12.1109418139742,0.00324470178381779,0.00287618990393646,2.33134255806851e-06,0.00107236793478258,0.00626524620105605,2.44047339447705e-05,2.15618640589302e-05,1.51608807049435e-10,8.87788809082426e-06,4.51961883459385e-05,-789.775419528073,0.106766118309155,0.0807352416801582,0.9925,0.516162807001869
"linear",400,"stan",29,755.947,9181.63592340594,9580.01465395614,216.4574167912,163.861760014328,11355.4421390989,4792.99046296283,10026.0711947767,5489.45509306983,12.1458725590629,12.6728654971263,0.286339408438952,0.216763556194189,15.0214792030379,13.2629287433864,0.00289034751479988,0.00268191204794338,1.35965596570369e-06,0.0010176243110606,0.0051220948441857,2.20848324876866e-05,2.00653794765324e-05,8.54455158783601e-11,7.74155908212284e-06,4.11266071480674e-05,-788.021442731347,0.0938664842654028,0.0743333021779492,1,0.509198196883014
"linear",400,"stan",2,720.672,11635.9595065831,11283.9129978128,196.471953231366,251.148317343999,11397.1861111397,3338.60353543386,10294.6960139157,4844.77670566347,16.1459852839893,15.6574877306358,0.272623264441197,0.348491848363749,15.8146648005469,14.2848563755991,0.00323264922565744,0.0029294106078105,2.08500306427214e-06,0.00104261938390413,0.00617559684582783,2.28136994272248e-05,2.06413443432601e-05,9.78750790850522e-11,8.28079488221765e-06,4.20220689017361e-05,-804.134618356359,0.102956948314732,0.0782950872075154,1,0.50939385099676
"linear",400,"stan",30,747.275,10636.3300784464,11315.864571759,186.932786194043,253.642226809391,11973.557036319,6368.85118711102,10468.0049177485,6059.94801366558,14.2334884459488,15.1428384085632,0.250152602715256,0.339422872181448,16.022959467825,14.0082364828858,0.00287986602466692,0.00267013728821861,1.32556756525691e-06,0.00100780453144266,0.00517825762691091,2.05891708618721e-05,1.92125651482565e-05,5.90127569891156e-11,8.39078801074414e-06,3.53594927320475e-05,-809.611569283846,0.0900010999912717,0.073638381790496,1,0.495568732061492
"linear",400,"stan",31,917.601,7992.83696008403,7826.63288775802,175.003502536142,184.160710136251,9845.82718781626,2891.86535277093,8163.08665205714,4716.85748902764,8.71058004523102,8.5294511315463,0.190718517673959,0.200698026850723,10.7299656253821,8.89611786828604,0.0031979492989086,0.00293181513287976,1.79216663365452e-06,0.00113246487734957,0.00593424576424672,2.10295536119838e-05,1.92121895522173e-05,7.66273300573054e-11,7.89666614355045e-06,3.76851922715466e-05,-808.685426111695,0.0979330502623662,0.0769002531034157,0.965,0.506765976955011
"linear",400,"stan",32,760.599,8985.24882146677,9499.14850148,163.038257054913,233.304034849593,11182.7892549979,5320.35524581577,10586.3435688375,5728.18610607312,11.8133850050641,12.489036274673,0.214355076794623,0.306737235849105,14.7026084112625,13.9184295125783,0.00294506827066228,0.00269576374103848,1.58379589026418e-06,0.00103244981452986,0.00541175520200833,2.1391788138621e-05,2.0107547100429e-05,6.13303344553627e-11,9.03671877282974e-06,3.78229658065958e-05,-824.869110843072,0.0789464164333198,0.0628605537068683,1,0.507105557214887
"linear",400,"stan",33,735.695,10151.5231918453,11631.0768676646,206.805163042378,207.399847025209,10935.7267208351,2200.05835151721,9933.51808463567,2670.81226255154,13.798548572228,15.8096451215036,0.281101765055326,0.281910094570724,14.8644842235371,13.5022231830251,0.00376657416853626,0.00343355488440273,2.77429865513852e-06,0.00123241233933591,0.00712167900624472,2.39209144125226e-05,2.17989381054992e-05,1.02755897218886e-10,8.53781004600432e-06,4.38077193550903e-05,-800.933306251894,0.117385925255652,0.087019578503968,0.96,0.533900566812578
"linear",400,"stan",34,791.287,9105.6911675368,10104.0586087229,193.970553160543,263.312963280454,10948.1043717845,5339.70368013119,9655.3899141142,5614.42578834001,11.5074444133883,12.7691452137125,0.245132996195493,0.332765435651608,13.8358198375362,12.2021338832992,0.00276039299495425,0.00252448433312276,1.26694953266005e-06,0.000969728042237745,0.00496176109075543,2.15789255983933e-05,1.98242197076487e-05,7.53873143098804e-11,8.30823147992413e-06,3.91221428021776e-05,-807.271293525876,0.104741611343605,0.0774866493969758,0.95,0.494259401772125
"linear",400,"stan",35,838.602,9178.33941523735,9478.59797375662,219.723374960212,158.852430561095,10184.181462646,5272.79661058227,9296.26317343146,4862.84682773514,10.9448098325992,11.3028563892724,0.262011508391599,0.189425294193306,12.1442370309706,11.0854292899748,0.00276992578375245,0.00251749251135752,1.44158640451171e-06,0.000972272164948754,0.00524848778503849,2.18593840466994e-05,1.9672101120743e-05,8.7467915598382e-11,8.69923421524727e-06,4.0283833461911e-05,-779.128848209117,0.104690842526371,0.0838668805985583,0.9975,0.512138019036436
"linear",400,"stan",36,745.698,10850.3749825939,10657.3491516429,208.444821269991,222.184244410505,11429.5431795757,3715.32032346648,10136.3393487081,5807.03660122418,14.5506290516991,14.2917764988546,0.279529811357938,0.297954727531125,15.327308346778,13.5930890906347,0.00305775415899901,0.00277105589681904,1.84568301397197e-06,0.00105155296821477,0.00588103482370827,2.25291355651716e-05,2.04995583198609e-05,8.92612243619943e-11,8.408442147935e-06,4.15744338991663e-05,-801.375688489583,0.131500917424526,0.11256739205626,0.9975,0.505324672475932
"linear",400,"stan",37,922.043,8093.30667954854,8529.41232176385,213.485835747643,224.545792279919,9271.05982482368,3379.88665746684,8900.92905568766,3897.44649471702,8.77758052449674,9.25055807783786,0.231535661295236,0.243530716333098,10.0549104812071,9.65348585227333,0.00294503849455488,0.00269258674911726,1.55956698078386e-06,0.00105333521933327,0.00544414734948377,2.15963749944343e-05,1.98029329396551e-05,7.65399075802118e-11,8.31001298853642e-06,3.81166794985378e-05,-783.530006777455,0.105426550910794,0.0783477939866196,0.9775,0.510417196380396
"linear",400,"stan",38,749.223,10025.6399092892,10324.0388313273,164.87223329445,133.992698339113,11089.9629128849,3247.78704214581,9836.4049989069,4228.5284234308,13.3813829918317,13.7796608370635,0.220057624091158,0.178842211650087,14.8019520394928,13.1288081104116,0.00331761747457925,0.00306254329452458,1.95495787393408e-06,0.00107079615869096,0.00609023814835255,2.18052511095543e-05,2.00102139289403e-05,8.00774154728427e-11,8.17723695423505e-06,3.92448178361501e-05,-798.976007418945,0.128642502326643,0.110029615128145,1,0.516855921110689
"linear",400,"stan",39,741.024,10435.180214326,10551.5096905498,191.162213089574,260.462594957887,10744.4251563178,2044.05464280547,9903.10605735674,3364.43021439685,14.0821082911296,14.2390930530588,0.25797033981298,0.351490093381438,14.4994293792345,13.3640827521872,0.00341515542015078,0.00306681968084944,2.74327999674831e-06,0.000973577673885682,0.00649709496569157,2.24427755611422e-05,2.04269740839763e-05,9.64562845821968e-11,8.32282946288112e-06,4.04742183736654e-05,-783.649519777694,0.0924398183006478,0.0751867494664128,1,0.522154727518894
"linear",400,"stan",3,718.275,10397.6715128402,10509.9783303822,175.084140417127,181.691313711615,11104.5048586421,1619.8438566787,9550.63698230391,2709.55729260622,14.4758922597058,14.6322485543589,0.24375641699506,0.252955085046277,15.4599629092508,13.2966300961385,0.00358527006827972,0.00332326382523622,2.53834533256415e-06,0.00105488759262012,0.00674775779573767,2.2977794598942e-05,2.05915479150985e-05,1.0952180299284e-10,8.15622838720448e-06,4.36879975785371e-05,-833.769899136727,0.0924021968592632,0.072934426321915,1,0.525170757266911
"linear",400,"stan",40,975.846,7605.19485691793,7927.67056336551,258.897355756454,212.327652724793,9365.41612094034,3648.99459947933,8463.53372979945,4042.6264483077,7.79343754743876,8.12389512624483,0.265305545912423,0.21758315628162,9.59722755531133,8.67302190079116,0.00301964358001967,0.00275348367327047,1.65957916970457e-06,0.00101832694185281,0.00565974448285902,2.23589481794933e-05,2.02092487970155e-05,1.02258782794844e-10,8.12072642988831e-06,4.08788223031171e-05,-793.560357134831,0.0806068463878019,0.0633442293695679,0.99,0.506743289038976
"linear",400,"stan",41,670.395,9574.4382564467,9571.20627609098,242.496997296609,219.283264833913,10296.1743483839,3112.6995393204,9856.53483699693,6149.9969694818,14.281786493704,14.2769654846635,0.361722562514053,0.327095615023848,15.3583698392498,14.7025780875408,0.0030253487179162,0.00268852023238386,2.07508550559273e-06,0.000936423564073478,0.00581311688853398,2.12327084194548e-05,1.9479227930381e-05,6.86606085017203e-11,8.86152786775345e-06,3.85003077512425e-05,-812.120239214704,0.0826708938073775,0.0659040802709864,1,0.504932997513085
"linear",400,"stan",42,749.274,9524.11059475909,10004.046692857,189.948367750979,262.625496935368,11868.4765323284,5635.18648870432,10783.5839757439,4346.54337195914,12.7111184890429,13.3516533242272,0.253509887906132,0.350506619654984,15.8399684659128,14.3920434657333,0.00257579114813882,0.00237122059576825,1.09324117434755e-06,0.000969515917266624,0.00464038936153771,2.13797884613781e-05,1.99745587887983e-05,6.46123261237158e-11,8.4384544309412e-06,3.73581495309486e-05,-799.824796553422,0.116715582222753,0.0900835002271926,0.9475,0.48355874324495
"linear",400,"stan",43,897.641,9587.46757200302,9132.1904850823,199.009011329778,165.278560210194,9966.00280128219,6399.0015960124,8996.9173301422,6698.01422559982,10.6807371454769,10.17354430678,0.221702229877844,0.184125457961695,11.1024371672887,10.0228458037703,0.00252889834099824,0.002349062264142,1.08429776080555e-06,0.000939818374657403,0.00461264781614268,1.99200633275613e-05,1.82087734781273e-05,6.18294349500926e-11,7.64073151673338e-06,3.61074426199502e-05,-794.007073679155,0.103142674149988,0.0839173336567486,1,0.48896588760066
"linear",400,"stan",44,700.079,7232.39769575026,7024.7281840315,251.190444774244,200.542710889689,11375.3831286351,5816.16856977556,9922.28750903661,4222.77284325249,10.3308308001672,10.0341935467733,0.358802999053312,0.286457258237554,16.248713543236,14.1730969062586,0.00289531379534341,0.00263538512201015,1.64091563499141e-06,0.00102388372208371,0.00539576164422548,2.30243007297529e-05,2.08450192503413e-05,9.64900844074292e-11,8.12860016303363e-06,4.37260992744413e-05,-785.155460190072,0.10139583795949,0.0776131988146571,0.9575,0.506445289837871
"linear",400,"stan",45,979.157,8148.60527619759,7074.74649055871,94.9351236111811,187.187225880123,8889.07819579444,2257.69648314543,8250.06287574575,3779.6532152077,8.32206201477147,7.22534434269347,0.0969559770406391,0.191171820127031,9.0782971431491,8.42567930959565,0.0029559944596807,0.00268859607459286,1.61688067159489e-06,0.00101561477907628,0.00545157054953824,2.24043687652591e-05,1.99413367744011e-05,1.08600225458682e-10,8.16075291562234e-06,4.22297343694467e-05,-781.446882929463,0.0993474744005164,0.0735157774894423,0.97,0.498750723395941
"linear",400,"stan",46,961.48,8272.98390926366,8818.98386054078,52.0196497179787,233.889557302278,8958.95712698421,2043.22781124377,8237.07799995148,4989.87576807177,8.60442641476022,9.17230089085658,0.0541037252131908,0.2432599297981,9.31788193928549,8.56708199853505,0.00311158921331823,0.00279378385545503,2.23100178704677e-06,0.000961246956273236,0.00611173573272578,2.29843857053854e-05,2.05945722316241e-05,1.12987319457531e-10,8.35460131327137e-06,4.26830976982774e-05,-813.256922557105,0.0892081775259386,0.0658012966942903,1,0.510032520591294
"linear",400,"stan",47,726.349,11959.650845386,11844.7500028447,230.216754409424,259.549245059955,12277.1781406253,5032.21362478218,11303.047159568,7556.80586071035,16.4654330705845,16.3072434915511,0.316950604199116,0.357334070894232,16.9025883433795,15.5614548372311,0.00269769497688522,0.00249852812662451,1.18796570659571e-06,0.000995008204695045,0.00492022029594219,2.07716906573558e-05,1.89855218254099e-05,6.89549546570613e-11,8.2038924262716e-06,3.7039597170019e-05,-806.68017103264,0.0721288642101222,0.0548221911184684,1,0.49443550041984
"linear",400,"stan",48,734.987,12153.7420314814,12078.440762417,223.262292234033,196.762825437539,12270.27084929,7657.44530370973,11600.1330340594,7809.79034450996,16.5359959175896,16.4335433992941,0.303763593415982,0.267709259398519,16.6945413310576,15.7827730749787,0.00256914388651529,0.00233825125605775,1.1653902822641e-06,0.000945563546075023,0.00476469771207193,1.91206898499751e-05,1.75821171519264e-05,5.59562265339646e-11,7.76290961157012e-06,3.36731990817276e-05,-807.414002175403,0.0843697253190161,0.0678269022793919,1,0.496843203507527
"linear",400,"stan",49,859.592,5227.34415553023,4050.11549338338,140.342666613687,161.71762740952,9408.06725283897,2826.79217504747,8096.68881848604,2767.17073450261,6.08119218830589,4.71167192503348,0.163266603939645,0.188133006600247,10.9448055040519,9.41922309477757,0.00310764367952223,0.00283486432595873,1.76653637102822e-06,0.0010731118060738,0.00569731072308194,2.42751430286093e-05,2.17839635445782e-05,1.13272810080038e-10,8.55284148002661e-06,4.57396553820066e-05,-787.546783782404,0.127417274103067,0.0988211800772966,0.98,0.513495560987989
"linear",400,"stan",4,857.504,8014.56244421675,8405.21730053209,232.895039730805,252.411358546931,10092.4204872926,4140.08018792725,8984.33507475723,5545.79866518346,9.34638490807828,9.80195695942187,0.271596447049582,0.294355896353756,11.7695316724966,10.4773098140151,0.00279665768450449,0.00254700740166853,1.38503285201522e-06,0.000969761086553386,0.00519743989420991,2.20067456689902e-05,1.99602051305382e-05,8.35081610199552e-11,7.72904252890365e-06,4.0318503222357e-05,-799.925686448657,0.084454275054724,0.0668677458919826,1,0.505366762947483
"linear",400,"stan",50,732.855,11225.995813865,11257.4128683117,207.98570147048,242.677358039124,11738.1009676899,4124.85710165638,10269.4565411836,3699.87269007709,15.3181677328599,15.3610371332825,0.283801981934326,0.331139663424721,16.0169487384133,14.0129446359561,0.00276730032236743,0.00251856047811689,1.45631750326355e-06,0.00103462021775074,0.00523278606513392,2.12351466647417e-05,1.9316963611436e-05,8.32195232826989e-11,7.80832522479489e-06,3.84017010863887e-05,-780.305983249706,0.10853924794067,0.0797995420227381,0.9575,0.504835361047508
"linear",400,"stan",51,642.538,11805.2439395828,11699.7991185037,152.969599912993,140.322322727363,10921.475828086,2170.72310705192,10391.7488324537,5387.81910078106,18.372833886218,18.208727139101,0.238070899951432,0.21838758599081,16.9974006643746,16.1729716101673,0.0033448570417574,0.00303288969642063,2.48824533062677e-06,0.0010222351426398,0.00650565376071249,2.25288715494739e-05,2.02176406765296e-05,9.11927738957723e-11,8.3213946039121e-06,4.27888507942078e-05,-809.852872599996,0.101457430488535,0.0799750953854761,0.9675,0.514826533876123
"linear",400,"stan",52,945.5,8076.62105285373,7848.60363043406,223.434112813995,265.443954567214,9769.65995210511,3562.60830368363,8450.03097480914,3680.00966641762,8.54216927853382,8.30100859908415,0.236313181188784,0.280744531535922,10.3327974110049,8.9371030933994,0.00301782024004212,0.00271982320987096,1.91926980524096e-06,0.00112387073557468,0.00567867015357743,2.41290959320056e-05,2.18524677409774e-05,1.08107544619235e-10,8.39899572506545e-06,4.43487908387745e-05,-783.129068584502,0.136784207928699,0.109608806472706,0.945,0.519053303356367
"linear",400,"stan",53,705.461,9524.00724301766,9791.13788262239,160.990897757697,154.065251682219,9980.76861218402,1660.34490259364,7920.59344908158,3422.02150187627,13.5004022093605,13.8790633112566,0.228206658848181,0.218389466862405,14.1478672983822,11.2275426268519,0.00388094093094104,0.00351216116128742,3.12725455026339e-06,0.0013419791898187,0.0074317404970174,2.45640509253844e-05,2.2234695160289e-05,1.19111233184492e-10,8.37116004481766e-06,4.60228073860088e-05,-797.292020238664,0.10932723222575,0.0894160735852658,1,0.539835158661927
"linear",400,"stan",54,726.898,8045.01961881708,8681.15514641705,237.266307472256,165.954872425888,10274.4126907889,2787.81177029916,8670.64204322401,4434.47044201795,11.0676045591226,11.9427418240483,0.326409355194615,0.228305584037772,14.1346003026406,11.9282788551131,0.0028947419284206,0.00264109939346611,1.46585227994461e-06,0.00111690342427033,0.00546915323007361,2.26520154194169e-05,2.05179996046053e-05,1.03430127508418e-10,7.83956574609472e-06,4.24578551734513e-05,-783.332749789855,0.0868097539934038,0.0724531064011894,1,0.499157571147016
"linear",400,"stan",55,673.785,8949.81285899908,10038.5148064316,191.068900221542,310.069395438347,10695.2851572995,3150.24678461589,9657.35559105315,5270.53402503275,13.2828912175235,14.8986914318835,0.283575473217037,0.460190410054167,15.8734390900651,14.3329928553666,0.00279906569137036,0.00251012654262557,1.65336888861637e-06,0.000936244882233377,0.00543042136241794,2.05613741412976e-05,1.88174808740595e-05,6.56365675773306e-11,8.20464598531159e-06,3.62882824881492e-05,-781.495238829427,0.112723670034342,0.0924270702341524,0.9975,0.493970345727524
"linear",400,"stan",56,700.762,10467.217787028,10912.1378844391,178.097102512972,145.619339004334,10074.1095365666,1376.79567311428,8608.82663936527,4467.01777607978,14.9369083754941,15.5718173708607,0.254147774155808,0.207801420459919,14.3759358192462,12.2849507241621,0.00360122445112215,0.00320570111632198,2.93532205536072e-06,0.00105145722726425,0.00707237220984083,2.27065708967564e-05,2.08226114124396e-05,8.69594529583277e-11,8.6530094415019e-06,4.11830761007294e-05,-799.278190525748,0.0930813988549185,0.074291390027276,1,0.523159634161719
"linear",400,"stan",57,667.26,11103.0201010506,10970.2049644536,220.158323065586,213.156731164947,11447.78310136,4453.88577980201,10381.9612741365,6212.87914217971,16.6397208000639,16.4406752457117,0.329943834585598,0.319450785548283,17.1564054511884,15.5590943172624,0.00310246831054382,0.00283047685955895,1.66277769770478e-06,0.00115409897422588,0.00575469636792721,2.16210936614157e-05,2.00283560205789e-05,7.67217321773245e-11,8.01429467750586e-06,3.94202244603554e-05,-804.136981976856,0.0811752457838979,0.0650792423945779,1,0.505081061370278
"linear",400,"stan",58,753.209,9308.12516627458,8235.00678277434,140.260595970586,204.816418951223,9748.30814544813,2506.00155993643,8631.49824398288,4055.89314064591,12.3579579721891,10.9332293995084,0.186217365924445,0.271925081818224,12.9423681148899,11.4596323782415,0.00316780838335149,0.00285339587587262,2.15168101783836e-06,0.000933899064260446,0.00609430112469746,2.19893482929096e-05,2.00046702328968e-05,8.83312858534603e-11,8.06999627103785e-06,3.94030323927961e-05,-781.03352550155,0.118547727916351,0.101562458588599,1,0.524686012499213
"linear",400,"stan",59,646.883,11053.7632748665,10355.6386820003,148.438969300491,150.694371211582,10372.9923584275,2044.3579724124,8514.42451839837,2937.81532678717,17.0877319003074,16.0085188233426,0.229468032550695,0.232954601081776,16.0353454309783,13.1622326114589,0.00411842335782236,0.00358936215064372,4.6173095955537e-06,0.00116102480369245,0.00841771391870977,2.46421555758087e-05,2.24027836863084e-05,1.14245361886536e-10,8.57118355650331e-06,4.63496772895815e-05,-804.555163593935,0.107225925140105,0.0833609030801511,0.9975,0.545494876684882
"linear",400,"stan",5,923.188,7432.83384181457,9211.82973283822,183.62315629425,265.7828991182,9297.8644137597,3077.69201648041,8683.53186727767,6713.99180105594,8.05126782607072,9.97828149070202,0.198901151546868,0.287896830459451,10.0714745141398,9.40602766422188,0.0028264184880114,0.0025588838629289,1.55672078899438e-06,0.000999187947871018,0.00522123367903213,2.02519729014016e-05,1.86623206738774e-05,6.33704193215126e-11,8.18721983143867e-06,3.60326180131362e-05,-804.38628194562,0.0741348544208643,0.0643505032770273,1,0.500737533828591
"linear",400,"stan",60,717.523,8115.42908356216,8278.10186912424,199.342165571979,205.797149898324,10378.7477828874,3690.05068243114,9431.72843045511,5010.39607023084,11.3103399940659,11.5370543789178,0.277819896466007,0.28681610192053,14.464690027898,13.1448447373187,0.00273111669602657,0.00250338242802034,1.34289644831142e-06,0.000954590146991389,0.00495964164890635,2.07568189119609e-05,1.86734286508589e-05,8.44563474694549e-11,7.44678304377436e-06,3.88258821672144e-05,-780.687292302493,0.0969419539462058,0.0826793907995369,1,0.492459565458199
"linear",400,"stan",61,741.047,11238.8213264607,11236.7112968458,215.434261019698,211.81730968483,12009.8665486284,5104.1224401435,10328.7405957404,5811.27672124693,15.1661383508208,15.1632909880828,0.290716055823312,0.285835189515415,16.2066192139343,13.9380371228011,0.00293250809925418,0.00269999748609288,1.59486651951179e-06,0.000931814258889858,0.00534898002650382,2.2097298746676e-05,2.01954224109439e-05,9.06665726022775e-11,8.44859432891273e-06,4.01207438326299e-05,-792.04219767919,0.122505945536606,0.10423190009026,1,0.508207076134932
"linear",400,"stan",62,832.37,8183.26474402027,9105.1972105484,199.746280929608,194.920297524105,10063.888929214,2062.53871985775,8761.25220277364,4921.23475130386,9.83128265557417,10.9388820002504,0.239972945840921,0.23417506340222,12.0906434989415,10.5256703182162,0.00335543701432545,0.00296629437971201,2.86277077530877e-06,0.00107268132532156,0.00630246909613724,2.11749027030514e-05,1.92348150043374e-05,8.33344086121942e-11,7.95897887344479e-06,3.82653187916616e-05,-808.176642754919,0.0894014976990729,0.0672629458274982,0.9875,0.519842837650014
"linear",400,"stan",63,751.348,11669.6604954489,11965.2155357868,211.179347527162,235.459206592625,11336.6590304239,3744.19955916699,10337.162632637,4670.93584247176,15.5316318076962,15.9249981843124,0.281067291757165,0.313382356235226,15.0884264421066,13.7581555186638,0.00299688527543584,0.00273673235763826,1.61040424556185e-06,0.00102212804004144,0.00551903066629822,2.07543966207331e-05,1.92584998077388e-05,6.73031134290502e-11,8.35135691131777e-06,3.72623555090578e-05,-776.996888374224,0.101082151437264,0.0801923578180316,0.9825,0.510964433408711
"linear",400,"stan",64,807.872,8863.32499466666,9353.69011547648,194.021225315303,270.980293055498,10571.3324720771,5094.77158506266,9817.09654603356,6203.72358684619,10.9711996388867,11.5781833204722,0.240163324530746,0.33542478642099,13.0854052028999,12.1517970000614,0.00253075285279384,0.00232331329297766,1.12231671139038e-06,0.000954635196261568,0.00473263959962443,2.0083277495315e-05,1.85669554017746e-05,5.79882611770419e-11,7.80785526353151e-06,3.56684848657341e-05,-785.76259934814,0.0833642540913326,0.0694435911197728,1,0.48636125085889
"linear",400,"stan",65,1006.32,8704.24127258447,9256.91016077245,193.535746361081,149.718811004869,9750.68412150992,3862.86567304713,8928.05342280027,3120.84509425562,8.64957595256426,9.19877390966338,0.192320282177718,0.148778530690903,9.68944681762255,8.87198249344171,0.00252928091888582,0.00234911630320534,1.01392345328321e-06,0.000972457149019068,0.00460805154943022,2.07399303822883e-05,1.87102609532584e-05,9.31827807174e-11,7.85942728447223e-06,3.82435980718056e-05,-796.472558714388,0.102155487851722,0.0782907961391029,0.9925,0.485444453318135
"linear",400,"stan",66,721.427,11663.9042752188,11693.3128902533,136.688038426272,152.728386515025,11741.0569977464,3978.97421947845,10525.7738988815,4773.27081243186,16.1678233213046,16.2085878269781,0.189468980820335,0.211703175116851,16.2747679221133,14.5902134226769,0.00287562458395228,0.00260344948046602,1.61003831995353e-06,0.00100072910942702,0.00547984289245778,2.22627133176876e-05,2.0222609682784e-05,9.5545664409462e-11,7.59197605711602e-06,4.15353532727617e-05,-798.693643620916,0.0960799772430545,0.0746055008123304,1,0.506610273474035
"linear",400,"stan",67,751.476,9884.93512810106,9492.31241178504,278.451900791732,259.683213331294,11498.838640533,5751.42913367749,10308.5468971539,5346.88006882292,13.1540263802185,12.6315576436041,0.370539978378194,0.345564214068439,15.3016711651909,13.717732698255,0.00270782426121185,0.00251609640539665,1.14210153151912e-06,0.00100572040994201,0.00483354990087844,2.08970813989999e-05,1.93251053521744e-05,6.65601909210505e-11,7.77758556459581e-06,3.64979262122374e-05,-812.813683381309,0.0878220388122472,0.0697519821313263,1,0.494579976571614
"linear",400,"stan",68,801.205,7672.83093036048,9185.68649126376,248.728715076094,277.130848761951,10802.1032684894,7243.17716105777,10092.8693597544,6572.58977901092,9.57661388828138,11.4648392000346,0.310443288641601,0.345892560283512,13.4823213390947,12.5971122992922,0.00232786624285783,0.0021326005442685,8.91915241047989e-07,0.000883873731133656,0.00418113573035112,1.97888916518826e-05,1.84053152728502e-05,5.58751497771633e-11,8.59934883766405e-06,3.44411227489065e-05,-812.556554379114,0.0946595099158907,0.0715536583195444,1,0.479523037939358
"linear",400,"stan",69,762.676,10592.4490992252,11059.1906356344,156.386342829149,209.607673910552,11098.9086957858,4848.13735787612,9673.96017149156,6223.74059293629,13.8885307774536,14.5005095684594,0.205049513593124,0.274831873443706,14.5525868072233,12.684233110117,0.00310730672930252,0.002833667774287,1.82395476376508e-06,0.00108319519853213,0.00575379475633923,2.20785637080933e-05,2.03623336161489e-05,7.2060062639186e-11,9.70111480310019e-06,3.88324148802533e-05,-784.956581287713,0.119612680787679,0.0900462298017452,0.9775,0.510735525600524
"linear",400,"stan",6,986.454,6831.0724429344,7039.51035072317,108.941503372212,178.546187083239,8044.27714961839,1291.75037517021,7029.8896158009,2683.01386270138,6.92487682439769,7.13617700442511,0.11043748960642,0.18099798579887,8.15474127492857,7.12642415743754,0.00420677099776376,0.00357659205834335,5.49076364867289e-06,0.00105706146721103,0.0087423344150476,2.50520157809808e-05,2.22419341480414e-05,1.42389854837349e-10,8.8430564629148e-06,4.88892024734473e-05,-787.968702996089,0.138787017896744,0.109124138871446,0.955,0.552711225016065
"linear",400,"stan",70,818.172,8432.9641714709,8824.40536392938,232.280985974793,181.115404175151,10145.4049168997,3415.10420900809,8714.84717202652,3763.68092517487,10.3070798945343,10.7855137598566,0.283902389686756,0.221365928160767,12.4000881439351,10.6516076962137,0.00279306748015752,0.00255104054722321,1.39191240237638e-06,0.00102018701169688,0.00518095504098045,2.30093641620335e-05,2.0336439240154e-05,1.31286772959233e-10,7.83147082304315e-06,4.31330168371206e-05,-791.923645937828,0.0918138026858495,0.0739676540606016,1,0.506405645458149
"linear",400,"stan",71,711.092,11511.4955390152,11886.2860992653,147.504346331116,182.164413909967,11204.7209875748,3067.76917989129,10586.0991476898,4929.81889393682,16.1884756670237,16.715539057204,0.207433561805106,0.25617559177992,15.757062359828,14.8871020173055,0.0032561404414832,0.00294472960301708,2.24766911205883e-06,0.00116271397401877,0.0061019142181392,2.22901524626889e-05,1.98079788906603e-05,1.13116306649608e-10,8.33347841604009e-06,4.17991409373807e-05,-803.738391336378,0.108449001223272,0.0896248510493015,0.9925,0.509180052775005
"linear",400,"stan",72,755.778,10512.2797929515,10068.1036704631,207.134786870624,311.070326836041,11568.235930488,4672.55295416084,10465.391811081,6521.71946603137,13.9092164537093,13.3215093194868,0.274068293692889,0.411589549889043,15.3063941137319,13.8471770957623,0.00269834138143715,0.00247254463214713,1.30755811380137e-06,0.00101187311977669,0.0049788222659781,1.98038908818045e-05,1.84249505179333e-05,4.94142730071962e-11,8.58021953195078e-06,3.42931701997606e-05,-841.366330356768,0.0798091829061618,0.0649345649847936,1,0.493040434098358
"linear",400,"stan",73,972.594,8462.41926078203,7987.46392304973,186.806913313306,195.640037643432,9413.67230727538,3769.89448340016,8165.76907333466,4140.25790544548,8.70087545345954,8.21253670395842,0.192070805817542,0.201152832161654,9.67893314916129,8.39586618191625,0.00275057310471168,0.00251463840580038,1.45671660508739e-06,0.000864034029783446,0.00512726156911831,2.31973090956048e-05,2.04834039652201e-05,1.14383889731903e-10,8.26048283948243e-06,4.47945739080566e-05,-777.013735789301,0.100467834597237,0.0827585588803904,1,0.50470256143136
"linear",400,"stan",74,752.231,9224.5903260274,9666.23159018326,176.247094652645,258.618042150938,11442.355765466,3144.34194704525,9998.84133942481,6279.9641293708,12.2629755035719,12.8500840701636,0.234299164289487,0.343801361750497,15.2112260269333,13.2922484441944,0.00325171256141936,0.00294012254328036,1.98706147496067e-06,0.00115320448312306,0.00602141918106383,2.18700565655127e-05,2.00655850330521e-05,7.04317271563712e-11,9.25368229390482e-06,3.94165328502921e-05,-801.166311658237,0.102839424447684,0.0812738404513578,0.995,0.508034568910601
"linear",400,"stan",75,1085.655,8429.90526306392,7183.42578562063,107.0111296022,214.234308126717,9890.14450367404,4474.58397155676,9063.20506582692,6681.89502064867,7.76481042602292,6.61667452885182,0.098568264874385,0.197331848632132,9.10984106707383,8.34814472905934,0.00275127021013191,0.0025004643308128,1.38738239414838e-06,0.000976697670696372,0.00508650955987955,2.0631240268652e-05,1.89808411488187e-05,6.53516428513981e-11,7.37160472695705e-06,3.65845352735207e-05,-800.405878295606,0.0820544327337911,0.0605608327195644,1,0.492362009386877
"linear",400,"stan",76,750.537,9214.56007339418,9185.80405481251,225.13679263701,221.749789364582,10681.7213477307,4899.89878463188,9206.74052957721,4278.0374601521,12.277289558535,12.2389756331966,0.299967613371506,0.295454840153892,14.2321049431683,12.266870959829,0.00305177180099567,0.00278538533410679,1.74233887863593e-06,0.00101646924038873,0.00553786293934923,2.29436094908064e-05,2.03598322898894e-05,1.17084435854857e-10,8.59209746985587e-06,4.39724573181854e-05,-770.79145739585,0.106051966980945,0.087368882625864,1,0.517545151839389
"linear",400,"stan",77,756.302,11240.025372549,11008.4332556416,192.743012468578,222.255346618426,10972.6638816427,2049.88657235885,9362.62625829286,3284.44562609194,14.8618215640697,14.5556051096541,0.25484926982684,0.293871160751163,14.5083100158967,12.379481025163,0.00343206124474709,0.00304429651207956,2.65709988667218e-06,0.00113789530406996,0.00683154736966475,2.35415733456861e-05,2.10739284713972e-05,1.11646113221813e-10,7.83322698367076e-06,4.39801875080124e-05,-779.815084482701,0.111703841504017,0.0929852046909352,0.9775,0.524163570205915
"linear",400,"stan",78,716.168,11968.4882762144,12472.4080020602,236.590057024551,256.385881284017,11653.4556299151,5704.84776267716,11238.0222983931,6031.89225662027,16.7118445339842,17.4154779354288,0.330355526949754,0.357996840523476,16.2719580181118,15.6918799756386,0.0029756968807942,0.00273709983551841,1.42948924543695e-06,0.00104741185584895,0.00534189574785171,2.11980093063126e-05,1.93667012821119e-05,7.37269853359916e-11,8.59848863330663e-06,3.92906903777367e-05,-785.4761561868,0.104917174712592,0.0816691800823028,0.985,0.513316702338394
"linear",400,"stan",79,1038.322,8701.60677636185,9843.89425919532,165.163541686781,184.793521566254,9610.39869459324,4282.97222814712,8822.99947077138,5372.70189429827,8.38045112822597,9.48057949190648,0.159067747468301,0.177973231392819,9.25570169426559,8.4973635064762,0.003051371868194,0.00278325475796169,1.78152604737762e-06,0.00106867249122293,0.00568888088706039,2.17340675947914e-05,1.95546205706538e-05,9.51465963914396e-11,8.52477774895899e-06,4.01286677730314e-05,-797.835607731783,0.115942986236081,0.0908892904326157,1,0.51379518968509
"linear",400,"stan",7,820.371,8853.76982475646,9575.58923339964,180.531862893314,253.371781316754,10338.3780117517,5998.74565156009,9483.68583485864,4332.57949412409,10.7923973723553,11.6722668565803,0.220061244111889,0.308850241313691,12.6020763919638,11.5602402265056,0.00264662041372743,0.0024677991434151,1.03195189593216e-06,0.00100503998801006,0.00463526712955561,2.16082554095272e-05,1.98125417980426e-05,7.58347586704191e-11,8.3265409357843e-06,3.87399421997034e-05,-787.542599269795,0.11581610845697,0.0924245111373302,0.99,0.500922108055117
"linear",400,"stan",80,971.504,7783.70169760884,8203.0485653122,193.302420108985,267.454068004369,9466.33816357618,4913.49769376131,8705.17506968512,6607.26322387688,8.0120119913133,8.44365907429326,0.198972335789647,0.275298987965432,9.74400328107365,8.96051387301042,0.0029109306971774,0.00269806114736152,1.38465697372661e-06,0.00104855000761896,0.00524720578516692,2.12095691513049e-05,1.96490195737641e-05,6.86827232544514e-11,8.35378195520117e-06,3.75968391899056e-05,-793.809113532867,0.100829415328723,0.079211737006248,1,0.504908415609989
"linear",400,"stan",81,889.21,8047.51899681529,8645.58008997912,196.436180135404,242.133132504949,9740.76957405397,2657.5311294793,8349.04097300776,4399.99430008179,9.05018949046377,9.72276525227913,0.220910898590214,0.272301405185445,10.9544084907434,9.3892792175164,0.00306598632805602,0.00281580842005269,1.71904748607686e-06,0.000983155382646074,0.00564794818325952,2.28240285663355e-05,2.07800298389582e-05,9.23215395042218e-11,8.62316183301869e-06,4.22661521221274e-05,-782.208225759591,0.166068996618487,0.124389205942639,0.88,0.519461497761797
"linear",400,"stan",82,744.382,10010.7310480551,10274.9961002196,193.03065400157,187.969339589881,11211.2464719535,3628.95020570333,10698.0653060922,5359.65611834813,13.4483787196024,13.803391404171,0.259316659996574,0.252517309109947,15.061146658508,14.3717409960103,0.00291313611916676,0.00263201473096596,1.677993521613e-06,0.0010592131285868,0.00561407534898865,2.1644471264672e-05,1.96755329500676e-05,7.87648008001553e-11,8.98775879007102e-06,3.92360877218165e-05,-784.261251088204,0.101850546957243,0.0791608233910392,0.99,0.512768776171128
"linear",400,"stan",83,816.275,8939.8590974497,9484.5245739295,207.258500390487,197.831714584209,9847.38850053959,3806.75364829518,8765.47237154838,3999.38547290533,10.9520187405589,11.6192760698655,0.253907690901334,0.242359149286955,12.0638124413214,10.7383815154799,0.003108559190664,0.00278489249041354,1.99643697090116e-06,0.00107939061891172,0.0060009016877437,2.24695143180745e-05,2.07016232699509e-05,8.76775120766630e-11,8.77310277915051e-06,4.01661848724692e-05,-785.780945906522,0.111068980413651,0.0921359723681088,1,0.509743583456833
"linear",400,"stan",84,773.664,8307.74486075604,9125.64445322636,145.499704105496,211.37812543816,10487.9932810288,3266.39270499991,9335.86562535971,4519.53273051196,10.7381820283173,11.7953587774879,0.188065754779201,0.273216959090975,13.556263805772,12.0670803156922,0.00324388529707805,0.00291089911756192,2.25070298031729e-06,0.00107207495014018,0.00623489031134683,2.3026875032015e-05,2.07864197055608e-05,1.00612823759775e-10,8.40551803719347e-06,4.32578884632101e-05,-785.092050287915,0.119579864687666,0.0964321110220325,0.9975,0.519016314582706
"linear",400,"stan",85,854.171,8394.08568042398,8568.38558554039,211.595852475644,262.205761022649,10086.6116852327,3841.59981536003,8940.96948344047,6283.06310997491,9.82717240508514,10.0312297953693,0.247720716900531,0.306971040953918,11.8086562119677,10.4674233653923,0.00290577762808391,0.00265402788774776,1.5143900122318e-06,0.000984085380851677,0.00530257619750663,2.2245459673503e-05,1.98155385859434e-05,9.87347429979598e-11,8.25533264182291e-06,4.16701871318299e-05,-792.907595233026,0.114936400975637,0.0927738583838718,0.98,0.502452969110669
"linear",400,"stan",86,858.586,7937.11300975089,8183.72649083024,248.098916149677,248.206461855004,10061.6946845348,4926.65143837053,8902.22829562952,4813.59252117852,9.24440068874974,9.53163281352158,0.28896221945114,0.289087478546126,11.718913055343,10.3684759542195,0.00291469382366808,0.00264247520182606,1.43946040393551e-06,0.00115911481047431,0.00547751088791244,2.07301518572673e-05,1.86156551523581e-05,7.87909609737797e-11,7.98017532060136e-06,3.93369923560242e-05,-793.088996882509,0.11864733244855,0.0906279275795141,0.9475,0.506965659235098
"linear",400,"stan",87,860.822,9660.73948533358,8876.799410371,209.015621618857,187.40064834411,9757.66742192349,3162.40996877738,8633.08428284321,4656.27900737005,11.2226912013559,10.3120034227413,0.242809339931899,0.217699650269289,11.3352904804053,10.0288843487309,0.00311095725671165,0.00282156679888656,1.87371308275458e-06,0.00103187774219875,0.00584315371155092,2.11512400162723e-05,1.9036704867174e-05,8.66289578562055e-11,7.96325745456056e-06,3.92815065001506e-05,-806.652564950308,0.0991246903120089,0.082807631628281,1,0.50326084420114
"linear",400,"stan",88,779.384,8184.36892427299,8334.02547097833,212.12578418965,209.975958184119,10727.4212824614,2528.71241470834,8963.80855566309,5133.13734232166,10.5010738278859,10.6930928412417,0.272171078941382,0.269412713353263,13.7639742186924,11.5011452065517,0.00316242766675881,0.00286957168495103,2.03696879122188e-06,0.00103379604587653,0.00593722731991025,2.2415860774518e-05,2.04485795952436e-05,8.48338102816251e-11,8.91031340496443e-06,4.02231908522914e-05,-823.824111542129,0.112070713466014,0.0865543203978434,1,0.508578625721357
"linear",400,"stan",89,1143.408,9145.75064327464,9774.64610788809,196.369648227074,226.59200533784,9874.02393900032,4578.77725094418,9421.83481566905,6429.08639172564,7.99867645081602,8.54869487347307,0.171740663199028,0.198172485532584,8.63560858328814,8.24013371925774,0.0028900914585719,0.00260970657566547,1.66245327186043e-06,0.00106476429507875,0.00541525697111506,1.97397545503746e-05,1.82125231680369e-05,5.59588183672156e-11,8.020330706966e-06,3.4681139718289e-05,-809.088408630538,0.100657202167059,0.0809235140543199,1,0.501946970347604
"linear",400,"stan",8,1001.12,9314.27404742203,9947.06899792504,223.276940300349,214.113850042417,9191.27511197226,5317.30585781388,8698.32487035443,4798.74650861913,9.30385373124304,9.93594074429144,0.22302714989247,0.213874310814305,9.18099240048372,8.68859364547151,0.00294213649984691,0.00272702076288725,1.3861785153552e-06,0.000986080863176546,0.00532354857349428,2.21489406874423e-05,2.03285130390449e-05,9.2484234685369e-11,8.98001909218596e-06,3.88828122167418e-05,-784.874597544857,0.110172582751635,0.0844241520584421,0.98,0.506210003370219
"linear",400,"stan",90,717.923,12179.7520243355,11462.5762092477,151.589026350335,186.015199712078,10700.9591388789,1830.45523292258,10506.5445174318,7618.37762790225,16.9652623252571,15.9663030843805,0.211149421804755,0.259101880998489,14.905441306211,14.6346398115561,0.00356853682023507,0.00311516577048278,3.17931187997693e-06,0.00110551695143837,0.0073069819592106,2.08273541430625e-05,1.86556329738865e-05,8.08431961560424e-11,8.26321915698576e-06,3.87391326011114e-05,-830.427133190548,0.0908812759933953,0.0766274578552035,1,0.524057148464745
"linear",400,"stan",91,722.494,9687.6892046523,10866.0686173583,204.765593149288,260.687773870208,11824.2658983324,2919.21629389173,10967.1341872094,7361.70831697148,13.4086777255622,15.0396662357865,0.283414939292628,0.36081652424824,16.3659018598527,15.1795505391178,0.00289081574597158,0.00259054294917848,1.76029788334033e-06,0.00101517140131754,0.00558383385486343,2.1546057704677e-05,1.92435972268991e-05,9.3594060871797e-11,7.59938792778832e-06,4.0342077776643e-05,-807.122105089245,0.13244357452216,0.102208828124558,0.9575,0.508556081668246
"linear",400,"stan",92,788.46,9178.4890050986,8935.94741833374,202.239545790741,269.635350570195,10620.7163115338,3412.31942834485,9655.69581295925,5888.59992012159,11.6410331597019,11.3334188396795,0.256499436611548,0.341977209459192,13.470203068683,12.2462722433088,0.00314298309296788,0.00288862078908106,1.77201977284366e-06,0.00107358178794233,0.00578490645631083,2.20014351705554e-05,1.96855262286841e-05,9.56734382936945e-11,8.20531091573035e-06,4.03065951077224e-05,-792.297505163973,0.105436132338726,0.0877880963250448,0.9775,0.507901866804893
"linear",400,"stan",93,821.241,9780.80215051328,9768.80842783453,80.9602365252878,222.137541103229,9884.76416557245,2281.46946554053,8523.94670263708,4831.47352610362,11.9097830606525,11.8951786720762,0.0985827991116953,0.270490076729278,12.0363744206298,10.3793486962257,0.00357648688788026,0.00318556200126245,2.94699965903537e-06,0.00110616850946454,0.00714754654098595,2.18400294477944e-05,1.99767702801049e-05,7.95766745492025e-11,8.29480702225948e-06,3.91041223424943e-05,-817.50954287991,0.0793483207829482,0.0648760243997185,1,0.524102591083864
"linear",400,"stan",94,859.581,8084.61736253735,8854.39292880383,84.4577104736782,173.651036186551,9672.62633165383,2345.35943582606,8951.59790876486,4933.72832225165,9.40530021317054,10.300824388631,0.0982545105972308,0.202018234682422,11.2527223515339,10.4139085307433,0.00328001288514375,0.0029586308014585,2.13816518777766e-06,0.0011313202518764,0.00630582966384032,2.1553845651766e-05,1.96545537654471e-05,7.97510067689492e-11,8.6275867906886e-06,3.85308203971382e-05,-810.998381706516,0.0771532065942767,0.057881800880537,1,0.512316372661713
"linear",400,"stan",95,862.381,7535.92981969445,7779.12195241479,178.7450362815,167.881304535002,9415.18640309847,3140.21648359174,8254.64136686621,3406.46488410965,8.73851559773981,9.02051639868549,0.207269218920059,0.194671849837835,10.9176644697627,9.5719193336428,0.00310723461030953,0.00279930868921393,2.04617738908035e-06,0.0010782497598535,0.00599827053506835,2.35988115523419e-05,2.1253227709595e-05,1.04030900683297e-10,8.58576663858997e-06,4.46673400242293e-05,-780.810920894881,0.132743993411159,0.102383740031426,0.9075,0.5150133713861
"linear",400,"stan",96,746.008,10657.1274857353,11006.4293475385,181.672084413538,231.888314930975,11723.4923306226,4810.79347433085,10697.0186113382,6415.23443450116,14.2855404844658,14.7537685219709,0.243525651753785,0.310838911822628,15.7149686472834,14.339013269748,0.00288293897207115,0.00262978047949021,1.46715230805493e-06,0.000982444917738172,0.0052651335761078,2.15570904795209e-05,1.97967847360845e-05,6.96696809598018e-11,8.86206358048065e-06,3.77577954429365e-05,-765.64523874243,0.113671977425319,0.088977046041878,1,0.512027313321631
"linear",400,"stan",97,707.225,10261.5206103376,10239.6648936878,187.540562174052,218.569620209023,11893.5386790864,3952.63073354107,11149.3431376293,4685.80403905095,14.509555813691,14.4786523294394,0.265178072288242,0.309052451778462,16.8171920945758,15.7649165932049,0.00280783963614512,0.00252648742409944,1.54466594413718e-06,0.000981247710720973,0.00538296161615575,2.08321466124576e-05,1.90986597845062e-05,7.63188208772404e-11,7.3065794004032e-06,3.77012140653272e-05,-791.088768807544,0.104939864627529,0.0896922182666841,0.98,0.500549408613791
"linear",400,"stan",98,713.294,12188.1871075759,11616.4278110548,210.416061602519,214.151421975381,11610.1240852184,4014.08875179386,10913.7874806113,6063.95224338271,17.0871857993701,16.2856098762289,0.294992053210203,0.300228828470982,16.2767723900922,15.3005457505759,0.00277150393091654,0.00252418169082886,1.3811512170242e-06,0.000984443141638759,0.00511927478071095,2.18615587008724e-05,1.97087853379936e-05,8.6450683494937e-11,8.72915345068845e-06,4.0252394049281e-05,-785.521213045791,0.0697936185008387,0.0519164022301673,1,0.501533721151799
"linear",400,"stan",99,928.861,8232.77623553509,9583.6806947874,239.572770726199,197.507634039577,9904.58351137497,5404.94668962821,9340.22339042922,6103.07301582369,8.86330272832543,10.317669376567,0.25792101372132,0.212634219802077,10.663149288618,10.0555663230873,0.00259634227886963,0.00238244175698513,1.13285656454478e-06,0.0010088173296193,0.00475916206828168,2.05654534350443e-05,1.89121241653654e-05,6.6018303949013e-11,7.88374666916456e-06,3.66190647553659e-05,-791.866947052781,0.0800471699907858,0.0665252000379748,1,0.493557912861053
"linear",400,"stan",9,739.238,12070.089261611,10569.3986445341,203.882667582947,152.03527722602,11706.3900284175,5461.62094992255,10770.1704512783,5773.42218682449,16.3277445986421,14.2976939017395,0.275801118967027,0.205664856549609,15.8357525295202,14.5692868214003,0.0026646870008689,0.00243885956801067,1.20046463009548e-06,0.000928800642671792,0.00482306788366735,2.21263331566069e-05,1.97641632422772e-05,1.0368790544103e-10,7.57255045579917e-06,4.34414076763862e-05,-793.263313039437,0.108898534748862,0.0824642581339688,0.9825,0.501807057702444
"linear",800,"stan",100,2267.559,9615.04988111367,10159.4815990707,108.596850398362,143.66423284501,10514.1713244358,5051.21237115396,10645.9092780218,7597.89569173911,4.24026447872522,4.48036042240608,0.0478915214106281,0.0633563372970714,4.63677960504479,4.69487641910167,0.00203620102891771,0.0019044456377855,4.84075521381317e-07,0.000903000598816241,0.0034212398821346,1.2089046511016e-05,1.13976674456703e-05,1.3335658837137e-11,5.91218958962553e-06,1.95321117725083e-05,-1589.98748230121,0.0941691452965914,0.0773600923635057,1,0.460459703904394
"linear",800,"stan",101,2561.47,10652.6520149526,11419.5726565363,114.17426382343,142.821771069053,11636.5647120643,1945.04917067433,11832.9114182627,5316.87372282393,4.15880413003184,4.4582105808525,0.0445737267363777,0.0557577371856994,4.54292445824636,4.61957837423927,0.00228795746562464,0.00217319014440505,6.75263289836735e-07,0.000915002395878614,0.00387500557620825,1.28394727603718e-05,1.22065414767006e-05,1.59158894999278e-11,5.98595186718005e-06,2.02517702922489e-05,-1595.30908015948,0.0916427875689952,0.0743923273434332,0.99625,0.470036991807558
"linear",800,"stan",102,2621.456,10696.4992143932,12099.3694071292,95.025598164526,136.502469462515,12194.5698774898,3800.06317048922,12075.4667442252,7829.85463508371,4.08036572591459,4.61551496844854,0.0362491677008983,0.0520712418833331,4.65183084419108,4.60639688181881,0.00206256830762692,0.00192530765342903,5.57038990160732e-07,0.000895404545433216,0.00349056935144172,1.20156612639992e-05,1.13571866970819e-05,1.41957242041641e-11,5.70003972359921e-06,1.92497316599703e-05,-1604.29394894467,0.0716587945833876,0.0580332859657579,1,0.461301790925283
"linear",800,"stan",103,2627.191,9255.29225709337,9216.52718134793,211.770382878927,176.124631744036,12412.1683598083,7122.72068593809,12411.4768233909,7375.54882239148,3.52288518691385,3.5081298547947,0.0806071514704972,0.0670391424696706,4.72450170536072,4.72423848261923,0.00202254399752783,0.00191881775824259,4.11875899557243e-07,0.000952755439968828,0.00332985291464333,1.32716363765497e-05,1.2605173085382e-05,1.67967691217153e-11,6.43265481484121e-06,2.14486356718385e-05,-1589.30004929264,0.0991307494159851,0.0807557930940544,1,0.464821911805202
"linear",800,"stan",104,1637.059,8090.78379503929,9076.58584652769,158.133824840993,223.406793146508,10666.3436947119,4628.83857538115,10360.065274753,6676.70407261875,4.9422676855503,5.54444638008019,0.0965962893463171,0.136468382108714,6.51555239897394,6.3284617565726,0.00195682369761652,0.00184811820082422,4.40131185641419e-07,0.000867515781415304,0.00324625032285206,1.23188113286279e-05,1.16582523442065e-05,1.63332274828392e-11,5.36374349815921e-06,1.98417219639664e-05,-1598.13650284829,0.0859708675563364,0.0711849457364487,1,0.454621154425022
"linear",800,"stan",105,2506.913,10899.3407309014,11261.6996339222,97.1137186976618,143.203886767586,11474.5021936585,2503.87995461728,11534.7979836808,6488.69092232707,4.34771399362541,4.49225786212853,0.0387383681434744,0.0571235965378878,4.5771441584365,4.60119596638607,0.00226873726134503,0.0021192313422573,7.16810942658612e-07,0.00093276360649808,0.00400504694833462,1.24657543924531e-05,1.1695438895702e-05,1.66822894279278e-11,6.16746820411967e-06,2.10011240820285e-05,-1602.40048299738,0.0901776462543202,0.0732676957697739,1,0.469188614292408
"linear",800,"stan",106,2583.469,11804.7738731672,11816.1363258619,142.824744386764,202.264473049196,11659.6489597816,2977.15661436106,12102.4777948186,7677.78376012584,4.56934992181722,4.57374805962911,0.0552840945204931,0.0782918134683235,4.51317548605446,4.68458409790037,0.00234010871337748,0.00215087778135346,8.37927229812406e-07,0.000922352699306119,0.00414154620283178,1.2707188390375e-05,1.2126075999986e-05,1.51245931938914e-11,6.37196020366041e-06,2.04892756812557e-05,-1595.86964830986,0.0842907441014189,0.0693236137567387,1,0.470766287756794
"linear",800,"stan",107,2600.668,11872.7360799919,12174.8769184983,140.749872812319,185.239408092067,12145.033238233,8080.24850381163,12155.0076248616,6127.76073209902,4.56526403216092,4.68144219811923,0.0541206616193684,0.0712276261683796,4.6699668078482,4.67380212501618,0.00192102519326144,0.00182263508298592,3.78684994738136e-07,0.000883917311707044,0.00312017488666612,1.23368903649654e-05,1.15557096523926e-05,1.65320687968123e-11,5.96926654847049e-06,2.02319055590486e-05,-1563.31033113411,0.10447788353589,0.0834406364231662,0.98875,0.461447988763697
"linear",800,"stan",108,1641.492,8735.57437544018,8773.84473993547,167.889995446914,191.332820595996,10795.67059789,3340.24055601167,9916.24001813791,5322.22380484834,5.32172826638215,5.34504264409176,0.102278899590686,0.116560312566857,6.57674274251106,6.04099198664258,0.00228389936285163,0.00213670420413662,6.91574964083773e-07,0.000907501441833776,0.00396167867426693,1.30905669598552e-05,1.22808831540461e-05,1.93981755351704e-11,6.08451772747496e-06,2.24766886501186e-05,-1610.59125535636,0.0935998928790862,0.0733503894370366,0.995,0.468675504729531
"linear",800,"stan",109,1978.372,9451.46544723561,9925.18452845599,117.609584073771,149.346471232427,9846.96534622011,3743.07164458074,9685.7821422275,6587.02366650826,4.77739547832036,5.01684441978353,0.0594476590215444,0.0754895799336156,4.97730727397078,4.89583462676762,0.00217107955222404,0.00207818082962908,5.27665749627673e-07,0.00096707172514439,0.0036380106855403,1.25807466988427e-05,1.18530036271589e-05,1.56029394435653e-11,5.87113143700727e-06,2.04763613030537e-05,-1601.96256376122,0.0801968318167611,0.0669254909776892,1,0.465528473044721
"linear",800,"stan",10,2672.824,12132.2901499112,12224.4793927623,161.606287838144,189.719925828761,12251.87115391,3538.63182598445,12602.978737041,9808.63285162631,4.53912795975762,4.57361928535599,0.0604627494508221,0.0709810768792712,4.5838675325835,4.71522956133325,0.00208689411773114,0.00197797200104514,4.64712615412364e-07,0.000978468854015292,0.00342442390027621,1.22306725388407e-05,1.14652479347551e-05,1.64123838229346e-11,5.63173971323094e-06,2.01451538756477e-05,-1606.13290002632,0.086525066308292,0.0654580660322014,0.99625,0.458079750082574
"linear",800,"stan",110,1878.917,9094.24391008437,10395.1236633933,153.89055663228,182.110303745928,9711.24402790532,2892.2510710749,9944.42296760007,5927.52659324025,4.84015201846828,5.53250817539749,0.0819038609115144,0.0969230166877663,5.16853273875606,5.29263558081601,0.00227056388770066,0.0021222700516498,6.60272353113461e-07,0.000911683277404982,0.0039156288075675,1.23292793445357e-05,1.16408260340751e-05,1.46859295945535e-11,6.15946066352877e-06,1.99949943007145e-05,-1581.60885220259,0.0936932298581217,0.0728164871814462,0.995,0.473398327623828
"linear",800,"stan",111,2294.591,9123.53633119012,9544.87129480483,130.381255215629,161.092228480506,10593.5800477088,4475.42771951347,10403.0501253581,7615.75849747186,3.97610568994218,4.1597266331145,0.0568211307442716,0.0702052036639672,4.6167617879216,4.53372741606592,0.00222220316538667,0.00212085627378242,5.87973621341591e-07,0.000915915089272649,0.00376713437263876,1.19922620473624e-05,1.12198928187472e-05,1.49085521210553e-11,6.01138058138546e-06,2.0310825776064e-05,-1565.813222491,0.0714124069612777,0.0574998747118307,1,0.470084118126184
"linear",800,"stan",112,1724.826,10331.8633124879,9069.56558100106,135.175176281237,190.603028072315,10515.4891655873,3921.19404956526,10050.8293000107,7521.01407551477,5.99009019604753,5.25824957474033,0.0783703262133322,0.110505655684872,6.09655070458542,5.82715549279214,0.00208721334711594,0.00196165332542787,5.42580105629293e-07,0.000943228063367123,0.00353110642386192,1.17839810771887e-05,1.13094901378455e-05,1.17362008265038e-11,6.00575507770164e-06,1.84139907692207e-05,-1608.08607309238,0.0876483576618469,0.0706239329294424,0.9975,0.459443198652666
"linear",800,"stan",113,2283.619,8714.28605023372,8641.55540971155,104.347289939934,101.642161302443,10198.1558701121,1745.63109727978,9815.48109569441,5718.12207327404,3.81599822484999,3.78414937417824,0.0456938263081251,0.0445092466398481,4.46578692422516,4.2982130975852,0.00265385602461463,0.00247338126879239,1.0615254587608e-06,0.00101504600784774,0.00467499729584022,1.33165374015717e-05,1.26355711264018e-05,1.96050654784132e-11,6.07852696439377e-06,2.2109598210638e-05,-1568.76361558978,0.094167891091789,0.0763043885022409,1,0.485707405609076
"linear",800,"stan",114,2397.172,10148.7903386667,10893.5293269161,208.988977728857,159.52939360081,11028.0516574977,4744.71266736065,11170.0250186709,6323.34913696843,4.23365129355204,4.54432528284,0.0871814695519794,0.06654899756914,4.60044237856009,4.65966773292484,0.00211790435033607,0.00200517024543282,4.78437152727485e-07,0.000962243177310989,0.00355960418362833,1.25246766112921e-05,1.17242238016612e-05,1.98988543731283e-11,5.6205271832538e-06,2.0820356694514e-05,-1609.06669358841,0.0936071054906417,0.0709081669942088,0.97625,0.462133401612818
"linear",800,"stan",115,1959.184,8264.3438717905,9184.06222885341,145.887065900343,136.949253623533,9677.18140809178,4215.24477493337,9885.39496756174,5844.88109356756,4.21825814818337,4.68769764802765,0.0744631774761038,0.0699011698868165,4.93939385381454,5.04566950708138,0.00209910797916684,0.00196057399076517,5.62798781826473e-07,0.00093088026645302,0.00364896610182192,1.22484287855781e-05,1.13401021779514e-05,1.75124184502965e-11,5.44036975713864e-06,2.07169888007012e-05,-1590.56169731672,0.0852118757473588,0.0686504732422376,0.995,0.46498013590158
"linear",800,"stan",116,2728.57,9215.50675082992,10925.6756431976,143.499025087223,140.974171789209,12496.9276287115,3920.51376956946,12653.0656398126,8754.45044837972,3.37741261936836,4.00417641592394,0.0525912932734814,0.0516659538839793,4.58002823043262,4.63725161524628,0.00209136471280672,0.00198446913088202,5.06737549418058e-07,0.000951725656320234,0.00354038292195905,1.18691198619001e-05,1.1220484614245e-05,1.48786292445362e-11,5.48093739927888e-06,1.95484356789917e-05,-1622.00454631563,0.0785693631891951,0.0593477165060639,1,0.463397178688542
"linear",800,"stan",117,2152.81,9005.16569207172,9273.45970830155,188.307352211135,175.675222964997,10109.0279742356,5044.98232643442,10125.7162548657,7438.51717408092,4.18298209877867,4.30760713128495,0.0874704930816632,0.081602753129629,4.69573625830224,4.70348811779287,0.00193945568077965,0.00182234967357293,4.37963323635075e-07,0.000874457676824639,0.00334765040884899,1.1490801825434e-05,1.08283423776202e-05,1.28144450304058e-11,5.60579289338799e-06,1.88870480873398e-05,-1593.34706000039,0.0791882551804612,0.0631997916725373,1,0.459777686794972
"linear",800,"stan",118,2695.826,10995.6833611279,11626.5548412941,177.563676421187,188.166113258672,12187.6136371084,2879.31823710339,12309.950392226,6634.14388759494,4.0787808119396,4.31279869000969,0.0658661487874913,0.0697990572309461,4.5209199841193,4.56630004763882,0.00197626959846583,0.00185819557093676,5.06216360951682e-07,0.000851331816141803,0.00328000797561421,1.22225161847946e-05,1.15910245998155e-05,1.32952572007289e-11,6.50770153002646e-06,1.96813424475313e-05,-1626.20293640288,0.0912531735726771,0.0712078674478857,0.985,0.454957634674488
"linear",800,"stan",119,2058.57,8772.62853175311,8737.15721826043,172.062875683306,171.986801333864,9671.87249361509,5703.81087787095,10188.5296167549,7736.42205690964,4.26151577636569,4.24428473078906,0.0835836894947979,0.0835467345457595,4.69834520740859,4.94932385916188,0.0017874548035208,0.0016762595581692,3.69659312979644e-07,0.000783703836536051,0.00297345374159498,1.17614035554913e-05,1.11502430074336e-05,1.17250374394831e-11,6.18920168035718e-06,1.88403479300681e-05,-1576.50518211128,0.0898703181880542,0.0735027593760318,0.99625,0.451216452487334
"linear",800,"stan",11,2354.166,8336.5393192539,9744.9012248641,105.808621046093,157.270084284454,10231.6437645805,1771.16170821481,10380.0532039431,6812.81574261732,3.54118584639057,4.13942824119629,0.0449452676854958,0.0668050104726912,4.3461861927241,4.40922738835881,0.00248795326440565,0.00231430437078704,8.72126783454001e-07,0.000901411705641553,0.00428703832386634,1.22714266939204e-05,1.16067188239935e-05,1.5674044521188e-11,5.6049919268991e-06,1.99312536324465e-05,-1630.55607861941,0.0724047835897667,0.0601988316506323,1,0.475947523285411
"linear",800,"stan",120,2593.419,11646.9565104983,12090.6126511398,165.003341284768,160.790496742362,12102.0436835753,4925.82900900225,12026.7819515923,6246.90466700014,4.49096598370657,4.6620359653183,0.0636238653625842,0.0619994288398295,4.66644367284086,4.63742339806728,0.00218072283639822,0.0020381411116905,6.6275234180314e-07,0.000917956604941958,0.00369922524115341,1.31844664662277e-05,1.25033330977956e-05,1.8201034112252e-11,6.09745032636858e-06,2.17780288275701e-05,-1564.62195268951,0.124146862397161,0.0933769206309713,0.95,0.47185082358659
"linear",800,"stan",121,2299.232,10263.4951454476,10491.3206719731,138.940196685993,153.219708622719,10361.1599772612,4128.38663099429,10462.55004894,6925.31609246461,4.46387974134302,4.5629674047565,0.060428959185499,0.0666395164223181,4.50635689537254,4.55045425991811,0.00236913231518043,0.00218604035104257,8.83200095542049e-07,0.000957819364238781,0.00422678946588627,1.20386646335476e-05,1.13743080124439e-05,1.57589252683618e-11,5.78286708759962e-06,1.95947384715883e-05,-1637.45894372939,0.0966961667692932,0.0781791662517748,0.995,0.467050068620029
"linear",800,"stan",122,2275.089,10350.251580942,10325.9353651543,85.9712256181219,135.428996597067,9982.39422284892,1123.4152740303,10092.9557131382,7503.04622148957,4.54938315861137,4.53869513023637,0.0377880714196772,0.0595269005287559,4.38769394201674,4.43629049814676,0.00252220277100366,0.00236334361010676,9.32649832196048e-07,0.000924594024668221,0.00440137834310113,1.25644081531262e-05,1.18085101874593e-05,1.80740369849051e-11,5.35960704673639e-06,2.08416880976719e-05,-1588.21336484558,0.0873653761707189,0.0720076934518141,1,0.47951817578102
"linear",800,"stan",123,1569.968,9263.48042648864,9247.37164216876,159.974717940406,162.129784310649,11413.1789534425,4530.7704358158,10775.0871547692,7939.06201895663,5.90042626759822,5.89016568628708,0.101896801680293,0.103269483397527,7.26968890667995,6.86325272538627,0.00203440137571531,0.00192720197731845,4.7116749717609e-07,0.000914584770900857,0.00345248727560505,1.24512951666591e-05,1.16104891079506e-05,1.73893575566149e-11,6.10691584505342e-06,2.09651051783725e-05,-1570.4983601917,0.0984143359808704,0.0775822408786707,0.98,0.467932289440217
"linear",800,"stan",124,2429.454,11243.5176358488,10726.8411375549,188.645793070579,234.749962648185,11121.8623819088,6003.47246970044,11199.793292349,6667.86950586684,4.62800186208457,4.41533000318379,0.0776494607720826,0.0966266340701181,4.57792672012262,4.61000426118338,0.00210463574947642,0.00198825897295183,5.12917957334973e-07,0.0009186249481818,0.00352891250068324,1.20686789633381e-05,1.14462844350443e-05,1.39113393459313e-11,6.13648140451579e-06,1.94446066185797e-05,-1555.16685888306,0.108291613279975,0.0863639399570435,0.9775,0.466924384689237
"linear",800,"stan",125,2497.067,9603.94558636761,10554.6186192034,198.688349699322,173.39701467563,11513.3685151079,5440.53880634787,11785.866177225,8788.90894039654,3.84609046788397,4.22680633687579,0.0795686898666804,0.0694402731987687,4.6107567458574,4.71988383860946,0.00185464004169885,0.00173302824059189,4.07720595138499e-07,0.000867133464503766,0.00320486607120824,1.20490221976363e-05,1.12984296043097e-05,1.53965554780823e-11,5.66131920532309e-06,1.99271578877847e-05,-1607.06677808793,0.115799445405224,0.0909417830751044,0.96875,0.458237661300237
"linear",800,"stan",126,2651.447,12737.3657281856,12484.3196896782,142.392280452154,199.168783614801,12018.2197614108,2227.38974488561,11877.1649260912,6004.99516905031,4.80392997792736,4.70849301897349,0.0537036118210752,0.0751170148280547,4.53270224198743,4.47950305100995,0.00232376162192551,0.00214012495579227,7.96898045990653e-07,0.000934700997659244,0.00414580164232012,1.25497204882081e-05,1.17800676366736e-05,1.79285688084465e-11,6.30832039370192e-06,2.02531403972501e-05,-1599.70883629093,0.0938494322619386,0.0776282093764497,0.9975,0.473823695241643
"linear",800,"stan",127,2657.452,10869.0699342165,11300.5150123444,188.895670857936,125.861684106019,12544.7193854803,9076.15886842776,12692.7899123997,9890.26803717192,4.09003433898957,4.25238725378459,0.071081498690451,0.0473617902058133,4.72058173975683,4.77630072430271,0.00177979753066853,0.00168131231706388,3.41699347374155e-07,0.000809926539176478,0.00292879027835397,1.09640809469292e-05,1.05168351727522e-05,1.05170903709744e-11,5.40368622453911e-06,1.73912320749756e-05,-1559.47060568106,0.0923026174123755,0.0714861886663352,1,0.450631475017245
"linear",800,"stan",128,2558.366,11376.4447773281,12268.1301875214,150.005601901151,161.450722317016,11661.9821873223,3250.23668247274,12041.0709498739,7550.0370382092,4.44676202596817,4.79529910400679,0.0586333628187489,0.0631069683997582,4.5583713148636,4.70654744077818,0.00196531346659027,0.00183836400989012,4.9660340261937e-07,0.000828389403522228,0.00333511132193854,1.23126317353157e-05,1.16064497767782e-05,1.47975353607796e-11,5.89499035783484e-06,2.0118274640706e-05,-1578.05145624808,0.0807939465052949,0.063917193324127,0.99875,0.458930529772925
"linear",800,"stan",129,2467.844,10928.2314178593,11280.67181315,143.995102149091,195.786329916416,11393.4829850431,2311.35376477251,11481.9004141926,5842.0135345349,4.4282504963277,4.57106357336606,0.0583485431611927,0.079334970085798,4.61677601381736,4.65260381701298,0.00229097931093798,0.0021535230409073,7.00853800696162e-07,0.000988777330967248,0.00391722214489654,1.22448506244246e-05,1.1660714165582e-05,1.38530235444129e-11,6.29286135256697e-06,1.99061712445546e-05,-1609.06548613871,0.0788278060939092,0.0638633704351978,1,0.470744426950393
"linear",800,"stan",12,2492.014,11289.3941824826,12759.7052957408,162.861800986489,180.437835981927,11184.5058749285,6131.38830351222,11662.6945048899,7832.42373934176,4.53022903662765,5.12023820722549,0.065353485568897,0.0724064294911371,4.48813926203003,4.68002768238459,0.00200755606018473,0.00188848214635255,4.97177325785034e-07,0.000848880449083937,0.00347502185939722,1.25898571381406e-05,1.20054475842364e-05,1.49188989662007e-11,6.2059627047143e-06,2.00031682780157e-05,-1565.31251692761,0.0932524925808812,0.06861924902531,0.995,0.465453996549824
"linear",800,"stan",130,2763.186,11911.5704593479,12374.4162615997,157.980931228029,265.542165489213,12299.6276960544,6436.98294094199,12398.546167687,8669.57999760097,4.31081022390382,4.47831462000738,0.0571734697657084,0.0960999967027963,4.45124855730102,4.48704725910128,0.00175989256506079,0.00164181086430689,3.48011945657451e-07,0.00082037747104167,0.00292632179339348,1.13537556277283e-05,1.07666831810242e-05,1.09076871533113e-11,6.01970744602723e-06,1.80446966632554e-05,-1547.17416213941,0.0802913950137498,0.0634223917509623,1,0.453153471670762
"linear",800,"stan",131,2449.276,10900.4815422537,11605.7312239988,172.358543137621,187.099564901556,11226.4568726743,6294.05997788526,11632.0790880688,7688.74718728393,4.45049130528926,4.73843340807603,0.0703712211843914,0.0763897432962049,4.58358179015934,4.74919081723285,0.00192451141418509,0.00183758183478818,3.72016490109703e-07,0.000887251452843999,0.00314036425370921,1.21060666332036e-05,1.14449520474239e-05,1.39739581198905e-11,5.97733843267777e-06,1.9731584828426e-05,-1575.48334585322,0.0988850486639671,0.078381606096306,1,0.462739692208282
"linear",800,"stan",132,2496.748,10610.0434677699,11525.7477390116,128.589469306546,166.501741412593,11285.3136373886,2982.30477622473,11269.6087581079,7335.72872507441,4.24954519549828,4.61630398382678,0.0515027825421493,0.0666874435916611,4.52000507756033,4.51371494364185,0.00218560325605446,0.00205153635756482,6.08680888952386e-07,0.000924363782345919,0.00374272417484752,1.19310115077299e-05,1.12407852271699e-05,1.4171253029399e-11,5.98633250205126e-06,1.94405189041351e-05,-1612.21307341386,0.105106545534052,0.0841497471342991,0.985,0.468033453204374
"linear",800,"stan",133,2674.455,10985.6260864254,11109.7885495655,85.7043018414585,237.179482886804,12226.2241173985,3426.35657407116,12322.3421957531,9693.63258855757,4.10761298523453,4.15403831792479,0.0320455202429873,0.088683295432828,4.57148245807032,4.60742177219399,0.00222579943629917,0.00207902913916633,6.7396617536357e-07,0.000918672081619127,0.00400066878883094,1.16358656201633e-05,1.11174713158895e-05,1.05200214929344e-11,6.22958845491934e-06,1.80834692085324e-05,-1610.96127158552,0.0936028573652487,0.0757926177831888,1,0.463941650514993
"linear",800,"stan",134,2520.648,9188.4768312547,10782.4867212278,116.621175268413,178.327830282249,11506.1863861811,3481.73489551169,11671.5736792202,7834.30374838578,3.64528360614203,4.27766460101838,0.0462663470934511,0.0707468199773428,4.56477317982564,4.63038618609985,0.00211581752250673,0.00200558061100576,5.06792648665448e-07,0.000924732812850442,0.00359278668988039,1.17801905420204e-05,1.103727807456e-05,1.45200449206047e-11,5.87834044942758e-06,1.97507451298527e-05,-1592.52174651526,0.0782793385065963,0.0605601645235557,1,0.462380272284214
"linear",800,"stan",135,1894.042,7892.22990211759,9146.30782626678,113.278319284339,164.982720242931,9938.33021830935,3805.24567606912,9744.28223450303,5947.88046216401,4.16687164387991,4.82898891696529,0.0598077124395019,0.0871061572250939,5.24715408544761,5.14470230042577,0.00204725820256058,0.00193550191781183,5.16642178287377e-07,0.000768259274765123,0.00347697941128446,1.18325846348211e-05,1.13012097711164e-05,1.21013093465689e-11,6.05707430773728e-06,1.87360782559567e-05,-1598.2302935187,0.0788261741965053,0.0627714221288647,1,0.459174762338554
"linear",800,"stan",136,2255.735,9715.08243671068,10246.3730148922,165.265155794613,153.289138460919,10320.5418121774,3401.79314153263,10159.4171775236,6793.49541702801,4.30683676793182,4.54236557702575,0.0732644374426133,0.0679552954850275,4.5752456792032,4.50381679475809,0.00210616760055036,0.00200154302115921,5.03032176228837e-07,0.000945915627934481,0.00354865413137557,1.1824365739933e-05,1.10948386392878e-05,1.4234252399213e-11,5.73491410199026e-06,1.93475575613058e-05,-1610.39084926799,0.0954332189052614,0.075228659450816,0.995,0.465894935866589
"linear",800,"stan",137,2520.027,11758.0430560772,11829.0470229997,165.251995088965,201.554748153762,11649.2752206334,5949.5527363375,11895.7831298356,8858.45659854012,4.66584011047391,4.69401598593971,0.0655754859328748,0.0799811859768811,4.6226787334554,4.72049828427855,0.0020067348994647,0.0018715832392602,5.15486560439678e-07,0.000891591582995545,0.00345172525424015,1.18951794316838e-05,1.12311138934366e-05,1.35867683298023e-11,5.73266124607865e-06,1.91072746973357e-05,-1571.54432778028,0.0699940710489346,0.0551637647305392,1,0.464005050584359
"linear",800,"stan",138,2554.388,11889.8417976909,11896.0175411889,188.871667451221,184.18805137498,11872.7451546548,5195.79617618627,11829.299895165,5238.35151165405,4.6546733689991,4.65709106885443,0.0739400856295995,0.0721065285990147,4.64798032039563,4.63097223098644,0.00241951935889271,0.0022957994996286,6.48922664334093e-07,0.00106500868645713,0.00405467921516615,1.2721708846847e-05,1.21912308184414e-05,1.38598997371337e-11,6.31783047107044e-06,2.03778914043945e-05,-1607.78788410438,0.0958956872458714,0.0783694317163106,1,0.474725507928619
"linear",800,"stan",139,2530.743,11933.425764722,11678.3945221815,150.270122005697,172.785748484602,11485.6505785789,2594.89614161782,11784.9158127358,6423.66374410038,4.71538428229259,4.61461101430744,0.059377867292608,0.0682747116102277,4.53845000404186,4.65670193011925,0.00206194718367663,0.00189284882300565,6.15655291353835e-07,0.000844002011654485,0.00365095689845792,1.23228465792878e-05,1.17124103107799e-05,1.49481800944944e-11,6.04986313851023e-06,1.96743856874131e-05,-1637.33915221997,0.126765950415454,0.0988117362393565,0.965,0.46098467816275
"linear",800,"stan",13,2010.083,8961.48416605816,9470.2715655755,48.7984806622927,161.676565765991,9777.54176424335,2569.26629893359,9413.43720843201,4597.95055564569,4.45826573631942,4.71138334366069,0.0242768485989348,0.0804327810174956,4.86424777695416,4.68310871164624,0.00224844973041563,0.00213188749355691,6.55993761743346e-07,0.000871942194345236,0.00383792459003211,1.30268705967126e-05,1.2282547611142e-05,1.68747419632481e-11,6.35682678116385e-06,2.16103852952951e-05,-1575.21302519421,0.0977263942193487,0.0801168063102765,1,0.470764621844931
"linear",800,"stan",140,2216.978,8839.51910288198,9256.90629812269,107.825767083968,137.832119140603,10181.5937190823,2754.33619812472,10222.4525815177,7447.66982797703,3.98719297299386,4.17546150576266,0.0486363721624516,0.0621711713605653,4.59255514447248,4.61098512548059,0.00201754263147497,0.00188479834059104,5.37566349758163e-07,0.000879951728715879,0.00347020862623466,1.19997383104563e-05,1.13494556568662e-05,1.46818606370294e-11,5.65550308452583e-06,1.9647038700354e-05,-1587.27034185375,0.0886877258344793,0.073199947413996,1,0.463379481068593
"linear",800,"stan",141,2563.192,12085.9566360616,12858.2742745014,236.582671087863,178.697418975667,12139.6820232449,6854.00882899249,12374.124508742,8779.27522454491,4.71519754901764,5.01650842952903,0.0923000193071229,0.0697167512132011,4.73615789345664,4.82762294386921,0.0017671084278637,0.00168686031409538,2.72688293181292e-07,0.000908461462063261,0.00283944116620738,1.21563133657145e-05,1.15917879808752e-05,1.42586707191645e-11,5.90691360166039e-06,1.95775779541235e-05,-1594.68448972261,0.110428621660253,0.086638228113191,0.96125,0.451275950011768
"linear",800,"stan",142,2624.253,12293.9106244063,12308.447959598,171.321395388674,185.698608823812,12530.5041879719,8747.47229657718,12442.4965259575,9063.50783116813,4.68472766322695,4.69026727209532,0.0652838714059484,0.0707624641464873,4.7748842005599,4.74134792870866,0.00184302018226187,0.00175145863366567,3.46134770978141e-07,0.000869961102656103,0.00303707080509987,1.16279646179817e-05,1.11354730740157e-05,1.16953091645416e-11,5.77371321417564e-06,1.85054827719525e-05,-1605.90509668246,0.0969341545417442,0.0804513672354157,0.99875,0.450205452545157
"linear",800,"stan",143,2609.778,10394.1077962994,11201.8847607591,152.030570704937,193.448641299637,12176.3832839181,5245.07245876294,11995.5450393032,6265.43848137914,3.98275554330653,4.29227496007672,0.0582542157627725,0.0741245582189893,4.66567780244836,4.59638522483644,0.00198739113372704,0.00186546125580964,4.72067377825397e-07,0.000855862552656439,0.00336926006998181,1.25812515211166e-05,1.20215191549194e-05,1.6015363761032e-11,5.83042251506095e-06,2.00891228604124e-05,-1592.17726412625,0.107873494622453,0.092619414479471,0.99375,0.462256125198853
"linear",800,"stan",144,2688.254,10689.7647896364,11039.768971588,128.710117250571,207.030532712128,12862.8034956105,6917.25833154423,12845.9142623324,9955.66875251326,3.97647126708874,4.10666885331073,0.0478787038912883,0.0770130101962567,4.78481702086578,4.77853441763033,0.00174228689136098,0.00160616892298157,3.93354607473118e-07,0.000749481665466621,0.00297928697042809,1.16590831698685e-05,1.10816297914459e-05,1.15828086235379e-11,6.32051457236659e-06,1.8863628979037e-05,-1611.10393538943,0.0863510402285471,0.0705086843062268,0.98,0.445113986443942
"linear",800,"stan",145,1963.181,8143.34431701222,9850.91225517793,143.512831353747,180.879698789491,9864.76243451604,5909.38793291086,9922.17692957675,7285.86311338651,4.14803541650628,5.01783190402614,0.0731021904519996,0.0921360275947509,5.02488687213051,5.05413251736684,0.00196982145356727,0.00188844467596889,3.79248631952545e-07,0.000947802315129802,0.00319876775578355,1.18689366754652e-05,1.11206612660497e-05,1.48751898412114e-11,5.79889842183761e-06,1.98216934053685e-05,-1602.63168030989,0.098347669764763,0.0760415890990263,0.99875,0.462483471966006
"linear",800,"stan",146,2601.914,11711.4134807582,11506.6580929166,95.3510010170866,195.835628587732,11818.8923344167,4169.30709674008,11937.1514492778,7838.18675495978,4.50107631565003,4.422382174398,0.0366464844791514,0.075265988263921,4.54238392753055,4.587834743684,0.0021483215117861,0.00201503931848698,5.78835506698376e-07,0.000924389772612819,0.00369708845102839,1.2762948687761e-05,1.19659766619834e-05,1.82846398276436e-11,5.6444086261342e-06,2.10506776155625e-05,-1576.50961050087,0.108412985754906,0.0841855535825358,0.97375,0.469282695749058
"linear",800,"stan",147,2398.807,10202.0930648458,10355.7603149281,178.095530452885,185.162260148344,10895.8796420082,4654.27480535161,11146.9612896655,6710.90848276776,4.2529861989088,4.31704606286711,0.0742433761669385,0.0771893112486098,4.54220770658421,4.64687708918036,0.00196115780954304,0.0018702670389892,4.04143519712198e-07,0.000850107247369127,0.00316156420395133,1.19787044743187e-05,1.14475323040473e-05,1.22310348485078e-11,6.33913866797914e-06,1.92638305589904e-05,-1596.27404347525,0.102212192110071,0.0786718874119497,0.9675,0.460248125676577
"linear",800,"stan",148,2084.378,8625.74706286077,10404.6178813188,137.238865662206,156.480602842248,9934.19457676552,6886.45739880413,10234.0647863927,7621.39025648842,4.13828348930029,4.99171353819645,0.0658416398859545,0.0750730447367263,4.76602352201257,4.90988908268686,0.00186448822105015,0.00174257753682759,4.12400776439289e-07,0.000840924547521125,0.0031851119529425,1.16819541624068e-05,1.11150442179583e-05,1.26716583945861e-11,5.94186803837565e-06,1.8935943338911e-05,-1582.79821891808,0.0843185506908732,0.0641124118845843,1,0.455087518940743
"linear",800,"stan",149,2583.75,11404.2272251036,11599.9542228855,137.427281382437,138.156454401877,11719.8072788937,3583.45223764501,11885.6844773108,6845.90037817834,4.41382766332021,4.48958073454689,0.0531890784257133,0.0534712934308186,4.53596798409045,4.60016815764327,0.00234935605742769,0.00220853696385282,7.12448272176701e-07,0.000928315386953556,0.00401780075162316,1.27238330759707e-05,1.18707068626347e-05,1.81048590667063e-11,6.14990427358085e-06,2.11607459064304e-05,-1627.38579436137,0.0935445676951338,0.075069016405796,0.98625,0.46894587556402
"linear",800,"stan",14,2475.527,9982.90934802343,10077.2399622049,116.929526183273,225.741175463529,11025.0252939214,3333.6521329971,11368.2141188113,6730.29559618975,4.03264005927765,4.07074532501764,0.0472341954595015,0.0911891389039705,4.45360737084321,4.59224000336547,0.00232834366505383,0.00214079941316344,8.29881878527965e-07,0.000851043877972351,0.00409235465301149,1.27921507693032e-05,1.21414695248679e-05,1.41870147021111e-11,6.69551085315314e-06,2.06613788845482e-05,-1606.63919765474,0.113319444338638,0.0930492966246777,0.975,0.47619724209003
"linear",800,"stan",150,2673.838,11420.7926781535,12546.2138362582,101.757669967333,153.546718058572,11869.1241343724,3371.9658621399,11532.315062422,6015.64436738331,4.27131063218996,4.69221165839448,0.0380567820366579,0.0574255875107511,4.43898401263368,4.31301936109145,0.00265822965637704,0.00250888826856404,9.04654052893093e-07,0.00105022865260841,0.00447020561715966,1.3042401506907e-05,1.22183412473855e-05,1.86246773249035e-11,6.23684406816578e-06,2.17342592242604e-05,-1605.60835018695,0.0860732911508753,0.0713415439401097,1,0.486038935824885
"linear",800,"stan",151,2019.03,7081.93575311545,8381.1064674859,146.681161530149,200.832439497458,10031.8454501255,6501.34783321831,10083.2244045766,5636.61945828434,3.50759312794533,4.15105593650709,0.0726493224618501,0.0994697649353689,4.96864605782256,4.99409340355348,0.0019372492038098,0.00182170962732651,4.11164701968029e-07,0.00091341215193217,0.00320966133665335,1.16550473408668e-05,1.10087585382225e-05,1.3857299942622e-11,5.79725000299756e-06,1.95019084620973e-05,-1615.23690065132,0.0872522348471022,0.0644894429895452,0.9875,0.454160960637299
"linear",800,"stan",152,2661.386,9995.11863032307,9740.47794593252,184.180619586915,117.420302975352,12521.6542999327,4947.68354450235,12678.6321374012,7750.66363154009,3.75560652619465,3.65992679976994,0.069204775100987,0.0441199822105294,4.70493731459197,4.76392080570095,0.00167293238844982,0.00156340652033061,3.33252391924315e-07,0.000798581052575441,0.00296444974947003,1.11720715891013e-05,1.07057041410656e-05,1.03776582391538e-11,5.80693545739257e-06,1.7482911890255e-05,-1578.95506404516,0.10654931588662,0.0772347609074914,0.97375,0.447240018622035
"linear",800,"stan",153,2109.667,8736.6356224483,9040.30956361336,149.78883239658,187.679023295121,10003.8128010289,4928.45454950258,9945.07404340938,7348.11652703132,4.14123917302982,4.2851831893912,0.0710011733589141,0.0889614442919762,4.74189187252249,4.71404920464196,0.00223583176617018,0.00210287732183983,5.95166939459293e-07,0.000977369695225688,0.00376865362308761,1.20915173603473e-05,1.1497061002907e-05,1.50758320734456e-11,5.60907257820931e-06,1.96151448721107e-05,-1620.7007659019,0.0919538505490709,0.0690439685553891,0.97375,0.469985713137012
"linear",800,"stan",154,2636.618,11565.3978078501,11657.800476615,132.722866915408,173.625592712873,12561.0906662442,6837.06919980473,12740.6146834314,9609.726988915,4.38645181359229,4.42149772041874,0.0503382996381758,0.0658516298959019,4.76409197928716,4.83218072676111,0.00178908222876224,0.00167455073968813,4.22390635061251e-07,0.000767915942187721,0.00310130978934147,1.11366811492764e-05,1.05310469348726e-05,1.16209950344637e-11,5.70862394572105e-06,1.8003042692029e-05,-1600.00617570632,0.064811943155161,0.0515487084245747,1,0.450105491237734
"linear",800,"stan",155,2675.164,11946.111465041,11805.5544301,165.621701353699,214.527611615293,12670.5353010315,5022.2256553328,12198.4082133491,6586.82181833616,4.46556228516869,4.41302082044317,0.0619108590552574,0.0801923215232014,4.73635833206168,4.55987304454945,0.00205743432537948,0.00192927141181262,4.8102673677844e-07,0.000910301969058034,0.00343937997651818,1.27138674905601e-05,1.19655869250126e-05,1.63395578160767e-11,6.29960626584931e-06,2.09760535101155e-05,-1597.86028235741,0.106211034976662,0.083402705781427,0.99375,0.462823133225146
"linear",800,"stan",156,2526.411,10232.1058999238,10561.2221981474,152.998197827723,209.392679651876,11903.779337723,4746.85618054189,12158.7227101074,8319.37977962358,4.05005594890291,4.18032624072149,0.0605595043038218,0.08288147876647,4.7117350809995,4.81264636280773,0.0019426563991641,0.00183977519315301,3.69468766564193e-07,0.000922250540212862,0.0031986201575952,1.1369329039456e-05,1.0704851220401e-05,1.31630452551893e-11,5.62123538977418e-06,1.92138444950717e-05,-1598.21687901517,0.0679127374388269,0.0534599150205535,1,0.45706363654494
"linear",800,"stan",157,2315.598,9697.25490547505,9568.95476513823,161.942555144399,228.806898132586,10659.0264576292,6154.52936878507,11106.7764313885,8354.84095206971,4.18779723659938,4.13239032212769,0.069935522117569,0.0988111486244963,4.60314202103697,4.79650458818348,0.00182485384709075,0.00174254010711533,3.64449957561161e-07,0.00084767108331853,0.00300807932109014,1.12275816373147e-05,1.05436212885472e-05,1.58776309842046e-11,5.46767985014094e-06,1.82807262395947e-05,-1599.6448814166,0.105893040228266,0.0846241583824755,0.97125,0.450434616139829
"linear",800,"stan",158,2511.908,11304.4944363574,12668.9515572051,177.589628106338,211.155148229977,11488.8980275999,5125.725369308,11818.6743849556,8292.90588130867,4.50036165192253,5.04355715145823,0.070699097302265,0.0840616568082817,4.57377341351669,4.70505861876933,0.0020698342268184,0.00196434021940556,4.96943008204589e-07,0.00088549668014226,0.00346295277390356,1.18903405257459e-05,1.12330378705183e-05,1.44518152989325e-11,6.07019261892514e-06,1.88865370309914e-05,-1599.39268730608,0.0682110487073669,0.0545393150545423,1,0.462293052803356
"linear",800,"stan",159,1873.986,8784.52456775681,9559.06756091937,82.4039463179449,99.3566946674199,10077.5065478659,3002.61804187232,9905.39687281117,6901.89983381129,4.68761483157121,5.10092794765776,0.0439725517255438,0.0530189097823676,5.37757835323523,5.28573685865912,0.00202597164256029,0.00189730684006064,5.21550142204452e-07,0.000857268886064817,0.00351684957417614,1.19577621237289e-05,1.11152116622293e-05,1.63112029701128e-11,5.694233212645e-06,1.9939818617233e-05,-1613.39354979828,0.0768149583782349,0.0657163743283173,1,0.458981910337322
"linear",800,"stan",15,2270.091,8843.32200474944,10052.9431429458,208.875841643831,203.579128466878,10585.5981586989,5115.55090379142,10587.9999046999,5873.90104319672,3.89558039952999,4.42843178663136,0.09201210067959,0.0896788403931286,4.66307216701839,4.66413016249123,0.0022112832045206,0.0020978945043802,5.37802000413785e-07,0.000966728244128204,0.00366534035408196,1.26023026932392e-05,1.18793256505776e-05,1.70591353738905e-11,5.86078771203018e-06,2.0048562501893e-05,-1591.92036732384,0.0814146571095372,0.0628595732230323,1,0.471648617564806
"linear",800,"stan",160,2604.359,11939.4864556037,11693.8118106225,167.258549935522,231.865457801659,12384.8522619101,7001.21065139138,12182.9679992858,7937.83722173711,4.58442421171723,4.49009211503581,0.0642225399553297,0.089029760413852,4.7554320513839,4.67791421969313,0.00190099927173386,0.00176788144039051,4.36547070536568e-07,0.000844408120314321,0.00327302106135248,1.16205118950019e-05,1.08863098896186e-05,1.33107245639675e-11,5.86983329083276e-06,1.87537864352932e-05,-1633.59872874948,0.0743154056076806,0.0612506335181545,1,0.453170219771135
"linear",800,"stan",161,2344.643,7131.69784886416,6431.14487110823,115.706251440629,160.166105521844,10665.7281965237,3150.80759889668,10803.6199641613,6120.15845795299,3.04169882104191,2.7429100597013,0.0493491979122744,0.0683115107595674,4.54897747611203,4.60778888903824,0.0021046991938537,0.00199433599881347,5.48451829973546e-07,0.000851928839771189,0.00354801018779061,1.2288378500521e-05,1.15536488771185e-05,1.72622383429385e-11,5.6412638721292e-06,2.01460046046816e-05,-1612.54927340264,0.0837516538401585,0.0620188104166654,0.99875,0.466918824034035
"linear",800,"stan",162,2222.261,7896.19210768374,7510.58082393793,165.031720947585,146.562539671122,9990.8408409987,5084.28340731809,10188.4467075332,6380.18151810439,3.55322444469112,3.37970239496528,0.0742629785374378,0.0659519919897446,4.49579992674069,4.58472101500822,0.00212356355477808,0.00197400514284185,5.72439469170365e-07,0.000884746878733355,0.00364632055798187,1.26115910152515e-05,1.19182055584972e-05,1.69983321420996e-11,6.08206901334344e-06,2.08655076650797e-05,-1604.53672441927,0.123932624465171,0.10214329172732,0.965,0.465973363839787
"linear",800,"stan",163,2238.502,9793.36995013251,10834.5334200055,199.880392739116,161.660272386343,10329.9362023246,4858.20140554653,10589.6054192144,7731.53033067171,4.37496591476465,4.84008208168031,0.0892920322336616,0.0722180602860052,4.61466471878274,4.73066605221458,0.00202940085067159,0.00192321617666505,4.90503747705043e-07,0.000824951117955966,0.00346785422554588,1.20395522830192e-05,1.12908207953482e-05,1.51943528060772e-11,5.80926849537209e-06,1.99222352489124e-05,-1589.11395167199,0.0848488470780095,0.0718309298521547,1,0.46310772253667
"linear",800,"stan",164,2043.975,8495.91225869048,8453.93707196408,78.0831719513008,196.815015008065,9758.9629390828,3783.9065190729,9620.88824080352,5199.46532218392,4.15656368531439,4.13602762850039,0.038201627686885,0.096290324004973,4.7745021045183,4.70695005604448,0.00207191280294175,0.00194569025932167,5.80994790628647e-07,0.000800428461514843,0.00356447578990441,1.22465527544033e-05,1.15251933670302e-05,1.55671778533976e-11,5.86545430623552e-06,1.98497171530364e-05,-1606.66016121397,0.0871649987513731,0.0691129470530028,0.9925,0.456414045717394
"linear",800,"stan",165,1653.419,8616.03940519159,9279.6116451269,165.319233546254,112.472904676049,10553.5919635393,6566.69387738989,10470.2293998281,6474.56316697428,5.21104414863479,5.61237753112,0.0999862911616803,0.0680244418843917,6.3828902193209,6.33247192624984,0.0019221476029236,0.00184629076004761,3.68096316435292e-07,0.000893637999942532,0.00307954450086986,1.23024161055714e-05,1.14148272855574e-05,1.94415202785226e-11,5.65331719460006e-06,2.14852443183351e-05,-1579.72053128985,0.0799145150838146,0.0639349681063448,0.99,0.455562923007483
"linear",800,"stan",166,2093.292,9167.4382478623,10106.5236435277,75.9902257056672,123.540016113607,9431.1076760493,1922.33322369022,9816.77423542852,6450.2821655839,4.37943595440211,4.82805248552408,0.0363017800219306,0.0590170965701903,4.50539517470535,4.68963443008836,0.00229852662247601,0.00210406639755244,8.06569992423486e-07,0.000836942880320864,0.00402906705268783,1.26376473705454e-05,1.20300514191857e-05,1.6501492885871e-11,6.11850391193909e-06,2.02842549833399e-05,-1632.50752492597,0.0997028181725693,0.0813635075542203,1,0.469469163227523
"linear",800,"stan",167,1982.28,9018.53403084304,9223.69609596714,125.377440544113,158.909141949044,9957.19228297553,4267.91643570311,10055.7289972475,7189.78370356445,4.54957626109482,4.65307428615894,0.0632491073632951,0.0801648313805536,5.02310081470606,5.07280959160536,0.00187204867994343,0.00177195490905309,3.80384544777818e-07,0.000859426674386457,0.00311372743638763,1.15467871431627e-05,1.08507485167463e-05,1.29550303178434e-11,5.72696966675083e-06,1.86634305625824e-05,-1607.65189814142,0.0843382105646268,0.0683817430026802,1,0.451915432343327
"linear",800,"stan",168,1914.889,9445.8711209147,9683.12901348793,118.362368724248,197.624727106896,9917.31147517945,3106.61854369563,9626.8581444729,4931.7733962816,4.93285570125198,5.05675734389196,0.0618116082573184,0.103204272992793,5.17905292431021,5.02737137477572,0.00211219166927608,0.00199110430514455,6.31223976382637e-07,0.000904360338583171,0.00352734356040003,1.19372357408399e-05,1.11833151331506e-05,1.39152262178967e-11,5.96197411415639e-06,1.95440128103491e-05,-1627.85879003063,0.0789383325837533,0.0587680263386441,0.98125,0.463215697770173
"linear",800,"stan",169,2729.485,11321.3716075809,12346.2698895417,185.985988989374,194.148060260165,12886.3740078684,4702.81797767175,12581.4153660436,9799.35527346575,4.14780502826757,4.5232964788382,0.0681395900652958,0.0711299238721463,4.72117414379213,4.6094466047784,0.00195444455802251,0.00188502608591288,3.81724036155198e-07,0.00090905467097728,0.00323495648722286,1.16322940613639e-05,1.09842969550116e-05,1.26191540102942e-11,5.83034230140095e-06,1.9009456099962e-05,-1638.61318138956,0.108926462119684,0.0882124625704557,0.9675,0.452258406581119
"linear",800,"stan",16,2514.518,11211.7794908966,11598.3111506267,115.01950520437,141.543309839757,11029.1684357143,2603.94155434695,11534.0939247759,6086.72081341548,4.45881854530236,4.61253852651947,0.045742168162793,0.0562904341268412,4.38619585770089,4.58699994383653,0.00238100163954215,0.00219557976928724,8.10956495787705e-07,0.000965397029308338,0.00426404401512938,1.24672235215298e-05,1.16761793222835e-05,1.65334124078752e-11,6.05031462275128e-06,2.11367935784064e-05,-1585.5464849346,0.0769904163423826,0.0610384831114087,1,0.475137642178129
"linear",800,"stan",170,2208.464,9395.2838875627,10047.9531104865,164.665640689171,181.150000221228,9908.52160400567,4106.83637937265,9889.3784811902,5451.13908973996,4.25421645431517,4.54974729517281,0.074561161372416,0.0820253353558076,4.48661223547482,4.47794416444651,0.00201232213451151,0.00190013458973708,4.8805524083734e-07,0.000843968153186393,0.00344208009085176,1.24727936272528e-05,1.18203433184873e-05,1.51167157895885e-11,5.93679619487181e-06,2.03178997892303e-05,-1564.65469313522,0.0879853171952014,0.0698987338545965,1,0.465116459913326
"linear",800,"stan",171,2144.299,8535.01131723802,9248.43677746553,155.900080589529,126.239600119932,10060.6835883125,5119.9568617183,10307.6998783552,7493.96954653947,3.98032705198203,4.31303506528965,0.072704450540493,0.0588722002481615,4.69182869940831,4.80702545603724,0.00185745725938322,0.00175733969589113,3.93510110129117e-07,0.000796568970220138,0.00304325372927043,1.12800521492369e-05,1.05569883263403e-05,1.41526247963785e-11,5.20536147853172e-06,1.89061142227661e-05,-1601.57835684948,0.102174873505993,0.0800112874827677,0.97125,0.457627102774803
"linear",800,"stan",172,2616.791,10764.1729190471,11599.4924963079,182.477593651015,213.242713677548,12225.726153665,7221.02111454291,12418.0971984139,9620.23883611175,4.11350120015207,4.43271644403695,0.0697333465496538,0.0814901586246469,4.6720300374256,4.74554414105441,0.00176232540353263,0.00168667068494571,3.20659652744359e-07,0.000785444770775045,0.00290697367701548,1.1800179799691e-05,1.12368857783903e-05,1.19864440664031e-11,5.84453278803974e-06,1.8877227902242e-05,-1587.60762399835,0.0769297477164541,0.0592708769010028,1,0.451548188422498
"linear",800,"stan",173,2476.977,9816.63656293615,11241.2517156068,139.547248359589,155.890325009839,11462.5101685305,4699.86692761272,11679.657751205,9811.86502299071,3.96315208535895,4.53829475025679,0.0563377247183114,0.0629357176145919,4.62762075244562,4.71528712265193,0.00205266338831631,0.00194235064254047,5.01220698980463e-07,0.000898813991840222,0.00339350586884833,1.15131135672259e-05,1.10048601255015e-05,1.16904555072279e-11,5.84970535584508e-06,1.86513891326489e-05,-1593.58448892755,0.0620141471461184,0.0509670017528387,1,0.460969697238854
"linear",800,"stan",174,2557.336,13166.9817626103,13334.6944619453,110.350547115775,154.495739118511,11891.7979693794,3630.86529223233,12096.650499946,5346.71748371389,5.14871012749607,5.2142911459211,0.0431505860457033,0.0604127651268784,4.65007256355029,4.73017644140072,0.00206766031677138,0.00192801795485476,5.39665456237072e-07,0.00087918143346776,0.00353202555145355,1.23002548783797e-05,1.16333055639232e-05,1.48945943140543e-11,5.58644354352612e-06,2.00034192546453e-05,-1595.88414602358,0.0918255988788824,0.0690353428691727,0.98375,0.461999853962918
"linear",800,"stan",175,2668.217,11408.2723192483,11269.9124780312,137.969539633743,187.822557831423,12481.7779929686,3832.88709469474,12407.7575204321,8873.72124608455,4.27561638324331,4.22376158986739,0.0517085153245566,0.0703925347269068,4.67794710586453,4.65020555690639,0.00223451655742691,0.00207457752066179,6.27888326367344e-07,0.000994709425210584,0.00383644744471043,1.25103251192758e-05,1.17640037519199e-05,1.53532090755193e-11,6.40485158099492e-06,2.08949323527519e-05,-1599.23351262171,0.0883378283603541,0.0720405390152049,1,0.465374393861103
"linear",800,"stan",176,2650.084,11483.4990190073,11620.4528319394,161.974762976243,134.512154943924,12236.999509959,3608.53541617258,12581.3976220648,9352.37161141846,4.33325850011066,4.38493754610775,0.0611206146583441,0.0507576948292673,4.61758929526726,4.74754672759987,0.00229385949136961,0.00220214863109176,4.88757488347834e-07,0.00106540577539437,0.00371446287334151,1.16984626572168e-05,1.11057215626276e-05,1.35751743924694e-11,5.81020660635628e-06,1.93773516269249e-05,-1585.37364492961,0.0871289838263141,0.0738540494119828,1,0.474543879841956
"linear",800,"stan",177,2265.655,10489.7340214515,10860.8122824111,126.175214334257,153.963009028205,10313.624436766,6970.07571072609,10834.7997673872,8895.07510851347,4.6298902619558,4.79367436013476,0.0556903916678649,0.0679551869230775,4.55216016417591,4.78219312622053,0.00203893748176933,0.00194135242883602,4.90492760446883e-07,0.000819759769642743,0.00347031040332486,1.22142941691474e-05,1.15795051696748e-05,1.42841043446471e-11,5.67005126128252e-06,1.95238491776375e-05,-1559.79165079552,0.0918243321052673,0.0730966480234012,0.995,0.464250493388752
"linear",800,"stan",178,2115.299,7502.90719904001,8590.04594143533,181.729152502069,159.436384642888,9882.15715130034,5297.32632454379,10233.7692515147,6678.67593863305,3.54697241337514,4.06091334673506,0.0859118037223431,0.0753729778357044,4.67175427743328,4.8379776341381,0.00172097302983068,0.00162542499048321,3.43384352510243e-07,0.000803741902672087,0.00285240560393598,1.14744886392686e-05,1.09901509147144e-05,1.12130218171581e-11,5.61017649685766e-06,1.80636420205466e-05,-1563.54548019368,0.0817303770369773,0.0667138535491442,1,0.451462890880114
"linear",800,"stan",179,2653.496,11669.6093747777,11849.0748574219,174.761169770255,158.701569780518,12228.2032731923,4145.97857654756,11990.1505293913,5406.7421038211,4.39782437010557,4.46545796843933,0.0658607247835514,0.059808482764066,4.60833680291671,4.51862393212248,0.00218090976697556,0.00203431551817852,5.82413051704015e-07,0.000961788068301346,0.00374202961363282,1.22257939275892e-05,1.15383765312195e-05,1.38853974669896e-11,5.82159095812797e-06,1.95710707806621e-05,-1610.94099992483,0.116223092670634,0.0871982564608624,0.96375,0.467666696836702
"linear",800,"stan",17,2467.293,11090.4473174168,12598.2603550778,189.218212103501,187.750265589946,11146.8964369782,3192.37248976945,11382.470422169,7233.76783063365,4.49498592887703,5.10610630965914,0.0766906127904147,0.0760956504111778,4.51786489767459,4.61334362078965,0.00184444024794978,0.00174609151261332,3.59345249577677e-07,0.000858602436599575,0.00303279383641155,1.19250054616031e-05,1.12977028498399e-05,1.48289579241881e-11,5.47775438068978e-06,1.95776620728193e-05,-1580.58780450481,0.0804213256242214,0.0640819300678345,1,0.453373781693283
"linear",800,"stan",180,2342.778,9387.65538249187,9345.47936856223,191.484163998932,140.325845237492,10461.705424162,3752.48789268203,10447.6317580599,6206.7401390063,4.00706143838292,3.98905887308239,0.0817338066171577,0.0598972012019458,4.46551291849336,4.45950566296078,0.00212522035681265,0.00195689080377626,6.38964761898655e-07,0.0008669031784179,0.00375160799391299,1.20471957381199e-05,1.13674267472432e-05,1.43459517898301e-11,5.98759327272555e-06,1.95485365397941e-05,-1576.92253141802,0.0856587001720595,0.069310885480697,0.98625,0.464355216042365
"linear",800,"stan",181,2480.275,11311.3886248837,9962.01662151304,107.395212179279,161.588125678685,10512.0878833339,1430.83579714772,10866.2057845882,4899.2876080373,4.56053809552721,4.01649680842368,0.0432997196598275,0.0651492780754895,4.23827514422145,4.38104878877874,0.00276192867693324,0.00251613769685951,1.24211211831592e-06,0.00109360019621413,0.00503346603533765,1.31479575802507e-05,1.23948999949197e-05,1.75591896810823e-11,6.40153723412633e-06,2.1699366885624e-05,-1591.12870259323,0.116675380807545,0.0958299586959097,0.99,0.495086279021159
"linear",800,"stan",182,2523.851,11375.8940305047,12540.8247794462,184.801413398795,260.219908050856,11624.328442674,7438.8398571602,11700.000170563,6536.23195632698,4.50735563648753,4.96892438557037,0.073221998207816,0.103104306890881,4.60579029533598,4.63577294006779,0.00202627576069769,0.00190370944168365,4.86501370467899e-07,0.000880268089970779,0.00342949082106398,1.22573854328111e-05,1.16604026749453e-05,1.20268366900644e-11,6.44811708954325e-06,1.92317494003992e-05,-1577.79899193086,0.102243812859847,0.0811407037418281,0.9825,0.46577142380448
"linear",800,"stan",183,2340.389,9178.27301015137,9875.66087027304,148.696841018308,184.331280379228,10702.1989098344,5502.29024853895,10948.9537681374,8785.66344329618,3.92168695466923,4.21966641881885,0.0635350965238293,0.0787609582762642,4.57282909372518,4.67826236071755,0.00171113490738795,0.00162313801922259,3.17177870292081e-07,0.000787905502204537,0.00284847918324612,1.09657182487474e-05,1.04151668425025e-05,1.05833409987034e-11,5.6829305414256e-06,1.76612851789663e-05,-1594.65027428386,0.0783447137505638,0.0646437526083552,1,0.441614564534857
"linear",800,"stan",184,2420.507,10950.2561736687,11884.6607621663,153.863635067498,189.120494399844,11129.0129918209,3479.23096345339,10769.8498995681,4392.31701046775,4.52395145879302,4.90998818105723,0.0635666970050068,0.07813259552641,4.59780244048907,4.44941902649656,0.00228362787179783,0.00213506343363608,6.73861869728112e-07,0.000997718001892518,0.00390346528276864,1.27551489430286e-05,1.20684848262994e-05,1.44242741495713e-11,6.4655300769447e-06,2.02360701240145e-05,-1610.06896479958,0.0974916033689116,0.0779940777986045,0.99125,0.468496190162703
"linear",800,"stan",185,2672.464,11505.3493728739,12198.5164038065,132.740445274376,134.40944358591,12464.4208714092,6245.3171466815,12698.4107373911,9731.39964000564,4.30514662606264,4.56452038411236,0.0496696850825215,0.0502942017501113,4.66401825110057,4.75157410441867,0.00183136356600408,0.00174316887160802,3.29646779272921e-07,0.000837766142262497,0.00298983514612373,1.15123768527752e-05,1.08778282021108e-05,1.37485013065977e-11,5.44323942364859e-06,1.90625899568172e-05,-1601.57938937027,0.0865889236296807,0.0737722765250282,1,0.453306490660347
"linear",800,"stan",186,1726.656,7563.27368348598,9068.90164392219,115.734207381811,239.945255760503,10400.6961435947,3883.89655778016,9971.54516222024,5222.60218301879,4.38030139384219,5.25229208592921,0.0670279473049704,0.138965292310978,6.02360640660022,5.77506183178366,0.00211633639919155,0.00199911040690471,5.84187499473925e-07,0.000858696021018861,0.00355621001197415,1.29006645583014e-05,1.23578541507626e-05,1.38598622333541e-11,6.26403690671751e-06,2.02152718430145e-05,-1581.31991640098,0.0933457086890569,0.07410669602206,1,0.468281618568023
"linear",800,"stan",187,2544.069,10705.3783757026,11660.7879252153,184.945006404574,150.357831656171,11947.6844372261,6150.58580182474,12417.0539889104,8996.86063828595,4.20797485276642,4.583518735229,0.072696537084715,0.0591013182646269,4.69628946275673,4.88078506868735,0.00183202336025747,0.00173157514870716,3.83826190951664e-07,0.00083737901223896,0.00307987461588706,1.11278777370283e-05,1.05695689389217e-05,1.23197102259448e-11,5.2579440008927e-06,1.79566903040605e-05,-1631.95402527013,0.0891948206227467,0.0761433322800429,1,0.450778360954951
"linear",800,"stan",188,2388.064,8665.07001865434,9973.42222201042,104.313856432586,201.079009773236,10870.7183176727,3665.92425587438,10762.7885933994,5612.68048004828,3.62849153902673,4.1763630380134,0.0436813487547176,0.0842016837795116,4.55210510173627,4.50690961104871,0.00209199385311647,0.00198862821957081,4.94019437005431e-07,0.000922430026174854,0.00351218953855653,1.2406258367869e-05,1.15473641961171e-05,1.74737498769908e-11,5.82938089689661e-06,2.0500031946714e-05,-1574.55519070362,0.110037968983913,0.0849404918341327,0.9775,0.468592545003081
"linear",800,"stan",189,2271.188,9194.16150044136,10361.2782271844,73.0015801815876,99.7228925332426,10233.8392005349,5021.14626535679,10737.7724020751,6270.13806555934,4.0481728066727,4.56205220667966,0.0321424647284098,0.0439078105965876,4.50594103197748,4.72782191614043,0.00179273207742703,0.0016955222438035,3.60244261718087e-07,0.000790216439500838,0.00298655391103305,1.18278272379268e-05,1.10387804482538e-05,1.4928427144072e-11,5.78126947963965e-06,1.92837277554777e-05,-1613.93453173621,0.0877325800645574,0.0701445392809318,1,0.450274539537706
"linear",800,"stan",18,2206.336,9161.01634468446,9897.42622942326,171.83956473265,153.732004655844,10372.4737933451,5550.39830995853,10232.9468606025,7807.39289945354,4.15214017478954,4.48591068152052,0.0778845854541873,0.0696775126979047,4.70122129781913,4.63798209366232,0.00194018157196912,0.00186492286501716,3.66226664037249e-07,0.000882074718950795,0.00310578502801539,1.1196613078198e-05,1.0576203994968e-05,1.21056427261764e-11,5.82524916150271e-06,1.78989866544056e-05,-1602.06508823485,0.0819002080447641,0.0633205403754954,1,0.452903576566287
"linear",800,"stan",190,2532.332,11280.6435138647,11675.6813614315,199.97995451409,193.954922993828,11976.4067366547,6962.78954599353,12140.1274916034,8628.24273045726,4.45464635516382,4.61064400774916,0.078970669925622,0.0765914275828872,4.72939833191489,4.79405050033069,0.00197548997905995,0.00188361402223961,3.80306300610284e-07,0.000922548152318763,0.00319440763319863,1.16060962515895e-05,1.09929909498882e-05,1.24194407361337e-11,5.92710246671672e-06,1.85063392066623e-05,-1583.26926309034,0.0926865809760779,0.0747556665570625,1,0.45697999218821
"linear",800,"stan",191,1676.366,8030.0785795835,8065.96904466406,146.208587061328,142.75812841507,10272.2031636607,3112.81566638166,10185.0236069204,7240.30488792162,4.79017027283034,4.811579956086,0.0872175808035523,0.0851592840794136,6.12766136014493,6.07565627489487,0.00229217523812337,0.00213518109640529,6.88965778336639e-07,0.000957890030258109,0.00396639411630092,1.26536416466582e-05,1.19300515115664e-05,1.8401191415934e-11,5.68067056293395e-06,2.11595308840071e-05,-1607.68948253979,0.0756281168550814,0.0627751332948443,1,0.473119475694173
"linear",800,"stan",192,2539.956,11090.277344247,12015.6892144132,163.836332136841,209.900663798779,12142.1822279577,4657.02970887246,12014.8734336121,7278.21956969337,4.3663265600849,4.73066825347099,0.0645036103526366,0.0826394881638813,4.78046951520331,4.73034707436351,0.00194226756993053,0.0018414760746848,3.87236221599517e-07,0.000920418936700828,0.00317394463972671,1.17281325394755e-05,1.12137180058541e-05,1.12454242420237e-11,6.01304833121533e-06,1.8514371719165e-05,-1595.52032485469,0.0903531934156849,0.0720917374008599,0.98375,0.451767930815086
"linear",800,"stan",193,2430.72,10719.1577582763,11348.7086307202,144.311587793252,216.714747233526,10984.9388557606,7329.03224713484,11346.235667273,8181.26908838902,4.40986940424083,4.66886709728813,0.0593698936089934,0.089156606780512,4.51921194368773,4.6678497183028,0.00175390323727234,0.00168062666724579,2.74709772407534e-07,0.000883893255433581,0.00278071144830243,1.1212396028215e-05,1.07292099258397e-05,1.03852543086581e-11,5.31918172539238e-06,1.74422420176322e-05,-1573.61881005739,0.0930579455278175,0.0746601648297987,0.97125,0.450384375213936
"linear",800,"stan",194,2591.366,9692.52049661902,9444.64358090061,129.388178071931,158.566726554636,11892.5193929228,2693.78766200058,12095.7618692964,8049.20762927788,3.74031321573989,3.64465829253784,0.0499304915137157,0.0611904017242781,4.58928587969542,4.6677165129497,0.0022061999356166,0.00204460569378283,6.38305181915174e-07,0.0010029156604025,0.00385175669183909,1.23571831260209e-05,1.16054022863219e-05,1.64913298875081e-11,5.90289564815614e-06,2.07077512509928e-05,-1586.06005643723,0.0770809382028999,0.0597010731847411,0.9975,0.470703534470446
"linear",800,"stan",195,2582.707,10921.8954588941,10998.5132476281,151.436600380001,173.110618935254,11284.6698032875,2291.00145861879,11125.6876829521,3164.16260706165,4.22885579312484,4.25852148448433,0.0586348356124026,0.0670268129273874,4.36931862704034,4.30776223665794,0.00264853553335561,0.00245298002324891,1.10837255722104e-06,0.00091268607657338,0.00481439615513221,1.30059323848635e-05,1.20415572449249e-05,2.36587482973669e-11,5.83331460661889e-06,2.22043730392747e-05,-1600.84136796708,0.114149085158233,0.0938837814152344,0.9925,0.482939579606182
"linear",800,"stan",196,2214.327,8576.33173018991,9498.75595168238,173.520344515762,191.339549393329,10415.5633976203,3076.02868175634,10391.8480871519,7048.93584709471,3.87310985694069,4.28968077058284,0.0783625654728332,0.0864097982788131,4.70371512320463,4.69300518268162,0.00198212357784092,0.00188378518994124,4.34773616661536e-07,0.000841842165699378,0.00329111981340818,1.23899071404347e-05,1.16237968485006e-05,1.56287035113456e-11,5.91424562637436e-06,2.02644395909522e-05,-1582.83848050167,0.0862857094260173,0.0667718371222999,1,0.46038022594841
"linear",800,"stan",197,2457.324,10535.3794128688,10845.8329601876,106.034710976279,169.769004627436,11300.8981494452,4341.2692560817,11202.494939437,6842.88679307597,4.28733834564297,4.41367640579246,0.0431504803502831,0.0690869436132295,4.59886370272914,4.55881883684731,0.00222803281050676,0.00210327057639304,5.68408300737208e-07,0.000969236003496768,0.00374210481336808,1.29054397253537e-05,1.21277391999109e-05,1.8091569443977e-11,6.24948825281262e-06,2.16331232709927e-05,-1616.18975869829,0.10501593187793,0.0874819005808711,0.99375,0.472605625299089
"linear",800,"stan",198,2522.565,11360.1585154342,11666.4232619585,126.11280221446,178.686094111103,11897.357582643,6117.67342087867,12172.4337891449,8653.14604642348,4.5034155771741,4.62482562865912,0.0499938761595677,0.0708350802104614,4.71637304990871,4.82541928122561,0.00166374813087566,0.00156983661640344,3.02924213175316e-07,0.000758086989939312,0.00269450113627037,1.12344610692496e-05,1.06376222885658e-05,1.19147935427668e-11,5.56481463433654e-06,1.80201553918608e-05,-1562.62829664045,0.0892635237738507,0.0742849253953376,0.99875,0.442758107699794
"linear",800,"stan",199,2696.314,12053.0036744591,11982.9241408599,167.991206473773,183.959740077186,12147.8202821092,1656.99453707633,12161.6328586975,4636.82110530943,4.47017805584182,4.44418719068324,0.0623040218883162,0.0682263787070741,4.505343325039,4.5104660876654,0.00245520267540883,0.00230928049198442,7.98566084081465e-07,0.000997080757552627,0.00425704943327436,1.3166940232204e-05,1.24625935479036e-05,1.68526708824725e-11,6.65415014595898e-06,2.15757251278223e-05,-1601.92721555074,0.0994894602263147,0.0780952118888431,0.9925,0.477789133317013
"linear",800,"stan",19,1578.696,9699.28616763905,10162.8525032289,122.61015870372,174.770752801308,11362.988604813,2944.46816779285,11077.9479915979,7389.50910550537,6.14385934191197,6.43749810174274,0.0776654648543608,0.110705767799062,7.19770532440257,7.01715085842865,0.00232746034495219,0.00215106181687893,7.30893682246695e-07,0.000967973761789063,0.00405963881422738,1.20943976817842e-05,1.15234706131033e-05,1.36190765221732e-11,5.78239823350517e-06,1.95571988301747e-05,-1595.9391904969,0.082039462931389,0.0649996631240857,1,0.472543391149647
"linear",800,"stan",1,2362.496,10256.2026728149,10948.3141918977,170.141102864251,217.256051858906,10824.2222411675,7758.90811229181,10985.4244072008,8609.92181563381,4.34125715887556,4.63421491164333,0.0720175199722034,0.0919603892912013,4.58168912928001,4.64992296588047,0.00182942419155928,0.00172627413129119,3.55378449343503e-07,0.000870899634338778,0.00302691620641197,1.14526608763948e-05,1.09359955428659e-05,1.178403030637e-11,5.61444164006029e-06,1.83795445281856e-05,-1600.87449051284,0.0860718696493985,0.0679356945337192,1,0.448498546920554
"linear",800,"stan",200,2378.09,10258.8751197926,11069.3447663207,145.390225577815,148.468740426865,10713.1325771997,2411.89611599655,10356.9488116564,4818.61604914458,4.31391373740799,4.65472070708874,0.0611373941178909,0.0624319266414919,4.50493151108649,4.3551542673559,0.00232357728814857,0.00218730885324941,7.16378690438397e-07,0.000914682415411548,0.00387686929038667,1.38271376416322e-05,1.26849480809948e-05,2.83821965967719e-11,5.76354741914337e-06,2.42422668511909e-05,-1605.48483827356,0.0970041634773764,0.0759414988098715,0.98625,0.476305108169228
"linear",800,"stan",20,1675.514,8907.09112783385,9067.33157615966,71.05516004075,137.928279165974,10429.6048980547,3138.73468407942,9581.28665825405,7426.82987053295,5.31603503631355,5.41167162802558,0.0424079775166009,0.0823199801171309,6.22471963711118,5.71841635358108,0.00257557809011011,0.00241543542854596,9.05846927823614e-07,0.00100126753361446,0.0043713893266686,1.29878888265977e-05,1.22144437398825e-05,1.78834597258954e-11,6.03089344706827e-06,2.13415641200417e-05,-1621.69810965922,0.0880611555092409,0.062935651574011,1,0.484424224608598
"linear",800,"stan",21,2657.378,12096.6367415925,11449.080566425,159.175763610194,219.930892332497,12115.2400045111,4463.5956970338,12443.6407939609,9204.44190897005,4.5520948625271,4.30841249021593,0.0598995564839456,0.0827623666382793,4.55909547099099,4.68267622971248,0.00202766226570846,0.00193755432736268,4.35497126703152e-07,0.000938823224621685,0.00342688870283463,1.1870767840917e-05,1.13082439702909e-05,1.25420418219258e-11,5.90648384014194e-06,1.84668046575196e-05,-1576.78819560657,0.0794669265536762,0.0635401277678174,1,0.462159593976608
"linear",800,"stan",22,2070.607,9021.05961445958,8981.49471921626,126.207263344047,218.974892279458,9807.23083523729,3480.66131923387,9330.29880557967,5718.97434404897,4.35672226282418,4.33761438999108,0.0609518191255254,0.105753961171511,4.73640378654051,4.50606938235004,0.00224705102352196,0.00207292197752243,7.92442487148752e-07,0.000867109493644791,0.00403490096837669,1.18698745699558e-05,1.14386814717779e-05,1.19089787585204e-11,5.78813969595553e-06,1.8681803403022e-05,-1649.63039651001,0.0904594223288783,0.0717872065052904,0.97375,0.465161374559995
"linear",800,"stan",23,2423.167,11303.2689982183,11704.3163138856,156.208241503181,184.539886091829,11216.8231732682,5280.43453071467,11485.5063978195,8862.31076509902,4.66466776669471,4.83017320468858,0.0644644968766829,0.076156486982461,4.62899303814725,4.73987405648041,0.00186527176864458,0.00173944152332991,3.97974720091812e-07,0.000838947587315222,0.00312275550229633,1.18758792642225e-05,1.12686214346775e-05,1.43702887205748e-11,5.80125532685813e-06,1.92882196790964e-05,-1603.58312104241,0.0825571974082489,0.067981084762205,1,0.451806120985223
"linear",800,"stan",24,2389.467,10161.0178171679,10566.7720713672,201.426580860841,174.185736057672,11066.9994244696,8288.25243120826,11407.0119036034,7984.87116098614,4.25242023311805,4.42222975725014,0.0842977035719016,0.0728973181289687,4.63157659196366,4.77387296146105,0.00177870204843202,0.00170140129392652,2.93224928326587e-07,0.000865913407722904,0.00291328018117382,1.15757416552554e-05,1.09223659605508e-05,1.28528264072602e-11,5.70396857014158e-06,1.87606709501987e-05,-1565.29558433702,0.0684324023064126,0.0564451739274869,1,0.450953163769331
"linear",800,"stan",25,2365.016,10429.3407606231,10970.5304693973,129.985790086736,134.397312817284,10443.287972546,2344.01254547557,10818.1072906069,7201.5497345,4.40983940938373,4.63867071909758,0.0549619072711289,0.0568272319583819,4.41573671068019,4.57422160805968,0.00205751962520828,0.0019205180515309,5.37728591462578e-07,0.000879416722344483,0.00351076848010037,1.24402908315753e-05,1.16291944978854e-05,1.91304722112724e-11,5.67333111287649e-06,2.09381168565775e-05,-1566.40188347877,0.12398917074992,0.0981535834907546,0.9775,0.46924221286113
"linear",800,"stan",26,2421.087,11097.2663589807,11464.3762470544,125.759016468913,157.624514372703,11021.5515378286,5923.92497138631,11377.7367239131,7202.75162031158,4.58358842907366,4.7352186216581,0.051943204217326,0.0651048534698268,4.55231535993073,4.69943323966181,0.00194794334493864,0.00183276311381324,4.28690565296247e-07,0.000871907872493193,0.00329780426699123,1.2142183609033e-05,1.15114020954023e-05,1.37500067109869e-11,6.23290293205357e-06,1.97317986944883e-05,-1598.91787685657,0.0893666846831492,0.0670461887009401,0.9925,0.457862473510728
"linear",800,"stan",27,2566.172,10989.7616291896,8835.65755731499,166.580847516511,158.189400909735,11917.028795762,3841.80175486146,12010.6118477514,5829.21056750496,4.28255067438564,3.4431275679553,0.0649141396276286,0.0616441146227668,4.64389323699346,4.68036119471003,0.00195285655175122,0.00186160451112831,4.41168318885696e-07,0.000794974272996064,0.00319450801925737,1.19718128909816e-05,1.11904643068089e-05,1.51303984595138e-11,5.64941259804317e-06,1.94159898824805e-05,-1588.52167151298,0.0905273104259079,0.068407701016472,0.99125,0.459107396242104
"linear",800,"stan",28,2627.355,11540.6798523087,12015.7116783285,199.622001096201,213.359629330546,12302.3482975355,6511.10583880412,12653.8271998673,9951.60177413086,4.39250875968748,4.57331105934617,0.0759783132070852,0.081207004508544,4.68240808628279,4.81618479416268,0.00189348612373789,0.00182192774487117,3.50270835594387e-07,0.000886774029568774,0.00306500469323691,1.13337330874084e-05,1.07701608629562e-05,1.03687626593027e-11,5.85622086945784e-06,1.79119562675883e-05,-1585.82651706166,0.0730134966031442,0.0574368662757619,1,0.454977387710272
"linear",800,"stan",29,2348.689,10124.7319675573,10902.3631038959,112.244851703537,205.987390774549,10280.0761870261,2043.79516625844,10343.9303957071,4306.56424325374,4.31080145883824,4.64189303219622,0.0477904276400738,0.0877031359939733,4.37694228015123,4.40412945081582,0.002355406748479,0.00217210564290616,7.55395647572464e-07,0.00104281901974134,0.00414876901477845,1.29318338328418e-05,1.22546282505533e-05,1.71803292105057e-11,6.15881554925359e-06,2.11027085311604e-05,-1591.67704926798,0.109500857639424,0.0752882709235889,0.9625,0.476406967169376
"linear",800,"stan",2,2124.385,8743.90483468631,9319.00841438836,31.103035852753,188.112692409131,9996.60802421973,6796.65860082673,9970.87046473642,5351.3196816153,4.11596995586314,4.38668528274694,0.0146409600203132,0.0885492471511196,4.70564799893604,4.69353269992794,0.00192610386054521,0.00184102358516337,3.57688868392592e-07,0.000899216695195202,0.00310633885808854,1.14987838550902e-05,1.10754439996518e-05,1.14762664424796e-11,5.88948899545451e-06,1.85988772255875e-05,-1581.23608810608,0.100082543634559,0.0836867656605536,0.99125,0.458791751390323
"linear",800,"stan",30,2348.138,9493.2375656597,9919.0155558626,136.439635634423,158.208566018137,10618.5753594119,4586.00383802494,10631.2911822461,6250.18836944144,4.04287889624021,4.22420469148857,0.0581054587227936,0.0673761789205475,4.522125769189,4.52754104837371,0.00197631411725406,0.00188265559930767,4.51879994462267e-07,0.000855338746166851,0.00331909804882226,1.25290366031773e-05,1.1845905395126e-05,1.80162395130779e-11,5.6837242103787e-06,2.10175292966579e-05,-1573.95198866251,0.115330819984168,0.0885862714549458,0.9425,0.459972914948847
"linear",800,"stan",31,2210.82,8246.0573902046,9774.68090058043,125.368559488852,113.564579275056,9648.02816746682,2258.8307052701,9479.37688581893,6115.86389849868,3.72986375652681,4.42129205479434,0.0567068144348488,0.0513676279729042,4.36400438184331,4.28771988937088,0.00309667777859379,0.00296446393662403,1.23385738460478e-06,0.0012976936698342,0.00523764891070637,1.32369591363594e-05,1.2541181724524e-05,1.99792685211306e-11,5.74011067372221e-06,2.23418827014383e-05,-1581.67329582959,0.0912968484777976,0.0739153869810975,0.99375,0.499194633689074
"linear",800,"stan",32,1979.954,8322.7881687072,7548.20641729673,152.464016792966,179.621412884424,9747.30024705426,6007.77374521708,10159.299886073,6143.39046025868,4.20352602570928,3.81231403219304,0.0770038176608982,0.0907199929313633,4.92299328522494,5.13107874530065,0.00180242751017556,0.00170312623749608,3.42744945463464e-07,0.000863368044755614,0.00301488443972799,1.22927563300875e-05,1.15045609068078e-05,1.73287520922675e-11,5.93042594542459e-06,2.07478541713052e-05,-1632.67080001484,0.0897425561084476,0.0752250275875577,0.98625,0.456528561625341
"linear",800,"stan",33,2679.467,12591.5186509757,12834.2672880898,101.809407956801,167.314938323232,12523.3134456382,4781.75223903569,12572.8896137282,6365.4901122921,4.69926244696266,4.7898583143923,0.0379961417538643,0.0624433659094261,4.67380768101947,4.6923099309408,0.00196174486624736,0.00184281050426024,4.57253310878637e-07,0.000845821287030637,0.00328872179102532,1.19374075831749e-05,1.13817596554781e-05,1.2000385517926e-11,6.10849423837846e-06,1.88788391919075e-05,-1608.69434123633,0.0986561089853943,0.0793941066157466,0.99,0.458027770841468
"linear",800,"stan",34,2635.766,11683.5269055519,12060.7303148848,161.798374669313,170.316249488156,12041.3241187116,3182.07423772443,12229.5714426621,8294.32048990028,4.4326874637399,4.57579706046927,0.0613857127944258,0.0646173634109236,4.56843442047267,4.63985476808718,0.00213963651022172,0.00199180964274046,5.61283531995188e-07,0.000976147964682327,0.00362774355669058,1.16593655579002e-05,1.08953514130163e-05,1.48330651455208e-11,5.62978059969943e-06,1.93689162472585e-05,-1615.48074407518,0.0915569844809729,0.0682521501497418,0.98,0.465185821354165
"linear",800,"stan",35,1945.275,7849.85084785572,8929.26346634209,107.022848359784,230.646956272333,9910.21632935913,4003.12032918124,9860.28740126934,6054.7457653315,4.03534248260822,4.59023195504085,0.0550168219710754,0.118567789270069,5.09450660156488,5.06883983049663,0.00192235408553368,0.00180196383469928,4.37442092713041e-07,0.000858008870409459,0.00322575078995657,1.17248158953178e-05,1.11835270479432e-05,1.21222302417315e-11,6.06617896051231e-06,1.86430406853641e-05,-1559.62426273813,0.0940312097746593,0.073014173079434,0.9925,0.457524087995986
"linear",800,"stan",36,2266.202,10161.6695323543,10815.2895422761,138.682597824663,133.600960436714,10484.2277482617,3786.50501638906,10236.5009709912,6762.55536368772,4.48400872135594,4.77242961672267,0.0611960442293593,0.0589536856982362,4.62634299513532,4.51702936057387,0.00229791769868164,0.0021628363921139,6.50553957507938e-07,0.00098236346585269,0.00389506981133779,1.2255975411035e-05,1.14631473466461e-05,1.6975280925761e-11,5.8812384461387e-06,2.0186924548913e-05,-1586.97079216549,0.102325160853164,0.0810719537846262,0.9975,0.47360811035645
"linear",800,"stan",37,2653.282,11121.4817314189,11283.47935762,140.118556429062,137.258386096576,12356.1362473995,4726.51340962461,12334.0298187477,9199.04628000886,4.19159430901761,4.25264987197742,0.0528095228585058,0.0517315483603236,4.65692536541516,4.64859363563607,0.00210474238766689,0.0020067585083935,4.5807420003017e-07,0.000954290708851563,0.00353390747522406,1.24826067694463e-05,1.16998755165475e-05,1.60935101988763e-11,6.14314147565397e-06,2.07055696804665e-05,-1595.92527014788,0.0760498246703469,0.0602067660638872,0.99125,0.464250874069408
"linear",800,"stan",38,2319.829,10134.6912683046,11147.0631742041,149.189686160464,206.453062882458,10414.7385489708,4174.74357521609,10482.397170325,5327.99211326938,4.36872341379669,4.80512278025842,0.0643106393447377,0.088994948714952,4.48944234638448,4.51860769493137,0.00230977188226958,0.00220042629554016,6.21912729933469e-07,0.000945351247266899,0.00383339101243534,1.2893372205284e-05,1.21831787363316e-05,1.61555441515344e-11,6.18586352814031e-06,2.0965806718025e-05,-1576.32905733795,0.0863192532262683,0.069177701109029,0.98375,0.473662576447299
"linear",800,"stan",39,1850.482,8444.44889369577,9678.97927282178,112.415316476006,160.249765029986,9815.76407887868,5686.311179228,10118.2345369705,4654.80341096626,4.56337802458807,5.23051792604401,0.060749208301408,0.0865989320782294,5.30443640028851,5.46789135855984,0.00181366756800539,0.00171857454183421,3.49275412721534e-07,0.00081460535339199,0.00298557027878325,1.19309530675749e-05,1.13477243080294e-05,1.36441805950382e-11,5.69154901279048e-06,1.93142815348823e-05,-1583.77440401035,0.0714903849740935,0.0531561196121998,0.995,0.450689846122803
"linear",800,"stan",3,2594.164,11613.9347578233,12085.1793941338,163.165585758571,227.571691740254,12138.2552758603,5860.63091758413,12084.325307077,8072.38366960102,4.47694700790827,4.65860269209417,0.062897174488032,0.0877244814669598,4.67906241697142,4.65827345806858,0.00195711347051223,0.0018500016509381,4.30963937706121e-07,0.000873388492106344,0.00327226400301932,1.16049247788791e-05,1.10938325006936e-05,1.1781851512661e-11,5.82715095110859e-06,1.819125925536e-05,-1577.59552128901,0.0941574484276772,0.0685872818914798,0.96,0.459242140421554
"linear",800,"stan",40,2440.521,11846.2945404379,11952.6734565072,79.3299834707778,176.328761247965,11093.3381281406,3177.5493271989,10971.0397196985,6949.59486071875,4.85400229722994,4.89759090641186,0.0325053476166678,0.0722504585078207,4.54547948087338,4.49536788239006,0.00214242688311022,0.0020061502414984,6.15019954863903e-07,0.000873032111987692,0.00366540920854227,1.2155421101021e-05,1.15046318747502e-05,1.54124063095119e-11,5.83662211529162e-06,2.02592088602209e-05,-1581.80277044472,0.0843838030693098,0.0603893172571653,0.9775,0.46466921718384
"linear",800,"stan",41,2771.586,10894.1318626414,10226.5530902595,129.408613631623,199.316422696442,11934.1172436135,4073.23694738303,11895.5019280153,9080.98638133554,3.93064904449704,3.68978378814856,0.0466911774094771,0.0719142118254467,4.30588018687262,4.29194761700171,0.00212168036142575,0.00199665200438197,5.61189672761523e-07,0.000941766667699001,0.00362437270890173,1.23341972744855e-05,1.17314140822729e-05,1.42589114287995e-11,6.14146084045187e-06,1.99934570597628e-05,-1602.72655182879,0.125789702530209,0.101915425736674,0.96375,0.471557683307546
"linear",800,"stan",42,2231.929,10063.3872742688,9455.22887301769,84.5498198859964,207.712120678068,10210.9399806017,3778.67553127122,10439.0593396755,5472.62411409771,4.50882948080733,4.2363484111805,0.0378819487026677,0.0930639463343448,4.57493942710618,4.6771466922449,0.00219577149894839,0.00207436218419258,5.94614495109674e-07,0.000915408303627759,0.00365170896108531,1.2509458046184e-05,1.15654530635472e-05,1.88397456186679e-11,6.13707683921237e-06,2.16478300099988e-05,-1610.06509216965,0.0947600657191567,0.0717390579566668,0.98625,0.467305344272097
"linear",800,"stan",43,2175.073,7573.39747226075,6074.59945580158,85.4552985597254,143.049249854546,9811.40904967484,3129.8301218263,9828.81079406362,4625.3732091302,3.48190496239011,2.79282555380973,0.0392884737936269,0.0657675626769981,4.51084126816656,4.51884180166073,0.00209311878485115,0.00195966774093828,5.71223778064849e-07,0.000864630586806766,0.00356610503588538,1.24787963797362e-05,1.15395131701575e-05,1.92064375846431e-11,5.96798839634179e-06,2.14365255143606e-05,-1582.52559173594,0.102143317343229,0.0810120061122271,0.96875,0.464705978219156
"linear",800,"stan",44,2506.465,10132.5939156903,11402.9043575859,195.782139438127,171.247001401169,11491.4862607146,4574.13023643303,11810.3680874075,8437.43998018455,4.0425834454861,4.5493970023862,0.078110861088476,0.0683221195592874,4.58473837085879,4.7119621009699,0.00203898186654492,0.00192199914294531,5.09970880194752e-07,0.000939826591191283,0.00353319565471984,1.23692543496828e-05,1.17417410720968e-05,1.50878123231691e-11,5.76618697342264e-06,1.99911815149758e-05,-1589.609466909,0.103548298166811,0.0838354086452602,1,0.467254100604514
"linear",800,"stan",45,2542.321,10761.2624133589,10915.1569330517,156.082609368642,149.775530271266,11602.0148004423,4061.07104664814,11567.609198343,5248.74312935935,4.2328495942719,4.29338267396276,0.0613937458600398,0.0589129107894974,4.56355228173087,4.55001913540541,0.00212062141728904,0.00200003078163748,5.26959925951325e-07,0.000917567243842363,0.00351649279692531,1.23325299091088e-05,1.16993142090307e-05,1.51187623673157e-11,5.82992261590754e-06,2.00619254907826e-05,-1596.92210488157,0.0891723609285281,0.0739059938885437,1,0.465264349039421
"linear",800,"stan",46,2458.476,11068.4898343007,11504.4382482042,167.381390152222,215.699789330548,11113.7576140675,4206.88199389217,11512.8864907103,8414.6441125405,4.50217526398495,4.67949992117237,0.0680833940019027,0.0877371954538292,4.52058820751861,4.68293629496905,0.00185728035015876,0.00173964177321924,4.19979403678735e-07,0.000821070117831844,0.00310809554797728,1.13055940093319e-05,1.063355237512e-05,1.40379267145431e-11,5.43734388392977e-06,1.85284649556939e-05,-1608.60310104903,0.0715558657990721,0.0558515272051057,1,0.452189769601612
"linear",800,"stan",47,2747.885,12260.9814302037,11211.5447627752,115.334597631698,193.577496669899,12143.8238291456,1901.0834453016,11656.5617444757,5932.1265330875,4.46197036273488,4.08006330788051,0.041972134071003,0.070445996346244,4.41933480809625,4.24201221829724,0.0022049955339752,0.00205679761247057,7.51258623380049e-07,0.000862144426612532,0.0039513624309461,1.20647870116466e-05,1.14509093551789e-05,1.49889641670324e-11,5.65896504370766e-06,1.94088047872078e-05,-1625.36056011691,0.0960686571033606,0.0730107567736638,0.99875,0.466998150148229
"linear",800,"stan",48,2655.609,10493.3817736256,11340.8492888776,129.790526134729,189.580926163712,12064.4156479069,5349.25521785781,12398.3048091625,9149.87566793906,3.95140315220561,4.27052675634013,0.0488741099065144,0.0713888701852237,4.54299396029571,4.668723750056,0.0020773594084228,0.00187333579096332,7.16611795713693e-07,0.0008603500253007,0.00379648410846981,1.21315919022895e-05,1.16940276623279e-05,1.30885036819884e-11,5.70577183314664e-06,1.90180871908753e-05,-1570.23903917631,0.071385284677391,0.0559762512751317,1,0.461388746606236
"linear",800,"stan",49,2008.996,8719.76742315419,9800.63313823052,188.36773467764,235.211681922575,10070.5292654677,5023.72601856069,9814.30203396439,6658.11279157672,4.34036076883886,4.87837364446247,0.0937621252992243,0.117079218635864,5.01271742973492,4.8851774886383,0.00208436996302393,0.00198124057005533,4.5785812514864e-07,0.000952368947402591,0.00342636669070323,1.19528970007728e-05,1.13668738449474e-05,1.24427070013761e-11,6.14899990272465e-06,1.90054161309814e-05,-1616.48245022452,0.0922290186536823,0.0739525764134156,0.98375,0.46434698634932
"linear",800,"stan",4,2390.524,9514.21941523027,9952.82120283561,135.170244848981,148.65040659889,10739.7711839272,3323.16656570582,11429.6386136025,8571.59281896029,3.97997234716333,4.16344751311244,0.0565441906665572,0.0621831893755886,4.49264311252562,4.781227301463,0.00206343124036604,0.00190832125340426,5.80235049635174e-07,0.000869608639310833,0.00358121881835983,1.20222162850858e-05,1.13062213124395e-05,1.56025498058634e-11,5.6029441704137e-06,1.94287847402832e-05,-1623.68793763816,0.0827467970834723,0.0639736546605492,0.98375,0.460368071710749
"linear",800,"stan",50,2489.969,11399.5024311457,11580.3335950522,129.668720323113,216.77343188971,11270.7223285724,6282.2939492065,11758.9460641587,9447.29377970438,4.5781704234654,4.65079428501004,0.0520764396356394,0.0870586870317303,4.52645086287115,4.72252709337291,0.00190925655011925,0.00179859569413063,4.10565639396955e-07,0.000864417144094747,0.00327337807022511,1.1470465205512e-05,1.08478872384815e-05,1.26011309508441e-11,5.6022875455228e-06,1.85117942304283e-05,-1580.29068555139,0.0633834249856356,0.0521499910506796,1,0.455229135571631
"linear",800,"stan",51,2607.919,11736.2374927069,11108.1585970878,105.519315142133,171.882090843495,11790.0963679149,2767.94606239238,11937.9168891232,6657.43937221713,4.5002308325937,4.2593955552637,0.0404611167532936,0.0659077566609604,4.52088288321642,4.57756429134618,0.00221336435013361,0.00210619722207839,5.89430353061349e-07,0.000936756208713565,0.00373106160127701,1.30325521692343e-05,1.21879796796958e-05,2.06535027358901e-11,5.64595065526705e-06,2.20971709215179e-05,-1573.28069190015,0.0932410271291341,0.0731787963131552,0.99,0.472872975181795
"linear",800,"stan",52,2622.86,9266.4106716624,10177.8401016819,125.364716334781,126.010594503938,12182.9479890065,4477.6899314986,11959.8933992785,4211.76151600016,3.53294139666715,3.88043589885922,0.0477969530721356,0.0480432026505182,4.64490975080886,4.55986724387825,0.0020698289109281,0.00190842593300024,6.00387245247129e-07,0.000886125219635462,0.00364149683558682,1.24574267384954e-05,1.16275281691675e-05,1.96030691464046e-11,5.85393399113383e-06,2.12583145148084e-05,-1566.29925283051,0.122772536139873,0.0949080699398956,0.975,0.469668020245216
"linear",800,"stan",53,2685.319,11115.1782353145,11508.5023123514,113.765957010278,147.561265988328,12283.8655498404,3672.48745369525,11977.2137582641,6519.69500858091,4.13923941077933,4.28571142287059,0.0423659002935138,0.0549511123216007,4.57445299788979,4.46025733190882,0.00234142877053241,0.00221450379062453,6.5682469715574e-07,0.00096622554288406,0.0039449623228936,1.2554879959026e-05,1.19612045554417e-05,1.55098873791548e-11,6.11857976466524e-06,2.03816681253155e-05,-1631.64541148605,0.0893899992589414,0.0721291489118021,0.98875,0.472382867794866
"linear",800,"stan",54,1769.886,9153.55362364519,9580.10944704938,111.96699681121,193.520889657594,10192.3542006938,1976.02648149663,9421.7953747899,6296.89462370479,5.17183232346331,5.41283983660495,0.0632622648075698,0.109340878258596,5.75876310716838,5.323391096822,0.00258217788178533,0.00239052665726419,9.70488202064205e-07,0.00101650259879085,0.00459149987077754,1.25509737075715e-05,1.19360429145064e-05,1.44941409226419e-11,6.27713525968851e-06,1.9551529636386e-05,-1596.83198546541,0.0893884145760342,0.0740784935965727,1,0.485855470197206
"linear",800,"stan",55,2408.354,10800.3182582209,11117.9137217018,164.7043574859,95.3296918658989,11026.7565191784,7051.67814557958,11404.2956465248,8973.0519855934,4.48452273138454,4.61639514859601,0.0683887657237682,0.0395829233849754,4.57854473187015,4.73530703813674,0.00182741451239097,0.00172771982726571,3.49619196275057e-07,0.000855753435295576,0.00302680939004162,1.11843857950086e-05,1.0635216755175e-05,1.21132520946492e-11,5.47863042436354e-06,1.83025614640663e-05,-1613.44666436757,0.0649979135703803,0.0519233657069535,1,0.453504939423773
"linear",800,"stan",56,2090.791,8748.10213433022,9339.13492996975,166.999099764472,210.56038485427,10062.0012884422,5961.66225007251,10257.6577096336,7661.73753975798,4.18411124513652,4.46679506941141,0.0798736457945687,0.100708480596229,4.81253328928724,4.90611338466333,0.00180176974123496,0.0017141770041191,3.50950618957622e-07,0.000831780285706163,0.00296718721507844,1.11625540928108e-05,1.04982700914455e-05,1.20058352911908e-11,5.66801106103574e-06,1.83686859512196e-05,-1607.532808921,0.0944927253519127,0.0772553601848297,0.99125,0.446390841055595
"linear",800,"stan",57,2224.446,10016.9304684959,10548.5146347665,120.696782990884,92.4751810793756,10036.6225332537,5596.09542991664,10578.560012959,8079.56303262603,4.50311244619826,4.74208618000458,0.0542592551093099,0.0415722301550029,4.51196501657206,4.75559308383254,0.00188717692402759,0.00179133142472007,3.58870084411348e-07,0.000848565174003684,0.00311286157352798,1.1754972449288e-05,1.10980231560731e-05,1.47584213703644e-11,5.52041549714353e-06,1.93937842240335e-05,-1602.50901109118,0.092558880322221,0.0760260407261938,0.99875,0.452699939988096
"linear",800,"stan",58,1743.937,8049.87727700571,9489.39125384442,137.939678816491,233.522961270497,10325.1102377316,6987.56991420231,10139.6793662517,6639.35335576396,4.61592206427509,5.44136127270906,0.0790967098103264,0.133905617731889,5.92057524883733,5.81424636684223,0.00194721077630436,0.00184136416482897,4.54436949065655e-07,0.000876732494639068,0.00329472421924121,1.14810291781192e-05,1.10639870577825e-05,9.99970615468615e-12,5.88309914030844e-06,1.76918132601871e-05,-1577.67441532114,0.092550903269066,0.0712512292044608,1,0.460085024576795
"linear",800,"stan",59,2493.534,10120.8490381874,11061.3497228337,166.001175344034,137.11007962886,11250.7595523955,3935.72105480279,11602.00591616,6638.52386049848,4.05883739230641,4.43601319365756,0.0665726536490114,0.0549862482841059,4.51197358944995,4.65283646269111,0.00200113357508013,0.00188018326107582,5.01276574174408e-07,0.000844655107483339,0.00345351968872889,1.20157308625476e-05,1.14295199133334e-05,1.31654108805879e-11,5.87165416442828e-06,1.92780516300032e-05,-1593.70370816594,0.0869893265875566,0.0656794567763273,0.995,0.463466457716721
"linear",800,"stan",5,2227.159,10054.2098532534,10750.0758813638,121.943681477471,165.856835812241,9961.71981626711,2282.86474887507,10077.4948949508,7136.11046234295,4.51436554518713,4.82681114431604,0.054753020093074,0.0744701369826946,4.47283728564827,4.5248205875516,0.00233089486975362,0.00214595094966803,7.20635430123008e-07,0.00104162531389833,0.00403120071226604,1.17953028330353e-05,1.12025835363221e-05,1.36237540508376e-11,5.59809271240683e-06,1.89943114963775e-05,-1573.67868879357,0.0862281642000082,0.0665969412038192,0.97625,0.471490405058012
"linear",800,"stan",60,2202.959,9023.69930227585,9673.01123127758,190.768237006692,154.79031424324,10143.333665126,6832.29742461174,10454.0841812836,6873.18217989696,4.09617214949341,4.39091750290295,0.0865963628949481,0.0702647276881865,4.60441327556528,4.74547378379879,0.00173362258254269,0.00164344110118158,2.94113407787587e-07,0.000835986122012821,0.00281744947944467,1.16135182805358e-05,1.09725018653494e-05,1.2881900378546e-11,5.86768041172629e-06,1.86585845419546e-05,-1564.39049664635,0.0799178990147888,0.0648244079664628,1,0.45041029809053
"linear",800,"stan",61,2058.55,10353.9489702724,11094.5730560602,124.166085258129,151.109407049208,10841.2551475592,3314.7119274788,10523.5336887506,7661.21405490329,5.02972916386409,5.38950866195146,0.0603172549892539,0.0734057501878546,5.26645218603345,5.11210982912758,0.00219518995753885,0.00201270956540135,7.34195328522049e-07,0.000829255075875397,0.00390807053403923,1.26044458841617e-05,1.17235239531345e-05,1.7089880230736e-11,6.03616071312189e-06,2.10873556539913e-05,-1630.92273227633,0.107906459430292,0.0827921773154234,0.9675,0.466971104070231
"linear",800,"stan",62,2215.441,11139.4498785378,10384.9051319919,155.696636422132,216.399382646528,11596.0236759936,4221.00667220049,11908.8927164097,6789.22850909089,5.02809593148172,4.68751148506862,0.0702779430470647,0.0976777908536169,5.23418302540832,5.37540503963305,0.00201106360519453,0.00191697297583839,4.04517819293166e-07,0.000899937520353836,0.00323255951915499,1.16567097017903e-05,1.10499238155953e-05,1.23036755219244e-11,5.93914365918003e-06,1.88032408681536e-05,-1607.18589886775,0.0911023896852972,0.0751743710462421,0.99875,0.456563226639805
"linear",800,"stan",63,1423.868,7803.87870371337,9189.97489867764,111.733526608429,153.451665345584,10345.8183483714,1470.15509780594,9402.2410002445,5480.31596534123,5.4807599466477,6.45423234364256,0.0784718292766107,0.107770990952521,7.26599540713846,6.60330943615876,0.0027642426258608,0.00257332599882298,1.15539420818431e-06,0.00101211321201459,0.0048282780042938,1.26540926657733e-05,1.20664437081699e-05,1.57190701469828e-11,6.17155229579177e-06,2.06189567272976e-05,-1595.75888256687,0.106402602796146,0.0894640319708678,0.995,0.49157946980999
"linear",800,"stan",64,2146.054,10083.404311442,11320.6760645394,139.291161005625,171.857874298061,10931.5266944854,3222.0029779254,10883.800769001,6552.32085799593,4.69857902524447,5.27511239910059,0.0649057111357053,0.0800808713564808,5.09377988367741,5.07154096262303,0.00223879777665593,0.00208181061523099,6.40062811655643e-07,0.000989216241026714,0.00383205680094338,1.25454101288539e-05,1.18049553270057e-05,1.76724984777185e-11,5.64222750072375e-06,2.09029663920697e-05,-1595.08357676089,0.0885171215210377,0.0685539347302993,0.99,0.470842804119246
"linear",800,"stan",65,2127.237,9220.81467955372,9709.29830171757,154.281545523846,161.362101076438,11127.6221236058,5449.51616902838,11575.6661878215,7516.05495437809,4.33464380299596,4.56427671280519,0.0725267309302377,0.0758552531177474,5.23102133124134,5.44164387316577,0.00179460762037968,0.0016896106598222,3.25764217514771e-07,0.000857818318363635,0.00299279604691989,1.16240475483622e-05,1.10050477111104e-05,1.21273235991602e-11,5.92009661470424e-06,1.85658473655675e-05,-1585.16743627492,0.0813889004584006,0.064649541126683,0.9975,0.451398579421105
"linear",800,"stan",66,1684.768,7827.58776028122,9123.4198369983,133.356409699503,136.651820466945,9975.50843211279,5357.32387307985,9940.55895095022,5912.71739496737,4.64609237609049,5.4152380844118,0.0791541682293962,0.0811101709356688,5.92099828113591,5.90025389308808,0.00204272475267646,0.00191678564332824,5.26087004028331e-07,0.000867553106690855,0.0034934992032727,1.21267149502876e-05,1.1447631415873e-05,1.63256268613212e-11,5.64117472496853e-06,2.01655494160805e-05,-1605.95868629533,0.0891808488403392,0.0695851120787509,1,0.462233971376785
"linear",800,"stan",67,2298.138,13092.8436144436,12594.4618860242,203.095846130115,208.519162611703,12486.0014045695,6468.34533551594,12832.5672993046,9076.65342090001,5.69715291877318,5.48028964580203,0.0883740863821558,0.0907339605418398,5.43309470735416,5.58389761594153,0.00175123919087958,0.00166495197254161,3.26475297288113e-07,0.000796915558070757,0.00293070958076576,1.18998713761152e-05,1.13127575206038e-05,1.29730691393781e-11,5.6521662112727e-06,1.89894574827292e-05,-1590.36020320119,0.0887471548813,0.0679973102000839,0.9975,0.449053636662666
"linear",800,"stan",68,2186.471,9519.79271797528,9322.63811915092,74.0664643157218,229.147034017624,10696.333153087,1462.56391438933,11043.0005619539,6278.32262134296,4.35395334215514,4.26378310947226,0.0338748898639505,0.104802228805058,4.8920535205301,5.05060463274104,0.00260358383098899,0.00238483130031562,1.24869254029175e-06,0.000924240697431151,0.00483792531648369,1.30573623657696e-05,1.2504184109142e-05,1.49689247709127e-11,6.62243969382683e-06,2.06778370605496e-05,-1579.92137706139,0.0954200084728841,0.0726705505392711,0.98875,0.486435187511277
"linear",800,"stan",69,2047.634,9167.36599583385,9565.87834813702,152.703530186267,146.542632931294,10420.3052202508,4513.03053314886,10859.0431386041,7226.6634147521,4.47705302599676,4.67167391640157,0.0745755980738097,0.0715668097576493,5.0889491091918,5.30321490002806,0.00198262919406147,0.00182763645383878,5.58981697122643e-07,0.000821200327943709,0.00352746208015699,1.24670248518873e-05,1.18325531825222e-05,1.62493285698909e-11,5.85320280862952e-06,2.06132388398133e-05,-1612.07678426366,0.0859586206487827,0.0685024340475681,1,0.46012630892191
"linear",800,"stan",6,2604.533,10731.1612367964,11185.3118433336,137.979708615293,211.972812859195,12043.1591376045,4276.53021860528,12278.792691673,8009.81115346934,4.12018632007978,4.29455562411133,0.0529767557620858,0.0813861113908693,4.62392265239278,4.71439321048073,0.00204027987483084,0.00191612903351315,5.07823839109328e-07,0.000823066355928568,0.00343944465296476,1.2102193891441e-05,1.15880516756787e-05,1.50092735850556e-11,5.5262753796206e-06,1.97457367818856e-05,-1575.1170680653,0.0997294994612804,0.0809848741500522,0.97875,0.464701269524042
"linear",800,"stan",70,2305.837,10669.5962959865,11188.479509805,181.813604267083,194.986191587553,12182.7366163399,5670.32795403091,12176.8865242552,6348.12471827032,4.6272118523497,4.85224216187225,0.0788492873811476,0.0845620013849865,5.28343357155768,5.2808964919269,0.00189003031407876,0.00180528415362622,3.90799283138697e-07,0.000829221967454524,0.00309557661250572,1.21453789595454e-05,1.14798056994722e-05,1.37308959375954e-11,5.88369112322605e-06,1.94370860313535e-05,-1581.45477091736,0.0780220320521697,0.0610680951912034,1,0.457025586977979
"linear",800,"stan",71,2346.528,12856.3192056963,9848.13531871255,144.335017343425,144.441037466657,12062.4199127332,4567.25500032626,11648.6914716822,4989.27917654412,5.47886886740595,4.19689657174879,0.0615100341199528,0.0615552158195671,5.14053951742028,4.96422436539527,0.00222369252578121,0.00206241014451874,7.03510403428516e-07,0.000907780226722203,0.00394550790276224,1.29233241736858e-05,1.20288059386667e-05,2.08882327148591e-11,5.91809147246306e-06,2.20147178068893e-05,-1558.59625453028,0.0871441382631505,0.0683723440735454,0.98875,0.470473899066395
"linear",800,"stan",72,1836.021,8907.56185237887,10058.1423636898,136.128531085003,170.557911931319,9909.26992577257,4756.61155639665,9816.11688212244,7668.25425848925,4.85155771768344,5.47822838828631,0.0741432320681534,0.0928954036644022,5.39714410988358,5.3464077383224,0.00204756596506824,0.0019055427594893,5.71841369679944e-07,0.000860361286636612,0.00363206077826889,1.18400929048457e-05,1.12459876977445e-05,1.29235308257975e-11,5.78620178411418e-06,1.91106079329883e-05,-1606.6390323114,0.0998092204423316,0.0736913570289424,0.96125,0.456116923130331
"linear",800,"stan",73,1743.182,7115.61426966254,6673.4052836819,120.832370943664,43.6026715271543,9587.90074269038,4045.19092488272,9680.99535270903,4897.31930426507,4.08196864679795,3.82828946356829,0.0693171286438614,0.0250132639776881,5.50022931781671,5.55363430365219,0.00204638012242821,0.00191425678146574,5.44403144472578e-07,0.000883348211952025,0.00350829416070543,1.23696615833334e-05,1.1645792557191e-05,1.67532078397592e-11,5.88434244620751e-06,2.06231451463161e-05,-1614.8796064881,0.0876163936913635,0.0747688077862836,1,0.462689112657711
"linear",800,"stan",74,2396.881,11749.1476746468,12582.7327947417,152.07209935647,139.265901462635,12296.0681973159,4592.3545805385,12327.0186527866,6326.07270374253,4.9018485584586,5.24962765975522,0.0634458278723348,0.0581029685923642,5.13002864861287,5.14294145299105,0.00202404915366795,0.00191660136783155,4.70618495692277e-07,0.000899534030215754,0.00331772062434545,1.20760448857013e-05,1.12806867381576e-05,1.56843853695152e-11,5.76940016736249e-06,1.99633429645066e-05,-1570.45493629735,0.0952070132649262,0.0792056241685038,0.9975,0.462235553443499
"linear",800,"stan",75,2317.716,10658.0781022057,11546.8458507075,146.959773514911,141.254224637948,12095.6106427559,3370.88531731816,11968.3065882443,6352.14525776494,4.59852635189371,4.98199341537422,0.0634071532124347,0.0609454413905533,5.21876305930318,5.16383654781014,0.00238583240899537,0.00221878762613786,7.47733118915078e-07,0.00102055893568753,0.00410554632785329,1.24737914431323e-05,1.16928122206042e-05,1.7158620327066e-11,5.84353334075525e-06,2.09852095734532e-05,-1614.78567026878,0.0845495203873628,0.0703529439055202,1,0.472208294438846
"linear",800,"stan",76,2133.718,10404.5864599743,11359.9475356436,91.0916351932951,82.8513139413776,10950.5568036214,4287.61960813474,11065.5344922534,6750.45107244912,4.87627065056129,5.32401542080235,0.0426915061846482,0.0388295519564336,5.13214811124122,5.18603418645456,0.00226782649202202,0.00213306486933415,6.05299941849922e-07,0.00100518993540668,0.00383123090696091,1.29827474037311e-05,1.21255112328539e-05,2.03439394171157e-11,5.90663218710728e-06,2.17786580151452e-05,-1596.9482719734,0.0865417017560617,0.0717846420429025,1,0.469311053889216
"linear",800,"stan",77,2062.326,9720.75106224219,9883.81373702253,128.554240848596,162.679552512908,10748.7489875304,4705.08049240828,11157.0878146315,8547.4134853921,4.71348907119543,4.79255643240813,0.062334587668776,0.0788815892894276,5.21195436004318,5.40995352559758,0.00201971107920216,0.00190469219709008,5.29063303022272e-07,0.00090102722287674,0.00336603781973238,1.17174891888146e-05,1.12765764597625e-05,1.04508221565127e-11,5.93835822051259e-06,1.79997223531092e-05,-1576.1718767194,0.0780085407130895,0.0623816181797224,1,0.461942134058136
"linear",800,"stan",78,2067.608,10265.889853262,10442.1173901737,129.476419971252,188.173485735865,10999.3007934693,3615.16379840066,11031.6622759687,7467.8649726279,4.96510453299757,5.05033709976636,0.0626213576128803,0.0910102329531831,5.319819227566,5.33547088034517,0.00214092869398472,0.00203888673636157,4.93490284735711e-07,0.000961284591175916,0.00351966219329565,1.22948402781796e-05,1.15476670091158e-05,1.5542918937972e-11,5.9995560583881e-06,1.99015788528261e-05,-1615.01397835058,0.0817048886612692,0.0620449674501286,1,0.464079350950434
"linear",800,"stan",79,2239.39,12101.2005458227,12195.2376348079,175.204532174445,207.495292147367,11814.4143004906,6202.5004133293,12196.2525862491,6862.7120396019,5.40379324093737,5.44578551963166,0.0782376147854751,0.0926570593542737,5.2757287924348,5.44623874637694,0.00188812054272035,0.00179282966149204,3.87905957165206e-07,0.000893389202162574,0.00312206709636548,1.16540290948196e-05,1.094624784736e-05,1.31329440956749e-11,6.01908580533383e-06,1.93746270320034e-05,-1589.30943990296,0.102677591018347,0.082458437638731,0.96375,0.456107332614221
"linear",800,"stan",7,2667.819,12018.3653857633,12709.1059259248,108.680471691883,214.676468941919,12792.743002152,6828.17986867842,12886.672926085,10637.6247815148,4.50494032232446,4.76385614088691,0.040737573160654,0.0804689032284121,4.79520649719941,4.83041500419818,0.00184247116781977,0.0017272913875696,3.87367916993537e-07,0.000867563741643315,0.0031173368919932,1.20563186266201e-05,1.15669536205376e-05,1.28601164102581e-11,6.43901032940215e-06,1.95373256920201e-05,-1572.64831954602,0.0913405161940025,0.0739303803495183,0.99375,0.461745387474415
"linear",800,"stan",80,1556.603,9045.01665714913,8532.21477645059,60.6046269627358,181.491381757412,9906.10450432477,2521.78020523898,9195.70469634573,6485.58775702867,5.81074086144581,5.48130433800435,0.0389339009129083,0.116594521375979,6.36392484424402,5.90754655897858,0.00240608383419734,0.00226593732383544,8.36726853956869e-07,0.000890760398752749,0.00419177618634058,1.24955327262682e-05,1.18116342658431e-05,1.64972177878185e-11,5.75915227605538e-06,2.05004171243379e-05,-1576.5512743335,0.105455699412009,0.0835841436078158,0.98,0.480122029486464
"linear",800,"stan",81,2486.001,11303.9729121159,11025.8017191557,123.814429676755,246.027557763484,11387.9564726716,5381.00439797113,11608.3186542915,8938.32311743515,4.54705083067781,4.43515578600159,0.0498046580338281,0.0989651885753401,4.58083342390916,4.6694746519778,0.00198780529639117,0.00188867086410374,4.7500478844933e-07,0.000877709037089768,0.00336498500229533,1.1692281339499e-05,1.12389517086478e-05,1.09155223605679e-11,5.90301225415112e-06,1.81014038945359e-05,-1595.95281902562,0.103038074212416,0.0812303318006984,0.97,0.462714238847402
"linear",800,"stan",82,2148.754,4825.47877501425,6040.14249753782,124.215122141877,149.931118757693,9901.16269036698,4288.91257572752,9767.6255146855,4230.188595382,2.24571019996437,2.81099767471652,0.0578079771541448,0.0697758416075981,4.60786236598837,4.54571603575165,0.00236040037909707,0.00222680278686637,7.35723928132797e-07,0.00102474375059103,0.00412044199183837,1.28539498502971e-05,1.23622450938496e-05,1.53699202048286e-11,6.04627121009506e-06,2.05381730806686e-05,-1599.19595697443,0.115170693319982,0.0867635236056672,0.96375,0.475255111540578
"linear",800,"stan",83,1575.976,10429.1848749954,10903.6105387037,155.738359898955,184.499363551934,11632.3076717172,6564.26071969152,11671.6115569174,9112.23675816251,6.61760386896466,6.91863996577594,0.0988202611581363,0.117069906871636,7.38101828436297,7.40595767760261,0.00176557021204073,0.00164917564775371,3.59777173484329e-07,0.000787610986205079,0.00296135203166195,1.13966975069187e-05,1.07601673734519e-05,1.31831925619463e-11,5.5774916975574e-06,1.82701018413369e-05,-1589.11175892786,0.0740620397194737,0.0566960036875355,1,0.450355335977806
"linear",800,"stan",84,2464.321,10725.5456330759,10563.9797319774,136.860731835036,172.421148842669,11313.5181963333,5445.97824063708,11112.7588763627,7090.88357027124,4.35233300900163,4.28677097341517,0.0555368930569662,0.0699670005825819,4.59092715451165,4.50946077088279,0.00202745428389048,0.00190803711763604,4.67312308491046e-07,0.000872107688163713,0.00342349581882686,1.23111036089083e-05,1.15267208870835e-05,1.8291774446225e-11,5.767723913857e-06,1.99969193846719e-05,-1610.65915357398,0.116687681959851,0.0892687935806999,0.96375,0.462340566199949
"linear",800,"stan",85,2554.746,10971.9835113277,11763.9667724887,186.698895110125,179.174041410381,11787.322687275,8366.52234762155,12240.8154910401,9888.13737307302,4.29474535289523,4.60475005048983,0.0730792396230878,0.0701337985891282,4.61389221757272,4.79140215545503,0.00191612685181724,0.00183493262204274,3.52134179684626e-07,0.000881574139869045,0.00313797676982498,1.15427022136015e-05,1.09102109107644e-05,1.24681455887825e-11,5.69039673202113e-06,1.81352968030788e-05,-1609.68935970779,0.0700501054820689,0.0571658019347744,1,0.450971452263107
"linear",800,"stan",86,2702.806,11924.301889308,12693.9852237088,154.731347384456,152.659732525456,12706.8002578434,6110.90923565956,12784.7010377206,8618.16466670096,4.41182307916587,4.69659502891026,0.0572484104979996,0.0564819422945842,4.70133641032446,4.73015859729503,0.00185192773317318,0.00176060763591718,4.32545204189571e-07,0.000773484269060774,0.00313398091951866,1.17159927259694e-05,1.09150503171731e-05,1.58581688804948e-11,5.53221443659171e-06,1.93076215595794e-05,-1604.52679881904,0.0812396767776623,0.056757693127532,0.9875,0.454282870355845
"linear",800,"stan",87,2587.37,12307.267472809,11700.2903246994,121.980277886582,194.946178140271,11911.516346986,4054.49040725731,12102.5681747261,8926.05757324544,4.75667085604648,4.52207852943315,0.047144504994099,0.075345303586372,4.60371587634778,4.6775560413571,0.00204183811132479,0.00190909756535735,5.26808443865416e-07,0.000837111372776753,0.0034801439153595,1.16682810904334e-05,1.11950812013149e-05,1.13072194726564e-11,5.80816855767902e-06,1.85536894685685e-05,-1585.16701725637,0.0868196340386227,0.067963554126719,0.97375,0.460377363898429
"linear",800,"stan",88,2509.275,10021.7838944479,10800.573766788,169.036340997016,161.934146620735,11203.8639050292,4328.53864381961,11353.2857644712,5786.51548106626,3.99389620286654,4.30426069951997,0.0673646136820461,0.0645342366303951,4.46498048441451,4.52452830577407,0.00212954951237609,0.00197860527902234,6.3878066968264e-07,0.000833692644923247,0.00374277072047365,1.2818290518711e-05,1.20656259834517e-05,1.63036008371081e-11,6.44265411611796e-06,2.12541053146189e-05,-1609.7898086836,0.103033563647996,0.0849712977574846,0.9825,0.467366381997075
"linear",800,"stan",89,2613.075,10793.7913042293,9241.6779320584,163.858730474509,156.869576922852,11910.5827400215,3877.40668293849,12422.8416478947,7439.19835086554,4.1306856114843,3.53670596215509,0.0627072435634297,0.0600325581634097,4.55807152110887,4.75410833898557,0.00182804001595378,0.00170208826205929,4.12082088745092e-07,0.000806798417282295,0.00309389187564368,1.22152897012819e-05,1.1529776919832e-05,1.44053721086979e-11,6.36026809590811e-06,2.02121078332838e-05,-1625.01675103766,0.102249003157927,0.0725068137837998,0.95375,0.450194441082766
"linear",800,"stan",8,1657.541,8478.02944140021,8074.34006507336,150.291696012653,182.026270649478,10145.9104283698,2704.75800720654,9141.61929738993,5600.19165397401,5.11482336871318,4.87127622488575,0.0906714802304457,0.109817054690942,6.12106151725342,5.51516933661968,0.00281785993933289,0.00264300823996889,1.08471000035936e-06,0.00106610417492567,0.00485861971914299,1.34522926583975e-05,1.26524790541086e-05,1.90075297111312e-11,6.52653015238209e-06,2.23523619429267e-05,-1572.40172578085,0.10488463099594,0.0864796925059302,0.98875,0.49401085507126
"linear",800,"stan",90,2244.438,9555.09831339007,10689.6812849269,145.174593600566,197.017670826557,10151.9839878197,5315.1078010667,10614.7433771844,7195.76414584884,4.25723424455925,4.76274296056603,0.0646819353444231,0.0877804024110077,4.52317417002372,4.72935468798174,0.00189003383875461,0.0017593939572514,4.62713055305495e-07,0.000853159771441519,0.00329910957411209,1.17906001206761e-05,1.11180925038069e-05,1.30134031912329e-11,6.02196960201879e-06,1.93800874584412e-05,-1597.05132581401,0.0694898231288296,0.0543046138727928,1,0.454720352492585
"linear",800,"stan",91,2467.531,11017.2352287781,10879.2848169223,154.613591207238,193.811431025755,11506.5637866839,6359.23450436076,11851.448271238,9652.86981832454,4.4648821955137,4.40897594272261,0.0626592294918433,0.07854467928701,4.66318915007913,4.80295820852424,0.00186945575496875,0.00178875420594178,3.64003944385022e-07,0.000860205867827717,0.00311589724026546,1.13888992451618e-05,1.08089595695676e-05,1.17254709429003e-11,5.75530922428939e-06,1.80081958000959e-05,-1576.83317434667,0.0914089346216928,0.0752411994651513,0.99375,0.45172721488535
"linear",800,"stan",92,2625.217,11829.1343475912,12143.3914182323,128.523760374341,184.471863812705,12334.8537964977,5290.93680165501,12586.645503658,9219.2387012194,4.50596440126329,4.62567148476956,0.0489573853797004,0.0702691868187298,4.69860350458561,4.79451622614742,0.00217918656206335,0.00205036003803422,5.60546415226106e-07,0.000917019590096875,0.00364501734603147,1.20676708579016e-05,1.15213334438039e-05,1.36020814961266e-11,6.21495161904974e-06,1.96230559837719e-05,-1589.41012784832,0.089440331957383,0.071175737039174,1,0.465891041501072
"linear",800,"stan",93,2569.891,10688.5036422807,10420.5212827803,142.746822482925,157.249677538944,11964.8058637196,4164.93092593858,12038.1806183003,6982.09677415865,4.1591272323537,4.05484951804583,0.0555458665301077,0.061189240142459,4.6557639462995,4.68431564541075,0.00208818542474283,0.00194109445728733,5.37021874740341e-07,0.000953839548555172,0.00366128545360516,1.23414366234495e-05,1.15133057021783e-05,1.75717222803721e-11,5.88799859721655e-06,2.09802156755951e-05,-1576.26572750178,0.0992259071855244,0.0780543361307486,0.99625,0.467386221832339
"linear",800,"stan",94,2653.843,11727.3109675914,12035.4132851641,154.453795205874,202.400154042888,12227.3301062961,2695.31308972922,12314.7185958369,6384.53199047319,4.41899199296697,4.53508865639907,0.0582000499674902,0.0762668153477384,4.60740522566561,4.6403342608575,0.00224159834134468,0.00208036749534099,6.84702087810575e-07,0.00094250794960543,0.00398352414902212,1.21522225857503e-05,1.14491219404371e-05,1.56789932823163e-11,5.97700147930867e-06,2.04361376979956e-05,-1659.49339491548,0.0797837407880637,0.0652002931888562,1,0.466816161886405
"linear",800,"stan",95,2704.418,12255.083538896,13160.8300460885,118.004157427244,129.021652379417,12847.6411456089,6997.503698466,12926.0487362384,8590.69842649697,4.53150494446347,4.86641859582671,0.0436338455916369,0.0477077331904376,4.75061220033622,4.77960460854736,0.00189785547711012,0.00182207452598843,3.83317880788171e-07,0.000841630767674753,0.0030981174519189,1.19557496231208e-05,1.131383124081e-05,1.43631883221795e-11,5.728420948007e-06,1.91732757254259e-05,-1574.18873101668,0.086294965952512,0.0664472357696622,0.9925,0.460031715667826
"linear",800,"stan",96,2140.585,8306.59856632625,9235.36488334377,156.267864257571,170.32697809091,9856.59862552394,3473.025311293,10187.2161109307,5030.39872501414,3.88052731675044,4.31441166005731,0.0730024102091583,0.0795702941443157,4.60462846629493,4.75908039668162,0.00198424628916133,0.00187296434910382,4.6016308101801e-07,0.000850041668389831,0.0033409481837539,1.24272255759953e-05,1.16645816312994e-05,1.62683461491447e-11,5.89404895615387e-06,2.05003964136604e-05,-1583.23102156488,0.0930784181098905,0.0740577454348741,0.98375,0.460271466276693
"linear",800,"stan",97,2141.868,9467.70831661703,10296.239734788,134.963705922791,185.924087382636,10225.4151191659,6080.09532459587,10444.5727846665,8015.73398517478,4.42030429354985,4.80713084783374,0.0630121491720268,0.0868046431351682,4.77406409693122,4.87638490545007,0.00190587467299474,0.00179635721827475,3.53591995405096e-07,0.000921809974065521,0.00310341184865363,1.17830638940712e-05,1.11870024495934e-05,1.20505676460214e-11,5.89454898282219e-06,1.9066417285645e-05,-1593.4414269771,0.0863695851818492,0.0711490445111966,0.99,0.457415052947101
"linear",800,"stan",98,2716.583,9787.30508561529,10395.5656930581,160.822296612652,232.401147094726,12307.4581406476,3882.60458780022,12584.579895945,9056.50547327782,3.60279994596715,3.82670645183971,0.0592002146124937,0.0855490692147917,4.53049221785149,4.63250336762947,0.00194789740237586,0.00184150972126311,4.41488402118573e-07,0.000865647861547226,0.00323442289952069,1.14006440909961e-05,1.08027001758939e-05,1.1452595472077e-11,5.97611524219611e-06,1.83092663221477e-05,-1597.36171791561,0.0963194316032136,0.0780189583191847,0.98375,0.453810319508513
"linear",800,"stan",99,2513.167,10014.6997332977,10370.9460840479,133.854091558793,158.448081860301,10466.9456627455,2196.01768713737,10944.2765897359,7042.37319304391,3.98489226274962,4.12664422382116,0.0532611209516887,0.0630471758782052,4.16484287066696,4.35477490741201,0.00267648155404397,0.00242802285305362,1.30388051366547e-06,0.000951145479440286,0.00491364674649847,1.28398085856111e-05,1.20780193270195e-05,1.79849251106349e-11,6.19689399694969e-06,2.11958117862558e-05,-1607.2354061681,0.113478835796163,0.0901212328496789,0.97875,0.491240774648478
"linear",800,"stan",9,2370.826,9386.69669152287,10566.1268179991,186.722177965497,169.892701678948,10983.3872674972,4458.34887487558,11072.3136229486,7463.12735574666,3.95925162433805,4.45672808464186,0.0787582800110582,0.0716597091810818,4.63272600667329,4.67023460302385,0.00185823378906879,0.00177787081824933,3.62346055345964e-07,0.000851975210606164,0.00305485984638431,1.23471978343269e-05,1.1620979835179e-05,1.42726114332565e-11,6.10601537496343e-06,1.99933249357805e-05,-1591.20871474167,0.0954548861220623,0.0746606858582979,0.965,0.453271802979009
"quadratic",1600,"stan",100,6171.081,7277.54048035437,8547.94139991853,103.435693916148,183.600273566502,9793.7656163884,5393.83530027317,10340.0877431796,6737.57807579318,1.17929751373452,1.38516110871313,0.0167613573563769,0.029751719928243,1.5870421432466,1.67557154786651,0.00145282076761125,0.00139215797995623,1.82643941091975e-07,0.000737920465243184,0.00228986756806432,6.97629187300783e-06,6.77803339266793e-06,2.55013320720258e-12,4.22394536938809e-06,1.02589251829568e-05,-3177.81412999028,0.0888032786477837,0.0729311656106087,0.996875,0.428587340238554
"quadratic",1600,"stan",101,5671.475,12858.4231974565,13620.1296017272,157.572156776296,159.027469082168,13287.6249575951,6438.55155550148,13690.3839817582,10439.8238075022,2.26720971131081,2.40151452694884,0.0277832762687477,0.0280398783530155,2.34288698400241,2.41390184771302,0.00156420776702653,0.00150311241189398,1.73581376075301e-07,0.00087405615596864,0.00239871903856453,7.05549090348266e-06,6.84635126520261e-06,2.66814742651838e-12,4.15039440943008e-06,1.03326372055554e-05,-3151.78304931285,0.0823056136556541,0.0669794916271483,0.99875,0.434814221771746
"quadratic",1600,"stan",102,5779.407,11876.1950777529,12377.5159302789,134.638467295169,130.372042409768,12380.6439485476,8068.19859691022,12958.9138827923,9702.57101038149,2.05491585516523,2.14165846604659,0.0232962425548449,0.0225580310245962,2.14219970120596,2.24225666799246,0.00136086464139668,0.00132847776516455,1.20436739257695e-07,0.000750976611945448,0.00205234966021213,6.9982467389893e-06,6.77920390958393e-06,2.69273671452569e-12,3.99592861953575e-06,1.01393544293398e-05,-3176.11111869111,0.0766112037175588,0.0612600784123781,1,0.42558880157345
"quadratic",1600,"stan",103,5563.025,13988.7368747002,12529.5926125526,52.0686250053028,114.619828250137,13267.3555845908,4411.59178749425,13661.3405909738,9246.48202028172,2.51459176881287,2.25229845498675,0.00935976829248525,0.0206038671855937,2.38491748366955,2.45573956453078,0.0014726583281863,0.00140320043142504,1.8353641644642e-07,0.00073431465714377,0.00234818933754473,6.91858954914925e-06,6.68940876701855e-06,2.49917817839267e-12,4.34965727554591e-06,1.00152096201297e-05,-3152.8988736071,0.0902019585791915,0.0715428127508466,0.986875,0.432335514190809
"quadratic",1600,"stan",104,5862.14,7250.12414421893,8891.43530580626,69.8379377773699,124.185201743428,10560.931672295,3955.78977848124,10785.621916332,7814.7156893697,1.23677089667236,1.51675587853689,0.0119133861998127,0.0211842777114549,1.80154886650524,1.83987791426544,0.00144208291949216,0.00138948363650329,1.62937502111321e-07,0.000780808699134856,0.00224286403719263,7.34681699412453e-06,7.0884185029507e-06,3.24785481615929e-12,4.16271085756553e-06,1.09197883507228e-05,-3166.13642122911,0.0972483218612675,0.0809375870228054,0.99125,0.432643813146388
"quadratic",1600,"stan",105,5832.622,10176.4350817469,10740.1202054928,107.371397671302,171.278150349531,10850.4941245777,7238.29210005709,11356.4429442223,8347.34742129588,1.74474448742726,1.84138800791356,0.0184087701331069,0.029365549550362,1.86031155877712,1.9470562200366,0.0013498795802472,0.00131588562304694,1.17606729165981e-07,0.000702934972625719,0.00200409775115345,7.0079599751829e-06,6.78542157812259e-06,2.65039203392024e-12,4.09931683965511e-06,1.02094545205958e-05,-3156.22744564219,0.0989324747109735,0.0813626223330158,0.98375,0.425044989665232
"quadratic",1600,"stan",106,5851.166,9853.27196148814,10881.8296430802,138.163490881075,169.800820984517,10905.9169091731,6337.49379562202,11006.8528592892,7744.01440338864,1.68398434798947,1.85977113674099,0.0236129842976724,0.0290199972081662,1.86388779760703,1.88113836785509,0.00151473131655552,0.00146911642918133,1.56336566249869e-07,0.000829526546317809,0.00226641787900086,6.78961562724822e-06,6.58529007950304e-06,2.57925197849072e-12,4.00089666166102e-06,1.01136561869997e-05,-3181.85350108626,0.0735754861985757,0.0582813882567396,0.996875,0.43148338085555
"quadratic",1600,"stan",107,5705.638,13022.5470515408,13290.6750532518,108.982298527794,139.018140744262,13343.6354728483,5663.87183144722,13848.9014762015,10299.9537834089,2.28239980376266,2.32939332170247,0.019100808450833,0.0243650474748419,2.33867544222896,2.4272310083818,0.00128737768283723,0.00123604672713013,1.23967075626109e-07,0.000688099240693986,0.00201927036361091,6.99225722325033e-06,6.84708206360789e-06,2.38403904096509e-12,4.34838787726254e-06,1.01351346317616e-05,-3154.52943938339,0.0907188682554324,0.0729103134356615,0.998125,0.422237785195602
"quadratic",1600,"stan",108,5708.557,11678.6021128244,12459.1130411042,74.6015122619983,186.871808753831,13162.4451988518,4881.20592770879,13327.6773957056,9234.89622378265,2.04580634174702,2.18253282591454,0.0130683660094834,0.0327353845733398,2.3057394712625,2.33468412344935,0.0015087885619288,0.00142069663514712,2.09626393563292e-07,0.000758033704642884,0.00246157904102176,7.43714205016403e-06,7.16359058086081e-06,3.35317673173425e-12,4.46008076380213e-06,1.10141804256939e-05,-3134.12662201341,0.0803316845577308,0.0652610094138414,0.995625,0.436244614047664
"quadratic",1600,"stan",109,5699.042,11863.3224746005,12052.2266467134,95.7421617887422,222.935541916727,12966.4828760275,4551.85302030537,13217.9687181245,5454.82824606942,2.08163450534327,2.114781159134,0.0167996940167737,0.0391180731633014,2.27520395112503,2.31933169085691,0.00140160305950038,0.00133074914261912,1.85784693073908e-07,0.000651355157373566,0.00226671022572991,6.86420536149262e-06,6.66340891520149e-06,2.32028259664598e-12,4.30519707374853e-06,1.01026526123073e-05,-3141.40452567693,0.0795844521513491,0.0617413853936588,0.99875,0.428814593125019
"quadratic",1600,"stan",10,5812.288,9640.78090276922,11009.0759570105,134.517599674313,177.676177452182,11625.7039914526,6378.16677585704,11831.1578148185,6872.70661987985,1.65868947009667,1.89410365711583,0.0231436569685316,0.0305690594568236,2.00019407012395,2.03554225372495,0.00144528989884718,0.00139097634519584,1.58367216073063e-07,0.000751790692140448,0.00221454707375512,7.53538683592445e-06,7.2245794381569e-06,3.33447548781716e-12,4.49817452200442e-06,1.13218759690317e-05,-3190.06873590057,0.103131025273573,0.0845568924322667,0.99125,0.434162169652611
"quadratic",1600,"stan",110,5635.921,14683.6736112276,14941.7751211526,108.287596675022,168.107888005775,13622.3176028776,3790.38907771757,14165.6249353623,9273.35986688568,2.60537250455207,2.65116830437343,0.0192138244441364,0.0298279354884099,2.41705261711043,2.51345342409206,0.00151033769465313,0.00144488028820291,2.09232656514553e-07,0.000731589968597067,0.00248262924325578,7.25588010590965e-06,7.03027332599668e-06,2.90840491865141e-12,4.28488407860022e-06,1.07423141766734e-05,-3160.48858686068,0.0928392082182198,0.0738019609155936,0.988125,0.434294383505414
"quadratic",1600,"stan",111,5741.317,12478.0169670963,11986.8922465556,131.479263425373,143.266342688892,13010.6926258619,6233.12958061284,13156.3877622714,6929.03925796137,2.17337188786062,2.08782971686734,0.0229005406643412,0.0249535677421908,2.26615123774944,2.29152784322332,0.00156599894294491,0.00150416454227894,1.9140725063302e-07,0.000800081554709686,0.00247438119960932,7.50566772705053e-06,7.23763084807988e-06,3.25794044911958e-12,4.49494586949995e-06,1.10627995209642e-05,-3143.51295139992,0.0926040865101231,0.0773743963291868,0.990625,0.437227062189283
"quadratic",1600,"stan",112,5709.461,12659.6258342044,12218.1753788739,107.85484139023,198.22592710181,12912.5543684417,7669.61041931141,13346.4293279972,10615.3015608282,2.21730664842171,2.13998753627951,0.0188905470043898,0.0347188512368873,2.26160654542376,2.33759882552787,0.0013752456016038,0.0013381348154428,1.24573318206573e-07,0.000771146271778782,0.00208333646817306,6.89809493282061e-06,6.68557346223667e-06,2.45981495229341e-12,4.17969546041749e-06,9.99333686421773e-06,-3170.98635534757,0.0854279819700942,0.0686636667480882,0.989375,0.42933464175889
"quadratic",1600,"stan",113,5731.274,13336.3900886491,13341.7781030281,98.500286051801,180.676876805974,12894.6830315949,7532.38571694679,13465.9805464632,8745.80965171329,2.32695035844545,2.32789046606882,0.017186455585931,0.0315247319890784,2.24988074756065,2.34956146686814,0.00137599955658855,0.00134889228051276,1.37164057813233e-07,0.000719998680553028,0.00208939843585895,7.13477811189585e-06,6.91529335401822e-06,3.02727016579439e-12,4.14594995293108e-06,1.06899061917445e-05,-3114.73836347798,0.0807284953662604,0.0630434314267915,0.97,0.428705671360604
"quadratic",1600,"stan",114,5834.224,11034.2395873489,11723.412521314,100.687766185764,139.347051479845,11826.2622958167,5819.99307126762,12431.3015523601,9230.77125813316,1.89129515550807,2.00942105090823,0.0172581248484399,0.0238844191583739,2.02704974917258,2.13075493028038,0.0013922908322537,0.00133405803856167,1.55194359117826e-07,0.000707384257357896,0.00217030280995021,7.1134263842505e-06,6.86521539655159e-06,2.79816288256015e-12,4.25060671613675e-06,1.05176661297369e-05,-3148.68276877139,0.0815803943745792,0.0692514459595318,0.995,0.427020244602742
"quadratic",1600,"stan",115,5729.512,9305.69481543069,9177.74355901922,109.662547628078,176.619984511445,11819.4607320098,5042.73017470682,12536.1579491696,8192.53340193936,1.62416883242948,1.60183686830907,0.0191399455360383,0.0308263573776344,2.06290880130974,2.18799750295829,0.00145602721726791,0.0014092491250513,1.73613253187546e-07,0.00071827153259592,0.00225389362096096,7.46809540368861e-06,7.18087370592257e-06,3.4861199931422e-12,4.28821353082861e-06,1.11203054976437e-05,-3160.84728579619,0.0909180567455297,0.0730844815672935,0.9875,0.431853125641861
"quadratic",1600,"stan",116,5531.589,12987.4873057181,11915.3316049952,127.096558938996,96.7408585793541,13060.6749169481,6030.56448565485,13128.7794973684,7235.84467896777,2.34787640689106,2.15405222712592,0.0229765007738276,0.0174888008815106,2.36110725452453,2.37341919245418,0.00147322003689156,0.00141882574193442,1.67817065799054e-07,0.000759567616279611,0.00228413964295143,7.32454776265577e-06,7.11218640424914e-06,3.09143412051465e-12,4.06861468501805e-06,1.07798161554174e-05,-3120.00895568039,0.086508983431728,0.0704182855708739,0.98625,0.433063344353365
"quadratic",1600,"stan",117,5730.9,11852.9267289697,11786.6930800276,56.2234183324298,125.773722037039,13391.8281010769,7850.82850048348,13789.8559147285,10078.2600949487,2.06824874434552,2.05669145858897,0.0098105739643738,0.0219465916412848,2.33677574221796,2.40622867520433,0.00134329855033235,0.00130497047355514,1.36428500464709e-07,0.000693245451209503,0.00210444092822518,7.13278000022379e-06,6.87594026341934e-06,3.0404771054964e-12,4.23508093347089e-06,1.08801198297136e-05,-3153.25960813802,0.0876844356667555,0.0702213153411018,1,0.426136961067114
"quadratic",1600,"stan",118,5739.436,10521.6152671224,10613.7798833271,103.834174929801,156.690609308955,12473.8700531057,3547.9838849046,13052.9947202806,9338.19043571778,1.8332141463242,1.84927227750725,0.0180913551313754,0.0273006980666663,2.1733616426955,2.27426435633755,0.00144863283356996,0.00138048873102897,1.85604200963126e-07,0.000749906231315932,0.00230168420842961,7.07118726047346e-06,6.8219623882612e-06,2.89934950854137e-12,4.14434160062852e-06,1.05281740273015e-05,-3155.53523942857,0.0781860536978399,0.0618233347815883,1,0.428369436153239
"quadratic",1600,"stan",119,5821.978,9536.50184225471,10274.5768924293,71.8376456472593,152.703882611381,11263.7827400677,3519.56521913414,11692.4056014911,8418.4928100297,1.63801749890754,1.76479143212656,0.0123390445046785,0.0262288663082171,1.93470032694518,2.00832184551214,0.00144920330096361,0.00138294926729992,1.75977685509495e-07,0.000734234648757437,0.00228149052271809,6.92188699199004e-06,6.69922966605166e-06,2.84873808380567e-12,3.93160802357716e-06,1.03634390823732e-05,-3143.22432030771,0.0763282118875057,0.058166059352187,0.97625,0.431431803105633
"quadratic",1600,"stan",11,5717.829,13992.8145476078,12597.5249543389,123.000349714424,193.110787468544,13685.3575737018,7112.74873041423,14186.1953904443,9156.91779187623,2.44722508273819,2.20320071732451,0.0215117223188073,0.0337734457376294,2.39345345474687,2.48104575887882,0.00142119690740257,0.00136454320134232,1.49306309895915e-07,0.000721699726793274,0.00219742845133849,7.00553836851598e-06,6.82866039966106e-06,2.2631513843574e-12,4.33362136269324e-06,1.00422799258494e-05,-3201.70420976157,0.0733892303061065,0.0592689601554377,1,0.428670524739108
"quadratic",1600,"stan",120,5917.352,10247.5061322029,11426.7130048789,108.871569097061,134.082733140442,10480.2506352823,5386.175783452,10661.6355395393,5428.71146660449,1.73177227452463,1.9310517618149,0.0183986974405208,0.0226592457471588,1.77110481770939,1.80175787067245,0.00151945663017261,0.00146768284197566,1.82581027651331e-07,0.000819280218911989,0.00243842647766516,7.29891916660071e-06,6.95049315365026e-06,3.57330883812328e-12,4.09621730147193e-06,1.10930420984551e-05,-3158.82288779666,0.0936464477465564,0.0685055503638415,0.969375,0.434158645932968
"quadratic",1600,"stan",121,5725.949,11839.2151469094,12803.5337638827,140.382909639601,134.573031558319,12886.5641899416,5548.75961711399,13192.5965157727,8244.02295221651,2.06764243742119,2.23605445383511,0.0245169682160287,0.0235023105442118,2.25055518132307,2.30400174988857,0.00137271003690976,0.00132082694475343,1.26244005182852e-07,0.000761408719566045,0.00205977995311326,7.17304744494101e-06,6.87925479476174e-06,3.10993844890494e-12,4.08488339296573e-06,1.06737247177386e-05,-3174.64914725004,0.0843727121696636,0.0667911493797533,0.98625,0.426533239169305
"quadratic",1600,"stan",122,5684.718,12166.0563474219,13061.5805269754,126.872062074299,115.566900486765,13241.4016341925,5779.87274964277,13383.7270348876,9058.507902637,2.14013366140975,2.29766551779269,0.0223180924848514,0.0203293990109562,2.32929788851311,2.35433438121076,0.00145616574170483,0.00140572868598974,1.34343977056584e-07,0.000841838754900814,0.00219753890606376,7.23873254515533e-06,6.99342146377189e-06,3.07621321067581e-12,4.17997871447225e-06,1.0811322325518e-05,-3169.59824508801,0.0888602942587369,0.0723806108667781,0.99,0.432755872368659
"quadratic",1600,"stan",123,6138.53,8355.63153860673,9493.36773883434,76.4953223396418,88.9604519395618,10094.0245197521,4505.09770724098,10817.9914248413,6058.57336777538,1.361177926736,1.54652135590025,0.0124615050084697,0.0144921425715215,1.64437161987513,1.76230977527866,0.00135624410088973,0.00128819803672352,1.48300896452405e-07,0.000715702503983771,0.00214850239367988,7.19893099174049e-06,6.87377253123665e-06,3.59029128852711e-12,4.08600379434042e-06,1.1028575014205e-05,-3109.88645030449,0.0942696751990424,0.0738785655434666,0.980625,0.429401715370799
"quadratic",1600,"stan",124,6768.791,7977.23850629099,8430.94277039441,102.76920734714,181.181359338241,9482.47277349633,5023.90342425693,10220.1253513791,7034.55287595293,1.17853225284855,1.24556110099934,0.0151828010862118,0.0267671670373988,1.40091085298635,1.50988933642346,0.00138301779633981,0.0013212062924822,1.59867500275006e-07,0.00072293249376215,0.00221912357798002,6.8838399541367e-06,6.68890831850707e-06,2.44521912576491e-12,4.10092492180321e-06,1.01502512464329e-05,-3132.14991176764,0.0872195464199395,0.0676775146645468,0.985625,0.428502329650142
"quadratic",1600,"stan",125,5684.725,11163.0317561875,12291.3399452415,131.378988362469,128.576938465803,12640.2409557234,7092.23052403112,12792.5752190707,6490.92509789249,1.96368896581408,2.16216966436222,0.0231108784263916,0.0226179698166231,2.2235448426658,2.25034196360786,0.00141286503313431,0.00136397053594782,1.34669161688976e-07,0.000792668012142782,0.00216134263656437,6.90312519555916e-06,6.6829630511577e-06,3.0216402287365e-12,3.89354536404446e-06,1.03892859772904e-05,-3142.71654922801,0.0778734441133947,0.0580190964339559,0.985,0.429025517199421
"quadratic",1600,"stan",126,5756.077,10249.6779526205,11445.9032455035,121.31473929618,125.276621747613,10966.8976738878,5574.22228122266,11873.4465459669,7867.83530459563,1.78067075069018,1.98849029391086,0.0210759410091595,0.0217642366055237,1.9052729270105,2.06276714956504,0.00133298596131337,0.001283787567425,1.27407594158952e-07,0.000711662811756361,0.00200077694946598,7.09846010191787e-06,6.85774099132921e-06,3.26696178740873e-12,4.08995762513722e-06,1.05473733894112e-05,-3136.96732128818,0.0832563778372971,0.0671826220292773,0.99375,0.426242789182007
"quadratic",1600,"stan",127,5716.499,10386.2896859154,11319.6318522133,130.320313530584,164.457428475033,12510.7079877144,6537.92202318263,12923.7428944069,9129.17510535921,1.81689696541806,1.98016860533227,0.0227972249327051,0.0287689070662014,2.18852622692918,2.2607793501594,0.00141371784066306,0.00135907867423362,1.55291174085214e-07,0.000769148765268611,0.00222424865486912,7.06660320881545e-06,6.82132775216449e-06,2.91630775926177e-12,4.18617475596652e-06,1.04269916031792e-05,-3176.9173727945,0.0788439888045488,0.0616696319351913,0.991875,0.4268580278591
"quadratic",1600,"stan",128,6348.833,9256.89211159869,10074.8345842708,74.3882536372818,88.1127416269858,9595.07965637914,5878.78580541734,10633.0881623393,7439.43950565285,1.45804624434108,1.5868797595197,0.0117168389272929,0.0138785729010333,1.5113139149162,1.67480986857574,0.00136457548243469,0.00131286623665862,1.38515139787246e-07,0.000686952639080472,0.00210049964649639,7.22633908606753e-06,6.93100669408636e-06,3.1181710941628e-12,4.22941566993953e-06,1.06834864979854e-05,-3131.75581103951,0.0868386759518949,0.0716981949208938,0.9975,0.429372256187279
"quadratic",1600,"stan",129,5774.638,10961.3607321993,12543.4352626732,82.9842203464203,182.398161615575,11556.6864189664,4993.10424988424,12189.3289863259,8402.47329626074,1.89819010857464,2.17215958172153,0.0143704627625871,0.0315860771905659,2.00128326987187,2.11083863375088,0.00142932531077071,0.0013478000433984,1.85177608808967e-07,0.000742421558963733,0.00234594734198967,7.19808378530678e-06,7.04522075433653e-06,2.2048649118418e-12,4.41539985021424e-06,1.00700728559415e-05,-3174.90684829776,0.0812192715826591,0.0609764608258612,0.985625,0.431671232120289
"quadratic",1600,"stan",12,5740.571,12575.3012138992,12690.345130926,142.91871944163,163.932556415958,13687.8039142566,8661.71952201996,14029.6813013102,10854.8642295228,2.19060111161401,2.21064161229363,0.0248962549965205,0.0285568380594819,2.38439763470508,2.44395223076418,0.0013199738893513,0.00126870767161797,1.11985356653374e-07,0.000747570505406617,0.00199278822684478,7.00181884918159e-06,6.74963343359271e-06,2.65086255397299e-12,4.14293039204301e-06,1.01719322848478e-05,-3151.47325659394,0.0875501143822061,0.0701862279854275,0.9875,0.425872367243637
"quadratic",1600,"stan",130,5744.434,12723.4290556586,14253.6712600902,127.815197398398,177.322939926752,13095.4561299765,7920.82146316088,13262.843165359,6615.4426273562,2.21491430759908,2.48130124919012,0.0222502682419883,0.030868653017295,2.27967735898375,2.30881635429339,0.0014084419636385,0.00137032075570808,1.48728185894687e-07,0.000719790935629843,0.00218757017641047,7.27469460986364e-06,7.03880074707824e-06,3.17282944354301e-12,4.24288340156617e-06,1.06932369477079e-05,-3088.78561739446,0.0938269371004586,0.075278805447166,0.986875,0.429859676292646
"quadratic",1600,"stan",131,5795.616,9634.26484858027,9632.35209447886,139.017756587238,130.637783189806,11056.806217042,6160.77455407624,11969.8463547088,9074.50562799983,1.66233664352163,1.66200660887106,0.0239867093657065,0.0225407934531559,1.90778792401739,2.06532771576115,0.00120921088084225,0.00116566673681082,1.07750555742141e-07,0.000624957429073081,0.00185418383325312,6.76157580825361e-06,6.59594883532973e-06,2.30642740953916e-12,4.02415436123542e-06,9.66180453984586e-06,-3177.97406539465,0.075244193409778,0.0617558124734342,0.995,0.416058567178625
"quadratic",1600,"stan",132,5751.972,12963.3894459956,13183.2183909195,101.108612961581,140.139322405155,12878.6087148739,4239.58443530264,13457.6952827096,10272.1963098846,2.25372958108899,2.29194759482827,0.017578078085495,0.0243637003805225,2.23899016109152,2.33966634098873,0.00139694408315436,0.00133575594055637,1.89963250967842e-07,0.000665744560466333,0.0022641060384113,6.60435030989606e-06,6.38285582725773e-06,2.48679030932102e-12,3.91099526329672e-06,9.89858421128002e-06,-3180.08045231125,0.0733563660239228,0.0597021481209154,1,0.424826502811705
"quadratic",1600,"stan",133,5810.748,11599.6748634365,13234.6919875619,137.227834987878,142.752092874062,11010.8159774159,7506.76917816669,12241.9144331859,8707.49278015964,1.99624469404567,2.27762277551219,0.0236162082726488,0.0245669047898932,1.89490509266895,2.10677083796886,0.00126056878648395,0.00122980204868557,1.01220656940848e-07,0.000701076725386519,0.00189393586190153,6.76811059517815e-06,6.62702597081881e-06,2.32640035859887e-12,4.17585511763633e-06,9.96749401207359e-06,-3122.09366081135,0.0744808560910558,0.0551489008369189,0.99125,0.419663188183839
"quadratic",1600,"stan",134,5774.787,10152.3732120801,10759.8924401668,133.501316960882,127.075071133929,11036.5491858745,6186.31642065534,11815.126275829,7041.72548411361,1.75805154581115,1.86325356072298,0.0231179638246193,0.0220051529405205,1.91116125770084,2.04598477412743,0.00138555369989145,0.00134597613201835,1.23594492569048e-07,0.000756917877038531,0.00210167338987557,6.87640316680122e-06,6.6698890554299e-06,2.65192272193384e-12,4.1999664397976e-06,1.01758770083043e-05,-3128.31761310265,0.0757392152618716,0.0595500376797458,1,0.428468752230698
"quadratic",1600,"stan",135,5875.822,8019.4108025295,8973.2857259028,68.5427126048648,124.278809189207,10591.9064005951,3766.00867228556,11212.3056146793,7168.01371560636,1.364815136083,1.52715411152734,0.0116652125617258,0.0211508805387922,1.80262547105666,1.90821056435667,0.00146759826250199,0.00139171890979913,2.00288508125466e-07,0.000761586425305938,0.00234681098679867,7.41676818024825e-06,7.11768505640773e-06,3.28997281959146e-12,4.26737543569239e-06,1.10796963173796e-05,-3200.11352466482,0.0897996093837311,0.0706094433112444,0.98625,0.432684431288532
"quadratic",1600,"stan",136,5688.807,10604.475267355,10572.2510029668,60.4102290457635,102.472188183969,12281.7867725475,6326.98215882054,12857.1531604555,9073.99443090018,1.86409475085989,1.85843024784753,0.0106191384319706,0.018012948617165,2.15893890802545,2.26007898676392,0.0013912078315329,0.00134730914158928,1.61924699633014e-07,0.000693799769217397,0.00218449023438537,7.08734149578147e-06,6.86480595623467e-06,2.79329200432167e-12,4.19051891099376e-06,1.06258923088595e-05,-3164.14059733912,0.101708552601072,0.0813535739999923,0.975625,0.430264087687238
"quadratic",1600,"stan",137,5896.021,10151.872426127,10955.5745480882,126.840140322594,170.166120225386,10818.9435734706,4970.52541515363,11214.7681522166,7820.90597988606,1.72181754883963,1.85813017763815,0.0215128372715419,0.0288611794675402,1.8349567570181,1.90209094442109,0.00142704627082479,0.00135971063516239,1.74328884646197e-07,0.000725112186482258,0.00229031764178652,6.97918796304677e-06,6.72708564201908e-06,2.61550470308128e-12,4.23913691530222e-06,1.0246473121324e-05,-3144.77373626438,0.0870896910211834,0.066691119963338,0.9925,0.432290317822044
"quadratic",1600,"stan",138,5615.996,13325.6907264654,13190.3722752438,101.548594238859,165.425573025057,14104.3868308189,7941.00290744037,14340.6726581345,11122.6518678335,2.37280986782495,2.34871468484732,0.0180820275226085,0.0294561415330526,2.51146668032151,2.55354039748862,0.00132415782743816,0.00127121579496784,1.33115856550699e-07,0.000700900171523771,0.00206953233287032,6.91786310324783e-06,6.71838180383826e-06,2.21542865860723e-12,4.32713190868847e-06,9.86119662926879e-06,-3195.74817365373,0.0737587221884796,0.056832230888599,0.996875,0.422739214164847
"quadratic",1600,"stan",139,5629.79,13883.6262600948,12219.178869211,97.7048553767102,133.958334304304,13374.4855443911,5557.70699434898,13946.0413211514,11553.9939372012,2.4661002026887,2.17045020670593,0.0173549733430039,0.02379455260397,2.37566330971334,2.4771867727129,0.00140814326031255,0.00136067277452069,1.47469357135822e-07,0.000742829739638207,0.00217582040119278,6.96215931637695e-06,6.70775971596727e-06,2.81901626844736e-12,4.09383688956837e-06,1.02528953608045e-05,-3142.79570279497,0.0688219000823613,0.0549983021660436,1,0.426296746281857
"quadratic",1600,"stan",13,5698.124,12807.6024238563,12890.6207599674,76.2684325875034,85.2535328818996,13130.2052943372,5167.00451016268,13643.2784344509,10164.6079525421,2.24768755889769,2.26225697439498,0.0133848320232244,0.0149616843862821,2.3043031872134,2.39434565384166,0.00135541612616816,0.00128993409405245,1.58423844052238e-07,0.000651535972439856,0.00215656529262716,6.79641251557735e-06,6.62401467339786e-06,2.40787221429429e-12,4.02194766325528e-06,9.90512165159429e-06,-3088.2988782947,0.10650852712634,0.0853195350605903,0.9925,0.430640058876569
"quadratic",1600,"stan",140,5822.119,9890.9672915964,11262.8883355667,157.572319200897,196.470454373128,10889.25101534,6660.26611216069,11295.5018208789,7422.29537083617,1.69886037911565,1.93449985058132,0.0270644277797992,0.0337455236440767,1.87032436391974,1.94010150271386,0.00138779087439666,0.00134794259625518,1.17262919274629e-07,0.000757444041590633,0.00207174116274207,7.3818029904755e-06,7.17243112311982e-06,2.92965458858319e-12,4.48728756366333e-06,1.07967632747481e-05,-3085.65297351324,0.109833102325292,0.0811316874219508,0.94125,0.429457656720926
"quadratic",1600,"stan",141,6334.67,11403.1526395287,12614.3917590108,113.437791922543,184.027667314489,12847.9934612862,3077.77458469575,13063.815509343,8539.63217163043,1.80011786557606,1.99132579266336,0.0179074508889245,0.0290508688399694,2.02820248904619,2.06227246397097,0.00149798460722662,0.00143499867518645,1.67532120111294e-07,0.00080343995381422,0.00231717571815132,6.92405258442716e-06,6.70535047090846e-06,2.72852470090541e-12,3.92633668011366e-06,1.01389730720986e-05,-3184.25568302344,0.0686370278989822,0.0551609070581656,1,0.431375626465786
"quadratic",1600,"stan",142,5737.476,13756.4156515315,13864.2743059858,116.544727361606,73.8612325881314,13258.4909358223,3282.62621586355,13559.2200546868,8131.33167243,2.39764238691918,2.41644135957794,0.0203128914807846,0.0128734712943691,2.31085775972262,2.3632726402144,0.00151936868365549,0.00145102447149633,2.39430671210754e-07,0.000742349635150816,0.00243633356395903,7.25376693785762e-06,6.94284164170546e-06,3.52324382443626e-12,3.98031626699087e-06,1.07704921319057e-05,-3155.20650921102,0.0819623836181472,0.0621036654071178,0.985625,0.43354852927162
"quadratic",1600,"stan",143,5794.234,9470.62249457462,10604.61211729,135.852719757638,160.63970248205,11348.8325513284,5300.51939410336,11938.7203360525,8602.27357464281,1.63449085669903,1.83020087164066,0.0234461914651079,0.0277240619695459,1.95864242820163,2.06044842787718,0.00140083698669854,0.00135031060287459,1.31794600641809e-07,0.000772033052873314,0.00212089870471583,7.08745105831739e-06,6.93039733268903e-06,2.53883981489774e-12,4.24653402871611e-06,1.02046763249204e-05,-3155.96459008655,0.0890519770654377,0.0711612167187149,0.99125,0.428365060052935
"quadratic",1600,"stan",144,5622.493,13927.6803217107,13299.5346181028,97.9365612698952,168.170272908874,13708.3413698167,4371.63914511559,13961.5592609794,8601.29637621681,2.47713608922424,2.36541594949123,0.0174187075501731,0.0299102680801691,2.43812511101689,2.48316169730747,0.00152136781474109,0.0014488305015421,1.88517503329964e-07,0.000789016045382223,0.00242428684782483,7.22621422761562e-06,6.94322320766225e-06,3.2133505220219e-12,4.10497025133926e-06,1.07698115336032e-05,-3168.26206560734,0.0736996325912312,0.0597167658063108,1,0.43532113458484
"quadratic",1600,"stan",145,5539.073,14295.9062033974,13543.4688368623,108.027865743495,72.3550988199388,13384.9800556272,5843.39068914453,13914.6725734498,10193.109778365,2.58092034594912,2.44507859652008,0.0195028781428761,0.0130626729093368,2.4164657255153,2.51209409470679,0.00141268696264981,0.00134910643123622,1.74012538635754e-07,0.000731556788065441,0.00227919441107949,6.76489901622404e-06,6.53820123061964e-06,2.83595103491607e-12,3.73651733432272e-06,1.00491228898023e-05,-3143.07343595151,0.0767452198155398,0.0651669323203105,0.999375,0.426483857767745
"quadratic",1600,"stan",146,5690.614,11526.0447372997,12279.8774635532,136.602207546979,154.668682252458,12612.7080574446,6013.94135305345,13145.01387893,9458.21918190431,2.02544835009011,2.15791783866437,0.02400482751896,0.0271796122971014,2.21640548057636,2.30994649767671,0.0015028881283039,0.00145926969745149,1.5878961511337e-07,0.000764216808311039,0.00229799845000029,6.92874305046693e-06,6.75216815112212e-06,2.73209598795866e-12,3.78580838659029e-06,1.00832785470559e-05,-3176.30847028684,0.0729233473321182,0.0595803444893511,0.9975,0.433249429082567
"quadratic",1600,"stan",147,6913.499,8051.39518780003,9663.63223957194,155.955804857451,190.317306472262,9659.79576324064,5504.68813260315,10581.3736073822,7765.80660440212,1.16459048996753,1.39779180405927,0.0225581583012381,0.0275283624792976,1.39723687863998,1.53053809762353,0.00139943432089642,0.00135531236208265,1.42137107566349e-07,0.000741933809320219,0.00217449883298089,6.99591023633488e-06,6.69310657055692e-06,2.83182871682495e-12,4.1419084940706e-06,1.01970190412031e-05,-3136.57104417075,0.084978383372836,0.0680030586917674,0.99625,0.430755505224311
"quadratic",1600,"stan",148,5577.549,12341.52705184,12509.7277650395,75.4021573344586,136.677332253837,13232.9605000693,3485.31156873907,13738.3820215269,9506.37947708837,2.21271512842649,2.24287187168405,0.0135188695490544,0.0245049092807319,2.37254042950932,2.46315756643767,0.00163214858641353,0.00156353469738852,2.2549492461487e-07,0.00084769822366966,0.00261309184011798,7.08728039593921e-06,6.86430243319417e-06,2.83975065808883e-12,4.11326334120726e-06,1.03021062197406e-05,-3151.81983250799,0.0807718343265481,0.0665298208843641,0.993125,0.43869530991113
"quadratic",1600,"stan",149,5757.419,11908.9305964556,12833.3915355578,66.8565987568653,172.98887767033,11705.8813302511,3088.53231057508,12001.7480093842,7571.59639036461,2.06844952511804,2.22901816518093,0.0116122517323935,0.0300462546968233,2.03318211341767,2.08457088313083,0.00156505389209718,0.00147527830839295,2.52239371159676e-07,0.000769468596845857,0.00258739457228709,7.100148974002e-06,6.88850169418049e-06,2.62913186728114e-12,4.22097760441417e-06,1.03143797085053e-05,-3204.87006033916,0.0847575024969023,0.0697412950462733,0.999375,0.434957780880058
"quadratic",1600,"stan",14,5738.385,11127.1665102756,11519.4995916608,91.2139175047623,165.378895515863,12218.0814973641,5480.07108045002,12765.7019863139,9797.49511364858,1.93907632727249,2.00744627480743,0.0158953987062148,0.0288197629674313,2.12918469174935,2.22461580850952,0.00135464967050344,0.00129841150606092,1.49176699593509e-07,0.000714854583527713,0.00213064574320388,6.7259048213676e-06,6.56573444994668e-06,2.18302921188395e-12,4.08088710007253e-06,9.65352540036584e-06,-3170.48533508727,0.0738164587626008,0.0618583411754391,1,0.427126468963203
"quadratic",1600,"stan",150,5835.032,8829.94266207747,9578.47465093401,119.581298429458,150.140783072858,10768.9445084411,3586.41448788245,11763.9328922154,8017.45588259827,1.51326379393934,1.64154620761874,0.02049368339873,0.0257309271093728,1.84556734366513,2.01608712552312,0.00132427310670479,0.00127257016319639,1.25116218812151e-07,0.000706908760039108,0.00207026763868081,7.0576694644018e-06,6.80077131501474e-06,3.17506292700418e-12,3.87447080785652e-06,1.05330178410878e-05,-3137.92076563464,0.0786705089166309,0.0631379921894783,0.99,0.424774398736889
"quadratic",1600,"stan",151,5394.836,13546.6328417428,12399.9526428244,92.126202810711,145.428209328935,12386.3595214157,4984.68657604657,12873.6520754371,9455.10030971796,2.51103700682335,2.29848555967677,0.0170767383495459,0.0269569286867915,2.29596590543543,2.3862916454619,0.00161634630656482,0.00154065764445503,2.27120522786309e-07,0.0008218651604858,0.00255316990202628,6.97977104170966e-06,6.76508045069487e-06,2.6885910849884e-12,4.109575437472e-06,1.0282221918717e-05,-3169.42653781085,0.0747196510777648,0.0617067633608883,0.9925,0.437128941528274
"quadratic",1600,"stan",152,5777.586,9653.05283374174,10387.6376276842,119.422297359349,166.938931872869,11509.0782670269,4351.15906831165,11070.8081208777,6777.75637145059,1.67077613967871,1.79792003575269,0.0206699298564052,0.0288942357366674,1.99202197371479,1.91616500747505,0.00173430180009556,0.00165145494920832,2.7068719422884e-07,0.000825268698114657,0.00277557083350735,7.53150194575644e-06,7.3314347998841e-06,3.40597723453753e-12,4.34959098455732e-06,1.10532257088181e-05,-3176.02693495657,0.0922708456659418,0.0751614266168946,0.988125,0.447197299058622
"quadratic",1600,"stan",153,5721.081,11446.4549062627,11555.6447758363,121.544118686528,147.306372972001,12300.795039812,8699.03525367412,12834.0331981453,9133.95271773467,2.00075036627915,2.01983589741805,0.0212449567986413,0.0257479963964855,2.15008230783868,2.24328814749262,0.00134326228464421,0.00127878952987842,1.40881880632151e-07,0.000717399304049736,0.00212362337539481,6.79394474212303e-06,6.56958233166782e-06,2.47826672904955e-12,4.23848118265008e-06,9.87927168139709e-06,-3165.23369305239,0.0863968158128946,0.0671434523060812,0.9925,0.426016151114966
"quadratic",1600,"stan",154,5666.558,13416.7989712694,13713.6082725389,77.4022303862782,142.669355107467,13331.726167474,3171.33988932279,13494.6464915694,5232.77847469,2.36771581112721,2.42009492756253,0.0136594790675889,0.025177427833169,2.35270267549966,2.38145387227475,0.00154962863189563,0.00149644453481961,2.03232683674289e-07,0.000741435142532925,0.00246531094938493,7.57302611233192e-06,7.36872096108822e-06,2.92852586091731e-12,4.41505928398072e-06,1.09206992111685e-05,-3153.50150431584,0.0931578123120844,0.0747237711355483,0.991875,0.436653296775331
"quadratic",1600,"stan",155,5695.602,11312.7118373969,12299.9957341115,116.196490565323,160.494990428756,13337.4151109604,5973.07365344437,13769.8959272558,10214.276038827,1.98621881188274,2.15956025967256,0.020401090273745,0.0281787580011307,2.34170419754757,2.41763661282087,0.00141147247602187,0.00135901013369128,1.45070433961062e-07,0.000750471106784221,0.00218333504469307,7.09345850960609e-06,6.88520354132392e-06,2.62575141678799e-12,4.37667917931781e-06,1.05264309910282e-05,-3161.79339109828,0.0734258475841944,0.0595717545499845,1,0.428925048518734
"quadratic",1600,"stan",156,9412.359,8929.64195567782,8986.40751826197,64.5891531164265,190.894719968225,11251.4581918618,6859.18976410574,11922.6078049255,8658.40416190652,0.94871455239625,0.954745512603372,0.00686216421583861,0.0202812833603378,1.19539195135479,1.26669709526863,0.00130752899838684,0.00124887289567923,1.47817147570256e-07,0.000642853432962156,0.00204467315075561,7.02479185171437e-06,6.76383990370118e-06,2.54891453031516e-12,4.31146635034505e-06,1.02413512309442e-05,-3169.60063688295,0.0794195993079268,0.063322909870019,1,0.423722622397581
"quadratic",1600,"stan",157,5747.797,14592.9710211001,13711.114767515,68.308683156606,105.593382228143,13359.4642037158,4224.25040761728,13730.3893853455,8230.12438428075,2.53888072614605,2.38545563935452,0.0118843242300669,0.0183711050039073,2.32427557962047,2.38880903158994,0.00150602889484154,0.00146524189790838,1.71361139263976e-07,0.000785332231376847,0.00233191773889736,6.90660262270546e-06,6.67923944151707e-06,2.65852890323627e-12,4.0384232451137e-06,1.01571712003875e-05,-3175.59185814413,0.0844590397548187,0.0687317562063801,0.998125,0.432442985687446
"quadratic",1600,"stan",158,5775.614,11867.6597226112,12521.4581322244,80.9680034095605,128.662267564595,12927.2065394682,6146.97453450436,13503.8912659396,10730.645291547,2.05478754684977,2.16798735722719,0.014018942991959,0.0222768120522935,2.23823935246853,2.33808756366676,0.001422515068399,0.00136236946807847,1.69168030422909e-07,0.000701063008474292,0.00225563126559182,6.99662872982511e-06,6.78476901831994e-06,2.60860638506932e-12,4.25611668623997e-06,1.02054910712449e-05,-3139.80883859703,0.0694115448290923,0.0542957302049107,0.998125,0.4295702133591
"quadratic",1600,"stan",159,5909.408,9817.61206656554,11273.7125637279,104.430367208453,128.086115942054,10885.5245363503,5811.72500536582,11579.682748788,7891.54344721299,1.66135289128209,1.90775667608801,0.017671883073305,0.0216749488175557,1.84206684262626,1.95953346744513,0.00138556619585312,0.00132720802506355,1.49265519830466e-07,0.000738503281525325,0.00215919671042226,7.18549170529186e-06,6.94423287579272e-06,2.77570455567938e-12,4.28753489024268e-06,1.04581457030174e-05,-3171.723295807,0.0905411187878753,0.0747407049286931,0.985,0.42798179520862
"quadratic",1600,"stan",15,5774.88,9780.00417536392,10880.8639903076,115.493184138682,137.499620275983,11506.088208783,7076.95272269637,11995.6591704827,6666.32001831478,1.69354240700481,1.88417144430839,0.0199992353328003,0.0238099528087134,1.99243762793046,2.07721358201083,0.00142874189694909,0.00137359004176168,1.51469874543022e-07,0.00077722966558478,0.00219507685710984,7.09523427368852e-06,6.93020125981532e-06,2.77267972534337e-12,4.10836925207139e-06,1.03213342533829e-05,-3155.55931408171,0.086882190690817,0.0671696576337944,0.9875,0.430880969947097
"quadratic",1600,"stan",160,5744.066,12849.3113430316,12579.6881350411,75.6843366211027,169.58770029326,12475.0708688432,8543.52970021955,13015.5735243727,9483.23199218924,2.23697139674781,2.19003196255772,0.0131760910513742,0.0295239818437428,2.17181885947049,2.26591642999449,0.00134023329086701,0.00129086772207221,1.27070024948648e-07,0.000707431268154043,0.00202897960440809,6.97024706015915e-06,6.79779889120081e-06,2.36856779189947e-12,4.36817174942068e-06,1.01228052562666e-05,-3147.71894097836,0.0722422187417477,0.0589989300549922,1,0.424612277222312
"quadratic",1600,"stan",161,5810.486,10640.298256201,12275.5316996006,136.974833740941,169.749886909311,11506.5446806885,4275.77394821851,12024.3507646943,8263.35432713364,1.83122345638575,2.11265145456001,0.0235737309651793,0.0292144042528131,1.98030675587007,2.06942255169263,0.00140378575592348,0.00135807773080059,1.52690679787325e-07,0.000737771740674324,0.00215746955544658,6.92376382539785e-06,6.66371394103469e-06,2.83785548850954e-12,4.16853810543359e-06,1.02392163363245e-05,-3138.02750443811,0.0818251043691739,0.0657074533309766,0.998125,0.426356815580083
"quadratic",1600,"stan",162,5745.589,14367.1394021411,13661.9314819714,139.048504773917,112.143862570944,12612.8783720294,4796.55895803218,13182.6958388072,7448.36354661733,2.50055118842318,2.37781217590946,0.0242009139139464,0.0195182534934093,2.19522809098065,2.29440286083937,0.00136323636923737,0.00131014659246658,1.36600781676891e-07,0.000734401423947032,0.0021213631608299,7.28314838927119e-06,7.00615035453342e-06,3.35694653332857e-12,4.15755442880234e-06,1.08772405457277e-05,-3141.64355540998,0.0895094289521978,0.0719061948372899,0.989375,0.43159013240478
"quadratic",1600,"stan",163,5667.107,12147.0130171619,11726.3853396282,83.4813138173086,122.55780436013,12690.5548067548,3860.81603935463,13109.6790780146,8794.1731427077,2.14342397578903,2.06920132964284,0.0147308518821523,0.0216261673478426,2.23933566222674,2.31329302199775,0.00158405551709483,0.00150992430069998,2.24601803626467e-07,0.000821834657918035,0.00247833950633543,7.08721542632872e-06,6.86217674397758e-06,2.51795883051405e-12,4.30511606419621e-06,1.04106353372764e-05,-3162.12438634002,0.0947421915523406,0.0793023443351575,0.99125,0.437345864070395
"quadratic",1600,"stan",164,5711.298,11308.8635906726,11500.7697499789,151.884160520845,132.437090341804,12007.3565549449,5421.6060017632,12430.6962771499,8740.73901678741,1.9800864165506,2.01368756278852,0.0265936325719382,0.0231886149771565,2.10238662996483,2.17650983666933,0.0015413526839319,0.0014761316506526,1.70396655322632e-07,0.000826427537817331,0.00235827562695713,7.37336154141597e-06,7.15271928550123e-06,2.87041390311075e-12,4.41755024531244e-06,1.07701382052099e-05,-3157.6041651905,0.0903608276436348,0.0711165754940938,0.983125,0.433656934583547
"quadratic",1600,"stan",165,5703.895,9777.36040100305,10133.8421103285,101.920971552157,149.110224297409,11410.0111875966,3106.8235257224,11489.1120808116,7728.17036646241,1.71415504685887,1.77665299068944,0.0178686619498004,0.0261418248928862,2.0003894159336,2.01425728924035,0.00167244247844235,0.00161807951504061,2.66061629963218e-07,0.000783870895061072,0.00266692061164615,7.04151127903115e-06,6.82890771185813e-06,2.98392327009623e-12,4.10034859526546e-06,1.04317922191183e-05,-3185.84997275309,0.0809905549996868,0.0642951075269482,0.994375,0.437535242276478
"quadratic",1600,"stan",166,5738.661,10153.8164393781,10516.1340988397,121.451714701042,160.924102076358,12505.9707897328,6165.27795831456,13189.8881645886,9177.97237992704,1.76937031815926,1.83250658974972,0.0211637722982839,0.0280420993810852,2.17924892056401,2.29842609009115,0.00135237788582917,0.00130616050317136,1.26951387133203e-07,0.000717972103306475,0.00205718094436849,7.16816890009592e-06,6.82215103046286e-06,3.40757769603226e-12,4.23224614883449e-06,1.10598752322956e-05,-3151.6541158335,0.08039241980459,0.0677986645169253,1,0.426512692214717
"quadratic",1600,"stan",167,6490.88,8376.2847479578,9471.42766616935,92.6289768587124,155.970930888061,9804.06637468216,5937.75301874023,10238.8317765057,6430.33695089409,1.29046982041846,1.45919007379113,0.0142706346225338,0.0240292427048506,1.51043716332487,1.57741812766615,0.00133606324716507,0.00129044270285768,1.30879888511718e-07,0.000683105365384962,0.00206031147851469,7.00479591391478e-06,6.71613995319912e-06,2.85288333033698e-12,4.10708038632318e-06,1.04366434274015e-05,-3188.73069400659,0.0731667009271797,0.0578727618718165,0.9925,0.4262787624516
"quadratic",1600,"stan",168,5773.745,12865.5573635259,13358.6178817685,162.985993750848,200.661266633172,12931.9509767085,9493.9182120051,13512.8303755629,9322.93673852237,2.22828638319253,2.3136833860464,0.0282288174747669,0.0347540922976632,2.23978561171449,2.34039265252672,0.0013033085484821,0.00125684663157059,1.07630817392852e-07,0.000715240291073914,0.0019402992980056,6.96941219579479e-06,6.79276972390004e-06,2.26373286669945e-12,4.18210894623199e-06,9.87151749778475e-06,-3145.93850719727,0.0873381640969459,0.0672457495583994,0.980625,0.425775009880045
"quadratic",1600,"stan",169,5699.568,8767.90224484354,9495.42398213392,86.4272140317562,114.152850807071,11821.5191607172,3588.96013006714,11998.8637448056,7941.52356147209,1.53834505436965,1.66599012102916,0.0151638183861928,0.0200283338679476,2.07410792549843,2.10522336864928,0.00163573640901576,0.00156922694389754,2.69070485943265e-07,0.000697526127330219,0.00257543393450076,7.28477103002275e-06,7.07521029880403e-06,2.79194283248745e-12,4.38231066970218e-06,1.08068538664433e-05,-3203.23318645067,0.0818694535079698,0.0638489731369836,0.995,0.438220402095981
"quadratic",1600,"stan",16,6176.121,8644.39375599519,9138.66836399376,100.82653517922,154.248930007318,9947.09615405054,5099.68888025387,10655.1858325419,7295.44708139422,1.3996477329371,1.47967767535542,0.0163252201793359,0.0249750498747219,1.61057339291936,1.72522297288895,0.00141388108775939,0.00134643606354736,1.60747342246699e-07,0.000743196144430257,0.0021976441517679,6.79782182911546e-06,6.52665319028824e-06,2.55588213855354e-12,4.10603605501424e-06,1.00047686137343e-05,-3158.58727635741,0.08005165804267,0.0632924431281671,0.99625,0.428538368774788
"quadratic",1600,"stan",170,6508.997,9839.97635316553,9407.44739337684,63.7884000013106,78.220734547529,9603.04275546808,2436.43390247335,9737.29789331576,6027.12307910392,1.51175002126526,1.44529908269689,0.00980003524372658,0.0120173253340767,1.47534908304122,1.49597516995564,0.00168771754312932,0.00160822105067897,3.17369414900687e-07,0.000740356006192676,0.00274750982768965,7.40806560413794e-06,7.09910758620945e-06,3.45382292720435e-12,4.28685451162267e-06,1.10877738262047e-05,-3128.23573086859,0.0870044604326758,0.0689208669274972,0.988125,0.443989250309166
"quadratic",1600,"stan",171,5734.459,12299.3603677214,12287.0721658269,167.209689526597,210.089955157102,13445.2334460928,9558.1087224152,13925.8847955812,9081.88922462789,2.14481616621924,2.1426732959163,0.0291587557826461,0.0366364037404578,2.34463851709337,2.42845659818672,0.00125943039149017,0.00121856463527272,9.91291436583669e-08,0.000696038496262056,0.00190398164817488,6.64638712643307e-06,6.47153184618756e-06,2.22912515871897e-12,4.04658469966875e-06,9.61276305648645e-06,-3159.10771917284,0.0913990490767013,0.0742616264592202,0.995625,0.420970823338426
"quadratic",1600,"stan",172,5812.303,10120.2573156128,11169.0534012145,155.321842362454,118.896947974638,11702.3645242384,5843.94498810387,11937.6720195759,7937.59848878874,1.74117855101718,1.9216227029483,0.0267229431023218,0.0204560822060787,2.01337826404412,2.05386264611048,0.00148433328598321,0.00142653010251087,1.62369333854463e-07,0.000785748398865746,0.00235084778538646,7.27629068260856e-06,7.15169657685581e-06,3.03950684658773e-12,4.12570458945682e-06,1.07341600729335e-05,-3144.25701550706,0.0817285250771027,0.0645624239792938,0.994375,0.434621337944205
"quadratic",1600,"stan",173,5726.806,13355.3555336525,12595.402049878,69.2962253093999,117.274924887403,12779.4271390716,3429.54522546644,13182.0493569269,7543.43963561088,2.33207751993912,2.19937641503448,0.0121003270076549,0.0204782430009682,2.23151039847895,2.30181524516928,0.00161276839034972,0.00151735972816936,2.74956330965589e-07,0.000733306537213155,0.0026477423106225,7.48437390494455e-06,7.22479165012916e-06,3.27503855072516e-12,4.37319867761568e-06,1.11573575585608e-05,-3093.12560612525,0.100684923124041,0.0782738086962845,0.98625,0.442739613585038
"quadratic",1600,"stan",174,5765.715,9756.19165311161,11290.7367689926,75.943615257639,159.526520316684,11765.3463412953,3278.35716005618,12243.097300235,7344.58367414526,1.6921043882869,1.9582544001902,0.0131715867429519,0.0276681244766147,2.04057022265154,2.12343088415486,0.00145562154369184,0.00139243477006683,2.08610753984533e-07,0.000692703250191468,0.00239305609247223,6.88756851864673e-06,6.6833789142443e-06,2.61756696574733e-12,4.02118372063729e-06,1.00452149520619e-05,-3152.53401484592,0.066074746308768,0.0517211297138111,1,0.430160967243144
"quadratic",1600,"stan",175,5715.844,12559.5516967804,12032.5256454298,146.053817530778,95.115831974707,12556.0891343194,5090.03538313058,12992.6602421367,9978.65973266264,2.19732233713524,2.1051179222928,0.0255524499147943,0.0166407326677752,2.19671655390164,2.27309566918493,0.00143141683940838,0.0013574720187978,1.56852022274178e-07,0.000785083665476317,0.00224813240669889,7.03309287301754e-06,6.77492197349605e-06,2.92243680121209e-12,4.16899326677756e-06,1.0473520050358e-05,-3181.13858136142,0.0910309830080132,0.0741313690878787,0.976875,0.427299285921108
"quadratic",1600,"stan",176,5794.877,11583.613530439,11795.4977743125,82.187019460748,147.122861376528,12445.9143451702,3496.01000576369,12586.647111299,6782.97591794669,1.99894036239923,2.03550442473801,0.0141827030083206,0.0253884355744786,2.14774435163511,2.17203007264848,0.00151224146816781,0.00145516304240503,2.05536232381416e-07,0.000684640205478096,0.00238781870634185,7.5330511038115e-06,7.22065425662873e-06,3.33571115323872e-12,4.38159313263138e-06,1.10533545381295e-05,-3149.6034388996,0.0847314113351881,0.0687967073147053,1,0.436272835997601
"quadratic",1600,"stan",177,5731.352,11282.0642184307,12563.6361298629,116.846451761609,170.759914908329,13066.3466326699,9262.02768338628,13655.7541567589,10176.7871693083,1.96848216937831,2.19208942843904,0.0203872405257274,0.0297940023415642,2.27980180464748,2.38264098187634,0.00131138753123344,0.00126232564284231,1.17412664409919e-07,0.000754106897508482,0.00200087265493322,6.76741710254869e-06,6.60636868508499e-06,2.41249023751097e-12,3.97901987611683e-06,9.8984872309867e-06,-3158.84557228127,0.075221422089822,0.057485547700927,1,0.423417582067431
"quadratic",1600,"stan",178,5962.003,9056.49780758852,9856.67995930669,131.267239820938,83.6780228529054,10673.0171440381,5976.35958067416,10665.5893395792,7924.56054411388,1.51903610373704,1.65324974833235,0.0220173052279473,0.0140352198502593,1.79017305828898,1.78892720107306,0.00159385961277426,0.00153730876157742,1.82432257117175e-07,0.000812872988072903,0.00250294560332408,7.33714683309589e-06,7.130802107371e-06,3.41744349697751e-12,4.10842878946714e-06,1.09998455992651e-05,-3147.7891756686,0.0777747681861743,0.0648292624677358,1,0.439177037803408
"quadratic",1600,"stan",179,5738.309,12392.2035257028,13141.6833396543,88.1481390376429,114.242503619469,12483.2484188255,5678.94521329051,12849.6070452191,8269.83877495987,2.15955667875377,2.29016655249034,0.0153613440889368,0.019908740296047,2.17542283254972,2.23926718571953,0.00151109046640754,0.00145441678870145,1.91772322377388e-07,0.000763975399704085,0.00240054661412785,7.40983982796197e-06,7.11609583426196e-06,3.59341470511193e-12,4.10080877090274e-06,1.11554918432758e-05,-3173.93043641987,0.0974098639979828,0.0771189295167873,0.980625,0.436709338731706
"quadratic",1600,"stan",17,5684.779,13642.2789076667,13751.0929761631,165.820195060717,182.927688214758,13415.1840044227,6739.33433347966,13810.7373167883,9853.29112356582,2.39979054729598,2.4189318487426,0.0291691541677728,0.0321785047782435,2.3598426613282,2.42942378530252,0.00139728352777363,0.00133981806512496,1.45444417761839e-07,0.000749224513725085,0.0021695096271741,6.91413670292377e-06,6.73478930745457e-06,2.44338169709508e-12,4.07706621313122e-06,1.00964365364622e-05,-3180.44126531002,0.076092667952212,0.0590737372920574,1,0.426718787345177
"quadratic",1600,"stan",180,5692.114,13612.0963203271,13819.6575004075,126.548389703692,208.034049873145,13616.4648763249,9268.85245165909,13815.4322688201,8369.0625421169,2.39139559051823,2.42786028185794,0.0222322303635683,0.0365477658868296,2.39216306565977,2.42711798618583,0.00133533716559569,0.00129326636123612,1.22387504867854e-07,0.000704452147998436,0.00202807037999979,6.85666517262799e-06,6.68260981169459e-06,2.2814532969844e-12,4.17690312949047e-06,9.87175564269841e-06,-3155.81349873384,0.0744636708008102,0.05619404633952,0.983125,0.422733382857216
"quadratic",1600,"stan",181,6904.285,8064.38053974522,9401.65014549531,88.4611743829528,92.2425404458298,9392.97227023051,4159.41539683664,9941.42065322792,6092.22408495349,1.16802544213416,1.36171234899708,0.0128125033052594,0.0133601872526742,1.3604554664575,1.43989140848443,0.00136228067508252,0.00133019315304164,1.3696373821297e-07,0.000687518517017059,0.00209056932154991,7.28176827279889e-06,6.96455295173667e-06,3.60396221394217e-12,4.12153001494574e-06,1.10136793854588e-05,-3163.7386913491,0.0784494229177372,0.062916403380461,1,0.427892058291789
"quadratic",1600,"stan",182,5846.598,10038.3693528265,10661.4383635095,39.1564940318776,87.050152019973,11775.6509015248,5642.44779277353,12329.699056545,8584.96208303488,1.7169590508577,1.82352854831296,0.00669731252805095,0.0148890264081733,2.01410305643125,2.10886725178386,0.00142591722695188,0.00136965435220531,1.50915486380358e-07,0.000740753050591025,0.00219804775994888,7.23068393758812e-06,6.91834418620296e-06,3.10312928417844e-12,4.26037896287725e-06,1.07567580577186e-05,-3142.20730015576,0.0833911866018658,0.0649235045690973,0.994375,0.430123626486774
"quadratic",1600,"stan",183,5704.824,13798.5375481227,13991.4574526833,87.6837954046015,170.408482432226,13537.7382850942,8002.76346721458,13848.5647937322,10925.0020563137,2.41874903557458,2.45256601302395,0.0153701140306172,0.0298709447359333,2.37303346870898,2.42751832374358,0.00137296206183032,0.00132139470784592,1.51536763130679e-07,0.000729563943677093,0.0021855441456553,6.84810841400839e-06,6.64868669003203e-06,2.4396699133088e-12,4.05398056492016e-06,9.86558613745018e-06,-3150.39686575264,0.0747818650391765,0.060399084158423,1,0.426776366510702
"quadratic",1600,"stan",184,5934.416,9816.3249822925,11364.4551150107,109.42890463524,182.781211535182,10243.1004980063,6349.76542605963,11203.7693126949,7982.27201720284,1.65413496160237,1.9150081684551,0.0184397090859892,0.0308002019971606,1.72605029677837,1.88793123244054,0.00135269936521744,0.00131440809899497,1.13182712187901e-07,0.000727694010419438,0.00202711313314114,7.16669434319063e-06,6.95873007234021e-06,2.4717618175825e-12,4.40873340266409e-06,1.03189607121695e-05,-3142.5696584816,0.104286301220656,0.0863774557846582,0.98,0.427958342127682
"quadratic",1600,"stan",185,5619.963,11376.6555187355,13298.1868588734,111.576312188543,196.799194274843,13300.4617136918,6173.95675775719,13490.6530912921,7564.88456531318,2.02432925603522,2.36624099818334,0.0198535670410184,0.0350178807716071,2.3666457792857,2.40048788422488,0.00154306731893238,0.00148405582716938,1.94336162533468e-07,0.000795708954470541,0.00243022903663527,7.4125325787638e-06,7.20624742040201e-06,3.0180009951741e-12,4.3730082667969e-06,1.12067417088637e-05,-3143.5246936153,0.0972147359412047,0.0762525665182376,0.97625,0.435789688324457
"quadratic",1600,"stan",186,5497.985,13653.9888177973,12676.1445650605,114.327434276381,149.579801704443,12997.3807432788,3664.64653996474,13403.0245458528,9244.37604550458,2.48345326838784,2.30559824464063,0.0207944245530646,0.0272062949797868,2.36402622838709,2.43780667751054,0.00144279463573218,0.00137687352197604,1.73080034431315e-07,0.000747223656303326,0.00226206817345303,6.97454889775943e-06,6.69887710536442e-06,2.85316935726173e-12,4.14334377362263e-06,1.02086739374089e-05,-3146.90467274077,0.0836784155291308,0.0631672549893315,0.986875,0.43308662840714
"quadratic",1600,"stan",187,5901.552,8795.88969243536,9456.79119582725,33.0144155127912,130.88490176995,10577.8802867439,3894.49664654134,10734.5185522299,7417.06919958503,1.4904367007925,1.60242444628587,0.00559419208926588,0.0221780477016808,1.79238957595289,1.81893145264668,0.00153985039420999,0.00147782465903615,1.75675631682056e-07,0.000824154780506996,0.00240785607640788,7.04718668463768e-06,6.8577075197939e-06,2.69481677741874e-12,4.17037879934849e-06,1.02113723976415e-05,-3154.0034331198,0.0811646425607168,0.0641189857597155,0.995625,0.435996107844072
"quadratic",1600,"stan",188,5754.861,11906.4156728624,12231.419991894,64.1800354636228,114.146080664044,12800.8230796514,3804.12123583463,13476.3990008416,8900.25609247342,2.06893192952226,2.12540667652859,0.0111523172260152,0.0198347241860479,2.22434965495282,2.34174187714379,0.00147585323015826,0.00140808309267233,1.93935269035081e-07,0.000749036599651421,0.00237710675447891,6.91282411469095e-06,6.70411363475563e-06,2.80452381152215e-12,4.08768367110393e-06,1.02353079378984e-05,-3152.39725973043,0.0903279822951535,0.075288914797464,1,0.430324600816938
"quadratic",1600,"stan",189,5781.403,10773.5816468437,11675.7940446644,28.7993043569508,85.5264585066599,12071.4150998847,3964.35064781925,12727.039863558,8576.0632332168,1.86348913003361,2.01954336078361,0.00498136946290559,0.0147933742910951,2.08797329988667,2.20137566323572,0.00139145133042332,0.0013278496399561,1.42624715408887e-07,0.000777655813895357,0.00216298198478315,7.05424611420853e-06,6.78003807649512e-06,3.32286596630064e-12,3.85990837916773e-06,1.07287140946299e-05,-3172.59957736473,0.0700264578783795,0.0543334437701051,1,0.428003439013165
"quadratic",1600,"stan",18,5785.674,10989.6420386292,12000.8622442202,72.2530827465744,100.256633805641,11530.4397242582,4481.13657183493,12283.7474844804,8265.51315676931,1.89945752882536,2.0742375467785,0.0124882740967732,0.0173284277347187,1.99292938458996,2.12313163245638,0.00146688090661343,0.00143128716181657,1.70374317433783e-07,0.000726251886455828,0.00227976721518039,7.05341883360779e-06,6.79020551320629e-06,2.89206919088736e-12,4.12940359107697e-06,1.06202541407721e-05,-3155.47209125646,0.0782515767329174,0.0618330366384608,0.995,0.432612663877542
"quadratic",1600,"stan",190,5926.815,8835.92427405768,9039.52271506943,67.710301553608,101.637763302388,10565.722949048,6077.98893621355,11550.4550323895,7561.5985057584,1.4908385488762,1.52519063191097,0.0114243993702533,0.0171487997014228,1.78269828719945,1.94884689877944,0.00127007097659117,0.00120569128681715,1.41461615479121e-07,0.000641202145963508,0.00201830626648088,6.94019547367293e-06,6.64091951495007e-06,2.71496685541106e-12,4.20960990410133e-06,1.02499040238337e-05,-3129.86189057639,0.0827604554088795,0.0627353012700172,1,0.423509360669999
"quadratic",1600,"stan",191,5706.924,12182.0028337891,12015.755581535,96.6452654504907,179.264072297274,12799.2664077363,4549.36477875462,13093.8949129513,6866.089089258,2.13460050173949,2.1054697033875,0.0169347384774163,0.031411680319779,2.2427609703119,2.29438746914298,0.00171621946703892,0.00164314480522705,2.19658997301028e-07,0.00091432498964525,0.00269027769049543,7.80897346171944e-06,7.51069831929541e-06,3.39421059894134e-12,4.6990476332232e-06,1.16904458621925e-05,-3151.82569846782,0.0956034595671936,0.0724901115785872,0.985,0.448263251342944
"quadratic",1600,"stan",192,5700.546,11770.6656148657,12649.8673147369,124.250648254436,160.522275207549,13593.6100990496,7314.58581438363,13798.0600213557,9104.75665339965,2.06483126613937,2.21906240467788,0.0217962714895093,0.0281591053221128,2.38461545596679,2.42048042790211,0.00140426657944012,0.00137132339502661,1.38560969082217e-07,0.000706184841910221,0.00211211054344547,7.18650496692921e-06,6.96447092449358e-06,3.07787143629e-12,4.016727511462e-06,1.05192894945655e-05,-3186.74320108345,0.094345578504273,0.0763685319454521,0.9775,0.428750074466245
"quadratic",1600,"stan",193,5846.709,10890.9769580145,10715.4965777916,45.638157108693,189.202727435479,11038.2413464931,3486.80729450453,11940.3300560773,7190.64222556385,1.86275338109259,1.83273985036567,0.00780578563234343,0.0323605514547549,1.88794095045489,2.04223094668766,0.00132174772869055,0.00125923474631458,1.54308296633932e-07,0.000625829887851314,0.00209905472387466,6.77851887070648e-06,6.56645432517061e-06,2.42875159902029e-12,4.00032636447948e-06,9.8506359594161e-06,-3170.46980686379,0.0798387166547319,0.0651937429269988,0.995625,0.422938680459368
"quadratic",1600,"stan",194,6089.282,8454.68680238851,9486.06311999305,85.891493098486,157.356594770674,10294.2862314861,3994.17407674316,10291.5200067295,6003.95733120783,1.38845381153123,1.55782949779515,0.0141053564440744,0.0258415679830026,1.69055830087786,1.69010402322138,0.00151306879557546,0.00146440868615334,1.77754304661986e-07,0.000777385924385812,0.00229541022979174,7.1441329399916e-06,6.77837119461781e-06,3.77544889407192e-12,3.90694960927101e-06,1.08642888493039e-05,-3127.21252748295,0.0773035219555503,0.0602971177424224,0.991875,0.436321132282346
"quadratic",1600,"stan",195,6964.213,7467.80982613885,8789.416143943,106.300200421748,194.677453316849,9640.03459720908,3683.99349811035,9841.96816633608,6659.42675572934,1.07231209415031,1.26208318785525,0.0152637778915935,0.0279539774726662,1.38422454873351,1.41322044089348,0.00162902748234781,0.00158027822736558,1.93877997009329e-07,0.0008288205440808,0.00245980996324421,7.33360723768442e-06,7.11679816656671e-06,2.86615330287309e-12,4.351677894529e-06,1.05942981288235e-05,-3135.70082153974,0.0911141616910417,0.0723224669254915,0.98375,0.441875057072392
"quadratic",1600,"stan",196,5717.136,12197.4932103345,12010.4989778536,80.3915424289567,118.611377374449,12711.7760308756,4946.42476076993,13206.5633990229,8357.27141570261,2.13349712344337,2.10078944734805,0.0140615060458518,0.0207466426151921,2.22345174767149,2.30999636864034,0.0013119350677417,0.00126458220619012,1.47559516933626e-07,0.000659753812314557,0.00208173621468275,6.84576990061334e-06,6.61072471474987e-06,2.44342912303461e-12,4.2146475095847e-06,1.00456582265548e-05,-3188.22502853413,0.0865491368770675,0.0709314721384889,0.9925,0.421608211746265
"quadratic",1600,"stan",197,5746.4,11770.6857453784,12879.0099442368,119.623808657175,135.221712568651,13208.5822440445,4940.36137306577,13706.9583029012,8658.75910822253,2.04835823217639,2.24123102189837,0.0208171739971417,0.0235315523751655,2.29858385146257,2.38531224817297,0.00121396264949693,0.00116381411095531,1.02021154184104e-07,0.000672340595590073,0.00185751560752404,6.91177585853659e-06,6.68099460556718e-06,2.86827491932675e-12,4.07244993723675e-06,1.0057806443081e-05,-3148.88145871864,0.0767538794314936,0.0606380711068127,0.991875,0.418961014831982
"quadratic",1600,"stan",198,5694.741,13717.3185053557,13261.8033453638,58.2744270957004,159.686017923141,13215.3000838766,6805.90952813895,13723.213124008,9566.06821940888,2.40876951302188,2.32878077253448,0.0102330250130252,0.0280409623410689,2.32061477139639,2.40980461165978,0.00125755159020607,0.00122009666573169,1.23297050395724e-07,0.000631072968463339,0.00191808866725488,6.70910124617442e-06,6.55173394702952e-06,2.28098675972279e-12,4.09786733616817e-06,9.76966656842114e-06,-3145.25602112995,0.0829151037205828,0.065411698296837,0.98875,0.418147798378717
"quadratic",1600,"stan",199,5821.952,10317.0974018761,11168.9285763993,129.767029207625,117.426145410092,11232.2979136244,6847.12000532612,11982.0736100134,8319.44205126221,1.77210279333737,1.91841646519918,0.022289264701534,0.0201695488746887,1.92930101684528,2.05808526247097,0.00134946960433199,0.00129764236368036,1.44409592173648e-07,0.000744999952000224,0.00216695564709512,6.83278985296321e-06,6.62974388902682e-06,2.7256336508619e-12,3.9153396817802e-06,9.79560053123314e-06,-3108.64950536732,0.088949177004727,0.0706902367593969,0.99375,0.428611645590179
"quadratic",1600,"stan",19,6270.154,9437.89061261156,10555.9174621373,123.351167519937,100.373601750723,9974.56346576231,5906.87552644009,10301.8232746817,7698.51517673252,1.50520874170101,1.6835180542834,0.0196727492689872,0.0160081557407877,1.59080039593323,1.64299366087048,0.00144685057708513,0.00138646977394885,1.47834710556277e-07,0.000811419239138875,0.00225228114967117,7.49789406120955e-06,7.22729400309143e-06,3.08897093257981e-12,4.53410978597943e-06,1.1127534113896e-05,-3150.77056429111,0.0910475215362022,0.0705677938876469,0.996875,0.432638712334607
"quadratic",1600,"stan",1,5761.095,11956.4526038054,13164.7842809581,141.871700235661,129.75339023509,12175.1049431361,4561.48484570233,12911.976968008,7427.96477963279,2.07537848339689,2.28511841602301,0.0246258220417578,0.0225223486568247,2.11333174390218,2.24123659964087,0.00133276930855109,0.00126419128408158,1.5336799305918e-07,0.000679915564884483,0.00210994449307361,6.6589890306707e-06,6.44588082093368e-06,2.17239487736894e-12,4.11695934654777e-06,9.68872197251619e-06,-3216.5117255382,0.0759469194928866,0.0587032213243052,0.99,0.422504581538869
"quadratic",1600,"stan",200,5756.312,11167.2628791193,11053.9003698037,137.34930333894,155.968247911658,12235.0837860934,4690.93852987038,12884.5373867195,9393.48685747529,1.94000305736021,1.92030945678478,0.0238606426022321,0.0270951692527538,2.12550740579966,2.23833200610382,0.00144046015715288,0.0013900664940072,1.61062447439687e-07,0.00071563793072501,0.00221582587875395,7.07196501733613e-06,6.8214395763369e-06,2.94272998688158e-12,4.15894258569899e-06,1.04129805376124e-05,-3146.32819548394,0.0910698610482763,0.0711420283351668,0.98625,0.432744040626054
"quadratic",1600,"stan",20,5746.122,13679.0040178275,13326.8620485916,104.860666654214,146.43674243452,13445.8106731198,6488.2452578673,13704.0005316591,8707.67440576254,2.38056275481577,2.31927934154401,0.0182489454025192,0.0254844471514041,2.33998002011092,2.38491290850753,0.00137879767885093,0.0013118984234773,1.54664130382144e-07,0.000759598026731653,0.00219378477235323,7.19894476402832e-06,6.96850109406794e-06,2.97824315000366e-12,4.21818725107352e-06,1.06130418316651e-05,-3136.63465104104,0.0741147928113638,0.0559951041788205,0.996875,0.42703458923397
"quadratic",1600,"stan",21,5657.469,13818.8402789751,11886.8252167044,141.707465643478,204.632054847604,13576.6550500359,5313.18007652137,13771.2717494824,10659.0711206663,2.44258347309991,2.10108534694656,0.0250478554356158,0.0361702476580259,2.39977542078196,2.43417537939357,0.00148475148728955,0.00142599138535427,1.84157064574512e-07,0.000747499517720171,0.00231349172571188,7.14129602391076e-06,6.97338222563337e-06,2.12290168958144e-12,4.36996858845467e-06,9.91978113979109e-06,-3182.52735289694,0.0937686142923132,0.0770102989204775,0.9875,0.433948585069653
"quadratic",1600,"stan",22,6026.59,9343.36188170369,10074.3078957882,117.660431995871,110.357826206007,10467.1762233093,5110.39552161122,10906.4012074544,6126.82705331806,1.55035631786859,1.67164315073503,0.0195235501329725,0.0183118191557759,1.73683230870349,1.80971348763636,0.00140719274507927,0.00136100682065225,1.36024207987445e-07,0.000749260577298048,0.00215442309918938,6.99213785985775e-06,6.72958052174139e-06,2.87128813017193e-12,4.04742624928588e-06,1.03368217644534e-05,-3184.91628876585,0.0879412688490357,0.0717089809881848,0.980625,0.426144854098306
"quadratic",1600,"stan",23,5800.75,10308.0818620264,10873.9342928884,69.0494579929283,205.299996590663,11457.8837258121,2867.69541741801,11385.5780421184,7290.73446672447,1.77702570564606,1.87457385560288,0.011903539713473,0.0353919745878832,1.9752417749105,1.96277688956055,0.00173590874757439,0.00164117026338143,3.27047963319802e-07,0.000823308566631751,0.00288918104061733,7.20836041975399e-06,6.93585899529575e-06,2.88390197994143e-12,4.39230634217455e-06,1.07737523080091e-05,-3152.50397856739,0.0897232885249579,0.0690261430647176,0.976875,0.445982696056275
"quadratic",1600,"stan",24,5791.328,10970.7632749549,11965.4510238365,119.336432064491,127.365942638973,13109.8245268802,7586.97911416645,13492.4257923529,9163.08445885589,1.89434327928844,2.06609796990198,0.0206060565149291,0.0219925279036126,2.26369919418832,2.32976370745241,0.0013234509411569,0.00128361731445886,1.16710273072354e-07,0.000712147761275775,0.00200645155465644,7.21650091682739e-06,6.89918188492914e-06,3.49961947511821e-12,4.24229250343738e-06,1.09588227751597e-05,-3162.65523814396,0.0783314527644726,0.0629087366919702,1,0.423753907448458
"quadratic",1600,"stan",25,5772.581,12055.9043313037,11431.186954891,85.999988426502,153.552173629713,12519.3215327331,1891.15213946769,12918.7847517132,6242.56607785532,2.08847729140634,1.98025579110817,0.014898013284959,0.0266002631456731,2.16875632108637,2.23795642741318,0.00150234397862973,0.00140316766654598,2.52736337507732e-07,0.000673083476682595,0.00248359140387886,7.09340837790094e-06,6.74204189702723e-06,3.26151918952633e-12,4.18000076572416e-06,1.08196458716686e-05,-3187.22570273248,0.0773048861794171,0.0581260559053432,0.99125,0.434510539676793
"quadratic",1600,"stan",26,6317.228,9577.68765836006,9741.7334647715,96.0988579748762,153.023708776023,9913.1994667346,5662.01650637027,10583.5103191637,6969.96845334751,1.51612189054441,1.54208989524701,0.0152121876834074,0.0242232366436708,1.56923249671131,1.67534088039307,0.00141089031469021,0.00136824286993908,1.59711415252365e-07,0.000666627957510887,0.00218634681423506,6.85230974897494e-06,6.64948346447905e-06,2.44207429668236e-12,4.03422960320605e-06,9.85024595426963e-06,-3205.42753792149,0.0866449215174232,0.0684663788117957,0.998125,0.42719319811854
"quadratic",1600,"stan",27,5671.396,14354.00556712,14356.6758038228,130.000578648427,136.877224484756,13547.373563868,7714.76798756378,13928.7731634112,8937.96225991196,2.53094750694891,2.53141833224532,0.0229221480299431,0.0241346618160248,2.38871938476312,2.45596907065055,0.00147666622778548,0.00142626116723473,1.4645126390167e-07,0.000819254761621563,0.00223693968638097,7.22232682807074e-06,6.87227866344017e-06,3.55372069457472e-12,4.19297512838677e-06,1.08007718416566e-05,-3208.49490511118,0.0809479704125314,0.0651027097397364,1,0.432670005216712
"quadratic",1600,"stan",28,5756.564,11497.1016354024,11738.6949264619,103.33857238356,139.49617706585,12253.948299151,3921.72394286085,12791.9062433653,9792.24330591035,1.99721598429243,2.03918429925593,0.0179514329005219,0.024232541680393,2.12869140326608,2.22214262594236,0.00149267936622342,0.00141303522671709,1.87565856532234e-07,0.000768196858979283,0.00231946972750514,7.10025768266103e-06,6.83062463091224e-06,3.23800304716254e-12,4.04276333361494e-06,1.08635141500879e-05,-3178.43052715123,0.092796613987309,0.0767067031645867,0.99375,0.430578276705563
"quadratic",1600,"stan",29,5822.516,11925.4124105107,12920.5875508536,132.938102936184,148.21067129702,12972.6085846989,8573.52129266926,13264.1439497658,8979.20111457231,2.04815451095553,2.21907291467359,0.0228317282316072,0.0254547469336314,2.22800737425177,2.27807771584755,0.00131189136177233,0.00127559052376735,1.07238824620852e-07,0.000730647985527981,0.00196004969380556,7.01038088947436e-06,6.68228974943645e-06,3.55591682502496e-12,4.04854181062999e-06,1.07348502392739e-05,-3160.36960216913,0.075167365258596,0.0585087176727102,0.988125,0.419434258987843
"quadratic",1600,"stan",2,5689.055,13898.319411981,12688.0648008326,136.512028405933,154.832472352084,13330.8133551696,5638.42297484745,13365.124220197,7996.07081702738,2.4429926256612,2.23025876895769,0.0239955543417901,0.0272158508490573,2.34323861435153,2.34926964499324,0.00148856251917406,0.00141836717187843,1.69050822468748e-07,0.000814211578837976,0.00234614187961298,7.37575739506081e-06,7.25119677459973e-06,3.15767425117184e-12,4.05582989080005e-06,1.07774492702494e-05,-3170.43178555365,0.100583579349714,0.0852221160036158,0.999375,0.435464354098266
"quadratic",1600,"stan",30,5674.201,12222.8014264492,13352.0456572227,62.2375809869411,91.2887051535438,13285.25738001,2937.64989334922,13691.8906845681,9628.01542390804,2.15410089040716,2.35311467768284,0.0109685189134014,0.0160883805761452,2.34134416105633,2.41300769651412,0.00149189464115554,0.00142572540339704,1.75857474424863e-07,0.000781705057131385,0.00237641363465417,7.35424313392057e-06,7.08192520081839e-06,3.39305407824961e-12,4.26980062707887e-06,1.10290737784339e-05,-3156.56114868689,0.0910939625588873,0.0739788935770165,0.99625,0.431557281891494
"quadratic",1600,"stan",31,5738.476,12922.1922150369,12950.5257749773,130.839645471605,125.664422732862,13563.762940594,5993.31392415273,13759.7170753235,7303.31376364263,2.25185087731253,2.25678834850529,0.0228004169524461,0.0218985707586583,2.36365246462546,2.3977998819414,0.00152126476909571,0.00146474961284908,1.77665023520279e-07,0.000796327258746668,0.00234297354356252,7.72070883903072e-06,7.47697693779393e-06,3.58746425215811e-12,4.42270776538976e-06,1.14098277393993e-05,-3157.51631591334,0.096295432801512,0.0740983325220549,0.960625,0.437607530992659
"quadratic",1600,"stan",32,5787.873,11521.9239147536,12013.4655933835,92.0125696040029,123.340457213827,12526.7946456681,2833.23436908335,12958.2744556875,9482.96677151024,1.99070088696721,2.07562702108072,0.0158974755672771,0.0213101526612328,2.16431746958997,2.2388664118386,0.00178062645049515,0.00169990512375041,2.94131379000042e-07,0.000837935992914012,0.00283910280370846,7.3222175274957e-06,7.17302077796882e-06,2.65278333775972e-12,4.43047096199908e-06,1.06819071086778e-05,-3166.45904212251,0.0922863486847362,0.0781039557874455,0.98625,0.446455893027023
"quadratic",1600,"stan",33,5969.016,10636.7742577328,11441.9240723327,122.927197081447,137.145513378546,10501.1236151188,6431.04950811209,11332.0108667997,7831.40598562262,1.78199794702055,1.91688614544386,0.0205942147049777,0.0229762348398037,1.75927215057202,1.8984721881797,0.00129002301385244,0.0012349962840366,1.27871823286713e-07,0.000684498125902026,0.00204487412888898,7.08681746561197e-06,6.89515442805587e-06,2.63051550671675e-12,4.16976648485561e-06,1.03049553099239e-05,-3164.72708567275,0.0983815053847139,0.0787870330382838,0.9925,0.425442744074172
"quadratic",1600,"stan",34,5781.068,12726.2205561842,12105.0555286838,93.2041958113433,155.221808865191,11932.788299792,7611.15441963154,12732.5032540408,9956.74112629799,2.20136150555299,2.09391336145566,0.0161223143909297,0.0268500230174064,2.06411484863903,2.20244827669227,0.00128895388487329,0.00123044884656291,1.30576992817399e-07,0.000700019384135711,0.00201495728065561,6.64671790533828e-06,6.47524895851988e-06,2.46956187667359e-12,3.96592726696718e-06,9.87566374943107e-06,-3194.43438106595,0.0818072672050716,0.0637694945383482,0.988125,0.42224299859338
"quadratic",1600,"stan",35,5731.161,11416.6570684051,12000.1779098338,77.0166830630401,159.705696183455,13051.1240247996,2761.33132238882,13337.7565938836,9425.40886257949,1.99203216737501,2.09384763572927,0.0134382340791055,0.0278662030578891,2.27722167023394,2.32723467267516,0.00156440455241159,0.00150317857646382,2.00656919301703e-07,0.000798666226811393,0.00244346716496621,7.39180950075425e-06,7.11720930219119e-06,3.34969408019137e-12,4.33464368827644e-06,1.12926176345682e-05,-3170.04502409206,0.0830549120579109,0.0645061603269287,0.983125,0.436097524785719
"quadratic",1600,"stan",36,5858.599,10335.2714574083,11948.1105489112,128.38495861361,147.498144632148,11241.9523607334,5274.99939126569,11987.0479509716,6353.77495443382,1.76411996407473,2.0394142949383,0.0219139351598582,0.0251763509726724,1.91888066767045,2.04606049176119,0.00138195965710255,0.00133531233868023,1.51253357842557e-07,0.000701263059150955,0.00217149319377725,7.04111750626889e-06,6.76504632288428e-06,3.1130780780431e-12,4.06403039360865e-06,1.04724133384345e-05,-3181.72349277501,0.0937995589374006,0.0767582719953294,0.98625,0.42645878705898
"quadratic",1600,"stan",37,5776.371,11406.7716349042,11311.8338304591,58.4601246998146,173.081476775771,12287.0756718814,6862.3800127011,13237.9527855939,9662.76097437032,1.9747297455278,1.95829420071167,0.0101205626681206,0.0299637050279096,2.12712716546104,2.29174213110513,0.00131807175797522,0.00127892132197077,1.24585895133483e-07,0.000671129723585697,0.0020169702302494,6.96637092921186e-06,6.77093243469562e-06,2.51827814935561e-12,4.21167188264714e-06,1.01859614908221e-05,-3127.71422450556,0.0958681423469406,0.0766516255966039,0.983125,0.424716958144795
"quadratic",1600,"stan",38,5696.18,13897.4188871088,12535.9041483273,108.092256100214,165.690168316369,12954.0537985187,5732.66464444107,13217.9387633998,9620.10186621705,2.43977874419503,2.20075632236469,0.0189762711326211,0.0290879446078546,2.27416510688193,2.32049176174204,0.00150908091580644,0.00143503281626176,2.51977017821849e-07,0.000628949268497699,0.00243063351825684,6.99179645487846e-06,6.77697555374864e-06,2.55283166202986e-12,4.35317985255586e-06,1.02797742584447e-05,-3141.59661530453,0.0910224115910627,0.0670471750968864,0.9825,0.43660083880693
"quadratic",1600,"stan",39,5755.586,9811.4667489342,10454.957323273,123.487782604788,150.126162060003,11713.7025764857,6206.80976363374,12631.2539430497,7907.27068897539,1.70468597792374,1.81648876817634,0.0214552927546888,0.0260835581398668,2.03518852406787,2.19460780241138,0.001229914049081,0.00118202171822637,1.0407049457336e-07,0.000678527810407987,0.00187363299108396,6.7719546299551e-06,6.58628204420872e-06,2.47921859981088e-12,3.91714678801106e-06,9.86155584635029e-06,-3190.57690346593,0.0719683967466715,0.0549008977460848,0.976875,0.416032540375871
"quadratic",1600,"stan",3,5661.959,13018.6219800816,13247.9822645279,93.699977557698,191.539969956285,13405.8892909182,4946.4679172004,13922.9374466537,8582.85672992259,2.29931406781321,2.33982306557287,0.0165490385143548,0.0338292753367316,2.36771218069898,2.45903183803587,0.00140054790958271,0.0013546773020632,1.64137629630971e-07,0.00072337090734451,0.00217642008880154,7.11305231282366e-06,6.90121751561131e-06,2.67238757751969e-12,4.27867565810378e-06,1.03764076941346e-05,-3150.31026453715,0.0871161356964984,0.070457797389652,0.995625,0.427904076321807
"quadratic",1600,"stan",40,5681.242,13350.4977497124,14286.3303255565,61.325630519348,202.293915483684,13278.9458189184,4151.86501632999,13770.9601431983,9335.74384856184,2.34992590523558,2.51464914283822,0.0107944056104894,0.0356073399942625,2.3373314882412,2.42393479158224,0.00140315932776223,0.00132274934661299,2.00346220184019e-07,0.000632989424141909,0.00227258824615609,6.97772505222927e-06,6.80969972041662e-06,2.30967578494621e-12,4.41093071964582e-06,1.02075282066857e-05,-3158.31437200663,0.0973857964432177,0.0714422519779895,0.98375,0.429752437858769
"quadratic",1600,"stan",41,5661.626,11079.6793013767,10894.0174122334,111.592841363974,118.387536881743,13009.8574954865,4330.84249808766,13118.8164711237,7138.19727103174,1.95697831354043,1.92418528038295,0.0197103873275934,0.020910518794732,2.29790125583825,2.31714642951047,0.00165520704723395,0.00158096417708799,2.27233386034716e-07,0.000812843251517621,0.00259836152966711,7.7342371641995e-06,7.51246220228552e-06,3.46070323640416e-12,4.34625615982709e-06,1.1331407646887e-05,-3091.77277543447,0.108559841789493,0.0871048854192502,0.963125,0.444548360375395
"quadratic",1600,"stan",42,5722.639,13520.3318604615,13187.6602665001,105.474523634484,142.28730147749,13123.085941883,4850.43884076245,13636.4376453814,10184.4946723135,2.36260436146007,2.30447181213076,0.0184310985953305,0.0248639310425644,2.29318780057296,2.38289321506763,0.0014506655724205,0.00140588176296335,1.5279912371481e-07,0.000754700019504062,0.00222148761451641,6.95553017919978e-06,6.76206746033625e-06,2.49789786571154e-12,4.35452273353048e-06,1.01589384384359e-05,-3131.48595617978,0.0930288638744906,0.0724119485349274,0.985,0.433725441007817
"quadratic",1600,"stan",43,5778.39,10952.2441769998,11220.3286951447,115.744237311576,146.525701833681,11805.9820906856,7521.23833338624,12424.6689055734,9780.7056234966,1.89537988557364,1.94177421308438,0.0200305339915749,0.0253575307020954,2.04312656132341,2.15019562638959,0.00130344238422282,0.00125980122368397,1.23099337287898e-07,0.000692895059329475,0.00199113748297289,6.91985432165422e-06,6.75254729666143e-06,2.70698740926949e-12,3.91135883344393e-06,9.85312952682768e-06,-3123.47999362922,0.0921471522318629,0.0730147197221038,0.979375,0.424444770830614
"quadratic",1600,"stan",44,5810.601,9432.9727898523,10979.0456032521,92.0401313419813,84.5546252048077,11001.3615024305,2408.58560791868,11245.8316231865,6422.73412437482,1.62340742202955,1.88948537393157,0.0158400363993297,0.0145517865027744,1.89332592315847,1.93539904446829,0.00144690791542411,0.00137461067083532,1.86680546010171e-07,0.000738872099224854,0.0023676044334405,7.29716988349843e-06,7.05785002143301e-06,3.03395706116961e-12,4.10066122787125e-06,1.07619937996001e-05,-3140.47671508091,0.0825609454958452,0.0652075879720529,0.9875,0.429426489591784
"quadratic",1600,"stan",45,5654.69,11048.0455497119,12210.9228220363,135.665624833846,116.074593185609,12925.4577786281,6077.41247551295,13192.5841601972,9236.19725777943,1.95378447796642,2.15943275794717,0.0239916997808626,0.0205271364452532,2.28579423074087,2.33303402312014,0.00142087848801947,0.00137399057529984,1.40851903062882e-07,0.000748142755677808,0.00215987982128342,7.21147385502173e-06,6.95057726854056e-06,3.05450823662309e-12,4.21034253194221e-06,1.06513088171932e-05,-3160.85716278857,0.100373695077528,0.0769189581600132,0.974375,0.429442377357822
"quadratic",1600,"stan",46,5740.503,11044.1087722404,10980.3417320237,94.6907332612396,154.145787647098,12490.0679314269,2655.27146226466,12841.8880268026,8867.09907247591,1.92389216976987,1.91278390273879,0.0164951979401874,0.0268523137514427,2.17577935791113,2.23706668680472,0.00142123350161133,0.00136288808317452,1.60032804402774e-07,0.000763448296388077,0.0022058059413848,7.41537769908008e-06,7.20540037449184e-06,2.90839785482429e-12,4.51739726329869e-06,1.08072351838519e-05,-3180.99122212042,0.0858037007302964,0.0677083784083116,0.986875,0.428728095952651
"quadratic",1600,"stan",47,5650.212,13846.4042639934,14114.8485899331,92.9881232621448,133.489472250883,13155.4254016363,3821.82089623297,13869.4423436625,9277.31271714581,2.45059906849396,2.49810955587739,0.0164574573948986,0.023625568784124,2.32830651339035,2.4546764517265,0.00163139510964403,0.00153672084101571,3.00823672629586e-07,0.000687731293115885,0.00274815415524089,7.15687602085917e-06,6.91820254684198e-06,3.15449760492953e-12,4.04492551685255e-06,1.07758164720007e-05,-3158.5575027557,0.0935514046146078,0.0748653011844806,0.99875,0.440182525906088
"quadratic",1600,"stan",48,5668.009,11529.2783731211,12206.6304385244,60.0637415450412,140.923415712618,11490.7674395126,2311.82490255121,11898.5430711167,8129.25398278423,2.03409669482195,2.1536011037605,0.0105969735660337,0.0248629484731972,2.02730225719694,2.09924562066093,0.00172847736628741,0.00165983706345061,2.77068343882027e-07,0.000840587021995565,0.0027997634300489,7.55314801942774e-06,7.21769201641972e-06,3.51291132671618e-12,4.59012554081345e-06,1.13829620371541e-05,-3183.17202729153,0.0939912530186767,0.0756120533537053,0.975,0.445577770973318
"quadratic",1600,"stan",49,5828.553,12575.1975990854,13744.3017623993,94.786727993585,160.280860091226,13556.2888847304,6533.69274542053,14093.8082415614,10758.3092281273,2.15751621355855,2.35809844439938,0.0162624802405649,0.0274992541186854,2.32584123104489,2.41806298090819,0.00133215939674291,0.00128903221512085,1.27176878721896e-07,0.000697841612048917,0.00202358830255153,7.1026016123529e-06,6.8263401739847e-06,2.86350800340572e-12,4.44946337860873e-06,1.07343728240658e-05,-3164.26432685991,0.0779110851637065,0.0623181923213384,1,0.425990402413565
"quadratic",1600,"stan",4,5703.315,12476.2942608338,12454.8389688498,126.153243706265,176.329423094563,13528.4529049381,6880.97868067976,13707.1522588523,10107.3261663353,2.18755132073782,2.18378942226578,0.0221192839087908,0.0309170058281127,2.37203326573021,2.4033658072283,0.00143806590456491,0.00139392438383712,1.68915514179572e-07,0.000761489344786193,0.00222215385802587,7.07934219178154e-06,6.86963317522957e-06,2.71351665881847e-12,4.13972091987119e-06,1.03075623552917e-05,-3171.29222028413,0.0988076721430815,0.0770814277458112,0.96875,0.432529593709099
"quadratic",1600,"stan",50,5720.866,11849.2072725128,11411.2702076319,161.676843670637,136.091249876767,12649.3401632664,8696.34530888172,13220.0032349555,9953.56475698993,2.07122615221415,1.99467531797316,0.0282609037985921,0.0237885749948988,2.21108834978243,2.31083951886925,0.00139364974463856,0.00134499797631242,1.22461666335063e-07,0.000765863738373931,0.0020552885953379,6.87802226030528e-06,6.71300045155443e-06,2.38174586979573e-12,4.0735299880339e-06,9.79009117636053e-06,-3132.53352629396,0.0836582917310171,0.0672881317420174,0.971875,0.427217479489162
"quadratic",1600,"stan",51,5685.088,9900.92424613333,11500.0124573351,128.659019861088,154.645422389463,12754.6990063374,7145.86500906766,13174.0138947968,9819.80514960461,1.74156042019637,2.02283807345377,0.0226309636475439,0.0272019399505272,2.24353589712901,2.31729287124434,0.00145110603098033,0.00140887333545847,1.73503277402576e-07,0.000728025672334713,0.00228738233482415,6.84609410025785e-06,6.61792976207577e-06,2.84992880520598e-12,3.81071715662829e-06,1.02044090358457e-05,-3134.34181477965,0.077721924784343,0.0627363329837302,1,0.432748458628811
"quadratic",1600,"stan",52,5603.723,13688.5971669819,12738.8015974084,109.317222938509,135.691451759677,13429.6009956031,6630.63818465293,13523.293604911,7714.60141624251,2.44276834650498,2.27327467781838,0.0195079633555244,0.024214518055171,2.39654975729583,2.41326946476673,0.00153210503948759,0.00148768562883713,1.65480231023473e-07,0.000837193680485808,0.00235275633909329,7.42935631167076e-06,7.17169280659557e-06,3.42672855990879e-12,4.40919416136109e-06,1.10601157020735e-05,-3105.83146148135,0.102005805304684,0.0831358549031933,0.9875,0.440179055755653
"quadratic",1600,"stan",53,6670.751,8862.49054682636,9411.08706591355,84.1898156655189,128.52149862179,9442.57691190698,3404.75662075725,9980.09102598032,6181.70840194676,1.32855963996053,1.41079873404262,0.0126207402533116,0.0192664212203078,1.41551931887534,1.4960970700271,0.00155874510956914,0.00150025053706498,2.12468317589447e-07,0.000801732430404945,0.00257481202164546,7.07722151253778e-06,6.84060259687699e-06,2.77704665301438e-12,4.26213913939107e-06,1.04777988985032e-05,-3148.38075086895,0.0972422087554024,0.0776080656188308,0.978125,0.439193900780167
"quadratic",1600,"stan",54,6847.774,8899.2534695682,9783.22216666651,138.197979249759,133.675985352839,9247.92436012186,5531.79980195165,10291.4724340448,7075.92675399458,1.29958340762534,1.42867188179203,0.0201814457150249,0.0195210860277864,1.35050081385891,1.50289312031104,0.00131658958048223,0.00126966168985541,1.35439806058434e-07,0.000669208392681219,0.00203879321126277,6.73030488212265e-06,6.54817346432796e-06,2.15414866369318e-12,4.07618953558853e-06,9.69170861884493e-06,-3149.6251246777,0.0775427712130466,0.0638334328941038,1,0.422500867332617
"quadratic",1600,"stan",55,5712.287,11287.0633891545,10967.8603135446,70.2756607796581,128.411167561049,11856.8406226542,6290.74828371047,12496.6159777461,9516.48588783067,1.97592722304648,1.92004713935848,0.0123025437586834,0.0224798172012451,2.07567312753267,2.18767298942544,0.00127519892615568,0.00124324945450622,1.03379775390715e-07,0.000707119636739304,0.00190534249778209,6.69048854660784e-06,6.47473972479769e-06,2.4475259452382e-12,4.12631402287567e-06,9.9273943006526e-06,-3178.23720295574,0.076977903943724,0.0596895989398702,1,0.422878756271854
"quadratic",1600,"stan",56,5686.258,10475.5252941679,11795.2496052521,126.307659557697,132.122780616396,12308.4907710953,6649.97436627767,12691.5463375328,8620.91099025909,1.84225290061898,2.074343022292,0.0222127908296979,0.0232354530196126,2.16460293766046,2.23196807769411,0.00154139393527437,0.00147393410705494,1.7512337548256e-07,0.000857649418230188,0.00241857931272034,7.41900307307898e-06,7.07105625813401e-06,3.5519293898654e-12,4.24052020596165e-06,1.16106195231234e-05,-3154.91709772193,0.0860201812473856,0.0698638878796321,0.996875,0.440256952107154
"quadratic",1600,"stan",57,7622.025,8130.06361602538,8733.86881785339,110.556844670536,148.307494436904,9439.85785199894,4381.38608770404,10402.7856483337,6932.54318112285,1.0666540212116,1.1458724968566,0.0145049176131718,0.0194577549190542,1.2384973615278,1.36483226548505,0.00126058665186403,0.00120843650666677,1.21298615740738e-07,0.000659175839098792,0.00197122764671249,6.71165335340303e-06,6.46935369395836e-06,2.55094128976439e-12,3.90538449257343e-06,9.86721191160189e-06,-3154.86108058343,0.0874551501319563,0.0712667911431603,0.99125,0.420915548951685
"quadratic",1600,"stan",58,5955.232,9067.28328911,9272.13847803362,114.6278177189,146.729086443843,10495.7743940657,3381.47245777235,10206.3961576795,7148.98287894271,1.52257431601489,1.55697351136507,0.0192482539251031,0.024638685183691,1.7624459289018,1.71385365971963,0.00172856031209061,0.0016723549153487,2.25095902393471e-07,0.000844890736860999,0.00265104090704727,7.34076549559166e-06,7.05811026690992e-06,3.10245599874596e-12,4.34189894552798e-06,1.08124163932039e-05,-3183.2213338283,0.0786344616362944,0.0634348488756952,1,0.443643778323157
"quadratic",1600,"stan",59,4930.124,10216.2444235144,10282.668132923,87.7196236222001,75.4351456384245,10974.4114786284,4739.53247349968,11695.6941359694,8498.96623077975,2.07220841169805,2.08568144187103,0.0177925795826231,0.0153008617305416,2.22599096465493,2.37229208351947,0.00129152874327711,0.00123475453330514,1.35367455168162e-07,0.000690491542601465,0.00201585648104229,6.71138460819185e-06,6.41249733515346e-06,3.29930124944449e-12,3.81450673263507e-06,1.03590217388785e-05,-3171.47636185955,0.0693741527060852,0.0555144539300269,0.999375,0.421101348007523
"quadratic",1600,"stan",5,5835.707,9819.87139659818,9888.32379620871,43.4061925881627,127.760199600749,10978.0118413748,4098.88091953598,11825.2721246379,8085.73415510123,1.68272180159117,1.69445172559361,0.00743803494386587,0.0218928399936373,1.88117940831759,2.02636495023447,0.00136732220487085,0.00130509498419325,1.63382321847482e-07,0.000643632472527006,0.00221764895414129,6.88768241427859e-06,6.6564388772472e-06,2.32120903775843e-12,4.4331570453802e-06,1.00155430629965e-05,-3167.7725875204,0.0938977507714103,0.0749621372979476,0.985,0.426541842141557
"quadratic",1600,"stan",60,5684.789,11686.1491964074,13169.6388568448,112.766088992193,174.97361337413,12503.9293708552,5697.17695822593,13150.4575488933,9218.22250087185,2.05568741362387,2.31664514845578,0.0198364598918611,0.0307792625854944,2.19954150819937,2.31327100247579,0.00140388341113338,0.00135475505259831,1.57495511757296e-07,0.000697099965063065,0.00224417383271685,7.1774077760134e-06,6.9782124193562e-06,2.74186871294985e-12,4.06629326407792e-06,1.02578460533529e-05,-3152.32224160756,0.0773235004758256,0.0646512973596354,1,0.429923194530834
"quadratic",1600,"stan",61,5851.145,10150.0396061053,10972.0192620131,87.1708522620564,49.7441110476169,11168.8745793121,3765.37321631837,11684.7268759202,7583.52061522042,1.73470997661231,1.87519182348294,0.0148980844368164,0.00850160285681125,1.90883572007054,1.99699834407115,0.00139974174181009,0.00133518409365499,1.81488673009614e-07,0.000682330318884302,0.00226130625926761,7.21061774906517e-06,6.93475560960155e-06,3.47290950170039e-12,4.11641108951857e-06,1.09820467929299e-05,-3141.505268121,0.0961231969319926,0.0764572216432024,0.9725,0.429042028672211
"quadratic",1600,"stan",62,5725.995,12826.7332793242,13231.7540040447,90.3489461521643,61.7646827204697,12735.7006012254,3913.0607923987,12653.3562941029,5117.43184541762,2.24008810334696,2.31082178801147,0.0157787329804103,0.0107867161463588,2.22418996195864,2.20980917623974,0.00163106889604741,0.00157407733486006,1.96352833430749e-07,0.000873586640468159,0.00255560118209407,7.4869155047991e-06,7.15052597270436e-06,4.07925280446161e-12,4.03896238628742e-06,1.15424523623673e-05,-3198.12713462606,0.0959658319411112,0.0784284842052968,0.994375,0.437916085224849
"quadratic",1600,"stan",63,5760.111,11810.8384733562,11860.8215775788,135.354876468172,164.530381302121,11824.6480646396,6310.50785792366,12369.6729623696,3972.55280913148,2.05045327656988,2.05913073160896,0.0234986576592312,0.0285637518620944,2.05285072885567,2.14747128351686,0.00144121525456158,0.00140197664158869,1.53163343580939e-07,0.000759837748907834,0.00223137299705983,7.51515537366424e-06,7.30996325373244e-06,3.33708615258745e-12,4.3387582087581e-06,1.12007926573284e-05,-3135.56733535474,0.0955030500086882,0.0769360898612875,0.9725,0.431774811480615
"quadratic",1600,"stan",64,5796.33,11145.920201265,10784.9336450122,95.7364801074574,188.573121188185,12423.9017272649,3840.70103052225,12756.469659123,7040.95053503316,1.9229271282458,1.86064865958498,0.0165167407838162,0.0325331927595885,2.14340828201033,2.20078388551428,0.00148468106579321,0.00141428679839197,1.87184160293845e-07,0.000784491303775784,0.00230811292725062,7.44898441963054e-06,7.16368702213615e-06,3.66510294180134e-12,4.23710675856706e-06,1.11009293185126e-05,-3132.97740790094,0.0894903842772008,0.0713215231032413,0.9875,0.434382829530646
"quadratic",1600,"stan",65,5841.603,7759.22743859025,8570.10570635693,93.6238397341005,156.45342289914,10894.7420047388,5060.20265486564,11662.0514599726,7383.79448671072,1.32827024338872,1.46708116014678,0.0160270801925602,0.0267826182126961,1.86502609039655,1.99637864126894,0.00134663718063546,0.00128622464057502,1.47329473817689e-07,0.000730799815505973,0.00213875809571565,6.9990436048678e-06,6.79176086457314e-06,2.70241470849296e-12,4.14888307534874e-06,1.01612679091215e-05,-3173.85458265418,0.0883880681001152,0.0704282269415331,0.99,0.426719821923662
"quadratic",1600,"stan",66,5822.934,10461.1152303378,11150.5212980986,82.6560142648363,148.804821268241,11418.7000141478,6296.86789150359,11983.5409912231,8633.95904947485,1.79653680263899,1.91493176774777,0.0141949083168101,0.0255549558466987,1.96098736721862,2.05799018007469,0.00143810478187757,0.00135284955131691,2.02309038843e-07,0.000741321268216945,0.00228631546424838,6.76279341571587e-06,6.5892105415146e-06,2.18018309800481e-12,4.11853232163592e-06,9.64433050022347e-06,-3177.8836704122,0.083392710517351,0.0687473702811629,0.98625,0.42909401865516
"quadratic",1600,"stan",67,5542.297,12816.1370024005,12480.2174456275,104.569145292125,131.910549173547,13401.4447159581,5002.84819741029,13566.3778681844,8791.78739958933,2.3124233512568,2.25181318244538,0.018867474134303,0.0238007001742323,2.41803077604071,2.44778976445766,0.00148118578700767,0.00142656836911036,1.72518319039213e-07,0.000786761515958693,0.00228428852639257,7.17538482518388e-06,6.95687572917772e-06,2.98676853349682e-12,4.0826052025639e-06,1.07360588396508e-05,-3140.71314021463,0.0918488447076989,0.0735687446778699,0.99875,0.434223731833052
"quadratic",1600,"stan",68,5696.701,13364.7545049832,12598.4543544528,75.5021581188752,146.717174601292,12553.8617685614,1770.70721741547,12893.3900884136,6685.48203921871,2.34605160161701,2.2115351243558,0.0132536635008359,0.0257547613261241,2.20370733316729,2.26330820038012,0.00200151592437018,0.00191872548110831,3.93935491730579e-07,0.000918402792644128,0.00318516500434049,7.72667885966847e-06,7.46396617215483e-06,3.58909141458245e-12,4.54738590422687e-06,1.15431640873428e-05,-3123.34420958122,0.109898755410324,0.0855357916824658,0.99125,0.461018562246104
"quadratic",1600,"stan",69,5793.236,10649.0874626337,11292.4405017833,102.584918045833,165.495945615053,11911.2503578235,5085.95754612598,12397.5534390121,8186.28499966355,1.83819327619895,1.949245724114,0.0177077056839792,0.0285670988744552,2.05606164807087,2.14000490209826,0.00139708760954975,0.00132690089657407,1.67834550973228e-07,0.000661911531765367,0.00225038351430232,7.03568335719485e-06,6.83250127157943e-06,2.83053738980866e-12,4.16268770357024e-06,1.05366494283986e-05,-3183.65841478959,0.0870677054458712,0.0693563738417109,0.9825,0.426448711563169
"quadratic",1600,"stan",6,5784.503,12916.3158654043,13208.636424637,89.1685320833691,109.746636010687,12735.4473953045,2169.18597812308,12813.9486702855,7281.45388578823,2.23291713486954,2.2834522559046,0.015415072320538,0.0189725264228728,2.20164937165812,2.21522033444973,0.00160301700500304,0.00152854383125097,2.43774325236037e-07,0.00075817596597925,0.00255096537523172,7.23467250954771e-06,6.9583635768289e-06,3.06681494107564e-12,4.37717462512924e-06,1.07573562301482e-05,-3157.3736746759,0.0740310226843539,0.0597306562422866,1,0.437831122135214
"quadratic",1600,"stan",70,5918.145,7934.64108641691,9733.16480668967,133.474871308988,130.224663619587,10781.7025026329,4934.8410741275,11216.4325596694,6938.66946700919,1.34073110517179,1.64463101304373,0.0225534979810376,0.0220043043250185,1.8218043834061,1.89526153206273,0.00137912909465799,0.00134351990945256,1.37386366393658e-07,0.000724506528935023,0.00211127909168226,7.16436806081655e-06,6.91435655150999e-06,2.79994424795287e-12,4.40032504993314e-06,1.04961702257169e-05,-3157.917552428,0.107000330673252,0.0867406875858139,0.9625,0.430343897815614
"quadratic",1600,"stan",71,5758.298,10119.8960301821,10829.4193205933,125.106652626147,125.362002913368,11639.2685519911,4030.03599335543,11961.7433384346,6516.44040181157,1.75744569492272,1.88066323080072,0.0217263247970402,0.0217706695473849,2.02130361297576,2.07730536669595,0.00157387105955549,0.00149594384519726,2.2265088393123e-07,0.000816482528102489,0.0024929327423676,7.13922454885868e-06,6.86185868555816e-06,3.17074248077673e-12,4.17892763123684e-06,1.06328193167331e-05,-3153.69906190361,0.0974881684339948,0.0777088143221951,0.97875,0.438678182302623
"quadratic",1600,"stan",72,5731.76,11861.964817954,11465.4988980228,103.133663807104,147.631430379184,12308.8173234641,2990.86238445689,12744.7416383107,6921.619230294,2.06951526546017,2.00034525137529,0.0179933674485853,0.0257567362170055,2.14747604984578,2.22353023125719,0.00170420488933484,0.00159221711858152,3.01439440135856e-07,0.00082535706426273,0.00278284039173967,7.72285265645783e-06,7.43115048337582e-06,4.1227373853255e-12,4.48241401001285e-06,1.20903635994263e-05,-3151.95907855514,0.101436856987605,0.0834343028996076,0.971875,0.445931296145366
"quadratic",1600,"stan",73,5751.839,12243.2954830291,12936.4030708949,127.406057304699,165.160610624782,12016.9701422833,4089.66254328299,12614.1173428416,6699.23062960885,2.12858800168591,2.24908991209505,0.022150490878604,0.0287144008420232,2.08923965748751,2.1930581406819,0.00132753968992877,0.00127852061142148,1.28029723293493e-07,0.000695604157343533,0.00201727090507384,6.85669418045251e-06,6.64911374350005e-06,2.58142362979101e-12,4.18160684312905e-06,1.00067441020544e-05,-3129.33682969899,0.0704098190164474,0.0526787067320524,0.9975,0.424371780569902
"quadratic",1600,"stan",74,5903.302,9630.87993700303,9994.78301367337,119.820604173478,123.77896939197,11158.443420396,4516.58974780536,11415.9751401548,8446.52825858744,1.63143947861774,1.69308346645206,0.0202972174172146,0.0209677515044919,1.89020372333925,1.93382875213818,0.00137200203156,0.00133227635813748,1.32007661934036e-07,0.000719493178716529,0.0020675938288572,6.9048190547349e-06,6.66252020542326e-06,2.871567347466e-12,3.98889767305032e-06,1.03962500578887e-05,-3124.58059958741,0.0778505903683881,0.0618479222191822,1,0.427949736156445
"quadratic",1600,"stan",75,5901.805,8578.83114331563,10101.6942584468,79.8922500796733,121.650519636908,10698.7548449756,3536.72224997395,11273.3693032211,7647.034076721,1.45359447547244,1.71162792712514,0.0135369179564003,0.0206124261369036,1.81279368684252,1.91015618157853,0.00142018059875961,0.00136666939507533,1.65191926694611e-07,0.000752974765616236,0.00223723308126683,7.04575179641217e-06,6.87633625614429e-06,2.96736607523427e-12,4.10895087737309e-06,1.0453751371925e-05,-3179.38562764254,0.0684824759790469,0.0553392050596459,0.99125,0.4295027617507
"quadratic",1600,"stan",76,5706.375,12610.5544732185,14457.5636908362,61.62710626523,92.1544685157574,12490.7750813279,4265.00593983951,12921.9981175433,9363.88471469798,2.20990637194689,2.53358107219316,0.0107996944233826,0.0161493888003781,2.18891591970872,2.26448456639168,0.00145734058086438,0.00139862994240213,1.66237120736659e-07,0.000781440916751563,0.00228046975961553,7.05562541640907e-06,6.81778274913448e-06,2.7637079038696e-12,4.18968361841843e-06,1.03391862862164e-05,-3192.76483948808,0.08821688745856,0.066909101422462,0.988125,0.431748056786602
"quadratic",1600,"stan",77,5733.262,13501.7770443615,13717.0136810205,60.8701998355521,97.5548208316841,12621.617304511,4585.14702575214,13246.6876564274,9962.01838581782,2.35499041285075,2.39253215377572,0.0106170274157281,0.0170155874320211,2.20147226910457,2.31049752417165,0.00137360787533721,0.00133301088336096,1.41538155838489e-07,0.000709865138854539,0.00210435130997905,7.13603725066744e-06,6.95648976422221e-06,2.94448599314578e-12,4.25183687891081e-06,1.06479016326289e-05,-3140.10517346459,0.0858926759270257,0.0678716537769399,0.97625,0.426980980420501
"quadratic",1600,"stan",78,5668.524,11679.4773958226,11744.7684762357,96.3621235879673,167.307185734502,13292.2101452386,5323.25200004648,13736.1724273214,9940.15000207729,2.06040891699896,2.07192709711306,0.0169995087941706,0.029515123466797,2.34491556271766,2.42323617705798,0.00151620058264392,0.00144359909791182,1.9736992036042e-07,0.000756936050988108,0.00242979275093079,6.78271132398715e-06,6.60988126867355e-06,2.60300276070139e-12,4.07138741956946e-06,1.00241269636754e-05,-3167.67130661485,0.0929921574136169,0.0725115634253183,0.97875,0.433206631858612
"quadratic",1600,"stan",79,5721.804,13687.0669127418,13638.8289115711,132.619390084761,154.651896974149,13238.3384888182,5627.62257262209,13554.1718647836,5530.30561864215,2.39208943765669,2.38365887953714,0.0231778981042973,0.0270285205459936,2.31366514631019,2.36886336281068,0.00132923166563458,0.00127866373086277,1.30249648258647e-07,0.000680748689397786,0.00205342205193232,6.85551925356819e-06,6.64228784806374e-06,2.75897295535247e-12,3.85273308573983e-06,1.01008148016167e-05,-3178.59891997139,0.0898984584822325,0.0662910209691693,0.9775,0.422744919341345
"quadratic",1600,"stan",7,6031.236,9121.36464580693,10923.3999944844,65.3326168518334,115.988601376443,10233.9909172121,3099.37703629846,10815.0966750967,8324.32682592571,1.51235412539104,1.81113788193406,0.0108323761251978,0.0192313153351059,1.69683144834858,1.79318081320258,0.00144590201485665,0.00139433867209821,1.92606582807497e-07,0.000687322331011628,0.00229764624452657,6.87824671503131e-06,6.67528249933058e-06,2.68678268748831e-12,4.02669563278218e-06,1.01029656032697e-05,-3188.03159643747,0.0753012048798333,0.0607290925941075,1,0.431230301462305
"quadratic",1600,"stan",80,5768.09,11008.3126932079,11113.2327266214,96.2293533447577,123.723746804163,11959.871982801,3555.43258767405,11665.6376853554,8125.02031272766,1.90848490457117,1.92667464041327,0.0166830533755121,0.0214496907649088,2.07345446808232,2.02244377000972,0.00172645309283297,0.00166466184666089,2.11824868530962e-07,0.000943040423362429,0.00263238335783079,7.29029357519609e-06,7.03592847446538e-06,2.81927003680224e-12,4.44206783903298e-06,1.07885375322616e-05,-3183.88855960605,0.0821523449213339,0.0653499853358505,0.97625,0.440416604677483
"quadratic",1600,"stan",81,5801.689,11184.1567899185,11279.5869061687,153.297391530591,211.99854713114,11480.0322204666,6288.06513471777,12256.382580231,8558.13853795878,1.92774152318722,1.94419020153763,0.0264228902187951,0.0365408327008118,1.9787396774399,2.11255422002644,0.00120406364764859,0.00115749017228633,1.03377520422273e-07,0.000662956542294311,0.0018451931101079,6.67265747942498e-06,6.5155568231327e-06,2.04347175181998e-12,4.06366834073934e-06,9.39400752573136e-06,-3149.42969042843,0.0813826800432031,0.0646523357694292,0.998125,0.412954601549766
"quadratic",1600,"stan",82,5706.249,11562.8648264647,9920.33377127976,78.6070701032769,111.485280162383,12206.6468678964,5497.54250656467,12696.9089242898,7828.68473870922,2.02635125569612,1.73850348473748,0.0137756116326639,0.0195374019189108,2.13917178656179,2.22508848181875,0.00156393619529444,0.00151164529958151,1.83198501782664e-07,0.000785959024103629,0.00242212012775879,7.28458554556133e-06,7.0582170411087e-06,3.18279900635624e-12,4.28422303434686e-06,1.0847984288461e-05,-3159.61035011681,0.0758235769666199,0.0626730691800631,1,0.437642567731889
"quadratic",1600,"stan",83,5912.559,10454.3681197135,11485.4138315231,113.769681982061,136.248207346301,10884.7814838269,5407.84645609624,11160.9227564559,8124.94562405369,1.76816301024877,1.94254532284974,0.0192420374971414,0.0230438643143012,1.8409594701426,1.88766365907823,0.00142347245575013,0.00137059647419247,1.55039540657506e-07,0.000719838326082749,0.00221574223555948,7.03603011501438e-06,6.77899730153822e-06,2.84565942335674e-12,4.19225436312254e-06,1.04494999359479e-05,-3144.07643074298,0.071233829070393,0.0570691468700044,1,0.430467761038448
"quadratic",1600,"stan",84,6203.394,9024.91818495132,8655.45853533364,88.1506363636828,122.176105481198,10022.4517244753,3497.77150636553,10328.0976085572,8086.48822452825,1.45483556017098,1.3952778971211,0.0142100657097845,0.0196950420175146,1.61564003906174,1.66491079053777,0.00150118653800994,0.0014335024375107,2.09404189183901e-07,0.000744403187231397,0.00242041422744106,6.80328523559739e-06,6.58397644640878e-06,2.35475911071436e-12,4.12610455939724e-06,9.85851907243981e-06,-3178.64281419401,0.0805609306397307,0.0642388265513753,0.995625,0.433938207185034
"quadratic",1600,"stan",85,9483.194,11273.742808345,10593.2268791555,116.167974363348,133.699426724081,11271.1790379212,5580.30272504895,11913.9930230181,9585.25548064528,1.18881284178569,1.11705263850508,0.0122498785075312,0.0140985649691529,1.18854249295345,1.25632703739037,0.001416578835629,0.00135466061808847,1.48442879960542e-07,0.000727133055503768,0.00217140028369907,6.77147076559586e-06,6.56763299416292e-06,2.46994886782993e-12,4.04504662791108e-06,9.8525735422297e-06,-3145.17094689876,0.0685554374983118,0.0572972623052969,1,0.430376428273101
"quadratic",1600,"stan",86,5868.767,8703.46195435915,9568.94015403816,102.715440790355,86.1908397815714,10955.7122775199,5317.8692973723,11792.6631777034,8043.04965930709,1.48301371554862,1.63048561206096,0.01750204783907,0.0146863625326361,1.86678262700153,2.00939365589116,0.00137059327703598,0.00130908678061895,1.46597830836026e-07,0.000723421220979407,0.00215690994879568,7.08608967843267e-06,6.89094944622552e-06,2.77832150373136e-12,4.01859327953443e-06,1.0393256716708e-05,-3149.42794604857,0.0936700443565959,0.0756069062355435,0.980625,0.430272645384268
"quadratic",1600,"stan",87,5778.446,13152.2039745373,13346.7651874102,86.3324840932247,143.154569852406,13206.1253539885,6583.39465171893,13646.3444388521,8560.40856184846,2.27607975821481,2.30974992020522,0.0149404327899274,0.0247738872791068,2.28541122543821,2.36159417927452,0.00135914248282027,0.00128549636344053,1.754098012983e-07,0.000693136298875705,0.00225439755925396,6.81678346584103e-06,6.65837557547969e-06,2.28798032841726e-12,4.01154065691662e-06,9.82457343892649e-06,-3203.13146478164,0.0956747411854244,0.07629577159523,0.975,0.419612942685171
"quadratic",1600,"stan",88,5769.519,12548.5507475856,11710.6425386726,144.287025775169,179.31918642416,13503.4748754697,6384.99213466509,13753.1396966852,10177.4656332092,2.17497346790705,2.02974330072795,0.0250085017096171,0.0310804395347619,2.34048538109844,2.38375845485304,0.00143975131730835,0.00137174944337514,1.57074008281859e-07,0.000772759918009311,0.00223000623241784,7.36129259351425e-06,7.12367266883923e-06,3.1041034446359e-12,4.17599050754246e-06,1.06641469981507e-05,-3150.34349503654,0.0875678310388101,0.0696913612759192,1,0.43354323579274
"quadratic",1600,"stan",89,5699.764,12870.6903356625,12686.1416811631,30.4294397352161,165.516436674794,13220.6729588499,6182.63075404143,13756.3555427948,8126.67096325644,2.2581093420118,2.22573104450695,0.00533871924086963,0.0290391736701368,2.31951234451987,2.41349563645,0.00134315289659579,0.00129331919509228,1.35736092820578e-07,0.000703093944370442,0.00206123286977148,7.02240535100934e-06,6.74840238553418e-06,2.77135672513871e-12,4.21094076154425e-06,1.05387179678355e-05,-3148.58062451746,0.0855546006805453,0.068560214663748,0.99625,0.426831199681075
"quadratic",1600,"stan",8,5737.689,11226.7375050203,11578.856418202,106.654339653516,130.159828092665,12099.1026885776,7551.9290223187,12533.4819977828,6041.83497498235,1.95666539350954,2.01803486006335,0.0185883793376595,0.022685061545278,2.10870660444956,2.18441292265628,0.00145597895395813,0.00138484574835835,1.8227967550831e-07,0.000725368482057821,0.0022899856844152,7.11901672251126e-06,6.85084191048995e-06,3.58275128803542e-12,3.94211394147285e-06,1.03586135532229e-05,-3146.4539159633,0.0840027063970093,0.0630218230177531,0.985625,0.431533461907531
"quadratic",1600,"stan",90,5721.26,12325.4573109692,12510.0248761943,69.599564878916,132.085642761428,13014.7293321802,5386.73579413264,13537.406992928,8166.15399915051,2.15432567493336,2.18658562557798,0.0121650763780908,0.0230868100316063,2.27480123822028,2.36615832752366,0.00143629493170434,0.00137986170435415,1.67139087660243e-07,0.000732050302390716,0.00228960490454661,7.35050189575745e-06,7.09945515942796e-06,3.16551844547655e-12,4.12485257733142e-06,1.08439102351317e-05,-3140.53547998906,0.0855099080536719,0.0658002046919854,0.9825,0.432423238912794
"quadratic",1600,"stan",91,5698.912,10663.2751811574,11415.1298209897,92.2243279594479,168.77534245592,12663.7758585167,3660.4367287722,12941.8992759621,8815.20631630869,1.87110718346895,2.00303668858015,0.0161827955861484,0.0296153620999798,2.22213921859413,2.27094211596215,0.00146247860952027,0.00140684097741514,1.7460893908401e-07,0.00070581533169439,0.00229477484199046,7.26442627808014e-06,7.04691206771558e-06,2.67617215634176e-12,4.39201295860906e-06,1.06092204803827e-05,-3139.6857998579,0.104943792942406,0.0830363566386107,0.975625,0.433965657934503
"quadratic",1600,"stan",92,5926.18,10249.3185832533,11056.6378792794,101.04912361792,155.607318351174,10732.585814602,4686.44472542086,10994.7951140754,7230.82421829964,1.72949835868187,1.86572764905544,0.0170513085356705,0.0262576091767671,1.81104620760794,1.85529212985016,0.00145748604913324,0.00139051343395245,1.85886197687191e-07,0.000683685748239897,0.00234167599675548,7.24364361497605e-06,7.01145496047694e-06,3.09467539060302e-12,4.23978132369293e-06,1.07363701212133e-05,-3173.79809901318,0.0939329760253572,0.0767847504015283,0.993125,0.432530447628383
"quadratic",1600,"stan",93,5747.4,12501.7904991304,13005.7063323682,66.4241479055041,100.236534612661,13178.1156296807,5732.84843071908,13908.7592668009,10177.0425962512,2.17520800694755,2.26288518849709,0.0115572516103811,0.0174403268630443,2.29288297833467,2.42000891999876,0.00130570495600378,0.00126941189740522,1.29402948719385e-07,0.000673482413778375,0.0019881462292153,6.99962568994825e-06,6.81756927214031e-06,2.66665207520367e-12,4.1525294698316e-06,1.03111560934063e-05,-3171.49028556364,0.0826101255678539,0.0664806846997335,0.995625,0.424160993891961
"quadratic",1600,"stan",94,5749.337,12326.1688976103,13174.2401191811,141.442217033848,217.939177182185,12380.6788552491,6688.78924277023,13157.7128019296,9705.46781922785,2.14392875171699,2.2914364072207,0.0246014830986335,0.0379068364199533,2.15340983756025,2.28856175971761,0.0012872987054048,0.00124638612001834,1.1111920564509e-07,0.000688844204253988,0.00194148548709948,6.51924539147564e-06,6.35769842920351e-06,2.00068144446679e-12,3.95085791171199e-06,9.31177609108876e-06,-3157.43178902966,0.0697859222852416,0.0529033581152765,0.983125,0.422907161388427
"quadratic",1600,"stan",95,5674.402,11163.914171787,11967.4115944586,85.5069484278559,116.22292535951,13156.283744187,2083.46764813196,13515.9664208204,8316.70811682885,1.9674168611577,2.10901723114763,0.0150688915638786,0.0204819689122325,2.31853219849194,2.3819190851865,0.00173528549227428,0.00164555930953341,2.62659347748067e-07,0.000873572545671525,0.00274298900735661,7.44255947994498e-06,7.13764210447943e-06,3.47522056806995e-12,4.34796472149613e-06,1.12573251699853e-05,-3168.42596096961,0.0821742925648196,0.0666579490017633,0.991875,0.44575655865049
"quadratic",1600,"stan",96,5717.701,10557.5833581768,11059.158160535,47.6073690978291,139.036550664678,11495.8986389207,3489.55595347067,11781.2720407781,6918.31964603578,1.84647349663384,1.93419665710659,0.00832631316290046,0.0243168627853535,2.01058058805816,2.06049110311611,0.00155803411398335,0.00149470428179007,2.20567744169826e-07,0.000807137927741493,0.00253607322672545,7.38905880804073e-06,7.08364607630373e-06,4.34678005778021e-12,3.99944837082649e-06,1.14279561571442e-05,-3147.70647762947,0.0783015046363693,0.0640930700341532,0.99625,0.436582180863708
"quadratic",1600,"stan",97,5674.9,11592.8230485458,11741.5881442095,104.978841322188,143.284678879697,13298.5264343993,3753.32128116347,13425.9837921839,6322.68005897218,2.04282419928911,2.0690387749933,0.018498800211843,0.0252488464782986,2.34339396895087,2.36585381102467,0.00164498726446906,0.00158508311536473,2.38886983348733e-07,0.000747423378896449,0.00256218449926941,7.57780467719496e-06,7.1906580904277e-06,4.78083473576345e-12,3.95548736584556e-06,1.18664644609365e-05,-3133.89313499467,0.100860603149642,0.078059764000439,0.976875,0.446791744082558
"quadratic",1600,"stan",98,5808.482,9885.15701020993,9754.41892762862,70.167119295133,102.30363538584,11128.0247230185,1704.42890392794,10898.4450904058,8091.553270189,1.70184860867434,1.67934047615687,0.0120801130648478,0.0176128006225792,1.91582322593382,1.87629833240523,0.00174706671742928,0.00168073846999351,2.87718782936226e-07,0.000818875901462355,0.00274650558006639,7.28434511339457e-06,7.04901185623636e-06,3.04403055528469e-12,4.2272621950538e-06,1.07965031660709e-05,-3184.77860979994,0.0939802777482794,0.0746823762950604,0.98875,0.447024544661814
"quadratic",1600,"stan",99,5741.927,13414.9207136793,13203.1869186245,81.7771351875638,138.450643562417,12644.1094172444,5446.50851676845,13144.101310042,8076.65579303679,2.33630986839075,2.29943482712764,0.0142421063847666,0.0241122263592722,2.20206725324868,2.28914462166481,0.00129727465009743,0.00123613015627552,1.40152579314187e-07,0.000663751148323619,0.00208544651972833,6.72262621038357e-06,6.46448987548824e-06,2.72006733056159e-12,3.8415011395042e-06,9.89074494061444e-06,-3153.01410180834,0.0785878127476923,0.0652137278024235,0.993125,0.42248975427426
"quadratic",1600,"stan",9,6274.244,9932.79061123295,10978.0510997925,89.9011226495452,85.8843248570775,9888.09682185525,6043.55783146886,10956.2360060537,8250.00578448081,1.58310556797487,1.74970101573872,0.0143285984175217,0.0136883941486938,1.57598219352885,1.74622408788273,0.00121995721072767,0.00117802776150711,1.16661716560425e-07,0.000641214116161909,0.00189478345118742,6.42822629643344e-06,6.14750351684689e-06,2.30613916374214e-12,3.88678213521626e-06,9.58588169506846e-06,-3161.2498196335,0.0662666236064692,0.0539326437650192,1,0.418288800351982
"quadratic",200,"stan",100,260.449,8719.463032127,5834.28938006896,191.308371806226,203.090811233723,7506.82159143313,1667.01457356283,3965.8774102007,784.855782471961,33.4785813427082,22.4008899249717,0.734532948125068,0.779771898658558,28.822616295064,15.2270786610841,0.00808398730465211,0.00679201091168106,2.40979438337226e-05,0.00160958760217894,0.0183898342396849,6.37525016583048e-05,5.14316544355264e-05,2.12152249976798e-09,1.13443492870493e-05,0.000150302169471061,-383.439258726546,0.130731471933366,0.116645831609792,1,0.658292895225922
"quadratic",200,"stan",101,360.865,10256.3541460503,9224.67791499324,178.670503214689,256.675411945731,8682.20219939643,1594.13242195132,5006.37731459204,755.175931257822,28.4215818825608,25.5626838706808,0.495117296536626,0.711278211923381,24.0594188945906,13.873269268541,0.00719217176202333,0.00598384553076085,2.10101726235202e-05,0.00112262743914814,0.0162911934543788,5.80097982015154e-05,4.90506503356647e-05,1.17518007273867e-09,1.32043295048639e-05,0.000124196854544567,-387.578317575939,0.178941618896005,0.122090466192443,0.94,0.642691128298919
"quadratic",200,"stan",102,320.042,6251.54542841264,3462.01551581355,209.486297145183,184.227786055676,8719.81337545235,2285.19044933915,4725.4939520868,1183.94660792666,19.5335156898552,10.8173787059622,0.65455876774043,0.575636279162349,27.245840781686,14.7652306637466,0.0059020225547974,0.0049665520934201,1.387274672286e-05,0.00111357769641386,0.0130879369839672,6.37577732704398e-05,5.31652967685842e-05,1.71529114199013e-09,1.1458788870041e-05,0.000138463074017791,-379.09523028429,0.15465203899654,0.114318335213824,0.985,0.619405690675915
"quadratic",200,"stan",103,284.747,7566.53400183511,4794.22777632377,181.133943391707,237.332869007399,8659.75412813801,2485.97290132177,6472.92412718856,1677.76887324691,26.57283132688,16.8367981974306,0.636122394236662,0.833486811124961,30.4120996117185,22.7321942889251,0.00514799371006493,0.00432549546484829,1.05886001441186e-05,0.00107309498868633,0.0114565996305407,4.89470244768899e-05,4.27048220224504e-05,6.91919820427912e-10,1.3545601237025e-05,0.000103090937418257,-394.367997885398,0.119407207814895,0.089832271290826,1,0.587311265638472
"quadratic",200,"stan",104,275.113,9515.3201349722,9880.4095447933,233.162139300232,163.759690810127,9344.29998765995,3178.69182909078,5054.38713621655,1224.83618856201,34.586952034154,35.9140045900895,0.847514073490644,0.595245193102932,33.9653160252694,18.3720403478445,0.00464253452493566,0.00405382903279685,6.47089583920112e-06,0.00118033143340073,0.00947561641421361,6.23264137996036e-05,5.23257791461533e-05,1.55257683153725e-09,1.16861198819449e-05,0.000132955941880647,-381.034712064622,0.104708347014494,0.0812495235146983,0.995,0.584661725515398
"quadratic",200,"stan",105,277.058,9477.99480610489,10119.6739664188,249.030929838972,255.419581237921,9509.60007487753,3417.96374977609,5938.87873632078,2029.40058055104,34.2094247634246,36.5254710797695,0.898840422723661,0.921899317969239,34.3234993209997,21.4355071368478,0.00477529237309487,0.0041220248051237,7.34579927507907e-06,0.00115605791767596,0.0102043472992818,4.52319560933371e-05,3.83795289069211e-05,6.63911100406382e-10,1.22411650606313e-05,9.65942817275783e-05,-401.086785803236,0.0902964752402799,0.0681223340067474,1,0.567980107732536
"quadratic",200,"stan",106,281.596,7200.54939649593,5661.66532196116,209.238235701114,262.214082025948,8872.52993001681,1815.31601660943,5532.56823334242,1305.93994674761,25.5704960173295,20.1056311949075,0.743044062064495,0.931171188603348,31.5080112289124,19.6471833170301,0.00582296511345634,0.00495218287091167,1.21839674801424e-05,0.00124999085234934,0.0128795545582194,4.91508068750517e-05,4.21955949109764e-05,7.71161207708655e-10,1.28599686334504e-05,0.000101779430195957,-393.128762907946,0.111687947802956,0.0916350269956941,1,0.60364448891281
"quadratic",200,"stan",107,269.94,7980.81641791975,7071.69846263982,153.855924602625,215.629360217961,8190.75155113542,2246.49786721127,4284.32372679727,936.698940197178,29.5651493588196,26.1972974092014,0.569963416324462,0.798804772238129,30.3428597137713,15.8713926309449,0.00687408616078248,0.00585779007944162,1.88195407057963e-05,0.00123633028657084,0.0152497153828003,5.92963482340125e-05,4.96597564162475e-05,1.40751571860606e-09,1.16514602015018e-05,0.000134019390982123,-388.595545249811,0.0973885862450366,0.0838951054667755,1,0.629919754258361
"quadratic",200,"stan",108,272.618,9812.05702328942,9492.96792110543,297.621248588855,271.798498948633,9270.61454811009,4085.89859534396,6624.87759999076,2637.27522651013,35.9919631986495,34.8215008587307,1.09171532543286,0.996993958390983,34.0058783650019,24.3009544490487,0.00429263614449311,0.0037201217136303,5.40419159014158e-06,0.00125742864062958,0.00882231807481394,4.7856165499873e-05,3.96309970152647e-05,9.18264333596508e-10,1.17874729546723e-05,0.000106912035049955,-394.870055295685,0.146675157275765,0.108267189849351,0.945,0.563990546168764
"quadratic",200,"stan",109,288.296,8820.5639066636,9004.14829939903,318.666346439662,275.209252578972,9092.09271012975,3130.26765086331,6507.32934689232,1728.21769559857,30.5955126212767,31.2323039494097,1.10534432125198,0.95460655915785,31.5373529640708,22.5716948791947,0.00454680888205342,0.00397937701810083,6.10559402847915e-06,0.00112530578170983,0.00937520503467486,5.16894893297017e-05,4.37640307946951e-05,9.46823217202136e-10,1.25742587038855e-05,0.000112000576197247,-381.412558293017,0.132357551560922,0.0916646614514984,0.985,0.575894917154896
"quadratic",200,"stan",10,356.677,7388.35415997754,6247.43461006744,231.668645897109,190.084821823957,9494.69623085779,3032.32877322397,5129.05241822057,1518.87125844778,20.7144115263321,17.5156643407549,0.64951944167162,0.532932658466785,26.6198724079708,14.3801041789086,0.0052981525091829,0.00456809463636578,8.89756646672697e-06,0.00125869842616842,0.0109737683093668,5.27852379181585e-05,4.53075790498375e-05,9.86355710881296e-10,1.00082320450929e-05,0.000116462950498619,-396.446078084337,0.0974700635635768,0.0832949862682818,1,0.588658273006018
"quadratic",200,"stan",110,294.624,5779.11226588286,6305.22751352697,229.073047074625,225.124619420825,9410.52536947768,3684.5674270593,5618.73720737535,1739.18630393702,19.6152121547561,21.4009297054109,0.777509799183451,0.764108217323859,31.9407969801431,19.0708740882459,0.00504623982632528,0.00439617202894245,7.89117899904046e-06,0.000994409663841266,0.0104845832852677,5.17522668533084e-05,4.38372930171521e-05,1.0142576548194e-09,1.25971564343929e-05,0.000108564691820263,-392.483593020093,0.127137178248667,0.107646373932091,1,0.588529925462604
"quadratic",200,"stan",111,286.892,6449.27406031988,3351.80485212435,256.703424965138,248.461659270625,8912.32913406209,2006.8166355446,5316.53474430689,1153.60221497813,22.4797974858828,11.683159001033,0.894773730062666,0.866045965975437,31.0651016203383,18.531484824627,0.00540624402281846,0.00457196001352616,1.02198766001451e-05,0.00121966288677407,0.0119681921836712,5.47993012088514e-05,4.63219844903105e-05,1.05165153426023e-09,1.31138734245558e-05,0.000119381144444536,-391.452782873052,0.126898580603878,0.108107914656779,0.99,0.57888235907409
"quadratic",200,"stan",112,226.646,4549.16788943656,1625.46865010634,216.168168934849,158.004158175186,7211.60983130417,2065.2605635829,3655.70466559348,657.394647302178,20.0716884014567,7.17183912403634,0.953770059629772,0.697140731251319,31.8188268546728,16.1295794569217,0.00795014400088708,0.00642994054182972,2.98808279247007e-05,0.00142679691254904,0.0191868494425837,9.01713657401468e-05,7.46633270216569e-05,3.8965845736842e-09,1.46839600106943e-05,0.000209230720012196,-383.902393406026,0.179642614908502,0.142872053042424,0.985,0.662914341500744
"quadratic",200,"stan",113,306.112,8653.51865630128,8729.31791963571,267.367035764626,220.203497708732,8982.88831977867,4613.48381933055,5719.81750875281,1179.50593770784,28.2691258634137,28.5167452423809,0.873428796534032,0.719355979865972,29.3451034908095,18.6853749893922,0.00482206005490792,0.00412398018253828,7.6161510866128e-06,0.00103815814508216,0.0104985472441308,5.65594031597594e-05,4.77163642436699e-05,1.21162249813586e-09,1.20524404059688e-05,0.000121580758408023,-376.085027684078,0.120405400434032,0.0960650743029539,1,0.593524980403418
"quadratic",200,"stan",114,280.1,9620.29786861686,9388.45069748019,241.513560752777,198.471275148972,8965.13738663497,1833.59640279662,4955.63588740573,1049.60810046059,34.3459402663936,33.518210273046,0.862240488228407,0.708572920917428,32.0069167677078,17.6923808904167,0.00640981949425458,0.00560204485101262,1.28956597294902e-05,0.00126545163895792,0.0134428331520822,6.55421323714196e-05,5.30006281170998e-05,1.92959395979822e-09,1.27210684957031e-05,0.000153550273279964,-379.096055845855,0.126484103557574,0.103539027317698,1,0.625633778960189
"quadratic",200,"stan",115,287.471,4572.68848757755,1978.22600366726,175.892610975991,207.30217061043,8600.63150295165,1571.10201449526,4588.55178416486,699.485027054877,15.9066079276781,6.88148023163121,0.611862104267878,0.721123767651102,29.9182578519282,15.9617901776696,0.00685911285360952,0.00560427629133298,2.13433325734968e-05,0.00130342789555066,0.0158330855488904,7.82561597675796e-05,6.64917189023511e-05,2.34565643223184e-09,1.10210560007698e-05,0.000170299163784803,-386.617252753543,0.182917858802072,0.137268797642144,0.915,0.638023393415053
"quadratic",200,"stan",116,280.93,8113.70556618669,7183.82520098596,149.714835174974,250.982163916049,8557.73507048492,1818.36919628171,5750.73313159073,1664.96621088662,28.8815917352603,25.5715843839603,0.532925765048141,0.893397515096462,30.4621616434162,20.4703418345877,0.00571298890735204,0.00487731586469964,1.15351066603403e-05,0.00109349298505711,0.0126544237114196,6.21938649134452e-05,5.26328710739155e-05,1.43756303848851e-09,1.47076146227578e-05,0.000139436372304949,-386.52548212523,0.0990913322511018,0.0823178917492463,0.99,0.599074873796847
"quadratic",200,"stan",117,267.842,6619.43970949704,2666.84152748312,201.918432215466,152.270014049798,8331.84871360147,2665.86533966661,4233.63918487369,815.82724119847,24.7139720786771,9.95677125873882,0.753871432469389,0.568506858706993,31.1073271316727,15.8064798831912,0.00583858618660449,0.00498233573595233,1.25138115645696e-05,0.000907563549831888,0.0130231623314529,5.95983228972578e-05,5.18261501615641e-05,1.24812369917821e-09,1.03124146994662e-05,0.000126881073038396,-387.153380498264,0.154291900070752,0.134279130614122,1,0.60263388263674
"quadratic",200,"stan",118,303.318,4979.53817346566,2445.66097101652,198.248317902789,245.362352068014,8807.67071986563,2167.62156533122,5379.68661359695,1641.21626738734,16.4168897772821,8.06302616731126,0.653598922262408,0.808927765803591,29.0377449405101,17.7361271457578,0.00595911109415745,0.00497407134360354,1.34520450547992e-05,0.00111057969300727,0.0136036743450211,5.0377873658402e-05,4.28414190495969e-05,8.62012220463786e-10,1.0182179543259e-05,0.000106689976072713,-395.287373333045,0.112344965235765,0.090131379571102,1,0.603102552065127
"quadratic",200,"stan",119,292.023,5339.73765377812,6271.75174346627,235.809070479943,197.243342693719,9370.37714009673,3075.70305517704,5795.72045516614,1356.9761505869,18.2853325038717,21.4769101867534,0.807501705276442,0.675437697351643,32.0878052074553,19.8467944482665,0.00465857515072602,0.00399399529878143,7.38864112723618e-06,0.00100587743243068,0.00967909495469646,5.44904747265273e-05,4.65853155193463e-05,1.00384554474606e-09,1.38575694310093e-05,0.000115608705035548,-393.153418791997,0.0956612248302954,0.0754712677971792,1,0.579966788952024
"quadratic",200,"stan",11,352.083,8524.33669703444,8163.15729079559,272.053060907114,304.43875472044,9418.21650832839,4125.84856648065,6271.46928098517,1828.70094389358,24.2111567358675,23.1853207646935,0.772695815779557,0.864678938546991,26.749989372757,17.812473993306,0.00452852601982074,0.00389085022577978,6.88239704774594e-06,0.000999499409187787,0.00936042185427302,4.85465096318191e-05,4.26088994911061e-05,7.1045048770324e-10,1.21511992453514e-05,9.84988951745388e-05,-374.16599715692,0.167987287338914,0.141567786107131,0.94,0.589491241741815
"quadratic",200,"stan",120,256.819,8130.22728421016,7984.19198170591,242.173023767348,230.057508495912,8895.2798750334,3307.22393016338,5236.90289597978,1596.46650969439,31.6574213131044,31.0887900883732,0.942971601662447,0.895796294261376,34.6363776629977,20.391415339129,0.00538520749989911,0.0046094598225536,9.596165581467e-06,0.00125833477125225,0.0115483153461108,4.8048724760335e-05,4.06505759218399e-05,7.77725830987099e-10,1.20012188641368e-05,0.000105033483470683,-388.005124152655,0.111470274634235,0.082723128587936,0.985,0.600125460520373
"quadratic",200,"stan",121,271.146,5637.51358642165,3505.48873465276,275.579692478578,189.73538956719,8385.19656906824,3696.27669221828,6330.11269621505,872.081414577453,20.7914318722078,12.9284176593155,1.01635167945896,0.699753599784583,30.9250240426495,23.3457720055433,0.0050818923474314,0.00437679871242913,8.04724877317031e-06,0.00112607332653061,0.0106735432963003,5.87644021703969e-05,4.9324881793453e-05,1.32137586731211e-09,1.3104284531747e-05,0.000131762447806986,-387.395131989588,0.0995090895772731,0.0717173793622717,1,0.593269165298159
"quadratic",200,"stan",122,268.894,8212.28831092149,8376.71692267683,256.501871375627,152.409443968945,8512.9698614166,3326.91454371043,5315.15353385824,1621.72715644919,30.5409875672997,31.1524873097832,0.953914447238046,0.566801207795433,31.6592034832187,19.7667241881866,0.00554221672340304,0.00468517895140725,1.06381758785749e-05,0.00140834930791056,0.0121308027102003,5.34666076731517e-05,4.50316270520283e-05,9.60584943197957e-10,1.3072074202301e-05,0.000116003913802204,-382.649078448373,0.0774992884277558,0.0642716420205485,1,0.590727468557003
"quadratic",200,"stan",123,296.702,9164.5783988021,8264.91303953054,298.055962975646,286.372576859718,9801.33498303887,2234.65069905784,6273.64119934392,1519.19691877863,30.8881584849516,27.8559397628952,1.00456337663934,0.965185866154317,33.0342733889184,21.1445868222793,0.00495256881967237,0.00429139488433123,7.27241648697145e-06,0.00114614743886501,0.0102256328210993,4.69846003617503e-05,4.11917291063689e-05,6.23699974721961e-10,1.12419745579239e-05,9.57297878381644e-05,-382.78309687342,0.124999279788787,0.0931347846580702,0.955,0.576160309689004
"quadratic",200,"stan",124,314.583,9123.54976277036,8457.91743859329,243.656984596102,229.789453759379,8704.03339868888,2562.17312580866,4552.90892265802,1156.92318674247,29.0020432215675,26.8861236576461,0.774539579685178,0.730457315746176,27.6684798564731,14.4728384008609,0.00674718900842496,0.00574242075097,1.58453678074372e-05,0.00101724065927529,0.014539011604289,5.37774133551111e-05,4.57035087055368e-05,1.1192942589654e-09,1.09465010256855e-05,0.000115337338636519,-395.894792701488,0.10893195159005,0.0882169077963349,1,0.612114114139915
"quadratic",200,"stan",125,279.639,9568.71146107142,8363.80777275067,305.419716964078,140.183013427328,9135.79450949973,3410.48473989631,6443.23268058278,1821.25977752755,34.2180863937842,29.9093036835015,1.09219285208457,0.501299938232251,32.6699584446366,23.0412520448964,0.00473666190782238,0.0040976669244194,6.88925138402759e-06,0.00119984900884858,0.00991764273228798,4.91544906273278e-05,4.18626441413464e-05,8.65347402573206e-10,1.2125442845815e-05,0.000109085197313041,-402.933015603896,0.138826655353182,0.105824029387984,0.93,0.571306523209066
"quadratic",200,"stan",126,282.909,3230.78727076303,2937.90291029219,231.328712146594,177.578237015993,9123.02118996817,3063.88514580841,6427.59541903694,1777.94965252007,11.4198815547156,10.3846215931349,0.817678872522944,0.627686772128114,32.2471932316334,22.7196569180794,0.00527067584450421,0.00454435809610076,9.41784786081854e-06,0.00111660095517987,0.0110985648248248,5.60565731199849e-05,4.6932591838235e-05,1.2760565035714e-09,1.31175998684483e-05,0.000125270026594568,-392.107127299036,0.119359004886931,0.0920664857186948,0.975,0.600560219717909
"quadratic",200,"stan",127,335.401,8876.43607674233,6862.51483873482,242.870367553694,228.673373569102,8881.25169510295,2325.68723256566,5175.16448470696,1194.32904613135,26.4651449361878,20.4606272454012,0.724119390084389,0.681790971312255,26.4795027298754,15.4297825131916,0.00626643864421743,0.00521205462019065,1.52878957179469e-05,0.0012424826136751,0.0136898352952061,4.53144405383781e-05,3.92558988326231e-05,6.70209685007752e-10,7.66037487059743e-06,9.55874120613247e-05,-408.705873937525,0.152341893807569,0.129943477232828,0.96,0.602060249929253
"quadratic",200,"stan",128,273.047,4920.93241532735,2784.4333347135,255.565079334993,195.837094869728,8657.17515182256,2557.5611144169,5738.02718420462,1305.93391142494,18.0222907240414,10.1976338678451,0.935974683241319,0.717228516957621,31.7058057837023,21.0147966621301,0.00546536390811243,0.00467744325759651,1.07439662622915e-05,0.00123228235310439,0.0119784032993082,5.58162157350911e-05,4.63621922714618e-05,1.44620826038324e-09,1.29010418133592e-05,0.000122869784359507,-392.697299455624,0.0835511303853877,0.0616256499839598,1,0.596285184994953
"quadratic",200,"stan",129,275.219,6678.63736122141,6648.54335419081,344.490460001174,361.074761535914,9120.2285063099,2356.0726636629,6919.41391184694,2149.65872346012,24.2666289799084,24.1572833059884,1.251695776822,1.31195434012882,33.1380773359031,25.1414833708681,0.00403781125324282,0.00350616587577447,4.8480837682707e-06,0.0011446215620169,0.00838684456839457,5.41674934664187e-05,4.65459671952241e-05,8.61265068402178e-10,1.40246629014372e-05,0.000113278938122936,-373.913575013037,0.104436700957831,0.088501481692074,1,0.570924535032737
"quadratic",200,"stan",12,325.979,7556.14156972064,4757.76001996071,164.867771539755,201.918255069875,8913.23030686018,2376.41762928161,4799.01283446153,987.574798538039,23.1798415533535,14.5952960772342,0.505761940308286,0.619421051877193,27.3429586165372,14.7218466050314,0.00515077911600837,0.00436472500238965,9.58866773692931e-06,0.00112300155965391,0.0110268149801308,6.48219584641887e-05,5.38497790687575e-05,1.95827354378226e-09,1.11722945213723e-05,0.000143909329743862,-379.319220449445,0.112774189042627,0.0936296649202697,1,0.605820874212114
"quadratic",200,"stan",130,282.211,7482.97195149986,6159.96832147648,202.8930731236,219.180357205214,8600.96672593714,1789.59396508801,5476.6291633016,1332.34658912196,26.5155219020515,21.8275273517917,0.718941051637251,0.776654195638064,30.4770782355654,19.4061505869778,0.00534964854183835,0.00447101501642888,1.12186291739208e-05,0.00109378587335543,0.011969973728362,5.55682857256751e-05,4.63570401016502e-05,1.35926318582819e-09,1.08771180360424e-05,0.000126761824812632,-387.476565720641,0.126356673385613,0.0965427154313499,1,0.59996079331415
"quadratic",200,"stan",131,290.904,3308.247321224,2384.45941495276,221.826474122209,186.325448081782,9027.62511745943,2383.98965092673,5887.42287663547,2107.40553242235,11.3722991819432,8.19672268154705,0.762541849277456,0.640504936617515,31.0330044188441,20.2383703099149,0.00503197196475119,0.0043490966308536,8.55704170527812e-06,0.00114062044750444,0.0108236188378129,5.44631807473422e-05,4.56915840963074e-05,1.1363784734765e-09,1.04686586020831e-05,0.000119893494578091,-396.930324832617,0.132808177029428,0.104567356916654,0.995,0.588027116870089
"quadratic",200,"stan",132,267.432,6585.3801468242,4513.68521613369,297.762939646152,322.047760134761,8931.88210050408,4120.32418239979,5174.67054240424,2199.26557049312,24.6245032263312,16.8778800447728,1.11341552112743,1.20422298055117,33.3987035975653,19.3494815220476,0.00482334983145251,0.00416984002765139,7.14353722705713e-06,0.00115867634025079,0.0100140807095027,5.67460080222816e-05,4.80722368307028e-05,1.16655801610986e-09,1.41016598801637e-05,0.000125304971969036,-382.058616229586,0.11189249968102,0.0843665830348227,1,0.593777384849164
"quadratic",200,"stan",133,278.255,8827.0171064491,7286.58210166369,214.166619097903,260.427898280523,9032.39095804419,3981.39252515962,5979.76921984865,1893.34585895414,31.7227618783098,26.1867068037005,0.769677522768336,0.935932501771838,32.4608397263093,21.4902489437698,0.00479137367405029,0.00410317611471098,7.96530319181912e-06,0.000979037622632858,0.0102674594524909,5.49875489424595e-05,4.66871875539865e-05,1.08674025074916e-09,1.45324274587841e-05,0.000118101365158735,-408.156081612396,0.124221743998519,0.0878634850009937,0.95,0.571359904749657
"quadratic",200,"stan",134,306.597,9974.51208648919,9429.72609145031,208.840768177342,257.096084165359,9396.7836526667,2396.55090627662,6904.66104866317,2580.56437475728,32.5329735336262,30.7560938021256,0.681157246083106,0.838547292261044,30.648648397299,22.5203150998319,0.00509270800289665,0.00426376113075498,9.72978373193644e-06,0.00113657388360887,0.0111420351361551,4.46512704274781e-05,3.86767406943495e-05,6.13969027117714e-10,1.06947550576441e-05,9.19177291477448e-05,-396.273731893304,0.0832546731120543,0.0722926343881924,1,0.582096300915613
"quadratic",200,"stan",135,296.756,9632.87206502313,9381.20075707223,300.656521786892,153.546691868717,9584.05348170331,4094.33926958718,6088.47397518926,2039.92058474184,32.4605806286078,31.6125057524439,1.01314386831906,0.5174173120972,32.2960731432669,20.5167679008656,0.0045494674167518,0.00395962356068436,5.81442257974265e-06,0.00129784780757905,0.0092836200660096,4.94317410595754e-05,4.25248343988089e-05,8.03284663492456e-10,1.18929970135259e-05,0.000104049548018745,-387.286087241005,0.0983746400654713,0.083303151556289,1,0.574557770269519
"quadratic",200,"stan",136,271.815,6390.56192808439,2288.90836592302,190.30563803042,133.512987388294,7768.50910434817,1492.37203501346,3717.67975067903,602.948316448126,23.5107037068756,8.42083169038877,0.700129271859241,0.491190653158559,28.5801339306079,13.6772427963101,0.00821301329374694,0.00694374124612816,2.79379469355033e-05,0.00138880581193815,0.0185063385891603,6.9200399001723e-05,5.58211173131944e-05,2.29985753078780e-09,1.27473611713916e-05,0.000161217310553891,-400.619903820107,0.0946805684214217,0.0794551766658144,1,0.645077564292111
"quadratic",200,"stan",137,296.095,7616.89331666451,7135.27390282829,272.027323166545,290.494618647432,10078.6260461954,5217.38532689604,7466.16600081191,2589.9423399889,25.7244915201692,24.0979209470889,0.918716368620021,0.981085863143355,34.0384878035611,25.2154409929648,0.00408930869914054,0.00354695582663243,4.94261769465307e-06,0.00107117778687329,0.00868359699038269,4.18678690429822e-05,3.70947923390268e-05,4.63855534058466e-10,1.06853051017627e-05,8.29047972084662e-05,-400.594516007752,0.183245200127251,0.145555611983456,0.905,0.546866618099461
"quadratic",200,"stan",138,283.2,4147.48184225362,3630.3277749911,291.98559567291,221.220572224392,9338.72663859508,3463.63401685413,6104.77502524171,1457.41225281081,14.645063002308,12.8189540077369,1.03102258359078,0.781146088362965,32.9757296560561,21.5564089874354,0.00477639574704484,0.00420067880581664,6.86577564260332e-06,0.00112362694645027,0.0098107460084625,5.9544009808383e-05,5.08757414398033e-05,1.21687954160553e-09,1.2432842107105e-05,0.000127834463050478,-398.693438785027,0.132267701573916,0.114911894260282,1,0.571013815745158
"quadratic",200,"stan",139,313.649,4974.49292533749,3336.16641991797,217.169891993372,306.260188168717,9872.64889947261,4171.42549306989,6839.25864811205,1834.78078580655,15.8600630811432,10.6366238053301,0.692397845978696,0.976442418654983,31.4767427904205,21.8054533829601,0.00407008616782288,0.0036020622430034,4.59910194453285e-06,0.00100129258103332,0.00829257795172704,4.52131336227385e-05,4.00272655514648e-05,5.51518000988194e-10,1.29651983024459e-05,9.35821248358852e-05,-398.859822640624,0.134454610005869,0.111229475629202,0.985,0.556478074625417
"quadratic",200,"stan",13,330.653,8998.77523320828,9171.97655796761,295.533094167305,282.424472787323,9498.40657037807,3340.147888327,6740.64650681561,2359.96308901113,27.2151628238917,27.7389788024533,0.893786217476644,0.854141570732226,28.7262071427692,20.3858622387083,0.00397089044014345,0.00344574214685393,4.74293635296534e-06,0.00103932266876556,0.00815282459225855,4.94632167372374e-05,4.35462272608003e-05,6.54302469689378e-10,1.28803695295889e-05,0.000101154338273612,-367.257343178834,0.0781122582140082,0.061182532969602,1,0.563436776143176
"quadratic",200,"stan",140,260.158,9279.88771981036,9974.98086041203,269.142971986645,174.841156577492,9000.57026454138,4108.35021549502,5203.49198027101,1026.78149599338,35.6701993396719,38.3420108565258,1.03453659693973,0.672057582613228,34.5965538808777,20.0012760717372,0.00497447107709897,0.00411137252270653,9.87924020556443e-06,0.00118017264006221,0.0112830530223425,6.95041257893702e-05,5.8472559563542e-05,1.96032773424638e-09,1.38358222898062e-05,0.000152354316568692,-375.878854579397,0.135084561865902,0.113907358498938,0.975,0.593718147069184
"quadratic",200,"stan",141,214.984,6181.13523673915,4613.02147455971,254.357692630163,230.174866154877,9196.93851382491,2818.80104165203,5692.67978960148,1630.35621190096,28.7516058717819,21.457510673165,1.18314708364419,1.07066044987011,42.7796418050874,26.4795509879874,0.00521725798187515,0.00450552980630323,9.52685505691781e-06,0.00130484428333994,0.0111103051152157,4.97678928702352e-05,4.31788790208672e-05,7.48903698858792e-10,1.21715412789431e-05,0.000105289523710675,-395.562394159952,0.117346960851506,0.0897718502831766,1,0.591752297960886
"quadratic",200,"stan",142,311.677,9991.26649421947,9004.6782889752,171.169027050938,260.164671451818,9490.60485281989,3278.77308200283,5579.84347978676,2317.43531980729,32.0564767185884,28.8910580151092,0.549187226041503,0.834725281146245,30.4501289887284,17.9026475478998,0.00480019506393883,0.00415291751784715,7.09972459941903e-06,0.00109022800488527,0.0100724239588322,5.16101583159771e-05,4.40210389553625e-05,8.76451779812652e-10,1.30202648504197e-05,0.000112237222051333,-382.330290937483,0.123974623105969,0.0981712314677505,1,0.583012597164481
"quadratic",200,"stan",143,243.413,7176.59559721648,5999.04027848336,251.044373043829,213.646051914662,8277.43974259361,2348.67764034528,5565.07956287346,1509.53172433506,29.4832058978628,24.6455213093934,1.03135154262027,0.877710113735348,34.0057422676423,22.8627047974983,0.00528682235866793,0.00446856929868319,1.0925184274592e-05,0.001210237374155,0.0112109182371297,5.99387003271271e-05,5.11596939558174e-05,1.14996425004988e-09,1.49518237556613e-05,0.000128048993168813,-387.475219167379,0.135640285359914,0.107876653847506,1,0.601170610099338
"quadratic",200,"stan",144,299.712,5194.43722123538,2873.91518434737,211.755849888235,234.517508639216,8989.92344043933,2115.19620315563,4794.26771934575,1291.8385917193,17.3314289092041,9.58892264689893,0.706531102819492,0.782476205955105,29.9952068667232,15.996248796664,0.00591139156648469,0.00491241371413586,1.48043797575111e-05,0.00125931553211176,0.0136263571413725,5.97330555370867e-05,5.06063517187369e-05,1.3492928679299e-09,1.18931058989759e-05,0.000126848891996934,-401.200241716236,0.0983953932046858,0.0844713988396347,1,0.611680823087257
"quadratic",200,"stan",145,255.526,8366.87527963791,7454.07923878835,209.532709446487,179.828719551205,8640.92997143841,2349.5069397687,4784.66496411395,1004.78381278627,32.7437336303856,29.1715099003168,0.820005437593384,0.703758989500894,33.8162455931624,18.7247675935676,0.00523282710673319,0.00439291312812965,9.94440686320172e-06,0.00122104195347949,0.0116583214294191,5.89761391319554e-05,4.88065849742357e-05,1.72550589461649e-09,1.38448229660172e-05,0.000129264027786142,-396.789729479167,0.106214869257098,0.0899729781049552,1,0.581927477500152
"quadratic",200,"stan",146,307.515,9005.68785903729,5944.9226183488,193.166737385657,175.243849019416,8832.91696112242,2122.53288924781,5466.62324667968,1201.56435782546,29.2853612312807,19.3321386545333,0.628153870171072,0.569870897417739,28.7235320589969,17.7767694150844,0.00590262078629588,0.00497064754773983,1.34822218272243e-05,0.00117460609494901,0.0130776240132577,4.95822661553157e-05,4.21613472200104e-05,9.02851787503302e-10,9.83596778967646e-06,0.000109874241756922,-401.586243211809,0.100797040233797,0.0778311183104109,1,0.598530497954051
"quadratic",200,"stan",147,282.128,8742.52665728489,7627.3128056517,240.85106784363,244.889787190548,9110.94304965225,2654.15894463241,5799.55396675522,1574.09671065908,30.9878021936316,27.0349373534413,0.853694308411892,0.868009510543257,32.2936505758105,20.556463614938,0.00541704119426866,0.00448309777596594,1.13807758033143e-05,0.00105012437206581,0.0120294273003259,5.13993001537571e-05,4.43832945596815e-05,1.07401233069498e-09,1.28592603297365e-05,0.000106644251947256,-398.439958786129,0.0984951011360201,0.0857614403464414,1,0.580961145709699
"quadratic",200,"stan",148,293.026,5184.82633042007,4113.29857055242,257.564427330424,214.941036884052,9574.8545710936,4426.58472338814,6077.13317313578,2339.4276402223,17.694082881451,14.0373160421001,0.878981480586787,0.733522065905591,32.6757849852696,20.7392285091964,0.00424886027211129,0.00367926965212732,5.19620860839623e-06,0.00113250371125966,0.00885902177385396,4.95873366064373e-05,4.23070815244288e-05,8.83762419860398e-10,1.14134486171507e-05,0.000104938653408861,-386.099818217263,0.103064479397757,0.0776457370621392,1,0.571528128684146
"quadratic",200,"stan",149,300.4,6454.61153691182,6419.11099765129,333.98077703359,251.865429619091,9439.86228501626,2638.90766313347,5898.08874089846,1686.26106659018,21.4867228259381,21.3685452651508,1.11178687427959,0.838433520702699,31.4243085386693,19.6341169803544,0.00507256312284088,0.00433664392957271,8.77725000363489e-06,0.00117353420071597,0.0107025513258934,5.21768307901461e-05,4.50769125521164e-05,8.61446325077879e-10,1.43619341165799e-05,0.00011047838703061,-387.873087741928,0.159134201103759,0.117727950878203,0.96,0.5858976749154
"quadratic",200,"stan",14,310.331,7294.02922987671,8197.19822031307,186.379102131695,249.238227954675,7810.72819127637,2299.96338137919,5283.14150225889,1488.63490054402,23.5040303091754,26.4143711724355,0.600581643895373,0.803136740946521,25.1690233694873,17.0242144750569,0.00644353761434047,0.0054512462652783,1.57009668129247e-05,0.00138286461593004,0.0140784236054656,5.72614140654683e-05,4.87933839699695e-05,1.12912596514901e-09,1.3175899779675e-05,0.000121390349285065,-398.455514971887,0.157285784987053,0.128242428695675,0.945,0.615108591833334
"quadratic",200,"stan",150,295.348,7059.83652155482,8000.71278167399,193.476844750739,292.172421397626,9260.34049792641,2837.43838016577,5931.94351587672,1068.78248763869,23.9034512559923,27.0891043165147,0.65508093757445,0.989248010474513,31.3539976499804,20.0845900966884,0.00594623113662751,0.00509756238422971,1.26603287165676e-05,0.00114470783407952,0.0130654777407087,4.85358983272389e-05,4.09233933045609e-05,8.18979205805279e-10,1.03372572869271e-05,0.000107577774686923,-379.966592618824,0.13456418203705,0.109078170058246,1,0.615216383853654
"quadratic",200,"stan",151,278.456,5018.61636046827,8552.93701172132,189.098114372364,220.478527715708,8615.45326307839,1807.06622532338,4931.26495367089,1196.35897339224,18.0230139069306,30.7155780867402,0.679095133063621,0.791789466614862,30.9400884271784,17.7093147702721,0.00687315685637371,0.00582578511422745,1.92715846087396e-05,0.00121835113201297,0.0146097712296545,5.54751376507662e-05,4.66579079911596e-05,1.19766698107752e-09,1.22504012307018e-05,0.000122738683470058,-393.843402025906,0.0893723555769625,0.07442391847344,0.995,0.619031859344619
"quadratic",200,"stan",152,232.251,8254.66647134002,8100.64760478557,208.749374985682,281.427253701245,8793.80317688677,2883.38047352821,5478.93424057263,1320.5938396777,35.54200615429,34.8788491967121,0.898809369973355,1.21173753267476,37.8633597999009,23.5905733046257,0.00479587199440305,0.00407215516934338,8.26575035188813e-06,0.00105458494293654,0.0104141465726551,5.0748553783021e-05,4.35943228177793e-05,8.11425622855611e-10,1.21995656378731e-05,0.000109082217334215,-386.925041939593,0.112829294039606,0.0966890770578158,1,0.591107357915255
"quadratic",200,"stan",153,280.561,6771.50801306339,5221.29684044177,252.76593529329,293.43896025339,9120.33633551299,3502.19166899372,6094.53925708841,1656.52545227552,24.1355997913587,18.6102018471625,0.900930404772189,1.04590074975991,32.5074986741314,21.7226886740795,0.00484476804952377,0.00421651187612318,8.01892067877434e-06,0.00109932574509343,0.0103102562079357,6.6766664193745e-05,5.81523010055144e-05,1.32327947966087e-09,1.44420549793321e-05,0.000137826633781664,-392.180475006058,0.183208343863559,0.138091376699479,0.935,0.602596535511343
"quadratic",200,"stan",154,279.713,9258.93128232973,9736.25925622004,209.621565344756,301.554281930315,9574.38313873752,6018.49162459202,5712.69670924561,2051.26483793639,33.1015408019282,34.8080327200382,0.74941659967451,1.07808461505298,34.2293105387934,20.4234222551172,0.00455606164802083,0.00379513695884406,8.61074841746569e-06,0.00107940101382449,0.00999495624763063,5.72564661942907e-05,4.87431512331825e-05,1.16584553865973e-09,1.43253297219097e-05,0.000121674685520504,-385.416481061406,0.107610893849925,0.0913270908558355,0.995,0.585789586749676
"quadratic",200,"stan",155,302.035,10065.1323594095,6009.69815118243,194.014508818417,98.2323698893617,8727.32296219325,2241.22054116103,4136.99304439498,605.002018159027,33.3243907474615,19.8973567672039,0.6423577029762,0.325235055173611,28.8950716380328,13.6970650566821,0.00579020170072323,0.00494788870956104,1.12007316147642e-05,0.00133594291318058,0.0128080226088237,6.00502113448112e-05,5.0413479853752e-05,1.37181773042691e-09,1.21540378962482e-05,0.000136305465186909,-372.396819256822,0.145394909195123,0.120411820631054,1,0.615795883757751
"quadratic",200,"stan",156,291.516,9491.47514933206,9050.60639669347,246.057865136751,161.140251079524,9556.97788555972,3212.21042976822,6550.8069400251,1529.64771040474,32.5590195712484,31.0466883350947,0.844062985005116,0.552766404175154,32.7837164531611,22.4715176526335,0.00475202831108346,0.00411646595175757,6.95313717074596e-06,0.00113076403370928,0.00993046160436575,5.0173004832078e-05,4.24961927446283e-05,9.73652790216664e-10,1.21987694464994e-05,0.000106662957462349,-395.469126688434,0.077260812094367,0.0610610229608575,1,0.581875183683953
"quadratic",200,"stan",157,216.388,7244.41384269349,6925.0987777298,240.032308500474,305.441900513054,9583.14442415026,4649.44836578196,7029.55921046566,2378.06944931707,33.4788151038574,32.0031553400826,1.10926811329868,1.41154731553069,44.2868570537658,32.485901299821,0.00432461683282897,0.00375329191363111,6.30472374838038e-06,0.00115938436072493,0.00920879519025841,4.48944058312844e-05,3.83553495888539e-05,7.58220792355599e-10,1.17737275244282e-05,9.31435521737519e-05,-390.175824957232,0.148011404724822,0.118646414088373,0.93,0.56445271612916
"quadratic",200,"stan",158,337.024,7540.61905066358,6383.05893743284,214.189613710416,301.965189466127,9252.30269412243,5856.17467683091,6055.36002174345,1635.55865213952,22.3741307760384,18.9394789018967,0.635532228299515,0.895975329549607,27.4529490306994,17.9671478047363,0.0043038035835063,0.00358738950151555,6.53569001116939e-06,0.00109620927986337,0.00924184727767811,4.89795470235956e-05,4.22483417373916e-05,1.04682179415137e-09,1.22633454643061e-05,0.000100231136274346,-396.201189416367,0.117145845918711,0.0892292169329307,1,0.570505868808202
"quadratic",200,"stan",159,226.035,7519.76921185647,6128.06254584712,235.470824084325,271.779638666158,8491.24410976643,3301.40896880424,4968.43535099776,1380.29193728046,33.268162947581,27.1111223741771,1.0417449690726,1.20237856378949,37.5660588394117,21.980823107031,0.00571005627433509,0.00478903385273226,1.23777948743773e-05,0.00129064052127487,0.0126234028408392,5.74166756286251e-05,5.00820899837663e-05,1.03059494396799e-09,1.33254807673416e-05,0.000120091644574218,-408.863821199107,0.130723075677964,0.105762511371206,1,0.596049073505096
"quadratic",200,"stan",15,330.56,9380.80659528176,6728.97574912234,272.486678194545,198.075197916187,9102.59808062358,3951.09994247559,6157.56480765633,1519.57238336579,28.3785291483596,20.3562915934243,0.824318363366846,0.599211029514119,27.5369012603569,18.6276766930552,0.005189853062182,0.00446067336144394,9.03449144775795e-06,0.00102828144090434,0.0111087852553659,5.13597725260123e-05,4.35342956469304e-05,9.53556881482325e-10,1.17585807760374e-05,0.000110786473268467,-373.421451158206,0.106510736398748,0.0837877719653279,1,0.591160998509997
"quadratic",200,"stan",160,290.971,9985.70926574652,8924.63795816423,232.826347986156,284.015841298281,9221.63898937022,2864.68780986156,6538.45331716025,1516.26792481873,34.3185721798616,30.6719156141479,0.800170284963642,0.976096728877727,31.6926394361301,22.4711511358873,0.0048513529049081,0.00424246857571074,7.21900967041213e-06,0.00121770236437729,0.0100505520268332,5.53123445154859e-05,4.58117528872456e-05,1.3529925025156e-09,1.20166978197008e-05,0.000123921551343169,-375.06505943615,0.105946164387911,0.0743018179699212,1,0.58312479888054
"quadratic",200,"stan",161,277.528,5070.9330656768,3204.4355734784,323.273334449485,241.305894774824,9485.84789598928,4734.57452386977,7002.86230079961,1752.83811197514,18.2717890291315,11.5463505429304,1.1648314204314,0.869483060357238,34.1797868899328,25.2329937908954,0.00427571528913556,0.00367801049296295,5.650867883586e-06,0.00105576346559141,0.00883005635555172,4.98598986815108e-05,4.33457714372518e-05,7.94352995809322e-10,1.20449561059255e-05,0.000103764165339844,-380.470485842379,0.140797386666677,0.124531511491639,0.98,0.559578499139284
"quadratic",200,"stan",162,267.962,9703.11928545581,9309.2551574925,222.080080410417,237.960813317601,8591.78648483731,2883.5303974347,5543.07633827431,781.965434693744,36.2108033432196,34.7409526630362,0.828774529263167,0.888039398562487,32.0634511044003,20.6860537623779,0.00588595659504818,0.00504657720934018,1.15273080629942e-05,0.00129010167152365,0.0125881179882858,5.35416127296714e-05,4.50866301365046e-05,1.03645883379605e-09,1.23947849690017e-05,0.000117703292480163,-395.180191835975,0.150889650770753,0.112629009101699,0.95,0.603685945866459
"quadratic",200,"stan",163,287.862,7701.90677307696,6163.24673160901,322.136925721034,264.905542565237,9486.77147443164,3550.02435890149,5758.35608225914,1654.64110681221,26.7555522197336,21.4104214227964,1.11906721179257,0.920251865703833,32.9559701330208,20.0038771434199,0.00452945913309374,0.0039352753221598,5.93153254322621e-06,0.00122884694122605,0.00925014194334085,4.88547421165281e-05,4.28609381480073e-05,7.05388598373414e-10,1.15313166610745e-05,0.000101263029980252,-392.223620704136,0.0796866212937878,0.0684153921554482,1,0.574704961137951
"quadratic",200,"stan",164,267.292,4347.67653079256,2747.98308840852,218.133001833329,227.389102111339,8841.65446809293,3184.15470937139,6158.5079669413,1871.98747705142,16.2656440551627,10.2808280397787,0.816085037462134,0.850714208099526,33.0786348566097,23.0403751961948,0.00496756901106787,0.00419598313013463,9.83184587209658e-06,0.00118425266764118,0.0105702585729621,5.4274515176704e-05,4.53354464125548e-05,1.12372916695061e-09,1.23633583305949e-05,0.000121133176370483,-399.607561558372,0.149607506121445,0.122833059857055,0.995,0.597964257634631
"quadratic",200,"stan",165,285.785,3093.55997178461,2335.54635816428,183.741381445331,193.248705602822,9019.65011202223,3010.30323227665,6305.13051641788,2111.89771597327,10.8247807680061,8.17238958715216,0.642935708470811,0.676203109340316,31.5609640534746,22.0624963396185,0.00478399614033617,0.00410166253434075,7.18055219183033e-06,0.00121269298540837,0.0099291205212429,5.48802149808544e-05,4.52967915013374e-05,1.20465319500655e-09,1.02224127920513e-05,0.000124982439117992,-391.929241605169,0.149550972411344,0.129964560461855,0.985,0.584810716646735
"quadratic",200,"stan",166,295.309,5862.06793893445,3396.76575210202,171.068374699959,217.270573016923,8482.8111247478,1165.50775544905,4234.72763735156,887.519172379876,19.8506240545817,11.5024118875551,0.579286018035209,0.735739760782513,28.7252035147855,14.339988409942,0.00702069154952973,0.00582645589218165,2.25860879387141e-05,0.00122668525628281,0.0164840310380857,5.99704450481469e-05,4.93652842175711e-05,1.47383285821507e-09,1.33523369098093e-05,0.00013929566301341,-387.879926199164,0.107364745979757,0.0804832901994308,1,0.627986017426196
"quadratic",200,"stan",167,217.013,3957.76350366044,2795.86698079342,239.417957410965,186.384073857872,8592.19027149307,2881.12596780507,5083.02167201729,875.360695982103,18.2374489254581,12.8834078179345,1.10324246663087,0.858861330233082,39.5929749438654,23.4226598038702,0.00537970726020567,0.00446115308294527,1.12561819807898e-05,0.00114870556170749,0.012106003396279,7.50654471292109e-05,6.294996961755e-05,2.30559818043615e-09,1.51211994444596e-05,0.000168764363298082,-388.831583429101,0.155174316960939,0.118799061251355,0.96,0.615233490382107
"quadratic",200,"stan",168,274.184,9493.07075218299,8029.47131245918,318.144358610042,329.160157647529,9344.56415934582,3744.62131194103,6545.89717638344,1459.36975940132,34.622993143958,29.2849740045341,1.16033159706636,1.20050826323757,34.081362002691,23.8741034355887,0.00412513105798089,0.00358065735231605,4.96891921065652e-06,0.000986601946450747,0.00852722277762325,6.13084051692462e-05,5.39475840323403e-05,1.05179460158519e-09,1.56135478575977e-05,0.000125726740407058,-388.291983581811,0.140575132399065,0.1134291699035,0.985,0.57487230700663
"quadratic",200,"stan",169,268.096,5583.53921919595,3226.64012541656,176.754622794606,231.674335311223,8793.67909800941,1602.00141633349,4976.43093902652,1002.37280136114,20.8266412747522,12.035390775754,0.659296008872219,0.864146929872966,32.8004860125082,18.5621230418451,0.00639517666311861,0.00520838297908242,1.77065560082113e-05,0.00129253795857427,0.0146975943595052,6.75558312021555e-05,5.85344524873405e-05,1.52400973973198e-09,1.54449005817693e-05,0.00014250332873585,-384.505929207871,0.140648370998942,0.112868298344172,1,0.625218788333805
"quadratic",200,"stan",16,338.707,10066.7794748344,7266.44874974756,249.130106614599,170.433145603459,9420.80392236612,3964.00252723215,5275.66748545533,940.897227199991,29.7212029123531,21.4534944649729,0.735532795645201,0.5031875503118,27.8140219197304,15.575903318961,0.00511040639859744,0.00440773791943451,8.09844890099201e-06,0.00116837222342462,0.0107901409305495,6.02269052322903e-05,5.05218077017916e-05,1.3720601750632e-09,1.16984862072321e-05,0.000130170258466836,-390.078862782885,0.0974999940370884,0.0780276285278574,1,0.587559409197439
"quadratic",200,"stan",170,240.351,7296.69938476709,6213.50612279769,253.689325387086,299.63962923558,8633.52752921479,4487.66935052598,6123.62214017942,1851.50732477329,30.3585147753373,25.8518005866324,1.05549519405821,1.24667519267896,35.920497643924,25.4778309230227,0.00477633046583743,0.00419500547589164,6.60952127171847e-06,0.00107952114398917,0.00967831734428673,4.29267020491754e-05,3.71159498167433e-05,5.68705802303229e-10,1.07272919544438e-05,8.80961768083075e-05,-391.81671232304,0.083125398324834,0.0727165612113277,1,0.578134740445592
"quadratic",200,"stan",171,242.235,8328.53052425692,7190.66036256836,214.744971902093,195.156880118594,8625.60759285418,2038.95019398126,4908.97425708684,1206.99242399867,34.382027883076,29.6846465728254,0.886515044903063,0.805651041833733,35.6084281497479,20.2653384403032,0.00529482125387327,0.00439336160512991,1.06164935724028e-05,0.00106530748788173,0.011612528282474,5.56173654136075e-05,4.70997884296786e-05,1.09559792145918e-09,1.10635031947384e-05,0.000121407751772086,-406.492082164236,0.112968386595727,0.0890283930786621,1,0.590664516310843
"quadratic",200,"stan",172,255.021,8512.12349306319,6579.51169197263,213.365022818533,217.218996735431,7654.138685747,1676.86471762907,4166.12765763731,874.073541582835,33.3781276564016,25.7998819390271,0.836656678542288,0.851769057196981,30.0137584189027,16.3364101687207,0.00673798533095365,0.00545983727344076,2.13451228726878e-05,0.00118040891170545,0.0160545097014947,5.08904860600064e-05,4.245491813637e-05,1.156584342859e-09,1.0816857245206e-05,0.000111981335614449,-401.194757290647,0.111502168709613,0.087259298968062,1,0.615880499979048
"quadratic",200,"stan",173,292.639,8923.85094813816,6028.0126440505,147.656020190561,154.665741661111,7371.10160734594,842.362402062621,3758.24280590333,837.57990637278,30.4944007741216,20.5988014039499,0.504567129434425,0.5285206061431,25.1883775140905,12.8425903789424,0.0109286022680182,0.00916779578082443,5.0075464489607e-05,0.00151998807539461,0.0247738730301084,5.30284206952106e-05,4.25490713441886e-05,1.40185617381876e-09,1.03750139943843e-05,0.000123870381282308,-387.654585770943,0.136382249849657,0.114299816491513,1,0.690011983229002
"quadratic",200,"stan",174,330.026,8096.24328372375,7012.88535937919,299.950094924898,315.252067286535,9721.91295888733,4141.30424349734,7228.98356518619,3203.81839440489,24.5321377216454,21.2494935531721,0.908868073802968,0.9552340339444,29.458021364642,21.9042850114421,0.00394073123728733,0.00343097164692609,4.18088504091772e-06,0.00117252948176086,0.00805416913255314,4.10072775373382e-05,3.53533652639348e-05,5.02146032413973e-10,1.15458795795016e-05,8.45716296747991e-05,-384.981411639901,0.15268445045567,0.12140565202809,0.96,0.554715918849137
"quadratic",200,"stan",175,256.295,7241.29921557746,3424.13293103625,158.614656171635,163.286689455334,7394.72207184766,964.465509581326,3876.47956022574,931.102077418229,28.2537670090227,13.3601238066925,0.618875343536296,0.637104467333871,28.8523852273656,15.1250690033974,0.00850579079983592,0.00704251697558302,3.43044918191873e-05,0.00108952326570466,0.0203058195536862,5.57217726383605e-05,4.51394068078809e-05,1.68787070779379e-09,1.22798232888778e-05,0.000126802667464835,-390.23852289508,0.0989673973909759,0.0715142687812649,1,0.661081812628987
"quadratic",200,"stan",176,328.989,8898.585195693,7666.49323825139,250.189437958941,193.375722249087,9460.98816523525,4754.58002038698,5828.95440386035,1325.1652550763,27.0482757651259,23.3031901925335,0.760479645091299,0.587787805212598,28.7577644396477,17.717779025622,0.00466749870511386,0.004034561056554,6.48788995370237e-06,0.00122076993534969,0.00965891566909041,4.98047292101417e-05,4.22739075521891e-05,8.96818481204828e-10,1.16004300000482e-05,0.000105940060644348,-381.338242751888,0.146827073952313,0.106230777612491,0.97,0.581525206368393
"quadratic",200,"stan",177,239.395,4527.77162413599,2446.15082317753,152.75951483036,194.382242620907,7853.83544032305,2408.60144664857,3975.77038523171,762.490976423085,18.9133926111071,10.218053105443,0.638106538692788,0.811972859169603,32.8070153525473,16.6075748667754,0.00648000628776155,0.00534488015768323,1.66393683157078e-05,0.0012651627525779,0.0148085372246555,8.28718368277169e-05,6.98284299722711e-05,2.96095610326659e-09,1.55325668512485e-05,0.000188307764478895,-384.667569473661,0.176682372593934,0.139677576434478,0.93,0.630750520269604
"quadratic",200,"stan",178,275.002,7669.70685101687,7413.73075329576,232.916121841349,171.271186067351,8234.37369135652,3180.21670517987,4905.18670871416,1305.40905663358,27.8896402608595,26.9588248568947,0.846961556066314,0.622799783519216,29.9429592925016,17.8369128541398,0.00514974463650882,0.00428621440564436,1.09066367858677e-05,0.00100590839878527,0.0114533268290221,5.75175137100684e-05,4.81762419059225e-05,1.39947271835434e-09,1.13719240750115e-05,0.000124986658383804,-385.923998816226,0.100796408755264,0.0829477703367702,1,0.598819352726314
"quadratic",200,"stan",179,288.912,7103.36903826259,5842.27769907268,268.713205285492,188.048565008333,9490.30534770295,3521.36306849879,5994.96725690849,1072.48048033945,24.5866182029912,20.2216512262304,0.930086688283947,0.650885269591892,32.84842909849,20.7501497234746,0.00484822184033914,0.00412015374086149,8.06130536109405e-06,0.00112210260930386,0.0106005025175726,5.64088591531815e-05,4.89503537693708e-05,1.03039744938685e-09,1.13521530748065e-05,0.000119315831688173,-394.187787065117,0.125630580271651,0.098558211436408,1,0.579567584101298
"quadratic",200,"stan",17,345.939,6705.03398279097,6615.75464473333,233.413769503447,268.756636178665,9797.39807466603,6301.93294587161,6815.654611114,1922.07783020996,19.3821280132942,19.1240497449936,0.674725224688302,0.776890249953502,28.321172445622,19.7018971874059,0.00406353757525168,0.00360850454105832,4.14534401312835e-06,0.00112655523845225,0.00818696533862676,4.70444894683822e-05,4.03479541573438e-05,7.34253058532015e-10,1.24322413541584e-05,9.98053385427892e-05,-372.473452062175,0.142363682731003,0.10497461619834,0.935,0.564174425624058
"quadratic",200,"stan",180,228.244,9316.35410551337,8958.08315529177,218.270202187649,238.028347679658,8971.37705060775,2738.78619262922,6313.23530819163,1859.55618190587,40.8175203094643,39.2478363299441,0.95630203723931,1.04286792940738,39.3060805568065,27.6600274626787,0.00468899123806369,0.00406532398837159,6.8879579826944e-06,0.00118283726973768,0.0100028999461327,4.96778078862675e-05,4.20341542439378e-05,8.26343978700853e-10,1.28447028306308e-05,0.000106531264775983,-388.983737351867,0.129299086665805,0.101291485973946,0.985,0.579260617747747
"quadratic",200,"stan",181,273.589,8967.47337983899,6856.6613853449,212.596153309366,248.692109940431,9097.28361756762,3138.21681589797,6717.81946708839,1734.84487311988,32.7771707920969,25.0619044820695,0.777063965690749,0.908998936143015,33.2516424913561,24.554420927334,0.00451446384873603,0.00398488725015909,5.55600727006712e-06,0.0011086048317206,0.00903383777779735,4.9704448026372e-05,4.28593384056374e-05,7.64536914258985e-10,1.24494129475759e-05,0.000106741097860705,-373.577054747056,0.133093498391753,0.115686393499112,1,0.579075202732989
"quadratic",200,"stan",182,345.31,5855.58037199312,4686.38546652816,195.437536541534,292.082992539358,8690.44412991745,2245.43490115504,5676.36770391619,1680.76994209948,16.9574595928097,13.57153128067,0.565977054071803,0.845857323967907,25.1670792329138,16.4384689233332,0.00494241418031971,0.00424023393362891,7.53715378577822e-06,0.0011598735803417,0.0105791906989645,5.18339488061362e-05,4.38568753390791e-05,1.02256255013078e-09,1.22851473132602e-05,0.000115642069398452,-377.238862843262,0.133321236860112,0.0977278362988898,0.93,0.59030305374865
"quadratic",200,"stan",183,321.534,8579.8745528276,7206.34901409787,255.545388661821,289.377407033086,9350.35762551594,3655.19588522579,6287.37753497184,2184.87072672488,26.6841906387119,22.4124012207041,0.794769413691309,0.899990069582333,29.0804631097052,19.5543162930571,0.00488798908674233,0.00416019992367626,8.26640735046222e-06,0.00120762151857421,0.0105286766112302,4.58902961572216e-05,4.01782371463885e-05,5.84439458508619e-10,9.98346768368915e-06,9.25866272973215e-05,-398.769371807459,0.120183843942993,0.0951285970414973,1,0.583852020136328
"quadratic",200,"stan",184,290.155,10818.1930403976,9520.26157146571,211.766180949841,231.168999859265,9111.67738042808,2987.0987149465,5387.99448103137,1482.96782042509,37.2841861777242,32.8109512897097,0.729838124277856,0.796708655233461,31.4027929225003,18.5693663077713,0.00538995682056069,0.00452741483040984,1.03475783473893e-05,0.0012140750683226,0.0118489193351877,5.59115143321385e-05,4.70174577251443e-05,1.17822421718121e-09,1.27465411532543e-05,0.000121557603557009,-394.800133156697,0.106784917306719,0.0836259790655845,1,0.59632650092225
"quadratic",200,"stan",185,251.092,7835.03384504385,4543.84733910982,145.565382840544,268.091308177786,8377.83205481476,1420.57334874135,4783.64873155095,913.573361055358,31.2038370200717,18.0963445235604,0.579729273893808,1.06770151250453,33.3655873337851,19.0513785048944,0.00592477357176159,0.00490206940879041,1.50715874387104e-05,0.0010680100681703,0.0132550532940594,4.87814217809611e-05,4.27465667203923e-05,7.33244784699783e-10,1.21866886352089e-05,0.000101281833124563,-394.046012471808,0.114157063727003,0.0922909255887936,1,0.604029378854568
"quadratic",200,"stan",186,247.278,8457.3207275825,6785.84532274291,190.401330377734,281.388478818735,8204.53112097749,2243.58059990755,4333.85124538935,1235.30133804913,34.2016707009216,27.4421716559617,0.769988961321809,1.13794384789078,33.1793815906692,17.5262305801137,0.0057213410484366,0.00470841722878174,1.46563890437867e-05,0.0011872554497174,0.012591002984908,6.04736674053244e-05,5.25226322453354e-05,1.18143758041753e-09,1.33340447898673e-05,0.000125697902707271,-397.846129152588,0.107609167916184,0.0894374211850608,1,0.592321238553825
"quadratic",200,"stan",187,279.393,8265.61540594143,9033.16835785388,217.370536931788,262.312030373625,8422.78634617258,2636.71497093597,5122.41716788884,1613.28243599979,29.5841893173466,32.3314054319682,0.778009960635334,0.938864002940749,30.1467336195702,18.3340927220397,0.00581074607654525,0.00486021013265899,1.54151621507194e-05,0.00125501561038239,0.0130950259507455,6.69518178205221e-05,5.72479752668304e-05,1.52618459631187e-09,1.48754014228409e-05,0.000144751312976921,-382.198826683856,0.114022098262291,0.093855930806471,0.995,0.610027537012508
"quadratic",200,"stan",188,224.705,8124.45451497109,7625.10949179542,234.435970053311,262.812791599581,8628.13856783584,2579.91699025749,5122.18111113904,1772.42955252436,36.1560913863558,33.9338665886181,1.0433055341595,1.16959031441036,38.3976260779059,22.795136339374,0.0049822709763396,0.00424496083663828,8.82748992654607e-06,0.00120697098117117,0.0107125082390962,5.73360569252007e-05,5.04141103152183e-05,1.02050026892852e-09,1.40008253988981e-05,0.000119401046142832,-386.955500105932,0.117509641825967,0.0951387358059257,0.995,0.587171831170568
"quadratic",200,"stan",189,340.112,7922.88373246517,7638.39760103931,232.685035524789,240.417719213424,8939.48683838638,3207.92502463226,4654.7736822276,1284.21901451515,23.2949255905854,22.4584772105639,0.684142386992488,0.706878084905631,26.2839501058074,13.6860024998459,0.00501268334537547,0.00436163056704304,8.2513301778443e-06,0.00113070569804635,0.0104498752726453,6.11074013638046e-05,5.29492826882587e-05,1.30063711283681e-09,1.25927446933106e-05,0.000129411712661685,-377.677829380742,0.119589242582288,0.0907263305245988,1,0.595611535016507
"quadratic",200,"stan",18,346.045,9467.49877586194,7335.43101870909,177.030838589622,169.142781103166,9107.11485273057,1714.86063854441,4637.38293927256,873.976010224876,27.3591549534365,21.1979107304226,0.511583287114746,0.488788397760886,26.3177183682197,13.4010979475865,0.00638437610180283,0.00522311130891336,1.75882120673375e-05,0.00125218285689083,0.014709188547183,5.85837685656812e-05,4.87392901119218e-05,1.52036549581738e-09,1.17136516495094e-05,0.000131387935746715,-397.971093906203,0.154505508098368,0.120053353293839,0.98,0.620063283968429
"quadratic",200,"stan",190,302.797,10596.4038266644,11238.4151380785,262.570816821886,246.227965815679,9374.6816882303,4147.06529673101,6242.45391148015,1715.26458217109,34.9950753364942,37.1153450598207,0.867151315309882,0.813178353205874,30.9602858952708,20.6159701432978,0.0048509868645542,0.00432654912105615,6.3382503769784e-06,0.00129994397690021,0.0094990920959013,5.41149168631642e-05,4.63849313781366e-05,1.04690861710479e-09,1.35183957001964e-05,0.000113629386980282,-375.055405894809,0.115084508366018,0.0883546291566683,0.995,0.58650216451821
"quadratic",200,"stan",191,317.046,7633.77079362221,6670.2797404745,261.296465759434,251.799198854119,9414.81939283848,3947.19969515535,7215.32514070243,1792.44285808527,24.0778019392208,21.038838971236,0.824159477676534,0.794203992020461,29.6954366017502,22.7579756272037,0.00400545780755278,0.00351985568282197,4.50753281279508e-06,0.00103435960115327,0.00812620018099328,4.52469737187042e-05,3.89193345330908e-05,7.06639839796669e-10,9.43136590205613e-06,9.40091182645815e-05,-386.726317919285,0.155518030399868,0.123089366413536,0.88,0.571429402417203
"quadratic",200,"stan",192,308.875,9684.90672055746,9382.73803419146,219.419070529004,184.299185289182,8695.93358536429,2110.20674181851,4746.39755483035,756.047663487029,31.3554244291622,30.3771364927283,0.710381450518831,0.596678867791768,28.1535688720819,15.3667261993698,0.00574841413887662,0.00495729111888526,1.14901191922781e-05,0.000969193096672708,0.0123182769008346,7.3771570528362e-05,6.02147715518958e-05,2.49969637410057e-09,1.36704321193189e-05,0.000168603909211032,-373.104782407476,0.15559322685001,0.124221236262108,1,0.610406826103201
"quadratic",200,"stan",193,253.233,3221.77646164018,2031.48426931138,297.715388826359,207.635430578917,8618.38898196463,3392.41372805703,5972.59074146471,1297.10348877824,12.7225774746584,8.02219406361484,1.17565794673822,0.819938280472596,34.0334355394622,23.5853571274862,0.00475815200557594,0.00402656209637147,8.12260628963264e-06,0.00115161483831409,0.0103178542689305,6.01892834138563e-05,4.95256904302452e-05,1.55671153781691e-09,1.22096343604947e-05,0.000138558530869393,-379.367984037862,0.148443114671477,0.12766091278874,0.955,0.598750463310603
"quadratic",200,"stan",194,253.843,8317.12836410593,7350.69310241074,214.81679142453,79.0781114061527,9075.89117537648,3637.66096384407,5439.58243618542,1560.58244022278,32.7648521491864,28.9576356346669,0.84625848033836,0.311523703258127,35.7539549066804,21.4289243200932,0.00424540857779907,0.00356348497336563,6.35010054018267e-06,0.00097185316829433,0.00917788262271027,5.18175489330056e-05,4.5073246921581e-05,8.25288109516838e-10,1.17525205795909e-05,0.000108767986877281,-394.258954111062,0.0979167909909723,0.0837649439302852,1,0.567579509865959
"quadratic",200,"stan",195,258.731,8676.81978793906,7923.8625141509,236.185419246145,159.594756834463,7949.85014405079,1358.50491726532,4536.36424797947,889.995946422176,33.5360655968518,30.625872099404,0.912860922139773,0.616836625044788,30.726314759541,17.5331299611545,0.00613523992415065,0.00515000205903346,1.44484428400313e-05,0.00116686475022863,0.0134486958549306,5.4509733860346e-05,4.33867890702323e-05,1.51373130890174e-09,1.04393244511438e-05,0.000129839649731219,-386.075717068186,0.106973677296338,0.0813847239216692,1,0.602784565802429
"quadratic",200,"stan",196,310.578,9597.07547022845,8080.74852774052,352.033111912321,298.211957412879,9821.94990951451,5524.28127562774,7206.58895492184,2359.7733587161,30.9006931277439,26.0184189728201,1.1334772968862,0.960183778029606,31.6247445392607,23.203797290606,0.00415336657001217,0.00365584939424412,4.53077264874641e-06,0.00123120187354542,0.00852151432652879,4.87906221999392e-05,4.31086329553699e-05,5.99833920711735e-10,1.35328514792845e-05,9.80801088137783e-05,-377.391074400087,0.10494652315157,0.0802928507279093,1,0.569145346426344
"quadratic",200,"stan",197,253.949,9057.93792167889,8151.29680553466,224.41958813692,198.605058632008,8390.25804293445,1993.26562191103,4143.09446531156,703.853227902956,35.668334672233,32.0981646138975,0.883719125245303,0.782066708795892,33.0391458242972,16.3146713131832,0.0064450547403878,0.00551737972076859,1.35421017241636e-05,0.00136522179255721,0.0137011622902248,6.97313744357806e-05,5.76998305154842e-05,2.09013229873619e-09,1.34983176620125e-05,0.000161773242752917,-377.715675795189,0.131323214258598,0.0963320709084935,0.965,0.616554528302766
"quadratic",200,"stan",198,272.945,6938.99383011976,3969.29462494776,239.529698681807,245.284425501501,8932.94980015961,2145.42247350083,5422.00210499027,1906.83679247425,25.4226816029594,14.5424705524841,0.877574964486642,0.898658797565447,32.7280213968368,19.864815640478,0.00522869059592271,0.00450819895317593,9.41471123073515e-06,0.00123905121707942,0.0113485257391818,5.51857670586066e-05,4.54883346965526e-05,1.26692391221907e-09,1.22433431503668e-05,0.000123443197682795,-405.395996268762,0.101275317796649,0.081187305040407,0.995,0.582678949750689
"quadratic",200,"stan",199,266.162,8629.00565320644,7141.62381900133,225.962303229123,98.2682009143233,8556.7686371177,2476.21434455386,5594.31096657069,574.532518236339,32.4201262885252,26.8318686326423,0.848965303946931,0.369204472893664,32.1487238490757,21.0184435290188,0.0053904573736849,0.00455097283829138,9.83201956967376e-06,0.00122495673075259,0.01145540268826,5.71186990587643e-05,4.74992144360156e-05,1.24740972354864e-09,1.28639350659261e-05,0.000129018374451844,-396.250704246805,0.106741805416663,0.0790940532805643,1,0.5994049726057
"quadratic",200,"stan",19,375.051,10166.4598237308,9781.20278505303,311.059326491528,192.679650400512,9131.67188173623,2161.36750825945,6095.38051513339,1432.93686882402,27.1068729952216,26.0796605929674,0.829378741801857,0.513742532083669,24.347813715298,16.2521377496218,0.00506921632779145,0.00435915385683268,8.26940831543575e-06,0.00106664194262199,0.0106919265018891,5.78161691632457e-05,4.71833933426198e-05,1.55285176966199e-09,1.26557341566371e-05,0.00013493072215119,-387.739791950679,0.157810047695292,0.141539751023728,1,0.595530613297995
"quadratic",200,"stan",1,343.58,8673.48583972936,5073.66449128001,242.30134691834,275.307891899525,9302.22984326273,3097.85450372381,6533.85536764231,1928.71993038204,25.2444433311874,14.767054226905,0.705225411602362,0.80129196082288,27.0744218035472,19.0169840143265,0.00490170696215067,0.00423332294881183,7.50004994347609e-06,0.00116023145217381,0.0102917978896441,4.17240086196711e-05,3.63578485808777e-05,4.76659923753878e-10,1.12816185983737e-05,8.57536503853768e-05,-369.893006127302,0.144865209693427,0.109571413659697,0.9,0.58447232479934
"quadratic",200,"stan",200,286.569,4512.54595732568,3407.37387266244,338.472791706359,315.497005504366,9519.23081027185,4300.07941385966,6877.39949455541,2095.46991220396,15.7468042856195,11.8902389046353,1.18112144616605,1.10094603918905,33.2179363792729,23.9991049086098,0.00476123664445682,0.00412203004050063,6.61708241217606e-06,0.00116477211098599,0.00985201583599302,5.5168420695106e-05,4.81637256750462e-05,9.24319761409584e-10,1.38139076746894e-05,0.000114199422363495,-383.513793995948,0.0698718152280705,0.0493777299869524,1,0.579598629759735
"quadratic",200,"stan",20,249.592,7269.79444184889,8317.66249131302,290.424594878213,225.244754225911,9242.00971035095,3247.07759396559,5443.48521956708,1518.82287964026,29.1267125622972,33.3250364246972,1.16359737042138,0.902451818271063,37.0284693033068,21.8095340378181,0.00510237840524654,0.00431517712750808,1.03835523711967e-05,0.00113777905606316,0.0109088920528026,5.45652524725428e-05,4.74583992556086e-05,9.46406658283324e-10,1.31008830945688e-05,0.000114105583013824,-392.382691283693,0.100014779768543,0.0857916048432388,1,0.581194596923409
"quadratic",200,"stan",21,372.149,10302.0193257083,11345.2981777881,269.848874814448,268.80491706239,9513.88304257935,6463.50797316863,5807.3010768875,1766.15439155926,27.6825124498743,30.4859026298288,0.725109767363201,0.722304552913995,25.5647147851515,15.6047741009314,0.00492414585914904,0.00426915150062844,7.22982864694807e-06,0.00120606968737379,0.0103094601765597,5.55066442936183e-05,4.78605312374656e-05,1.05290909239598e-09,1.17816754535589e-05,0.000116194983560758,-389.578711826256,0.0937358421991251,0.0809731282245462,1,0.580271801634069
"quadratic",200,"stan",22,293.863,7123.05083885684,6534.80062246794,319.303527047924,275.090055757526,9251.72601796129,6054.5921304419,7026.45941198286,1890.70227616667,24.239359289386,22.2375754091803,1.08657274664699,0.936116679396609,31.4831265520371,23.9106638535061,0.00398567039291906,0.00352959587893663,4.70344463180051e-06,0.00110322262720014,0.00783405501927027,5.02346568184625e-05,4.3451129751983e-05,7.73716161784323e-10,1.23163408595972e-05,0.000105294535079657,-391.328259947705,0.132053585035921,0.0960491434585588,0.975,0.557995252826902
"quadratic",200,"stan",23,314.943,8146.83230249511,7634.4174305982,319.63086997776,179.568202714241,8923.19464731251,2638.38512508872,5913.64063077248,1213.21540123401,25.867640501599,24.2406322115373,1.01488482035721,0.57016095837736,28.3327289297191,18.7768600374432,0.00513749064292942,0.00451591432152165,8.131626169891e-06,0.00117506173488564,0.0107050095340262,5.56392625245777e-05,4.59103471460364e-05,1.33720686442755e-09,1.2123385639669e-05,0.000122789946962586,-389.485139257087,0.123584236869801,0.0978731173577893,1,0.598095295509863
"quadratic",200,"stan",24,330.975,7626.59779812789,5760.65979585752,250.52253199553,292.409933154767,9607.32483170451,5366.70310345249,6363.1215980772,2384.60144998911,23.0428213554736,17.4051206159303,0.756922824973277,0.883480423460283,29.0273429464597,19.2253843887822,0.00410745289229938,0.00351737190149232,5.24617506033123e-06,0.00100462269748473,0.00867112482094095,6.46464900783115e-05,5.48852609109817e-05,1.55177999896003e-09,1.57515486411572e-05,0.000137747485514305,-384.351965870776,0.114280641774715,0.0942333974769205,1,0.575247882008017
"quadratic",200,"stan",25,292.626,9784.99055417912,7163.31697798412,342.000904285052,219.42762160499,8797.10774455223,3526.97285797683,5611.89291391223,1791.44009084252,33.4385548590321,24.479427590112,1.16873040770489,0.749856887648365,30.0626319758061,19.177697518034,0.00459879532822439,0.00400566282291076,6.43511369951703e-06,0.00116670767657827,0.00950050279747904,4.89473480089286e-05,4.13328710335136e-05,8.94158543211637e-10,1.02962253084045e-05,0.000107284935908707,-403.70706821952,0.172382534198257,0.149629579416854,0.94,0.564719167267884
"quadratic",200,"stan",26,318.855,9071.96608116131,6333.21127228004,215.197936182181,250.739213690042,8550.2251937033,2329.93017401573,5806.11242686748,1512.21554817215,28.4516977345857,19.8623552156311,0.674908457393427,0.786373786486153,26.8154025927249,18.209256329264,0.00588148415303333,0.00492923692085954,1.25817259523845e-05,0.00128913400199661,0.0129070228450619,4.67420361171961e-05,3.80462480150891e-05,1.04906490640269e-09,1.07979510791936e-05,0.000105658473095371,-386.214146818155,0.098661974572105,0.0858309382750985,1,0.598528814764843
"quadratic",200,"stan",27,356.266,5649.93520500443,4155.80318952514,275.373413120131,317.414466936044,9836.24938171935,4759.11288182246,6943.3752633438,2717.31172810206,15.858754989262,11.6648885650754,0.772943287094841,0.890947962859335,27.6092845843256,19.4893008688558,0.00437014376736178,0.00371510586881858,5.89808463393778e-06,0.00111373195616458,0.00942459991297345,4.90618769106621e-05,4.33068845932854e-05,6.48469581581777e-10,1.41066129791423e-05,9.96186569801989e-05,-387.904522330598,0.115430088295371,0.0823747190597922,1,0.570083140315737
"quadratic",200,"stan",28,359.641,6235.35140136429,4962.22662552958,153.728861166053,188.585594333256,8865.97703068556,2960.80509617045,5448.77005944137,1222.69462193276,17.3377101091486,13.797722243931,0.427450877864463,0.524371788347981,24.6522977933149,15.1505808832735,0.00543893796558515,0.00464291475121057,1.18170427502623e-05,0.00110518473003691,0.0120103483567999,5.93726730358449e-05,5.05618429243186e-05,1.27591402370447e-09,1.11041938681686e-05,0.000128619194075297,-383.336320089333,0.0959975156751304,0.0799334187969268,1,0.60530221363944
"quadratic",200,"stan",29,267.251,8504.12113148566,7237.04448013728,181.01925498172,198.834828456827,8653.2068096587,2612.42676775566,4417.2659448298,1118.02325695952,31.8207270748684,27.0795786737459,0.677337989312368,0.744000316020623,32.3785759816005,16.5285291536039,0.00549909767072349,0.00464971466685889,1.06977541994474e-05,0.00125680388488383,0.0120318317148566,5.20443375041908e-05,4.39430541049221e-05,1.04456862220381e-09,1.18650406514483e-05,0.000113979438568848,-394.394303852215,0.0988943140675099,0.0793511844746295,1,0.59136134623473
"quadratic",200,"stan",2,364.805,7626.07110282916,8351.79193913131,279.502310556318,282.742183876181,9593.78653438703,3139.94926078959,6123.07709644273,2072.02442710442,20.904513652031,22.8938527134532,0.766169078154954,0.775050188117436,26.2983964978195,16.7845207616199,0.00459367412687135,0.00395052677920454,6.56338845389125e-06,0.00118691552623741,0.00943632030020337,4.73570503337514e-05,3.92553771305576e-05,1.04994541865828e-09,1.15125883890751e-05,0.000105011659825577,-394.587999508355,0.140663549502379,0.109486365964196,0.995,0.562544301602967
"quadratic",200,"stan",30,286.194,5569.68393846748,4078.26989245459,186.350153800313,199.36233233246,8707.53948363409,3083.93925456876,5443.74984434384,1260.17633051192,19.4612183989444,14.2500188419554,0.651132287190901,0.696598574157601,30.4253041071235,19.0211878807517,0.00490434414458205,0.00415919246908993,8.6262973697447e-06,0.00106055769681479,0.0107851324013392,4.71896230949989e-05,3.89089435916962e-05,1.05967660625664e-09,1.11723515367209e-05,0.000103669169871286,-391.803179670339,0.121123472256129,0.0922387311230483,0.96,0.578574410529211
"quadratic",200,"stan",31,321.161,7464.68579317144,5876.89575977073,257.095201703387,267.013733110387,9044.88977924401,4409.00381484519,6601.18762038477,1987.76339473772,23.2428152645291,18.2989085218029,0.800518125499009,0.831401487448312,28.1631013082037,20.5541383305718,0.00464690195979365,0.0039204088565525,7.62354277889478e-06,0.00111076498846572,0.0102486929959024,4.37711508495947e-05,3.70797197033713e-05,6.35952899466487e-10,1.12561434110533e-05,9.27069331135859e-05,-381.155697861315,0.141648920879336,0.112826473930923,0.97,0.582353479048336
"quadratic",200,"stan",32,298.04,8666.36009331817,8570.37797257589,310.511150729252,242.088031690586,8803.89330878828,3238.48554042014,5545.44460855618,1310.84093644053,29.0778422135223,28.7557977874644,1.04184388246293,0.812266916154159,29.5393011300103,18.6063770250845,0.00478379679011329,0.00417830116148923,6.45444114217284e-06,0.00119056604074185,0.00992078847168415,5.30160406647295e-05,4.47357959623878e-05,9.7654687796452e-10,1.22772487169638e-05,0.000116209906518065,-390.525925487269,0.111070049378384,0.0819877684008996,1,0.574536485518085
"quadratic",200,"stan",33,229.888,8575.69010815512,8383.55910757311,296.584850749551,244.309027012865,9058.26061260208,2967.88467789438,6412.16053113049,2340.28258046086,37.3037744821614,36.4680153273468,1.29012758712743,1.06273066455345,39.4029293073239,27.8925412858892,0.00502988774456321,0.00426996270587473,8.66835826388469e-06,0.00119201150297083,0.0111771006545832,4.9856288673155e-05,4.34063270850668e-05,7.18661316021101e-10,1.15458443046821e-05,0.000102699982667069,-395.062900360345,0.0853411313746465,0.065813664798901,1,0.578234458807649
"quadratic",200,"stan",34,354.395,11116.3365749267,10246.3773036817,277.823548898561,243.317180314257,9607.66749155915,5267.80671099497,6860.33299462152,2018.25318803752,31.3670807289231,28.9123077461074,0.783937552444479,0.686570578914085,27.1100537297624,19.3578718509615,0.00408135701060384,0.00356726280395338,4.4974864359739e-06,0.00106237694425099,0.00831034019488412,4.76654801321958e-05,3.99718330136988e-05,8.24444908198348e-10,1.20902827517252e-05,0.000103701974996744,-381.302944824397,0.119220722210964,0.0881682363937584,0.975,0.568643948534301
"quadratic",200,"stan",35,258.774,7862.8657692475,7319.7321473883,292.893120619467,235.518804472077,8415.19382668505,3648.72253905335,4948.51250218568,1197.94516005539,30.3850687056949,28.2861962461001,1.13184910624509,0.910133183674084,32.5194719202279,19.1229122793854,0.00544913481559422,0.00457709125592767,1.08763197277081e-05,0.00119980416559313,0.0120104112765496,5.68362812196188e-05,4.81843576552136e-05,1.14997905738825e-09,1.38791975621527e-05,0.000123879344971526,-389.099886225167,0.117838365114833,0.102039051410021,1,0.595230938801696
"quadratic",200,"stan",36,280.16,3502.83924787141,1952.81088238564,219.041183131762,196.321400668456,7951.11757173604,1811.86213611911,4157.69528156525,945.323826276883,12.5029956020539,6.97034152764722,0.781843172229304,0.700747432425955,28.3806309670761,14.8404314733197,0.0058532089910721,0.0049459974524229,1.29731449901994e-05,0.0012271746151252,0.0127524054911263,8.55989657240122e-05,7.17684082930647e-05,3.02908006447809e-09,1.43035417981929e-05,0.000195667386159089,-384.828005575715,0.129457217890063,0.107476536539053,1,0.618594743001989
"quadratic",200,"stan",37,351.648,8553.86192784133,6703.15352717689,293.008771993508,247.191667356237,9377.4336829274,3680.40437780158,6119.39223498475,1826.4698468557,24.325069182368,19.0621119050212,0.833244528601066,0.702952006996305,26.6671037029285,17.402039070277,0.00517413862377689,0.00442259294326652,8.70924250744462e-06,0.00119339908655007,0.0111353935078173,5.4348334938339e-05,4.60081714596542e-05,1.05910073261831e-09,1.30707527821946e-05,0.000117567483381899,-368.11113067696,0.160236265341525,0.133106470222534,0.96,0.608324723537426
"quadratic",200,"stan",38,270.282,8342.35121523882,7174.05456237393,192.282632946192,268.749062282548,8776.68147123283,3530.1801299489,5998.14036696173,1752.47861374403,30.8653599397623,26.5428499210969,0.711414866495703,0.994328376593885,32.4723121452144,22.1921562181785,0.00481775964254625,0.00411586745811314,7.32730152854341e-06,0.00110935802792602,0.0103247120581685,4.23606882526421e-05,3.61754665995469e-05,5.82558491007257e-10,9.57137416348958e-06,9.03932904671409e-05,-395.965502816005,0.133127815359921,0.106219884967809,1,0.576996657570573
"quadratic",200,"stan",39,358.805,7699.94115193631,5347.39656146052,137.737458088699,289.958905168775,8742.91163196514,1223.30675276168,5133.26500221723,1048.784086899,21.4599605689339,14.9033501803501,0.383878312979749,0.808123925722258,24.3667497163226,14.3065592793223,0.00653753002188265,0.00546201870294077,1.7106724380545e-05,0.00131014212682088,0.014296183630745,5.04907696547726e-05,4.30882099746647e-05,9.34686788883878e-10,1.07492897839849e-05,0.000108830660564307,-394.660571030783,0.105312216078898,0.0821716184556558,1,0.620254584535279
"quadratic",200,"stan",3,291.093,6309.44084109435,3728.35896061224,198.752349603151,178.780353268473,8594.52661766773,1902.35882303467,3767.2793598815,824.930211591709,21.6750002270558,12.808136783132,0.682779557059604,0.614169194272872,29.525019899715,12.9418411294037,0.00586955308521078,0.0047644729281832,1.44136501915987e-05,0.00119940530069186,0.0134094329469952,7.28200257702228e-05,6.09460580964768e-05,2.22875126012296e-09,1.54921653048348e-05,0.00015969929429799,-385.971163258316,0.181861253276078,0.155171768797851,0.965,0.615653037697751
"quadratic",200,"stan",40,331.603,4582.4172751565,3031.63687596014,253.109538143744,172.313513652909,9128.32397385211,2594.48931794619,5930.73791797867,1235.09485764755,13.8189861827441,9.14236866361323,0.763290857271328,0.519637981721846,27.5278690900025,17.8850550748295,0.00473828376624845,0.00404299357607883,7.36415059630314e-06,0.00125354361040265,0.01040557914013,5.97448678927469e-05,5.08309012006254e-05,1.30966437659775e-09,1.31715565363822e-05,0.000128373297713738,-388.628051847589,0.17381355181538,0.136888366804831,0.925,0.587231546114013
"quadratic",200,"stan",41,320.142,8087.78003235293,7038.49276993413,295.453510544255,257.289866508257,9305.6699787018,4099.26724990353,6125.90161197898,2112.65114031956,25.2631020995462,21.9855338254091,0.922882691256551,0.803674202410984,29.0673200601664,19.1349514027493,0.00429243944862752,0.00375873742067576,5.18750618627963e-06,0.00113011268540824,0.00899698983561937,4.59215456200103e-05,3.93183329439297e-05,6.72309973626001e-10,1.14123106692181e-05,9.59544986640756e-05,-379.519510146048,0.125474131654574,0.103006386235195,0.99,0.563451455387176
"quadratic",200,"stan",42,313.558,9223.65122740939,10011.8896759453,265.409335829263,229.656007454877,8502.56145902691,3401.27089188116,6659.90937586894,1659.24745939528,29.4160928039131,31.9299449414312,0.846444153328133,0.732419544246604,27.1163914141145,21.2398005340924,0.00474192086065208,0.00413971689319643,6.63310257702966e-06,0.00118175314086462,0.00982426225389614,5.66855813753702e-05,4.75405934887941e-05,1.40115206089584e-09,1.13031839695673e-05,0.000123261342204353,-373.26450062974,0.10770954611976,0.0878491901839238,1,0.585309674663684
"quadratic",200,"stan",43,338.854,8724.38149212317,8586.34836633834,202.678734262464,262.5443196002,9625.18332906747,3435.58467126926,6033.97465023534,1883.76385570077,25.7467271808011,25.3393743805248,0.598129974155429,0.774800709450678,28.405104644087,17.8070043447483,0.00481857807580366,0.00420417698315684,6.75358919625535e-06,0.00124282809913668,0.0099840862894045,4.59509489547203e-05,3.93083439879039e-05,6.98780023698499e-10,1.05717351363433e-05,9.90053161836924e-05,-390.527410919835,0.118981509959835,0.092445516061672,1,0.577901581706391
"quadratic",200,"stan",44,362.144,8293.89053676563,6589.58922010604,211.857815108113,232.033976433927,8818.14714432058,2406.03716755631,5791.22402625761,1350.9078177475,22.9021895620682,18.1960469319001,0.585009872062253,0.640722962230291,24.3498363753661,15.9914951683795,0.00568939452093021,0.00482091609830594,1.0956265959471e-05,0.00114615779258932,0.0124105091588371,5.49796543964882e-05,4.7112816686201e-05,9.2610479529455e-10,1.40246253934865e-05,0.00011515541970709,-390.937852342876,0.112943863090144,0.0869833266285573,1,0.609557615918412
"quadratic",200,"stan",45,369.171,7134.04399065886,5855.36332873676,246.308298295052,280.657538024881,9106.94342983711,1534.71074086198,5544.62269559046,1400.01973881181,19.3244972943673,15.8608431559813,0.667192976412155,0.760237228885477,24.6686316905638,15.0191176868997,0.0059128125514012,0.00490112395774828,1.35559465606939e-05,0.00123727349909683,0.0134791390885924,4.81143218694143e-05,3.98302408829387e-05,8.90898719295064e-10,1.07771339023206e-05,0.000105743544801808,-392.93283250247,0.126074391799116,0.0953709428279283,0.995,0.60248247209966
"quadratic",200,"stan",46,302.324,4173.22488114743,2414.05284470434,249.559529056497,270.838175870367,8222.53779483109,2884.10755508997,5355.25514672035,1430.64318019842,13.8038160422177,7.98498579240926,0.825470452416932,0.895854036961559,27.1977672789163,17.7136289104416,0.0056007656626565,0.00467074544745829,1.28640212307246e-05,0.00108488288639046,0.0124842653263645,6.26647158476743e-05,5.33612495742616e-05,1.33623433780329e-09,1.36851251764829e-05,0.000136512135642136,-394.256521407738,0.0957270017411909,0.074849877070227,1,0.590076563667915
"quadratic",200,"stan",47,290.121,9019.58007038395,8284.58909486959,201.252131144046,206.488588805074,8722.23476757308,2594.23246297433,4769.09608876584,1318.80830360451,31.0890286135232,28.5556340108768,0.693683432581736,0.711732652255693,30.0641276142474,16.4383001877349,0.00576562071019627,0.00489371470331883,1.16541098706852e-05,0.0011081711604415,0.0124329034013548,6.02947857984058e-05,4.94696750651782e-05,2.41182719964674e-09,1.24773172510831e-05,0.000128844623903777,-412.173383742758,0.149775171813637,0.11977284273039,0.935,0.59071833692198
"quadratic",200,"stan",48,317.371,9727.04236324603,8681.18790794421,143.700079242935,261.346426336736,9474.38387547782,2786.74030576448,6882.13919865648,2100.88368645806,30.6488064859298,27.3534377997492,0.452782640011014,0.82347292706875,29.8527082672261,21.6848395053628,0.00464926502245881,0.00408218651529282,5.94712944394388e-06,0.00120827512992527,0.00943204893439903,5.88956038195365e-05,5.11207249179631e-05,1.04133442756473e-09,1.55761039542683e-05,0.000120026929113448,-394.089916951452,0.11077822233872,0.0908280323780138,1,0.579749356176725
"quadratic",200,"stan",49,299.623,9734.29637188746,9764.19211924571,354.067203524389,336.136606572251,9595.17592097454,5153.13376881149,7569.71647094706,3798.8772367072,32.4884817650429,32.5882596437714,1.18170902609075,1.12186516579919,32.0241634352988,25.264136835113,0.00364211573304624,0.00320004707867886,3.36594813666484e-06,0.00108378912258092,0.00720452609140891,3.70961525939232e-05,3.25693205175685e-05,3.67088474344449e-10,9.92366835360465e-06,7.58197038136454e-05,-384.639731732043,0.198258307073549,0.162747792390431,0.88,0.53862069952971
"quadratic",200,"stan",4,318.596,8790.341598818,7050.95119539962,283.785242523952,215.960541455576,8999.62386751853,3527.95809853909,4694.39662627122,1132.17469073352,27.590872449177,22.1313236682181,0.89073699143728,0.677850762268128,28.2477616401917,14.7346376799182,0.00580191794999982,0.00499914018849489,1.05423096222575e-05,0.00127189827677839,0.0123807051636513,6.08130860984756e-05,5.02128520745727e-05,1.66959728215284e-09,1.17912397132425e-05,0.000145310600695893,-387.933685627708,0.128459589341712,0.105637460094408,1,0.60277886685797
"quadratic",200,"stan",50,344.235,8719.81618389571,8379.8897370385,192.777322864218,273.010672788885,9662.52056630443,3955.65897213879,5871.53239827881,1214.60262354037,25.3309982537967,24.3435145671954,0.560016624876082,0.793093882925573,28.0695471590757,17.0567559901777,0.00473050725624306,0.00400300714013148,7.29050676569115e-06,0.00109126057453588,0.0100667464662019,5.07481875225323e-05,4.2013463346891e-05,1.04043555889161e-09,1.27864426537983e-05,0.000117844953682897,-395.504054982928,0.0888901854276366,0.0681240705511685,1,0.574210995142103
"quadratic",200,"stan",51,287.384,8074.11590619511,7639.2251079837,167.243473672713,191.84076781691,8070.38172367882,1130.00188453485,3974.82793638784,1143.61553132195,28.0952172222361,26.5819430030332,0.581951234838102,0.667541574398399,28.082223518633,13.8310690100626,0.0077852030888816,0.00637567783404128,2.75769628335241e-05,0.00135268057573835,0.0177609185330658,5.26680449339775e-05,4.51676742312061e-05,8.78599293308207e-10,1.20757681044773e-05,0.000113538686936149,-388.992065370008,0.122495687942511,0.105563619744127,1,0.649405820174166
"quadratic",200,"stan",52,240.622,7957.45969635853,4289.83381096219,161.646542857427,126.657313209564,8142.13441860417,1466.22146892689,4403.61374356573,814.865016917202,33.0703746804471,17.8281030452834,0.67178621596291,0.526374617489524,33.837863614317,18.3009606086132,0.00692139837643084,0.00600858037613681,1.5386137448229e-05,0.00137673638237615,0.0146208499212583,6.30140294168762e-05,5.47927247236634e-05,1.33503871018182e-09,1.2846852118135e-05,0.0001354320958253,-389.773310887613,0.113669997129762,0.0975986383519952,1,0.627583456086414
"quadratic",200,"stan",53,242.954,5573.48766584241,2896.67220660467,248.244801877307,172.969432834368,8420.93276308574,2191.34200636531,5030.35316386804,828.340968842568,22.9405058811232,11.922718731137,1.02177696962103,0.711943136702288,34.6606055594299,20.7049612843091,0.0064031968881142,0.00557788983967035,1.30537977320521e-05,0.00140391237691577,0.0138208205972452,5.54184826353271e-05,4.65989362946687e-05,1.14649438391902e-09,1.06408739355482e-05,0.00012077263057228,-397.61173678758,0.0856413377859,0.0675448857770271,1,0.616397781819868
"quadratic",200,"stan",54,279.097,8093.51162225892,5800.38101861308,175.013634309978,259.450236931844,8652.83943610217,1895.76386344693,6371.47089125913,2175.00165299705,28.998920168468,20.7826706077567,0.62707099793254,0.929605968290037,31.0029826049803,22.8288763091654,0.00566442451045336,0.00482111778761196,1.15077941904299e-05,0.00122549900113186,0.0123330343769132,4.1867313543803e-05,3.60063194822714e-05,5.00539074077633e-10,1.06666932555579e-05,8.66301549746945e-05,-389.74820369728,0.106069496983603,0.0937382714140711,1,0.587215840648608
"quadratic",200,"stan",55,279.438,8641.60067608827,7525.23732438303,207.46929296067,228.50831834991,9064.11635826219,1839.72280129441,5323.42402199453,1487.94153603071,30.9249303104383,26.929899742995,0.742451967737636,0.817742462907372,32.436949728606,19.0504656560472,0.00579921747958568,0.00497769029522674,1.14697495234377e-05,0.00142740367446164,0.0123734912782556,4.84620447007246e-05,4.02904698435245e-05,1.01704918910364e-09,1.16551626094669e-05,0.000109239917766888,-381.187807987012,0.108263410325272,0.0849308953259058,1,0.594770539953225
"quadratic",200,"stan",56,308.22,7731.9476438199,7921.66903586885,283.590813357096,220.127038196917,9166.77257877038,3116.00613614423,6194.84702075356,2094.14024112173,25.0858076822396,25.7013465572281,0.92009218531275,0.714188041648553,29.7410050573304,20.0987834039114,0.00471922946161829,0.00404290671311753,7.99164570540164e-06,0.00124535716413378,0.0098762905301213,4.68272957145973e-05,3.95871918990746e-05,9.34084041481386e-10,1.18412484490222e-05,9.87978256509235e-05,-400.039953989698,0.0909877157240717,0.067567438828603,1,0.574807604400109
"quadratic",200,"stan",57,276.238,5570.56379794734,3648.17387323876,143.089063808717,202.285676647759,9424.76038563445,2740.95777335425,5292.1729948054,1095.74086573988,20.1658128061575,13.2066329514359,0.517991962759348,0.732287652849207,34.1182617367431,19.1580195150754,0.0047242609934446,0.00400820824525283,7.82876337709843e-06,0.00108444870151491,0.00992541515575195,5.81908591340713e-05,4.95259715729973e-05,1.14203119414848e-09,1.26304948928002e-05,0.000126728147961621,-387.575177388032,0.112816147179267,0.0795452615598654,1,0.588532595523564
"quadratic",200,"stan",58,279.326,7521.86000798294,7076.33365675379,275.790522193169,330.139736009023,9435.34564711935,5505.07289127208,7068.1580238322,2933.12453217053,26.9286067461781,25.3336018013138,0.987342825920856,1.18191552526089,33.7789738410293,25.3043326572972,0.00400631705158094,0.0034314388629722,5.23269875638945e-06,0.000976610015718524,0.00839200534444107,4.68016313485243e-05,4.12650826979595e-05,6.12486633584546e-10,1.42768025145693e-05,9.27984384942832e-05,-377.917705109434,0.097074538605459,0.0747438186189996,0.995,0.562688650392944
"quadratic",200,"stan",59,273.583,9926.63715183793,9259.66107503325,207.066117205683,238.676786053022,8737.66594763007,2788.49201031449,5320.10919268348,1387.79179117135,36.2838230147265,33.8458934766899,0.756867631415997,0.872410880986837,31.9378979966959,19.4460518112729,0.0058268907394372,0.00492954187619702,1.23500264224054e-05,0.00131675125611273,0.0130965223134425,4.40675179843514e-05,3.6345574038143e-05,7.76781096123018e-10,1.03087363306088e-05,9.88696250561205e-05,-394.794199035897,0.118035070333223,0.0924978192866033,0.98,0.593592353388489
"quadratic",200,"stan",5,357.457,9847.42888065822,9529.52763779996,229.813834703888,246.824152596696,9521.66531753,3416.41939979475,6168.93997637915,1897.87443596872,27.5485691444236,26.6592279289536,0.64291323069317,0.690500263239203,26.6372327791315,17.2578519273064,0.00510472649082645,0.00433300123646776,9.43309450963319e-06,0.0012346614403794,0.0110503710027405,4.6257754178649e-05,3.88602938994148e-05,8.06197545623949e-10,1.07934741174362e-05,9.88417705599375e-05,-394.987993141739,0.111299245826527,0.0794901743623351,0.985,0.574549479031426
"quadratic",200,"stan",60,395.199,7375.54641979394,6699.36494422265,273.267368179534,250.63514889718,8064.99366908443,3058.15848343929,5441.87814701533,1918.81941083486,18.6628671119966,16.9518772674593,0.691467762265426,0.634199856014767,20.4074242826638,13.7699694255687,0.00512440703672901,0.00433302916671061,9.07269425416818e-06,0.00116240455395944,0.0108498662968051,5.61786085352872e-05,4.68436395367712e-05,1.26479883688925e-09,1.3717848604078e-05,0.000122314825386884,-384.272446918368,0.0987847191497414,0.0740343192793851,0.98,0.591720288974531
"quadratic",200,"stan",61,377.383,2758.43539553441,2059.37810749848,224.9841849705,180.949303065427,8400.93463124977,2701.38406000967,5364.59129327821,1107.30886739718,7.30937905399662,5.4569975528799,0.59616936897131,0.479484510604418,22.2610309188537,14.2152436471124,0.00513161319270079,0.00428967205965336,9.79563963903069e-06,0.00109666768010801,0.0113406540330836,6.63751767905437e-05,5.72854440893535e-05,1.57468638498894e-09,1.31170363843335e-05,0.0001432469497876,-383.977168762641,0.150892016501405,0.113261610038465,0.955,0.608364300244196
"quadratic",200,"stan",62,337.526,8427.29257968343,9996.01593315497,294.857301140131,240.540170733406,9648.32062587843,4287.44371472847,6271.93280197412,1465.03216031252,24.9678323438296,29.6155434934049,0.87358396431721,0.712656716026042,28.5854145336313,18.5820730905889,0.00478358159791525,0.00417784757462458,6.60802469136707e-06,0.00124728969651561,0.0101378344397041,4.87559334503076e-05,4.09208720111947e-05,1.11001665671336e-09,1.14280883095143e-05,0.00010040736967893,-386.62290392374,0.0953499705003232,0.0801538897087052,1,0.577235970008001
"quadratic",200,"stan",63,348.175,8806.78123900557,9228.37288330824,148.216814866496,227.919474266167,8821.38630420246,2352.71080999309,5198.5102493185,1418.90072670416,25.2941228951119,26.5049842272083,0.425696316124064,0.654611831022236,25.3360703789832,14.9307395686609,0.00573486945155725,0.0049056170514758,1.17819544625657e-05,0.00122963872708024,0.012352458363894,6.0571950525966e-05,5.01544751387844e-05,1.45027652245449e-09,1.27282784276604e-05,0.000137623134149618,-384.900845423936,0.112528424104898,0.0949025817992309,1,0.614084688976458
"quadratic",200,"stan",64,308.625,8452.92948116182,7410.28289408837,241.255086468142,219.092576646801,8923.64738870141,3365.86969366976,5515.91368708841,1183.50104103556,27.3889979138496,24.0106371618902,0.78170947417786,0.709898992780237,28.9142078208227,17.8725433360499,0.0054057741769288,0.00468092122224547,8.66287759912968e-06,0.00135499691065325,0.011177522974683,5.05153935602434e-05,4.16727321490652e-05,1.07257769710487e-09,9.76545240606851e-06,0.000113032289709133,-378.830228427061,0.117839611301497,0.086821384744483,0.97,0.587837226353055
"quadratic",200,"stan",65,310.344,9594.75741407711,9982.36897007514,226.583931967048,222.748207619757,8771.70697012824,2360.35929682228,5648.526935043,1107.22143722846,30.916523000532,32.1654969004561,0.730105727731317,0.717746138542252,28.2644644978741,18.2008575485365,0.00531824858874471,0.00441549038270609,1.13457308580143e-05,0.00119621744737097,0.0123137536020774,5.76855010088213e-05,4.79418121508985e-05,1.36073274124073e-09,1.41466429481568e-05,0.000125438743403524,-386.827931875204,0.122129436903265,0.0991697188772427,1,0.600797241797759
"quadratic",200,"stan",66,352.876,9524.87499493858,5987.83860234439,261.591109489995,273.29165665668,8827.41377660263,2726.6244189707,5448.05150394092,1718.78288916296,26.9921303657335,16.9686762555243,0.74131170578332,0.774469379205955,25.0156252525041,15.4389969959445,0.00583197524729669,0.00487915059341231,1.38549440086993e-05,0.00104438015983341,0.0129646489673432,4.55565186035171e-05,3.90415706471122e-05,6.41788634284748e-10,1.14671010668005e-05,9.72829516390929e-05,-396.143921241122,0.116629135427907,0.091688221425058,0.955,0.594320179843424
"quadratic",200,"stan",67,323.352,8011.87126354339,7603.83055587822,189.259232307773,226.542300283369,8959.99089281489,2761.11252302571,5890.46836502398,1033.01092612111,24.7775528326511,23.5156441150147,0.585304041130944,0.700605842188601,27.7097123036656,18.216891700141,0.00458670975303872,0.00380498194925627,9.1206691711265e-06,0.000978228682846077,0.0104222152538914,4.87745070530712e-05,4.2586924692559e-05,7.00138813345381e-10,1.18406898772793e-05,0.000100286250711949,-399.580081350248,0.113367244882553,0.0922375485386092,1,0.571586700494758
"quadratic",200,"stan",68,304.132,5477.81437612024,4540.53577050009,271.119078568344,286.290820282595,8910.69685251056,5489.77879521697,5802.43653239799,1753.81180569633,18.01130553878,14.9294903873979,0.891451996397432,0.941337380751106,29.2987809652077,19.0786781147593,0.00410212756553195,0.00350385432814724,5.25930060271848e-06,0.00109032884609652,0.00853183898038021,5.8914910097883e-05,5.21000122179834e-05,1.01622957719621e-09,1.37661312516477e-05,0.000121721378144484,-381.683433897314,0.0881454158259365,0.0619715658513731,1,0.573840643557966
"quadratic",200,"stan",69,359.503,8021.76644489332,8037.61276007271,231.162508952963,202.928902117405,9324.01067935967,2786.6892128724,5895.34147311955,1282.358921253,22.3134895811532,22.357567975991,0.64300578563451,0.564470677900894,25.9358355267124,16.3985876977926,0.00467012006714507,0.00400904896128271,7.14312406309735e-06,0.00109472348910317,0.0102379050133836,4.41803735035154e-05,3.74649257163424e-05,7.56056175329577e-10,1.02666157666989e-05,9.37967071878519e-05,-382.377663035072,0.153857703454382,0.121349007931151,0.97,0.584123133312563
"quadratic",200,"stan",6,260.94,8896.00889870258,8495.65191095212,216.510924395646,205.801784755179,8537.45022066017,2673.7146263391,4778.46674097902,1013.91231980423,34.092162561135,32.557875032391,0.829734515197542,0.788693894210083,32.7180586366987,18.3125114623248,0.00543048451649311,0.00473415700582537,9.20499207465776e-06,0.00114137550610943,0.0113649557305306,6.59853191407824e-05,5.67978505546065e-05,1.49677562005368e-09,1.29885485054135e-05,0.000141069096049492,-392.188830660818,0.149027459218948,0.104139608261609,0.935,0.601700394286428
"quadratic",200,"stan",70,251.446,9549.40501511683,9507.82559631984,279.731254711497,287.018919711042,8778.95075792647,2661.54270751725,6615.25169161394,1692.91358308397,37.9779555654766,37.812594339619,1.11249037451977,1.14147339671756,34.9138612581885,26.308836456392,0.00457146058176926,0.00410445001231344,5.34914905014731e-06,0.00114413754822419,0.00911571256343765,5.63182675373022e-05,4.92900409589572e-05,9.03510758392291e-10,1.34132901124964e-05,0.000116593757562153,-392.281451804454,0.153960189089585,0.122836963171633,0.995,0.590870617562047
"quadratic",200,"stan",71,331.653,7510.26935993255,3290.05150806122,297.776360924028,327.819379782204,9561.58098048694,3393.62082283782,6283.71644148133,2312.95291338952,22.6449613298615,9.92016206113383,0.89785517068752,0.988440869771128,28.8300753513067,18.9466594346541,0.00475721253789584,0.0039592414655943,8.20068264872938e-06,0.00120516025378109,0.0107276804313296,4.95631566074955e-05,4.32850518288765e-05,7.24782928523712e-10,1.11287276580536e-05,0.000102004288333731,-392.095430063435,0.135568549637622,0.107765109135687,0.91,0.575603874402603
"quadratic",200,"stan",72,359.412,6074.82605119602,5001.64554063486,257.759436316277,237.808587887851,9725.96302208888,3314.83238460751,6390.49006716674,2275.11840026996,16.9021236107754,13.9161896114622,0.71716981157078,0.66166012233273,27.0607631968017,17.7804026219679,0.00467604974856455,0.00388732917366106,7.88451980324777e-06,0.00111519015351674,0.0105191600577706,4.65153519392472e-05,3.97222830266576e-05,7.67211107516898e-10,9.55994377802906e-06,9.76187041109215e-05,-394.548130585677,0.0926195057992014,0.0763046312484114,1,0.575766581881552
"quadratic",200,"stan",73,319.195,7712.13037067213,7626.10169282952,206.814781277867,209.62277343915,8917.09176773984,4080.92914242112,5304.39751831437,1106.33866328414,24.1611878966529,23.8916702731231,0.647926130665789,0.656723236388886,27.9361887490087,16.6180470192653,0.00490934521792624,0.00419706774655053,8.22759805111638e-06,0.00102845459008053,0.0105908678305136,5.82245387904792e-05,4.91476230548898e-05,1.44876222863292e-09,1.16552516055829e-05,0.000126173153463531,-389.362135162177,0.117300168134595,0.0932555815107507,1,0.584137013669094
"quadratic",200,"stan",74,295.177,7089.79535133201,6356.74149189235,289.102324837268,286.453354300501,8902.49008605959,4617.6791847758,6652.69169065093,1781.25753060296,24.0187933048036,21.5353550306845,0.979420228667098,0.970446052031497,30.1598365931613,22.5379744717608,0.00465752019959276,0.00405706571615446,6.33688784145342e-06,0.00115134308786147,0.00963825227638486,5.19400173225384e-05,4.49807965884552e-05,8.12557084821209e-10,1.37839817993943e-05,0.000109857875893863,-400.434242359507,0.0806070943048594,0.0668652826327218,1,0.583784780895101
"quadratic",200,"stan",75,325.328,7676.33329054314,4531.15887356201,204.811176217756,225.739684361671,8452.21880972744,2113.01576649646,4313.11973906924,917.375956033928,23.5956735680394,13.9279707666171,0.629552870388518,0.693883355756869,25.9806066791897,13.2577575218525,0.00664481418730825,0.00567340523089063,1.71059717764685e-05,0.00138653877431695,0.0145767351744475,5.53969852790505e-05,4.6541496586398e-05,1.18285136429252e-09,1.12163444890721e-05,0.00012364099801961,-396.633917512226,0.10026238942962,0.0843660609451799,1,0.622747084230374
"quadratic",200,"stan",76,360.769,8830.49129250683,6117.32437500299,238.255722053301,289.216369609772,9076.4613058199,3133.79622084899,6599.96251546366,1553.55236855826,24.4768571925715,16.956347066968,0.660410739429667,0.801666356061002,25.158650842561,18.2941508706781,0.0045535110944408,0.00379405657027345,7.63920116235238e-06,0.00105924225083172,0.0102701303281278,4.37171241061194e-05,3.66439136444825e-05,6.97033299373464e-10,9.86750689938096e-06,9.74861688325562e-05,-397.554590237091,0.131890117171113,0.111101335208541,0.98,0.566249109262835
"quadratic",200,"stan",77,292.449,9023.94406446397,8676.16200337349,225.70478549928,256.215541036272,8719.79192464046,2661.79106501745,5393.18782766072,2049.41300846019,30.8564709213024,29.6672650731358,0.771774858177939,0.876103324122402,29.8164532094159,18.4414644182771,0.00472436242872849,0.00410233346044562,7.54862032812648e-06,0.00113027797051359,0.0100577992456825,4.95900228258275e-05,4.19697610872249e-05,8.97765535335629e-10,1.14186699012583e-05,0.000109612202215222,-385.864654532617,0.081381833154447,0.0617240059567137,1,0.579146658906302
"quadratic",200,"stan",78,280.276,6366.72310681597,3930.85629617157,177.024715367457,174.126022589451,8067.4271045244,1545.05749201294,4617.65516512984,1112.73970480413,22.715905417574,14.0249478948307,0.631608540750749,0.621266261076408,28.7838669901254,16.4753855668335,0.0061150966281554,0.00523152986825725,1.34081525852902e-05,0.00116693939805878,0.0132933846859663,5.47336826408932e-05,4.56342864237539e-05,1.14303525975506e-09,1.2002814629375e-05,0.000118087604284486,-386.633589035847,0.111376807350861,0.0837320154311939,1,0.609303525230491
"quadratic",200,"stan",79,310.911,9156.53678208365,8345.48329717448,314.965862474079,328.255591761958,9545.14959791071,3569.61997214416,7135.12416082113,3017.23696654398,29.4506684616616,26.8420329199497,1.0130418752443,1.05578635610177,30.7005850481672,22.9490888415692,0.00410426908279511,0.00354689920524245,5.04153199154325e-06,0.00101960991557783,0.00850215779377653,4.93220517733437e-05,4.2874447568661e-05,7.19356547667903e-10,1.37652181344646e-05,0.000102616832883473,-383.576623090491,0.125265297158707,0.0891196420824918,0.975,0.568880870496551
"quadratic",200,"stan",7,316.705,7925.94135448607,7502.65360319864,265.219977079206,262.155808559207,9079.20991739603,3227.5136338584,6435.4651289887,1502.40012947384,25.026258993341,23.6897226226256,0.837435395965351,0.82776024552567,28.6677189100142,20.3200616630262,0.00437973214400156,0.00384741565229313,4.92523453362494e-06,0.00129929751188463,0.00899256086149711,4.99294709037038e-05,4.18470159328388e-05,9.30701014287594e-10,1.19264127962125e-05,0.000108781218179314,-390.587067113713,0.117838599166228,0.0857325210019518,0.95,0.566650626950887
"quadratic",200,"stan",80,336.363,3646.22767746502,2730.61027604509,253.756312743627,243.738621634787,8772.85870392198,2147.62768866105,6086.57123200966,1864.61787070126,10.8401568468144,8.11804590886955,0.75441208677419,0.724629705510972,26.0815211658892,18.0952460050887,0.00533346192912827,0.00447914211151748,1.0210525398534e-05,0.00112888154806344,0.0118309324025744,5.57581001946898e-05,4.6821486856219e-05,1.24335348910712e-09,1.2099354777887e-05,0.000122583830359813,-389.385348681603,0.11700560176076,0.099368262569841,1,0.594415658648382
"quadratic",200,"stan",81,260.615,4535.08594768992,4396.38703116605,244.457818660245,248.547955485485,8204.07866789983,2339.88803522421,5484.72097497812,1556.789910043,17.4014770741896,16.8692785571285,0.938003640083052,0.953697812810025,31.4796871549981,21.0453004430985,0.00621437596543393,0.0053814900529074,1.30069097816408e-05,0.0011436983639847,0.0131669111497969,6.19039317463354e-05,5.22642146120924e-05,1.47913716712723e-09,1.4174437494904e-05,0.000132442054169405,-384.16509537174,0.0889047069283927,0.070432062903395,1,0.612168073229236
"quadratic",200,"stan",82,270.087,9822.64633315892,7958.08973539425,254.641655733279,189.783823456898,8860.48260341243,2937.61520847543,6193.59395606189,1431.01179726431,36.3684528805863,29.4649121779065,0.942813448012228,0.702676631814557,32.80603140252,22.9318477233702,0.0047138578320694,0.00408467310198206,7.0003590393407e-06,0.00114203823311175,0.0100535480863985,5.66795659355088e-05,4.7391372963998e-05,1.30656757234919e-09,1.10889870061339e-05,0.000125268127071844,-374.682502344429,0.130283333616805,0.106587530848424,0.97,0.577592605627749
"quadratic",200,"stan",83,289.982,8517.56941185949,6998.68291465144,256.514064933179,299.748053852269,9484.78787067159,4284.56976654659,6673.69108201539,1926.4943178508,29.3727521427519,24.1348873883601,0.884586163738368,1.03367813813364,32.7081952351235,23.0141563338945,0.00421079872070859,0.00371343879657194,4.85690997996793e-06,0.00107540543960076,0.00848054149588992,5.52574941902831e-05,4.77190813901221e-05,9.80963033862117e-10,1.24926719170249e-05,0.000115197411876266,-382.342150789676,0.08085134167698,0.0660196353015989,1,0.57211571176301
"quadratic",200,"stan",84,275.996,8154.1729938407,5903.42617136661,305.044687657129,224.198976646975,9601.09057010668,3927.6932443516,6445.94451198164,2108.45529986407,29.5445332317885,21.3895352518392,1.10525039369096,0.812326905632601,34.7870641969691,23.3552099015263,0.00437524929250636,0.00380922562983222,5.35925828422908e-06,0.0011895369888415,0.00895238095122465,4.77017856007429e-05,4.22742349873338e-05,6.53307374506388e-10,1.24716649165964e-05,9.59530694254879e-05,-392.047691219849,0.1089104319942,0.0871868876632115,1,0.561148856090047
"quadratic",200,"stan",85,239.903,5350.8371462798,4534.42822265747,257.412776571943,294.171245629113,8782.15608820097,4146.49505773829,6141.88124923949,2674.04502951269,22.3041693779561,18.9010901183289,1.07298690125568,1.22620911630581,36.6071124087692,25.6015191524887,0.00454408361766767,0.00392369637270479,6.76652615392353e-06,0.00102429764928667,0.00972678447789487,4.86110364611277e-05,4.18575432763474e-05,7.49633671029862e-10,1.26015226530733e-05,0.000101718916530185,-382.324609639271,0.0991318356534819,0.081170810492352,0.985,0.576358965340916
"quadratic",200,"stan",86,253.465,4652.08330888029,2493.52058348981,203.319694688858,302.863576524348,8333.67029745327,2723.46356770197,5758.96282372266,1648.54397510738,18.3539475228544,9.83773137707303,0.802160829656394,1.19489308789911,32.8789785471496,22.7209390792522,0.00544591776289404,0.00461108786028475,1.06124270241153e-05,0.00107092900819523,0.0117930830603232,4.63304151712961e-05,3.95572655262485e-05,7.06015994740878e-10,1.21338929539278e-05,9.68681910864592e-05,-411.632371945352,0.152288555144216,0.131617787613143,0.96,0.583142316624385
"quadratic",200,"stan",87,275.767,7735.79819092527,4171.38437943929,201.202765464531,294.655180835341,8751.29510630015,2811.85569220723,5726.14546915177,1426.43894873863,28.0519358404932,15.1264813390989,0.729611467160795,1.06849326001784,31.7343812214665,20.7644332684903,0.00547387374937398,0.0046172606685307,1.07776481664721e-05,0.00118800627153404,0.0121557618787237,5.56965916578673e-05,4.7551383120335e-05,1.11728236422512e-09,1.36341506715631e-05,0.000117718981343138,-397.838867639612,0.100496552992457,0.0756162362491826,1,0.596102027045474
"quadratic",200,"stan",88,231.874,5362.82862138891,3966.85104484885,189.243356038985,185.852245962548,8530.31280141816,2158.57712930619,6030.42467891202,1535.69212285168,23.1282016154848,17.1077871811796,0.81614737331044,0.801522576755255,36.7885696603248,26.0073344959418,0.00471087517849371,0.00392708274758177,8.80712620516825e-06,0.00110869487755179,0.0103714533889406,4.75011989272627e-05,4.05592530288499e-05,7.90018253389602e-10,1.22254826135801e-05,9.87521529274383e-05,-396.571197869669,0.0903164527939562,0.0690708199689752,1,0.578407494298121
"quadratic",200,"stan",89,267.216,7115.82260683507,6399.84298402323,209.409434133714,212.048772873744,8351.65698728689,2976.23049453375,5054.31279250205,1016.33597688894,26.6294780508468,23.9500740375697,0.783671015709068,0.793548189007184,31.2543297829729,18.9147086720183,0.00616837248500779,0.00526047944821299,1.49196513051415e-05,0.0012009266620988,0.013576762029003,6.1695234478118e-05,5.03118113016445e-05,1.91119321009458e-09,1.18975263941316e-05,0.000135971801520859,-391.712647246567,0.110471707680261,0.0899530698961662,1,0.618999286767832
"quadratic",200,"stan",8,312.036,8663.69419859745,7136.88839452216,184.681856077717,236.565678231709,8787.30357397362,2808.62381250412,5004.77612085765,1002.26456942675,27.7650469772637,22.8720032128413,0.591860734266933,0.758135850452221,28.1611851644478,16.0390984401084,0.00525414045649305,0.00434583007178815,1.07020139916733e-05,0.00117797463090154,0.0117828244352562,5.99712315707842e-05,5.05132383535458e-05,1.4024089722747e-09,1.29146888059227e-05,0.000126710911427198,-401.9394837049,0.103315375736135,0.0896567569523008,1,0.587137582631534
"quadratic",200,"stan",90,305.097,8631.72570858907,6173.59663365395,228.275705299133,243.423062761292,9306.04887514151,4079.95092950947,5574.38945784743,1467.21481718574,28.2917423265029,20.2348650876736,0.748206981055643,0.797854658555451,30.5019350407953,18.2708760094247,0.00555981336047506,0.00480249708151206,1.00308731269232e-05,0.00120250810339852,0.0115649874965302,5.11640441211471e-05,4.36500670815423e-05,8.46880057440986e-10,1.20434253941393e-05,0.000111668800444495,-394.305394995317,0.15325804226185,0.121995519628426,0.95,0.60184919978125
"quadratic",200,"stan",91,267.615,4574.96414008573,4058.3171211289,249.987725057849,233.093167346454,8551.07805555582,2344.93867036484,4754.40373872787,948.163087655223,17.0953202925312,15.1647595281614,0.934131962176444,0.871001877123681,31.9529101715368,17.7658342720994,0.00534717333319579,0.00458736449852581,9.44721661009177e-06,0.00116108188160287,0.0113429431387487,6.02507769471584e-05,4.99760207647451e-05,1.61981856706664e-09,1.13551024858097e-05,0.000128900580877911,-389.135847492882,0.104426363636184,0.0839026113973769,0.98,0.594328084698766
"quadratic",200,"stan",92,274.895,7474.11864289454,6317.34679203871,221.850618437821,186.748232883599,8262.92912006795,3021.66384778545,4763.56643242926,1053.14782348416,27.1889944993344,22.9809446953881,0.807037663245317,0.679343869053999,30.0584918607758,17.3286761579121,0.00622257073929811,0.005292640605378,1.43763376995114e-05,0.00121440462031211,0.0137704338183743,6.31659040338539e-05,5.31593828958508e-05,1.41989460419202e-09,1.24598055880944e-05,0.000136930398660999,-388.926012563612,0.166131097296143,0.130625239238812,1,0.638382713551004
"quadratic",200,"stan",93,301.134,10189.2551774393,8601.6319845898,202.99160356201,225.789707663672,8357.38706285585,1406.24193466706,4970.61780537966,1335.94740803855,33.8362827759046,28.5641341880684,0.674090616011509,0.74979812197783,27.7530503458788,16.5063320826598,0.00698974221311271,0.00595028089648303,1.71511270342539e-05,0.00146227255171066,0.0151726435910817,5.56013791008429e-05,4.6323589658796e-05,1.47049408172185e-09,1.01721427382074e-05,0.000123718413936467,-386.563347597389,0.159573722284745,0.114916679896627,0.92,0.626536604811312
"quadratic",200,"stan",94,290.681,7864.35545776934,6866.03051802656,274.803595353585,245.596057927379,8984.49001098906,2552.34271393695,5604.44603496001,1323.75769234099,27.0549346457778,23.620499853883,0.945378594932537,0.844898902671241,30.9084185446901,19.2804002840227,0.00625389053757493,0.00554578669696006,1.19110317960792e-05,0.00138999967012745,0.0133022908273616,5.77962713310836e-05,4.82756319971916e-05,1.37546091516852e-09,1.18696567089645e-05,0.00012622358420848,-388.1670787225,0.1265805509663,0.11001322774968,1,0.613186269739428
"quadratic",200,"stan",95,259.161,8884.25194235414,9370.11068677604,230.098090102529,225.482929580953,8913.13629499174,5322.53396937314,5260.00351487225,1439.17288434678,34.2808213518012,36.1555584627935,0.887857702750526,0.870049620046815,34.3922746670669,20.296277275023,0.00425248049630315,0.00364328034451691,5.6390758688889e-06,0.00106414341523195,0.00893633223765197,6.94148227898707e-05,5.96877828151549e-05,1.45506561404697e-09,1.60493232066169e-05,0.000146575068481627,-371.423941816666,0.154356219005997,0.125872818221759,0.92,0.588166942155796
"quadratic",200,"stan",96,258.205,7271.71853143058,6572.63363406537,219.666598257839,253.036390882639,8335.64830965643,2024.84965147686,5099.94410214571,1024.3463304985,28.1625783057283,25.4550982129137,0.850744943970253,0.979982536676823,32.2830631074396,19.7515311560416,0.00625993133384484,0.00537080972375882,1.38836520276138e-05,0.00125047473544664,0.0138371214339131,5.42576287954874e-05,4.7657647544367e-05,8.63718837979389e-10,1.31983894289352e-05,0.000111179709325041,-397.314966513091,0.121137360248167,0.0984949312298817,0.985,0.609199254974699
"quadratic",200,"stan",97,296.093,5798.86244104555,6168.71524954923,130.621824737215,162.75563670308,8462.97272341274,1390.49416682016,4282.36136642612,771.052089248485,19.5845982209831,20.8337084954701,0.441151343453629,0.549677421293579,28.5821438649774,14.4628929641232,0.00638097432191813,0.00514629840407632,1.89225823257712e-05,0.00098204744558804,0.0147164894625156,5.88840820338684e-05,4.90750723249477e-05,1.39805988229876e-09,1.21934092469986e-05,0.000128911721655848,-390.414164181718,0.0977587032879371,0.0804562582468512,1,0.610846207963448
"quadratic",200,"stan",98,243.405,7654.27299408251,5061.25954224263,183.635763624635,226.756132825903,8649.93660981973,2643.91570591005,5600.55219879393,2088.52530100065,31.4466547280562,20.7935726145421,0.754445322095418,0.931600143078011,35.5372182568958,23.0091912606312,0.00489098312175658,0.00420866725592961,8.33011702317286e-06,0.00106342206755432,0.0104955459460515,4.80206454256557e-05,4.08421608596418e-05,8.38544593323495e-10,1.20221540419121e-05,0.000103208995358902,-389.274645555564,0.112287269243525,0.0871794492150964,0.98,0.58237861700389
"quadratic",200,"stan",99,223.146,8210.58491999087,6264.2715462704,261.000052207998,238.657306839482,8628.71734067578,2998.71452644175,4978.23501298462,1868.62095220701,36.7946766690457,28.0725244739785,1.16963804956395,1.06951191972736,38.6684831485923,22.3093177246494,0.00582474144425281,0.00484578155755754,1.3039202573288e-05,0.00121244525201217,0.012988564541589,5.02437239697762e-05,4.35054220213197e-05,7.90917999535695e-10,1.25064415143172e-05,0.000104021828801917,-403.77701722674,0.115300314666503,0.0927238880292291,1,0.589494780518631
"quadratic",200,"stan",9,302.446,8206.10549724279,6510.32903422395,227.23298883898,195.239054867798,8645.65236269831,1888.82362827444,5356.54602691864,1342.03263187043,27.1324649598367,21.5255914583891,0.75131755367563,0.645533598949228,28.5857718822478,17.7107517603759,0.00539000756345985,0.00441919266944916,1.22430206609758e-05,0.00111401687349512,0.0120437971210982,5.02348533366693e-05,4.25272517743099e-05,8.44833678413745e-10,1.29686208456942e-05,0.000109792957884719,-398.220964213818,0.133102319254936,0.113161638301555,1,0.580830285555745
"quadratic",400,"stan",100,1023.588,8367.19093835502,9231.52449589295,227.697703619607,260.540019225288,9420.35872022282,4578.717625206,9059.03313647814,6079.89007846698,8.17437380894952,9.01878929402548,0.222450540275586,0.254536023502902,9.20327194166288,8.85027289932878,0.00253511605804612,0.00228984259373211,1.15715793952624e-06,0.00093067564401569,0.00476927333507274,2.11991935216391e-05,1.94605495634758e-05,6.72060407715709e-11,8.61136392779368e-06,3.82190218215487e-05,-781.922942560417,0.0884614793399631,0.0690694778845287,1,0.492712561870199
"quadratic",400,"stan",101,775.384,10792.6892291227,10224.0596109264,168.01442700745,236.271689065431,10791.6676102035,4263.35572871215,9611.38354361608,4448.6159701546,13.9191539019668,13.1858016298071,0.21668544489885,0.304715713846857,13.917836336839,12.395643376206,0.00314437566724591,0.00292301576920125,1.65483771095428e-06,0.00110296310414501,0.00574811203100884,2.14114127431778e-05,1.94975578709907e-05,7.72939609757736e-11,7.54013626074967e-06,3.86879655346183e-05,-790.170143388328,0.136701784284038,0.11550272246111,0.9825,0.523088633743631
"quadratic",400,"stan",102,954.163,6753.29334478185,6906.72891161051,149.512723163207,212.458007588732,8792.21996622188,1959.20724954038,7159.27053795177,2874.71390461509,7.07771454644736,7.23852099862446,0.156695159174279,0.222664269719882,9.21458908616439,7.50319446253079,0.00378774701313099,0.00337645891984896,3.29444842239909e-06,0.00125497187336064,0.00752586614072103,2.56950959891968e-05,2.32151135087673e-05,1.17747019064244e-10,8.90047959497328e-06,4.73609623771838e-05,-771.850604665629,0.103142413295497,0.0815189948997441,1,0.545489405979784
"quadratic",400,"stan",103,720.429,12106.7426040026,12692.7807874399,152.213075207687,241.595952055785,11155.5785323516,2224.63699023454,10420.2199014262,4448.17247797495,16.8049073593686,17.6183645958726,0.211281160541409,0.335350120630604,15.4846328123265,14.4639095614227,0.00320914653080956,0.0028686986742044,2.30330086893268e-06,0.000992486722541069,0.00622048036982205,2.39252159053572e-05,2.18204537068532e-05,9.06778284294563e-11,8.92832280283045e-06,4.28929950542561e-05,-779.640739410014,0.107442094567075,0.0838674290030314,0.9975,0.524696445879364
"quadratic",400,"stan",104,751.566,9600.57878816862,9500.96380413572,175.245209044361,172.835443673291,10818.8183244706,2040.18463690374,9570.85828333878,3003.56717382935,12.7740993980151,12.6415561695656,0.233173412640222,0.229967086953495,14.3950342677431,12.7345546277224,0.00295984365095736,0.0026468405721999,1.86727328661299e-06,0.000988462950441976,0.00568965426718927,2.34491411828882e-05,2.10231227338655e-05,1.06072598410338e-10,8.63262297498713e-06,4.48351545679601e-05,-766.824561571384,0.084332499696068,0.0672351408184296,1,0.518867708122751
"quadratic",400,"stan",105,798.541,9465.86810275577,8680.43728805418,208.864341332631,212.749382594019,10309.8518624378,2001.23199622709,8951.71476095498,3212.82184872036,11.8539537766449,10.8703714499997,0.261557442050728,0.266422616489346,12.9108610108158,11.2100878489082,0.00327766720132415,0.00298717960966137,2.01472518692727e-06,0.00105919386009709,0.0061796833482987,2.31057565343023e-05,2.12170589850563e-05,8.67130388276852e-11,8.99827206190815e-06,4.14640827904884e-05,-767.99583075878,0.107149235544949,0.0811561168705417,0.995,0.530039989244574
"quadratic",400,"stan",106,735.302,10118.7744675642,10623.7455464209,123.497716508844,225.306503629312,11469.8303089766,4375.67097227216,10304.8534582436,5507.95420209825,13.761385753832,14.4481390590817,0.167955093973421,0.306413560182499,15.5988020010507,14.0144504683022,0.00280797943683031,0.0025832438262027,1.42523350256225e-06,0.00103187171655438,0.00522956994027029,2.31333252444452e-05,2.11483787318515e-05,9.30756452783741e-11,8.65194515100195e-06,4.16318406526728e-05,-771.822395338527,0.0855905260239692,0.0730959776181817,1,0.504445571162615
"quadratic",400,"stan",107,860.256,6730.6256215744,5950.96092948755,153.85504029476,144.496276442571,9432.11955153703,3167.03418835529,8707.11401517432,3629.5013656212,7.82397986363873,6.91766279978001,0.178847971179231,0.16796892604361,10.9643170771689,10.1215382574191,0.00337243212933719,0.00312875881777266,2.26443185237407e-06,0.000979095828537327,0.00632647143325099,2.40509973819821e-05,2.16751384403919e-05,1.22783728434733e-10,8.53824140787301e-06,4.61506050260957e-05,-766.485405153725,0.0967147849188622,0.0804831672180555,1,0.532988101240207
"quadratic",400,"stan",108,870.859,9259.13585484058,9399.50796093787,123.454933972661,267.698028876473,9450.72202024285,2928.55028207809,8289.83740248439,3686.46943848527,10.6321871334402,10.79337523174,0.141762253100284,0.307395374999251,10.8521839014615,9.51914994561048,0.00305358975437428,0.00275932192914942,1.83683139153146e-06,0.000976037954334358,0.0056463533034174,2.43092038570823e-05,2.21978359073564e-05,1.09974862065235e-10,8.99327742135011e-06,4.51910722253959e-05,-784.254908224526,0.1053674230392,0.0729977157581211,1,0.519447422037273
"quadratic",400,"stan",109,868.254,8899.30620551931,9259.81611821394,198.142724380099,201.985238083372,9953.92121764193,4640.14431589295,8546.130298596,3360.31056513063,10.2496575950348,10.6648700935601,0.228208248254657,0.232633812321477,11.4642964128492,9.84289194014194,0.00284371052355584,0.00257081740249073,1.57967622036048e-06,0.00106217129996218,0.00545960363125261,2.27980263741587e-05,2.09352189079283e-05,8.75779833571906e-11,8.2505476618847e-06,4.07053262225867e-05,-799.850708245927,0.111393800761027,0.0925169328161588,1,0.508905297846047
"quadratic",400,"stan",10,967.631,7939.96820215782,8958.30410135695,218.613619797989,212.873717493328,9552.3884562412,5067.43026969194,8818.29203903163,5637.14665737256,8.20557444124653,9.25797551066155,0.22592663918166,0.219994726805288,9.87193305737538,9.11327979263958,0.00282335504706469,0.0026085700705323,1.28996781653374e-06,0.00102542532155351,0.00505338882786285,2.1956161546686e-05,1.9884758313526e-05,8.89879465322226e-11,8.37409617813625e-06,3.97176600066233e-05,-784.333952418412,0.0890882512030129,0.0725247871535813,1,0.51053017788848
"quadratic",400,"stan",110,760.952,9759.85498629706,10291.9740358872,201.598359597154,272.816656346229,10559.9937908801,3133.18507192891,8584.63192181922,2753.6678962689,12.8258483929302,13.5251290960366,0.264929140861913,0.358520190953213,13.8773454710416,11.2814368341488,0.00348599794745519,0.00308567620809905,2.63637451478192e-06,0.00113855480620064,0.00678683373646357,2.50023841264702e-05,2.29520493179003e-05,1.02964473679401e-10,1.03069191553499e-05,4.5894494007775e-05,-775.836973533372,0.149761059445335,0.11888630765621,0.975,0.536204765398661
"quadratic",400,"stan",111,712.493,11443.5313528509,11348.23044399,174.055254502879,230.001262783531,11396.7990259984,3038.69766584405,10841.6339230877,5344.73667466841,16.0612544303606,15.9274974546978,0.244290476542056,0.322811961357559,15.9956645552986,15.216477808326,0.0029973864689594,0.00271514722282407,1.9071480540246e-06,0.000998941460392803,0.0058605124556457,2.35033793021138e-05,2.15339614913791e-05,9.42397785991534e-11,8.69969413356047e-06,4.27884792612498e-05,-786.179433617447,0.0910056940431706,0.0772109381296253,1,0.520127560097286
"quadratic",400,"stan",112,750.02,11045.6653752583,8309.88633841482,206.14888840217,170.822434134447,11567.6942504755,3721.83955929268,9652.7289094034,5642.15991755834,14.7271611093815,11.0795529964732,0.274857854993427,0.22775717198801,15.4231810491394,12.8699620135508,0.00329913206221683,0.00310668850983082,1.80276189721264e-06,0.00120373729325198,0.00596851589102451,2.4592920953526e-05,2.22892289093202e-05,1.090179791938e-10,8.84389096457587e-06,4.57636056762873e-05,-788.86808466413,0.133023080424851,0.0951349270552722,0.9525,0.519325660731863
"quadratic",400,"stan",113,1028.811,7621.73892261198,8543.91572679317,168.463782156217,226.319942534092,9156.71375306439,3861.40589019145,8916.92076741985,4379.10638638574,7.40829843636195,8.30465044288326,0.16374609345761,0.219982039980222,8.90028756794435,8.66720978626769,0.00276082830204717,0.00250594050348988,1.45459465168576e-06,0.000898140115881734,0.00512937858802941,2.40596765695784e-05,2.21456975465795e-05,9.61882727102983e-11,8.71278598260236e-06,4.30549043585558e-05,-760.345783449406,0.145376820860044,0.121460639470564,0.9425,0.522714918453166
"quadratic",400,"stan",114,739.703,11265.8138665111,10633.0223746977,159.222289939608,238.254544881544,11063.761136939,3549.80171710891,10408.755337702,4118.97478586345,15.2301854480934,14.3747184676792,0.215251648215037,0.322094874404381,14.9570315882712,14.0715332203627,0.003196393244993,0.00285826372665225,2.25305933649372e-06,0.00104118568512536,0.00627220205800713,2.37631184094416e-05,2.18148611508273e-05,8.9600234821981e-11,9.48128294256181e-06,4.31527515843632e-05,-771.563752853885,0.131322768729686,0.0968565953967974,0.9525,0.52891021379336
"quadratic",400,"stan",115,826.982,8055.73771865949,9359.31139217684,139.969525279025,232.488532364115,10178.4108181177,4356.69787105366,9044.51507611612,4030.72893832001,9.74112824542674,11.3174305996707,0.169253412140802,0.28112889079099,12.307898863721,10.9367738065836,0.00281679185060631,0.00253807811498374,1.52730118084769e-06,0.00107257493522375,0.00536491307845677,2.27282107270187e-05,2.09129435069846e-05,8.58106667749959e-11,8.79289852993596e-06,4.07873735192139e-05,-799.212209344407,0.109684538095769,0.0942376154320524,0.9825,0.506951474974749
"quadratic",400,"stan",116,770.59,9783.59128291735,7815.08447417324,81.5702966079303,170.869123534143,9554.29900670464,1672.35414966581,8217.60238227961,3160.01326530538,12.6962344215696,10.141689451165,0.105854340969816,0.221738049460988,12.3986802407307,10.6640397387451,0.00389711491430414,0.00351339329490276,3.70970435485404e-06,0.00100579276341331,0.00768875581787963,2.35822613663465e-05,2.17365923773238e-05,9.4672934643141e-11,8.58676510961627e-06,4.20318175203964e-05,-791.39474615807,0.11064280646044,0.0838632162521752,0.9975,0.546155822643378
"quadratic",400,"stan",117,797.289,10352.5817756882,11365.5150615684,185.272174367737,224.21311557432,10704.0392245776,3076.39637420928,9874.2593292834,5876.05639449474,12.9847292207571,14.2552011398231,0.232377687849371,0.281219376630457,13.4255448458183,12.3847931293212,0.00281956454232326,0.00256575550167973,1.4456409843247e-06,0.00102106472110038,0.00534876847755229,2.12802752840727e-05,1.94486164486074e-05,7.88054411413896e-11,8.43001214432105e-06,3.89252700057614e-05,-774.437510117001,0.11357979700962,0.0944392905190623,0.995,0.505595893869148
"quadratic",400,"stan",118,902.044,6647.59610313695,8468.49636572937,131.24697152501,189.417308236211,9514.74006348457,1776.85563081985,7433.50874649941,2585.05856488648,7.36948098223252,9.38811894511728,0.145499522778279,0.209986772525742,10.5479777743487,8.24073852993802,0.00356007203250762,0.00310904895123674,3.2604120636655e-06,0.00111573330162832,0.00732511571020564,2.27627464243454e-05,2.02303835400336e-05,1.12986386060851e-10,7.89776791960383e-06,4.35740064658922e-05,-793.859991083133,0.0891205617490653,0.0679400575235908,1,0.523061877337061
"quadratic",400,"stan",119,761.618,8799.05139152001,8849.59714627403,142.058885247236,250.14063837088,10855.1825230686,3965.34522075674,9911.95829513529,5709.25797703551,11.553103250606,11.6194695323299,0.186522489288903,0.328433201908149,14.2527914559117,13.0143435359134,0.0029563200438545,0.0026492486956174,1.80041490341626e-06,0.00104066627898994,0.00570007692338234,2.15394743053103e-05,1.9929541245391e-05,7.18820926329257e-11,8.68434166062551e-06,3.80978608102243e-05,-807.036436423505,0.128285873447034,0.103588256878563,0.965,0.503265374172012
"quadratic",400,"stan",11,938.797,8758.15755730263,5511.08010842503,165.983923964943,203.909550986464,11162.3101385185,2395.44874000366,9376.67227162108,3899.32217853871,9.32912818990967,5.87036399607693,0.176804915189272,0.217203027903225,11.8900147087374,9.98796573872849,0.00339881191166582,0.00310871543192406,2.2655045125367e-06,0.00111609863654669,0.0064732684664165,2.47320116006582e-05,2.21191954889116e-05,1.25718293387476e-10,8.21143561522611e-06,4.83197858278357e-05,-793.989258803883,0.115292527712622,0.0921774367104315,0.995,0.522068451681093
"quadratic",400,"stan",120,723.481,6227.71752384192,5200.15754260077,198.559814411264,185.031497007919,11167.5873402828,4438.47483603794,10188.0225579815,4399.85691165269,8.60799042938505,7.18769054418951,0.274450627468121,0.255751701852459,15.4359096372714,14.0819490186771,0.00326865316961377,0.00291528820043662,2.3106332644008e-06,0.00111461072230063,0.00655891288132857,2.42703216644745e-05,2.22073546193721e-05,1.00237349642273e-10,9.37574172614827e-06,4.31700456349588e-05,-776.270155914309,0.101901756814738,0.077570321260873,1,0.529607743708669
"quadratic",400,"stan",121,658.449,10283.7485708354,9729.32030242633,132.093690995155,226.652949845668,11172.7413748486,2733.30409579503,10050.6698146928,5430.95574977943,15.6181398572029,14.7761182755632,0.200613397537478,0.344222483207762,16.96827146043,15.2641583701894,0.00326012518612625,0.00298464162691959,2.00942838698785e-06,0.0011103744284507,0.00604315168843561,2.29474162305836e-05,2.09492130988627e-05,9.25297138229903e-11,8.33973311688872e-06,4.18210692839508e-05,-784.916750045921,0.0734120111694139,0.0579645360836629,1,0.520274976663497
"quadratic",400,"stan",122,636.763,10271.0367844963,8606.69713805057,209.276191373077,297.141579978891,11928.8946840626,5962.72228956325,11415.9395119281,7058.69712742711,16.1300778853298,13.5163273275152,0.328656331120176,0.466643916149166,18.7336492290892,17.9280823664819,0.00259831476910631,0.00238497542270612,1.143748484769e-06,0.000995740868658022,0.00470725686611836,2.267531964703e-05,2.10275487087155e-05,8.37402335769639e-11,8.47840196656722e-06,4.01942861853668e-05,-794.818646819052,0.0823091905949876,0.0664964709100675,1,0.502081054096831
"quadratic",400,"stan",123,766.548,7484.93531138126,7666.84656638458,207.399854320679,205.290541077824,10126.023347259,5643.90196632012,8938.363939568,4519.4911353168,9.76447047201384,10.0017827538322,0.270563427627075,0.267811723568288,13.2099012028718,11.6605404222149,0.00290893473858752,0.00264776745789063,1.50524151078143e-06,0.00106411577293696,0.00544148457856002,2.30677906860217e-05,2.06458941202041e-05,9.61658386138934e-11,8.59578860000404e-06,4.27262615870992e-05,-788.429483401476,0.100677532724404,0.0804902948315889,0.99,0.512792079047558
"quadratic",400,"stan",124,928.342,6065.67216852882,5246.22223411086,158.356175116817,255.796929253064,9506.49620880224,4005.83554900739,8165.88394357903,4265.75999570064,6.53387670549088,5.65117406528074,0.170579565630788,0.275541696113139,10.2402952885922,8.79620220089044,0.00321594334123614,0.00294516703447515,2.01557140474895e-06,0.00109836151719713,0.00610408681446679,2.5298654704924e-05,2.30918576940168e-05,1.11082786661361e-10,9.88565823447301e-06,4.64983457785059e-05,-780.986096197439,0.0993058842872403,0.0768531186324238,0.985,0.524553607978545
"quadratic",400,"stan",125,827.356,9170.02667364818,8516.9787499325,141.769822510614,201.721131620255,8840.98208069479,1344.11572374031,7063.06841927734,3170.53614305513,11.0835319664669,10.2942128297039,0.171352866856122,0.243814188354535,10.6858257880462,8.53691569200844,0.00371878728427985,0.00330170292233149,3.50273253573197e-06,0.00107174941689379,0.00728433820715353,2.32343701737634e-05,2.08828958799238e-05,1.10441290029359e-10,8.56947794715694e-06,4.45978169520121e-05,-823.322438593679,0.114178949944053,0.0884984783270316,1,0.527262052942735
"quadratic",400,"stan",126,680.709,10244.9432177819,10765.4569206004,153.78922230489,176.824573851126,10884.878677325,3222.5602677352,9306.07466480338,3623.9533314953,15.0504007112905,15.8150647642391,0.225925060936303,0.259765294496071,15.9905020755198,13.6711497347668,0.00312043548255442,0.00270715839434069,2.63085803714068e-06,0.00102179814187146,0.00639870678748654,2.38636200181785e-05,2.17749575795633e-05,1.01193233032151e-10,8.70761964783869e-06,4.26034323650554e-05,-757.0327633752,0.129940103751035,0.110026871905096,0.9975,0.526995524642304
"quadratic",400,"stan",127,1001.5,8033.15267990823,9463.22094619072,172.677745838068,225.32957314752,9707.01861098263,3371.58268717175,9349.54494879706,2799.09792842411,8.02112099841061,9.44904737512803,0.172419117162324,0.22499208501999,9.69247989114591,9.33554163634254,0.00296504409063125,0.00263848953013271,2.09603476702534e-06,0.0009310033684903,0.00564891095541828,2.33121226489182e-05,2.15002444530013e-05,9.11898417993561e-11,8.99159443551305e-06,4.08328340153777e-05,-778.915181387768,0.123615418359191,0.096639846501051,0.9725,0.521293518240476
"quadratic",400,"stan",128,647.148,10133.7877860067,9798.68497900433,177.09807065894,180.69433515831,11709.7619125373,6813.30985923997,10363.5982747803,4385.99219775119,15.6591502809352,15.141335488952,0.273659303063504,0.279216400511646,18.0944110350914,16.0142630044137,0.00282661879766191,0.00261130777561303,1.28739890439868e-06,0.00103647778503712,0.00506863220176178,2.15716349912287e-05,1.95536920201141e-05,8.71440627916648e-11,7.95481126570008e-06,3.88702262649428e-05,-788.167871675401,0.122865034044286,0.101414806456733,0.9675,0.504741203325609
"quadratic",400,"stan",129,680.552,9410.34359058117,9842.43907137788,216.689079245238,279.601442185812,11100.8215760401,4476.07358676247,10184.1284557325,7271.14140435166,13.8275158850186,14.4624350106647,0.318401943194992,0.410845081912641,16.311496514653,14.964511831179,0.00298365131913187,0.00270523194519311,1.77847029682131e-06,0.00107967642997132,0.00545072530003729,2.22978586490634e-05,2.03663459376297e-05,8.30943180342154e-11,8.61600123625212e-06,4.02086324992244e-05,-774.706479278734,0.0808936665545956,0.0657468282242675,1,0.512615584740781
"quadratic",400,"stan",12,738.78,11009.1243293089,10503.4816281516,189.057485879196,232.697122829983,10867.659271406,2799.68886755488,9920.33240276703,3254.70205144661,14.9017628107271,14.2173334797256,0.255904986436011,0.314974854259703,14.7102781225886,13.4279926402542,0.00345897606612614,0.00307714961560175,2.79755625934594e-06,0.00100958311560539,0.00677912242328643,2.47802039236884e-05,2.23218580527455e-05,1.09023044869792e-10,9.22412736653383e-06,4.66687508403694e-05,-788.063845066986,0.100737140520679,0.0780018494313702,0.9725,0.522033093402031
"quadratic",400,"stan",130,995.472,9620.56994486555,9747.51135924374,154.044119567591,229.241229966617,9908.4948792494,3518.29734509035,9272.50874918787,5718.08372132703,9.66433003124703,9.79184885084035,0.154744804040286,0.230283955718109,9.95356461984807,9.31468564579202,0.00277303723747553,0.00252089770323236,1.50087755320676e-06,0.000893048021585493,0.00513554784710018,2.12191115697875e-05,1.96957024304274e-05,6.68405332529364e-11,8.29649194575876e-06,3.7764439173034e-05,-781.160430903655,0.104997299946932,0.0837060328927639,1,0.510488009494945
"quadratic",400,"stan",131,617.622,9217.79228291538,9900.90546944226,237.467743779754,219.902987899745,10864.0678507795,4317.37122616212,9317.21290355629,3558.64569046348,14.9246501629077,16.0306878146217,0.384487184361557,0.35604785435063,17.5901568447684,15.0856234129553,0.00331706119086435,0.00307032297221137,1.98068177467654e-06,0.00101609507503115,0.00610024732385151,2.77007457454489e-05,2.49748728258333e-05,1.52688372549291e-10,9.40433129398407e-06,5.13089664862508e-05,-781.65618611481,0.110192848148358,0.0900983385617741,1,0.53081648970078
"quadratic",400,"stan",132,730.712,7043.17914154466,6879.37654623605,243.252445575084,246.438700618222,10286.0489418444,4907.6119489041,9429.18822266466,4006.78131039543,9.63878948415334,9.4146210083262,0.332897838786121,0.337258318760636,14.0767483520791,12.9041102687032,0.00266057598146132,0.00250554542413642,1.05536441352778e-06,0.000903806961203032,0.00465044740426602,2.4433876290194e-05,2.20380740098899e-05,1.13573880731514e-10,9.03968879754757e-06,4.44998592469045e-05,-756.013699759899,0.102293666017374,0.073442643954434,1,0.514756364180917
"quadratic",400,"stan",133,637.712,10115.8417768809,9890.80564736815,177.217529862303,239.246397271549,11754.1583748958,5484.14317363228,10980.715336487,5093.77803775516,15.8627119716751,15.5098314715234,0.277895868138444,0.375163705985693,18.4317660243116,17.218925371464,0.00265477162644055,0.00241165647745256,1.33759932028238e-06,0.000987853170366286,0.00494013257303094,2.12806602329494e-05,1.95081147341823e-05,7.04079050165908e-11,8.79040783543854e-06,3.8418156637973e-05,-791.367502200305,0.0594381410774415,0.0469737501180622,1,0.498054417535548
"quadratic",400,"stan",134,736.557,9489.69625951526,8983.49761998143,221.73909398454,247.213425129349,9927.93751650255,5152.96086349543,8785.56812979409,5439.52830194896,12.8838586280699,12.1966088435538,0.301048111666226,0.335633800411032,13.4788448368593,11.9278862732879,0.00272614618613806,0.0025062456387595,1.3499304798536e-06,0.000881845668152685,0.0049726482230373,2.2023176647407e-05,2.02752898126076e-05,7.58166803565946e-11,9.06376871639953e-06,4.00879820066896e-05,-792.297902524487,0.107005279455585,0.0880870299710442,1,0.502728884553432
"quadratic",400,"stan",135,744.546,4815.88214028537,4975.47235715185,213.542030234823,254.962329997478,10264.2251935342,4786.6337599874,8957.70157520443,3334.05016630716,6.46821303221744,6.68255870980684,0.286808377500952,0.342439996988067,13.7858845437813,12.0310922027711,0.0027676866311606,0.00256379587425568,1.27770323522208e-06,0.000985145436373955,0.00503743583550269,2.52742065404262e-05,2.28660231094787e-05,1.1750023803205e-10,9.78968442968058e-06,4.69360050511318e-05,-787.151803566883,0.131548640229613,0.0891204196379288,0.965,0.517899191006767
"quadratic",400,"stan",136,671.789,10499.2849664715,10123.538160634,142.270466851126,107.118468531225,10643.1173253115,3679.61246907672,9288.74680589526,2619.53494233246,15.6288432327286,15.0695205795779,0.211778500170628,0.159452549135555,15.8429467069445,13.8268813658682,0.00316897363148323,0.0028461270457791,2.06669531823009e-06,0.0010161423310006,0.00603940968902947,2.4642597858921e-05,2.17789040451311e-05,1.39646799897112e-10,9.0774902678714e-06,4.77697887085286e-05,-781.110695340359,0.0999526715133786,0.0760590883662215,0.9675,0.522952207749438
"quadratic",400,"stan",137,631.178,10451.8753882292,10130.0092619881,167.487503012377,263.364256465618,10854.0966247197,2891.09823022658,9283.97189193421,3715.93648481467,16.5593151032343,16.0493700065404,0.265357003907577,0.417258295545184,17.1965699449596,14.7089599002725,0.00410009098335195,0.00371521791806425,3.57124071010436e-06,0.00129901180666127,0.00800631865913858,2.61316891648507e-05,2.39108943634563e-05,1.19216664513945e-10,1.00395258657811e-05,4.79414305762271e-05,-801.520738191436,0.128890075757056,0.102937864843071,0.975,0.547911062757096
"quadratic",400,"stan",138,654.397,9212.74856614513,9341.3651750744,89.3037022084212,172.531105059765,11301.8474000473,5750.20324450933,9752.19460215478,3679.45426080128,14.078225551378,14.2747677252102,0.136467163218079,0.263648985340343,17.2706283800923,14.9025661825387,0.00268597843283926,0.00247934268771652,1.20473566701964e-06,0.000941533969301641,0.00490122345999743,2.58668370424256e-05,2.34708043429637e-05,1.19338097044547e-10,9.95607458401973e-06,4.83599065897695e-05,-787.086093441269,0.122304550358854,0.100299163069982,0.9875,0.503119176831685
"quadratic",400,"stan",139,723.19,9358.7055750406,8694.50412621179,207.678998637157,208.625770257524,10625.9673861834,7753.77432136167,9586.55706667289,6448.33747453322,12.9408669575638,12.0224341130433,0.287170727799274,0.28847988807578,14.6931890460093,13.2559314518631,0.00255057309353819,0.00237877695865091,9.3840588791865e-07,0.00101418973788619,0.00440988513739685,2.07116692386741e-05,1.9103903303903e-05,6.87453807887565e-11,8.26567990483393e-06,3.78788349990969e-05,-795.066513772833,0.104309936482291,0.0824730366701687,0.98,0.497087006442577
"quadratic",400,"stan",13,1102.047,8531.52561311418,8774.51157159543,281.680280998791,229.018565027483,9526.24181326654,2740.09879224029,8260.33715484297,2572.7125738393,7.74152609926271,7.96201212071302,0.255597339313832,0.207811976283664,8.64413388291655,7.49544906418961,0.00331582215930206,0.00307765441868903,1.88538275216737e-06,0.00115835514255456,0.006036449049063,2.403420393363e-05,2.22486816836862e-05,9.09228079791568e-11,8.65369468285947e-06,4.22963515633844e-05,-788.390756374084,0.115192842769066,0.0905016295760722,0.97,0.525695624278268
"quadratic",400,"stan",140,673.937,9139.0708850357,9384.12406316401,206.790346622521,179.582275340648,10843.3533087292,5468.1794833355,10046.2561389353,4833.38859565889,13.5607198967199,13.924334267393,0.306839284120801,0.266467452210886,16.0895652096994,14.906817905732,0.00289270122459441,0.00267357057927182,1.32279612495042e-06,0.00103066501341043,0.00511381334456368,2.42713550541792e-05,2.19310204945076e-05,1.14456359771668e-10,9.58052826534863e-06,4.36923838118414e-05,-758.526143700887,0.0861855958244848,0.0684432052343406,1,0.514421935855758
"quadratic",400,"stan",141,728.776,11695.8077588946,11502.1955086669,200.31353478302,221.452776508702,11572.0490503761,3914.91743206619,10345.0729391924,4635.27327985288,16.0485632881635,15.7828955792547,0.274862968570617,0.303869469505997,15.8787460761278,14.1951339495159,0.00310228251007384,0.00278856575645723,2.01970789240557e-06,0.000985446428111619,0.00593808250929029,2.35300049239559e-05,2.14507646987588e-05,1.0895702541853e-10,8.69724212906264e-06,4.37608425857282e-05,-780.36888484484,0.107379884955667,0.0865349931260595,1,0.522895025273591
"quadratic",400,"stan",142,931.594,8362.52577078398,8724.30454909214,161.807124134782,218.771230847904,9134.94591317432,3837.9718761609,8246.27864175039,2353.20314119823,8.97657753354356,9.36492135961818,0.173688456704082,0.23483537984133,9.80571570144755,8.85179449604698,0.0030102779866087,0.00267976600046981,2.01857203876526e-06,0.0010341803322425,0.00590211724754503,2.38022433031031e-05,2.11772840067718e-05,1.31774860463306e-10,8.54761035599051e-06,4.37869981323343e-05,-810.628089902724,0.108806424683123,0.0898852742283693,0.995,0.510368397185353
"quadratic",400,"stan",143,735.797,11141.4927121054,12412.9438327782,196.932332522887,201.802283113444,10987.9304906696,2284.94207585489,9320.66560590685,4770.6462098936,15.1420741211304,16.870065837151,0.267644924514352,0.274263530720353,14.9333722353715,12.6674417073009,0.00372152654240337,0.00339285470407866,2.86310593006811e-06,0.00108872401402433,0.00707017740138931,2.27648286216868e-05,2.07981263726162e-05,9.55702837193564e-11,7.77176336665071e-06,4.19087278553249e-05,-756.262450904877,0.110829941287966,0.0822196942769617,0.975,0.54322558027085
"quadratic",400,"stan",144,737.604,10574.6209760596,10390.9093368048,64.6011148267028,261.486504392286,11292.7416776667,3395.1455901285,9825.87973240683,3657.32682064494,14.3364474380014,14.087382032642,0.0875823813681905,0.354507980423487,15.3100331311472,13.3213482199213,0.00324543337879974,0.00295596744533313,2.00826351316904e-06,0.00106865852679047,0.00600674913576668,2.30249605823364e-05,2.1145218330193e-05,8.51024498659238e-11,8.76525157774002e-06,4.20722036297155e-05,-802.60782658758,0.0876183123353293,0.0668417182775972,0.9825,0.518882601446933
"quadratic",400,"stan",145,755.792,8265.2415421623,9942.75350448451,271.715756027766,197.107906731321,10772.8920701819,3873.51529169973,10007.2706054346,4886.5531886843,10.9358679929958,13.1554098276834,0.359511288856942,0.26079649788741,14.2537789103112,13.2407733945776,0.0029202828661502,0.00270711820439429,1.42838204858374e-06,0.0011107115603974,0.00534264089497825,2.17410453362075e-05,1.9556550091103e-05,9.20933935820187e-11,8.2919261197226e-06,4.08832801290027e-05,-780.290613445368,0.109428376932819,0.0903432107310949,1,0.519524568794994
"quadratic",400,"stan",146,778.966,7159.68061879209,6024.24004908098,222.35592226017,188.665152799365,10889.6899632159,4518.89574013901,10061.4453615771,4280.44465491983,9.19126203042507,7.73363670440171,0.285450099568107,0.242199470579415,13.9796730065444,12.9164114500211,0.00277276615107415,0.0025621976615966,1.23820161534062e-06,0.00105013278734885,0.00487879775156324,2.22654458218367e-05,2.03938330698675e-05,8.51761972273467e-11,8.07716844473116e-06,4.04108240278456e-05,-790.812562846482,0.0656812338541893,0.0555645024222718,1,0.507561406786152
"quadratic",400,"stan",147,779.209,10253.2107424203,9593.78760845746,177.865725865085,220.978584422961,10603.6563670027,3499.83269969258,9433.73028467961,5664.21347396531,13.1584860318866,12.3122135504819,0.228264465458028,0.28359347033076,13.6082313820845,12.1068035465191,0.00288289689207769,0.00256240568703717,1.58386253813196e-06,0.000927082742570664,0.00548845468947668,2.24991577065913e-05,2.03940472662061e-05,9.14832071796261e-11,7.92211245501643e-06,4.20458388480363e-05,-780.433306072885,0.116990143027614,0.0888796410656754,0.9725,0.508554835981035
"quadratic",400,"stan",148,750.201,9617.83346678637,10004.3449048552,148.806040333553,198.211470081899,10418.2628453866,1977.66734834271,9353.67142804203,3097.05104837049,12.8203421040313,13.335552611707,0.198354894666301,0.264211151520591,13.8872953320332,12.4682204209832,0.00349265200857764,0.00314223707710413,2.72852062445177e-06,0.0011327878475426,0.00680762688761586,2.58651918745511e-05,2.3113574962365e-05,1.30542788520583e-10,9.7997597740018e-06,4.88879994059474e-05,-785.583791456509,0.118954087182628,0.0934287961582497,0.9575,0.531003029254236
"quadratic",400,"stan",149,866.747,7255.94354996034,6026.67219701413,156.891101743309,168.47646317333,9556.35859121918,4648.76157386056,7974.0210810013,2988.60865353473,8.37146658708982,6.9532080261185,0.181011415953339,0.194377901709876,11.0255456219856,9.19994079125892,0.00310326290296465,0.0028544427769924,1.92334224448471e-06,0.00101968794427071,0.00570928178658729,2.60895220827825e-05,2.35316770350395e-05,1.28462963514835e-10,9.56728498015784e-06,4.85821590272925e-05,-765.764502900217,0.135070928616343,0.105332930366186,0.9725,0.52812280373118
"quadratic",400,"stan",14,1070.677,10623.5704234773,10641.378922237,225.100654533087,204.778331680751,10245.607897635,2655.42308750134,8943.37040372504,3721.55447508548,9.92229255272814,9.93892548568525,0.210241421580072,0.191260605841678,9.56927990200128,8.3530050647628,0.00337747602435497,0.00311514919757989,2.08698131441056e-06,0.00106368169074253,0.00627960364067307,2.5589243127386e-05,2.34206335590587e-05,1.16989420160132e-10,8.81139822321106e-06,4.72996639193652e-05,-787.568882830746,0.100861549825319,0.0878700333613023,0.985,0.526950603118299
"quadratic",400,"stan",150,879.518,7992.1678471252,8406.06081997421,138.888077420945,211.89284001704,9551.10443139522,3719.82370131076,8442.59464842212,4016.81888932125,9.0869861073056,9.55757678634686,0.157913854430432,0.240919276259314,10.859475794009,9.59911525224284,0.00320608358235696,0.00286515504977657,2.14494686430596e-06,0.00108695857039313,0.0061178265850302,2.33300646410123e-05,2.14231100689707e-05,8.77319427380971e-11,9.38739929076098e-06,4.22199883504113e-05,-789.923931503715,0.116738698056746,0.0887172707784271,0.9675,0.526869639946572
"quadratic",400,"stan",151,812.209,4101.18421287259,3107.99953642511,138.875290443659,210.12982459137,10080.0221679868,3969.07734750278,8323.14256734941,2766.72101474776,5.04941980804521,3.82660071043919,0.170984673210539,0.258713981981695,12.4106260432805,10.247537970337,0.00302714297560542,0.00273000549219332,1.74381973823479e-06,0.00104301980043324,0.00571108165230862,2.54258961756583e-05,2.32246420231005e-05,1.20548528469369e-10,8.60010005614682e-06,4.66987907767246e-05,-789.352002514925,0.100912956222688,0.084710518883092,1,0.517128457186513
"quadratic",400,"stan",152,896.565,8633.29032070736,8343.96440244769,156.471268026855,197.468069912634,9331.14446593158,3117.83974566892,8055.03563385433,5460.71175102654,9.62929661620447,9.30659171666047,0.174523060823091,0.220249585822148,10.4076608677916,8.98432978518493,0.00364846347497865,0.00336417202438028,2.48910930539072e-06,0.00129115608053582,0.00681661880838012,2.3366853217461e-05,2.09125189948374e-05,1.01468079432657e-10,8.41615871940583e-06,4.4062167100908e-05,-799.908892220819,0.107306902704185,0.0864030579651965,1,0.539088016275259
"quadratic",400,"stan",153,675.807,9944.21512729482,10427.2179321503,241.947856210072,259.300927911978,10655.9693602528,5429.10330079735,10172.0437175139,6514.28624445182,14.7145784629263,15.4292837040017,0.358013243736853,0.383690799166002,15.7677700293913,15.0516992536537,0.00299168253977969,0.00271477165583371,1.52921630661473e-06,0.000979605385175106,0.00547559874459803,2.29080236677505e-05,2.08195060599422e-05,8.76742469675737e-11,9.06404247361542e-06,4.17406494129525e-05,-785.454388780528,0.103175964635144,0.0788632580858842,0.9775,0.508359281064283
"quadratic",400,"stan",154,959.305,7407.28306887486,6121.96613687711,204.839616106701,183.816299721539,9245.47205072474,3807.17034220446,8311.35736645979,4787.75120795885,7.72150991486009,6.3816681210638,0.213529186345011,0.191614032785755,9.63767732965505,8.6639362522449,0.00318143357389099,0.00287479889939804,2.01955778158596e-06,0.0010207018689074,0.00596639059891672,2.35775016937469e-05,2.13522538297168e-05,9.76727441326683e-11,9.30872185713209e-06,4.40857518309922e-05,-785.58153735943,0.109191310729629,0.0875209431388952,1,0.528640272529561
"quadratic",400,"stan",155,880.893,9263.2576190296,9175.6017238885,190.62236402176,201.953530004495,9026.62911579001,3668.82056066779,8261.97815128393,4902.27185327393,10.5157580081004,10.4162500143474,0.216396729252884,0.229260000935976,10.2471345734272,9.37909388686699,0.00368328463325996,0.00340653106622006,2.5019459645906e-06,0.00126903644603209,0.00689763895950835,2.5230427181025e-05,2.31929441725189e-05,1.06646376452319e-10,9.40107216806242e-06,4.5042544274675e-05,-786.183152922885,0.0954521943802428,0.076737363171643,1,0.536570261883507
"quadratic",400,"stan",156,709.119,10132.7204507921,8899.20858939125,150.632743807766,192.003498660567,11046.0707523622,2260.43576684408,10765.0352053732,3147.72740298506,14.2891678981837,12.5496687994416,0.212422377355234,0.270763438379972,15.5771749908862,15.1808585094648,0.00305135798346497,0.00276705603440526,1.91660134370638e-06,0.00109499390023679,0.00597301385822917,2.31930134265058e-05,2.11428857642892e-05,9.29551975115943e-11,8.63119705149621e-06,4.35715788584235e-05,-779.556566886716,0.125685281849352,0.0955588517217259,0.94,0.52467697783035
"quadratic",400,"stan",157,700.727,10934.5823791249,11873.4943167464,187.485224635717,246.143862472584,10945.3805130201,3106.5693269845,10655.6218790327,4039.25098858648,15.6046254520304,16.9445366265983,0.267558156936606,0.351269271017934,15.6200353533117,15.2065239087872,0.00313989596273233,0.0028258398437955,2.04218688532529e-06,0.00101970789431477,0.00602920110376317,2.37335134323001e-05,2.11739749613172e-05,1.17615830651627e-10,8.73242383797435e-06,4.5163434087822e-05,-791.794574534381,0.078985048157535,0.059322306043191,1,0.520570219712618
"quadratic",400,"stan",158,754.993,9651.23201362688,10609.5016487655,190.981475447162,207.43898675795,11113.2886522247,3904.8374910559,10044.9067339205,5636.3819187196,12.7832072795733,14.0524503522093,0.25295794192418,0.274756172253186,14.7197240931037,13.3046355845955,0.00296613136336547,0.00269394195536158,1.64442239770635e-06,0.00102791952373559,0.00559837736470225,2.34805431138811e-05,2.13937396232501e-05,9.46847224326632e-11,8.78564597537013e-06,4.32738800209104e-05,-780.578791195824,0.0913239500719462,0.0737558160915075,0.985,0.516911902997689
"quadratic",400,"stan",159,930.338,7742.512503666,8550.33083754178,161.549936218935,226.231555438788,9366.81106363218,5144.44799761295,8910.90787045237,5835.65367117357,8.32225761354045,9.19056389993936,0.173646498604738,0.243171358623197,10.0681806651262,9.57814027853573,0.00277612029155516,0.00251418488136991,1.49354316385348e-06,0.000938090114387056,0.00525831162786347,2.12346833703744e-05,1.93586677375504e-05,7.16572651532902e-11,8.70329293783735e-06,3.78851797906264e-05,-765.982510810059,0.129527916291147,0.105700820843056,0.9825,0.515417472529941
"quadratic",400,"stan",15,714.092,10557.0796870976,10572.5321518855,154.682572931118,135.176284255801,10514.4664742162,1222.35193622463,9710.56088719493,3873.84436277444,14.7839209613014,14.8055602805878,0.21661434791472,0.189298135612499,14.7242462794936,13.5984731479906,0.00370664214466434,0.00331679933313976,3.2402745337583e-06,0.00112834431522287,0.00732961167433103,2.38440822975675e-05,2.14105152712293e-05,1.20505206769062e-10,8.49142526828263e-06,4.43398646383505e-05,-791.132770603757,0.103257344433816,0.0856598828305438,0.98,0.533484109864938
"quadratic",400,"stan",160,733.936,11860.0334653433,12452.0880270778,166.56400856495,253.815169103519,11795.7011739764,5216.75240879269,10558.8839798411,3971.82615508951,16.1594927423417,16.9661769242519,0.226946230413755,0.345827386997666,16.0718389259777,14.3866549397238,0.00273656131386516,0.00251009958985368,1.32215897721283e-06,0.000985473246242209,0.00499193398472909,2.25003116859075e-05,2.04576041880751e-05,9.65979812873670e-11,8.46630952013224e-06,4.10567683229642e-05,-785.844795921501,0.094979150486872,0.0734934618074981,0.995,0.514440713869136
"quadratic",400,"stan",161,850.387,10122.2842167739,9709.7473898325,111.030088019235,155.035449031788,10230.5610736186,4641.78278154178,8395.09964784557,4817.15354034639,11.9031502325105,11.418033659772,0.130564187857099,0.182311640502252,12.0304767989381,9.87209311507063,0.00315439211687247,0.00283624655743285,2.03596205783961e-06,0.00102947853936333,0.00606183141723897,2.37795717612802e-05,2.15757924672455e-05,1.07540160792698e-10,8.41087413183767e-06,4.46034991969029e-05,-803.078953932857,0.0898368133132853,0.0747351559970032,1,0.517643089637993
"quadratic",400,"stan",162,894.755,9013.15899625944,9164.13331225404,161.684787512995,208.486239547541,9664.91701775818,1623.71898236667,8209.33051437946,4966.77082662321,10.0733262136109,10.2420587895614,0.180702860015306,0.233009303717265,10.8017468667492,9.17494790683423,0.00331057390815554,0.00298112377981863,2.22654343840792e-06,0.00110839502653612,0.00635483057190633,2.12553504910717e-05,1.93059724949232e-05,7.45269178069921e-11,8.25709190278575e-06,3.80359741851235e-05,-811.85626320487,0.0971051901105713,0.0768604529379897,0.995,0.524153432726515
"quadratic",400,"stan",163,709.955,10001.9389871075,9268.92239292031,159.178800968587,206.44891866789,11740.9989867661,2942.36677748194,10410.7581382707,3079.48577105031,14.0881309197167,13.0556477423503,0.224209704796202,0.290791555335043,16.5376664531781,14.6639690378556,0.0029174055210644,0.00262529386719928,1.73505149435315e-06,0.00102128403543067,0.0054320030856542,2.36743142690053e-05,2.16031876580665e-05,1.0414784973478e-10,8.27463354492098e-06,4.41408356649597e-05,-774.038763629714,0.123379464331577,0.103535478583564,1,0.517348149389024
"quadratic",400,"stan",164,766.202,9359.08509376911,9780.7609956889,181.677751734243,240.214944373025,11134.0117759957,6925.97207954898,10150.1243596342,5919.35709561264,12.2149055911745,12.7652511944486,0.237114692645337,0.313513857146059,14.5314313666575,13.2473216718754,0.00272684053872945,0.0024569168691587,1.47329959374663e-06,0.000978607524530471,0.00511791461839164,2.24213072043312e-05,2.00172858311468e-05,9.04105689284192e-11,8.55844263661203e-06,4.1599063560808e-05,-795.147284564099,0.0950781206311104,0.0741814681187837,0.9975,0.504984657364364
"quadratic",400,"stan",165,1003.202,8754.87730798781,9150.60749343632,178.64183158973,184.525708048011,8900.27334021391,3461.41806900844,8222.46447399081,3830.75828966253,8.72693366638804,9.12140076817662,0.178071646178666,0.183936742598211,8.87186562647793,8.19622017698411,0.00325545277503257,0.00290890650014509,2.43284766009786e-06,0.00105301645238268,0.00642089512311871,2.27839125783241e-05,2.0612380078962e-05,9.60067120915584e-11,8.42162371314722e-06,4.1957256425543e-05,-793.643888845235,0.103586561584118,0.0791144963447912,0.9975,0.52144032928255
"quadratic",400,"stan",166,1043.204,8854.53739547943,9546.13725021488,119.447321918634,124.133760554208,9479.8862354996,2081.57017362898,8486.67780741752,3420.88926413719,8.48782922178158,9.15078666321724,0.114500444705575,0.11899279580428,9.08727941562685,8.13520443500746,0.0030178877636007,0.00274248051538764,1.76700588553309e-06,0.00104374735558889,0.00560526593381124,2.46811657425642e-05,2.18062907607273e-05,1.37820947771441e-10,9.21966757828915e-06,4.79115249676772e-05,-777.06507440881,0.107388713857278,0.0877893449398022,1,0.518425344216704
"quadratic",400,"stan",167,843.115,8154.86052219553,8283.6387958933,148.135817677016,214.425123393648,9840.81295690871,5044.93506076542,8775.86679867412,3967.6372391575,9.67229917887302,9.82504023281913,0.175700607481797,0.254324882600414,11.6719699648431,10.4088609485943,0.00314565139516709,0.00289350343906267,1.94874150634324e-06,0.000940909133267272,0.00580521777865217,2.39316188985422e-05,2.18171083496183e-05,1.06688693166336e-10,8.85365579138625e-06,4.3829079348137e-05,-820.062654625935,0.0923392180288163,0.0733917515351574,1,0.519152049129677
"quadratic",400,"stan",168,761.366,10215.299783304,9971.46574381574,136.039875096978,167.642477573365,10463.7991607622,3206.89211955153,9023.05838995637,4637.25043674839,13.4170685101567,13.0968098704378,0.17867868422937,0.220186451159318,13.7434547389326,11.8511443772855,0.00329314554187182,0.00287669776510618,2.67128584659311e-06,0.00105396147334308,0.00663551893713183,2.28020717374775e-05,2.07046366645279e-05,9.98941574214382e-11,8.67372163695423e-06,4.20218491344207e-05,-784.873167961351,0.0852528765666762,0.0695848778401875,1,0.528594654319653
"quadratic",400,"stan",169,717.562,10360.2307056588,11560.9901479145,202.362045729461,276.078208877549,11594.9168898931,7204.91016126534,11189.4755575074,6921.85225982041,14.4380983185547,16.1114860428988,0.282013325300756,0.384744745231143,16.1587666151401,15.5937404119886,0.00254239693380887,0.00230824839080803,1.25455776091109e-06,0.000865757003057594,0.00462311704233098,2.11249383537842e-05,1.92638101451728e-05,7.12928040969977e-11,8.48337618712188e-06,3.81041385868973e-05,-769.559182952894,0.0630641111654524,0.051674346338173,1,0.501005509942513
"quadratic",400,"stan",16,771.227,9525.13003547406,9128.49936589374,183.123210728692,220.315423373157,10348.4325747011,3039.2751390015,8534.88787718333,4425.88703202756,12.3506179574549,11.8363327086496,0.237443983066843,0.28566871151186,13.418140929585,11.0666352152911,0.00380765575282936,0.00342065248693172,3.1865694850275e-06,0.00123355853629359,0.00737335905499092,2.52430854374883e-05,2.33160845297212e-05,1.04394047539014e-10,9.36904075527735e-06,4.55302045683904e-05,-778.151319200441,0.105496855815453,0.084779704458663,0.99,0.536800934380018
"quadratic",400,"stan",170,801.831,9989.81648190334,9504.80197934631,123.926238115053,236.422924154798,10329.8466988237,2825.42443555474,8601.06790328161,3283.58983749859,12.4587556254415,11.853871924815,0.154554062034335,0.294853808539203,12.8828228128167,10.7267839523311,0.00331315420417476,0.00295604597100024,2.34018694850412e-06,0.00114362066230155,0.00647508572566173,2.3585880617208e-05,2.13086010472034e-05,9.74056465030256e-11,9.26765607230329e-06,4.40716970442472e-05,-804.188649221485,0.0914236850493545,0.0704700515222051,1,0.523160340600807
"quadratic",400,"stan",171,788.025,8405.89179226489,9377.83440110823,224.032396979226,209.063855463819,11164.0375306196,6324.59402071331,10396.4132550591,6044.9460509524,10.6670369496715,11.9004275259138,0.284296052763841,0.265301044337196,14.1671108538683,13.1929992767477,0.00247162475761262,0.0022454880896066,1.03305622955436e-06,0.000966342315701762,0.00456357585043738,2.09932349900368e-05,1.91822416233708e-05,6.74253462030723e-11,8.9913259943916e-06,3.82737003133683e-05,-774.859128943213,0.0914483035573177,0.070591623316213,1,0.501604577913807
"quadratic",400,"stan",172,796.635,9802.09084269037,9925.77578076025,167.382712053147,291.753702541422,10506.256718398,4721.78417248191,9169.44701222787,3876.76802125691,12.3043688046475,12.4596280363783,0.210112174400004,0.366232594025397,13.1882941603093,11.5102236434852,0.00312878850186114,0.00275247540782795,2.18256260326828e-06,0.00111842019287261,0.0062557942259457,2.34432543356662e-05,2.16576599252188e-05,8.30989115616861e-11,9.4863016029084e-06,4.13076572325156e-05,-776.847491350781,0.0946441284806552,0.0742133192202387,1,0.518658105292309
"quadratic",400,"stan",173,830.204,6833.55262854901,7038.46658405516,189.26110683268,210.487228491914,10190.430932722,5208.30766431503,9159.99904527325,4152.3601081646,8.23117285456226,8.47799647322243,0.227969398885913,0.253536755414228,12.2746107375079,11.0334315966597,0.00303143222371014,0.00273389051690447,1.65657705663347e-06,0.00110868374499976,0.0056475649199798,2.31697638772353e-05,2.06564875252538e-05,1.10747118043403e-10,9.0112406659939e-06,4.40331314963679e-05,-779.72937614917,0.108058839275404,0.08735197663765,0.99,0.513204272112292
"quadratic",400,"stan",174,915.51,8347.00823757821,9433.0550588112,225.700361076749,205.46968348876,9418.11399293247,5857.81884208349,8869.97761344284,5763.81988227678,9.11733158302827,10.303606797098,0.246529651316478,0.224431937923955,10.2872868597093,9.68856442140757,0.00275737564033685,0.00249128571018733,1.42502469417605e-06,0.000960637804678195,0.00518925537363589,2.25284169890059e-05,2.05426967781092e-05,8.11455055010059e-11,9.3022367071204e-06,4.14773797405681e-05,-769.35398906109,0.0834837457694661,0.0687266852123655,1,0.504488643817541
"quadratic",400,"stan",175,995.711,9167.26875705849,10301.1923964324,199.352717991842,136.014426386497,9396.22175891536,4686.35163183087,8540.76158521266,4242.530684676,9.20675653584071,10.3455645226701,0.200211424792778,0.13660030509505,9.43669574697413,8.57755070016567,0.002850243733895,0.00256020913880137,1.78868596725056e-06,0.000835117862649963,0.00540177044147753,2.27591627053263e-05,2.08836242174862e-05,9.5455003382415e-11,8.91679676727736e-06,4.10353313522549e-05,-781.365226926384,0.130616467818657,0.108391656455023,0.9525,0.512312909345677
"quadratic",400,"stan",176,864.881,7338.83696358719,6438.14323270553,171.116245590435,176.513128368053,9130.43247642492,2719.69326524962,8110.33679066429,2400.54304866394,8.48537193392755,7.44396423635799,0.197849467834806,0.204089497130881,10.5568655993425,9.37740196705014,0.00351296242094529,0.00314092053750157,2.89404354324245e-06,0.00105060592383555,0.00687346732905797,2.60428477113924e-05,2.35426355763387e-05,1.41031804080229e-10,9.79159642293672e-06,4.90835741767925e-05,-789.105951243776,0.143214037843209,0.108556916389521,0.925,0.535579597865518
"quadratic",400,"stan",177,1035.359,8306.34634282949,9024.54667947288,175.454683881424,201.038923356147,9057.44881518085,2965.40636859426,8404.34558479734,3949.65825577797,8.0226726602362,8.71634542170675,0.169462653902099,0.194173154776408,8.74812390212559,8.11732508704453,0.00321867808609063,0.00290645282966933,2.11041250985181e-06,0.0011401700541725,0.00596861500262427,2.37504187415169e-05,2.19014102215243e-05,9.92508239964487e-11,8.28085858431926e-06,4.25798559748338e-05,-762.789846513989,0.111688465511125,0.0893988844002034,1,0.530309385844224
"quadratic",400,"stan",178,717.888,11699.561023481,11760.555003243,179.772368032108,202.266521608199,11740.9812250547,6191.26881994269,10782.5547750791,5401.65875539649,16.2971954169467,16.382158502779,0.250418405144128,0.2817521975687,16.3548927201105,15.0198286850861,0.00297419288724336,0.00271209028345272,1.63474627303298e-06,0.00110297671870104,0.00549002588593629,2.390635004301e-05,2.11942293237688e-05,1.3183804953959e-10,8.88242252427818e-06,4.66019249638456e-05,-791.2903290688,0.0875541404635543,0.07372857428781,1,0.518079849563534
"quadratic",400,"stan",179,850.715,8698.82306650526,9013.08757402648,210.309237188926,240.218233304692,9725.90804046012,4187.07651381154,8525.01330854021,4240.15782994504,10.2253082013427,10.5947204105094,0.247214680814287,0.282372161422677,11.4326278958995,10.0209979940876,0.00293773398636171,0.00264275761445244,1.80327347384879e-06,0.000970418630631217,0.00547751175811312,2.41126118003071e-05,2.17949920591586e-05,1.03085363277629e-10,9.45784459578524e-06,4.47511654943132e-05,-762.799891030265,0.136874555301203,0.111858658126011,0.9225,0.514444095263878
"quadratic",400,"stan",17,766.411,9392.41298674324,10310.0703773346,201.407770885031,195.809414694272,11616.6499303237,6543.30319385022,10719.5486747358,7197.48889311107,12.2550602571508,13.4524039677596,0.262793424004915,0.255488784339306,15.1572066819548,13.9866842656692,0.00266530226772191,0.0024243011165426,1.29747713182912e-06,0.000988150891470264,0.00499056482754917,2.17357549823014e-05,2.01763058881518e-05,7.10516537997127e-11,8.13755464898369e-06,3.89121668768497e-05,-768.613219913799,0.0654517819127412,0.0506210953544055,1,0.508104885869131
"quadratic",400,"stan",180,872.931,8288.5760068167,8222.05998869206,137.368259386572,235.874740968739,9893.74510874254,4695.62072155666,8900.27249977167,5689.45993848416,9.49511015969956,9.41891167651516,0.15736439579597,0.270210063531641,11.3339371711424,10.1958488125312,0.00262564934059196,0.00241022861379,1.22199587372848e-06,0.00086998280837798,0.00475580994543459,2.05918349019927e-05,1.91912723086821e-05,6.47893566693749e-11,7.67841798363901e-06,3.63570775656726e-05,-795.679233047459,0.0943582118248919,0.0771082031007445,0.9875,0.495623636134833
"quadratic",400,"stan",181,764.679,8204.68355135255,9055.86956743068,242.214942831965,236.541343850074,10132.5006451259,4960.19743265365,9332.72446690355,6398.34918752483,10.7295787531141,11.8427072895041,0.316753752662182,0.309334170089769,13.2506589629451,12.2047610394735,0.00273105708060891,0.00247577947584034,1.53870184683764e-06,0.000996544105935557,0.00509942110200439,2.26558923404586e-05,2.07477023192074e-05,8.07225379677647e-11,8.54430699221338e-06,4.08737001418715e-05,-757.3464517195,0.0843692903379951,0.0668705744608031,1,0.511034828388048
"quadratic",400,"stan",182,634.23,10784.5726249231,11415.3151416919,283.144246779927,253.202460173189,11679.3708632552,7782.8541762272,11081.7818858368,6486.5944469244,17.0041982008468,17.9986994334736,0.446437801396855,0.399228135176811,18.4150400694626,17.4728125220138,0.00271071738179359,0.00251167524414138,1.15634028634507e-06,0.00101734802835175,0.00479713641050979,2.12093147262942e-05,1.94209799352551e-05,6.95567862882732e-11,8.84868280982032e-06,3.8351839882011e-05,-783.619608204951,0.106668471454598,0.0793282601460434,0.98,0.504841589622976
"quadratic",400,"stan",183,642.406,11156.601953486,10880.7987215622,147.887974656263,195.635967571055,11513.6270257214,2722.60496131498,9615.42551806314,2933.60931850594,17.3669018556583,16.9375733127683,0.230209516499321,0.304536333052704,17.922664211918,14.9678326760073,0.00332221357996845,0.00293131703207099,2.57344608499409e-06,0.00108195357175901,0.00656288459638604,2.46778415353126e-05,2.26630896590694e-05,1.09476355059302e-10,8.78919043641948e-06,4.47999428592094e-05,-790.780015467137,0.0836631181766534,0.0707255185743472,1,0.521592523521689
"quadratic",400,"stan",184,920.277,8718.05751432079,8942.98053782508,202.137966857732,183.430588210336,9208.86992975523,3709.93690242893,8625.72977402473,4130.91638822287,9.47329718586989,9.71770514510858,0.219649047903764,0.199321061169991,10.006628362716,9.37297115327747,0.00317410596687492,0.00293131293781906,1.71236286041747e-06,0.00114256408087131,0.00572985841780826,2.34929823290368e-05,2.11434569677916e-05,1.01166749831724e-10,9.03815666743664e-06,4.46506089962398e-05,-778.2614286315,0.0878492753190087,0.0687308338635502,1,0.526111849824268
"quadratic",400,"stan",185,707.981,9090.36441017535,9579.00565295582,265.212018355249,268.734631446157,10470.1648819251,6048.16472350847,9453.74220422706,5429.30163375773,12.8398423265248,13.5300320954317,0.374603299177873,0.379578874922007,14.7887653509417,13.3531015722555,0.0029145497149663,0.00269128082596468,1.47129519457843e-06,0.00101115742482111,0.0053941413151279,2.28708122640401e-05,2.10265293950958e-05,8.14508283021799e-11,9.41445947071006e-06,4.1138059213783e-05,-787.498415851964,0.0827127423963568,0.0647715795678854,1,0.51476497688657
"quadratic",400,"stan",186,770.71,7853.34870292043,7813.38090783547,124.888714268416,201.400235178531,9475.0917008459,2118.85087443866,8198.47012752994,3483.25142691813,10.1897584083772,10.137899998489,0.162043718478308,0.261317791618807,12.2939778916141,10.6375551472408,0.00326703237941998,0.00291122061718537,2.42914752556412e-06,0.00103771579987933,0.00619313182452655,2.42286293959008e-05,2.17237922388426e-05,1.15026398219734e-10,9.10666331252057e-06,4.68563595203118e-05,-779.16195869098,0.0968734125044584,0.0794870481048923,1,0.52541240218885
"quadratic",400,"stan",187,758.451,8211.37238380528,8217.83412465041,184.610934872327,164.525318119221,9377.48124658128,3877.09392752822,8451.49826188977,4287.89861010016,10.8265034706333,10.835023125621,0.243405223109109,0.216922804662689,12.3639908795443,11.1431038549488,0.00327643634109518,0.00300679447237946,2.04154599451034e-06,0.00110221874316611,0.00611259159514797,2.43703920431498e-05,2.21934060241978e-05,9.92595642336039e-11,9.88835557660058e-06,4.48508244420629e-05,-772.173181489745,0.128935649956159,0.0958862659931688,0.9575,0.529950250364016
"quadratic",400,"stan",188,662.132,10590.6484418401,11722.6369243012,172.353540557915,263.766018642763,11332.8303944847,3064.93126727313,10286.0470772831,4339.23939591018,15.9947690820563,17.7043805831786,0.260300877404981,0.39835866359391,17.1156663542687,15.5347379031419,0.0031238514573167,0.00281750490737815,2.19706531966586e-06,0.000967656189256237,0.006046558547992,2.2279067880991e-05,2.04086792978906e-05,8.01096889907016e-11,8.54315502155419e-06,4.03767360442423e-05,-802.833955863075,0.0738386647319553,0.0595402905965561,1,0.518004489846408
"quadratic",400,"stan",189,601.826,10946.2764087415,10620.3595160957,185.926187649276,185.797334999365,9892.43569156747,1392.84353525665,9371.58736643345,2826.7252448149,18.1884405272314,17.646893813321,0.308936781809487,0.308722678979247,16.4373684280298,15.5719217289274,0.0039346044052478,0.00348816352548939,3.90579328253367e-06,0.00103745162310539,0.00770772771635621,2.44208309238423e-05,2.19723535829847e-05,1.16642426747515e-10,8.67766537707391e-06,4.69445823224527e-05,-794.311637444436,0.0864511705746858,0.0709489356944014,1,0.538153898423442
"quadratic",400,"stan",18,737.607,10136.4048742761,9700.92622520286,138.815795686204,226.759085570727,11101.9743746221,3423.30781092875,9638.27272382647,4197.22815183444,13.7422839998483,13.1518901328253,0.188197503123213,0.307425343808732,15.0513408557973,13.0669485563809,0.00351724838639165,0.00314493472034667,2.83148594420248e-06,0.0010329959475694,0.00682092960839442,2.43620284043468e-05,2.23231455242493e-05,9.60505110941692e-11,9.46830945891504e-06,4.48096800747096e-05,-794.71129685265,0.110114643559205,0.0958956400606272,1,0.527328174209513
"quadratic",400,"stan",190,856.95,8795.67521898826,9096.80974163258,204.23841823421,225.478807094936,9139.16701106224,3790.90947443298,8773.74836964864,3503.95436400471,10.2639304731761,10.6153331485298,0.238331779256911,0.263117809784626,10.6647610841499,10.2383433918532,0.00269631059809021,0.00250582553196158,1.274535817549e-06,0.000968565578142055,0.0049297703781897,2.28711552741384e-05,2.07430747775988e-05,9.39976998060102e-11,8.05910749212182e-06,4.1529072426354e-05,-764.602326282667,0.103209172636721,0.0787557948956121,0.9975,0.503345586782051
"quadratic",400,"stan",191,656.77,9877.94588445394,9302.06205797054,156.315856367855,146.36841264659,10706.2631430164,2171.36337316527,9081.37474538513,1813.81590978343,15.0401904539701,14.1633479878352,0.23800699844368,0.222860990371957,16.3013888317316,13.8273288143264,0.00361638867595158,0.00317456822577153,3.19476494614571e-06,0.00114060650720789,0.00717584893230259,2.50729323155659e-05,2.27449613502465e-05,1.20364607728164e-10,9.13443686051877e-06,4.69639512173843e-05,-802.052040762739,0.0965914554550305,0.0781215954617152,1,0.530361378966778
"quadratic",400,"stan",192,711.085,10560.5848070478,10490.9715767957,157.701693768645,255.830819186704,10603.6065900883,3700.18014608852,9269.32880216829,4803.58654760372,14.851367708569,14.7534705088643,0.221776150205172,0.359775299980598,14.911869312513,13.0354722742967,0.00303958224721904,0.00277575390081586,1.73725571116325e-06,0.000963650034455764,0.00572091598643272,2.26643249673493e-05,2.07054155328598e-05,8.4838066688324e-11,8.28389421053495e-06,4.09106418444426e-05,-789.448908738061,0.0881669478968998,0.0682835693062328,0.995,0.510343223942987
"quadratic",400,"stan",193,873.877,7616.99803661334,8174.61591795279,137.635265114298,252.755229418173,9307.97386120414,3368.46210902456,8173.85655610885,4897.47196616441,8.71632739689148,9.35442392688306,0.157499585312691,0.28923433093922,10.6513546657071,9.35355496953101,0.00309335450670996,0.00279171005706122,1.95184329800195e-06,0.00109129217207304,0.00604915627086859,2.43987410320631e-05,2.20344032576599e-05,1.13995555496472e-10,8.80728428312067e-06,4.37390676320266e-05,-782.336693958181,0.0863708650480563,0.0725092247670967,1,0.517170546552468
"quadratic",400,"stan",194,791.183,8510.73136864712,7924.51751679196,243.85475617576,129.264636963754,9707.50877699062,4478.11153386935,8192.19856618879,4739.79045345131,10.7569694604752,10.0160361342344,0.308215363797958,0.163381464166638,12.269612437313,10.3543662669557,0.00305194445818085,0.00282867353690244,1.53401139978996e-06,0.00107424618235204,0.00552629964968652,2.36693425335776e-05,2.1687616059693e-05,1.22344346665999e-10,9.00423631401907e-06,4.22811117305092e-05,-776.731558873031,0.141614171349581,0.113232663131008,0.995,0.5171200010381
"quadratic",400,"stan",195,1013.521,9103.60220491324,8784.73655250857,202.239720213045,199.254329655456,8741.37055814354,1742.13784635405,7557.06448409734,3700.57705919917,8.98215449399987,8.66754270755966,0.199541716662058,0.196596153069799,8.62475524250956,7.45624854748678,0.00485649613584694,0.00432085345829809,5.70682867337652e-06,0.00124288536028021,0.0095307626347137,2.51108200413223e-05,2.26356778649719e-05,1.24668519448056e-10,9.25540282457154e-06,4.72367163439912e-05,-778.177538642561,0.122852430509696,0.0964552444693844,0.9975,0.570839659399585
"quadratic",400,"stan",196,657.281,11925.3122560195,11620.678776682,261.985410990854,284.781800887886,11895.542481397,4232.09728263612,10629.8419379355,5474.18377232286,18.1434002443696,17.6799249889803,0.398589661029079,0.433272528626092,18.0981079346536,16.1724466977374,0.00282972740750732,0.00254942075963721,1.55490263253209e-06,0.00100407759091657,0.00519569683555502,2.23124542699045e-05,2.03910877868149e-05,8.26508608473212e-11,8.43789749384118e-06,4.03406986765327e-05,-784.612152161915,0.0867879984998877,0.0700803005584355,1,0.510691841951604
"quadratic",400,"stan",197,672.721,10132.9794610342,10810.5864001252,184.83582237002,211.993443952405,11418.9506887181,2497.44441309625,9545.54553285205,5593.78960414778,15.0626774859625,16.0699404361172,0.274758514109148,0.315128328017715,16.9742741622725,14.1894567478227,0.00355336094052133,0.00322516904383527,2.56392100002962e-06,0.0011746767687484,0.00677725043663383,2.4957582610914e-05,2.3206761675725e-05,9.18220730650621e-11,9.66427391745367e-06,4.35589125488034e-05,-794.010711754293,0.104275395129098,0.0847759172859925,0.9925,0.537419197926766
"quadratic",400,"stan",198,739.584,8038.12462074047,8352.3898574326,220.851056814581,203.244606682453,10053.3557674458,3470.54559942815,8639.07257454372,2873.7819870268,10.8684403945197,11.2933620216671,0.298615244265129,0.274809361319949,13.5932575169904,11.680989008069,0.00287303272150946,0.00263800387577517,1.46812739507067e-06,0.0010405939813863,0.00525580565994042,2.33588940805626e-05,2.11844106272135e-05,1.02826185192095e-10,8.71221084190652e-06,4.26283161256475e-05,-785.833809268419,0.113178150754048,0.0912487923237578,1,0.503167871690603
"quadratic",400,"stan",199,653.813,12067.3670331696,11502.0923885468,154.057968236799,219.575666893039,11214.6936256387,2456.52756300018,9825.61952379171,3025.36408376909,18.456908983409,17.5923274522636,0.235630016895961,0.33583863718378,17.152754114156,15.0281801123436,0.0032504767152302,0.00297939208359154,2.11763094331631e-06,0.00101239794880329,0.00593511368306413,2.31620037437821e-05,2.11817301542741e-05,9.69779733918583e-11,8.48254634406695e-06,4.22158558539054e-05,-794.117239910272,0.118350177357758,0.0887716526993259,0.9325,0.528371796242763
"quadratic",400,"stan",19,737.37,10405.3060707426,9913.62093769777,156.520180046156,126.065989730517,10584.0080783438,2923.82900605628,9092.30250903647,2343.68508863926,14.1113770166167,13.4445677715364,0.212268169367015,0.170967071796408,14.3537275429483,12.3307193254899,0.00350532244875109,0.0031061371244816,2.99238439005204e-06,0.00104575345362173,0.00695024420768668,2.3641599641313e-05,2.13262211145082e-05,1.19517471179283e-10,7.90284081314842e-06,4.51689366000771e-05,-782.866004039027,0.102461876585365,0.0831584163593581,1,0.525733471488984
"quadratic",400,"stan",1,800.281,7231.84658572853,6669.75116530561,135.586447709036,227.660348106925,9622.8082611762,1923.42712412537,7571.12316690317,2042.14677521245,9.03663411442797,8.33426154726353,0.169423549614493,0.284475513109677,12.0242867957332,9.46058092957744,0.00419061980188274,0.00387634758649484,3.77151353894689e-06,0.00110620155394011,0.00798047893658968,2.58390985695459e-05,2.32394432809435e-05,1.22960409568699e-10,9.30829872324862e-06,4.77096771032068e-05,-795.73831754764,0.0986043090562666,0.0818712227353244,1,0.552934076853395
"quadratic",400,"stan",200,792.95,8247.57244653351,8869.4074900361,202.956559943251,188.358199149811,9606.69639144744,4027.91395115044,8577.85483548566,4287.31873374413,10.4011254764279,11.1853300839096,0.255951270500347,0.237541079702139,12.1151351175326,10.8176490768468,0.00265725934898662,0.00241332395162132,1.22734659673256e-06,0.00105695681900547,0.00500406963006824,2.27574253314897e-05,2.08226022555015e-05,9.77452798939574e-11,8.94780411365848e-06,4.12094772672001e-05,-780.205567281162,0.0778052000074504,0.0614748577791178,1,0.505470430083182
"quadratic",400,"stan",20,772.95,9240.49899849383,9594.12358140675,233.333992973274,291.928582293342,11057.575693311,7246.34533980781,10531.2938784956,6442.84131033871,11.9548470127354,12.4123469582855,0.301874627043501,0.377681069012669,14.3056804363944,13.6248061045289,0.00252876438172022,0.00234038109327409,9.99724084319371e-07,0.000999975086054324,0.00447915213637544,2.20857249180073e-05,2.06724772085775e-05,6.26842513014265e-11,9.11203184433641e-06,3.79001413598589e-05,-781.353632938437,0.0683827213058258,0.0547166175917845,1,0.497333465964097
"quadratic",400,"stan",21,815.953,9525.27640050696,9776.37389388245,189.249867587941,198.264605528495,10152.9022282769,3493.20093530645,8580.34256505671,4244.77886160442,11.6738052320501,11.9815404733881,0.231937216467052,0.242985325782851,12.442998834831,10.5157313779797,0.00352699219173238,0.00323281355335343,2.36730558266683e-06,0.00116622189072189,0.0066701776537319,2.23427592331716e-05,2.02115213439738e-05,8.73390104965108e-11,8.23095838871556e-06,4.14504676675679e-05,-803.06218507435,0.0794938510359394,0.0668047576341033,1,0.530843515862778
"quadratic",400,"stan",22,712.815,7838.96810213347,9081.63802516983,200.630344074209,163.281013695699,10810.9351891037,2569.14750733285,10164.0467624039,5790.09350711906,10.9971985748525,12.7405259782269,0.281462011986573,0.229065064141045,15.1665371647675,14.2590247994275,0.00365559518096064,0.00334033616126606,2.63192402321985e-06,0.00127286246666753,0.00711217595058034,2.48312855495849e-05,2.23138890328316e-05,1.18896246787166e-10,8.70110743629675e-06,4.61091824794715e-05,-784.150647131319,0.116077410595051,0.0814355963359327,0.9725,0.538272753426252
"quadratic",400,"stan",23,936.099,10112.1517329309,9541.222819788,128.402425074969,226.088078192177,9284.91625960906,2976.94022606244,8259.32761370805,2642.20826494296,10.8024383456567,10.1925360670057,0.137167569963187,0.241521546537468,9.91873323185802,8.82313474718812,0.00312768147918178,0.00276407553187222,2.16993477394411e-06,0.00102092909222905,0.00610029565463232,2.24409216230316e-05,2.00736278294485e-05,1.11868222899054e-10,8.01461034003412e-06,4.23556218591255e-05,-794.521814581595,0.0884978558798862,0.070425698316104,0.9875,0.516827388594753
"quadratic",400,"stan",24,763.764,10953.5992927036,10204.9297350809,209.60483873764,203.343052436017,11085.9659018622,5537.52453461221,9874.4494335863,6619.01273807079,14.341601977448,13.3613652058501,0.274436656791417,0.266238068874701,14.5149102364895,12.9286657050952,0.00276745938147307,0.00252439495859519,1.40103227310819e-06,0.000981971457984233,0.00501047979289291,2.30628638958383e-05,2.08496010734527e-05,9.45429247960295e-11,8.31316919068154e-06,4.23678267722641e-05,-778.533391352373,0.0754829381965135,0.0578493585541918,1,0.50951825093163
"quadratic",400,"stan",25,863.645,6768.66374988298,8221.63177096065,150.266729150891,183.790824125413,9614.71657701465,1730.33842313713,8914.12036357322,5480.83309887784,7.83732175822587,9.51968895895958,0.173991314893146,0.212808299851691,11.1327183935699,10.3215098374601,0.0029899444502325,0.00267466053911015,1.81124022130146e-06,0.00107241109296785,0.0057401312416323,2.26293095500104e-05,2.02553160159133e-05,9.52210092157186e-11,8.15720321837342e-06,4.24436983697378e-05,-779.702474943479,0.135711332716684,0.108529189827708,0.9575,0.51767565343934
"quadratic",400,"stan",26,957.431,8394.0100884714,8716.10243274726,209.20114177358,220.555312954598,9157.12190773743,4266.96252885166,8333.73681131839,3387.94830638972,8.76722196009049,9.10363507422181,0.218502578017194,0.230361574833693,9.56426302024629,8.70426883119347,0.00287577613282271,0.00259664431196444,1.77291915808181e-06,0.00101616499943514,0.00526739710380971,2.28641620933736e-05,2.08334430976985e-05,9.332764888625e-11,8.34887558202077e-06,4.19503430787626e-05,-765.179856357011,0.134978074916132,0.108309225795811,0.9825,0.518582480803387
"quadratic",400,"stan",27,838.015,8767.89870312719,9750.65047732396,155.266669129287,215.747306296457,9763.61815655553,3337.78921534248,8595.39051677142,3471.86949212644,10.4626990007663,11.6354128235461,0.185279104943571,0.25745041114593,11.6508871041157,10.2568456612011,0.00317200018894611,0.00277224960528026,2.64822249364549e-06,0.00103939523101981,0.00649612114435619,2.38135155859377e-05,2.15775830770097e-05,1.04367800064178e-10,8.69135288147267e-06,4.39456974661807e-05,-792.125107872131,0.0943686456963711,0.0763865857944412,1,0.528039093846843
"quadratic",400,"stan",28,702.6,11669.192009663,11793.0060799765,174.578468093026,218.648531238931,11213.5141349606,2342.00046610174,9909.69569797057,3189.85326470456,16.6085852685212,16.7848079703623,0.248474904772312,0.311199162025236,15.9600258112163,14.1043206632089,0.0031786574989688,0.00284706990213458,2.10244963760582e-06,0.00105826578575274,0.00593497933212377,2.42268393936274e-05,2.19697478938732e-05,1.15875574125673e-10,9.18605703602202e-06,4.48953554263708e-05,-781.870351151867,0.106251403530302,0.0767485983664974,0.985,0.521139196962232
"quadratic",400,"stan",29,731.556,10641.0759081715,11511.4614812311,186.940868815821,195.730170451613,11356.9020146366,4713.51374695428,10077.1985200827,6076.05794922627,14.5458118150511,15.7355848099546,0.255538699451335,0.267553229625091,15.5243098472798,13.7750199849125,0.00292722301236702,0.00263806547447617,1.65780771129589e-06,0.00111674852672548,0.00556563040968738,2.40932104120665e-05,2.17735812097207e-05,1.16013487107036e-10,7.88430692006399e-06,4.48603601353553e-05,-776.832013705763,0.093586447059572,0.0731205642509313,1,0.519447329667818
"quadratic",400,"stan",2,989.958,9425.64814646542,9389.17387758928,254.166965118614,246.985417913321,9493.03676210993,4926.31433620194,8351.30248367053,4978.51736145493,9.52126064587125,9.484416386947,0.256745200421244,0.249490804572842,9.58933284251446,8.43601696604354,0.00313034057249881,0.0028771032810589,1.72584890340822e-06,0.00103207403573534,0.00581228104257696,2.22560131100365e-05,2.07522644506539e-05,6.99226891708446e-11,8.98902300691854e-06,3.87349232772818e-05,-798.249721740112,0.101626758934179,0.078897219966274,1,0.513029594028978
"quadratic",400,"stan",30,790.81,9765.70894908376,9858.59889760872,155.925449413776,232.113724900132,10525.8324021106,4320.97798406258,9299.36671746172,3229.9802810955,12.3489952695132,12.4664570473422,0.197171823084908,0.29351389701715,13.3101913254899,11.7592932783623,0.00274256537259663,0.00243464811374172,1.75456762189356e-06,0.000962532878707409,0.0051481158031615,2.25592993280697e-05,2.04838015329887e-05,8.42669684383476e-11,8.6157924889797e-06,4.09640234364086e-05,-792.895425244373,0.0865397500331015,0.0688849260962524,0.9975,0.501912360256071
"quadratic",400,"stan",31,1071.328,7884.88148533697,8766.51582938053,188.029655045501,236.266481352122,9117.88067095965,1639.02109997999,8346.55419718516,4404.44063606202,7.35991357020163,8.18284953756509,0.175510819324709,0.220536083582359,8.51082084194537,7.7908485516902,0.00339286407455634,0.00299839057397535,2.87303785870471e-06,0.000964832149545274,0.00674688526555756,2.22761417998171e-05,2.05250134054914e-05,7.47202531712669e-11,9.27130264742602e-06,4.02693642907314e-05,-805.205337491866,0.100708032521952,0.0763086877559258,0.9675,0.520305765440451
"quadratic",400,"stan",32,937.956,8242.44602523418,8971.20131870384,211.346723520925,209.925547056865,9565.1316138853,3864.35963509573,8784.74940717669,5347.61769920837,8.78766810515012,9.56462917098866,0.225326906081868,0.223811721505983,10.1978468221167,9.36584382122049,0.00280760672174888,0.00251903359801421,1.63780249788773e-06,0.000971496678571169,0.00523908124293007,2.25340081378276e-05,2.05069715237171e-05,8.5216128068199e-11,9.54271065667297e-06,4.12966916801338e-05,-816.384106257296,0.0733541290466314,0.0579728132405135,1,0.51059169482824
"quadratic",400,"stan",33,840.611,8525.17226025445,8572.94453816775,78.5625623261433,198.666619353677,9498.65801373594,1073.87426933717,7468.11872531351,2165.30452580288,10.1416377614074,10.1984681834615,0.0934588797031484,0.236335973897174,11.2997070151782,8.88415536474482,0.00401668730404264,0.00362395579752777,3.85388310837896e-06,0.00116350236810439,0.00763344010608796,2.71324064448627e-05,2.40808154475481e-05,1.62951919950732e-10,9.7962953000847e-06,5.19569760633695e-05,-798.401048996639,0.130872043790404,0.0962593457129675,0.9525,0.549285520749588
"quadratic",400,"stan",34,794.288,9920.96241156099,9906.38383503199,198.049455045526,272.036141154968,10521.7249578117,3917.05396029163,9249.42232339637,4370.95335499992,12.4903843587729,12.4720300886228,0.249342121554809,0.342490559035221,13.2467379059129,11.6449226519806,0.0028647925007559,0.00259616891352717,1.56779809550581e-06,0.000917619869571271,0.00525606135902132,2.29998116300908e-05,2.11759307103101e-05,8.11730004538593e-11,9.32588002828059e-06,4.15463538861535e-05,-794.950084733906,0.10438894556289,0.0779382809071787,0.955,0.503976524754289
"quadratic",400,"stan",35,923.372,8248.14612098857,8737.08552414153,239.862342461481,277.137718820694,9644.27885512227,4500.82692218053,8684.71560730711,5347.28184566503,8.93263616504352,9.46215125013703,0.259767831883012,0.300136585060727,10.444629959672,9.40543530376393,0.00297196177532795,0.00262975078331183,2.12909871959948e-06,0.000872095188412611,0.00559751978471412,2.21441235632401e-05,2.06073077303263e-05,6.57523977309159e-11,9.36321155874974e-06,3.85799213790338e-05,-768.918750142589,0.109876672620933,0.089114440425625,0.9925,0.523674967885099
"quadratic",400,"stan",36,781.485,10741.136069356,10227.3264547564,177.994930430811,202.351169139818,9993.51186332857,3006.265281873,8702.85026501394,2159.27741389848,13.7445198172146,13.0870412800712,0.227764999239667,0.258931609870718,12.7878486002016,11.1362985406168,0.00320174353038281,0.00286373290377615,2.33802077250213e-06,0.000972147580958061,0.00646223808723743,2.37365768538937e-05,2.10074929961664e-05,1.47954661689587e-10,8.81501975980002e-06,4.39943646788796e-05,-793.670747191316,0.127616519490819,0.109801544136498,0.9975,0.518387072325868
"quadratic",400,"stan",37,783.462,10120.749157051,8994.4522649478,184.337927758523,237.141632371128,10687.5326730666,3609.85100530096,8984.82096145596,3358.71824286691,12.9179834593778,11.4803937714245,0.235286367122493,0.302684281268432,13.6414180560979,11.4681005096048,0.00324315938463667,0.00290748835496634,2.29035443799429e-06,0.0010444825934126,0.0061243543237736,2.29883360862648e-05,2.0982627189027e-05,8.82890565215891e-11,9.2090645503505e-06,4.11504433821029e-05,-774.006118016958,0.11444790524759,0.0874197188155994,0.9675,0.525437223705978
"quadratic",400,"stan",38,737.57,10166.3868076726,10458.7624697007,161.593303719313,265.43006534013,10871.3926741026,3344.56343751859,9851.72392766173,4044.70866371051,13.7836229885605,14.1800269394101,0.219088769498913,0.359871016093564,14.7394724217398,13.3570019491868,0.00340220705066308,0.00303705037652608,2.65226654107802e-06,0.00103165055879166,0.00658637150735475,2.16582608549301e-05,2.01910659915353e-05,6.51836285355042e-11,9.04049323443363e-06,3.85136690277346e-05,-787.0010044282,0.139733449744172,0.121597031912859,0.99,0.524650340364538
"quadratic",400,"stan",39,744.733,9798.03515098327,9047.63963815916,144.646705494038,172.972911375909,10540.6016160626,2102.07065136553,9157.02817248286,3596.58106506038,13.1564401617536,12.1488367484174,0.194226260275882,0.232261644610765,14.1535310185833,12.2957196370818,0.00377235654841261,0.00335992201881509,2.96345062647448e-06,0.00121632937314009,0.00726705159178504,2.56379593335563e-05,2.28140647776255e-05,1.39372915981713e-10,8.88726852456835e-06,4.94226736989992e-05,-776.413061628208,0.10636189920129,0.0883812605113369,1,0.539707879532018
"quadratic",400,"stan",3,680.059,10962.3324779566,9899.31975719244,139.417881177818,184.25172113618,10130.1547976424,1329.37397860705,9221.36076622276,2901.92236828254,16.1196785542969,14.5565601766794,0.205008508346802,0.270934905848139,14.8959940205812,13.5596481573257,0.00376807071321781,0.00343653016162273,3.12649742776434e-06,0.00102517037578752,0.00714588976510342,2.49436342027893e-05,2.19979127579322e-05,1.4319328658851e-10,8.62605516216146e-06,4.95433038593994e-05,-815.23532756912,0.10025571167569,0.0803242617155374,1,0.53543655819055
"quadratic",400,"stan",40,972.448,8987.81877691876,8520.7922815194,230.273369462139,252.708838564871,9493.12272354614,4303.05606048911,8386.08874959034,4601.27327987699,9.24246723415417,8.76220865436444,0.236797617417218,0.259868742148548,9.76208776566576,8.62368861840462,0.00290015844303913,0.00267830395652852,1.44408103579049e-06,0.00101539911247709,0.00524305971740772,2.2327113673374e-05,2.04960053747815e-05,7.96777036635433e-11,8.61491835671417e-06,4.02246226244754e-05,-784.591812283618,0.0914378167720735,0.068785809774643,0.995,0.509116254334829
"quadratic",400,"stan",41,887.915,8673.62745794778,9180.13262675986,195.196004441892,195.038352462829,9440.38669110347,3048.35558293582,8815.54130566287,3212.13901806677,9.76853353975075,10.3389768466124,0.219836363212573,0.219658810204614,10.6320838043095,9.92836173019137,0.00303533068316055,0.00280932243831773,1.64456894343896e-06,0.0010234082108504,0.00553112806130583,2.32334027237174e-05,2.08588619447829e-05,1.01265183225273e-10,8.76094636763654e-06,4.43450972969178e-05,-801.545762887751,0.0908757182217549,0.0743579732202155,1,0.511911801215398
"quadratic",400,"stan",42,747.267,8913.63385389576,9367.48232999048,147.024051897717,279.279795126834,11104.227577002,5080.09392392233,10065.0554062083,3285.67115454695,11.9283119071172,12.5356563718062,0.19674902263544,0.373734950328107,14.8597858288965,13.4691554775045,0.0027986988030683,0.00253922565600321,1.53020188527229e-06,0.00099799455760224,0.00526989047500811,2.35686973192248e-05,2.15345764687305e-05,9.17601690802008e-11,8.88647831076649e-06,4.34161062064318e-05,-786.693559687679,0.116924544652381,0.0940354914168819,0.9625,0.500107620207943
"quadratic",400,"stan",43,855.25,8778.75633938405,8955.45453933879,163.093034390619,201.758761914417,9757.64848794207,4013.91480980964,9248.68549461955,6779.4540367529,10.2645499437405,10.4711540945206,0.190696327846383,0.235906181718114,11.409118372338,10.814014024694,0.00275128339200643,0.00251024786651789,1.54352745530936e-06,0.000960889542554694,0.00502705866988458,2.16332463342997e-05,1.99135371045416e-05,7.84271301579524e-11,8.32494614653314e-06,3.93577662120855e-05,-785.847890943857,0.0982677464042892,0.0793946770454655,1,0.50442429727598
"quadratic",400,"stan",44,1010.303,6057.05509967488,7253.67357890532,156.712728794267,167.588085247336,9400.65958191346,4734.68428582699,8327.01013643331,3762.99170897137,5.99528567140242,7.17970111828364,0.155114583243114,0.165879033564521,9.30479230677674,8.24209186395894,0.00286891838076511,0.00261636354986185,1.60784460685135e-06,0.000889739894204253,0.00523724364548302,2.47419157392045e-05,2.26633223587955e-05,1.06722365071767e-10,8.77853148026678e-06,4.45335290582596e-05,-775.238356439611,0.105524026573951,0.0788927689085772,0.9675,0.516306491781169
"quadratic",400,"stan",45,1018.764,7702.15715032132,7251.79651136101,236.834679585872,132.381631800181,9552.14184247925,3011.85207527587,8031.73251035485,2841.21025952169,7.56029576066814,7.11823004283721,0.232472564387701,0.129943374324358,9.37620669996118,7.88380087081488,0.00305155118452246,0.00280142222665815,1.56792265509986e-06,0.00111546660335923,0.00574108588305991,2.56843229172119e-05,2.26473003199377e-05,1.74281018074034e-10,9.1077929256828e-06,4.95689611727555e-05,-775.024428563993,0.0957835460283926,0.071175696813532,0.955,0.511900373465238
"quadratic",400,"stan",46,691.259,11951.0861535978,11937.9545095302,209.023819750833,225.584920412062,10960.6091165439,3257.11675703866,10066.7410576633,3113.48084412958,17.2888687938931,17.2698720877851,0.302381335723417,0.326339216432715,15.8560092766154,14.5629077634624,0.00317906176188695,0.0028112175319017,2.41957015396048e-06,0.000992373669965147,0.0062119342325987,2.38606356509291e-05,2.16455897761174e-05,1.00987048650406e-10,9.09258206674811e-06,4.33466587221342e-05,-804.344338479666,0.0863437402945615,0.0625389131280771,1,0.518512332057923
"quadratic",400,"stan",47,798.27,10588.1170882894,10825.940001058,158.436549432641,200.463297367647,10637.2362960187,4717.83266862975,9506.61048931265,5956.2191835991,13.2638293914207,13.561752290651,0.198474888737697,0.251122173409558,13.3253614641897,11.9090163595183,0.00273455535904784,0.00247023829185524,1.37707046960321e-06,0.000925904841365061,0.00508188063405446,2.14455338204649e-05,1.97854557993028e-05,7.56819498510559e-11,8.30064435907297e-06,3.90105075313774e-05,-793.592580728098,0.0778034521884332,0.0577659952211114,1,0.501556233541799
"quadratic",400,"stan",48,959.135,9196.49536300082,9231.66471836891,234.852734693615,215.690071518731,9486.40149746495,4961.76829696065,8980.28159458634,5613.68642270773,9.5883221475609,9.62498993193754,0.24485889337123,0.224879783887285,9.89058005125968,9.36289635409649,0.00270062213777857,0.00245873081148666,1.41396987156488e-06,0.000918356792466213,0.00505354058640793,2.15092350665564e-05,1.9613240529074e-05,7.45737157199136e-11,8.71924884550651e-06,3.88097295591848e-05,-799.07851735956,0.0727886198447413,0.0601399839149469,1,0.508638285963129
"quadratic",400,"stan",49,913.008,4078.01538341123,4051.28444439459,177.988512945955,224.735218937241,9205.42308252538,2492.00760302307,7585.63497922264,2498.39537701619,4.46657135908034,4.43729347869306,0.194947374991189,0.246148137735092,10.0825218207566,8.3083992464717,0.00326757091668028,0.00294295209875771,2.38554755347966e-06,0.000895297122615302,0.00625122884569471,2.72424882346562e-05,2.48357367476411e-05,1.31157072866983e-10,9.89717649673428e-06,5.01542296562786e-05,-778.964056956394,0.132658998895927,0.108636526171612,0.995,0.525970617949635
"quadratic",400,"stan",4,926.187,7204.59541457892,8310.24432309696,168.388174525009,154.917170796783,9056.03850012036,4622.54300143643,7810.30020198072,3384.16048108242,7.7787697458277,8.97253397326561,0.181807965912941,0.16726338287709,9.77776464161164,8.43274652093013,0.00334015345767019,0.00303677038039817,2.23092297492951e-06,0.00105523778554556,0.00636862523498493,2.43152837538616e-05,2.22861533765934e-05,1.06748554240811e-10,8.58391431380964e-06,4.45500396382679e-05,-787.954469252395,0.0957068427716957,0.0715645306074387,1,0.531217270620924
"quadratic",400,"stan",50,738.218,11739.8972722466,11721.4363227925,224.378344784589,240.464892107476,11406.121163813,3611.12608849099,10060.3489578217,5692.07163022903,15.9030222403769,15.8780147907427,0.303945914058705,0.325736966732694,15.4508846489967,13.6278835761546,0.00297994504950496,0.00274593083157079,1.71885444699567e-06,0.00104654455945727,0.00558252857362325,2.32892769230925e-05,2.14706474273182e-05,7.99725689338922e-11,9.2642196327936e-06,4.08657513756372e-05,-772.119681566924,0.125483120940305,0.0932220742603252,0.945,0.522715114547158
"quadratic",400,"stan",51,1006.88,7484.97601552811,8132.81583627499,176.888923077993,215.340876404452,9099.04670307576,2460.64901676381,7525.70016719148,3647.7210254983,7.43383125648351,8.0772443948385,0.175680243006111,0.213869454557099,9.03687301672072,7.47427714046508,0.00357203538908627,0.00315033441572013,3.10328232192706e-06,0.00102975341213333,0.00718424826421374,2.27619033800151e-05,2.12709742098689e-05,7.90014879434897e-11,8.36917813931569e-06,4.03704080889987e-05,-797.77605488426,0.110214148803682,0.0866320947108081,0.9825,0.531353522642276
"quadratic",400,"stan",52,945.539,7900.79237504907,7965.55013904865,207.647513309577,213.931496637014,8883.5520649419,3593.11138316819,8579.44551134922,3491.0709078489,8.35586091641811,8.4243485874709,0.219607560671297,0.226253487838168,9.39522543749322,9.07360300458175,0.00299044155385366,0.00276785949229683,1.48634603132045e-06,0.00107177168543809,0.00542726006208051,2.43535285230275e-05,2.24433224662819e-05,8.99272921907065e-11,9.8997483446468e-06,4.33964714376339e-05,-783.898327815678,0.140267796568881,0.112812546176942,0.9275,0.524112549982075
"quadratic",400,"stan",53,749.776,11559.5027754612,11771.8855382873,151.597993996133,208.516412742172,10654.6332061737,2320.68730322108,8775.97132150077,2045.82997900643,15.417274993413,15.7005366113176,0.202191046387365,0.278104944332936,14.2104217875389,11.7047909262243,0.00394790975853564,0.00356601644746294,3.36834731077427e-06,0.00109889974581189,0.00766492454724549,2.54100193166104e-05,2.32436069845201e-05,1.19029142840842e-10,8.81159762598621e-06,4.77445447180814e-05,-784.909822459152,0.10698127282135,0.0844476471915167,0.9925,0.549058607549362
"quadratic",400,"stan",54,769.689,10308.6653536746,9083.30998527864,201.77726616968,260.689449676348,11031.4844111301,3090.37443837929,9269.95510068839,3547.05722986216,13.3932865789619,11.8012729625584,0.262154280715562,0.338694524251155,14.3323919285973,12.0437671587984,0.00298864222834344,0.00273207030798402,1.68845010924405e-06,0.00107540544997694,0.00555009590348869,2.26936308754802e-05,2.09461693864513e-05,8.37755478581125e-11,8.82210496360627e-06,4.12318953184476e-05,-784.440610552724,0.0895979667516715,0.0740921160937464,0.9875,0.509971910832813
"quadratic",400,"stan",55,1068.47,8218.44142936655,8337.2223106903,147.77794110272,217.241131745842,9282.49993343307,2736.61344425001,7957.17908508878,4548.87891125455,7.69178491615726,7.8029540470863,0.138307992833416,0.203319823435231,8.68765611896738,7.44726486011659,0.00312031962617858,0.00283078232428532,1.96577823181522e-06,0.000942658849121481,0.00590357555131123,2.58073636019912e-05,2.32821784417223e-05,1.21695468560569e-10,8.36261983051673e-06,4.84352669417259e-05,-771.856009354939,0.117588084714303,0.0986933570661136,0.9825,0.516867447983068
"quadratic",400,"stan",56,737.362,10979.5120305388,10560.523448623,138.240505893081,195.063698453261,11128.1604061628,2305.00393248533,10132.3686914541,4616.97726184486,14.8902601850092,14.3220337481766,0.187479834725794,0.26454265130731,15.0918550266529,13.7413762730574,0.00338924333904182,0.00306352760838259,2.38414746477451e-06,0.000949562904074574,0.0064802453102348,2.46691964869928e-05,2.23459798726434e-05,1.12467023867453e-10,9.43376340286101e-06,4.58130404622e-05,-790.724451835088,0.0984255391850057,0.0826635601523281,1,0.527967431329815
"quadratic",400,"stan",57,1104.205,9169.13713596614,9085.75626413624,221.364414198302,226.317521440677,9790.08162881364,5070.96904681873,8646.20959036057,5226.59315871369,8.30383591449608,8.22832378420333,0.200474019043839,0.204959696288893,8.86618121527582,7.83025759742128,0.00301817450251872,0.00273333318870383,1.79236749235528e-06,0.000997564504073889,0.00563097914062888,2.32729477636691e-05,2.153554255851e-05,8.72258236554968e-11,8.44526945729583e-06,4.21649908339567e-05,-790.529587143035,0.0863831672122251,0.0707610739254518,1,0.511167273141062
"quadratic",400,"stan",58,730.213,10258.7139382005,8313.89483446897,221.511337004418,195.616895835616,11151.7157352416,2527.11610385125,9793.04260848875,3277.48499485356,14.0489335826676,11.3855749411048,0.303351675476084,0.267890185241314,15.271866887116,13.4112137259796,0.00343642178854953,0.00310614157534844,2.60896958004463e-06,0.00104498060662761,0.00658992934899646,2.4374732075728e-05,2.22280531514841e-05,9.64784610357682e-11,8.68085935821175e-06,4.42023869525134e-05,-774.446391302121,0.128048797500612,0.109702371204939,1,0.542985029790242
"quadratic",400,"stan",59,773.826,10317.711498069,7979.28788556916,164.95656082995,167.898501128378,10185.9596895478,1657.88538993687,7975.20817872632,2900.01153715838,13.3333740376635,10.3114755585483,0.213170093573944,0.21697190470258,13.1631137872698,10.3062034342686,0.00413256714588086,0.00365689894360195,4.25450584919046e-06,0.00116528915308746,0.00825655339135213,2.55572893025918e-05,2.36884028633725e-05,1.15925078081595e-10,9.27917609255671e-06,4.68803915907042e-05,-794.65590696225,0.107189039722891,0.0787119105716078,0.985,0.551693996220538
"quadratic",400,"stan",5,973.678,7888.57406781815,9102.77126647899,156.234017578394,263.742685821792,9274.11323514755,3435.22250158325,8491.12887798068,4767.00742451465,8.10183044889394,9.34885174203277,0.160457582053198,0.270872594247577,9.52482569714788,8.72067447141733,0.00282577337329843,0.00256287443082067,1.45813430116071e-06,0.000974161921305598,0.00529678695436374,2.29574827431187e-05,2.12015166936189e-05,7.58416327787684e-11,9.3868793828416e-06,4.0450118200015e-05,-786.892449880904,0.0866161940940763,0.0692261850406144,1,0.512349907581708
"quadratic",400,"stan",60,967.692,8701.0019595734,8768.25197279543,182.300041877519,240.19391589979,9610.74857672829,4878.65447843909,8500.351254159,5062.41851488367,8.99149931959074,9.06099458587591,0.188386430679926,0.248213187563594,9.93161933417687,8.78414955808149,0.00286679757625011,0.00261206191881684,1.46942715339942e-06,0.00100440361234117,0.00531086171776904,2.22316054591711e-05,2.06709657861472e-05,7.91991471932359e-11,8.12882207603969e-06,3.9806296310984e-05,-770.208745822263,0.0890767043801675,0.0748529669173632,1,0.507856766178411
"quadratic",400,"stan",61,915.73,8029.15552490987,8600.49638045047,218.895196077915,243.662886814837,9589.64231890372,4155.20718740575,8221.24105896664,3711.29159565465,8.76803809519167,9.39195655973974,0.239039013768158,0.266085949804896,10.47212859566,8.97780028935018,0.0029376498296849,0.00269880734223643,1.57371592727691e-06,0.00100094417601754,0.00542079328127792,2.363456399143e-05,2.14943112071688e-05,1.03105725820493e-10,9.39080531303388e-06,4.38029320770952e-05,-784.838811771886,0.131075804946642,0.110186016621982,1,0.516726933380995
"quadratic",400,"stan",62,725.976,11813.208531957,10482.128876376,162.411964898104,194.351008175241,11443.7073438512,2315.25349511054,10084.7660256282,4500.75076830661,16.2721750195006,14.4386713560448,0.2237153361793,0.267709963105172,15.7632033894388,13.8913215114938,0.00342261484346475,0.00308802606413393,2.32197105593151e-06,0.00107793109098634,0.00646484036642384,2.27216358175123e-05,2.08902444667952e-05,9.23167147642355e-11,8.5684304901633e-06,4.16239369418871e-05,-802.909125486914,0.093524865613227,0.0729916605304312,0.9975,0.529933232426159
"quadratic",400,"stan",63,803.219,10018.9938230942,10468.7428007791,229.140937076985,174.503304320472,10206.3314805077,3855.68939809216,9485.2085592212,3532.21154905003,12.4735518247131,13.0334850156421,0.285278282855591,0.21725495079234,12.7067854227896,11.8089942583794,0.00300753952264367,0.00274056278326639,1.57770117088229e-06,0.00103879742995955,0.00557685158295856,2.2645144149992e-05,2.0585854707475e-05,9.47212769537797e-11,7.96274924107361e-06,4.16350417487388e-05,-767.15842211078,0.0988301848157671,0.0808956810340889,0.9875,0.518235140430545
"quadratic",400,"stan",64,813.156,9178.04332292027,9534.13934010761,233.829196516602,215.819408012455,10441.9387060134,6693.30901679538,9499.45045548449,6422.6860839455,11.2869404184686,11.7248588710009,0.28755761073718,0.265409599157424,12.8412490420207,11.6821993018369,0.00269266524184063,0.00248944475301739,1.20073860764467e-06,0.000963368817622148,0.0049172773513213,2.20010461699658e-05,2.00367384139901e-05,8.85979916771951e-11,8.34625274487134e-06,4.07509344170903e-05,-782.90913294653,0.0835711611110378,0.0720781803231269,1,0.498251657293327
"quadratic",400,"stan",65,887.744,8206.08767276511,8161.10385105821,226.08327169411,231.517790566836,9375.43386474182,4495.14624821859,9342.29503116409,4137.39464330763,9.24375458776979,9.19308252272976,0.254671697802644,0.260793416307895,10.5609656215551,10.5236363536831,0.0024302156040979,0.00224704401910508,9.98965401017102e-07,0.000922127225497539,0.00435007718353283,2.07890323036259e-05,1.88870165020848e-05,7.03694143506919e-11,8.32894191424816e-06,3.7243022740888e-05,-782.343853186531,0.0983326875539294,0.0778395227426309,1,0.491676315112294
"quadratic",400,"stan",66,777.412,10107.259636217,10752.319245871,120.358179821052,205.823005217721,10724.9069062922,3768.90165924057,9274.67659773191,5008.25702861749,13.0011623646367,13.8309149406892,0.154819040381487,0.26475408820255,13.7956539213341,11.9301947972657,0.00315109015293061,0.00280028326576507,2.26262612075935e-06,0.00101295238396756,0.00619752371012554,2.24706056902314e-05,2.03350997273549e-05,8.74361551323232e-11,8.68872904265136e-06,4.13572736625125e-05,-789.334213790233,0.0893736516449606,0.0725350591805936,1,0.521039434156536
"quadratic",400,"stan",67,789.716,9999.20728094103,11530.8056301615,230.185247678653,219.945310973044,10566.7919979416,4753.40294013178,9133.33254039342,3870.0540731245,12.661776234673,14.6012055348524,0.291478515920474,0.278511909310491,13.3804962770687,11.5653380967252,0.00296347406970119,0.00266791798954261,1.76233946211111e-06,0.00107206869258746,0.00569830053131284,2.31838720944575e-05,2.10560477709865e-05,9.60774595538249e-11,8.91791297426723e-06,4.3672047009672e-05,-801.657039261072,0.0924105737311131,0.0728398189282172,1,0.511222637281628
"quadratic",400,"stan",68,728.428,10100.0868973885,10707.4334363575,174.201424439564,301.860436594002,12070.5930303336,5940.43394507116,11777.7350031354,8318.72236436439,13.8655939878595,14.6993710241197,0.239147073478181,0.414399826192846,16.570742791784,16.1687016467453,0.00255782388582901,0.00232341898598918,1.10999980176367e-06,0.00103022816201343,0.00470290662909013,2.07565736277565e-05,1.91503244791849e-05,6.00025447628706e-11,8.41681241070967e-06,3.60680637620694e-05,-805.175769150195,0.100347022649788,0.0742242066682556,0.9925,0.49509195712341
"quadratic",400,"stan",69,717.998,10968.3948233749,11408.8689378245,166.368283221748,244.841483809928,11481.2948515317,5238.78291384109,10236.68178437,4925.99287685741,15.2763584625235,15.8898338683736,0.231711346301449,0.34100580197985,15.9907058954644,14.2572566836815,0.0030348194004561,0.00274951481280959,1.91838913713447e-06,0.00101027073147762,0.00580450641240541,2.38671462734863e-05,2.18918082602509e-05,9.13414871375074e-11,9.02117488274493e-06,4.26909273975966e-05,-780.479779280556,0.125816610565818,0.0913924674680358,0.9475,0.518784217081377
"quadratic",400,"stan",6,785.153,7742.56921758747,7421.15868587188,175.504614386282,215.844800411636,9439.79427679429,2287.36146366135,7499.21949149429,2835.39169277537,9.86122350368331,9.45186312205631,0.223529190344152,0.274907948401949,12.0228723278065,9.55128426114946,0.00445902034879119,0.00392491301523218,5.50251161446156e-06,0.00109809303124354,0.00902402872795777,2.68554985282714e-05,2.48418343342146e-05,1.23703948336495e-10,9.25722186049307e-06,4.87809450059607e-05,-780.150071011343,0.138045246335246,0.110030821250628,0.99,0.565385246173166
"quadratic",400,"stan",70,806.187,9932.5464435674,10437.794815635,167.977240144995,182.890813137595,10350.6060397051,4990.81244830143,8995.12561040783,3076.98126316842,12.320400159724,12.9471137783603,0.208360144910542,0.226859045280556,12.8389642101709,11.1576167941282,0.00309294264253232,0.00287720408333705,1.49333764982099e-06,0.00109268573393381,0.00547302126360405,2.55329668891953e-05,2.2999440422209e-05,1.33790296167218e-10,9.09083470440151e-06,5.0018132331669e-05,-788.552280577742,0.0965873263796472,0.0777686954762771,1,0.522137029063503
"quadratic",400,"stan",71,741.96,9266.11606815691,9131.48625234731,143.47151890322,130.515095801751,10872.6601244271,2707.26568725421,9544.47639446394,3136.41001618786,12.4887002913323,12.3072487092934,0.193368266352931,0.175905838322484,14.6539707321515,12.8638692038168,0.0033871343060123,0.00310134862396187,2.27143008271373e-06,0.000946731074640376,0.00631692870256293,2.53326186269676e-05,2.25143537474173e-05,1.40265254635456e-10,8.81523254609334e-06,4.79219597055958e-05,-793.531851107119,0.107676775114282,0.0890950377557899,1,0.521597078774584
"quadratic",400,"stan",72,778.398,9577.33763350981,10460.6068562027,210.324609368535,235.063662755207,11303.7980765043,4472.47571124878,10038.5654889328,5036.89650505863,12.3039083264728,13.438635320495,0.2702018881967,0.301983898667786,14.5218745121445,12.8964430650295,0.00277140049751175,0.00254056492897496,1.29508984745486e-06,0.000950216048150717,0.00509467101972994,2.18539267385618e-05,1.98679157732147e-05,8.93377950921652e-11,7.75821573532668e-06,3.97350252224622e-05,-830.049148804622,0.0725559296258418,0.0564990127919009,1,0.503996929109535
"quadratic",400,"stan",73,770.395,10161.7297402793,10461.2358061031,271.432581992257,242.052422660473,11069.818409801,6210.6147992362,9817.53635189557,4414.57560702107,13.1902851657647,13.5790546487231,0.352329106487265,0.314192618929865,14.3690164263799,12.7435099551471,0.00278291516192605,0.00258556214743496,1.20335931228688e-06,0.00101553402501497,0.00493385130417588,2.24622870808472e-05,2.08868999386887e-05,7.03844790647991e-11,8.80330419511182e-06,3.94525106369875e-05,-770.112016047833,0.101512439473157,0.0835169541801062,1,0.511334407093059
"quadratic",400,"stan",74,770.664,8998.48621631336,8839.06206188052,156.931523493,221.129551578662,10265.1568727332,1993.97676276058,8567.32452769061,4798.137326746,11.676276842195,11.469410874104,0.203631574191866,0.286933801992388,13.3198863223573,11.1168090473807,0.00353215782993379,0.00316986891544041,3.06456011132025e-06,0.00106705520976932,0.00692006063018989,2.5051768336216e-05,2.31701705783534e-05,1.01661425098619e-10,9.69261560695508e-06,4.46437527541009e-05,-789.623765838451,0.10230575841599,0.0823288343662774,1,0.527012182239605
"quadratic",400,"stan",75,851.167,7145.0574505553,6521.7914636831,204.225975533067,151.220702843512,9709.85348599213,4030.1020305174,8722.29207987986,4810.06086543465,8.39442489024515,7.66217612252718,0.239936434957026,0.177662788669571,11.4076949482207,10.2474509466178,0.00296364943197431,0.00273746929347666,1.60415414075889e-06,0.000995626476121097,0.00546689146920007,2.41630597903737e-05,2.18051389425584e-05,1.31017755269563e-10,8.53655021073758e-06,4.41514825680222e-05,-788.109358845483,0.0727174672813022,0.0561959807149631,1,0.507868591677825
"quadratic",400,"stan",76,738.004,10447.01927994,10964.5197953582,226.473636975289,196.146584719606,10840.2211645804,5637.69025035811,9321.00065724112,3130.21356680102,14.1557759577726,14.8569923677354,0.306873183580697,0.265779839566731,14.6885669516431,12.6300137360246,0.00336036660782973,0.00306333409014291,2.13991981177029e-06,0.00114479994805877,0.00626134622847394,2.59379522812257e-05,2.3764961797933e-05,1.27730190975723e-10,9.15112843824666e-06,4.66201998135156e-05,-760.919394633605,0.108140483214326,0.0925667271416932,1,0.534482230360287
"quadratic",400,"stan",77,755.334,9525.93983088694,10337.68896673,216.238644504084,127.981742365557,10497.3568216925,3621.76468075584,9258.4671459457,4292.01254810961,12.6115596952963,13.6862486883021,0.286282153992914,0.169437285181863,13.8976357766133,12.2574478918541,0.00331112582781304,0.00306287737021148,2.06563949814996e-06,0.00116295357887027,0.0060810984759182,2.36800502347729e-05,2.12892783873864e-05,1.25948476632615e-10,8.75593620401473e-06,4.42551233027091e-05,-778.592007438742,0.110857750765271,0.0934108166324167,0.9825,0.523955244601657
"quadratic",400,"stan",78,739.232,10584.4874142407,10384.2329962369,200.058760226652,233.36273386086,11748.8914622553,4413.91218141754,10548.8454546307,5700.80928328534,14.3182213624961,14.0473261387993,0.270630546603302,0.315682673180895,15.8933751004492,14.2700065130172,0.0029632667808739,0.00273954760717446,1.40649420420336e-06,0.00104518914532913,0.005378797823529,2.24597167384313e-05,2.0784469177708e-05,8.15691185224845e-11,8.26878925623432e-06,4.14327128115148e-05,-774.103257938688,0.109695281868821,0.0824834958430203,0.96,0.521358388263903
"quadratic",400,"stan",79,838.853,8794.05931792944,9544.7774245883,149.846734895425,278.042209149895,9731.33744367016,3036.16028566548,8812.72895898603,5093.22475886064,10.4834331139418,11.3783671568061,0.178632889070463,0.331455224157147,11.600766098077,10.505689267352,0.00314057668707523,0.00273565756797323,2.90015173149053e-06,0.000915363701263384,0.00633186953738261,2.17862778761898e-05,2.03148903635661e-05,6.46207071978563e-11,8.692744537343e-06,3.75390160556001e-05,-790.718935530352,0.133266435582133,0.105185773365816,0.9825,0.525803626574747
"quadratic",400,"stan",7,863.303,8083.3142374737,8410.20546850463,179.421738069939,282.707127042962,9900.26237774761,6133.67594369882,8878.19205077905,4630.52464481223,9.3632412229237,9.74189301844732,0.207831709226006,0.327471498469207,11.4678883054358,10.283981465116,0.00280135640509263,0.00254861542193508,1.44741948631937e-06,0.000860374885466708,0.00526876982223032,2.3858684085495e-05,2.19683607183439e-05,8.74432988763222e-11,9.10824681804321e-06,4.21204776821958e-05,-782.746011416429,0.122095116072821,0.0931579294838125,0.975,0.516856414179059
"quadratic",400,"stan",80,852.584,8244.33519355653,9284.78415289167,203.231069221819,240.693003752886,9824.58022906962,3268.73174133512,8505.60332643239,3944.4629739141,9.66982161705654,10.8901693591384,0.238370728540319,0.282310017256817,11.523298852746,9.97626430525601,0.00306334994926931,0.0027640454885186,1.90453367783517e-06,0.000970234656364194,0.00577760444276617,2.35008427663286e-05,2.12570794690215e-05,1.0798201983544e-10,8.80425038783083e-06,4.47636671067852e-05,-787.148933401004,0.116048249692251,0.0897924302471433,0.98,0.518181306444052
"quadratic",400,"stan",81,742.93,10764.6631162381,11349.354786859,197.084864923552,214.545472589363,11218.810373385,2769.4400565852,10221.9814575983,6258.25330106994,14.4894715736854,15.2764793276069,0.265280531037314,0.288782890163761,15.1007636969633,13.7590102130729,0.00308801135761841,0.00280457316045728,1.81456342606606e-06,0.00115236131027817,0.00580757613844527,2.35793520517729e-05,2.1810495592571e-05,8.4555060790942e-11,8.79237798710498e-06,4.16603833744746e-05,-773.91448337851,0.154759437467612,0.116201266437457,0.9,0.52328639655626
"quadratic",400,"stan",82,829.556,8781.58490571473,8629.18561918832,178.409758015656,231.143908274659,9774.11518196226,3359.62757199105,8284.21522499325,4546.6698312161,10.5858855890558,10.4021737160461,0.215066563337082,0.278635689784245,11.7823452328261,9.98632428069141,0.0033437305090411,0.00304529664011712,2.34354843016999e-06,0.00108772085331168,0.00631114129633778,2.18635455941713e-05,2.02823746109786e-05,7.84996416602533e-11,8.61833445135107e-06,3.90379684685901e-05,-784.794951217714,0.102546630875901,0.0822845254521549,0.985,0.531208115338226
"quadratic",400,"stan",83,701.392,10835.3244684909,12181.9972689531,216.993597912435,189.034932623236,10778.9254449831,2759.48210443925,9767.02526287081,4358.32917493476,15.4483148774023,17.368315106179,0.309375638604996,0.269513955994987,15.3679047451112,13.9252019738902,0.00333980876056674,0.00296162469957584,2.53819372271469e-06,0.00107909364654972,0.00648316869162873,2.39265951192441e-05,2.17680780977748e-05,1.11382307027645e-10,7.82526599772165e-06,4.35252550010281e-05,-779.078913130799,0.117698615301454,0.0970868865073613,1,0.524147871472319
"quadratic",400,"stan",84,709.958,7136.2140170021,6740.18934356851,199.329139070651,148.641551198594,11117.5965666406,4035.27076551692,10090.2961424962,3491.28808260349,10.0516002594549,9.49378603180542,0.280761874745621,0.20936668253417,15.6595130509701,14.2125254486832,0.00293278974655895,0.0026633641511682,1.57816522603045e-06,0.00104950049524274,0.00551836865352807,2.60629287492661e-05,2.28672221205545e-05,1.6111529652693e-10,8.66987722110684e-06,5.12998899785289e-05,-772.583347121946,0.114431225869693,0.0933633745413101,1,0.516927697828734
"quadratic",400,"stan",85,735.707,9755.59492451742,9396.76313220089,168.762989975113,216.16699880871,11730.445644888,3122.34870678583,9764.64065721391,4037.26596378921,13.2601632504753,12.772425887209,0.229388859933524,0.293822131376635,15.9444529478285,13.2724585428899,0.00308465724382479,0.00279186862746269,2.07883489456541e-06,0.00101307212629476,0.00584838239875174,2.4178182269611e-05,2.20903678632903e-05,1.10905372714863e-10,8.85569965605098e-06,4.34522812905723e-05,-787.627091486175,0.110470988612831,0.0867961081027639,1,0.519215864042996
"quadratic",400,"stan",86,683.289,10022.0781793603,8950.95815231018,190.655531259844,223.922338787871,11088.5566650712,6780.22706679053,10553.9747039365,5712.68615739479,14.6674074650116,13.0998130400316,0.279026197201835,0.327712488841283,16.228208949758,15.4458431263148,0.00284428174803189,0.00263861042904668,1.2183078800816e-06,0.00109355187324049,0.00509984334327987,2.14163788051519e-05,1.97155302463466e-05,6.94519705080557e-11,8.65265987803999e-06,3.89972410898198e-05,-783.32532835138,0.105727165643924,0.0815809703913707,0.98,0.510692515253972
"quadratic",400,"stan",87,762.588,9963.02397001381,10116.6344282849,193.183782963444,198.610692687613,11029.3110798674,3704.57266868905,10023.9771681057,5677.47630371928,13.0647531432619,13.266186234618,0.253326544560686,0.260442981908465,14.463001096093,13.1446825390718,0.00302688814783593,0.00273582452371571,1.85779367457219e-06,0.00105454500949418,0.00575990919442025,2.19513172013618e-05,2.01722349640393e-05,7.50924244084177e-11,8.9744335912575e-06,3.96390984040728e-05,-799.136705766565,0.0982641082809819,0.0831435888829038,1,0.507592995021341
"quadratic",400,"stan",88,679.585,8263.82626390245,6667.46691738477,130.682587651972,179.22782275813,10799.6706378123,2260.40690961463,9629.60780667906,3857.67694025884,12.1601069239351,9.8110860560265,0.192297634073694,0.263731281235062,15.8915671149485,14.1698357183856,0.00317024722178551,0.00293836716785248,1.83553790875022e-06,0.00101316001348881,0.00583412851512647,2.39518723705913e-05,2.15200485087711e-05,1.20235202501432e-10,8.31252658906458e-06,4.45132229500683e-05,-810.153166188387,0.111238659613912,0.0869794623101428,0.9925,0.515763973974011
"quadratic",400,"stan",89,1006.225,9195.76243143353,9386.30712582303,185.247106561696,194.455564309189,9445.97751315294,4448.26582932695,8767.18231675585,5328.69969061308,9.13887294733636,9.32823883904995,0.18410107735516,0.193252567079122,9.38754007617872,8.71294423886889,0.00278613725031339,0.0025547986134249,1.42194267582691e-06,0.000995570223147549,0.00508314564535683,2.01601591348008e-05,1.840526703781e-05,6.76911322365022e-11,7.88292674986099e-06,3.69208959461353e-05,-798.536459650222,0.102772575180822,0.0843810308356714,0.985,0.506489598930954
"quadratic",400,"stan",8,972.162,8685.66964785907,8751.95719746655,210.119586490871,217.499743732357,9362.51348310711,4057.4412463745,8372.75263141157,3223.92220816842,8.93438505913527,9.00257076234881,0.216136391353366,0.223727880468849,9.63061041586393,8.61250761849525,0.00313108871996693,0.00286194516747971,1.76254193572722e-06,0.00111447573526645,0.00578061873752828,2.44115198191569e-05,2.29097992056109e-05,8.63871675919914e-11,9.67464814389012e-06,4.23120986076455e-05,-778.121023000474,0.118623677991616,0.0943902139901032,0.98,0.519142379035288
"quadratic",400,"stan",90,786.197,9589.59331747119,8975.24446938082,168.125819585744,201.384574446882,10080.2659948425,2133.39324787216,7716.24896565851,3871.70098401389,12.1974432838986,11.4160248250513,0.213846936055142,0.256150270793302,12.8215523524542,9.81465073723063,0.00421802789805197,0.00378225877992848,4.38448706457463e-06,0.00110004788237492,0.00844614964489989,2.21291174607064e-05,1.99402016833041e-05,1.2036745415945e-10,7.91206252321994e-06,4.04193045578223e-05,-816.870400628895,0.105268630832742,0.0885068066343764,1,0.545593630009982
"quadratic",400,"stan",91,711.48,10367.7873762736,10388.2121089973,192.956899422864,218.474928720914,11422.4363283825,3490.37510477059,10757.2185076197,6901.98369934642,14.5721416993782,14.6008490878131,0.271204952244426,0.307071075393425,16.0544728290079,15.1194952881594,0.00299389174324237,0.00270767636088026,1.78687697909523e-06,0.000991662785447418,0.00557733678465469,2.22544679630883e-05,2.00159754367904e-05,9.22028691550743e-11,7.92998027679733e-06,4.24933332061153e-05,-798.9360185772,0.152936121510414,0.118914032875116,0.9375,0.518621790254207
"quadratic",400,"stan",92,898.784,8548.72717553231,8920.2636561373,218.318537459817,161.071018855042,9581.2152946948,4042.43639452471,8687.12963344032,4585.78327722756,9.51143675847847,9.92481358828962,0.242904343490557,0.179209931257167,10.6601978836904,9.66542532292556,0.00307494987906577,0.00281884354799916,1.69163920946518e-06,0.00101588439121944,0.00569912266104714,2.37651941226283e-05,2.14990975441565e-05,9.90078247681947e-11,8.87758985420155e-06,4.39973198335495e-05,-781.139675574622,0.104158355804155,0.0865398869217101,0.9875,0.51671074571268
"quadratic",400,"stan",93,721.492,11125.2913969582,11777.7750651164,172.137308804109,153.747438571381,10977.8804698153,1906.98823728757,9869.38740185187,4934.20364269502,15.4198402712133,16.3241935671032,0.23858519402032,0.213096525770738,15.2155262564454,13.6791362923662,0.00375895940176603,0.00334785354665971,3.72935091823414e-06,0.00105922026498719,0.00719788133939301,2.42454816473463e-05,2.13720883583435e-05,1.30414785060418e-10,8.34783751602726e-06,4.7256159191646e-05,-804.183303566195,0.0891520257387149,0.0725273037425744,1,0.535587151713627
"quadratic",400,"stan",94,828.498,9257.92707243875,9209.30684328415,219.211496224644,176.94216581193,10426.9450056814,3666.95366433488,8611.51536743866,3759.6918744984,11.174350538491,11.115665750894,0.264589046955628,0.213569816477445,12.5853592955945,10.3941293369914,0.00302782490652107,0.00275945650109331,1.8965151447966e-06,0.000972554918272793,0.00558115784294955,2.40467444314853e-05,2.20695299447586e-05,9.87078310427715e-11,9.41126211060065e-06,4.43478547941116e-05,-795.430895647739,0.0838956352312592,0.0634257829039016,1,0.514452140118183
"quadratic",400,"stan",95,750.688,8076.18740766748,7314.82062982284,163.762978746018,212.488682761044,10504.8572114283,3174.18939601874,8626.71802886839,2233.56375200301,10.7583808555185,9.74415553442022,0.218150521582891,0.283058584606446,13.9936394499823,11.4917489407962,0.00345681944791138,0.00313565510501516,2.35893345400317e-06,0.00105653630972423,0.00634535245337318,2.81810355112036e-05,2.46068309212644e-05,1.8503747052464e-10,9.51169756991154e-06,5.6951213546578e-05,-772.890682955365,0.145894861680592,0.109317507520249,0.905,0.534246148839282
"quadratic",400,"stan",96,766.978,9889.08842692343,10371.5413272267,190.721536860352,168.895444243872,11212.3698583165,4808.02478257943,10054.5239976423,3649.10320551004,12.8935750789768,13.5226060294124,0.248666241874411,0.220208981540372,14.6188937079245,13.1092730138835,0.00280578003958366,0.00256476175192435,1.46527820783949e-06,0.000835497455478043,0.00511233243955076,2.16317647839459e-05,1.98223381763435e-05,8.1884785850724e-11,8.26382582112043e-06,3.91777928174993e-05,-762.355711519266,0.120445587092802,0.0951475947686708,1,0.518577314420932
"quadratic",400,"stan",97,849.906,9699.03166214283,9971.08113555537,194.324242460232,231.0520537646,9768.53467622072,3875.23356173767,8877.21491548534,4763.84353075532,11.4118875053745,11.7319811079759,0.22864204095539,0.271856009681776,11.4936648008376,10.4449373407004,0.00310679277735039,0.00278510998305158,1.94623746424137e-06,0.00100819419115025,0.00589400410700668,2.2677715337588e-05,2.0496881398709e-05,9.42265190390189e-11,8.47077925329053e-06,4.26653733058797e-05,-780.713896995959,0.108231168208076,0.0931521321647456,0.9775,0.519710323914231
"quadratic",400,"stan",98,782.405,9074.110460647,8900.14139081487,171.996619987364,260.193864830976,10815.3885074644,4365.21702855971,9692.43600382303,6212.78960381832,11.5977153272883,11.3753636426338,0.219830675912557,0.33255649546076,13.8232609805208,12.3880036602821,0.00287870447176212,0.00262168615940667,1.4876247813442e-06,0.00107973888764818,0.00545290290861554,2.38393262109719e-05,2.18121111100377e-05,9.74516994536541e-11,8.83546468112614e-06,4.35521962084409e-05,-776.127249730449,0.0798676998708309,0.0616168218386621,1,0.51630419889714
"quadratic",400,"stan",99,710.693,11319.6610652568,10409.7951185343,154.518731361107,210.358908427761,11883.5501291713,4887.06093328565,10790.948391251,4639.76488870576,15.9276383266148,14.6473865910236,0.217419802025778,0.295991248580978,16.7210738380303,15.1836987155509,0.00281236670237461,0.00257260616739746,1.54579493216865e-06,0.000964261491302175,0.00543087054929475,2.22941531891732e-05,2.02876849355199e-05,8.66614547016108e-11,8.74441365040851e-06,4.09941079761771e-05,-785.129893400854,0.084967070275087,0.0711241510722341,1,0.510541806332263
"quadratic",400,"stan",9,727.315,12251.1823649452,11301.6403721709,152.570827896196,193.570960460822,11628.389436674,5124.74542559844,10893.8418682627,3070.15341290697,16.8443966712432,15.5388523159442,0.209772695319354,0.266144600978698,15.9881061667558,14.9781619631972,0.00280749751685093,0.00256396026706973,1.37787518484939e-06,0.00107937948397969,0.00517843984473844,2.47515474763137e-05,2.22548368071436e-05,1.26048760490215e-10,8.76501183041977e-06,4.64443684094777e-05,-782.45631276971,0.113248893946126,0.0889496234358813,0.9875,0.515321328911307
"quadratic",800,"stan",100,2117.205,8441.83550984536,9099.70077383776,104.508886636258,177.954305500353,10060.311706655,4201.93241566183,10174.3283945491,6409.40499404271,3.98725466350465,4.29797812391231,0.0493617229490095,0.084051523352889,4.75169466662652,4.80554712205434,0.00208535071216797,0.00199913637831623,5.21024148030718e-07,0.000866061839279286,0.00352702768004343,1.30379601897155e-05,1.23989692225493e-05,1.82743410774244e-11,5.86875803600469e-06,2.11696758496108e-05,-1569.94003218599,0.0971612720975505,0.0780316165620711,0.9925,0.46920697039837
"quadratic",800,"stan",101,1914.464,9195.10431450585,10339.8855293106,163.439546541166,239.652524118546,9721.23474229661,2507.29553221669,9544.05771415629,5884.86382855104,4.80296538065268,5.40092972722943,0.0853709166331496,0.125179958525491,5.07778403892505,4.98523749423144,0.00217295015490894,0.00204588737325073,5.83501671358381e-07,0.000955630918429327,0.00358676065669112,1.26297960189656e-05,1.19742200513947e-05,1.46929825189201e-11,6.10144852478385e-06,2.01762737280684e-05,-1571.22649701952,0.0901285757613939,0.0724524047753071,1,0.473802666341934
"quadratic",800,"stan",102,2700.022,10195.6726097157,11891.7392186615,118.536067904002,180.341504549784,12467.8312738277,3164.81882202386,12589.9109943232,7847.71864370664,3.77614427205248,4.40431197177707,0.0439018896527518,0.0667926055972077,4.61767766108118,4.66289200396264,0.00210617428791329,0.00196991299977404,5.57708899560137e-07,0.000895402355208892,0.00364103803212034,1.2867015286484e-05,1.21883475907692e-05,1.5641658703332e-11,6.38092143297118e-06,2.10495090012389e-05,-1586.29475094684,0.0792653777314767,0.063612686940331,1,0.470294767907653
"quadratic",800,"stan",103,2081.309,6783.17628523557,6971.53654292496,153.382876221256,151.168932629634,9860.33622136794,4019.65410418361,9483.71851458782,5404.54827014924,3.25909141085517,3.34959227242325,0.0736953889217104,0.072631662395941,4.73756478320515,4.55661245619359,0.00212612363099717,0.00200361055945251,5.16783079541422e-07,0.000948054302217573,0.0035770764675703,1.31366966005406e-05,1.2324270084884e-05,2.02146573162625e-11,5.96531750386268e-06,2.16813997379026e-05,-1565.43729664346,0.11034946221392,0.0880787452494823,0.97875,0.474385438331142
"quadratic",800,"stan",104,2545.959,12302.7006677483,12809.0907676219,205.998311887422,222.120520463078,12238.4861889852,9354.80856627718,12253.4294981108,8566.1809395438,4.83224618611229,5.03114573629107,0.0809118732420367,0.0872443430797897,4.80702406793872,4.81289349047285,0.00187106883881727,0.00178178185706695,3.59174200126112e-07,0.000907907837344849,0.00305393474310881,1.1866437073928e-05,1.12888478674595e-05,1.10951483141521e-11,5.74841604796263e-06,1.85510547844105e-05,-1581.25215815583,0.0882033051097414,0.0727456704596547,1,0.457414948592717
"quadratic",800,"stan",105,1953.252,7874.84219178078,8360.08911129105,125.910146260111,95.2958221542374,9769.58828270118,3464.98891909175,9454.86977422835,5702.74477573446,4.03165704772389,4.28008731658335,0.0644618033208776,0.048788288533296,5.00170396994406,4.84057857062394,0.00230957443511228,0.00216808018004641,6.85397385925871e-07,0.000934492268099865,0.00388362834223546,1.28773440030589e-05,1.20734518293618e-05,1.8955461926244e-11,5.94897768489225e-06,2.16677961155962e-05,-1590.30703067621,0.0965039867118112,0.0768016558136001,1,0.477867754860346
"quadratic",800,"stan",106,2581.994,12242.1237946138,12030.2798021359,108.132378731146,113.445219902112,11512.5850366507,3339.83288565517,11897.6560382774,7512.87727316624,4.74134478802577,4.65929812468034,0.0418794074390358,0.0439370579103253,4.45879620039809,4.60793326331407,0.00239246422218843,0.00222058795935735,8.27684072865272e-07,0.000933844002365459,0.00419446299494582,1.2085782180022e-05,1.13328154670612e-05,1.59139407378473e-11,5.69419560883839e-06,2.03480277223847e-05,-1584.20724031581,0.0829098819747347,0.0672262100938682,1,0.477602840451162
"quadratic",800,"stan",107,1828.478,9275.43240133063,9633.98894153065,175.693896268838,174.27343285447,10211.4772738852,5567.14786136569,9882.42892324779,6072.48445321557,5.07276128087438,5.26885690805722,0.0960875089931833,0.0953106533709839,5.58468697675621,5.40472946529725,0.00204429930536473,0.00194711232154955,4.4154634545044e-07,0.000945887421049758,0.00344752382672755,1.26909246822479e-05,1.21374001014226e-05,1.56567605348584e-11,5.82804314744333e-06,2.04864266707387e-05,-1552.45110377075,0.10624522597923,0.0847531418989762,0.9975,0.473523314695567
"quadratic",800,"stan",108,2440.756,11392.8453544922,12204.8445733443,139.107567553803,161.780988017807,10632.5628536336,3677.44923636812,11044.4117538104,7436.31703463225,4.66775267765079,5.00043616541116,0.0569936394927649,0.0662831467044667,4.35625800105936,4.52499625272267,0.00229700523417431,0.00207225243234836,8.42612396366993e-07,0.000954924632961592,0.0042327918585265,1.25651027510466e-05,1.18533030403691e-05,1.57610076918274e-11,6.13493728175956e-06,2.04197068452296e-05,-1599.15273183283,0.0926915655969852,0.0718944239488886,1,0.47395733588303
"quadratic",800,"stan",109,3236.688,12355.1794799088,12678.7523550227,147.019521247121,162.718605913666,12180.4390710917,3896.42252573688,12272.8409388724,7190.77534647549,3.81722905634055,3.9171994195989,0.0454228276704831,0.0502731823128043,3.76324164426467,3.79178992194255,0.00219164458859938,0.00207013289995604,5.83095783047861e-07,0.00087273671757216,0.00372773181381932,1.23104563975578e-05,1.16141311684369e-05,1.44489731698541e-11,6.08998689464974e-06,1.97211971519245e-05,-1576.68257189827,0.0817504621255408,0.0690768881412005,0.99875,0.472097744939518
"quadratic",800,"stan",10,2350.402,10766.6095050642,9922.54877299472,106.385173156836,174.353588168207,10354.1153296849,4131.2990707308,10596.3149360866,6997.89993847704,4.58075235856001,4.22163901026068,0.0452625436656522,0.074180326671015,4.40525294383041,4.50829897867964,0.00214057383497912,0.00201466477421169,5.68507578527899e-07,0.000915132873994525,0.00362496953848968,1.30493521862452e-05,1.23514576988116e-05,1.63426844123396e-11,6.59895641646057e-06,2.10440898413095e-05,-1589.96201846025,0.0907723661243624,0.0682021308079236,0.98625,0.465466413121424
"quadratic",800,"stan",110,2089.848,9594.55101731287,9328.33995681612,159.77189144849,178.905295891361,9986.00206602771,2881.77200670031,9537.29948942434,5769.17769770149,4.59102815961394,4.46364518224106,0.0764514411806457,0.0856068459961495,4.7783389347109,4.56363309170061,0.00207265115989199,0.00192964343050273,5.0062532835764e-07,0.000972543611643899,0.00350929421875067,1.28318888071481e-05,1.21320393320359e-05,1.59545459513942e-11,6.22560668815201e-06,2.13247771619495e-05,-1556.13795727329,0.0942376389021058,0.0742430240580064,0.99,0.471517407458254
"quadratic",800,"stan",111,2626.697,9687.97755740558,11899.0934113977,60.5102748119855,157.695104416223,12096.3472897927,3882.67898868895,12407.7899698793,8683.94194063865,3.68827373595264,4.53005939070922,0.023036640622038,0.0600355139615354,4.60515517769757,4.72372335670207,0.00208758637183184,0.00193183924155071,5.87319478983943e-07,0.000801175125183605,0.00367336912477605,1.23376406721925e-05,1.18350531627087e-05,1.42484748549774e-11,6.04743538117415e-06,2.00083142047281e-05,-1546.89062257328,0.0883175959233707,0.063864083482737,0.99875,0.470952056727662
"quadratic",800,"stan",112,2514.09,10749.4454601159,8303.55323057491,163.05696020521,103.091976617554,11473.3352675905,3386.55079474621,11658.1080484522,7596.02854151197,4.27568044903561,3.30280667381634,0.0648572486288122,0.0410056826197767,4.56361358089428,4.63710847601009,0.00215277754987329,0.0020132080667081,5.91495043061349e-07,0.000966485888276201,0.00365954367306751,1.32235690485754e-05,1.24662875183505e-05,1.74538607098181e-11,6.04096283748084e-06,2.17277419671799e-05,-1591.62247035422,0.0901538204299808,0.070631498982314,0.9975,0.471076121454566
"quadratic",800,"stan",113,1652.839,9376.10221416835,9642.01266508487,152.68035419586,118.313250331034,10357.3871893034,2255.54916869262,9696.40974963471,5158.03450262339,5.672725664247,5.83360670040148,0.0923746076876577,0.0715818360596731,6.2664223129436,5.86651800304489,0.00269192765533385,0.00259734927047022,8.39090141522233e-07,0.00109533609518706,0.0044440750710764,1.37417896556563e-05,1.2921879528736e-05,2.01481479475223e-11,6.4007076318299e-06,2.23579696832137e-05,-1552.47765549792,0.0930687780474624,0.0754423529268464,1,0.495286889786847
"quadratic",800,"stan",114,2190.173,9151.29262590758,9915.38377069171,139.028390011641,110.232426740103,10322.4205062667,4448.75516123386,10304.1328082798,5373.73962891319,4.17834236195386,4.52721486873033,0.0634782686169729,0.0503304655568776,4.71306171077203,4.70471182334902,0.00200501192879267,0.00188351412032706,4.59478820685371e-07,0.000879721958326692,0.00338554301188856,1.26606395951982e-05,1.18896776458037e-05,1.73327896664561e-11,5.65834986550969e-06,2.09371653550339e-05,-1591.02388875926,0.0946101250758144,0.0702555916153105,0.96875,0.463048995706115
"quadratic",800,"stan",115,2637.655,12225.7914497247,11710.902275669,112.103355538258,127.157249479375,12136.5258823712,2190.09108356968,12657.6266489115,5370.2221508973,4.63509877134223,4.43989159904118,0.0425011442126655,0.0482084463204533,4.60125599533343,4.79881813539358,0.00208213413270391,0.00194521571048132,5.91266403510191e-07,0.00084705040794561,0.0036059520458961,1.24302484169258e-05,1.16539103373369e-05,1.58888566241454e-11,6.04820312076809e-06,2.04475919973585e-05,-1568.46543543307,0.085738543557785,0.0685878524616223,0.99625,0.472410410393406
"quadratic",800,"stan",116,2308.477,7849.21237898555,8900.00861894099,146.544735359956,178.524918419105,10110.6618601282,3496.33504638837,9721.40245391645,7185.75218255741,3.40016919336236,3.85535945081584,0.0634811329547384,0.0773345016732268,4.37979752890246,4.21117578988938,0.00218061688099602,0.00202053085850533,6.25349383393802e-07,0.000930645803933179,0.00380864434374002,1.31774657126743e-05,1.23482520129078e-05,2.1142984406774e-11,6.17501801976942e-06,2.18462504977004e-05,-1597.85568020907,0.0847023515774043,0.0625466727555615,1,0.474749142059548
"quadratic",800,"stan",117,2490.244,10972.5100632436,12216.9414369929,123.396791752987,204.280156362329,11708.7122533949,3264.85697711548,11922.4752438299,8239.59644757397,4.40619877539854,4.90592144263488,0.0495520887724204,0.0820321849434548,4.70183333576746,4.78767351465555,0.00201471822427794,0.0018935812329665,5.08123133350965e-07,0.000793734833492662,0.00339498168672987,1.21190913901228e-05,1.15356286812452e-05,1.42703543570242e-11,6.1405541596319e-06,1.97832937042388e-05,-1574.71272435954,0.076648272049288,0.0608855847960699,1,0.469136140746455
"quadratic",800,"stan",118,2718.175,13236.1707515928,12673.0023576747,146.026440471199,164.774265116509,12494.1433675825,3118.20190547809,12420.6547507742,4466.66369424261,4.86950647091992,4.6623202544629,0.0537222366003657,0.0606194469143852,4.59651912315525,4.56948310935617,0.0020625190066837,0.00191618467050884,6.27547880244786e-07,0.000855346974866032,0.00350226592815557,1.23331286107367e-05,1.17577957184432e-05,1.48332702700619e-11,5.80194166223196e-06,2.00091248208244e-05,-1604.0109559293,0.105700635789183,0.0811232119108461,0.9775,0.467050822343642
"quadratic",800,"stan",119,1953.274,7976.31615506887,8951.54739773203,173.771635554151,184.211941705777,9839.63737972989,5742.51823181539,10129.3388204211,6445.01119278887,4.08356234459112,4.58284265173858,0.0889642904959321,0.0943093194839932,5.03751003685601,5.18582585977239,0.00188309369933571,0.00178957371741166,3.71772064852426e-07,0.000853478581728618,0.00307993136073222,1.16307152211139e-05,1.09356913797407e-05,1.29859178318279e-11,5.72830982808396e-06,1.92889542536682e-05,-1555.80123473483,0.0926736484296017,0.0763689781176766,1,0.4618477906132
"quadratic",800,"stan",11,1957.993,9331.33564848113,8718.80280853698,112.292541029344,147.229268541489,9513.73131042941,2134.63144670579,9523.19273998446,6799.32339714551,4.76576558163442,4.45292848776118,0.0573508388586396,0.0751939708372241,4.8589199810364,4.86375218909591,0.00217857241080223,0.00201625815953242,7.2795832584193e-07,0.00089228769745195,0.00377775969989653,1.18180600451847e-05,1.1228710788714e-05,1.24499343038541e-11,6.1333261749022e-06,1.8934704585723e-05,-1609.62048292139,0.0693488716210698,0.0584241719161751,1,0.46996337338169
"quadratic",800,"stan",120,1678.636,8139.12329230403,9757.66036662192,188.266239837683,201.264966589076,10514.5216966507,4675.86093379586,10322.7693674545,4773.25888338282,4.84865288978911,5.81285065173267,0.112154296606103,0.119897921043678,6.26372941879637,6.14949838288616,0.0019774516434028,0.00185408935517433,4.85862782045506e-07,0.000837763899434819,0.00340990311935056,1.21827291242151e-05,1.1540056720953e-05,1.36195616645206e-11,6.27284545610815e-06,1.94859700035533e-05,-1556.97233049726,0.126647786110483,0.0962601648810868,0.95375,0.46898549003735
"quadratic",800,"stan",121,1707.769,9319.63837592686,10387.8755511238,132.335699161237,216.02089058177,10332.993846292,2918.18571935608,9702.13909473589,6473.73498743305,5.45720081341613,6.08271701332196,0.0774903978004267,0.126493038919063,6.05058052130704,5.68117766204674,0.00254857720125917,0.00237048512557493,9.09364625407091e-07,0.00105924151473857,0.00445570769462625,1.23391797559018e-05,1.16492876171234e-05,1.4201021935983e-11,6.13976291096617e-06,1.98185301860778e-05,-1612.7163010228,0.0891376845930091,0.0723552391883112,0.9975,0.481095796128042
"quadratic",800,"stan",122,2330.44,9398.45844064836,9285.96454322321,134.251174569588,154.952968223569,10315.2370719049,1691.38039768141,10502.3556497688,6040.25481243079,4.03291157062544,3.98464004360688,0.0576076511601193,0.0664908636238517,4.42630450554612,4.5065977453909,0.00235674413349695,0.00221174348503862,6.49663612726556e-07,0.00106200511285426,0.00402957083004329,1.32773701175425e-05,1.23865038571268e-05,2.51772212726403e-11,5.98879956125783e-06,2.31056582784298e-05,-1559.46159207931,0.0838343890483293,0.0688756634717517,1,0.481346742221088
"quadratic",800,"stan",123,2295.042,9835.63048904774,10343.5731904801,133.078614113113,166.441363115111,10225.1736057471,3394.29718832488,10555.7546141137,6621.04563166811,4.28559934373652,4.506921089235,0.0579852630640804,0.072522142564324,4.45533180035361,4.59937317666241,0.00196609338703899,0.00186768364180025,4.25276401558531e-07,0.00086215319867468,0.00330315871009837,1.23044229711698e-05,1.17152971220813e-05,1.40724234611355e-11,5.7832656187038e-06,1.98617524647487e-05,-1550.87495920088,0.109726820984846,0.0870830974930102,0.9775,0.472284105359781
"quadratic",800,"stan",124,2251.817,9792.09649396028,9356.15880300077,122.143643286513,172.307712497469,10172.635368102,3377.16949927917,10097.9469828074,7188.51333274672,4.34853120567092,4.15493745850607,0.0542422600444498,0.0765194118782607,4.51752312381602,4.48435507095265,0.00220719839112299,0.00205482963880337,7.25474390066128e-07,0.000840885637506477,0.00393371443410626,1.32212427063483e-05,1.2463656839205e-05,1.81277185053956e-11,6.35192650622208e-06,2.15085334228428e-05,-1544.92294074158,0.108018817677517,0.0851443724645261,0.97375,0.47774258547525
"quadratic",800,"stan",125,2488.812,11023.720898285,10306.8773027404,188.277059596473,199.954741095056,11131.9258549763,5057.38010268975,11121.3831385673,7371.37866844204,4.42931040925753,4.14128399523164,0.0756493698987602,0.0803414404523348,4.47278695818578,4.46855091447939,0.00198981630465145,0.0018817430152963,4.40305257775837e-07,0.000910230180121742,0.00332306047222732,1.25824359870641e-05,1.18217985087863e-05,1.63792299883093e-11,6.33906273509616e-06,2.06852123568939e-05,-1588.03782268468,0.110978638607707,0.090813372063225,0.9725,0.468168021441831
"quadratic",800,"stan",126,2049.103,8744.94431706653,9253.6615969283,93.2307257686856,148.647740604023,9732.02991253399,1608.95872271493,9429.27435224877,4288.48224736979,4.26769387242444,4.51595727346468,0.0454983110993862,0.0725428348911806,4.7494098210456,4.60165953212151,0.00244811559673238,0.00230752345209861,8.14395136420401e-07,0.000942293669045854,0.00423219385641907,1.27250620044777e-05,1.189827992719e-05,1.76680660733505e-11,6.18825148585906e-06,2.13958698511266e-05,-1579.61126136083,0.0986853222629424,0.0804124914104107,0.9875,0.483653715239881
"quadratic",800,"stan",127,2609.188,10253.3229142765,10552.6637189355,145.893524118604,193.760025703911,12159.2206464454,8468.73959437673,12407.6701249869,9595.47942824328,3.92969878532193,4.04442444121905,0.0559152978315873,0.0742606610577357,4.6601550545401,4.75537604993849,0.00177053180614567,0.00164541169109908,3.58389579945349e-07,0.000819633286486265,0.00299168491697177,1.19000535411702e-05,1.12384547413438e-05,1.28319774628356e-11,5.95642506814546e-06,1.92156001464439e-05,-1533.14547903991,0.100910495057392,0.0783683386553549,0.9875,0.460728354530289
"quadratic",800,"stan",128,2614.011,12013.0467954138,12024.7996495692,172.095477604713,149.20898312647,11960.044810227,2523.68553900616,12027.8395026352,7482.41999960748,4.59563743052871,4.60013353026029,0.0658357893691775,0.0570804725483059,4.57536131646997,4.60129643778667,0.00216453495575922,0.00201417774288269,6.18140491802468e-07,0.000941462322210983,0.00378681059853679,1.323384817942e-05,1.25012432063838e-05,1.79060602581357e-11,6.26369773285563e-06,2.15185389383909e-05,-1556.99806646103,0.0795789675295743,0.0615617800680377,0.99375,0.474577051055202
"quadratic",800,"stan",129,2661.579,12489.8250847054,11574.6266857069,132.670303463059,156.715072002799,12291.1286143754,2532.513508902,12072.975449602,5243.04971193089,4.69263737229117,4.34878193948287,0.0498464646223385,0.0588804886132626,4.61798376616866,4.53601995266796,0.00256771915679183,0.00239721933822084,8.89056011400027e-07,0.000929261637693954,0.00434317731811629,1.28485305159686e-05,1.21126942527338e-05,1.75650831185804e-11,6.04049990977655e-06,2.11369834197606e-05,-1587.38617051126,0.0838110133771897,0.0684025436368026,1,0.487913774352809
"quadratic",800,"stan",12,2447.427,11283.4456599929,11934.3488900043,140.269221206633,174.923254076047,10809.6639811738,3836.4783154063,11244.9318026571,6343.67718301356,4.61032981167277,4.8762839055074,0.0573129336264708,0.0714723070702609,4.41674623233861,4.59459334339985,0.00218623980275553,0.00203760501260419,6.65327420359708e-07,0.000891711396400338,0.00382681288482783,1.31479407235681e-05,1.21153757762702e-05,1.95580024690871e-11,6.3272633139014e-06,2.23756253596912e-05,-1543.40158855327,0.0961682278167345,0.0680801442836593,0.9875,0.480805397108736
"quadratic",800,"stan",130,2643.921,11015.887371731,11510.2020781633,95.5022720026766,151.169254814556,12083.0472016614,6810.08858160075,12529.3236361934,9395.43930796385,4.16649641639482,4.35345915334207,0.0361214544620193,0.0571761617743329,4.57012414579007,4.73891755320729,0.00183030563299079,0.00170632316954111,3.96355043556005e-07,0.00079914039240144,0.00302396345620396,1.17834268117977e-05,1.12411638388945e-05,1.23479159431436e-11,5.96380300919791e-06,1.90334908811613e-05,-1531.55948115894,0.0814211360058256,0.0637396161560146,1,0.462395385386272
"quadratic",800,"stan",131,1950.375,9883.01021590248,10156.9404470722,109.883090712652,163.057430489718,9692.5343266015,3426.21227940517,9805.65614642409,7511.11009294371,5.06723589868742,5.20768593069139,0.056339468416408,0.0836031176003167,4.96957473644889,5.02757477224846,0.00218152291533894,0.00203792859588908,6.25518412617389e-07,0.000849347238461389,0.00374516659730647,1.21662443303026e-05,1.14272880760898e-05,1.58474198701843e-11,5.89984538190634e-06,1.97983801346171e-05,-1555.56659351944,0.100628537878279,0.0782732521900429,0.99875,0.480411629821106
"quadratic",800,"stan",132,1904.271,8644.84893569934,9220.37531008929,178.521273548074,216.129027564345,9766.44951187026,2592.39869274322,9709.7658345897,6588.92596590435,4.53971568946822,4.84194492805346,0.0937478297721667,0.113496990483154,5.12870778994705,5.09894118777721,0.0020956771073454,0.00194799017739116,5.83778186316802e-07,0.000871319776880737,0.00363382959968533,1.18432914106524e-05,1.11563528449381e-05,1.47040338522784e-11,5.74349468800379e-06,1.933000509327e-05,-1598.65731923353,0.105269575615772,0.0854636932109624,0.975,0.471808784200235
"quadratic",800,"stan",133,2308.485,9776.83238697515,9732.77325115351,165.256377974802,176.963304099574,10474.7169574762,4985.75813288657,10524.421065028,7256.78597149569,4.23517258590597,4.21608684966699,0.0715865071572056,0.0766577665003559,4.53748538867536,4.5590164393652,0.00234867212327402,0.00219273497640649,7.32711543783579e-07,0.000999039131404595,0.00405228632956374,1.28839366080379e-05,1.20737305055846e-05,1.58861466022936e-11,6.25983912107092e-06,2.08711629130696e-05,-1590.36815901176,0.0870390054761899,0.0724850927712979,1,0.47731585834439
"quadratic",800,"stan",134,2534.075,10317.3203717386,11344.1307373514,91.6132863007162,129.974615351714,11413.7860291926,3000.43312619837,11802.7041063735,8382.12179027806,4.07143449650805,4.4766357496725,0.0361525551930058,0.0512907531749115,4.50412321229348,4.65759857398596,0.00210624837628155,0.0019195436220147,6.88032641401162e-07,0.00088738423347589,0.00374835499999769,1.20129322713817e-05,1.1218238652223e-05,1.52889117273889e-11,6.08383559981458e-06,2.01869893937612e-05,-1570.77235953158,0.0818165688679066,0.0630628550774255,0.99875,0.469633592800004
"quadratic",800,"stan",135,2560.504,11554.6419815474,11910.9888657046,131.934519326694,181.554810817633,11894.5671735552,4802.22069599189,12216.9844265573,9103.75661116425,4.51264359733371,4.65181419974527,0.0515267772777132,0.0709058883788632,4.64540073889953,4.77132018796195,0.0020259627627552,0.00191732850824206,4.62582269611609e-07,0.00086245484398931,0.00333391669423276,1.19976322504874e-05,1.14342578418807e-05,1.31170028610891e-11,6.08494218797303e-06,1.93265624522471e-05,-1587.69747493992,0.0833253974802749,0.0664167895143594,1,0.466320018476505
"quadratic",800,"stan",136,2660.627,12229.4935092028,12414.9726739801,152.723957296123,160.26772297848,12296.9601319023,2612.42028849815,12364.7516941826,8601.70225946767,4.5964704970681,4.66618307413256,0.0574014911884016,0.0602368249959426,4.62182791195545,4.6473074557924,0.0020882138389343,0.00197709400102552,5.53586289888496e-07,0.000835087824406537,0.00352816230239814,1.26781519426483e-05,1.18045775626633e-05,1.81864361365002e-11,5.99766109566146e-06,2.14570687803923e-05,-1591.65616300374,0.0886520053909033,0.0711965347300489,0.995,0.471248429257369
"quadratic",800,"stan",137,2756.199,11349.3925478706,10979.2038720384,151.714770017128,162.893562899678,12067.5825150877,6474.27682340653,12346.708077143,7563.2203126888,4.11776963414855,3.98345833230416,0.0550449260075663,0.0591007989262307,4.37834224418762,4.47961416325271,0.00195900430616756,0.00185074775338934,4.60693287099513e-07,0.000853785867717604,0.00328056600150343,1.18642530079551e-05,1.12192509381688e-05,1.34424206825077e-11,5.9632107851744e-06,1.91913309081113e-05,-1558.99394415152,0.0693422407582694,0.0571042420961502,1,0.46710731602026
"quadratic",800,"stan",138,2310.683,10048.0370847539,10603.2771112349,151.835854112437,225.595426012575,10519.0222550724,2739.90701271939,10503.7801965929,5457.42807051845,4.34851387436263,4.58880647463753,0.0657103783220966,0.0976314907811132,4.55234329203635,4.54574694866967,0.00230284948151271,0.0021687073391732,6.6800649699944e-07,0.000970272491352662,0.00399312341117526,1.22873361335388e-05,1.15610936104249e-05,1.54519870928299e-11,5.95386886123336e-06,2.04002108681068e-05,-1588.80975019414,0.0900402952303205,0.0729334248872937,0.99875,0.475636155501316
"quadratic",800,"stan",139,2620.379,11529.4459468362,12289.9109207158,140.01421991509,100.522929623677,12038.787797873,3034.62652240731,12299.5422940123,7312.22806710825,4.39991541179203,4.69012723759264,0.0534328125492879,0.0383619810812393,4.59429258052863,4.69380280257639,0.00218212801370214,0.00206265002819468,5.72738577135483e-07,0.000940781111837156,0.00367468949077991,1.24811961794669e-05,1.17054926207169e-05,1.54897119007844e-11,5.84481551322203e-06,2.02834940478918e-05,-1615.23875463532,0.127970174381646,0.10434957210071,0.95875,0.468731879007893
"quadratic",800,"stan",13,2517.879,10827.8216614237,12105.4654109138,156.574137103759,182.41078461213,11158.9625596407,3643.31454992563,11707.3267793727,6668.37534754521,4.3003741090909,4.80780268269994,0.0621849330741308,0.072446207546959,4.43188991990508,4.64967807403482,0.00220297138460662,0.00210702502620381,6.10452702142881e-07,0.000882530477880697,0.00379763497510359,1.28965391935743e-05,1.22343890844856e-05,1.64430600942723e-11,6.36532256902322e-06,2.12933775518868e-05,-1558.71891864921,0.0864718400278824,0.0694061247352011,1,0.473301859313742
"quadratic",800,"stan",140,2307.912,8952.96858357672,9648.78952825837,79.555636903599,161.417272421387,10168.2823331791,3793.11857145866,10247.8222427043,7356.20869013827,3.87925041491041,4.18074412207154,0.0344708277020957,0.069940826349266,4.40583624210069,4.44030025525422,0.00201709969880696,0.00187891304962229,5.30805524175137e-07,0.000828640591380547,0.00353552301443339,1.25837107674117e-05,1.18806783475141e-05,1.63641941536891e-11,5.89612514900097e-06,2.04808392689834e-05,-1574.4991929213,0.090395628103711,0.073806536653386,1,0.469191219875502
"quadratic",800,"stan",141,2668.338,12614.7251443029,13025.7110798196,140.617776532592,195.239649118583,12381.3334293329,3831.6643887479,12594.8167435417,6089.26910523386,4.72755893155323,4.88158212333655,0.0526986373287763,0.0731690097426123,4.64009185842757,4.72009795743332,0.0020143702972688,0.00187958639892416,5.11742473925589e-07,0.000882801098899609,0.00351757871111546,1.21484847290943e-05,1.12916101592776e-05,1.67808712046591e-11,5.70072873211604e-06,2.04464432044135e-05,-1573.27614029912,0.114078202595165,0.0921349601639067,0.98,0.467797526556084
"quadratic",800,"stan",142,2328.298,8792.89288072651,9353.50680352853,101.521373569276,207.228740818627,10492.2985192638,4096.89833112158,10586.9322117537,5462.75029911909,3.77653242013115,4.01731513901078,0.0436032559274098,0.089004388965084,4.5064242288847,4.54706923759487,0.00189355429143447,0.00173928166725176,5.44677351568794e-07,0.000696713600599554,0.00337183790371424,1.17471539603299e-05,1.11626150220357e-05,1.31154654285534e-11,5.70855550157463e-06,1.861038397969e-05,-1586.55761975492,0.0924058756597188,0.0772222277495929,1,0.457786643287681
"quadratic",800,"stan",143,2375.749,9128.38031923323,10337.8988239014,135.278972047344,112.549035044676,10369.1938501783,3487.37137322752,10989.8415551995,5363.22079527144,3.84231681008104,4.35142720207454,0.0569416095923199,0.0473741270835747,4.36459990099051,4.62584286269276,0.00212745066648764,0.0020273729010771,5.6152389498575e-07,0.000799912555655472,0.0035113197765691,1.2898960999566e-05,1.22281573933702e-05,1.71301400331014e-11,5.88804117076824e-06,2.04869438875644e-05,-1568.77157578722,0.120662892862897,0.100310976405752,0.975,0.475192705221997
"quadratic",800,"stan",144,2071.215,9231.44016065934,9101.91162761411,171.306680793973,226.460940193041,10069.8292073962,5747.07500467411,10155.3955759128,7904.86155960487,4.45701685274553,4.3944793889645,0.082708304446411,0.109337244174574,4.86179812689469,4.90311028836348,0.00198844981089424,0.00189126396345801,4.18870051602479e-07,0.000885565425077245,0.00331453984408047,1.20176369443295e-05,1.14534022377281e-05,1.21556952035966e-11,6.07035691616175e-06,1.92287859610028e-05,-1588.22462717319,0.0900094084249184,0.0727996888593294,0.98875,0.460534124470086
"quadratic",800,"stan",145,2653.805,10846.8736196202,12240.7126725681,181.934852171618,171.973540374546,12406.7587077822,4829.41605994866,12420.4880327746,8553.81462058019,4.08729112335692,4.61251398372079,0.0685562248061249,0.0648026288195803,4.67508302523441,4.68025647429807,0.00211627073406885,0.00199961022423356,5.21090641410082e-07,0.000958254621621043,0.00360271802370315,1.27368374689867e-05,1.1920372235376e-05,1.66719618748782e-11,6.27273140159755e-06,2.08713679369077e-05,-1582.26464622957,0.10346154304307,0.0822301163566705,0.99375,0.476646097271808
"quadratic",800,"stan",146,2406.783,10248.9901796512,10753.3522895414,125.592629768935,152.283778859767,10859.8766250856,4228.08254143684,11007.6676534128,8164.55472835628,4.25837733590905,4.46793594999691,0.0521827808194322,0.0632727499154542,4.51219599984112,4.5736020461391,0.00220284038509336,0.00209480327412612,5.52590798392052e-07,0.000931352940718075,0.00369793961828295,1.28561825282021e-05,1.21329819219504e-05,1.77818989795088e-11,5.88321546847406e-06,2.12570571202625e-05,-1554.74917661731,0.108634049979649,0.0844453035516513,0.9625,0.478481101665637
"quadratic",800,"stan",147,2123.805,9056.57868123568,9760.72739918622,155.437797819079,149.426091333166,9940.88986670467,3412.31503877953,10342.3306023256,6624.1014778754,4.26431743085438,4.59586798184684,0.0731883566613126,0.0703577265018049,4.68069802392624,4.86971760699576,0.00208240743466775,0.00196850248267076,4.95517392722797e-07,0.000924342542718394,0.00354097509184677,1.28146589630207e-05,1.2093783326517e-05,1.73650462305514e-11,6.18769980231294e-06,2.13507517698105e-05,-1575.10563971911,0.109866687575631,0.0850469610226238,0.9775,0.473328242376694
"quadratic",800,"stan",148,2677.442,12411.3249863045,12039.53702232,161.006941779662,155.405399354783,12801.9759949575,8984.8427448309,12750.5300269675,6692.00732881755,4.63551590895507,4.49665651854271,0.0601346142249437,0.0580424895683206,4.78142047333146,4.76220587671647,0.00192205603778205,0.00180977458221987,4.09225451485128e-07,0.000852157462676906,0.0031836589131873,1.24000952622386e-05,1.18001105438156e-05,1.49320089698758e-11,6.04316286897408e-06,1.99124858968519e-05,-1567.96289335743,0.0831910620289509,0.0642572939933038,1,0.465806409344523
"quadratic",800,"stan",149,2753.755,11715.3733827057,11271.3082992848,197.438184148545,141.452469235228,12252.6208976896,4277.5006991568,12083.0401146847,8474.35800189314,4.25432668581833,4.09306866416394,0.0716978032354166,0.051367122069766,4.44942302335888,4.38784137103146,0.00215425941513523,0.0020299128919096,4.81392388673479e-07,0.00104418696973496,0.00358114378781067,1.25069444709549e-05,1.18029839098903e-05,1.55468638163423e-11,6.1691688879075e-06,2.02520029185891e-05,-1605.1853884814,0.0927235752381565,0.0745024728738311,0.98875,0.467704511800165
"quadratic",800,"stan",14,1861.798,8045.32159544514,8884.55133569694,117.345178577091,133.099570025717,9869.76621688361,5218.57705469004,9865.57544025886,5670.92358019316,4.32126449563548,4.77202754310454,0.0630278787371621,0.071489801807563,5.30120142834164,5.29895049852823,0.00213106552138324,0.00198617041260937,6.41358688709015e-07,0.000872576300279376,0.00372238997595813,1.24558650027227e-05,1.15875059322999e-05,1.72935699833266e-11,5.91884832629282e-06,2.09651646894723e-05,-1597.59715021423,0.109869842164668,0.089093706952141,0.975,0.474588507509185
"quadratic",800,"stan",150,1637.649,8371.66221565585,8886.57159045818,122.741666881293,198.143555424509,10240.0129510878,2245.43840376403,9672.29819585633,3775.83769980363,5.11200032220326,5.42642018555758,0.0749499232627338,0.120992688558115,6.25287405975752,5.90620956985064,0.00256480117134539,0.00236005634772277,1.02688335610942e-06,0.00100193196993307,0.00461844605604583,1.33373029912677e-05,1.24372684513843e-05,2.2256281403447e-11,6.01741356863333e-06,2.188183753345e-05,-1590.23542206239,0.0872205041828052,0.072019617455454,1,0.488256021291078
"quadratic",800,"stan",151,2036.154,8973.16353173028,9842.23228837331,135.872085692367,165.120989425931,9791.34558126477,4283.07534374939,9933.51661764879,6967.23738413237,4.40691791079176,4.83373668611181,0.0667297688153093,0.0810945485586705,4.80874510536274,4.87856842736296,0.00210640944384582,0.00196475206135643,5.60003865553147e-07,0.000907256733647201,0.00358119079070294,1.17993659810113e-05,1.12028609813183e-05,1.2200460314775e-11,6.00332968033706e-06,1.88895324492478e-05,-1585.97303858788,0.0937859763845355,0.0687823070922923,0.985,0.468049016299429
"quadratic",800,"stan",152,2239.003,8166.47359159826,9149.85441756656,124.445785510087,204.525323943935,10206.0151350329,3126.18578669315,10543.2483781147,6265.19260998235,3.64737054465682,4.08657532730709,0.0555808927054081,0.0913466055846889,4.55828560079326,4.70890319401745,0.00188361622061416,0.00176728262518973,4.31013058514676e-07,0.000830683746756012,0.00323331461063542,1.21014898755051e-05,1.15524622826292e-05,1.36103322834794e-11,5.89633622234515e-06,1.90698804510561e-05,-1567.42651490822,0.111234233699236,0.0804421905813111,0.975,0.463073284448114
"quadratic",800,"stan",153,2566.14,11752.4612047575,11532.5575340995,129.483229439112,147.184812285993,11598.694963669,3078.65991604588,11970.409676791,8420.45255902326,4.57982074429201,4.49412640545703,0.0504583652642146,0.057356501315592,4.5198995236694,4.6647531610867,0.00223654381916002,0.00205122841051797,7.90055387644173e-07,0.000881450562824678,0.00419000063343943,1.27105281919688e-05,1.19411962482693e-05,1.68742770854705e-11,6.25588671834706e-06,2.10367192736571e-05,-1610.54912953001,0.0967446527048843,0.0728351472897136,0.97125,0.477319781135698
"quadratic",800,"stan",154,2645.459,11778.5239972075,12559.5942730181,114.050740787804,180.796613388529,12490.1285696659,5523.19786227599,12837.5232267781,8492.7680117617,4.45235552590591,4.74760496118749,0.0431118912777721,0.0683422473712611,4.72134649210812,4.85266383897015,0.00184023529182649,0.00172907556088257,4.27703582040389e-07,0.000759179495627742,0.00316898383697607,1.17653334012454e-05,1.12787939112858e-05,1.25173815938927e-11,5.7272004616135e-06,1.88175257863587e-05,-1581.98837474778,0.0685676942337688,0.0534059989663114,1,0.460358885160597
"quadratic",800,"stan",155,1594.067,9602.05802226333,9543.11491587832,193.572105788717,227.714970251241,11220.1728644677,4880.68298578925,10971.668875342,7101.09475560621,6.02362260950345,5.98664605432414,0.121432854320877,0.14285156787716,7.03870845106746,6.88281538689529,0.00203448486757185,0.00187621842733242,5.31533793858802e-07,0.000903264504031225,0.00350855258942832,1.2327451126644e-05,1.16698544001118e-05,1.39087628398798e-11,6.07195900355583e-06,1.97743130271389e-05,-1580.32085650538,0.101326823573035,0.0815127421334589,0.99875,0.466345893532056
"quadratic",800,"stan",156,2462.302,11006.1325738031,10870.3825061031,116.535802732935,192.705803475526,11495.1706886496,5115.43400280448,11716.8177159357,8343.18993190661,4.46985486500156,4.41472350105842,0.0473279893095708,0.0782624566261678,4.66846499277895,4.7584811757192,0.00203706227977638,0.00192453766082367,4.59284060374735e-07,0.000899012413817402,0.00334641997137584,1.19870615646124e-05,1.1402829409053e-05,1.3558565287718e-11,5.88348973524685e-06,1.94382622496546e-05,-1585.46290091105,0.0742167701636771,0.0590879782233691,1,0.46711909681996
"quadratic",800,"stan",157,2726.799,12164.5818745676,12322.6611357368,123.342984025401,164.290701367782,12562.7688122497,4314.86938070055,12827.5572705798,9764.15230310323,4.46112158416062,4.51909404973993,0.0452336178887411,0.0602503893274794,4.60714882624269,4.70425479493714,0.00200201647090145,0.00189122329694452,5.28326273033719e-07,0.000798198152946815,0.00343828386819462,1.20649843546319e-05,1.13495963361626e-05,1.37626435905115e-11,5.98873271367971e-06,1.92175208558559e-05,-1576.17553491897,0.112670138523274,0.0945148059329611,0.99375,0.467937247384988
"quadratic",800,"stan",158,2659.643,12605.8793092218,12080.2181009202,163.982221607252,185.735153067675,12358.6881929437,5339.14772656316,12445.9105531861,8263.25860063517,4.73968848797443,4.54204496653128,0.0616557265795644,0.0698346180550077,4.64674702316955,4.67954178556526,0.00194709060252656,0.00184772497006766,3.93684640879905e-07,0.000901255326935692,0.00320750778643742,1.20191152750221e-05,1.1513649252285e-05,1.17714576147505e-11,6.49321242312734e-06,1.90250052580974e-05,-1584.49329110558,0.0758587600988235,0.0615710454958411,1,0.464815084570428
"quadratic",800,"stan",159,2698.468,12791.9450374723,13024.7158484355,153.236555759568,170.05611945076,12310.5619656594,4006.1733503981,12472.7032439018,9088.10183287204,4.74044718613386,4.82670754236682,0.0567865009922548,0.0630195056790593,4.56205593902148,4.62214235777554,0.00221537537649514,0.00204623292223705,6.77860522609303e-07,0.00100222630544765,0.00387927875887042,1.18653091033272e-05,1.12661191083025e-05,1.2690495916314e-11,5.92343535734964e-06,1.89474195702968e-05,-1581.79299870226,0.0761907379340843,0.0637321120659877,1,0.470788504821231
"quadratic",800,"stan",15,2233.333,8502.30356774957,9047.69956631717,132.437126220441,184.58112780565,9735.61642665361,2599.4267165271,9970.28103413383,5043.82371903548,3.80700216570908,4.05120936569566,0.059300214621125,0.0826482785171982,4.35923188644668,4.46430560697121,0.00238147608422673,0.00216527707853944,8.50022782713565e-07,0.00104749050721641,0.00429046590963447,1.30448636217755e-05,1.22014841412565e-05,1.84904735121339e-11,6.31850114448186e-06,2.20126863649246e-05,-1569.90932188638,0.0899226730562336,0.0684666426702775,0.99125,0.485182474619639
"quadratic",800,"stan",160,2678.195,10941.3837454115,10575.6339363038,174.578380914282,236.70922662644,12620.4512378027,7143.71243728589,12641.5266109152,6970.53898198729,4.08535739384604,3.94879160640051,0.0651850895525838,0.0883838654864341,4.71229736363583,4.72016660882242,0.00190295160902975,0.00178337418871618,4.45172620158632e-07,0.000863117536589447,0.00323685748199738,1.20813128471891e-05,1.13615835998422e-05,1.49199511865971e-11,6.17676335141298e-06,1.97090746185345e-05,-1608.88912008435,0.0736716865246753,0.0626103442035215,1,0.460197108315582
"quadratic",800,"stan",161,1967.148,5157.67214533233,7148.59936214577,110.388662839702,171.312478681445,9762.53826650791,3586.36215851266,9857.80290690962,5383.11492904916,2.62190345888176,3.63399162754697,0.0561160943862393,0.0870867259003617,4.96278788708725,5.01121568225147,0.00200006956262723,0.0018637778028948,5.73462106186492e-07,0.000796075402066414,0.0035187116864606,1.26446294108238e-05,1.18752272415016e-05,1.65885448667123e-11,5.84757914745042e-06,2.0821232473548e-05,-1590.70393632225,0.0865191545452293,0.06334863179878,0.995,0.470203754942188
"quadratic",800,"stan",162,2707.4,10487.0248523504,8487.67892198824,170.469956592741,180.478149269703,12687.6254318541,7173.79300718955,11777.6150941651,3520.79304230615,3.87346710953329,3.13499258402461,0.062964451722221,0.0666610583104467,4.68627666094928,4.35015701195431,0.00197688642489194,0.00186904843242039,4.56907408289049e-07,0.000861741994978855,0.00329781664007915,1.33697491892579e-05,1.24569247625046e-05,2.08988927454817e-11,5.79800082678145e-06,2.25325583413906e-05,-1594.29884906683,0.126292056892068,0.102530369912234,0.96125,0.468735563718076
"quadratic",800,"stan",163,2675.213,10552.4678546325,10863.9921757947,113.959160660573,198.002514609505,12479.6959697884,3609.27868837223,12534.5338795604,8716.6117447277,3.9445337080197,4.0609821258325,0.0425981634586005,0.0740137381993528,4.66493545365859,4.68543397462572,0.00204020709346212,0.00187817302074855,5.94407620658256e-07,0.000825486459212293,0.0035710589135914,1.18442613894446e-05,1.11261929612923e-05,1.34519387396038e-11,5.70223442540431e-06,1.90714245172412e-05,-1571.95938701085,0.0941485168740653,0.0770591010219756,1,0.469186863810574
"quadratic",800,"stan",164,2587.844,12568.6503810298,12849.725484724,110.641686411525,179.196254320115,11964.0878209967,4589.1590194266,11983.5948242131,6348.05862585811,4.8568037258157,4.96541734537476,0.0427543879814723,0.0692453850850805,4.62318741817386,4.63072535447002,0.00199982855577425,0.00187819791179786,4.59763753701965e-07,0.000899421520743137,0.00332656506060014,1.24982462592885e-05,1.18133359714569e-05,1.51753227308698e-11,6.17143340000679e-06,2.03818113684861e-05,-1584.81442689735,0.0896845048729444,0.0724482047934656,0.99375,0.461354757719779
"quadratic",800,"stan",165,2679.705,11238.4845513704,11163.901482871,177.183363648802,179.53077379099,12414.2022655496,9218.28109446984,12387.0885246988,8130.65014441019,4.19392602968252,4.1660934628517,0.0661204735778014,0.0669964693094913,4.6326749644269,4.62255678319023,0.00183381200454636,0.00174023840646867,3.59117926891968e-07,0.00085116001057634,0.00305169683032241,1.23193639891284e-05,1.15621339567146e-05,1.56067564592967e-11,6.23964215501612e-06,2.01804289346049e-05,-1558.6594153235,0.0814839015541657,0.0646696127137503,0.99375,0.457513667797048
"quadratic",800,"stan",166,2646.015,11908.3452598347,11217.938283581,123.106701227551,153.176396835342,12019.7165464627,2646.51560858058,11876.2901390796,6354.86376748401,4.50048289969431,4.2395595956867,0.0465253225048048,0.0578894665507725,4.54257309443168,4.48836841026208,0.00233299237721922,0.00216019231693176,7.92661246871123e-07,0.000950514985957988,0.00416731729334286,1.26496265373e-05,1.19135796077933e-05,1.70787324398588e-11,6.12531406116012e-06,2.06502477703549e-05,-1614.6756411071,0.0977907318343928,0.0794150461227415,0.98375,0.47617845569962
"quadratic",800,"stan",167,2352.808,11169.6862394514,10786.7628857532,172.690168036705,195.650691872003,10561.2473689757,6596.85332960586,10827.6808845332,8987.39104830267,4.74738535377786,4.58463371671345,0.073397475712725,0.0831562506893903,4.48878419700021,4.60202485053316,0.0018383590053632,0.0017207280942135,4.04500747409076e-07,0.000836691388470202,0.00311798484501572,1.10467447987599e-05,1.05447200136516e-05,1.00811328355944e-11,5.60185205766424e-06,1.74941416230912e-05,-1591.31842317022,0.0836511186606152,0.0681693683146817,1,0.455902647139212
"quadratic",800,"stan",168,1576.865,10924.4074625849,11373.0096922857,124.327525583098,224.558296944759,11167.1245584887,3717.19541530995,10987.5574785363,6392.92419371248,6.9279281755793,7.21241811587277,0.0788447492861455,0.142408067237689,7.08185200285931,6.96797600209045,0.00207580743865429,0.00192251184699912,6.19035317814295e-07,0.000839054555744323,0.00360959790866518,1.21206801756797e-05,1.15317596683408e-05,1.31540342137355e-11,6.16521134811995e-06,1.90008490775062e-05,-1604.40235569146,0.0760986419710101,0.0587051500156654,0.98125,0.466215928807133
"quadratic",800,"stan",169,2689.461,12926.0557996648,12479.8762764041,172.536805649496,162.893129379342,12726.5150419242,3748.13035510299,12628.101565754,10091.356790966,4.80618822866918,4.64028899337232,0.0641529308844768,0.0605672026399869,4.7319946420209,4.69540237458511,0.00196170966298695,0.00185383665148304,4.27242573246291e-07,0.000929634357903221,0.00329737118428967,1.20104843527983e-05,1.13680677204543e-05,1.45387242036174e-11,5.96165860829775e-06,1.97811822533053e-05,-1617.04122989419,0.106441046320229,0.0861934492139225,0.96625,0.45929000883794
"quadratic",800,"stan",16,2444.396,11340.4979660011,11088.7830863049,91.1044367081681,174.289964668089,10509.8423124684,4231.85279619482,10971.2062291434,8403.47295415969,4.63938656666152,4.53641025689162,0.0372707354733718,0.071301853164581,4.29956615559359,4.4883096802414,0.00224000455898319,0.00211494918073835,6.93201158848905e-07,0.000868226875415778,0.00381851817618112,1.25628449637639e-05,1.19104706673753e-05,1.64728185638686e-11,5.7729564293134e-06,2.05319426131846e-05,-1569.2056953373,0.0799906293055361,0.0632354158568886,1,0.476431150354167
"quadratic",800,"stan",170,2739.957,11558.3813640377,11181.9145282614,115.201290923275,118.900005257073,12056.0582689273,5484.37599555765,12350.5764271064,7206.32912264896,4.2184535611463,4.08105474949474,0.0420449265894591,0.0433948435165491,4.40009031854415,4.50758038432954,0.00190632677386833,0.00180319735177942,4.10286724133801e-07,0.00082477382912259,0.00312087791576139,1.22324067397861e-05,1.15202222397229e-05,1.60514123501686e-11,5.89639922879093e-06,2.0144669783528e-05,-1548.46432103812,0.0811744528377865,0.0630110391646387,0.99625,0.465858768207977
"quadratic",800,"stan",171,2518.395,10935.6252731494,12349.5854232423,147.728317368256,184.951353708622,11656.4472055706,5130.71763496214,12144.5110236197,10051.894147034,4.34229946976127,4.90375235943617,0.0586597088098793,0.0734401687219923,4.62852221576464,4.82232176589444,0.00197068064362125,0.00183883754645362,4.86514804754288e-07,0.000873701963131985,0.00341804454460591,1.12875307271345e-05,1.09095869129365e-05,9.7913704893217e-12,5.89845739916517e-06,1.73845738484251e-05,-1591.67293103407,0.0933940963940887,0.0737515762076133,0.9775,0.467473824569336
"quadratic",800,"stan",172,2269.286,8696.52442682264,9239.76130916886,158.129068730185,143.428599377726,10437.2007981358,6798.84973122249,10803.1715051489,7289.39551091515,3.83227342292802,4.07166012092299,0.069682300393245,0.0632042851265668,4.59933247644228,4.76060377808213,0.00186740724692705,0.00176497232002184,3.86653135170924e-07,0.000850204453489173,0.0030533629552414,1.15414157049933e-05,1.08839833945798e-05,1.31773648354448e-11,5.79780161861835e-06,1.89562927858202e-05,-1574.04086729231,0.0829396668403308,0.063990963172506,0.9925,0.46175778572642
"quadratic",800,"stan",173,2293.576,11026.0481903738,10878.9571573833,133.839455120752,170.338230099993,10604.3089344571,6338.84893574163,10840.7053474945,8294.56571696181,4.80736116456301,4.74322941876933,0.0583540528505493,0.0742675324907452,4.62348269011232,4.72655161524822,0.00200654966210334,0.00189161175857791,4.48423137325704e-07,0.000887576428361092,0.00341474368938003,1.19025776727797e-05,1.13523196681367e-05,1.22988161942034e-11,5.99419944811613e-06,1.870616884129e-05,-1579.61474375508,0.0623139392000567,0.0497571118360204,1,0.465456667304565
"quadratic",800,"stan",174,1772.33,8804.52864713233,9355.81669962482,117.350122963325,174.661299081389,10027.3753042429,2782.00928462315,9702.93863085348,4409.7791756108,4.9677704756633,5.27882318734368,0.066212343617343,0.0985489717385526,5.65773603349427,5.47467945069681,0.00229807108366801,0.00215415637608703,7.35237077212997e-07,0.000909503759475208,0.00400319392876131,1.26523135381352e-05,1.19953541906648e-05,1.39209080101586e-11,6.7910567745985e-06,2.03185225265924e-05,-1570.65081675282,0.0917052519003068,0.069326594287065,0.98375,0.4793940667061
"quadratic",800,"stan",175,1843.668,9028.85997281308,8458.09767780959,150.180984551056,112.956020459462,9819.30287751322,3039.28239028063,9415.22769056066,6227.24757585519,4.89722660089186,4.58764684195288,0.0814577161132351,0.0612670071072785,5.32596046441833,5.10679129353043,0.00237907775854743,0.00222432679538847,8.36799346407691e-07,0.000952599968608326,0.00417941103283295,1.26277067768202e-05,1.19643845632324e-05,1.50479232014892e-11,6.49965252828486e-06,2.06805570068275e-05,-1581.31842509707,0.0953170299335193,0.0771954424965814,0.99875,0.476776923988752
"quadratic",800,"stan",176,2557.379,12107.573360708,11755.9302561125,162.544993030338,213.345736861744,11648.8418091843,2947.71999735874,11692.2204208889,8439.64134568225,4.73436802316277,4.59686665766493,0.0635592116109258,0.0834235898792255,4.55499236100098,4.5719544975105,0.00224528177005488,0.00209748774893941,6.24368597547216e-07,0.00102757239667406,0.00386940127545982,1.27375219877027e-05,1.19708860407097e-05,1.85078230153501e-11,6.20372396533008e-06,2.07459708812969e-05,-1558.58209656864,0.0947844737221512,0.0807544381366652,1,0.481072221191735
"quadratic",800,"stan",177,2551.106,11919.5988792264,12626.2469820377,156.301794495577,209.664389221604,11939.7960294751,7403.64128391591,12172.4021512413,9161.25417528926,4.67232599477496,4.94932275728164,0.0612682477700168,0.0821856830808301,4.68024301204072,4.77142155255066,0.00189120031117628,0.00178144294992595,4.22910328838854e-07,0.00083917217087108,0.00320334267985481,1.16950768076753e-05,1.12003521117746e-05,1.10354923161887e-11,6.00610149088665e-06,1.76883712503171e-05,-1530.18970977585,0.0954222122205551,0.075227457321339,0.98875,0.464380783380817
"quadratic",800,"stan",178,2445.173,10828.3719868993,11235.1597733124,183.424167299438,162.622129077685,11097.9467946892,7903.69595647869,11633.2895794862,8200.71767688619,4.42846865514192,4.59483225657749,0.0750148015291506,0.0665074123907326,4.53871639948959,4.75765501233909,0.00182034095139658,0.0017083112433324,3.42964670271946e-07,0.000904655810276004,0.00301498735122613,1.2363343181334e-05,1.16373407153418e-05,1.70219233506332e-11,5.69116729042258e-06,2.04586466910541e-05,-1540.05087883959,0.0823729476761988,0.0665962043142876,1,0.463982205115086
"quadratic",800,"stan",179,1793.783,7720.4735271137,8956.27389342915,138.429247990469,139.83238585338,9984.3908694406,3384.97345233507,9398.72056956414,4858.57531320458,4.30401755792852,4.99295282284933,0.0771716801811975,0.0779539029265969,5.56610853678544,5.23960845295342,0.00232758817167676,0.00218669698155408,7.30799218226257e-07,0.000898877611483171,0.00399887020712651,1.31562841040494e-05,1.23210222389163e-05,1.9436551520663e-11,6.18575294236404e-06,2.20737070116868e-05,-1592.63990571341,0.114510826318847,0.0848365779933789,0.9725,0.482156844524304
"quadratic",800,"stan",17,2832.951,11021.5132408216,11647.6548510123,174.042522991819,194.633061349043,12212.7202476656,3923.63376388116,12555.7940830317,8856.39053165349,3.89047083441316,4.11149181578231,0.0614350629403116,0.0687032925557283,4.3109535772647,4.4320548018768,0.00190934724956347,0.0018133986318748,3.9000806210306e-07,0.000860633220568762,0.00315288839052011,1.18676468568188e-05,1.13502983541659e-05,1.35811282814176e-11,5.9528121039344e-06,1.87041987678315e-05,-1563.38377305458,0.0839682496206041,0.0650364303553031,1,0.46260903834006
"quadratic",800,"stan",180,1612.364,9010.56261911603,9409.06139707519,146.635494799484,162.054847119544,10875.2977689767,3670.38255341831,10783.1605735529,6830.82904345271,5.58841714347134,5.83556901361925,0.0909444113112699,0.100507606917262,6.74493958496758,6.68779541936737,0.00204495815761512,0.00194194268075381,5.12299255655477e-07,0.00078258711073388,0.00342429056232182,1.2331121092219e-05,1.16425732344516e-05,1.59833925290389e-11,6.03478397489638e-06,2.01594242538492e-05,-1558.63694600019,0.090568869471087,0.072390957830634,0.98875,0.467876009212988
"quadratic",800,"stan",181,2274.445,11106.3128797178,9865.15937364153,132.731707328774,170.711288219883,10218.5937069932,2662.40600863634,10235.4907613886,5409.11797155817,4.88308702989864,4.33739192358643,0.0583578443658886,0.0750562393110771,4.4927855837328,4.50021467276132,0.00239352553373472,0.00222585028229001,7.60614725285891e-07,0.00107229433190599,0.00428729757615032,1.35808887752363e-05,1.29133180697033e-05,2.01421212371522e-11,6.25683894295986e-06,2.24338779303139e-05,-1574.55451258313,0.117962975507958,0.0961236171458662,0.98125,0.489366988644329
"quadratic",800,"stan",182,2178.666,8927.78771788938,9575.92508597883,128.985738550075,178.415677920826,10001.4194409167,5432.61474037077,10306.5396035588,6488.40061373556,4.0978230338608,4.39531579690454,0.0592039984789199,0.0818921660873333,4.5906162031797,4.73066528029481,0.00201750364640159,0.00190286834217588,4.26886788210111e-07,0.00101754817283814,0.00334976511523596,1.24058958778922e-05,1.17935278491354e-05,1.42389468771684e-11,6.25577661696104e-06,1.97218149185635e-05,-1563.25060817536,0.0970732487797911,0.0780250073085097,0.98,0.469689378563706
"quadratic",800,"stan",183,2623.867,11592.7649718053,11245.9939424655,97.2251675347188,91.765394144476,12250.2509174807,5437.67286610852,12485.7909782384,7502.87787221451,4.41819839641464,4.2860381042429,0.037054152338788,0.0349733405483113,4.6687773875279,4.75854568018822,0.00194771345431731,0.00184052091404704,4.84071394507742e-07,0.000795120562943403,0.00326264777765538,1.17997445135843e-05,1.12203576700901e-05,1.4535368209285e-11,5.87692026044828e-06,1.90577273378652e-05,-1574.54667387661,0.0885292834876988,0.0717524529315545,0.99625,0.460568146238756
"quadratic",800,"stan",184,2664.002,12561.4963719541,12747.4428684581,140.374522308671,165.364592972302,12192.8436255341,2507.96799395338,12088.0902965543,5424.04599452491,4.71527287590403,4.7850725594268,0.0526930994453724,0.06207374955886,4.57688981672465,4.53756802605789,0.00233067316720541,0.00216602731491891,7.88636796517639e-07,0.000874326441808153,0.00404687924137339,1.27773644741192e-05,1.20920395215193e-05,1.59849558063225e-11,6.37248462371767e-06,2.10076239717891e-05,-1594.8997663442,0.102217846430192,0.0823228249583045,0.9875,0.476627790412064
"quadratic",800,"stan",185,1585.131,9957.39629692084,9923.44535620909,190.329814169549,173.449762416713,11505.8391340294,6448.35201314108,11586.8101802362,7852.29862400655,6.28174977142005,6.2603313897773,0.120071977754235,0.10942298296905,7.25860457844142,7.30968619012324,0.00183186229398468,0.00173549904572205,3.83298956637526e-07,0.000831891269506847,0.00311122862409965,1.16089327108868e-05,1.10055734754451e-05,1.33929284085825e-11,5.63913393166861e-06,1.87216751651095e-05,-1577.39172623918,0.0865227422332567,0.0716242498763462,1,0.460382844995784
"quadratic",800,"stan",186,2614.592,11374.3048376228,11847.8632203573,142.50404477881,155.610475052686,12182.915558593,4788.81804124025,11975.220722849,5710.48902877147,4.35031731054894,4.53143864142371,0.0545033583743887,0.0595161597116054,4.65958572450043,4.58014891916178,0.00220896035984942,0.00209814406635947,5.68309179095165e-07,0.000929945388170511,0.00372206519999994,1.35223400856305e-05,1.2678553138782e-05,2.08849355590343e-11,6.18146994413619e-06,2.26355871404061e-05,-1569.95283653609,0.0955923025821364,0.0760401461096861,1,0.478613500736585
"quadratic",800,"stan",187,1574.544,9782.73708019867,11468.547026442,186.908274347656,184.165168657928,11843.7765353401,5967.8287697235,11923.6864101598,9084.23015594172,6.21306046715663,7.28372597173656,0.1187062885176,0.11696412971497,7.52203592617295,7.57278704828815,0.00188671277683577,0.00180207459147904,3.91296432657026e-07,0.000845556117803373,0.00309485601351094,1.17457185271182e-05,1.1076797449188e-05,1.40489775088671e-11,5.86892408831183e-06,1.86198863119155e-05,-1603.76085924852,0.0863641747121994,0.0735609797613117,1,0.460347301091959
"quadratic",800,"stan",188,1959.017,7570.98793451527,8692.86508031995,155.185522459455,167.886806363587,9680.71073245639,3710.96034220773,9758.77045379226,6500.33459628527,3.86468720512138,4.4373607172985,0.0792160162262272,0.0856995147890943,4.94161650075338,4.9814628733657,0.00206675324614206,0.00195498164314197,5.14221007285094e-07,0.000891505953135494,0.00344645838633044,1.31254810026153e-05,1.24218464853416e-05,1.61114216302631e-11,6.64087745309717e-06,2.09690241576834e-05,-1550.29216612039,0.111275194122171,0.0866561171384806,0.98375,0.47544008351379
"quadratic",800,"stan",189,2568.871,12850.5702266381,12187.6343621101,216.267388249498,165.045677128436,12222.3494549741,6822.35882474581,12161.2125053715,6406.58420568288,5.0024194389824,4.7443543728393,0.0841877183593484,0.0642483320993681,4.75786812766158,4.73406897636024,0.00184492611495957,0.00177500954300864,3.31707985018807e-07,0.000860957311784079,0.00300887227735207,1.18830385410856e-05,1.10967749932115e-05,1.45930244444252e-11,5.66773013145365e-06,1.94456174293345e-05,-1592.74221216666,0.0917502487799142,0.0701624268885078,1,0.460451221598816
"quadratic",800,"stan",18,2266.305,10126.3562881319,10116.2281215593,188.733446346962,189.256743319578,10452.9032286874,6891.97104642814,10423.4074225464,7124.31152637631,4.46822307153355,4.46375404967966,0.0832780434879514,0.0835089466420355,4.61231088873185,4.59929595643411,0.00205955808035519,0.00194503076607941,4.65935145822307e-07,0.000955649511983806,0.00343680562854686,1.23449738885369e-05,1.17171172378101e-05,1.43190041224404e-11,5.84877586784797e-06,2.00909793783505e-05,-1576.0945793241,0.0830626808558524,0.0641338673426551,0.99375,0.465041788628137
"quadratic",800,"stan",190,2676.38,11407.8429986851,11737.1970521738,165.549991007252,185.771281302367,12817.904801282,7697.3780837278,12903.6813820319,10074.0795186431,4.26241527686095,4.38547480259671,0.0618559363794574,0.0694113994658332,4.78926938673956,4.82131886429874,0.00199681705014887,0.00188929916895855,4.16969485157308e-07,0.000881310795941543,0.00327162565903527,1.20844583257289e-05,1.14396637799496e-05,1.42760908230051e-11,6.1321870933471e-06,1.93278527620972e-05,-1563.89342313153,0.0833639442610523,0.0678934179023526,1,0.46434024834342
"quadratic",800,"stan",191,2441.978,9357.7953249823,8477.55805345546,125.572192457498,89.8081253675499,10582.337518411,3267.56116429488,10802.3933931681,5605.05899837957,3.83205554062416,3.47159477008207,0.0514223274974212,0.0367767954369572,4.3335105878968,4.42362437055866,0.00230943282660136,0.00214598635084749,7.29350907437567e-07,0.000956605087998092,0.00399545409386678,1.30507657689461e-05,1.20454934596895e-05,2.22949168658601e-11,5.76059481836732e-06,2.22691536891266e-05,-1593.04519956219,0.0780308099107975,0.0638283530339651,1,0.480889528609671
"quadratic",800,"stan",192,2567.134,12670.9705403465,12969.2905552777,135.221850972516,235.834222618423,11815.3680032971,4425.90858519872,11882.5067756745,8110.08204250593,4.93584306091793,5.05205047935859,0.0526742472237585,0.0918667364533458,4.60255210803065,4.62870530937398,0.00203460436075056,0.00193324251127227,4.7636796315364e-07,0.00090708745043297,0.00336952897339125,1.24761284833865e-05,1.19262203358133e-05,1.28105514106108e-11,6.70141373764431e-06,1.96981042876934e-05,-1574.95192126843,0.0879117513095632,0.0726787172961088,0.98375,0.465410333443738
"quadratic",800,"stan",193,2647.344,13318.9860283563,12400.997480249,189.075142966004,200.533659516071,12565.7476084984,7306.5104783092,12593.6195017463,8845.0523903806,5.03107492957329,4.68431661327316,0.0714206929533919,0.0757489995694065,4.74654884612592,4.75707709377638,0.00178473047156094,0.00168617993487836,3.46206001442506e-07,0.000810473125445374,0.00291685254899768,1.19428439514073e-05,1.13038292401848e-05,1.38549762633524e-11,5.93174803708105e-06,1.93340003038967e-05,-1549.49964503103,0.094088902508381,0.0777097602972406,0.9775,0.458469895422309
"quadratic",800,"stan",194,2014.714,8013.99493770523,9283.23421649013,79.3523577694616,137.769406689703,9603.58150533618,1485.59782465498,9615.21901906495,6525.89124309621,3.97773328507432,4.60771812599214,0.0393864130439664,0.0683816197682165,4.76672197906808,4.77249823998093,0.00221768213585972,0.00201450020965759,8.19027264146148e-07,0.000876123300504269,0.00397987751244815,1.22727272475257e-05,1.17082936858199e-05,1.41614111042549e-11,6.19169207061109e-06,1.97064495456618e-05,-1570.83635345622,0.0778339331360027,0.0609903059072092,1,0.477271584860533
"quadratic",800,"stan",195,2631.416,10560.4293738714,10635.1420021961,100.772739149595,189.86638414845,11973.3091715509,3035.21562867914,11875.5275581309,4692.76837431207,4.01321166013713,4.04160421696765,0.0382960121659193,0.0721536937331269,4.55013922981044,4.51297991580612,0.00232344382523976,0.00222187546943955,6.6025241249146e-07,0.000896523646262047,0.00389547260375399,1.24899270599708e-05,1.17342193642688e-05,1.61072095202169e-11,6.02226476558127e-06,2.06805741461053e-05,-1581.73406136917,0.109085368861785,0.0913198231246239,0.99125,0.478300812901131
"quadratic",800,"stan",196,2564.434,10626.8475265823,11723.2251523722,117.678574573358,126.091587339393,11647.3429071315,2271.78312179913,11637.221105352,7090.41621325911,4.14393489034318,4.57146690161344,0.0458887125086307,0.0491693634304461,4.54187665080542,4.53792965829966,0.00213510524053771,0.00198792713292982,6.80870337453869e-07,0.000876195868386169,0.00374739780919303,1.24037550099664e-05,1.18768408427282e-05,1.53058551428013e-11,5.47134299058226e-06,2.00601607849484e-05,-1571.15351573484,0.0876621948816387,0.0687457918783148,1,0.473064863873328
"quadratic",800,"stan",197,1906.104,8241.1646798101,8411.3962019325,167.223389570074,205.163626733283,9760.50761655372,3888.56720270215,9041.64544207985,6322.92268857839,4.3235650729499,4.41287369520892,0.087730464638904,0.107635064368619,5.12065848272378,4.74352157179244,0.00248765343550813,0.00231524195687375,7.98650460662125e-07,0.00107144314574653,0.00439300368160365,1.296609842583e-05,1.22925465288496e-05,1.65833116454615e-11,6.19095508670803e-06,2.10532983030896e-05,-1593.22232915326,0.107446292688881,0.0898496214166965,0.99375,0.487831380698419
"quadratic",800,"stan",198,2466.263,12500.1912965921,12517.6063236511,100.855254375574,158.009232960772,11133.7278533431,4711.34771407658,11569.6773202121,8412.30933763301,5.06847456925402,5.07553587093148,0.0408939575282823,0.0640682818340025,4.51441223151916,4.69117742925716,0.00177626244742737,0.00166834605529925,3.86001644660225e-07,0.00074773950416198,0.00304622260630931,1.13645414283467e-05,1.08226471640151e-05,1.20121818544788e-11,5.81614930818448e-06,1.81706950962514e-05,-1549.76230064285,0.0884315823020129,0.0698894378814217,1,0.45551598158617
"quadratic",800,"stan",199,2459.711,9803.111014788,10674.2792415833,131.114335347835,173.862359376885,10650.3871971215,1599.03960311027,10502.742106198,5029.9472680361,3.98547268959158,4.33964772348594,0.0533047725313399,0.070684059784619,4.32993436916836,4.2699089877624,0.00283107287327857,0.00260965692514202,1.25930406717192e-06,0.00103458967298301,0.00499548112552343,1.35486195219038e-05,1.28315248447018e-05,1.96882508407412e-11,6.23396365319378e-06,2.17513229615552e-05,-1571.39461807086,0.102030542266176,0.0805540463835327,0.98125,0.498349765995532
"quadratic",800,"stan",19,1772.368,9519.79632983337,10171.467201836,116.384461063967,206.426339054829,10155.0237097069,3219.24325869624,10145.9808564819,7049.21084642843,5.37123008869116,5.73891381577413,0.0656660812336753,0.11646923159007,5.72963611942154,5.72453398869866,0.0022208204467962,0.00210604767573704,6.29908149437492e-07,0.000899904859347483,0.00382871002693549,1.21737369225392e-05,1.16384959860945e-05,1.28369599668464e-11,6.32649608574843e-06,1.93898219867053e-05,-1568.26463928221,0.0792161743741954,0.0628291356924549,1,0.474791509761785
"quadratic",800,"stan",1,2174.225,9312.92071233751,11013.1049545311,239.350493255135,196.096575073145,10082.8822931098,6304.90886495651,10631.4565084758,7034.76575198099,4.28332886998241,5.06530140833223,0.110085429638209,0.0901914820559716,4.63746037926609,4.88976831214609,0.00179691298847409,0.0017135369429516,3.08795030546633e-07,0.000842273259820507,0.0029432827257436,1.21002332541588e-05,1.15895362867336e-05,1.24241992097415e-11,6.07485381872051e-06,1.88241137405681e-05,-1591.80392431115,0.0962358360833668,0.0741832969961778,1,0.455184402830966
"quadratic",800,"stan",200,1771.132,9038.89553904692,9243.92780479859,98.973244279287,194.525139516825,9772.0997739509,2513.43796043072,9630.8345213108,4534.64798282085,5.10345673786421,5.21922013988714,0.0558813483575967,0.109830966589065,5.51743166175694,5.43767179482433,0.00243899934857433,0.00226550546976449,8.18345499662221e-07,0.000915237334711986,0.00414094263859473,1.3497426238537e-05,1.26383801089726e-05,1.92068065160907e-11,6.43238183489717e-06,2.25408431060655e-05,-1586.71425683733,0.103671359960661,0.0796059884225195,0.98375,0.487994149207561
"quadratic",800,"stan",20,2681.362,11443.207285853,12068.0729434878,150.540501225833,174.413118329534,12072.2038880392,4367.67541774213,12301.7623012376,8927.17836769347,4.26768458934416,4.50072498360451,0.056143296289659,0.065046464568952,4.50226559787123,4.58787821310125,0.00237567067811826,0.00223486910234702,7.12653620208857e-07,0.00101980427635982,0.00403752377089869,1.18100716961467e-05,1.13232183536799e-05,1.20819468083397e-11,5.64251159763882e-06,1.84851140690209e-05,-1609.14293079105,0.083693162482831,0.0606964055778601,0.99375,0.481061695372389
"quadratic",800,"stan",21,2341.409,10840.5755465214,11401.2686740029,192.122844388278,153.130722264436,10715.317158968,4150.58237538459,10995.0129496607,8059.83376922565,4.62993673746082,4.86940499246517,0.0820543717002362,0.0654010991947312,4.57643972452828,4.69589591124861,0.00203093664512205,0.00189761119825637,4.62733232772277e-07,0.000916422352109485,0.0033808409794565,1.22276568824523e-05,1.15389402897892e-05,1.36916024794036e-11,6.21059374685062e-06,1.97318466228811e-05,-1550.43353004178,0.0890232739029868,0.0712865875626734,0.9975,0.468341283520286
"quadratic",800,"stan",22,2266.963,10110.997389872,10599.6473572102,151.565890708033,187.139661235379,10246.9737659869,4838.37687819866,10348.7908328622,5864.03966290968,4.46015104343211,4.67570373103141,0.0668585639501101,0.0825508229447853,4.52013277939997,4.56504620184017,0.00216740163002707,0.00203315731082447,6.03893982220231e-07,0.000934997240157131,0.00381624939248475,1.20122791667183e-05,1.14451472760229e-05,1.27800064309213e-11,6.20122289082531e-06,1.92225922840465e-05,-1641.84704935145,0.0923048814814868,0.0725009864467198,0.975,0.469380223424491
"quadratic",800,"stan",23,2449.889,10054.2592101947,11154.033819664,155.896189817209,208.924969224375,11218.7083201775,4977.10897746433,11494.8692458076,9201.17512264593,4.10396520421729,4.55287313819688,0.0636339808935052,0.0852793613197884,4.57927208954263,4.69199594177844,0.00192771011346946,0.00180276078283143,4.34562901330441e-07,0.000833551653211585,0.00327889590122352,1.13830915822556e-05,1.08435596697739e-05,1.14903777157017e-11,5.70695143875863e-06,1.81172842027011e-05,-1578.69526138211,0.0813531588887509,0.0662385240038816,1,0.45961746280576
"quadratic",800,"stan",24,2525.732,11292.5235500227,11835.8390145706,93.6749186420834,166.198615537058,11628.478417967,8249.17177388844,11799.07284397,8878.31487508852,4.47099040991787,4.68610249011794,0.0370882257666623,0.0658021577653756,4.60400328220373,4.67154585045839,0.00181338665842907,0.00168679907819517,4.13167480146636e-07,0.000787046260746876,0.00310945763957556,1.16832583791872e-05,1.10236124352138e-05,1.30963780592572e-11,5.95400877725884e-06,1.91326011681205e-05,-1551.83249300926,0.0785232544954885,0.0627956076067326,1,0.457820028915963
"quadratic",800,"stan",25,2647.991,11909.6143678344,12241.7732869172,108.586849159922,128.303791916771,11928.1222782958,2889.00884380034,12269.688116996,8099.45054866772,4.49760379390806,4.62304187850985,0.0410072576379308,0.0484532583066826,4.50459320983184,4.6335837685989,0.00207871736828765,0.00194117925030623,5.84735877763213e-07,0.000857368615797423,0.00359069027436401,1.21243668025812e-05,1.15461771846626e-05,1.41677028199049e-11,6.02629332965622e-06,1.97821735451202e-05,-1551.59420128653,0.122561554217903,0.0983348534710853,0.975,0.474897288388823
"quadratic",800,"stan",26,2747.658,12083.5538382876,13127.8000736714,117.583044456966,197.389405274714,12395.7668225106,5147.28782255401,12441.0784714737,9062.12740755733,4.39776487404459,4.77781444185246,0.0427939155662627,0.0718391463838345,4.51139363869543,4.52788464629649,0.00194581766853297,0.00185352415633012,3.98510454400939e-07,0.000965026867279042,0.00322856873120389,1.2355920998651e-05,1.18459644754733e-05,1.32662812980485e-11,6.13610795268049e-06,1.94403042822601e-05,-1581.41496997368,0.0891471658631631,0.0686300911273365,0.99125,0.464429315071487
"quadratic",800,"stan",27,2382.989,10062.9864057699,7867.24305685701,178.794857023863,198.923042146012,10712.0263471457,2876.46200380693,10750.0243940983,6672.12609467338,4.2228421557002,3.30141811685115,0.075029661078529,0.083476273766271,4.4952059565301,4.51115149675398,0.00209239511624613,0.00197757686634211,4.96391330243015e-07,0.000974046687079969,0.00352561520061319,1.2821271674144e-05,1.21351837134223e-05,1.63459793830833e-11,6.27446301726307e-06,2.10577074215613e-05,-1570.03009238853,0.0921477753073377,0.0735627478179404,0.98,0.470945702208861
"quadratic",800,"stan",28,2783.942,9683.3603810979,11160.6803162871,127.561589872248,156.121152038418,11447.0146941627,3164.09615626264,11386.1470306347,8058.64898801735,3.47829099208888,4.00894857589961,0.0458204911856093,0.0560791683298065,4.11180071070545,4.08993687032083,0.00199089676956535,0.0018486885980646,5.23182464829195e-07,0.000872197245266012,0.00344885306713262,1.1933510594792e-05,1.13156613931583e-05,1.35013773403668e-11,5.79680845562145e-06,1.92117495672969e-05,-1566.71095588962,0.0801116000233545,0.063401686911453,1,0.463871841721659
"quadratic",800,"stan",29,2346.998,10618.6574523569,11108.4778037663,173.785557539755,132.104596320682,10759.1296990143,3081.98040771321,10629.203120648,4320.71293775707,4.52435726504961,4.73305806130482,0.0740458907675913,0.0562866250080664,4.58420914675439,4.52885052336986,0.00232568533640113,0.0022114386556232,6.11677970692512e-07,0.00102458728523815,0.00395386566297995,1.31526150879262e-05,1.23470980520324e-05,1.58154093100178e-11,7.01993192571009e-06,2.17851615141425e-05,-1570.64574598415,0.108077065091337,0.0771590111049754,0.96625,0.482527835858822
"quadratic",800,"stan",2,2293.778,9484.69024813382,10413.3749326333,153.338286651101,169.119383259925,10004.4897602328,6081.66679848267,10287.115452937,5965.52833409445,4.13496434621564,4.53983556064852,0.0668496631544558,0.073729621288514,4.36157717103956,4.48479122780713,0.00194634980153881,0.00182275487550787,4.51770065357676e-07,0.000874649811377355,0.00332758716911462,1.23278835857732e-05,1.15155779720812e-05,1.87300669394326e-11,6.0928767207023e-06,1.9929958148192e-05,-1561.90252037608,0.109369359219386,0.0882090789863249,0.98625,0.467322770610637
"quadratic",800,"stan",30,2561.223,11964.7443959078,12004.107007202,239.160361564211,193.730167571952,11539.5448300923,5008.69524254267,11870.9219344478,6003.18230997596,4.67149654516915,4.68686522306022,0.0933774066390202,0.0756397110177254,4.50548227549585,4.63486464647858,0.00174742480339753,0.00165791436298086,3.11365941417691e-07,0.000815883204510302,0.00282049948543129,1.24405690317207e-05,1.18516873620641e-05,1.41729037271392e-11,5.62839091035306e-06,1.96872371654951e-05,-1555.7601598074,0.116342813856264,0.0894332902139661,0.9425,0.457330388075635
"quadratic",800,"stan",31,2441.22,10618.8101550553,10535.1459969008,90.0190071956651,151.418187821446,10595.5184834477,2037.89198622754,10589.1486323758,5576.19066196493,4.34979647678427,4.31552502310351,0.03687459843671,0.0620256215422805,4.34025548023027,4.33764619017367,0.00285141416595304,0.00270241376492432,1.14967730247761e-06,0.000922430909936867,0.00489690507898123,1.32937398247812e-05,1.23194692752057e-05,2.20118424252152e-11,6.13502272994025e-06,2.26373286298913e-05,-1572.10304249657,0.0889142574286711,0.0701300488791998,0.99625,0.49885173379868
"quadratic",800,"stan",32,2155.879,8793.27959969119,9159.38755517405,152.324811464093,153.4798858696,10154.6815504293,5614.89495499601,10329.82091426,7268.2868470143,4.07874449340208,4.24856290875975,0.0706555476741011,0.0711913265399401,4.7102279629002,4.79146599334194,0.00199386229050853,0.00186426795140828,4.872943988303e-07,0.000966127253566207,0.00345044980794296,1.23134557137854e-05,1.17421251079002e-05,1.28366602094894e-11,6.32022384815638e-06,1.9228565428969e-05,-1614.74836424586,0.0979929195572731,0.0793429947955096,0.99125,0.47210325186079
"quadratic",800,"stan",33,1665.4,8721.03172990847,10560.2570317822,110.061254769941,214.171138074229,10732.6672127169,4339.3205490393,10922.8474835733,7892.70013082861,5.23659885307342,6.34097335882204,0.0660869789659788,0.128600419163101,6.44449814622129,6.55869309689765,0.00191798278104829,0.00180092398829137,4.22398511923054e-07,0.000848033103281939,0.00328095873763456,1.26194051694227e-05,1.19681589209602e-05,1.44111294051071e-11,6.33285926940471e-06,2.06923487604084e-05,-1591.304441916,0.10172895134029,0.0840072752923078,0.99625,0.465144074084418
"quadratic",800,"stan",34,2128.986,8403.41985739218,9091.96664868216,156.885317599657,164.259243950789,10019.0764196857,3216.65105212642,10151.247310795,6846.81845247252,3.94714660283918,4.27056197113657,0.0736901593526951,0.0771537454688707,4.70603208273124,4.76811369863165,0.00215397437680487,0.00201759566386851,5.70439943951434e-07,0.000817909015637303,0.00364660413720672,1.18483140764527e-05,1.11561483392109e-05,1.45765008845059e-11,5.68691816790791e-06,1.92356275266399e-05,-1591.01943966784,0.0927828670739633,0.0710994350436258,0.97875,0.473146321889262
"quadratic",800,"stan",35,2407.774,9881.96490869801,10564.9934539407,157.806918398911,174.836351347155,10834.6793091645,6164.1984877652,11007.8306870246,5987.52878838937,4.1041912192332,4.3878675714335,0.0655405857854228,0.072613273233765,4.4998738707057,4.57178733843982,0.00199165641549844,0.001885334713762,4.8337206653059e-07,0.000824894504321595,0.00331331974698138,1.25656024019188e-05,1.18366630690306e-05,1.64566244841564e-11,5.71668965870663e-06,2.05173929748256e-05,-1541.03110265011,0.0919659011087573,0.0717091165263078,0.995,0.467308381715708
"quadratic",800,"stan",36,2086.138,8690.41756282088,7325.80963711431,131.399620468022,174.509604143332,9588.56953376188,2142.02812470537,9457.25446059057,6112.81422222049,4.16579227396312,3.51166108719285,0.0629870221759163,0.0836519943279555,4.59632561880464,4.53337912477054,0.0023892041370515,0.00222543147598452,9.19003507753782e-07,0.000896558164921853,0.00430492761462933,1.22197428455773e-05,1.16672876345966e-05,1.41005560669661e-11,5.64257898522746e-06,1.9679054827546e-05,-1572.36365695979,0.100177311485562,0.0806417621871848,1,0.482269038001705
"quadratic",800,"stan",37,2645.574,11975.5979513683,11348.6096663043,182.988679097294,201.64614657427,12303.0687781466,4431.42232441672,12644.1102745605,9054.30234188989,4.52665393270736,4.28965875318715,0.0691678551033892,0.0762201875941742,4.6504345666183,4.77934477529659,0.00198780535270572,0.00185351731728259,4.64082920178883e-07,0.000879577589340128,0.00329622920711908,1.27123137561499e-05,1.17937495907164e-05,1.82017577775911e-11,6.12006368698844e-06,2.13170111448684e-05,-1575.41199223666,0.0727112819495478,0.0584191769874496,0.9925,0.466616318912608
"quadratic",800,"stan",38,2178.285,8606.85762128961,9024.14581702653,119.015008641974,73.8970629978534,9430.37297483041,2501.85846888093,9373.19591659349,4072.43107919996,3.95120823092002,4.14277553994382,0.0546370234574328,0.0339244235707694,4.32926498361344,4.30301632550079,0.00244111368518865,0.00226490517426954,8.11827930689511e-07,0.00100427726504103,0.00427764120487165,1.32080755323426e-05,1.24899573268805e-05,1.79504454897579e-11,6.39153310696632e-06,2.14191027804271e-05,-1558.67499776395,0.0983010901081267,0.0768453774196792,0.9825,0.488514558978965
"quadratic",800,"stan",39,2303.187,9128.93713584434,9340.69441485962,160.181481887235,155.074840885601,10384.8725353521,4779.16806714014,10741.8035671293,5233.4659667859,3.96361091645808,4.05555190041435,0.0695477535637512,0.0673305471442836,4.50891418514957,4.66388685205728,0.00177991784689085,0.00170537182526659,3.26871910667186e-07,0.000810810260269915,0.00291304898637461,1.22900453918228e-05,1.16450110775095e-05,1.50609633773558e-11,5.8777037397005e-06,2.0161716265721e-05,-1569.84215609185,0.0724696164995204,0.0534794653414836,0.9975,0.455741015535903
"quadratic",800,"stan",3,2580.005,11956.6988818768,12261.4513681785,153.138041472187,254.505163826947,11940.7209027652,3811.45964311249,12111.7546272985,8890.34188026619,4.63437043024211,4.75249132004726,0.0593557149975241,0.0986452211631169,4.62817742708453,4.69446943990362,0.00201977418818773,0.00188741255461042,5.46637886347897e-07,0.000830336012875369,0.0034895363686501,1.14644682728568e-05,1.09496087831454e-05,1.03676262973786e-11,6.04694886516073e-06,1.78191017169921e-05,-1569.05730210558,0.103059273753118,0.0743779954924933,0.96,0.46898306106111
"quadratic",800,"stan",40,2569.612,10669.77238909,11024.6092864583,106.424153764055,184.027265978012,11475.0846542086,3305.25050064126,11931.1163739984,7879.77361470109,4.15228929079178,4.29037897023297,0.0414164293146416,0.0716167522482041,4.46568768133421,4.64315872357321,0.00210249574171958,0.00194282801317609,6.43987318092424e-07,0.000860667520887791,0.00375399221795805,1.19861027910673e-05,1.12292227147141e-05,1.50101013369581e-11,5.96393830902908e-06,1.97883724371799e-05,-1563.58427523879,0.0860562080984068,0.059952386347809,0.9775,0.469634392292802
"quadratic",800,"stan",41,2556.53,10999.962129721,10793.6000608441,161.212992793788,220.927749540807,11544.8550127056,5648.59221281036,11580.0554296536,7641.19999893514,4.30269237197333,4.22197277592833,0.0630593002209196,0.0864170377585271,4.51583005585916,4.52959888194295,0.00219794939845214,0.00205215645482935,5.84497780120898e-07,0.000981906662743717,0.00375143229059027,1.29769975175598e-05,1.22812116973846e-05,1.62007606348887e-11,6.39131123752708e-06,2.09243499408907e-05,-1580.79319348949,0.125305919809985,0.1003956424678,0.96875,0.481218751919609
"quadratic",800,"stan",42,2404.418,11485.0035922575,9882.65306204652,85.2939539245155,170.897003395291,10556.7286783365,2146.83700138136,11012.6346214438,5330.13230583012,4.7766251925653,4.11020590514899,0.035473846030314,0.0710762452266166,4.39055466991868,4.58016643588754,0.00230424152429257,0.00211425143302261,8.69469488586433e-07,0.000925034114724579,0.00406624002403251,1.29169442238261e-05,1.22598237273083e-05,1.8181458094229e-11,5.83413755437836e-06,2.14888335230995e-05,-1584.8022823794,0.0999434702126246,0.0753239996315872,0.9625,0.477456089108004
"quadratic",800,"stan",43,2693.074,11333.1828057474,11930.728927955,136.061970411373,209.701279584269,12327.9658064799,5979.24079329263,12495.8601141739,8575.12306378244,4.20827010536932,4.4301526537908,0.0505229230282468,0.0778668835628984,4.57765579649127,4.63999879475051,0.002126154952527,0.00200120572552166,4.93302862593504e-07,0.000936309869374831,0.00349238524759245,1.20828104950928e-05,1.13235511607879e-05,1.45924634071746e-11,5.95845685606918e-06,1.98407207495922e-05,-1556.04654536162,0.0992405310465572,0.0797219557929498,0.9925,0.469839564936126
"quadratic",800,"stan",44,2552.24,11349.1730672152,11512.5286676992,144.616281921824,205.299556021927,11498.3229097576,3963.61422346907,12159.6747128121,7771.31040298759,4.44674994013699,4.51075473611384,0.0566624933085542,0.0804389696979621,4.50518873999217,4.76431476382006,0.00202107227715516,0.00189845652276115,5.22528569707497e-07,0.000836302586002903,0.00337696804586217,1.25920708326025e-05,1.19640082366676e-05,1.54229565728944e-11,5.95213039311476e-06,2.05935556448941e-05,-1564.42406127369,0.109688223651538,0.0878648921862525,0.99,0.473917503031871
"quadratic",800,"stan",45,2395.69,9179.17509233209,8903.39100075532,110.911547261829,180.116526578372,10852.0922965363,4388.98979607373,10862.646995687,4526.26110980231,3.83153709049672,3.7164203218093,0.0462962851044286,0.0751835699019371,4.5298399611537,4.53424566437518,0.00204393123759492,0.0018753022352994,5.90067114401061e-07,0.000838738356339358,0.0035356569829072,1.26870825089415e-05,1.19926259388433e-05,1.69411874974906e-11,5.76565428952851e-06,2.0963173459359e-05,-1579.14121471832,0.0949161709306241,0.081587477032258,1,0.468980880447802
"quadratic",800,"stan",46,2559.01,10645.400444774,9765.4838604183,146.279898019427,152.410146455224,12053.9171214601,5674.31321969242,11875.6043197238,6356.42477119183,4.15996828647564,3.816117897319,0.0571626910482674,0.0595582457494205,4.71038296898413,4.64070258409456,0.00192739636412442,0.00185220691040292,3.77234713754049e-07,0.000867606301445265,0.00309826201122518,1.23152342644814e-05,1.14620042924612e-05,1.76864555045082e-11,5.64981349040534e-06,2.07373172405281e-05,-1593.28411353079,0.0723311818319243,0.0552088370632667,1,0.463885765383612
"quadratic",800,"stan",47,1520.53,12348.5716152679,12412.2276502878,108.043542613332,193.401264431388,12282.917654692,2648.77272788768,12014.6122971071,5198.90159600626,8.1212285290444,8.1630929020064,0.0710565017548696,0.127193323664372,8.07805018953389,7.90159503403882,0.00221634020706057,0.00204376424569624,6.85475045759141e-07,0.000902423694861667,0.00395026008765632,1.29827799602372e-05,1.20557520350704e-05,1.84039251650637e-11,6.19598866460169e-06,2.21213038932613e-05,-1603.64376007681,0.103260102330862,0.0786083620535503,0.98375,0.473733703615981
"quadratic",800,"stan",48,2198.858,9759.60119032839,10985.7700824312,152.241602052305,181.616843896661,10156.6873236532,4804.34483121643,10681.1626988913,8233.94315406578,4.43848633714791,4.99612529887386,0.0692366683306996,0.0825959856874162,4.61907377541122,4.85759548769923,0.00184455168188243,0.00170140654760919,4.90943132161184e-07,0.000761407118142859,0.0032214533717654,1.12598020645005e-05,1.06596912798472e-05,1.16398115336479e-11,5.6073975570477e-06,1.79397994886239e-05,-1548.64941909569,0.0714479122872438,0.0576204947424964,1,0.458674607787378
"quadratic",800,"stan",49,2442.209,10934.1059744436,11952.7486342675,162.810069947918,219.210115589887,10992.5697855904,4292.52555749413,11096.1008229214,8475.18833208993,4.47713769560412,4.89423658428393,0.0666650847441469,0.089758950028391,4.5010766013844,4.54346897539128,0.00224190828204533,0.00209975978300321,6.44747926684841e-07,0.000922067713025631,0.00389170305063062,1.21402991936615e-05,1.15127690622215e-05,1.28044612347859e-11,6.36608215154306e-06,1.93359017349928e-05,-1599.80653101796,0.0849062764852869,0.0675883086707946,0.99,0.476449337319553
"quadratic",800,"stan",4,1893.664,9262.81370684985,8937.57842717217,127.449742418327,120.815040377477,9638.45685450985,4331.6774137032,9352.92558249699,5749.52745630504,4.89147689708937,4.71972769571168,0.0673032504279151,0.0637996182942046,5.08984532340999,4.93906288681466,0.00217843649524451,0.00202487051753991,6.64749664739302e-07,0.000905500010957974,0.00384621495909295,1.18877702804591e-05,1.13363278717375e-05,1.29937743462751e-11,5.6794910690444e-06,1.88723996149509e-05,-1598.03078016586,0.0892477046788117,0.0687715306975158,0.9825,0.469406696728501
"quadratic",800,"stan",50,2411.933,11284.9979698048,11636.2038593019,152.795900974137,187.655451005861,10992.3173050195,7387.66177037234,11336.1239883348,9210.08709300545,4.67881900940232,4.82443080272207,0.0633499773725627,0.0778029286078264,4.5574720794564,4.70001612330639,0.00175872674551699,0.00165029222289217,3.31843117965645e-07,0.000819850298781031,0.00289820590653773,1.13456117183973e-05,1.08358558973871e-05,1.12706427970495e-11,5.55736139419596e-06,1.80177783126215e-05,-1566.06880371547,0.0564269262658914,0.047341206349958,1,0.453888325728082
"quadratic",800,"stan",51,1704.672,9803.5913743228,9984.36225931743,143.684645623256,161.609256630572,9660.7013542354,2392.07422622484,9368.90012257273,5182.79874960524,5.75101331770734,5.85705769750277,0.0842887345033271,0.0948037256613422,5.66719072891172,5.49601338120925,0.00239069720791548,0.00227180284051645,7.1018733592118e-07,0.00101520367310113,0.00409247088216376,1.34017406393401e-05,1.26918814404036e-05,1.82014551442662e-11,6.03726416377463e-06,2.190347378287e-05,-1540.34295693945,0.098920934478468,0.0793990350488055,0.99375,0.486354460013303
"quadratic",800,"stan",52,1901.967,8122.43812370076,8341.45010249769,147.006544764599,199.299562980116,10059.9235606949,4528.16248257381,10065.6675236693,5546.50766837117,4.27054629428416,4.38569654599564,0.0772918482626663,0.10478602571975,5.28922087538579,5.29224088728631,0.00217886513565136,0.00206431262774179,5.57504913197871e-07,0.000953328940784259,0.00364155219865918,1.30545307055882e-05,1.22474097658839e-05,1.81400832836617e-11,6.18782803151031e-06,2.1377272727366e-05,-1560.8192766257,0.122927526804251,0.0936517717320212,0.9725,0.480581957233227
"quadratic",800,"stan",53,2317.252,10726.4195285984,11395.9467836001,149.665721224465,208.231266299394,11945.5845248386,3406.21523108339,11642.3504061439,3912.51726387001,4.6289395924994,4.91787116101316,0.0645875896210101,0.0898612953185041,5.15506493244523,5.02420557028061,0.0023718260787442,0.00223613652645517,7.78642271716767e-07,0.000909730440501239,0.00408424481118086,1.31034203939556e-05,1.23725697103085e-05,1.76170947125279e-11,6.34231031770957e-06,2.1103922565036e-05,-1610.07120156762,0.0956372407794541,0.0773099781172089,0.9875,0.478294890299079
"quadratic",800,"stan",54,2399.7,11584.4927833845,11460.0269089781,66.2208481681732,119.103378673191,11942.7023783439,1459.29934896753,12143.7796206212,5572.82447709422,4.82747542750531,4.77560816309459,0.0275954695037601,0.0496326118569783,4.97674808448719,5.06054074285167,0.00242193104275455,0.00224476895265372,8.88591461772323e-07,0.000920159262999183,0.00431823567472293,1.32804768166838e-05,1.2375325515931e-05,2.17881600416993e-11,5.98545875042009e-06,2.22187927011904e-05,-1573.48667755846,0.0935747252998658,0.077282186534478,1,0.488069492889545
"quadratic",800,"stan",55,2218.171,10869.4426040902,11755.3392123189,183.110419456236,182.674955927412,11752.0050087084,7020.82908608789,12041.6507529501,8204.88441825001,4.90018244945505,5.29956401572236,0.0825501818643541,0.0823538653816192,5.29806088381302,5.42863952010465,0.00182257756657535,0.00171741439852956,3.91792888387116e-07,0.000769400085889973,0.00305916617467572,1.16653513831032e-05,1.11250748712902e-05,1.27175469442865e-11,5.6018251550865e-06,1.90142156867758e-05,-1589.2596360976,0.0700228205877689,0.0562677714466387,1,0.459964219576272
"quadratic",800,"stan",56,2458.909,9656.8966865306,10683.0731652576,91.6744421885573,206.112244584328,11312.924332711,2314.61213460971,11313.0437480443,8280.95657933047,3.92730950455287,4.34463949876045,0.0372825680773698,0.0838226402784033,4.60079016047807,4.60083872483458,0.0019935588943008,0.00183213337315375,6.32358276188371e-07,0.000716694471982764,0.00350738088330701,1.1919787029058e-05,1.13621689287563e-05,1.16853360006388e-11,6.14059440771092e-06,1.88728107800128e-05,-1593.9125821791,0.103861203675826,0.0857844100953237,0.9975,0.464186820871928
"quadratic",800,"stan",57,1852.587,9697.70719197824,10372.5912638047,162.958022126314,196.374123392932,9865.72038000724,5268.80332977243,10313.0503072571,8199.47403254434,5.23468381888583,5.5989766007236,0.0879624126296438,0.105999946773313,5.32537493786108,5.56683724287015,0.00191323449819038,0.00181391413274609,3.9755816381434e-07,0.000811198493692718,0.00313753031343455,1.17877508295439e-05,1.11039262684556e-05,1.40532364444808e-11,5.89849872559112e-06,1.96040139794341e-05,-1587.40373221632,0.08827900469788,0.0746406905894545,0.99375,0.460496693869151
"quadratic",800,"stan",58,2029.367,9246.05180726289,9836.51618475807,138.054358352422,166.347714047618,10481.1317772099,6132.83793826048,10921.6996116279,7226.19392675189,4.55612602711234,4.84708590647136,0.0680282858410635,0.0819702469034028,5.16472958179073,5.38182576716184,0.00190377677978908,0.00181026414301835,4.22347047275702e-07,0.000838108442046365,0.0032114627459253,1.20434099333425e-05,1.15812774091638e-05,1.16394383789164e-11,6.3882491946115e-06,1.89172745179877e-05,-1553.90859429895,0.0924364396850841,0.0706425284830682,0.9875,0.465364822889902
"quadratic",800,"stan",59,2366.071,11879.7265029877,11363.6034871048,160.270645631779,150.168534621422,12527.1267424819,4846.94792032864,12601.3270435698,7354.22697071723,5.02086645032531,4.8027314003277,0.0677370398571215,0.0634674676378781,5.29448471431411,5.32584484724668,0.0021513780077092,0.00203246680884906,5.95956978580208e-07,0.000900403554920359,0.00367454776633072,1.27814672083202e-05,1.21596163192426e-05,1.74831565525093e-11,5.76197564439477e-06,2.07208323077661e-05,-1576.4811433775,0.0815303722122696,0.0628575960947258,1,0.475408896382972
"quadratic",800,"stan",5,2505.012,11114.9841579341,11778.730134345,89.7821395860084,144.731425436827,11071.158577283,2679.86109353254,11441.703682926,7149.32164062093,4.43709816876488,4.70206535311806,0.0358410017940067,0.0577767393676464,4.41960301079716,4.56752450005271,0.00234548289730446,0.00218381379494468,8.01742704445812e-07,0.000978127396582554,0.00401044521793778,1.26279698628129e-05,1.19188484693328e-05,1.66732888817494e-11,6.21756297469778e-06,2.09534452370235e-05,-1563.9654094033,0.0881820748335025,0.0693390690660071,0.9875,0.479052770899397
"quadratic",800,"stan",60,1932.444,8832.35641165518,9731.13409794806,166.58108748458,194.849193497978,10006.4375973199,6504.22000425804,10378.1058949029,6417.43228041703,4.5705626717541,5.0356616274252,0.0862022845084155,0.100830447608302,5.17812552256104,5.37045621756848,0.00189176332713283,0.0017977759029539,3.93835843191931e-07,0.000871963122887693,0.00313916435021082,1.19335753967102e-05,1.11608313442176e-05,1.51055713830855e-11,5.99043785428417e-06,2.02995101128252e-05,-1551.48940384641,0.0883691421298602,0.0720709638733382,1,0.464866988655695
"quadratic",800,"stan",61,2622.145,10756.8417414284,11134.8455797063,73.459416172078,193.432207485577,11929.5972547362,2939.61949502786,12335.8797190491,7340.29937756341,4.1023062193084,4.24646447076965,0.0280150091516976,0.0737686922292919,4.54955666247907,4.70449945332891,0.00220916911883309,0.00204954135663898,7.38691958564027e-07,0.000872518786624212,0.0040084464044144,1.25367336259542e-05,1.17501867760193e-05,1.55165216759796e-11,6.25215101398113e-06,2.06947750821829e-05,-1600.12839498889,0.109810105434483,0.0848552157240551,0.96375,0.471457687251773
"quadratic",800,"stan",62,1926.513,8304.86834958255,8753.84008224742,129.852637353015,185.26286133731,9931.1528427308,3596.19984969172,9782.70305268242,6937.26024657009,4.31082912473601,4.5438780232718,0.0674029385490856,0.0961648643623531,5.15498875052014,5.07793254064853,0.00204948550650236,0.00197161232513785,4.73401350548748e-07,0.000826883891985339,0.00333115407385734,1.22833649436735e-05,1.17580708976894e-05,1.29320803100926e-11,6.12133932082151e-06,1.93685126211565e-05,-1592.78525066266,0.0921796735849244,0.0747884714905953,1,0.464291318979771
"quadratic",800,"stan",63,2409.759,9957.25070082227,10013.7086143264,55.4288790411114,196.404769320225,10701.1784579213,1024.53875034941,10507.7029484706,4928.19789357552,4.13205250019702,4.15548136320952,0.023001835055336,0.0815039052951871,4.44076708829444,4.36047876508422,0.00294292707017676,0.00276379889737654,1.14582318216776e-06,0.00120165818012328,0.00508075801260279,1.34276842543166e-05,1.25411162141116e-05,2.29544518144472e-11,6.11390154704375e-06,2.31451839084222e-05,-1571.98151567419,0.103127360173543,0.0866442806166439,0.99375,0.504435290631299
"quadratic",800,"stan",64,2648.888,12092.0554680761,11965.0198679123,148.778106246071,210.971806629257,12442.7984768907,5288.19380943205,12213.7569169523,7660.23303984218,4.56495535789966,4.51699727127469,0.0561662502325772,0.07964542352461,4.69736677311036,4.61089971223861,0.00221611064974819,0.00206772405103171,5.84922770984779e-07,0.00101876756224424,0.00373921632909098,1.25272830955526e-05,1.18772002448398e-05,1.42481777965097e-11,6.31969304959063e-06,2.072602697481e-05,-1569.40150349508,0.0959310070671523,0.0706613515327107,0.97875,0.477461380045919
"quadratic",800,"stan",65,2516.58,7352.68902210589,7280.25485988386,131.368628296419,183.892815815045,11584.4290620774,4529.42762473699,11753.7084464237,6133.71711754318,2.92169890172611,2.89291612421773,0.0522012526112498,0.0730725094433895,4.60324291780011,4.67050856576135,0.00185201076167295,0.00174796786331204,4.06649468986677e-07,0.000818975998985848,0.00320111358293765,1.22822046523129e-05,1.16440366191578e-05,1.464938236494e-11,5.7430732375905e-06,1.97842020720843e-05,-1565.52121136669,0.0830340835873204,0.0623932989248452,0.99,0.459626856038286
"quadratic",800,"stan",66,2673.857,12087.5665626537,11851.5879659756,76.1446859341238,193.426644029228,12378.2317816526,4692.70345586644,12323.9378800544,6611.54114790324,4.52064809847859,4.43239409062475,0.0284774712836639,0.0723399359162544,4.62935444253474,4.60904898057539,0.00184936835476907,0.00172813263841758,4.7923569396427e-07,0.00079413093626508,0.00319050078049109,1.24149425754257e-05,1.17573647725843e-05,1.62565552359693e-11,5.74787823872116e-06,1.99770414401774e-05,-1592.41854150265,0.0952622613718733,0.0740392573165373,1,0.461250213251861
"quadratic",800,"stan",67,2470.868,11129.0148854999,10668.0253059584,210.003246345781,217.084611142041,11237.0589261156,8180.58929919281,11529.677548563,9323.20935539874,4.50409122846705,4.31752133499579,0.0849916897000491,0.0878576318694649,4.54781838856452,4.66624584905509,0.00174008897203337,0.00166473118155556,2.88789147382345e-07,0.00084737761575241,0.00280920499673453,1.13715709832882e-05,1.08622388622771e-05,1.16073604475943e-11,5.30469659853262e-06,1.79894293940887e-05,-1576.25608901095,0.0891555534629764,0.0706840195987652,1,0.455222768948216
"quadratic",800,"stan",68,2157.189,8449.64423152366,7511.9683652577,167.183161086853,42.5795889847125,9899.39251827577,3625.5202211214,9385.18601876665,4542.5085894551,3.91696983042453,3.48229495202214,0.0775004698646492,0.0197384600907535,4.58902419689502,4.35065542183214,0.00260118306900147,0.00248024611937337,8.1660814227276e-07,0.00105210978251962,0.00440253856148456,1.35830022524273e-05,1.27837702108321e-05,2.12122618588508e-11,6.21415778286337e-06,2.24647881979005e-05,-1556.79930578943,0.102680079430517,0.0763263749256635,0.98,0.494255280397407
"quadratic",800,"stan",69,2687.482,12268.7944923185,11969.9968284602,142.923250604018,154.304444304406,12261.4071379104,5772.09029421783,12118.9660378185,7057.13470693246,4.56516341032928,4.4539821395865,0.0531811006004943,0.0574159917366538,4.56241460888311,4.50941291432594,0.00201400366259658,0.00190654166796602,4.53996975352416e-07,0.000903541779113461,0.00332508947512234,1.26013425068605e-05,1.1807960549848e-05,1.75523217895712e-11,5.93249505647934e-06,2.11592564191487e-05,-1595.6427203237,0.088220444455886,0.0717010433508166,1,0.467098900306989
"quadratic",800,"stan",6,2519.862,9291.04178795208,11124.2213224617,99.964503850083,172.89680706514,10982.8416300431,2115.4782796978,11660.4537141105,5988.13884307262,3.68712325831815,4.41461529340167,0.039670626347825,0.068613601484978,4.3585091683763,4.62741757846681,0.0021783514653183,0.00199793843398503,8.06781931071241e-07,0.000820301325043892,0.00392401414561883,1.23310889643563e-05,1.17465143079164e-05,1.53222969443948e-11,5.85886022211538e-06,2.0090839225174e-05,-1549.86564280693,0.115896822847885,0.0916768348904495,0.96875,0.47843318932444
"quadratic",800,"stan",70,2250.903,10120.7037338976,10957.3705148426,177.730464066229,182.99526746074,10262.4442830529,5004.17354393184,10482.3820370721,5880.60764329086,4.49628603893529,4.86798876488352,0.0789596282319712,0.0812986021435576,4.55925656638819,4.6569674646451,0.00199438911208592,0.00187618571687051,4.7319193606099e-07,0.00090750552618912,0.00341282816254247,1.30292014850531e-05,1.21957949192857e-05,1.90489620197339e-11,6.28014499348103e-06,2.20435962795933e-05,-1572.58135095879,0.0751179904809065,0.0594372501717713,1,0.467353774863653
"quadratic",800,"stan",71,2418.115,10416.6444484701,8885.18151004948,139.933879966939,113.821188711653,10848.6235001476,3891.9039019719,11230.7513801594,7915.76376556081,4.3077539523431,3.67442471100402,0.0578689929829389,0.0470702132494331,4.4863968422294,4.64442401629343,0.00229997715277574,0.00215094746762446,6.96305772086682e-07,0.000899519295265336,0.00394112467683919,1.35754831056109e-05,1.28051741046419e-05,2.07120214629224e-11,6.37635094335583e-06,2.25748012318503e-05,-1541.69430496548,0.0860717583277383,0.068126945906792,1,0.478975509692242
"quadratic",800,"stan",72,2592.423,11625.0916431158,11663.6197093508,147.760376841417,200.958056618857,11907.6941039591,5830.36576030556,12275.2104234649,7523.61287257505,4.48425725397274,4.49911905169443,0.0569970166293915,0.0775174640168125,4.59326819117063,4.73503375933052,0.00208074360340675,0.0019537743050279,5.51063021585279e-07,0.000831242762976212,0.00350613272646766,1.17705120828723e-05,1.11637464994567e-05,1.2166975751376e-11,5.89142884617715e-06,1.88136924604084e-05,-1583.51255515502,0.109787338092287,0.0841990250832707,0.9525,0.462945895720192
"quadratic",800,"stan",73,2641.679,10260.1724688359,10480.2501217759,211.276091229442,214.666688019299,12136.1728490928,4060.33133134158,12108.5069757343,7103.69079611862,3.88395882650233,3.96726859008076,0.0799779576661061,0.0812614583449764,4.59411338360673,4.58364054668805,0.00213823600452562,0.00200146662386198,5.85547988503825e-07,0.00096499066173668,0.0035561670995292,1.21561523178872e-05,1.14160133345774e-05,1.64308823468801e-11,5.94210206415395e-06,1.9796708393302e-05,-1608.55665647588,0.0913445003014838,0.0767299188585586,1,0.470792058606752
"quadratic",800,"stan",74,2048.877,7994.44583802417,8305.67822889131,122.213205685005,192.831512796076,9816.03458381857,4912.77836229069,9818.06029955008,5950.43658680688,3.90186713893717,4.05377103110207,0.0596488738391835,0.0941157096282871,4.7909340501253,4.79192274575295,0.00208030281289792,0.00197475894415695,5.36643396256174e-07,0.000863036326062248,0.00354277744351823,1.26505872315422e-05,1.19026600076248e-05,1.59378138141995e-11,6.46162073135013e-06,2.10114568421631e-05,-1563.08505668107,0.0915825071845162,0.0760376917043368,1,0.4703848779485
"quadratic",800,"stan",75,2411.285,8627.73902259394,10190.0605894992,192.743161754176,160.00077375682,10631.6458899522,3692.35167507856,10724.5132286324,5263.84032744242,3.57806689072173,4.22598763294228,0.0799337953639557,0.0663549824084753,4.4091204025871,4.44763403273872,0.00253856600352753,0.00238906758094125,7.8847633773499e-07,0.00109783473563938,0.00429631839402068,1.30888754800819e-05,1.24845024228911e-05,1.71148693528965e-11,6.2414764255562e-06,2.14628916911375e-05,-1600.15598729688,0.0851108711801003,0.0686397014237664,1,0.484069538477662
"quadratic",800,"stan",76,2697.46,10589.151396659,11884.2469952417,145.269938109258,197.415354514419,12408.0268447213,4750.0708245162,12344.9731431928,7296.82783031644,3.92560089738459,4.40571759923842,0.0538543437564441,0.0731856466877798,4.59989280460927,4.57651759180591,0.00225410941861636,0.00214794032015988,5.96777376404558e-07,0.000870203409322302,0.00374928757535919,1.25621603364931e-05,1.19686977630504e-05,1.56592010323602e-11,6.27766558356274e-06,2.05867030431083e-05,-1591.35205827074,0.0850556929068873,0.0698198755366265,1,0.474000244451708
"quadratic",800,"stan",77,2621.948,11686.2139354068,12860.2337945089,122.953086934259,123.678734863078,11867.5788672291,5020.16380554894,12078.624900609,7832.76332017635,4.45707311335192,4.90483937687128,0.046893793063119,0.0471705521478983,4.52624493972768,4.6067370140861,0.00205774499012004,0.00190770187149896,6.10415946761119e-07,0.000841669742889049,0.00353853047962167,1.2582043011596e-05,1.18701226324648e-05,1.47258696080876e-11,6.3439208043688e-06,2.0313930994577e-05,-1564.71103002873,0.075706556070768,0.0601705426896851,1,0.470487961652045
"quadratic",800,"stan",78,1618.163,8945.9225839155,8438.23545738731,91.8666714117882,169.61106614908,10776.2779269172,1881.7880403189,9956.33105214098,5587.22808714127,5.52844341634032,5.21470053226239,0.0567721987289217,0.104817046335307,6.65957504090579,6.15286040537386,0.00228134457322765,0.00212743645754988,7.23005771186207e-07,0.0009571870501343,0.00398506624395982,1.27790117677599e-05,1.19161931943688e-05,1.82062505528056e-11,6.21985064757071e-06,2.11440117213674e-05,-1593.57877883122,0.0815218644343976,0.0592172426271191,0.9975,0.476400594361963
"quadratic",800,"stan",79,2327.358,9674.27888948988,10677.662781886,148.82487460327,132.08041278542,10518.1765159998,5916.57462479126,10686.186853353,6902.98126254937,4.15676440388195,4.58789012343007,0.0639458452903549,0.056751222968456,4.51936337941983,4.59155267619036,0.0018348053582148,0.00174264238773589,3.62047251659014e-07,0.000812293004551047,0.00305370247964395,1.18670605831395e-05,1.13719373564836e-05,1.23140531267676e-11,5.86740148829739e-06,1.85753686401526e-05,-1573.68313437713,0.102275604310227,0.0818281053531981,0.98625,0.461842288523973
"quadratic",800,"stan",7,2509.545,10545.6161184578,12172.4040544547,132.983000472441,178.673558034951,11773.2669406759,7030.71412802008,12244.3480041051,8647.93881597349,4.20220243847304,4.85044263181363,0.0529908810052982,0.0711975908122592,4.69139503004564,4.87911075677268,0.001863369883641,0.00173888904240278,4.39269307066692e-07,0.000838692030741537,0.0032086506111281,1.20258780921474e-05,1.13723636203574e-05,1.39439042467069e-11,5.99697609147307e-06,1.94438626233192e-05,-1561.43578584238,0.0966786765271115,0.0758691182965784,0.9875,0.469341235228875
"quadratic",800,"stan",80,2345.243,10565.4709176992,11232.7608998977,133.315515615942,168.159407089967,10267.9983224029,3825.6117444131,10473.9170679599,6231.61700322635,4.50506447208209,4.7895936156286,0.0568450755917158,0.0717023383461617,4.3782236307295,4.46602636398868,0.00238093908999155,0.00218022404350328,8.52518254700543e-07,0.000916477349212946,0.00419348523571383,1.32256478660301e-05,1.23386434689271e-05,1.9677290432346e-11,6.19534998876487e-06,2.22330741695995e-05,-1555.66575043745,0.102790840996968,0.0808495499818755,0.985,0.485523637187422
"quadratic",800,"stan",81,2829.875,10694.6999133777,10525.9958043885,133.33465889325,238.196157974155,11002.8165624747,4533.7940603115,10708.9498922234,6832.43419882725,3.77921283214902,3.71959743960016,0.047116801587791,0.0841719715443808,3.88809278235776,3.78424838278135,0.0021477675869823,0.00198330503195478,6.35511211064469e-07,0.000909450186461483,0.00373312125764034,1.24022611580277e-05,1.17973236482374e-05,1.4030778965674e-11,6.49623287400797e-06,1.98835705491295e-05,-1576.69821689567,0.110741755335732,0.0857617029756001,0.965,0.478043305485489
"quadratic",800,"stan",82,2627.475,5548.70394091519,5645.17054668587,104.190710174976,198.353255734147,12003.2419888457,3645.43776816499,11908.9990410914,3846.76728220382,2.11180085097487,2.14851541753428,0.0396543107641273,0.0754919669013586,4.56835630742279,4.53248805072984,0.00243779656464569,0.00232093972561565,8.14769668494669e-07,0.000855821324911262,0.0041381428966971,1.34008267206561e-05,1.26837841694213e-05,1.84706798483281e-11,6.32286472527297e-06,2.17483557510576e-05,-1576.47856540781,0.115837365681466,0.0899125748431601,0.97875,0.484480945522781
"quadratic",800,"stan",83,2484.951,11416.0740537786,11615.3236692047,167.977976447571,217.46234446946,11450.344708188,7489.40182221295,11748.9738145606,8751.6354314873,4.59408417058469,4.67426668340932,0.0675981041266289,0.087511723357708,4.60787545033606,4.72805049860563,0.00180459718202499,0.00171840794932343,3.47666165105487e-07,0.000801262009355866,0.002965672057701,1.21000499492112e-05,1.14765769308488e-05,1.31045588488612e-11,5.93642529505357e-06,1.91383466781433e-05,-1573.43407056043,0.0854264251398827,0.0600401810029514,0.98375,0.459478966962934
"quadratic",800,"stan",84,2754.769,12824.0303166774,12920.9827208495,136.689427650419,213.942243914454,12129.1040572301,3811.44983225182,12362.8512594966,8317.3250125429,4.65521076964252,4.69040515587679,0.0496191977078365,0.0776624987120351,4.40294778154904,4.48779961568341,0.00211832502586056,0.00197038868433379,6.20612578818443e-07,0.00091740266034169,0.00374763351240638,1.19208085254589e-05,1.13069220540198e-05,1.34079241723593e-11,5.66610295706182e-06,1.89869132793344e-05,-1593.07095574972,0.124037934164173,0.0957079435657016,0.95375,0.471381672809347
"quadratic",800,"stan",85,2211.933,9012.53915006349,9808.53260041011,142.678382802816,205.029986644724,10149.5391967959,7158.84191412725,10389.5696861713,7919.15663700744,4.07450820167857,4.43437147527077,0.0645039351566325,0.0926926749791807,4.58853825897796,4.69705442532449,0.00191157740992552,0.00180791053860247,3.64040697296347e-07,0.000904734715178721,0.00312441004171454,1.16417598037232e-05,1.10959505782647e-05,1.29295981734629e-11,5.46923041489747e-06,1.8442262747166e-05,-1586.26216435892,0.0652658979640484,0.05092102077472,1,0.458253329442915
"quadratic",800,"stan",86,2639.824,11682.686482701,12134.8550385276,104.748476851267,130.968710215535,12368.6554676633,4949.50789123907,12495.7203884781,10010.7867809407,4.42555506833068,4.59684245560598,0.0396800986926657,0.0496126674412898,4.68540912866284,4.73354298941071,0.00187651065082838,0.0017747428503708,4.28489996204791e-07,0.000828309749064713,0.0030905673481908,1.20869519249645e-05,1.14023613522379e-05,1.4781361771802e-11,5.77264240269019e-06,1.95877377757081e-05,-1583.45707508263,0.0825669209242003,0.059702931136437,0.98875,0.463159848230802
"quadratic",800,"stan",87,2557.819,11479.3215940192,12165.0229147815,34.4443663623991,148.989728657814,11886.7937105455,3548.55143613043,11840.8602975949,6495.00285529445,4.48793350663951,4.75601397705683,0.0134663032694648,0.0582487379512836,4.64723802213742,4.62927998329629,0.00204301032529412,0.00190566442091873,5.31424456895003e-07,0.000875784843413647,0.00352621517297159,1.23890743404379e-05,1.17898876221207e-05,1.39680610204891e-11,6.05402477460568e-06,1.99158028638673e-05,-1568.95968369224,0.0916141457555524,0.0692615666805545,0.97625,0.466446408836093
"quadratic",800,"stan",88,2501.397,10083.4659632843,10973.5983930674,154.104313972631,199.839552903482,11424.7514868076,4505.53887867351,11685.6116615522,6225.16727109379,4.03113378775314,4.38698790838377,0.0616072994301308,0.0798911779711425,4.56734836045921,4.67163415545482,0.00211237937473095,0.00200134665780604,4.60316587072699e-07,0.000946756459634629,0.00347548471815655,1.27465565516343e-05,1.20851344968703e-05,1.72252745278812e-11,6.20679967499317e-06,2.06232678574221e-05,-1589.74156267829,0.100980751291132,0.0822482206767851,0.99125,0.471985647773906
"quadratic",800,"stan",89,2708.051,10562.2880200697,11732.3098219888,99.6875102700808,216.124320823938,12862.7117106828,2103.00694880939,12634.7961850422,5106.71934967706,3.90032832471385,4.33238141452608,0.036811533560513,0.07980806891153,4.74980408813676,4.66564188969935,0.00196155713471045,0.00183669096305244,5.50823068362817e-07,0.000813337445225418,0.0034892421412623,1.26119325145694e-05,1.18968461964171e-05,1.54250841787125e-11,6.15723448564816e-06,2.02390655146216e-05,-1613.06126857511,0.119413428509343,0.0824849124655983,0.9425,0.460309898826059
"quadratic",800,"stan",8,2470.08,10885.9860426435,10921.4054864587,141.635440266706,121.964491708905,10623.0569298109,1855.33788312913,10843.1721661335,6015.87721791984,4.40713905729512,4.42147844865699,0.0573404263289877,0.0493767374776949,4.30069347138996,4.38980606544465,0.00257104924952523,0.00237489067019876,9.08897651674717e-07,0.00109061536906278,0.00447242349916523,1.3729662324476e-05,1.28820951656157e-05,2.17731343913594e-11,6.13727348027888e-06,2.28193591424023e-05,-1543.01227471522,0.0982042123260526,0.080146698705836,0.98875,0.49163525165866
"quadratic",800,"stan",90,1976.162,9158.826065081,9485.74622296994,165.82146206403,19.5689499857566,9991.64503348852,6757.55638238721,10145.3789674997,7387.49792685631,4.63465346721625,4.80008532851554,0.0839108646275104,0.00990250292524431,5.05608600584796,5.13388020187604,0.00183567567815781,0.00174347864908943,3.58743349341955e-07,0.000867696720721728,0.00307919894207065,1.20264270737265e-05,1.12268599325542e-05,1.69991624891172e-11,5.71022563817289e-06,2.04119869074541e-05,-1589.88513671406,0.070648732987546,0.0565213422313568,1,0.457116617062456
"quadratic",800,"stan",91,2273.337,10088.5353918099,10289.616598514,137.333552474534,159.435243209664,10427.2020573304,6704.17398587296,10827.6232404338,6190.76401781106,4.43776500879981,4.52621700984676,0.0604105561447924,0.0701326918136923,4.58673837505413,4.76287644129922,0.00187922930028736,0.00180717136709586,3.71118202948575e-07,0.000856329063841484,0.00308589578195751,1.23299660887956e-05,1.14805084147291e-05,1.79691477204026e-11,5.8200298014794e-06,2.1155281771053e-05,-1557.88610471479,0.0941976578409365,0.0762440585993054,1,0.460182248673957
"quadratic",800,"stan",92,2641.899,11355.4133235962,10943.7408586999,97.9115523606493,152.283258654808,11970.7962509807,2764.92201084247,12148.281459475,8428.81427561538,4.29820115136732,4.14237669899564,0.037061050540028,0.0576415898771332,4.53113319282104,4.59831411400475,0.00224699061275984,0.00206182052624801,7.68486627079161e-07,0.000942796975687049,0.00413761933002421,1.247711948187e-05,1.1820103484603e-05,1.56714033779349e-11,5.61788641716423e-06,2.06306801323685e-05,-1575.6007256374,0.0987605619432871,0.0760625791921245,0.99,0.473526470346699
"quadratic",800,"stan",93,2380.272,9471.68963867214,10173.7364715472,122.506303137547,178.09591596511,10470.4934066533,3157.00226169454,10873.8596978372,6941.25340703902,3.97924675779581,4.27419071078732,0.0514673546290284,0.0748216657445493,4.39886425024255,4.56832651807741,0.00215501453013912,0.00201423458247386,6.88701350135024e-07,0.000865816611147607,0.00377768287458907,1.20008589298771e-05,1.13053006232046e-05,1.52024526550395e-11,5.89658391200181e-06,1.99099975382757e-05,-1556.81920416058,0.0904623504294233,0.0745214748324605,0.99375,0.475519878505326
"quadratic",800,"stan",94,2360.144,10934.2710888489,10880.1597899175,109.911580687853,110.454941983933,10564.5370640415,2750.41188411263,10661.6899463264,6722.99082784674,4.63288303122559,4.60995591367201,0.0465698621303839,0.0468000859201526,4.47622563031813,4.51738959416308,0.00228264768631518,0.00211898742692659,6.66639963376152e-07,0.000949533737568444,0.00397117473280078,1.2517077206705e-05,1.16717277172461e-05,1.85267810114573e-11,6.01478984834334e-06,2.09028878351676e-05,-1629.92725856358,0.0815535857098278,0.0670717264974868,1,0.474090501783647
"quadratic",800,"stan",95,2582.329,12022.9164552654,13281.4892613987,133.716390481684,141.813550357886,11839.7523929567,4693.48303798351,12182.7967629835,7554.13552444958,4.65584224754685,5.14322120124844,0.0517813146511089,0.0549169181610424,4.58491245420574,4.71775546918442,0.00187507373700949,0.00174268529441373,4.55570293008365e-07,0.000835058828243804,0.00329197151524016,1.21292346154819e-05,1.11452396337185e-05,2.22504872194285e-11,5.24493789716169e-06,2.07788811995631e-05,-1548.41584907679,0.0922608437354599,0.0703856536490305,0.98125,0.466259231623764
"quadratic",800,"stan",96,2399.61,11257.2194240995,11059.2294300639,114.265249503917,151.755463300055,11133.6690266666,5185.62246102748,11218.6632592847,6293.0190558802,4.69127042481881,4.60876118621937,0.0476182585936536,0.0632417198211604,4.63978272580402,4.67520274514803,0.00197755948832543,0.00185759785719651,4.82452644422502e-07,0.00085524358279747,0.00335408723196138,1.24383968100472e-05,1.17824905119452e-05,1.61964707331147e-11,5.94056410321686e-06,2.04293323755761e-05,-1566.96318064633,0.0903199281598733,0.0738636397344029,0.9975,0.465232606356979
"quadratic",800,"stan",97,2628.001,12261.8049532085,12827.055219975,149.273442359906,139.620569685196,12583.519684444,7261.70405716921,12773.2896042418,9782.78397032713,4.665829637511,4.88091717620159,0.0568011360573705,0.0531280504403143,4.78824767739587,4.86045842609718,0.00193445509175903,0.00184528250782257,3.99154610618456e-07,0.000918114489454093,0.00321614407923222,1.20356819427676e-05,1.1253251635864e-05,1.39927740463892e-11,6.12508443996813e-06,2.01099571653329e-05,-1572.40630448347,0.0901761188517422,0.0740507304004809,0.98875,0.466434273430762
"quadratic",800,"stan",98,2295.815,9730.25589276602,9996.2196099276,156.192103079813,179.381945295629,10685.7963129278,3972.39593707238,10821.054226773,7719.11383864904,4.23825782685714,4.35410501714102,0.0680334012452278,0.0781343206206201,4.65446750410109,4.7133824923929,0.0021358205772885,0.00197881925688976,6.33546375961839e-07,0.000847939734939818,0.00374902149728766,1.27189767923882e-05,1.21206177181221e-05,1.5242813459202e-11,5.90902668528403e-06,2.06044393199635e-05,-1582.43787142422,0.0998717835169945,0.0797493157676609,0.98375,0.470451639386881
"quadratic",800,"stan",99,2019.14,9960.85517049319,10222.0771166417,103.8989558055,189.953468146438,9977.38764125113,3743.3370984252,9216.51470822772,6261.58402850697,4.93321670141406,5.06258957607777,0.0514570340865419,0.0940764227079044,4.94140457880639,4.56457437732288,0.00261213777868523,0.00247395463155322,7.71629680354873e-07,0.00110273957560913,0.0043305863137089,1.27669488911463e-05,1.21163862711071e-05,1.54452531596726e-11,6.07341721265033e-06,2.05148065858653e-05,-1589.45878246314,0.107501382377241,0.0845856161670526,0.98125,0.494873500133574
"quadratic",800,"stan",9,2657.015,12651.4856431078,12327.3946413584,172.331058715171,147.547258913675,12499.9857056232,6132.1962396247,12428.2669973817,6185.83031280601,4.76154091832669,4.63956531722945,0.0648588956837544,0.0555312103671508,4.7045220691728,4.6775298586503,0.00194277530737762,0.00184473958318123,3.97266701233631e-07,0.000874112987335934,0.00317448018423549,1.26713388514596e-05,1.18700126830409e-05,1.74378681375761e-11,6.38084222547871e-06,2.13283625565985e-05,-1571.78257168795,0.0988562989359566,0.076636765035965,0.99,0.464947906515606
"sinusoidal",1600,"stan",100,5754.159,10004.4455086377,10957.4193204971,106.13088623348,118.648924706768,11041.9205750853,4104.39417497069,11439.3718714783,6765.68957533724,1.73864599651099,1.9042607825917,0.0184442046584878,0.0206196812960448,1.91894603105081,1.98801803555972,0.00156170863982987,0.00149117865020725,1.9684011643351e-07,0.000786983176250356,0.00245392368512899,7.20869082201648e-06,6.99159819928365e-06,3.1672365797348e-12,4.18176525430013e-06,1.08395725782134e-05,-3188.5612531927,0.0930422556443779,0.0734170868499722,0.990625,0.434185320113096
"sinusoidal",1600,"stan",101,6983.316,9378.61347672643,9946.20061678306,101.883679960478,198.225511897044,9368.6032663329,3744.86420895175,9934.84993995848,6970.459986875,1.34300287667441,1.42428047317106,0.0145895846558395,0.0283855852859936,1.34156943010067,1.42265507388732,0.00133455168522175,0.00125619148103253,1.67034836218001e-07,0.000710705932645202,0.00215858953192308,6.81385901940081e-06,6.59789192945499e-06,2.39470383783188e-12,4.31543682207746e-06,9.8068382229203e-06,-3146.31177885845,0.0821675072001109,0.0649461267633332,0.998125,0.423701941858079
"sinusoidal",1600,"stan",102,5658.848,14575.5229089829,14332.6781864273,122.128570394464,124.543707376466,13167.1668569105,6369.06068109791,13754.9206819402,10052.3312931976,2.57570496839338,2.53279080590737,0.0215818785721871,0.0220086680851766,2.32682815599756,2.43069272790862,0.00132380996934432,0.00127698964036007,1.34166772789024e-07,0.000688408353833752,0.00200088993689578,6.87660470618936e-06,6.61265223774093e-06,2.92819257578441e-12,4.14235265284215e-06,1.00555295664222e-05,-3171.83536563115,0.0731655859153786,0.0571626000941068,1,0.423902878281241
"sinusoidal",1600,"stan",103,5879.966,9725.34349384822,10516.8016619901,68.8310253711333,168.786365845841,10817.7150569469,2365.65354930479,11113.2826200791,6975.82469992515,1.65397954577428,1.78858205336393,0.0117060243836671,0.0287053302426988,1.83975809672146,1.89002497974973,0.00157864110281897,0.00149380848469738,3.01573848277043e-07,0.000709975897232154,0.00256413286931555,7.17363933936125e-06,6.99992051091743e-06,2.7105307525024e-12,4.11030463939142e-06,1.03113552381591e-05,-3164.20263968524,0.0820514382974678,0.0659779593086048,0.989375,0.438761088897844
"sinusoidal",1600,"stan",104,5796.485,8875.83769529014,10248.2557930393,98.7811538612774,141.130559650301,11162.0359495219,5551.75222003743,11619.6040981993,7030.97569251514,1.53124483118478,1.76801213028918,0.0170415611980843,0.0243476106037195,1.92565597073431,2.00459487054643,0.00153970493087433,0.00149429527607818,1.70667472628645e-07,0.000793751351561202,0.00233638042472271,7.4994515721216e-06,7.23567120473876e-06,3.3536656435912e-12,4.30226285868689e-06,1.08784506348546e-05,-3166.74737403693,0.105698930566954,0.0861064381238181,0.973125,0.441060777002637
"sinusoidal",1600,"stan",105,5695.464,14128.9745484027,14517.2141024488,101.951226751227,155.510510792912,13075.4961228453,6382.32485683961,13643.1154406615,9347.40996073343,2.48074161269437,2.54890806130085,0.0179004251016645,0.0273042742071432,2.29577364071571,2.39543528686364,0.00128434323050782,0.00122633824417026,1.35791400228417e-07,0.00064607479899038,0.00201139851579396,6.99122621343415e-06,6.70453926365347e-06,2.96797264885443e-12,4.15266773482015e-06,1.02907591904271e-05,-3160.39784037749,0.0920808079449366,0.0734821797020788,0.98375,0.423918445239125
"sinusoidal",1600,"stan",106,5751.173,11272.4803515656,10972.5628540217,106.455165794187,171.286920105301,11693.0394740462,3052.39891445333,11713.7821045497,8178.1704014856,1.96003151905978,1.90788259265053,0.018510165803426,0.029782953860943,2.03315731834987,2.03676399658813,0.00164497032672538,0.00156231103911786,2.34836682974271e-07,0.000804110498466339,0.00262605790586845,7.15283770791969e-06,6.91456683938233e-06,3.03323560099271e-12,4.28121105576199e-06,1.06037675890019e-05,-3213.49534264579,0.075983938986528,0.0599047436165595,0.99125,0.440937172571352
"sinusoidal",1600,"stan",107,5669.095,14485.7821606453,14299.6194904433,113.722980707849,141.099084772019,13537.3208500779,6871.84038734647,13784.7675441299,7862.85148243585,2.55521951222291,2.52238134842392,0.0200601649307075,0.0248891727466234,2.38791568144085,2.43156404049145,0.00129149757965463,0.00124307711606374,1.35726387395369e-07,0.000672538912619894,0.00201255048945479,6.94937494194087e-06,6.71018939976769e-06,2.95096148310638e-12,3.91658634278713e-06,1.03683558608228e-05,-3144.12226520499,0.0911416114864632,0.0729860096553339,0.99875,0.42322454745139
"sinusoidal",1600,"stan",108,5730.037,12361.7047832067,11335.8044828443,78.9433173208868,158.487741216025,12402.861651984,6112.77561972031,13055.035078771,9551.3036357332,2.15735165116852,1.97831261523168,0.013777104287614,0.0276591130591348,2.16453430440048,2.27835092142878,0.00138423049413893,0.00135048646657822,1.51007256829872e-07,0.000677289819917146,0.0021208399825067,6.94142109999913e-06,6.71240263287452e-06,2.71577698821811e-12,4.1433297548051e-06,1.04581518568824e-05,-3130.90656229427,0.0800037782432446,0.0642578618294951,0.989375,0.428863615373251
"sinusoidal",1600,"stan",109,5752.364,10135.7752160923,11553.2409069031,103.34336619712,137.337859015887,12074.0331205671,6343.83406761657,12729.6739287172,7368.52384485755,1.76201909616504,2.00843355999431,0.0179653732269238,0.0238750292950667,2.09896889705991,2.2129465257618,0.00126087204102668,0.00121594873524135,1.35334926010534e-07,0.000667678234591833,0.00202684602228727,7.20299481858293e-06,6.96307402359892e-06,2.88310229474069e-12,4.23131229077195e-06,1.06682137352606e-05,-3142.42820357386,0.0817171213914801,0.0655531126510454,0.990625,0.421963326124334
"sinusoidal",1600,"stan",10,5752.915,12400.7611367851,12409.4928342191,125.344734374001,104.497861970277,12513.1415539218,5866.19299503139,12771.0719509972,8662.3557059503,2.15556133486851,2.15707912149217,0.0217880386506669,0.0181643326853042,2.1750958520892,2.21993058319081,0.00143265546173891,0.00134538884417265,1.92387147322957e-07,0.00069527911196017,0.00233342577931613,6.81964313604151e-06,6.60635744556348e-06,2.5404513968038e-12,4.02202021524558e-06,1.00845004942116e-05,-3191.42288503928,0.096175046955574,0.0795891810995806,0.991875,0.430054208694152
"sinusoidal",1600,"stan",110,5713.118,13191.7638290234,11689.4924733638,118.07963733607,178.116316942939,13049.2673984806,5698.17803283492,13401.9774500276,9256.31494123435,2.30903052046595,2.04607929914345,0.0206681600723231,0.03117672642906,2.28408854822894,2.34582542318006,0.00145193047564975,0.00139857788662956,1.63916700141215e-07,0.000779624824936868,0.00226063500629044,7.10707045737435e-06,6.82816100226249e-06,3.21081051452584e-12,4.0777941065659e-06,1.04885797254653e-05,-3168.64748568706,0.0948168983477325,0.0758808397651154,0.9875,0.433669060449386
"sinusoidal",1600,"stan",111,5733.742,12615.6716617797,12889.1877105537,105.768114741484,140.636930405502,12048.8504790608,3331.81290565649,12748.3012284612,9934.00606724733,2.20025101613915,2.24795390349857,0.0184466121324406,0.0245279488343741,2.10139390280568,2.22338243130947,0.00147285702667893,0.00139616632274116,2.09819796602114e-07,0.000725043049085317,0.00238553315715744,7.23400427999381e-06,7.05172769412831e-06,2.66592309142832e-12,4.38131479570104e-06,1.05790533319602e-05,-3139.78045552621,0.0904780861971681,0.0757517533856698,0.99375,0.434846622596722
"sinusoidal",1600,"stan",112,6206.879,9099.14698525488,10053.472041644,94.2250945530658,158.686342046978,9898.16213229705,5181.88719728073,10663.0685201676,6980.31371383437,1.46597782641725,1.61973063139204,0.0151807526057888,0.0255662051808933,1.5947084085733,1.71794367510105,0.00133926459847217,0.00126634010064604,1.70880107083001e-07,0.000679016692476502,0.00218027434320593,6.69835737454633e-06,6.48370796499464e-06,2.31609690361831e-12,4.05289989012304e-06,9.70507231101754e-06,-3164.28912407716,0.081918890965837,0.0640092677443188,0.991875,0.426598650898214
"sinusoidal",1600,"stan",113,5802.79,12386.6076285684,12539.0274932425,92.8109958150148,127.598479314517,12739.4285141165,3948.60312108891,13382.283636501,8807.84965050998,2.13459519103197,2.16086184287945,0.0159942020674563,0.0219891602685117,2.19539713036599,2.30618092960473,0.00142735506893847,0.00138285118955502,1.57135664868482e-07,0.000680807001249072,0.00217288499581794,7.04638570529084e-06,6.7998038049692e-06,3.1249507411304e-12,4.06896726701361e-06,1.0574880722514e-05,-3132.34017835552,0.0888933933840488,0.0677829165047753,0.9775,0.43252784328513
"sinusoidal",1600,"stan",114,5826.99,10461.8950798251,11208.0487093368,119.902127502636,138.842663036877,11538.6208787434,6750.01390965462,12153.325267746,8504.90021899752,1.79542011910525,1.9234714165181,0.0205770264755278,0.0238275100930115,1.98020262240769,2.08569523334449,0.00131694149429987,0.00127159619652123,1.22308745728412e-07,0.000729031197787335,0.00201343286283976,6.79066189135941e-06,6.57638462356204e-06,2.51896957075989e-12,3.94229907195676e-06,9.97679375367649e-06,-3159.1146713549,0.0836960745252319,0.0684544672445133,0.99,0.422194238777743
"sinusoidal",1600,"stan",115,5781.528,11223.0750180202,11501.4288716416,131.106053467275,150.046396174936,11380.201736043,6597.80270832108,11768.959425799,8992.41062793997,1.94119530650378,1.98934068496108,0.0226767133995157,0.0259527232549831,1.9683726751895,2.03561401515292,0.00138521805313328,0.0013520518684918,1.24831668983327e-07,0.000686632473223363,0.00206844592249387,6.94700523005019e-06,6.69372144753954e-06,2.83478718271251e-12,3.97149211596189e-06,1.04379572931929e-05,-3154.55291111118,0.0894951152308077,0.0723522235701403,0.9875,0.428914041265526
"sinusoidal",1600,"stan",116,5791.623,9736.44949513111,10861.4081713105,113.560098718442,111.658003168492,10763.6127664863,4380.99712373537,11245.2787494331,7052.24173476109,1.68112625685945,1.87536519060554,0.0196076468924931,0.0192792250408033,1.85847952577133,1.94164550238044,0.00147491228703816,0.00141925998955737,1.68857456218043e-07,0.000754099667093608,0.00229255113245948,6.965036559007e-06,6.70990382082518e-06,2.92805293277508e-12,3.76274594264716e-06,1.02585286411722e-05,-3129.65768034605,0.0859203220145497,0.0681394822398237,0.985,0.4342056728616
"sinusoidal",1600,"stan",117,5932.816,8003.46143229903,9603.33974166892,123.468662399862,165.749953292258,10578.8303368514,6196.00593219407,10963.0304519281,6657.80611847495,1.34901561624346,1.61868154037963,0.0208111396678848,0.0279378213132277,1.78310440385332,1.84786287859392,0.00143648806149011,0.00138520076432495,1.55851922750874e-07,0.00073390697865718,0.0022261699561177,7.0272483926256e-06,6.819846197571e-06,2.73365195787542e-12,4.2016173899239e-06,1.06080433998157e-05,-3152.62614911624,0.0835809642065115,0.0647507595890722,1,0.431916957914028
"sinusoidal",1600,"stan",118,5778.51,10605.1338336085,10522.8607595293,101.641815100949,165.071577683419,11519.4216418472,6343.38886305232,12255.4031198465,8027.83122224526,1.83527134739033,1.82103358123967,0.0175896234671133,0.0285664605033857,1.9934934164425,2.12085868499777,0.00140277944944489,0.00135771219696295,1.39472305774071e-07,0.000748808995381483,0.00213834790789337,6.95005100891937e-06,6.79696633899205e-06,2.38586046578548e-12,4.05080925915536e-06,1.0068935770914e-05,-3163.59836998507,0.0786158199781502,0.0629688806878591,1,0.427710583524371
"sinusoidal",1600,"stan",119,5826.744,9176.44939335609,10919.4798514045,115.729627009822,166.797324597261,11101.5865374929,3813.6227213593,11440.4647225814,7490.41579522615,1.5748845999337,1.87402773339699,0.0198618005201228,0.028626163187753,1.90528132649949,1.9634404261765,0.00145366029105484,0.00141200407937597,1.65294850624016e-07,0.000751893558217595,0.00223885192012718,7.0966580964626e-06,6.87093508907293e-06,2.61037492722771e-12,4.3511383874689e-06,1.03785417328251e-05,-3136.51218038504,0.0810481008875096,0.0615874518594094,0.9775,0.432347778010556
"sinusoidal",1600,"stan",11,5598.184,13359.4020762362,13555.4838309359,105.431724559683,182.862690269048,13324.9470783723,5582.53656101338,13706.4438318397,8313.02117646435,2.38638138300496,2.42140734047611,0.0188332010094137,0.0326646445113358,2.3802267089421,2.44837322814678,0.00133523753170551,0.00129381345161733,1.40313667321805e-07,0.000651824181022963,0.00203439311124549,6.93476824243062e-06,6.80252954310321e-06,2.45914772492648e-12,4.11551915482869e-06,1.00737012249323e-05,-3191.27747259223,0.0814366554135808,0.0644813902064966,0.998125,0.425784881897619
"sinusoidal",1600,"stan",120,5713.014,12598.9991616147,11817.7844115523,92.1773645535008,151.158154902938,12902.0892092065,6452.10570210557,13507.5208932632,9910.14315479197,2.20531564627965,2.0685726328611,0.0161346295586709,0.0264585654617577,2.2583682114566,2.36434234070899,0.00137278540220482,0.0013056323705226,1.48606852521965e-07,0.000765864604102056,0.00213952304171375,6.81225272571963e-06,6.61134624464829e-06,2.50104104527604e-12,4.09080272859248e-06,9.97582179175569e-06,-3176.81973434207,0.0886773916962123,0.0627131133123028,0.97875,0.427300126381532
"sinusoidal",1600,"stan",121,5727.358,11875.4084592322,12051.4031211667,120.770403497715,123.8682286652,12147.9503055726,4330.89662982543,12866.0946628535,9573.97442003888,2.07345314527784,2.10418191444758,0.0210865818930326,0.0216274639485082,2.12103910835897,2.24642752606935,0.00144350319294999,0.0013891633697367,1.6316904187476e-07,0.000730948084393613,0.00221880183829662,7.38875284682587e-06,7.1740198210699e-06,3.03708926940705e-12,4.21612823545956e-06,1.07241533954274e-05,-3175.01135775978,0.0894856548570761,0.0711765722099235,0.98375,0.431256152422828
"sinusoidal",1600,"stan",122,5717.464,13969.7732749176,13071.2742534244,88.9127011188104,122.910245988429,13089.6648703519,4443.00689056082,13496.6466209849,8483.11195177757,2.44335133110023,2.28620140912551,0.0155510731888842,0.0214973362295642,2.2894179780322,2.36060019284509,0.00138025743703883,0.00131557704241371,1.74733698066158e-07,0.000708852999746166,0.00223481332531068,7.47386632977788e-06,7.22393368818672e-06,3.87744791028911e-12,4.03362813700438e-06,1.14072494132686e-05,-3180.13034570895,0.0925425237262746,0.0749281217530203,0.99125,0.429042983381285
"sinusoidal",1600,"stan",123,5782.066,12093.0159973291,13007.1360327956,128.609634216431,149.697425321117,12139.2005823362,7902.47145506549,12710.6485521409,9615.43563761372,2.09146972679473,2.24956547240997,0.022242851295096,0.025889954442083,2.09945728435756,2.1982883889843,0.00129783918860726,0.00125269877449756,1.11402158121e-07,0.000681843243751784,0.00196711349420322,6.8380700175675e-06,6.54889491075134e-06,2.71634038581904e-12,3.90616505492887e-06,1.00950610914984e-05,-3120.54831169097,0.0913857981074406,0.0691931026567625,0.978125,0.425675659291639
"sinusoidal",1600,"stan",124,5681.072,12784.0639226704,12883.6984495734,100.228038319456,130.765350100858,13081.7394746311,3865.52745818981,13771.5260794917,9385.84889551219,2.2502907765771,2.26782875653986,0.0176424516921202,0.0230177244894728,2.30268855501763,2.42410694310717,0.00133945796516635,0.0012632176598954,1.7475047622481e-07,0.000625962543675058,0.00214349308306682,6.84767329821233e-06,6.62753060154135e-06,2.71730326288298e-12,4.07156928769476e-06,1.03181296848242e-05,-3123.84979164914,0.084711344346009,0.0658463893625619,0.981875,0.427955077447567
"sinusoidal",1600,"stan",125,5832.323,12716.8365063967,11476.3466745832,96.7939278919126,125.595224530315,12953.8166884396,8486.41220776905,13430.0124539234,7461.33315890418,2.18040676183345,1.96771452379836,0.0165961192293212,0.0215343396671129,2.22103897339698,2.30268667457604,0.00129787381494891,0.00125018313761634,1.23440854594302e-07,0.000696771878761797,0.00201924917947968,6.90108431921127e-06,6.68451822804697e-06,2.81980090388581e-12,3.89911680733902e-06,1.01331821396115e-05,-3143.05474238439,0.0753287354776989,0.0586670478871052,0.9875,0.424399573051214
"sinusoidal",1600,"stan",126,5848.648,10832.7730291618,11403.3506208792,119.78219848833,141.552526908705,11821.2282446703,7988.98340275235,12454.3694300477,9126.2998867562,1.85218413369411,1.94974131130462,0.0204803227153232,0.0242026066380991,2.02118989630942,2.12944417753431,0.00122718241227776,0.00118827758907234,9.73063027325434e-08,0.000689691794587088,0.00183509824041363,6.69695533261987e-06,6.49491956561265e-06,2.38341699870557e-12,4.07020243864461e-06,9.86351719253879e-06,-3144.05762639336,0.0776803332746686,0.0626660591953765,0.995625,0.419545097638597
"sinusoidal",1600,"stan",127,5951.578,9869.53383391102,10424.6886439347,28.6767761231648,177.87019017594,11060.2038002865,6312.90613117852,11806.9205056108,8700.38044328479,1.65830538285998,1.75158397385277,0.00481834836461269,0.0298862234815606,1.85836492444299,1.98383025570878,0.00136992857889489,0.00133461455993915,1.38029770497565e-07,0.000724734180021453,0.00212834176865774,6.98204656764876e-06,6.77745122657711e-06,2.69362556008017e-12,4.07589994796528e-06,1.01966489513356e-05,-3175.53693149791,0.0830866553712754,0.0675625214588245,0.99875,0.426601746527632
"sinusoidal",1600,"stan",128,5759.458,11669.1998693828,11908.3947590392,151.63464122565,166.852383934569,12274.7291689555,6600.03697954274,13220.8457553939,9076.65812491567,2.02609340486253,2.06762420336066,0.0263279359317579,0.0289701537774161,2.13122991242501,2.29550172175818,0.00134581001819898,0.00130159586815046,1.48606949249489e-07,0.000665776295122411,0.00210055123874242,6.97591467721771e-06,6.72802299623369e-06,2.70803588449709e-12,4.20132069077109e-06,1.03376296063232e-05,-3138.03686056822,0.0881261864240101,0.0713888118190568,0.99375,0.429663583262704
"sinusoidal",1600,"stan",129,5855.018,9212.92315784719,9512.67087096993,95.0376965105478,105.834265942215,10644.549842679,5243.03225966403,11078.2867437355,7101.31992251409,1.57350893846051,1.62470394983755,0.0162318367783921,0.0180758224726576,1.81802171106544,1.89210122731228,0.00145742828114627,0.00138261188591535,1.95401836471487e-07,0.000728726704863094,0.00234840587139881,6.96796650463234e-06,6.6941525102006e-06,2.9170829496678e-12,4.0872760656713e-06,1.02993990611458e-05,-3170.17902128801,0.0956936849946522,0.0727528335798638,0.979375,0.432404741825086
"sinusoidal",1600,"stan",12,5771.267,11464.766810386,11080.549694125,96.8067976656066,148.352845174273,11378.1770581916,5592.27450065086,12316.1682216144,9120.58736164398,1.98652510971785,1.91995097335212,0.0167739246279208,0.0257054205210525,1.97152151480629,2.13404928616444,0.00127158703573618,0.00123635700498037,1.09734171106363e-07,0.000695483039995881,0.00193617765249978,6.77375226581039e-06,6.63774902282497e-06,2.52020974745008e-12,3.83688544513711e-06,9.96821948690262e-06,-3160.1184064477,0.0912298837931782,0.0720610960416393,0.98875,0.425291803127723
"sinusoidal",1600,"stan",130,5720.419,14125.8686104283,14153.4752059437,132.285519584868,137.260731647849,13278.2670357413,7432.01054509742,13769.0501854729,9923.27859291612,2.46937656322523,2.47420253760148,0.0231251451309541,0.023994873740516,2.32120532355083,2.4070002888727,0.00126419563610328,0.00121377071460994,1.0186988523767e-07,0.000718380143500515,0.00190438148339456,6.83545924410133e-06,6.65874398623395e-06,2.36501269626792e-12,4.20860951545658e-06,9.86707898108694e-06,-3096.3266443315,0.0842253582063942,0.0673901035134444,0.99125,0.423099431283405
"sinusoidal",1600,"stan",131,5755.468,12326.0418712924,12334.6599030101,99.1262819090702,164.922807477715,11782.6327567635,7776.03644869023,12797.6474615891,8972.17495495498,2.14162286564575,2.14312022984231,0.0172229750750191,0.0286549777494575,2.04720671833525,2.22356330737815,0.00119004629063224,0.00115727528312159,9.14103794715276e-08,0.000682617773154491,0.00181950619094029,6.7898462901547e-06,6.5526986474949e-06,2.42690554304933e-12,3.96380523138539e-06,9.89701613694753e-06,-3196.02833932322,0.0814532442331681,0.0658351979546383,0.99375,0.415797908062458
"sinusoidal",1600,"stan",132,5804.961,14419.4880884366,13606.3102335023,134.607595417033,170.114361520786,13059.1880672624,6734.57002119704,13508.9222507779,10266.782836715,2.48399396454801,2.34391070560204,0.02318837205229,0.0293049964540307,2.24965991455626,2.32713402394571,0.00140164341834528,0.00134386863112179,1.513252487729e-07,0.000709953065399627,0.00217323287832347,6.72534973507413e-06,6.50776442136269e-06,2.30552245363937e-12,4.20279647360344e-06,9.91775889524484e-06,-3179.65403344862,0.0753511050351612,0.0587904999728447,1,0.427898174074773
"sinusoidal",1600,"stan",133,5347.243,13600.3437941067,12765.6242298265,143.258664294943,138.204758382708,12361.5789707318,7200.99181409529,12880.4387161083,9003.80598789554,2.54343103429313,2.38732824182976,0.0267911266226246,0.0258459842544481,2.3117668246481,2.40879995842872,0.00122700802173279,0.00118926169097264,9.46630967048358e-08,0.000680395691563222,0.00184868393221306,6.66512669712811e-06,6.46348316419627e-06,2.32024742797884e-12,4.03290669170108e-06,9.88156892614371e-06,-3144.59976698512,0.0629785363566199,0.049600801922257,0.993125,0.418304959420879
"sinusoidal",1600,"stan",134,5757.829,11386.1280116824,11270.1554382717,129.308096686587,81.9633819783665,11589.7944398659,6588.22560520042,11917.3407399875,4989.80230087805,1.97750367572263,1.95736195678469,0.0224577868996434,0.014235119170501,2.01287576269908,2.06976288111153,0.00143564222038921,0.00140369620344882,1.21553409318469e-07,0.00082432978873609,0.00212902820089753,7.5494693533285e-06,7.25842310893807e-06,3.96294999885591e-12,4.19862461618659e-06,1.14128127510514e-05,-3123.58269368298,0.084610032047554,0.0682188003154332,0.998125,0.436528727999094
"sinusoidal",1600,"stan",135,5883.593,10040.7761492778,10888.2860548287,105.871849464927,204.478151732755,11044.7420047003,5395.8820293068,11537.8129795047,8484.96546021828,1.70657218289536,1.85061850043481,0.0179944210051455,0.0347539593124057,1.87721040607334,1.96101480498476,0.00138571099846643,0.00133803396734033,1.42324537226373e-07,0.000720426141361411,0.00209094768775161,7.35760709772345e-06,7.10784502133134e-06,3.17718664729669e-12,4.50206575541267e-06,1.06212754106273e-05,-3188.311158238,0.0883909063316728,0.0693649205298979,0.984375,0.429904316147374
"sinusoidal",1600,"stan",136,5697.551,11867.8661682128,11595.1905785669,140.242262215666,141.318004201131,13178.5577488029,6051.47530033181,13700.8552288559,8268.29777281301,2.08297673302316,2.03511834796509,0.0246144812421453,0.0248032890273612,2.31302146287114,2.40469198588234,0.00133631026641603,0.0012968761486325,1.24412700800906e-07,0.000686628092430411,0.00202862009791571,6.98466468622524e-06,6.71102982464602e-06,2.8855845520633e-12,4.24944747305611e-06,1.03868778029957e-05,-3162.05392932336,0.097902449662192,0.0782505074786097,0.986875,0.427490307484182
"sinusoidal",1600,"stan",137,5807.951,13024.0521269249,12517.7129761945,101.649169547097,155.122660809249,12362.8671398607,5701.31764017746,12949.403272299,8626.50662159492,2.24245213620515,2.15527179485407,0.0175017264345199,0.0267086724404612,2.12861078543202,2.22959926354389,0.00134401124771551,0.00128535596513568,1.50076572152552e-07,0.000680398333342454,0.0020563806647016,6.81956783040877e-06,6.55721824679551e-06,2.693518244168e-12,4.15613126800173e-06,1.00887592137597e-05,-3147.62621370858,0.0861754616865582,0.0652951811880802,0.995,0.428712048357944
"sinusoidal",1600,"stan",138,6022.316,10429.3198613338,10772.8591855654,90.7278303796822,150.444323412783,10569.1281425307,5430.45079630448,11049.5195614708,7835.47076102615,1.73177891384873,1.78882330079746,0.0150652722938621,0.0249811407127728,1.75499394959194,1.83476250025253,0.0013796743889367,0.00132161362185514,1.59906947908652e-07,0.000701737450369057,0.00218316084701117,6.77381145254164e-06,6.56897104740558e-06,2.76359489043009e-12,3.95608508505987e-06,1.02298997862357e-05,-3187.45689371092,0.0827396716551984,0.0637114719184742,0.996875,0.426354192486488
"sinusoidal",1600,"stan",139,5718.756,12363.1937970433,12550.4512683662,122.032735525801,132.64796578299,12649.5482830959,7076.34356650951,13405.7799385385,10577.7042592866,2.1618676853923,2.19461212689722,0.0213390351897862,0.023195248369224,2.21194054845073,2.34417763907719,0.00127151435477166,0.00123653619540076,1.1601148973992e-07,0.000660544723432309,0.00193352547500158,6.85370431565676e-06,6.63673698742769e-06,2.58733342359296e-12,4.06877019846127e-06,1.02962728982529e-05,-3139.98780212085,0.0777930272241061,0.0634407817579914,1,0.418485268521182
"sinusoidal",1600,"stan",13,5800.483,12137.2776822265,12094.9506160728,117.929655125646,178.312772083983,12330.8029775086,7180.30532192531,13155.9393562038,9797.01579262082,2.09245983174616,2.08516266939714,0.0203310060775363,0.0307410214087315,2.12582348358035,2.26807653021374,0.00118972246832154,0.00113915298267303,1.1199483987046e-07,0.000582812720351438,0.00185034530909104,6.65794994616409e-06,6.5011448767609e-06,2.0268449472617e-12,4.15572535707807e-06,9.5523265914612e-06,-3096.77491781791,0.094274401198753,0.0771398538590879,1,0.420856456629448
"sinusoidal",1600,"stan",140,5733.06,13540.0149892106,13358.3767968463,98.5531779089128,178.235295518846,12533.6377430395,6211.52613224635,13080.7911007698,8910.73418798248,2.3617431161039,2.33006052559128,0.0171903273136707,0.0310890336955912,2.18620383234075,2.28164210749056,0.00136028091238758,0.00129876409445924,1.51524898556175e-07,0.000725617770259016,0.00214581337446214,6.97558848236259e-06,6.779242555174e-06,2.65782909030926e-12,4.12985918234527e-06,1.03922584125401e-05,-3105.67380717421,0.096666923221427,0.072295320247324,0.969375,0.429214948274041
"sinusoidal",1600,"stan",141,5789.137,11052.9705594521,11442.5110629221,74.6342030551137,165.604785282032,10940.2791175981,4407.23645709396,11538.9625275344,8240.47041158645,1.9092604924451,1.97654867433991,0.0128921120808013,0.0286061264886341,1.88979447499654,1.99320944167228,0.00138636530438657,0.00130553907151605,1.86759147539999e-07,0.000678099068886049,0.00226759981724865,6.75978030727291e-06,6.56056119086804e-06,2.49289665577025e-12,3.9188780789175e-06,9.85611924960787e-06,-3187.7026026364,0.064359201699324,0.0513881946791209,1,0.427410723422708
"sinusoidal",1600,"stan",142,5689.922,13310.1118452187,14066.9502766072,101.188757712203,152.409764989068,12965.1751386917,3563.12240791926,13652.7360075448,6894.26550686874,2.33924328755626,2.47225713755077,0.0177838567404269,0.0267859146380334,2.27862089123396,2.39945925577623,0.00141076391436792,0.00136000164837953,1.79187828293641e-07,0.000693216498336333,0.00222713647474577,6.88610162683594e-06,6.65192697016041e-06,2.78974777301277e-12,3.78786709586633e-06,1.00524666612437e-05,-3160.51913793587,0.0770316501502636,0.0595041769591568,0.9875,0.427717812692385
"sinusoidal",1600,"stan",143,5746.817,11949.1685005859,12638.6300026372,123.379606543806,146.134783658696,13221.6689043675,7765.0107290797,13208.4254227493,6915.1831567486,2.07926727101036,2.19924003194067,0.0214692074836916,0.0254288214952201,2.30069426334046,2.29838977346056,0.00145236512989814,0.00139911234319944,1.50724012405153e-07,0.000772066983052564,0.0021870402700233,7.53025419902833e-06,7.29159267641498e-06,2.96100426813722e-12,4.50909605962249e-06,1.09549192526134e-05,-3148.23605867666,0.0948921255627787,0.0754267597688655,0.99875,0.433367598850917
"sinusoidal",1600,"stan",144,5726.481,12887.2395498252,12802.4517423389,116.352278806381,156.679873125988,11947.3507056894,4807.35526538437,12521.762667761,8704.2785174854,2.25046403713296,2.23565776998805,0.0203182860130648,0.0273605855194469,2.08633377211753,2.18664179061469,0.00144649410063479,0.00139455783576473,1.69715210234056e-07,0.000746186816900326,0.00223673152580556,6.82132010981547e-06,6.6050470492452e-06,2.63121685917423e-12,3.98166834819113e-06,1.00436391407436e-05,-3176.79249223823,0.0707914163892852,0.0575222232277921,1,0.431727426586413
"sinusoidal",1600,"stan",145,5768.66,13710.2144137932,12089.9114846236,102.746697234193,180.628234108235,12842.7356595679,5952.2431518718,13227.4830228238,9516.44374033795,2.37667229717009,2.0957920010234,0.0178111896409553,0.0313119917118074,2.22629443572127,2.29299057715723,0.00138422340794161,0.00134341770874331,1.4831048057784e-07,0.000689265503719196,0.00208879515343682,6.81562151144903e-06,6.57174603193321e-06,2.56622333632517e-12,4.07217091859531e-06,1.00042671989003e-05,-3139.88303742668,0.080014009023672,0.0672327745013685,0.994375,0.428685190630171
"sinusoidal",1600,"stan",146,5762.56,12573.5888423624,13212.8189309269,51.7550988945952,132.070478525033,12402.1774549172,3785.97249357129,13244.6059423343,9634.01138302971,2.18194497625403,2.29287312078779,0.00898126854984506,0.0229187164255179,2.15219927513418,2.29838924754525,0.00135422503823586,0.00127748183931989,1.76164850811785e-07,0.000664205755823135,0.00215923565393869,6.84650114237736e-06,6.64370841329339e-06,2.62438185603137e-12,4.06194015802487e-06,1.01215549204903e-05,-3178.15415708627,0.0735578506576474,0.0593003028819334,0.9975,0.42497736126725
"sinusoidal",1600,"stan",147,6569.921,8940.05607505361,9955.01177260935,89.9054800916004,99.7935426314745,9822.94384708437,3609.16189109869,9952.54114921144,6868.20342216495,1.36075549082761,1.51524071181516,0.0136844080912998,0.0151894585386148,1.49513880716136,1.5148646611141,0.00141726891496271,0.00135696827686698,1.94709974647147e-07,0.000748730884569289,0.00220150680447902,6.85050989336068e-06,6.59900480163659e-06,2.6593792469107e-12,4.123963193223e-06,1.01987440307169e-05,-3134.76323743241,0.0902535765355984,0.0702897248377424,0.98625,0.43374075028183
"sinusoidal",1600,"stan",148,5704.27,12200.1413547414,13522.5144407621,134.804377417609,213.633749757881,12919.7079933643,5465.03718211803,13504.0164098947,9655.07417621336,2.13877347228329,2.37059508767328,0.0236321873644847,0.037451549410859,2.2649187351518,2.36735224838492,0.00142479131250474,0.00136680437057727,1.61232687865856e-07,0.000723135362126014,0.00221843150453033,6.707220765078e-06,6.50991177739846e-06,2.30154623980813e-12,3.99720662033583e-06,9.62086645138786e-06,-3161.00063229099,0.0748610654098618,0.0631252365669655,0.99,0.427962731070759
"sinusoidal",1600,"stan",149,5790.768,13365.9451786723,14063.0890478206,80.6330466373161,118.749656897362,12286.1920777924,4958.32279173734,12432.0787478405,7277.84428410433,2.30814724034399,2.42853608499263,0.0139244132448953,0.0205067198163287,2.12168611793676,2.14687909234846,0.00161874660146505,0.00156580049705794,2.49097162460675e-07,0.000745602142182373,0.00259168866218951,7.54951575991652e-06,7.22458255874007e-06,3.75654983963008e-12,4.42152418919812e-06,1.15341765744921e-05,-3209.76090932218,0.083901879501144,0.0699297308485949,1,0.440893595013205
"sinusoidal",1600,"stan",14,5758.292,12859.8318264079,13538.8595525591,130.624277919683,124.421036185052,12741.8020248445,6647.56162428845,13213.9629357985,10488.8648621768,2.23327191924409,2.35119364432354,0.0226845526277034,0.0216072814968487,2.21277455621294,2.29477125088456,0.00138058887109211,0.00132898278127592,1.32646433950019e-07,0.000732333159154227,0.00210573832685756,6.79462771391842e-06,6.58070054695501e-06,2.70247535757153e-12,3.97981155803223e-06,1.01410977427866e-05,-3186.71971571604,0.0737061375114665,0.0611269907806239,0.99625,0.429062945036378
"sinusoidal",1600,"stan",150,5717.458,12198.9510053494,12303.4780907272,122.24977053992,153.942461754381,11766.9140334384,5761.93130802108,12378.4400187687,8353.50924844938,2.13363194016457,2.15191403080306,0.0213818397161676,0.0269249834024809,2.05806741972367,2.16502508960604,0.00134452177084229,0.00128829574452717,1.48262159037888e-07,0.00070526933105508,0.00211050592081856,7.00790653158392e-06,6.7197492684919e-06,3.00776291537318e-12,4.01004041966528e-06,1.04262208921334e-05,-3154.81059532519,0.0819316342216406,0.0650626128103338,0.995,0.426138768684325
"sinusoidal",1600,"stan",151,5649.026,13046.268492342,11947.6265076565,114.181450235685,148.37225037155,12972.5467171914,5235.12449660432,13687.8308458761,8551.44677816972,2.30947219792262,2.11498876224973,0.0202125906723893,0.026265103111855,2.29642184638403,2.42304263529254,0.00156388214360458,0.00150888517082852,1.90917363975266e-07,0.000816891859485078,0.00239599053429065,7.14814695672327e-06,6.85208897294413e-06,3.21153442644148e-12,4.20202104751271e-06,1.09603127218775e-05,-3180.36996973719,0.0798658130080759,0.0635288630430306,0.9925,0.435883232236884
"sinusoidal",1600,"stan",152,5780.253,12061.603109077,12630.7708105981,111.1734966821,146.797511375942,12705.2736939159,5671.94745061787,12839.420848289,7637.40733357221,2.08669120695529,2.18515881754624,0.0192333271021356,0.0253963816767089,2.19804802556495,2.22125585995786,0.00164525625882419,0.00157473076936326,2.33755931491515e-07,0.000828163622020733,0.00259749965471758,7.31563269173828e-06,7.09266722316736e-06,3.01151095149442e-12,4.20308589716123e-06,1.0680986671454e-05,-3188.2512357137,0.0944874871970377,0.0767812546053282,0.989375,0.444004079457578
"sinusoidal",1600,"stan",153,5772.617,11940.4944806195,12975.7844980931,64.7386248720606,216.660536557528,12904.3053816624,7515.65174698466,13392.4835896848,9878.6722060479,2.06847162744722,2.24781663119052,0.0112147791672409,0.0375324634489917,2.23543418551108,2.32000210471002,0.00134131760504785,0.00129956754404817,1.22802295410644e-07,0.00069949362833892,0.00203781568096709,6.97830961571883e-06,6.78935524538965e-06,2.40203810432991e-12,4.31758016472403e-06,1.01627515962097e-05,-3152.91542366904,0.0904864599997794,0.0709237197298483,0.993125,0.428827676418773
"sinusoidal",1600,"stan",154,5741.905,12469.7770696982,12128.4741750195,73.6898463496151,161.40941341546,12117.6221775311,5477.91368601167,12800.3096176387,7882.31716297043,2.1717142777002,2.11227357036027,0.0128336930599888,0.0281107774188984,2.11038360570771,2.22927924053753,0.00137741117681107,0.0013190089118469,1.53784973507098e-07,0.000700832386369438,0.00214414554532642,6.88640152501573e-06,6.64045837374404e-06,2.7655902593256e-12,4.08580551488142e-06,1.02060145946153e-05,-3147.8375075029,0.0838256829067627,0.0688234307992638,1,0.427384803456166
"sinusoidal",1600,"stan",155,5767.79,13040.0022020364,12551.9541451372,112.668324334542,187.858071258102,13458.7875432991,6200.59993115852,13941.0238222357,9514.56864140428,2.26083165337788,2.17621552538098,0.0195340545225367,0.0325701995492384,2.33343924506598,2.4170477465781,0.00132434895996805,0.0012865785285409,1.27588627379072e-07,0.000709129391893407,0.00200742454518519,6.99023829168207e-06,6.71608241272284e-06,3.35309081593e-12,3.91073903091791e-06,1.08107015284728e-05,-3170.89236223627,0.0750434162628893,0.0610936912978302,1,0.425652896990578
"sinusoidal",1600,"stan",156,5836.459,10355.1203603649,10017.3021148805,121.281155261103,123.877556330791,11552.6158744535,7321.03368696073,12314.6875209354,8737.70367049303,1.77421281642942,1.71633213132835,0.0207799207123879,0.0212247796704801,1.97938782307106,2.10995871314018,0.00126365118223271,0.00122010387798978,1.13504883767303e-07,0.000701320907379317,0.00195060514781405,6.78453730224394e-06,6.57905604040551e-06,2.21669567695969e-12,4.08047313165474e-06,9.71726391543819e-06,-3185.04970745165,0.0726578121046119,0.0590532883538437,1,0.420571392956273
"sinusoidal",1600,"stan",157,5684.723,14019.4310754995,13276.4950156558,100.56767598634,89.2378049521464,13354.8944076096,5391.96778637631,13849.2939564686,9511.89619974666,2.46615905040571,2.33546911883934,0.017690866553452,0.0156978281883121,2.3492603610782,2.43623021851171,0.00139857169897104,0.00135266975052412,1.50765551385137e-07,0.000734963330970018,0.00220555201245482,7.07189999969911e-06,6.90315429918498e-06,2.70172340916e-12,4.05098424717636e-06,1.02193319038452e-05,-3186.60946426294,0.0807376235173666,0.066226725649333,1,0.427639160589794
"sinusoidal",1600,"stan",158,5586.027,14785.4053543218,13143.6113783803,72.7024771305468,177.96805571617,13323.6231101595,4468.64694373893,13840.7792146915,10550.0784884576,2.64685533283706,2.35294447706399,0.0130150601009531,0.0318595051037473,2.38516983719546,2.47775014597879,0.00139560411052332,0.00132228381696175,1.79745445608699e-07,0.000708013041514614,0.00226448881344475,6.88262049027041e-06,6.65867460070819e-06,2.60830090737123e-12,3.94874543405831e-06,1.00778151439459e-05,-3147.49827562237,0.0794183544146481,0.0617737119001111,0.989375,0.426433803333187
"sinusoidal",1600,"stan",159,6069.812,9272.80386075159,9227.0869466768,52.6433028347112,154.123614056963,10041.2319768425,5792.32749520224,10890.3691736416,7691.0737591173,1.52769210327298,1.5201602531803,0.00867297089839211,0.0253918266425653,1.6542904420833,1.79418558163607,0.00140090819240813,0.00135436090483248,1.49765779526934e-07,0.000707999447699953,0.00212914455552077,7.13488606751953e-06,6.89628822999326e-06,3.0240356996096e-12,4.1974547412638e-06,1.05483840916231e-05,-3172.12472624348,0.0949399979430975,0.0736475241597984,0.98375,0.428563220550323
"sinusoidal",1600,"stan",15,5715.609,10953.6506660194,11086.8644570062,127.327597330555,108.155456468337,11994.5225728316,5479.4953206297,12460.5595102441,4991.48898126458,1.91644506578729,1.93975208188772,0.022277170697043,0.0189228228292623,2.09855547726087,2.18009305924253,0.0013855752105742,0.00131015708973383,1.60545332253371e-07,0.00071954282959683,0.00223277083942186,7.02059482676096e-06,6.74456548835863e-06,3.36814415583414e-12,3.88340266166826e-06,1.04511602949323e-05,-3153.87220123138,0.0859105224575455,0.0676172853712847,0.99625,0.430484605890196
"sinusoidal",1600,"stan",160,5762.646,11172.4680429429,10957.0425217283,97.8478106196855,135.395144428374,11478.9341893636,5901.80627445143,12325.343340823,8218.97302497556,1.93877396649784,1.90139087525563,0.0169796670869051,0.0234953083060063,1.99195546444525,2.13883402534583,0.00129642409875003,0.00122478381614023,1.49894076088334e-07,0.000672173963782181,0.00208690359342153,6.60472706674971e-06,6.37418911193358e-06,2.6234720949063e-12,3.92373436977408e-06,9.82668180646598e-06,-3167.60384254066,0.0717032614549871,0.0590628921153725,0.99625,0.422442106270494
"sinusoidal",1600,"stan",161,5760.601,14068.5152135356,13693.2267396949,105.233708018578,243.447363155687,12909.1240791189,5455.50342499192,13299.9502906029,7835.14437603397,2.44219573852373,2.37704828709624,0.0182678349044793,0.0422607577153298,2.24093355521739,2.30877824911028,0.00139171445558185,0.00133720892037878,1.54586983081721e-07,0.000721245008489866,0.0021496380047782,7.10716350394035e-06,6.95219228294293e-06,2.3198650429129e-12,4.27508577162636e-06,1.00311766660924e-05,-3142.67076978103,0.0838970948015607,0.0661420442478058,1,0.428206529244112
"sinusoidal",1600,"stan",162,5625.715,13362.6841702469,13605.9173765319,106.106108929812,179.597874482383,13573.4908952479,5439.79882378762,13804.4463905592,9490.67276685696,2.37528637164288,2.41852233476667,0.0188609108228575,0.0319244530663894,2.41275835964814,2.45381189600952,0.0013353572169463,0.00127896676430347,1.23616518341089e-07,0.000737084319277839,0.00204337114551618,6.87674061827279e-06,6.68629059339819e-06,2.36654220546749e-12,4.28482387990529e-06,1.00199263271892e-05,-3145.93005263671,0.0827317704570523,0.0649142733351081,0.99625,0.428653772152612
"sinusoidal",1600,"stan",163,5772.259,12013.2579144298,12743.7426899813,120.899736292015,136.030778773761,12044.3851613968,2830.0925160533,12408.9957478615,9753.39055148793,2.08120562754197,2.20775656289528,0.0209449604205242,0.0235662985277967,2.086598186498,2.14976419939949,0.001470146092063,0.00141924246216169,1.91836073172002e-07,0.000661217900625362,0.00234037666682375,6.8510245626767e-06,6.69403761926507e-06,2.50147739184933e-12,3.99403454201439e-06,9.86022074613379e-06,-3171.32089358409,0.0928199412445054,0.0778189295536548,0.98625,0.430284043392786
"sinusoidal",1600,"stan",164,5724.166,11501.0667890466,11906.8258007202,123.588862248414,194.655190671644,12864.0213214336,4953.03083225131,13211.0426611716,9450.16481995795,2.00921265893523,2.08009792181433,0.0215907194599901,0.0340058605343807,2.24731800605251,2.30794191873044,0.00151364564222326,0.00145498731766708,1.74189218696445e-07,0.000770633882611514,0.00233119313989654,7.01002658860008e-06,6.81770002909413e-06,2.57268101218991e-12,4.13330913724525e-06,1.01468063945737e-05,-3158.52370081871,0.0834478120891595,0.0683963824873001,0.989375,0.434772422748405
"sinusoidal",1600,"stan",165,5845.19,8761.48213348226,8653.38910575147,105.505638697707,145.032964522769,10915.3322739601,4242.15365324649,11189.2654265559,8120.54993078187,1.49892170031808,1.4804290546161,0.0180499930195096,0.0248123610221,1.86740418599911,1.91426889913859,0.00154717562751492,0.00148497504186279,1.92824119090025e-07,0.000798371428958258,0.00241222657793914,7.05002614896395e-06,6.78275494770127e-06,2.74995590715509e-12,4.33044759310157e-06,1.03365830359327e-05,-3183.63909408828,0.0825799756809076,0.0670826387453124,0.99875,0.434760945219544
"sinusoidal",1600,"stan",166,5776.779,10770.3311332708,11473.4461982951,116.684710701586,145.299598110008,12039.4765930696,5820.30393683067,12634.3035795782,7528.49268387641,1.86441806641224,1.98613209857865,0.0201989223928397,0.025152355336773,2.08411583567064,2.18708445996951,0.00137848919299708,0.00134036346681691,1.31460465228985e-07,0.000724444730861952,0.00207578932962335,7.0244335198616e-06,6.80326492988167e-06,2.97648861869977e-12,4.0243100673331e-06,1.03929711220663e-05,-3162.03374618875,0.0812740830989173,0.0658754238900235,1,0.429728265958522
"sinusoidal",1600,"stan",167,7638.556,8052.90580874674,9353.80403258183,48.7296822008681,138.537757350403,9364.33277592285,3885.2901842153,10010.4050728972,7072.3970807758,1.05424452065898,1.22455134616829,0.00637943640144395,0.0181366422332182,1.22592971445426,1.31051013737377,0.00149872427489607,0.00144567307620991,1.95749894536329e-07,0.00073411576371963,0.00237990261158206,6.92722175694849e-06,6.72081450985598e-06,2.3868315527359e-12,4.21370557483222e-06,1.00691207681598e-05,-3208.2846805459,0.0808181949352034,0.0607007059659917,0.9875,0.434504582401567
"sinusoidal",1600,"stan",168,5658.845,12141.887428234,13123.0360103469,74.5456371386305,149.03039420493,13403.4618543143,7294.92391475671,13731.0816896426,10473.1829433456,2.14564764156538,2.31903082879049,0.0131732954584603,0.0263358325249993,2.36858614334097,2.42648132077175,0.00131509782212477,0.00127012502780253,1.22747118524939e-07,0.000716760848454247,0.00203245706685362,6.70604386775015e-06,6.49639242297032e-06,2.35782681844364e-12,3.97117851927574e-06,9.70894916701292e-06,-3153.72354938966,0.0901330942565822,0.0688466799934164,0.985,0.426601088350388
"sinusoidal",1600,"stan",169,5711.315,10935.5962250512,11506.9327229797,57.8050799222028,124.860535656957,12117.7560442315,3295.40296159338,12878.9170540034,7089.16425110953,1.91472475691697,2.01476065021447,0.0101211507196158,0.0218619592260201,2.12171033189931,2.25498279363044,0.00163774722154283,0.00154871526394301,3.43941041767082e-07,0.00070878233486602,0.00267018343645333,6.92976000264944e-06,6.68064919062956e-06,2.85501118935596e-12,3.98094553965634e-06,1.01376509968627e-05,-3198.15700228998,0.0823277527659818,0.0644374884453448,1,0.438470641547514
"sinusoidal",1600,"stan",16,5702.836,12415.8460783763,12109.1189542182,101.279353250269,135.929951931526,11904.3680668098,5635.54643006015,12533.6157626425,8739.24207389424,2.17713538989659,2.12335037413283,0.0177594714717851,0.0238355007809318,2.08744702930433,2.19778646319875,0.0013414408710865,0.00128562436153648,1.51470513559244e-07,0.000672817246798124,0.00212196742098748,6.72163417273417e-06,6.4921499338787e-06,2.42379839943987e-12,4.09926094065495e-06,9.94203455629083e-06,-3161.40866908708,0.0780526605645429,0.0615938007301999,0.994375,0.42646320233409
"sinusoidal",1600,"stan",170,5775.473,12939.4548625297,12161.9611745512,111.902321894476,139.388733862703,12368.186791571,4941.61569212167,12805.8085269508,7527.95367457309,2.24041474395772,2.10579482832855,0.0193754384955961,0.024134600553531,2.14150196729706,2.21727441664965,0.00160290216944077,0.00155207393236579,1.96931733573307e-07,0.000795468465685088,0.00244807951049194,7.36685082172549e-06,7.14606379412454e-06,2.90531143175666e-12,4.40704491816722e-06,1.07675915150577e-05,-3142.7228854023,0.0848606901447939,0.0667754194631969,0.986875,0.441538996819027
"sinusoidal",1600,"stan",171,5687.5,11151.7211720611,10326.3216668895,94.0865613522035,170.19350098902,12605.846326265,5744.98266786244,13130.8926617049,9120.58854813434,1.96074218409865,1.81561699637617,0.0165426921058819,0.0299241320420254,2.21641254088176,2.30872838007999,0.00134442840991134,0.00128125919464282,1.64207973506461e-07,0.000663495427539831,0.00220728105928281,6.9796982018983e-06,6.74758626869886e-06,2.7334530694525e-12,4.1843492527137e-06,1.0378404515401e-05,-3162.23669781844,0.0949039566518053,0.0753774009827713,1,0.429158747458553
"sinusoidal",1600,"stan",172,5772.228,11593.8517336828,13102.6651730553,97.5603890707965,144.853509411981,11844.2061148432,3337.43264243623,12336.8881765092,7255.81609211003,2.00855748138895,2.26994934591207,0.0169016866746768,0.0250949043267143,2.05192970805089,2.13728358902475,0.00151721759497205,0.00144808703123102,2.34649032068659e-07,0.000716603154927952,0.00249684621235422,7.3656991145747e-06,7.03609489555163e-06,3.71849839578527e-12,4.12024042277382e-06,1.12625772738107e-05,-3157.48291274894,0.0868428080403771,0.0690009158673802,1,0.435801547043898
"sinusoidal",1600,"stan",173,5788.077,10596.1136751334,10621.8505562027,110.832068383645,134.84515512642,11463.1553468548,4204.90682104656,11702.1893333054,6421.08537445316,1.83067945971234,1.83512599369406,0.0191483403527018,0.0232970561943838,1.98047734106765,2.02177499250708,0.00158103086931158,0.00152584748564985,1.95902464878066e-07,0.000779537639992198,0.00249588885762077,7.67470514360032e-06,7.32775985604956e-06,4.08793601147718e-12,4.50645373161141e-06,1.16192127478608e-05,-3107.65580673004,0.105646907261589,0.0808665668198438,0.971875,0.444141221861939
"sinusoidal",1600,"stan",174,5529.112,12828.0908391508,11387.9568477336,60.2120343229473,93.400518567488,12558.9754024437,2696.45876001956,13361.0864823154,8642.08218903416,2.32009965418511,2.05963576931224,0.0108900008397275,0.0168924989342752,2.27142720249539,2.41649770927329,0.00161218140562792,0.00152101610208903,2.48742701574384e-07,0.000784825311062366,0.00262447196955368,7.3607733803986e-06,7.13885080378606e-06,3.45059731116836e-12,4.18749931214321e-06,1.10805412106277e-05,-3167.29295912854,0.0703632805126229,0.0557915522014928,1,0.440015638734351
"sinusoidal",1600,"stan",175,5607.263,13379.5461254168,13196.4085331831,122.044487201741,171.902999428849,13374.5479238037,5275.57401921762,13742.9745880295,7816.39371390127,2.38610996584551,2.35344918424249,0.0217654294442299,0.0306572028864794,2.38521858593108,2.45092384431218,0.00139195913298913,0.00133356090595405,1.48709454488995e-07,0.000746244512694937,0.00219262223707664,7.0919991311393e-06,6.82429228742689e-06,3.11039592801112e-12,4.11820802168313e-06,1.07724991140694e-05,-3197.64602358912,0.0930299317558002,0.0749039461102407,0.975625,0.424363058112549
"sinusoidal",1600,"stan",176,5860.061,11752.34949523,11655.7780290407,96.8005783393148,91.233427597836,11293.7105622425,6700.75977793284,11520.3805009023,7877.95521190102,2.00549951531733,1.98901991447542,0.0165186980714561,0.0155686822368975,1.92723430050343,1.96591477476128,0.00150582742181479,0.0014574151383784,1.45760944504365e-07,0.00083276624183603,0.00225590645098671,7.34331826763394e-06,7.03236056711636e-06,3.51720387897208e-12,4.04465825698002e-06,1.11779163502566e-05,-3157.73652901253,0.0836404618028158,0.0683297869176741,0.995625,0.436498411957294
"sinusoidal",1600,"stan",177,5727.117,11326.8157129508,12981.1346964741,91.2886711734844,174.138353776725,12347.5184716024,5314.27623652095,13120.9700390141,8150.44165400608,1.9777517576384,2.2666089581327,0.0159397252009142,0.0304059361414696,2.15597454558766,2.29102531675433,0.00138219878909772,0.00132882154480353,1.65008246761556e-07,0.000680428524038306,0.00217198926502124,7.23728586914986e-06,6.94693489960658e-06,3.1944179190034e-12,4.31423253306549e-06,1.0835258977094e-05,-3159.9486496348,0.0854174283250041,0.0622972008921858,1,0.431245936040304
"sinusoidal",1600,"stan",178,6069.114,8670.72808663864,9638.18622628434,124.507302758593,159.732476199105,10237.5413166976,5889.40792972264,10849.8366089477,6988.14118947486,1.42866456069842,1.58807137685737,0.0205149059250812,0.0263189118212486,1.68682633357976,1.78771343048552,0.00137031310488252,0.00132695692974106,1.32104633244715e-07,0.000727535881153891,0.00207924781450425,7.05830074060906e-06,6.79765403060829e-06,3.19402391311125e-12,4.09818144606561e-06,1.0590893121634e-05,-3151.02565326802,0.0765735557819134,0.0619506938439762,1,0.429793350878979
"sinusoidal",1600,"stan",179,5785.321,13342.97917619,12908.0470551604,159.072476553409,164.191134008743,13145.0955271347,9130.87035152587,13669.7898947174,8294.37619543775,2.30635070658827,2.23117214328477,0.0274958773339299,0.0283806437030449,2.2721462693487,2.36284034969147,0.0012976397939073,0.00126165709646891,1.04630526878172e-07,0.000730354580607114,0.00192188808165594,6.95237259381879e-06,6.73842113566929e-06,2.49666316135995e-12,4.09867086125086e-06,1.00003738561033e-05,-3167.12536281204,0.0912664498909371,0.0717502108319033,0.9825,0.426546957957758
"sinusoidal",1600,"stan",17,5659.807,13116.4358697394,11573.9186270978,172.591469733256,151.35871619502,13353.4859330748,9971.50998447406,13476.0471549083,8834.0373628591,2.31747051970843,2.04493167825295,0.0304942323533746,0.0267427345481957,2.35935358450824,2.38100824902833,0.00131874598756221,0.00128021671500483,1.09453006713765e-07,0.000725324727571091,0.00196354282135999,6.97543851927497e-06,6.66735077672274e-06,3.39606707638852e-12,3.901990535353e-06,1.05896936140618e-05,-3186.63820569708,0.0713161938352098,0.0567574903600929,1,0.424390754245462
"sinusoidal",1600,"stan",180,5867.405,11545.3863245169,11357.4123420044,108.653733733046,156.10987113246,11711.1556137285,7247.617044563,12414.5899926449,9059.23296963811,1.96771593651997,1.93567894870125,0.0185181922388256,0.026606288662954,1.99596850971231,2.11585700878751,0.00130631494494162,0.00127181685673555,1.03975149561294e-07,0.000730050890907965,0.00195639082849842,7.15636382196863e-06,6.94686972165123e-06,2.76142546409006e-12,4.18451794648709e-06,1.04406294705759e-05,-3137.74056976316,0.0678411669667826,0.0544516958632025,0.993125,0.423492035429062
"sinusoidal",1600,"stan",181,5721.687,12105.760686206,12677.2503801561,109.630998846405,94.5519383116105,12858.9100914469,5903.50791154734,13499.7689186809,9450.53036740223,2.11576772483466,2.21564905248331,0.0191606075002714,0.0165251853713093,2.24739837943721,2.35940360223845,0.00139986969096807,0.00135468992393019,1.47128394403333e-07,0.000715679959522806,0.00218206552308302,6.74901289802995e-06,6.5880970620778e-06,2.60813590313933e-12,3.88128528770141e-06,9.91936450345404e-06,-3165.38588767402,0.0876879429916811,0.0698093446197643,1,0.430502458229447
"sinusoidal",1600,"stan",182,5815.916,9352.90313445049,9725.5330106981,75.2996074949272,198.692700368693,10799.9501662929,5815.62789972363,11716.2812297449,7193.83673505405,1.60815650268169,1.67222721419947,0.0129471621486499,0.0341636124676996,1.85696460648554,2.01452036613749,0.00131969907316301,0.00127448349460043,1.2127808419526e-07,0.00070327671996246,0.00200656568539322,7.18302213767272e-06,6.98179245482217e-06,2.78373185324239e-12,4.25426588967567e-06,1.05652743877502e-05,-3126.41589328888,0.0924198774967731,0.0676996263486313,0.981875,0.429183906328105
"sinusoidal",1600,"stan",183,5997.459,9600.14941404082,10884.6797638583,150.082451651492,174.445258465822,10761.1356054311,5525.4435783754,11552.7716216648,8312.18987524368,1.60070279997593,1.81488189645953,0.0250243397497994,0.0290865278888646,1.79428247953527,1.92627771555668,0.00129925630182399,0.00125428258961161,1.24409591375675e-07,0.000688124482668047,0.00201905386312567,6.49363467646219e-06,6.34763804294799e-06,2.3893216559616e-12,3.69736614910551e-06,9.58265940122947e-06,-3160.65036015764,0.0735741673828786,0.0579120806156073,1,0.423787128647113
"sinusoidal",1600,"stan",184,5770.81,13234.8533998279,12317.0995982246,104.873172847031,126.114639989503,12401.1693572977,5527.21994915411,13180.467363112,7393.95223433158,2.2934134722557,2.13437967949467,0.0181730420594389,0.0218538887936881,2.14894778329172,2.2839891389791,0.00130835024781741,0.00126350638793628,1.18735731265618e-07,0.00071451936000444,0.00201855890358197,6.79411043607151e-06,6.56672744489249e-06,2.61466383453343e-12,4.16442151957783e-06,1.0078280582618e-05,-3143.37231392987,0.109607817563833,0.0858351021774229,0.986875,0.428116846861032
"sinusoidal",1600,"stan",185,5758.356,10202.1405891105,11589.9356315848,98.9862506784922,137.83519828145,11431.9110259151,4485.48113585802,11393.2656849273,7221.29396544954,1.77171063913216,2.01271606541603,0.0171900192830197,0.0239365538152643,1.98527340545029,1.97856222938063,0.00156559693559363,0.00148022503428807,2.26393932613007e-07,0.000799515212717456,0.00256320760793857,7.15257096958511e-06,7.01161084425333e-06,2.42903714064035e-12,4.35855106546661e-06,1.02912797557833e-05,-3160.5345603334,0.102171359220617,0.082932323097329,0.9825,0.436438263656282
"sinusoidal",1600,"stan",186,6262.771,8903.49588358574,8927.07307047109,96.2905164642621,153.561789174033,9931.80985167452,6217.45689148125,10501.5796600017,7554.7725703816,1.42165438966006,1.42541904701147,0.0153750658397476,0.0245197835229858,1.58584911561903,1.67682638563692,0.00141099034446988,0.00135507067095967,1.4149060730372e-07,0.00075505200894043,0.00214197511623165,6.93396368142713e-06,6.79746048334965e-06,2.28239531335432e-12,4.23382789981778e-06,9.81652791900441e-06,-3153.24802614863,0.092719764464782,0.072603787289432,0.97625,0.433026996249479
"sinusoidal",1600,"stan",187,5750.897,12321.9036201114,10354.4812878062,88.0925239873583,103.05339495123,11732.8689621482,1983.2038605604,12396.8370712253,9366.12161274108,2.14260551355925,1.80049847663871,0.0153180493386264,0.0179195341094147,2.04018068175246,2.15563538544079,0.00161849193725836,0.00152937945697301,2.54408110566673e-07,0.000771233203913434,0.00262352639415695,7.12164672097732e-06,6.92457400861417e-06,2.89549192018454e-12,4.11553108997305e-06,1.04404215759928e-05,-3156.87132418675,0.0938294964727204,0.0724054203771044,0.9975,0.442233994671085
"sinusoidal",1600,"stan",188,5408.841,12872.9596418286,12886.7694015206,104.666135958226,167.095796579985,12220.0556066697,6137.14402695351,12693.238305849,8336.6661717614,2.37998485106673,2.38253803384508,0.019350935987622,0.030893087184479,2.25927432636118,2.34675752270199,0.00139425322925651,0.00134650861335883,1.45068905487257e-07,0.000753278168696089,0.00218108383839653,6.98240935720149e-06,6.76830019200908e-06,2.77153411304978e-12,4.16262336866267e-06,1.03282430185253e-05,-3170.32796042116,0.0945908151631803,0.07741767717794,0.99,0.429133502738971
"sinusoidal",1600,"stan",189,5808.237,10179.6556135087,10611.0544341927,114.114415631323,124.94630136368,10943.7109239409,5135.67175311789,11720.5787641581,7582.98488129219,1.75262400854315,1.82689763420341,0.0196469971234512,0.0215119151239318,1.88417086354102,2.01792364260585,0.00136548356299395,0.00131815203759004,1.44452583107236e-07,0.000723766889948162,0.00210811653014183,7.22458991686766e-06,7.00178082056193e-06,3.45325242364951e-12,4.01094255477422e-06,1.0812703116047e-05,-3179.81948351317,0.0741828846737637,0.0561846617218963,0.9975,0.429548696560826
"sinusoidal",1600,"stan",18,5691.56,12667.4267635706,12955.5264445683,112.017251148385,175.05843958651,12714.7200582478,5094.85524823094,12920.1304252612,8944.89993817885,2.22565109804176,2.27626985300485,0.0196812914470522,0.0307575497028073,2.23396047098649,2.270050816518,0.0016414081562823,0.00157969061367313,1.89978100369649e-07,0.000889479217846223,0.00249283466021255,7.40620460832271e-06,7.18795441071329e-06,3.09808641071388e-12,4.16454431034265e-06,1.07627678206425e-05,-3142.14069959711,0.0839369445679408,0.0668556640248161,0.995625,0.443550378620784
"sinusoidal",1600,"stan",190,5667.972,13032.1850130232,10161.3455072049,137.406424068823,166.512215625052,13531.9236344522,6643.71284743529,13984.0889246306,9730.88564615444,2.29926771215934,1.79276565007817,0.0242426081266496,0.0293777413905806,2.38743657069093,2.46721206890764,0.00132817203170577,0.00129271275258413,9.90813986933514e-08,0.00077770721265919,0.00195713887937709,6.90947223147129e-06,6.71890691549123e-06,2.38454216145413e-12,4.11686702782495e-06,9.94148532068656e-06,-3129.35819046059,0.0811615159997363,0.0599181609176114,0.988125,0.426693352719711
"sinusoidal",1600,"stan",191,5413.21,12822.2620193642,11726.0859406609,113.3403062143,166.198802489878,12384.8863955397,3985.75771491131,12865.7821058024,7084.04800840639,2.36869842835659,2.16619823370254,0.0209377257143727,0.0307024487300287,2.28790059789658,2.37673803635965,0.00166581125435004,0.00159503743468476,2.44688320637159e-07,0.000868206179030586,0.00268460912367158,7.50963362079524e-06,7.31831682518676e-06,2.8640552896733e-12,4.46350715470628e-06,1.08305499775943e-05,-3156.91303580137,0.0980844891688439,0.0746637680204947,0.979375,0.44798959542339
"sinusoidal",1600,"stan",192,5717.707,11298.8124300359,12957.3592971413,107.782321143421,149.71850334695,12698.518686404,5306.87943996431,13110.6422111042,9390.53383491994,1.97610902937766,2.26618105774593,0.0188506198627214,0.0261850604354071,2.22091105514921,2.2929895167948,0.0013653863422712,0.00128903988989828,1.56294372134345e-07,0.000715761919299487,0.00218613928808652,6.93434737918071e-06,6.69196719649459e-06,2.76858433210917e-12,3.9854684937005e-06,1.00761502958854e-05,-3189.73885920448,0.101440356889781,0.0824092766331946,0.97375,0.426979150966221
"sinusoidal",1600,"stan",193,5679.893,13390.6718456454,13865.7760789219,147.147417851683,169.295714518011,13616.2179529735,5934.33218744643,14008.2361999157,11321.902956157,2.35755706060755,2.44120374783854,0.0259067235688566,0.0298061450309031,2.39726663037023,2.46628522754139,0.00133757545328323,0.00128942940604431,1.31803148032714e-07,0.000691671631316605,0.0020436233750863,6.82338360067864e-06,6.60950944053417e-06,2.51659461426967e-12,3.87713800376772e-06,9.9747758847967e-06,-3179.41586345025,0.0818618188907344,0.0671655991209096,0.99125,0.42555993702702
"sinusoidal",1600,"stan",194,5729.109,12717.9740571976,13025.3412464224,65.8642824213682,140.043449495683,12423.6590369226,1878.69688400209,12976.6037345953,7876.54321738148,2.21988690688161,2.27353699264971,0.0114964268303096,0.0244441935902568,2.16851504080698,2.26502999586765,0.00167522506143698,0.00157268560159108,3.20464975433618e-07,0.000811346173872454,0.00284128723333261,7.39691990139116e-06,7.08887390791795e-06,3.32231978970713e-12,4.25729868597472e-06,1.08909820792119e-05,-3130.27390678943,0.0821442170518422,0.0647503534393004,0.993125,0.445614068744339
"sinusoidal",1600,"stan",195,5727.475,13175.4902643171,12799.9136116368,84.0109752327113,150.902799331633,12988.3701402653,3177.29094444495,13289.5965070484,8495.96890483736,2.30040118277549,2.2348266228376,0.0146680649383387,0.02634717730442,2.26773056892702,2.32032379138248,0.00160376411585208,0.00154925934178002,1.84071268843046e-07,0.000882615738574849,0.00248663672585832,7.48615201444374e-06,7.18710185741125e-06,3.61865133165017e-12,4.2805398657498e-06,1.14115146559889e-05,-3141.90602069766,0.0952522989649149,0.0764859058126705,0.979375,0.442028418382914
"sinusoidal",1600,"stan",196,5746.552,13232.0182478412,13238.7662271423,86.1541351594806,146.83234287155,13098.633348697,7400.88356087912,13720.0848454387,8222.30646516836,2.30260132473197,2.30377559050058,0.0149923180299214,0.0255513815713405,2.27939003226578,2.38753340184492,0.00125921446223431,0.00120355323807098,1.24546302472399e-07,0.000682751028338823,0.00199560840715889,6.84372083592606e-06,6.58268369111351e-06,2.62071438677894e-12,4.25937305885221e-06,9.97430228031493e-06,-3195.71867190603,0.0860938036022019,0.0725746973295616,0.99125,0.420422386118895
"sinusoidal",1600,"stan",197,5767.968,12836.6175913167,12980.5099461465,94.9192893648433,150.816817933987,13194.0163815175,4128.01279121537,13639.3599412707,7738.86919623084,2.22550083345066,2.25044763531048,0.0164562787735375,0.0261473048973203,2.28746351947819,2.36467330284612,0.00122537425866612,0.0011837220612082,9.82956431460707e-08,0.000685550637937042,0.00186489790192628,6.95303953987387e-06,6.75667285151976e-06,2.80361705903482e-12,3.95411884113902e-06,1.01416636770367e-05,-3144.97241552161,0.0743357207282973,0.0591826433027975,0.9925,0.421489295184461
"sinusoidal",1600,"stan",198,5773.136,11730.8967635484,12116.6248603592,112.4417571007,179.836234701221,12341.8736228197,6556.45845535965,13190.3070403766,9446.99672818209,2.03197997822126,2.09879428795012,0.0194767206420739,0.031150528014795,2.13781099610675,2.28477330871412,0.00126097734530902,0.00119388862544834,1.52891886568476e-07,0.000566386533907329,0.00206036357910478,6.78653387141809e-06,6.57346619633147e-06,2.29568932541232e-12,4.25243318450813e-06,1.00127658271347e-05,-3159.07013818615,0.0880646925957457,0.0665270515630502,0.98375,0.418745260334512
"sinusoidal",1600,"stan",199,5731.522,11145.3273676795,10659.0853554525,96.7217758102562,146.143578691573,12602.1508360423,5562.1974584761,13443.238739127,10553.7056689171,1.94456679529094,1.85973033959435,0.0168754086279798,0.0254982147310214,2.19874421419691,2.3454919546897,0.00132443955479687,0.00125927119177443,1.52585093376782e-07,0.000668891726562103,0.00214030085646265,6.82376519770025e-06,6.57370784001244e-06,2.66394068308994e-12,4.01156269986793e-06,1.01356115166105e-05,-3114.47903477372,0.0891957959851049,0.0689601068105386,1,0.427686895186998
"sinusoidal",1600,"stan",19,5671.974,14779.6135051382,14340.8654369441,113.85102192588,115.642851783696,13135.1167669752,5961.24958863931,13818.9371845568,9859.9660981138,2.60572659626758,2.52837291513397,0.020072557089627,0.0203884664816333,2.31579283807987,2.43635411314593,0.00138493706817848,0.00133209833650312,1.49223174585693e-07,0.000681789486616113,0.00218706674715664,6.97252318981153e-06,6.83018754490742e-06,2.81425082814385e-12,3.93953303708753e-06,1.03293383672303e-05,-3164.9577212429,0.0832609883173268,0.0667460331237389,0.990625,0.427156459603464
"sinusoidal",1600,"stan",1,6532.717,9719.73382138236,10666.2456506098,111.971917406495,160.503615752343,9889.29507973218,4684.22765070346,10277.5462898703,7492.27813652941,1.48785471977163,1.63274264760127,0.0171401757349193,0.0245691977399822,1.5138104221769,1.57324223441339,0.00137597584136247,0.00130715779962977,1.64028118543292e-07,0.000689265683256606,0.00222208288506477,6.88338757539305e-06,6.65870798901827e-06,2.56749875530456e-12,4.18420255399485e-06,1.02720633440831e-05,-3230.84909040738,0.0758613933313905,0.0584700109648821,0.990625,0.425292561073669
"sinusoidal",1600,"stan",200,5701.553,12475.4776243373,13456.9563458897,78.83229087159,120.694404711225,13066.4242112759,4565.20540729874,13642.0009297568,7755.16495094241,2.18808412801517,2.36022647617057,0.0138264593649467,0.0211686894274639,2.29173072867618,2.39268159565592,0.0013326281231962,0.00125796647182346,1.75481531848602e-07,0.000670961423046055,0.00219091590041873,6.90335062652577e-06,6.63889719159983e-06,3.06751216456179e-12,3.85570135874117e-06,1.04446622697533e-05,-3171.13751212869,0.0866381987884726,0.0677671902242156,0.995625,0.426218167239832
"sinusoidal",1600,"stan",20,6074.523,9612.04317467887,10313.434857087,149.160468540784,246.949024630507,10245.3212004849,6034.85376221494,11182.0893302327,8065.39892414054,1.58235357322359,1.69781806029659,0.0245550915752207,0.0406532372386287,1.6866050553245,1.84081767905607,0.0012278316001663,0.00119309604918218,9.99878536507766e-08,0.000660653443230731,0.00184432670806265,6.71065319125676e-06,6.52594509854205e-06,1.96763177168388e-12,4.32251099282603e-06,9.61197772283721e-06,-3130.71348870518,0.0696134366162637,0.0553551213791345,0.999375,0.419562978073581
"sinusoidal",1600,"stan",21,5766.475,12354.0956617927,12364.4189778544,121.709935249635,175.01626690368,12327.0216505929,5589.04268473397,12695.0098376152,7579.42500748046,2.14239993441274,2.14419016432993,0.0211064706340763,0.0303506504239904,2.13770486312573,2.20151996455637,0.00152304612949117,0.00146554987124464,1.9375723976425e-07,0.000730326880039855,0.00238016834659825,7.19547080824689e-06,6.96335425897565e-06,2.7786641121738e-12,4.3803590007673e-06,1.07716641112531e-05,-3218.13470062941,0.0949928025874394,0.0770078621175488,0.9775,0.434389242226228
"sinusoidal",1600,"stan",22,5784.344,11989.1225835939,12346.1588475095,44.8917964231694,142.08535586243,11845.6482196906,3337.24180485294,12495.04663628,8476.60015243057,2.07268492046703,2.13440951082949,0.00776091401603524,0.0245637804152779,2.04788100771506,2.16014929891444,0.001463430451648,0.0013773553630233,2.30856634320292e-07,0.000670119423501043,0.00234937354316143,7.28119072305145e-06,7.01215673635545e-06,3.12926097217928e-12,4.37159691164955e-06,1.09600808868756e-05,-3184.75129277739,0.0981404693051243,0.0764074647763632,0.975,0.430581538682013
"sinusoidal",1600,"stan",23,5736.074,13446.1654994307,13205.4522311555,116.019426538251,157.496293673635,12737.8813388417,4168.63553259455,12869.836650639,6953.60929642128,2.34414087046832,2.30217605825091,0.0202262778580351,0.0274571586199263,2.22066196127206,2.24366642596295,0.00161127023690284,0.00154275645760673,2.24416073078954e-07,0.000834345131110056,0.00251435263774789,7.29015831227913e-06,6.99449006812935e-06,3.36339953703262e-12,4.38003203162545e-06,1.10979721385954e-05,-3147.19650051709,0.10369231250851,0.0775152311721922,0.9625,0.4436624868424
"sinusoidal",1600,"stan",24,5719.877,13222.1567915456,12914.0049553321,135.310086393045,158.175920868684,13068.7829430017,6628.8541861773,13532.3146554623,9432.04134669511,2.31161558046538,2.25774172335037,0.0236561181985287,0.027653727670837,2.28480139398132,2.36584014926584,0.00143395553026511,0.00135695514025777,1.73577965823778e-07,0.000757636321492943,0.00227579717832599,7.02589242717367e-06,6.80770748315634e-06,3.00956455302244e-12,3.92499257076295e-06,1.0519696962529e-05,-3176.82727329843,0.0868918009464057,0.0667752429487735,0.995625,0.428845619831568
"sinusoidal",1600,"stan",25,5745.281,13428.2791921107,12049.176323893,74.2844431134751,129.063997952311,12817.8642091685,2992.48195755941,13522.7673412854,8506.09765080402,2.33727109119826,2.09723011353022,0.0129296448882962,0.0224643490809781,2.23102476783442,2.35371731013424,0.00151623891397131,0.00142147445221258,2.50545015062757e-07,0.000713110938907206,0.00254900020838056,6.94891481429791e-06,6.76337837864404e-06,2.41943895824615e-12,4.22890364758131e-06,1.01924301801538e-05,-3188.14809462887,0.0812729040127764,0.0612119260871168,0.991875,0.436460128142572
"sinusoidal",1600,"stan",26,5723.894,12297.1908098782,13335.246988682,77.862322025194,128.811500097386,12338.4197725361,5888.35293494651,12863.9437228925,8761.22854421251,2.1483959713227,2.32975086343004,0.0136030335336738,0.0225041728755609,2.1555989283757,2.24741124187354,0.00142893615844009,0.00137474476206795,1.45294980512944e-07,0.000766422558159503,0.00216523962653946,7.24021429478302e-06,6.90917971382393e-06,3.36740794950595e-12,4.24701698120499e-06,1.09944721864217e-05,-3194.05376944606,0.0989667473199631,0.0769646854060173,0.9875,0.430331631580981
"sinusoidal",1600,"stan",27,5307.474,13451.6435817759,13003.9902485375,149.587645465735,170.663883226097,12048.2581411104,6915.35422226648,12419.6368858204,9354.11302153238,2.53447187527925,2.45012792310192,0.0281843388146102,0.0321553875207107,2.27005504711099,2.34002783354574,0.00144085373091922,0.00137745179869805,1.84690780067606e-07,0.000688698513474739,0.00229043313989597,6.97675492711568e-06,6.77381964176516e-06,2.33171177244742e-12,4.39341987161831e-06,1.01136889404282e-05,-3208.24452095065,0.0848666848276427,0.0658420142607628,1,0.433667765374235
"sinusoidal",1600,"stan",28,5724.443,12443.5624284021,12899.2919263326,138.296318548972,111.199425422561,12276.6709382456,6396.41794063258,12619.938427543,6762.68273682593,2.17375951309186,2.25337066441794,0.0241589126748178,0.0194253703674856,2.14460532461334,2.20457054556103,0.00138757745316156,0.0013431252435123,1.32102120916152e-07,0.000693706595217899,0.0020926363138137,6.91772982867587e-06,6.63184933497583e-06,2.96051740287694e-12,4.11452057883484e-06,1.03766195818658e-05,-3168.30994205718,0.096808290082594,0.0774101011070464,0.985625,0.426972159221576
"sinusoidal",1600,"stan",29,5690.023,12772.253124809,13163.3640514472,146.029433425889,142.732839351779,13280.6166912539,8586.3522763589,13817.8298925784,9727.70206497805,2.24467513133234,2.3134113959552,0.0256641200617096,0.0250847561339873,2.33401810348638,2.42843128974671,0.00123593231383281,0.00117257380822285,1.17220160194587e-07,0.000657380981682939,0.00193657022786841,6.6296582111077e-06,6.40103119992384e-06,2.58342096220807e-12,3.9159206117715e-06,9.75723741854061e-06,-3171.57763770438,0.0715387599717051,0.054717639435679,0.985625,0.417099825716102
"sinusoidal",1600,"stan",2,5782.274,11357.8698011238,11296.5465789081,88.109128859603,147.460066047376,12421.8235274478,4903.8079631413,12763.8900628391,6570.05789268548,1.96425658851929,1.95365120693141,0.0152377989800558,0.0255020889787263,2.14825923632256,2.20741702362066,0.0014292342958885,0.00136911625705713,1.63775300410313e-07,0.000748416106781656,0.00225717850003307,7.02915915940633e-06,6.80415720764365e-06,2.77013549372327e-12,4.13392119545756e-06,1.03943689481973e-05,-3168.71315677037,0.0988280428703798,0.0824210700063766,0.990625,0.431767515936323
"sinusoidal",1600,"stan",30,5775.251,11667.685151116,11226.3419275333,81.808125875868,140.164772245774,11878.3570536087,2615.98853534403,12080.6384416933,7932.80386366306,2.0202905728454,1.94387082527379,0.0141652935735378,0.0242699013853724,2.056768970493,2.09179452835787,0.00143741992627408,0.00139102050625571,1.53905887547056e-07,0.000723171793522263,0.00218509416793621,7.17200883919601e-06,6.91068180063608e-06,3.4025590433967e-12,4.07793909474186e-06,1.07048838042704e-05,-3172.45176529213,0.0864586281359216,0.0718283077863719,0.995625,0.427410185559403
"sinusoidal",1600,"stan",31,5683.682,14420.1235644322,13384.0854362126,104.216982432377,137.856044751095,13236.8049525835,5421.39145952699,13597.8794400034,5125.08530313011,2.53710949423845,2.35482657830128,0.0183361740562503,0.0242547075559638,2.32891371343145,2.39244198391172,0.00152415795269395,0.00146985932316891,1.62259856676753e-07,0.000811738054009747,0.0023710764464835,7.37328114413987e-06,7.04076853374078e-06,3.53086262909319e-12,4.34795478280962e-06,1.11089172234323e-05,-3152.10698529969,0.0962523890310599,0.0723732420460309,0.959375,0.438059606220626
"sinusoidal",1600,"stan",32,5728.652,13502.9007624362,13286.304167934,139.990417942313,85.9224288710004,12844.6511033266,3367.60527166927,13255.2360392872,6827.35233845885,2.3570816943386,2.3192723467814,0.0244368863638973,0.0149987167785721,2.24217688617262,2.31384905895614,0.00169824414003331,0.00162873804148503,2.47171993222035e-07,0.000827049602052435,0.00273537744240172,7.12911828241269e-06,6.93251676182746e-06,3.27136705917277e-12,3.92508113337645e-06,1.05632834280092e-05,-3180.60500802743,0.0921036146367368,0.0790995858939051,0.98625,0.442874923531357
"sinusoidal",1600,"stan",33,5808.84,12951.1815273642,12859.4884077025,110.760665702378,137.987603552921,12279.2940904233,8057.39045012359,13239.8443397134,8775.51419441583,2.22956416898455,2.21377906909168,0.0190676048406184,0.0237547605981437,2.11389779894493,2.27925787932072,0.00122270841579054,0.00117506219424118,9.96503304111783e-08,0.000662968729806097,0.00185547655472316,6.89016230715102e-06,6.68149883303087e-06,2.54690642200909e-12,4.1295380596314e-06,1.017672325014e-05,-3152.53576321678,0.0935171148768721,0.0735529717305902,0.995625,0.422580337475862
"sinusoidal",1600,"stan",34,5783.096,11811.2050335972,12079.1625404919,88.9243266697584,148.826596339828,12292.5475054992,7146.80648561052,13017.5305038999,9032.39755861565,2.04236710467839,2.08870171625922,0.0153765952821393,0.0257347615083388,2.12559976619776,2.25096220154394,0.00130178808343103,0.00124300519285369,1.55947351480155e-07,0.000649638914376722,0.00207430279367772,6.65951009611572e-06,6.48754570071213e-06,2.33204798034539e-12,3.99875193417763e-06,9.70360662732649e-06,-3190.8090448242,0.0749282371668088,0.0608604222149297,0.9925,0.424715646750497
"sinusoidal",1600,"stan",35,6556.184,8567.9269488637,9299.99107399731,102.325219672651,69.2018746134631,9744.27968973811,2002.42494461093,9771.92694417831,7600.01441343136,1.3068466273771,1.41850672189757,0.0156074356169154,0.010555206292786,1.48627306520655,1.49049003874484,0.00156922057507886,0.00150103766458166,2.12145170332845e-07,0.000804352106229575,0.00251193856559006,7.37761435099752e-06,7.15584804431592e-06,3.37001719728648e-12,3.90759683322107e-06,1.08671964960236e-05,-3179.36019454938,0.082572544454912,0.0650631091806762,0.986875,0.437323601578064
"sinusoidal",1600,"stan",36,5674.708,13492.7966352275,14687.8128568827,150.524182177287,195.240652785514,13473.0437843012,8277.96990890515,13783.3358989378,7963.47161646951,2.37770765213426,2.58829403325822,0.0265254497988773,0.0344054095445112,2.37422679445378,2.42890663254176,0.00127353435765235,0.00122370487728917,1.05599161898332e-07,0.000722612458500738,0.00195611608680242,6.98408548989483e-06,6.73651124545765e-06,2.89623178801735e-12,4.24582004967633e-06,1.0173145524774e-05,-3186.8102361495,0.0967735464255215,0.0745889733667891,0.9875,0.421063889625042
"sinusoidal",1600,"stan",37,6110.096,9785.78338090257,10055.5374760706,141.308098189931,173.15729493498,10031.392413334,6287.7170566271,11176.0158915942,7813.38130819481,1.60157604412477,1.64572495686984,0.0231269849426148,0.0283395375350861,1.64177329019609,1.82910643164922,0.00126651743737015,0.00125108490633441,9.40960240747585e-08,0.000669081796890751,0.00183457433424357,7.06651205354909e-06,6.91236364241421e-06,2.1632988140351e-12,4.33820750605982e-06,1.00595107915213e-05,-3117.05020212372,0.0929707006310022,0.0764190415446442,0.99375,0.42417515751805
"sinusoidal",1600,"stan",38,5770.157,11792.5591623813,13293.046572828,104.158814135272,169.168033853063,12611.2087226189,5594.55495036458,13305.2567144514,10485.78788322,2.04371547643874,2.3037582119218,0.0180512963746518,0.0293177523337862,2.18559195575075,2.30587429673948,0.00145910051595951,0.00141420646882744,1.90231138431051e-07,0.000656524970357027,0.00230593263224516,6.65745625036828e-06,6.49987261557355e-06,2.07045932564292e-12,4.06572260527199e-06,9.56194448102466e-06,-3145.84112001676,0.0885860000004261,0.0661723508996238,0.990625,0.435137876455998
"sinusoidal",1600,"stan",39,5702.873,13242.2935724762,11682.6993376789,155.550774400444,133.562178858552,13540.568054204,8461.82273746495,13821.9478210038,10319.6819542755,2.32203900954417,2.04856382698315,0.0272758615526673,0.0234201566225572,2.37434150369543,2.42368150597142,0.00119535497980226,0.00114676250877701,9.9269519106039e-08,0.000624017733681245,0.00183203644082786,6.47148169643739e-06,6.24503705551581e-06,2.46897036838893e-12,3.71770000118475e-06,9.58273785751091e-06,-3194.46392597822,0.0773779165037649,0.0556194184989824,0.970625,0.413853387426939
"sinusoidal",1600,"stan",3,5941.359,9632.75451881973,10262.9317451471,48.2963578382751,130.026134411005,10348.2127706244,4539.59607604142,11065.8624680318,8106.15400093363,1.62130491000792,1.72737108549528,0.0081288401926689,0.0218849146148221,1.74172487651805,1.86251368887687,0.00137384936459231,0.00129871778263121,1.77620196435171e-07,0.000654444525502255,0.00221925029915627,6.97593971352351e-06,6.70232489597051e-06,2.82254983377084e-12,4.17405187467112e-06,1.03371423780353e-05,-3143.94606285301,0.0818808839512311,0.0688215678241133,1,0.42843508299098
"sinusoidal",1600,"stan",40,5796.433,11544.7980153189,11612.2162511198,96.2289360122553,161.559159396876,11842.6117594469,6296.9147825942,12478.6001952948,9400.43202752918,1.99170731643389,2.00333830324957,0.0166014057287051,0.0278721688660727,2.04308611165641,2.1528067684548,0.00136064614185715,0.0013241329995715,1.36504436067526e-07,0.000719486283345647,0.00210041027618605,6.76975478182126e-06,6.57321663480841e-06,2.43612686606614e-12,4.01648114368523e-06,9.82951926903045e-06,-3169.67326397137,0.0838071744862205,0.0663765054269676,0.98625,0.425824557770835
"sinusoidal",1600,"stan",41,5761.631,10697.7849932461,10472.7673147314,113.500338766333,146.451599595891,11571.1588914694,5438.16279143892,11612.8675078562,5468.38576695569,1.85672858835391,1.81767407783168,0.0196993418645403,0.0254184274549847,2.00831307861774,2.01555210804999,0.00153455437072157,0.00148562558677234,1.69768748786037e-07,0.000848620015984929,0.00238329671951711,7.89270141141693e-06,7.75487956142638e-06,3.50415924496764e-12,4.38887593239998e-06,1.14620572504641e-05,-3089.3800001727,0.109503083354752,0.087980669767605,0.963125,0.441046988963087
"sinusoidal",1600,"stan",42,6072.262,10663.6802998741,10100.6670288569,12.6741893897773,86.6309156200798,10058.6589020593,2375.22297359836,10839.5611023583,7663.92728862599,1.75612980794869,1.66341093794321,0.00208722703166914,0.0142666630030259,1.65649290199588,1.78509443471943,0.00138066966541918,0.001289905235925,1.86259732303439e-07,0.000726384779842512,0.00224610107411574,7.09504705365743e-06,6.73399243211061e-06,3.63867902544531e-12,4.02601299079556e-06,1.08479362229658e-05,-3122.09234441298,0.0931106238115472,0.0704482646999616,0.983125,0.433479867933798
"sinusoidal",1600,"stan",43,5842.625,9635.97715001142,9611.37057818553,108.006008203061,114.612829605745,11249.6592901494,5592.31225778042,11902.4216014594,7676.40289817897,1.64925476990418,1.6450432088634,0.0184858703413382,0.0196166670983924,1.92544606065756,2.03717021055765,0.00138128922107436,0.00132575825624009,1.67413988721676e-07,0.000694478753433892,0.00214761290350476,6.94554005517512e-06,6.65526685751048e-06,3.07256119286275e-12,4.0905973126207e-06,1.05430197101858e-05,-3144.34055399628,0.0951075631743558,0.0753514850533474,0.979375,0.429277821487833
"sinusoidal",1600,"stan",44,5642.193,12338.1956050587,14307.3700986852,85.6168099310537,117.564821046622,13247.0155864298,3027.37939896738,13791.6343938893,6070.66208310816,2.18677305172984,2.53578176051142,0.0151743851958013,0.0208367244875568,2.34784871528319,2.44437480140954,0.00142623440049647,0.00136482615672384,1.75508815328302e-07,0.000707953269340773,0.00226140707202736,7.11121057564512e-06,6.88394392266869e-06,2.96543656504723e-12,4.20102469418184e-06,1.06688701622334e-05,-3145.57889666498,0.0846922205118204,0.0669947532817961,0.9925,0.430474638259702
"sinusoidal",1600,"stan",45,5981.409,8456.02242722842,9157.38879927495,119.63297320421,145.35642804721,10349.0841810749,6291.29821210194,11192.0118070294,6048.46442836356,1.41371747480041,1.5309751931819,0.0200008013503524,0.0243013691334617,1.73020841428414,1.87113300679311,0.00126119750640185,0.00122361580743109,1.15198034781668e-07,0.000679545775672178,0.0019156528564773,6.7269933233429e-06,6.56811723951897e-06,2.06495782019204e-12,4.18147876436977e-06,9.52284557747005e-06,-3165.25513053166,0.0953003298726789,0.0724071771720309,0.98125,0.422027351631397
"sinusoidal",1600,"stan",46,5740.082,13378.8844521866,11285.6955103447,99.9445268257856,140.97320171275,12872.4734399288,6517.00498625104,13292.9913221616,7643.84157460501,2.33078280975544,1.96612095617183,0.0174116897329665,0.0245594403900066,2.24255915506586,2.31581906358857,0.00136252067717569,0.00131347150901866,1.38862487122496e-07,0.000746832275053491,0.00214615847371144,6.99226338946688e-06,6.81343416028222e-06,2.31720712611543e-12,4.42811736959131e-06,1.00326441993487e-05,-3198.46049460678,0.088283650183367,0.0674498948634018,0.976875,0.424304363648639
"sinusoidal",1600,"stan",47,5733.004,10404.7877918568,10843.7707409952,105.110441750559,117.651062758976,12004.6954467855,7177.77726884544,12385.5961124676,9511.28044132893,1.81489281916719,1.89146401101329,0.0183342697389639,0.020521713007522,2.09396251019283,2.1604024892478,0.00149127361282499,0.00142764126561787,1.83836882525303e-07,0.000784178323793057,0.00229433854839407,7.29123491937029e-06,7.04310775749045e-06,2.99018883798814e-12,4.28822440142335e-06,1.07612628025368e-05,-3165.87478866313,0.0916676530801346,0.0747316044397241,0.99625,0.435805655505333
"sinusoidal",1600,"stan",48,5593.117,12452.5512555325,13137.2081898613,112.261124192037,154.896486200464,12872.7169351504,3002.88965675882,13353.8086914785,7925.79801103939,2.22640635901815,2.3488169816332,0.0200712990970933,0.0276941258694328,2.30152827755086,2.3875432413587,0.00179744951830035,0.00169793531786055,2.85649622567044e-07,0.000934445832750144,0.00291146179961944,7.58652524501543e-06,7.31133578073003e-06,3.33638058777814e-12,4.35088065508283e-06,1.10607832568328e-05,-3178.68848240195,0.1020294433518,0.0774825847758677,0.9725,0.450419899603744
"sinusoidal",1600,"stan",49,5739.523,13250.0369182568,13700.3382523453,88.5885744355477,107.663448478902,12944.8880776466,6182.7372225677,13543.1934227162,10575.4451484903,2.30856064489275,2.38701687445895,0.0154348322039214,0.018758257172051,2.25539440780124,2.35963745118125,0.00129124091982606,0.00124700064194333,1.25370329135026e-07,0.000687225302333216,0.00200608805390352,6.73061852163139e-06,6.49018270170076e-06,2.73305200224861e-12,3.98268529628657e-06,9.91975447398728e-06,-3162.36205282507,0.0877085646339809,0.0693145475255159,1,0.424988386958363
"sinusoidal",1600,"stan",4,5715.237,14104.4672690627,13319.9868086495,157.359065851481,197.448025434517,13469.4143598813,9434.26007560295,13754.9584966199,9600.6902543573,2.46787093327236,2.33060970326332,0.0275332529257283,0.0345476531304856,2.35675517216194,2.40671707868281,0.0013328849884771,0.00128357001633364,1.17198301412899e-07,0.000750374778766118,0.00203409699563661,6.82427124483212e-06,6.64276080561019e-06,2.2849867998837e-12,4.10577782118783e-06,9.6544569392542e-06,-3185.7572495827,0.0960848518909681,0.0720498134243817,0.966875,0.424534989912014
"sinusoidal",1600,"stan",50,5744.027,11946.5323646186,12654.8506105116,106.964926174013,137.048997505147,12276.5839928743,5545.21948635858,12971.7994578133,9203.78674722649,2.07981828160255,2.20313215980907,0.0186219400037662,0.0238593929842508,2.13727825319664,2.25831101730777,0.00132415201181695,0.00126240812601883,1.36585069021712e-07,0.000724325639057648,0.00202633464644517,6.99396966356776e-06,6.76244094230173e-06,3.07173031125939e-12,3.98642286753413e-06,1.04134090174619e-05,-3144.71294934997,0.0936251855061956,0.0716246646689533,0.97125,0.422921121172218
"sinusoidal",1600,"stan",51,5798.13,11523.4916731483,9894.54309127679,94.8478082238087,203.645384993534,10819.9035154562,5629.31251423978,11358.2961265674,7929.1957668764,1.98744969035677,1.7065059064348,0.0163583445393271,0.0351225972845614,1.86610226322215,1.95895851361859,0.00146412422139626,0.00138637623723038,2.04939136092021e-07,0.000738440544312116,0.00241074799945908,6.72582601096786e-06,6.54141401992916e-06,2.09458970435742e-12,4.18096966461559e-06,9.70620977434602e-06,-3155.89843054259,0.078069521465612,0.0634865551162434,0.99625,0.432622205812889
"sinusoidal",1600,"stan",52,5677.958,10949.4025097945,11172.6822718901,85.0123945384199,119.087510466968,11958.3022565509,5082.97452749154,12528.4652729108,6388.47802407419,1.92840498464316,1.96772893915209,0.0149723535359754,0.0209736511730041,2.10609205924927,2.20650897257619,0.00149480308405486,0.00144451621289743,1.77714333147727e-07,0.000784308726639063,0.00230309721845412,7.46688184846416e-06,7.16321092139839e-06,3.86839282130873e-12,4.19017010677424e-06,1.11596481667731e-05,-3114.54190723116,0.109637449230349,0.0870473662315386,0.984375,0.440878309280014
"sinusoidal",1600,"stan",53,5681.92,12257.819096944,12445.958624562,99.970494826341,127.756847291201,12925.6703847264,4737.17491174062,12818.2103422443,7960.87237189598,2.15733750157412,2.1904494650685,0.017594491796143,0.0224848021955961,2.27487722191202,2.25596459334948,0.00168035842488409,0.00162679394953058,2.24856849364838e-07,0.000855752672284142,0.00262226393875624,7.2192101685111e-06,6.96543249677597e-06,2.98235184895401e-12,4.23637387309883e-06,1.06570606710672e-05,-3182.87615927743,0.0912946735169606,0.0751545505009285,0.989375,0.446141193408782
"sinusoidal",1600,"stan",54,5872.473,10381.363183645,11193.106431707,69.3347951286193,100.94056506213,10478.3434438601,3151.18395966252,11056.2305827641,7237.63004787988,1.76780092197018,1.90602944137964,0.0118067456638148,0.0171887661402836,1.78431530359699,1.88272139910462,0.00137723188642193,0.001310444798733,1.61852911939963e-07,0.000719175676473089,0.00219039868515139,6.99158936926969e-06,6.6617530309814e-06,3.36789739977073e-12,3.98893291637602e-06,1.05432974454328e-05,-3155.27729006625,0.0755652805617658,0.0597578527779496,1,0.427607468467181
"sinusoidal",1600,"stan",55,5544.671,12733.7925454234,13368.5295987674,104.756106648928,178.199250998613,13397.1272587687,3845.49317535307,13756.1701873711,10648.2662563201,2.29658216789119,2.41105912303315,0.0188931149655097,0.0321388322226175,2.41621680687073,2.48097140251804,0.00132309153769834,0.00127268616723624,1.44048510285129e-07,0.000689707752971447,0.00209435014215415,6.70620210032846e-06,6.49656969563636e-06,2.37292248875798e-12,3.97739295381096e-06,9.73418208589411e-06,-3176.7325524011,0.0855919225935611,0.063290313599038,0.985,0.427756157585722
"sinusoidal",1600,"stan",56,5653.411,11820.4343200514,12545.7685141532,127.699928679631,145.456490729387,12395.4806031069,5446.99461951011,12766.496006607,7928.97877676077,2.09084998774217,2.21915026417736,0.0225881204603081,0.0257289786165179,2.1925666828587,2.25819350593951,0.00151800399740043,0.0014595531660264,1.77820868257796e-07,0.000773452666022579,0.00239939064423609,7.0328579296642e-06,6.78362253205574e-06,2.95209099678672e-12,4.13487292846146e-06,1.06067280670286e-05,-3143.65644192544,0.0862251378155074,0.0686603222657998,0.999375,0.438902975330625
"sinusoidal",1600,"stan",57,5816.059,10892.131425028,11139.6415038041,65.8152140735943,132.643709283521,10861.2989542671,6154.42803941202,11762.1633946769,7616.83460768885,1.87276838577945,1.91532470764208,0.0113161187108993,0.0228064586833663,1.86746712065114,2.02235971036004,0.00141787051362213,0.00134683527374937,1.85421280190118e-07,0.000705847888573758,0.00224937438572069,6.7984179745981e-06,6.55006894950634e-06,2.71248748760213e-12,4.11486175848632e-06,1.01312503452358e-05,-3171.05719765585,0.0934225898805931,0.0718561867003905,0.9925,0.429676575994402
"sinusoidal",1600,"stan",58,5780.188,9777.09880668312,9169.46234030912,127.963978455296,149.327833608001,11140.3789767133,3414.16457562986,10477.6960924483,7676.55534865452,1.69148456878619,1.58636057171655,0.0221383765468003,0.0258344250408466,1.92733851852453,1.81269122949777,0.00182630288791124,0.00177125601062095,2.2950565646294e-07,0.00097430568035281,0.00279671189537405,7.30563089435224e-06,7.09279040311103e-06,3.12149596196704e-12,4.05809102775e-06,1.05167015427119e-05,-3164.21828728072,0.082195002842124,0.0655425412357885,0.99875,0.450245877591256
"sinusoidal",1600,"stan",59,5722.629,11518.3128758473,11205.3289731646,108.083968811773,170.48943313036,11993.9528991786,5785.08940035035,12544.1894708696,9969.02464703849,2.01276596400837,1.95807363593982,0.0188871179333438,0.0297921520214502,2.09588161301014,2.19203262536669,0.00134004318207792,0.00129169884885732,1.38174087184021e-07,0.000672403948420764,0.00207763352316218,7.00607795102668e-06,6.76750900071483e-06,2.75629694068147e-12,3.96570666386868e-06,1.01884790332969e-05,-3175.56223697525,0.0862836051100017,0.0652232038218109,0.985,0.425652930570537
"sinusoidal",1600,"stan",5,6008.146,8641.70509581777,9307.15031843697,99.2088798188725,157.135166794951,10303.455509567,4698.07031351532,10690.9181106643,6932.4315818772,1.438331408028,1.54908857381911,0.0165123949749012,0.0261536864774842,1.71491430294254,1.77940384782,0.00147733869684685,0.00141545474757649,1.66238327353749e-07,0.000770226578598705,0.00229644738661258,6.98809489239637e-06,6.79217666144076e-06,2.46427799119463e-12,4.2805125502608e-06,1.02868394901651e-05,-3164.25764496422,0.0920010427298612,0.073209091316281,0.985625,0.433767393504974
"sinusoidal",1600,"stan",60,5854.976,10523.8434851822,11802.6714545798,126.954654728969,136.600901125543,10510.1235898363,5582.54835161401,11193.303172313,8521.46059270828,1.79741872301137,2.01583600933289,0.0216832066824816,0.0233307363045626,1.79507543495248,1.911759018707,0.00140994614564507,0.00134876849837829,1.55422706763311e-07,0.000717511452990436,0.0021748611040766,6.87218385719792e-06,6.68610289948863e-06,2.23303065338687e-12,4.08929964053857e-06,9.86482008551741e-06,-3160.35027209069,0.0837931106319312,0.0687644663634412,1,0.429352644592033
"sinusoidal",1600,"stan",61,6161.022,9689.36266181827,10439.7101990371,88.3271777441768,120.750610205129,9732.96139113297,5462.28549987103,10715.5398261763,8061.80306799877,1.5726875608979,1.69447702005237,0.014336449008651,0.0195991201143462,1.57976410263313,1.73924712915752,0.00126896160655533,0.0012215190068936,1.26822976625193e-07,0.000644140375305735,0.00195998911009873,6.85337296614397e-06,6.64032352902911e-06,2.60008884817179e-12,4.15738800049109e-06,1.02630028975872e-05,-3153.13602619345,0.103134271630727,0.079879055332144,0.964375,0.422421120827477
"sinusoidal",1600,"stan",62,5579.736,13810.1180852197,12979.8951082127,90.921536098457,143.934709834907,13019.4909979623,4843.06110337461,13305.7614215428,6490.3148812864,2.47504865556716,2.32625613617073,0.0162949530405125,0.0257959713210279,2.33335250950265,2.38465788014752,0.00163128380897541,0.00156758572875658,2.42596230653302e-07,0.000807500079727513,0.00260998857817825,7.40247674005657e-06,7.19201909618394e-06,3.20103287637101e-12,4.34842114499357e-06,1.10259868671488e-05,-3195.64373209891,0.0990028640396706,0.0805758530623561,0.989375,0.439273904583499
"sinusoidal",1600,"stan",63,5786.851,10681.2279114427,11986.5258352205,120.179170631108,116.333834200295,12473.5462691507,5772.99800179414,12890.7328037454,6650.21554509108,1.84577551961208,2.07133825205115,0.0207676283061561,0.0201031328092419,2.1554980885374,2.22759023927615,0.00138454419061324,0.00133498843988566,1.4108257288315e-07,0.000721960099737059,0.00210969983884613,7.49268922450802e-06,7.23807033871461e-06,3.41691912190885e-12,4.18587687746388e-06,1.10288574437323e-05,-3131.03973428256,0.101741011374877,0.0789313490609019,0.96125,0.427219015643019
"sinusoidal",1600,"stan",64,5770.649,11460.7503376888,11603.1055250048,138.414638483931,172.827728309062,11227.4207414901,5368.25755132615,11729.43344405,7366.22892671207,1.98604183648819,2.01071067136553,0.0239859742784444,0.0299494438682828,1.94560797953404,2.0326021291626,0.00140212741440026,0.00135494642448332,1.29397128898129e-07,0.000780100598619915,0.00212062404285586,6.88153376080364e-06,6.73175823847492e-06,2.31746321384664e-12,4.04070855820804e-06,9.7889082292549e-06,-3137.17154586564,0.0890259640347722,0.0691207378757163,0.985625,0.430847846158173
"sinusoidal",1600,"stan",65,5724.163,12916.8038992461,12750.2352877909,80.0412446255521,153.661911135242,12540.1182406805,4083.2683422209,12978.2438829506,8204.3263336481,2.25654019622538,2.22744098792974,0.0139830477618391,0.0268444331748139,2.19073395371175,2.26727364034718,0.00139139797113435,0.00132846332952169,1.60673539462573e-07,0.000700273744255929,0.00216226712907512,7.19024245136066e-06,6.90353944186537e-06,3.14187470528491e-12,4.09441037691044e-06,1.05751971076036e-05,-3178.78933587523,0.0922419577878854,0.0713267508243019,0.9925,0.42957055336725
"sinusoidal",1600,"stan",66,5875.475,10858.5393753898,12743.5945881842,141.302705038313,138.402023863457,10872.0816407512,6377.90275785383,11786.1432347755,8666.49790721127,1.84811259947321,2.16894712141302,0.0240495798277267,0.0235558867774021,1.85041747956569,2.0059898535481,0.00132307241426499,0.00128211129682012,1.21397383918035e-07,0.000726720184880203,0.00199902382593515,6.81464066845074e-06,6.59220099013657e-06,2.60114963443336e-12,3.93484408323005e-06,1.0056114764513e-05,-3189.73507553212,0.0764430146309854,0.0611226578022266,0.985,0.424684796868992
"sinusoidal",1600,"stan",67,5798.19,10292.5137332075,9917.14603107846,101.868516863754,142.400539088616,10752.6307114764,3649.64534578395,10942.1538193302,6668.4628742762,1.77512529482605,1.71038652253177,0.0175690201362416,0.0245594813361783,1.85448057264015,1.88716717101893,0.00157126121155089,0.00152089000709065,2.1745775984329e-07,0.000781902534885685,0.00251431675774524,7.20751835795307e-06,6.97227218582351e-06,2.85673216726463e-12,4.23528571736357e-06,1.05397214811588e-05,-3152.83389870078,0.0882798709275968,0.0691441770423853,0.996875,0.43942848784157
"sinusoidal",1600,"stan",68,5572.272,14106.4239463743,12830.7103297203,78.8395830102862,139.543017871018,12679.9117459467,2210.07263901189,13525.9226405769,6777.08705410527,2.53153901072566,2.30259942976945,0.0141485525132812,0.025042391661968,2.27553711411551,2.42736223941992,0.00189965415376103,0.0018044001690483,3.47058868353651e-07,0.000932596087233897,0.0030346694888311,7.44926330513408e-06,7.21664088935734e-06,2.960018003997e-12,4.68652476919003e-06,1.104834934073e-05,-3140.76520036875,0.09626363679977,0.0782891319215599,0.99,0.455676338535463
"sinusoidal",1600,"stan",69,5799.223,11025.6220492217,11933.237817862,120.568477715245,182.820486283486,11081.7764204335,6364.80978629888,11756.4124436926,8957.32612530686,1.9012240172902,2.05773046110867,0.0207904537754877,0.0315249967596496,1.91090710262969,2.02723924285937,0.00132801109088241,0.00127808713300137,1.14689517033799e-07,0.000714267688945546,0.00203910695477374,6.6971066921334e-06,6.47808391661238e-06,2.43836096665819e-12,4.04194288014282e-06,9.73922850507558e-06,-3170.84157169551,0.0904185631980697,0.0708074682006006,0.994375,0.424269895183476
"sinusoidal",1600,"stan",6,5692.333,14960.4593199641,13303.845505701,126.036847142556,134.116773363422,13389.5969971186,3075.46312131244,13946.15820606,10497.2113667793,2.62817711471976,2.33715165744889,0.0221415098418445,0.0235609500293504,2.35221604166844,2.44998987340691,0.00136112837068793,0.00129139181546627,1.67237709985222e-07,0.00067466576985546,0.00217981402527652,6.88728362017132e-06,6.66434916153921e-06,2.69767441045418e-12,3.92289277585305e-06,1.01638811225343e-05,-3146.61187782543,0.0675971865234463,0.0538273242356047,1,0.42549109474567
"sinusoidal",1600,"stan",70,5738.529,10188.3428864605,11258.7263670454,113.443135824463,156.473853340761,11606.8679358392,6912.68952029027,12437.5575227338,8282.49182150534,1.77542762029441,1.96195337987233,0.0197686786673837,0.0272672410195647,2.0226207684651,2.16737730570566,0.00135872303258106,0.00131476207088794,1.28627319243478e-07,0.000729815828935467,0.00208195156905671,7.22277333448294e-06,7.00319174651961e-06,2.77223548477871e-12,4.33471526443793e-06,1.07198659591985e-05,-3155.72140656247,0.0981231096021303,0.0791866146397373,0.975,0.429106297408718
"sinusoidal",1600,"stan",71,5698.329,13645.3018408053,12206.8638600296,144.082188137998,155.040515144346,13255.6261075335,5916.99032003678,13742.1567710443,7595.45444969858,2.39461460382602,2.14218306103941,0.0252849893605649,0.0272080666357359,2.32623039272276,2.41161167967738,0.00153358704743202,0.00147974601939462,1.67109329437266e-07,0.000847135426496956,0.0023643852235799,7.20000222259253e-06,6.97743937295019e-06,3.12116020800497e-12,4.1951387798782e-06,1.08274369999022e-05,-3161.2586144659,0.100681552288186,0.0802193115137045,0.99625,0.43635243803223
"sinusoidal",1600,"stan",72,5688.405,13593.3818926134,14256.2056458129,83.8953220237694,109.063548952054,13311.911426283,5667.30934300773,13700.4150474829,5704.17874961473,2.38966492234878,2.50618682140475,0.0147484790593795,0.0191729577890559,2.34018348311749,2.40848094456758,0.00143518350144466,0.001374642808271,1.7204825167042e-07,0.00073087736587389,0.00225648026699978,7.19614704100975e-06,6.90320137986672e-06,3.36505652684665e-12,3.93002995778467e-06,1.07708912829993e-05,-3143.54716548442,0.102499775913202,0.0835499422695705,0.9775,0.434114563693882
"sinusoidal",1600,"stan",73,5735.261,12830.0322714716,13253.9198855965,127.598064462768,94.8507946159392,12886.2592148887,4800.11238162405,13610.6559655963,8135.21265326555,2.2370441853425,2.31095322176209,0.0222479961178346,0.016538182763773,2.24684791413829,2.37315371795569,0.00132724338192572,0.0012785251708362,1.39721989900859e-07,0.000675603363499062,0.00206882535880366,6.83853305380756e-06,6.67845971737168e-06,2.44358680560113e-12,4.20826908462134e-06,1.01194268961296e-05,-3128.96970899156,0.077292209814749,0.058034815190027,0.999375,0.427269614185938
"sinusoidal",1600,"stan",74,5734.466,12215.9239722036,12207.0018773971,107.870599823049,144.604092850824,12071.9494018767,6555.09498340471,12757.4925790179,8286.76259245122,2.13026356285025,2.1287076908987,0.0188109232530193,0.0252166623449898,2.1051566792578,2.22470454598874,0.00135531436086363,0.00129109201730443,1.31695568296838e-07,0.000729062929069599,0.00207555170941819,6.78137718148447e-06,6.58607972116237e-06,2.75668611631638e-12,3.7666660339509e-06,9.91455659969538e-06,-3123.45060882575,0.0816931757502823,0.066421177435392,1,0.427942420432071
"sinusoidal",1600,"stan",75,5747.147,11027.4013374453,11410.0241095276,61.3528272260112,122.74185985935,12321.7235142931,3499.35344529875,12779.0526568034,8587.35331476294,1.91876096738875,1.98533709152169,0.0106753537409103,0.0213570072001551,2.14397222035439,2.22354720643189,0.00144600903381912,0.0013973618545794,1.55379040386689e-07,0.000706864068852353,0.0022009472245177,6.87267514381283e-06,6.57474247710973e-06,3.153998454862e-12,4.00421463210585e-06,1.06253658189852e-05,-3187.70010765752,0.06798444080549,0.0542602847933992,0.991875,0.429963938278127
"sinusoidal",1600,"stan",76,5750.468,13413.1848957275,13690.5824838523,119.042390208766,151.361673610598,13230.508183428,7073.73215391073,13612.0524432242,8846.80768171726,2.33253795964563,2.38077709220402,0.0207013394751116,0.0263216269720304,2.30077068221717,2.36712080533693,0.00141346253906533,0.00137677126405823,1.40619675392654e-07,0.000740293926166902,0.00213850493475997,7.17656136971749e-06,6.81436427009484e-06,3.35276157452881e-12,4.27888336349805e-06,1.09590999084801e-05,-3185.47434074972,0.085153105569419,0.0646150568081436,0.98125,0.432037854147949
"sinusoidal",1600,"stan",77,5742.221,12544.5335647179,11546.8938579806,90.5162378380734,182.105342338594,12250.8863919743,5019.90574344142,12703.3886866838,8024.54609278862,2.18461350838254,2.01087590637501,0.0157632800684741,0.0317133984112758,2.13347525147051,2.21227791244604,0.00136515099954168,0.00132378702369383,1.53643016252046e-07,0.000688267578530105,0.00212136509845222,7.02880856559688e-06,6.8156971846457e-06,2.88751501915572e-12,4.08293771318295e-06,1.04349134685739e-05,-3147.07894518805,0.10185528300179,0.0761068285559234,0.95875,0.427352210721399
"sinusoidal",1600,"stan",78,5740.712,11048.4212723083,10255.054240713,139.45244926262,174.995599172772,11948.411359065,5598.49933343272,12340.3585538562,8702.00725690582,1.92457334078218,1.78637323048309,0.0242918385842418,0.0304832569849823,2.08134659238522,2.14962160684184,0.00157680073150586,0.00151304162898949,2.03003040995534e-07,0.000780155770891234,0.00246849054366215,7.10917814621818e-06,6.9376247014625e-06,2.41541829627237e-12,4.34027039802544e-06,1.00695421589334e-05,-3160.38272922596,0.0926198024619362,0.074929321269769,0.9825,0.437955519537933
"sinusoidal",1600,"stan",79,5817.936,13581.5327813155,12978.6295062513,91.6669086954821,182.506391760736,12477.0702732502,5809.50645229274,12987.8109180989,9863.0936033382,2.33442457622694,2.23079619752629,0.0157559156194709,0.0313696114499603,2.14458706201824,2.23237431936324,0.00122242322632438,0.0011695579967177,1.18815847171033e-07,0.000633666099232176,0.00193129472024494,6.62806526888919e-06,6.46336622884249e-06,2.24367658186802e-12,4.05995972519616e-06,9.7255127099626e-06,-3195.28960465373,0.0843095461403861,0.0632850018464122,0.9775,0.418701847673507
"sinusoidal",1600,"stan",7,6114.776,9382.06743080471,10229.2096145823,67.6199703839098,162.106153687881,10153.9182662634,5825.21056838824,10581.1317373164,7582.79104203599,1.53432724776913,1.67286743039848,0.0110584542073021,0.026510562886994,1.66055441217527,1.73042017194356,0.00140286036775926,0.0013608416706688,1.59051040569991e-07,0.000698960778933962,0.00217112006386143,6.93411667926061e-06,6.6934695384832e-06,2.56299800180185e-12,4.20861101799211e-06,1.0266145356609e-05,-3199.39101622382,0.0743369365607209,0.0599442771736683,1,0.43052635492192
"sinusoidal",1600,"stan",80,5654.555,12619.3991283004,13089.215731381,94.0065765039307,97.4425483314386,12764.1654892477,1776.93484251265,13025.4963597014,8075.46777009718,2.23172276656614,2.31480916383005,0.0166249291949465,0.0172325759200218,2.25732449136098,2.30354048368111,0.00171413442197753,0.00163320814710068,2.80984448025517e-07,0.000831529938061785,0.002768396722224,7.3430176281545e-06,7.03492393660977e-06,3.41164689557307e-12,4.23613096165344e-06,1.12430430464966e-05,-3196.33506962652,0.0859100685013314,0.0684864552052343,0.975625,0.442335758229454
"sinusoidal",1600,"stan",81,5795.97,11223.0861007862,12080.3229891185,179.750480164472,173.144839369099,12487.5121013857,8217.65842274445,13196.3821614312,8626.57012284959,1.93636028150356,2.08426251155863,0.0310130107927529,0.0298733153154862,2.15451634521671,2.27682030124918,0.00120570957837897,0.00116559593481385,8.97664883711851e-08,0.000674338948615367,0.00183551641821293,6.65933564544492e-06,6.44539203677173e-06,2.46372208353305e-12,4.03252737618686e-06,9.9248450025724e-06,-3161.40280118697,0.0796028598454798,0.0634639035473543,0.990625,0.41493041810236
"sinusoidal",1600,"stan",82,5708.92,12327.8507294379,12387.2902514578,107.725829003637,130.997616781623,11851.5652648765,4777.68547254821,12202.9666909871,8104.3086281009,2.15940155571245,2.1698132486456,0.0188697387603323,0.0229461293522458,2.07597326024476,2.13752630812607,0.00153571996809333,0.0014747150293002,2.02782738198593e-07,0.000688756707801741,0.00245746600043857,7.21943316253873e-06,6.99348439566401e-06,3.2676818467734e-12,4.01633474898934e-06,1.07856693997177e-05,-3170.31207387626,0.0751217878980864,0.0607583605110422,1,0.436260917296475
"sinusoidal",1600,"stan",83,5999.417,10849.3828730746,11795.0685956339,76.0294417883084,149.798556015223,10360.223104808,5961.20344358716,10722.4545936645,7581.68978975709,1.80840619564778,1.96603579908413,0.0126728050056045,0.0249688521426703,1.72687164516286,1.78724942668005,0.00137766648630148,0.00133552184585089,1.31604883556256e-07,0.000729567800088199,0.00209611909217568,7.01312592876292e-06,6.72046789775259e-06,3.34647583415606e-12,3.85254521109959e-06,1.06123158607089e-05,-3144.07895334903,0.0692283934477895,0.0552610241092123,1,0.428134743904395
"sinusoidal",1600,"stan",84,5695.348,11045.2989952821,11561.3477988828,92.169283967149,103.549818560073,13093.7619073994,3596.84379654661,13721.7257266143,9526.99694968709,1.93935453905224,2.02996336639707,0.0161832576283572,0.0181814734692372,2.29902754096843,2.40928661894134,0.00156596959860637,0.00148882151895476,2.36344788658666e-07,0.0007380289659644,0.00244762529056601,7.07105624607869e-06,6.81571547649402e-06,3.03303786330224e-12,4.08379925128672e-06,1.05034535478528e-05,-3199.06869748945,0.0905496887747456,0.069860898712905,0.98875,0.441295731460976
"sinusoidal",1600,"stan",85,5849.374,9953.79470787255,11067.9685356496,80.1158896437956,160.770877796877,11123.2471177843,4607.86577564158,11871.4064088704,8449.74747625274,1.70168546375605,1.89216291104818,0.0136964895121761,0.0274851424779603,1.90161325259494,2.02951741654242,0.00136282766153174,0.00131321278112673,1.47245645858487e-07,0.000691137200099489,0.00215166029287282,6.83601245968606e-06,6.63526799970268e-06,2.35086658681166e-12,4.03296204171442e-06,9.89340651422335e-06,-3142.24777130612,0.0718677742710895,0.0599132607035974,1,0.429015378009866
"sinusoidal",1600,"stan",86,5667.707,12400.9271235854,13062.9920600236,118.801536168519,157.035839087764,12983.5038762898,3237.71566911839,13522.5915712251,9175.71083635466,2.18799721361486,2.30481075680582,0.0209611287542773,0.0277071201965388,2.29078600504399,2.38590166556336,0.0013503111622673,0.00128439629421959,1.75626551561224e-07,0.00064128182260628,0.00225095193879118,6.97279739396e-06,6.81659613256766e-06,2.47373300236269e-12,4.14184517119733e-06,1.00599913357976e-05,-3152.97262733142,0.0977825678941307,0.0787386217776921,0.98,0.431161579867306
"sinusoidal",1600,"stan",87,5790.872,11399.7692613099,11759.9057884088,117.288380366211,157.34115778309,12144.0990291556,6136.13156658785,12880.8976017332,8502.76594367304,1.96857558953296,2.03076596899548,0.0202540101674172,0.0271705466435954,2.0971105956332,2.22434507302755,0.001319118706243,0.00126793436641691,1.25603210897385e-07,0.000724609598842755,0.00201938570435384,7.04578676063808e-06,6.77310671788876e-06,2.94402285986745e-12,4.09035218070483e-06,1.0549154719164e-05,-3215.60321567095,0.097559967553602,0.0781676765251141,0.98875,0.419874748028145
"sinusoidal",1600,"stan",88,5783.923,11375.5579728807,11893.1732376839,108.088094945779,101.961614243524,12702.1959559888,7995.10739751518,13090.9739039306,9096.93743156488,1.96675473945291,2.05624681339705,0.0186876787512177,0.0176284529105113,2.19612120631426,2.26333820556232,0.00143160981740002,0.00138842945405329,1.53503044481236e-07,0.000763576033683543,0.00222376924819668,7.06508073915022e-06,6.89828615491458e-06,2.23173479849858e-12,4.52865545619288e-06,1.0041499046403e-05,-3158.00766817025,0.0899638936534175,0.0738080759324647,1,0.432873412205504
"sinusoidal",1600,"stan",89,5778.08,13160.8391656446,12414.3551778001,65.5239900422203,138.594734854481,12884.4741571789,4245.92955939582,13374.0474325818,6897.48003914106,2.27771840570649,2.14852601172018,0.0113400974099044,0.0239862955955059,2.229888502267,2.31461790639482,0.00137559278976307,0.00130364845644358,1.74360156753665e-07,0.000720480555891242,0.00224939356694279,6.8507977327113e-06,6.61757226502406e-06,2.71948293049272e-12,4.12346657624052e-06,1.02554707791795e-05,-3174.35264601717,0.090138836268611,0.0715903288083055,0.99875,0.42926865827415
"sinusoidal",1600,"stan",8,5738.849,11020.5818763054,11514.1122979488,130.470715623309,143.838998942634,11872.6812644038,6658.8582568312,12397.8608140981,8438.81656771849,1.92034707243655,2.00634522670814,0.0227346486417936,0.0250640849659285,2.06882621661658,2.16033926212348,0.00137280018399759,0.00131669960188847,1.65430901900532e-07,0.000685574257930743,0.00217404872715598,7.09643882618571e-06,6.82212662467308e-06,3.17801667997423e-12,4.17260130312724e-06,1.06069184552203e-05,-3141.09566151864,0.0830229305457848,0.0647255987435855,0.9975,0.429001166101476
"sinusoidal",1600,"stan",90,5664.97,14181.2870607775,14573.7505177446,74.5345480854966,166.214017000392,13465.6116247602,6651.8065936457,13899.059210785,10694.759583534,2.50332959588092,2.57260859594043,0.0131570949335118,0.0293406702948809,2.37699610496794,2.45350976453273,0.00139101851313487,0.00134907197352821,1.33871374514469e-07,0.000695507283570322,0.00210081538408302,7.0286512358313e-06,6.73135548959758e-06,2.84349327925432e-12,4.23498349917063e-06,1.03249172792052e-05,-3141.29801085732,0.0827165072767264,0.0642022548417283,0.9775,0.429324880841369
"sinusoidal",1600,"stan",91,5923.041,8663.36446091236,9969.12933021146,90.0987028445263,93.0572956634998,10378.7250682275,6231.7344138809,10846.2005731719,6884.88671715749,1.46265481885274,1.68310996500133,0.0152115615685467,0.0157110672817392,1.75226291160697,1.83118782618116,0.00145775924020658,0.00138545426996306,1.49340352751234e-07,0.000839749920718424,0.00226631757522697,7.32201203515554e-06,7.04573298501745e-06,3.58044807740284e-12,4.1201033491533e-06,1.10480508528387e-05,-3141.55387559707,0.0966266493789224,0.0770145764115508,0.9775,0.432949395580619
"sinusoidal",1600,"stan",92,5764.894,13308.4766013828,13829.9456795458,103.651931640589,198.636141944491,12989.8644235257,4492.95006705461,13454.8839641948,9572.82351325252,2.30853795427683,2.3989939241807,0.0179798503911068,0.0344561655330508,2.25327029838288,2.33393432111584,0.00141734995193918,0.00136955224011657,1.42574533714876e-07,0.000739567297564255,0.00216978389169232,7.25893629847923e-06,7.05881300526057e-06,2.97821129705375e-12,4.22242009033142e-06,1.08426052420928e-05,-3165.04048772028,0.0940999461328733,0.0768921237108428,0.994375,0.433178205098836
"sinusoidal",1600,"stan",93,5779.599,9373.05809805653,10685.6984861167,63.918715194541,160.772219187537,11499.8803641138,6588.39623534247,12127.2494139822,8659.33056090656,1.62174886147924,1.84886503131389,0.0110593685123381,0.0278171927131168,1.98973672120052,2.09828561012315,0.00134930630235467,0.00128999726631005,1.49920825372844e-07,0.000691656797373721,0.00212322558633559,7.18477082775498e-06,6.91706604283141e-06,3.34281978059407e-12,4.1685711507565e-06,1.07924899083033e-05,-3159.59314982075,0.0841448537315288,0.0662940196718505,0.99625,0.428659805034527
"sinusoidal",1600,"stan",94,5855.025,10218.1779802464,9360.80399724546,139.993604549392,135.337646551342,10958.9890694829,4301.41841671686,11528.9280251902,7805.35436047333,1.74519801029823,1.59876413802596,0.0239099926216185,0.0231147854281309,1.87172370220159,1.96906555056387,0.00133920485256425,0.00131012897360692,1.17214867859761e-07,0.000710186706978347,0.00198544487214237,7.13103051582543e-06,6.75094529861923e-06,3.85602666714668e-12,3.93859057514658e-06,1.08132168008025e-05,-3176.86049665783,0.0722763517972821,0.0573059074688068,0.993125,0.426813189200114
"sinusoidal",1600,"stan",95,5681.983,13026.3904736747,12447.4520850819,140.676291357281,77.8517259744248,12815.9031547466,2165.14299503028,13387.3574131627,8130.55655474158,2.29257822025773,2.19068801949634,0.0247583090898515,0.0137015063182035,2.25553352671885,2.35610655877758,0.00159431682410242,0.00153698218847684,2.17574537041485e-07,0.000845638005931278,0.00246437630005089,6.92530729691478e-06,6.70272643183919e-06,2.7212263350721e-12,4.15789344342426e-06,1.03661039029408e-05,-3176.50811673083,0.0839525177581198,0.0656953653314676,0.9925,0.43933113425061
"sinusoidal",1600,"stan",96,5751.199,13765.1155870947,13650.0926879256,123.898265599912,154.742074902773,12899.897626796,4648.433457133,13591.9471854259,8515.11244492976,2.39343406254847,2.37343425047987,0.0215430322616053,0.0269060547031624,2.24299274408623,2.36332409736229,0.00147094177775469,0.00142166427214346,1.59232713298144e-07,0.000763838272950593,0.00224871107299813,7.48646126135359e-06,7.21271005680322e-06,3.08604208588848e-12,4.37551840052556e-06,1.09017579396235e-05,-3158.81896418093,0.0806125186941917,0.0647168344974175,0.99875,0.434450963619582
"sinusoidal",1600,"stan",97,5712.247,13132.1784976916,13522.2909921787,149.391375165137,132.787338285347,13106.1576002229,5253.93141311438,13701.129024097,10284.7440208576,2.298951445498,2.36724549764369,0.0261528213267278,0.0232460778193497,2.29439616323015,2.39855332307881,0.00151307382200688,0.00149313866393035,1.48322732934267e-07,0.000825515735884394,0.00229309526940919,7.1463812039123e-06,6.92050767391741e-06,3.1338963599683e-12,4.10271146251591e-06,1.06320357438268e-05,-3143.93119666907,0.0887881978876077,0.0713053353827348,0.976875,0.437988469614572
"sinusoidal",1600,"stan",98,5944.912,8959.51168768522,8554.12742328106,90.5889197186182,124.618642879231,10486.2706785294,2329.02454924773,10302.2697832856,6863.04311909782,1.50708903473848,1.43889891444668,0.0152380589853337,0.0209622350808946,1.76390679601807,1.7329558088136,0.00172552212903386,0.00165029675099031,2.89487884183673e-07,0.000866883841801664,0.00276455744964578,7.12092976185758e-06,6.97906932204025e-06,2.3638548652221e-12,4.29634065583257e-06,1.02446877779075e-05,-3183.42524169157,0.0895790615961211,0.0713216279957253,0.98875,0.445427350667122
"sinusoidal",1600,"stan",99,6583.507,8015.67053338651,8295.8140653766,72.7563479527242,159.61229592942,9453.24377673014,5151.94165034074,10302.442733298,7539.22646558137,1.21753808925646,1.26009041463411,0.0110513056267312,0.0242442661531946,1.43589788493126,1.56488672880549,0.00126111945955839,0.00120134970279401,1.2543771139099e-07,0.000652788806675537,0.00198236561510352,6.56427277497802e-06,6.33053967643127e-06,2.45629629371309e-12,3.95291768446207e-06,9.70708515166396e-06,-3159.42062756776,0.0794122819334604,0.0636097565891201,0.996875,0.420266886504523
"sinusoidal",1600,"stan",9,5748.432,11803.9923464113,11298.1827681374,96.2839503041745,124.737824840024,11826.2001447104,5322.05802203102,12836.5587825993,8040.04055500681,2.05342819509935,1.96543731719143,0.0167496023792531,0.0216994521010293,2.05729147438996,2.23305394977261,0.00118724399459937,0.00113543392301634,1.0064422356916e-07,0.000633222649786798,0.00183209815899986,6.47117942959477e-06,6.32553503903903e-06,1.97767665120898e-12,3.91624462901867e-06,9.16346721689657e-06,-3175.04967127216,0.0647987015845886,0.0547368675773768,1,0.416618320925372
"sinusoidal",200,"stan",100,307.92,10143.9915915627,8620.34279412784,207.672324943341,265.973295450658,8266.03361703216,1824.93394291067,7503.59506482152,3624.69766651546,32.9435944127133,27.9953974867753,0.674435973445508,0.863774017441732,26.8447441446875,24.3686511588124,0.00583515066059779,0.00491013553290821,1.29078402733728e-05,0.00112088199425606,0.0127202820388433,3.80566766748919e-05,3.33283084100608e-05,3.90281293864754e-10,1.08887066606543e-05,7.72551538477344e-05,-383.817667162148,0.11908405124277,0.101968683187578,1,0.61031464066446
"sinusoidal",200,"stan",101,427.348,8306.45698855698,7610.36984807824,177.017591056929,233.896517349631,7738.26611156653,1306.56387584951,6326.70186432743,2981.36419604667,19.4372197566315,17.8083665960254,0.414223515862783,0.547320959381185,18.1076455524924,14.8045664524636,0.00514912792441415,0.00422822196061275,1.07846245039825e-05,0.00122021292610728,0.0118538878923013,3.66232505271102e-05,3.17550193795994e-05,4.13431940999651e-10,1.08703918130995e-05,7.51641209559101e-05,-396.282570459603,0.18050252159135,0.126470369787932,0.94,0.590293339106725
"sinusoidal",200,"stan",102,329.934,9171.63341284647,6814.08790310353,230.678937806661,319.439714139579,9326.75825395678,2785.93244741833,7149.16123004682,3791.35463541122,27.7983882014175,20.6528817978854,0.699166917646138,0.968192772310761,28.2685575113713,21.6684586312621,0.00493191304117515,0.00414801211606356,8.7980753867438e-06,0.00111348954576867,0.0109268117914523,3.71559273552579e-05,3.2596005136623e-05,3.69890244083986e-10,1.06643831187765e-05,7.67398907895817e-05,-388.12985232679,0.145369571846998,0.112573534836944,1,0.583727274014502
"sinusoidal",200,"stan",103,315.378,8398.1068827087,6084.62393871595,241.587934158883,323.707340226177,9512.12464174315,5324.2889513641,7860.69170035069,4798.08092633554,26.6287023277106,19.2931147344328,0.766026590817633,1.02641065713581,30.1610278514771,24.9246672258391,0.00397549654138635,0.00339552108689154,5.36714242081714e-06,0.00100883681680146,0.00853198068224637,3.62254201447171e-05,3.11460050994346e-05,3.8917975354047e-10,1.03723244810495e-05,7.54650202632059e-05,-396.044712259986,0.0999029396870066,0.0792035877301096,1,0.557524159383838
"sinusoidal",200,"stan",104,301.243,10094.9378050876,10036.1573806772,331.895270815976,293.163332954103,9934.7723707252,5213.25775504288,8467.55268443729,4249.15724709239,33.5109456654183,33.3158193905822,1.10175264094427,0.973178905249592,32.9792638193259,28.1087118520174,0.00376545375543614,0.00333693836230389,3.78595913278892e-06,0.00111710299605435,0.00771384100348243,3.6535271548776e-05,3.19577166575211e-05,3.77024172208005e-10,1.03238219700429e-05,7.39332117603481e-05,-385.385426733955,0.0969415037732381,0.0771180968944882,1,0.54998078381731
"sinusoidal",200,"stan",105,246.39,9123.44692126656,9107.62189275646,364.466511232147,351.367972319752,9586.37388001602,6021.20720227688,8532.94178615585,6223.93723500321,37.0284789206809,36.964251360674,1.4792260693703,1.42606425715229,38.9073171801454,34.6318510741339,0.00334621464351515,0.00296689598947989,2.61053815097173e-06,0.000962257538514525,0.00653372162967514,3.22371297606864e-05,2.89456817335159e-05,2.24506327758741e-10,1.01181304034445e-05,6.26734813506759e-05,-405.58993674529,0.0732110378562985,0.0569385246516721,1,0.531900201269948
"sinusoidal",200,"stan",106,303.423,10323.2259082288,8000.95302842841,209.72493553132,228.360997297149,9300.38785421438,2036.08870795012,8215.64690285261,4198.44732066686,34.0225556672658,26.3689734411314,0.691196565623964,0.752615976037245,30.6515585641641,27.0765462830853,0.00420986153841734,0.00347999224620511,6.69053806219039e-06,0.000985170443652037,0.00919460480943037,3.49351046532584e-05,3.06423442849953e-05,3.14308985025025e-10,1.03669847084037e-05,7.04170517808514e-05,-394.668331848389,0.100362579209155,0.0810641696951031,1,0.561906976279869
"sinusoidal",200,"stan",107,288.042,9347.08507292897,10104.5940083586,208.693681188682,243.397101876382,9695.28577979224,3748.58456254905,8117.85742369136,3186.91623995755,32.4504241497037,35.0802799881913,0.724525177538979,0.845005595976913,33.6592780906682,28.182894937861,0.00432407769579068,0.00377236026076191,5.25572676323106e-06,0.0011387342601719,0.00885587891434018,3.70743154842286e-05,3.13068569065746e-05,5.22524151809426e-10,9.29847787274544e-06,7.86966909470468e-05,-389.454642581471,0.0936856824381684,0.0768690256907492,1,0.574346344942995
"sinusoidal",200,"stan",108,286.516,9525.5981158752,10532.2096334335,166.041453517775,285.286563868341,9389.85101505546,3177.53357663423,8253.50828754159,3845.49401933176,33.2463042757654,36.7595863178094,0.579518957118538,0.995709014045783,32.7725188647596,28.8064481129905,0.00381012149040499,0.00333064195578518,4.50896302723474e-06,0.000989570650561141,0.00766786570493139,3.98074058920596e-05,3.45630144077936e-05,4.51588200375697e-10,1.17231130681801e-05,8.41627681360119e-05,-389.912012472923,0.146916962922304,0.105062677590186,0.955,0.559760396606778
"sinusoidal",200,"stan",109,254.02,7853.53413683361,7576.39159587449,279.915824181683,372.893541191251,9191.8259625304,4342.63817990164,7891.38614288782,4542.70994478089,30.9169913267995,29.8259648684139,1.10194403661792,1.46796921971204,36.1854419436674,31.0660032394607,0.00389363908771695,0.00346675477040234,3.87823220454022e-06,0.00107749755259871,0.00764663401342898,3.60372776414578e-05,3.18695789448539e-05,3.28042245245228e-10,1.06132164655599e-05,7.32857627277466e-05,-387.438297956784,0.112004142383421,0.0803467840145195,1,0.556013912997853
"sinusoidal",200,"stan",10,361.657,9062.86172500457,8828.46975349461,235.944255744101,276.862028750094,9601.03555702013,2828.57009149919,8193.09742320228,4479.7029815935,25.0592736349762,24.4111679118463,0.652397867991221,0.765537591558008,26.5473516536943,22.6543311015749,0.0044975878804387,0.00376353182122124,7.28553054958798e-06,0.00106564718113188,0.00987399500438085,3.82287669598532e-05,3.34255434113537e-05,4.25459317935185e-10,1.09660321606388e-05,7.6556624044861e-05,-398.105513820051,0.0909622942848873,0.076685639222418,1,0.568160266384257
"sinusoidal",200,"stan",110,286.825,5563.09290479668,4599.91426299829,296.971854996912,250.324844625144,9799.34520887787,5192.83679779477,7998.14087966051,4543.02294479435,19.3954254503502,16.0373547040819,1.03537646647577,0.872744163253357,34.1648922125961,27.8850897922445,0.0037765927999969,0.00328912297034525,4.00165211556788e-06,0.00100010021090581,0.00762487263089769,3.80989793859872e-05,3.27072498438241e-05,4.66861874557904e-10,1.11889418628223e-05,7.95534423908188e-05,-395.559315216374,0.102768191716346,0.0837910487972055,1,0.556463840932814
"sinusoidal",200,"stan",111,284.506,10112.9256208789,8234.82939667443,294.873924966632,250.544822680145,9600.72419118853,2873.19072595581,8474.98484846515,5738.83552052458,35.5455618541575,28.9443083684507,1.03644184996672,0.88063106816779,33.7452433030886,29.788422207142,0.00429960537865064,0.00373582908744783,5.43343019229267e-06,0.00110002904780631,0.0088547110198649,3.83298196418155e-05,3.26849478437396e-05,4.57383055894304e-10,1.16373905119221e-05,8.08140678565125e-05,-392.154386020117,0.140559744596615,0.113696340891926,0.935,0.547103968266018
"sinusoidal",200,"stan",112,273.811,7538.99603968711,5999.26648889769,232.574317459788,295.816075193549,8151.485717975,2378.20999291345,6831.67062628513,1723.86057195997,27.5335762247942,21.9102464433412,0.849397275711305,1.08036592829926,29.7704829900004,24.9503147290837,0.00516076440555176,0.00422347740031823,1.10547939271235e-05,0.00111581355247629,0.0118876279260146,4.57726895271536e-05,3.89946846346973e-05,6.51526008675465e-10,1.22897855351906e-05,9.60860364952568e-05,-385.515815355582,0.135730688602184,0.110118559938715,1,0.596110349144383
"sinusoidal",200,"stan",113,333.022,9449.23370578661,9389.42819733488,281.506258806443,263.55457801335,9686.20815571894,5324.07705898442,8292.73220783549,4498.4675466548,28.3742026226093,28.1946183655581,0.845308294366268,0.791402904352715,29.0857905955731,24.9014545820861,0.00388124411944793,0.00338884719944902,4.05350347433433e-06,0.00101788477956822,0.00780707943940463,3.53832320185899e-05,3.10029795601116e-05,3.58845090830608e-10,9.78445329859331e-06,7.23788103300386e-05,-383.302114167778,0.098808766778964,0.0866462911055952,1,0.564865621731256
"sinusoidal",200,"stan",114,293.429,9901.09801893288,10557.8616178314,330.283800010486,234.61840659309,9435.9956239902,2414.99801028056,8478.91159485402,2872.16347946457,33.7427385123246,35.9809753563259,1.12560040081412,0.79957470663462,32.1576791114382,28.8959564148534,0.00410265371329216,0.00363770894462186,4.43263129431066e-06,0.00116878358712238,0.00835866812767126,4.17505132010751e-05,3.57488234630152e-05,5.85610613484384e-10,1.05070185640412e-05,9.14957423126213e-05,-382.016797608919,0.112957067651326,0.0936777974820727,1,0.56777694865283
"sinusoidal",200,"stan",115,307.191,6075.23567051647,4119.51749304056,282.172508229357,222.257154133938,9592.24354919681,3186.07490198455,7392.93349799973,3036.5372471264,19.7767371782262,13.4102805519711,0.918557211081565,0.723514536994697,31.2256659511405,24.0662437962041,0.0045120393848044,0.00386976720029658,6.38838649879619e-06,0.00117648146321364,0.00924229027641276,4.09552673284437e-05,3.50663641266827e-05,5.37047243264594e-10,9.74681748973528e-06,8.53765067689632e-05,-387.747146855126,0.14045076941187,0.108286374068774,0.955,0.575716494656299
"sinusoidal",200,"stan",116,292.159,8092.02246570785,8081.17872224399,301.539355317608,311.658077633494,10023.0324273941,4846.77429710602,8784.7633075578,5602.20927124371,27.6973239424692,27.660208045085,1.03210702157937,1.06674132110766,34.3067727757627,30.068432968205,0.00378162249683214,0.00337122828162147,3.39175409562684e-06,0.00112874201890327,0.00752989271060785,3.63861938468115e-05,3.13526395545657e-05,4.12982176398719e-10,1.0401400843676e-05,7.41344137537188e-05,-384.707647840681,0.0859428072132223,0.0691415495382755,0.995,0.548974027452171
"sinusoidal",200,"stan",117,307.247,8344.4811174488,7071.75542832488,320.13226418224,286.637455128496,9398.39209743835,3205.59720281408,8442.97883489289,3766.19718719648,27.1588693053107,23.0165157945395,1.04193780307778,0.932921900387947,30.5890443110538,27.4794508486426,0.00439235084657081,0.00376354069899107,6.09114438295899e-06,0.00106970729426569,0.00923670845022903,4.494469076077e-05,3.93412217648019e-05,5.52456457832377e-10,1.28880235489375e-05,9.23392747855341e-05,-389.100997194655,0.16761694276816,0.132883320626196,0.935,0.575711888749472
"sinusoidal",200,"stan",118,255.37,6953.32962410617,6073.44621172567,283.270798196752,375.494285893461,9114.53899902733,5184.18493731185,7700.56123343885,4242.69582856239,27.2284513611864,23.7829275628526,1.10925636604437,1.47039309979035,35.6915025219381,30.1545257212627,0.00399557968160595,0.00347713697548689,4.55904127759292e-06,0.00107260919605094,0.0082399433581195,3.91005011799622e-05,3.45387063130661e-05,3.84810209559944e-10,1.16692529633897e-05,7.84684909522259e-05,-392.536761977752,0.0991156898973685,0.076946475695964,1,0.561094516028872
"sinusoidal",200,"stan",119,277.791,6652.45570785289,5728.7482087477,365.116178509366,348.550227304399,10046.7763787527,5043.08994541598,8395.02106599269,3871.36358290757,23.94770063772,20.6225119199243,1.31435567930338,1.25472109357178,36.1666734298545,30.2206373352365,0.00365877788755079,0.00321190853107917,3.61820989987214e-06,0.000994446399570611,0.00731725841820987,3.6806176008717e-05,3.17294208633443e-05,3.78322936761447e-10,1.1069922262887e-05,7.6276714895108e-05,-394.92899773097,0.0832689817151766,0.0639343721155167,1,0.549805551866039
"sinusoidal",200,"stan",11,391.451,8790.31590191039,8903.11286420769,363.338432012019,248.956155833125,9169.01497678248,5185.11868228462,7741.18220491024,4419.65864007183,22.4557247316021,22.7438756426927,0.928183685856006,0.635982934858066,23.423148687275,19.7756097312569,0.0039165955928592,0.00344076998698276,4.03600094658703e-06,0.00116966408443702,0.00799368811889408,4.11050486646728e-05,3.50463344948308e-05,6.53398644628573e-10,1.03415348710214e-05,8.65071409719023e-05,-372.595321739217,0.159574624554963,0.127925698912978,0.955,0.574359580414906
"sinusoidal",200,"stan",120,272.603,8729.64174424342,9676.21771294404,251.548526212552,265.362484319904,9281.61459979904,3736.23830040409,8465.18899755608,5394.41999783198,32.0232783360544,35.4956391270237,0.92276506939598,0.973439339698771,34.0481014508242,31.0531762216706,0.00418432973205774,0.00356778400958399,6.21620742682874e-06,0.00110616668518498,0.00884363456355857,3.80694982203128e-05,3.33745139689172e-05,4.12051979564074e-10,1.06957319659898e-05,7.78839344504378e-05,-392.427232948044,0.128083162528756,0.0963718322279624,1,0.573905151417534
"sinusoidal",200,"stan",121,303.443,8788.55826121341,7678.44117369801,339.666482691581,264.479026239371,9907.85651691541,3878.06722983827,7901.60200564711,3772.8323973443,28.9627978276428,25.304393819261,1.11937491618387,0.871593763044036,32.6514584845108,26.0398229837139,0.00405333836331844,0.00350125091713612,5.01924110014399e-06,0.00116348762339663,0.00823333921327761,3.64860921482956e-05,3.1635720060077e-05,3.97909800583528e-10,1.0429292045528e-05,7.72316197456291e-05,-385.875254001134,0.0829408610959967,0.059507262138642,1,0.565424743795395
"sinusoidal",200,"stan",122,264.488,8205.83276918294,8364.27800990508,223.937492112882,316.166462003545,9459.76972905763,5863.21961922221,8866.0231899599,4380.95995217605,31.0253499938861,31.6244139995201,0.846682995496515,1.19539057349878,35.7663475433956,33.5214572682311,0.00348168979828373,0.00305642738780939,3.17926579590604e-06,0.000965354591956653,0.00705870701101734,3.48143779045282e-05,2.94678045053741e-05,4.11080524765216e-10,9.96286742773264e-06,7.28014669877568e-05,-383.65591246674,0.0593890594807588,0.0507940983651154,1,0.54201104229236
"sinusoidal",200,"stan",123,282.763,8979.4394784576,9433.57922657329,297.175591370466,227.410069700783,10176.4087720425,3940.46743001237,9028.48382847339,4832.17858007217,31.7560624213833,33.3621415339818,1.05097057030257,0.804242668598025,35.9891809467382,31.9295092656161,0.00368064382280863,0.00328078596873745,3.38866225556305e-06,0.00114494129270377,0.00729386051857047,3.77952005425029e-05,3.28685682686064e-05,4.46068462638643e-10,1.08885877403763e-05,7.45293892835977e-05,-385.9127038682,0.107672232494398,0.0820820349290723,0.975,0.544989700187876
"sinusoidal",200,"stan",124,239.213,8437.00177288569,8519.14805709823,179.316215862057,260.748337526208,7888.5027821772,1603.03257342598,6353.25534125778,3554.86980219592,35.2698297035934,35.6132319610482,0.749608992245642,1.09002578257122,32.9768983382057,26.5589886053759,0.00559857785447446,0.00469861272259896,1.205584354973e-05,0.00118940177167444,0.012556949649682,3.84672036322419e-05,3.24987037099635e-05,4.77439456556429e-10,1.02711441132685e-05,8.0116127095252e-05,-401.602088531217,0.106124700898705,0.0882153654916056,1,0.586441516947456
"sinusoidal",200,"stan",125,295.721,9683.61756400719,8473.58688131582,189.080800919485,259.519884107677,9747.52603234886,3161.94315295388,8751.83555985441,4403.33162576018,32.745789321716,28.6539910297741,0.639389157075367,0.877583547017887,32.961900008281,29.5949072262518,0.00406335759100547,0.00348830945891691,5.51446379843909e-06,0.00102573160586894,0.00897692355786387,3.85635889554142e-05,3.23206707871588e-05,5.26781683355485e-10,1.16664737915854e-05,8.35136049895213e-05,-401.372407703403,0.102951989342527,0.0844471751251352,1,0.555375528567634
"sinusoidal",200,"stan",126,277.73,4729.63985033838,4111.48459738528,221.178918718033,246.040143524592,8699.70153588141,2578.21758577429,7928.22759854748,3071.58427595556,17.0296325580182,14.803890819808,0.796381084931527,0.885896890953776,31.3243133110626,28.5465293578205,0.00437357149164793,0.00360642518062979,8.1408411115267e-06,0.000984378209395309,0.00949128204182434,3.85917506498622e-05,3.37188462167511e-05,4.62683563788304e-10,9.4040013797025e-06,7.78373016939422e-05,-388.462276272994,0.114429385269968,0.0809847620553904,1,0.576989214491706
"sinusoidal",200,"stan",127,277.668,8148.69203660592,8329.66039498728,268.023777161677,237.215398448985,8883.15895350271,3280.74496370628,7268.40829340029,4267.6641213203,29.346889222402,29.9986328816691,0.965267071328627,0.854313058937238,31.9920154771263,26.1766148544315,0.00458995747364005,0.00391849299872799,6.76572667544229e-06,0.00109857780041503,0.00978359829015394,4.0005603642522e-05,3.35524062828289e-05,5.80845913010434e-10,9.58109408918867e-06,8.42628748589729e-05,-409.758778514819,0.11677612047729,0.0970094627883625,0.965,0.570488918205541
"sinusoidal",200,"stan",128,265.845,7476.40021035313,6394.05405694289,268.822541686236,335.621341665169,8883.14485346223,3336.91587250798,8208.68374947224,4861.66299558989,28.1231552609721,24.0518123603712,1.0112002922238,1.26247001698421,33.4147524063354,30.8777059921091,0.00421947748368556,0.00363894945317336,5.51352315229988e-06,0.00106093781408689,0.00889298726556381,3.58876124283179e-05,3.13862284409638e-05,3.53765179674316e-10,1.08352918972071e-05,7.42568916220652e-05,-391.836355574349,0.0656774342787695,0.0520270328258017,1,0.560319455132942
"sinusoidal",200,"stan",129,298.311,6828.55867018509,6577.0911329221,335.379863731898,259.041503188383,9948.30819289128,5755.3086201747,8249.95982763906,4066.15964008884,22.8907370837317,22.0477660325033,1.124262476851,0.868360547175205,33.3487809463656,27.6555669339684,0.00345846685721746,0.00310074780852995,2.6715911465312e-06,0.00109193802249803,0.00661520241535233,3.91939364036383e-05,3.30170395990115e-05,5.77509162562423e-10,1.00543560213141e-05,8.53658270058209e-05,-371.441848856456,0.0917948537324776,0.077818097492323,1,0.547141939280757
"sinusoidal",200,"stan",12,308.823,8730.99493073625,9049.97291021152,318.935060311705,266.268159753694,9075.99822973901,4888.58874540064,8275.10065179795,3643.95897771039,28.2718415750649,29.3047244221173,1.03274387047501,0.862203138217341,29.3889970298165,26.7956099506771,0.0038627635208204,0.00339830823189515,4.21151421840368e-06,0.00108921452300892,0.00764814641268584,3.75388902697735e-05,3.2369266300516e-05,4.23241770512712e-10,1.04960212207799e-05,7.73501656098106e-05,-377.163174825458,0.10100801782581,0.0804118237709435,1,0.558703284702315
"sinusoidal",200,"stan",130,284.162,9458.60139235697,9988.21785231985,274.081867858936,289.745765430783,9548.30976545622,5033.83199211292,8551.52003588371,4912.78241220624,33.2859474256127,35.1497309714876,0.9645268116741,1.01964993711609,33.6016418995369,30.0938198488317,0.00390558710913148,0.00339133954307548,4.25879755126212e-06,0.0011156075190488,0.00792482768023924,3.44346697836165e-05,2.9982073075399e-05,3.20517397747704e-10,9.54103950929476e-06,7.09926879358066e-05,-384.682627141127,0.123984189367551,0.0917606296846364,1,0.566405282462168
"sinusoidal",200,"stan",131,342.232,7286.19474045854,6646.38592846208,273.903387460603,265.728914541966,8897.01496422651,4444.7909472712,7887.51385578583,3159.66760968497,21.29022049504,19.4207027059482,0.800344174304575,0.776458409914813,25.9970282271281,23.0472716046011,0.00403537268412441,0.00350316815227213,4.99109836752734e-06,0.00103906219643136,0.00852208144133363,3.69922664880473e-05,3.2119421395561e-05,3.85877777638916e-10,9.70667926583203e-06,7.38618591128847e-05,-391.95477759342,0.112050010233601,0.0909791008712514,1,0.55522223367399
"sinusoidal",200,"stan",132,287.803,7084.37389633967,8086.59399467258,220.348600150416,361.950560284194,9364.64343200957,4900.10935583492,8716.92441810266,3621.0349077677,24.615358062076,28.0976709578169,0.765623013486363,1.25763303469455,32.5383801837005,30.2878163817009,0.00343999257879974,0.00291382123813965,4.16556159773433e-06,0.000894144391225498,0.00729751709373599,3.63263643035193e-05,3.18655695051603e-05,3.51820766455254e-10,1.10099070023748e-05,7.27994549341417e-05,-381.798676370436,0.135204982789289,0.0952257204178168,0.93,0.553515311669532
"sinusoidal",200,"stan",133,293.188,9581.5226607383,9588.94122134488,303.363765107931,280.837642824424,10059.5869325493,5276.48473307673,8765.37026844057,4481.64024849285,32.6804734871083,32.7057765711587,1.03470730421412,0.957875638922549,34.3110459246263,29.8967565808988,0.00384685897143115,0.00333956250405323,4.47906136569433e-06,0.000924548851608456,0.00789013022429743,3.86504474510948e-05,3.38028594177008e-05,4.59379304293166e-10,1.11182480719229e-05,7.63434447299131e-05,-410.366175759559,0.119085163586248,0.0809658347719962,0.95,0.547042306090204
"sinusoidal",200,"stan",134,301.133,9747.90211870135,9220.35571126555,210.979433266025,223.883661115138,9381.42865160943,2738.65998445154,8142.54556575933,5043.18807002438,32.370753516557,30.6188817275607,0.700618773983671,0.743471028134207,31.1537714286027,27.0396986240609,0.00438071936199474,0.00362565776099962,7.50293007513822e-06,0.00107320726985507,0.0096134117169483,3.70854248339424e-05,3.12941020851176e-05,6.04765961782632e-10,9.86367633485936e-06,7.74141668439162e-05,-396.135874386044,0.0655263308916994,0.0553310914149978,1,0.562892287238245
"sinusoidal",200,"stan",135,317.439,8291.53727568899,7995.49716107329,267.788199321684,326.516271416345,9523.49700751123,5313.8216825332,8231.89092786951,4519.79470030057,26.1200963828924,25.1875073985027,0.843589474896544,1.02859532513757,30.0010301428345,25.9321977698692,0.00366480147591217,0.00320065374269763,3.83847696059713e-06,0.00108171714879262,0.00733979372064456,3.46399204359271e-05,3.02469955420446e-05,3.24025731163209e-10,1.09385888158684e-05,6.99651023011194e-05,-390.222539560765,0.0888005174178882,0.0728531642856033,1,0.552726823488267
"sinusoidal",200,"stan",136,259.504,7943.10648784454,6967.30918677642,247.55434268781,285.483683689596,8464.71311608215,2585.76575982954,6868.9471356251,1849.84082357355,30.608801744268,26.8485618209215,0.953951934027261,1.10011284484862,32.6188155715602,26.4695231504142,0.00542491170216597,0.00466716036495427,9.87367720341648e-06,0.00120197712309684,0.0117066786147339,4.19414240848111e-05,3.58262873913777e-05,6.04677942274104e-10,1.16515961778995e-05,8.9214218051012e-05,-398.89356146344,0.0942436436473725,0.0754561994002394,1,0.593190528931917
"sinusoidal",200,"stan",137,312.982,8531.53386291081,8143.82021341039,307.657003846141,306.794634436051,9811.38550311209,3626.85077048294,8603.52197226861,4429.39850762546,27.2588642890352,26.0200912941012,0.982986254309004,0.980230922021236,31.3480823277763,27.4888714758951,0.00354133858760263,0.00313384987909364,3.14953173480248e-06,0.00095823953699726,0.00695018714084106,3.71539438403031e-05,3.20449065142825e-05,4.36766865376732e-10,1.08513860667599e-05,7.56705367390634e-05,-395.434426172913,0.139223547063295,0.114020108264666,0.92,0.535374346227669
"sinusoidal",200,"stan",138,285.321,3672.52272457512,3846.79378259785,291.025222355542,182.433414673905,9914.59489882406,3662.35033036114,8548.5534953379,3354.69211202059,12.8715472207623,13.4823366755263,1.0199922976421,0.639397081441272,34.7489140260411,29.9611787962958,0.00359476770537873,0.00314757961546934,3.62553038837794e-06,0.00108029652522654,0.00741435236875765,3.83179003907901e-05,3.27752381499063e-05,4.68336149637784e-10,1.10161304609654e-05,7.88513989154895e-05,-393.855275096008,0.114794130828885,0.0956687852958147,1,0.540012020070231
"sinusoidal",200,"stan",139,307.393,8914.48845211497,7586.12125027873,307.945831915689,239.303859628453,9976.63738233985,4701.06462129143,8130.56643305327,3833.96854133797,29.0002975087753,24.6789004638321,1.00179845317131,0.778494824633134,32.4556427190595,26.450070213223,0.0035333469770702,0.0030539127816486,3.72715297609003e-06,0.00102956208096759,0.00740361754309891,3.68359390782317e-05,3.15760359244014e-05,4.28727053077126e-10,9.79871193961487e-06,7.70374403351972e-05,-397.922929676163,0.111253193948473,0.0849308292380519,0.99,0.538489338110686
"sinusoidal",200,"stan",13,367.485,8610.58755054736,8650.92339471471,368.555757435212,315.311609086081,9586.90934010665,6843.77474957425,8758.95957306605,4569.11351360451,23.4311265780844,23.540888457256,1.0029137446024,0.858025794484348,26.0878929483017,23.8348764522798,0.0033736325933923,0.00297952025785286,2.79958684958271e-06,0.00101738376284564,0.00664333566290239,3.5313039011649e-05,3.08849953205111e-05,3.27353977544742e-10,1.0467200801995e-05,7.20270019762643e-05,-372.563470818234,0.0690560840074958,0.0603899119314014,1,0.542443596284099
"sinusoidal",200,"stan",140,316.775,10410.4004278631,10102.640569368,342.596489351263,290.490579919697,9389.31593389667,5754.34187428418,8363.10616725423,3202.8161856716,32.8637058728219,31.8921650047133,1.08151365906799,0.917024954367285,29.6403312568753,26.400777104425,0.00357213885472406,0.00314096162580416,3.35335900654832e-06,0.00105456561438485,0.00722863341971281,3.7321232432161e-05,3.19616511811245e-05,4.09789984938603e-10,1.07609308816277e-05,7.80738349540011e-05,-382.260144870268,0.137095360045327,0.116541929992269,1,0.547567960721941
"sinusoidal",200,"stan",141,267.197,6664.58841095186,6521.50586887541,233.270282728496,318.279434129317,9209.56370497432,3592.70044726783,8071.10355942041,5029.12238145444,24.9426019414584,24.4071073734938,0.87302732713502,1.19117892090599,34.4673170169363,30.2065650416001,0.00369755354093636,0.00313861907301096,5.42888070253868e-06,0.00104197004506688,0.00771094220861656,3.38789067826319e-05,2.99355099892503e-05,2.83091846914085e-10,1.10664516731837e-05,6.65291710256777e-05,-393.273952264677,0.0857292855452646,0.062408507230611,1,0.551063642538416
"sinusoidal",200,"stan",142,300.284,10372.1747664477,10376.2928254957,267.235733343281,276.918898167904,9631.4277335728,4896.3573963983,8672.75520157767,4393.53377295856,34.5412168695224,34.5549307505419,0.88994329815535,0.922189987371633,32.0743953509771,28.8818425276661,0.00389960332563873,0.003401749650656,4.71083613045141e-06,0.00103839804762965,0.00800744422203336,3.60195790854237e-05,3.10364772969418e-05,3.65854405837414e-10,9.82991794478477e-06,7.35202726698149e-05,-382.64748935452,0.123178296625069,0.0987600990562504,1,0.563370740139532
"sinusoidal",200,"stan",143,252.786,6076.24718149069,7088.50567038849,260.008133662374,346.934924673683,8746.96680209508,2828.34001602408,8029.41881152978,4467.84603258238,24.0371190710352,28.0415278946955,1.02857014891004,1.37244516972333,34.6022596270959,31.7637005670005,0.00396968094716763,0.0033258413492497,5.76770136260507e-06,0.00101820152128961,0.00874216090935514,3.47101797703218e-05,3.05603399003809e-05,3.32716509625542e-10,9.79468528370895e-06,6.972822289073e-05,-395.398899425266,0.113978243384292,0.0960749429302843,1,0.556499276329553
"sinusoidal",200,"stan",144,286.496,7700.78932377097,7592.51332587636,272.465232576351,286.461868680456,9563.13289781416,4231.13521363483,7742.84565702502,4067.47974606246,26.8792210843117,26.5012891135526,0.951026306043892,0.999880866331313,33.3796384515461,27.0260166181204,0.00411564401909705,0.00344635633332257,6.20011277839898e-06,0.00108438408131431,0.00912971612625326,3.52279947703328e-05,3.0906663136089e-05,3.32250527180707e-10,1.02814692452603e-05,7.11255448939695e-05,-401.132932802907,0.0756594475442498,0.0644431656806327,1,0.563160242354722
"sinusoidal",200,"stan",145,259.201,8787.32702634213,8195.42897977839,279.485575724126,290.99590325878,9234.87347253342,3493.56496509119,7937.38430280067,4496.43741387813,33.9015938454795,31.6180453770564,1.07825809207575,1.12266504858693,35.6282324240007,30.6225064826165,0.00394392395296677,0.00342045983386743,4.75211681258397e-06,0.00103049148858848,0.00818379046333485,3.68156781164195e-05,3.16206600418861e-05,3.90270668457955e-10,1.0748824350771e-05,7.64975528786612e-05,-400.998593626495,0.103183306421059,0.0757226920507361,1,0.545977655338549
"sinusoidal",200,"stan",146,298.024,9455.18714690056,9169.47572446837,248.877563920782,356.453023542035,9777.01899561125,1760.71454035402,8067.65770688349,5029.59234227919,31.726260794099,30.7675748411818,0.835092354712311,1.19605475915374,32.8061464701207,27.0704966945061,0.00433697322236188,0.00372742096465574,6.22922411596743e-06,0.00110665101286634,0.00937973782042136,3.35489605505722e-05,2.99987581799773e-05,2.6287470164208e-10,1.07777110772408e-05,6.66216847712717e-05,-398.409056616399,0.081626945334083,0.0665403603492889,1,0.56492855057893
"sinusoidal",200,"stan",147,245.435,6992.33649098228,7640.88983590441,286.992878465793,355.034508636798,9081.74423890637,4497.87617715612,8049.22352674886,4367.53010752511,28.4895654286564,31.1320302153499,1.16932335838733,1.44655207544481,37.0026452580372,32.7957443997346,0.00395851612100353,0.00339560751016611,5.06689630953365e-06,0.00104001396970466,0.00823733041386724,3.62821552814399e-05,3.17402065909451e-05,3.80999160545302e-10,1.10664210643067e-05,7.49715161507647e-05,-401.325640817258,0.070302797669432,0.0579511525439702,1,0.546889418868555
"sinusoidal",200,"stan",148,336.358,7399.80574030835,8162.40178057839,218.050248962632,207.995373139669,9571.57421114976,4423.54728989847,8486.06246608403,5034.85230076579,21.9997911163354,24.2670065245316,0.648268359791152,0.618374984806868,28.4565082773407,25.2292571191529,0.00360210653174904,0.0031538944783742,3.51523831633734e-06,0.000933021752419655,0.00729671405592491,3.64437979886371e-05,3.06774346078542e-05,5.0510614105543e-10,1.12022064276135e-05,7.51726568734954e-05,-384.443868496793,0.0867623641436941,0.0710976656636343,1,0.551761090835982
"sinusoidal",200,"stan",149,328.846,9762.76302817376,9539.93720003807,232.722998728231,273.027638209396,9452.39356728031,1783.9000921752,8389.84788842079,2115.91627017509,29.687948243779,29.0103489172381,0.7076959997331,0.830259873039039,28.7441342369386,25.5129996667765,0.00414211591835959,0.00357439464510251,5.49623950764044e-06,0.00104985430226398,0.00884219397726208,4.40207941987511e-05,3.71471854959267e-05,6.95946877512163e-10,1.18927009193386e-05,9.40478096627097e-05,-387.042491112758,0.141039415412749,0.096218139777993,0.955,0.567682165851072
"sinusoidal",200,"stan",14,270.768,5226.95249945692,4304.55057693448,204.961787953784,221.241266229731,8276.96550710077,2970.19261777457,6130.34170546186,1582.78532093227,19.3041736817383,15.8975601878157,0.756964589441088,0.817087935907239,30.5684774681675,22.6405694375327,0.00534487451162284,0.00456562273433921,1.02372540695132e-05,0.0012367064690205,0.0115006211588001,4.66485921077919e-05,3.74971068280884e-05,1.03795212873078e-09,1.04948603635991e-05,0.000111409341390942,-403.933100361347,0.136359269371961,0.112996148683512,1,0.586531493209523
"sinusoidal",200,"stan",150,257.515,8023.1342294974,8486.84697882571,261.523255795065,270.196471808641,8243.67743557161,3703.13647830857,6167.31883058922,2905.75228424594,31.1559879210819,32.9567092356784,1.01556513521568,1.04924556553459,32.0124165022294,23.9493576319408,0.0055980353973011,0.00469298113045933,1.1517751322749e-05,0.00123984697278931,0.0124216925353081,3.77209576403297e-05,3.27383574102447e-05,4.30545489844026e-10,9.54573635989301e-06,7.70165089720496e-05,-379.9505757757,0.126346907635052,0.0944747146003893,1,0.605738104286622
"sinusoidal",200,"stan",151,339.863,7127.13969897204,7586.98310124625,170.745376321637,212.81815122587,8434.71319913449,1916.42486205509,6875.42319131034,3530.23778234236,20.9706255137277,22.3236512984534,0.502394718817986,0.626188055851534,24.8179801835872,20.2299844093365,0.0052138250279408,0.00441283783702195,9.77927771487167e-06,0.00116608077262929,0.011372474707297,4.04930580426402e-05,3.38025642773114e-05,6.57148892339986e-10,1.01922532521306e-05,8.67789384595456e-05,-401.869701994701,0.0788511359673855,0.0664543739189053,1,0.583660114812799
"sinusoidal",200,"stan",152,275.743,8231.06389375046,9786.54853874989,235.6086147377,345.129671331126,9375.66227637935,3738.93450071163,8365.14503236464,4817.12790433538,29.8504908329512,35.4915574964728,0.854450030418543,1.25163529565982,34.0014516284343,30.3367448398133,0.00401419349553205,0.00339948049595072,5.78743063472541e-06,0.00119317155297353,0.00852568145933843,3.52195697800225e-05,3.140611866359e-05,2.8101654115165e-10,1.14201184298616e-05,6.96044147091093e-05,-393.773869112894,0.100555338355199,0.0857329185515639,1,0.567174517191519
"sinusoidal",200,"stan",153,280.854,7574.17998626758,6751.4626937294,324.121615901974,243.828123447466,9527.22942452763,6602.43687824647,8174.40765451067,4602.67335630522,26.9683892209745,24.0390476679321,1.15405732480924,0.868166817803791,33.9223561869428,29.1055411513123,0.00370549186673264,0.00326216871933703,3.54996474329647e-06,0.000904595919638485,0.00735543224807431,3.7734234613354e-05,3.32103328574378e-05,3.98196321174419e-10,1.06818847682995e-05,7.42442536104332e-05,-394.409109343805,0.146613571265378,0.113257733340481,0.92,0.558838894867996
"sinusoidal",200,"stan",154,295.16,10246.5133504562,9619.60263053312,263.143603977442,340.278976471335,10276.5970807357,7409.06763286759,8893.04656663336,3743.89527557747,34.7151150239062,32.5911459226627,0.891528675895927,1.15286277433031,34.8170384900927,30.1295790982293,0.00379848209645831,0.00332335087871114,3.9418339172519e-06,0.000937055002617903,0.00776092881945836,3.58922722141847e-05,3.1342248394966e-05,3.39962309154032e-10,1.12860818721576e-05,7.30267990186102e-05,-383.302652674165,0.0966210050332202,0.0855807251146291,1,0.560241851200167
"sinusoidal",200,"stan",155,274.057,8714.28947384014,9328.55607841794,217.76333474538,306.981399945701,9296.0800252457,3277.92952023805,8292.93594820313,6003.09913967751,31.7973614023365,34.0387440511205,0.794591397940503,1.12013705158307,33.9202429613026,30.2598946503944,0.00396989610293098,0.00347204303758491,4.20689197783313e-06,0.00107518851585657,0.0079733032943665,3.90606892237577e-05,3.26093431589846e-05,5.42397931431062e-10,9.23934953955305e-06,8.62077727803814e-05,-379.695155195634,0.130747139395619,0.108909193311883,1,0.567066439122745
"sinusoidal",200,"stan",156,300.057,10047.4449122155,11153.2084083529,270.361610401231,270.434846879774,10625.470205838,6641.70307566549,9536.69049597135,7260.44187535239,33.4851208677536,37.1702990043655,0.901034171511517,0.901278246732366,35.4115058333515,31.7829295632875,0.00342175084816664,0.00304588057543166,2.8201365112965e-06,0.00106341166604394,0.00666291950735255,3.32233052000573e-05,2.82769209793007e-05,3.67961510632686e-10,9.38865109108388e-06,6.90539009932033e-05,-400.506738566326,0.0563486426801948,0.0439934188732547,1,0.538552654444187
"sinusoidal",200,"stan",157,306.708,8433.87053711872,8895.09123611794,251.23733828724,287.961732717525,9798.34976364348,4538.31421222181,8167.34091768319,3608.29135103655,27.4980454931685,29.0018233502809,0.819141784000548,0.93887910559074,31.9468346559056,26.6290442951706,0.00386281395509722,0.0033103804279991,5.0436940458523e-06,0.000874324620995488,0.00816347166695227,3.96213572420301e-05,3.3877917685049e-05,5.07643278922813e-10,1.02784924366749e-05,8.30935214762694e-05,-386.25778957652,0.113231548453142,0.0960242711937864,1,0.558419640358194
"sinusoidal",200,"stan",158,295.517,8759.68627063221,8768.27282642013,299.166959200575,339.590592112951,10237.590351808,7936.76813984843,8819.46208474173,5757.78193534173,29.6419030737054,29.6709591205248,1.01235109723155,1.14914063188565,34.6429828125217,29.8441784558646,0.00315370546968664,0.00283143716808891,2.28531962277477e-06,0.000869128530783073,0.00601171026794374,3.37518321124233e-05,2.90691928946545e-05,3.25906760606313e-10,1.04391469961941e-05,6.98185896913709e-05,-400.254919864181,0.0956837702396288,0.0783080520957853,1,0.533686914395621
"sinusoidal",200,"stan",159,306.568,8720.06883355041,8059.80797938726,348.457932771967,354.611279645721,10572.4523186724,6077.07899041312,8929.55846790516,6502.98500459439,28.4441586648,26.2904412051723,1.13664156980496,1.15671328920736,34.4864836469312,29.1274968943437,0.00363160446752175,0.00321235711832068,3.15345793717446e-06,0.00113505501972262,0.00719946792201962,3.58303826920833e-05,3.13138680992765e-05,4.04473637549681e-10,9.36307596697561e-06,6.88054735867327e-05,-406.270935977282,0.138513154464361,0.114316321966179,1,0.53693893874059
"sinusoidal",200,"stan",15,333.094,9390.65123744093,10624.2740571823,312.009032351675,281.404757251794,9157.40941344204,2929.514302001,7945.94329690154,3987.05615618278,28.1921957088417,31.895723300877,0.936699647401859,0.844820853127928,27.4919674729717,23.8549577503694,0.003917709295483,0.00333319138878221,4.72587207383849e-06,0.00109744438077215,0.00844797856131556,3.7980881154368e-05,3.21717727461791e-05,5.20821922817733e-10,1.03589424832884e-05,8.23332416044996e-05,-373.312383676373,0.0759180213014676,0.0619685198771546,1,0.557448069257579
"sinusoidal",200,"stan",160,251.407,9524.31928598293,9340.97558886736,299.883604644785,364.906714818071,8915.91294791716,4769.14071160577,8402.49348827486,5965.13757962304,37.8840656226077,37.1547951682625,1.19282122074877,1.45145805334804,35.4640600616417,33.4218756370143,0.0039387411012175,0.00340273128076754,4.64545517038837e-06,0.00106690420094804,0.00812786452398864,3.38302367371294e-05,2.96199025039171e-05,2.99287911561537e-10,9.49104486350335e-06,6.85302906552871e-05,-375.457150623749,0.0799023019337823,0.0569404473334587,1,0.55268366819715
"sinusoidal",200,"stan",161,310.465,8198.2745853003,5929.99823173434,319.501910362937,249.938799494956,9505.72902072385,4579.36213245936,7985.48904199173,2549.71273448622,26.4064373932659,19.1003759899968,1.02910766225802,0.805046621986234,30.6177154291912,25.7210604802207,0.00363225319990859,0.00318469790504708,3.43844802526981e-06,0.00101479486605731,0.00726270180704972,3.80074637582841e-05,3.30204273213005e-05,4.20777930689099e-10,9.18152900839802e-06,7.85667217520526e-05,-383.371042189816,0.121810173057964,0.105546055413893,0.985,0.546573151646849
"sinusoidal",200,"stan",162,347.667,10303.5305653199,9049.94410430802,272.848965767155,241.825452186645,9726.81740000013,6018.57025998517,7470.67961056162,3491.51550375424,29.6362052346638,26.030494997535,0.784799724354498,0.695566309677493,27.9773961865812,21.4880319689865,0.00402328411731202,0.00353677283835094,4.12582191053513e-06,0.00113931105800334,0.00808443365140005,3.83814861192514e-05,3.2629021682032e-05,4.88273623957257e-10,1.00969283918998e-05,7.99193008968606e-05,-390.942880443584,0.114001671884889,0.087576942806309,0.95,0.557275304115521
"sinusoidal",200,"stan",163,283.595,8596.98375868057,9019.26812054789,361.684953909166,354.439853184653,9804.72710637786,6159.34796041278,9125.09084334102,6548.02553071015,30.3142994717134,31.8033396940986,1.2753573014657,1.24980995146125,34.5729900258392,32.176487044345,0.00350432116213949,0.00312220894493168,3.29787101470127e-06,0.000951101789919808,0.00673955513132671,3.31698086566813e-05,2.95547519296061e-05,2.53743849301489e-10,9.64126958575574e-06,6.55543572483787e-05,-395.525069782537,0.0737487277679159,0.0623792166906832,1,0.544294985640784
"sinusoidal",200,"stan",164,333.488,7315.16746586687,6205.94550376346,213.128845531544,275.950932275566,9160.678513887,3789.19292002886,7719.47532625287,3301.17571800624,21.9353244070757,18.6092018416359,0.639089998835172,0.827468851279703,27.4692897911979,23.1476854527086,0.0042526889611232,0.00369783824543727,5.10485520033231e-06,0.00110826059027702,0.00859103030510184,4.0778211287751e-05,3.53580929779747e-05,4.85206923927253e-10,1.17284601355976e-05,8.6928903927181e-05,-398.394649451981,0.126495256654329,0.105849428056873,1,0.581238872104428
"sinusoidal",200,"stan",165,365.556,5966.58367731293,4749.68287462502,278.541292616774,250.845929499491,9438.94992598796,4430.1299120977,7682.9437545441,3824.23367810109,16.3219415829939,12.9930376594148,0.761966135466999,0.68620383607297,25.8208042707217,21.0171458122534,0.00389085015835671,0.00345151654370382,3.97066606364345e-06,0.00102270816487879,0.0076983851789487,4.17885059345303e-05,3.56690197609583e-05,5.77329945911016e-10,1.1351007588658e-05,8.59364102808741e-05,-390.330686791515,0.1325682631308,0.117233784176926,1,0.560758497422067
"sinusoidal",200,"stan",166,273.368,8308.06160216763,7744.46140478578,210.559847113075,271.450707147275,9067.48311863926,2834.2308708876,8001.46034641399,3993.97982519004,30.3914927942101,28.3298023352616,0.770243214688899,0.992986403482759,33.16951186181,29.2699231307761,0.00482020302448327,0.00410956179379506,8.09159901256679e-06,0.00107005189821629,0.0103233605271386,3.91327960948669e-05,3.38926584368147e-05,4.76020591159191e-10,1.10263454871075e-05,8.20399912264495e-05,-389.119924503281,0.0831872005937104,0.0685714296535938,1,0.578948613133012
"sinusoidal",200,"stan",167,309.678,7052.64626382935,4833.67741179597,292.129823230886,284.968606016991,9593.64040623175,2720.95636273155,8398.55023033344,3987.51733174161,22.7741275254598,15.6087207092398,0.94333411876493,0.920209398203912,30.9794057254043,27.1202676016167,0.00397924248317107,0.00340259760290682,5.37883794957851e-06,0.00100213828334628,0.00863362259386619,3.62612662264282e-05,3.14872396925491e-05,3.63991407760655e-10,9.77174685735712e-06,7.44721730409245e-05,-393.441161408883,0.160255799626875,0.127733245811399,0.955,0.563507320680302
"sinusoidal",200,"stan",168,221.463,8893.67384015428,9198.14253965055,364.897714743751,322.198905929743,9329.32435660205,6159.61880339529,8426.00684694728,4412.70052125693,40.1587345974464,41.5335407704698,1.6476689774082,1.45486562509197,42.1258826828953,38.0470184497965,0.00344636784306494,0.00303294487578817,3.10478256927599e-06,0.00107607618478436,0.00691935807399786,3.79074348476374e-05,3.28614077868204e-05,4.23849496474954e-10,1.22317709762902e-05,7.82615049902619e-05,-387.708705921321,0.124070623805849,0.0965708791052936,1,0.547878621647789
"sinusoidal",200,"stan",169,270.695,7140.91437963661,5813.40790211028,216.859473002429,210.554433189025,8767.65622272452,1990.22059434659,6946.33757354525,2905.40686892949,26.3799271491406,21.4758599239376,0.801121088318695,0.777829044456028,32.3894280379192,25.6611225680018,0.00501697892063703,0.00419405932372311,1.01364301116404e-05,0.00111316086655675,0.0108826676836925,3.98113018728617e-05,3.27913425467635e-05,6.15439371687697e-10,1.08293979922769e-05,8.84261641203942e-05,-387.792583848556,0.118127729864294,0.0992290753710661,1,0.586994289097695
"sinusoidal",200,"stan",16,252.486,9637.92726659771,9333.30283968793,231.318416409939,227.207150123608,9499.02617260646,5765.38474644696,8112.84666085268,4538.67762178009,38.172125450907,36.9656251819425,0.916163337412527,0.899880191866512,37.6219916058968,32.1318673544382,0.00399929418915679,0.00340836536797168,5.19387867120784e-06,0.00100807535851925,0.00837712268503253,3.71357397004975e-05,3.14564999575904e-05,4.73902025533041e-10,9.02078904693196e-06,7.91979069890309e-05,-395.557542620004,0.1099163572003,0.0837957449503161,1,0.555312932023783
"sinusoidal",200,"stan",170,286.377,9362.95760740571,9486.1208950721,239.325451851591,281.461303574818,9728.53760328,6665.07764422151,8728.68267711285,4864.94831128714,32.6945166944472,33.1245906447518,0.835700673767765,0.982834877014626,33.9710856782493,30.479691724939,0.0036240327910082,0.00318257811545847,3.6083958437074e-06,0.00107053281359132,0.0074158516238602,3.52683525410545e-05,3.12281947443647e-05,3.36357002941384e-10,1.04077358127282e-05,6.93293703353335e-05,-387.756355634314,0.0750243608469907,0.0625337159838331,1,0.553835182082934
"sinusoidal",200,"stan",171,299.125,9296.97396291047,9471.80345280128,261.275862358731,239.566484979814,9835.64769615682,2485.91339750122,8350.32604446087,4345.01272409927,31.0805648572018,31.6650345267071,0.873467153727474,0.800890881670921,32.8813963933366,27.9158413521467,0.00453844125804268,0.00383588086326791,7.85885152191551e-06,0.00107352413526233,0.00958760925748552,3.67470544240947e-05,3.21017318639921e-05,3.72469907763342e-10,1.04071851557711e-05,7.43498397606965e-05,-404.197036405163,0.0873067274868623,0.0693603474594542,1,0.565381965238905
"sinusoidal",200,"stan",172,271.5,9170.06396305849,9703.9355162182,293.509740462735,283.134373654955,8864.13048779013,3006.37385577721,8050.8135766431,3714.17690324997,33.7755578749852,35.7419356030136,1.08106718402481,1.04285220499062,32.6487310784167,29.6530886800851,0.00414422787497514,0.00355273258112277,6.06947637695147e-06,0.00100927031140497,0.00854303608437569,3.49154977273668e-05,2.99407025778898e-05,3.90677966936681e-10,9.90833039814646e-06,7.56261121710183e-05,-401.486485076449,0.0885514614349159,0.0678919179156056,1,0.553473623699453
"sinusoidal",200,"stan",173,326.458,8577.38817627743,7705.69221178497,160.237217131524,241.631259208823,7962.10620504267,1638.16576503742,6005.32840160689,3135.98586889023,26.274093991501,23.6039313228194,0.490835627037853,0.740160324479177,24.3893738399508,18.3954089089772,0.00661398895099383,0.00547819714943367,1.91367288572799e-05,0.00115159853851054,0.0152843359318839,4.34023165900673e-05,3.61983225514694e-05,7.49398485313125e-10,1.11656404773749e-05,9.53990644965542e-05,-384.852335367794,0.13059540901155,0.108178283313769,0.995,0.619998088034633
"sinusoidal",200,"stan",174,289.781,9664.16584806088,9203.19494936326,301.162116696791,224.050519458461,9286.3030020264,4065.63854158449,8813.5297913799,3395.48544463734,33.3498947414112,31.7591386231784,1.03927488930189,0.773171876204655,32.0459346956025,30.4144501930075,0.00330735152946779,0.00298578502611536,2.40143526707354e-06,0.00100187938140803,0.00640179519395088,4.00789159338796e-05,3.51097596124879e-05,4.24922617267779e-10,1.11908419788855e-05,7.99637621912593e-05,-384.19477209443,0.170452533650276,0.119545413249948,0.895,0.55256504572062
"sinusoidal",200,"stan",175,312.074,9579.55537461672,8331.71169160271,236.723624729423,341.456466570005,9368.52683068404,3369.28046239958,8192.50949458427,5311.32277307461,30.69642256201,26.6978719521739,0.758549654022518,1.09415224135944,30.0202094076534,26.2518168594124,0.00428110441535504,0.0036083019636433,6.38193680531611e-06,0.0010948322186399,0.00933828261548521,3.50792797904958e-05,3.07848669411198e-05,3.28418009423793e-10,9.86376772654745e-06,7.03631690455556e-05,-389.133556386239,0.0990081782894999,0.076269365617786,1,0.570268378693603
"sinusoidal",200,"stan",176,274.86,9490.34547886699,10363.6866523395,311.859853267095,209.770538444809,9774.80028040315,6383.56505951657,8771.40280542553,6080.95406638116,34.527925048632,37.705328721311,1.13461345145563,0.76319049132216,35.5628330073607,31.9122564411902,0.00334873517698001,0.00291980901351619,3.25666967334337e-06,0.000958599505920266,0.00678671419408726,3.52553437864484e-05,2.98096007149282e-05,4.1775142401136e-10,1.08555693614384e-05,7.58575006799616e-05,-382.802637009119,0.134627811699989,0.0886942773700842,0.955,0.550879026348559
"sinusoidal",200,"stan",177,275.661,7325.8866008784,5459.45538274257,290.898007239464,187.148683827886,8764.55315177318,3679.17652318269,6938.96423215865,1477.80354753641,26.575709298299,19.8049611034661,1.05527443940007,0.6789088185412,31.7946795222145,25.1720926506058,0.00444559362274266,0.00386463562560223,6.01430516732473e-06,0.00107085016185995,0.00914259735526192,4.61720513479053e-05,3.70188861136936e-05,1.04624953896192e-09,1.07390860020154e-05,0.000104441000595645,-390.213713243389,0.152606997459144,0.123203486626351,1,0.571383457580592
"sinusoidal",200,"stan",178,264.12,8220.18744330787,9014.58216521191,135.909000645328,306.899066982436,8793.40290658014,3477.61227437114,8058.81760540933,5277.65239648585,31.1229268639553,34.1306306421775,0.514572923842678,1.16196829843418,33.2932110653496,30.5119551923722,0.00433871210820417,0.00368386285752468,6.70648330438654e-06,0.000902206452109241,0.00932546016083051,4.11556767972191e-05,3.5497936355554e-05,5.19467687709253e-10,1.10385895467665e-05,8.57412450241207e-05,-383.808580371057,0.0979630146373434,0.0800892156310792,1,0.578177212743088
"sinusoidal",200,"stan",179,312.253,7987.22390354793,9189.6355017637,293.754533145761,267.061324851163,10136.7268171429,6960.84592446182,8917.01669002514,5851.82186856091,25.579334397261,29.4300951528527,0.940758081253857,0.855272246707519,32.4631847160568,28.557024880546,0.00351237767323122,0.00306382261852248,3.29762305389506e-06,0.00096920127577124,0.00724490625387318,3.78214492205702e-05,3.27495605575445e-05,4.35467692071156e-10,1.05097964165983e-05,7.61756127273939e-05,-396.389013401998,0.116306682618139,0.0974833644613867,1,0.5383532268
"sinusoidal",200,"stan",17,345.566,9045.04946645499,10703.3559916124,333.482465323742,312.086724629768,10249.7332062432,4517.71337246084,8961.04419424895,4614.72886191845,26.1745931788862,30.9734059242298,0.965032628568035,0.903117565471625,29.6607108518869,25.9314984525357,0.00333471292723224,0.00300474345108201,2.40764652490223e-06,0.00104718041866359,0.00644666140196954,3.87506979631395e-05,3.3905637447182e-05,4.31003881981701e-10,1.15650839649485e-05,7.71590606109904e-05,-370.461487219421,0.119492105118846,0.0917646030537683,1,0.546615766702943
"sinusoidal",200,"stan",180,281.785,10195.7443871449,9111.00781128075,273.513489511813,316.849568369197,8926.11391048492,3907.11907371623,7854.48531175825,3443.37209178475,36.1827080474295,32.333189528473,0.970646022718786,1.12443731344535,31.6770371399646,27.8740362750262,0.00398275116861429,0.00342671529812017,4.95959628125066e-06,0.000954472298796142,0.00851070066880847,3.69009149630286e-05,3.20074436232211e-05,4.02988993520813e-10,1.06840494996236e-05,7.48711001129765e-05,-388.627719903435,0.121121300203911,0.0970116925468231,0.99,0.563621350999312
"sinusoidal",200,"stan",181,309.505,10446.5150894324,9802.68295896082,271.911350915978,288.615775168583,9788.76136326126,6055.12668562517,8695.74117194832,3724.3827859551,33.7523306228734,31.6721311738447,0.878536214006165,0.932507633700854,31.6271509774035,28.0956403675169,0.00380379520073041,0.00337560579507836,3.58581711653481e-06,0.00109283536957384,0.00782960525163754,3.52735305754392e-05,3.05615798762659e-05,3.84501267539125e-10,9.99646898508575e-06,7.17966150905968e-05,-371.823759672231,0.104217196999614,0.0907447740119164,1,0.555102556677255
"sinusoidal",200,"stan",182,300.075,8332.30299760659,6420.34531631406,308.93733234319,257.394579705694,9471.69564782487,3845.46601425001,8426.84995876406,3390.74115671923,27.7674014749865,21.3958021038542,1.02953372437954,0.857767490479692,31.5644277191531,28.0824792427362,0.00370299120703471,0.00327448390143645,3.53659610446628e-06,0.000987355212150722,0.00736619188211046,3.87062516778764e-05,3.19763837309877e-05,6.01952230970796e-10,1.0593005655852e-05,8.83396139243844e-05,-378.480716156986,0.12165980468854,0.0943658791224045,0.995,0.555665121402553
"sinusoidal",200,"stan",183,277.826,9724.95788953071,9952.28448074264,298.407496086204,348.174410602431,9718.02233298532,6006.87597293823,8878.37620274507,5958.97223924413,35.0037717475352,35.8220054305308,1.0740805255311,1.25321032085705,34.9788080776649,31.9566066629655,0.00379898378505055,0.00334428558751328,3.75350336095739e-06,0.000978807909302121,0.00753859556620626,3.64557065338482e-05,3.19634746147189e-05,3.54677340541213e-10,1.06546888950295e-05,7.43726593748245e-05,-394.858044771598,0.105124010415451,0.0838087215288338,1,0.562089978970992
"sinusoidal",200,"stan",184,291.393,10422.0861652774,10169.6085371157,298.169572436231,282.327919614996,9877.01184912173,5469.82722733352,8570.38369596339,5205.32531276187,35.7664259789269,34.899975418475,1.02325578320766,0.968890534827521,33.8958446123336,29.4117693148545,0.00376296899743314,0.00326457773747499,4.23342461852587e-06,0.00103952928616122,0.00780291985026357,3.52653832051992e-05,3.08188720169395e-05,3.66224333342801e-10,1.04754963645915e-05,6.97910893596173e-05,-394.006228288126,0.096317106192582,0.0670135788803452,1,0.552365029616066
"sinusoidal",200,"stan",185,304.481,8103.7753994555,6826.37531928071,198.535543872304,277.657479348077,9445.01418082595,2434.05168261383,7631.51461676176,4467.52107400095,26.6150446151172,22.4197086822518,0.652045756130281,0.911904123239471,31.0200445375112,25.0640093035748,0.00449056027201763,0.00383553284145063,6.26148088785063e-06,0.00109946175251504,0.00938296574576417,3.91237248474471e-05,3.37178650722648e-05,4.70013678381793e-10,1.02499685564301e-05,8.17484303827181e-05,-394.238749274435,0.10813962512571,0.0853264126096681,1,0.571911906443441
"sinusoidal",200,"stan",186,301.17,10154.6867621945,9787.06891608124,269.514298747984,269.535653511319,10210.2308639424,4565.86291327836,8984.89036700923,5801.25742997537,33.7174577886062,32.4968254344099,0.894890921233803,0.894961827244807,33.9018855262555,29.8332847461873,0.00397257301997759,0.0035171415157432,4.40961222513174e-06,0.00100313497701015,0.00802187999278323,3.60452043958069e-05,3.09729723411972e-05,4.33306137055368e-10,1.00117795820928e-05,7.25967983197295e-05,-399.745742641784,0.0999562632502701,0.0851300650816443,1,0.543912745517565
"sinusoidal",200,"stan",187,314.453,9574.16439325464,9792.23304304371,217.715147307597,186.247377521037,9591.89645247546,3085.81120386615,8129.51645626774,4040.29780806359,30.4470442109143,31.1405298821882,0.692361489022514,0.592290032281573,30.5034343843928,25.8528824856743,0.0039538632861744,0.00342837405879175,4.60484776549786e-06,0.00103692403991009,0.00816758231553232,3.83688746821762e-05,3.25354658283264e-05,4.82735307271087e-10,9.98755789967475e-06,8.27768060551448e-05,-379.690133921721,0.0995511601637912,0.0864326335529802,1,0.561599986119479
"sinusoidal",200,"stan",188,306.845,10092.5879342144,8936.66831884206,217.519842230962,265.231292890428,9619.45351040882,3380.47062935304,8313.81792339689,3496.59364555558,32.8914857149843,29.1243732791542,0.708891597487207,0.864381993809343,31.3495527396856,27.0945197848976,0.00417976828328098,0.00368234446411889,4.67121587643437e-06,0.0010814572254282,0.00837058727864139,4.10962656877066e-05,3.55481975530752e-05,5.16971883862936e-10,1.05435498622124e-05,8.599264996421e-05,-385.723207364737,0.122628518210374,0.0931844166358077,0.995,0.568759801541526
"sinusoidal",200,"stan",189,315.64,10504.8216706276,9771.15017503473,234.271429636652,357.676849239282,9481.45504983941,3001.8011407908,8252.42187279679,4261.35316186556,33.281021640564,30.9566283583663,0.742210840313814,1.13317972766215,30.0388260354816,26.14504458496,0.003626143354582,0.00318673727309103,3.53857449783644e-06,0.00100315336748547,0.00739208362430585,3.66746156416118e-05,3.16792369674603e-05,3.99077060821505e-10,1.12244014137854e-05,7.38399537793335e-05,-378.116780928888,0.103751940805408,0.0764389543304914,1,0.559898467583807
"sinusoidal",200,"stan",18,343.605,9997.85168897758,9301.60409309194,188.359423863279,241.36042888276,9533.64348851509,1096.47597585407,7660.39082759575,2226.51529776203,29.0969330742497,27.0706307914377,0.548185922391347,0.702435729639439,27.7459393446402,22.2941774060207,0.00509472812147688,0.00432599729630315,9.24447570934944e-06,0.00108322328014298,0.0111469277379367,4.11965672883938e-05,3.41573036686812e-05,6.60748609989318e-10,1.08784974225051e-05,9.13501861383651e-05,-398.717606075064,0.140460425889356,0.111524672227743,1,0.591445399940964
"sinusoidal",200,"stan",190,303.627,9433.73629294088,9679.36827624374,253.993145577388,188.788005518611,9724.65024178147,5917.58310101207,8533.33671058639,4047.45947121936,31.070149535255,31.8791420929092,0.836530168849897,0.621776078934386,32.0282789138695,28.1046702387679,0.00354650563763274,0.00308650571565166,3.5983657753639e-06,0.00102361959923123,0.00720799714621333,3.57456808425996e-05,3.15584193276144e-05,3.44295824231069e-10,1.00771780779603e-05,7.12903164120056e-05,-374.618179731281,0.0893365300713078,0.0756972766263401,1,0.548907118585654
"sinusoidal",200,"stan",191,282.903,8409.1570094559,8675.96794199186,261.080099218156,314.579851700024,9483.01759097696,4426.81956126618,7964.7575504595,3129.90265807187,29.7245239868644,30.667642061031,0.922860836463932,1.11197071681822,33.5203854005682,28.1536694572327,0.003972696796408,0.00347187242674126,4.32524355720571e-06,0.00106199761869938,0.00810229408307918,3.80898862321622e-05,3.2783201418764e-05,4.49989210380273e-10,1.00234558422808e-05,7.96858941161001e-05,-388.824349492552,0.152086887934672,0.111530665295843,0.95,0.572613527245905
"sinusoidal",200,"stan",192,250.262,8248.19973544765,7927.82803093272,291.994848789813,286.0694480548,8366.62741163656,2582.23697606179,7190.43827727139,4523.37870112057,32.958258686687,31.6781134608239,1.1667566342066,1.14307984454212,33.4314734623577,28.7316423479049,0.00490355892556994,0.00415618871443397,8.87976906980734e-06,0.00125215036668575,0.010453119304985,3.88037477035035e-05,3.250264988443e-05,5.53512337644574e-10,1.01733685661822e-05,8.53940795572922e-05,-383.067998650837,0.141415122336699,0.112058450778817,1,0.579404675406178
"sinusoidal",200,"stan",193,312.2,6886.50488918445,4077.93537541535,355.111643854733,316.289404891884,10028.5209379741,6965.71333443216,8357.15498615817,3369.2375570557,22.0579913170546,13.0619326566795,1.13744921157826,1.01309867037759,32.1221042215699,26.7685938057597,0.00394121195564036,0.00352327380974867,3.73687617343774e-06,0.00113441492186453,0.00768426469374617,3.76379213386377e-05,3.2818062167004e-05,3.70735680721458e-10,1.10858446823308e-05,7.76063501680621e-05,-380.028784468532,0.146753743990124,0.128806328154733,0.95,0.572867249674869
"sinusoidal",200,"stan",194,289.337,10264.5476733436,8939.87229288775,364.358332773079,264.03219312431,9838.01302365056,6640.5060428381,8993.31430399785,6327.06611658575,35.476097676217,30.8977845657063,1.25928703474868,0.912542098398441,34.0019182601968,31.0824896366447,0.00332954606605176,0.00292722985188449,2.96782775729953e-06,0.000963958119508303,0.00681849976475275,3.31609021336754e-05,2.82360484723128e-05,3.40660333885447e-10,9.12556922451118e-06,6.96478771785773e-05,-395.955441423579,0.0868969425404928,0.0743783640637271,1,0.534366508599484
"sinusoidal",200,"stan",195,258.492,9533.82497694902,8585.22117006615,274.375554698294,193.927940119824,8340.92793971281,2428.2300990691,6962.6701114372,4016.12773461549,36.8824759642427,33.212715171325,1.06144698752106,0.750228015257046,32.2676444134163,26.9357276489686,0.00444266692079646,0.00381224899595483,6.73430668273163e-06,0.000982912882048448,0.00936172723790358,3.9180010771681e-05,3.40463889856166e-05,4.70160909523695e-10,1.04679299845398e-05,8.18469290651613e-05,-381.417257717708,0.10544923239199,0.0801371111809282,1,0.569759241285681
"sinusoidal",200,"stan",196,265.336,9543.39534497283,8935.40835452169,326.0117297615,291.635947803912,9485.47083284024,6646.78528419567,8766.85663550047,6386.53991742488,35.9672089161397,33.6758236896678,1.22867507523103,1.09911941012117,35.7489026473612,33.0405849017867,0.00356806586931104,0.00312487516491085,3.34341269229049e-06,0.00104482701996339,0.00706485196660306,3.24920388789672e-05,2.84867924440413e-05,2.81091588898085e-10,9.98539589627483e-06,6.56144599079914e-05,-379.138161702231,0.0809043309632794,0.0618924236239984,1,0.544438705043492
"sinusoidal",200,"stan",197,296.879,11337.7092179484,11198.8299335082,276.582285166007,216.357944743198,9559.53931240091,3901.68865401121,8061.67325055672,3513.27530602565,38.1896638628816,37.7218662603559,0.931633039608752,0.728774836695078,32.2001196191071,27.1547440221663,0.00398376040659189,0.00348016207030558,4.48113840239288e-06,0.000996983812116264,0.00807763877076521,3.97891346514084e-05,3.37016445892717e-05,6.17748216671849e-10,1.10163488191136e-05,8.58675859689146e-05,-378.016849463367,0.117847860379208,0.0844492359441196,0.96,0.5540642526068
"sinusoidal",200,"stan",198,280.12,8502.33945275896,6154.50728423051,233.791894484317,242.07642679431,9394.83627959768,2898.56684326666,7729.6543167009,2720.38567406097,30.3524898356381,21.9709670292393,0.834613360289581,0.864188300707947,33.5386130215539,27.5940822386866,0.00419561105828392,0.0037477760515786,4.5502984095275e-06,0.00108750932189574,0.0083440728282423,3.88541806337305e-05,3.29501514937061e-05,6.42454660189397e-10,1.16527161941956e-05,7.98786392936942e-05,-412.21613329598,0.108452117967013,0.0914990332926772,0.995,0.555715176761579
"sinusoidal",200,"stan",199,303.692,10835.0616961792,9929.91566785612,249.51798121288,290.342767757791,9800.74375937785,5418.54127269778,8545.20732688233,4752.12160068925,35.6777975586422,32.6973238276152,0.821615258923121,0.956043516977038,32.2719852988483,28.1377426039617,0.0039315342394836,0.00341361413284044,4.4583647013877e-06,0.00102856342497029,0.00809629848153191,3.45609751252095e-05,3.0790637857632e-05,2.94912681226382e-10,9.79383035471781e-06,6.84359815980258e-05,-397.320069990019,0.109544652920314,0.0842118433351575,1,0.559341543002515
"sinusoidal",200,"stan",19,330.462,9771.95180827081,9198.84297249987,211.887395589111,328.180278289437,9047.81684881318,2271.06129861189,7595.06976120894,4718.4680075287,29.5705763696607,27.8363108995887,0.64118535743629,0.993095358284574,27.3792958004647,22.983186451722,0.00448026386086078,0.00379978238856395,7.23047367108634e-06,0.00105345083411739,0.00973606098348488,3.68065761792165e-05,3.16080226735376e-05,4.13319881148344e-10,1.06462682325177e-05,7.63837153075487e-05,-390.823266849234,0.130742741747662,0.115051453088454,1,0.575925965441274
"sinusoidal",200,"stan",1,330.737,7709.65845891952,7689.43445241155,299.979752856031,254.869222027668,9390.18532054277,2895.01186493037,7836.71963812839,5242.78941546684,23.3105411820253,23.2493928783642,0.907003912038966,0.770609946959874,28.3916989043946,23.6947170656092,0.00457512187361534,0.00403335422515302,5.69298762539436e-06,0.00126370886397119,0.00936293548269158,3.82113886477519e-05,3.30791069843336e-05,4.18103456435755e-10,1.03726751112848e-05,8.00157162910018e-05,-373.470576079196,0.130687750807478,0.103188524399872,0.9,0.57481569865608
"sinusoidal",200,"stan",200,298.815,4614.63878154235,4840.88925262346,343.677698676139,279.195748934996,10068.3513269873,4726.06127980314,8547.89253066021,3455.59393342121,15.4431296338616,16.200288648908,1.15013536360671,0.934343151899992,33.6942634305083,28.6059686784807,0.0034132255756039,0.00295693447213055,3.56042462294941e-06,0.00100788879136516,0.00687910516428239,3.36781888122494e-05,2.9053553885575e-05,3.11204554696228e-10,1.08571097992931e-05,6.92120645775961e-05,-389.661595580622,0.0675789218311354,0.0516943281830782,1,0.543004561982818
"sinusoidal",200,"stan",20,350.483,9537.85736907515,9754.18356692529,297.146015657434,267.272589260573,10140.4457903321,5001.28782496837,8521.44079499818,5945.00469576889,27.2134664707708,27.8306895539164,0.847818626459583,0.762583603942482,28.9327750285523,24.3134211787681,0.00360606743137073,0.00309914038059411,3.94451162412853e-06,0.000972702327385328,0.00750449289743839,3.43612956971044e-05,3.03305133009734e-05,2.93517434989051e-10,1.07865216899812e-05,6.87690905133356e-05,-395.340671752644,0.0857765514103413,0.0737882851198883,1,0.540035587931648
"sinusoidal",200,"stan",21,343.039,10691.4798136171,10437.1819589841,220.107095107474,243.356985035334,9740.92904680201,5545.72883220817,8362.94725106915,3496.20635058195,31.1669513192876,30.4256424458563,0.641638691540827,0.709414920855454,28.3959813513974,24.3789984551877,0.00372499554828778,0.00326256168460602,4.23017435345906e-06,0.000984643463091743,0.00771618300430647,3.79757230529155e-05,3.2538133426383e-05,5.18871023036437e-10,8.78153407708012e-06,8.05989865060664e-05,-396.394053191076,0.0787233496421949,0.0618970347726338,1,0.550685608720873
"sinusoidal",200,"stan",22,365.686,7788.53870784436,7439.71646068632,306.223663341478,235.252411217157,10078.8722170405,5703.83018494928,8827.69143914806,4156.50342973372,21.2984328299261,20.3445482208406,0.837395096726366,0.64331806855378,27.5615479319429,24.1400858636865,0.00325250227709834,0.00290448207824607,2.27117465221967e-06,0.0010083503723381,0.00626611833886843,3.35744281236947e-05,2.94535713805508e-05,2.99597374755031e-10,1.03135646266981e-05,6.80599451902167e-05,-395.699152212098,0.106442864385562,0.0808750714508799,1,0.534793491360939
"sinusoidal",200,"stan",23,311.65,8977.92455767101,9251.76603655035,218.396085478659,244.789802687476,9175.33602885821,3456.25017676165,7801.00392860265,2107.76231543881,28.8077155709001,29.6863983203926,0.700773577662953,0.785463830218117,29.4411552345843,25.031297701276,0.00437679139904056,0.00378162951579499,5.67723549595272e-06,0.00114581382826922,0.00913347537254986,4.41797700125618e-05,3.7867318893887e-05,6.99256021188755e-10,1.25163531744042e-05,9.10299617618411e-05,-390.905823565534,0.116910816287567,0.087063865647402,1,0.576327249687193
"sinusoidal",200,"stan",24,352.725,8631.90879970607,8704.06764083475,269.386210705394,308.72159964112,9782.24018737775,5220.44880799577,8745.17782761088,6001.79888406675,24.4720640717445,24.6766394240123,0.763728714169379,0.875247287947042,27.7333338645623,24.7931896735726,0.00348988216440706,0.0030570763953345,3.30229883952334e-06,0.00102604281872438,0.00708137831868929,3.59579614439385e-05,3.17728171232749e-05,3.42815382030856e-10,1.01778961959055e-05,7.23643707122867e-05,-389.992502082073,0.111416047549792,0.0932990490954379,1,0.548539598355149
"sinusoidal",200,"stan",25,239.706,9812.05228458325,10050.5325301248,281.662169358611,295.433528548275,9455.75952455965,4578.83738482598,7874.23723841454,4150.14574896645,40.9336949620921,41.92858138772,1.17503178626572,1.23248282708099,39.4473209872079,32.8495625408398,0.0039116451077865,0.0034342871320114,3.95262217012233e-06,0.00107019030979768,0.00782334313874539,3.97427608115567e-05,3.43875613965566e-05,4.58508399140846e-10,1.08695111201236e-05,8.1063712953504e-05,-405.009844491226,0.140283876705286,0.118288584776585,1,0.549309315561692
"sinusoidal",200,"stan",26,277.168,8920.4498736255,7509.72640581927,223.468789090342,231.244142680846,8455.56443478321,2772.51524999688,7010.18868553171,2154.82744928164,32.1842704555558,27.0944928917453,0.80625753727105,0.834310391823177,30.5070009336692,25.2922007069059,0.00528078149292467,0.00442902438379289,9.46510476527389e-06,0.00112467320179927,0.0118209875818337,3.78371699409046e-05,3.20967936793403e-05,4.78214553840739e-10,9.62796175533198e-06,8.10446137446258e-05,-386.411155356228,0.0775609434255508,0.065041214004953,1,0.588195160265079
"sinusoidal",200,"stan",27,341.06,4693.47507011994,4563.87242164264,307.287869667172,325.6819965492,10004.2612885712,4301.52972229534,8338.70401377678,3886.99247353647,13.7614351437282,13.3814355879981,0.900978917689474,0.954911149208936,29.3328484389,24.4493755168498,0.00365900506762429,0.00319982717218096,3.43292176551422e-06,0.00105072502458053,0.00740263460308366,3.4320981169028e-05,2.98024874406202e-05,3.15607363564512e-10,9.99347407402745e-06,7.12228845954558e-05,-388.872144978703,0.10448202871882,0.0744575775571542,1,0.545459395126802
"sinusoidal",200,"stan",28,372.514,6654.23688962574,6936.7342904624,261.985231388014,281.407313787222,9605.74072428464,3501.54443474849,7942.77697426353,4534.28309389106,17.8630518306043,18.6214056128425,0.703289625055741,0.755427484033411,25.7862542730868,21.3220898389417,0.00424656801027341,0.00361309040276599,6.06598006598893e-06,0.00107132928275796,0.00930010688482581,3.77349051742679e-05,3.31587389059269e-05,3.97736387176948e-10,1.11154403832085e-05,7.55144120156111e-05,-385.347202623773,0.0792584999055613,0.0632976983823587,1,0.570460723037106
"sinusoidal",200,"stan",29,319.159,10647.8828707339,10516.4374678876,306.584158398739,234.230263193709,9428.51910328221,5248.09038583392,8903.58700730909,4093.68011050304,33.3623143033217,32.9504650280505,0.960600072060445,0.733898349079015,29.5417616400672,27.8970262700068,0.00359348977178781,0.00314342177895984,3.51798394971538e-06,0.00107965250323295,0.0072553407768142,3.46049467732411e-05,2.9952076342293e-05,3.60352811140936e-10,1.00598436620481e-05,7.14365234639614e-05,-393.280592605311,0.0690535287281871,0.0572448483304495,1,0.543211625172344
"sinusoidal",200,"stan",2,269.759,8571.39954230146,8198.97534404818,229.530804923566,334.236281640672,9387.88780559982,4802.14951474032,7661.67935753028,3718.82652665127,31.7742857228172,30.3937045438639,0.850873575760459,1.23901809259625,34.8010179664064,28.4019415757409,0.00404740607470959,0.00355338030412677,4.10658223574481e-06,0.00118305156896569,0.00823832595789755,3.58973220976691e-05,3.13765326464745e-05,3.82393008412761e-10,9.91937875737862e-06,7.27041791178445e-05,-399.249627616171,0.132043687981389,0.0987163852015461,0.93,0.545378166831452
"sinusoidal",200,"stan",30,342.368,9800.405038629,9220.25350710014,360.421630252569,298.826172771708,9671.14533406941,4925.07316396635,8887.38862847823,4805.81266551172,28.6253535337093,26.9308273760986,1.05273165206026,0.872821562680238,28.2478074296354,25.9585844134914,0.00368556611511039,0.00325219371223153,3.30594574203027e-06,0.00108246167118105,0.00740953860255063,3.49464150947075e-05,2.98406469272335e-05,3.88881293815344e-10,1.00507878663347e-05,7.14503685047783e-05,-393.694092813033,0.0850311559109594,0.0636986894905695,1,0.544779946327266
"sinusoidal",200,"stan",31,390.356,8568.70801180909,9233.7317246021,242.418534362382,313.948435833629,8760.93984951586,3108.47767047666,7375.33446208425,3577.74473764946,21.9510088529678,23.6546427481635,0.621019106565242,0.804261842609386,22.4434614800743,18.8938672957102,0.00430342599363851,0.00369367437754032,5.69182472204468e-06,0.000979873028098436,0.00915709504310181,3.76364778157435e-05,3.28560792731541e-05,4.30603120106261e-10,1.11222047539727e-05,7.7521232928292e-05,-381.828886183125,0.107911578823507,0.0836698779654593,1,0.574414814581415
"sinusoidal",200,"stan",32,310.846,10323.894504973,9809.38951710069,243.87792439272,303.205436928751,9263.41395716902,4160.35073761079,8286.32606214253,4793.68944836753,33.2122482032036,31.5570717239427,0.784561887213347,0.975420101686209,29.8006535621144,26.6573353433614,0.00392680943825731,0.00345220553447824,4.29026333557395e-06,0.00103014879557489,0.00793351787885282,3.43278576533197e-05,2.9166584276317e-05,3.98295197612906e-10,9.44281618193266e-06,7.01463556105752e-05,-395.659312912964,0.117248167137123,0.0868747661427635,0.995,0.546881247457294
"sinusoidal",200,"stan",33,336.599,9818.08210060708,9784.24253047986,212.954181876211,236.057285417799,9228.59072673963,2770.96219855672,8431.65122679197,5061.92155638067,29.1684826770343,29.0679488961044,0.632664333156696,0.701301208315529,27.4171662029288,25.0495433046206,0.00438490561863461,0.00370121456593664,6.9644139544557e-06,0.000986139654362832,0.00949870525091349,3.71972687480861e-05,3.10317241716099e-05,5.85556127733646e-10,9.10136615169905e-06,7.90356078207693e-05,-399.569737516566,0.0765949404991752,0.060539229931769,1,0.562591701865441
"sinusoidal",200,"stan",34,342.143,10445.4714776335,10725.8896438312,322.947443453054,377.335215994425,10052.5576406685,6355.94572528447,8816.03621900106,5532.33112755563,30.5295489828333,31.3491424457937,0.943896100323707,1.10285820839364,29.3811582895704,25.7671097143623,0.00351223175079186,0.00310761103930434,3.05407874691089e-06,0.000939821671567984,0.00690241189134769,3.3828375079888e-05,3.01620119208781e-05,2.63136393963593e-10,1.12187100574926e-05,6.63411729386454e-05,-384.676171437455,0.100740541080382,0.0770147091918067,1,0.548128941385593
"sinusoidal",200,"stan",35,296.137,8731.15684300713,8877.10922238627,264.257972534881,223.267509566341,8794.49426498829,3797.52486257433,7761.71007068977,4197.81990500362,29.4835054147477,29.976359665919,0.892350407192891,0.753933178111281,29.6973842005163,26.20986256594,0.0037484349532416,0.00334362396815554,3.59061354036944e-06,0.00095367188595658,0.00737897934530555,3.75250019708264e-05,3.19733737499777e-05,4.57122729188724e-10,1.01191410622373e-05,8.05105374522094e-05,-390.348389168969,0.10793810728448,0.0903703773484687,1,0.551177041823222
"sinusoidal",200,"stan",36,301.114,3466.17651247076,3455.00713319863,207.781504906904,217.22520507733,8485.9241089318,1871.99375488465,7859.31553880277,2745.28492915636,11.5111768714532,11.4740833478305,0.690042657953148,0.721405198952324,28.1817654075593,26.1007975012878,0.00429932131051943,0.00360673433239501,6.63600735850894e-06,0.00118818129147717,0.00972199200987949,4.1748054721987e-05,3.61356241880726e-05,5.4366098110627e-10,1.08465396500794e-05,8.57788511461059e-05,-390.512376038426,0.122870447593587,0.10270510016838,1,0.56842852221006
"sinusoidal",200,"stan",37,330.639,9532.30503802595,8936.54284937641,291.275090179283,200.183464800655,8972.65734171011,3072.75968303689,7582.06906554327,5039.25320744417,28.82994758037,27.0280966533785,0.880945956705904,0.60544419986951,27.1373230069959,22.9315630205247,0.00422741347650405,0.00359902370310732,6.26413269314028e-06,0.00109543805746175,0.00892999319296189,3.80409133389403e-05,3.28285418474941e-05,4.3361926154706e-10,1.01120289578425e-05,8.01030521977387e-05,-369.939427182466,0.17464683607185,0.141756578494755,0.98,0.589394001263916
"sinusoidal",200,"stan",38,375.073,8545.02611249556,7826.04672927324,308.066844579358,225.863119133211,9545.54249841769,2711.82612710669,7530.11265372767,3419.49120147344,22.7823013453263,20.8653961476119,0.821351695748184,0.602184425787011,25.449825763032,20.0763922055911,0.00414341646080158,0.00360024310850899,5.26504924422713e-06,0.000972493237787884,0.00856729651911123,3.73945340166e-05,3.24892587224162e-05,4.09920755313271e-10,1.11436247651911e-05,7.64558782818506e-05,-394.372599611463,0.103257313771129,0.0796450585945199,1,0.564448492193481
"sinusoidal",200,"stan",39,371.561,8795.30838889702,7281.31328051306,211.206581842037,239.254036632737,9024.71629975306,1104.73964214133,6971.64088768152,4556.07326191664,23.6712367253211,19.5965488318555,0.568430437645601,0.643915902456763,24.288653275648,18.7631126186051,0.00533175049241874,0.00446005647550746,1.03683987337691e-05,0.00100452535111599,0.0119445085004395,3.76803018865584e-05,3.26195877776652e-05,4.2190960986364e-10,9.67142080021374e-06,7.81069399753092e-05,-395.019249768237,0.0882847467770283,0.0710055411565578,1,0.595349816298421
"sinusoidal",200,"stan",3,343.698,8841.60364645124,8328.15114240469,311.597849625057,308.308614903752,9712.73154926559,5304.00799888703,8563.18182238413,5656.41405973514,25.7249202685242,24.2310142695177,0.906603616038081,0.897033485512724,28.2594939431291,24.9148433286901,0.00381189155816083,0.00329964376153216,4.10972538090134e-06,0.00112858748754174,0.00789759812280118,4.09441760424516e-05,3.52398571486066e-05,6.17581463992362e-10,1.0520540536243e-05,8.36608577769885e-05,-387.943937984346,0.148386589557698,0.12656851610124,1,0.554973556812422
"sinusoidal",200,"stan",40,355.794,8220.12679232157,6905.39160506644,365.950941168422,264.957189509485,9756.01647416801,6262.43946961132,8904.27126018046,4543.02154473662,23.1036127431086,19.4083981322519,1.02854725253495,0.744692685962902,27.4204075228025,25.0264795364184,0.00348768136899047,0.00305516731837748,3.24895707405307e-06,0.000986021271073182,0.00716016820459455,3.51782417018577e-05,3.14297483178421e-05,2.84352848205765e-10,9.73990783149199e-06,6.87660763117681e-05,-386.213484952309,0.176337065052595,0.129910001390489,0.87,0.548740119123342
"sinusoidal",200,"stan",41,359.038,9301.50252982547,9413.48665759271,272.105557825197,259.051114581267,10003.5825587954,2795.91053524893,8081.10532467245,3423.60187139262,25.90673558182,26.2186360708134,0.757873979426125,0.721514476409925,27.8621832752952,22.5076602606756,0.00384137164106788,0.00334538704932477,4.10836206160159e-06,0.000977205759314828,0.00804451139902394,3.68124509965328e-05,3.1551423162313e-05,4.04106664316149e-10,1.02754929875764e-05,7.7322332253183e-05,-380.922219979773,0.100680581501462,0.0867041565127642,1,0.549055521019551
"sinusoidal",200,"stan",42,332.832,10853.6192137063,10922.5204731867,325.834003085204,215.402005149468,9551.23592196991,3809.35571051245,8609.87098163917,4430.48205976307,32.6099029351333,32.816918064329,0.978974386733259,0.647179373225735,28.6968678551639,25.868519197791,0.00371621471406655,0.00331312712280642,3.57779011185064e-06,0.00100316687774739,0.00741901140906272,3.71466589743655e-05,3.0978031347627e-05,4.9897981540514e-10,9.54129146736147e-06,7.87134910919457e-05,-379.108785380988,0.106130239951172,0.0879912952818824,1,0.556187279409775
"sinusoidal",200,"stan",43,414.795,9063.76663157621,8765.39672549888,324.05661781601,331.350316852823,9309.10759293408,4842.81765796851,8113.30550101125,5585.31462090497,21.8511954859056,21.1318765305726,0.781245236360153,0.798829100767423,22.4426706998254,19.5597958051839,0.00386485312177875,0.00344332563601524,3.70028498882281e-06,0.00110667604239612,0.007679640642038,3.26953632295168e-05,2.91093231511707e-05,2.42535106869066e-10,1.04828002977182e-05,6.40686344926569e-05,-388.789065602921,0.104336764561868,0.0791561384211077,1,0.550924988248042
"sinusoidal",200,"stan",44,348.446,9079.43904742929,7571.3414408996,249.779343128458,241.099664904022,9344.26417231977,3385.62165715804,8296.59174251197,3761.85134706644,26.0569472670924,21.7288803455904,0.716838026920837,0.691928347302083,26.8169649596201,23.8102654141875,0.00408519770277203,0.00350827211503305,5.21970818376018e-06,0.00105760840923236,0.00861038562817362,3.70830255568894e-05,3.17468074823782e-05,5.0606226861985e-10,1.03334278823002e-05,7.44308602459223e-05,-391.719543938442,0.0938660988534641,0.0731165915382827,1,0.565468577068153
"sinusoidal",200,"stan",45,343.549,9268.94714151933,8073.32183151341,199.555003843057,349.095879180697,8499.9508324982,1657.57053625463,7205.37974161598,2986.42080805426,26.979985799753,23.4997681015326,0.580863294153255,1.01614581669776,24.7415967809488,20.9733684033893,0.00546331870541738,0.00462319875444256,1.03189784154556e-05,0.00127760884395512,0.0121934040846139,4.2499733702986e-05,3.61760070072137e-05,6.64542051190191e-10,1.09950302847256e-05,8.90496900255314e-05,-392.15640407735,0.127989953706866,0.0925872804905296,1,0.602062450834831
"sinusoidal",200,"stan",46,346.063,3734.15478343573,3700.11465240452,347.496584873927,277.826758935754,9412.15464470329,3021.22491125824,8543.46462341967,2962.51175782767,10.7903901412047,10.6920261698145,1.00414255460401,0.802821332924219,27.1978068869058,24.687599146455,0.00395870730731032,0.00340056348809756,4.79365648795902e-06,0.00116669019807013,0.00831786677050212,4.02561700953874e-05,3.42439609533651e-05,5.80120992697765e-10,1.14584077770095e-05,8.5281764347604e-05,-395.97988865393,0.0921727184445975,0.0710559697637661,1,0.547309086768803
"sinusoidal",200,"stan",47,301.2,9481.98320404008,9257.01250357817,349.846681476104,277.659227694951,9237.94040202333,4190.1285386745,7780.41112538605,3862.2314059703,31.4806879284199,30.7337732522516,1.16150956665373,0.921843385441406,30.6704528619632,25.8313782383335,0.00415117195952546,0.00354035093308196,5.33631945040818e-06,0.00114320808188976,0.00879896573725605,3.76204228812619e-05,3.16897587085022e-05,4.69860204314408e-10,9.71782750308213e-06,7.98200800493165e-05,-413.186336881469,0.15293376541387,0.124926776265014,0.935,0.548722073872406
"sinusoidal",200,"stan",48,297.873,9547.81429153043,8840.42780241213,286.141002459884,271.630031941271,9326.80036886311,4775.62433095665,8396.20883583745,6024.8173242529,32.0533055749612,29.6785133342469,0.960614095469826,0.911898802312633,31.3113319060912,28.1872101057748,0.00371777930047768,0.0032576946334601,3.84474000803914e-06,0.000982645041749328,0.00758865506156017,3.61442915654802e-05,3.15702083077864e-05,3.52868674850875e-10,1.05004215548131e-05,7.36101402032603e-05,-389.31709443653,0.0875873990727981,0.0711008541580031,1,0.545519808595655
"sinusoidal",200,"stan",49,340.659,10431.4477752945,10145.6023273478,241.773087776194,315.137314795419,9410.39317432166,3836.75282723613,7854.53900702174,3586.56163530196,30.6213773165968,29.782281775464,0.709721709322796,0.925081429803465,27.6240850067712,23.0568956258949,0.0039284889654064,0.0034478829230415,4.11121306188374e-06,0.00107899731178251,0.00809066529146031,3.78031175047948e-05,3.29064537199709e-05,3.85257422229696e-10,1.00974311728722e-05,7.66351452105613e-05,-387.730451157869,0.163613619090613,0.128240460850053,0.94,0.551335350090992
"sinusoidal",200,"stan",4,334.207,10012.1506642951,9007.79192686827,251.437069938536,200.388946521766,9231.33466055934,3456.37426486996,6874.31805473703,2894.20040717581,29.9579322524517,26.9527326682812,0.752339328435777,0.599595300283256,27.6216077477711,20.5690427032858,0.00480130710525429,0.00416578219445884,7.02869094058756e-06,0.00123500346568344,0.010341991299513,4.08624896138039e-05,3.42929427350498e-05,6.11626378842939e-10,9.82721084841699e-06,8.89999539717252e-05,-391.174724907866,0.106623318671356,0.0890104943088877,1,0.574544811185524
"sinusoidal",200,"stan",50,286.806,9051.69120593974,8698.27338536641,292.402734337958,274.755508667843,9268.193546298,4962.30840154574,8175.22759454217,4807.10841138502,31.5603272105177,30.3280732807766,1.01951400716149,0.957983824145392,32.3152010289115,28.5043813397982,0.00370586812827281,0.00330971828709981,3.25653805048357e-06,0.000973104059124865,0.00720745103025408,3.40304883082182e-05,2.98475786556271e-05,3.0805508384396e-10,9.55586501234553e-06,6.8996926918083e-05,-393.931689443931,0.0878894350318035,0.0707664332224723,1,0.537657216992417
"sinusoidal",200,"stan",51,327.261,8459.28677266049,8053.98431609621,262.045728304703,232.319286533611,9560.36498687132,4371.94433992001,7512.87937406678,2865.02134168633,25.8487469410058,24.6102783897141,0.800723973540088,0.709889924352768,29.2132731577283,22.9568429298535,0.00423649334189895,0.00362263665282995,6.24563531430044e-06,0.00111988901015052,0.00915065824133655,3.45836796607837e-05,3.01953760608201e-05,3.89731402540267e-10,9.65987795792814e-06,6.80493231557298e-05,-392.752128192019,0.115489410146836,0.101294348595937,1,0.572665312700531
"sinusoidal",200,"stan",52,326.616,7885.83040763672,7624.77855215097,238.913753057114,308.867665806372,8914.70147062433,1933.93839786243,7479.56710746614,3914.64363484561,24.1440419564158,23.3447796560823,0.731482086171877,0.94565993645863,27.2941358372656,22.9001858680106,0.0047954673174204,0.00404796667677993,7.89720719040966e-06,0.0010823860310002,0.0105042836010736,4.16369141198249e-05,3.56282285854151e-05,5.27778705585639e-10,1.13648075134884e-05,8.7306029235624e-05,-394.986847826898,0.108967702786708,0.0896859053705993,1,0.585782088718512
"sinusoidal",200,"stan",53,255.564,8048.88951418035,7338.86548485665,293.575491266511,275.916932656626,9020.96655644212,4185.25302238521,8313.48576580035,5055.05243146393,31.494613929115,28.7163508352376,1.14873570325441,1.07963927883672,35.2982679737448,32.529956354574,0.0039161423573718,0.00343480704390595,4.72369817770222e-06,0.000989945823794248,0.00788448187981976,3.53200274191043e-05,3.11385682709066e-05,3.23009637928662e-10,1.03277880863776e-05,7.07598259712256e-05,-394.147035500626,0.0612164264272978,0.0451252981022149,1,0.553902740393337
"sinusoidal",200,"stan",54,322.604,8864.36647913523,7615.98651248298,206.347087497043,206.6811009007,9845.00461954156,2520.98795039087,8094.95466552759,5794.61934955343,27.4775467109374,23.6078489804311,0.639629662053302,0.640665028644097,30.5173048677064,25.0925427630395,0.00405050404478802,0.00344901737232538,5.65917076757211e-06,0.00106413724794624,0.00880527891902466,3.56099941824249e-05,3.07184698633508e-05,4.07511476349484e-10,9.31500055996233e-06,7.20532553039694e-05,-390.648124968168,0.0748862058249308,0.0641562412417206,1,0.548606905818021
"sinusoidal",200,"stan",55,284.128,9202.95999600638,9142.81734015768,238.059994412888,296.361936348466,9577.76164400362,3698.0046077671,8336.36985808878,5486.04723260097,32.3901903226939,32.1785158103308,0.837861789098182,1.04305783431575,33.7093198980868,29.3401912451036,0.00381139522055655,0.00322450176971558,5.16306341856789e-06,0.000964459455473125,0.00806133974849993,3.48714148479569e-05,3.01191910651279e-05,3.62178408891297e-10,9.75864961172503e-06,7.08303614720425e-05,-385.486501704324,0.0752137931330485,0.0631404908717043,1,0.549467089556548
"sinusoidal",200,"stan",56,292.939,9111.34702397677,8411.15490279287,245.054241824262,243.087968281559,9727.62548839079,4252.97438169238,8476.00038085488,4623.25199890588,31.1032229371192,28.7129911100703,0.836536759612964,0.82982453098276,33.2070003939072,28.9343528203991,0.00400160957066334,0.00344611909304425,5.20469336617225e-06,0.00105220621737015,0.00827361927245628,3.53997462338393e-05,2.97609875211877e-05,4.8795399561368e-10,9.88529254056883e-06,7.55149099208335e-05,-405.423567986354,0.0615413570077517,0.0517674222515355,1,0.551771379394827
"sinusoidal",200,"stan",57,287.905,8903.45201347312,8769.43726266143,280.173850750116,317.856984675037,9690.40535379774,5334.12162407527,8267.03656196154,4374.49191652419,30.9249648789466,30.4594823384847,0.973146873969245,1.10403426364612,33.6583433903466,28.7144598459962,0.00397041310841488,0.00347619281566602,4.7894757297886e-06,0.000957898399368834,0.00799428386712889,3.82139388440123e-05,3.35734338857117e-05,3.95032667856302e-10,9.98900688278717e-06,7.55795698726827e-05,-389.91868426402,0.109859911500108,0.0784280530419287,0.99,0.559906239206128
"sinusoidal",200,"stan",58,291.859,7810.94286702271,8430.47925200261,400.706435676365,381.43486406901,9911.66054311639,6696.91980625105,9103.85421472136,4656.01821532264,26.7627274369566,28.8854523999692,1.37294527726185,1.30691485980905,33.9604416622972,31.1926451290567,0.00327118421430842,0.00290124769233396,2.52360549462175e-06,0.000938922809793306,0.00653556723691314,3.46318327042062e-05,3.01843679628909e-05,3.1465475906068e-10,1.10103645321709e-05,6.87708116459322e-05,-373.969407051302,0.0715738997460581,0.0586745820765889,1,0.54077067358488
"sinusoidal",200,"stan",59,275.565,9642.62088218994,8959.09196222934,258.573253395398,326.567350224631,9156.18549200548,3077.35738257842,7962.51221019935,3719.23542521892,34.9921829049043,32.5117194209328,0.938338516848648,1.18508283063753,33.2269536842686,28.8952233055698,0.00480595671645123,0.0039633639462402,8.83035730533169e-06,0.00104892096463141,0.0103731637322116,3.26732233844895e-05,2.85838065663508e-05,2.88164614547884e-10,9.24574977809741e-06,6.5588751449047e-05,-399.512107518563,0.0889209316563486,0.0699468072282707,1,0.570324338407778
"sinusoidal",200,"stan",5,368.158,10254.5058706597,9853.88324121199,284.498682366596,260.309966950337,9734.63914266402,4009.8877717478,8596.71088208693,4276.68807618777,27.8535462237943,26.7653649824586,0.772762461678398,0.707060465752033,26.4414711690742,23.350601866826,0.00383019784418196,0.00333638392226757,4.35216014656974e-06,0.00110011668607843,0.00795753719816996,3.56011935687769e-05,3.02194612081526e-05,4.13214314456015e-10,1.0156441475711e-05,7.37004289946257e-05,-391.717158048915,0.100891818211236,0.0691464766199078,0.975,0.541610874165832
"sinusoidal",200,"stan",60,381.303,9080.82172173473,8084.45006734499,353.920270008122,277.217135520626,9135.94832649716,4586.47003312601,7491.29459187796,4388.92389016447,23.8152380698152,21.2021674818845,0.928186429186558,0.727025844330168,23.9598123447682,19.6465660954096,0.00374677761955931,0.00339110564323332,3.24057716028715e-06,0.000949713156677091,0.00721107414252488,3.67521313077548e-05,3.16721522309049e-05,3.92975011472303e-10,1.08662216353748e-05,7.59211409767401e-05,-384.868122582264,0.100740591562452,0.0764329507487363,1,0.558256162204454
"sinusoidal",200,"stan",61,299.014,7542.41515929315,6170.12420403905,277.184167321422,248.489119297941,9800.65705054923,4527.37971000273,8490.34344099693,3925.81387557596,25.2242876898511,20.6349007204982,0.926993944502338,0.831028377594162,32.7765825364339,28.3944679546674,0.00395363737213698,0.00345690197279291,4.3409832723133e-06,0.000968510658641039,0.0080163881295963,3.57087602600452e-05,3.15290459327349e-05,2.93296011644855e-10,1.10043475318387e-05,6.93827071217454e-05,-387.589964595487,0.13217109627761,0.105796896364917,0.975,0.564584375800461
"sinusoidal",200,"stan",62,290.261,9732.84304243118,8843.82010093259,244.79174958881,267.800986196179,9517.12709219125,3614.21214798453,8461.19031609206,4431.43780275517,33.5313495179552,30.4685097237748,0.843350465921396,0.922621317352931,32.7881702749982,29.150283076583,0.0041707901149319,0.00359831777999225,5.85232667402994e-06,0.00111292471094701,0.00878104456092391,3.79630908689496e-05,3.3272992840574e-05,3.9297467352569e-10,9.95719167893583e-06,7.65484998146655e-05,-389.20296720187,0.0860630200613925,0.0699872222831147,1,0.562396080833158
"sinusoidal",200,"stan",63,269.512,8848.84804950513,8822.10255747783,256.94534024681,304.594891726996,8723.77502401451,3386.81885511908,7588.50790641718,3367.90930684934,32.8328536373339,32.7336168982377,0.953372540913986,1.13017190969974,32.3687814420675,28.1564750601724,0.00473905820173255,0.00408586202228921,7.14140593102443e-06,0.00118189409824979,0.00979491273804723,3.87754305429114e-05,3.36258298615599e-05,4.31148902844416e-10,9.90885187264148e-06,8.13618884206908e-05,-391.974284989427,0.110136313116532,0.0933602800913492,1,0.585943448252242
"sinusoidal",200,"stan",64,240.013,8093.38425100997,7882.99204855896,279.060982779603,310.13795554543,9156.21768332962,3897.44930181793,7167.23109226571,3663.71811639661,33.7206078462832,32.8440211511833,1.1626911158129,1.29217148881698,38.1488406183399,29.8618453678164,0.0044270645526052,0.00386404515003393,5.53997154994703e-06,0.00122785531681799,0.00916116859758996,3.67245732909706e-05,3.17552755934573e-05,3.94758021776026e-10,1.00790176885639e-05,7.56358268378109e-05,-383.129724773151,0.103473799217738,0.0782580298549002,1,0.563020455377653
"sinusoidal",200,"stan",65,295.887,10280.9668476564,9154.38978112914,238.763629464083,330.1863337125,8968.31996941308,3629.21564951685,8090.60179064737,3272.90793247584,34.7462607267517,30.9388036011354,0.806941938862076,1.11592038079571,30.3099493029876,27.3435527436061,0.00437624498338019,0.00381164439490674,5.78717160015305e-06,0.00108177263422158,0.00900543438797285,3.73940055404479e-05,3.24184510713085e-05,4.097208590961e-10,9.70388313833377e-06,7.68064048335852e-05,-391.038391143445,0.104472922679434,0.0844689940929754,1,0.572062724475895
"sinusoidal",200,"stan",66,299.059,9950.03109129102,8300.07720797022,154.880215219962,247.735482978142,8775.97000008866,2467.34304103605,6772.63154737474,3667.45614719316,33.2711307510927,27.7539790073872,0.517891838132148,0.828383305562253,29.3452796942699,22.646472928,0.00512653469690928,0.00430380923714565,1.02759945899307e-05,0.00105293013142146,0.0112227186439634,3.86832799495151e-05,3.1930029167238e-05,1.03726503265064e-09,9.27720344343266e-06,8.00441180808725e-05,-396.80825394468,0.103124118184504,0.0831287539697057,0.97,0.580576152111609
"sinusoidal",200,"stan",67,327.18,8866.7096752323,8461.10419800355,308.40423534413,292.640303265575,9328.66559102409,4339.49022364882,7373.82361714186,4301.61834778924,27.1004024550165,25.8607011369997,0.94261334844468,0.894432126858533,28.5123344673393,22.5375133478265,0.00443438020848113,0.00393595642455641,5.10907630858275e-06,0.00117419333498432,0.00896702040668843,3.55736309506403e-05,3.10245934364464e-05,4.06324651985902e-10,9.35067898250409e-06,6.984816672989e-05,-401.207377720186,0.0983445608031056,0.0811855046070855,1,0.558711857980507
"sinusoidal",200,"stan",68,290.741,7097.44984649276,7242.67757753304,370.616154013984,300.285744098934,10205.3652334067,7503.01042299847,9285.3311624816,5027.42485540077,24.4115891686854,24.9110981166504,1.27472958411089,1.03282902686217,35.1012249163576,31.9367793413437,0.00344249393380371,0.00306674190627604,2.72781108423982e-06,0.0011165121666096,0.0066658780434904,3.69783459071669e-05,3.24740527074766e-05,3.48654154345683e-10,1.07626705635209e-05,7.37996786742365e-05,-386.119198805295,0.0915152377717363,0.0585180714706293,1,0.547778082396022
"sinusoidal",200,"stan",69,273.171,8925.77031739807,8532.66076455167,242.365206965671,225.486971530762,8901.25250042139,3513.11958233576,7680.79587930258,4913.77070032165,32.674662820717,31.2356024781242,0.887228904113799,0.825442567222591,32.5849101860058,28.1171715859392,0.00456851817637984,0.00395694562402709,6.20053202023505e-06,0.00107829537482327,0.00951514041578558,3.6414811270451e-05,3.09771745325138e-05,4.2055692680448e-10,9.58839059946014e-06,7.55603169072542e-05,-388.087895698542,0.128915572554966,0.104880761680619,0.99,0.580300954831307
"sinusoidal",200,"stan",6,295.303,8729.86849934435,8937.89560157924,206.122986047575,321.668817069356,8715.75231903801,3937.70611231574,8169.48076775608,2471.45535898286,29.5624104710902,30.2668635319629,0.698005052598771,1.08928394587714,29.5146081111198,27.6647401745193,0.00386020851828951,0.00335556504284882,4.60061140932351e-06,0.00110030988159672,0.00783227603737121,3.99314991145886e-05,3.43068083938841e-05,4.84497476172923e-10,1.12351555107112e-05,8.36298598538778e-05,-395.163265938771,0.138735986915798,0.106294223167586,0.94,0.554634346466145
"sinusoidal",200,"stan",70,272.549,9150.19039842914,9508.61064173385,302.639856735924,230.434197015097,9167.75437490406,6199.3636871953,8267.33108402835,4658.10797932783,33.5726434455057,34.887710619866,1.11040530963579,0.845478049873955,33.6370868170643,30.3333752243756,0.00363753242804005,0.00315659613381406,3.61257164785156e-06,0.00100658070817945,0.00758736398215787,3.58535614220584e-05,3.15050359946058e-05,3.47844491100803e-10,1.13690275546255e-05,7.0382847428203e-05,-392.517512876572,0.12467950646044,0.102645824921562,1,0.560456549697643
"sinusoidal",200,"stan",71,288.935,5467.5787002228,4387.90849437789,197.926633764822,296.922832194914,8781.26321392769,2446.63586151072,7197.53042679431,2439.07911576392,18.9232135263045,15.1864900215546,0.68502131539904,1.02764577567589,30.3918293523723,24.9105522930566,0.00464420606506336,0.00384304131201275,8.53653586123631e-06,0.0010850610110826,0.0105329200241187,3.93161859672915e-05,3.32108963001689e-05,5.44187709258289e-10,1.04907328719182e-05,8.43030737117336e-05,-398.227898165014,0.119206996846624,0.0932646704990834,0.93,0.572044617580462
"sinusoidal",200,"stan",72,284.567,7763.96564327114,6432.77563895512,263.270430636193,298.843316357264,9929.65108388467,4261.15581306518,8774.98951609912,5168.95980843273,27.2834363902741,22.6054870696712,0.925161493202631,1.05016855909949,34.893895229892,30.8362864144441,0.00409958164761229,0.00352500140971554,4.98643562846505e-06,0.0010181219215389,0.00864833796848685,3.83205030824745e-05,3.30692853002335e-05,4.15375501483963e-10,1.1405970891341e-05,7.77062366539124e-05,-394.475520488054,0.0571507468639912,0.0454335098093595,1,0.56234396983192
"sinusoidal",200,"stan",73,271.894,9393.70345922568,9518.76719244377,309.71962992824,274.782966062651,9062.7270714338,4140.03897913608,7982.6755224756,3369.1390472196,34.5491384849451,35.0091108757228,1.13911903141754,1.01062533951706,33.3318391411131,29.3595133488624,0.00375995581524204,0.00327057611302177,4.13632633326843e-06,0.00101760145954154,0.00767028984568311,3.99383183394224e-05,3.51808454692449e-05,4.75344785201497e-10,1.13727823770767e-05,7.66552564583334e-05,-386.567999540005,0.127463764118756,0.0922846981689543,1,0.559166263920958
"sinusoidal",200,"stan",74,290.287,7581.58582974691,7631.81875869771,252.898838342689,303.832358689885,10061.4094456963,7555.42554241162,8629.15038350474,5172.27660176135,26.1175520424508,26.2905977832204,0.871202769475344,1.0466619541691,34.6602136702515,29.7262722185449,0.00366585500237767,0.00315457984318242,4.21662622164617e-06,0.000983885139216192,0.0077361154075888,3.53888667069718e-05,3.06219344297502e-05,3.87426949739687e-10,8.87522151805946e-06,7.2442603719508e-05,-402.445036206658,0.062118834013368,0.0467930486941289,1,0.553724126699075
"sinusoidal",200,"stan",75,261.823,8661.14431624284,8647.86584682405,263.260140052189,183.010006668549,8772.2445220544,3007.07833537328,7801.6181668178,3273.10794245002,33.0801507745417,33.0294353315945,1.00548897557582,0.698983690006415,33.5044840294947,29.7972988118607,0.00443666124555921,0.00371421162689738,6.64359116442959e-06,0.000959161011761584,0.00951559465656339,3.89279518842341e-05,3.33551887477984e-05,4.58098940722423e-10,1.06166128715874e-05,8.11062464707975e-05,-396.455107875286,0.0774026205350534,0.064925587798201,1,0.569221295047249
"sinusoidal",200,"stan",76,277.316,9314.41420373669,8788.86186345629,306.314936242054,266.508525522465,9303.01502346134,3113.9430028401,7615.32335326122,4135.67393841781,33.5877273714343,31.692588467511,1.10457000765211,0.961028305335665,33.5466219888551,27.4608149304808,0.00413197075029721,0.00350094948391433,5.69289392132765e-06,0.00107926195345275,0.00895199324536537,3.67609081431962e-05,3.13848633196401e-05,5.82598990861168e-10,1.00032636802187e-05,7.44775839315723e-05,-398.650096656717,0.103116145692769,0.0868898944129029,1,0.562326990640186
"sinusoidal",200,"stan",77,304.207,10927.6516239604,11188.1591146361,398.276417301093,242.674309006087,10162.5425249837,5969.11517014008,9052.56990398441,4124.3164852787,35.9217625628616,36.7781119916244,1.30922831263282,0.79772756381703,33.4066688964543,29.7579276741969,0.0034363205601942,0.00302433389004963,2.89560297319157e-06,0.000908824539023027,0.00675067172536494,3.63313729327756e-05,3.08078434638253e-05,4.68446016627601e-10,9.84421023803938e-06,7.41907251857287e-05,-385.422571797588,0.0738809583485147,0.0604440226301003,1,0.547866722946543
"sinusoidal",200,"stan",78,310.001,9916.80263615703,8030.69658421395,203.96858777045,327.717525172352,9280.65451536666,1891.33062023985,7086.65556077676,3754.52057046061,31.9895827308848,25.9053892865312,0.657961063901244,1.05714989684663,29.9374986382839,22.8601054860364,0.0049332312386587,0.00422248429071721,8.58993659834008e-06,0.00112371240717638,0.0106986272264696,3.91848382906419e-05,3.45508290404406e-05,4.12156768908036e-10,1.10011867174048e-05,7.94696620871457e-05,-387.605755104098,0.108458494054933,0.0825134775187135,1,0.582321643809958
"sinusoidal",200,"stan",79,256.373,8241.17380749341,8865.66858837661,289.45656691127,295.170851209749,9184.36270818544,5918.50902726743,7947.11761030914,4660.28718360885,32.1452485538392,34.5811321331677,1.12904466114322,1.15133360849133,35.8242198210632,30.99826272778,0.00359461623698945,0.00315511362214366,3.43470944195792e-06,0.00102530541179359,0.00724810324098196,3.63065192418685e-05,3.10244947909315e-05,4.60741206865756e-10,9.89576459430516e-06,7.42975583006683e-05,-385.60382237452,0.120137877826169,0.0966266417920519,1,0.548154119617167
"sinusoidal",200,"stan",7,352.836,8892.65463329327,8836.95335323081,313.0837279321,378.096692561448,10374.8190663973,7127.21334320395,9609.5646360854,5906.66053274216,25.2033653972193,25.0454980592423,0.887334988300796,1.07159329705996,29.404083104891,27.2352158965792,0.00316979021102785,0.00282862006106778,2.27216663069731e-06,0.00103425303977668,0.00628347105638115,3.5025871184764e-05,3.11395059619661e-05,3.15027330423166e-10,1.00486202522389e-05,6.69780167383387e-05,-389.853249153356,0.0839320180063229,0.0664167376986365,0.99,0.534660729215229
"sinusoidal",200,"stan",80,270.601,5179.42474243849,3583.10314999319,349.636412866133,245.543140878978,8884.39372974542,4260.73280068264,7584.85394531744,2481.49141813509,19.1404493791172,13.2412783027158,1.29207361711942,0.907399236806137,32.8320801835374,28.0296597030958,0.00369306600523371,0.00326892434292657,3.43895402943322e-06,0.00115662590956715,0.00727605354212532,4.22668515481612e-05,3.49560249326481e-05,8.03642863739935e-10,9.81419380925752e-06,9.18328616221464e-05,-388.790218818433,0.10832604499584,0.0897381279600515,1,0.557872404471439
"sinusoidal",200,"stan",81,275.842,7664.90582592184,6508.69109971118,246.73609267117,342.320077733142,9075.97522206144,3618.35964832401,8385.828609079,5157.75822453791,27.787305145416,23.5957218252158,0.894483409601038,1.24100056457371,32.9028038589535,30.4008403690482,0.00413313295305999,0.00350709870969884,5.6786177109668e-06,0.00106236460401952,0.00896156004894238,3.78756676686835e-05,3.31385935434216e-05,3.77518780164149e-10,1.10193217164731e-05,7.75307084579219e-05,-387.06106103019,0.0976018347968474,0.0771905390224275,1,0.562080064458328
"sinusoidal",200,"stan",82,269.894,9531.16120866446,8536.66008660934,234.320268336688,249.835383736553,9247.8278165748,2541.00074082701,7873.08678839267,3274.60192130584,35.3144612650317,31.6296771569925,0.868193692103892,0.925679651035419,34.2646661895959,29.1710330292362,0.0038781613067489,0.00338627993125697,4.1550630188542e-06,0.0010102648251167,0.0080270577474322,3.75494686667655e-05,3.16915993258749e-05,5.555419415802e-10,1.02478536038872e-05,8.05490615910179e-05,-378.909870441298,0.120084456580232,0.0924650678182165,0.975,0.551663456801429
"sinusoidal",200,"stan",83,313.844,9239.34470932416,7900.01432891391,243.493428230667,136.594210811356,9898.30054922567,3846.88325623268,8913.64726697269,5647.93473484801,29.4392905689583,25.1717870308622,0.775842228083592,0.435229638965078,31.5389191739389,28.4015219885443,0.00370196578650336,0.00315416421325263,4.24052641946347e-06,0.000961962745720651,0.00783564907009765,3.41923146590447e-05,3.04649671278133e-05,2.9372565888065e-10,1.10731845179934e-05,6.70490702870261e-05,-384.032620892249,0.0676542976941017,0.0562044959314034,1,0.547668997493794
"sinusoidal",200,"stan",84,290.424,7586.12710516724,7011.93066084052,284.5623273132,269.072293779681,10058.415970074,5788.50367704084,8751.84542709785,4825.07716924848,26.1208684721898,24.1437713854245,0.97981684472771,0.926480916796412,34.6335563523469,30.1347182984115,0.00358796122020284,0.00310725262648442,3.81240721161359e-06,0.000990987563112491,0.00735042267060078,3.57808322503121e-05,3.03785415956188e-05,3.73053639327099e-10,1.1300562602042e-05,7.38986345562322e-05,-395.006391865973,0.108141662390579,0.0958422456803003,1,0.537974147238617
"sinusoidal",200,"stan",85,280.459,9030.65183899841,7313.74150774412,240.528246739066,278.911772660431,9690.88938872792,3441.04382700591,8413.04091813198,4709.19810589208,32.1995437443562,26.0777564911239,0.85762356258514,0.994483231632543,34.5536758981809,29.9974003976766,0.00403537748157348,0.0035393509188283,4.62109535487758e-06,0.00104638152130535,0.00820773385085452,3.87307437481299e-05,3.31012799135268e-05,4.87401763257276e-10,1.04571181233088e-05,8.08695091814829e-05,-381.838539752444,0.0837267775175296,0.0705944435663545,1,0.566268579416667
"sinusoidal",200,"stan",86,324.639,3761.46710458917,3376.17069803784,226.330157664885,246.603804730201,9017.44572876442,2337.49635354213,7132.55430147214,2367.8496874675,11.58661499262,10.3997692761432,0.69717488553404,0.759624705381059,27.7768405175115,21.9707253332845,0.00539096771619086,0.004510027506306,1.09088251183096e-05,0.00120183440067491,0.0121241289992365,4.24155268206281e-05,3.6658071657916e-05,5.92427711858098e-10,9.93070454378353e-06,8.92832299676245e-05,-406.792722720707,0.120518666374487,0.102965230699662,0.99,0.582798770711676
"sinusoidal",200,"stan",87,318.208,7254.89171008485,6686.28289439307,218.289965650531,290.219235854989,9500.42992116478,3845.87329204977,8554.87972013686,5661.70188664022,22.7992121822357,21.0123029414505,0.685997729945604,0.912042550328681,29.8560373125905,26.8845526201002,0.00400557315434245,0.00341552074024395,5.33425284525627e-06,0.00101380687411217,0.00860518582970586,3.49981953275401e-05,3.03919179947125e-05,3.62756292152733e-10,1.05455325720581e-05,7.0150820278345e-05,-400.307906928237,0.0778593681495221,0.0604336676503934,1,0.552865515723235
"sinusoidal",200,"stan",88,320.75,5983.25388293655,6705.12874995243,317.069406525717,323.083472189189,9643.2418151559,4640.41980415059,8319.57662356379,5416.93649814144,18.6539481930992,20.9045323459156,0.988525039830764,1.0072750496935,30.064666609995,25.9378850305964,0.00385258982245682,0.00332688338040829,4.46807051647784e-06,0.00106960664511593,0.00796300359299415,3.3563699817337e-05,2.98570625087013e-05,2.60005165810912e-10,1.04440990542856e-05,6.50842479496177e-05,-396.450827862866,0.0759667740899496,0.0590158521684787,1,0.549299570223309
"sinusoidal",200,"stan",89,286.062,8798.26159917109,9312.75930198255,215.375166899376,266.890293167976,9370.42793924806,3644.25528920783,7991.43861324306,3823.71698684224,30.7564849549087,32.5550380756009,0.75289680873159,0.932980588711453,32.7566329650498,27.9360369893347,0.00436992572989278,0.00378827439048225,5.62860514418625e-06,0.0010892640752932,0.00907606038171402,4.05476156353729e-05,3.4478268704656e-05,5.78679011882383e-10,1.1888530750746e-05,8.46994855402801e-05,-388.285206393642,0.109829150202962,0.0924433445661756,1,0.576035727492381
"sinusoidal",200,"stan",8,359.535,9820.6094341128,9124.94716787744,298.414823812988,334.07927579026,10337.8165030596,3660.19343761857,8242.80742718147,4416.21023533467,27.3147522052451,25.3798577826288,0.830002152260525,0.92919820265137,28.7532966277541,22.9263004357892,0.0040293836721184,0.0034720342836883,5.1348633800812e-06,0.000964782306967319,0.0084686850900998,3.42187939243418e-05,3.01165386790924e-05,2.97886244508722e-10,1.02510731799874e-05,6.90217347355688e-05,-406.290161895114,0.109715734484218,0.0925701893013777,1,0.543702835377111
"sinusoidal",200,"stan",90,382.478,7078.58669080492,6582.36177181445,229.454622565289,219.450079833689,8188.38452781959,2779.96185001233,6203.74915666399,1856.77394051468,18.5071734604472,17.2097787894061,0.5999158711489,0.573758699411965,21.4087726034428,16.2198849519815,0.00439285695777318,0.00376781096338572,6.38994691236509e-06,0.00109423263068194,0.00942532635270259,4.05265867688866e-05,3.32356155199621e-05,6.79320574533589e-10,1.02503231678532e-05,9.01330355464357e-05,-396.00481651189,0.117889683056902,0.0946813154457284,1,0.570155786261321
"sinusoidal",200,"stan",91,267.023,4389.98698291147,3740.09502076951,306.793460500532,269.918667247278,8733.09965141927,2343.32630394183,6764.4835843676,1733.96326916212,16.4404825910557,14.0066399552455,1.14894020552736,1.01084426153282,32.7054210739122,25.3329622705445,0.00486005655074701,0.00423484437252149,7.04700262708e-06,0.00114094753930352,0.0101283711735015,4.14375788292355e-05,3.42712781477879e-05,7.19272628343087e-10,1.04921315881558e-05,8.86109527770568e-05,-384.9166604442,0.0954076513222808,0.0795725661159042,1,0.579750573038649
"sinusoidal",200,"stan",92,285.02,9200.85822938202,9636.49858987717,331.099463884124,257.962959038829,9894.94402356493,5910.6016167963,9128.50853091121,5906.3670099818,32.2814477207986,33.809903129174,1.16167098408576,0.905069675948455,34.7166655798363,32.0276069430609,0.00358790797504391,0.00311735913840508,3.66355787879463e-06,0.000952988489184306,0.00726534485873035,3.55608452231529e-05,3.07702252076764e-05,3.61850701012151e-10,1.07819457256617e-05,7.24786134622198e-05,-391.265194967402,0.110453262690048,0.0877675725548225,1,0.555830215299274
"sinusoidal",200,"stan",93,251.04,8770.00737601247,7547.63888255576,183.481325214307,261.243442186515,8212.18346263012,2304.95646230387,6518.51581483909,3337.53318124675,34.9347011472772,30.065483120442,0.730884820006003,1.04064468684877,32.7126492297248,25.9660445141774,0.00541305636310975,0.00458959823362472,1.0073629058528e-05,0.00130207652730763,0.01186719051722,4.3052517713971e-05,3.64731809197826e-05,6.52568733109404e-10,1.06602654557138e-05,8.9696577059602e-05,-385.099902961767,0.162648833985002,0.120691358096907,0.975,0.599300261887708
"sinusoidal",200,"stan",94,294.36,9199.42923094193,8926.66797920081,245.251293395245,245.581836891516,9603.80977962172,4954.55359393194,8039.02092638876,3567.40298459592,31.2523074838359,30.325682766683,0.833167867221242,0.834290789820342,32.6260693695533,27.3101675716428,0.00415328445015767,0.00370214214692009,4.80158633234941e-06,0.00104926518534075,0.00836046716853723,3.93607582533882e-05,3.29550132427595e-05,5.85715150284042e-10,1.01137874277464e-05,8.51263106464082e-05,-394.813658226074,0.102284764840076,0.0830299454898162,1,0.563962047025401
"sinusoidal",200,"stan",95,297.575,9082.40805364697,10492.1225343609,240.695404007079,304.186980869054,9897.58591525118,6977.04745607559,8697.14635065483,4965.20732925239,30.5214082286717,35.2587500104542,0.808856268191477,1.02221954421256,33.2608112753127,29.2267372953199,0.00354676025907153,0.00311262490458281,3.30898497188943e-06,0.00106805180288673,0.00702820831129087,4.23587582346476e-05,3.66739160111944e-05,5.02493173169692e-10,1.13747329119579e-05,8.88781036602306e-05,-368.386407069173,0.162064224002345,0.140188943477737,0.955,0.566637409819067
"sinusoidal",200,"stan",96,261.874,9065.10652619682,6020.69558501392,185.192623969311,240.486411172878,7761.50082005929,1448.43969224605,6581.63232031887,3261.57746371875,34.6162907589024,22.9908107907387,0.707182171461509,0.918328704540649,29.6383024662979,25.1328208234451,0.00584772362922965,0.00481970060820741,1.44713228600249e-05,0.00116347646818557,0.0133576813272658,4.00538926203647e-05,3.34169935009583e-05,6.18971653090242e-10,9.95451626096948e-06,8.99147492034884e-05,-408.923999289117,0.117559045458663,0.0925588945707295,0.995,0.591535844839192
"sinusoidal",200,"stan",97,310.853,6222.00700746842,5762.1246671748,320.006665453506,222.012516213948,10353.3697880198,6099.76735881605,8083.89175182732,4249.99203236813,20.0159142986184,18.5364936712041,1.02944692653282,0.714204193666934,33.3063209556279,26.0055130618888,0.00374357051135122,0.00331959552382257,3.69020819619609e-06,0.00109293727239199,0.00737246058579491,3.9985955991453e-05,3.41489268315452e-05,5.95277626422207e-10,9.36869930153899e-06,8.55333669599268e-05,-393.535776860206,0.0949433660461508,0.0820261058204401,1,0.546710662675132
"sinusoidal",200,"stan",98,357.269,8521.39230340822,8033.78744208647,346.073064144034,340.020194487585,9167.01779326385,5306.69446238172,7716.22240418459,4415.01082467342,23.8514741088878,22.48666254863,0.968662448026653,0.951720396921045,25.6585872081369,21.5977943907381,0.00372533565175166,0.0033036941874567,3.53947376460404e-06,0.000966821777138791,0.00733064348714623,3.49776225942868e-05,3.07242308656084e-05,3.42883678016393e-10,1.1471650800385e-05,6.90715606907949e-05,-390.90639073938,0.0930180428883529,0.0756618370348998,1,0.551438250707163
"sinusoidal",200,"stan",99,291.047,9941.46881162619,10143.6439816621,325.255390484321,318.700726069136,9918.53402673055,6466.22601010002,9275.00611497624,7053.22334575251,34.1576061997759,34.8522540402824,1.11753562305855,1.09501464048465,34.0788052332804,31.8677262262667,0.00346498537476975,0.00307465428168592,2.96408586155072e-06,0.000986427947315164,0.00672133979380805,3.37870594410199e-05,2.95091507156248e-05,3.05691351121383e-10,9.73195727863511e-06,6.70518806673662e-05,-404.545185877913,0.110925580190661,0.0866287168994703,0.995,0.525475733269503
"sinusoidal",200,"stan",9,320.622,9111.27094534743,9776.15940406794,328.261153627126,275.320765203113,9928.23642778175,4112.99903006027,8785.99969013119,5174.03536716479,28.4174852173196,30.4912308078296,1.02382604321327,0.858708277046218,30.9655495498804,27.4029844805759,0.00368784905234587,0.00326344184874933,3.33548698583467e-06,0.00097850645494538,0.00739202244689296,3.34922241244297e-05,2.98201400608634e-05,2.51065675570487e-10,1.14124300115509e-05,6.58132888230574e-05,-394.059198715286,0.106074708960705,0.0787663268849064,1,0.536678329845099
"sinusoidal",400,"stan",100,745.327,11262.1099202314,11588.9890147177,188.43421200543,289.352600010338,11682.6043444987,6640.80381168497,11592.2218399138,9066.30683627263,15.1102937639874,15.5488651487437,0.252820858502952,0.388222350740465,15.674468179066,15.5532026075989,0.00242681461974017,0.00225300906618496,9.12573638249023e-07,0.000889061826415715,0.00433736021729713,1.83046323400164e-05,1.69977605131789e-05,4.34799599263975e-11,7.61976856864316e-06,3.1786845468793e-05,-782.410148267313,0.072279507869283,0.0561762291310118,1,0.488220504759984
"sinusoidal",400,"stan",101,783.057,10479.3867045396,10425.5379775287,156.026208784916,220.120366411004,10853.8527645542,2998.50794898233,9799.42460553215,6364.23094803162,13.3826614212498,13.3138941067237,0.199252683757269,0.281103886959702,13.860871896368,12.5143183772473,0.0029249200523088,0.00265607707456797,1.73005075457476e-06,0.000980789830848979,0.00548048801963192,2.07035434096606e-05,1.89211558439381e-05,6.7356424184319e-11,8.5893529420697e-06,3.77659103902748e-05,-784.998396087979,0.124140047245641,0.105958001993676,0.9875,0.515860193749001
"sinusoidal",400,"stan",102,801.014,9003.12178569104,8427.43049538139,219.268074754041,254.440260124083,10502.3123107309,3885.76131372124,8947.43295307233,5854.23657930356,11.2396559681741,10.5209528115381,0.273738130362317,0.317647706686878,13.1112718513421,11.1701330477025,0.00348897236869499,0.00320787423318894,2.45717106882822e-06,0.0010508978051081,0.00630278090560958,2.2393391177612e-05,2.0480249658659e-05,9.14546477090375e-11,8.52416618233649e-06,4.05511172985919e-05,-779.013252016474,0.0983859916210055,0.0813004105299052,1,0.532497160336747
"sinusoidal",400,"stan",103,976.415,8262.51594481833,9005.51746459941,142.880802682871,191.849658554511,9084.03924786401,2005.45167508367,8424.31860972585,5570.15986652446,8.46209444223852,9.22304293215426,0.146332043939177,0.196483727261985,9.30346138462028,8.6278054000869,0.0030697155087411,0.00273556658137935,2.24834584439535e-06,0.000955666729245147,0.00596590683315086,2.00157058524313e-05,1.83554230363199e-05,6.76259234236468e-11,7.47623681605848e-06,3.49746386142126e-05,-778.738805335005,0.103087964175381,0.083201243847649,0.98,0.518863674345485
"sinusoidal",400,"stan",104,809.825,9256.42760800069,8731.68946011975,233.604533074394,181.744734158058,10346.3484915058,4420.59031779297,9570.40123653612,5323.01051995843,11.4301578834942,10.7821930171577,0.28846298036538,0.224424701828245,12.776029995994,11.817863410658,0.00273636144349407,0.0025040434147121,1.20783196885354e-06,0.000984486970774081,0.00503617074985368,1.94584596256831e-05,1.78275986810611e-05,5.99549873031033e-11,7.82264523805379e-06,3.51058723128309e-05,-768.735830675527,0.0909317598764426,0.0731878393794873,1,0.509777777459082
"sinusoidal",400,"stan",105,713.921,12028.9851186938,11449.5586107947,218.978897327381,179.59082410415,10997.6811531866,2275.8041657262,10377.4014621662,5633.43263460748,16.8491823586836,16.0375708387828,0.306727071100838,0.251555598034166,15.4046192130315,14.5357840183525,0.00347845721954565,0.00322350704264136,2.00077962166896e-06,0.00123090804109955,0.00641891469071358,2.35864309424855e-05,2.11888049840478e-05,1.10930777039879e-10,7.90249719557996e-06,4.52166572924944e-05,-769.255118919664,0.110509734335661,0.0915647171662433,1,0.536893222715588
"sinusoidal",400,"stan",106,877.599,8535.09497169307,8404.85865524252,244.33563995389,175.726015029435,9854.25313938392,5489.84601571256,9788.20628289678,5563.14414051094,9.72550671968983,9.57710600768976,0.278413762953114,0.200234976372392,11.2286512853637,11.1533927031558,0.0024142777738553,0.00224563162887228,8.3269573516742e-07,0.000984851287226421,0.0042260071455602,2.00828949068163e-05,1.83586054895651e-05,7.0007366605545e-11,7.32179621636112e-06,3.66907465121458e-05,-770.847090422638,0.0830495290027626,0.070213125737203,1,0.492497974258549
"sinusoidal",400,"stan",107,767.594,9517.08018077579,9270.99731319066,228.499268808691,190.993726663213,10915.3118118365,3641.47974806023,10627.7026778315,7833.31339286953,12.3985859461848,12.0779960671796,0.297682458185826,0.248821286595795,14.2201630182577,13.8454738805039,0.00289683841491867,0.00260072117078621,1.60002955560786e-06,0.00107277884131159,0.0055032650398777,2.00624426609167e-05,1.82415181593434e-05,7.31216742201533e-11,7.98976002018545e-06,3.70603157610786e-05,-773.219328923736,0.089184827925286,0.0758545669538552,1,0.518271722873959
"sinusoidal",400,"stan",108,942.072,9353.1156730144,9529.87246317392,116.763702057045,240.697789414799,9032.3466576279,2949.26511998388,8957.91530148812,4685.65365967918,9.92823868347048,10.115864247291,0.123943501194224,0.255498294625887,9.58774558380665,9.50873744415301,0.00283363450886912,0.00250996145789909,1.90783549350068e-06,0.000920183357018132,0.00553412287053567,2.0229736791457e-05,1.88200595306096e-05,6.2236896725975e-11,7.27058704559657e-06,3.54995569128147e-05,-785.32895608661,0.110426900040095,0.079760691211447,1,0.508039727982432
"sinusoidal",400,"stan",109,847.649,9607.3794187888,9442.65291759307,250.782435844554,198.684592087318,10040.8865296297,4824.97087161255,9655.68602544088,6245.74797448024,11.334148236816,11.1398148497704,0.295856463989876,0.234394887609515,11.8455711380886,11.391137163426,0.00243805781390917,0.00223402328358349,1.00528805969742e-06,0.000886852512643382,0.00442694560888757,2.02714346325719e-05,1.85685369358799e-05,7.50265183461425e-11,7.43659968398416e-06,3.6092857519732e-05,-793.515781694525,0.102630677857042,0.0825384499192916,1,0.493937463957778
"sinusoidal",400,"stan",10,804.184,9461.42780649463,9616.78921932824,204.194025205942,207.090621170774,10395.887254905,3693.31808391811,9530.36269603905,5646.61690738475,11.7652524876081,11.9584438627581,0.253914558367167,0.257516465349689,12.9272495534666,11.8509727823969,0.00282548695309611,0.00259531863661704,1.38763058993441e-06,0.000968157425113425,0.00515818039067111,2.10034062004613e-05,1.92832264328282e-05,7.03460854388378e-11,8.19415813232612e-06,3.73973936288983e-05,-780.074726626828,0.0838159709230636,0.0709087512995098,1,0.511266516478058
"sinusoidal",400,"stan",110,942.994,9019.83573414048,7848.24398114688,177.537135114289,128.550756281224,9003.85987182139,3913.97936133356,7955.72613901858,4338.44251148218,9.56510405595421,8.3226870808795,0.188269633862239,0.13632192387356,9.54816241865949,8.43666676460145,0.00310230092361007,0.00283941832138959,1.69877121764112e-06,0.00116188790457318,0.00585781308848189,2.2956414655581e-05,2.04346774254882e-05,1.20461497371401e-10,8.51520411100697e-06,4.38833235322953e-05,-780.573821151528,0.130866088591799,0.10549690434988,0.98,0.523291812696719
"sinusoidal",400,"stan",111,795.146,10894.8611230368,10578.2616013125,141.434132037842,247.476224926656,11123.4680464418,4880.9283561116,10052.1156027618,6101.68347088931,13.7017115385561,13.3035462686255,0.177871902817649,0.311233691581993,13.9892146177454,12.6418489217851,0.00285866103929236,0.00261954436453713,1.5217243379134e-06,0.000949302153429423,0.00529011690610804,1.98320370541381e-05,1.82034774009928e-05,6.39431040916806e-11,7.86043368518645e-06,3.48281958099555e-05,-789.587407159159,0.0744224088520362,0.0649457706199473,1,0.512195138544017
"sinusoidal",400,"stan",112,798.887,9365.19101757242,5759.69907746787,234.184959085111,152.891796686672,9925.4555605398,3149.75408470037,8697.15000733565,3424.42845047482,11.7227981148428,7.20965427834959,0.293139028529831,0.191381004681103,12.4241044860409,10.88658346842,0.0032267224253644,0.00294631205219211,1.74882189738027e-06,0.00111625502958466,0.00580960142705169,2.2849369341845e-05,2.06010540048532e-05,1.00501435297668e-10,7.61119889750925e-06,4.32538148111053e-05,-783.112722842663,0.130005103088069,0.0919866904105685,0.9625,0.52257881682481
"sinusoidal",400,"stan",113,788.012,10171.8248466115,9819.07010920432,237.135326374182,133.558188462173,10512.8678988319,4275.09539695381,10149.0989326782,3911.96104348869,12.9082105940157,12.4605591148413,0.300928572628567,0.169487505852923,13.3409997548665,12.8793710408956,0.00267854217191281,0.00246773227442523,1.16550743195269e-06,0.000963326821158261,0.00481649047868419,2.19415596343761e-05,1.97054060150501e-05,8.96367131871437e-11,7.93813468442214e-06,4.16608609924745e-05,-756.743136084873,0.1235545491392,0.104285764953295,0.9975,0.517595420771767
"sinusoidal",400,"stan",114,801.36,11814.4091729142,10017.1090183548,137.267242276275,174.439736742944,10650.6121031488,3084.05198350692,9689.91516347023,7049.28731583808,14.7429484537714,12.5001360416727,0.171292854991858,0.21767961558219,13.2906709882559,12.0918378300267,0.00305518410435894,0.0028158272776104,1.61193345513008e-06,0.00106323814332629,0.00568289465729457,1.98440108525251e-05,1.81513448285637e-05,7.21609361199711e-11,7.31135238402591e-06,3.57876244506182e-05,-767.175580265342,0.143531791776842,0.100901367612494,0.935,0.520115857753625
"sinusoidal",400,"stan",115,1035.848,8448.35560109193,9548.34179981707,221.361524603327,250.609537277059,9442.78936253493,6468.87866362045,9148.08539311446,5007.56230747864,8.15598002901191,9.21789857181466,0.213700779075045,0.24193659424651,9.11599902933146,8.83149399633388,0.00265359361772196,0.00247072832916251,1.06448553873847e-06,0.00105691108125144,0.00475155366112969,2.0102305018867e-05,1.81061415971808e-05,8.03035721095282e-11,7.53622991457446e-06,3.73819478124329e-05,-803.241435540942,0.10766584798557,0.0918471879025688,0.9975,0.499641097722697
"sinusoidal",400,"stan",116,796.788,10636.0843040296,9711.52593387038,163.54706760089,197.155471511391,9597.62834851631,2862.51173744148,8787.70128342992,6592.59507655982,13.348700412192,12.1883436169601,0.205257945150894,0.247437802164931,12.0453977074408,11.0289076685767,0.00349708663823368,0.00312243598759007,2.60973618141878e-06,0.00108799369279238,0.00679941566555673,1.94658222299107e-05,1.76120254285482e-05,6.57913889433498e-11,7.72758701205193e-06,3.58998702866784e-05,-799.644717549963,0.109417153617536,0.0871712668994839,1,0.53273027920525
"sinusoidal",400,"stan",117,816.274,10018.9912131892,9790.15438415236,171.494983931847,149.88812961817,10439.0668341189,3046.43615637509,9355.54482539942,5045.39490780874,12.2740540715362,11.9937109158841,0.210094874921713,0.183624775036532,12.7886798233423,11.4612799444787,0.002651451592212,0.00242957765949255,1.29408818636048e-06,0.000995398117821164,0.00501598241546345,2.00193794296303e-05,1.76012992824913e-05,9.78813397524583e-11,7.27992424402772e-06,3.95687836586091e-05,-772.000334659278,0.0957841488060503,0.0830772261851088,1,0.500607201052486
"sinusoidal",400,"stan",118,896.642,8644.28512537083,7417.47590443082,233.592635320611,191.031616385133,9467.81808606144,2908.53627560384,8071.0537872687,5187.55791420726,9.64073189229462,8.2725055311159,0.260519399404234,0.213052273242981,10.5591954047005,9.00142285022194,0.00337880871287222,0.00309547901018554,1.98514824234925e-06,0.00119632634107405,0.0062328649220594,2.12036747040647e-05,1.919405966164e-05,7.51349998329993e-11,7.82155692083898e-06,3.86992774836783e-05,-791.720546187158,0.0790906613341314,0.0610090448827521,1,0.518101044088088
"sinusoidal",400,"stan",119,844.406,9101.29845853892,8034.72345214064,139.43996876452,228.53051295143,10107.8751910066,3859.91492777503,8481.90176682261,4500.92875931766,10.7783441360423,9.51523728175858,0.165133796733467,0.270640560289044,11.9703971679578,10.044814658852,0.00319575146763603,0.00287389448373985,2.06023615923621e-06,0.00105709252431722,0.00609963825575148,2.13535029239301e-05,1.94843397575576e-05,7.79657964244827e-11,8.19057622591634e-06,3.92283088362973e-05,-806.957831914872,0.137932439551837,0.109305419804448,0.95,0.509866124969926
"sinusoidal",400,"stan",11,810.874,5943.67078494915,4541.97988307539,128.152664604583,148.908762899206,10089.0441568957,2399.45537720141,8733.0106189239,3130.80654433274,7.32995605352884,5.60133865813355,0.15804263622287,0.183639829244995,12.442184799236,10.7698737645108,0.00306818591464492,0.00280195733161205,1.68473544441273e-06,0.00112102867370703,0.00565385557938673,2.14060298572779e-05,1.89361617086783e-05,1.12127487735562e-10,7.31810000298837e-06,4.11760360286428e-05,-799.980469617871,0.115779812134857,0.0943688771166977,0.97,0.511620338460774
"sinusoidal",400,"stan",120,717.728,4073.33888229727,5189.3680856537,239.139425599976,269.43693759365,11120.7561090301,4341.32268583458,11051.4996005622,4501.20540793924,5.67532391420882,7.23027119696278,0.333189489054315,0.37540257255346,15.4943879980021,15.3978939104538,0.00286228074913752,0.00257006288025859,1.84077741463197e-06,0.000985284361484479,0.00526146752131274,2.07747654630461e-05,1.87414058452159e-05,8.089204689401e-11,7.08045206322478e-06,3.84736860260423e-05,-780.933531095418,0.100413506014091,0.0770465991251413,0.9975,0.518546554544699
"sinusoidal",400,"stan",121,801.916,9931.6191175415,9129.51588094656,182.794815147652,246.799840959202,9709.18370630474,3566.89457942283,8720.76490495646,5987.80442258817,12.3848621520727,11.3846286655293,0.227947584469761,0.307762709509727,12.1074822129808,10.8749107200211,0.00283336818235009,0.00259846362049825,1.47032655692543e-06,0.000842356075955951,0.00524763333454507,2.06663644603408e-05,1.90203376229621e-05,7.19106615498845e-11,7.54702788592428e-06,3.67030499166624e-05,-776.808148789003,0.0713592470285781,0.0539786960690527,1,0.504545849583332
"sinusoidal",400,"stan",122,685.199,9300.66603357517,7717.67053753219,219.366718617831,198.626367482856,11612.2080260953,5252.27797444755,11180.866940987,6546.24142739951,13.5736713474117,11.2634001764921,0.320150377653545,0.289881286287424,16.9472051565973,16.3176930220081,0.00246188362911576,0.00225554952219483,9.99534713443303e-07,0.000856612486117152,0.00450550145664179,1.91739497870822e-05,1.74147767885835e-05,6.57442973567459e-11,7.14772123608538e-06,3.47779947812757e-05,-797.317175841873,0.0791085719979178,0.0663227445061125,1,0.492718246401089
"sinusoidal",400,"stan",123,710.21,6506.81255973433,8639.42618525502,158.076608664958,298.975243105405,10750.8714236175,5910.84051252563,9747.19769831554,6441.64844216536,9.16181489944429,12.1646079121035,0.222577278079664,0.420967380219097,15.1375951107665,13.7243881363478,0.00286164064061971,0.00260201173833586,1.51174700952539e-06,0.0010434001385666,0.00525218409906999,2.08108960096028e-05,1.93174325668336e-05,6.31085470575774e-11,8.73813025743412e-06,3.68642418181292e-05,-787.750319381019,0.103106551598234,0.0838298729623099,1,0.509709225554244
"sinusoidal",400,"stan",124,949.774,7508.05273041535,5713.72436952118,181.718421930516,158.048201042141,9555.68728811593,4123.76198916132,8978.7778523699,4358.65273231249,7.90509398068946,6.01587785043724,0.191328065340298,0.16640611455161,10.0610116597379,9.45359406803082,0.00312222786572284,0.00285313999782783,1.83299195645736e-06,0.00102588440238454,0.00579275831849348,2.23769590082132e-05,2.04543297363463e-05,8.67678148547997e-11,7.78113617595511e-06,4.06396429029108e-05,-790.937101327669,0.0930974828930439,0.0724814199531953,0.9975,0.51795652033867
"sinusoidal",400,"stan",125,645.456,10488.9654648068,10895.7602160083,183.440485399454,206.111049763592,10583.1536619725,1512.11874968984,9208.88289450522,4211.92971845647,16.250473254268,16.8807172231853,0.284202928471428,0.319326258898503,16.3963983013134,14.2672512061321,0.00391399395718016,0.00354193720690362,3.53973535189332e-06,0.000958521521758596,0.00749754255331983,2.18068055763254e-05,1.95229350713762e-05,9.15070306821751e-11,8.04580506520465e-06,4.17187465878154e-05,-827.597009924273,0.133189054884424,0.105643091530136,0.97,0.531679459700008
"sinusoidal",400,"stan",126,766.517,9433.58222588011,9678.79744307795,180.90491044254,195.727269048158,9943.64644144437,4153.72117073851,8926.03187942867,6199.04926888134,12.30707502362,12.6269834107762,0.236008999725433,0.255346285924719,12.9725060780705,11.6449235691168,0.00265691326044731,0.002414279227277,1.25683769957438e-06,0.000928935127667245,0.00492365060632547,1.93520250060833e-05,1.78215509170844e-05,5.70416908748365e-11,7.69550900478e-06,3.43132147895615e-05,-758.31949948916,0.120546234760921,0.098584755208673,1,0.510500855658833
"sinusoidal",400,"stan",127,760.99,8968.75306716888,9921.42117223357,205.574605340573,240.373673380636,10244.1728571706,3631.92639093546,9011.29342145306,6974.42090264686,11.7856385329227,13.0375184591566,0.2701410075567,0.315869687355466,13.4616392556678,11.8415398644569,0.00288772411189809,0.00263652258245072,1.45641215927597e-06,0.000996332077637966,0.00524345207010677,1.9325120961891e-05,1.78624830056454e-05,5.12669078278029e-11,7.78730008716719e-06,3.35979069630908e-05,-782.563026500138,0.100960687605232,0.0790032707465188,0.975,0.51605861065274
"sinusoidal",400,"stan",128,722.615,9666.95408481908,9473.45162394833,172.296551718622,170.526383494139,10478.247180484,5532.84463840635,10117.438598928,5406.56635581729,13.3777379168978,13.109957064202,0.238434784385353,0.235985114471937,14.5004562325498,14.0011466672128,0.0024969373187028,0.00226177694279907,1.18659863020971e-06,0.000894299781104435,0.00467263050499461,1.9804341259718e-05,1.76807378781824e-05,7.79928701911723e-11,7.24363520395253e-06,3.74071819389711e-05,-780.925057097351,0.129160341941164,0.105729069922017,0.99,0.500302615423803
"sinusoidal",400,"stan",129,725.12,9612.1258523147,10326.0969592826,162.547565276765,209.246350089284,10636.1245117844,6428.19258785142,9898.29334780563,7593.85567521858,13.2559105421374,14.240535303512,0.224166434902864,0.288567892334074,14.6680887463929,13.6505590078961,0.00257256802707512,0.00236592788707544,1.07479658215334e-06,0.000939694925953576,0.00461900235613578,1.95614849811497e-05,1.76196221913864e-05,6.6824182828133e-11,7.48759520918995e-06,3.55649302896583e-05,-784.531302232179,0.0896397293707702,0.0688288767984206,1,0.500015756237888
"sinusoidal",400,"stan",12,728.191,11053.2488620443,10673.5405636651,163.900314615158,215.587299254909,11221.4131819337,2673.8025352461,10789.3676136448,5772.72651025344,15.1790517351139,14.6576112086871,0.225078742548531,0.296058725327433,15.4099860914701,14.8166725675609,0.0029752513913394,0.00261610428610431,2.20827126990813e-06,0.000904763963610986,0.00592555864767334,1.9398379391637e-05,1.77175507817918e-05,6.43485885499703e-11,7.58043173457487e-06,3.50436672559746e-05,-797.329009290352,0.114921094016331,0.0860653562404216,0.96,0.505020694117615
"sinusoidal",400,"stan",130,828.833,8062.1562636766,9014.24836732726,172.259062068228,217.96201055937,9212.43587508066,3140.5921938874,9184.78422693588,6972.17230704498,9.72711784361458,10.8758318832953,0.207833257204079,0.262974580596296,11.1149482164449,11.081586069734,0.0025189051839413,0.00228233506170878,1.20096580881097e-06,0.000916254927232778,0.00470055661505183,1.87065752739448e-05,1.70603140507712e-05,6.02792926491216e-11,7.32985239981816e-06,3.36809396638272e-05,-778.379697223565,0.106238521112138,0.08197539795699,0.9975,0.503524600832713
"sinusoidal",400,"stan",131,681.995,9105.6101676198,10046.2448867863,209.437501649027,166.818527400533,10283.3628011725,2970.30217951794,8928.38238905643,2849.3936263099,13.3514324410293,14.7306723462581,0.307095362354603,0.244603739617641,15.0783551216248,13.0915657578962,0.00300851815290499,0.00273066225650228,1.74003149322585e-06,0.00102821589893558,0.00571765775345247,2.36041677029933e-05,2.06672184666076e-05,1.31286174493666e-10,8.00404879567079e-06,4.69773300423797e-05,-783.363580736683,0.108294583022797,0.0872748808170915,0.9925,0.519642723881522
"sinusoidal",400,"stan",132,687.108,9409.91441098188,7778.42815595832,244.418364957287,174.318096681882,11201.4618332529,5835.24468746163,10573.1681946458,5959.26512321764,13.6949568495519,11.3205320793213,0.355720447087339,0.253698249302703,16.3023306863738,15.3879276542346,0.0025718379746589,0.00239630084535784,1.02476210161932e-06,0.000941534203225618,0.00451120983139355,2.23325742266602e-05,2.03866243058482e-05,1.06333680103357e-10,7.45446846593345e-06,4.19440281191347e-05,-759.290130319913,0.110747492734332,0.0817546780310143,0.98,0.511108586456497
"sinusoidal",400,"stan",133,961.067,9258.46096581668,9496.63392801178,169.853329152276,193.571213263608,9728.34017601243,7155.00934679283,9315.15219980461,7519.01955407625,9.63352291340425,9.88134430587231,0.176734118591394,0.201412818527332,10.1224370163708,9.69251071965285,0.00249978929863064,0.00229449926565546,1.09082113033974e-06,0.000964989952696125,0.00448340882888691,1.79662091330109e-05,1.65852531449591e-05,4.67454467944682e-11,7.25499988429273e-06,3.12183222806855e-05,-788.874401834672,0.0650297141722632,0.0507326513767546,1,0.490500447933543
"sinusoidal",400,"stan",134,726.221,8740.23916658848,9116.42231418738,211.467125691944,209.677096420372,10310.3112718709,5858.05419227556,9869.40701037212,5341.55618269269,12.0352333058235,12.5532342278554,0.29118839264073,0.288723537904263,14.1972089375973,13.590087604699,0.00267720255798093,0.00242550709914584,1.23884429952645e-06,0.000972617865080587,0.00495440541800168,2.03975189793955e-05,1.87572442385103e-05,6.51515349490135e-11,8.00304059457657e-06,3.64897298796989e-05,-787.908311962342,0.112687988493795,0.0864495155770468,0.975,0.49926017525433
"sinusoidal",400,"stan",135,970.734,4940.58456641938,4877.8983798798,233.005601329439,236.590301383578,9535.91307862743,4765.38290592065,9512.8024158136,3770.18858382992,5.0895348946461,5.0249588248478,0.240030328936083,0.243723101677265,9.8234048448158,9.79959743432661,0.00253788543076336,0.00234734546206949,9.94514912309715e-07,0.000965962940764352,0.00452364301196858,2.11441319983907e-05,1.92969531835011e-05,7.63780536781807e-11,7.91847324791185e-06,3.87616489983465e-05,-783.794741901658,0.108968811109432,0.0769632817918219,0.9725,0.503469263307608
"sinusoidal",400,"stan",136,680.083,9034.7610870201,9189.21290945077,192.298623900564,173.132129971473,10436.7685930814,3126.8512551316,9774.96656163633,3621.47424321221,13.2847918372024,13.5118991497373,0.282757580913747,0.254575000362417,15.3463159542017,14.3731964504867,0.00306251366430894,0.0027899215086386,1.84865569860287e-06,0.000956143571284978,0.00567002697721785,2.15373224716684e-05,1.91807675078767e-05,1.13052921327688e-10,7.58668421667963e-06,4.00088581360904e-05,-783.533646527262,0.0902596238613308,0.0707535812265125,1,0.517914875561872
"sinusoidal",400,"stan",137,663.094,10660.3706222722,9195.3845890662,164.073900032401,245.316684852567,10469.2293796303,2391.1747432262,9544.30711457737,4615.58413879422,16.0767110278063,13.867392238606,0.24743686420387,0.369957630219195,15.7884543965566,14.3935959525759,0.00375115426217147,0.00341211650724266,3.01053670662512e-06,0.0010786390390674,0.00703251389295233,2.27229530458651e-05,2.05962542470253e-05,9.27928307435066e-11,8.75053834451076e-06,4.22255308856702e-05,-799.72107345758,0.128829642033223,0.105006276150653,0.9925,0.539988671082474
"sinusoidal",400,"stan",138,646.521,10490.0107971255,12014.2192096282,233.896684550602,175.867745566188,11541.9160816401,7046.39654253234,11165.278951361,6543.99878466231,16.2253210601442,18.582875435799,0.361777397100175,0.27202170628052,17.8523452163814,17.2697854383091,0.002562035991403,0.00237850532072368,1.05748812871533e-06,0.000994797693217199,0.00458258962780334,2.13205527535079e-05,1.95026321184072e-05,7.60436068353765e-11,7.75936480082275e-06,3.81162336110932e-05,-781.702505955703,0.12285826567839,0.101669321616044,1,0.495627635855028
"sinusoidal",400,"stan",139,734.267,9543.05187464082,9842.19045304666,236.724616533874,200.979235217751,10502.1896330744,5664.4516832648,9992.127567258,7301.25801346003,12.996705387333,13.4041029394575,0.322395826768565,0.273714105656051,14.3029574161367,13.6083026572868,0.00247944873727726,0.00228521267883585,1.01440661762856e-06,0.00097090521179563,0.00453234977915141,1.95331443447524e-05,1.75411486741553e-05,7.55269731015362e-11,7.52182686133688e-06,3.6388620698489e-05,-794.695462721099,0.0988017843381953,0.0763072444954355,0.9975,0.49476309914335
"sinusoidal",400,"stan",13,959.362,8114.02821822848,8766.50327892805,171.349161690431,165.404532610981,8917.07919504024,2825.93269554057,8685.88776889747,4641.73087964528,8.45773359610708,9.13784710977509,0.17860740960183,0.172410969593314,9.29480133155185,9.05381677499992,0.00301448500764319,0.00276427401853097,1.6687821884392e-06,0.00102194746579446,0.00563466436617867,2.23889064647497e-05,2.0128133809837e-05,9.67157954826706e-11,7.77658550828681e-06,4.25610785766086e-05,-784.972127120612,0.100775310097833,0.0755640557115926,0.98,0.516759614786809
"sinusoidal",400,"stan",140,935.459,9008.95712297302,9336.17190014519,231.411432761691,265.367417327691,9779.95559911269,6441.96573653743,9315.4753972621,7102.53118608601,9.63052054977612,9.9803111629106,0.247377418744906,0.283676160395796,10.4547132467726,9.95818672679626,0.00258578485415598,0.00239537149491754,1.10270283383239e-06,0.000953070874629509,0.00469898332040886,1.9524748941601e-05,1.74584275121565e-05,7.36640840743835e-11,7.67874373868822e-06,3.61431353966069e-05,-764.745128648739,0.098050751403226,0.0738685111721009,1,0.502291819505483
"sinusoidal",400,"stan",141,856.608,9353.13978545798,9751.04120910041,195.281225258401,178.335491806817,10069.3981060203,4315.52825132206,9364.91414690867,5805.6722855025,10.9188097536539,11.3833179343415,0.227970349632972,0.208187983076059,11.7549662226132,10.932555085767,0.00261811068052451,0.00238169753835943,1.23980155990566e-06,0.0009553940794871,0.00471728579501299,1.99050784218489e-05,1.829313925097e-05,6.88422477410198e-11,7.47565022696991e-06,3.58082536355327e-05,-779.702755643793,0.102397711436904,0.0805618367383639,0.97,0.510141279180425
"sinusoidal",400,"stan",142,739.426,11595.5355878913,12219.8821556485,224.338609615407,208.941721639316,11608.7110548939,5228.17699705208,10846.1840972168,5612.73097225107,15.6818066823337,16.5261732149647,0.303395619866501,0.282572862787238,15.6996251888545,14.6683834450193,0.00285408389112807,0.00263463691860744,1.44198990058502e-06,0.000977863408683969,0.00516293294112936,2.14659715332348e-05,1.96727245588137e-05,7.96630549494656e-11,8.17124776124482e-06,3.90230056163422e-05,-806.145924861786,0.0963143358970494,0.0785136225879599,1,0.506892622507568
"sinusoidal",400,"stan",143,1057.899,10247.449163779,10573.0561179854,171.463499579121,251.398509412071,9054.26016081071,2716.61630161655,8706.7466714313,5223.7644134109,9.6866044525791,9.99439088040107,0.162079271820014,0.2376394243799,8.55871889548124,8.23022488104374,0.00321382790652406,0.00288204960717808,2.35331404848627e-06,0.00107402338121677,0.00611584317364845,2.02524134787032e-05,1.8326562840842e-05,6.90558472369855e-11,7.95234604934565e-06,3.80959860846035e-05,-762.410591914564,0.103957138922789,0.0786833895237206,0.985,0.526850687661211
"sinusoidal",400,"stan",144,770.314,10124.1006070689,9419.25877448443,177.688286311751,173.6068466738,10723.3374105029,4035.924489774,10196.231659124,7309.41349766072,13.1428230657484,12.2278171946563,0.230669942791837,0.225371532483896,13.9207354539874,13.236461571676,0.00285059531811737,0.00258024015863224,1.59182283843513e-06,0.000982849249089189,0.0054385267613317,1.99251172020988e-05,1.81768997342303e-05,7.02071830733669e-11,7.53959502340747e-06,3.52189938589035e-05,-801.10612754587,0.0884964160875811,0.0670754407762873,0.995,0.506030719353864
"sinusoidal",400,"stan",145,773.448,10287.0199570916,10192.1419228046,237.159952344007,209.841862415764,11138.5170949155,6131.27610553969,10546.5751257656,6915.67555939996,13.3002088790605,13.1775399545989,0.306626886803,0.271307007602016,14.4011195257025,13.6357908039915,0.00279383757971447,0.00254969031022801,1.49086308734784e-06,0.00101572830558256,0.00512550175771515,2.02112998348752e-05,1.81842395429952e-05,7.17149098586301e-11,8.0916988064019e-06,3.82832551204421e-05,-780.251283721499,0.112185082524505,0.0955608785836812,1,0.5152695651096
"sinusoidal",400,"stan",146,827.813,9514.64291274485,9723.89197797945,307.975068144733,254.260534566916,10060.4223163557,5977.64403341178,9902.41334764355,7165.57469284138,11.4937104306708,11.7464837807324,0.372034587696415,0.30714730810813,12.1530132002707,11.9621380041671,0.00254211687129032,0.00238602362309857,9.53514755072038e-07,0.000933504489274317,0.00449295157369847,1.97559912762444e-05,1.83100041163671e-05,6.61628482845191e-11,7.79512234442939e-06,3.43052923371068e-05,-789.377111513987,0.060344952468533,0.0498352372347195,1,0.499937670696663
"sinusoidal",400,"stan",147,1070.4,7761.77817512686,7019.88394181019,190.929786801752,218.407064597819,9170.60929770633,3068.35496556203,8584.76190555026,5081.35941729024,7.25128753281658,6.55818753906034,0.178372371825254,0.204042474400055,8.56746010622789,8.02014378321213,0.00288760677522685,0.00261337234385562,1.63582018568308e-06,0.00102616836014395,0.00541365968141932,2.16357345960157e-05,1.97085368249898e-05,8.04905147530773e-11,7.96994152447281e-06,3.89611607525552e-05,-773.484356172331,0.108150413300243,0.0800736791108193,0.9675,0.509947229673003
"sinusoidal",400,"stan",148,779.767,10068.5756323682,9948.00107272229,303.167072557712,276.119756308136,10894.9280719824,5593.81314944987,9852.49774218226,6408.27378187885,12.9122874299222,12.7576584707,0.388791873159177,0.354105465232737,13.972030198742,12.6351817173364,0.00274035769484842,0.00255128757934916,1.13117861594373e-06,0.00105928184097767,0.00490358573437268,2.13695066757629e-05,1.9785832407085e-05,7.74559374152543e-11,7.94667208319175e-06,3.71780443308996e-05,-788.21546808152,0.124360573470246,0.0952367424735808,0.9625,0.509753936142518
"sinusoidal",400,"stan",149,767.276,9714.19015813784,9368.22360244516,250.644986297272,193.289102491579,11069.5584140257,5273.74900918924,10036.6195785719,3760.04947973071,12.6606203740738,12.2097180186076,0.326668612464449,0.251916002183802,14.4270880543972,13.0808464992674,0.00290422928761239,0.00268509169518807,1.4438386686467e-06,0.00106398634142722,0.00530447115344219,2.29632666017667e-05,2.09967574973287e-05,8.96836074480693e-11,8.71522458213391e-06,4.20659211880767e-05,-761.832153291968,0.119688668879022,0.100291816155651,0.975,0.516280955423626
"sinusoidal",400,"stan",14,795.04,9701.85069675086,10135.4708394662,202.298987980115,173.557324807979,10438.3545554918,3390.04295910643,9207.18366850031,5221.82716189057,12.2029717960742,12.748378496008,0.25445133324124,0.218300116733723,13.1293451341968,11.5807804242558,0.00321825228117778,0.00295554322171257,1.79737560361325e-06,0.00108222833573469,0.0058184503967105,2.12197721912061e-05,1.88264630283338e-05,1.05720599462382e-10,7.82911087676882e-06,3.96702438931754e-05,-774.819576309799,0.10283132864237,0.0889696349932589,0.98,0.520002569310861
"sinusoidal",400,"stan",150,743.619,11136.3533418485,11490.468627325,150.918448110877,153.979065016196,10843.9688296408,4505.56512814091,10797.1421515961,7104.59713519394,14.9758859602141,15.4520912286063,0.202951307202851,0.207067147310915,14.582694672461,14.5197233416523,0.00290710643291983,0.00263960161310751,1.59016152050995e-06,0.00101460951529285,0.00544577585791801,2.00963747979082e-05,1.85246535465783e-05,6.15594755876532e-11,7.97398643814824e-06,3.62299643187191e-05,-792.106254532444,0.0950456548657474,0.0761091163211654,0.9825,0.514495158167427
"sinusoidal",400,"stan",151,809.168,5113.85893098988,5781.40323319562,178.770475378616,173.756662468748,10055.7292716193,4914.01220234461,9208.51440442746,4062.18761406204,6.31989763681941,7.14487378788536,0.220931222414401,0.21473496538265,12.4272453577246,11.3802256199299,0.00289258594197634,0.00264737342929305,1.59604240263861e-06,0.000974680830107177,0.00533962310886491,2.27970213093506e-05,2.07304538862206e-05,1.01285974857572e-10,7.87214207316293e-06,4.24383905639959e-05,-791.637724559302,0.113302143519189,0.0928741033891433,1,0.511040690058812
"sinusoidal",400,"stan",152,792.914,7956.71723053919,7907.37553155635,161.413063301787,198.236300222419,10066.439909974,2682.91009543027,9173.85190713848,5682.47862739245,10.0347795984674,9.97255128747424,0.203569445490667,0.250009837412908,12.6955002812083,11.5697943372654,0.00336868881422248,0.00302204269456119,2.58767797298774e-06,0.000998544953053928,0.00658931016133825,2.14237541705142e-05,1.95285507422718e-05,8.3815573019895e-11,8.22734858261515e-06,3.90885174764509e-05,-811.723782342715,0.0956130132185116,0.0804774648451393,1,0.532040348922646
"sinusoidal",400,"stan",153,852.698,9067.18829304253,9260.08711937618,222.27017386478,165.434137510837,9537.63902479649,3948.51723866435,9365.76895778557,5609.89654951679,10.6335282750077,10.8597500162733,0.260666934676498,0.194012578322967,11.1852484992301,10.9836881965075,0.00266998778044268,0.00244017384174737,1.30400140698004e-06,0.000946337093966531,0.0049307047963187,1.92324938270783e-05,1.76455514931568e-05,6.33559344135708e-11,8.05224524168726e-06,3.4576828474837e-05,-793.415422930483,0.103948290387502,0.0729178357435113,0.9775,0.493738092296219
"sinusoidal",400,"stan",154,787.895,8234.70531528471,7587.12450045362,148.519555479988,204.674150520563,10317.9569771747,1897.72765508861,9434.02707740471,6468.78163928858,10.4515263014548,9.62961371813962,0.188501710862472,0.259773384169925,13.0955990038961,11.9737110622668,0.00325076027836405,0.00289317083384389,2.48445666802508e-06,0.000958120350294877,0.00661464536223219,2.11306037892259e-05,1.91484653820116e-05,7.942809123875e-11,8.28286602409661e-06,3.94324037367055e-05,-784.357391008898,0.107839102583607,0.0851013719000609,1,0.528754536471131
"sinusoidal",400,"stan",155,748.784,12139.3173480963,11569.6339440701,135.218817038958,135.817243567515,10795.154368314,3035.36968135646,10362.7997319863,6833.73911947996,16.2120415875556,15.4512301866361,0.180584543792279,0.181383741596395,14.4169137806283,13.8395047596989,0.00301468769579529,0.00273536694219442,1.68678298394826e-06,0.00103146026719265,0.00558435324907153,1.9663636870332e-05,1.80666462016258e-05,6.65964954521358e-11,7.51819874346964e-06,3.53643756262847e-05,-780.270972874534,0.0907269354107104,0.0701074768519202,1,0.510636206913305
"sinusoidal",400,"stan",156,945.49,9168.47246374083,8555.53117713662,195.059722490822,184.535463820373,9426.00480814749,3118.23750591132,8355.68952263611,4212.59215228582,9.69705915846898,9.04878018502218,0.206305431565455,0.195174421538433,9.96943892388867,8.83741713041504,0.00315199754455525,0.00286752859776869,1.88259614589082e-06,0.00107812044363063,0.00577894216426751,2.3757670852315e-05,2.11370207949489e-05,1.21362342294354e-10,8.33524151070995e-06,4.65396471130526e-05,-786.499092756728,0.14251031961464,0.107140011972188,0.94,0.526554266373598
"sinusoidal",400,"stan",157,752.684,11950.2367471962,10660.7744874157,134.608654134278,234.190447950467,11157.3388796762,4756.93174626387,10614.6155292508,7313.72397771817,15.876831109996,14.1636788976724,0.178838203195867,0.31114046259847,14.8234038184367,14.1023530847618,0.00288652397953626,0.00262136415819212,1.5726448130439e-06,0.00101200275285262,0.00542304438554406,2.00549792898229e-05,1.86503829408211e-05,5.91198274043719e-11,8.36277854565292e-06,3.61188006510315e-05,-791.613126779866,0.0849765994162765,0.0629609004082869,1,0.514305151779726
"sinusoidal",400,"stan",158,1177.05,10000.7002570358,10202.5807486228,132.741264640733,257.747759852821,10000.296039773,3274.00781011645,9822.23765233666,6809.53025001946,8.49641073619288,8.66792468342276,0.11277453348688,0.218977749333351,8.49606732065165,8.34479219433045,0.00289238860837711,0.00265925025348701,1.39434048328293e-06,0.00101736936901025,0.00525927966069392,2.01139796095755e-05,1.85920244610068e-05,6.15906321606084e-11,8.17179080263255e-06,3.53895816030067e-05,-789.078633378246,0.0880303414977999,0.0648638033863843,1,0.507217157310814
"sinusoidal",400,"stan",159,1088.497,8193.17131677517,8060.00343366728,206.163287761672,185.697807679827,9520.90061178325,6291.66584190753,9151.27129606179,5911.13289957884,7.52704997512641,7.40470890931925,0.189401796938046,0.170600201635675,8.7468322023701,8.40725449501633,0.00253609421811474,0.00235423168232314,9.34454552381756e-07,0.000963175839008482,0.00445480224489996,1.98402187796644e-05,1.78843317871097e-05,7.42616997385724e-11,8.14575583017009e-06,3.5990261318303e-05,-771.601430247774,0.11987795272553,0.0980118070772945,1,0.508930564678009
"sinusoidal",400,"stan",15,737.867,11084.6583607619,10890.9610567135,155.740252154076,234.775034614141,10701.3033108858,1434.27815126522,10485.0728167025,6321.63577233632,15.0225695969083,14.7600598166248,0.211068190004535,0.318180694642992,14.5030246790895,14.2099766173341,0.00339567981577588,0.00308121038924078,2.57859047729194e-06,0.000922623993403103,0.00648385660806976,2.13648689437144e-05,1.97993037248192e-05,6.52844833777062e-11,8.62548403314184e-06,3.73704644771726e-05,-796.378162940608,0.105572669996815,0.0852132244183302,0.9825,0.523189592832166
"sinusoidal",400,"stan",160,773.398,10056.7715764565,11383.6552385762,222.335321046236,182.642168921455,10864.0588217449,3599.652066851,10336.9207014027,6946.31451147527,13.0033586542201,14.7190130289659,0.287478531165371,0.23615547094957,14.0471772900174,13.3655901636709,0.00269047004744244,0.0024634616642755,1.25933466930691e-06,0.000954381326560356,0.00510500076396313,1.9449273703464e-05,1.77784456020524e-05,6.47324575224839e-11,7.38191858699759e-06,3.41469855402702e-05,-787.522124099908,0.0909976397108987,0.0772353619091945,1,0.509470725499225
"sinusoidal",400,"stan",161,822.327,9129.74265521525,8394.06175842105,194.632251502804,240.610001702618,9634.26605427361,5172.4575260619,8885.23360379409,6135.32644704919,11.1023262707113,10.2076932393331,0.236684739164352,0.292596499570874,11.7158576263136,10.8049882878637,0.00271251709892208,0.00247303843322971,1.37017975425434e-06,0.000951999769259667,0.00507756159605654,1.90100505365107e-05,1.75432138848989e-05,5.54705577582898e-11,7.91685767756465e-06,3.43075788912435e-05,-810.121318052215,0.0799462078657206,0.0653474240969795,1,0.500117958823508
"sinusoidal",400,"stan",162,974.323,9443.8645874292,8944.9862893145,187.255755227824,161.931162382863,9258.55807619746,2085.52226804215,8865.41181894475,6474.9884979778,9.69274520608587,9.18071962718164,0.192190634140654,0.166198644990278,9.50255518570069,9.09904807640254,0.00296055244209964,0.00264763888360167,2.00666492933416e-06,0.000953840365561062,0.00576742336961115,1.97760306781175e-05,1.77642990269604e-05,7.08240236952899e-11,7.59500809778818e-06,3.75278435862167e-05,-816.227701376422,0.105549449028311,0.0871280497676119,1,0.512738522111585
"sinusoidal",400,"stan",163,849.668,6820.96271576413,6328.53301163245,217.548730630045,194.364960408857,9356.29382611605,4285.88719352183,8383.18508651177,4552.62090518849,8.02779758183682,7.44824215061936,0.256039689184534,0.228754007928811,11.011705543949,9.86642439930864,0.00282243141974013,0.00256885912915628,1.49764706894541e-06,0.000968644110637412,0.00529604606607784,2.07953819692027e-05,1.89624994626471e-05,8.17181719951342e-11,7.84503358698872e-06,3.82883908997104e-05,-779.071416951473,0.0945568864960166,0.0833745210618169,1,0.512216462928897
"sinusoidal",400,"stan",164,643.274,11977.8542372241,12290.6966765957,244.753738692039,254.677980964124,11610.6797357518,4929.4237056634,11407.5726826742,7141.80507416545,18.6201435736935,19.106472011298,0.380481316969191,0.395909023159842,18.0493533638104,17.73361379859,0.00258858209139674,0.00237261633705005,1.16632994088787e-06,0.000937766389783378,0.00473720367473634,1.98253431442471e-05,1.81250384725433e-05,6.1989081630186e-11,7.32342418835293e-06,3.54617266093202e-05,-799.368516927347,0.0790389760812959,0.0651657825532111,1,0.500149918613383
"sinusoidal",400,"stan",165,696.171,9756.47555050398,9392.11317410832,166.960913826559,194.546950922852,9983.84169938201,2513.54285411698,9367.75294147423,5557.78392085657,14.0144814284191,13.4911008561235,0.239827447317627,0.279452822543387,14.3410766886038,13.4561091189869,0.00291064363827075,0.00259246915322351,1.84241688827586e-06,0.000986964772307984,0.00582691995764654,2.10752345704705e-05,1.91175276161326e-05,8.54075154398544e-11,7.76624487993326e-06,3.92054370541551e-05,-791.437076204266,0.0939858950753764,0.073741246849856,1,0.509794236467789
"sinusoidal",400,"stan",166,707.9,10306.1640542942,10764.1885193036,227.707983958928,234.825249877502,10926.4486118301,3795.43376662885,10146.7600366803,5842.65508601486,14.5587852158415,15.2058038131143,0.321666879444735,0.33172093498729,15.4350171095213,14.3336064934035,0.00255846219005718,0.00238118749853732,1.0760034294689e-06,0.000920902316645281,0.0045094639603628,2.02641487473193e-05,1.86998732090295e-05,6.17725673016771e-11,8.18410212604081e-06,3.59553632047248e-05,-778.116002060132,0.103476089104937,0.0871503606195901,1,0.497549142632713
"sinusoidal",400,"stan",167,677.265,10164.2681763824,10939.9275472047,190.061906998212,136.91311134881,10978.2736275032,3490.59009927807,10813.5506642667,5937.95395489101,15.007815517386,16.1530974540316,0.280631520893907,0.20215589370307,16.2097164736155,15.9664985851428,0.00292618938787546,0.00257432203868644,1.82430406047881e-06,0.000988737966384628,0.00574499628769513,2.05003257673047e-05,1.86590438105128e-05,7.66251102665527e-11,8.41564119171743e-06,3.86164361717431e-05,-810.844828451937,0.0814494630815336,0.0621621177324241,1,0.508457334442518
"sinusoidal",400,"stan",168,717.338,9782.00352204377,10824.4038814698,207.569368409072,103.713580391997,10129.2270362687,5037.27037208255,9492.56107139717,5386.00897366557,13.6365332967775,15.0896841955533,0.289360619971439,0.144581188215315,14.120577797731,13.2330380816256,0.00299135393851082,0.00270748417701409,1.71653130036135e-06,0.00104217295679933,0.00565700338049642,2.07058365235173e-05,1.88293853783391e-05,8.01215331398079e-11,7.87555977450433e-06,3.87368780056606e-05,-786.012235658421,0.0841395336315868,0.0687122342533644,1,0.518467467235852
"sinusoidal",400,"stan",169,824.941,8225.50287653836,9169.49097327692,266.95534081829,303.977533654881,9381.87571936918,6788.76198208686,9152.965686357,7161.59729506195,9.97101959599336,11.1153294275311,0.323605373982248,0.368483968738227,11.3727838952958,11.0952973441216,0.00233455794952228,0.00214118229382663,8.55890076546144e-07,0.000927442027846345,0.004174891105714,1.83305016620561e-05,1.68495656953282e-05,4.93394407241638e-11,7.45368238435297e-06,3.22264869169772e-05,-761.963755092793,0.0724318058779824,0.0585175879997676,1,0.494472563003441
"sinusoidal",400,"stan",16,737.729,11313.2963423649,10614.6371430152,163.927590015225,161.847870547382,10684.3487051339,2266.64636074308,10316.991812813,4280.18984167372,15.3353010961544,14.388260652645,0.222205701572292,0.219386618321066,14.482755463231,13.9847990424845,0.00310971257517198,0.00281825585120255,1.96104913323255e-06,0.0010478477583327,0.00589566202143437,2.12706039104368e-05,1.88154282065518e-05,1.1404454938846e-10,8.40129558116281e-06,4.04046496511362e-05,-780.150117951776,0.0982350638699618,0.0792323577867275,0.9875,0.514736040502602
"sinusoidal",400,"stan",170,681.25,11516.2075795772,11685.6398128355,146.763754804106,138.612444724977,10319.396748191,2798.93152448407,10054.5969977894,6385.30015573664,16.9045248874527,17.153232752786,0.215433034574835,0.203467808770608,15.1477383459684,14.759041464645,0.00284494894679163,0.00255641005436238,1.64436109794503e-06,0.00100004195204309,0.00552944983666036,1.99596455557767e-05,1.79323188934209e-05,7.37043190271234e-11,7.55690396555231e-06,3.74479706617391e-05,-803.74989569519,0.0922237277408087,0.0709663563860659,1,0.509419130614331
"sinusoidal",400,"stan",171,857.359,9192.60788199138,9785.59075777171,99.3007295817152,170.639097831063,9822.66907748643,5787.9030353487,9531.323101159,7495.92973057592,10.7220054632789,11.4136444100683,0.115821644820565,0.199028759050833,11.4568915442498,11.1170735959604,0.00246376371122221,0.0022747604283991,1.04585143505437e-06,0.00093609427163403,0.00449598307382653,1.94305749245349e-05,1.75498741698462e-05,7.95785368408332e-11,7.13540265574215e-06,3.56107020594635e-05,-770.913033324953,0.0944415190996738,0.077816551042293,1,0.504205957469408
"sinusoidal",400,"stan",172,763.701,9800.31949612393,8955.3834168792,141.412218235768,226.629940366972,9730.77589646907,5084.06569901852,9191.53181744753,5537.69515514338,12.8326655276397,11.7262952606834,0.185166993673923,0.296752184908717,12.7416042357795,12.0355110409015,0.00280153283369168,0.0025324621891137,1.43938395823599e-06,0.000980818405084795,0.00516661407733318,1.96873417063409e-05,1.78105497079551e-05,6.57769680109523e-11,7.73463021249711e-06,3.54851971465339e-05,-767.617025846459,0.102372604657655,0.0795242568461464,1,0.512099669733286
"sinusoidal",400,"stan",173,690.424,9691.85208115797,8464.06318512126,285.49716889993,235.097230481554,10822.5715123549,6100.63456158872,9749.55552189077,6242.56236586845,14.03753647202,12.2592250343575,0.413509914052712,0.340511382109477,15.6752539198447,14.1211132896463,0.00278757808276007,0.00254763288317558,1.31247440588056e-06,0.000965429737335953,0.00507857486669743,2.03107540387601e-05,1.84287979257666e-05,7.11641933586163e-11,7.47249693490287e-06,3.66203238467044e-05,-782.054578108727,0.126874703056564,0.101361941767303,0.9675,0.513393375145694
"sinusoidal",400,"stan",174,688.271,9213.48798575605,10850.7622029902,127.250047371864,254.729955752644,10973.9885988605,5393.77151085481,10581.5549140842,8360.63622353601,13.3864248032476,15.7652468329919,0.184883639397656,0.37010124755023,15.944284444442,15.3741112353771,0.00260496398165526,0.00237644858877122,1.20143676277395e-06,0.000931838726890965,0.00475665139964502,1.90103553220533e-05,1.76109029283913e-05,5.37032200260512e-11,7.82376017606119e-06,3.32550532818226e-05,-766.403672629888,0.0789948831360464,0.0660402456728476,1,0.496255859622841
"sinusoidal",400,"stan",175,689.681,10451.2691184782,10235.0080434888,222.133336949053,150.489733825465,10167.3130618364,3970.24548074882,9798.24876621724,6266.27212873767,15.1537727130053,14.840205897348,0.322081276632316,0.218201942384182,14.742051849821,14.2069286615366,0.00266881880769558,0.00241058201953253,1.52482979747938e-06,0.000926214186429764,0.00491686995230956,1.94705306317259e-05,1.78839545013965e-05,6.18378761842165e-11,7.86660205745251e-06,3.48553597578762e-05,-787.049483343289,0.134334005030342,0.101648393063362,0.9575,0.504099066454219
"sinusoidal",400,"stan",176,829.516,7310.66032899173,6206.82886848251,211.528314729202,197.967741987108,9452.12433941709,2623.12091259071,8555.92817519906,3810.32947408649,8.81316373522841,7.48247034232313,0.255002091254662,0.238654519005188,11.3947462609728,10.3143618389507,0.00328424696785903,0.00298922225736745,2.01435754526103e-06,0.00107853963901779,0.00617805402327289,2.13585015878002e-05,1.95235001220993e-05,7.61814048112398e-11,8.8012523902588e-06,3.98612430932136e-05,-803.548188554641,0.12542211183249,0.0916873216578635,0.9825,0.528791617360007
"sinusoidal",400,"stan",177,788.575,9248.42124617798,9169.87543131439,187.378549673367,195.110580942057,9708.61779410222,3036.96390341793,9159.63011113456,6547.69100297285,11.7280173048575,11.6284125559578,0.237616649872704,0.247421717581786,12.3115972407218,11.615420360948,0.00275279651490137,0.0024442460992551,1.57271555053296e-06,0.000885111179353839,0.00527786385253327,1.94506289892201e-05,1.76712125813681e-05,6.73078001773705e-11,7.65139136670814e-06,3.58493258609283e-05,-772.463200672242,0.0928154833964981,0.0733792514513259,0.9925,0.509286055910514
"sinusoidal",400,"stan",178,822.284,8821.77831366276,7675.8527084018,223.085955527215,225.391515730037,9506.2916958217,4722.37687385619,8941.90246437302,6280.07955288676,10.7283837623774,9.33479516614916,0.271300372532136,0.274104221570695,11.5608374914527,10.8744697262418,0.00260039286352333,0.00235004380007008,1.37119478330123e-06,0.000929535510475706,0.00492186488694979,1.95256252443582e-05,1.77035168737235e-05,7.07434207788183e-11,7.61062463256083e-06,3.67340459069984e-05,-794.688716033829,0.0880174979736004,0.0758980719621387,1,0.502461237789085
"sinusoidal",400,"stan",179,777.55,8658.77406729825,8566.0305588026,258.311037094074,212.455148862268,9763.19461041026,5674.86381020756,8621.32604543537,3102.28513677597,11.1359707636785,11.0166941788986,0.33221148105469,0.273236639267273,12.556356003357,11.0878092025405,0.00280836261793315,0.00260736508992335,1.21765506362648e-06,0.00110878492381496,0.00503925850091833,2.08799305670706e-05,1.90978064649969e-05,7.24775801040911e-11,8.09718169238777e-06,3.71503679759641e-05,-765.716302992328,0.135927427186474,0.110096327111188,0.92,0.507559099157827
"sinusoidal",400,"stan",17,916.721,8070.61374830496,9091.04697929875,236.598534912072,232.628444708383,9516.55960901955,6333.07141093547,9513.17267398482,7222.67389846804,8.80378408294886,9.91691799282306,0.258092194803077,0.253761444003555,10.3810860763739,10.3773914571443,0.00235052221199148,0.00215465187807464,8.48517722119755e-07,0.000933234806256624,0.00420678575529981,1.9149953349917e-05,1.7687032735415e-05,5.45291548552907e-11,7.98020103599617e-06,3.34277421082985e-05,-772.746821225937,0.0682867696513599,0.0524964872350192,1,0.494818453212841
"sinusoidal",400,"stan",180,721.973,7720.60732665921,8754.63666721985,178.463982810392,241.626899672492,10476.5263267405,5864.15196708524,9742.10046654281,7119.45931767836,10.6937618535031,12.1259890151292,0.247189275513616,0.334675811522719,14.5109669291517,13.4937185553238,0.00255887296858541,0.00232351002275119,1.27458296400477e-06,0.000878838890800794,0.00478949481791155,1.86509238543659e-05,1.72032002794822e-05,5.39054138152805e-11,7.20173131631176e-06,3.29494064872611e-05,-795.967480231164,0.0922222844413787,0.0776511738294978,1,0.492048041816962
"sinusoidal",400,"stan",181,861.628,9427.64642655815,9725.70132782635,257.158331093915,242.961457480886,10133.2782129419,6318.69866047035,9737.06093915654,7138.05765494689,10.9416667361763,11.2875873669685,0.298456330451094,0.281979528846423,11.7606185185972,11.3007712599365,0.00247484853249608,0.00229293071558065,9.40010897056672e-07,0.000946947388158042,0.00444373275631972,1.85858102476465e-05,1.70168845892884e-05,5.1842087986877e-11,7.43236065401563e-06,3.28911380697191e-05,-768.044632642505,0.0702160193175747,0.0584247435960464,1,0.499144211070823
"sinusoidal",400,"stan",182,884.17,7037.80039223298,7376.60644314921,160.017450332123,204.745355312391,9696.56795809431,4755.01716224312,9080.14161561643,6232.90871273608,7.95978193360211,8.34297300649107,0.180980411382565,0.231567860606435,10.9668592669897,10.2696784731629,0.00271514416623224,0.00243025682278792,1.51060207781165e-06,0.000969502088224551,0.00507860623052006,1.98924118405333e-05,1.81898063138222e-05,7.04167213827963e-11,7.63745803794354e-06,3.61684670909092e-05,-787.382189595302,0.0890555055869446,0.0696138717481764,1,0.503438882210458
"sinusoidal",400,"stan",183,1085.326,9991.00521206081,10170.5000993974,213.278694594182,210.755355115437,9203.08139190066,3958.64262903008,9036.05543129309,6636.98961951676,9.20553383228708,9.37091721694443,0.196511181519822,0.19418622157346,8.47955489124988,8.32566015307206,0.00287522480939322,0.00258213302577134,1.70924470594935e-06,0.00101981860322675,0.0055446445678956,1.97312580932594e-05,1.77324780076926e-05,7.15497253583782e-11,7.26052018821963e-06,3.73765124319079e-05,-788.540456698611,0.0816544060486786,0.0673071804642489,1,0.506978042209946
"sinusoidal",400,"stan",184,811.783,9750.87846345101,10653.6278014726,168.245564139,210.073033443451,9502.85964618102,3523.32300187754,9212.33416579549,5893.16437760338,12.0116810323091,13.1237384885772,0.207254357554913,0.258779788987268,11.7061574905868,11.3482718482593,0.00303493313317784,0.00275485300585667,1.84608712643828e-06,0.00103280029166104,0.00572720062223333,2.11067738129616e-05,1.88024125407529e-05,9.67944713840109e-11,7.66484669423778e-06,4.05984152869167e-05,-780.616070686823,0.106683293154042,0.090515850092384,1,0.522513667156642
"sinusoidal",400,"stan",185,884.374,9008.85573669029,9398.86543338766,130.970481231599,191.015590695375,9982.61131428337,4691.3977670769,9394.61177023386,6844.93610527157,10.1867035176184,10.6277043800334,0.148093997823997,0.215989604732133,11.2877711401323,10.6228945788025,0.00276951360885922,0.00251350947433715,1.49952791109823e-06,0.000990236493004001,0.00530038990996648,1.94918118991343e-05,1.79494053948135e-05,6.00692306368575e-11,7.78563105173141e-06,3.48834581385092e-05,-791.41492140847,0.0781291742582995,0.0546915260685133,1,0.507879660057691
"sinusoidal",400,"stan",186,750.957,10989.9578120135,7806.99239916919,241.560075457451,151.634699539731,11526.1443581725,3082.28894567594,10301.7693202827,4081.17145642961,14.6346033288371,10.3960578291023,0.321669650136361,0.20192194698196,15.3486076541966,13.7181880191312,0.00278211725635732,0.00255531217491902,1.26152354178682e-06,0.00101658011246242,0.00504872497381334,2.1057942411455e-05,1.8984610911085e-05,8.59432553625882e-11,7.85326848134149e-06,4.01729208939727e-05,-775.56835954332,0.0998917878163652,0.0800022840356369,0.985,0.510936326832044
"sinusoidal",400,"stan",187,765.524,9956.46226150888,10779.9723907522,262.722382606969,154.985216180941,10415.2471057375,4858.47810265135,10247.0112382505,6366.29135124462,13.0060746123033,14.081821589855,0.343192875216151,0.202456377828704,13.605382856367,13.3856172219949,0.00291440230473664,0.00263481874958892,1.54926188545223e-06,0.00102514502571146,0.00553377558186898,2.1504801743009e-05,1.93371332367043e-05,8.92609984577081e-11,8.18456011455177e-06,4.06438871927065e-05,-778.651175618198,0.115775009984482,0.0835810896168543,0.9725,0.516116230340946
"sinusoidal",400,"stan",188,886.069,10065.0791320818,9674.24567905708,278.283938267401,223.23865220295,9839.49846978075,4049.01134259862,9068.53255960568,6731.26999387906,11.3592498237517,10.9181628959563,0.314065764931852,0.251942740579966,11.1046639367597,10.2345670140877,0.00286811417156146,0.00257174914140829,1.58758301129107e-06,0.0010684136149121,0.00544596406795062,1.95958459504347e-05,1.83603471738328e-05,5.11226234508474e-11,7.76356775647802e-06,3.38610321666017e-05,-803.187219663252,0.0801489209058398,0.0661004037661079,1,0.507453144369458
"sinusoidal",400,"stan",189,820.491,9409.02468069884,9762.12544438774,159.81243599357,175.34618156384,9625.08008984287,1541.59454989514,8560.91341398654,5119.29260103149,11.4675537948604,11.8979067953064,0.194776586207003,0.213708842100449,11.7308783275415,10.4338906995769,0.00330979520292345,0.00294278412541768,2.45898902598652e-06,0.001124698008245,0.00666715539764222,2.20517447454799e-05,1.96207395083439e-05,1.12221515939637e-10,7.82673404311056e-06,4.14013999737243e-05,-791.985144881995,0.0909022337918406,0.0767616456606337,1,0.520878367516991
"sinusoidal",400,"stan",18,964.542,8275.94596619225,8445.72448743618,131.334212040114,42.9549414376519,9065.19793431868,3603.21674787244,8506.50511253432,5683.41092483125,8.58018206173734,8.75620189420075,0.136162253214598,0.0445340290393284,9.3984481073076,8.81921690557209,0.00314660682433665,0.00282466216580312,2.19007943510853e-06,0.00097443533908825,0.00595470025541177,2.12440275114111e-05,1.90761646687577e-05,9.94153262848662e-11,6.9265662892713e-06,3.95675962105217e-05,-791.615225555037,0.114096941526286,0.0967568567454996,1,0.517542085336782
"sinusoidal",400,"stan",190,764.317,11294.9087592312,10458.2036657461,201.62264707968,222.640718082131,11461.9225793791,3861.27324137225,10790.8752378458,3785.96008139902,14.7777803702275,13.6830708537768,0.263794534309299,0.291293688459279,14.9962941807903,14.1183242526933,0.00268219429093464,0.00248797278260239,1.07950873945095e-06,0.00101547995325004,0.0047418643222503,2.14601813155422e-05,1.97557886567792e-05,7.02863865976061e-11,8.35227952513078e-06,3.87657728981948e-05,-760.686580202756,0.0931518369339663,0.0738321323191402,0.9975,0.506224868045971
"sinusoidal",400,"stan",191,768.625,9900.36108267086,8325.85387304163,150.966542624092,189.015544469428,10373.1583089484,2132.91496143639,9405.08550985892,7390.7333211167,12.8806128901231,10.8321403454762,0.196411179214951,0.245913864978927,13.4957336919153,12.2362472074925,0.00364149206008212,0.00328199114468761,3.00862635083413e-06,0.00107845486731638,0.00700928917372734,2.00985088289503e-05,1.83802790272724e-05,6.56138369275325e-11,7.79716341544398e-06,3.5874732467905e-05,-796.613021067327,0.0904606337967418,0.0726891589034146,1,0.527018773435332
"sinusoidal",400,"stan",192,772.424,10910.902070268,11820.5356987622,203.622653508414,265.890518931674,10609.7379863811,5029.81421812273,10597.8484744008,7786.43150644605,14.1255347714053,15.3031698895453,0.263615130431491,0.344228712380342,13.7356399935541,13.7202475251945,0.00263148792891346,0.00239048571162262,1.34058328050167e-06,0.000932289416748139,0.00487649410412712,1.9270919774371e-05,1.7817316923329e-05,5.41794788036658e-11,7.46262429971967e-06,3.37332759274635e-05,-783.641745854622,0.0746641256543874,0.0604399599289145,1,0.498356835180694
"sinusoidal",400,"stan",193,760.111,10349.0985155936,9459.69952953891,185.698850619798,174.5387684757,11196.9616654196,4975.58664056218,10129.1780733619,4381.05622099344,13.6152463463804,12.4451554174836,0.244304911545548,0.229622737305077,14.7306928401505,13.3259196003766,0.00272632225493177,0.00254100674914429,1.15166614106823e-06,0.00101858294371898,0.00478545328735009,2.08466137506877e-05,1.83866994761378e-05,1.01775632288503e-10,7.39063670270719e-06,3.94550424214043e-05,-783.929943929011,0.0735874772104407,0.0589864581779712,1,0.503415853086869
"sinusoidal",400,"stan",194,1088.497,9819.754944795,9587.26393743828,160.536896656155,155.303808076466,9420.84954883226,5013.68567677618,9165.79419259214,5464.22652431271,9.02138907575767,8.80780005589201,0.147484923390836,0.142677295460131,8.6549154924931,8.42059665078741,0.00279827636410202,0.0025184102279903,1.49070478715587e-06,0.000963353376393196,0.00536458349489479,2.02701890689637e-05,1.84598710413927e-05,7.01461037499954e-11,7.75358474786068e-06,3.72451259666755e-05,-778.753302162969,0.1195137333805,0.0978719216261407,1,0.506065073339271
"sinusoidal",400,"stan",195,781.827,8953.05674868504,9217.63145580613,194.4590969816,133.524922583751,10047.9460023813,1660.54210755353,9024.68192851546,5621.00859714667,11.4514550516739,11.7898607438808,0.248723946578462,0.170785765372328,12.8518789992944,11.543067620478,0.00401381384564933,0.00364250177213343,3.37311286364197e-06,0.00123399135335904,0.00765467753108324,2.33674166771547e-05,2.08789326923781e-05,1.21808878291951e-10,8.30044429885313e-06,4.48140568132536e-05,-779.008822477042,0.107754503219593,0.0841874645951581,1,0.547517015342733
"sinusoidal",400,"stan",196,884.887,8533.49251785784,9094.86415102234,173.234278117689,193.933469011549,9732.63407622453,4717.59704470644,9363.7404372106,6953.81336906695,9.64359575613366,10.2779949880859,0.19576994363991,0.219161846666918,10.9987309975449,10.5818487978811,0.00254350963737304,0.00228099259026943,1.3041162908887e-06,0.000917718910085937,0.00468982883450978,2.00341274235809e-05,1.82052608967801e-05,8.04584768904335e-11,7.67368933594418e-06,3.71644103026975e-05,-787.547634643527,0.0873954483427333,0.0708634228520513,1,0.501233972337325
"sinusoidal",400,"stan",197,759.476,11374.029254171,10659.7868713121,130.872114589301,142.458364626754,11340.6372489791,4171.27243890222,10975.315891501,8256.87711834459,14.9761536298329,14.0357126114744,0.172318960163719,0.18757454432629,14.9321864666943,14.4511688210042,0.00271128292766389,0.00248240005160655,1.25031302183827e-06,0.00100676963851922,0.00507325781645321,1.99643957108761e-05,1.79492040294118e-05,7.42602421942829e-11,7.85063728736199e-06,3.66515417474255e-05,-788.571674872464,0.106625995748351,0.0870971581763498,0.9925,0.511078606040439
"sinusoidal",400,"stan",198,843.073,9292.74258516215,9617.9123939019,246.661480738673,267.498370249731,10611.3757091031,4371.84844193878,9224.99906907772,5624.66443026752,11.0224649409507,11.4081608519095,0.292574285665266,0.317289689326702,12.5865443551188,10.9421118563609,0.00270410582248939,0.00250566935157157,1.10735586648709e-06,0.000966392543159636,0.0047824253644092,2.09749471497978e-05,1.90680395114319e-05,7.80559821742054e-11,8.01479342305253e-06,3.80478436919008e-05,-782.824084118228,0.0989663928060294,0.0788748634449688,1,0.499326947697685
"sinusoidal",400,"stan",199,797.789,10504.0111008054,10048.0586409875,189.318147041191,229.92305580795,10230.6732466326,3303.10064181198,8980.75657949215,5756.89662976848,13.1664025209741,12.5948824074881,0.237303531436496,0.288200333431459,12.8237832893567,11.2570574168009,0.00325967748447206,0.00291951659382665,2.22069747588231e-06,0.00100025747077206,0.00620507264860141,2.14080475313841e-05,1.98205448726632e-05,7.1593902881129e-11,8.45607821264074e-06,3.84002234161284e-05,-796.112228671639,0.136325712094087,0.0967440624841013,0.9275,0.529687612484355
"sinusoidal",400,"stan",19,932.724,8517.09682049011,8753.33615202587,196.260504279655,167.209785495589,8963.65556398821,2777.20977428092,7429.24990951652,2276.86808108523,9.13142239343055,9.38470131788811,0.210416483632516,0.179270379550209,9.61019075738183,7.96511069675115,0.00380826194958784,0.00351374737953189,2.6549253092255e-06,0.00117242540816234,0.00689127441809668,2.4684807134642e-05,2.18133556207319e-05,1.47933903054399e-10,8.23858769525556e-06,4.80295666644331e-05,-777.608435190471,0.0993863124241969,0.0816315093021565,1,0.538099087342134
"sinusoidal",400,"stan",1,847.388,8455.20672912781,6964.7625141124,202.029084849265,171.907592932396,9494.78886389619,3242.50406843724,8392.64831192571,5096.48468399734,9.97796372987086,8.21909504750173,0.238413908208831,0.202867627264483,11.2047714434193,9.90413873211056,0.00329153910715336,0.00291485173975317,2.59623607741224e-06,0.000984183163787644,0.00642097305044465,2.13313325713284e-05,1.94260714339907e-05,8.93200063638337e-11,7.36102466971542e-06,3.94540718994938e-05,-796.283325402939,0.0814662704935402,0.0673448175860414,1,0.524030267048929
"sinusoidal",400,"stan",200,967.173,8756.27527990134,8939.33276413133,218.330167207631,217.638558477888,9424.08268900113,4548.35785455649,8795.59640814115,6294.30481082323,9.05347365972927,9.24274433232869,0.225740552318594,0.225025469567376,9.74394724521997,9.09412939374978,0.00255560614194968,0.00236814994062389,1.07997658662474e-06,0.000954379948518381,0.00457792168171574,2.05782251905125e-05,1.88175966532105e-05,7.13903488049339e-11,7.22095531088478e-06,3.78849204763463e-05,-777.379873494811,0.0896391267099972,0.0727293206785685,1,0.499753540318911
"sinusoidal",400,"stan",20,953.498,7127.03608089492,6461.1332820608,234.560632999505,254.085405991819,9345.32862139019,5568.1686831499,9344.29606743251,5650.06751326619,7.47462090208361,6.77624209181436,0.246000131095718,0.26647712527118,9.80109934304025,9.80001643153159,0.00239206308989601,0.00220132485539724,9.28545934410438e-07,0.000880501537119248,0.00432712346118966,1.99071639945041e-05,1.82971812876676e-05,7.3183535810521e-11,7.09842022527676e-06,3.64709338140316e-05,-781.216451591027,0.0757839886630275,0.062003969157924,1,0.492151748947962
"sinusoidal",400,"stan",21,762.163,10159.3908844206,11035.0403681285,142.048632214107,220.884035218218,10648.1998665306,3528.39292455507,10052.6098404883,6479.35998163662,13.3296826065036,14.4785831483928,0.186375660080726,0.289812068046097,13.9710270198508,13.189579972379,0.00312781628712867,0.00282242407149614,1.92518400772051e-06,0.000985752719763946,0.00600806796217198,2.02441993952254e-05,1.8539011138287e-05,6.85193047194754e-11,7.72597923149662e-06,3.65681408011896e-05,-804.372762887037,0.0927234326941486,0.0770830718852236,1,0.522652397164238
"sinusoidal",400,"stan",22,996.4,6746.99963986721,6187.80610199485,215.040610725783,191.215263537642,9007.09703151972,2475.82897740944,8170.28749853162,4826.83207325118,6.77137659561141,6.21016268767047,0.215817553919894,0.191906125589765,9.03963973456415,8.1998068030225,0.00322679533473873,0.00300257834197137,1.87610897866283e-06,0.00105709083230243,0.00581385317059027,2.0309440423991e-05,1.8051377331273e-05,8.0265027756166e-11,7.59315834900356e-06,3.84870713921537e-05,-782.960668751786,0.0890110868694069,0.0668017359244148,0.9825,0.521104231753565
"sinusoidal",400,"stan",23,821.093,9734.79535590786,9932.8381226259,192.413350459949,192.658428256776,10186.8004880576,2494.3630657042,9080.68766709559,4398.33398130138,11.8558986082062,12.0970926833208,0.234338071887045,0.234636549400343,12.4063906135573,11.0592681548809,0.00323659965746136,0.00293081598129044,2.09132961175479e-06,0.00106202478937919,0.00607253470578396,1.98802728953763e-05,1.86372119757328e-05,5.63195953052633e-11,7.99542909475292e-06,3.48166718357397e-05,-796.427369483403,0.0842573759388263,0.0692904165651596,1,0.521411423390581
"sinusoidal",400,"stan",24,935.037,9287.28406816855,9520.45547399019,175.59916659625,196.918794016088,9467.76832185517,5170.34897861753,9034.29611355492,7057.48714714941,9.93253108504642,10.1819023995737,0.187799163665449,0.210600001942264,10.1255547340428,9.66196643935473,0.00257979639901838,0.00236053532971496,1.1977128688395e-06,0.000980609120525861,0.00477809283462652,1.93002778116155e-05,1.7866899609109e-05,5.85447439462114e-11,6.93661474585128e-06,3.48171652593542e-05,-775.107766345355,0.0615359368449086,0.0481431285068669,1,0.499347101142029
"sinusoidal",400,"stan",25,933.619,8675.08606695239,9574.76050788964,210.247790173645,204.342311819679,9869.54961322207,3296.86500340944,8838.85720880738,5625.88666544029,9.29189108935486,10.2555330470884,0.225196563237943,0.218871201014203,10.5712818753925,9.46730648027448,0.00291520438442386,0.00263227997996541,1.65100491165501e-06,0.00100662856349431,0.00538767001995209,2.03462749670965e-05,1.84255826677517e-05,7.33216368858503e-11,7.81175866063412e-06,3.71369893356142e-05,-775.328402943081,0.131916734369042,0.102802461879639,0.965,0.515761601980801
"sinusoidal",400,"stan",26,1043.451,8329.78018670378,7641.10835636322,198.360394008931,200.52914916746,9571.84285353941,5996.94371538676,9058.28563383506,4840.97713764028,7.98291456590083,7.32292015280375,0.190100343963378,0.192178788623002,9.17325571928093,8.68108385907442,0.00258681729684512,0.00239000617688494,1.02353454163964e-06,0.00103540527270094,0.00456252857001095,1.981245973554e-05,1.77381088566473e-05,7.47848429414655e-11,7.75053369774441e-06,3.67000513481778e-05,-766.849927806085,0.113352348454926,0.0917032796157567,0.9825,0.505195294200447
"sinusoidal",400,"stan",27,964.671,7677.52394268818,8546.0191905126,190.386659382928,209.049849549831,9340.63400112122,4795.48187289377,8813.91579558904,6399.4538617166,7.95869673980889,8.85899875762058,0.197359161188559,0.216705850543689,9.68271462614842,9.13670649951023,0.00278305206538595,0.00257791538243835,1.2770025996256e-06,0.00111113695315785,0.00513681924199688,2.04851840400377e-05,1.85445477361855e-05,7.20564516074317e-11,8.10368896513486e-06,3.79815932324975e-05,-789.505314226229,0.107586506264092,0.0930688710573864,1,0.51923876713837
"sinusoidal",400,"stan",28,881.974,9722.44034195973,8989.62597024546,211.96915682274,72.9970545526766,9521.81674525088,3421.62723338231,8711.27115473116,5664.15008650102,11.0234999466648,10.1926201568816,0.240334926905714,0.0827655402003649,10.796028845806,9.87701582442471,0.00293893256291521,0.00269327596326752,1.43737925743296e-06,0.000972762183570372,0.00530804388234211,1.99381816817635e-05,1.83775801660107e-05,5.9459247232564e-11,8.22697965533682e-06,3.50256771941827e-05,-780.71337470379,0.0880685996839581,0.0636144645003631,0.9875,0.510970148558258
"sinusoidal",400,"stan",29,838.723,9766.4331008283,9597.44572044597,170.821030522591,177.050998167231,10106.0102817304,4409.58975799991,9182.1699055805,5685.31875573089,11.6444083455781,11.4429265925055,0.20366799351227,0.211095913868143,12.0492823992312,10.9477979089407,0.00282844836812312,0.00258602568992254,1.4799623346862e-06,0.00105618366591317,0.00527805172042876,2.10978439681766e-05,1.93357443767822e-05,7.43030863462965e-11,8.32009395106445e-06,3.8188231024784e-05,-772.717292280226,0.0974351230606011,0.0732213157898608,1,0.517371292280235
"sinusoidal",400,"stan",2,724.472,11222.6610605425,11898.6953097125,211.655940410767,184.133090938844,11716.6471264759,6267.92827270403,11422.1089298985,8460.64522520851,15.4908140832806,16.4239547004059,0.292151995399086,0.254161777044308,16.1726707539779,15.7661150878136,0.00269267167201385,0.00246985331177667,1.25639934097911e-06,0.000972624590002853,0.00497106167125098,1.91880755046048e-05,1.74477449499108e-05,6.19413984281822e-11,7.52570762382611e-06,3.54074631238349e-05,-807.40439169579,0.100505873647743,0.0823268282458178,1,0.496711998421036
"sinusoidal",400,"stan",30,956.344,9666.63467872068,10033.1849923739,214.087436002707,249.624067286963,9316.27639444886,5456.84611728184,9159.38620194339,6779.75816517074,10.1079053967199,10.4911883092003,0.223860280404025,0.261019117897914,9.74155366107683,9.57750161233132,0.00252275650547518,0.0023318503455488,9.76546853231866e-07,0.000960168041771665,0.00455356622927917,1.94095364526406e-05,1.76817592509242e-05,5.96451857100203e-11,7.26115827928713e-06,3.54852008726909e-05,-806.404349243527,0.10925800969201,0.0824021744020878,0.9825,0.4919171558054
"sinusoidal",400,"stan",31,1044.435,9375.45268526175,9594.07572271168,207.99794730502,250.842390534331,9054.4028103638,2030.08424311984,8888.31400616362,5316.02732000661,8.97657842303423,9.18590024531128,0.199148771637315,0.240170418010055,8.66918746534136,8.51016483185992,0.00290093668974416,0.00262372510790984,1.71126295214163e-06,0.00100933124054377,0.00537477205062732,1.96850652815594e-05,1.80792439975127e-05,6.25791438103845e-11,7.98661353250455e-06,3.54530912567462e-05,-794.960265273618,0.085237768717346,0.0643958480891863,0.965,0.504011016809417
"sinusoidal",400,"stan",32,761.368,11369.0231321839,11414.7789671287,116.888929560071,223.955239365987,11487.8607780003,3923.20496342051,10691.3226829386,8391.56424352258,14.9323627105209,14.992459582132,0.153524878324373,0.294148479271505,15.0884470820948,14.0422537891514,0.00272139912999883,0.00243142978757279,1.68487205160712e-06,0.000897415865056074,0.00519144184358085,1.96052175254473e-05,1.7844943673702e-05,7.40329895111293e-11,7.37154654228725e-06,3.60686956514751e-05,-811.599738544596,0.0724865814386657,0.0578190080464595,1,0.502450338640761
"sinusoidal",400,"stan",33,870.437,9919.82955011417,9542.40838128827,136.261736867539,206.494887388719,9032.18345712035,1639.48810118323,8135.39898601283,2598.78928180434,11.3963785433227,10.9627789044908,0.156544054156176,0.237231284272979,10.3766079074308,9.34633866208907,0.00372329174907999,0.00325481487903874,3.86613943358605e-06,0.000958187806483337,0.00771119536350262,2.18133674563049e-05,1.95777364665803e-05,1.00474393322467e-10,7.83706995632994e-06,4.1881631269374e-05,-798.871607115456,0.126183414270783,0.0905712847428646,0.9525,0.541200465295715
"sinusoidal",400,"stan",34,936.592,7364.36277581338,7937.22117287283,207.290926234953,236.59345513418,9308.36224599604,4440.21397115785,8617.18440614951,5407.33095839469,7.86293580963043,8.4745771615312,0.22132468164895,0.252611014330872,9.93854554170443,9.20057442958034,0.00277054176514754,0.0025356017040222,1.35798748236924e-06,0.0010255303729537,0.0051767672882786,1.99396635988736e-05,1.85511013596321e-05,5.82212593399136e-11,7.89887345552061e-06,3.50492682096797e-05,-800.56392416038,0.0975803289570316,0.0816226557122814,0.985,0.49996744190142
"sinusoidal",400,"stan",35,883.937,9132.15488741219,7917.86248664388,161.622991439063,279.769139226095,9631.52680756531,3590.05344046172,9008.99462959603,5997.78443360681,10.3312282294012,8.95749639017699,0.182844469050468,0.316503482970047,10.8961688531709,10.1918967410528,0.00279090430613391,0.00250990447299633,1.64247153327067e-06,0.000942867550762685,0.00532639081124953,1.9026844683616e-05,1.77653622836686e-05,5.17495739007121e-11,7.82231757768126e-06,3.32422594706812e-05,-766.267406716707,0.111189559992001,0.092312038630555,1,0.514640008609591
"sinusoidal",400,"stan",36,796.839,10870.5631057089,10239.3289659425,204.243133189134,197.238419673761,10449.9538083458,4380.77600320707,9670.05975224759,5843.29894853938,13.6421072584411,12.8499345111654,0.256316687799084,0.247526061944459,13.114259980179,12.1355251841935,0.00288208541640796,0.00255250989797187,1.74253078559422e-06,0.00107061644718583,0.00577230966626975,1.95763062877658e-05,1.76148010370832e-05,7.82626711910262e-11,7.17798042192247e-06,3.56996868836106e-05,-794.688765559991,0.130828789242316,0.110328659548143,1,0.5030076934693
"sinusoidal",400,"stan",37,917.68,8738.30602131138,9180.43905530758,221.607838426154,222.797149181768,9948.03806890791,5138.16382505723,9313.59306365652,6292.83533957938,9.52217115041341,10.0039654948431,0.241487052595844,0.242783049845009,10.8404215727791,10.1490640132252,0.00282245498464722,0.00257362700050467,1.43625974132389e-06,0.0010053243692605,0.00514179967701078,2.01921181383744e-05,1.84033805988549e-05,7.11637911258677e-11,8.0745761468701e-06,3.66630567222839e-05,-775.876765451128,0.102291425474949,0.0783363245721895,0.9725,0.508042145523395
"sinusoidal",400,"stan",38,1018.593,11102.2035708195,10765.2818735841,184.38860582314,215.322108700694,10990.0535249053,3439.83206723343,9497.79360607178,2909.31049827337,10.8995482698384,10.568776610073,0.181022848010089,0.211391702771072,10.7894453671931,9.32442457985847,0.00320740767992496,0.00287186355768757,2.15827677039188e-06,0.00108243713650458,0.00614410772722323,2.42615044039579e-05,2.1336823732182e-05,1.35484942632521e-10,8.01302603117759e-06,4.75415623311096e-05,-791.728157498185,0.148684840491697,0.127553524520749,0.9775,0.528561109843333
"sinusoidal",400,"stan",39,842.214,9594.61170698096,9161.90913036501,132.566829919192,179.560571324215,9705.12139979046,2764.6734854843,8249.45809375218,3623.47020307138,11.3921303932029,10.8783624237605,0.157402785894311,0.213200648913714,11.5233437104946,9.79496671125412,0.00360316277390708,0.00335746911109432,2.28354932760078e-06,0.0010775588500231,0.00648113366589092,2.22952355960132e-05,1.98964263551522e-05,1.15177913100404e-10,7.1616555160491e-06,4.32139096868084e-05,-781.718727072992,0.0900295161254445,0.0759419360892857,1,0.532854607163005
"sinusoidal",400,"stan",3,804.092,10534.9619281222,9866.65965381712,174.474407664917,220.906725173781,10416.6339419496,1769.92495704565,8728.38162924894,4222.33507360169,13.101687279717,12.270560649549,0.216983140815873,0.27472817186812,12.9545300064539,10.8549539471217,0.00350103263567287,0.00316412791772755,2.68571668565331e-06,0.00119594304019208,0.00675424936481895,2.09688098060191e-05,1.91979824796428e-05,7.68491721058745e-11,7.33450865381369e-06,3.77288091764561e-05,-811.700893488301,0.0948941555910542,0.0781469792524394,1,0.529485522849678
"sinusoidal",400,"stan",40,833.242,8201.84557394569,8005.88073304302,183.110579310967,238.020257592456,10110.4120901824,2889.65870989587,9125.93640255531,5541.49752727988,9.84329351370394,9.60810992849978,0.219756780516305,0.285655616966567,12.1338243753705,10.9523240577831,0.00307856289708378,0.00278528748634588,1.82102657949574e-06,0.0010836155360069,0.00579875943520964,2.07568850818132e-05,1.93388938460728e-05,6.43645145413677e-11,8.44591758196684e-06,3.64929974291185e-05,-785.119436044587,0.0838486574150754,0.0659240812101639,1,0.512124144001712
"sinusoidal",400,"stan",41,853.896,9215.97074793897,9048.82162182732,187.728761804468,241.692634649599,9818.29567803408,2502.85873747931,8488.81353617995,5028.46510117468,10.7928491853094,10.5971003750191,0.219849679357285,0.283046922165696,11.4982335999162,9.94127333560521,0.00316601438789095,0.0028606915315863,1.94959566119858e-06,0.00107916422413462,0.00585166650130644,2.02552478575207e-05,1.84080626234269e-05,7.33550343872849e-11,7.54446251600281e-06,3.79061909607539e-05,-805.591437812708,0.0787288273831192,0.0619509906618114,1,0.515622510628953
"sinusoidal",400,"stan",42,1210.038,8689.29614861248,9498.116678055,189.403422774235,221.526753124759,10143.5050209043,6256.26441581619,9756.93900125442,5670.52975486084,7.18101096710391,7.84943669376912,0.156526838639972,0.183074211822074,8.38279873929938,8.06333272281896,0.00265454871746332,0.00243766833283757,1.20431496697869e-06,0.000938103644196074,0.00485279539310035,2.03521902936179e-05,1.84865857436741e-05,7.08643040672666e-11,7.47163901596893e-06,3.761585456193e-05,-795.599195543164,0.10681645614093,0.0889547346189135,0.97,0.496426990663823
"sinusoidal",400,"stan",43,932.288,9515.49411813289,9438.02246747928,198.274925903693,269.077017821541,9463.07613432664,5346.9966393753,8834.51621584168,6664.36309577621,10.2066036655335,10.1235052553281,0.212675617302478,0.288620059275182,10.1503785679175,9.47616639476393,0.00270029373986012,0.00246250893928968,1.30198864905223e-06,0.000886274346950019,0.00487134763210035,1.90138824555594e-05,1.75864515373505e-05,5.69081126223072e-11,7.40789080733129e-06,3.41366662474684e-05,-786.975585521739,0.0916649610895488,0.0754855035602867,0.995,0.501234842040204
"sinusoidal",400,"stan",44,897.647,5358.03668598936,7453.73909394137,152.666597886599,275.213584059186,9563.17124504053,3850.5544442458,8536.07384446015,4808.46622054061,5.96897966125812,8.30364173660846,0.170074202761886,0.306594445321141,10.6535990707266,9.50938826115405,0.00279876861169593,0.00253424353603667,1.64307167117274e-06,0.000893709309216,0.00524970989232819,2.0602412835321e-05,1.90564775934002e-05,6.73933621108342e-11,7.72322845157811e-06,3.6663161601373e-05,-776.802145576281,0.111302827756459,0.0816669231758765,0.965,0.511347426847912
"sinusoidal",400,"stan",45,748.189,10559.2382851745,9969.97885767723,166.837953664968,190.118905226563,11386.4778805293,3124.39328171223,10661.2727232032,6413.56381013707,14.1130627223529,13.3254817401448,0.222989049110543,0.254105453604054,15.2187186399817,14.2494379404177,0.00281783972461083,0.00260387840104879,1.36589002804757e-06,0.000998754776503479,0.00521235308858157,1.98312515742627e-05,1.8226736289079e-05,6.24476116279471e-11,7.33476781228874e-06,3.54285434771758e-05,-783.030070826043,0.104169468213766,0.0729540520427272,0.9775,0.497876896334059
"sinusoidal",400,"stan",46,835.612,10147.3354106212,10145.1936472524,165.424328805265,164.68543601135,10235.7556996363,3003.24227641291,9400.57420835498,4189.32394447125,12.1435970409965,12.141033933515,0.197967871219256,0.197083617769192,12.2494120472615,11.2499272489564,0.00275292411039821,0.00250328909824046,1.39504844748326e-06,0.00101117409585861,0.00509993011083968,2.05067258192442e-05,1.84258143489911e-05,8.35564636862763e-11,7.32114383940731e-06,3.88986823679568e-05,-807.060293898706,0.0966036835830275,0.0697630575361815,1,0.501571906657006
"sinusoidal",400,"stan",47,1064.573,10247.1408617863,9883.00308063333,198.780236838612,229.482769801108,10615.7759772474,5795.9718233812,9960.64003518474,7632.2532567985,9.62558778194286,9.283537231015,0.186722974224043,0.215563206845475,9.97186287577033,9.35646501948175,0.00282532839345268,0.00254312956073825,1.49432415593941e-06,0.000942884034831958,0.00531016409738934,1.96369515187829e-05,1.80544708280895e-05,6.30112393869701e-11,7.72924643965071e-06,3.58451550012163e-05,-797.894686032946,0.0836631111352881,0.0631866590632027,1,0.50544410854673
"sinusoidal",400,"stan",48,937.597,8564.18219148824,8826.7892485437,226.155524652217,159.994090361284,9538.09953166652,6338.37722093457,9032.56293714026,7202.66864230734,9.13418258749574,9.41426780220467,0.241207602682407,0.170642707219929,10.1729202756264,9.63373702895834,0.00253026483037779,0.00229336118114751,1.16259498970567e-06,0.000977034380232129,0.00466818064001453,1.91491691807122e-05,1.7140242530055e-05,7.0878583244548e-11,7.25912105442598e-06,3.49691055702748e-05,-800.489632207122,0.0795560184327452,0.0622736215561467,1,0.503202144826724
"sinusoidal",400,"stan",49,999.84,3417.71082144281,4382.83066634877,178.986002791548,171.970322629366,9202.75471706133,2967.05710240665,8574.4651861389,3217.20612818286,3.41825774268164,4.38353203147381,0.179014645134769,0.171997842284132,9.20422739344428,8.57583732011012,0.00296892774217382,0.00266538818521584,1.94616583000312e-06,0.000952050900336876,0.00566899529327786,2.04980539083323e-05,1.85907801630379e-05,7.73958197321241e-11,8.37021773443658e-06,3.80988161014814e-05,-786.044637045892,0.11696776817924,0.0940664734030045,0.9825,0.509256543651775
"sinusoidal",400,"stan",4,833.792,8844.28089297257,9311.14029131303,184.879408056715,190.009120979018,9964.98313904543,4164.48784409885,9884.11936140594,5239.48365223364,10.6072988142997,11.167221910636,0.22173324768853,0.227885516986272,11.9514017153504,11.8544185617108,0.00270122228580278,0.00248227178026682,1.35572437372261e-06,0.000938264828114606,0.00508938107475069,1.86728254515435e-05,1.70733267918068e-05,6.0089192045508e-11,6.91622765866168e-06,3.27268876030152e-05,-785.432793223587,0.070798956499556,0.0586193465735899,1,0.504082336021189
"sinusoidal",400,"stan",50,767.97,12002.0529033395,11554.7914122182,200.127909161196,212.881757392445,11182.5774790019,3397.22084859929,10425.5700785026,7064.39595072315,15.6282835310488,15.0458890480333,0.260593394483112,0.277200616420492,14.5612165566387,13.5754913323471,0.00288155494117694,0.00265178716489121,1.46554654066621e-06,0.0010454902826891,0.00523471678363332,2.10213161884186e-05,1.91956843549613e-05,7.19436928039924e-11,8.00714625263085e-06,3.76947192099357e-05,-773.437586898092,0.135022075916916,0.0944523511308765,0.9525,0.517928229141707
"sinusoidal",400,"stan",51,686.471,11595.8194335637,11688.7057328284,212.689688873054,221.469370862488,10087.3950477168,2800.79384437846,10508.4093802759,5373.22499647385,16.8919290597327,17.0272389260849,0.309830552016114,0.322620141072949,14.6945683761103,15.3078708063063,0.00339075036133848,0.00302334945155667,2.57665072837551e-06,0.00110029691099323,0.00668183243972937,2.0443404313649e-05,1.88147214534648e-05,6.32285376148045e-11,8.5280985663649e-06,3.66805490934079e-05,-805.041488568758,0.101914125908245,0.0793883695511575,1,0.521404546349319
"sinusoidal",400,"stan",52,790.784,8453.10716247017,8136.44417311119,243.761556490946,176.015489305116,10486.3006411794,3296.48575520876,9750.04770798532,4983.21251566759,10.6895273076721,10.2890854811316,0.308253020408791,0.222583523825869,13.2606383553276,12.3295965876716,0.00274569889743008,0.00251363432618031,1.3958879902121e-06,0.000947371890774614,0.00500640529707178,2.13110234160527e-05,1.94060796304049e-05,8.6695609592952e-11,7.53027103560083e-06,3.84768875616875e-05,-784.661842052341,0.132327036534014,0.108147555142287,0.9225,0.513686254824518
"sinusoidal",400,"stan",53,921.556,9034.01942042072,8806.62084434838,245.074529007964,190.239609574234,8982.4721747226,3069.1662705364,8424.77276618023,4119.42643417202,9.80300645909822,9.55625143165297,0.265935579615307,0.206433043216293,9.74707144733755,9.14189996720788,0.00298976682435187,0.00276150973555949,1.48359760619367e-06,0.00118571587492476,0.00536268404202874,2.11347706539271e-05,1.88896688202114e-05,8.85956681770335e-11,7.83273829056505e-06,4.02384288706391e-05,-780.767464930232,0.100415874820061,0.0802321534173589,1,0.517654163623352
"sinusoidal",400,"stan",54,690.362,10343.1948565099,10731.7156984686,214.256782396725,171.622166801255,10672.3402005537,2980.64848205203,10646.3133580696,5122.14556234315,14.9822772060309,15.5450556352589,0.310354252401964,0.248597354433261,15.4590493111639,15.4213490285816,0.00300932722936033,0.00274610700413624,1.61460779853752e-06,0.00107407477161625,0.00556798696570574,2.09159776810181e-05,1.91722305057765e-05,7.23697256253312e-11,7.73987413998135e-06,3.7837311649639e-05,-782.580394446067,0.0952546759199195,0.0775061623719095,0.9875,0.50787062260104
"sinusoidal",400,"stan",55,729.783,11528.059374538,11769.9626609656,230.092212387613,207.71039151754,11419.9227672332,3253.50616581221,10603.9590217418,6804.96043063744,15.7965578460145,16.1280307447085,0.315288534245951,0.284619388938273,15.6483814602878,14.530290540807,0.00289863643414631,0.00263229602278916,1.56550393777192e-06,0.00104548819779817,0.00545380216355729,2.05351163722001e-05,1.87478007324439e-05,7.16720008188326e-11,8.22629266449844e-06,3.73724020813935e-05,-775.29435482239,0.117282451089912,0.0961217259096576,0.9925,0.506545968940358
"sinusoidal",400,"stan",56,922.054,9359.92325129623,9396.62889131783,180.425127317285,240.360154285047,9177.93946745347,3640.95029514249,8827.21471699579,5872.95029233609,10.1511660394036,10.1909745972772,0.195677397763346,0.26067904296825,9.95379822380628,9.57342489376521,0.00297909824661613,0.00267307911505037,1.79426552272648e-06,0.000958422346314191,0.00573248426153092,2.03776075611721e-05,1.81637155771519e-05,9.10372652314891e-11,7.68828431835781e-06,3.92141499189857e-05,-793.69987166384,0.0842969394419261,0.0690416821361742,1,0.511540453733362
"sinusoidal",400,"stan",57,734.917,11896.9248439198,12139.3727249252,187.811135133718,163.872813669961,11092.0513081837,2809.53516684842,10744.1696049509,7170.65308667601,16.1881203508966,16.5180186673124,0.255554212426326,0.222981389286084,15.0929306413972,14.6195687471522,0.00316312607685656,0.00285987110912748,2.06324227127095e-06,0.000995284764258736,0.00594463092855378,2.15741992770045e-05,1.93087591655705e-05,9.12468784076686e-11,8.47011411070182e-06,4.04665743699639e-05,-793.814081783858,0.0942155714134379,0.0740204274054169,0.9975,0.514317022962127
"sinusoidal",400,"stan",58,721.25,9494.99538844009,9153.21209501904,160.91334130915,177.84898734161,10979.7254474231,3453.30784925904,11121.8014779701,7913.14026131361,13.1646383201942,12.6907620034926,0.223103419492756,0.246584384529096,15.2231895284895,15.420175359404,0.0029896395314591,0.00273480838479866,1.5085102269925e-06,0.00105599423348686,0.00544041618700025,1.93582326350795e-05,1.75188567900663e-05,6.42386965699299e-11,7.54881333356226e-06,3.53570187640115e-05,-768.370655379368,0.104875577612599,0.088973140735772,1,0.523442096115236
"sinusoidal",400,"stan",59,810.308,9171.43741865513,9451.30076032476,157.861883327013,188.047100216133,9878.21723072443,2333.14267460955,8606.37699185776,5160.54375607397,11.3184584363663,11.6638374054369,0.19481713536953,0.232068670451401,12.1906944405392,10.6211181326826,0.00342875472043685,0.00307434454791621,2.6416539067695e-06,0.00101619822305737,0.00669493789299328,2.03101386085383e-05,1.86951013212859e-05,6.93413273481119e-11,7.74538234660169e-06,3.66957368165795e-05,-789.444815496492,0.109300284392201,0.0827080000135449,0.985,0.529858655723724
"sinusoidal",400,"stan",5,831.485,8524.45629418033,7929.50278920082,132.628022515683,176.651861286543,9911.61665447358,2586.58518287645,9485.19362380552,6613.44382338457,10.2520866812755,9.53655542697803,0.159507414464101,0.212453455307724,11.9203793868483,11.4075342595543,0.00285009404693956,0.00261742314674591,1.51760429823484e-06,0.00102799191311181,0.00529521462809562,2.06874543535881e-05,1.90596740496588e-05,7.41437107510314e-11,8.11325058402661e-06,3.63842406292654e-05,-787.767003645235,0.100757537335479,0.0767937676192869,1,0.51326333396307
"sinusoidal",400,"stan",60,739.554,8949.36210479584,9615.14925583675,203.367641689563,186.973986734625,11105.8475031752,3921.53076957958,10732.3469311595,7998.55339427339,12.1010258950609,13.0012808474253,0.274986872749742,0.252819924893415,15.0169527893504,14.5119179007341,0.00287737447913052,0.00257992756729039,1.59474473840008e-06,0.00101823535463796,0.00540326939658136,2.03843743601226e-05,1.84630922900382e-05,7.54614279630724e-11,7.90875597051378e-06,3.74465267727527e-05,-767.754726076566,0.0989379385022217,0.0815496566517099,1,0.504233498469228
"sinusoidal",400,"stan",61,773.644,9072.3629593378,8890.86774411974,247.30560971716,190.419119318294,11039.352534093,3426.62095177132,10162.0934790882,6898.02055489459,11.7267928909651,11.4921950459381,0.319663320231476,0.246132742344404,14.2692925093363,13.1353613278048,0.00265415814571574,0.00241254870780958,1.21502663147087e-06,0.000933848026467442,0.00485527876907785,1.94887275119718e-05,1.79952168023735e-05,5.99258313706924e-11,7.67305406394651e-06,3.4500377159824e-05,-790.631647593903,0.116888744493018,0.101894825573493,1,0.502969067214213
"sinusoidal",400,"stan",62,800.889,9823.08342664417,8955.2099109738,197.181431341074,247.414728880597,10161.5638978405,2528.75160002464,9456.42431177128,6218.55662943428,12.2652245525212,11.1815868503298,0.246203195874927,0.308925118063299,12.6878554928842,11.8074094060117,0.00328284177646195,0.00293860153601762,2.40442216874629e-06,0.000984861547668618,0.00636995598384946,2.02175061144836e-05,1.86590004107115e-05,5.70462902307729e-11,8.63562344771692e-06,3.62233804414157e-05,-803.699124289283,0.0850884764311203,0.0634941307407893,0.9925,0.524811017388683
"sinusoidal",400,"stan",63,729.211,11170.9099106573,11448.5093755847,197.430606530699,170.615140447563,11122.4419246759,2598.63265082666,10602.8074533724,6208.02635021094,15.3191736145742,15.6998583065597,0.270745513343461,0.233972252815115,15.2527072749532,14.540109040281,0.00310538618128836,0.00281038407342962,1.75403948773116e-06,0.00106651478608974,0.00578646946690704,2.07171884485171e-05,1.85067019381351e-05,8.3191146442203e-11,7.46518353342216e-06,3.97760198176371e-05,-769.537060238336,0.100141843380282,0.0794266105958117,0.9925,0.524763842427007
"sinusoidal",400,"stan",64,868.337,9318.16988295443,9153.05345717265,124.607350975454,179.247618214774,10071.484610754,6223.48942570837,9171.28112935211,6303.49539854577,10.7310524404171,10.5408999699111,0.143501141809521,0.206426327813711,11.5985897304318,10.5618914423226,0.00256996800038547,0.00234571295879884,1.13486721969087e-06,0.00094781252753651,0.00468278503273051,1.89908833760957e-05,1.73534712044217e-05,6.18024289569086e-11,7.62181626852152e-06,3.54307247702142e-05,-777.935419579297,0.0768697083007925,0.0643212794630053,1,0.496776898383179
"sinusoidal",400,"stan",65,792.765,9419.24107949992,11222.1339638388,202.744315657521,182.57484024833,10283.5031674617,6070.29890862194,9904.21850214846,6670.8062365894,11.881504707574,14.1556879577666,0.255743272795243,0.230301338036278,12.9716916961037,12.4932590391206,0.00254679856784123,0.00228312594443748,1.34970962585475e-06,0.000938988403247051,0.00486104873919557,1.92904013632261e-05,1.76567904172448e-05,6.10402314133717e-11,7.74341841518393e-06,3.50951589928443e-05,-787.889138525462,0.0944552457300763,0.0764283508336766,1,0.495726727028858
"sinusoidal",400,"stan",66,775.483,11018.8485928579,10517.3609216552,177.557980308927,115.284038931542,10573.7164247385,3398.73296942012,10041.4152757041,5725.29818379252,14.2090137280352,13.5623358882853,0.228964374859187,0.148660949281341,13.635007375711,12.9485949733316,0.00293025205943541,0.0026150747360469,1.81891836359869e-06,0.00106107117889077,0.00569381316969049,2.10181051829212e-05,1.90656341946661e-05,8.02731105256702e-11,7.77743574954319e-06,3.88888977702863e-05,-795.211404725777,0.0872808073694218,0.0735626322052061,1,0.515183416260391
"sinusoidal",400,"stan",67,759.817,11524.3083886258,11168.2201104219,198.703787230842,236.213187164778,11229.8496459646,5641.54838859005,10698.9043640684,6868.14397461987,15.1672157751482,14.6985657209853,0.261515321756215,0.31088168225346,14.7796767458015,14.080896273798,0.00280140127242097,0.00252619056483063,1.54895265930254e-06,0.000957066602929048,0.00527257857680381,1.97588920851534e-05,1.81179976273504e-05,6.2937156642258e-11,8.25599356727013e-06,3.51477188210734e-05,-811.767107859595,0.0933795980857555,0.07680390238502,1,0.503076873826249
"sinusoidal",400,"stan",68,771.121,9199.10008803906,10133.404889988,273.090782524497,312.690732139769,11353.4012071837,7846.8987572457,11312.107986447,8685.40809306435,11.9295157154831,13.1411346468168,0.354147769966707,0.405501512914016,14.7232421464124,14.6696925468856,0.00236278390375019,0.00219137175661068,7.93286561603869e-07,0.000970629280013255,0.00418254877172356,1.87330830426842e-05,1.74397393661482e-05,4.61268214597217e-11,8.19377151025659e-06,3.20706718888787e-05,-799.879428920211,0.0964267078219659,0.0746304629268496,1,0.487468013960427
"sinusoidal",400,"stan",69,840.216,10144.5977747986,9126.75441215738,116.116288693267,108.127786491996,9800.33846321669,3685.25995322867,8642.29543247386,5716.49056994271,12.0737974220898,10.8623906378329,0.138198140351132,0.128690463514139,11.6640702667132,10.2858020229011,0.00315173092976171,0.00289917726897479,1.86429492700426e-06,0.00109194274975466,0.00570284794013127,2.15236414774623e-05,1.94428072687889e-05,8.92974672572982e-11,7.65303830198677e-06,4.04547133540251e-05,-790.709058329981,0.108566478862305,0.0849751076367172,0.99,0.517682553538147
"sinusoidal",400,"stan",6,722.131,11815.3907176826,10883.5493203143,186.510311470362,219.843260299903,10570.1210312748,2208.52769094948,9785.86742943597,4635.72407367205,16.3618383889939,15.0714334661083,0.25827766910763,0.304436813126569,14.6374010134931,13.5513742374112,0.00396269367091738,0.00359416916098269,3.15056384807494e-06,0.00125306470899051,0.00747706902223024,2.20261817381579e-05,2.01662907081182e-05,8.58685956496194e-11,7.70760109523638e-06,4.05937869946315e-05,-783.746001293812,0.141079717085766,0.116598272899481,0.9825,0.55106817784417
"sinusoidal",400,"stan",70,808.281,8974.46031355523,9142.86053429165,167.687073285107,153.322941474451,10141.7064277403,3980.82837860721,9874.88112829423,6793.58586493793,11.1031439728946,11.3114876315188,0.207461357232332,0.189690146711913,12.5472532791694,12.2171387528523,0.00277892694564686,0.00254653467420329,1.45876947174462e-06,0.000949318808686962,0.00510820781269014,1.90477625301788e-05,1.76595497898541e-05,5.55956447960677e-11,7.73085377540476e-06,3.47819658231178e-05,-789.636291364284,0.101715930113873,0.0825655629706201,1,0.506687677325918
"sinusoidal",400,"stan",71,730.55,11262.3212528765,11483.3921460497,225.540129586514,261.303636420106,11496.2842877037,4914.76287846578,11037.040541649,6851.74425196678,15.4162223706474,15.7188312176438,0.308726479483285,0.357680701416886,15.7364783898484,15.1078509912381,0.00275202271713923,0.00253315130756216,1.26276118077614e-06,0.000994911138425245,0.00502154703457554,2.0273352100391e-05,1.83982377910796e-05,6.98250218203907e-11,7.73900194167414e-06,3.71807196007866e-05,-787.066683890417,0.10681477654697,0.0866204339952795,1,0.501270932847809
"sinusoidal",400,"stan",72,742.402,11914.5215993676,12886.2663016853,162.032493796947,272.700342635719,11892.1899524428,4709.88789697726,11343.6984289401,8470.09797645278,16.0486119371548,17.3575317707729,0.218254387511007,0.367321670248354,16.0185316748106,15.2797250397226,0.00243471142340109,0.00220068705373494,1.03726415913036e-06,0.000988121187443941,0.00453069151718262,1.97407730942222e-05,1.81938041569627e-05,6.24729473866715e-11,7.21611369910128e-06,3.56440236920884e-05,-841.27105944802,0.0706999417660545,0.0577874137514063,1,0.491295092614968
"sinusoidal",400,"stan",73,820.776,9602.29679972943,10091.0166249861,282.360433213747,234.221357000053,10119.5544790743,5379.75329525488,9968.21224300575,6372.32202599078,11.6990467554234,12.2944830562615,0.344016434707822,0.285365747780214,12.3292524136602,12.1448632062898,0.00245171711331048,0.00228875629169622,8.73581579793708e-07,0.000913580835857643,0.00433632432963281,1.95504835491382e-05,1.79423812863003e-05,6.30364449616894e-11,7.74962615409669e-06,3.51429259503316e-05,-772.914769472181,0.0945733879767321,0.0739972226544838,1,0.495784901282386
"sinusoidal",400,"stan",74,773.461,9259.58041436305,10776.8785002121,165.396867732721,238.639240780845,10530.4553883643,2435.70773333475,9831.35397768795,6295.33025774405,11.971619014227,13.9333185515651,0.213839957971663,0.308534290391946,13.6147205720318,12.7108593422137,0.00308928194189554,0.00275596442402446,2.24270826769509e-06,0.000873407534500945,0.00602297583920699,2.08023662279472e-05,1.88631295527445e-05,7.83317012663139e-11,8.14134439504132e-06,3.83985192616244e-05,-795.643059208296,0.0977474505881974,0.0790560912059481,1,0.512235444023527
"sinusoidal",400,"stan",75,784.03,8831.85668304431,7381.09948988703,185.463526770818,230.586602297737,10746.3237703659,4710.5652296084,9687.1669567911,6451.08442152692,11.2646922733114,9.41430747533517,0.236551569162937,0.294104310163816,13.7065211412393,12.3556075109257,0.00273687825340129,0.00249287224075815,1.40453434919334e-06,0.000937280583810924,0.00513842217360961,1.99058930511958e-05,1.82191312096727e-05,7.48459053214876e-11,7.30830075904618e-06,3.52452287375405e-05,-792.824843946023,0.0917949263590453,0.0668592056810432,1,0.496788130588251
"sinusoidal",400,"stan",76,783.008,10487.2919168187,11011.460865715,177.657275446238,202.038957458018,10786.4481633921,4911.33491989047,9586.48127565998,4679.33391108096,13.3935948506512,14.0630247273528,0.226890753921082,0.258029237834119,13.775655118967,12.2431460159538,0.00276056932871125,0.00255496950748098,1.31292849032909e-06,0.000988864780978154,0.00503595796768014,2.11130405302559e-05,1.89964323838943e-05,9.39094989284886e-11,8.49210523012265e-06,3.80285057274288e-05,-765.589377219928,0.102254007950902,0.0854500211003176,1,0.514931651647716
"sinusoidal",400,"stan",77,725.17,12877.4927951803,12692.2854874133,243.362372261034,255.232581796818,11928.5763766384,3694.91798887175,11540.2343379753,7444.77476842689,17.7578951076028,17.5024966385996,0.335593546700821,0.351962411292274,16.4493517059978,15.913833084622,0.00277789513837537,0.00250733188850704,1.38903534865462e-06,0.000980293101013538,0.00517444872656843,2.04903343350662e-05,1.89058756034845e-05,6.66319693253158e-11,8.08455661790948e-06,3.64393596418259e-05,-778.842246981806,0.123183001279051,0.0999105386639541,0.985,0.507971200930433
"sinusoidal",400,"stan",78,1173.188,9231.7658799986,10102.3259680463,128.496221907944,266.471932930198,9622.10418759217,3728.89797206751,9627.62490258818,5239.33049093223,7.86895696171339,8.61100349479053,0.109527391950773,0.227134894774067,8.20167286708709,8.20637860478302,0.00297291440135045,0.0026729173110981,1.76709982114238e-06,0.00102335845041541,0.00566380518577826,2.03552335699019e-05,1.87854236208466e-05,6.09535825190273e-11,8.45595385600088e-06,3.59894174790172e-05,-769.325984793358,0.126548785650596,0.0923893138244641,0.9625,0.52214918964863
"sinusoidal",400,"stan",79,1017.948,8334.76766200044,8399.52086179644,179.950558563757,276.838820508042,9032.09118340232,3067.64504250652,8214.00286510129,5779.48248623876,8.18781279790367,8.25142429848719,0.17677775148019,0.271957723290426,8.8728414254975,8.0691772714336,0.00325820926637733,0.00291859475689532,2.3760453532825e-06,0.00107282763980992,0.0061073110356855,2.03510232635347e-05,1.85534255972619e-05,7.02369542546939e-11,8.49519136040099e-06,3.761593768388e-05,-788.147600435082,0.134229899373699,0.108417485932849,0.975,0.529925165492804
"sinusoidal",400,"stan",7,865.291,8186.39254208511,7878.59273915366,264.712685588704,194.114212386695,9738.74627175269,4961.90963813845,8708.4579380859,5102.72315181361,9.46085483621708,9.10513658313061,0.305923308561748,0.224334024491986,11.254879886365,10.0641956730001,0.00292574360984884,0.00270438940926316,1.37068714333047e-06,0.00111596555549325,0.00532196010950696,2.24141963859548e-05,2.02041577081924e-05,9.82803595949196e-11,7.08735799267121e-06,4.17199015359056e-05,-783.525184125545,0.125685475569473,0.0971341777259837,0.9775,0.519233428187017
"sinusoidal",400,"stan",80,757.297,9518.91167189926,10075.9905065106,175.955070112559,148.07958794398,10641.4681793434,3069.39042788795,10026.1418611387,3905.32002988922,12.5695885126962,13.3052032511823,0.232346186651419,0.195537005882738,14.0519085369986,13.2393788185331,0.00306089574467574,0.00276722084085842,1.91632946887846e-06,0.00103666603199018,0.00576602625607685,2.09256182881138e-05,1.88457107034736e-05,9.2248646473416e-11,7.58273414115043e-06,3.98934778280325e-05,-788.383720083267,0.098503648059547,0.0755210007764573,0.9975,0.516846843278612
"sinusoidal",400,"stan",81,788.962,10438.248792514,11040.2857349732,151.770553594359,259.348678595597,10402.1379364654,3161.35933695408,10246.7253721866,7401.6544383942,13.2303568391304,13.9934315403951,0.192367380931349,0.328721381505823,13.1845867563525,12.9876031699709,0.00281677848391754,0.00254913842722151,1.41008407436067e-06,0.00109660434440348,0.00533117407227543,1.96550654687996e-05,1.8273045574386e-05,5.80377599594791e-11,7.86910502539013e-06,3.39598709525785e-05,-773.056365196583,0.135541563941098,0.111280178812483,0.94,0.509110775869391
"sinusoidal",400,"stan",82,1120.545,9549.01350524797,9704.61350125397,210.833276884784,125.008397114063,9561.73730750733,3660.4292755144,9233.72200691478,5266.9556303987,8.52175816700621,8.66061916411565,0.188152440896871,0.111560354215193,8.53311317930769,8.24038481891827,0.00285961187802742,0.00265712500531418,1.29278200311912e-06,0.00104809492643771,0.00511601994738321,2.10130639235585e-05,1.89620511497643e-05,8.52421367863e-11,7.78837674376724e-06,3.93343149573343e-05,-784.03383206737,0.089332251776962,0.068931967264102,0.9825,0.51527269978297
"sinusoidal",400,"stan",83,748.323,11563.1374091196,11082.9340873048,190.863417603914,197.622598224546,11411.3076016824,5338.0136016571,9973.28776471985,4520.17701321711,15.452067368128,14.8103614178701,0.255054859470995,0.264087296828436,15.2491739552071,13.3275173484175,0.00321923117838109,0.00300821966554823,1.67968437990926e-06,0.00118897340626209,0.00586286346404524,2.2484703231679e-05,2.04541941196365e-05,9.13589829875556e-11,8.09719543002017e-06,4.08014620925894e-05,-777.128072926135,0.106249954363857,0.0883628933701233,1,0.521452437913402
"sinusoidal",400,"stan",84,886.025,7742.33363088867,6012.91839601099,150.074577341021,181.194988264552,9435.45496818807,5247.41246696974,9221.6779367973,6131.67047910612,8.73827897732983,6.78639812196156,0.169379619470129,0.204503245692336,10.6491972215096,10.4079206983971,0.0026908188918874,0.00240936994876008,1.55602892928146e-06,0.000953874322974482,0.00506401119928102,2.09453094556612e-05,1.92302171624822e-05,7.37430233115814e-11,8.11468451175544e-06,3.78378724249782e-05,-780.089228782174,0.109380561686103,0.0879142812923664,1,0.507150926980348
"sinusoidal",400,"stan",85,1015.419,8533.64288353349,8497.43618354485,175.259007209939,231.001597169314,9240.24873856027,4668.99213130766,8666.84862477593,4998.57623864071,8.40406067203144,8.36840376587877,0.172597722920232,0.227493869200118,9.09993681284304,8.53524370213274,0.00264554017002947,0.00238764758413109,1.32410370327985e-06,0.00101656006985917,0.00492845358324589,2.04354670174258e-05,1.87612383322998e-05,6.54251371780122e-11,8.44239089817758e-06,3.63064990288737e-05,-787.144443306002,0.115665866583739,0.0921074903708608,1,0.504552258869584
"sinusoidal",400,"stan",86,748.396,10300.548498343,10309.2585601343,205.009992430898,200.359523234393,11907.5111210801,5667.62119535782,11333.6819274192,7247.52718362443,13.7635002035593,13.7751385097385,0.273932506895945,0.267718591807536,15.9107091981786,15.1439637937926,0.00280058857981304,0.00257549232418088,1.4002828417368e-06,0.000944585079506223,0.00506720641522398,2.0444325301711e-05,1.87972172814635e-05,7.691074299748e-11,7.37456213601868e-06,3.57297968795801e-05,-788.468860430045,0.0939964832271946,0.0722017562259122,0.9625,0.509219003260568
"sinusoidal",400,"stan",87,727.532,10936.5613396541,11960.7590051101,232.476822877747,254.138696001531,11464.4324001758,5882.04396203036,11472.4843439122,7672.69506156928,15.0324127868659,16.4401827068913,0.319541714835563,0.349316175785438,15.7579768315012,15.7690443085832,0.00279417818020455,0.00258287123132777,1.2489486672071e-06,0.00102051581593626,0.00509881419609767,2.05587284038232e-05,1.88397105900142e-05,7.16889837881071e-11,8.04876616831698e-06,3.6886841951619e-05,-804.870397214787,0.0950812803875218,0.0783712354788332,1,0.498745393447159
"sinusoidal",400,"stan",88,807.772,7800.06374363085,9639.36510470719,104.111330567718,178.634117750979,10412.9102260625,3885.85631958045,9709.22238716891,4182.25013589427,9.65626902595144,11.9332746179704,0.128887025754444,0.221144230984707,12.8909026632051,12.0197560538975,0.00264285097720641,0.00236810476914538,1.42314488174017e-06,0.000935429256226229,0.00501037790658017,2.05013283986408e-05,1.85863665250291e-05,7.24180188485428e-11,7.87120526042323e-06,3.79719450808715e-05,-811.955692221613,0.10665037865139,0.0803164183560974,0.9625,0.501134093373951
"sinusoidal",400,"stan",89,712.983,12529.8832930561,11926.5209760197,214.795346275588,210.118836979714,11129.9474611659,4687.76868315187,11445.9570978122,8964.27087780334,17.5738878669703,16.7276372312099,0.301262928114118,0.294703852658077,15.6103966871102,16.0536185264055,0.00287610181564018,0.00257684246183344,1.71203173339768e-06,0.000926472906545725,0.00555238523699093,1.9397680102774e-05,1.79383295151128e-05,5.31308466579825e-11,7.70431941058335e-06,3.38585426332843e-05,-797.802859921313,0.115841579164438,0.0894915846803304,1,0.514726021905897
"sinusoidal",400,"stan",8,784.793,11256.7062659024,9840.36639091527,163.439129761383,198.075071316642,10448.3533664995,3607.1606519889,9549.50779832886,5709.09012142402,14.343535513062,12.5388049981527,0.208257629414868,0.252391485801533,13.3135149861167,12.16818676814,0.00294104294392036,0.00260604118473008,1.88438608526209e-06,0.00100417803209586,0.0057325872125139,1.9383957593661e-05,1.79355494007458e-05,5.49177121656442e-11,8.14920020876121e-06,3.43524124794308e-05,-774.821561182725,0.119812676726682,0.0904970649633339,0.9775,0.512253192524887
"sinusoidal",400,"stan",90,833.53,10046.3178846347,9721.1965579981,131.905285217434,169.069231560228,9389.51817317761,1856.6072156651,9058.65731315091,6730.1449071458,12.052737015626,11.6626834762973,0.158248995497984,0.202835208763005,11.2647633236688,10.8678239693243,0.00359409713340108,0.0032104978870475,3.02626781915802e-06,0.000974605089255477,0.00708886550392093,2.06310244933957e-05,1.88152201601734e-05,7.62617068787671e-11,8.11162304201164e-06,3.86720990278305e-05,-813.803404814136,0.094635374341525,0.0815466725480423,1,0.534218086917867
"sinusoidal",400,"stan",91,721.265,10934.365504553,11017.6444736484,160.493785839038,234.223861365565,11307.041905794,2854.83594543056,11405.2600866389,6839.10338590744,15.1599835075222,15.2754458814006,0.222517085729985,0.324740367778231,15.6766818101447,15.8128566984935,0.00277760593599962,0.00250808338821304,1.48681678352185e-06,0.000922086557956672,0.00503932255759283,2.05354613076417e-05,1.87077875168771e-05,7.05267636344183e-11,8.04982345260199e-06,3.77693750770283e-05,-792.823462318782,0.12004035004259,0.0965752098656389,0.9675,0.513019023258223
"sinusoidal",400,"stan",92,907.255,9270.72039651879,9655.73183466463,202.510966013292,190.312532561207,9420.04457583879,4740.52332537415,8999.38550374695,6881.00910912057,10.2184285526327,10.642798148993,0.223212840946913,0.209767411104052,10.3830175373393,9.91935619395534,0.00278112243990485,0.00254899825836372,1.29231887659903e-06,0.00104529778025651,0.00511573391301044,2.09245540885157e-05,1.91324219469007e-05,7.05603695547547e-11,8.3464718807873e-06,3.80949671635799e-05,-777.94945563203,0.102432953462912,0.0847833895376698,0.985,0.503963073592646
"sinusoidal",400,"stan",93,985.47,9845.3319541356,8191.25617873321,201.412080955256,243.361772721998,9371.82763066361,2847.90098448729,8249.81220776456,5495.65030891797,9.99049382947792,8.3120299742592,0.204381747750065,0.246949955576525,9.51000804759517,8.37144936706806,0.0033118512951255,0.00295804042388308,2.46207560526486e-06,0.000950930989370941,0.00632399617360777,2.10814474838996e-05,1.9175592446908e-05,7.80144184076874e-11,8.20501161564824e-06,3.81546035390942e-05,-808.931423251979,0.0826167749145219,0.0671136436970834,1,0.521247583129104
"sinusoidal",400,"stan",94,827.653,10179.5651621753,9613.83588656785,213.031762178066,177.976730343128,10321.3915750345,4392.66812972547,9432.55236318387,6416.3288965258,12.2993152470605,11.6157808726216,0.257392605570289,0.215037860483956,12.4706749991053,11.3967476263408,0.00280603688327269,0.00257221249254544,1.53989441486701e-06,0.000978165266261718,0.00515701971131583,1.94630768266041e-05,1.77123777118065e-05,6.22276100786138e-11,7.6791648678194e-06,3.58771402208275e-05,-799.538517044983,0.0846702292233296,0.0660944710097768,1,0.507229141440916
"sinusoidal",400,"stan",95,945.262,6640.22146691476,7757.6160527688,161.277459822317,229.119993933846,8970.1932367337,2399.48550494792,8275.40976473618,4708.93476088706,7.02474178261134,8.20684218001866,0.170616675400383,0.242387818333802,9.48963698607762,8.75462016323113,0.00340677235652466,0.00312435706608277,2.41446646788672e-06,0.0010220753530229,0.00653161951051508,2.28788620079621e-05,2.07864534025167e-05,9.03930151748513e-11,7.82842241695099e-06,4.1482703855231e-05,-780.584833761608,0.147565165584782,0.11514480568914,0.91,0.531920603986252
"sinusoidal",400,"stan",96,1081.912,8720.17375637181,9381.34850424986,284.322785951916,237.000318985475,9479.86687755511,4729.30447832331,9098.47006011169,4750.84160504303,8.05996583490322,8.6710827722124,0.262796591545261,0.219056927906775,8.7621422791827,8.40962117077146,0.00259468631178625,0.00240022864909685,9.85362476439539e-07,0.00105338866083721,0.00453535736852537,1.95142914358486e-05,1.76560919476158e-05,7.96475041264104e-11,7.06269215005881e-06,3.53122506865488e-05,-767.027961421081,0.0996901552024709,0.0772757105435097,1,0.507930524684133
"sinusoidal",400,"stan",97,828.684,10346.94905429,10046.5864288525,207.446894379446,230.211599934956,9835.10737288603,4693.89255965131,9446.45294080947,6324.58741913501,12.4860007605915,12.1235433878928,0.250332930742534,0.277803843123502,11.8683447163044,11.3993427419975,0.00293029210907215,0.00263907786657957,1.6376521744517e-06,0.00106435124362514,0.00553467420340881,2.11140004382237e-05,1.94539607258314e-05,7.34495136934415e-11,8.00946369216966e-06,3.75614931459194e-05,-784.077284665066,0.0994168196557158,0.0872064509626092,1,0.516222344137681
"sinusoidal",400,"stan",98,735.203,10859.0771658612,10672.4504924358,223.007941603659,260.675971529294,11797.5670743847,4995.10438083436,11203.1542104363,7725.79979197366,14.7701752656901,14.5163315335163,0.303328389034946,0.354563258758866,16.0466797257148,15.2381780412162,0.00263646246110027,0.00240574467780462,1.33572572780199e-06,0.000959265205495004,0.00476799320127742,1.96816550848275e-05,1.79891636992955e-05,6.27073239863641e-11,7.27781940750224e-06,3.49053611337729e-05,-779.168916023163,0.0737242034709109,0.0575879124195816,1,0.505266242825157
"sinusoidal",400,"stan",99,1036.39,9149.8371481305,9339.40306507434,206.47307918088,171.502519284969,9310.73545440187,3732.09882731284,9173.00227626759,6480.84092216296,8.82856564433321,9.0114754726255,0.199223341773734,0.165480677433176,8.98381444668693,8.85091739235962,0.00266431679927681,0.00239699879511332,1.44005377791928e-06,0.000930408542174243,0.00509469585310104,1.94022867353722e-05,1.78794667391594e-05,6.36830006392406e-11,7.51943053282881e-06,3.47010620159356e-05,-788.954038701702,0.0723730014810894,0.0600373556738683,1,0.503148781972281
"sinusoidal",400,"stan",9,771.218,10512.2390499084,10693.4607057777,169.624302694755,219.731067482051,11109.493776178,5742.05541444009,10273.563457601,5719.15742608496,13.6306972216784,13.8656783241285,0.219943391744948,0.284914340020657,14.4051277021257,13.321218459114,0.00273368770590845,0.00249810706182512,1.27653923672822e-06,0.00095442314831784,0.00494122221741518,2.00991871496064e-05,1.85152747078333e-05,6.09556733774166e-11,8.20844061477046e-06,3.59511666629736e-05,-775.634317985857,0.105951445654634,0.0799450426673977,0.985,0.51092743583569
"sinusoidal",800,"stan",100,2185.599,9524.1661655232,10715.6304081188,172.181313570294,164.945965454522,9789.78855578345,4689.58009711525,10235.1536141924,6817.80544276741,4.35769149122195,4.90283460420634,0.0787799196331503,0.0754694550347625,4.47922448527084,4.68299702470235,0.00199083688853233,0.00184569926703557,5.26649298073749e-07,0.000787144676107403,0.0034183915130596,1.1956453910828e-05,1.14073090040943e-05,1.36359256748431e-11,5.78941856894047e-06,1.87738489247191e-05,-1571.28371274691,0.0849544230568139,0.0706285149398864,0.995,0.465674580676477
"sinusoidal",800,"stan",101,2649.059,11579.4293896036,12598.2189500632,121.135691424355,144.745889711161,11757.7192282379,1787.38635508984,12366.1631434618,6316.0508099233,4.37114816604826,4.75573362090582,0.0457278193593858,0.0546404929868156,4.43845124938247,4.66813428597167,0.00209818296794767,0.00195311052540953,6.21098296950428e-07,0.000797336813676728,0.00363767340528019,1.26278188091547e-05,1.19073018396398e-05,1.61296415837721e-11,6.40003174136953e-06,2.06891934068283e-05,-1580.8000816606,0.089889003782252,0.0706331097243048,1,0.47303277328553
"sinusoidal",800,"stan",102,1571.468,10333.362322198,11227.1371986894,107.15525471628,148.733808398614,11315.7260719847,2865.70925269521,11515.6848327983,8020.62067456416,6.57561103515822,7.14436259515903,0.0681879966478986,0.094646412398225,7.20073591825265,7.32797920975694,0.00197311800450353,0.00186867099026115,4.9179576636776e-07,0.000795863240063272,0.00334967836726589,1.1173514800605e-05,1.04231484359618e-05,1.23428801303657e-11,5.54557204553695e-06,1.83362637926489e-05,-1587.34914694329,0.0774568854639175,0.0622840120818574,0.99625,0.46387096860432
"sinusoidal",800,"stan",103,1978.804,7511.57911802265,7565.99659443569,179.401922168649,140.63512728729,9550.63608420814,3963.69932422026,9628.53510575531,5138.04282728462,3.79601977660377,3.82351996177271,0.0906617947854608,0.0710707716819299,4.82646896014367,4.86583567940802,0.00208907813001189,0.00196307676209988,5.21739969232894e-07,0.000868959493486735,0.00349087201294414,1.23839686652564e-05,1.1719390011691e-05,1.54623534909963e-11,6.01720081794815e-06,2.00893261230205e-05,-1579.78076740699,0.0999716331125447,0.0838733992137135,0.99,0.473177780635219
"sinusoidal",800,"stan",104,2469.895,10057.3244768307,10568.9382748088,135.032018930291,139.575562107255,10934.3917525703,5273.16845253881,11226.9663871906,7593.51752973846,4.07196438586687,4.27910428370793,0.0546711576525686,0.0565107270176484,4.42706744722763,4.54552375189658,0.00204389984042982,0.00192279059866553,5.42169308766034e-07,0.000825261077467947,0.00351321956696923,1.23274874429514e-05,1.15174577876815e-05,1.63361376153887e-11,6.22474493719363e-06,2.07151013018663e-05,-1579.6628204076,0.090850828180504,0.0725915551290646,1,0.468550513586883
"sinusoidal",800,"stan",105,2084.7,9714.3541692444,10008.4673895015,116.906543799966,156.491656698925,9273.3319328157,2441.87446421364,9379.63159395161,5127.98893306566,4.65983315069046,4.80091494675565,0.0560783536240063,0.0750667514265484,4.44828125524809,4.49927164289903,0.00233593481877582,0.00218733039537588,8.97172107592435e-07,0.000709228834953191,0.00409494801439137,1.2328271268804e-05,1.1784643778701e-05,1.4400485192753e-11,5.86199475925324e-06,1.98744084054324e-05,-1586.17362215211,0.0929058002150333,0.0747260067729414,1,0.480626668379111
"sinusoidal",800,"stan",106,2571.949,11181.9120729807,10754.2573792172,125.383241605793,186.147481794784,10920.297369994,2622.09982455486,11239.0273022263,8115.24922687245,4.34764144739289,4.18136494122441,0.0487502829977549,0.0723760392584705,4.24592298291842,4.36984843098611,0.00240761632538947,0.00220117104179754,8.96802415150338e-07,0.000878692908940318,0.00433435812914577,1.2242259122002e-05,1.15512295424723e-05,1.59750335443959e-11,5.49636267704322e-06,2.01074039502398e-05,-1580.95195883021,0.0825279950833396,0.0673130966279146,1,0.482676100832962
"sinusoidal",800,"stan",107,2464.149,10883.7185824993,11092.9238313195,144.801201077314,203.402595380605,11035.3088626546,5760.73815438265,11237.380994927,6758.11059850327,4.41682649162015,4.50172608528117,0.0587631677618985,0.0825447630726085,4.47834480084386,4.56034963588929,0.00191243452356128,0.00179112177344925,4.49087289043978e-07,0.000821464763423104,0.00326561005371273,1.17555042161065e-05,1.10925984659556e-05,1.58932502603348e-11,5.77244291114652e-06,1.94394936265633e-05,-1553.54400946063,0.106930668584706,0.0841799078673616,0.98625,0.465472492093347
"sinusoidal",800,"stan",108,1636.659,9694.03859100888,9745.3715650408,164.825703828813,129.573340284182,10698.5104874458,4636.66993286363,10177.1511051491,7510.97127306456,5.92306558116803,5.95443007067495,0.100708641096779,0.0791694178715188,6.5367987390445,6.2182477260988,0.00232422601010765,0.00215328788708216,7.35276602618841e-07,0.000966897320462995,0.00401739055574464,1.24771322488153e-05,1.17393723183531e-05,1.44586392358122e-11,6.43451111188155e-06,2.05056276173414e-05,-1594.42633638576,0.0890527784240762,0.0726516221282582,1,0.479203133432372
"sinusoidal",800,"stan",109,2228.229,10605.615756741,11065.3998971423,157.049938390896,196.010188779298,10028.4439568256,4118.73813349262,10285.2536314798,7027.06989159,4.75966148754952,4.96600658960201,0.0704819560246706,0.0879668062749827,4.50063434091632,4.61588716037703,0.00221434860535919,0.00210012320195815,5.28229702890907e-07,0.000999828806811513,0.00359001500076329,1.181371352753e-05,1.12873832000956e-05,1.19758268267014e-11,6.12768028533422e-06,1.88330179842309e-05,-1584.65522364351,0.0841305507422441,0.07003862960672,1,0.472459835465499
"sinusoidal",800,"stan",10,2225.176,9187.3105030994,9444.17618470673,129.096945856366,141.765822401952,9748.27763642748,2949.85846581369,9746.60567507792,6027.9953892095,4.12880172314433,4.24423784217821,0.058016510090153,0.0637099368328402,4.38090184166442,4.38015045779656,0.00207147904527709,0.00193684213203322,5.35383248310624e-07,0.000835152589472164,0.00358061014189656,1.1945914856185e-05,1.11120673131408e-05,1.60060548447681e-11,5.64550397509426e-06,2.00667126574269e-05,-1592.42323010332,0.0851864125312131,0.0628156531697145,0.985,0.464216423474917
"sinusoidal",800,"stan",110,1906.758,9401.15973147801,10316.794567917,102.246580327585,231.435041265805,9725.48119520729,2407.37521333394,9560.90094828622,4123.95334800369,4.93044200232961,5.41064706056931,0.05362326017648,0.121376200475259,5.10053252442486,5.01421834773276,0.00210657650768747,0.00196871537062276,5.79700155217665e-07,0.000808212190398197,0.00367719262269597,1.26128149798523e-05,1.18341288248928e-05,1.66036366893646e-11,6.05234940278553e-06,2.08123124769728e-05,-1558.55294072601,0.100007073760342,0.0782056055566465,0.9975,0.477032709561854
"sinusoidal",800,"stan",111,2477.089,9877.33037317658,11004.070169528,118.232888084704,199.773829731686,11042.0049029254,4743.14253907526,11451.1260343366,9568.93754781674,3.9874749648384,4.44233944340634,0.0477305773368274,0.0806486281807742,4.45765368257878,4.6228157463606,0.00213816690363497,0.00200552446924509,5.85402323519964e-07,0.000910685275498033,0.00365653012921307,1.15365641128654e-05,1.08885777733899e-05,1.39138540089317e-11,5.62705970958007e-06,1.89243185780673e-05,-1549.75816500202,0.0675542273008947,0.0553915311478845,1,0.472658099517156
"sinusoidal",800,"stan",112,2110.424,9445.15997898371,9475.19143327488,143.806523068849,175.553491385926,9683.29164725549,4941.4555160376,9849.39032831154,7048.80396252265,4.47547979883839,4.48970985606441,0.0681410574694229,0.0831839911723551,4.58831573525296,4.66701967391933,0.00195492871642818,0.00185296296118845,4.29436520188934e-07,0.000895524210724463,0.00326199616359862,1.22019631449063e-05,1.1393862286838e-05,1.60131360330791e-11,6.18081837268979e-06,2.04440295851735e-05,-1598.52671726661,0.0859030934060266,0.06938414226196,0.99875,0.461343880319734
"sinusoidal",800,"stan",113,2573.809,11063.3389427116,9604.52427592298,125.051325721397,132.304448094132,10955.4870025669,2292.75181257308,11206.1054418761,7140.83263436145,4.29843043625677,3.73163831345798,0.0485860938870743,0.0514041438561029,4.2565268062109,4.35389939264183,0.0026811093361619,0.00252738307598748,9.72759865196158e-07,0.00109844338957665,0.00458390753319074,1.26445132779614e-05,1.20787562930906e-05,1.51273809343024e-11,6.03755307699559e-06,2.06466545515885e-05,-1554.47268791127,0.0917699266359137,0.0756493141395451,1,0.493685177010409
"sinusoidal",800,"stan",114,2451.322,10308.9006945617,11293.1946319818,144.341272627877,168.431454101286,11024.9697348584,3863.21771055063,11414.8947911695,6528.75396996841,4.20544534523073,4.6069813072219,0.058883032350657,0.0687104566847136,4.49756079978818,4.65662805260568,0.00190475309316877,0.00177044829138024,4.33186748264376e-07,0.000890221742462586,0.00326698298321436,1.18631846268412e-05,1.11676869398473e-05,1.44124946478209e-11,5.70311234509377e-06,1.95675851295145e-05,-1586.65566399041,0.091107930865185,0.0703250331275792,0.97625,0.459727954953008
"sinusoidal",800,"stan",115,2468.778,11938.4415994762,12149.7592325072,125.798532789614,132.950568919412,11287.3068800996,3880.10159172676,11638.1635146831,8211.40462919801,4.83576959916049,4.92136564426094,0.0509557897832913,0.053852784219323,4.57202181812202,4.71413934937975,0.00194133729383377,0.00183137033264973,4.03596104515044e-07,0.000896267131615097,0.00325393171727691,1.15996816574698e-05,1.10169475141643e-05,1.13033020942454e-11,5.8965892692155e-06,1.85742996092607e-05,-1569.59179926568,0.0848367064611816,0.0676879605473502,1,0.465429734016587
"sinusoidal",800,"stan",116,2130.516,7612.56216976625,7773.32318774013,62.8446486294079,163.064008575961,9472.70768136161,2114.83351394627,9797.33852911477,6086.64135547648,3.57310725184239,3.6485636285952,0.0294973840278167,0.0765373311329091,4.44620349312636,4.59857542919873,0.00211218615591548,0.00193718515624672,7.78499830327364e-07,0.000852500683948742,0.00400564298700844,1.19182517307085e-05,1.12536498219187e-05,1.46469199173425e-11,5.73334779650041e-06,1.92072030837893e-05,-1602.51968157326,0.0765121102928272,0.0596169374651356,0.9975,0.472001574248742
"sinusoidal",800,"stan",117,2144.147,9694.20733926441,9745.47957921979,173.253966609413,137.652434416502,10150.30453859,5968.30512422095,10039.7275962072,7404.4855704596,4.52124193875906,4.54515459024954,0.0808032129370854,0.0641991591138581,4.73395925680002,4.68238772631131,0.00203881840208139,0.00193151478928436,4.42023324663302e-07,0.000877441102699272,0.00332650905891988,1.16816259863223e-05,1.09996751268117e-05,1.50902271654682e-11,5.34123870957554e-06,1.93681543875396e-05,-1575.02150675716,0.0772249688448633,0.0620559131630462,1,0.469191953309102
"sinusoidal",800,"stan",118,2606.343,12774.8826959248,13061.2211598794,113.379795842259,176.558635740469,11866.8169832088,5616.61555783282,12176.1177178803,8324.36284860441,4.90145874734248,5.01132090437805,0.0435014868888167,0.0677419034027637,4.55305268079021,4.67172498703368,0.00199723309263198,0.0019180844441186,4.36510033450616e-07,0.000911707663975931,0.00331088803122386,1.20867738100992e-05,1.13389147505368e-05,1.60831979065155e-11,5.88740147867086e-06,1.99675245152032e-05,-1596.6601787502,0.0976229998850033,0.0754098523562942,0.97625,0.464691702947262
"sinusoidal",800,"stan",119,2579.786,12768.4536633841,12616.3693041557,126.511017528595,211.164569285288,11941.0984611847,6645.77113907097,12361.1112148125,9479.15374168176,4.94942358140719,4.89047126550641,0.049039345716503,0.0818535216817549,4.62871666920616,4.79152581447162,0.00189692285066501,0.00179136088456678,3.8689185570088e-07,0.000805354513881277,0.0031962845256613,1.14101434727295e-05,1.09589222643647e-05,1.04582536542094e-11,5.659650996049e-06,1.76990213788283e-05,-1559.38484144849,0.0842861120685465,0.0692081790389316,1,0.463922981311713
"sinusoidal",800,"stan",11,2096.906,9406.36534948731,9936.79502739871,122.463879771369,132.172920255011,9850.38050127308,1588.02320812795,9838.25526554208,8078.60496382822,4.48583071891983,4.73878897165572,0.0584021791016713,0.0630323535032144,4.69757848051991,4.69179603927981,0.0022814768119101,0.00213874525920677,7.10347175473204e-07,0.000861773776025902,0.0039861298253415,1.17462662067178e-05,1.09639421456337e-05,1.62765710287221e-11,5.51378068897301e-06,1.98767417420967e-05,-1612.86493409139,0.0736957001990325,0.0611043625279629,1,0.47201620760325
"sinusoidal",800,"stan",120,2398.596,11150.2040233183,11006.7002976423,77.1873337823275,159.484190485732,11033.1713661887,4427.97441854101,11220.3956095244,6505.16382495632,4.64863779616007,4.58880957762052,0.0321802145014531,0.066490643061913,4.59984564561466,4.67790140962646,0.00194517872305479,0.00182331188254214,4.47208777292672e-07,0.0009351263801361,0.00327256883460576,1.20068602115736e-05,1.14782264635439e-05,1.29726434531342e-11,5.6636883119173e-06,1.89891837752141e-05,-1547.90424245482,0.124384905965748,0.0920861908456829,0.94125,0.469324558046007
"sinusoidal",800,"stan",121,2501.395,11654.5043572169,11177.3736168866,129.841420085533,158.096564319463,11176.243391454,3254.43158032171,11522.0675209441,8198.62068064925,4.65920190822196,4.46845604827971,0.0519076035914092,0.0632033582538795,4.46800421023229,4.60625671712949,0.00233400660232332,0.00221792641019327,6.41609510153604e-07,0.00098836891620662,0.00388629638008244,1.17891840291455e-05,1.12770678908008e-05,1.31304047163139e-11,5.7184737281878e-06,1.87852078478862e-05,-1614.88901640104,0.0923392424720614,0.0730669629667115,0.99875,0.472650917668804
"sinusoidal",800,"stan",122,2539.345,12171.9185213768,11687.7163307576,118.688266589804,165.584043183601,11169.104994702,1411.7358593786,11703.1570657789,7455.13552357688,4.79332998130494,4.60265002619084,0.0467397169702438,0.0652073834723524,4.39841966912805,4.60873062375489,0.00218069564823304,0.00202277760231805,6.34174217429562e-07,0.000929847502479097,0.00385350062085882,1.19548746392474e-05,1.14122986326337e-05,1.31047963335147e-11,6.09288930980519e-06,1.9280418836221e-05,-1581.98444460529,0.0860698474239857,0.0703060564272596,1,0.471807208346884
"sinusoidal",800,"stan",123,2104.753,9410.83975512543,8850.94392044133,131.498637856378,145.406383035544,9802.19584143028,2655.92542448744,10077.5775547003,7735.47029668498,4.47123237506987,4.20521739151403,0.0624769927190401,0.0690847729094787,4.657171573781,4.78800959290722,0.00174383295910411,0.00164547008033235,3.24267516707759e-07,0.000817258909234638,0.00289860090147634,1.18365563568968e-05,1.11482787299997e-05,1.45626212151277e-11,5.82263385342276e-06,1.94897079556626e-05,-1555.2060119229,0.116747828221339,0.0897262109974249,0.98,0.465333609551204
"sinusoidal",800,"stan",124,2715.136,12829.2592980251,13415.9706018258,152.003576286423,171.533944354171,11654.3024907522,3132.31866028598,12253.5728361727,7810.23400939676,4.72508901875454,4.94117812213672,0.0559837799235188,0.0631769253378731,4.29234575754297,4.51306042723927,0.00204729241993569,0.00191781557440407,5.39321263029656e-07,0.000868269717113388,0.00350494248818143,1.24385101756609e-05,1.19030664438193e-05,1.36767682589765e-11,6.23615631565519e-06,2.00962472012702e-05,-1540.99392797373,0.118315328022449,0.0923162004691682,0.975,0.476976214353173
"sinusoidal",800,"stan",125,1813.886,9371.41366151035,8438.61191261479,172.078416895852,153.070623475813,10240.5318735837,6118.61811782967,10153.2550882357,7395.38963685632,5.16648436644329,4.65222837191245,0.0948672721967381,0.0843882269755723,5.64563146393086,5.5975155485161,0.00189562409789179,0.00177627550133188,3.93120071417626e-07,0.000883908236879795,0.00322214506400038,1.16113239346746e-05,1.09866648288693e-05,1.19525855684965e-11,6.08258325510081e-06,1.86319716108218e-05,-1590.73006742776,0.11038124192524,0.0915788009506048,0.975,0.463017964031583
"sinusoidal",800,"stan",126,2563.479,11437.127392715,10999.485862337,127.314237378496,151.909360846777,11535.4085201111,4137.81101092381,11831.9094613265,7604.97079160258,4.46156469107609,4.29084297641485,0.0496646305191094,0.0592590619415164,4.49990365441304,4.61556714969247,0.00218960367825039,0.00208587324291178,6.02465281285078e-07,0.000848595837493733,0.00372580440830365,1.23071337519719e-05,1.16380449699309e-05,1.68793596993108e-11,6.00934247689338e-06,2.03617277598592e-05,-1593.50382524933,0.0993449407456626,0.0809241138874882,0.97875,0.474172360015018
"sinusoidal",800,"stan",127,2652.089,11093.5536950766,11070.6673134104,147.755846672956,131.986161944162,12152.2046733595,7799.41635495881,12338.4793101301,10164.1656730126,4.18294925060077,4.17431968286523,0.0557130046061635,0.0497668675312788,4.58212551439996,4.65236246224397,0.00174761962242865,0.00163547997861288,3.536662205444e-07,0.000796065423875792,0.00286744799714701,1.12507303867066e-05,1.07153810192937e-05,1.15100532919682e-11,5.66921857230032e-06,1.81334007626459e-05,-1545.9758057334,0.087165791839951,0.072845591303963,1,0.455103643589288
"sinusoidal",800,"stan",128,2243.247,9001.71893321669,9466.08698287672,146.490810410022,160.212528240217,10240.3866162356,3660.09961578744,10522.008452257,8010.23593811828,4.01280774396074,4.21981484111055,0.0653030229885618,0.0714199231026353,4.56498397913186,4.69052603313725,0.00198800581449099,0.00184904438771986,4.6049707950011e-07,0.000920047073086244,0.00342806504539102,1.15396816568829e-05,1.09260003894199e-05,1.27700445570948e-11,5.67434596163397e-06,1.85422869016389e-05,-1568.98350765542,0.078147225485761,0.0601985912032545,1,0.463015149811875
"sinusoidal",800,"stan",129,2040.136,10572.8451552044,9550.7227027952,126.916009502646,119.370593813057,9601.57607399247,1954.18482190193,9309.79879946479,5864.90923477151,5.18242173816081,4.68141472078097,0.0622095828428328,0.0585110962274365,4.70634118215279,4.56332264097334,0.00238157997249925,0.00221960180287534,7.98356766053949e-07,0.00102129565727307,0.00421174414196155,1.23939643607949e-05,1.17223068851856e-05,1.54834581634928e-11,5.79368536243033e-06,2.01717588346836e-05,-1587.77754675368,0.0855703881476275,0.0694660585253144,1,0.483560230091159
"sinusoidal",800,"stan",12,2458.619,11777.2158488334,11842.0285568513,128.243821995813,186.049276054318,11050.1495316115,3410.86831984667,11452.2413970778,6774.69717894582,4.79017523611156,4.81653666422137,0.0521609171635837,0.0756722680717583,4.49445380988738,4.65799759827683,0.00198368755638692,0.00185396340684486,5.25936912425338e-07,0.000815079145733902,0.00336394995537227,1.16520984497576e-05,1.09327496966617e-05,1.43995408034542e-11,5.5573983310663e-06,1.95284837263478e-05,-1559.6075417793,0.083460215820109,0.0655350453550901,1,0.4702752422186
"sinusoidal",800,"stan",130,2179.427,9285.83254253155,10240.4318752269,171.526445684702,185.206952982884,9839.82542532463,6666.6319864428,10273.2846772629,7885.66087761917,4.26067610547706,4.69868083456198,0.0787025423125906,0.0849796542774244,4.51486809391855,4.71375488936444,0.00176404569818889,0.00164692782553361,3.39590576243932e-07,0.000803953041047414,0.00290317520989713,1.20790170204166e-05,1.12695022144533e-05,1.65627543318005e-11,5.9010594140591e-06,2.01150781301606e-05,-1531.21503066951,0.0917988084199075,0.0708083448163324,1,0.463078207002804
"sinusoidal",800,"stan",131,2181.621,9636.29756066488,9579.12924260458,144.118803350502,206.56522225193,9872.0293411935,3245.21697244095,10339.7619355783,8255.80447020643,4.41703557156118,4.39083105755059,0.0660604217462619,0.0946842839576304,4.52508906963835,4.73948588484357,0.00196065686866521,0.00183827965253041,4.56259016576684e-07,0.000857992302243511,0.00331936761924861,1.14625831269395e-05,1.08097448870759e-05,1.20416477694685e-11,5.66931980496586e-06,1.85566371663459e-05,-1552.76361718504,0.0968787922943052,0.0752151151634732,0.99875,0.4716971343685
"sinusoidal",800,"stan",132,1905.06,8985.02817192953,9411.48441375324,157.412055926515,171.462889931586,9838.13870298541,2810.48421054096,9986.41953661885,5971.94532562712,4.71640167340111,4.9402561671303,0.0826283980171307,0.0900039315987876,5.16421461947939,5.24204987591931,0.00201493136557704,0.00191901624949698,4.17990494777704e-07,0.000904120955854025,0.00323841302074968,1.23733629505168e-05,1.15701644095597e-05,1.55836208128627e-11,6.28572414894979e-06,2.0780608627197e-05,-1591.76755875988,0.11146506716762,0.0867903769861016,0.97625,0.470782053294712
"sinusoidal",800,"stan",133,2291.311,9557.04187740142,9366.47073780659,130.004733956749,93.4154221652806,10315.8090881542,5899.54021233179,10026.1364646697,7637.91124861928,4.17099288459813,4.08782166096466,0.056738144213836,0.0407694207225823,4.50214269828679,4.37572047821954,0.00220310171482837,0.00209153214023688,4.74578592401e-07,0.00102635117590344,0.0035649764135922,1.22244185112489e-05,1.14627533232878e-05,1.57322221888968e-11,5.56273626229141e-06,2.02375345162104e-05,-1589.45792111385,0.0926974775756031,0.0790702548699805,1,0.470606808726368
"sinusoidal",800,"stan",134,2408.111,9172.25067473495,10195.9252620523,95.2940818326915,175.972675379944,10562.2446733774,2501.72561916305,10883.594646527,7573.41243035076,3.80889862416432,4.23399306014228,0.0395721301188739,0.0730749850733393,4.38611204939367,4.51955688360171,0.00225680004525705,0.00210773080659624,7.56021716949878e-07,0.000912668820711185,0.00395885335814922,1.18410074909942e-05,1.11330988437379e-05,1.53528331489925e-11,5.37671356297021e-06,1.98548747261674e-05,-1586.52076231468,0.0768891253294616,0.0608540776616281,1,0.473845839745338
"sinusoidal",800,"stan",135,2285.521,10548.8332861218,9824.15111711474,176.892095721533,201.578478111679,10433.2506108072,6087.3149599643,10684.0680572436,8407.1998993705,4.61550486130812,4.29842959969072,0.0773968367481782,0.0881980424208217,4.56493316438886,4.67467507725529,0.00193225493394945,0.00180896488698358,4.14090691339478e-07,0.000909074064427904,0.00324040057212038,1.1424394968734e-05,1.06610271689987e-05,1.42260261329595e-11,5.35138054696861e-06,1.90752600464219e-05,-1590.2153967896,0.0758123293416791,0.0632492338645615,1,0.46283622695855
"sinusoidal",800,"stan",136,2337.997,11074.6225010851,9849.17397779243,139.952365182161,85.0083670333865,10394.9804966463,3483.73927787986,10576.759569041,8039.78972038852,4.73679927779425,4.21265466884365,0.0598599421565385,0.0363594850777766,4.44610514754567,4.52385506441667,0.00208209921322378,0.00194469862745733,5.42190479099668e-07,0.000932708702267291,0.00361407880748877,1.27120373403916e-05,1.17263568724503e-05,2.29265290849662e-11,6.04784237871006e-06,2.15972163556375e-05,-1598.94711422002,0.0924053743779891,0.0742481363465094,0.99375,0.472933010580057
"sinusoidal",800,"stan",137,2611.475,12399.1086572178,13484.3938231326,137.28105228966,145.675968663689,11860.7434602314,4892.00501438775,12236.0918214463,7858.72306608736,4.74793312485007,5.16351633583804,0.0525683961323235,0.0557830224925334,4.5417794389115,4.68550984460749,0.0020474475570699,0.00193386647374952,4.94220811881835e-07,0.000885130336219901,0.00337640637059117,1.20347550022164e-05,1.12808397608778e-05,1.57751501844782e-11,5.55793953886999e-06,1.95500334248413e-05,-1564.95047819086,0.0725101581813377,0.0570423667222908,1,0.472078847772097
"sinusoidal",800,"stan",138,2582.559,10741.2983004979,10733.2909125342,105.015368248481,154.847685574572,11148.4418248135,1967.71547699386,11690.0753600384,6939.25110631834,4.15916860001956,4.15606803660021,0.0406632987856156,0.0599590118075026,4.31681979959161,4.5265472579865,0.00242293557710188,0.00225032130724759,9.37025700974035e-07,0.000905595476367204,0.00430440314637189,1.25478770497218e-05,1.18734158108755e-05,1.67011349439225e-11,5.96614489219142e-06,2.10563319256207e-05,-1599.83428397514,0.094221674283447,0.0771723111160192,1,0.481724693218129
"sinusoidal",800,"stan",139,2226.89,9723.72740184702,10085.6119668374,139.33348503329,215.224618120522,10122.6471070254,4555.19710417732,10039.9568688856,6176.7758864285,4.36650548605769,4.52901219496129,0.0625686428307146,0.0966480688855409,4.54564307488262,4.50851046476729,0.00208463050990747,0.00198751770212947,4.39284026381692e-07,0.000956874438619224,0.00342869492341696,1.23717395428759e-05,1.17691983289707e-05,1.44238068445808e-11,6.28721462116316e-06,2.03177627990414e-05,-1608.28393124575,0.124517329228655,0.0988611007430043,0.96125,0.469520474104905
"sinusoidal",800,"stan",13,2521.291,11938.6772013192,11327.8386198885,127.264761794552,98.9567216452679,11094.5509472534,2438.00503513859,11642.075085601,6039.80152274859,4.73514449594245,4.49287234987491,0.0504760306503898,0.0392484333007447,4.40034527837261,4.61750551031236,0.00209677226609559,0.00195100049688094,5.67637457760536e-07,0.000899856622590073,0.00367019677021885,1.23583338110892e-05,1.16205627180309e-05,1.79707820088044e-11,5.59349953570085e-06,2.07080648273324e-05,-1566.15559334019,0.0832253018467942,0.0665510435828975,1,0.469700709163431
"sinusoidal",800,"stan",140,1897.917,9157.075166335,9020.36417257346,138.863064706052,189.687782236042,10135.9723724371,3825.48770289509,9498.57908818708,6548.51979264215,4.82480275287855,4.7527706283117,0.0731660366106907,0.0999452464128001,5.34057726045824,5.00473892598416,0.00196700561719277,0.00180334498979824,5.71568865025702e-07,0.00082036025729547,0.00341772601646583,1.12351115601173e-05,1.05182833932216e-05,1.33272773995905e-11,5.29877336294273e-06,1.8420208281516e-05,-1583.07273474315,0.0961418871531836,0.0783321241850226,1,0.466993028658345
"sinusoidal",800,"stan",141,2251.478,9634.95392135332,10161.6090602221,132.752713453834,199.70313609962,10136.9940067189,4218.04932782357,10542.3826842199,6581.33595645259,4.27939065864882,4.51330595289941,0.0589624741853278,0.0886986841975004,4.50237311078272,4.68242758055815,0.00202025264401157,0.00185957698838607,6.25351997642432e-07,0.000800928871824019,0.00359329180314428,1.17755582834812e-05,1.1039125262215e-05,1.35204608587002e-11,5.82274206657332e-06,1.93798332725791e-05,-1580.68864588445,0.101111230434426,0.0840745502161594,0.975,0.467138395114041
"sinusoidal",800,"stan",142,2608.251,12032.3045252988,11168.7190961599,176.13168797872,186.147388206082,12221.8789259486,7183.55866460224,12411.5929253441,9277.07017780069,4.61316971614266,4.28207219940103,0.0675286573181494,0.0713686636010421,4.68585229180342,4.75858838943955,0.0018439716663797,0.00175230992800917,3.46200428113832e-07,0.000853753025011549,0.00304248671380307,1.20745049666206e-05,1.14902200048822e-05,1.33366698389467e-11,5.68585583650484e-06,1.89679439029298e-05,-1591.29966517221,0.0855357017077426,0.0709699535650984,1,0.460506686213453
"sinusoidal",800,"stan",143,1964.559,8463.52571619907,9278.55638748882,151.622127884675,176.483536823734,9617.82598836954,5782.96908353223,9912.72931730258,7418.48683180075,4.30810462612682,4.72297161219837,0.0771787092597756,0.0898336658882393,4.89566665514731,5.04577837433367,0.00183420631586106,0.00175702027578366,3.45986071765927e-07,0.0008466121209222,0.00296967197111877,1.21233752864698e-05,1.15390706942986e-05,1.41706028501356e-11,5.88735066123848e-06,1.96236810525342e-05,-1564.64693287883,0.113392836544205,0.0966242643375528,0.9925,0.463528940957454
"sinusoidal",800,"stan",144,2164.335,9868.02157142191,10079.4677182159,117.688953097976,119.865684941143,10003.4284729093,5099.18473436407,10063.5001697922,4567.45597324816,4.55937808676656,4.6570737516216,0.0543764958280379,0.0553822236119376,4.62194090698035,4.64969617447957,0.00185401834368405,0.00175901910995142,3.84284660443282e-07,0.000846107555433797,0.00304291698466093,1.20123178879452e-05,1.13474076045785e-05,1.43980761407631e-11,5.88320669561508e-06,1.93897532919155e-05,-1586.56123632154,0.0964948061783163,0.072429857427289,0.9775,0.457997679275762
"sinusoidal",800,"stan",145,2603.178,11682.5863513499,11039.1654878813,179.100060546846,166.558723300634,11869.0962963469,3878.86477179381,12058.9936865541,7638.16408426367,4.48781694964765,4.24064950144836,0.0688005432386283,0.0639828407049515,4.55946396917417,4.63241226168711,0.00195036967586485,0.00181675507985219,4.98709136043001e-07,0.00081681114532094,0.00335957285032256,1.19447502175046e-05,1.13260234577723e-05,1.44613555637797e-11,5.87303137105702e-06,1.93230317862499e-05,-1575.23819933781,0.119606154481418,0.0882608469007405,0.95875,0.472540623118611
"sinusoidal",800,"stan",146,2505.475,11307.7653364469,11851.4720829187,148.185633924362,118.956840286073,11053.7780734509,4221.13200201725,11461.3408762169,7112.27857634631,4.51322217800892,4.73022963027719,0.0591447266184504,0.0474787576352081,4.41184927945837,4.57451815572574,0.00194978099320748,0.00181809815434442,4.5251507750802e-07,0.000842456106108781,0.00330224907633155,1.21722387887087e-05,1.15178568010081e-05,1.43876529660119e-11,5.91388387049075e-06,1.98666948390176e-05,-1556.80966460384,0.116162609895334,0.08623513767154,0.95125,0.468145757645703
"sinusoidal",800,"stan",147,2227.082,9850.77175679193,10879.9754067911,122.335819557448,140.212872277557,10100.569271201,3243.55407730119,10265.9544435491,5621.16335956903,4.42317425078732,4.88530525898511,0.0549309902183432,0.0629581094353763,4.53533784171442,4.60959876805125,0.00202859131352263,0.0018783191821706,5.51909166294682e-07,0.000820561774733838,0.00352903762619869,1.21463906971706e-05,1.15282550756695e-05,1.64994460510442e-11,5.59310757427971e-06,1.96536877440259e-05,-1579.82264643124,0.108899694274684,0.0837235932782775,0.9725,0.472744690256058
"sinusoidal",800,"stan",148,2374.383,10174.6605443389,10739.9051382885,157.547303847914,184.857810223241,10803.6444937163,5305.7236609377,11224.7823507988,4913.36379213725,4.28518084249211,4.52324041163054,0.0663529446799082,0.0778550933961543,4.55008500891235,4.72745229004705,0.00180298069009783,0.0017087796978847,3.79540564119072e-07,0.000763721781896882,0.00302794256636435,1.17513564302419e-05,1.10761752738776e-05,1.33651048749092e-11,5.94491910323181e-06,1.93260619221846e-05,-1575.11510878492,0.0839691891437769,0.061308956510423,0.9975,0.458944427555856
"sinusoidal",800,"stan",149,2584.08,11338.403256772,11165.1209146326,123.737124525354,172.498520015917,11629.272808111,3600.48979920476,11842.4681684014,8890.46928780171,4.38779111202903,4.3207334581873,0.0478844016150252,0.0667543264975996,4.5003532429766,4.58285663307691,0.00219180684724553,0.0020633425979604,5.49786408091469e-07,0.000968235189603592,0.00367617628925602,1.23436841397514e-05,1.18330824588766e-05,1.34725221699395e-11,6.27974459818037e-06,1.9653591016743e-05,-1608.95012260088,0.0914251577595125,0.0736880349048676,0.9875,0.470187047045752
"sinusoidal",800,"stan",14,2434.982,10303.4872422326,9325.42718492547,165.700658394632,154.949365128053,10934.2042783091,5759.40071953356,10991.3870322328,7389.48252945651,4.23144287811271,3.82977253422221,0.0680500547415268,0.0636347065925139,4.4904661629158,4.51395001368914,0.00219461276794047,0.00205678594509873,6.59912338431563e-07,0.000912451327779545,0.00377282750593895,1.31672606446424e-05,1.2181162937439e-05,2.03462253288861e-11,5.78506369526728e-06,2.22252853957951e-05,-1599.52442947716,0.124317117618275,0.0971729367734106,0.9575,0.477753943236499
"sinusoidal",800,"stan",150,2212.577,9549.68777022284,9038.0985557356,149.081830286796,105.764679882387,9887.81592047375,3306.42896539011,9860.12520009847,5418.47639194386,4.31609285020266,4.08487413352647,0.0673792732577426,0.0478015815415178,4.46891381428703,4.4563986700117,0.00235123305431243,0.00221465344074789,7.63487553991852e-07,0.000851472230969101,0.00410719419167466,1.29156913390137e-05,1.20318696883184e-05,1.9550157537116e-11,5.90833682758126e-06,2.13547757869236e-05,-1595.96035341071,0.0874885708378588,0.0721332596781416,1,0.481653675986782
"sinusoidal",800,"stan",151,2498.972,11473.6197441561,11301.1067675813,124.096634346838,204.145300382344,11429.5378467708,5829.58284872014,11765.7400432793,7439.05537582556,4.59133585496599,4.52230227772914,0.049659073549779,0.0816917117848234,4.57369584243872,4.70823204232752,0.0018125514455795,0.00170210247951996,4.03199184149284e-07,0.000738710246056755,0.00307385637841741,1.15935183776276e-05,1.09338941529845e-05,1.23096480252087e-11,5.94082108969798e-06,1.85835455220464e-05,-1578.09027297946,0.100092325557669,0.0761243262345215,0.98375,0.458230066890024
"sinusoidal",800,"stan",152,2325.589,9233.67513391732,9256.08206716973,112.284668338214,121.861743162931,10395.1108914359,7080.02515300391,10983.3270181715,7939.69508788567,3.9704673241563,3.98010227394855,0.0482822495024762,0.0524003782108234,4.46988306679979,4.72281517420813,0.00172622029349465,0.00163454852029769,3.27785275731748e-07,0.000825976842958099,0.0028517411254372,1.13999244277264e-05,1.07951521487831e-05,1.26945637283066e-11,5.59692353711688e-06,1.82976739101244e-05,-1567.22560773653,0.0902143168687067,0.0702578734861817,0.99125,0.453536447822017
"sinusoidal",800,"stan",153,2480.022,10688.0683052461,10719.4024213325,172.684288701383,186.587176367462,10996.520136011,4015.98634625696,11137.9298216342,7087.92505313493,4.30966673087825,4.32230134302539,0.0696301438863782,0.0752360972473076,4.4340413657665,4.49106089447358,0.00232520345412079,0.00218520793126842,6.83996032247125e-07,0.000982108652954377,0.00399962509078207,1.28131990941467e-05,1.21579833437812e-05,1.72063987982818e-11,5.75119465217593e-06,2.08838204101803e-05,-1607.86758327823,0.10487485101677,0.0759858109899884,0.96125,0.479703818914743
"sinusoidal",800,"stan",154,1978.251,8541.9372610863,8874.41016197726,124.027472909789,157.982028836639,10013.0625896044,5312.85856401147,9910.01678507619,7044.4853757078,4.31792389392766,4.48598795702732,0.0626955188748998,0.079859445963449,5.06157337446278,5.00948402658519,0.00189088976367534,0.00177506178771563,3.9152462490838e-07,0.000880196742269855,0.00313137007464258,1.11551994512165e-05,1.06217835948149e-05,1.16153994426567e-11,5.43056463329016e-06,1.77356998963178e-05,-1571.54192587317,0.0767813623851398,0.0598409659685187,1,0.464150978390789
"sinusoidal",800,"stan",155,2259.325,10041.771736566,10108.199640864,130.528455362377,193.57096570475,10133.9974385408,5496.96824869393,10381.5942633813,6565.20044756301,4.4445893072338,4.47399096671086,0.0577732089727583,0.0856764589887468,4.48540933178752,4.59499818015616,0.00187370828447233,0.00176737294316426,4.60730220009128e-07,0.000776785481676109,0.00318702503208511,1.16065379033364e-05,1.100872450699e-05,1.22998389790408e-11,6.04842502988723e-06,1.88854388050261e-05,-1585.70323863602,0.0995759616128594,0.080020356620714,0.99625,0.459593617446375
"sinusoidal",800,"stan",156,2237.759,7998.04530660282,8739.03622642837,151.162642153993,230.874316189309,10241.7552018265,5840.05376218465,10525.7084571788,7906.23298430705,3.57413166770989,3.90526246411181,0.0675509034502792,0.103172109324243,4.57679097786064,4.70368277244279,0.00181075957786159,0.00171462622348284,3.57596142349531e-07,0.000800268168855664,0.00296671244704375,1.14177192530738e-05,1.0741982490549e-05,1.37855561192794e-11,5.40268494807521e-06,1.88851182707443e-05,-1580.49048121132,0.0675622899072327,0.0535711322251131,1,0.459806051111295
"sinusoidal",800,"stan",157,2577.815,11318.5879404131,11961.7503082165,126.173192848314,179.770072670715,11632.8892810949,4125.69190645014,12118.7395212635,8805.09324274681,4.39076812743084,4.64026716743306,0.0489457904653028,0.0697373832764238,4.51269361109891,4.70116727587649,0.00186970845144847,0.00176346547712351,4.25749385570244e-07,0.000826579887614358,0.00315228232401474,1.15519981669534e-05,1.09450021873477e-05,1.31221523103727e-11,5.52762357123365e-06,1.90078144170576e-05,-1578.54594281417,0.127761468096883,0.101948018436864,0.9725,0.465308285633811
"sinusoidal",800,"stan",158,2642.573,12792.8570857085,12637.0330384876,83.8395288906014,253.662124720757,12353.1193639105,2986.08000576195,12420.982721553,10268.5037597482,4.84106099839381,4.78209420836722,0.0317264760105403,0.0959905836927711,4.67465586150714,4.70033664975498,0.00193842456415969,0.00179565012103269,5.19862935153387e-07,0.000789513717843657,0.00331168793996524,1.13565090734984e-05,1.08509001123034e-05,1.01088674026716e-11,5.60554104320107e-06,1.76637148438425e-05,-1587.94998223423,0.0707406195669271,0.0563456738192471,1,0.464631129777571
"sinusoidal",800,"stan",159,2147.903,10088.3388442195,10056.6171408451,142.795539968177,169.191637490615,10044.0867882046,4206.5384125001,9993.93408112085,8071.33857544764,4.69683167453072,4.68206298927143,0.0664813727473618,0.0787706137058401,4.67622922832393,4.65287961380046,0.00203701050164662,0.00190975669938764,5.24094109106999e-07,0.000883124605481043,0.00358936680232391,1.14084616494659e-05,1.08721864810952e-05,1.1924727050147e-11,5.51663210200517e-06,1.82564987861582e-05,-1596.0949905714,0.09140206255511,0.0706445797803579,1,0.467862135055457
"sinusoidal",800,"stan",15,2463.277,10846.0541409771,11026.7243106475,16.4470506413704,176.928715348545,10568.566386266,3105.51417288864,11164.3461409423,5635.4503642902,4.40309966803451,4.47644512194427,0.00667689855479932,0.0718265608571612,4.29044983015148,4.53231453098545,0.00231239873154692,0.00216306913138701,6.66985135836279e-07,0.000980944225453014,0.0040047964994504,1.2464324481088e-05,1.16658708608718e-05,1.8057096367867e-11,5.86360013114068e-06,2.12149072949349e-05,-1585.63808435841,0.08727038235031,0.0674125513158026,1,0.481785001473499
"sinusoidal",800,"stan",160,2637.106,11957.105793234,12252.054265723,118.91632787862,180.429568741489,12114.6087756371,6271.7347613011,12336.4776158513,7793.55088162,4.53417715982368,4.64602267247619,0.0450934956268802,0.0684195359388241,4.59390285245913,4.67803630792668,0.00179817348392161,0.00168078228537675,3.55627001472609e-07,0.000832924846518099,0.00302589066331134,1.13733775059551e-05,1.07659307999216e-05,1.20714819571234e-11,5.89607008880867e-06,1.84269478356872e-05,-1618.84223264339,0.0828827171728987,0.0664924763902311,1,0.454826455029587
"sinusoidal",800,"stan",161,2654.917,7853.40204067786,8930.81667567243,117.444296117298,158.601479494984,11979.7131803468,3741.99461079552,12120.3796432123,6988.46421317863,2.95805934448341,3.36387791997732,0.0442365226925355,0.0597387713043324,4.51227408628848,4.56525746123601,0.00210717235387123,0.00198427999726296,5.76641868033942e-07,0.000862575825864489,0.00358628080254511,1.18210524761946e-05,1.10661528870941e-05,1.44818532128551e-11,5.75084372621434e-06,1.94763348251302e-05,-1589.60386268893,0.0892163450115298,0.0681669639081585,0.99875,0.475852626353804
"sinusoidal",800,"stan",162,2641.031,10300.0693007654,9871.10672623544,191.271995398234,150.226679326861,12386.7719612906,6600.76541838386,12407.0585042894,7503.19984681422,3.90001832646621,3.73759593364691,0.0724232299424861,0.056881831120824,4.69012743935629,4.69780873616757,0.0020199878211179,0.00189771289870569,4.71744301213019e-07,0.000872508847324041,0.00338357512456555,1.22016237135884e-05,1.157685298835e-05,1.41130114412919e-11,5.70900719627431e-06,1.96342348988317e-05,-1590.70879964435,0.113036332913212,0.0918951811777011,0.95625,0.469683298355404
"sinusoidal",800,"stan",163,2268.508,9140.60443336443,10940.0038897416,131.295891785438,229.153976331823,10108.7273024719,4210.94885837637,10579.9701694349,8412.26901912425,4.02934635159516,4.82255468781313,0.057877641068684,0.101015282437542,4.45611269718769,4.66384520990664,0.00196237060460674,0.0018270550575718,4.92248872554253e-07,0.000842654592659131,0.00343658180240571,1.20589684038841e-05,1.14124489485746e-05,1.21715731711788e-11,6.37494215830974e-06,1.91600079268015e-05,-1579.66378915308,0.0941056582617158,0.0744761618495062,1,0.46837435379005
"sinusoidal",800,"stan",164,2392.194,10555.4546137703,10089.8236343157,134.259593340842,204.896350228135,10567.9789604048,3371.16533167244,10978.3002066652,5754.74322738662,4.41245760743915,4.21781161323692,0.0561240406676221,0.0856520625953141,4.41769311368759,4.58921818492364,0.00214974509487628,0.00200996753334648,6.05419427279564e-07,0.000882757387936705,0.00372818799270291,1.21526644179522e-05,1.15579966380358e-05,1.47963151486361e-11,6.01209769772663e-06,1.95663323727869e-05,-1590.48771337527,0.0929282095994829,0.0732440735406804,0.99375,0.468435417674084
"sinusoidal",800,"stan",165,2614.224,11823.1866772778,10596.9211979312,114.797836288182,167.605578621521,11852.5686103179,6739.54043823669,12223.1048477294,7524.39267711685,4.5226371868967,4.0535628155549,0.0439127772861784,0.0641129370021547,4.5338764429972,4.67561496173604,0.00176883550985237,0.00167827232408953,3.56127083260972e-07,0.000779300210545336,0.00292164675352428,1.19077834088977e-05,1.12453402566094e-05,1.62018108733921e-11,5.42036498377904e-06,1.96036883747665e-05,-1558.94631533187,0.0795112945953043,0.0632100554166341,0.99,0.455063006072586
"sinusoidal",800,"stan",166,1883.88,9920.62815701035,9567.57326587897,146.710521801476,155.334819048572,9719.4518254411,3054.7099003606,9171.74739310293,5463.2771430938,5.26606161592583,5.07865324005721,0.077876787163448,0.0824547312188525,5.15927332178329,4.86854119853862,0.0022220845969282,0.00206329747083993,6.53850362749183e-07,0.000922497258593061,0.00386340424512402,1.20608289468455e-05,1.13382121480087e-05,1.58499001254851e-11,5.5317511055723e-06,1.99403767786129e-05,-1608.95004623471,0.102470625579196,0.078435453377426,0.99875,0.473343707016637
"sinusoidal",800,"stan",167,2502.303,11962.1417230183,11346.8966781583,139.122616821557,151.803404747753,11340.192831557,4893.47527663449,11759.4698357079,9389.70324672117,4.78045293596272,4.53458141486395,0.0555978300076199,0.0606654768618161,4.53190234418333,4.69945879284318,0.00201103001829735,0.0018607962640705,5.37006827570664e-07,0.000910483267133704,0.0035799857614899,1.14991297863861e-05,1.0949063672118e-05,1.16777808014524e-11,5.99939849744911e-06,1.82421975843997e-05,-1596.7782214072,0.0925052934291881,0.0731941259887645,1,0.464826151639932
"sinusoidal",800,"stan",168,1915.794,9687.12370615881,9475.00285246838,111.233447645883,250.16954439756,9608.20088341355,2622.84452119171,9735.98499246304,4809.58987467953,5.05645372423069,4.94573156219739,0.0580612778022496,0.130582695424226,5.01525784265613,5.08195818154929,0.00224080708511418,0.0020698387773101,7.45706272630001e-07,0.000952229341631958,0.00396636681712816,1.22618372417018e-05,1.16297079671126e-05,1.53297791115612e-11,6.00461529652195e-06,2.01360648799097e-05,-1614.14461852227,0.0704521421123615,0.0520501376013165,0.98625,0.474523232057807
"sinusoidal",800,"stan",169,2333.712,9641.03103573819,10729.9272509585,115.081349608155,205.387090309048,10295.9906041302,2050.41622448047,10610.4787306237,7975.54881952379,4.13120000914346,4.5977940941121,0.0493125756769282,0.0880087561400241,4.41185142131085,4.54661017752992,0.00215312530000585,0.00196858046956671,7.85036130687739e-07,0.000810812400302873,0.00380757291497879,1.15511921022795e-05,1.08741914167168e-05,1.37625714849581e-11,5.63927529431263e-06,1.89601170949057e-05,-1630.02452905142,0.109587809091,0.0843016061994675,0.97625,0.466403402884484
"sinusoidal",800,"stan",16,2405.729,10023.4321024855,11064.0885772775,113.017678495194,156.907557088059,10739.3474790147,3005.01103060392,11161.1376821074,7134.19804962289,4.1664842974772,4.59905857113479,0.0469785576410287,0.0652224573458019,4.46407200437569,4.63939940122407,0.00219354522681783,0.00208465662397679,5.82591907737105e-07,0.000942654193421103,0.00365711963319904,1.19200115097162e-05,1.10942475727128e-05,1.47080589028929e-11,5.91071708119657e-06,1.97256199579615e-05,-1573.29118556224,0.0740014730690307,0.0595363961122358,1,0.474719025172678
"sinusoidal",800,"stan",170,2456.881,11371.1202208615,11684.9637823147,141.617827527076,161.843440438855,11135.028442007,4446.29375847383,11282.6171076671,7295.624036644,4.62827471939484,4.75601536350953,0.0576413051861593,0.0658735365851481,4.53218061518122,4.59225217162212,0.00194018483299959,0.00181420748216826,4.36077052305374e-07,0.000850340068713939,0.0032936000031342,1.16465528694397e-05,1.1009711277045e-05,1.29286718174982e-11,5.79949095590388e-06,1.89097271099374e-05,-1548.35339918537,0.078850361244366,0.0633769777402098,0.9975,0.467964688471142
"sinusoidal",800,"stan",171,2347.88,9870.450936847,10426.3191460395,142.141658485635,234.956738619342,10491.6919907071,7206.22612343985,10861.6066738177,7805.51780037698,4.20398441864448,4.4407376637816,0.0605404273155507,0.100071868502369,4.46858101381122,4.62613364985334,0.00187750399455138,0.00178815739747503,3.22238701442982e-07,0.000938943321956852,0.00305434107428539,1.1617503413053e-05,1.11215040341507e-05,1.2089174666836e-11,5.77218802680101e-06,1.86434334154576e-05,-1588.89433455718,0.0987018739626703,0.0791590322205237,0.97375,0.46936386329151
"sinusoidal",800,"stan",172,2643.044,10363.2369144838,11908.3797622829,143.166222204412,271.908152492886,12153.0224124373,4476.57106961298,12719.8286749744,9960.97207395885,3.9209475568639,4.50555486866013,0.0541671732307189,0.102876892133799,4.59811581359873,4.81256788573115,0.00191274382320741,0.0018011085915264,4.39392872094642e-07,0.000843358614884334,0.00326404992816498,1.10003305039981e-05,1.04659677309284e-05,1.02176068919962e-11,5.68545570246406e-06,1.72990134558965e-05,-1581.57984109571,0.0920534093312425,0.0660085138151116,1,0.463548451339536
"sinusoidal",800,"stan",173,2314.878,9670.56059538967,9929.67137312459,99.2602381215729,155.690583319492,10364.7989929687,3843.42741267185,10854.3615923945,7990.08078710207,4.17756814630822,4.28950094697197,0.042879252436445,0.0672564961607015,4.47747094791547,4.68895621816548,0.00206295565647688,0.00188854318840484,5.89546552295843e-07,0.000913727947004792,0.00370691129660281,1.20099166322264e-05,1.13689785230868e-05,1.63589686979329e-11,5.6610614970853e-06,1.99913321340719e-05,-1584.4778616357,0.058369258920091,0.0466995847906279,1,0.471075503129252
"sinusoidal",800,"stan",174,2354.727,10002.4614275326,10505.1129984447,122.585074112099,198.324555842928,10056.1472462777,2213.99713904656,10607.6770492924,4739.94496052567,4.24782211591091,4.46128701902375,0.0520591449081352,0.0842240123134987,4.27062128487834,4.50484368221554,0.00220816064151378,0.00203838166080756,7.08068355940178e-07,0.000818151050638085,0.00385356149935869,1.21684768279609e-05,1.1503348846088e-05,1.46266788629746e-11,5.9560423328443e-06,1.94825313578674e-05,-1577.96191092001,0.0934109802206975,0.0725450903782425,0.98,0.477558536114751
"sinusoidal",800,"stan",175,2370.385,9962.84406684003,10887.952622506,135.130834624783,174.00700617383,10458.9278619888,4559.77558714118,10761.6969644841,6032.30499166831,4.20304890000571,4.59332666318173,0.0570079690112716,0.0734087526599393,4.41233295940903,4.54006288619108,0.00204542019407578,0.00193836391345002,5.15753711407135e-07,0.000896710149446703,0.00339215264665559,1.19050235522327e-05,1.12695958608187e-05,1.39911552149483e-11,5.62640444005486e-06,1.9244856235692e-05,-1577.97300064973,0.0916967996197747,0.0744205612863666,0.99375,0.463512827242002
"sinusoidal",800,"stan",176,2472.547,11323.6901423023,11796.8415095045,81.8185218364521,149.364118542053,10713.6923627597,2897.56360561626,11065.1284557912,6952.41502335681,4.57976739867928,4.7711293291915,0.033090785265741,0.0604090108467313,4.3330591340669,4.47519438691813,0.00231728963984795,0.00212932577425021,8.01660171482343e-07,0.000964913311734987,0.00411472361067113,1.20132971985485e-05,1.13261111659708e-05,1.49881026759777e-11,5.70667155650686e-06,1.95570213976297e-05,-1563.8908511347,0.101377492230875,0.0830376658615789,1,0.486516003505485
"sinusoidal",800,"stan",177,2285.012,10600.1110881386,11243.6352163507,162.037179459911,153.463022844862,10456.6608390754,5338.27857735294,10651.5461262398,8549.42788706744,4.63897392579936,4.92060226219848,0.0709130540495678,0.0671607076220441,4.57619515305625,4.66148367108785,0.00196803135606343,0.0018499768249703,4.77004451907349e-07,0.000842688919684485,0.00334219856996142,1.17585160657882e-05,1.11284890964114e-05,1.37069276808267e-11,5.8236302282549e-06,1.95094121549341e-05,-1537.64693464156,0.0916142377369055,0.0723804078127082,1,0.467370791678984
"sinusoidal",800,"stan",178,2620.569,11443.6558397679,11415.1316705853,108.064665015048,212.796851113704,11897.0661112118,4942.81462339221,12283.3707879922,8449.50077428398,4.36685919728421,4.35597447370601,0.0412370996585276,0.0812025369733457,4.53987897712741,4.68729149585154,0.00182506975242639,0.00171651133884227,4.18084068459033e-07,0.00075313582133585,0.00310702167751155,1.15844459659379e-05,1.0970275142898e-05,1.29897048646117e-11,5.63907546707942e-06,1.8482740833932e-05,-1541.55972386102,0.0874757342721497,0.0703668656689351,1,0.46402093982573
"sinusoidal",800,"stan",179,2626.885,13302.1831530472,12414.7992047871,132.86781012841,177.758583617151,11952.0978659419,4578.67644044543,12091.4348549912,6722.33292883182,5.06386200882306,4.72605355955327,0.0505799873722717,0.0676689629036487,4.5499128686417,4.60295553668746,0.00205042530189509,0.00193436780850206,5.41376513408818e-07,0.000834197060105858,0.00346664869101873,1.18849842606159e-05,1.13450551479413e-05,1.17234259946503e-11,6.13218290754575e-06,1.86514090806198e-05,-1597.65890253578,0.103435726247152,0.0762545072582106,0.97875,0.470935760200421
"sinusoidal",800,"stan",17,2316.572,10519.6410534088,11011.0779845546,106.604283828922,168.837582309908,10322.2272416864,2830.09845756311,10627.4147285597,8508.24567175493,4.54103781510302,4.75317753324937,0.0460181180765898,0.0728825101528933,4.45581973782228,4.58756072703963,0.00190500718390259,0.00182155774786898,3.66294724399114e-07,0.000865513585106983,0.00312670060557311,1.21875176237758e-05,1.15674747333307e-05,1.62751972805067e-11,5.40297939295193e-06,2.0299035134641e-05,-1567.49600749476,0.0741944535732985,0.0601259955678472,1,0.463158913273859
"sinusoidal",800,"stan",180,2566.478,10309.2771781022,8583.59746385124,125.507746817014,176.574330264524,11454.9197748384,3433.59440798722,11943.7942457041,8047.47190762859,4.01689676595795,3.34450459495513,0.0489027168037343,0.0688002508747491,4.46328383677491,4.65376841169262,0.00204497554221431,0.00193997332517247,4.9650634371192e-07,0.000863407380503146,0.00345445887313393,1.24270650813781e-05,1.17769067498582e-05,1.58107358578063e-11,6.05732677951314e-06,2.06541015245153e-05,-1562.71984808998,0.0970458127655999,0.0747471156185445,0.985,0.470616192648861
"sinusoidal",800,"stan",181,2227.619,9752.27581019576,9243.4384875638,145.190676205944,165.273545239919,9795.20753322615,2997.13809700142,9611.65092408843,5324.00143359436,4.37789218452337,4.14947012373471,0.0651775174327137,0.0741929141562895,4.3971646557271,4.31476429501114,0.0022940315161406,0.00215035953226252,6.48652538561695e-07,0.00100797598232536,0.00392898671253705,1.30891835379433e-05,1.23087259085458e-05,1.92094176293763e-11,6.08759652657861e-06,2.1702239131959e-05,-1572.12052373445,0.119434558267013,0.098582537691686,0.98375,0.484423956210684
"sinusoidal",800,"stan",182,2480.081,11631.1065867681,11240.7365343522,151.097647048781,196.515632109616,10942.7329324647,4384.11048152657,11432.8817851544,7392.37008147945,4.68980915815576,4.53240701991275,0.0609244807120334,0.0792375862359401,4.41224820175821,4.60988241317698,0.00183284345802537,0.00170271015519319,4.46471395787069e-07,0.00080842057292312,0.00315522259589253,1.17352722501934e-05,1.12336878105501e-05,1.12303984978447e-11,6.01413644489279e-06,1.8687078326014e-05,-1566.76009489395,0.108963072554755,0.0824369747239126,0.97375,0.464295363345636
"sinusoidal",800,"stan",183,2184.504,9648.1778171351,10029.1175666535,185.928463426252,233.503563344913,10202.0644920714,6306.95364331574,10474.6546764649,7644.15486463724,4.41664461000534,4.59102733007286,0.0851124389913005,0.10689088385506,4.67019721276379,4.79498077204934,0.0018367895912215,0.00173193485672644,3.49364415596206e-07,0.000856431645080222,0.00305817455522244,1.11089016559185e-05,1.05692908960996e-05,1.04509198808931e-11,5.6870937690917e-06,1.7787342854179e-05,-1586.79601194219,0.0844676702758612,0.0677387956884024,1,0.454903740791648
"sinusoidal",800,"stan",184,2253.457,9758.51417384074,9455.08823481881,148.202708135646,128.991751861054,9895.18898977945,3762.5245337444,10177.9855495748,5724.99046305068,4.33046389340499,4.19581480135579,0.0657668232123558,0.0572417187730023,4.39111506888281,4.51660961339614,0.0021234552530294,0.0019972761118295,5.60948995895929e-07,0.000916107549141694,0.00361086589576519,1.23034737517768e-05,1.17563524732711e-05,1.39527857371469e-11,6.04615803697678e-06,1.99021261793967e-05,-1589.4566859556,0.0966780130373966,0.072818672527468,0.9975,0.471847857764757
"sinusoidal",800,"stan",185,1820.911,9528.2403837113,9759.03699882185,70.1263103130907,241.325192988021,9925.86057137576,5295.75913082937,10291.145599973,7676.84167344573,5.23267770017936,5.35942558357979,0.0385116627408427,0.132529922103838,5.45104102911991,5.65164667574255,0.00172009567004207,0.00162498471701349,3.12086427724199e-07,0.000787768933686279,0.00281804421863968,1.09791690512645e-05,1.03520358215627e-05,1.1972494311522e-11,5.43439233488795e-06,1.78289175913127e-05,-1592.58904939617,0.0800526777951664,0.0670932179364311,1,0.453705619856362
"sinusoidal",800,"stan",186,2046.026,8042.67651545641,9001.55391994114,154.492614960151,161.26126613522,9538.97635486182,4463.68540544349,9763.62185814594,6034.17596313327,3.93087698565727,4.39953056312146,0.0755086274368706,0.0788168215532061,4.66219703701802,4.77199305294553,0.00218287199069109,0.00202372358896723,6.43973259467702e-07,0.000944428877127832,0.00386025074761701,1.21660525930341e-05,1.15622363014382e-05,1.36573334369054e-11,5.72281774774636e-06,1.95567175874585e-05,-1578.65550993056,0.0932293529953054,0.0754919652652046,1,0.475073549877543
"sinusoidal",800,"stan",187,2506.57,11768.4327747055,12707.5112221592,149.137978305151,207.007707932581,11377.2069845473,4787.17157173728,11675.6286368322,8373.57646157623,4.69503455906097,5.06968136623323,0.0594988284010224,0.0825860470414076,4.53895442159895,4.65801020391699,0.002013018130876,0.00189200886553309,4.73634266689575e-07,0.000912078603304515,0.00344121741719639,1.16744688242233e-05,1.10669045999018e-05,1.29674696629817e-11,5.62531154228983e-06,1.88764862730284e-05,-1609.72066697314,0.100679137155386,0.0800462860273104,0.975,0.466428705320708
"sinusoidal",800,"stan",188,2184.967,8513.27031893252,9089.98524937827,120.843611202228,152.316216891857,9746.9580911015,3615.92206085789,9681.06223321328,5137.77536993022,3.89629240118158,4.16023914749205,0.0553068358479686,0.0697109919242977,4.46091775807209,4.43075901522232,0.00214339129242744,0.00197079473317227,5.87791224999073e-07,0.000982773111734023,0.00368840837696936,1.2902279090828e-05,1.21110687481961e-05,1.81490660119518e-11,6.09728520886759e-06,2.12629432820287e-05,-1565.60200281319,0.115542507066271,0.0894534526612563,0.9875,0.478708808810575
"sinusoidal",800,"stan",189,2575.87,12925.1714156747,13019.0009269917,173.997704522734,193.088300509988,12211.8785923136,7774.57322810849,12275.4832100531,7909.48885571941,5.01778871436631,5.05421505238686,0.067549101671565,0.0749604213372522,4.74087535175052,4.76556783147175,0.00174462513066397,0.00164957964463623,3.12825603907384e-07,0.000773702258797389,0.00283036462199406,1.1261007395028e-05,1.07067472185257e-05,1.33229714081903e-11,5.62134410975839e-06,1.77711979323772e-05,-1586.68442070821,0.0894097031365815,0.0667516424832146,1,0.453926749599496
"sinusoidal",800,"stan",18,1948.066,8861.34058007001,9654.91237454888,106.574595108353,204.334309169529,10239.5623396047,4265.10207204144,9972.19415458104,7060.20702484822,4.54878868584022,4.95615260188766,0.0547078975293202,0.104890855427654,5.25627075243072,5.1190227408009,0.00192072270296642,0.00178183440091831,4.82019381537918e-07,0.000874693652151332,0.00341757250535942,1.25112416877285e-05,1.16576406765345e-05,1.9427698918416e-11,5.6236500134295e-06,2.04695483646475e-05,-1581.53558696106,0.0858788820453287,0.0675982002423475,0.9975,0.464058342962292
"sinusoidal",800,"stan",190,2562.796,12086.9478912868,12827.6239724714,196.056051057334,133.319281602698,11655.6912834593,5759.60332168048,12110.9492889094,8643.40363726738,4.71631292201441,5.00532386209101,0.0765008416812475,0.0520210276599066,4.54803709833296,4.72567823927828,0.00192115920369035,0.001803414585809,4.05650677513368e-07,0.000890014324825767,0.00322942680964263,1.19413472257026e-05,1.1279949868598e-05,1.4437769261368e-11,5.84876467578272e-06,1.91936227265747e-05,-1559.03179460861,0.087020622572911,0.0675830553202788,1,0.461476147506524
"sinusoidal",800,"stan",191,2533.966,10664.5128267969,11021.3017641415,128.533808060835,193.922833247333,11059.4749626352,4146.36721393618,11257.2546269412,6789.60272955462,4.20862506710702,4.34942764194212,0.0507243617557755,0.0765293746038159,4.36449224758152,4.44254367538524,0.00240516561294689,0.00230258334492667,7.05998815010611e-07,0.000903122784399106,0.00398828585597471,1.2091032439451e-05,1.15204203835503e-05,1.39714496195569e-11,6.00077163605201e-06,1.95600786551235e-05,-1593.62317091741,0.0696035671005148,0.0572966077116161,1,0.48271278909296
"sinusoidal",800,"stan",192,1849.138,8656.38328600917,8842.52198673576,181.883921079988,155.815094389759,9804.48686474602,3763.17201834633,9349.52862953242,6267.76319245327,4.68130733672077,4.78196975387221,0.0983614641416636,0.0842636376461675,5.3021931650023,5.05615515420289,0.00211707216606386,0.00198720421366267,5.85493611944e-07,0.000847062598043273,0.00356960333583025,1.18739034319845e-05,1.11594871514053e-05,1.46993613261589e-11,5.7405380176436e-06,1.96870894148265e-05,-1579.07637005073,0.0897113637089132,0.0716540604190968,0.9825,0.468109081890422
"sinusoidal",800,"stan",193,2665.13,13954.5695189435,12519.9153202131,170.832679157927,225.598038609242,12469.6698541661,6301.02421327572,12901.4479747455,8434.63779833225,5.23598080354185,4.69767528046029,0.0640991918435224,0.0846480429131944,4.67882236670111,4.84083252026937,0.00173463655427328,0.00164492305454017,3.04694330232407e-07,0.000780491135719986,0.00282791379888949,1.1077067262812e-05,1.04624810412875e-05,1.19680630766107e-11,5.58541774079381e-06,1.74719074692516e-05,-1540.56455078302,0.0975703490348676,0.0770141859903281,0.97625,0.458341690275014
"sinusoidal",800,"stan",194,2646.073,10640.2377881845,10644.0637927651,169.633450548241,198.719289701261,12148.5414307858,3206.2235269299,12270.6746710969,8280.99974041545,4.02114294964066,4.02258886764088,0.064107623088343,0.0750997004622552,4.59115883453926,4.63731524833098,0.00218851037475552,0.00208014420280638,5.13793130178556e-07,0.00101503759551055,0.00362046853817606,1.15495760163904e-05,1.10928723408877e-05,1.12423697628799e-11,6.02164765149143e-06,1.83454544297566e-05,-1568.06029812436,0.0796018478147532,0.0626844311929001,0.99875,0.47687666740161
"sinusoidal",800,"stan",195,2187.789,9639.0990040437,9881.49699827625,118.10897340127,206.497127791181,10204.0421551351,3137.27800539209,9428.90519536573,5112.33122434365,4.40586318152423,4.51665905545565,0.0539855412936394,0.0943862172225845,4.66408879244531,4.30978727627103,0.00255757533827753,0.00244154255949702,7.37609510670639e-07,0.00102777334167549,0.00415073938091586,1.23630703208974e-05,1.16777480272061e-05,1.55517269892539e-11,5.90600791934295e-06,1.99991869721842e-05,-1569.85946024868,0.109620088332974,0.0913434680131274,0.9925,0.486353191154242
"sinusoidal",800,"stan",196,2304.585,9687.96931382115,10225.4271537682,115.590280629105,167.111712507697,10221.7345275022,2736.18215040278,10367.6621658075,8401.85855364053,4.20378042633322,4.43699284416422,0.0501566575453303,0.0725127137891192,4.43539054862466,4.49871111970595,0.002128148357297,0.00197925700141583,6.3844430257745e-07,0.000863510738429845,0.00373997720394044,1.19351598055939e-05,1.12565381147685e-05,1.39977734158177e-11,6.18234674370084e-06,1.99895064698284e-05,-1570.49939793708,0.0907500136699321,0.0712314430921741,1,0.473966975433968
"sinusoidal",800,"stan",197,2693.622,11806.150252538,12069.960952596,154.515777918957,132.554679735921,12137.6553580091,4336.70816596852,12341.2478941985,8896.02201434136,4.38300186608884,4.48094088650744,0.0573635713990146,0.049210572135185,4.506072254388,4.58165544170582,0.00224747653238405,0.00211966378099775,5.84403551555688e-07,0.00102132779474664,0.00382414514985812,1.2569428989539e-05,1.20556916366344e-05,1.49451368982083e-11,6.31239396558211e-06,2.0085756811886e-05,-1588.53821421191,0.10551591246648,0.0854931650002287,0.985,0.478251827541346
"sinusoidal",800,"stan",198,2480.212,11433.4300383895,11355.3230712083,142.328314076379,217.830688007395,11281.8948371238,8009.35020249687,11447.6711158667,7214.32689997166,4.60985997906208,4.57836792629353,0.0573855436859345,0.0878274470115436,4.54876229819218,4.61560185817449,0.00179548757452115,0.00171460609112654,3.30024528122673e-07,0.000856185820636414,0.00298137033559069,1.13567525681856e-05,1.08228316338289e-05,1.17906978908778e-11,5.44332439984812e-06,1.7968532069372e-05,-1553.11451299988,0.0973011478103561,0.0750459802389472,0.99625,0.45713295557066
"sinusoidal",800,"stan",199,1587.876,10315.2890843073,9398.42063994192,190.16875912058,194.625849998238,11219.8879881907,3036.37283622049,10633.5360843166,5695.59547548432,6.49628124885528,5.91886308499021,0.119762978419335,0.12256992989266,7.06597239846861,6.69670432975659,0.00229553526832583,0.00214930969759035,6.58399919718441e-07,0.00100280013180376,0.00384493566348014,1.26068168822362e-05,1.199903744499e-05,1.52097743409327e-11,6.14849847157447e-06,2.02703220183512e-05,-1574.42998204158,0.099103066080712,0.0787053528123811,0.97875,0.478491413797386
"sinusoidal",800,"stan",19,2352.691,10662.2013575899,9139.18986850286,147.985121246035,101.826127777404,10269.7600853414,3668.64391632244,10384.5632228056,6356.61218898316,4.53191743309678,3.88456872088296,0.0629003644108108,0.0432807061264755,4.36511215682018,4.41390867853264,0.00233286444342533,0.00213598742569123,8.59712191688085e-07,0.000897457660805107,0.00426247802924763,1.23472211568565e-05,1.1665135372039e-05,1.45341757722291e-11,6.1885921609798e-06,2.00705744946153e-05,-1581.71182099067,0.0930862259866611,0.0716329710269504,1,0.482104057901232
"sinusoidal",800,"stan",1,2662.577,12399.9647325848,12830.6112402271,125.828715708664,200.844604135933,12555.7194321305,7634.90948362472,12793.568545867,9171.57289744658,4.6571290642805,4.81886955390477,0.0472582448164555,0.0754324115831891,4.71562679018503,4.804957207197,0.00188673340259905,0.00179631813546905,3.5254332946878e-07,0.000900183030084588,0.00308520533581094,1.17244365922813e-05,1.1172082143553e-05,1.19500637568637e-11,5.69916946807087e-06,1.87495458362264e-05,-1593.76898906016,0.0837318449950237,0.0667810145362616,1,0.459727844624693
"sinusoidal",800,"stan",200,2374.688,9621.99936481893,9833.13728731285,177.724933937214,212.768216305435,10641.8584858782,4162.46093475904,10600.3509027564,5829.68821999997,4.05190044537174,4.14081230347433,0.0748413829257631,0.0895983877904951,4.48137123103253,4.46389205771721,0.00212180301015096,0.00198249116698127,5.61053705275928e-07,0.000895539665312161,0.0036156017046635,1.19424241526906e-05,1.13968960368675e-05,1.24658510129352e-11,6.17932102669792e-06,1.93472524928094e-05,-1579.69488577449,0.0953228464996537,0.0767022996135112,0.98375,0.47420659784006
"sinusoidal",800,"stan",20,2380.197,10540.1124626523,10790.1444268364,121.182690716541,139.262408134802,10200.40249129,2925.93355409535,10321.461036696,6907.4208368375,4.42825214158841,4.53329889367829,0.0509128827221197,0.0585087739102278,4.28552867316866,4.33638939831282,0.00243509758015,0.00220959601184326,1.01622337102555e-06,0.000860536431684602,0.0043916430172874,1.19365652825686e-05,1.13573028965176e-05,1.51154298672823e-11,5.63946688802026e-06,1.99578500274319e-05,-1603.94909304758,0.0778385523413094,0.0596010123969556,0.9975,0.483185983635558
"sinusoidal",800,"stan",21,2752.587,11776.5278688772,11631.1174507344,193.184011173022,178.937420039865,12323.9304424127,7053.27777537585,12410.5250554742,9125.32395099755,4.278349010904,4.22552219084606,0.0701827085476397,0.0650069988849997,4.47721741126173,4.50867676679218,0.00186491763932374,0.00175381388924743,3.62996116927939e-07,0.000906910732567471,0.00301430210670533,1.17325306276481e-05,1.11324872351259e-05,1.23652751272223e-11,5.97624063244525e-06,1.8474304003768e-05,-1563.38614374155,0.0807172791327916,0.0647399160217362,1,0.460722277682409
"sinusoidal",800,"stan",22,2022.405,9569.26644240365,9436.45155284716,123.991174352662,129.997038303019,9884.81437968755,2900.97155068341,9872.06096475863,6079.95639487339,4.73162716785394,4.66595541093261,0.0613087756174761,0.0642784399282135,4.8876532542629,4.88134719047798,0.00207768032127592,0.00191898074516514,5.6928477343058e-07,0.000897902302587311,0.00360975555997502,1.19070285889557e-05,1.12302238602384e-05,1.46911545792824e-11,5.7133759505015e-06,1.94920679819976e-05,-1633.60252793687,0.0921718600339914,0.0731517469953214,0.97375,0.464980527959844
"sinusoidal",800,"stan",23,2488.64,10656.5837945393,10734.1480988462,140.61832371813,242.877455340759,11516.8023011562,7614.37775975886,11758.083742321,8908.79189209168,4.28209134086861,4.31325868701225,0.0565040840451531,0.0975944513231158,4.62774941379879,4.72470254529421,0.00183364319767966,0.00172188916204462,3.92105079131024e-07,0.000803877225985908,0.0030772330842888,1.14112866058465e-05,1.08213377285903e-05,1.21922391795419e-11,5.90712350325014e-06,1.85449260609137e-05,-1583.82574222795,0.0802057951232241,0.0634827770655701,1,0.457163715577455
"sinusoidal",800,"stan",24,2684.37,13024.3212527803,13607.8144566815,156.704248651528,214.809876458922,12332.0470229166,7939.98238619494,12723.367118629,10398.0080230224,4.85190985325433,5.06927676016402,0.058376545949898,0.0800224546016091,4.5940190893642,4.7397963464906,0.00189941888108787,0.00180540430939091,4.08603932288924e-07,0.000825167582836702,0.00316895310040176,1.09385662237985e-05,1.05541794054851e-05,8.17610402107714e-12,5.95353535728117e-06,1.64440855170821e-05,-1556.0777393172,0.0753334420778662,0.0616541094738749,1,0.462902940606955
"sinusoidal",800,"stan",25,2661.236,13743.7897015255,13361.4360318392,161.042316544764,146.910686612993,12314.1242828088,3217.90867420229,12450.8720554686,9333.8784393496,5.16443851711214,5.0207632963928,0.0605141056805047,0.0552039302838953,4.62721993946002,4.678604999883,0.00201239685754675,0.00192115400231876,4.8600562220084e-07,0.000851290062685105,0.0033445547177784,1.25843522128882e-05,1.1833038053957e-05,1.64590567925478e-11,6.10204723426127e-06,2.03375423893357e-05,-1561.40478320103,0.110571075543389,0.0901486608048791,0.96875,0.472524613615335
"sinusoidal",800,"stan",26,1575.574,11568.2890576156,12029.0540580268,90.5983892764987,218.754685138329,11353.6774230422,5239.32862971151,11426.0060605005,7582.30237808544,7.3422695840472,7.63471221156656,0.0575018306195067,0.138841263652693,7.20605787036486,7.25196408451811,0.00196820086841192,0.00185657866312598,4.99489331530583e-07,0.000819737739414374,0.00330176417065563,1.18473897988445e-05,1.12571366796644e-05,1.19760715889553e-11,5.74969555545195e-06,1.8849767115496e-05,-1582.58887671224,0.090888539290635,0.0705637949240188,0.995,0.467293460956822
"sinusoidal",800,"stan",27,2242.014,9203.35574916903,9367.87757463688,187.693734804819,205.741450270342,10122.4529393306,3830.09792593595,10680.2090222157,6142.25986549417,4.10495016943205,4.17833143532417,0.0837165757237996,0.0917663539435265,4.51489283266321,4.76366740895269,0.00189211904892205,0.00178281959584679,4.08104692189368e-07,0.000820920575744891,0.00323626941345489,1.20113258910367e-05,1.11132313803435e-05,1.69306697067967e-11,5.77303441996808e-06,1.9768794979874e-05,-1574.80720258445,0.0918470360489077,0.0725000206546356,0.9925,0.464417982083406
"sinusoidal",800,"stan",28,2400.35,10599.9332416447,11104.7442412821,161.315221341399,166.571691685672,10566.0536892019,4945.29368333792,11009.989736071,7997.15512816011,4.41599485143614,4.62630209814488,0.0672048748480008,0.0693947514677741,4.40188042960483,4.58682681111965,0.00189916469386168,0.00182864518605267,3.57783351367885e-07,0.000832081651975241,0.00308720232525896,1.10504827283956e-05,1.04666236329049e-05,1.06393358877046e-11,5.68636170717053e-06,1.78705137203303e-05,-1569.15291072189,0.0919368789757591,0.0705955960551907,1,0.463950591170879
"sinusoidal",800,"stan",29,1810.993,9710.51663420125,9036.28705066872,129.0650752214,130.726069280646,9981.82630351617,2043.42869577284,9088.51934807784,5597.3920074898,5.36198463174692,4.98968634923974,0.0712675726639471,0.072184745761384,5.51179728663566,5.0185281489646,0.00253618076590047,0.00235476973353724,9.48146705357311e-07,0.000930134826356637,0.00442400866094289,1.25737055480192e-05,1.19089132032641e-05,1.60330923271313e-11,5.96420990728e-06,2.02308458528238e-05,-1588.60470090422,0.0967125777036098,0.0713696027653219,0.96375,0.488238745892219
"sinusoidal",800,"stan",2,2057.08,8596.34520803099,8898.00255109465,131.012795912443,114.706795873274,9612.06328255639,4240.47677579887,9677.12021204239,6145.87725552928,4.17890660938369,4.32555007636779,0.0636887218350494,0.0557619518313696,4.6726735384897,4.70429940111342,0.00197255855354698,0.0018502722261306,4.87814310962432e-07,0.000830918891971357,0.00330483677553071,1.19365556686317e-05,1.11273741883785e-05,1.59616909179929e-11,5.78440400427488e-06,2.00554714072855e-05,-1565.4014897611,0.129447932860577,0.100737078252332,0.96,0.471334503500655
"sinusoidal",800,"stan",30,2428.633,11462.7240987282,11798.6884766818,178.905534563799,142.16684500687,10929.0069149921,5321.41959770599,10914.906989316,7071.86444145582,4.7198255556637,4.85816032174552,0.0736651171930047,0.0585378050149487,4.50006522804889,4.4942595234916,0.00191562900485819,0.00182488078634458,4.08224439571173e-07,0.000795260393239639,0.00313510111524013,1.17834022683035e-05,1.11732449913244e-05,1.36504998855984e-11,5.56312790774531e-06,1.89143755883972e-05,-1565.23950284923,0.120478364795084,0.089831686928028,0.93375,0.464643831951978
"sinusoidal",800,"stan",31,2210.19,9393.84960132979,9653.25292769773,95.345809976312,164.58237964166,9423.82951949141,2074.39279207994,9412.73928959488,6557.63313480031,4.25024527363249,4.36761225401333,0.0431391916424886,0.0744652630052891,4.26380968129048,4.25879190910957,0.0027398923732363,0.00252284457654829,1.16473039269488e-06,0.00109984297276131,0.00496296343001439,1.20401772105263e-05,1.12262589393034e-05,1.55013631068786e-11,5.94268257599639e-06,2.02058595145356e-05,-1558.51558674074,0.0949220835077964,0.0738796796096874,0.9975,0.494339061897695
"sinusoidal",800,"stan",32,2430.429,10197.0040554733,9606.28293348673,116.117863754983,195.278828989365,10949.5738698522,6555.88124340406,11269.1252892009,7590.23643676635,4.19555726806804,3.95250506535543,0.0477766944662785,0.080347473219487,4.50520211446301,4.63668154436968,0.00189637656860066,0.00180039290893129,3.98211978900616e-07,0.000885028820468358,0.00319817868686614,1.21331051064601e-05,1.15708299547789e-05,1.34177077251098e-11,6.14178454798846e-06,1.94909389600151e-05,-1620.12526528768,0.0983284248508729,0.079069688964339,0.99875,0.467910203998985
"sinusoidal",800,"stan",33,2622.053,11781.6524933303,12624.5876497701,148.026191298718,172.125305342869,12060.3870760543,5398.26555322213,12020.7325734009,5910.70141230182,4.49329303920642,4.81477210787504,0.0564543093899008,0.0656452426182342,4.59959698604655,4.58447353024552,0.00184014445828081,0.00171155946713411,4.47199942885895e-07,0.000731765749922438,0.003118532175602,1.16505935822533e-05,1.1178894424546e-05,1.13640730172895e-11,5.75229182325592e-06,1.81891436518907e-05,-1598.13172172755,0.103249787205243,0.0813488403526893,0.99,0.460541792167523
"sinusoidal",800,"stan",34,1779.439,9853.78954843592,10281.6919731093,147.308914851951,147.627798924695,10330.1717992743,3695.59523060089,10106.1269740812,5702.84609935529,5.53758209662479,5.77805250593549,0.0827839082159888,0.082963113051189,5.80529694992314,5.67938938849898,0.00210723569475146,0.00197189857037421,5.41133771197382e-07,0.000925820983661608,0.00358832397248299,1.16187079762142e-05,1.09812545972213e-05,1.3398076087685e-11,5.90388257615897e-06,1.91551653907432e-05,-1591.76992087232,0.105603044257007,0.0786434319656758,0.97875,0.47400205842349
"sinusoidal",800,"stan",35,2666.478,12186.8434510028,11868.2410033049,210.033576298652,242.736313191229,12086.6385823275,4710.02582205101,12606.6128854804,8544.70700929076,4.57038964919374,4.45090527778775,0.0787681639595946,0.0910325580001893,4.53281016469198,4.72781432491865,0.00176460057629374,0.00164670687174909,3.54991201827727e-07,0.000841105304921471,0.00295230784559897,1.12285479872178e-05,1.06576104750567e-05,1.18822529406869e-11,5.55177479018649e-06,1.80085237606368e-05,-1545.92824678526,0.0862519724031914,0.0712171365320555,1,0.457778841606513
"sinusoidal",800,"stan",36,2442.021,10923.5112638504,10093.6493710494,148.184018800193,145.310929087699,11036.1278882153,6477.56470246973,11051.2169110859,6478.13677563673,4.47314386888991,4.13331800629454,0.060680894554221,0.0595043732579282,4.51926002610759,4.52543893401651,0.00213294220129339,0.0019958826275918,5.86900832114865e-07,0.000913706970167333,0.00360802566284029,1.20150467814419e-05,1.13070773966412e-05,1.60521082654127e-11,5.32474804621779e-06,2.00615785451993e-05,-1570.84756553858,0.0925566601663772,0.0749034128334655,1,0.474753739837361
"sinusoidal",800,"stan",37,2341.644,8105.9821515442,7825.72467238186,97.1533660789487,135.862549329105,10035.5547038593,1966.42068378203,10778.8663787959,7510.75106391408,3.46166289647111,3.34197882871259,0.0414893835608439,0.0580201556381349,4.28568762111548,4.60311916704499,0.00227996551699837,0.00205969964008619,8.44802796682644e-07,0.000910917888772861,0.0042379209916961,1.2349326701227e-05,1.16113687506212e-05,1.59613020470986e-11,5.89937812445919e-06,2.03553396812556e-05,-1575.64626295678,0.0817152014422355,0.0639105794480639,1,0.478333388045124
"sinusoidal",800,"stan",38,2428.632,10564.6310723454,11105.9671301592,193.84767157583,157.35955453039,10924.1585049042,5402.72213053143,11094.1800347993,5865.2017822263,4.35003371130141,4.57293123460416,0.0798176387265875,0.0647934946629997,4.49807072660831,4.56807784579934,0.00210627840800132,0.00198779249297357,5.07750862987943e-07,0.000950338614644539,0.00352856559333461,1.19535437492258e-05,1.13791937827683e-05,1.35893655920713e-11,5.83826670214208e-06,1.89320977552592e-05,-1564.33175814621,0.08601160071242,0.0705840364169528,1,0.473932228892132
"sinusoidal",800,"stan",39,2227.835,9680.46721963566,10396.9121740437,158.18628728369,118.040280987468,9899.61340713841,5350.81433989281,10476.4559546429,4362.56031461273,4.3452352708507,4.66682324949726,0.0710044896878314,0.052984301345238,4.4436026039354,4.70252777007406,0.00180197007447147,0.00170815438063876,3.3162852616782e-07,0.000824895866114518,0.00297001258125905,1.16568014232025e-05,1.10600491612799e-05,1.33687052627109e-11,5.61062885627525e-06,1.86533353943368e-05,-1575.86756004656,0.0755852084192833,0.0551392350170702,1,0.457395435018539
"sinusoidal",800,"stan",3,2136.364,9880.27707519589,10373.7485443004,118.294248060046,191.850154420713,10035.7328265966,3736.85136131029,10021.0781820992,6746.69624772298,4.62480975863471,4.85579636443059,0.0553717662626998,0.0898021846561319,4.69757626818115,4.69071664852018,0.00206003145086312,0.00192954236734615,5.60267873467422e-07,0.000890445043616723,0.00354063801315735,1.15748544251194e-05,1.10017098726121e-05,1.25099227588345e-11,5.78626997777412e-06,1.86668187496066e-05,-1567.30267260753,0.102389365679896,0.0766648043181562,0.96125,0.470539120177563
"sinusoidal",800,"stan",40,2672.941,12033.029762651,12374.7862105342,164.424724617527,170.826908694322,12376.3152705758,3359.67746852181,12466.150912127,8175.56814118888,4.50179400243064,4.6296518368846,0.0615145357183442,0.0639097191798556,4.63022388843443,4.66383317556466,0.00221435601786635,0.00211690815963577,5.80239200509714e-07,0.000924941333600118,0.00377810052379509,1.24001724407511e-05,1.1757056086574e-05,1.41169630707987e-11,6.04680771527388e-06,1.98860111236977e-05,-1566.74628665629,0.0801666608229982,0.0574119953678499,0.97875,0.476851978178738
"sinusoidal",800,"stan",41,2233.708,10785.2154939948,10843.524161942,135.948536088088,177.264329278478,10201.3921103458,5402.09189621681,10281.8256281167,6320.67516605813,4.8283909508292,4.85449493037676,0.0608622685185745,0.0793587744138795,4.56702134314145,4.60303031019127,0.0020981935078955,0.00197259800826159,5.5303689799129e-07,0.000868511285052879,0.00361180495119955,1.27258058409754e-05,1.19556723273311e-05,1.79155970248867e-11,6.0071539330886e-06,2.12332883084629e-05,-1572.53675178359,0.12267168266978,0.0967392165080584,0.97375,0.478084437096284
"sinusoidal",800,"stan",42,1651.325,10292.0136026349,8076.21600222538,140.505229124547,131.729944030383,10598.0406426241,4691.73038758237,10438.7489755842,7509.27839494445,6.23257905175232,4.89074894537742,0.0850863573945447,0.0797722701650993,6.41790116580569,6.32143822420431,0.00223210872636974,0.00209172543841034,6.24126952041568e-07,0.00102371751849189,0.00385444325720287,1.24832413805777e-05,1.17282480727258e-05,1.71566680806424e-11,5.64425645271754e-06,2.06456147824867e-05,-1598.88914467828,0.0989367558798896,0.0729574340860968,0.9675,0.475610144699071
"sinusoidal",800,"stan",43,2343.859,9821.21421166937,8318.61505674269,153.620699684177,210.701384611113,10269.8698007033,5079.16765223416,10567.3472537819,6238.21250538784,4.19018985854924,3.54911070023525,0.0655417837353598,0.089895076713707,4.38160734101468,4.50852515180387,0.00204209894573789,0.00192696899901367,4.83334463380956e-07,0.000905151621162703,0.00337229349712659,1.21335907279443e-05,1.14612777028412e-05,1.41101591331666e-11,6.15626973915319e-06,1.97199198967039e-05,-1559.073209251,0.0926318220123455,0.0758196393188958,0.9925,0.46952175535561
"sinusoidal",800,"stan",44,2564.593,10585.4477095001,11480.8368831111,150.775687167299,173.450890828354,11213.8170883161,3417.47297330683,11720.8750434203,7689.81734733204,4.12753513306014,4.47667013171724,0.0587912729884622,0.0676329112761184,4.37255232635983,4.57026711194341,0.00208913997530429,0.00195920591421908,5.60412021972913e-07,0.000932419611881859,0.00366726102507371,1.19722576374961e-05,1.12079418914863e-05,1.49583463511317e-11,5.48427896459315e-06,2.00912127879094e-05,-1567.98705399535,0.115612212727639,0.0909342990965978,0.98375,0.475519281544833
"sinusoidal",800,"stan",45,2091.038,9163.69158608478,10428.5197881555,143.171335144538,172.050463054554,9726.88351995347,5490.05861252219,9927.1187280332,6852.06368865517,4.38236492406392,4.98724546763642,0.0684690259787427,0.0822799313329331,4.65170098293454,4.74745974393253,0.00209605400385147,0.0019981566390134,5.34030362934307e-07,0.000864212045130172,0.00347329368786905,1.24672722191071e-05,1.16060721226453e-05,1.89688326296615e-11,5.77186299128145e-06,2.1069195284134e-05,-1578.37830314409,0.087358387878135,0.0733251054424481,1,0.474024138281019
"sinusoidal",800,"stan",46,2363.866,10866.7374396797,10793.1484272875,176.038930085242,192.291903202947,10707.2713391077,4869.85645574641,11105.0749738226,8458.10931591731,4.59701922176623,4.56588843330694,0.0744707737601208,0.0813463636276112,4.5295593485873,4.69784453679801,0.00180671886609993,0.00168811482501596,3.44490048293322e-07,0.000875463241650574,0.00297225753980855,1.16453182870528e-05,1.10339264229881e-05,1.18874615038607e-11,5.85615488987804e-06,1.83897617991984e-05,-1588.51075923233,0.0743029095955162,0.0591210541038049,1,0.460592013057705
"sinusoidal",800,"stan",47,2348.48,9292.30718356017,10206.4969359075,126.15416325994,214.131546596463,10478.9287906227,5627.1822227221,10495.0019963952,5522.30406131518,3.95673251786695,4.34600121606636,0.0537173675142815,0.0911787822746897,4.46200469692003,4.46884878576578,0.0020049623558922,0.00187125013485806,4.87101890190479e-07,0.000885015116831654,0.00347738271786054,1.17638727065596e-05,1.11920685543436e-05,1.24307257965062e-11,5.99320468485765e-06,1.90562953195641e-05,-1605.88684946134,0.0981204960728174,0.0770296424383425,0.9925,0.465758717818274
"sinusoidal",800,"stan",48,2347.26,10446.495377549,11104.1214162792,149.063251238684,167.67565720484,10297.9414430885,6438.62048229067,11177.1213838985,8659.45664109656,4.45050628287831,4.7306738138422,0.063505215118344,0.0714346332340003,4.38721805129747,4.76177389121719,0.00184344958062076,0.00174261948377646,4.34705612586589e-07,0.000823331983061635,0.00308516262044805,1.12416891275854e-05,1.06996446639763e-05,1.13158667682102e-11,5.39739210896658e-06,1.77781202901757e-05,-1550.86129188976,0.0616611905985552,0.048808458271625,1,0.459309246687048
"sinusoidal",800,"stan",49,2540.103,10653.9077901559,10870.9925525787,149.381236499015,186.616138242204,11429.813896812,4558.2702244241,11576.1057903916,9200.97571853674,4.19428180280716,4.27974477908127,0.0588091256531783,0.0734679413560016,4.4997442610839,4.55733715931662,0.00219204940831758,0.00209383510976149,5.13427794763429e-07,0.000947165245391974,0.00361710966393306,1.18315224021503e-05,1.12537838618078e-05,1.38148466734053e-11,5.76461770777279e-06,1.93500580902467e-05,-1604.04958305548,0.0940101690340478,0.0728004315308614,0.98,0.475997220560484
"sinusoidal",800,"stan",4,2034.884,9000.31031249369,9090.43865094551,151.216311534639,138.792282588143,9968.83006454867,4778.7693265873,9159.68380830625,5463.85540893029,4.42300903269852,4.46730066723485,0.0743120057628047,0.0682064838035698,4.89896724557698,4.50132971132814,0.00226842331321434,0.00212198627325984,6.81664731116618e-07,0.00094478409214588,0.003891483748785,1.26522563913543e-05,1.17591949262994e-05,1.9090888644428e-11,5.83842313821961e-06,2.14379263607614e-05,-1594.27890888083,0.0933688880600021,0.0744718197391454,0.98625,0.47259845006531
"sinusoidal",800,"stan",50,2236.947,9635.39194300359,10302.7029405727,166.789447849022,171.393827578604,10141.7714575636,5300.19552251723,9990.85339012277,8091.0211581422,4.30738499526524,4.60569827562865,0.07456119785092,0.0766195299122436,4.53375580984421,4.46628971992755,0.00192161248362059,0.00177759336294827,4.83824636311727e-07,0.000879100076959709,0.00335066257155879,1.12222663599107e-05,1.05400450686418e-05,1.18411729189763e-11,5.75511474751446e-06,1.80966547428826e-05,-1566.57325674034,0.0616983375930368,0.0537490302869476,1,0.463608026473828
"sinusoidal",800,"stan",51,2056.248,11192.3150614939,10779.505533334,133.6484775747,116.02267474912,10155.6196966813,3758.06522551421,10581.5871549907,6157.75681749204,5.4430764487036,5.2423178202892,0.0649962833153878,0.0564244559747267,4.93890799975553,5.14606562777968,0.00216401611606668,0.00202211322409567,6.01611435090589e-07,0.00087589361870173,0.00375743427549623,1.29003776714921e-05,1.20130122025371e-05,1.92006880674193e-11,6.06509532054825e-06,2.20220186552738e-05,-1555.58990125446,0.0942050832611495,0.0729522269923503,0.99125,0.479693406366084
"sinusoidal",800,"stan",52,2097.096,9819.74750623561,10517.9756966557,142.394073501095,142.072994027219,10461.9367656063,3098.3153761608,10712.9150723763,6651.40081862277,4.68254553260109,5.01549556942346,0.0679005984948208,0.0677474917825504,4.98877341123452,5.1084523895789,0.00201703384471049,0.00189558428022608,4.91365819400942e-07,0.000890965484840392,0.00354452952018101,1.25922880392111e-05,1.17445276406078e-05,1.98100675381701e-11,5.52210740341535e-06,2.10900855294052e-05,-1570.78314708658,0.12143572619512,0.0967232325429579,0.975,0.473718760635114
"sinusoidal",800,"stan",53,2094.763,9622.33524575273,10028.3387139196,120.805615069122,171.422950346162,10468.4246557758,3376.58759919748,10748.1088875445,6183.93325353302,4.59351976607985,4.78733809692054,0.0576703021149039,0.0818340549007988,4.99742675222723,5.130942683036,0.00223476559372214,0.00210338369644088,6.56548420396954e-07,0.000778313726624068,0.00382376082072804,1.28073091353938e-05,1.19256378480335e-05,1.73019380357946e-11,6.34778958132802e-06,2.11419499778834e-05,-1611.95264386829,0.0930576273433139,0.0749393782842124,1,0.476088296269167
"sinusoidal",800,"stan",54,1528.657,8871.13127257165,9496.7449507116,98.1119953926536,210.882692989383,10010.7001536151,3291.4646410812,9989.21783683496,6539.47263151125,5.80321895138782,6.21247601699505,0.0641818245640805,0.137952917488608,6.54868957105162,6.53463650566148,0.00235821972850337,0.00216290332847021,7.80948929141375e-07,0.000967004487341687,0.00427290275410335,1.22266355198406e-05,1.15885718896747e-05,1.45193670426572e-11,6.02747667525699e-06,1.97814025356845e-05,-1585.22627915959,0.0900485853042604,0.0738649909979408,1,0.484597830170713
"sinusoidal",800,"stan",55,2320.337,13049.6308091079,12014.8345025484,149.680990938154,111.13263083927,12299.2880518312,4799.14292702999,12490.2338740534,8470.31481673838,5.62402392803626,5.17805581799041,0.0645082981214168,0.0478950388841233,5.30064729900495,5.38293957905828,0.00190871283850676,0.00176919851767489,4.30419464383412e-07,0.000877014070846886,0.00328631821593688,1.16468019516561e-05,1.09712378227139e-05,1.43688181950968e-11,5.40916017508143e-06,1.89830827110115e-05,-1591.97502917204,0.0751111120281325,0.05806094952141,1,0.467038784674156
"sinusoidal",800,"stan",56,2373.222,12771.9015570852,13333.9100491572,167.980952406248,240.177958050771,12309.5048215475,5966.69782374251,12919.9152306621,7678.45300495631,5.38167165022288,5.61848409005025,0.0707818115651413,0.101203325289742,5.18683242509447,5.44403988782426,0.00178576056673776,0.00169610037332587,3.32894802515797e-07,0.000826487620609682,0.00292064512281526,1.14591186321863e-05,1.09750713283632e-05,1.15578908205604e-11,5.72921833009476e-06,1.81766679330467e-05,-1593.27170786829,0.0912394626725653,0.0758547598281428,0.99625,0.453744029523778
"sinusoidal",800,"stan",57,2404.651,12985.6114001759,12286.3870152149,138.616155962682,156.918206933212,12023.1277897574,4516.8307009452,12561.4049732801,8942.32823888648,5.40020626701169,5.10942628065983,0.0576450204053236,0.0652561252893713,4.99994709825144,5.22379545858427,0.00176857670940412,0.00167886686983897,3.18929703001233e-07,0.000781735372737874,0.00287324686641865,1.1600027495375e-05,1.08831295050797e-05,1.42614021516131e-11,5.69643864064615e-06,1.89664531973703e-05,-1580.69753992694,0.0947493255520026,0.0783522397755066,1,0.453841411428028
"sinusoidal",800,"stan",58,2416.475,11219.1082172747,12555.9187445096,168.160342102977,185.304905965113,12067.5734039175,5938.1807940751,12183.4036656976,4922.87598782689,4.64275782587228,5.19596467768531,0.0695891089719436,0.0766839739559122,4.99387471582261,5.04180828094542,0.00183864711139783,0.00173555346867694,3.86258850146395e-07,0.000807259974515513,0.00312416507899097,1.21755531651444e-05,1.15359761360041e-05,1.57704025236299e-11,5.49774665562299e-06,2.0077621451188e-05,-1554.85279872384,0.10431331825968,0.0779497587697699,1,0.465085773214868
"sinusoidal",800,"stan",59,2408.165,11854.018795803,11440.8164972356,135.389254522847,168.344639336741,12017.0966481736,4698.93716776407,12377.8286829429,9211.68459395122,4.92242798803364,4.75084410629488,0.0562209211257729,0.0699057744534703,4.99014670845793,5.13994210651797,0.00190359107186661,0.00179378902017294,4.20656081581872e-07,0.000855245714177621,0.00326021815905629,1.13464493543594e-05,1.08011529571951e-05,1.23194854802916e-11,5.3205168648874e-06,1.82492785552271e-05,-1576.0347520412,0.0748145065208485,0.0579348266814292,1,0.465233374745604
"sinusoidal",800,"stan",5,2628.766,11912.6702719122,11782.6574986164,131.16375247686,195.607516705802,11347.4683176719,2069.95337344942,11795.8317557462,8731.04582318181,4.53165868392706,4.48220096372838,0.0498955603035266,0.0744103951077433,4.31665211649568,4.48721253841011,0.00236482961979851,0.00217251137571811,8.51881069673419e-07,0.000879475606501608,0.00424868906962102,1.22581417154463e-05,1.16580819572343e-05,1.49479065085125e-11,5.82727161343985e-06,2.00133998507978e-05,-1557.46863816416,0.0874867445895515,0.0666248612484776,0.98375,0.481116522700561
"sinusoidal",800,"stan",60,2282.871,12174.2339823858,12013.1992322769,152.159299174104,171.032665760002,11557.3423903655,4396.84134708829,11982.1265956701,7017.79460008854,5.3328611132148,5.26232066212981,0.0666526050635819,0.0749199870513936,5.06263489718231,5.24870945211978,0.00180498945598368,0.00168472369679883,4.63792223474543e-07,0.000810072018636078,0.00307250512913664,1.13610385077885e-05,1.07329231513299e-05,1.32975866832103e-11,5.67722697859773e-06,1.81715174074334e-05,-1555.36115863439,0.0835773483250829,0.0668214106199153,1,0.46046552656341
"sinusoidal",800,"stan",61,1820.696,8727.89030506556,9060.35102286985,114.409141890936,121.68794213116,10037.2297856305,2648.5780235426,9741.61357944276,6618.9469553343,4.79371092431991,4.97631181859566,0.0628381354662919,0.0668359474240398,5.51285320867981,5.35048881276323,0.00216998745685575,0.00197923375722569,7.19015084042889e-07,0.000927756225225911,0.00391203087288423,1.23621198619036e-05,1.1639188201798e-05,1.62940131231262e-11,5.82005147734238e-06,2.01463482783567e-05,-1606.47681175459,0.114015385782013,0.0885256343381538,0.96625,0.472882976445878
"sinusoidal",800,"stan",62,1921.047,7329.35337703904,7678.44799858704,110.41212627411,174.955085602534,9747.74064191043,2811.56281906709,9625.5395206014,6865.52439070741,3.81529102465428,3.9970120452998,0.0574749739460357,0.0910727772941182,5.07418123653946,5.01056950746203,0.00202304727944038,0.00191272701656402,4.4870844181591e-07,0.000888103625164133,0.00337297560975262,1.20104651056933e-05,1.13078007228178e-05,1.41886593908385e-11,6.06151073925807e-06,1.93178788550944e-05,-1590.05029803785,0.0892718839335191,0.0744069665142751,1,0.466492354413789
"sinusoidal",800,"stan",63,2357.303,10370.4374603476,10639.0342355213,159.599747701536,174.604722946965,10313.1015080838,2097.37557917274,9983.19563048438,6241.81449890771,4.39928064417159,4.51322305003698,0.0677043840785576,0.0740696986967583,4.37495795325583,4.23500739212752,0.00268727437646837,0.00252750415604059,8.74971005376027e-07,0.00114719185299912,0.00459844868194184,1.26024777192473e-05,1.18057928517675e-05,1.62784097656802e-11,6.23473581516082e-06,2.0900705060579e-05,-1574.49292890365,0.120659096019269,0.0971952275803407,0.9875,0.49846999030679
"sinusoidal",800,"stan",64,2682.892,11708.3197165356,12664.801240794,107.42021179374,203.539507633925,12160.9458798196,4640.30909177024,12483.9385681099,9197.38029021598,4.36406672968409,4.72057810780085,0.0400389623561962,0.0758657104475041,4.53277503523051,4.65316478192558,0.00201289029447884,0.00185127653466006,5.65476222231499e-07,0.000846767536007114,0.0036193649323533,1.21635817645327e-05,1.1598908518228e-05,1.30912562802595e-11,6.44359607070858e-06,1.94083943327593e-05,-1583.67701149632,0.0867747859301756,0.0656193810933387,0.99625,0.469095026016499
"sinusoidal",800,"stan",65,2232.134,4922.93387025839,6955.67839096436,123.477750089042,154.543064965546,10153.6237624989,2870.53537665324,10472.0064229344,5410.06085778663,2.2054831252328,3.11615628406017,0.055318251542713,0.0692355678312976,4.54884149540257,4.69147749325729,0.00186756754312215,0.00178362171020943,4.06665680375734e-07,0.000756465081092709,0.00310580421111051,1.18554199649283e-05,1.13362714515426e-05,1.39726417200675e-11,5.61172459112582e-06,1.93279880709697e-05,-1565.92186483275,0.0835281141396357,0.0604524137401606,0.9975,0.463464467400141
"sinusoidal",800,"stan",66,2296.081,8018.30644056334,9084.63971919017,143.720111732399,156.29048332598,10175.61246641,5783.57746627163,10622.3490344503,6184.47504110337,3.4921705464935,3.95658503301502,0.0625936592534841,0.0680683666325275,4.43173061682492,4.62629542879815,0.00190471711323092,0.00178932653721495,4.32728694820377e-07,0.000831451677175697,0.0031960346805932,1.23848354207137e-05,1.16702683180204e-05,1.58057469361969e-11,6.01603951851786e-06,2.04693864645773e-05,-1586.31451738543,0.0854730251441717,0.0685258840541791,1,0.464287238296173
"sinusoidal",800,"stan",67,2545.501,11877.0788265994,12370.0737542064,134.354314602237,148.642367664709,11697.7174013025,4771.48208071266,12162.4886150855,9502.57641302686,4.66591010044756,4.85958314461728,0.052781088910292,0.0583941501750377,4.59544796930055,4.77803332824678,0.00181247213096864,0.00171621567761391,3.89026993327343e-07,0.000786265930303526,0.00298303821399849,1.10831316835291e-05,1.03858291417202e-05,1.18463462883424e-11,5.84339955206717e-06,1.80884721748354e-05,-1573.07438310028,0.0818776323520657,0.0662938686891079,1,0.459144889872768
"sinusoidal",800,"stan",68,2531.78,8994.66876579171,9220.49586972855,52.2420113506247,169.852944416676,11129.6222048822,1315.47537420778,11476.2064173194,5641.56621876914,3.55270551382494,3.6419024835209,0.0206344987916109,0.0670883506531671,4.39596734506245,4.53286083993055,0.00258242103717661,0.00234625392126442,1.07956805619553e-06,0.000953544686613244,0.00464720002662138,1.24903140112724e-05,1.1596780150958e-05,1.91107773439824e-11,5.97521348854543e-06,2.13931834238909e-05,-1554.35614458431,0.1034035199106,0.0778429172823657,0.975,0.493932667358811
"sinusoidal",800,"stan",69,2046.774,9389.59397660962,10001.3644350377,138.368957551533,188.964455830243,9612.38101339213,5647.6711696185,9917.44971738187,6241.95045769693,4.58750891725692,4.88640388974928,0.0676034371901991,0.0923230683164055,4.69635680998104,4.84540536345579,0.00196299389147381,0.00184062216341542,4.64352455419629e-07,0.000856296889852912,0.00328795068847642,1.19579167652399e-05,1.1309813261233e-05,1.33207472786262e-11,5.87271000088742e-06,1.90923135027713e-05,-1596.06850116714,0.0923134440426584,0.0746393224455984,1,0.464792102608083
"sinusoidal",800,"stan",6,2726.304,12108.5591207744,11781.3924395356,113.828383692391,232.241432318561,12066.1742601844,5529.32928441936,12318.2312252728,7861.23851986595,4.44138259004659,4.32137884826327,0.0417519042969497,0.0851854497218801,4.42583595233123,4.51828967909404,0.00200747622350037,0.00187482621255516,5.35887748073069e-07,0.000865802323339875,0.00351368898398877,1.21909473617318e-05,1.13841292850843e-05,1.51260504016746e-11,6.00461131793573e-06,2.03163165540544e-05,-1553.29116723266,0.128671964893646,0.102421535572966,0.96625,0.477746595766885
"sinusoidal",800,"stan",70,2219.815,8557.2149332477,9519.4516404036,159.354055146711,194.42689724185,10161.7272455692,4676.91308427804,10490.9674422538,6752.88299806998,3.85492256482982,4.28839864601492,0.0717870881792901,0.0875869823574711,4.577736093129,4.72605484792822,0.00186672610596603,0.00177190709409081,3.73695172613903e-07,0.000801925614523747,0.00306231165989876,1.16918494176731e-05,1.11512270388541e-05,1.17070311873585e-11,5.90374576939414e-06,1.84718955759719e-05,-1573.50939709574,0.073543796558605,0.0570754040016745,1,0.460376688803675
"sinusoidal",800,"stan",71,1884.451,8776.2060229107,8627.95351473243,147.241121761754,151.419869411552,10072.605683461,4121.63583919526,9686.66717630105,7077.83798646081,4.65716859865855,4.57849714040452,0.0781347574236497,0.0803522455142383,5.34511413852681,5.14031257713841,0.00221867693506872,0.00210106059252932,5.36069643573564e-07,0.00102260701289541,0.00372778883578674,1.30628557592269e-05,1.23117882539966e-05,1.80178764205199e-11,6.5531256513282e-06,2.20037554516753e-05,-1543.25530937073,0.0864553396194226,0.0679269426416028,0.9975,0.476054710782842
"sinusoidal",800,"stan",72,2463.647,10367.1571497631,11299.0029555464,142.151549354651,180.079119213371,11123.5505102057,6148.24580383727,11426.315697283,8819.84838241459,4.20805300019164,4.58629136217422,0.0576996417728071,0.0730945298629921,4.51507480990812,4.63796789770733,0.00199041783622609,0.00189808980339442,4.49048416806798e-07,0.00089790198163777,0.00333708759511517,1.19412621965738e-05,1.13172496054895e-05,1.27487407042384e-11,6.07433322099352e-06,1.89976677573216e-05,-1590.63567688704,0.114010154495985,0.0845115365256356,0.9475,0.460523622488999
"sinusoidal",800,"stan",73,2550.879,10294.7771198189,9919.48512470515,154.403531011743,154.211463187732,11584.9467520699,4572.36563519093,11678.6549928118,6797.8052999275,4.0357763421232,3.88865372473769,0.0605295394300329,0.0604542446692813,4.54155087405946,4.57828654076175,0.00213356989118928,0.00202661335723928,5.02981623171606e-07,0.00095580048818437,0.0035764200283549,1.28871968673997e-05,1.21662402865183e-05,1.69483213040372e-11,6.07631931167638e-06,2.09392878382536e-05,-1589.01996737984,0.08706233954509,0.0726985906046187,1,0.472773596985697
"sinusoidal",800,"stan",74,2521.5,11721.9710504742,11175.3919497194,65.3866181381517,112.733364570125,11305.5127947375,4776.28780431944,11697.8131096774,6055.60118265119,4.64880866566495,4.43204122534974,0.0259316351926043,0.0447088497204541,4.48364576432183,4.63922788406799,0.00210809510499437,0.00199742402353422,5.12783320159877e-07,0.000924904380798472,0.00356737038395529,1.20200246321084e-05,1.13393091714059e-05,1.50180431020847e-11,5.5550166490954e-06,1.94984266825612e-05,-1549.77891569967,0.105532720599631,0.0845020753081541,1,0.475403381993817
"sinusoidal",800,"stan",75,2299.176,7856.14861218826,9559.5569491702,115.100204687083,134.772628601124,9890.27787219808,2267.42974402034,9923.12892963851,5105.27260201267,3.41694094414184,4.15781869207498,0.0500615023326111,0.0586177955063571,4.30166193114319,4.31595011849398,0.00247981193948991,0.00229450369902631,8.53925743384095e-07,0.00102757507045144,0.00430995629913435,1.2726126767339e-05,1.19847404860818e-05,1.80157715483354e-11,5.90251330480044e-06,2.13734491906895e-05,-1606.1805053842,0.0828849009022654,0.0680829011011242,1,0.483328025086682
"sinusoidal",800,"stan",76,2222.605,9414.78898843202,9823.17746578817,73.0400674387404,211.044739904911,9957.07794691921,3910.2334778642,10126.7888229521,7451.81062465393,4.23592540664311,4.4196685716932,0.0328623698042344,0.0949537771690928,4.47991341102859,4.55627015279464,0.0021710896307288,0.00204395459273023,6.42864538766439e-07,0.000813204305749679,0.00376640317146895,1.21494341100414e-05,1.16069225080152e-05,1.19825652880652e-11,6.45173934653324e-06,1.92623218843663e-05,-1587.34804740997,0.0878783279226755,0.0708271330283587,1,0.470462627333999
"sinusoidal",800,"stan",77,2487.712,10426.5388267082,10767.5977653883,125.426457629721,189.80730959045,10907.7663008466,4179.6279854634,10892.5879244178,7005.4591881258,4.19121619653248,4.32831363332584,0.0504183995694524,0.0762979434880122,4.38465799129748,4.37855665142018,0.00217452705285062,0.00202525404415327,6.74836565273691e-07,0.000901101467924952,0.00384073002910497,1.19910066128619e-05,1.12241266219983e-05,1.53939090193727e-11,5.52811863035578e-06,1.99336969253395e-05,-1557.67225377946,0.0771782247344195,0.0628181516458762,1,0.476538365181219
"sinusoidal",800,"stan",78,2720.735,11908.8346146136,12031.0844312694,124.660234217742,225.9754818395,12354.1977954641,3365.48433734502,12440.3482501388,7637.98986110933,4.37706524693275,4.42199789074255,0.045818587336783,0.0830567776132186,4.5407574774699,4.57242188237326,0.00200422986591461,0.00188540797342829,4.64539774925055e-07,0.000902557291189703,0.00335387608603799,1.20578770673153e-05,1.13556006769611e-05,1.57659643421704e-11,6.14015666864304e-06,1.99401413358298e-05,-1594.95544613549,0.0842400549459152,0.0646927933437429,0.9975,0.464650241144327
"sinusoidal",800,"stan",79,2442.814,10194.8929446367,11580.2294433312,143.914047692224,232.211109363778,11001.8112141841,7441.56152219004,11212.0776813351,8983.29491219684,4.17342169507652,4.74052852297851,0.0589132237215868,0.0950588580889818,4.50374494913822,4.58982046170323,0.00175694294918396,0.00166641142155802,3.24755266276355e-07,0.000810306018386739,0.00288760347344053,1.13511272173925e-05,1.07148695378104e-05,1.24454427802919e-11,5.42440700273615e-06,1.86290817288024e-05,-1584.735833523,0.110739419226222,0.0857413725669419,0.97625,0.458649582141994
"sinusoidal",800,"stan",7,2816.2,9669.22899340592,10952.1114969426,93.1328941766262,220.764094911312,11561.4757824743,7762.84976433009,11863.7914493276,9047.05427784959,3.43343121703214,3.8889679344303,0.0330704119652817,0.0783907729959919,4.10534613396572,4.21269492554776,0.00188122747875404,0.00176248494205814,3.75782267625682e-07,0.000877593590593107,0.00312477254396298,1.14994325409811e-05,1.10177570366618e-05,1.19481099288753e-11,5.83875593731763e-06,1.84139478562634e-05,-1564.43225351771,0.0873912529243877,0.0691165024129989,0.9975,0.469478778941435
"sinusoidal",800,"stan",80,2170.482,9978.25443642981,10497.1628045986,136.121399146994,183.193127701243,9768.03700005203,2606.44921273378,10035.3278929799,6911.58965940773,4.59725279289569,4.83632796982355,0.0627148251618739,0.0844020488081649,4.50039991119577,4.62354808424116,0.00234727154375568,0.00221793698086876,6.80970398954028e-07,0.000915170396024801,0.00393892967815392,1.20159575494208e-05,1.14747948563551e-05,1.33151946311924e-11,5.86389629207077e-06,1.90527545679027e-05,-1561.81839325576,0.100633725460653,0.078032827648533,0.97375,0.483332521149849
"sinusoidal",800,"stan",81,2677.119,13858.6651345193,13748.5110289308,123.125549042383,197.738080251163,12111.6716529015,3133.92388921288,12398.7092206058,7569.16152787801,5.17670866872906,5.1355621580254,0.045991810241675,0.0738622677031402,4.52414392221693,4.6313627524984,0.00201312249316418,0.00187293896768114,5.53417341372822e-07,0.000832882536852819,0.00355666127718591,1.1985589023083e-05,1.13934673172527e-05,1.3511911563911e-11,5.57387756371775e-06,1.91446553988559e-05,-1579.55767753322,0.116531791326098,0.0862565170135541,0.955,0.474032896025626
"sinusoidal",800,"stan",82,2563.064,7699.70566605209,7336.8658220458,138.025457330586,173.330603512173,11060.401740938,2846.49051052968,11430.957335157,4943.50641749512,3.00410199123084,2.86253711262996,0.0538517404678877,0.0676263267371289,4.31530454992073,4.45987979042155,0.00223668778868397,0.00207109302196848,7.5950215093029e-07,0.000853442299312909,0.00403156074913406,1.18905691472118e-05,1.1265577139944e-05,1.36071730979594e-11,5.66995329226455e-06,1.96100635696972e-05,-1580.42640887765,0.11708350130229,0.0904323470095624,0.97375,0.474442933792778
"sinusoidal",800,"stan",83,1831.691,8563.14921445104,10027.2595434239,201.77813706916,172.939011679089,10198.6698166817,5727.04461042491,10439.3515981223,7415.80530005845,4.67499660939047,5.47431829027051,0.110159484907203,0.0944149486343978,5.56789863392988,5.69929731495229,0.00178397456884846,0.00168430083316841,3.04263694587198e-07,0.000855270941939957,0.00289637380071174,1.11685811628746e-05,1.04972140237395e-05,1.2671167830943e-11,5.33191697886346e-06,1.80388502828203e-05,-1580.33796136313,0.0770408722673283,0.0560511115285992,1,0.456670309616135
"sinusoidal",800,"stan",84,2624.363,13058.3010717096,12578.7786469636,156.388905990506,146.000961249032,11858.8909714386,3774.76004528944,12238.2148551591,8790.59372348663,4.97579834485917,4.79307879548811,0.0595911868863057,0.0556329140629678,4.51876930570909,4.66330871726172,0.00210659030612303,0.00196988419519728,5.95654694931341e-07,0.000873882812718873,0.00353922428780888,1.20517203448843e-05,1.14650898247207e-05,1.46807088332877e-11,5.99115361297451e-06,1.98660527855494e-05,-1596.29194096125,0.116684153517396,0.0904895228964702,0.9625,0.473348515970091
"sinusoidal",800,"stan",85,2231.164,9528.3526224652,10012.9940094624,121.21160314255,152.769444958895,10082.3483697092,3394.40650712311,10468.2857114105,7991.29928966954,4.27057474146463,4.48778933752178,0.0543266219527341,0.0684707376772372,4.51887372228542,4.6918495060921,0.0018999553545365,0.00179085001429198,4.34537671148997e-07,0.000826940116708107,0.00315034155270324,1.12608801680065e-05,1.07006379760338e-05,1.18142861058483e-11,5.68799322838377e-06,1.80282192894743e-05,-1587.904664366,0.074746572675228,0.0565704720520641,1,0.45703747433235
"sinusoidal",800,"stan",86,2687.163,12146.7711727158,12480.6391325981,136.015547407854,191.656352894059,12435.4230052661,5419.16135796899,12679.4878488445,8923.85802003743,4.52029563250008,4.64454115087103,0.0506167833539886,0.0713229353388905,4.6277144353603,4.71854065006272,0.00174181202671263,0.00164554931761017,3.695002790593e-07,0.000761070311781823,0.00298027433396235,1.11946166642787e-05,1.05301132033471e-05,1.27292127540214e-11,5.65629054775818e-06,1.86420576068735e-05,-1590.37223570415,0.0767321414908443,0.0527326334999316,0.99125,0.454962201593572
"sinusoidal",800,"stan",87,2263.987,9746.59481298352,10276.8492498894,132.743848093348,194.318462286137,10461.5824737087,3709.56243780768,10412.569072022,7713.25840487559,4.30505776445868,4.53927043304109,0.0586327784096586,0.0858302023316109,4.62086684848838,4.59921769516433,0.00205529713386179,0.00193619747707645,5.23202029582881e-07,0.000928352403710111,0.00356639161515011,1.17392193662807e-05,1.11499549657986e-05,1.30069271891578e-11,5.72128613185665e-06,1.86029977125739e-05,-1561.94173934051,0.0907250639069977,0.0698610718939027,0.9725,0.470057446005846
"sinusoidal",800,"stan",88,2471.536,10777.4078954656,10801.2466255714,142.797437683847,162.240087060552,10942.2489151121,5743.00318692993,11164.9926836576,7935.007186185,4.36061133459743,4.37025664427765,0.0577767985915831,0.065643424599339,4.42730711392108,4.51743073281459,0.00218322439110618,0.00209377071606677,5.18450997710361e-07,0.000927920173778943,0.00355196870628263,1.27487175091702e-05,1.20479463266848e-05,1.75804738243424e-11,6.02226836054054e-06,2.08642309014056e-05,-1596.58146939193,0.0975612333655927,0.0809078399654939,0.98,0.477224063906767
"sinusoidal",800,"stan",89,2624.382,10775.9592878055,11167.2923839549,101.489553183425,166.140252403721,12141.1715402655,6380.43144322107,12270.7912346548,6938.50280393146,4.10609403958933,4.25520842009847,0.0386717913716163,0.0633064288673376,4.62629736839588,4.67568792754059,0.00183160219487524,0.00172563121217628,3.55951562427204e-07,0.000844534877057166,0.0030066219713778,1.20753145558636e-05,1.14543968547774e-05,1.48949859201584e-11,5.94691511393794e-06,1.91448424892085e-05,-1613.01265548424,0.123717476948588,0.0884328456527188,0.9425,0.453436920095175
"sinusoidal",800,"stan",8,2518.973,11002.3194295294,10856.0924131185,141.599981840646,179.627026332282,10903.6553480374,2459.91834575646,11369.1161511368,6869.28750950349,4.36777981722288,4.30972956562792,0.0562133781666757,0.0713096275078305,4.32861144126493,4.51339341514847,0.00227327978807563,0.00212759133478179,6.14233218121889e-07,0.000985083510993747,0.00382502640872042,1.24048143091553e-05,1.16545663458069e-05,1.66041612197679e-11,6.03738367222877e-06,2.07100898110405e-05,-1549.46545270447,0.106260046160874,0.0880468148233987,0.985,0.483827499226905
"sinusoidal",800,"stan",90,2660.707,12439.9777426042,13216.0017129482,158.665638875491,140.878137091375,12591.4382148773,5860.67990612611,12848.8581787881,9664.39433399034,4.67544067896397,4.96710149330544,0.0596328866258069,0.0529476327500077,4.73236557609587,4.8291142838306,0.00172735184034723,0.0015939773710427,4.19999501866868e-07,0.000772534985781594,0.0029875586622347,1.09949938287149e-05,1.02038770056365e-05,1.47855090617419e-11,4.9693745229045e-06,1.8373245310594e-05,-1579.0096926888,0.0625480813341573,0.0492179536252001,1,0.452774508714049
"sinusoidal",800,"stan",91,2534.356,11358.5743978651,11482.691521515,157.314473109382,128.886775009611,11623.1999071152,5770.41087911189,12034.1890050247,8946.39764596323,4.48183854117776,4.530812372656,0.0620727605393175,0.0508558288613008,4.5862538282369,4.748420902598,0.00186231113027757,0.00171686529207112,4.55254267973452e-07,0.000750193767428906,0.00322595493645613,1.12559968843472e-05,1.05969422535338e-05,1.27098550623623e-11,5.28207463189952e-06,1.83648232519718e-05,-1561.39917730626,0.0943662201701203,0.0755884757912929,1,0.456426143127514
"sinusoidal",800,"stan",92,2624.714,12741.4152488424,13889.6711169264,145.321811088467,180.250430165115,11694.4616915275,2804.28179457925,12114.7324875934,8834.46216582996,4.85440137433731,5.2918798455475,0.0553667222746809,0.0686743127689778,4.4555184646889,4.61563907061622,0.00221498668836543,0.00206952802853711,6.89427609474223e-07,0.000900157099043846,0.00391772589843893,1.15091314078608e-05,1.08620702089585e-05,1.29308310306638e-11,5.83360021556213e-06,1.88249476355257e-05,-1574.28882248407,0.090202266128628,0.0726540662943047,1,0.471365587381556
"sinusoidal",800,"stan",93,2441.933,10740.3400785497,11107.6586109065,179.323922159758,182.151001315883,10904.3183699141,5712.60780003605,11496.5212468666,8991.56185740619,4.39829433426294,4.54871555071599,0.0734352343654629,0.0745929562014533,4.46544535411662,4.70795932847733,0.00202626569477515,0.00192265372421332,4.42529732902042e-07,0.000950125890508322,0.0033473540265988,1.14381576491956e-05,1.0877975397847e-05,1.1829518636047e-11,5.69670121748219e-06,1.8218089461802e-05,-1555.81652131954,0.0878633768719048,0.0729181980784921,1,0.470915637832834
"sinusoidal",800,"stan",94,2743.702,10837.8350781324,11968.6466921104,101.768554240014,75.1120032875152,11590.0269120929,2349.00630422878,11803.4130631265,6274.98660692166,3.95007733279064,4.36222545018023,0.0370916937189294,0.0273761521067212,4.22422949434483,4.30200257284738,0.00222364479832711,0.00213240088955294,5.73220897608576e-07,0.000926929946507768,0.00369342583969362,1.17061445588523e-05,1.10728341125356e-05,1.26263438407235e-11,6.00952294662254e-06,1.89732386651901e-05,-1624.32301788708,0.0811794244714945,0.0666929868729787,1,0.471794438215363
"sinusoidal",800,"stan",95,2087.473,9469.41714400798,9511.22496860027,124.287863941867,226.975248890516,9905.61818299036,6282.20285619376,10055.8560258337,7121.38375856589,4.53630640684118,4.55633436628894,0.059539866595576,0.108732064505992,4.74526769112241,4.81723884612336,0.00186589490972548,0.00174388786842839,3.93818950286042e-07,0.000877700605917725,0.00309913473176963,1.13589704651525e-05,1.08031042318108e-05,1.15756508385304e-11,5.54465523245319e-06,1.8147478992143e-05,-1554.36611615722,0.0841602469631404,0.0667109732629404,0.98125,0.463739103493543
"sinusoidal",800,"stan",96,2767.094,10888.6764202565,10462.8908538495,125.645158281029,194.529124256986,12282.9900204765,4936.50442318849,12410.7771659977,9041.01811386238,3.93505837541353,3.78118374505873,0.0454068991805228,0.0703008731387463,4.43894931667536,4.48513030854668,0.00199258967262462,0.00187345224776374,4.98807478893541e-07,0.000842098743522171,0.00345008899136356,1.230016857412e-05,1.16032762035361e-05,1.54817934254003e-11,5.97883365771605e-06,2.06902979247089e-05,-1574.98768019477,0.0936336782399655,0.0760488421596243,0.985,0.464826145807906
"sinusoidal",800,"stan",97,2347.449,9815.84830003277,10876.6268325787,141.632602697315,160.202328646139,10321.9313839726,5417.20111499101,10734.8568660793,8654.88641241392,4.18149587063777,4.63338152717213,0.0603346878664093,0.0682452861153273,4.39708440267395,4.57298832310278,0.00197738240083473,0.00183150409711226,5.02918074336927e-07,0.000875669277535831,0.00340082621698438,1.19054146465821e-05,1.1251758837388e-05,1.43445438641581e-11,5.47374461073664e-06,1.93990096540823e-05,-1568.61239155775,0.0878686511011691,0.0724183723103204,0.99,0.470786808407157
"sinusoidal",800,"stan",98,2548.529,12073.1014341295,12287.3394667324,176.450820777601,207.139433678884,11646.1266765896,5464.52866745293,11921.1914562244,8727.95921780058,4.73728234370867,4.82134575150309,0.0692363401701925,0.0812780367336937,4.56974461604697,4.67767541833911,0.00201628086586274,0.00189056489015139,4.87822501741514e-07,0.000891530678783657,0.00345433552290106,1.20153048742984e-05,1.14387322160003e-05,1.32163746641581e-11,6.08155717491754e-06,1.93253826761061e-05,-1590.78566515742,0.101079041466718,0.0822034939029732,0.975,0.4649637221109
"sinusoidal",800,"stan",99,1937.181,9075.46616518052,8917.38371699453,134.002158227396,146.845569785082,9658.60454242387,3278.46690363886,8750.95999977216,6331.73639860979,4.68488291242817,4.60327853566318,0.0691737933767655,0.0758037425439759,4.98590712092668,4.51736827884032,0.00287886702337555,0.00269383223380664,1.18124035060297e-06,0.0011103736922365,0.00505900960129377,1.31183556110474e-05,1.23363636947513e-05,2.01136259637306e-11,5.7200673683395e-06,2.19423774171428e-05,-1591.79611548565,0.114139540883755,0.0921588295597298,0.99,0.506118825790242
"sinusoidal",800,"stan",9,2020.157,7786.65781957346,8307.53000012317,145.402140287791,162.818596009474,9582.09178736979,3270.54592044643,9844.30704341599,4792.34770409703,3.85448151780949,4.11231899308973,0.0719756634201159,0.08059700112886,4.7432411378768,4.87304058220029,0.00192839206663045,0.00180464539016349,4.94630371428825e-07,0.000763980765643663,0.00334739315634499,1.24500746927085e-05,1.17695600196672e-05,1.52971603847126e-11,6.11331326893178e-06,2.03525546655298e-05,-1576.26668092425,0.0913078707875108,0.0704056124658893,0.98125,0.465803600873425
